19510101
23.68
7.04
0.24
0.01
0.02
0
0.01
0
4.86
1.9
3.54
2.72
4.89
0.27
0.08
0.07
0
0.13
0.01
0
0
0.1
2.56
6.73
3.2
7.84
9.03
1.99
0.11
0.04
0.07
0.03
0.32
5.52
12.17
2.71
6.59
5.49
2.45
1.41
7.88
7.91
6.84
1.05
3.18
1.23
0
0.72
2.15
0.59
5.72
1.03
4.08
8.42
1.86
0.16
0.03
0.01
0.03
0
0
1.93
3.63
8.16
1.3
3.5
4.67
9.88
13.95
10.5
10.39
16.73
11.36
3.89
1.05
2.36
0.71
0.02
0.03
0
0
0
0
0
0
0.02
0.02
0.01
0.02
0.03
0
0
0
0
0.01
0
0.04
0
0.8
5.37
1.26
0
0
0
0
0
1.03
0
0.85
3.03
0.24
6.48
10.12
4.91
5.51
3.92
6.21
5.21
9.76
19.87
6.73
1.75
1.16
0.14
4.32
8.13
1.31
0.98
1.37
1
1.49
0.74
0.04
0
0
0
0.48
2.5
0
0.36
0.09
0.04
0.02
0
0.89
2.67
0
3.83
12.01
0.2
0.19
0.05
0.82
7.39
1.47
2.61
1.33
2.98
1.22
0.01
0.02
0
0.07
0
0.23
0.34
0
0.88
0.46
0
0.19
0.24
0.05
0
0.01
0
0.11
0
0
0.03
1.23
1.16
0
0.07
0.3
0.01
0.06
0.87
0
0
0
0
0
0
0
0.04
0
0
0
0
0
0
0
0
0
0
0
0
0
3.83
5.05
0.99
5.16
10.84
0.02
0
0
0
0.02
0
0
0
0
0
0.02
0.02
0.01
0
0.04
0
0
0
0.01
0
0
18.17
0
0.09
0
0
0
0
0.01
0
0
0
0
0.95
0
5.16
4.29
1.02
12.66
8.66
3.17
5.53
1.84
0
0
0.03
0
0
0
0.55
9.16
25.24
2.8
0.03
0.02
0
0.02
0
1.13
9.7
10.11
5.3
0.01
0
0
0
10.22
9.14
2.82
1.61
4.19
1.18
2.81
0.22
0.01
0
0.8
0.29
2.34
0.01
0.1
0
0.02
0.02
0.04
1.59
1.84
3.07
5.55
0.05
0
0.08
0
2.8
9.82
6.57
12.2
16.05
11.32
2.42
4.3
6.09
3.41
0.53
0.3
1.07
8.79
16.42
5.96
0.88
0
0
0.04
0.02
0.02
0.01
0.12
0.01
0.05
0.08
0
0
1.49
3.18
0.01
0.06
0.09
0.13
0.06
0
0.1
0.42
0.02
0.02
0.17
0
0.01
0.03
0.17
4.47
5.38
1.28
1.07
0.47
2.04
2.06
4.9
0.33
0
0.02
0
0.01
0
0.03
0.07
0.07
0
0
0.03
0.01
0
0.02
0.96
0.1
0.02
0
0
0.16
0.09
0.29
0.6
0.48
0.66
6.02
7.76
9.54
19.48
8.57
2.16
0.81
0.07
1.96
0.21
0
0
0
0
0
0.02
0
0
0
1.02
5.67
4.65
1.24
0.15
0.01
0.24
0.32
0.09
0.01
0.02
0
1.3
3.95
0.18
1.02
1.3
0
0.06
0.04
0.08
0.56
0.05
0.02
0
0
0.64
2.45
2.32
8.76
1.08
0.21
3.36
1.61
5.23
1.99
2.7
0.46
0.04
0
0.06
0.13
0.4
0
1.57
6.07
9.48
9.42
8.73
8.61
7.7
3.16
1.1
0.01
0
0.02
0
0
1.65
14.75
12.75
7.46
8.05
4.49
0.25
1.25
0.01
0
0.02
0.48
0.45
4.5
0.7
0
0.02
0
0
0.29
1.51
6.53
6.9
7.99
13.61
4.37
1.27
0.28
0.01
0.15
0
0
0.1
0
0.03
1.34
0.02
0
0.34
5.34
1.78
3.18
0.39
2.46
2.61
0.08
0
1.17
1.14
0.57
1.57
4.37
0
0.05
0.02
0
0.04
0
0.01
0
0.1
1.9
6.95
0.79
0
0
0
0.05
0.72
4.15
0.07
0.03
0.04
0.18
0
0
1.21
4.16
0.21
0.98
0.13
0
0.02
0.49
3.36
2.2
11.04
0
0
0
0
0
0
0
0
0.13
7.55
0
0
0.03
0
1.86
0
0.13
0.86
1.5
2.34
6.07
2.59
4.6
1.9
5.14
7.49
1.77
0.14
0.02
0
0
0.1
0.7
0
0
0
0
0
0.02
0
0
0
0
0
0.02
0
0.01
2.09
0.96
0
0
0.02
1.28
20.82
36.58
5.86
0.2
0
0.02
0
0
0.01
0.07
0
0
0
0.24
0
0
0
2.79
2.02
6.04
6.48
0
0
0
0
0
0
0.01
0
0.01
0
0.14
0.11
0.3
1.08
0.05
0
0.02
0.03
0
0.9
0
0
0
2.07
1.26
0.9
1.55
0.17
0.36
0
0.01
4.38
15.19
1.59
3.95
0.89
0.16
1.59
3.91
0.54
0
0.37
0.3
0
0
0
0.23
0
0
0
0
0.02
0
0.01
0.02
0
0
0
0.26
0.32
0.55
2.25
3.76
1.16
0.32
0.07
0
0.05
1.07
3.93
0.9
0.48
3.77
7.31
22.95
4.14
5
0.71
0
0
0
0.01
0
0.27
0
0.02
3.48
3.1
2.89
0.28
1.12
4.16
1.56
0.14
0.26
0.01
0.22
0.18
0.22
0.27
0.51
8.67
3.1
3.02
0.25
0.5
0.64
4
0.79
0.39
0.93
0.36
0.57
0.55
0.03
0.09
0.16
0.01
0
0
0
0
0.03
0.02
0
0
0
0
0.22
0.66
0.4
0
0
0
0
0
0.28
0
0
0.83
4.55
7.35
4.87
1.07
0
0.5
3.59
0.65
0.14
0.73
1.58
0.23
0.22
0.01
0.01
0
0.15
0.04
0
0
0.01
0
0
0.16
0
0.01
0
0
0
0
0
0
0
0
0
0
0
0
0.15
0.06
0.12
0.2
2.32
2.79
0.79
0.12
0.09
0.02
0.21
0
0.01
0
0.05
0.08
0
0
0.01
7.84
1.53
0.04
0
0.05
0.1
3.48
1.75
0.27
0.02
0.28
0
0
0
0
4.69
22.72
17.21
5.89
2.55
7.88
1.71
2.31
1.89
5.19
0.22
0.01
0
0
0.01
0.02
0.01
0
0
0
0
0
0
0.1
0.02
2.25
4.89
0
0.01
0
0
0
0
0
0
0
0.21
0.9
0.65
0.04
0.02
0
0
0
0
0
0
0.13
0
0.05
2.78
0.07
0.41
0.35
0.04
0
1.41
0
0
0
1.02
2.45
0.02
7.43
0
0.23
0.14
0.01
0.31
0
11.74
12.95
15.35
11.69
0.9
0
0.08
1.67
2.54
3.68
0
0
0
0
0
0
0.02
0
0
0.16
0
0
0
0
0
0
0
0
0
0
0
0
0
0
0
0
0.16
0.71
0
0
0
0
0
0
0
0
0
0.95
0.19
0.4
0
0.01
0.01
0
0
0
0
0
0.02
0
0.07
0.01
0
0
0
0
0
0
0
0
0
1.25
1.7
0
0
0
0
0
0
0.09
0.2
0.05
0
0
0
0
0
0.01
0
0
0
2.97
14.2
2.21
0
0.02
0
3.3
0.96
9.47
2.67
1.41
0.06
4.76
0
0.83
3.6
9.95
9
6.45
2.49
2.84
1.3
1.1
1.02
0.7
0.05
0.02
0.24
0.32
0.39
0.73
0.73
2.14
0
0
0
1.24
4.55
1.25
0
0.96
0
0
0
0
0
0
0.1
0.95
1.25
0.38
0.26
0.16
0
0.92
0.03
0
0
0
0
0
0.38
0.18
1.06
0.38
0.02
0.46
0.47
0.71
3.46
10.07
2.06
4.59
11.7
3.38
0
0.03
0.31
0
1.55
3.79
2.32
0.54
3.95
5.65
2.84
0.51
0
0
0
0
0
0
0.01
0
0
0.01
0
0.1
0.01
0.04
0.3
0.27
0.28
0.94
0.05
0
0.02
0
0.01
0
0.08
0.02
0
0
0.06
0
0.01
0
0
0
0
0.09
0.38
5.13
5.05
4.8
1.77
0
0.23
0.04
2.27
2.07
1.07
0.03
0.41
0.34
2.27
7.9
0.64
3.49
6.18
3.5
0.55
0.04
0.01
0.33
0.02
0.01
0.01
0.01
0
0
0.1
0.8
0.25
0.04
0
0
2.41
5.52
0.42
2.82
12.2
7.65
3.75
2.85
7.22
5.31
2.39
2.27
0.65
2.04
1.04
1.08
0.18
0.17
0.47
3.92
1.39
0.14
0.63
0.69
0.2
0.01
0.51
0.92
1.73
0.02
0
0
0.01
0.37
0.01
0.06
0.11
0
0.38
0.13
0.05
0.12
0.01
0
0
0
0
0
0
0
0
0
0.18
1.53
8.69
2.32
8.87
6.67
1.04
2.96
0
0.02
0.05
0
0
0
0
0.09
4.18
0
1.93
2.19
27.24
7.38
2.27
0.43
0.04
0
0
0
0.08
0.06
0.02
0
0
0.05
0
0
5.27
2.38
7.92
22.13
3.5
0.21
0
0
0
0.79
0.94
0
0
0
0.06
0
0
0
0
0
0
0.41
0.02
0
0
0
0.01
0.21
0
0
0.09
0.02
0.02
0
0
0
0
0
0
0
0.09
0.01
0.07
0
0
0
0
0.01
0
0
0
0
2.03
3.31
0.16
0
0
0
0
0
0
0
0
0
0
0
0
0
0
0
0
0
0
0
0
0
0.09
0
0
0
0
0
0
1.7
0.81
0
0
0
0
0
0.09
0
0
0
0.01
0
0
0.43
0.32
0
0
0.06
0
0
0
0.02
0.02
0.81
1.02
0
0.01
0
0
0
0
0
0
0.01
0.03
0
0
0
0
0
0
0
0
1
0
0
0
0
0
0.01
0
0.01
0
0
0
0
0
0.06
0.01
4.78
0.29
0
0.13
0.6
0.11
0.2
0
0
0.24
0
1.3
3.02
0.63
0.09
0
0.11
0.91
15.19
9.47
2.45
0.88
0
0
0
0
0
0
0
0
0.04
0.91
0.32
1.09
4.41
0
0.2
1.53
3.7
2.48
10.68
11.57
3.14
1.29
0.01
0
0
0.03
0.17
7.47
3.27
1.4
0.27
0
0
0.05
0
0.01
0
0
0
0
0
0
0
0
0
0
0
0
0
0.01
0.01
0.21
5.48
9.08
10.34
8.88
5.89
4.75
3.32
11.23
2.23
1.98
0.25
0.98
0.53
3.84
2.43
10.3
13.86
4.05
0.59
3.18
1.63
0.98
0.04
0.95
0.08
1.09
0.64
4.25
5.75
5.94
8.28
30.23
9.05
0
0.46
0
0
0
0.01
0.02
0.08
1.78
1.48
0.2
10.68
18.82
11.73
5.77
4.38
0.16
0.05
3.15
3.14
2.16
3.55
2.45
0.59
0.02
0
0
0
0
0.04
0.05
0.1
0.2
3.54
2.41
0.47
0.49
0.16
0
0.01
0.02
0
0.05
1.54
6.25
2.67
0.2
0
0
0.03
0.07
0.01
0.02
0.21
0
0.05
0
0.01
0.01
0
0
0
0.37
0.24
0
0
0
0.01
0
0
0.1
0.03
0
0
0.26
1.93
8.43
8.83
4.75
13.43
1.67
0.02
0
0.01
0.77
0.47
1.16
5.25
0.91
0
0.02
1.57
0.34
0
0
0
0
0
0.04
0
0
0
0
0.04
0
0.3
6.33
3.66
3.13
4.22
1.06
1.84
0.13
0.01
0.2
3.09
0.58
1.22
5.05
0.58
0.29
2.75
4.57
0.96
3.41
1.8
0
0
0
0
0
0
4.57
6.52
3.58
0.98
0.04
0.02
4.54
0.13
6.35
0.71
0
0.05
0.01
0
0.01
0
0
0
0
0.01
0
0
0
0
0.11
0
0.01
0
0.02
0.02
0.09
0.01
0.27
0.94
4.58
2.16
3.09
1.79
2.48
0.02
0
1.75
0.01
0
0.13
0
0
0
0.23
1.81
6.5
0.31
0
0
0.06
0.07
0.49
0
0
0.92
0
0.1
0
0.02
0.09
1.3
0
0
0.48
0
0.09
4.27
5.63
0.86
0
0.01
0.06
0
1.04
0.53
0
0.09
0
0.02
1.33
0
0.24
0
0.08
0
0
0
9.65
3.17
2.63
1.64
0.65
0.04
2.24
0
0
0
0
0
0.52
0
0
0.07
6.14
10.36
5.77
2.15
0
0
0
0
0
0
0
0
0
0
0.46
0.48
0
1.3
10.53
2.17
0.05
0
0
0
0
0.82
14.13
19.61
15.94
9.36
3.63
0.79
1.34
5.59
0
0.12
2.98
1.68
0.27
0.71
4.48
5.06
0
0.05
0.05
0
0
0
0.01
0.12
0.45
1.48
7.99
0.57
0.3
0.07
0
0
6.22
11.86
11.95
0.14
0.09
0
0.01
0
0
0.11
0
0
1.42
3.44
22.62
25.34
20.29
15.1
4.57
4.24
4.29
7.98
2.92
0.33
0.08
0.51
0.08
0.01
0
0.01
0.16
1.33
0
0
0
0.09
0
0.01
0
0.08
2.91
5.09
1.07
1.98
10.54
1.39
2.12
5.15
13.73
3.14
5.41
1.84
2.46
0.45
0.15
0.11
0
0.02
0.01
0
0
0.64
9.57
0.52
0.42
0.09
0.09
0
0
0
0
0.01
0.01
0.01
0.01
0.05
0
0
0
0
0
0.2
0.07
1.85
4.07
4.38
8.97
6.79
0.66
0.08
0.05
0.02
0
0
0
0
0
0
0
0
0
0.71
0.08
0.01
0
0.02
0
0.02
0
1.74
7.47
8.13
8.07
7.22
10.63
16.02
3.42
9.09
3.16
6.93
26.19
20.82
8.37
2.28
0.5
0
0
0
0
0.05
0
0.16
0.14
0.79
3
0.17
2.82
6.73
4.68
3.37
0.48
0
0.48
0.75
2.84
3.69
11.88
1.24
1.03
5.82
2.41
6.93
0.65
0
0
0
0
0
0
0
0
0
0
0
0
0
0.02
0.07
0
0
0.35
2.2
1.59
17.02
12.06
17.2
7.43
3.36
22.85
11.84
1.41
0.01
0
0.05
0
0
0
0
0
0
0
0
0
0
1.81
0
0.02
1.04
0
0
0
0
0
0
0
0
0
6.41
0.8
12.53
0.47
0.39
3.54
0
0.47
0
0
0
0
0
0
0
0
0.01
0.02
0
0
0
0.01
0
0.54
0
0
0
8.23
25.64
4.27
0
0
0.01
0
0.02
0.02
0.33
0.77
0
0.07
0.39
0.07
0
0
22
4.42
0
0
0
0
0.05
0.01
0
0
0.04
0.22
0
0
0.04
0
0
0
0.01
0
0.01
0.19
0
0
0
0
0
0
0.03
0
0
0
0.06
0
0.01
0
0
0
0
0.29
0.39
0
0.36
0
1.29
34.02
14.01
1.63
26.88
13.03
1.48
0.11
0
0
0
0
0
0
0
0.07
0
0
0
0.12
5.05
8.91
1.18
0.01
0.49
7.75
2.12
0.07
0
0
0
0
0.03
0.94
0.11
0.15
0
0.05
0.18
0
0.02
0.5
2.36
0
0.11
1.05
0
0
0.01
0.27
3.18
5.39
0
0.01
0.52
0.78
0.01
0
0.49
3.08
0.55
4.05
5.29
0.59
0.54
0.02
0.44
0.03
0
0.34
0.3
0.19
0.77
0.03
0
0
0
0
0
0
0.27
0
0.01
0
0
0.08
0
0
0
0
0
0
0.32
0.51
0.32
0
0.01
1.23
1.54
1.34
3.59
3.91
11
4.9
2.6
0.38
0
0.02
0
0
0
0.05
0.13
0.05
0
0
0
0.35
3.55
0.01
0.13
2.93
2.36
0.18
0.08
0.21
1.87
2.78
0.65
0.25
0.05
0.04
0
0
0.01
0.01
0
2.02
0.19
0
0.15
0.21
1.62
2.27
0.49
0.04
0
2.13
4.36
16.29
17.05
9.7
1.03
0.05
0.36
0.04
0.11
0
0
0
0.04
0
0.01
0
0
0.06
0.9
2.59
2.2
0.59
0
1.07
0.09
0.05
0
0.02
0
1.66
1.01
0
0.37
0.88
0.25
2.08
5.14
3.03
2.34
8.67
1.69
0.09
0.05
0
0.21
2.63
1.07
0.01
0.01
0.71
0
1.13
0.58
0
0
0.12
0.04
0.82
0
0
1.59
2.85
12.28
3.8
0
0
0
0.38
1.86
1.06
1
5.5
4.28
4.33
11.03
4.06
9.71
5.68
0.89
6.21
1.64
0
0.87
11.71
5.58
9.61
1.94
0.27
2.1
0.02
0
0
0
0.71
0
0
0
1.15
0.1
0.04
4.27
14.63
4.35
7.09
5.43
2.51
1.25
1.8
4.57
1.39
1.14
0.12
0
0
2.45
24.57
2.06
0.2
0.08
1.86
14.66
3.16
0.52
6.35
14.39
6.09
0.04
0.52
1.73
10.75
0.57
0
0
1.55
0
0.04
0
0
0.66
0
0
1.32
0
1.14
0.02
0.01
0
0
0.83
0
0
0
1.81
0
0
1.48
0
0
0
1.65
0
0
0
2.8
0
0
0
0
0.95
0.1
0.05
0.02
0
1.63
0.02
0.02
1.3
0
0
1.92
0
0
0
2.39
0
0
0.01
0
0
0
0.37
0
0
0.07
1.65
0.49
1.69
1.16
11.77
1.55
0
0
0.56
0
0
0.22
0.1
0.82
1.84
0
0
0
1.25
0
0.87
7.23
0.8
9.13
9.28
1.09
0
0
0
0.28
0
0
0
0.61
12.29
22.18
47.32
8.88
0.04
0
0
0.75
0
0.02
1.2
1.12
1.99
2.38
6.02
6.07
1.07
0
3.72
4.22
1.73
0.16
0.37
0
0.01
0
0.66
0.01
0
0.84
0.03
0.04
1.36
0.82
0.27
1.42
6.45
11.09
3.38
11.22
1.05
0.72
0.35
0
0
0
0.23
0
0.24
0.09
0
0
0
0.61
0.1
0.75
0
0
0.24
0
0
0
1.98
0
0
0
1.73
0
0
0
1.1
3.57
6.73
3.86
0.8
0.17
1.72
0
0
0
0.96
0
0.02
0.16
7.86
2.14
0.84
1.36
0.02
0
0
0
0.23
1.2
1.05
0.58
0.08
0.02
0
0
0
0
0
0.08
0.05
0.04
0.02
0.05
0
0
0
0.01
0.03
0.14
3.4
1.7
1.45
4.19
1.92
3.64
13.99
15.75
3.09
1.56
0.13
0
0.01
0
0.02
0.02
0.28
0.7
0.94
9.08
2.13
1.99
2.82
0.8
0
0
0
0
0
0
0
0.17
0
0.16
0.22
0.18
0.02
0.05
0.03
0.73
0.05
0
0
0
0.65
3.41
0.96
4.34
1.07
1.7
0.1
0.07
0
1.34
2.13
0.82
1.65
0.22
0.1
0.29
5.2
12.29
4.64
2.47
2.82
6.08
6.16
2.48
7.15
0.59
4.04
5.41
3.82
0.73
2.98
0.93
0
0.01
0
0.12
3.66
11.76
4.89
0.37
0.02
0
0.03
0
0.07
1.76
0
0
0
0
0
0.03
0
0
0
0.01
0
0
0.01
0
0
0.27
0.24
2.15
1.16
0.28
14.13
18.98
1.09
0.04
0
0
0
0
0.86
4.13
0.52
0
0.03
0
0.05
0.02
0
0
0.01
0
0
0.16
0
0.01
0.04
0.03
0.06
1.58
2.59
0
0.01
0
0.02
0
0
0.68
19.59
36.84
18.78
0.14
0
0.1
0.08
0.05
0.82
1.18
0.18
0.07
2.3
1.19
1.37
0.01
0.05
0.01
0.06
0.13
0
0.01
0
0
0
0.01
0
0
0.09
0.02
0
0
0
0
0
0
0
0
0
0
0
0
0.06
0
0
0.33
19.95
0
0
0
0.26
0
0
0.03
0
0
0
0
0
0
0
0.01
0.01
0.05
0.41
0.82
0
0
0
0
0
0
0.01
0.09
0.15
0.13
0
0
0
0
0
1.16
1.16
0.14
0.64
0.29
1.15
0.55
0.45
2.04
0.02
0
0.07
0
0.01
0
0
0
0
0
0
0
0
0.02
0.81
9.79
0.63
0.71
1.88
1.55
3.13
1.05
0.59
0.06
0.28
0.17
0
0
0
0
0
0
0
0
0
0
0
0
0
0
0
1.45
0.63
0.05
0.27
1.64
8.2
1.34
0.05
0
0
0
0
0
0
0
0.01
0
0.88
0.55
0.11
0.03
0.03
0
0
0.04
0.02
0
0.02
0
0.06
0.36
0.04
0.42
0.38
0.45
1.16
1.58
5.45
15.41
9.43
15.26
6.73
2.08
3.04
1.12
0.63
1.2
4.14
19.78
8.63
12.74
6.23
4.71
20.48
12.12
4.36
8.95
8.74
0.68
0.28
1.28
1.35
0.94
1.64
0.55
0.02
0
0.76
0
0.02
0.01
0.16
0.12
0.15
3.21
6.41
4.56
1.96
0.54
0.23
8.2
5.09
0.48
0.09
0.22
0.05
2.76
0.54
0.91
0.84
0.09
0.04
0
0.09
0.07
0
0
0.33
0.28
3.8
13.96
5.52
0.25
0.23
0.08
0.01
0
0.09
0.11
0.02
0
0
0
0
0
0.01
0
0
0
0
0
0
0.03
0.19
0
0.39
3.17
6.16
15.12
2.24
9.95
6.63
0.66
12.36
5.38
2.22
10.79
1.57
0.07
0.03
0
0.02
0.21
0.68
0.25
7.59
5.49
1.37
4.23
1.98
0.19
0
0
0.01
0.04
0
0.17
0
0.08
1.21
3.88
0.93
0.09
0.25
0.08
0.03
0
0.07
0.8
13.94
2.04
4.97
2.13
0.08
0.02
0
0.13
0.26
0.36
9.62
0.59
1.56
0.06
0.98
0.34
4.23
0.18
0
0.19
0.14
5.34
5.09
10.35
8.12
0.47
2.63
0.61
0.04
0
0.04
0
0.02
0.22
12.82
0
8.22
8.33
5.24
0.62
2.11
2.7
0.33
1.47
8.66
10.67
0.61
0
0
0
0.1
0.36
1.63
2.4
7.31
0.33
0
0
0
0.02
0.62
1.92
0
0
0.01
0.13
0
0.01
0
0.01
0.02
0.03
0.38
1.53
0.16
0
0
0
0
0
0
0
0
1.58
0.06
0.04
0.02
0.1
0.36
0
0.96
3.89
0
0
0.09
0.69
17.59
0
0.5
0
0
0.04
0.02
0.03
0.05
0.16
0
0
0
0
0.24
4.58
11.94
6.87
8.02
0.82
1.18
0.77
0
0.02
0
0
0
0
0.01
0.12
0
0.01
0
0.02
0
0
0.15
0.37
1.07
0
0.78
4.92
12.69
0.57
0.14
2.29
0.05
0.01
11.29
0.7
0
0.14
0.23
0.06
2.27
10.84
6.68
0.13
0.02
0.07
0.41
0
0
4.46
2.16
1.14
2.59
0.63
2.45
0.39
0.39
21.7
6.61
17.84
1.01
0.69
0.89
4.25
8.59
0.46
0.07
0.2
0.67
1.77
0.4
0.03
0
0
0.36
12.34
10.95
2.39
6.3
3.71
0
0
0.02
0
0.05
1.77
6.74
8.26
1.42
0.17
0
0
0.05
0.3
0.02
0
0
0
0
0
0
0.06
1.27
1.68
0.36
6.83
1.39
13.57
4.24
1.95
6.47
21.25
3.01
0
0
0.09
0.85
3.56
1.66
2.36
12.59
11.88
0.64
1.7
1.85
1
2.3
3.18
6.57
8.92
15.45
4.06
2.37
0.42
1.09
2.39
3.86
0.78
0.54
0.5
1.74
0.34
0.86
2.95
2.82
4.02
4.64
2.45
4.64
0.97
0.17
0.31
0.14
1.11
0.86
0.88
0
0
0.4
0.05
0
2.67
8.61
14.37
3.34
2.35
2.13
0.98
0.09
0.64
5.44
1.54
0.44
0.25
2.43
4.3
13.88
14.56
22.43
12.41
2.02
1.56
0.38
0.29
0
0.11
0.45
1.59
11.92
2.93
0.06
0.26
1.43
12.5
2.96
5.65
9.83
4.34
2.68
9.66
4.36
7.64
3.16
4.01
13.03
3.75
0.07
0.42
0.17
0
0
0.16
0.01
0.01
0
0
0
0.12
1.36
2.09
8.42
4.11
2.61
2.5
7.73
6.26
9.97
1.63
0.13
0.02
0.01
0
0
0.05
0.51
2.02
9.45
6.4
7.07
4.04
2.04
0
0.29
0.11
0.4
5.54
0.59
0
0.21
0
0.26
0
0.04
0
0
0.01
0
0
0
0
0
0
0.86
1.94
0
0
0
0
0
0.26
0.56
0
0
2.1
10.84
0
0.08
0
0.02
0.02
0.87
0.01
0
0
0.18
0.47
0.64
1.7
4.43
8.24
8.84
1.84
0.48
0.15
0
0.19
0
0.01
0.04
0.16
2
0
0.39
4.44
29.33
1.84
0.52
0.1
2.16
10.31
6.52
0.61
0.59
0.1
0.29
1.16
4.15
0.96
0
0
0.05
0.01
0.05
0.02
0.05
0.05
0
0.06
0.01
0
0.05
0
2.23
2.71
0
0.45
0.04
0
0.02
0
0
0.04
0
0
0
0
0.02
0.65
0
9.61
4.93
0.1
0
0
0.19
0.09
0.02
0
0.01
0.04
0.13
0.04
3.42
6.5
0
0
0
0
0.01
0.03
0
0
0
0
0.54
0
0
0
0
0
0
0.08
1.68
0.73
0
0
0.02
0.01
0
0
0
0.01
0
0
0
0
0
0
0.06
0
0
0
0
0
0
0
0
0
0.03
0.41
4.76
2.34
2.34
10.79
0.04
0.01
0.01
0.17
0.09
0.23
0.58
5.48
0.34
0.01
0.1
3.31
2.69
8.81
21.44
9.14
13.71
10.7
1.26
0.57
1.15
1.16
0.26
0.38
9.33
12.25
2.21
0.59
4.52
0.2
3.55
12.51
6.87
12.84
12.67
12.42
9.04
2.09
4.52
17.41
14.53
7.49
6.73
0.65
4.75
0.71
4.16
6.14
0.02
0
0
0.07
0.88
4.57
4.95
1.29
0.06
0
0.39
0.54
0.55
0.15
0.03
2.73
13.26
3.75
0.15
0
0.02
0
0.14
0.24
0.01
0.19
2.72
0.36
0.16
3.66
7.41
6.13
10.97
0.02
0.14
0.63
0.13
1.67
4.86
1.68
0.41
0.19
0.23
0
2.7
0.62
0.11
0.33
0.97
0
0.44
3.63
5.23
2.44
1.23
3.65
3.3
0.64
2.5
5
0.76
0.14
0.78
0.74
0.49
2.56
0.79
0.78
0
0
0
0.92
0.09
0.02
1.18
2.27
1.3
4.41
4.14
2.53
2.45
1.4
0.18
0.11
0.89
0.81
0.06
1.04
0.04
0.05
0
0.64
0.01
0.02
0
1.02
0
0.01
0.01
0.01
0.91
0
0
0
0.38
0.59
4.41
1.52
0
0
0.64
0.48
0.02
0
0.26
0
0
0
0
0
0
0
0
0
0.01
0
0
0
0
0
0
0
0
0.21
1.6
0.21
0.34
0.62
0.59
0.15
0
0.38
0
0
0
0
0
0
0.01
0
0.02
2.21
13.3
5.81
6.51
3.98
1.3
0.01
0.01
0.02
0.17
1.7
7.41
2.75
0.76
0
0.49
2.28
9.27
0.86
0.01
0.04
0
3.35
3.61
0.6
0
0
0
0.34
0.93
2.79
0
0
0
0
0.01
0.01
0
0
0
0.1
0
0.64
0
0
0.01
0
0
0.77
3.18
1.62
2.86
4.01
11.82
4.46
15.83
2.22
4.44
1.2
0.04
0
0
0.25
0.6
0
0
0
0
0
0
0.01
0.71
0
0.11
0.84
0
0.04
5.11
0.07
0.91
0.88
4.88
0
0.2
1.29
0
0
0.57
0
0
0.05
0.01
0
0
0
0
0.01
0
0
0
0
0
0
0.83
0.01
0.01
0
0.66
0.12
0.02
0
1.23
1.35
0.08
0
0.62
4.91
9.66
0.75
7.63
0
0.44
0
0.02
0
0
1.7
0.22
0
0
1.4
0
0
0
0
0.06
0.04
0
0
1.62
0
0
0.04
0.02
0.01
0.54
0
0.34
0
1.19
2.5
17.11
1.89
1.24
0.02
0.13
0.1
0.04
1.78
0.13
0
0
2.23
1.64
1.77
1.65
29.95
0
0
0.01
0
0.01
0
0.4
0.88
4.46
17.91
8.25
0.45
0
0.3
0.71
0
2.66
7.82
1
0
0
0.57
0
1.52
2.39
6.57
9.27
0
1.13
0.61
0.04
0.09
0.49
0.62
0
0
0.11
1.73
0.04
0.41
8.57
0.05
0.94
1.26
4.42
0.54
0.72
0.79
0.56
0.4
1.7
2.68
3.29
7.5
2.56
1.77
5.29
10.79
4.55
5.78
0.08
6.06
16.42
10.93
13.23
2.86
7.06
10.94
6.87
12.35
26.59
1.62
0.69
0
0.68
0.95
0.45
0.34
0
0.95
0.37
0.05
0.53
0.12
0
0
0
0
0.01
0.8
0.16
0
0
0.54
2.78
2.21
6.6
8.99
6.41
2.74
2.8
5.13
7.66
6.59
3.33
9.14
4.34
1.66
0
0.51
0.37
0.58
1.24
2.62
1.37
0.7
2.63
4.78
0.93
1.38
9
5.9
0.99
0
0.01
0.01
0
0
0
0
0.01
0
0
0
0.01
0
0.07
0.05
0
0
1.06
0.77
2.42
0
0
0
0
0
1.02
0.33
0.25
0
0
0
0
0
0.3
2.48
4.99
6.14
5.63
9.07
1.96
3.88
10.12
6.87
4.23
0.99
1.26
4.57
10.28
5.24
1.98
1.35
1.31
0.1
0.06
0
0
1.22
3.2
2.48
0.52
0
0.09
3.86
14.8
4.59
0.75
0.45
0.66
0.09
0.04
0.56
0
0.09
2.19
0
0
0.31
0.31
2.3
1.22
2.82
0
0.62
0.98
0.26
1.85
7.34
8.23
1.15
0.15
0.99
3.64
0.35
1.7
11.3
2.21
1.88
0.59
1.21
3.99
2.15
3.11
0.09
0
0
0
0.01
0
0.04
0.01
0.01
2.18
0.62
0.77
0.06
0
0
1.47
4.44
0.7
0
0
0.04
0.09
3.21
25.03
14.19
2.66
1.78
8.7
11.01
2.36
0
0.17
1.19
0.5
0
0.02
0.18
0
0
0.52
2.16
14.5
5.98
0
0.03
0
0
0
0
0
0
0
0.13
0
0.28
2.91
4.05
1.34
0.16
0
0
0.02
0
0
0
0
0
0
0
0
0
0
0
0
0
0
0
0
0
0
0
0
0
0
0
0
0.01
0.03
0
0
0
0
0
0
0
0
0
0
0
0.02
0.01
0
0
0.04
0
0
0
0
0
0
0
0
0
0
0.08
0.08
0.11
0.07
0
0.01
0
0
0
0
0
0
0
0
0
0
0.02
0.08
0
0
1.1
1.59
0
0
0.05
0.9
1.14
2.86
0.51
0.29
1.58
8.18
9.72
7.84
4.37
2.04
0.61
0
0
0
0
0.05
0
0
0.01
0.14
0.42
1.42
3.54
6.61
13.66
6.03
2.86
2.92
1.79
0.55
0
0.87
0.4
0
0.03
1.1
5.5
7.49
1.1
0
0.02
0.01
0.01
0.02
1.82
3.06
1.66
4.28
2.39
0.13
1.15
1.38
0.43
0.27
0.87
0.79
0.02
0
0.12
0.39
1
0.75
2.05
3.98
0.77
0.21
0
0
0
0.02
0
0
0
0
0.13
0.05
0.26
0.01
0.11
0.01
0.14
0
0.03
0.7
0.78
0.97
0.36
0.12
0.01
0.07
0.13
0.01
0
0
0
0.44
0.54
1.5
6.2
19.58
21.65
15.45
9.73
2.95
8.88
6.77
4.92
4.93
8.14
6.13
4.53
4.33
3.61
3.64
1.1
0.63
3.82
2.2
2.43
1.26
4.27
4.79
2.44
4.27
0.88
0.05
0
0
0.01
0
0.3
0.02
0.02
0
1.54
4.14
2
2.97
2.11
1.36
6.49
4.33
6.16
11.47
9.69
3.7
1.05
1.14
9.65
14.7
2.98
1.34
3.87
3.33
2.18
0.79
1.05
0.97
0.93
1.14
1.64
1.08
1.97
1.93
1.07
0.25
0.02
0.08
0
0.19
0.64
1.9
3.49
5.78
3.16
0.32
0
1.02
1.4
0
0.02
1.2
0.34
0.02
0
0.38
0.24
0.01
0.3
0.47
0.56
0.02
0.05
0
0.13
0
0.54
2.98
1.2
0.27
7.08
25.01
21.6
5.32
8.89
11.76
4.73
1.61
0.8
3.04
10.23
3.52
0
0
0
0
0
0
0
0.15
0
0
0
0
0
0
0.04
0
2.09
0
0
0.01
0.02
0
0
0
0
0
0.01
0
0
0
0
0
0
0
0.2
0.06
0.08
0.79
0.72
1.45
1.17
1.39
0.09
3.7
4.15
7.73
5.93
1.94
0.8
0
1.14
1.61
0
0
0
0
0.09
0
0.29
0.07
0
0.43
1.88
0.24
0.12
3.52
1.68
5.29
11.77
4.44
1.96
0
0
0
0
0
0.05
7.36
0
0
0
0
2.01
0
0.01
0
0
0
0
0.27
0
0
0
0
0
0.55
1.55
11.81
6.41
6.55
2.2
1.04
0.82
0
1.58
0.2
0
0
0.15
0
0.02
0
0
0
0.01
0
0
0
0
0
0
0
0
0
0
0
0
0
0
0.02
0
0
0
0
0
0.54
2.96
0.77
1.73
0
0
0
0
0
1.76
0.07
2.74
5.27
5.57
6.13
8.8
0
0.06
0.02
0
0.1
0.54
0.26
0.68
0.62
0
0
0
0
0.29
0.03
0.3
0.09
0.19
0
0.01
0
0.21
0
0
0
0.25
0.01
0
0
0.41
0
0.26
0
0.17
0.13
0
0.35
0.01
0.48
0.34
0.34
0.95
9.98
10.36
3.19
11.02
11.82
6.95
5.9
9.34
4.46
0.96
2.2
4.49
1.83
9.76
12.65
11.96
17.05
9.84
1.78
0.64
0.68
0.23
0.55
0.01
0.42
0.5
1.92
3.38
0.91
1.23
1.18
1.7
1.96
6.03
6.94
3.5
2.13
1.97
5.13
1.55
0.34
2.32
5.92
3.68
0.8
7.72
8.31
0.54
2.11
3.93
2.71
0.65
0.11
0.13
0
0.22
0.06
0.05
0.13
0.18
0.86
0.37
0.13
0.08
0.32
0
0
0
0.01
0
0.01
0.02
0.01
0
0.5
1.41
1.13
0.45
0.03
0.03
0.01
0.02
0
0
0
0
0.03
0.01
0
0
0
0
0.02
0.01
0
0
0
0
0
0
0
0.16
0
0.11
0.32
0.09
0.33
3.55
14.95
10.93
13.45
9.58
14.9
1.29
0.53
4.32
5.91
21.89
18.79
5.2
3.35
3.48
2.03
0
1.86
4.98
0.4
0.23
0.43
0.47
0.88
0
1.87
3.02
3.65
3.64
2.81
1.04
0.61
0.5
0.38
0.04
1.82
2.18
0.52
0.52
1.22
1.81
0.38
0.59
0.63
3.23
2.73
1.66
4.19
2.68
0.38
1.05
0.46
0.84
0.3
0
0.02
0.18
0.57
0.25
0
0
0.13
0.73
11.15
6.22
2.23
0
0
0
0
0
0.01
0
0
0.02
0
0
0.02
0.11
0
0.01
0
0
0
0
0.01
0.03
0.01
0
0
0
0
0
0
0.02
0.32
0.55
4.07
3.61
2.23
0.36
0.02
0
0.55
0.59
0.42
1.25
4.59
5.79
4.79
1.38
0.59
1.13
0.12
0
0
0
0
0
0
0.09
0.07
0.01
0.14
0.51
1.23
9.65
18.31
14.8
16.73
1.27
2.12
1.05
3.02
5.59
1.94
0.79
0
0.68
1.93
4.95
0.01
0.01
0.05
0.04
0.04
0.16
0
0
0
0.23
0.02
0
0.66
0.8
0.52
0.51
4.92
0.41
0
2.02
0.8
0.91
0
0.19
0
0.02
0
1.03
0.18
0
0
0.23
0.15
3.48
0
0
0
0
0
0
0
0
0
0.18
0
0
0
0
0
0
0
0
0
0
0
0
0.13
0.71
0
0.35
0
0.02
0.04
0.17
0
0
0
0
0
0.75
0.7
0.22
0
0.01
0
0
0
0
0.01
0.08
0
0
0
0
0.05
0.43
0.59
2.2
14.2
2.22
2.36
0.1
0.44
0.82
1.31
0.33
0.26
0
2.93
3.16
7.06
0.21
7.25
1.12
0.02
0
0
0
0
0
0.27
1.16
0
0
0
0
0
0
0
0
0
0.09
0.29
2.92
12.81
10.5
0
0
0
0
0.23
0
0
0.01
0.16
0
0.23
0.31
0
0.01
0.09
0
0.01
0.69
0.01
0
0
0.4
0.95
0.09
0.15
0.61
0
0.01
0.24
0.39
0
0
0
0.12
2.36
0
0.05
0.14
2.16
2.04
6.44
6.34
0.73
2.31
1.52
2.62
2.31
5.61
1.44
0
2.71
3.96
0
0.13
0.86
0.01
9.34
0.66
0.88
0.14
0
0.02
0
0.56
0.78
0.5
1.63
0.18
0.15
0.29
0
0.23
1.7
3.49
1.74
0.48
0
0.05
0
0
0.02
1.39
11.65
3.96
8.05
6.75
0.55
0.52
0.23
0.02
0.01
0
0
0
0.01
0
0.51
1.01
1.51
0.2
0.5
0.68
0.2
5.38
3.98
0.39
2.99
6.85
9.7
3.1
5.87
13.64
4.38
2.21
5.31
4.8
6.16
2.58
3.21
0.71
0.28
0.09
0.28
3.36
9.88
10.95
13.52
3.42
4.59
1.89
0.61
0.48
0.27
0.01
0
0
0.02
0.01
0.01
0
0
0
0
0
0
0.42
3.75
1.84
0
7.34
2.11
0
0
0.05
0
0.01
0
0
0
0
0
0
0
0
0
0
0
0
0
0
0
0
0
0
0
0.04
2.21
0.8
0
0
0
0
0
0
0
0.18
0.23
0.02
0.04
0.41
1.07
1.89
9.31
5.82
0
0.01
0
0.01
0
0.26
0.47
0.62
0
0
1.76
1.08
0
0
0
0
0
0.16
0.38
0
0.02
0
0
0
0.02
0.02
0
0.01
0
0
0
0
0.01
0
0
0
0
0
0.04
0.7
0.47
1.16
0.61
0
0.02
0
0.1
0
0
0
0
0.01
0
0
0
0
0
0
0
0
0
0.02
0
0
0
0
0
0.01
0.4
2.02
0.25
0
0
0.01
0
0
0
0
0.01
0.01
0
0
0
0
0.01
0
0
0
0
0
2.37
0
0.58
0.25
0
0
0
0
0
0
0
0
0
0.27
0.86
0
0.02
0
0
0
0
0
0.01
0
0
0
0
0
0
0
0
0
0.01
0.01
0
0.02
0.84
1.69
24.57
6.62
8.39
1.03
5.41
20.54
0.77
0
0.3
2
22.38
7.44
1.65
0.65
31.48
7.33
7.04
0
0.08
0.22
3.68
0
0.09
1.85
2.85
1.87
1.93
0
0.02
0.67
3.7
2.05
0.02
0.08
3.7
6.02
0
0.29
0
0.01
2.69
19.68
26.12
4.88
0.34
0.74
0.46
1.23
4.97
0.76
1.85
0.81
0.51
7.73
5.51
5.16
2.97
8.11
0
0.62
0.14
0.06
0
0.02
0.12
1.59
2.75
0
0.28
2.77
1.39
0.2
0.13
2.51
25.44
4.64
0.48
0.09
0.02
0
0.13
0.75
1.52
0.82
0.59
0.14
0.52
1.68
0.07
1.16
3.52
4.09
1.36
6.37
1.91
5.59
1.11
0.2
0.11
0.33
0.3
0.43
1.47
0.93
1.54
0.84
2.51
2.3
2.27
4.69
6.27
1.75
6.63
1.66
11.39
5.04
12.09
21.29
10.59
4.07
3.04
1.63
2.91
1.87
0.31
0.12
0.61
1.42
0.4
0.01
0.05
0.15
0.05
0
0.31
0.05
0.12
0
1.45
5.84
7.2
11.27
7.05
1.69
6.61
4.96
0.24
5.25
4.07
6.33
4.55
0.59
0
0.58
0.53
0.75
11.25
5.55
0.01
0.21
0.5
0.13
0
0
0
0
0
0
0
0
0
0
0
0
0
0
0
0.17
0
0
0
0
0
0
0
0
0
0.29
3.96
4.69
1.73
0.08
0.57
0.53
1.5
0.71
7.66
5.78
6.88
6.08
5.91
4.26
13.97
18.74
6.05
0
0
0.14
0
0
0
3.69
2.99
0.32
0.01
1.84
0
0
0.04
0.18
0.94
0.16
0.01
0.31
0
0
0.02
0.31
0.07
4.41
4.17
0.07
0
0.07
2.55
0.81
2.41
0
0.13
0
0
0.68
0.02
1.88
0
0.26
1.35
10.06
2.91
0.64
4.3
2.08
10.27
23.84
2.71
0
5.35
17.73
4.17
0
0
0
5.66
1.72
0
0
0
0
0.01
0
0.01
0.05
0
0
0
0
0
0
0.01
0.06
0.1
4.35
0.14
0
0
0
0
0
0
0.06
0
0
0
0
0
0
0.01
0
0
0
0
0
0
0
0
0.15
0.1
0
0
0
0
0
0
0
0
0
0
0
0
0
0
0
0
0
0.2
0
0
0
0
0
0
0
0
0
0
0
0
0
1.33
0
0
0
0
0
0
0
0
0
0
0
0
0
0
3.34
2.69
7.39
0.05
0
0
0
0
0.01
0
0.02
0
0.22
1.99
1.66
30.91
8.63
0
0.86
0.64
1.28
8.47
4.78
0
2.57
4.18
3.87
2.3
0.02
0
0.11
11.31
11.52
7.53
1.64
0.7
5.27
0.52
3.72
0.94
0.38
0.01
9.46
5.52
1.02
0.45
0.02
0
0
0
0
2.31
0.43
1.08
9.06
8.27
8.62
6.48
1.22
0.61
0.25
0.01
0.03
0.39
0.24
0.07
0.97
0.25
0.03
0.19
0.07
0.02
0
0
0
0.01
0
0.02
0.03
1.15
4.91
0.48
0.27
0.02
0.01
0.04
0
0
0
0
0.03
0.09
0.02
0.01
0.01
0
0
0
0
0
0
0
0
0
0
0
0.01
0.01
0
0
0.04
0
0
0
0.12
0.51
0.35
1.09
2.88
12.02
14.49
1.95
0.05
0.12
1.97
0.25
0
0
0.61
3.13
1.59
7.53
0.73
1.7
0.41
0
0.8
0
0
0
0.04
0.02
0
0
0
0.04
0
0.57
0
0
0
0
5.25
0.61
2.84
5.25
10.13
15.28
11.64
0.65
0.02
1.59
0
0
0.04
0.13
1.05
0.63
0.07
0
0
0
0.04
0.15
1.43
2.13
0.01
11.75
1.19
0
0
0.02
0.03
0.02
0
0
0.02
0
0
0
0
0
0
0
0.01
0
0.36
13.15
0
0
0
0
0
0.01
0.51
0
0.01
3.03
8.36
6.8
2.86
0.26
3.48
1.46
11.9
2.13
5
2.44
0
0.53
0.04
0.28
0
0.04
0.02
0
0.11
0
0
0.09
0
0.36
0.01
0
2.16
4.61
0.84
0.03
0.91
4.47
4.26
0.78
0.29
1.52
1.95
1.32
2.28
0
0.16
0
0
0.01
0
0
0
0
0
0
0
0
0
0
0
0.01
1.63
3.34
3.27
4.42
3.27
0.1
0.14
0
0.23
0
0.26
1.58
0
0.75
0.43
0
0
0.03
0
0
0
0
0
0
0
0
0
0
0
0
0
0
0
0
0
0
0
0
1.25
0.05
0.15
0
0
0
0
0
0
0
0
0
0
0
0
0
0.02
0.01
0
0
0
0
0
0.34
0
0.21
0
0
0.03
0.02
0
0
0
0
0.01
0.01
0
0
0
0
0
0
0
0.01
0
0.09
0.05
0
0.07
0.04
0
0.02
0
3.68
2.45
0.28
0.02
0
0
0
0
0
0
0
0.02
0
0
0
0.02
0
0
0.07
0.26
0
0.02
0
0
0
0
0
0
0
0
0
0
0
0
0
0
0
0
0.02
0.32
0.77
3.64
0
0.01
0
0.01
0
0
0
2.42
3.26
7.39
0
0.18
0
0
0
0.04
0.02
0.13
0.37
4.78
0.44
5.74
0.02
0.83
9.61
4.33
0.77
0.13
0.19
0.03
0.29
10.41
24.37
26.23
13.14
0.89
0
0.91
0.18
0.11
0.09
2.31
4.07
6.22
0
0.04
0.03
1.46
0.09
0
0.01
0
0
0
0.01
0.07
0.52
0.16
0.02
0.01
0
0
0
0.49
0.48
0.05
0.22
0.07
0
0
0.51
2.31
0
0.03
0
0
0.07
0.01
0
0.13
0
0
0
0
0
0
0
0
0.02
0
0
0
0
0
0
0
0
0
0
0
0
0
0
0
0
0
0.71
0.3
0.1
0
0.14
0.09
0.23
0.13
2.69
4.18
5.14
5.87
1.42
1.1
4.24
2.91
7.39
8.46
1.86
0.27
0.32
6.57
2.6
6.94
16.51
3.61
1.71
3.87
6.47
3.31
0.44
0.48
2.64
4.43
0.69
0.66
6.59
2.77
0.13
0.64
9.58
4.69
0.14
0.05
0.05
0.11
0.08
0.01
1.43
0.07
0.15
5.71
3.98
1.45
0.2
0.1
0.5
8.45
2.57
1.53
4.52
9.33
1.99
0.51
0
0.02
0
1
2.89
0.3
0
0
0.55
0.51
0.54
5.02
15.56
2.43
0.2
1.34
0.02
0
0.52
3.88
4.89
5.96
2.01
0.05
0
0.09
0
0.41
0.43
0.04
0.39
0
0.12
3.16
11.72
1.29
0.46
3.55
0.43
0
0
0
0.02
0
0
0
0
0.06
6.2
1.12
1.16
0.16
1.41
5.1
2.22
0.16
0.37
0.98
0
0.02
0
0.02
0.55
1.12
0.54
0
0
0.92
0
0.01
0
0
0
1.47
3.89
1.39
0.02
3.93
2.68
0.04
0.02
0.01
0
0.04
0
0
0
0.02
0
0
0
0
0.01
0
0
0
0
0.02
2.23
0.62
0
0
0
0
0
0
0
0
0
0
0
0
0
0
0
0
0
0.02
0
0.03
0
0
0
0
0.04
5.63
0.25
0
0.01
0
0
0
0
2.44
0
0
0
0
0
0.27
0.02
4.58
0
0
0
0.01
0.02
0.01
0.99
5.61
2.47
0
0.07
2.85
1.67
0
0
0
0
0
0
0
0
0
3.18
3.18
4.55
0.56
2.23
4.24
0.58
0
0
0
0.09
0.01
0
0
0
0
0.32
0.03
0
0
0
0
0
0
0
0.05
0
0
0.01
0
0
0
0
0
0
0
0
0
0
0.08
0.01
0.02
0
0.01
0.04
0
0
0
0
6.19
7.96
8.43
3.8
0.93
4.64
1.59
9.45
2.43
0.54
0.03
0
0.85
6.16
3.32
11.43
0
0.09
0
0.08
0.82
0
0
0.2
0
0.14
0
13.1
3.49
2.91
0.52
0.7
5.01
0.03
0
0.99
1.57
5.36
1.3
0
0.01
0
0.77
12.03
1.41
6.77
5.79
7.9
4
0.17
0.63
0.49
0.66
0.09
0.03
0
0.28
0.13
0
0.13
0
0
0
0.02
0
0.07
0.01
2.07
0.63
0.22
7.43
1.71
3.78
4.64
11.48
3.95
6.18
0.49
1.1
0.25
0.24
0.04
0
0.09
0
0.02
0
0
0.01
0.48
1.85
2.14
0.35
0
8.63
3.84
0.7
0.15
0
0.04
0.03
0
0
0
0
0.23
3.16
2.23
0.46
4.63
8.91
4.65
1.62
7.16
21.05
5.39
1.07
0.09
2.09
6.27
14.79
4.63
8.99
3.27
3.12
0.68
0.31
0.42
0.27
2.48
0.02
0.78
20.16
22.87
8.55
8.12
26.23
5.5
2.75
0.66
0
5.35
1.39
0.79
0.23
0.07
0.04
0
0.04
0.02
0
0
0.72
8.13
0.5
0.32
0
2.48
3.82
1.89
0.83
0
0
0
0.89
0
0
1.04
0.13
0.04
1.81
0
0.45
0.24
0.01
4.05
12.36
4.73
40.58
13.81
5.89
0.82
1.37
3.13
5.29
2.55
0.76
0.34
0.65
8.91
0.86
0.3
0.16
0
1.04
0
0
0.02
1.2
6.16
0.19
0.7
0
0.12
0.64
0.8
2.27
0.13
4.26
5.6
0.05
0.21
0.09
0
0
0
0
0
0
0.01
3.04
6.17
9.71
3.55
3.22
4.76
1.81
0.35
0.33
0
0.07
0
0.04
0.09
0.54
0.91
0.29
0
0.04
0
0.02
0
0
0
35.53
1.58
0.8
1.96
0
0
0
0
0
0
0.02
0
0
0
0
0
0
0
0
0
0
0
0.01
0
0.02
0
0
0
0.01
0
0
0
0.01
0
0
0.02
0
0
0.17
0.48
0
0
0
0.02
0
0
0
0
0
0
0.01
0
0
0
0
0
0
0
0
12.02
8.8
22.76
10.75
6.59
0.28
0.09
0.7
1.45
0.11
2.95
0.16
0.35
9.31
18.29
2.76
0.72
0.76
0.56
0.91
0.31
0.02
0
0
0
0
0
0.01
0.05
0.02
0.37
4.05
0.48
0.03
0.04
3.34
8.21
1.12
0.44
0
0
0
0.18
1.3
5.01
1
0.15
0.43
16
7.56
12.89
2.23
0.63
0.03
0.05
0
0.01
0
0.48
0
0.01
0
0
0
0
0.04
0.04
0.36
0.09
0.73
0.33
0.07
2.66
18.78
26.88
4.92
0.73
0.12
0.01
0.05
1.45
0.1
0.42
4.45
9.05
2.73
11.01
3.54
0.04
0.07
0.5
0.24
0.04
0.26
0.31
0.28
0.01
0.05
0.01
0
0.02
0.01
0
0
0
0
0.18
0.08
0.77
4.26
3.36
0
0
0
0
0.25
3.13
6.28
8.7
2.09
3.77
6.49
4.44
4.2
2.07
16.09
12.28
7.79
5.28
5.99
13.6
14.3
12.52
16.4
17.52
3.64
4.93
5.96
2.15
1.97
1.77
2.33
0.8
4.46
0
0.34
0.54
0.74
10.36
1.67
0.22
0.21
1.52
0.09
2.18
2.35
0.06
0.58
2.25
0.58
7.89
1.29
0.17
0.08
0
0.75
3.93
1.85
0.11
0.21
0.11
0.07
0.01
0
0
0
0
0
0.05
0
0
0.04
0
0
0
0
0
0.04
0
0
0
0.08
0.07
0.03
0.1
0.9
1.06
0.07
0.04
0.03
0
0.04
0
2.21
6.66
1.07
0.28
2.29
0.7
1.88
0.23
0.01
0.52
1.48
3.63
0.7
0.01
0
0
0.2
0.18
0.56
0.09
0.09
0.45
0.08
0.12
0
0
0
0.9
0
0
0
0
0
0.48
0.24
0.18
0
0.22
0.11
0
0
0.05
0
0
1.65
2.6
4.11
2.27
3.14
0.4
0.61
2.4
1.77
0.87
3.64
0.35
0.01
0
0
0
0
0
0
0.82
0
0.02
0
0
0
0
0
0
0
0.01
0.08
0
1.77
1.21
11.5
2.92
0.23
0.52
0.93
0.15
0
0
0.01
0.98
0.75
0
0
0
0.28
4.84
0.5
0
0
0.07
0.14
0
0
0
0
0
0.01
0
0
0.05
0
0
0
0
0
0.02
0.01
0
0
0
0
0
0.03
0
0
0
0
0
0
0
0
0.05
0
23.47
10.06
1.3
3.89
0.7
0.01
0
0
0
0
0
0
0
0
0
0
0
0
0
0
0
0
0
0
0
0
0
0.01
0
0.17
0.01
0
0
0
0
0
0
0
0
0
0
0
0
0
0
0
0
0
0
0
0
0
0
0
0
0
0
0
0
0.14
0.09
0
0
0
0
0
0.04
0
0
0.47
3.63
4.01
1.29
2.43
0.98
0.37
0
0
0
0
0.02
0
0
0
0
0
0
0
0
0
0
0
0
0
0
0
0
0.02
0.01
0.26
3.45
0.96
0
0
0
8.15
3.05
0.88
0.23
0.09
0.69
1.74
2.95
6.98
0.41
0.01
0.24
4.01
0.86
0.22
0.23
1.52
2.05
0.4
0
0.08
0
0.02
0.04
0.05
0.22
4.01
0.43
0.2
0.13
0.77
0
0
0
0
0
0
0
0
0.13
0.22
0.09
0.14
1.84
2.77
1.63
6.18
4.28
2.55
0.15
0.04
0.07
0.14
1.5
0.85
0.11
0
1.68
0.02
0.02
2.59
0.34
1.41
0.47
0.13
0.28
6.86
4
18.2
8.09
1.75
4.71
3.68
1.6
1.79
1.2
0.09
0
2.84
1.68
0.41
0.05
0.02
0.06
0
0
0
0.01
0.62
15.24
1.5
0.29
0
0
0.38
3.86
0.21
0.02
0.03
0.02
0
0.1
0
0
0
0
0
0
0
0
0.04
0.03
0
0.01
0.01
1.76
12.45
2.72
1.21
0.16
4.55
0.25
1.09
0.53
2.07
6.19
11.48
17.51
5.3
1.52
0.03
0.02
0
0
0
0
0
0.45
4.11
2.45
7.26
11.63
6.05
7.16
2.62
12.88
3.5
0.56
4.49
1.35
0.48
0.26
1
0.28
0.02
0
0
0
0.01
0.04
1.8
35.96
2.07
0.35
0.45
0.53
0.96
5.3
2.38
6.19
20.37
0.93
0.39
1.62
2
12.83
8.23
3.63
0.02
0.8
8.7
6.65
5.9
3.91
7.65
13.79
8.77
14.77
2.85
1.08
2.91
6.27
3.7
14.82
9.68
3.61
0.38
0.14
0.12
0.07
0.01
1.88
0.63
7.12
15.27
0.7
3.05
0.61
16.38
2.86
3.96
0.19
0
5.32
0.46
0
0
0
0.09
0
0
0
0.13
0.08
4.23
0
0
0
0
0
0
0.13
9.71
3.16
0
0.12
0
0
0
0
0
0
5.59
3.11
0.38
0.02
0
0.01
0
0
0
0
0
0
0
0.02
1.57
0.23
0.07
0.01
0
0
0
0
0
0
0
0
1.11
0.3
0
0
0.17
10.96
5.3
0
0.05
0
0
0
0
0
0
0
0.02
0
0
0
0
0
5.34
0.01
0
0
0
0
0.05
0.2
0.39
0
3.05
0.11
0.02
0
0
0.24
3.3
0
0.29
0.01
0
0.01
0.16
0.1
0.84
1.7
0.55
0.01
0
0.09
0
0
0
0
0
0.02
0
0.01
0.41
0.8
22.5
2.89
0.28
1.75
2.44
0.88
0
0
0.05
0
0.06
0
0
0.25
0.24
0
0.08
0
7.32
0.02
0.1
0.03
0.08
0.05
0
0
0
0.27
0.77
9.68
0.91
1.44
0.55
0.45
0.58
0.01
0
0
0
0
0
0.13
0.03
0
0
0.05
0.02
0.29
0.09
0.12
0.03
2.2
1.42
0.83
0.2
9.05
1.46
0.71
0.4
3.3
0.32
0
0.01
0
0
0.02
0
0.01
0
0.5
0
0
0
0
0
2.54
8.11
7.09
2.18
0.8
2.43
8.84
17.57
1.39
0.58
10.91
1.08
0.4
0.09
0.57
0.93
0.82
7.82
3.15
0.21
1.63
1.79
3.15
9.14
8.29
10.17
2.84
0.23
1.29
7.08
0.37
0
0.08
0.04
0.01
0.02
0.1
0.02
0.01
0.2
8.14
8.19
9.91
14.45
8.29
8.83
7.81
3.41
0.41
7.1
2.35
11.66
0
0.31
0.65
0.45
1.2
2.93
1.27
0.72
0.29
0.48
0.48
0.21
0.05
0.06
1.21
0.89
0.16
0.4
4.05
1.56
6.57
13.5
1.51
2.68
4.93
0.6
0.11
0.58
0.95
2.3
1.82
13.09
0.27
1.27
0.29
0
1.76
0.05
0.38
0.01
0.02
0.03
0.11
0
0.01
0
0.2
0
0.38
0
0
0
0
0.02
0
0.25
0.01
0.48
0.45
0.05
0.02
0
0.01
0
0
0
0
0.02
0.03
0.05
0
0.12
0.49
0.02
0.37
0.11
0
0.09
2.6
3.4
2.43
1.96
0
1.49
2.64
1.02
0.49
0
0
0.06
1.5
1.25
2.72
0.77
0.08
0.42
0.54
0.84
0.03
0.02
0.16
0
0
0
0
0
0
0.05
0.01
5.02
1.2
0
5.9
0.44
0.09
0.03
0
0.07
0.02
0.16
0.09
2.18
7.61
8.66
0
0.63
0.29
0.63
1.88
1.49
0
0
0
0
0.47
0.23
0
0.04
0.07
0
0
0
0
0.11
0
0
0
0
0
0
0
0
0
0
0
0
0
0.02
0
0.02
0
0
0
0
0.16
0.14
0.01
21.48
0.29
0
0
0.02
2.84
0
0.01
0.14
0
0
0
0
0
0.15
0
0.02
0
0
0
0
0
0
0
0
0
0
0.07
0.02
0
0
0.05
0.02
0.15
12.27
0.73
0
19.47
7.1
14.09
6.13
3.7
0.41
1.8
0.04
0
0
0
0.08
0.01
0
0
0
0.27
17.83
29.5
27.56
1.23
0.04
0.48
4.36
0
0
1.72
12.59
8.3
2.3
0.29
1.52
5
6.21
1.7
0.31
0.15
2.44
3.16
22.25
0.77
0.07
0.23
0.45
4.6
5.15
14.49
1.82
0.02
0.05
0.13
0.73
3.7
9.62
2.92
0.39
0
0.59
5.86
3.45
10.12
60.59
15.38
1.1
7.58
1.39
0.22
3.19
0.63
0.07
0
0.01
0
0.03
0.03
2.38
0.22
2.93
4.29
0.88
0.28
0
0.19
0.24
0.08
0.03
1.74
7.13
4.49
0.15
6.43
4.17
0.11
0.03
0.42
2.51
5.15
0.05
0.22
0
0.01
0
0
0.05
0.05
0.01
0
0
0
0
0
0
0
3.21
8.54
9.37
0.16
0.07
0
0.01
0.01
0
0
0
0
0
0.07
0.01
0.01
0
0.02
3.55
9.14
3.48
0.44
10.04
3.68
0.08
3.41
3.7
2.9
0.39
0.01
0.08
0
0
0.02
0
0
0.01
0
0.67
0
0.02
0
0
0
0
0
0.11
0.01
0.01
0.19
0.2
2.16
0.02
0.08
0
0
0.02
0
0.01
0.01
0
0
0
0
0
0
0
0
0.02
0
0
0
0.05
0.02
0
0.01
0
0.02
0
0
0.07
0.02
0.03
0
0.07
0.05
1.16
2.28
0.58
2.27
0.63
0
4.41
5.23
0
0
0
0
0
0.01
0.01
0
0
0
6.36
1.08
0.02
0
0
0
0
0
0
0.03
0.02
0.05
0.04
0
1.7
8.93
0
0
0.01
0.97
1.13
0.02
0.29
1.91
0.2
1.38
0.26
0.46
0.04
0
0.01
0.01
0
0.01
0.49
0
0.01
0
9.13
7
20.33
9.66
10.58
0.23
0.54
0
0
0
0
0.03
0
0
0
0.08
0
0.24
8.1
14.18
6.4
4.68
1.75
0
0.22
6.1
7.25
0.74
0
0
0.68
0.5
0
0
0.02
0
0
0
0
0
0.02
0.05
0.02
0
0.01
0
0
0
0
0
0
0
0.03
0.83
0
0
0.05
0.2
9.47
2.74
0.96
0.08
0
0
0
0
0
0
0
0
0
0
0
4.28
0.07
0
0.06
0
0.01
0
0
0
0
0
0
0.02
3.19
2.2
0.01
0
0.01
0.04
0.03
0
0
0.11
0
0.16
0.46
0
0.02
0
0
0.01
0.01
0
0
0
0
0
0
0
0.05
0.11
0.59
0
0
0
0.16
0
0
0
0
0
0.02
0
0.01
0.03
0.01
0
0
0
0
0
0
0
0.02
0.04
0
0
0.02
0
0.01
0
0
0
0
0
0
2.67
4.66
2.71
6.08
6.37
0
13.22
8.82
3.24
0.01
0
0
0.09
0
0
0.07
0.03
0
4.38
4.32
0.7
6.08
4.83
4.3
16.01
4.38
0
0
0
0
0.11
0
0
0
0
0
0
0.01
0.02
0.06
0
0.01
0
0.23
0.1
0.01
0
0
0
0
0.08
0.49
0.05
0
0
0
0
0.02
0
0
0
0
0.01
0.01
0
0.02
0
0.76
10.91
12.3
2.29
11.61
11.89
11.76
2.94
0.02
0.01
0
0.42
0.32
0
0.23
0.39
3.36
0.88
13.24
4.13
2.55
0.73
6.49
0
0.02
0.04
0
0.01
0.14
0.06
0
0
0
0
0
0.03
0
0
0.96
4.52
0.31
2.4
0.06
2.86
3.1
3.02
8.34
2.09
1.45
2.77
5.94
0.02
0
0
0.14
10.51
7.74
3.95
1.14
2.42
0.35
0.18
0.04
6.75
0.86
0
0.34
0
0
0
0
0.01
0
0.02
1.86
0.16
0.04
0.03
0.01
0
0
3.96
12.72
2.34
1.3
0.98
0
0.03
0.03
0.02
0.23
0.72
13.7
2.57
11.64
2.9
2.81
2.79
4.3
1.09
2.29
0.13
0
0
0.71
8.75
1.06
2.09
0
0
0
0
13.76
3.91
2.48
2.07
3.79
4.05
0.04
0
0
0.12
0.02
0.95
12.76
1.54
0
0
1.52
6.1
3.05
6.46
10.2
0.64
0.29
8.83
4.38
0.02
0.29
0.23
0.02
0
0
0.07
0.04
0
0.29
0
2.37
0.01
0
0
0.25
0
0.07
0
0
0.06
1.03
0
0
0.04
0.05
0.13
0.01
0
0
0
0.11
0.03
0
0.01
0.06
0
0
0.07
0.11
5.75
17.92
0.32
4.71
0
0
27.37
0.02
0.07
0.01
0.09
0.03
12.71
0.3
0.54
0
0.13
0
0
0
1.3
31.38
1.21
0.05
0
0.01
0
0
0
0
13.26
16.55
6.7
0.01
0
0
0
0
0
0
0
0
0
0
0.01
0
0
0
0
0
0
0.04
0
0
0
0
0
0.01
0.13
0.04
0
0.01
0.01
0
0
2.11
0.21
5.81
0.2
0
0
0
0
0.18
0
0
0
0
0
0
0
0.01
0.01
0
0.02
0
0
0
0
0.09
0
0.01
0
0
0.08
0.13
0
0
0
0
0
0
0
0
0
0
0.02
0.01
0
0
0
0
0.39
0.29
0.02
0.09
0
0
0.02
5.97
4
0
0.02
0
0
4.16
5.41
0.01
0
0.01
1.21
3.27
0.15
0.26
2.77
0.42
0.05
0
0.01
0
0
0
0
0
0.04
0
0.41
0
0
0
0
0.84
0
0.15
0.23
12.89
2.83
10.24
1.77
0.31
0.16
0.02
1.77
12.86
0.11
0
0
0
0
0
0
0
0
0
0
0
0
0
0
0
0
0
0.01
0.01
0.02
0
0
0
0
0
0
0
0
1.33
9.08
0.2
0.02
0.02
0
0
0
0
0
0
0
0
0
0
0
0
0
0
0
0.03
0.05
2.57
4.36
3.32
12.55
2.23
0
1.71
2.63
0.05
2.17
0.19
0.07
0
0
0.01
0
0
2.77
0
0.01
0
0.18
7.68
15.45
0.2
4.79
8.22
0.61
4.65
0.35
0.38
2.95
0
0
0.02
0
0
0.01
0.01
0.01
0.01
0.02
0.62
0
0.34
0.95
10.26
6.84
0.88
3.7
0.85
0.03
0.02
3.13
0
7.95
1.55
1.75
0.2
0.02
0
4.21
2.36
1.47
5.29
0
0.01
0
0
0
0
0
0.01
0.16
10.69
0.36
4.78
0.09
0.04
0.03
1.72
0.2
0
0
0
0
0
0
0
0
0
0.06
0.05
0.21
39.31
7.08
0.41
0.04
43.89
15.78
20.89
0.14
0.43
0.02
0.16
0.12
0.41
0.05
0
0
0.01
0
0.23
3.02
0.01
0.12
12.29
0.85
0.02
0.01
0
0.68
0.12
0.82
5.34
8.3
4.51
0.81
3.22
0
0
0.19
1.83
6.31
0.8
0.02
0.77
7.92
4.72
0.08
0
0.01
0.03
0.07
3.75
4.59
8.32
7.28
2
0
0
3.14
15.77
1.41
0.18
0.02
0.02
1.13
0.12
0.04
0.54
0.04
0
0
0.01
0
0
0
0
0
0.01
0
0
0
0
0
0.01
0.02
0
0
0
0
0
0
0
0
0
0.03
0
0
0
0
0.01
0.02
0
0
0
0.01
0.04
0.03
2.8
1.25
0
0.22
0.14
4.05
0.02
0.59
0
0
0
5
10.48
0
0
0
0.01
0
0
0.04
0.78
0
0
0
0.01
0
0.17
0.02
0
0
0.01
0.16
2.02
0.23
0
1.95
0
6.2
4.18
0
0
0
0
0.14
12.73
0.43
0.09
0.01
0.11
0
0
0.01
0
0.02
0
0
0.05
0
9.32
0
0.06
0
0
0
0.01
0.01
0
0.01
0.02
0.01
0.03
0.11
0.02
0.38
0.55
0.03
0
0.03
0
0.02
0
0
0
0
0.23
0.08
0.01
0
0
0
0.88
0.27
0
0
0
0
0.03
0
0.03
0.02
0.05
0
0.01
0
0.03
0.04
0.23
0.08
0.06
0.03
0.01
0.06
0.07
0.15
1.48
4.65
0.36
0
0
2.58
0.87
0.05
4.16
5.43
1.5
0.86
0
0.01
0.05
0.01
0.73
7.23
9.48
4.73
1.93
7.07
1.17
2.13
0.08
0.02
0
0
0
0
0
0
0
0.01
0
0
0
8.38
0
0
0
0
0
0
0
0
0
0
0
0
0
0
0
0
0
0
0
0
0
0
0
0
0.03
0.01
0.03
0.57
9.17
5.27
6.06
0.89
3.76
15.16
4.81
0.54
0
0
0
0.04
1.11
0.37
0
0.02
0
0
0
5.92
5.31
1.06
0.62
0.01
0
0
0
0
0
0
0
0
0
0
0.02
0.17
0.07
0
5.02
1.21
0.06
0
0.01
9.94
0.34
0.77
1.43
0.05
0.01
0.02
0
0
0.04
0.24
0.03
0.01
0
0
0
0.01
0.02
0
0
0
0
14.73
19.25
5.85
0.66
0.04
0
0
0.06
0.01
0.16
0
0
0.23
1.97
13.12
7.25
4.16
0.24
0.04
6.2
0.2
0.02
0.14
0.38
2.78
0.2
0.24
4.04
0
0.01
0
0
0
0
0.02
0.2
16.5
1.79
0.52
0.14
2.47
0.32
0.03
0
0.01
0.77
0
0
0
0.01
0
0.27
0.34
0.01
4.29
6.68
0.77
0
0
0
0.36
0.17
0
0
0
0.02
2.92
0.17
0
0
0
0.06
1.45
0.34
0.74
0
10.95
3.41
1.14
2.25
4.93
1.34
0.05
0
0
3.11
0.18
0
0
0.4
3.32
14.71
1.56
1.58
0.03
0.02
0
0.38
2.72
0.87
0
0
0
0.01
2.3
1.02
0
1.04
0.05
0
0
0.33
8.97
6.62
0
0
0
0
0
0
0.02
0.01
0
0
0
0
0.01
0
0
0
0
0
0.66
2.73
0.01
0
0
0
0.09
0
0.46
0
0
9.88
1.71
1.12
27.34
8.15
2.63
0.05
0
0
0.16
0.01
0
0.84
0
0
0
0
0
0.06
9.05
0.04
0
0
0
0
0
0.01
0
0
0
0
4.67
7.88
3.63
24.31
0.2
0.11
8.71
4.39
0.08
1.27
0.57
0.04
0
0
0
0.13
17.48
20
14.76
0
1.71
0.25
0.3
0.12
0.52
2.77
1.44
0.05
0.07
0.61
14.29
0
0.14
8.48
1.15
0.72
0.05
0.08
4.95
2.75
0.49
0.34
0
4.8
0.8
9.66
6.29
2.01
6.55
1.56
0
0.01
0
0.01
0
0
0
0
0
0
0
0
0
0
0
0
0
0.02
0.22
4.32
6.07
0.5
11.86
20.89
5.2
0.06
0
0
0.08
0
0
0.01
0
0.73
6.92
10.34
23.83
3.08
1.45
0.16
0.2
3.88
5.1
0.09
0.21
0
7.88
10.64
18.47
5.43
5.73
0.48
0
0.12
1.63
0.36
0
0
18.46
3.88
0.46
6.42
11.16
0
0
0
0.01
0.3
18.82
4.48
5.91
1.46
0.18
0.83
8.13
11.25
9.11
1.05
4.64
3.01
0.24
6.71
18.4
0
0.15
0
0.09
0.04
1.61
4.82
8.23
2.13
5.57
0
0
0.01
0.96
5.85
9.8
6.53
5.44
3.73
4.51
1.88
3.39
1.28
0.66
0.13
0
0
0
0
0.14
0
0
0
0.02
3.11
8.11
0.91
0.09
0
0
0
0
0.09
1.39
0.08
0.39
20.52
3.44
0.67
0.02
0
0.21
4.69
0
0.04
0
0.01
0.01
0.04
0
0.07
0.14
1.9
0.12
0
0
0
0
0
0.01
0.41
2.08
1.96
0.01
0.41
0
0
0
0
0.01
0
0.03
0.01
0
9.46
1.98
0.59
0.43
0.24
4.95
2.18
0
0
0
0
0
0
5.65
0.45
0.41
10.21
4.41
0.16
5.66
2.23
0
0.67
0.77
0.14
0.54
1.47
0
0.1
0.08
8.22
20.56
11.11
1.35
1.92
1.78
0.02
0
0.61
0
0
3.83
0.97
1.95
26.32
0.35
0.02
0
0
0
0
8.37
0.16
0.15
2.84
0.06
0
0
0
0
0.02
0
0
0.27
0.09
0
0
0
0.09
2.27
0.43
4.51
0
0
0
0
0.03
2.2
0.18
0
0
0
0
0.01
0
1.72
5.65
0.05
0
0.07
0.37
0.16
0.41
0
0
0.01
35.06
0
0.02
0
0
0
0.04
0
0.27
0
0
0
0
0
0
0.05
2.53
3.38
1.13
0
0
0.83
0
0
5.5
7.25
0
0
0
0
0
0.01
0.01
0
0.01
0
0
0
0
0
0
0.03
0
0
0
0.19
18.92
0
0
0.04
0
0.39
2.24
0.34
0
0
0
0
0
0
0
0
0
0.85
20.72
3.43
6.13
7.2
0.02
0
0
0
0
0
0.08
16.63
21.72
2.72
1.46
0.42
6.14
0.94
0.75
8.21
0.48
0.02
0.02
0
0
0.02
0.01
0
0
0.57
0.8
0.59
2.21
0
0
0.24
0
0
0
0
0
0
0.02
5.43
2.64
23.67
0.43
0
0
0
0
0.01
2.16
4.67
10.63
12.03
0.98
0.06
1.32
7.84
2.57
2.58
28.61
5.68
2.81
1.8
0.04
0.11
0
0
0.49
1.06
0
0
6.69
6.19
3.53
0.08
0
0
0
0.62
0.29
13.57
2.46
1.55
0
0.05
0.32
0.4
0
0
0.27
0
0.02
0
0
1.61
2.25
1.02
3.81
8.51
0.74
0.2
0.08
5
0.84
4.39
0.82
0.43
0.17
0.36
0
0.56
15.13
0.92
0.26
0.29
0.05
0.36
0.44
0
0
0.01
0
1.2
8.59
4.99
0.57
0
0
0.48
3.99
2.47
0
0.29
7.4
3.86
0.25
1.32
7.13
7.6
26.71
10.23
12.75
8.3
4.95
22.57
11.75
0.63
0
0
0
0
0
0
0.01
4
0
0
1.02
4.73
0.89
0
0
0
0
0
0
0
0
0
0
0.02
3.95
0.14
0.2
2.53
0.16
0.26
11.22
0.41
0.26
6.37
0.02
1.13
1.37
6.48
0
0
0
0
0
0.04
0
0
0
0
0
3.2
0.57
14.35
14.84
1.19
4.98
7.56
1.54
1.47
0.87
5.87
5.68
0.45
0.05
0
0
0.07
0.01
0
0
0
0
0
0
0
0
0
3.21
9.26
6.58
16.3
0.43
1.85
2.32
0.45
4.81
10.54
5.84
0.54
0
0
0.08
0
0
0
0.25
0.2
13.05
12.4
0
0
1.85
0
0.04
3.34
0.18
0.11
4.04
13.41
0
0
0
0.02
0
0
0
0.06
0.44
0.57
0
0
0
0
0
0.01
0
0
0
0
0
0
0
0
0
0
0
0
0
0
0
0
0.01
0
0
0
0
0
0.02
0
0
0
0.01
0
0
0
0.01
0.01
0
0
0
0
0.17
0
0.36
0.04
0
0.01
0.04
0
0
0
0.02
0.25
0.02
0
0.02
0
0
1.36
0.04
0.02
0
0.07
3.86
4.49
0.05
1.22
0
0
0
0
0
0
0
0
0
0
0
0
0
0
0
0
0
0
0
0
0
0
0
0.01
0.38
0.24
0
0
0
0
0
0
0
0
0
0
0
1.77
0.55
0.4
0.9
0.43
0
0
0
0
0
0
0
0
0
0
0
0
0
0
0.01
0.01
0
0.01
0.01
0.21
4.42
0.63
2.86
1.04
0
0
0
0
0
0.01
0
0
0
0
0
0.01
0
0
0.06
0.7
0.05
0
0
0.3
17.87
10.48
1.91
0
3.66
13.67
2.41
0
0.09
7.11
3.18
4.62
1.59
5.86
1.3
0
0
0.7
1.78
0.35
0.01
1.7
4.86
18.61
2.23
4.88
1.14
0.37
5.41
0.32
0.19
0.5
9.29
1.02
0
2.16
2.15
0.43
0.21
0.21
0.04
0
0
0
0.02
0.02
6.46
27.67
9.3
0.69
7.18
0.35
0.02
0.7
2.05
15.38
20.03
3.05
1.5
0
0
8.46
5.98
0.49
17.23
2.54
5.33
6.53
0.71
4.26
16.89
9.45
5.92
5.63
4.77
0.05
0.43
0.03
0
0.05
0
0.01
0.02
0.09
0
0.03
0.01
0.01
6.41
0.09
0.01
0.01
0
0
0.72
7.15
0.73
0.04
0.01
0
0.01
0.09
3.84
0.84
0.44
2.58
13.41
5.32
2.41
0.25
0.72
2.03
4.02
15.46
1.68
0.28
0.57
0.25
0.09
0.11
0.02
0
1.98
9.85
1.41
0.09
0.05
7.48
11.84
6.63
0.31
0
11.44
15.7
1.76
2.07
0
0
2.04
1.02
3.07
0
0.02
0.04
0
0.01
0.01
0.01
0
0
0
0
0
0.01
0
2.43
5.34
2.32
0
0
0.02
0
0
0
0.01
0
0.05
0.01
0.06
0.01
0
0.01
0.04
0
0.03
0.79
0.19
6.1
5.05
29.95
36.38
0.93
0
0
0.55
0
0
0.04
9.2
4.69
0
0
0
0.09
0
0
0.02
0.02
0.02
0.02
0.02
0
0
0
0
0
4.81
3.66
18.63
0
6.46
11.87
0
0
1.11
0.03
0
0
0
0
0.08
3.88
0
0
0
0.03
1.91
0
0.03
0.92
0.25
0
1.75
0
0
0
0
0
0
0
0
0
0.01
0
0.01
0
0
0.01
0
0
0
0
0
0
0
0
0.03
0.01
0
0
0
0
0
0
0
0
0
0
0
0
0
0
0.07
2.48
0
0.01
0
3.8
20.21
1.07
0.03
0
0
0
11.24
8.11
0.49
1.27
2.37
0.71
2.54
25.13
0.24
0.08
0.47
0
0
0
0.02
0
0.01
0
0
0
0
0.26
0.65
0.27
11.8
2.86
0
19.17
6.93
5.35
16.57
9.02
15.93
13.45
2.49
0.18
0
0.45
0.55
6.12
2
0.34
0.66
4.95
14.07
6.36
0
0
0.08
0
0
0
0
0
0
0
0
0.02
0.47
0.02
0
3.79
8.07
21.62
0.02
0.11
0.69
0
0
0.01
0.02
0.01
0
0
0
0
0
0
0
0
0
0
0
0
0
0
0
0.3
0.42
0.15
0.03
0.13
0.14
0.09
0.16
0
0
0
1.42
0.02
0
0.9
3.16
6.37
2.48
0.01
0.53
0.23
0.04
0.09
0.23
0
0
0
0
0.01
0
0
2.54
1.28
0.63
0.02
0.38
0.95
0.14
0.36
4.37
0.06
0.05
3.75
0.06
0.19
0.16
0.17
0.09
0.13
0
0
0
0.01
1.3
2.08
0
0
0
0
0
0
0
0
2.18
0.66
0
0.01
0
0.01
4.38
0.93
0.02
0.3
2.71
1.25
2.39
3.89
0.45
1.78
5.11
6.87
4.06
0
0
0.32
6.3
2.84
4.5
0.08
0.05
0.01
0
0
0
0.98
0.04
0.06
0.91
1.23
0
0
6.98
6.4
4.13
11.54
2.98
0.2
0.11
0.25
0.05
2.21
0.18
0.06
0
0
0
0
0
0
0
0
0
0
0
0
0.09
0.22
0.55
16.45
0.71
0.05
4.1
0.44
0
0
0.01
0.01
0
0
0
0.02
0.96
5.11
6.87
2.54
0
4.34
9.47
4.64
20.97
1.09
2.95
0.43
0
0.04
0
27.64
2.13
0.04
0.01
0.02
0
0
0
0
0.87
0.01
0
1.3
23.05
1.44
7.56
0.75
0
0.45
0.43
0
0
0.01
0
0
0
2.82
2.7
0.45
0
12.35
13.43
11.27
2.77
0
0
0
0
0
0
0
0
0
0
0.01
0
0
0
1.31
7.48
0
0
0
0
0
0
0.02
0.03
0.43
0
0.01
0
0
0
0
0
0
0
0
0
0
0
0
0
0
0
0
0
0.02
0
0
0
0
0
0.01
0
0
0
0
0.01
0
0
0
0
0
0
0
0.01
0.05
0.33
0
0
1.95
6.46
0.59
0.06
0
0
0
0
0
0
0.03
0
0
0
0.43
0
0.27
3.44
2.61
0.48
0
0.04
0
0.01
0
0
0
2.82
0.18
1.98
0
0
0.08
0
0.12
0
10.99
1.75
0.95
0
0
0
0
1.41
0.27
0.5
0.1
1.09
0
0.01
0.04
0
0.2
0.09
14.18
7.15
1.93
0.05
0
0.17
0
0.02
2.29
5.16
0.04
0.28
0.02
0.1
0.02
0
0
0.02
1.8
1.14
3.69
1.34
6.28
2.2
32.43
3.77
0.73
3.5
4.02
0.11
0.02
0.01
0
0.02
0.13
0
0.01
0
0
0
0
3.45
0.46
0.05
0
0.06
0.18
0.02
0.02
0
0
0
0
0
0
0.05
0
0.06
0.97
0
0.13
0.89
0.04
0.18
0.03
0.48
3.07
0.77
0
0
0
0
0
0.11
0.01
0
0
0
0
0
0
0
0
0.02
0
0
0
0.33
0.33
1.75
0.28
0
0.01
0.07
0
0
0
0.01
0.05
0
0
0
0.04
0
0
0
0
0.06
0
0
0
0.07
0.11
0.02
0
0
0
0.55
16.18
3.72
3.06
0.27
0.02
0
0.01
0
0
0.05
0.03
0.14
0.07
0
0.01
0.17
4.23
2.89
4.79
0.15
0
0.03
0.04
0.41
0.03
0
0.15
0.02
0.02
0
0.05
0
0
0
0.29
0
0.05
0.91
0.6
0.2
0.05
0.02
0
0.03
0
5.37
5.51
6.65
1.15
0
0.51
3.82
2.76
0.48
0
1.26
0.74
0.14
3.85
5.29
1.2
9.61
4.86
1.3
6.1
2.66
0.44
0
0.29
0.26
11.43
16.11
26.57
3.93
8.45
1.03
6.27
1.18
0.16
0
0
0
0
0
0
0
11.4
8.3
13.2
9.09
14.18
0
0.01
0
0.05
0
0
0
0.03
0.01
0.02
0
0
0.2
9.5
0.22
0
0.31
2.73
6.87
0.86
0
0.02
0.05
0.01
0
0
0
0
0.01
0
0
0.06
0
0.02
0.01
0
0
0.02
0
0
0.02
0
0
0
0.19
0.12
2.31
1.32
4.04
0.45
0.9
5.3
0
0.04
0
0
0
0
0
0
0
0
0
0
0.01
0.01
0
0
0.02
0
0
0
0
0.01
0
0
0
0
0
0.02
0
0.04
5.33
6.17
1.96
0.06
0.23
0.36
0.41
0
0
0.01
0.1
0
0
0
0
0
0
0
0
1.64
0
0.07
0
0
0
0
0
0.05
10.75
0.3
0
0
0
0
0
0
0
0
9.64
0
0
0
0
0
0.01
0.02
0.14
0.16
0
0.05
6.56
5.22
0
0.02
3.59
8.71
5.16
0
0.02
0
6.42
0.05
1.09
0.05
0.02
0.02
0
1.33
0.05
0
0
0
0
0
0
0
0.02
0
0
0.01
0.05
0.01
0
0
0
0.02
0
0
0
0
0
0
0
0
0
0
0
0
0
0
0
0
0
0
0
0
0
0
0
0
0.03
0
0.01
0
0.04
0
0.01
0
0
0
0.02
0
0
0.01
0
0
0
0
0.04
1.91
0.13
0.12
0.19
1.24
0.42
0.26
5.55
9.49
0.2
0.08
9.1
21.04
5.48
8.29
1.02
0
14.3
9.36
34.16
6.05
15.56
5.93
0.04
0
0
0.08
0.02
0
0.01
0.02
0.04
2.45
6.9
0.14
1.34
0.25
1.4
6.5
1.52
0.37
0.06
0.05
0
0.02
0.01
0
0
0.02
0
0.01
0
0
0
0
0
0
0
0
0
0
0
0.01
0
0
0.63
6.77
1.81
18.17
2.11
0.05
1.3
0
0.15
9.04
0.02
0.84
4.84
3.34
0
0
0.01
0.01
0
0.01
0.01
0
0.01
0.02
0
0
0
0
0
0
0.01
0.01
0
0.02
0
0
0.01
0.01
0
0.03
1.04
0.37
0.29
0.03
0.12
4.22
10.23
15.11
3.92
0.38
0.13
2.27
1.47
0.01
0
0
0
0
0
0.16
1.5
0
0.1
1.94
18.24
13.93
3.06
0
0
0
0
0
0.02
0.01
0
0.08
0
0
0
0.01
0.16
0.29
0.01
0
0
0
0.01
0
0
0.01
0
0.05
3.3
6.25
0.34
0
0.05
1.98
0.02
0.03
0
0.04
1.48
2.84
4.9
8.44
9.52
8.66
0.2
0.12
44.45
20.05
1.1
0
0
0
4.01
0
0.97
0.01
0.03
0.02
0.01
0.01
0
0
0
0
0
0.01
0
0.01
0
0.04
0.02
0
0
0.01
0
0.02
0.98
24.38
1.29
0
0.06
1.26
0
0
0
0
0
0
0
0
0
0.01
0.01
0
0
0
0
0
0
0
0
0
0.62
3.41
3.81
0
0.71
0.17
0.83
0
0
0
0
0
0
0
0
0
0
0.2
0
0
0.01
0.01
0
0.6
0
0
0
0
0
0
4.27
0
0
0.02
0
0
0
0
0.5
0.02
0
0
0
0.02
13.23
1.57
0
0.01
0.02
0
0
0.14
0.55
12.57
2.68
0
0
0
4.74
13.13
1.8
0
0.52
5.47
0
0.02
0
0
0.01
0.03
0.03
0.01
0
0.09
0.01
0
0.24
13
0
0
0.33
1.53
11.57
3.91
30.39
0.99
2.77
0
0
0
0
0
0
0
0
0
0.02
0
0
0.05
0
21.95
35.21
7.89
0.16
0
0.53
1.75
5.05
1.81
0.3
0
0
0
0.01
0
0.04
0
0.01
0.06
16.77
3.36
4.84
0.07
0.11
0
0
0
0
0
0.02
0.05
0.84
2.06
0.16
0.27
0
4.48
1.51
0.01
0.01
0.13
2.43
0.03
0.02
3.78
0.24
0.13
0.07
0.01
0.01
0
0
0
0
0
0
0
0
0
0
0
0.01
0.03
0
0
0
0
0
0
0.01
0
0
0
0
0
0
0
0
0
0
0
0
0
0
0
0
0
0
0
0
0
0
0
0.08
0.51
0.01
0.21
0
0
0.03
0
0
0
0
0
0
0
0.13
0.04
0.05
0.14
7.84
0.64
0
0.02
0
0
0
0
0
0
0
0
0
0
0
0
0
0.05
0.02
0
0
0
0.02
0.02
1.15
0
2.45
0.43
0
0
1.03
0.04
0.01
0.17
0.82
0.21
0.04
0
0.02
0
0
0
0.01
0
0
0
0
0
0
0
0.1
1.83
2.02
1.07
5.71
0.95
11.39
7.13
15.71
5.75
0.16
0.12
0
0.23
4.23
0.51
0.01
0
0
0
0.01
0
0.02
0.14
0.32
0.14
0.05
0.86
0.45
0.63
4.23
1.23
0
0
0.03
0
0.07
0
0
0
0
0
0
0
0.01
0
0
0
0
0
0.01
0
0.01
0.05
0.02
0.13
0
0
0
0
0
0.05
0
0.01
0.03
1.14
9.95
11.32
1.56
1.78
0
0.02
0
0.85
0
0.01
0.03
2.92
0.77
0.16
0
0
0
0
0.01
0
0
0
0
0
0
0
0
0
0
0
0.02
0.02
0.03
0
0
0.02
0.01
0
0
0
0
0.04
0
10.5
29.88
4.09
0
0.24
1.88
0
0
0.01
0
0.01
0
0.01
0.14
0
0.05
0
0.02
0.01
16.91
0
0
0.03
2.81
8.63
0.4
0.09
0.08
24.64
1.66
0
0
0
0
0
0
0.01
0
0
0
0
0
0
0
0.01
0.01
0
0
0.01
0
0
0
0
0
0
0
0
0.32
0.12
0
0
0
0
0
0
0
0
0
0
0
0.03
0.07
0.1
0.01
0.01
0
0
0
0
0
0
0.03
0.01
0.01
0.01
0.07
1.55
2.3
0
0
0
0
1.74
1.29
10.59
1.98
0.5
0.13
5.54
0.75
0.01
0
0.14
6.28
8.25
7.69
14.39
0.17
3.57
13.84
3.8
2.82
0.13
0
0.05
0
0.01
0
0
0
0
0
0
0.03
0
0
0
0.01
0.18
0
0.03
0.05
0.13
6.14
7.86
5.12
4.11
24.6
10.45
26.71
2.56
0
0
0
0
0
0
0
0
0
0
0
0
0.14
0.02
0
0.11
3.09
7.26
0.55
0
0.02
0.01
0
0.03
0
0
0.06
0.97
2.55
5.59
7.61
0.57
0.24
0
0.02
0.59
0
0.27
1.08
2.32
0.57
0.46
0
0.64
0
0
0
0
0
0
0
0.01
0
0
0
0
0
0
0.39
0.86
0.15
0.11
2.91
0
1.41
0.32
0.77
21.41
6.45
0
0.17
0.04
0.11
0.09
0
0
0
0
0.01
0.02
0
0.04
6.08
4.67
10.08
5.94
1.66
0.04
7.2
10.05
9.26
8.34
1.68
13.23
2.51
1.02
0.91
10.08
1.13
1.41
13.34
0.53
0.32
1.38
0
0
0
0.03
0
0.01
0.87
0
7.91
1.23
8.15
1.33
0
0
0
0
0.02
0
0
0.13
0.06
0.15
0
0
0.86
0.72
4.09
5.91
3.39
1.74
1.16
7.18
5.31
6.63
7.61
0
0.77
0
0
14.66
7.96
3.64
3.52
11.53
7.23
0.6
15.39
10.34
3
2.28
3.65
0.09
0.33
0.41
0.51
4.59
0.54
0
0
1.13
10.76
20.3
1.45
0.3
0.39
0
0
1.27
0
0
0
0
0
0
5.7
1.49
0
0
0.01
0
0
0
0.01
0.02
0
0
0
0
0
0
0
0
0
0
0
0
0
0
0
0
0
0.01
0
0
0
0.01
0
0
0.01
0
0
0
0.02
0
0
0
0
0
0.07
0
0
0
0
0.01
0
0
0
0
0
0
0.05
0.55
0.01
0
0
0
0
0
0
0.03
7.41
0.92
0
0
0
0.01
0.01
0
0
0
0
0
0
0
0
0
4.09
0
0
0
0.01
0
0
0
0
0
0
0
0
0
0.01
0
0.54
0
0
0
0.09
11.05
2.65
0.01
1.04
5.43
1.38
5.97
0.09
0
0.02
0
0
0
0
0
0
0
0
0
0
0.82
11.44
0.53
0.01
0
0
0
0
7.95
0.86
0
0
0
0.04
1.25
1.77
0.15
13.26
0.75
6.74
19.55
17.09
1.56
6.79
0.8
10.59
23.36
1.89
13.41
4.39
1.56
6.03
1.67
0.16
0.27
0
0
0
0.01
0
0
0
1.29
15.64
2.73
0.5
1.79
0.08
0.12
0.23
0.11
0.02
0.01
0
0.02
0.83
0.28
0.02
0.16
0
0.06
0.2
0.22
0.21
0.09
0.02
0
0.01
0.02
0.09
0.04
0
0
0
0
0
0.01
0
2.91
9.63
1.91
0.32
0.05
0
0
0
0.02
0.07
0.23
0.19
2.64
5.14
1.16
2.12
14.29
10.07
3.41
4.17
0.84
6.37
1.77
0.02
0
0
0
0.01
0
0
0
0.01
0.01
0.07
0.97
1.64
14.34
14.87
16.82
3.71
1.98
1.61
0.98
2.52
8.36
0.85
0
0.38
5.36
0.86
0
0.02
1.09
0
0.07
0.95
5.01
0
0.62
0.41
0.04
0
0
0
0.01
0
0.04
0.03
0.09
0.01
0.02
0
0
0.44
5.43
5.72
2.36
0.73
0.09
0.05
0.04
0
0.15
0.02
0
0
0
0
0
0.33
7.84
5
4.38
0.66
5.59
0.13
0.17
0
0
0
0
0.01
0
0
0
0.01
3.39
13.75
8.13
1.79
7.53
1.43
0.91
1.39
1.77
0
0
0.05
0.11
9.39
0.39
1.49
0.09
0.07
0
0
0
0
0
5.84
6.26
11.62
3.62
0
0
1.04
0.89
0.05
0.72
7.83
0.82
0.02
0.02
4.16
0.09
0
0.08
0.15
19.81
3.61
0
0.01
0.02
0
0.01
0
0
0
0
0
0
0.01
0
0.02
0
0.07
0
0
0
0
0
0
0.59
0
0
1
0.1
0
0.02
3.2
1.03
0
0
0
0.01
0
0
0
0.01
0
0.05
0
0.29
0
0
0
0
0
0.01
0.02
0
0
0
0.02
0.01
0
0.02
0.04
0
1.33
0.01
0
0
0
0
0
0
0
0
0
0.01
0
0
0
0
0
0
0
0
0
0
0
0.05
0.01
0
0
0
0
0
0
0
0
0
0.01
0
0
0.36
0.16
0
0.04
1.74
0.01
0
0
0
0
0
0
0
0.01
0
0
0
3.93
0.07
0.88
0.59
0
0
0
0.01
0.01
0
0.86
0
0
0
0
0
0
0
0
0
0
0
0
0
0.01
0
0
0
0
0.03
0
0
0.03
0.02
0
0
0.02
0.16
0.3
1.46
3.39
11.34
2.5
1.4
0.05
0
0
0
0.69
7.3
0.26
0
4.52
0.85
0.02
0
0
0
0.02
0
0.01
0
18.79
16.26
2.86
0.02
0.02
0.01
0
0
0.02
2.82
11.05
0.63
1.19
3.13
0.04
0.66
0.01
0.04
0
0
0.02
0.02
0
0
0.02
0
0.59
5.51
6.47
6.82
4.44
3.91
12.2
7.64
6.73
3.23
5.24
1.79
3.86
1.7
0
1.9
0.09
4.61
0.5
0.07
0
0
0
0.01
0
0.02
0
0.01
0
0
0
0
0.01
0.02
0.02
0
0.01
0.03
4.41
9.87
4.46
0
0.14
2.05
2.8
4.89
0.66
0.09
6.33
1.96
0
0
0.09
3.69
16.73
20.05
11.66
5.97
6.68
2.24
3.37
9.39
1.58
1.02
0.75
5.81
0.48
0.01
0
3.6
2.09
0.64
0.02
0.03
0.08
0.31
4.96
3.26
0.12
0.32
0.05
4.12
6.96
0.34
0.04
0.04
0.01
0.5
0.01
1.64
0.22
0.02
0.01
0.01
0.72
0.04
0.02
0.01
0.02
0.03
0.06
0.52
10.07
0.74
0.08
9.99
11.89
0.56
0.56
0.14
0.59
2.33
0.37
0.04
1.34
2.74
2.31
0.23
0.07
0.03
0
4.67
0.55
4.59
12.92
4.67
2.15
1.06
0
0
0
0
0.77
0.02
4.09
17.35
2.8
0
0
0.01
0.04
0
0
0.4
0
0
0
0
0
0
0.03
0
0
0.04
0.01
2.73
0
0
0.04
0
0
0
0
0
0.01
0
0.01
0
0.05
0
0.03
0
0
0.01
0.05
0.03
0.05
0
0.08
0.31
1.46
0.39
0
0
0.02
0
0.02
0.05
0
0
0
0
0
0.14
0.09
0.02
0
0
0
0
0
0
0
0
0
0
0.02
0.02
0
0
0.02
0.04
0.01
0
0.02
0.23
6.26
0.09
0
0
0
0
0
0
0
0
0
0
0
0
0
0
0
0
0
0
0
0
0
0
0
0
0
0
0
0
0
0
0
0.01
0.01
0.06
5.28
7.18
0
0
0
0.02
0.11
0.09
0.13
0.37
0
0.2
5.66
0
0
0
0.05
0
5.23
9.51
1.27
3.81
0.56
0.72
0.06
0
0
0
0
0
0.04
0.02
0.17
0.06
0.02
9.88
0.78
9.43
1.27
0.09
0.04
0.04
0.44
1.37
0
11.14
8.89
15.48
5.99
1.02
0.05
0
0
0.07
2.59
8.58
0.88
0
0
0
0
0
0
0
0
0
0.01
0
0.01
0
0
0
0
0.33
0.47
3.5
12.39
2.2
0.02
0
0
0
0
0.66
0.38
0
0.02
0.01
0
0
0
0
0
0
0
0
0
0
0
0.48
4.76
0.01
0
0
0.23
16.75
1.13
0.2
0.01
0
0
0.02
0.29
3.96
0.18
0.02
0
0
0.05
0
0
0
0
0
0
0
0
0
0
0
0.01
0.15
30.57
4.05
0.37
22.89
10.32
0.67
0.61
0
0
0
0.57
0.06
0.14
2.18
0.36
0.36
2.61
6.06
2.64
4.44
14.01
3.37
0.15
0.15
5.05
0
0.41
0.16
0.02
0.02
0.02
0
6.06
9.12
0
0.02
0.01
0.15
24.7
8.32
0.5
0.05
0.03
0
0.05
0.46
5.02
6.18
0.09
0.05
0
0
0
0
0.23
0
0
0
0
0
0
0.1
3.31
0
0.02
0.01
0
0
0.03
0
0
0
0
0
0.85
1.53
0.01
0.03
1.28
0.05
0.41
0.01
0.01
9.57
6.43
11.57
3.54
2.07
12.59
15.53
1.75
1.32
0
0
0
0
0
0
0
0
0
0
0.02
0.07
0.47
3.7
0.43
0
0
0
0.02
0
0
0.08
0
0
0
0
0
0
1.54
0.19
0.99
0
0
0
0.05
9.4
10.82
0
0
0
0
6.62
10.59
1.09
0.02
0.02
4.43
0.08
0
0
0
0
0
0
0
0
0.01
0.02
0
0
0
0
0.01
0.14
1.82
0
0
0
0
0
0
0
0
0
0.52
0
0
0.02
0.29
0.88
10.35
0.27
0.03
0
0.19
5.81
1.94
5.05
0
0.05
0.05
3.48
0.15
12.67
6.92
0.25
0
0
0
0
0
0
0
0
0.03
19.68
0
0
0
2.35
0
0
0
0
0
0
0
0.03
0.01
0
0
0.01
0
0.01
0.01
0
0
0
0
0
0
0
0.05
0.18
0
0
0.01
0
1.32
0.54
2.09
0
0
0.03
0.15
0
0
0.02
0
0.01
0
0.03
0
0
0
0.02
0
0
0
0
0.05
0
2.95
1
0
0
0.23
2.5
1.01
0
0
0
1.13
9.02
1.22
0.52
2.48
4.67
0.15
0.02
0.08
16.56
15.93
5.63
0.05
0.04
0.11
0.8
0.01
0
0
4.44
2.15
2.36
21.34
13.05
7.47
0.16
0.35
2.59
0
0
0.01
0
0.01
0.45
0.8
4.88
0.34
7.23
28.48
4.81
0
0.02
0
0
0.73
0.29
0
0
0
0
0
0
0.01
0.74
1.88
3.99
0.73
0.45
0
0.02
0.03
0
0.57
7.2
12.69
8.45
3.33
0.37
0.07
3.27
5.08
8.46
29.08
4.62
3.65
2.17
0.48
0
0.01
0
0.02
0.12
0
0
0
0
0
0.1
0
0
0.21
0.02
12.99
0
0.81
0.3
0
3.82
0.34
0.02
0.02
0.02
0.2
11.42
2
7.14
6.36
5.04
3.28
10.27
0.31
0.07
0
0.01
0
0
1.54
8.21
4.46
4.41
2.36
9.18
0.23
0.01
0.53
0.04
0.88
1.81
0.48
3.39
0.79
0.01
0
0
0.18
0
0
0
0
6.13
1.82
0.27
0
0
0
0
1
0.01
0.05
0.26
0.26
0
0
0.01
0
0.02
1.22
0.03
0
0
0
0
0
0
0
0.63
0.06
0
0
0
0
0
0.03
0.54
0.02
0
0
0
0
0
0.01
0
0.06
0.01
0.09
11.36
12.86
16.8
2.04
4.48
1.78
1.94
0.09
0.68
13.89
2.09
1.05
0.03
0.14
1.93
2.2
6.08
2.13
0
0
0.39
0.06
0.3
14.91
6.31
2.31
0.08
0.02
0.41
2.7
1.74
2.03
8.35
0.05
0.35
0.03
1.54
2.63
10.48
12.27
9.95
7.34
0
0
0
0
0
0.01
0
0.07
0.36
0.08
4.73
0.57
1.31
0.05
0.02
0
0
0
0
0
7.1
0
0
0
1.88
37.29
20.84
3.25
2.18
1.55
5.77
0.49
9.3
0.35
6.56
0
0
0
1.16
1.79
6.01
0.66
0
4.69
1.26
2.75
6.53
8.61
0
0.8
1.04
2.73
0.23
0
0
0
0
0
0
0
0.08
0
0
0
0.01
0
0.03
0
0
0
0.85
0
0
0
0
0
0
0
0
0
0.08
0
0
0
0
0
0
0
0
0
0
0
0.02
0.31
0
0
0
0
0
0
0
0
0
0
0
0
0
0
0
0.01
0.05
0
0
0
0
0
0
0
0.27
0
0
0.04
0
0.02
0
0.02
0
0
0
0
0
0
0
0
0
0
0
0
0.42
11.27
0.01
0.05
0.01
0.01
0
0.09
0
0
2.02
1.2
2.78
0.58
0
16.91
17.29
17.39
3.88
8.16
0.28
0.01
0.01
0
0
0
0
0
0
0
0.3
4.88
0
0.22
0.06
0
0.02
0.01
0.02
9.72
0.99
0.03
0.11
15
6.79
1.85
0
0
0
0
0
0
0.05
0.02
0
0
0
1.36
0.44
0.15
0
0.07
16.4
3.41
0.13
0.2
0
0
0.02
0
0
0
0
0.02
0
0
0
0
0
0
0
0
0.02
0
0
0
0
0
0
0
0
0
0
0
0
0
0.01
0
0.16
6.45
0.49
0
0.01
0.04
0.02
0
0
0
0
0
0.02
0.06
0.09
0.25
0
0
0
0
0
0
0.4
0.02
0
0.01
0.02
0
0
0
0
0
0.08
4.95
4.95
3.65
0.38
0.03
0
0
0.03
0.01
0
0
0
0
0.03
0
6.57
7.69
11.57
2.84
8.27
5.41
0
0
0
0
0
0
0.05
1.45
0.04
0
0
0.02
0
0
0.01
0.02
6.52
2.6
0.51
0
0
0
0
0
0
0
0
0.36
9.24
1.94
13.99
9.43
0.55
8.46
7.89
4.86
1.6
5.49
5.17
3.3
0.57
0
3.44
5.9
3.7
0
0.1
0.08
0
0
2.24
1.63
0.44
9.38
8.27
11.11
11.59
2.9
0.02
0
0.09
0
0
0
0
0
0
0
0.01
0.12
0.03
0
0.03
8.13
3.96
0
0.29
0
0
0.18
0
0
4.76
0.47
7.03
34.32
0.77
0.27
0.19
0
0.93
4.26
3.63
3.43
2.15
0.05
0
0.03
0
0.16
0
0.04
0.23
0
0.06
0
23.07
0
0
1.91
12.31
0
0
0
0.06
2.76
0.3
0
0
0
0
0
0.16
0
0
0.22
0
0.03
0.01
0.01
0
1.1
0.02
2.86
0
0
0.01
0
0.05
0
0
0.52
0.02
0.29
0.3
0
0
0
0.01
0
0.02
0
0.03
0.01
0
0.26
0
0.06
0.34
0
0.02
0
0.13
5.13
0
0
0
0
0
0.01
0
0.21
1.03
0
0
0.02
0.02
0.53
0
0
0
0
0.01
0.08
0.04
0
0.01
5.3
9.58
2.22
1.6
11.84
3.08
0.2
4.09
0.16
0
0
0
0.01
0
0
0.02
0.04
0.52
0
0
0
0
0
0
0
0
0
0.01
0
0
0
0
0.01
0
0
0
0
0
0
0
0
0
0
0
29.91
3.52
0
0
0
0
0.01
0
0
0
6.28
0.05
0.02
0
0
0
0.33
0.15
0
0
0.01
0
0
0.02
0.04
0.03
0
0.01
1.79
0.21
3.6
6.93
2.72
18
7.89
16.52
7.9
3.05
3.52
4.59
7.4
6.49
0.77
2.39
4.87
3.04
0.27
2.88
1.88
4.4
4.05
1.25
4.02
10.12
0.9
0.18
9.65
5.84
4.25
0.86
13.06
23.31
8.87
0.87
0.76
4.6
0.78
0
0.11
4.3
10.16
0.13
0.16
0.27
0.16
0.04
6.08
6.42
4.13
2.8
0.19
0.22
0.15
0.09
0
0.8
0
0
0
0
0
0
0
0
0.02
0.01
0.03
0.02
0
0
0.41
0.63
4.82
3.05
2.59
0.65
6.36
0.93
0.07
0.01
0
0.01
0.04
0
0
0
0
0
0
0
0
0
0
0
0.01
0
0.02
0.05
0
0
0
0
0
0
0
0
0.31
0.18
0.04
0
0
0.1
2.53
0.03
0
0.96
0
0.01
0
0
0
0.07
0
0
0
0
0.07
4.68
1.98
1.58
0.02
0
0.01
0.01
0.04
0.34
3.11
0.62
0.41
2.22
10.61
5.34
3.18
4.83
1.25
0.96
0
0.02
0.08
0.02
0.29
0
0.01
0
0
0.08
0.05
0.22
0.25
0.32
7.41
0.87
0
0.04
0.52
1.08
4.78
0.68
0
0
0
0
0
0.02
0.47
0.87
0.33
3.15
0.02
0
0.36
1.18
0.05
0.03
0.11
0
0
0.09
0.66
0.01
0.02
0.43
0.31
0.02
0.01
0.01
0
0
0
0.13
7.12
0
0
0
0
0
0.23
0
0.36
10.89
1.38
0
0
0
0
0
0.02
0
0
0
0
0
0
0.2
0
0
0
0
0
0
0
0
0.01
0.01
0
0
0
0
0
0
0
0.08
0.02
0
0
0
0.02
0
0.07
0.79
0.24
0
0
0.75
9.2
1.74
0
0
0.05
4.95
0.48
0.09
0.02
0
0
1.56
3.71
1.65
6.01
0
0.02
0.01
0
0
0
0
1.66
24.78
0
4.34
0.1
0
0
0
0
0
0
0
0
0
0.03
0.02
0.03
0
0
0.01
21.51
12.38
0.03
0
0
0
0.01
0
14.91
1.66
0
0.01
0.04
0
0
0
0
3.52
0
0
0
3.87
0.09
2.25
5.82
4.83
0.93
0
0.02
3.92
0.39
0.03
0.04
0
0.03
0.01
0.88
1.66
5.33
1.11
14.86
0.2
1.42
13.25
16.62
4.6
3.04
0.13
0.27
6.67
6.75
1.45
0.9
8.62
0.89
0.01
0.01
0
0
0.07
8.52
11.92
4.55
0.51
0
0
0
0
0.07
0
0
0
0
0.05
5.21
0.33
8.8
15.51
1.57
0.38
0.37
0.29
0.21
0.02
0.03
0
0
0
0.02
0
0.54
11.91
2.77
0.99
0
0.02
0.01
0
0
0.02
0
0
0.02
0.03
0.01
0
0
0
4.28
0.3
1.27
0.87
0.22
0.16
0.16
0.02
0
0
0.01
0
0.21
3.75
0.32
0.21
0
0.07
0.75
0.04
0.06
0.01
0
0.06
0.04
0
0.02
0.09
0.06
0.34
0.05
0.32
0.78
0
0.01
0
0.08
0.38
5.18
12.23
0.09
0
0.2
4.36
0.26
0.04
3.29
0.09
0
0.01
0
0
0
6.81
6.49
4.45
2.92
0.05
0
0.01
0
0
0.02
0.32
3.94
16.77
2.55
0.34
0
0.68
5.91
10.95
6.76
4.25
3.08
0.13
0.01
3.49
6.45
0.93
0
5.86
6.61
0.27
0
0.55
0
0.39
0.2
1.2
0.34
6.23
0.61
0.02
0.01
0.02
0.33
0
0
0.92
5.66
0
0
0
0
0.03
0
0.02
1.27
1.32
15
18.6
2.7
3.34
0.03
0
0
0.01
0
0
0
2.14
0.09
0.07
0.03
0
0
0.66
0.18
0.03
0.05
0.07
0.02
0.05
0.81
0.07
0.12
0
0
0
0
0
0
0
0
0
0
0
0
0
0
0
0
0.01
0
0.55
1.66
6.29
2.4
0.41
0.19
0.04
0.04
0.01
0.01
0
0
0
0.01
0
0.02
0.02
1.97
0.05
0
0
0
0.01
0
0.01
0
0.01
0
0
0
0
0
0
0.48
5.35
1.19
0.66
0.05
0
0
0
0
0
0
0.07
0
0
0
0.01
0
0
0
1.57
0.01
0.01
0
0
0
0
0
0.02
0
0
0
0
0
0
0
0
0
0
0
0
0.01
0
0
0
0
0
0
5.76
0.01
0
0
0
0
0.01
0.03
0.05
1.69
0
0.66
0
0
0
0.02
0
17
26.04
8.62
4.21
0
0.01
0
1.66
0.54
0.03
0.01
0
0
0
0.04
0
0.15
0.38
27.72
0
0.06
0.05
0.06
0
0.04
20.18
0
1.67
0.14
0
0.04
0.01
0
0
0
1.09
26.69
21.6
4.26
8.18
1.48
1.4
0.05
0
0.01
0
0
0
0
0.95
2.3
0.99
11.12
3.48
1.36
0.66
0
0
0
0
0.09
3.41
5.99
0.11
0.02
0.02
0
0
0
0
0.31
7.44
1.66
7.18
0.01
0.01
5.51
2.2
0.34
0.08
0.01
0.01
0
0
0
0
1.56
20.51
4.98
5.64
6.02
1.5
0.03
0.02
0.01
0.05
0.36
0.24
0.01
0.04
0.3
0.43
4.71
1.64
0.23
0
0
0
0.02
0
0
0
0
0
0
0
0
0
0
0
0
0
0
0
0
0
0.36
1
1.44
0.03
0
0.43
0
0
0.02
0
0
0
0
0
0
0.16
0.07
0
0
0
0
0.01
0
0.02
0
0
0
0
0
0
0
0
0.13
0
0
0.13
3.16
0.05
0
0
0.02
0.13
12.76
4.01
0.23
0.05
0.01
0.49
7.75
2.61
0.13
0
0
0.02
2.08
0.18
0.09
0.16
0.4
0
0
0
0.01
0
0
0
0
0
0
0
0
0
0
0.08
0
0
0.23
0.13
0.02
0.41
0.01
0.01
0.35
8.03
4.8
5.35
10.45
6.89
2.37
1.8
1.25
0.64
1
0.01
0
0
0
0.01
0
0
0
0
0
0
0
0
0.01
0
0
0
0
0
0
0
1.5
9.29
4.95
0
0
0
0.95
1.11
0.01
0
0
0
0
0
0.03
0.01
0
0.05
0
0
1.04
1.41
0.14
3.19
0.19
0
0
2.66
8.68
25.38
9.45
2.73
1.38
0.92
1.32
0
0.69
0.06
0
2.36
0.95
0.13
0
5.37
13.16
4.18
26.59
3.71
0
0.11
0
0
0.66
14.97
5.27
0.34
0.02
0
0
0
0
0.06
0
0
0
0
0
0
1.15
0
0
0
0.01
0
0.02
0
0.29
0.02
0
0.01
0
0
0
0
0
0
0
0
0
0.64
6.08
0.96
0
0.06
7.74
0.26
0.16
2.25
2.4
3.95
0.14
0
0
0
0
0
0
0
0
0
0.59
6.5
0
0
0
0
0.92
0.06
0.02
0.01
0.23
0.05
0.01
0.13
0
0
0.01
0
0
0
0.01
0
0
0
0
0.02
0.01
0
0
0.02
0
0.02
0
0
0
0
0.01
0.02
16.63
5.77
3.54
2.77
0.01
0.01
0
0
0
0.02
1.78
0.06
0.95
5.83
0.87
1.49
8.6
4.79
1.29
0
4.38
14.88
3
9.46
11.2
0.11
0.03
0.12
0.03
0.02
0
0.49
3.44
3.02
10.4
9.77
1.48
0.16
0.01
0
0
0.43
0
0.01
0
0.01
0
0.01
0.01
0.01
0.02
3.74
0.04
0
0
0
0
0
0
0
0
0
0
0
0
0
0
0.46
2.23
0.98
15.31
1.87
7.92
1.73
0
0.57
0.45
0.17
0
0.3
1.56
6.31
6.1
0.61
0
0
0.44
0.17
0.63
1.06
0.19
1.13
0.27
0.11
0.02
0
0
0
0
0
0
0
0
0
0
0
0.03
0.03
0
0.02
0
0
0
0
0
0
0
0
0
0
0
0
0
0
0
0
0
0.36
0.24
0.24
0.24
0.05
0.37
0.11
0.11
0.1
0.02
0.36
2.3
1.7
1.48
0.05
0.02
0
0
0
0
0
0
0
0
0
0
0.04
1.5
0.34
0.15
0.32
0.55
0
0.01
0
0
0
0
0
0.36
0.68
0.23
3.57
2.3
0
0
1.77
0.01
0
0
0
0.01
1.29
2.48
0.79
0
0
0
0
0
0
0
0
0.01
0.01
0
0
0.01
0.09
0.23
0.02
1.16
2.05
0.83
5.16
1.1
1.64
0
0
0
0.04
1.2
0.38
2.9
13.02
7.84
3.71
4.77
3.52
4.89
2.91
2.18
0.65
0.3
0.03
0.01
0.2
0.34
1.11
7.63
6.86
4.02
2.37
12.14
1.05
0
0
8.51
9.29
0.73
0.13
0
0.75
8.36
16.91
11.97
3.5
1.99
0
0
0.02
0
0
0
5.68
0
5.89
2.83
2.28
14.04
8.67
0.63
0
0
0
0
0
0
2.25
1.64
0.19
0
0
0.21
0
0
0
0
0
0
0.02
0.66
4.33
0.24
0.04
1.75
0
0
0
0
0
0.01
0
0
0
0
0
0
0
0
0
0
0
0
0
0
0
0
0
0
0
0
0
0
0
0
1.41
0.39
1.49
0
0.03
0
0
0
0
0.01
0
0
0
0
0
0
0.01
0
0
0.02
0.65
0
0.01
0
0
0
0
0
0
0
0
4.52
0
1.02
0.34
8.34
0
0
0
0.01
0
1.3
0.14
0.02
0.02
1.09
0.03
1.6
8.11
2.85
2.88
0
0
0
0
0.52
5.86
1.35
2.96
1.34
0.6
5.91
9.75
5.9
3.38
7.01
5.4
6.46
17.88
3.66
2.01
2.76
2.65
6.23
5.29
0.09
0.04
0
0
0
0
0
0
7.26
19.21
1.18
0.05
2.3
8.83
2.96
2.75
13.68
6.19
7
6.06
1.36
0
0.12
0.02
0
0
0
0
0.01
0
0
0
0
0
0
0
0.08
0
0
0
0
3.97
0.38
7.74
0.7
0
0
0
0
0
0.01
0
0
0
0
0
0
1.18
0.21
0
0
0
0.34
0.17
0.22
0.55
0.02
0.02
0.07
0.13
1.63
0.2
0.09
0.19
0.16
0.01
0.41
4.02
0.47
9.23
10.71
1.76
5.91
10.22
2.14
1.28
0.95
0
0
0
0.02
0.01
0
0
0
0
0
0
0
0
0
0
0
0
0
0
0.01
4.65
8.82
1.4
1.69
0
1.17
0
0.01
0.01
0
0
0.04
1
0.31
1.46
0.91
0.01
2.28
0.48
0.02
1.86
0.52
0
0
1.95
4.45
3.03
0.23
0.16
0
0
0
0
0
0
0.01
0
0.05
0.38
0
0.02
0
0
0
0
0
0
0
0
0
0
0
0.02
0
0
0
0
0
0
0
0
0
0
0
0
0
0
0.02
0
0.01
0
0
9.25
3.75
0.03
0.71
6.47
2.33
0.2
1.62
2.84
2.77
0.1
0.02
0
0
0
0
0
0
0.01
0.08
0.49
1.67
4.07
0.23
0
0.18
0.09
0.06
4.86
1.2
6.07
4.09
1.74
0
3.39
0.23
0.04
0.15
2.63
0.46
0
0
0
0
0
0
0
1.43
0.11
0.07
0
0
0.04
0.33
0.44
0
0
0
0
0
0
0
0
0
0
0
0
0
0
0
0.01
0
0
0
0
0
0
0
0
0
0
0
0
0
0
0
0
0
0
0
0
0.32
0.12
0
0
0
0
0
0
0
0
0.01
0
0
0.01
1.31
0
0
0
0
0
0
0
0
0
0
0
0
0
0.01
0.01
0.05
0.01
0
0
0
0.01
3.69
0.01
0
0
0
0
0
0
0
0.02
0.01
0
0
0
0
0
0.51
0
0
0
0
0
0.01
0.02
0.36
0.13
0
0.01
0
0
0
0
0.02
1.37
5.79
0.57
0.01
0
1.66
2
1.5
4.02
12.42
2.79
1.2
1.34
13.42
0.02
0.58
0
6.75
0.19
0
0.14
0.17
14.01
4.47
2.18
1.03
3.54
0.93
1.1
0.91
6.21
0.41
0.04
2.7
1.5
10.41
0.09
0
0
0.02
0
0
16.15
14.19
0.99
4.22
3.88
5.83
7.22
1.01
1.11
7.15
0.41
0
0
0
0
0
0
0
0
0
0
0
0
0
0
0
0
0
0
0
0.02
0.04
1.4
0.06
4.77
0.36
0.42
0.66
0
0.02
0
0
0
0
0.04
0.8
0.25
0
0.06
0
0
0
0
0
0
0
0.73
0.57
11.59
2.24
1.3
0.64
0
0.03
0
0
0
0
0
0.01
0.01
0
0
0
0
7.28
4.7
0.18
2.26
0
0.02
0.08
0.44
0.24
0.11
0
0.11
0.51
0.48
0.01
0
0
0
0
0
0
0.03
1.38
0.69
0.02
0.09
13.18
5.49
0.41
0
0.02
2.55
0.17
0
0
0.17
0.01
0
0
1.83
0.3
0
0
0
0
3.93
1.36
0.07
0.03
0
0
0
0.48
0.05
0.05
0
0
0
0
0
0
0
0
0
0
0
0
0
0
0
0
0
0
0
0
0
0
0
0
0
0
0
0
0
0
0.01
0
0
0.01
0.11
0
0
0
0
2.3
1.44
1.09
3.83
0.65
0
4.58
1.57
0.15
0.1
0
5.84
0.08
1.12
0
0.34
1.88
7.37
4.93
2.66
5.71
0.37
0
0.05
0
0
0.01
1.23
0
0
0
0
0
0
0
0
0
0
0
0
0
0
0.02
0
0
0.52
0.04
2.12
6.16
6.66
2.81
0.05
0
0
0
0
0.06
0
0
0
0.18
0
0
0.05
8.38
4.21
0.53
3.27
3.34
3.48
2.75
0
0
0
0
0
0
0
0.01
0.01
0
0
0
0
0
0
0
0
0
0
0
0
0
0.02
0
0
0
0
0
0
0
0.04
0.01
0
0
0
0
0
0
0.06
6.8
4.02
0.51
0
0
0.55
0.04
0
0
0.02
0
5.24
20.63
0
6.51
0.09
0
0
0
0
0
0
0
0
5.12
0.02
1.47
0.83
1.69
0.43
0
0
0
0
1.02
0
0
0
0
0
4.07
2.25
0.01
0.05
0.01
0.02
0
0
0
0
0
0
0
0
0.01
0
0.08
0.07
0
0.02
0
0
0
0.2
0.03
0.11
0.84
0.13
0.02
0.25
0
0.02
0
0
0
0.15
1.44
0.23
0.01
0
0
0
0.01
0
0
0.02
0
0
0
0
0
0.01
0.07
11.47
25.77
4.8
1.7
1.55
2.94
15.68
8.27
1.13
1.04
0.08
0.11
0.05
0
0
7.45
0.56
2.04
0
0.03
1.83
0.09
0
1.76
8.09
0.12
1.25
2.72
1.47
1.1
0
0.06
0.02
0.01
0.75
12.53
1.07
0.09
1.48
1.08
0.73
0.25
10.79
3.53
4.16
7.26
4.32
11.59
1.94
21.77
16.18
23.63
1.82
0.29
0.01
12.38
8.2
13.41
2.23
7.34
6.1
2.38
14.13
1.91
0
0.49
0.93
0.78
0.52
0.44
4.34
2.94
8.73
5.9
22.53
2.42
1.71
1.21
1.63
8.03
2.31
0.54
5.34
11.98
4.48
2.42
3
5.75
4.09
0.44
0.42
0.39
0.88
0.32
0.07
1.07
0.26
0.05
0.14
0
0.11
0.91
0.5
0.05
0.02
0
0.1
1.45
9.21
0.19
1.91
0
0
0
0
0
0
0
0
0.14
0
0
0.02
0.02
5.88
1.85
0.83
0.16
0.64
0.49
2.46
0.07
0
0
0.08
0.03
0
0.56
0
0.64
19.52
10.52
7.09
8.06
1.48
0.02
0.01
1.49
4.52
1.65
1.31
0
0
0
0
0.05
0
0
0.07
0
0
0
0
1.51
5.01
0.27
0
0.02
0
0.17
1.57
0.75
1.77
0.81
3.13
0.14
0.03
2.02
22.44
6.82
1.66
6.11
12.72
7.15
0.75
0
0
0.01
1.23
4.05
5.99
3.42
0.97
0
0
0
0
0
0
0
0
0
0.29
6.32
0
0
0
0.11
0.02
0
0.01
0
0.02
1.54
0.03
0.01
0
0
0
0
0
0.18
0.46
0.25
0
0
0
0
0
0
0
0
0
0
0
0
0
0
0
0
0.02
0
0.01
0
0
0.04
0.09
0.16
0.26
0
0
0
0.02
0
0
0
0.29
1.31
0.02
0
0
0
0.01
0
0
0
0
0.01
0
0
0
0.77
0.03
0
0.02
0.01
0
0
0.18
20.51
0
0
0
0.06
0
0.08
0.04
0
0
0
0
0
0.05
1.05
0.01
0
0
0
0.03
0.18
0
0
0.04
1.76
1.55
0.54
2.75
0.98
0
0.16
0.05
0.24
1.5
1.97
4.13
17.45
4.15
0
0.02
0
0
0
0
0
0
0
0
0
0.01
0
0
0.02
0.03
0
0
0
0
0.15
14.2
1.4
0.95
0
0.77
1.6
0
0
0
0
0
0.02
0
0
0
0
0
0
0
0
0
0
1.41
0.39
0.32
0
0.89
0
19.3
25.35
7.09
9.03
2.89
0.89
10.34
7.11
1.21
3.7
1.49
1.38
0.36
0.38
0.19
0.4
0.25
0
0
0
0
0
0
0
24.77
3.7
5.67
0.69
1.84
0.69
3.84
14.47
17.63
14.99
2.41
0.11
3.75
5.74
8.15
5.67
12.37
9.16
4.05
7.86
6.37
4.09
0.79
2.15
2.73
11.68
7.56
12.62
5.11
9.58
5.52
3.13
12.85
6.59
16.45
15.64
2.9
1.96
0.38
0.55
1.04
1.16
1.99
7.48
3.02
10.71
22.18
12.45
3.39
7.32
0.98
0.77
1.38
0.15
0.73
0.17
0.2
0
0
0
2.18
0.73
0.17
0
0
0
0
0
0.01
0
0
0
0.46
0.04
0
0.06
0
0
0
0.03
1.13
0.32
0
0
0
0
0
0.01
0.02
0.05
0
0
0
0
0
0
0
0
0
0
0
0
0.01
0
0
0
0
0
0
0
0
0.01
0
0
0
0
0
0
0
0.31
0
0
0.01
0
0.08
0.09
0.05
0.02
0
0
0
0
0
2.49
5.6
7.2
8.28
6.52
0.16
0.05
0.01
0
0.11
0.01
0.02
0.01
0
0
0.01
0
0
0.8
3.53
1.23
1.34
0.15
0.01
0
0.71
0
3.45
2.41
2.86
3.33
1.97
0.37
0.01
0.17
1.16
1.08
6.36
9.61
0.61
1.75
0
0.03
0.05
12.29
8.25
1.91
0.49
11.09
11.43
1.14
0.18
0.13
0
0.01
0
0
0
0
0
0
0.05
3.85
1.13
0.01
0
0
0
0
0
0
0
0.01
1.27
0.26
0.01
14.67
10.23
1.89
0
0
0.16
0
0.25
0.7
0.2
0.03
0
0
1.55
0
0.16
0
0
0
0
0.05
0.19
9.4
2.23
1.26
0.71
1.02
0.04
0.05
0
0.01
0
0
6.98
0.21
2.98
0
0.88
7.59
1.91
8.05
0
0
0
0
0
0.06
0
0
0
0
0.01
0.51
7.74
0
8.8
0.45
0.66
0.02
0
0
0
0
0
0.01
0
0
0
0
0
0.01
0.02
0.02
0
0.23
2.16
5.72
1.29
0.02
0
0.25
0.57
0.02
0.01
0.01
2.04
1.8
2.65
0.82
0.63
0.04
0.32
0
0
0.77
0
1.22
1.73
0.03
0
0
0
0
0
0
0
0
0
0
0.01
0
3.01
3.83
3.42
0.1
0.7
0.55
0.7
2.29
4.54
0
0
0.01
0.15
12.85
6.95
5.48
15.33
11
11.87
7.19
3.52
7.74
13.61
2.61
18.69
0.28
0.04
0.52
1.7
7.52
1.94
1.55
12.38
3.03
1.49
2.76
12.24
4.59
0.75
2.36
0.17
0
0
0.03
0.06
22.91
0
0.02
0
1.16
1.26
0.55
1.33
7.25
0
0.16
4.61
8.47
18.3
5.63
3.28
1.79
6.52
7.63
2.1
0.62
2.19
0.83
0.68
1.27
4.32
2.36
8.69
0
0.67
1.11
0.79
0
0.12
0
0
0.01
0
0.55
3.13
1.69
0.02
0.01
0
0
0.34
0
0.32
0
0
0.29
0.41
1.75
5.98
2.34
1.47
3.13
1.92
5.26
3.4
13.16
6.39
7.2
0.31
0.41
0
0.88
3.54
0.08
0
0
0
0
0
0
0
0
0.01
0.03
6.96
0
0
0
0
0
0
0
0
0
0.18
0
0
0
0
0
0
0
0.01
0.02
0
0
0
0
0
0
0
0.03
0.02
0
3.63
0.06
0
0
0.01
0.1
8.41
0.07
6.45
0.04
0
1.45
0.2
1.98
1.91
0.89
0
4.89
4.34
1.74
0.13
0.67
11.64
2.26
10.58
1.81
0
0
0.52
0.34
4.06
0.12
0
0
2.68
0
17.54
6.11
1.58
2.13
4.77
0.16
0.15
0
0
0
0
0.12
9.63
11.55
2.96
6.38
15.68
9.03
0
0.49
0.18
8.05
4.29
4.39
2.34
5.4
8.45
0.93
2.3
9.15
2.18
8.96
0.84
0.95
0.11
0
1.06
0.78
23.07
0.06
0.02
0
0
0
0
0
0
0
0.18
0
0
0
0
0
0
0
0
0
0
0
0
0
0.02
6.74
4.27
0
0
0
0
0
0
0
0
0
0
0
0
0
0
0
0
0
0
0
0
0
0
0
0
0
0
0
0
0
0
0.66
0
0
0
0
0.01
0
0
0
0.09
0.01
0.08
0
0
5.73
0.61
0.03
0.47
5.89
0.95
0
0
0
0.01
0
0
0
0
0
0
0
0
0
0
0
0
0
0.05
0
0
0
0.04
0
0
0
0
0
0
0.01
0.17
0
1.14
12.09
5.02
0
5.35
2.81
3.57
14.56
0.98
0.54
0
0.02
2.27
10.34
7.7
1.73
0
0.27
0.61
0.52
0
0
0
0
0
0
0.01
0.05
0.01
0
0
0.09
0
0
0
0
0
0
0
0
0
0.03
0.7
1.2
10.27
0.66
0.75
0
0
0
0
0
0.01
0.01
0
0
0
0
0
0
0
0
0
0
0
0.03
0
0
0
0
0
0.05
0.4
0.16
0.47
0.1
0.05
0
0.87
0
0.13
0.49
0.11
0.17
0.7
0
0
0
0
0
1.44
0.03
0
0
0
0
0
0.25
1.23
6.23
8.17
5.92
0.86
0
0.05
0.01
0.02
0
0.02
0.1
3.93
0.05
0.01
0
0
0.04
0
3.21
1.7
0
0
0.05
0.31
2.13
0.57
0
0
0.02
0.01
0
0
0
0
0
0
0
0
0
0
0
0
10.1
1.73
0
0
0
0.02
0
0
0
0
0
0
0
0
0
10.03
1.41
0
0.57
1.96
0.21
0
1.79
0.98
0.02
0
0
0
0
0.14
13.6
6.44
0.9
0.77
5.23
1.19
0.11
0
0
0
0
0.02
0.41
8.51
5.7
1.99
2.27
0.13
0.03
0.02
0.01
0.02
0
0
0
0
0.03
0.03
0.02
0.01
0.01
0.02
0.23
0
0.33
0.62
10.3
1.09
0.05
0.01
1.93
0.82
0
0
0.02
1.68
5.77
25.72
14.78
2.89
1.18
0.72
4.11
4.5
0.98
1.23
4.4
0.93
0
0.01
0
0
0
0
0
0
0.13
4.96
6.18
1.61
0.3
0
0
0
0
0
0.02
0
0
0.01
0.13
4.23
10.33
0
0
0
0
0.18
0.06
8.51
7.83
0
0.41
0
10.49
0
0
0.97
0.02
0
0
0
0.01
0
0.01
0.2
0
0
0
0.31
0
0
0
0
0
0.12
0
0
0
0
0
0.07
0.07
1.95
0
0
0
0
0
0.02
0
0
0
0
0
0.01
0.45
6.6
4.93
0.03
0
0.04
0
0.01
0
0
0
0.01
0.11
1.17
0
0
0
0
0.04
0
0
0
0
0
0.11
0
0.03
0
0
0.05
0.63
2.09
0.08
0.03
0
0
0
0
5.52
0.87
0
1.58
1.02
0
0
0.1
0
0
0.01
0
10.62
0
0
0.04
0
9.42
20.4
2.79
0.11
0.05
0.01
0.37
3.36
1.51
0
0
0.02
0
0.41
0
0
0
0.29
14.34
3.7
0.02
0
0.69
3.52
12.82
0.96
0
0.1
1.55
13.67
1.06
7.73
15.02
5.36
17.24
21.66
6.59
4.06
13.7
3.72
0.01
0.88
0
0
0.02
0.03
0
0.03
0.02
0.01
0
0.01
0
0.83
15.05
6.86
3.63
1.63
2.14
0
0.02
0
0
1.66
0.16
0
0
0
0
0
0.01
0.01
0.14
0.02
0
0.01
0
1.52
0.19
0
0
0.88
6.63
0.63
0
0.04
1.37
6.63
1.65
0.41
0.21
0.28
0.17
0
0.31
0
0.02
0.02
0.18
0.01
2.02
5.97
12.29
1.63
0.48
0
0
0
0
0
0
0.05
0
2.16
0.57
0
0
1.69
11.68
1.24
0.39
0
0
0
0
0
0
0
0
0
0.05
0.03
0
0
0
0.18
1.84
0.86
0
0
0
0
0
0
0
0
0
0
0
0
0
0
0
0
0
0
0
0.01
0
0
0
0
0
0
0
0
0
0
0
0
0
0
0
0
0
0
0
0
0
0
0
0
0
0
12.48
0.61
3.54
2.81
0.87
0.13
0
0.14
0.09
0.06
1.48
1.12
0.66
6.01
4.87
1.64
0.54
0
5.37
6.55
7.68
6.47
0.99
0.35
2.88
4.3
21.13
6.2
0.77
6.16
0.88
0
0.04
9.58
0.24
0
1.1
1.77
3.44
0.16
0.23
0.09
0.1
0.02
1.05
4.92
1.33
4.02
10.72
2.31
1.24
1.53
0.23
0.2
0
0.09
0
2.4
2.61
0.05
0.33
0.44
4.3
0.61
2.18
1.72
0.04
0.96
0.02
0.02
0
0.34
0.1
0.61
0.11
1.1
18.79
0
0.01
0
0
0.09
0.02
0
0
0
0
0
0
0
0
0
0
0
0
0.01
0
0
0.43
0
0
0
0
0
0
0
0
0
0
0
0
0.01
0.06
0
0
0
0
0.01
0
1.24
0.08
0
0
0
0.01
0.01
0.02
0.01
0
0
0
0
0.02
0.02
0.09
0.01
0
0
0
0.04
0
0
0.01
0
0.44
0
0
0
0
0
0
0
0
0.01
0
0
0
0
0
0
0
0.01
2.07
0
0
0
0
0
0.01
0
0
0
0
0
0.02
0
0
0
0
0
0
0.02
1.64
9.21
0.77
0
0
0
0
0.01
3.44
0
3.51
0.98
0.01
0.02
0.49
0
0
0.38
0
0
0
0
0.34
1.5
0
0.02
0.04
0.48
0.02
0
0
0.29
0.72
0.99
0.1
0
0
0.79
0.13
0.35
0.01
0
7.66
0.12
0.03
14.3
0
1.88
16.43
5.97
1.09
0.67
0.02
0.01
0.01
5.12
3.36
0.07
0
1.64
0.13
0.01
0
0.32
1.26
10.54
4.79
8.06
1.38
1.47
0.2
0.65
7.28
0.78
6.42
0.21
0.04
0
7.27
10.13
1.98
0.89
0
0.01
0
0
0.19
5.39
0.06
0.01
0
0.02
0.07
0
2.17
9.26
6.13
6.73
5.6
8.14
2.88
8.32
21.96
2.43
0.13
4.6
2.29
2.28
1.05
5.01
0.98
0.03
0.21
2.06
3.91
6.83
2.23
0.73
0.96
2.32
3.11
4.64
11.33
1.17
0.04
0
0.37
1.67
5.47
1.71
19.6
5.09
2.33
0.13
0.02
0
0.01
0
0
0.29
0.98
0.48
1.42
4.11
0.64
0.11
0.03
0
0.05
0.11
0.35
0.09
0.28
1.02
0.17
0
0
0
10.57
2.77
0.03
0.22
0.6
0
17.2
9.87
5.36
10.14
0.64
1.41
16.29
2.79
0.45
0.82
0
0.05
0.18
0
0.12
5.29
0
0
0.38
0.04
0.01
0
0.06
1.1
1.66
4.39
0.4
0.06
0.59
0.1
0
0
0
0
0.02
0
0
0
0
0
0
0.36
0
0
0
0
1.09
19.85
0.36
0.13
0.02
0
0
0.02
0.01
0.01
0.11
0.67
0.01
0.3
0.32
5.65
4.08
0.13
1.21
0.13
0.07
0.13
0.64
4.98
2.1
0
0
0
0.1
1.29
0
0.15
21.21
10.79
10.5
5.91
0.49
0.02
0
0
0
0
0
0
0
0
0
0.01
0.01
0
0.01
0
0
0.8
8.07
1.18
0.02
0
0
0
0
0
0
0
0
0
0
0
0
0
0
0
0
0
0
0
0
0
0
0
0.04
0.6
0
0
0.02
0.06
0
0.02
0
0.14
0
0
0
0
0
0
0
0
0
0
0
0
0
0
0.06
0
0
0
0
0
0.01
0.04
0.01
0
0
0
0.28
0.16
0.06
5.14
0.1
0
0
0
0.01
0
0
0
0
0
0
0.01
0.02
0.01
0
0
0.01
0
0
0.28
2.77
0.25
0.09
6.42
0.34
0
0
0.03
0
0
0
0
0
0
0
0
0.14
0.14
17.35
7.98
9.11
0.34
0
0
0.06
9.63
0
0
0
0
0
0.05
0
7.37
0.46
2.57
0.31
0.06
0
21.49
2.31
0
0.13
2.82
7.11
17.16
10.95
4.52
0.2
1.3
0.28
0.02
0
0.1
0.02
0
0
0
0
0
0
0
0
0.29
1.03
0.09
0
0.32
0
0.02
0
0.08
0.48
4.6
0.04
0.01
0.01
0
0
0.05
0
0
0
0
0.05
0.01
0.03
0
0.05
0
0.01
0
0
0.02
0
0
0.01
0.01
0.01
0
0
0
0
0.04
0
0.01
0
0
0.01
0
3.95
11.69
2.88
0.01
0
0
0
0.48
4.09
2.09
2.01
8.28
11.52
1.77
0.05
0.01
0.02
0
0.73
0
0.01
0.27
2.27
0.15
0.95
0.01
1.41
0.07
0
0.07
1.94
2.08
7.95
0.14
0.45
0.03
0
0
0
0.02
0.01
0
0
0.21
0.28
3.41
0.27
0
0
0
0
0
0
0
0
0
0
0
0
0
0
0
0
0
0
0
0
0.54
1.16
1.89
0.43
29.54
3.71
0
0
0.02
0
0
0
0.02
0.34
5.93
6.78
10.26
5.76
1.13
0.45
0.05
0
0
0
0
0
0
0.01
0.5
5.53
0.76
0.05
0
0.47
4.12
1.05
0.01
6.63
7.36
5.23
0.58
1.11
24.04
10.3
8.39
0.12
0
0.02
0
0.02
0
0.02
0
0
0
0
0
0
0
0
0
0
0
0.02
0.28
1.02
0
3.77
4
20.61
20.28
2.73
4.77
2.18
0
0.02
0
0
0.01
0.03
0
0
0
0.16
1.59
0.01
0
0
0
0
0
0
0
0.03
0
0
9.76
11.37
3.66
7.57
2.33
0
0
1.42
0
0
0
0
0
0
0
0
0.01
0
0
0
0
0.01
0
0.01
0
0
0.01
2.91
0.16
0
0
0
0
0
0
0
0.01
0
0
0
0
0
0
0
0
0.01
0
0
0
0
0
0
0
0
0
0.01
0.03
1.7
0
0
0
0
0
0.01
0
0
0.01
0.05
0.47
0
0
0.45
0.44
0.12
0.02
0.02
0.43
0.18
0
0.39
0.57
0.21
14.34
0.63
8.61
0
0
0.04
0.89
0
2.13
0.68
0.02
0
0
0
0.04
0.48
0
0.37
0.01
0
0
0.04
4.78
2.53
1.98
0.87
0.92
14.2
1.75
1.23
3.86
0
0.14
0
0
0
0
0.08
3.27
0.8
0.01
0
0
0.04
0.32
11.31
15.21
12.22
0
0.02
0
0
0.28
0.45
0.05
0
0.01
10.12
9.82
4.56
0.61
0.01
0.02
0.02
0
0
0.23
5.7
0.02
0
0.13
0.02
0
0
0
0
0
0
0
0
0.55
7.68
5.39
4.6
7.23
0.37
1.41
8.87
2.65
1.79
6.9
1.71
4.47
0.1
0.09
3.23
3
4.74
0.25
4.22
0
0.04
0.04
0.02
0.06
0
0.05
11.84
4.62
2.21
0.46
3.48
1.55
0
3.43
5
4.01
8.27
0.5
0.01
0.66
0.38
1.95
0.66
2.74
3.63
0.05
0.39
2.87
0.63
1.41
3.48
0.77
1.01
10.03
0.85
14.77
4.74
5.4
0
0.01
0.01
0.01
0.26
0.02
0.92
0.01
4.02
1.36
5.99
0.75
6.87
0.88
0
0.52
0
0
0
0.06
1.26
1.39
0.25
0.02
0.03
0.05
0
0
0.08
0
0
0.23
0.38
0.05
0.27
0
0.05
0
0
9.02
9.23
2.02
0.33
5.01
0.16
5.06
28.44
10.71
1.14
0.01
0.02
0.38
0.02
0.39
3.31
0.08
0
0
0
0
0
0
0
0.38
1.03
0.14
0.04
0
0
0
0
0.09
0
0
0.11
3.09
16.98
3.2
9.49
11.2
1.14
0.11
0
0
0
0
0
0
0.01
0
3.45
2.15
1.87
13.53
8.41
1.74
0.08
0.34
3.43
14.16
0.71
0.07
1.73
0.09
0
0.09
0.18
0
0
0
0.13
0
0
0
0.15
1.49
27.69
6.92
2.88
0.18
0.13
0
0
0.01
0
0.97
6.9
0.32
0
0
0
0
0
0.01
0.14
0
0
0
0
0
0
14
9.55
0
0
4.02
0
1.4
0.53
0.44
0
0
0
0
0
0.45
1.86
0.27
0.1
0.05
0.01
0
0
0
2.36
0
0
0
0
0
0
0.09
0
0
0
0
0.02
0
0
0
0
0
0
6.98
0
0.25
0
0
0
0
0.34
0
0
0
0
0
0
0
0
0
0.02
0.02
0
0
0
0
0.06
0.7
0
0
0
0.12
0.02
0
0
0
0
0
0.01
0.5
0.11
0.02
0
1.49
6.29
0
0
0
0
0
0.05
0.02
0
0
0.05
0
0.06
6.66
0.17
0
0
0
0
0
0
0.01
0
0
0
0
0
0
0
0
0.96
0.32
0.11
0.02
0
0.48
0
0
3.52
11.81
8.2
4.85
0.8
0.01
0
0
0
0
0
0
4.58
11.3
11.56
2.23
0.78
18.82
2.67
19.39
7.66
0.3
1.47
0.03
0
1.84
10.86
7.87
3.47
9.29
1.1
10.49
14.18
0.05
0.05
0
0
0.01
0
0
6.27
1.44
0.86
0
0
0
0.01
9.6
6.53
0
0
0
0.01
0
8.23
2.98
0.1
0.05
3.79
0.53
0.01
0.58
5.73
0.42
0.1
0.29
0.9
3.47
4.25
1.93
0.96
6.38
0.49
0.02
0.02
0
0
0.02
0.25
0.52
3.29
0.04
0.31
0.22
0
0
0
0
0
2.54
0.88
0.69
1.42
0
0.01
0.05
0.06
0
0
0
0
0.02
0.07
0
0
0.02
0.03
0.07
0.16
0
0.01
0
0
0
0
0.02
0.02
0.02
0.28
4.36
0.77
0.15
0.22
4.71
2.75
0.55
0
0
0
0.02
0.04
0.02
0.01
0
0
0
0
0.01
0
0
0.01
0
0
0.02
4.26
5.93
3.9
5.88
29.34
9.77
1.39
0.86
0.26
0.92
0.02
0
0.01
0.32
2.37
1.8
0.04
0
2.31
0.71
0.05
10.28
3.96
0.03
0
0
0.01
0
0
0
0
0
1.67
1.23
0.04
8.6
7.85
9.21
14.55
17.32
2.45
7.79
2.04
0.51
0
0.2
0.16
0.04
1.53
0.02
0
0.02
0
0.01
0
24.16
11.78
2.02
5.02
0.17
0.03
1.16
1.26
0
0
0
0
2.79
32.65
9.8
2.47
4.96
24.98
3.05
0.79
12.42
1.22
0.04
0.22
4.07
5.35
7.79
0.27
0.02
0
0.01
0.03
1.55
0.01
0
0.02
0.88
4.64
4.31
8.59
4.77
4.55
0.27
0.47
0.06
0
1.59
0.01
0
0
0
0.02
38.07
0.91
0
0.01
0
0.25
2.54
0.13
0.02
0
0
0
0.64
0.33
0
0
0
0
0
0
0
0
0
0.02
0
0
0
0
0.3
1.55
8.15
0.09
0
0
0.01
0
0
0
0
0.25
1.37
0
0
0.01
0
0
0
0
0.37
0
0
0
0.62
0.02
0
0
5.36
0.22
0.27
0.21
0
0.02
0
0.22
6.36
0.19
0
0
0
0
0
0.11
0.64
0
0.57
0
0
0
0
0
0
0
0
0
0
0
0
1.05
20.2
8.8
0.46
1.31
1.16
0.14
0.05
0.09
0
0.02
0
0
0
0
0
0
0
0
0
0
0
0
0
0
0
0
0
0
0
0
0
0.01
0
0
0.02
0
0.03
0
0.44
0.03
0
0
0
0
0
0.05
5.6
3.74
4.77
7.73
0.12
0.02
0.91
14.83
2.07
22.02
7.67
4.58
2.38
2.96
0.96
0.44
1.91
22.26
0.7
0
0
0
0.07
0.47
0.01
0.01
0
0
0
0
0.11
0
0
0
0.04
0
0
0
0
0
0
2.73
2.52
0.83
12.97
0.96
4.49
0.04
0.05
0
0.05
0
0
0
0.01
0.17
0
0.02
0.18
0
0
0
0
0
0
0
0.01
0.02
0.17
0.15
0
0.1
0
0
0
0.06
0
0
0
0
0
0
0
0.01
0
0
0.01
0.01
0
0
0
0
0.02
0
0
0
0
0.16
0.18
1.78
0.61
0.01
0
0
0
0
0
0
0
0.04
0.72
2.46
0.72
0.31
0
0
0
0
0.03
0
0.01
0
0
0
0
0.19
0.11
15.2
22.34
0.76
0
0
0.01
0.03
0.21
1.54
0.04
0.02
0.02
0.01
0
0
0
0
0
0
0.38
3.42
0.04
0
0
0
0
0.07
1.14
0.79
3.05
0.09
0.86
1.11
1.05
2.13
0.8
0
0.01
0.72
12.39
4.8
1.42
0.91
0
0.01
0.78
0
0
0
0
0.32
0.61
0
0.01
0.04
0.03
0.02
0.05
0
0
0
0.02
0
0
0
0
0
0
0
0.06
0.01
0
0
0
0
0
2.02
0.1
0.53
0.28
11.7
0.88
0
1.7
1.02
0
0
0
0
0
0
0
0
0
0
0
0.43
0.46
4.58
1.18
0
0.04
0
0
0
0
0
0.05
1.59
0.43
2.71
0
0
0
0.01
0.02
0
0.05
1.99
0.22
0.16
10.17
0.58
0
0.19
5.52
0.13
0.05
0
0
0
0
0
0
0
1.42
0.36
0.29
0
0
0
0
0
0
0
0
0
0
0
0
0
0
0
0
0
0
0
0
0
0.03
0.05
0
0
0
0
0
0
0.01
0.38
1.49
0
0.01
0
0
0.43
3.19
0
0
0
0
0
0
0
0
0
0
0
0
0
0
0
0
0
0
0
0
21.57
6.06
0.26
0.14
0.01
0.01
0.07
0.75
0.02
0
1.05
0.04
0
0
0
0
0
0.02
0
0.04
0.01
0
0
0
0
0
0
0
0
0
0
0
0.01
0.05
0.55
1.73
5.51
2.78
0.61
2.11
0.18
10.75
1.54
0.09
0.47
0.12
14.38
0.38
0
0.01
0.01
0.88
11.93
1.06
2.91
0.38
0.01
0
0
0.07
0.03
0.01
0.05
0.16
0.16
0.02
0.1
15.08
5.13
9.93
1.85
0.15
0
0
0
0.01
0.01
0.02
0
0.01
1.07
0.04
1.46
1.17
0.02
0
2.98
10.14
1.08
0.52
0.09
0.01
0
0
0
0
0
0
0
0
0
0
0
0.01
0.02
0.28
0
0
1.21
0.01
0.87
8.32
0.73
0.05
0.73
0.05
0.4
0.29
0.05
0.01
0.08
1.47
7.3
3.05
0.29
7.38
0.48
0.03
0.03
0
1.57
4.97
7.85
0.93
0.22
0
0.01
0.01
0
0
0
0
0.07
0.01
0
0.76
0.41
0.05
0
0
0
0
0.01
0
0
0
0
0
0
0.08
0
0
0.01
0.05
0.75
5.37
2.25
1.76
3.19
4.21
7.58
1.54
12.56
4
0
0.02
0
0.09
0.82
12.28
2.27
0
0.05
0
0.44
0
0
0
0
0
0
0
1.65
11.17
5.11
3.04
0.69
0.98
1.46
0.19
0
0
0.04
0
0.06
0
0
0
0.08
0
0
9.02
5
1.48
2.35
0
0
0
0
0
7.09
3.75
1.55
10.16
0.01
0.13
0.19
4.54
1.74
0.14
0.01
0
0.02
0
0.01
0
0
0
0.09
3.8
2.16
1.37
0.46
0.13
0
0
0
3.24
0.99
0
0.09
0
0
0
0
0.01
0
0
0
0
0
0
0
0
0.29
1.88
0
0.15
0
0
0
0.01
0.01
0
0
1.49
14.51
0.49
0.01
0
0
7.02
5.89
0.6
2.98
0.21
3.85
1.69
0
0
1.22
0.89
0.14
0
0.68
0
0.01
0
0
0
0
0
0.01
0.01
0
0
0
0
0.02
0.07
2.52
0.37
0.06
0
2.39
11.85
2.34
0
0.01
0
0
0
0
0
0
0
0
0
0
0
0
0
0
0
0
0
0
0
0
0
0
0
0.01
0
0.03
1.81
0.02
0
0
0
0
0.03
0.02
0
0
0
0
0
0
0
0
0
0
0
0.34
0
0.01
0.04
4.48
0
0.04
6.91
12.11
9.89
0.04
0
0
0
0.02
0.41
23.11
0.8
0.51
0.51
0
0
0.02
0.04
0.02
0.01
0.14
0.7
0.86
0
0
0
0
0
0
0
0.07
0
0.01
0
0
0.11
19.88
12.05
9.16
24.09
0.5
3.86
17.16
0.54
4.15
1.38
0.11
0
0
0.01
0.01
0
8.63
17.02
4.03
0.61
2.29
8.25
0.45
0
0
0
0
0
0.28
2.7
7.68
1.06
0.11
0.05
0.01
0.03
0.13
1.8
3.57
7.62
0
0
0.16
0.11
0
0.01
0.01
0.41
0.53
11.75
1.64
10.81
0.5
0
0
0.01
0.07
0.09
0.08
0.08
0
0
0
0
0
0
0.71
0
0
0
0
0
0
0
0
0.02
0.04
0.14
0.01
0
0.02
0.01
0.05
0.03
0
0.03
0.09
0
0.02
0
0.19
0.02
0.02
0.01
0.01
0
0.63
5.59
1.67
4.45
2.88
0.45
0.13
0.01
4.61
0.96
0.03
0.03
2.35
0.79
1.79
4.13
0.21
4.08
23.92
1.34
0.3
2.9
1.93
0
2.24
0
0.56
0.84
0.18
0.12
4.66
0.16
0.27
0.44
0.28
2.77
0
0
0.08
0
0
0
0
0
9.14
6.78
0.24
0
0
0
0.01
0.01
0
0.02
0.24
0.18
0
0.1
0.31
0.73
0
0
0.35
0.21
4.92
5.89
1.37
0
1.2
5.55
10.13
0.5
1.09
2.26
1.74
12.26
4.33
0.61
0.54
1.1
1.64
13.16
4.08
1.24
2.13
0.28
2.39
0.04
0
0
0
0.1
0
0.02
11.29
16.37
14.98
3.71
0.18
3.33
0.58
3.5
1.58
0.3
0.11
0.01
0
0
0
0.04
0
0.07
0.14
0.2
0
0.02
0.01
0.16
9.45
11.78
1.44
16.91
1.58
7.26
6.1
3.14
0.56
0
0
0
0
0
0
0
0.45
0
0
0
0.17
2.29
0.13
0
0
0.46
9.02
15.49
16.09
1.73
0.03
0
0
0
0
0
0
0
0
0
0
0
0
0
0
0
0
0
0
0.39
0
0
0
0
0
0
0
0
0
0
0
0
0
0
0
0.01
0
0
0
0
0
0.02
0
0
0
0
0.02
3.52
7.73
0
0.04
0.01
0
0
0
1.5
0
0
0
0
0
0.01
0.02
0
0.02
0.04
0
1.05
0.43
0
0
0
0
0
0
0
0
0.03
0
0
0.85
0
0
0.29
1.9
0.47
0.59
2.13
6.47
0.05
0.98
0.22
0
0
4.08
3.61
3.82
0.46
0
0
0
0
0.28
0.87
0
0.49
10.35
3.55
4.41
0.11
0
0
0
0
0.02
0
0.02
0
0
0
0.84
0
0
0.02
0.02
0
0.73
1.22
0.7
0
0.63
0
0
0
0
0
0
0
0.01
0
0
0
0
0
0
0
0
0
0.05
0.11
0
0
0
0
3.14
8.95
1.55
4.05
0
0
0
0
0.34
0.12
0
0
0.13
0
0
0
0
0
0
0.02
0
0.1
0
0
0
0
0
0
1.94
0.98
0.58
1.31
0.48
1.83
0.1
0.24
0.01
0.01
0
0
0
0
0
0.08
6.07
5.89
1.71
0.71
0.36
0.04
0.02
0.05
0.51
5.34
0
5.25
0.26
3.33
1.17
0
0
0
0
0
0
0
0
0
0
0
0
0
0
0
0.57
0.95
4.9
0.03
0
0
0
0
0
0
0.03
0.5
0.01
0.12
0.02
0
2.94
3.09
14.83
0
0.21
0.41
0.41
4.02
0.06
0.04
2.57
4.3
0
0.02
0
0.01
0.02
0.01
0.01
0
0
0.02
0.18
0.02
0
0
0
0
0
0.38
0
0.04
0.04
0.03
13.22
0.5
0.13
0.02
1.27
0
0.06
0.19
3.26
0.19
0.23
0
0
0
0.06
1.44
3.94
13.34
6.81
11.4
6.74
0.32
0.38
0
0.73
9.81
17.27
7.06
19.08
5.04
0.11
0.05
0
0
0.72
0.76
1.23
0.1
0
0.06
0
0
0
0
0
0
1.98
3.5
11.64
14.28
0.78
7.13
8.66
1.54
3.02
6.34
2.43
1.82
0.41
0
4.22
0.59
8.98
1.3
1.04
0.36
2.45
4.22
0.34
3.54
13.61
3.64
9.14
0
0.05
0.25
0
0
15.21
12.28
2.57
3.24
0.04
0.02
0
0
6.03
0.06
0
0
0
0
0
6.52
0.38
0
0.73
0
0
0.09
0
0
0
0
0
0
0
0
0
0
0
0.05
1.1
0
16.28
0.74
1.21
0.02
0
0.12
0.09
0
0.07
0.01
0
0
0
0
0
0
0
0
0
0
0
0
0
0.01
0
0
0
0
0
0.01
0
0
0
0
0
0
0
0
0.01
0.01
0.33
0
0
0.18
0.34
0.05
0.02
0
0.02
0
0
0
0.03
1.11
3.56
0
0.34
0.28
4.23
2.12
0
0
0
0
0.35
0
0.01
0
0
2.22
1.2
3.7
0
3.74
0.16
2.5
0.01
0
0.01
0
0
0
0
0
0
0.93
0
0.01
0.01
5.47
5.37
0.44
0.35
0
0.16
5.27
3.89
0.22
0
4.76
8.89
2.68
0.43
0
0.02
5.78
9.68
2.56
10.04
16.73
6.16
2.28
0.05
0.3
0
0.02
1.69
0.02
0
0.01
0.2
0.03
0
0
0
0
0.04
0
0
0
0
0.14
0
1.03
0.22
0.31
0
4.78
1.66
1.26
2.85
0.77
5.2
0.67
0
1.92
18.09
2.84
1.61
0.31
0.11
0.35
9.07
0.3
0
0
0
0
0
0.01
0
0
0
0.07
0
1.18
0
0.01
0
0
0
0.2
0.65
6.23
1.54
0
0.13
0.02
2.65
1.41
0.04
0.96
0.2
1.71
0
0.08
0.09
0.35
0.64
6.24
0.91
1.04
12.72
1.38
0.54
4.22
0.31
0.29
2.38
0.23
1.97
1.91
13.09
2.17
3.8
5.82
5.87
7.64
0
0.43
4.01
0.2
0
0
0.01
0
0
0
0
0
0
0
0
0
0
0
0.01
0
0.25
1.24
5.45
4.51
2.1
9.88
3.75
0.32
0.01
0
0.02
0
0
0
0
0
0
0
0
0
0
0
0
0
0
0
0
0
0.02
8.8
5.3
5.48
0.5
0.02
0
0
0
0.01
2.91
2.76
0.01
3.32
8.64
2.8
0
0.04
4.34
3.33
3.27
1.19
4.2
0.48
0.08
0
0
0
0.19
0.52
0.61
0.66
0
0
2.18
0
0
0.01
0
0
0
0.01
1.45
6.61
0.07
0.05
0
0
0
0
0
0
0
0
0.28
0
0
0
1.06
0.1
0
0
0
0.51
0.36
0.15
0
0
0
0.5
2.3
1.48
0.17
0.43
0
0
0
0
0.48
0.63
1.57
0.21
0
0.01
0.43
0
0
0
0
0
0
0
0
0
0
0
0
0
0
0
0
0
0
0.01
0
0
0
0
0
0
0
0
0
0
0
0
0.02
0
0
0
0
0
0
0
0
0
0
0
0
0
0
0
0
0.02
2.26
0.18
0.7
0
0
0.24
2.69
0
0
0
0
0
0
0
0
0
0
0.03
0
0
0.01
0
0
0.02
0
0
0
0
0.2
0
0.27
0.03
0
1.29
0.01
0.37
0.01
0.07
0.03
1.56
14.23
3.17
0.09
0.11
0.02
0.01
0
0
0
0.01
0.02
0.03
0.79
2.73
2.73
0
0.04
0.07
0
0.05
0.7
0.06
0
0
0.01
0.01
0
0
0.01
0.03
0.02
0.02
0.71
10.55
17.51
0.84
0
0
0
0
0
0
0
0
0
0.02
0
0.01
0.01
0.94
0.22
0.03
0
0
0
0
0
0
0.07
0
0
0.04
0
0
0
0.34
0
0
0
0.07
2.36
0.46
0.32
8.2
1.01
0.88
13.64
1.9
0
0.16
0.07
1.18
0.04
0.05
0
0
0.2
12.2
5.84
0.41
2.73
0.91
0.2
0
3.91
10.55
15.93
14.71
9.16
16.55
7.4
0.73
13.15
40.92
10.93
5.43
0.87
0.43
10.96
9.27
4.98
5.34
13.82
2.46
2.22
6.91
1.48
9.11
7.23
2.65
0.11
0.4
0.18
0.32
2.22
0.09
0.04
0.14
0.24
0
4.3
1.82
1.19
0.38
0.01
0.03
0.08
0.01
0.03
2.78
6.32
0.15
0
0.32
5.49
1.41
0.04
0.09
0.02
0.07
0
15.46
8.52
4.01
3.86
0.73
0.63
9.23
5.44
8.13
1.12
11.13
4.66
0.59
1.61
0.52
5.66
5.03
0.71
21.66
5.08
7.42
0.08
0.07
0.02
0
0.02
0
0
0
0
0
0.13
0.69
0.45
0.92
0.03
0.09
11.55
6.48
0.31
0
0.1
3.23
0.43
0.04
0
0.08
1.57
0
0.02
0
0.14
0
0
0
0.03
7.74
6.88
3.81
7.22
14.14
8.29
9.34
0.97
0
4.25
2.99
0.8
0.03
0.07
0
0
0.04
0
0.41
1.78
0.28
5.34
0.01
0.1
0.2
1.42
4.98
0.27
6.67
5.41
3.7
1.22
0.31
0.01
0
0
0
0
0.01
0.01
0
10.76
0.51
0
0.24
0.81
0
0
0.02
0
0
0
0.03
0.01
0
0
0
6.96
28.38
6.39
5.2
9.46
0.98
10.8
0.46
0.23
0.23
2.6
0
0.17
0
0.01
0.06
1.69
2.76
10.04
0
0.08
0.33
0
0
5.52
1.74
0
0
0.01
0.01
0
0.31
0
0
0
0
0
0
0
0
0
0
0
0
0
0
0
0
0
0.01
0
0
0
0
0
0
0
0
0
0
0.02
7.44
0.12
0.35
0
0
0
0
0.02
0
0
0.07
0
0.08
0
0
0
0
0
0
0
0
0
0
0
9.59
4.37
0.07
0.01
0
0
0.19
0
0
0
0
0.03
0
0
0
4.9
5.34
0.08
0.02
8.37
0.29
0.24
0.19
0.01
0
0
0
0
0
0
0
0
2.43
0.95
0.02
0
2.33
0.71
16.96
2.5
0.19
5.17
0
0.01
0
0.01
0
0
0.01
0
0
0
0
0.01
0
0
0
0.04
2.26
10.99
2.4
0.06
0
0
0
0
0
0.96
8.75
2.41
0.08
0.09
0
0.04
2.57
0.6
1.7
3.08
0.19
0.57
4.11
3.11
0.05
0
0.84
0.65
0
0.02
0.04
2.48
2.77
1.68
3.49
0.58
0.08
4.62
5.77
10.16
7.47
1.02
0.02
0.01
0
0.1
0.21
0
0.05
0.06
3.84
3.3
4.52
13.72
5.18
3.39
0
0
0
0.51
0
0.54
4.66
1.3
0.06
0.13
0
0.2
1.25
0.77
0.25
7.05
4.2
4.7
0.18
0
0.01
0
0.02
0
0
0
1.68
0.33
0
0
0
0
0
0.57
7.32
5.19
1.44
1.93
0.02
0.01
0
0
0.01
0
0
0
0
0
0
0
0.03
4.02
6.48
19.58
8.8
3.66
0.47
11.66
0.74
0.13
0.01
0.02
0.01
0
0.03
0.08
0.09
0
0
2.57
4.9
0
0.05
0.01
0.04
0
0
7.81
2.32
1.74
5.51
2.67
9.66
0.18
0
0.01
0
0.01
0.01
2.36
0.54
0.68
3.07
1.78
0.75
0.13
0.05
0
0
0
12.2
0
0.05
0
0
0
0
0
0.02
0
0
0
0
0
0
0
1.96
1.68
22.49
7.66
1.89
1.19
2.13
0.28
1.11
1.54
1.66
0.8
0.91
1.88
4.41
0.07
1.35
2.04
21.3
0.82
0
0
0.01
0.18
0.03
16.53
0.03
0
0.04
6.59
2.18
0
0.38
1.21
0.75
0.01
0
0.49
2.98
0.09
19.99
3.25
0
0
0
0
0.45
1.31
11.25
6.72
0.25
0.01
0
0
0
0
0
0
0
0
0
0
0
0.19
0.03
0
0
0
0
0
0.01
0
0
0
1
0.04
0
0
0
0
0
0
0
0
0
0.14
0
0
0
0
0.01
0
0
0
0
0
0
0
0
0
0
0
0
0
0.15
0
0
0
0
0
0
0
0
0
0.01
7.41
0.62
0
0
0.01
0
0.14
0
0.02
0.13
0
0
0
0
0
0
0
0.01
0
0.01
0.05
0.66
0.62
0
0
0
0
0
0
0
0
0
0
0
0
0.02
0
0
0
0
0
0
0
0.04
0
0
0
0
0
0
0
0
0
0
0
0
0
0
0
0
0
0
0
0
0
0
0
0
0
0
0.02
0
4.7
19.47
1.57
12.93
17.13
0.77
0
0
0.04
0.14
9.16
14.25
13.3
15.41
0.81
1.33
0.26
0.14
0.02
0
0.01
0.12
10.33
0.38
0
0.38
0.37
2.13
0.54
0.46
4.64
0.78
0.02
0
0
0
0
0
0.07
1.07
3.84
0.02
0.01
0.04
0.02
0
0.01
0
0.06
0.08
0.14
0.16
0.04
0
1.41
0.03
0.55
0
0.01
0
0
0
0
0
0
0
0
0
0
0
0.05
0.43
0
0
0
0
0
0
0
0
0
0
0
0.13
4.65
4.45
0.01
0.01
0
0.09
0
0
0
0
0
0.02
2.63
0.01
0
0
0
0.23
0.01
0.04
0
0.18
0.03
0.06
0.01
0.02
0
0
0
0.16
0.26
0
0
0
0
0
0
0
0
0
0
0
0
0
0
0
0.02
2.02
0.22
0.25
0.01
0
0
0
0
0
0
0
0
0.02
0
0.05
0.01
0
0.02
7.02
3.11
0
0
0
0
0
0.02
0
0
0
0
0
2.1
12.44
5.81
6.13
3.07
0.19
0.07
0.25
1.07
1.61
4.59
3.63
5.28
0.36
0.02
0
1.69
1.2
0.33
0.03
0.02
0
0.01
0.11
0.03
2.82
9.59
14.07
2.23
0.33
0
1.9
5.06
3.68
0.15
0
0.21
0.01
0
0.38
0.99
0
0
0
0
0
0
3.12
3.75
0.13
0
0
0
0
0
0
0
0
0
0
0
2.62
0
0
0
0
0
0.03
0
0
0
0
0
0
0
0
0
5.92
6.22
0
0
0
0
0
0
0
0
0
0
0
0
0
0
0
0
0
0
0
0
0
0
0
0
0
0
0
0
1.1
0
0
0
0
0
0
1.71
0.41
0.29
0
0
0.02
0
0
0
0
0
0.2
0
0.02
0
0
0.02
0
0
0
0
0.01
0
0
0
0.02
0
0
0
0
0
0
0
0
0
0
0.05
0
0
0
0
0
0
0
0.04
0.13
0.01
0
0
0
0
0
0
0
0
0
1.71
0.01
0
0
1.41
0.09
3.49
5.21
0.11
35.37
1.8
0.01
0
0
0
0
0
0
0.01
0
0
0.05
1.56
2.72
0
4.36
0
0
0.15
9.14
13.05
10.45
11.97
0.2
0
1.18
5.91
5.03
0.79
0.06
0
14.2
0
0.02
3.65
30.94
17.05
0.04
0
5.22
24.37
11.7
7.59
1.24
0.08
0.02
0.02
0.03
0
1.23
0.05
0
0
0.05
0.22
0
0
0
3.88
0.31
0.06
0
0.13
0
0
0.01
0
0
0.14
0.72
0
0.02
0
0
0.01
0
3.5
1.9
1.55
0.09
0.32
0.2
0.95
0.04
0.06
0
0.01
1.61
0.01
0
0
0.04
0
0.52
0.25
0
0
0
0
0
0.01
0.01
0.49
0.01
0.74
4.72
1.2
0.01
0.38
7.98
0.88
5.48
9.47
2.25
0.12
13.36
6.59
0.11
0.23
0.17
3.67
0.53
0
0
0
2.99
0.59
0
0
0.39
0.14
0.05
0.3
0.17
7.77
1.91
0
0.01
0
0
0.07
1.59
0.8
1.55
0.09
5.41
11.38
0.83
0.18
0.21
0.1
0.64
1.49
0
0.02
0.04
6.57
5.62
6.68
6.82
11.48
7.37
2.86
0.79
1.03
0.73
0.14
0.34
4.29
9.95
0.13
6.55
0.09
0
2.38
4.52
5.88
6.76
26.8
7.69
3.8
8.27
0.45
27.48
4.81
0.45
4.08
6.43
4.34
0.02
0.27
0.1
0.26
0.02
0.97
0
0.07
0
0
0
0
0
0
0
0
0
0
0.02
0.1
7.57
4.3
17.27
9.76
6.36
1.18
0
0
0
0
0
0
0.02
0.04
0
0
0.13
0.31
2.2
1.47
6.23
5.8
1.89
1.12
2.79
0
0
0
0
0
17.97
2.49
0.2
8.86
0.43
0.01
0
0
0
0.55
1.16
0.08
2.07
0.93
0.02
0
0
0
0.01
0
0
0
0
0.21
0.35
0
0
0
0
0
0
0
0.02
0
0
0
0.83
0.09
0
0
0
0
0
0
0
0
0
0
0.02
0.01
0
0.01
0.06
0.01
0
0.01
0.22
0.02
0
0
0
0
0.01
0
0
0
0
0
0
0
0
0
0
0.01
0
0
0
0.02
0
0
1.33
0.43
3.34
0
0
0.08
0
0
0
0
0
0
0.1
0.06
3.97
4.25
0.3
0
0.18
0
0.02
0.22
1.18
0.18
0.39
1.95
0
0
0
0.01
0
0
0
0
0
0
0
0
0
0
0
0
0
0.01
0.14
5.71
0.33
3.7
1.05
1.61
1.69
3.52
0
0
0
0
0
0.02
0.01
0
0
0
0
0
0
0
7.91
0.08
0.02
14.17
0.09
0
0.91
0.13
0
0.02
0
0
0
0
0.02
0.12
0
0.01
0
0.02
1.94
0.01
0.06
0
0
0
0
0.02
1.02
10.96
4.41
0.32
0
0
0
0
0
0
0
0.01
0.02
0
0.07
0.05
0
0
0
0
0
0
0
0
0
0
0
2.3
0
0
0
0.01
5.19
14.59
0.03
0.01
0
0.14
20.21
4.47
0.26
2.68
0.08
0.06
0
0.15
3.71
10.67
11.7
9.7
2.04
0.03
0.02
0.04
0.01
0
0.02
2.93
3.56
2.36
3.17
1.88
4.68
8.72
2.18
0.84
9.88
3.11
0.07
0.03
0.02
0.16
0.04
6.52
8.57
0.7
1.15
1.24
0.33
2.95
6.52
1.23
4.45
2.52
5.38
20.05
1.73
10
5.02
3.77
1.23
2.23
0.77
0.37
0.23
0
1.95
0.38
0.01
0.79
2.63
0.27
1.34
0.71
0.2
12.89
2.2
0.14
0.03
0
0.04
0
0
0
0
0
0
0.29
0
0
0
0
0
0
1.38
0.78
2.02
0.01
0.47
3.16
0.44
0.19
0.57
2.41
0.32
0.06
0.43
9.49
0.51
0.26
0.3
0
0
0.01
0
0.84
0.89
7.64
0
0
0.2
0
0
0
2.23
3.94
9.62
0
0
2.86
0.02
0.02
0
0
0
0
0
0
0
0
0
0
0
0
0
0
0
0
0
0
0
0
0
0
0.98
0.04
4.65
0.7
0.42
0.27
0.95
0.08
0.39
2.69
0.33
0
8.13
0.48
0
0
0
0
0.34
0
0.01
0.05
0
0.24
0.4
0.35
0
0
0
0
0
0.02
0.04
0
1.58
1.31
3.57
0.58
0.4
0
0
0
0
0.01
1.68
18.31
0.77
0.02
0
0
0
0
0
0
0
0
0
0
0
0
0
0.02
0
0
0
0
0
0
0
0
0
0
0
0
0.01
0
0
0
0
0
0
0
0
0
0
0.01
0
0
0
0
0
0.04
0
0
0
0
0
0
0
0
0
0
0
0
0.11
0
0.05
0.02
0
0
0.03
1.05
0
0.02
0
0
0
0.01
0
0
0.02
3.32
1.49
0.06
0.1
13.02
2.08
3.11
13.16
0.74
0.09
1.56
8.59
0.02
0
0.02
0
0.07
0.01
0.01
0
0
2.61
3.8
9.41
12.14
3.93
11.11
1.66
0.14
0.06
0
0
0
0
0
0.01
0
0
0.01
0.01
0.01
0
0.01
0
0
0
0.41
9.23
3.08
1.84
0.48
2.14
8.23
2.21
15.29
16.19
0.28
8.78
4.8
3.04
0.08
0.04
0.21
0
0.01
0
0.02
0
0.13
4.64
2.55
8.61
35.75
6.44
2.5
0.13
0.04
1.27
0.43
0.18
0.66
0.04
0.01
0
0
0
0
13.84
11.82
0.71
0.82
0.02
0.01
0
0
0.06
0
0
0
0
0
0.07
0.34
0.02
0
0
0
0.01
0
0
0
0
0
0
0
0
0
0
0
0.66
3.55
0.6
0.02
2.6
0.45
0.56
2
0.33
0.03
0
0
0
0
0.07
1.48
27.15
5.2
0.32
7.92
7.61
1.95
0.52
0.24
0.09
0.01
0
0
3.59
1.66
0.15
7.73
0.22
0.09
0.12
0
0.02
3.59
1.02
0.48
2.44
1.04
0.02
0.03
0
0
0
0.06
0.06
0
0.01
0
0
0
0
0.23
0
0
0
0
0.41
0.23
1.54
9.84
0.73
1.39
5.48
7.04
17.46
3.69
0
0.02
0.01
0
0
0.01
0.01
0
0
0
0
0
0
0
0.13
5.41
0.03
5.2
0.05
0.08
0.09
3.86
3.12
0.01
0.07
0
0
0.06
0
0
0
2.71
14.59
0.58
0.03
0.16
0
0
0
0
0
0
0
0
0
0
0
0
0
0
0
0.01
0
0
0.02
0.34
0
0.53
0
0.01
0.09
0.02
0.05
0.03
0
0.52
0.85
0
0
0
0.11
0.02
0
0
0.04
1.95
5.02
4.12
11.32
0.01
0.37
1.79
4.39
0.17
0
0
0
0.01
0.27
1.13
0
0.01
0
0
0
0
0
0.02
0.04
0.51
0.95
0
0
0
0
0
0
0
0
0
0
0
0
0
0.09
0.07
0.01
0
0
0.33
0
0
0
0
0
0
0
0.01
7.34
0.44
0
4.99
0
0
0.14
0.02
1.12
0.04
0
0
0
0
0
0.02
0.05
0.02
0
0
0.17
0.63
0
0.43
0.68
0
0
0
0
0
4.9
1.16
0.12
0
0.03
0.02
1.49
0.72
5.98
0.51
0
0
0.26
0
0.05
0
0.07
6.23
0.29
0
0
0
0
0
0
0
0
0.02
0.27
1.13
0.14
0.42
0.01
0.01
0.11
1.77
0.31
0.24
0
0.06
0
0.34
2.93
1.2
0.59
0
0
0.01
5.75
8.62
1.1
0
0
0
0
0.02
0.01
1.94
1.95
1.79
0
0
0.04
16.84
12.88
5.61
0.16
0.01
0
0.01
0.01
0
0
0
0
0
0.23
0
0.01
0
0
0.01
0.08
1.78
0.15
0
0.02
0.06
0
0.01
0
0
0
0
0
0
0
0
0
0
0
0
0
0
0
0.01
0
0
0
0
0
0
0
0
0
0
0
0.01
0
0
0.2
0.02
0.3
1.45
7.86
1.14
7.68
11.28
2.39
1.27
0.54
5.49
3.04
7.98
1.89
0.02
0.11
3.77
0
0
0.02
0.03
0
0.09
0.24
0.19
0
0
0
0.01
0.11
1.16
1.3
0.03
0
0
0.56
0
0
0
9.45
0.75
2.67
3
2.85
12.44
27.48
13.95
5.4
0.05
0.02
1.16
1.42
0
0
0.02
0
0
3.96
1.24
17.79
7.04
1.77
0
0
0.02
0
2.47
1
1.9
9.63
0.04
0.57
0.04
0.03
0
0.02
0.25
0
0.89
0.01
5.19
6.29
2.8
7.35
1.12
0
0
0.01
1.04
0.16
0.09
0
0.89
0.71
0
0.01
3.17
37.3
0.8
0.42
0
0.02
0.42
8.78
3.22
8.94
2.58
0
1.29
15.15
0.58
0
23.04
7.06
3.11
1.02
1.75
0
0
0.12
0.04
1.27
4.45
1.13
0
0
0
0
1.2
11.55
10.47
18.29
7.25
8.84
3.32
3.85
3.83
0.03
0.04
0.01
0
0.5
0
0
0.08
0
0
0
0
0.36
0
4.75
0.29
0
0
0
0
3.19
0
0.02
0
0
0.01
0.02
0
0
0
0
0
0.57
0.41
0.01
0.07
0
0
0
0
0
0
0
0
0
0.01
0.08
0.01
0
0
0
0
0
0
0.49
0
0
0
0
0
0
0
0
0
0
0
0.05
0.05
0.13
0.01
0
0
0
0
0
0.01
0
0
0
0
0
0
0
0
0
0
0.01
1.68
0.24
0
0
0
0
0
0
0
0
0.01
0
0
0
0
0
0
0.12
0.01
0
0
0
0.01
0.62
0.01
0
0
0
0
0
0
0.01
0.01
0
0
9.67
1.41
0.74
0.03
0.03
0
0
0
0
0.01
0
0
0
0
0
0
0
0
0.01
0
0
0
0.02
0
0
0.01
0
0
0
8.66
1.21
0.04
0.01
0.02
2.83
0.87
9.13
8.95
0.95
6.76
13.23
4.8
0.13
0
0
0.01
0
0
0
0
0
0.91
8.36
13.46
0.69
0
0.47
0.2
0.05
0.16
0.03
0.02
0.02
0
0
0
0.01
1.21
17.48
6.76
9.93
4.09
2.49
8.27
15.39
7.75
0.21
0.19
0.36
0.45
0.46
5.32
7.03
0.55
0.02
0
0
0
0
0
0.55
0
0
0.24
1.13
0.84
1.54
2.03
0
0.03
0.01
0
0
0
0
0
0
0
0
0
0.01
0
0
0
0
0
0
0
0.31
2.18
0
0
0
0
0.01
0.03
0.02
0.02
0.4
0.45
0.03
0.02
0
0.02
0
2.62
8.99
0.04
2.4
0.64
0
3.31
4.16
4.93
7.95
4.32
0.04
0.78
0.04
0.21
1.91
1.73
2.62
2.81
0
0.01
0
0
0
0.1
0
0
0.01
2.02
0.11
0.01
0
0
0
0.07
0
13.96
0.57
0.24
0.59
0.07
0
0
0
0
1.71
2.86
0
0
0
0
0
0.05
0.29
0
4.39
5.57
0.69
5.55
4.12
3.1
0.07
0.21
0
0.91
0
0
0
0
0
0
0
0
0
0
0
0
0
0
0
0
0
0
0.13
0.02
0
0
0
2.84
2.74
0.72
0.07
1.05
5.24
2.49
0.68
0
0.01
0.13
2.41
0.06
0.01
0
0
8.45
4.77
3.59
1.2
0.01
0
0.01
2.68
5.5
0.76
0
0.01
0
0
0
0
0.34
0.2
0.08
0.2
1.07
5.52
0.32
5.14
5.3
5.44
0.02
0
1.07
0
0
0
0
0
0
0.04
2.04
0.18
0.3
0.99
6.48
0.53
0
0
0
0
14.08
0.04
0.08
0.35
0.01
0.01
0
0
0
0
2.2
2.36
24.54
0.33
0
0
0
0
0
0
0.01
0
0
1.92
0
0
0
0
0
0
0
0
0
0
0
0
0
0.07
0.18
0.01
0
0
0.01
0
0
0.04
0
0
0
0
0
0
0
0
0
0
0
0
0
0
0
0
0
8.43
6.99
2.46
0.02
0
0
0
0
0
0.16
2.45
0.01
0
0.88
0
0
0
0
0
0
0.04
0
0
0
0
0
1.04
0
0
0
0
0
0.02
0
0
0
0
0
0
0
0
0
0
0
0
0
0
0
0
0.02
0
3.38
13.84
0
0.03
0
0
0
0
0
0
0
0
0
0
0
0
0.23
0.35
1.08
0
0.01
0
0.01
0.05
0.01
0
0
0
0
0
0
0.01
0.02
0
0
0
0
0.01
0
0
0
0
12.63
0.11
0.14
0.92
0.05
0
0
0
0
0
0.52
0.05
7.59
3.65
0.16
0.16
1.98
0.42
0
0
0
0
0
0
0.01
0.01
0
3.02
4.58
0.96
0.61
0.36
0.13
2.03
0.02
0.2
0.18
0
6.33
12.67
2.37
0.31
2.72
0.86
0.27
0.17
2.71
0.23
0.09
0.02
0
0
0
0
0.11
0
0
0
14.22
1.07
0
0.13
0.03
0
0
0.41
0.04
1.96
7.58
5.64
3.79
0.18
0.43
0.04
0.09
1.48
0.21
0
0.01
0
0.02
0
0
0.03
0
0.09
0
0
0
0
0
23.91
11.81
12.39
20.09
5.66
4.29
4.63
4.04
1.77
2.05
7.83
12.8
4.88
2.14
1.26
17.09
3.89
2.99
11.35
0.25
13.91
0.06
0.03
0.21
10.45
0.74
1.06
0.17
0.02
0
0.73
4.95
0.23
0.01
0.43
2.72
1.38
0
9.66
7.17
3.71
6.79
20.31
15.26
5.55
0.7
0.13
6.77
0.38
0
0.14
0
0
0.02
1.42
0.09
0.17
0.18
0
0
0.56
3.79
0.37
0
0
0
0
5.24
0.84
5.52
2.64
0
0.03
0
0.05
0.01
0.01
0
0.01
0.41
1.5
7.33
2.77
1.36
0.23
0
0.12
1.34
0.13
13.47
5.85
10.43
1.24
0.02
5.63
2.82
0
0.05
2.55
4.3
1.61
5.84
5.79
0
0
0
0
0
0
0
0
0
0
0
0
0
0
0
4.92
0.42
0.7
1.81
0.04
0.5
0
0
0
0.01
0
0
0
0.01
0
0
0
0
0.07
0
0
0
0
0
0
0
0
0
0
0
0
0
0
0
0
0
0
0
0
0
0.01
0.02
0.01
0
0
0
0
0.01
4.75
0.04
0
0
0.01
0.09
0.52
0.02
0
0
5.57
1.52
0
0
0
0.01
1.58
0.02
0.04
0.02
0
1.7
0.13
0
0
0
2.29
0
7.28
10.4
2.03
0.1
0.07
0.15
2.18
0.71
4.68
0.05
0.04
0.1
0
0
0
0
0.02
0
0
0
0
0
0
0
0
0
0
0
0
0
0.05
0.39
0.61
0.06
0.07
4.92
0.64
0
0.61
6.01
3.14
0.2
0.29
0.05
0
0
0.01
1.61
10.44
0.18
1.1
14.42
15.46
0.05
0.2
0.02
7.6
11.46
0.78
0.73
5.36
0.33
3.06
0.33
0.03
0.03
0.38
0.29
0.07
0.01
1.8
2.79
3.15
0.73
3.74
0.78
0.55
17.88
0.6
0
0.01
3.26
0.2
0
0.02
0
0.03
0.02
0
0.01
0
0.01
0
0
7.8
10.82
0.55
0.61
1.43
0.36
1.53
0.05
0.02
0
0
0
0
0
0
0
0
0
0
0
0
0
0
0
0
0.01
0
0
0
0
0
0.07
0.04
0
0
0
0
0.05
9.98
1.2
0.02
1.34
0.09
0.08
0.02
0
0
0
1.56
6.94
8.5
3.05
0.06
0
0.04
0.14
0
0
0
0
0.01
0.03
0
0
0
0
0
0
0
0
0
0
0
0
0
0
0
0
0
0
0
0.02
0.02
0.41
7.09
0.01
0.25
0
0
0
0.01
0
0
0
0
0
0
0
0
0
0.05
0
0
0
0
0
0
0
0
5.12
1.64
4.04
0
0.08
8.02
3.95
2.33
1.94
2.23
1.74
0.08
0.01
0
0
0.38
0
16.8
16.34
16.38
7.44
3.69
0.03
4.52
11.28
7.14
0.46
0.13
0
0
0.64
0
6.93
0.06
0
0
0
0
0.06
0.27
0
0
0
0
0
0
0.02
0
0
0.02
0
0
0.01
0
0
0
0
0
0
0
0
0
0.04
0.01
0.39
0.45
0
0
0.07
0.01
0
0
0.01
0
0
0
0
0
0
0
0
0
0
0.02
0
0
0.02
0
0.07
0
0
0
0.55
0.3
0.02
0
0
0.01
0
0
0
0
0
0.02
0
0
0
0
0.47
0.01
0
0
0
0
0.01
0
0.66
0
0
0
0
0
0.02
0
0
0
0
0
0
0.02
0
0
0
0
0
0
0
0
0
0
0
0.06
1.19
1.9
1.75
0
0.01
0.01
11
13.91
0
0
0.97
0.04
0
1.48
0.06
0
0
0
0.02
0
0
1
0.06
0.12
5.91
7.16
16.12
2.09
1.47
1.19
0.88
8.92
1.7
1.58
0.03
0.02
0
0.21
0
0
0.02
0.81
0
0
0
0
0
0
0
0
0
0.02
0.01
0.3
0.03
1.03
0.19
0
0.2
0.23
14.22
2.33
1.62
20.88
3.03
0.06
0.01
0
0
0
0
0.06
0.22
1.56
2.86
3.94
6.19
1.53
2.7
2.03
0
4.95
1.38
0.85
8.38
4.19
8.28
0.08
0.02
8.61
0.05
0.33
2.16
4.72
9.31
0.94
0
0.28
1.64
0.16
0.78
1.3
3.98
0.73
0.34
3.06
1.53
0.77
0.18
0.09
0.8
0.88
0.89
0
2.88
0.06
0
0.02
0.06
0.06
3.53
27.69
29.38
6.95
0
0.04
0
0
0
0
0
0
0
0
0
0
0
0
0
0
0
0
0
0.03
0
0
0
0.02
0.03
0
0.2
3.59
0
0.5
7.81
0.12
0.12
2.28
6.89
0.03
1.44
0.94
0.03
0.26
1.19
1.25
0.17
0
0
0
0
0
0.15
0.02
0.01
0
0.01
0.01
0
0
0.01
0.07
0.01
0
0
0
0
0
0
0
0
0.02
0
0.29
5.31
2.1
1.06
0.02
1.94
0
0
0
0
0
0
0.01
0
0.53
23.08
5
0.88
0
0.02
0.09
4.33
9.48
4
0
0.9
0.34
3.12
0.04
0.25
11.64
19.75
1.88
0
0.35
0
1.03
7.58
0.66
0.54
2.73
5.91
0.78
2.62
0.73
2.48
8.22
0.53
1.26
5.56
1.28
0.44
5.19
0.28
0.17
0.05
0.42
1.38
1.48
0.02
0.09
0.38
0.02
0
0
0
0
0
0
0.32
2.3
0.09
1.69
15.8
5.53
7.58
13.41
5.73
0
0
0
0
0
0
0
0.02
1.26
0
0.12
0
0
0
0.23
0.3
0
1.94
3.83
0.13
0.17
3.73
0
0
0
0
0.97
0.08
0
0.02
1.46
0.02
0
0
0
0
0
0.91
0.05
0
0
0
0
0
0
0
0
0
0
0
0
0
2.01
8
0
0
0.53
0.22
0
0
0.01
0.01
0
0
0
0
0.79
0
0
0
0
0.01
0
0.02
2.83
0.4
0
0
0
0
0
0
0
0.02
0
2.62
31.45
0.06
0
0
0
0
0
0
0
0
0.03
0
0.01
0
0
0
0
0
0
0
0
0
0
0
0
0
0
0
0
0
0
0
0
0
0.02
0.05
0
0.38
11.47
0.24
0.14
0.05
0.14
0.4
1.31
0
0.05
0
0
0
0
0.09
15.44
0
0.02
0
0
0
0
0
0
0
0
0
0
0
0
0
0
0.75
3.75
1.53
1.16
0.75
0
9.31
0.01
0.02
0
0
0
0
0
0.04
4.28
3.12
23.56
12.75
2.59
0
0.89
0.04
0
0
0
3.72
0.26
0.34
0.01
0.05
0
0
0
0
0
0
0.38
0.09
19.03
0.11
0.02
0
0
0
3.95
2.41
0.2
0.36
14.44
1.03
3.94
6.06
6.28
0
0.58
1.63
0.19
0.15
0.01
0.03
6.06
0.09
0.04
0
0.04
2.59
0.01
0.07
2.98
0.28
0.17
0
8.61
1.67
0.61
0
0.03
0.06
0.97
10.56
12.97
9.8
0.69
0.05
0.18
0.02
0.01
0
0
0
0
0.02
6.88
14.62
1.12
8.16
1.23
4.64
1.39
0.41
0.45
2.11
3
3.69
0.3
0.5
0.14
0.08
8.44
10.58
12.59
4.88
15.25
1.22
1.78
0.8
0.07
0.05
0
0.07
0
0
0
0
16.19
0.88
0.03
0
0
0
0
0
0.06
0
0
0
0.06
0.12
1.62
8.51
0.41
0.05
0.04
0.02
0
0
0
0
0
0
3.64
0
0
0
0
0
0
0
0
0
0
0
0
0
6.28
1.61
0.54
0
0
0
7.41
0.75
9.05
9.64
0.04
0.44
1.95
1.31
0.21
0.01
0.17
0.15
4.3
7.77
3.47
0.62
8.13
3.92
13.75
4.2
6.38
1.02
0.31
1.88
0.09
1.89
0
0
0
0.27
0.78
3.97
0
0.45
0.03
0.01
0
0
0.83
0
0
0
0.17
0
0.02
5.34
0.01
0
0
0.23
0.03
0.02
0.04
4.7
0.51
0
2.84
0.46
33.97
0
0
0
0
0
21.84
0.05
0.02
1.71
0
2.16
1.41
8.56
0
1.02
0.03
0.05
0.08
0.08
0
0
0
0
0
0.17
0
0
0
0
0
0.92
0
0
0
0
0
0
0
0
0
0
0
0
0
0
0
0
0
0
4.27
0
0
0
0
0
0
0
0.12
0
0
0
0
0
0
0
0
1.21
0.01
0
0
0
0
0
0.02
0
0
0
0
0.47
16.66
0.03
0.01
0.05
0
0
0.02
59.66
28.12
0
0.03
0
0
0
0
0
0
0
0
0.87
7.22
27.44
2.03
1.91
0.04
0
0.01
0.5
5.56
2.03
0
20.18
0
0.02
0
0
0
0
0
0
4.94
0
0.02
0
0
0
0
0
0
0
0
0
0.1
0.23
0.02
0
0
0
0
0
0
0
0
0
0
0
50
36.5
21.22
0.84
5.8
0.09
0
0
0
0
0
0
0
0
0
0
0
0.01
0
0
0
0.02
0.16
2.14
13.59
2.75
0.5
1.19
0.09
1.12
0.06
0.02
0
6.7
0.09
0.21
0.02
0.11
0.02
0.98
0.09
0.12
0
0.12
0.03
0.03
0
0
0
0
0
0
0.31
0.3
0.02
2.66
3.69
4.69
13.31
0.19
0
0
0.03
0
0
0
0
7.44
3.64
0
0.01
0
0.06
0.03
0
0
0
0
0
0
0
0
0.22
0
0
0
0
0
0
0
0
0
0
0
0
0
0
0
0
0
0
0
0
0
0
0.02
0.27
4.34
0.38
0.01
0
0
0.02
1.88
0.04
0
0
0
0.4
1.64
1.48
0
0
0.01
0
11.03
0.71
0
1.7
1.62
0.14
0.17
2.58
16.75
9.12
3.97
4.88
0.48
0.53
0.47
0.05
0.39
2.75
6.75
2.81
2.78
1.72
1.42
1.06
0
0
1.11
7.81
0.17
0.03
0
0
0.02
0
0.07
0.05
0.07
0.01
0
1.73
0.83
0.09
0.07
0.01
0
0
1
4.19
1.22
0.66
16.41
6.94
0.07
2.29
7.16
5.23
1.51
0
1.37
0
1.11
3.97
0
0
0
0
0
0
0
0
0
0.01
0.93
1.05
0.01
0.51
0
0
0
0
0
0
0.06
0
0
0
0
0.01
0.01
0
0
1.66
0.02
0
0
0
0
0
0
0
0.02
0.01
0
0.01
0.07
7.2
0.04
0.21
0
0
0
0
0.02
0
0
0
0
0
0
0.8
0
0
0.01
0
0.01
0.25
0
0
0
0
0
0
0
0
0
0
0
0
0
0
0
0
0
0
0
0
0.01
0
0
3.46
0.02
0
0.17
0.02
0.87
0
0.11
0
0
0
0
0.01
0.17
3.59
0
0
0.02
1.56
0
0
0
0
0
0.03
0.08
0
0.78
0
0.01
0
0
0
0
0
0
0
0
0
0
0.01
0
0
1.77
2.52
2.05
0.8
1.2
0.5
0.91
0
1.23
1.73
0
0.03
0.03
0
11.88
1.05
0.08
0
0.36
0.01
0
0
0.03
0
0
0
0.41
5.77
0.18
7
10.31
0
0
0
0
3.27
0.48
0
2.41
5.5
2.38
1
4.48
0
0
0
0
0
0.33
0.04
0.85
0.43
0
2.73
0.5
0
0
0
0.58
3.22
0.56
0.12
13.5
0.73
3.27
5.34
3.28
3.25
2.22
0
3.67
14.52
7.09
3.7
3.98
0.3
0.14
3.94
0
0
0.01
0
0
1.97
5
2.19
0.26
3.47
16.34
10.22
7.84
10.66
28.81
56.75
5.47
2.56
1.19
0.65
0.98
0.03
4.09
0.2
0.11
0.03
0.03
0
0
0
0.02
0.2
0.02
0
