19510101
24.04
7.9
0.35
0.01
0.02
0
0.01
0
5.07
1.88
3.41
2.84
4.89
0.46
0.07
0.05
0
0.2
0.01
0
0
0.09
2.29
7.07
3.39
8.02
9.17
2.89
0.05
0.03
0.07
0.03
0.38
5.81
14.56
2.46
7.16
5.31
2.4
1.69
7.79
8.22
6.99
1.12
3.73
1.71
0
0.84
2.48
0.73
5.74
0.97
4.29
9.88
1.54
0.06
0.03
0.01
0.03
0
0
1.64
3.08
7.89
1.15
3.5
4.16
10.01
16.07
10.13
11.93
16.62
10.97
4.77
0.81
2.07
0.66
0.02
0.02
0
0
0
0
0
0
0.02
0.05
0.01
0.02
0.02
0
0
0
0.01
0
0
0
0
0.52
6.46
1.1
0
0
0
0
0
1.04
0
0.51
2.62
0.15
5.63
8.74
4.25
5.95
4.03
8.32
6.05
8.07
21.17
6.38
2.32
0.86
0.19
4.51
8.41
1.45
1.57
1.2
0.95
1.58
0.67
0.04
0.01
0
0
0.38
2.22
0.03
0.45
0.12
0.04
0.02
0
0.57
2.16
0
3.48
11.82
0.3
0.16
0.09
0.48
10.23
0.87
3.21
0.88
4.11
0.57
0
0.02
0
0.09
0
0.23
0.43
0.13
1.1
0.36
0
0.32
0.2
0.25
0
0.01
0
0.19
0
0
0.16
2.6
1.6
0
0.03
0.44
0
0.13
0.99
0
0
0
0
0
0
0
0.02
0
0
0
0
0
0
0
0
0
0
0
0
0
2.19
6.33
1.43
4.29
11.91
0
0
0
0
0.03
0
0
0
0
0
0.03
0.02
0.02
0
0.03
0
0
0
0.01
0
0.15
18.67
0
0.02
0
0
0
0
0
0
0
0
0
0.61
0
6.36
4.52
0.49
9.55
8.91
4.2
6.2
0.97
0
0
0.02
0
0
0
0.37
7.21
28.94
1.37
0.02
0.02
0
0.03
0
1.36
9.68
10.24
3.88
0
0
0
0
8.67
10.91
1.8
1.22
4.73
1.14
2.95
0.1
0.02
0
0.56
0.11
2.32
0.1
0.02
0
0.01
0.02
0.01
1.42
1.85
3.26
6.23
0
0
0.05
0
2.04
9.55
7.38
11.32
15.15
13.33
2.73
4.62
6.61
3.16
0.46
0.64
1.23
7.54
17.05
6.16
1.07
0
0
0.05
0.03
0.02
0.01
0.03
0.01
0.02
0.11
0
0
1.71
3.63
0.01
0.09
0.04
0.05
0.02
0
0.06
0.5
0.02
0.02
0.44
0
0.01
0.04
0.05
3.85
5.24
1.13
1.7
0.58
2.28
2.38
4.47
0.4
0
0.02
0
0.01
0
0.02
0.05
0.06
0
0
0.02
0.01
0
0.02
0.85
0.16
0.04
0
0
0.15
0.14
0.17
0.34
0.66
0.59
5.91
7.55
9.2
19.61
8.8
2.02
0.82
0.1
1.68
0.37
0
0
0
0
0
0.02
0
0
0
0.51
6.94
5
0.95
0.21
0.01
0.22
0.42
0.1
0.01
0.02
0
0.98
3.71
0.22
0.9
1.41
0
0.08
0.05
0.09
0.57
0.08
0.03
0
0
0.57
3.03
2.22
8.64
1.29
0.18
3.77
1.3
5.54
2.75
2.35
0.34
0.05
0
0.07
0.16
0.45
0
1.84
6.23
10.41
9.58
8.47
8.45
8.22
2.47
1.02
0.01
0
0.02
0
0
1.42
16.44
13.8
6.06
10.1
3.02
0.13
1.07
0
0
0.02
0.34
0.27
3.96
0.67
0.01
0.02
0
0
0.16
1.23
6.28
6.41
7.19
14.68
4.13
1.96
0.08
0
0.22
0
0
0.16
0
0.03
1.32
0.14
0
0.49
6.46
1.74
3.31
0.95
4.2
3.45
0.38
0
0.78
1.1
0.41
1.93
5.09
0
0.05
0.02
0
0.01
0
0.02
0
0.32
1.62
7.2
0.32
0
0
0
0.1
0.78
4.63
0.06
0
0
0.36
0
0
0.78
4.4
0.14
0.84
0.2
0
0
0.4
3.92
3.67
12.3
0
0
0
0
0
0
0.12
0
0.48
9.22
0
0
0.05
0
1.82
0
0.3
1.39
0.84
1.13
5.91
2.67
6.04
1.35
6.02
8.14
4.31
0.26
0.02
0
0
0.11
0.75
0
0
0.08
0
0
0.01
0
0
0
0
0
0.24
0.01
0.01
1.88
0.77
0
0
0.02
0.71
19.64
35.57
5.06
0.19
0
0.01
0
0.01
0
0.02
0
0
0
0.33
0
0
0.3
2.9
1.82
6.73
7.46
0
0
0
0
0
0
0.01
0
0.01
0
0.39
0.05
0.47
1.19
0
0
0.01
0.05
0
1.45
0
0
0
1.75
1.17
1.03
1.45
0.39
0.85
0
0
4.87
14.36
1.07
4.33
1.91
0.15
1.45
4.54
0.65
0
0.61
0.75
0
0
0
0.52
0
0
0.01
0
0
0
0.01
0.02
0
0
0
0.33
0.38
0.48
2.34
3.98
1.16
0.84
0.03
0
0
0.95
3.61
0.82
0.54
3.47
6.28
22.79
3.19
4.96
0.65
0
0
0
0.01
0
0.58
0
0.02
3.6
3.57
3.05
0.15
1.18
4.55
1.53
0.13
0.2
0.01
0.45
0.15
0.26
0.32
0.54
7.98
2.86
2.95
0.3
0.34
0.68
3.73
1.17
0.35
1.01
0.44
0.64
0.83
0.03
0.12
0.23
0.01
0
0
0
0
0.05
0.02
0
0
0
0
0.17
0.54
0.3
0
0
0
0
0
0.19
0
0
0.98
4.38
7.7
5.32
1.04
0
0.41
3.86
0.52
0.2
0.82
1.6
0.23
0.14
0.01
0.02
0
0.17
0.04
0
0
0
0
0
0.18
0
0
0
0
0
0
0
0
0
0
0
0
0
0
0.22
0.03
0.09
0.16
1.67
2.17
0.53
0.07
0.11
0.01
0.27
0
0.01
0
0.09
0.13
0
0.01
0.02
8.66
1.31
0.08
0
0.11
0.27
3.11
1.66
0.18
0.02
0.3
0
0
0
0
3.92
23.58
16.81
5.81
1.66
8.16
1.14
2.57
1.52
6.73
0.02
0.01
0
0
0.01
0.01
0
0
0
0
0
0
0
0.08
0
1.72
6.4
0
0.01
0
0
0
0
0
0
0
0.14
0.69
0.73
0.13
0.02
0
0
0
0
0
0
0.2
0.02
0
4.09
0
0.41
0.13
0.07
0
2.27
0
0
0
0.66
2.35
0
10.13
0
0.65
0.41
0.01
0.86
0
11.22
13.38
12.46
11.73
0
0
0.2
1.75
2.1
4.82
0
0
0
0
0.05
0
0.01
0
0
0.29
0
0
0
0
0
0
0
0
0
0
0
0
0
0
0
0.01
0.35
0.98
0.05
0
0
0
0
0
0
0
0
1.3
0.11
0.57
0
0.01
0.01
0
0
0
0
0
0.1
0
0.09
0.02
0
0
0
0
0
0
0
0
0
1.09
2.55
0
0
0
0
0
0
0.07
0.12
0.05
0
0
0
0
0
0.01
0
0
0
2.49
15.52
1.01
0
0
0
2.57
1.05
9.62
3.92
1.58
0.09
5.45
0
1.13
3.74
10.36
8.52
6.52
3.41
3.59
0.96
0.65
0.49
1.23
0.03
0.04
0.59
0.29
0.76
1.34
0.89
2.36
0
0
0
1.47
4.83
0.92
0
0.55
0
0
0
0
0
0
0.05
0.55
0.72
0.23
0.13
0.09
0
0.52
0
0
0
0
0
0
0.21
0.14
0.97
0.3
0.01
0.34
0.39
0.6
2.87
10.55
1.29
3.77
11.22
3.37
0
0.04
0.34
0
1.4
3.45
1.96
0.58
3.74
4.86
2.14
0.43
0
0
0
0
0
0
0.01
0
0
0.01
0
0.06
0.01
0.04
0.39
0.33
0.38
0.95
0.04
0
0
0
0.01
0
0.07
0.01
0
0
0.02
0
0.01
0
0
0
0
0.07
0.27
4.81
5.24
4.84
2.14
0
0.29
0.02
2.22
2
1.05
0.05
0.55
0.39
2.09
8.32
0.21
3.21
6.37
3.22
0.52
0.03
0.01
0.29
0.01
0.01
0.01
0.01
0
0
0.23
0.88
0.27
0
0
0.01
1.89
5.52
0.16
2.26
12.27
8.8
3.98
2.46
7.41
5.82
3.61
2.82
0.48
2.05
1.79
1.13
0.41
0.07
0.35
3.77
1.72
0.06
0.66
0.47
0.13
0
0.38
1.22
1.8
0.01
0
0
0.01
0.38
0.03
0.05
0.06
0
0.39
0.14
0
0.08
0.01
0
0.01
0
0
0
0
0
0
0
0.14
0.93
9.82
2.05
8.07
6.16
0.34
3.11
0
0
0.04
0
0
0
0
0.16
5.21
0
2.25
2.71
29.98
8.22
2.43
0.32
0.05
0
0
0
0.06
0.06
0.02
0
0
0.07
0
0
5.08
2.43
8.41
27.18
2.53
0
0
0
0
0.64
0.86
0
0
0
0.07
0
0
0
0
0
0
0.3
0
0
0
0
0.03
0.13
0.02
0
0.11
0.04
0.03
0
0
0
0
0
0
0
0.15
0.02
0.05
0
0
0
0
0
0
0
0
0.05
2.05
2.47
0.16
0
0
0
0
0
0
0
0
0
0
0
0
0
0
0
0
0
0
0
0
0
0.41
0
0
0
0
0
0.01
1.61
0.89
0
0
0
0
0
0.07
0.01
0
0
0.01
0
0.02
0.58
0.36
0
0
0.07
0
0
0
0.02
0
0.92
1.19
0
0.02
0
0
0
0
0
0
0
0.05
0
0
0
0
0
0
0
0.02
0.92
0.09
0
0
0
0
0.02
0
0.01
0
0
0
0
0
0.05
0
4.11
0.27
0
0.11
0.59
0.13
0.16
0
0
0.27
0
1.32
2.35
0.6
0.07
0
0.05
0.95
15.63
8.42
2.44
0.71
0
0
0.01
0
0
0
0
0
0.01
0.97
0.32
1.56
4.67
0
0.27
2.27
5.03
1.98
11.25
11.7
2.6
1.41
0
0
0
0.02
0.06
7.65
3.13
1.3
0.17
0
0
0.05
0
0.01
0
0
0
0
0
0
0
0
0
0
0
0
0
0
0.01
0.14
5.9
10.88
10.59
9.27
5.64
5.19
2.74
11.91
1.73
2.05
0.27
1
0.53
3.85
2.41
11.23
13.27
4.44
0.74
3.22
1.89
0.98
0.04
1.02
0.11
0.94
0.63
4.11
5.9
6.25
7.88
31.92
7.2
0
0.38
0
0
0
0.01
0.02
0.06
1.93
1.7
0
11.79
21.09
11.34
5.71
4.06
0.02
0.1
3.45
3.26
2.74
3.59
2.19
0.47
0.02
0
0.01
0
0
0.04
0.05
0.16
0.19
3.7
2.29
0.41
0.51
0.48
0
0
0.01
0
0.06
1.94
6.52
2.74
0.07
0
0
0.02
0.03
0.01
0.02
0.18
0
0.05
0
0
0.01
0
0
0
1.27
0.82
0
0
0
0.01
0
0
0
0
0
0
0.11
2.67
8.56
8.35
4.57
12.7
0.87
0.01
0
0.02
1.03
0
1.15
4.08
0.47
0.04
0
1.5
0.16
0
0
0
0
0
0.06
0
0
0
0
0.16
0
0.45
5.85
1.57
2.47
4
1.43
1.93
0
0
0.31
3.48
1.44
2.24
4.75
1.11
0.1
2.16
4.32
1.13
4.03
1.8
0
0
0
0
0
0.04
4.79
6.87
4.82
1.38
0.29
0.02
5.1
0.2
6.98
0.51
0
0.08
0.02
0
0
0
0
0
0
0.01
0
0
0
0
0.16
0.01
0
0
0.02
0.02
0.16
0.09
0.3
1.17
3.78
2.18
3.72
1.73
2.45
0.01
0
3.57
0.02
0
0.48
0
0
0
0.22
2.72
5.63
0.61
0
0
0.04
0.04
0.36
0
0
2.92
0
0.2
0
0.02
0.02
1.21
0
0
0.46
0
0.1
4.06
4.46
0.6
0
0.01
0.07
0
1.02
0.99
0.12
0.08
0
0
1.94
0.1
0.25
0
0.13
0
0
0
9.5
2.61
5.86
1.06
0.34
0.01
2.49
0
0
0
0
0
0.55
0
0.08
0.14
6.3
10.24
5.57
1.46
0
0
0
0
0
0
0
0.01
0
0
0.65
1.25
0
1.64
10.8
0.89
0.04
0
0
0
0
1.06
14.34
19.58
15.58
8.69
3.34
0.37
1.3
6.66
0
0.02
3.19
2.08
0.27
0.55
4.53
4.24
0
0.05
0.05
0
0
0
0.04
0.16
0.71
1.4
8.25
0.58
0.66
0.1
0
0
5.96
12.4
12.06
0.27
0.12
0
0.01
0
0
0.07
0
0
1.35
2.98
21.16
25.02
20.2
15.19
4.76
4.43
4.3
8.72
4.05
0.43
0.15
0.86
0.07
0.01
0
0
0.11
1.27
0.01
0
0
0.11
0
0.01
0
0.05
2.8
4.86
1.39
1.72
10.56
2.28
2.31
5.45
13.13
3.39
5.59
2.16
2.43
0.47
0.1
0
0
0.01
0.01
0
0
0.41
8.57
0.96
0.56
0.1
0.03
0
0
0
0
0.01
0.01
0.01
0.01
0.09
0
0
0
0
0
0.23
0
1.67
3.44
3.92
8.51
5.28
0.69
0.13
0.05
0.02
0
0
0
0
0
0
0
0
0
0.74
0.08
0.01
0
0
0
0.01
0
1.45
7.51
8.24
7.9
7.23
11.18
16.87
3.77
8.76
2.91
7.05
26.22
23.38
9.47
3.1
0
0
0
0
0
0.14
0
0.4
0.46
0.7
2.68
0.18
3.13
7.23
4.94
2.9
1.23
0
0.4
1.14
3.22
3.29
10.38
1.55
1.19
5.5
2.89
7.26
1.13
0
0
0
0
0
0
0
0
0
0
0
0
0
0.04
0.04
0
0
0.3
1.93
1.59
17.93
12.18
15.41
7.16
3.99
25.72
17.34
4.64
0.01
0
0.1
0
0
0
0
0.01
0
0
0
0
0
2.34
0.22
0.02
0.78
0
0
0.01
0
0
0
0.02
0.01
0
6.25
0
11
0.88
0.39
4.17
0
0.44
0
0
0
0
0
0
0
0
0.02
0.02
0
0
0
0.01
0
1.01
0
0
0
8.36
25.55
3.91
0
0
0.01
0
0.02
0.02
0.38
1.75
0
0.08
0.09
0.02
0
0
22.09
7.03
0
0
0
0
0
0
0
0
0.03
0.52
0
0
0.07
0
0
0
0.01
0
0.01
1.04
0
0
0
0
0
0
0.05
0
0
0
0.07
0.01
0.02
0
0
0
0
0.21
0.33
0
0.59
0
1.34
30.58
13.41
1.86
26.39
13.86
2.43
0.21
0
0
0
0
0
0
0
0.2
0
0
0
0.05
4.23
7.66
1.8
0.04
0.35
6.4
2.44
0.29
0
0
0
0
0.02
1.19
0.18
0.18
0
0.04
0.2
0
0.08
0.55
2.53
0
0.17
0.8
0
0
0.06
0.41
2.74
5.16
0
0.01
0.5
0.58
0.01
0
0.42
2.52
0.32
3.43
5.69
0.97
0.55
0
0.33
0.04
0
0.25
0.25
0.15
0.69
0.02
0
0
0
0
0
0
0.21
0
0.01
0
0
0.04
0
0
0
0
0
0
0.27
0.39
0.34
0
0
1.22
1.59
1.47
3.77
3.75
10.35
5.45
2.7
0.44
0
0.01
0
0
0
0.16
0.34
0.16
0
0
0
0.48
4.37
0.01
0.02
2.05
2.74
0.16
0.07
0.18
2.02
2.84
0.85
0.34
0.05
0.04
0
0
0.01
0.01
0
1.63
0.35
0
0.21
0.29
1.3
1.94
0.57
0.03
0
1.78
4.11
15.45
16.56
11.88
1.63
0.1
0.58
0.06
0.1
0
0
0
0.04
0
0
0
0
0.03
0.67
2.32
3.16
0.56
0
0.77
0.32
0.18
0
0.01
0
1.14
0.71
0
0.27
0.7
0.19
1.47
4.74
3.45
2.24
8.23
1.85
0.09
0.14
0
0.27
2.83
1.05
0
0.01
0.48
0
1.2
0.44
0
0
0.18
0.03
0.54
0
0
0.97
2.73
11.33
4.31
0.02
0
0
0.4
1.54
1.03
0.98
6.27
4.47
4.8
10.88
4.82
11.16
6.48
1.19
7.14
3.14
0
1.16
11.35
7.02
8.82
3.41
0.69
1.48
0.24
0
0
0
0.45
0
0.15
0
0.72
0.02
0.3
4.65
14.37
5.38
7.04
5.85
3.77
1.36
1.96
5.39
2.52
1.07
0.14
0
0.01
2.56
24.15
3.79
0.66
0.11
1.89
13.62
3.72
0.87
6.89
14.35
10.24
0.36
0.13
2.1
9.82
1.12
0
0
0.89
0
0.03
0
0
0.32
0
0.02
0.81
0.4
0.55
0.05
0.02
0
0
0.4
0
0
0.01
0.88
0
0
0.72
0
0
0
0.8
0
0
0
1.36
0
0
0
0
0.45
0.15
0.13
0.03
0.02
1.07
0.01
0.02
0.65
0
0
0.95
0
0.29
0
1.19
0
0
0.01
0
0
0
0.2
0.01
0
0.09
1.48
0.24
2.57
1.11
9.52
1.91
0
0
0.35
0
0
0.43
0.18
0.65
1.27
0
0
0
0.77
0
0.94
8.09
1.04
7.41
10.13
1.93
0
0
0
0.17
0
0
0
0.34
12
22.65
48.5
10.56
0.07
0
0
0.46
0
0
0.91
1.05
1.62
2.5
6.99
6.7
1.43
0
2.76
4.32
2.13
0.18
0.23
0
0.01
0
0.43
0.01
0
0.59
0.03
0.09
1.41
0.72
0.38
1.53
5.99
11.7
3.77
10.06
1.49
1.03
0.25
0
0
0
0.27
0
0.15
0.01
0
0
0
0.59
0.18
0.52
0
0
0.16
0
0
0
1.4
0
0
0
1.22
0.01
0
0
0.74
3.58
7.46
4.2
1.02
0.27
1.23
0
0
0
0.69
0
0.02
0.41
6.53
2.37
1.2
1.16
0.02
0
0
0.01
0.23
0.98
0.9
0.48
0.16
0.01
0
0
0
0
0
0.33
0.04
0.05
0.04
0.08
0
0
0
0.01
0
0.06
3.34
2.57
1.47
3.44
2.28
3.71
12.62
15.23
3.67
2.05
0.22
0
0
0
0.01
0
0.26
0.52
0.99
8.1
3.39
2.43
3.34
1.08
0
0
0
0
0
0
0
0.3
0.02
0.19
0.14
0.17
0
0.05
0.02
0.75
0.1
0
0
0
0.42
3.32
1.13
3.92
1.31
1.64
0.08
0.05
0
1.34
2.29
0.96
1.61
0.33
0.19
0.22
4.65
12.26
5.13
2.98
2.77
5.97
6.62
3.57
7.31
0.99
3.94
5.62
4.41
1.15
3.36
0.93
0.08
0.01
0
0.13
3.08
9.28
5.28
0.56
0.03
0.04
0.03
0
0.13
1.6
0
0
0
0
0
0.07
0
0
0
0.01
0
0
0.02
0
0
0.22
0.28
2.51
1.76
0.86
11.36
19.17
2
0.03
0
0
0
0.01
0.93
4.13
0.83
0.02
0.03
0
0.07
0.02
0
0
0.01
0
0
0.22
0.01
0.01
0.04
0.02
0.05
1.95
2.67
0
0.02
0.01
0
0
0
0.83
19.16
38.2
19.36
0.59
0
0.18
0.2
0.12
1.03
1.57
0.07
0.14
1.78
1.38
1.86
0
0
0
0.07
0
0
0.02
0
0
0
0.02
0
0
0.06
0.02
0
0
0
0
0
0
0
0
0
0
0
0
0.04
0
0
0.19
14.14
0
0
0
0.16
0
0
0.01
0
0
0
0
0
0
0
0.01
0.01
0.04
0.42
0.88
0
0
0
0
0
0
0.01
0.07
0.35
0.13
0
0
0
0
0
1.32
1.19
0.16
0.66
0.42
1.39
0.82
0.49
1.07
0
0
0
0
0.01
0
0
0
0
0
0
0
0
0.02
0.98
10.45
0.75
0.47
2.09
1.38
3.33
1.7
0.96
0.03
0.22
0.21
0
0
0
0
0
0
0
0
0
0
0
0
0
0
0
1.04
0.45
0.1
0.13
1.39
7.82
1.13
0.09
0
0
0
0
0
0
0
0.02
0
0.88
0.54
0.42
0.02
0.03
0
0
0
0.02
0
0.02
0
0.04
0.54
0.05
0.59
0.49
0.41
0.85
1.99
5.63
14.86
10.2
14.4
7.15
2.73
3.39
1.47
0.82
1.14
4.02
19.55
8.77
12.3
7.11
5.58
19.2
12.26
4.89
9.17
8.07
1.3
0.46
1.48
1.7
1.07
1.86
0.64
0.01
0
0.55
0
0.03
0.02
0.09
0.09
0.09
2.51
6.24
4.23
2.3
0.39
0.4
8.75
6.05
0.66
0.06
0.24
0.1
2.71
0.61
1.21
0.88
0.14
0.02
0
0.13
0.11
0
0
0.24
0.38
2.9
12.45
5.06
0.38
0.36
0.35
0.1
0
0.17
0.18
0
0
0
0
0
0
0.01
0
0
0
0
0
0
0.05
0.15
0
0.35
2.8
5.92
15.39
2.45
9.41
7.05
1.05
12.44
7.59
2.85
11.61
2.64
0.09
0.02
0
0.02
0.3
0.66
0.36
8.41
6.29
1.29
4.54
2.19
0.35
0
0
0.05
0.11
0
0.08
0
0.15
1.2
3.31
0.2
0.14
0.5
0.16
0.04
0.01
0.12
0.86
13.64
2.76
5.04
2.3
0.04
0.05
0
0.19
0.48
0.48
9.5
1.5
1.13
0.02
1.11
0.21
4.14
0.43
0
0.38
0.27
5.48
5.5
10.22
9.2
1.22
2.3
0.83
0.18
0
0.05
0
0.03
0.15
11.99
0.8
6.44
8.33
5.63
1.01
2.35
3.23
0.49
1.38
8.53
10.48
0.75
0.43
0.02
0
0.12
0.4
2.77
4.2
8.45
0.96
0
0
0
0.02
0.73
2.85
0.39
0.02
0.01
0.11
0
0.01
0
0.01
0.02
0.02
0.81
1.93
0.52
0
0
0
0
0
0
0
0
0.79
0.13
0.04
0.02
0.25
0
0
1.52
4.97
0
0
0.14
0.95
18.13
0.25
0.09
0
0
0
0.02
0.03
0.04
0.38
0
0
0
0
0.52
4.12
7.61
3.57
6.21
0.85
0.81
0.52
0
0.03
0
0
0
0
0.01
0.09
0
0.01
0
0.02
0
0
0.22
0.39
2.36
0
1.46
3.99
12.08
1.02
0.37
1.98
0.45
0.75
12.04
1.38
0
0.08
0.25
0.09
2.77
10.03
5.83
0.01
0
0.05
0.73
0
0.09
3.41
2.27
1.36
3.23
1.27
1.69
0.41
0
17.7
8.8
16.89
2.02
0.75
0.86
3.58
9.1
0.91
0.2
0.34
0.84
1.56
0.38
0.01
0
0.04
0.16
10.6
12.07
2.96
6.5
4.25
0.46
0
0.04
0.02
0.09
1.91
7.48
8.41
2.07
0.43
0
0
0.2
0.51
0.02
0
0
0
0
0
0
0.01
1.88
2.3
0.6
6.75
1.86
13.43
4.67
2.16
8
20.41
3.29
0
0
0
1.16
3.68
1.92
2.7
13.48
13.23
0.8
2.25
1.92
1.06
2.49
3.38
6.31
9.15
15.32
5.73
2.84
0.63
1.32
1.79
3.68
0.72
0.63
0.7
2
0.32
0.78
3.34
2.54
4.12
5.07
2.52
4.88
1.02
0.23
0.45
0.21
1.02
0.84
0.77
0
0
0.2
0.04
0.03
2.84
8.52
12.89
3.8
2.43
1.7
0.74
0
0.7
5.76
1.78
0.53
0.62
2.3
4.52
13.12
15.98
22.35
13.19
2.84
2.06
0.5
0.25
0
0.18
0.24
1.67
11.6
3.97
0.28
0.26
1.75
11.82
3.7
5.73
9.44
5.01
2.31
9.38
4.83
7.29
3.42
3.48
12.45
4.43
0.25
0.36
0.23
0
0
0.26
0
0.01
0
0
0
0.13
1.95
2.6
9.18
4.22
2.64
2.38
6.95
6.54
10.54
3.07
0.2
0.02
0
0
0
0.02
0.36
2.02
8.87
6.27
6.79
4
1.97
0
0.52
0.1
0.18
4.47
0.82
0
0.35
0
0.21
0.02
0.05
0
0
0.01
0
0
0
0
0
0
0.78
1.63
0
0
0
0
0.03
0.35
0.6
0.1
0
0.99
12.04
0.02
0.13
0
0.02
0.03
0.95
0.01
0
0
0.16
0.4
0.52
1.63
4.65
7.2
9.48
1.73
0.27
0.25
0
0.33
0
0.01
0.02
0.21
1.9
0
0.27
4.18
29.97
1.38
0.32
0.53
2.45
9.63
7.82
1.48
1.77
0.5
0.35
1.58
4.45
0.76
0
0.6
0
0.02
0.04
0.01
0.03
0.04
0
0.06
0.01
0
0.03
0
1.18
2.36
0
0.35
0.17
0
0
0
0
0.04
0
0
0
0
0.02
0.37
0
10.84
4.3
0.33
0
0
0.66
0.45
0.02
0
0.02
0.03
0.07
0.52
3.77
7.07
0.14
0
0
0
0.01
0.02
0
0
0
0
0.59
0
0
0
0
0
0
0
1.88
0.86
0
0.01
0.01
0.01
0
0
0
0
0
0
0
0
0
0
0.04
0
0
0
0
0
0
0
0
0
0.02
0.38
4.61
2.48
1.89
8.66
1.09
0.01
0.01
0.25
0.58
0.32
0.61
6.15
1.13
0
0.08
3.47
2.49
7.53
22.02
12.09
15.45
13.09
1.75
1.05
1
1.08
0.31
0.2
7.93
12.88
3.56
0.53
3.2
0.16
3.49
12
6.81
11.77
13.42
12.84
9.41
2.81
3.7
15.83
16.91
10.06
7.3
1.05
4.52
0.99
4.26
6.53
0.85
0
0
0.02
1.08
4.5
4.21
1.71
0.03
0
0.35
0.49
0.43
0.2
0
2.38
13.23
5.28
0.39
0
0.02
0.01
0.08
0.44
0
0.16
2.55
0.52
0.34
3.05
6.66
6.06
11.91
0.33
0.09
0.66
0.2
1.71
4.27
2.14
0.88
0.15
0.22
0
2.3
0.98
0.11
0.16
0.7
0.03
0.61
2.79
6.42
2.86
1.89
3
4.25
0.97
2.36
5.41
1.23
0.2
0.89
0.66
0.61
2.35
1.06
0.58
0
0
0.02
0.71
0.08
0.01
0.83
2.3
1.57
4.48
4.27
2.41
2.65
1.78
0.34
0
0.86
0.89
0.07
1.11
0.06
0.03
0
0.47
0.01
0.01
0
0.75
0
0.01
0
0.01
0.66
0
0
0
0.27
0.74
4.71
2.09
0
0
0.51
0.48
0.04
0
0.19
0
0
0
0
0
0
0
0
0
0.01
0
0
0
0
0
0
0
0
0.24
1.28
0.22
0.04
0.84
0.66
0.06
0
0.28
0
0
0
0
0
0
0.01
0
0.03
1.75
12.46
7.5
6.33
4.09
2.78
0
0.01
0.01
0.2
1.3
7.35
3.54
1.95
0
0.54
2.11
8.91
2.29
0.02
0.02
0
3.34
4.22
1.34
0.02
0
0
0.2
0.79
3
0.3
0
0
0
0
0.01
0
0
0
0.16
0
0.4
0
0
0.01
0
0
0.97
3.27
1.55
2.16
3.9
9.87
4.63
16.23
3.37
5.13
1.89
0.03
0
0
0.46
0.44
0
0
0.03
0
0.29
0
0.02
1.2
0
0.57
0.95
0
0.29
5.28
0.33
0.54
1.39
6.19
0.95
0.36
1.73
0
0
0.73
0
0
0.05
0
0
0
0
0
0.02
0
0
0
0
0
0
0.46
0.01
0.01
0
0.36
0.13
0
0
1.28
1.42
0.56
0
0.89
6.76
11.17
1.95
8.77
0
0.24
0
0.02
0
0
1.15
0.23
0
0
1.58
0.97
0
0
0
0.04
0.04
0
0
0.91
0
0
0.04
0.02
0.01
0.2
0
0.13
0
1.59
3.84
16.41
2.64
0.75
0.02
0.15
0.11
0.02
2
0.23
0
0
1.43
0.92
0.78
2.23
33.56
3.94
0.38
0
0
0
0
0.02
0.23
3.65
19.36
9.7
1.26
0.08
0.2
0.71
0
2.23
8.24
1.73
0
0
0.3
0
0.83
1.65
5.36
10.08
0.19
0.59
0.34
0.02
0.05
0.14
0.41
0
0
0.09
1.33
0.04
0.34
8.01
1.18
1.5
1.34
3.12
0.41
0.48
0.51
0.4
0.28
1.38
2.56
3.17
8.41
3.3
1.94
4.6
11.8
5.52
7.07
0.28
5.06
17.57
14.2
15.36
3.98
7.35
12.08
8.41
11.72
29.88
3.28
0.4
0
0.51
0.86
0.3
0.27
0
0.77
0.36
0.1
0.68
0.19
0
0
0
0
0
0.73
0.26
0
0
0.41
2.63
2.22
6.16
9.34
6.88
2.49
2.11
4.52
7.57
7.27
3.32
9.74
5.39
1.57
0.12
0.29
0.35
0.48
1.3
2.59
1.59
1.35
2.38
5.36
1.74
1.19
8.31
7.18
1.41
0
0.01
0.01
0
0
0
0
0.01
0
0
0
0
0
0.07
0.05
0
0.01
0.67
0.97
3.16
0.02
0
0
0
0
0.66
0.22
0.18
0
0
0
0
0
0.12
2.24
5.88
6.98
6.11
9.48
2.44
3.12
9.78
7.23
4.27
1.37
0.95
4.2
9.33
5.32
2.57
1.45
1.43
0.1
0.04
0
0
1.21
2.79
2.63
0.4
0
0
3.39
15.02
5.75
0.55
0.31
0.59
0.08
0.03
0.36
0
0
2.19
0
0
0.21
0.22
1.52
0.8
1.78
0.01
0.71
1.38
0.24
1.29
6.49
8.04
1.52
0.33
1.08
3.46
0.35
1.94
11.25
2.78
1.84
0.68
1.01
4.09
2.81
3.41
0.06
0
0
0
0.01
0
0.03
0.01
0
2.05
1
0.84
0.07
0
0
1.7
5.46
2.3
0
0
0.06
0.04
3.4
23.92
16.04
3.93
2.33
7.48
10.56
2.79
0
0.14
0.94
0.45
0
0.05
0.23
0
0
0
1.39
12.74
6.36
0.55
0.14
0
0
0
0
0
0
0
0.13
0
0.55
2.89
4.29
1.58
0
0
0
0.03
0
0
0
0
0
0
0
0
0
0
0
0
0
0
0
0
0
0
0
0
0
0
0
0
0.01
0.07
0
0
0.01
0.02
0
0
0
0
0
0
0
0.02
0.01
0
0.01
0.02
0
0
0
0
0
0
0
0
0
0.01
0.11
0
0.16
0.13
0
0.01
0.01
0
0
0
0
0
0
0
0
0
0.04
0.1
0
0
1.08
1.13
0.05
0.02
0.08
1.36
1.27
2.73
0.18
0.19
1.42
6.43
11.04
8.89
4.19
1.91
1.03
0
0
0
0.24
0.07
0
0
0.01
0.15
0.45
1.53
3.3
6.55
12.85
7.84
3.16
3.23
2.46
0.96
0.05
0.61
0.57
0
0.08
0.95
4.52
7.04
1.68
0.04
0.02
0
0.01
0.02
1.82
3.94
3.4
4.46
2.9
0.26
0.95
1.3
0.59
0.78
1.48
1.17
0.17
0.13
0.05
0.4
0.96
1
1.82
3.78
0.98
0.1
0
0
0
0.01
0
0
0
0
0.13
0.05
0.23
0.02
0.11
0.03
0.16
0
0.04
0.72
0.8
0.79
0.3
0.11
0.02
0.07
0.13
0.02
0
0
0
0.38
0.44
1.4
5.46
18.18
21.7
16.07
10.07
2.84
8.59
7.66
4.2
3.99
8.2
6.33
4.12
3.81
3.83
3.98
1.14
0.6
3.4
2.48
1.91
1.29
3.84
4.71
2.39
4.51
0.99
0.21
0
0
0
0
0.1
0
0.01
0
1.66
4.1
2.04
2.69
1.9
1.36
6.21
4.53
5.86
11.99
10.88
4.11
1.21
1.65
9.36
15.49
3.77
1.07
3.43
3.79
2.04
0.51
0.88
0.95
0.88
0.88
1.21
0.87
1.46
1.79
0.78
0.28
0.01
0.01
0
0.2
0.47
1.85
3.75
5.56
3.55
0.24
0
0.93
1.29
0
0.01
0.88
0.21
0.01
0.02
0.06
0.16
0.01
0.06
0.1
0.2
0.06
0.02
0
0
0
0.45
2.75
1.02
0.08
6.17
25.9
24.08
6.24
7.94
10.85
5.29
2.14
0.62
1.95
9.09
3.76
0.12
0
0
0
0
0
0
0.34
0
0.12
0.24
0
0
0
0.07
0
1.75
0
0
0.01
0.03
0
0
0
0
0
0.01
0
0
0
0
0
0
0
0
0.17
0.17
1.07
0.88
1.35
1.03
1.43
0.42
3.72
5.18
7.33
7.41
3
1.18
0
0.82
1.91
0
0
0
0
0.13
0
0.13
0
0
0.15
1.27
0.18
0
2.81
0.82
4.18
9.91
4.7
2.65
0
0.2
0
0
0
0
6.67
0
0
0
0
1.65
0
0.01
0
0
0.01
0
0.45
0
0
0.03
0
0.01
0.59
1.59
11.2
6.13
7.67
2.48
1.88
0.62
0
1.57
0.37
0
0
0.04
0
0.05
0
0
0
0.02
0
0
0
0
0
0.02
0
0
0
0
0
0
0
0
0.02
0.01
0
0.29
0
0
0.62
2.69
0.83
2.08
0
0
0
0.07
0.02
1.41
0.13
2.59
5.46
5.59
5.96
8.55
0
0
0
0
0.14
0.23
1.02
1.14
0.38
0
0
0
0
0.03
0
0.09
0.03
0.25
0
0.01
0.01
0.13
0.01
0
0
0.15
0
0
0
0.16
0
0.15
0
0.1
0.07
0
0.19
0
0.32
0.19
0.06
0.79
9.39
9.91
4.16
10.98
13.9
7.76
6.11
9.52
4.71
1.69
2.88
4.7
1.95
9.71
14.23
15.2
18.23
10.57
3.24
0.28
0.41
0.06
0.04
0.01
0.42
0.48
1.66
3.58
1.52
1.45
1.08
1.92
1.34
5.49
7.17
4.52
2.73
1.76
5.35
1.95
0.39
1.86
5.75
3.98
0.63
7.23
7.5
1.71
1.9
3.27
2.68
0.84
0.05
0.09
0
0.29
0.09
0.09
0.14
0.17
0.88
0.37
0.09
0.09
0.33
0.01
0
0
0.01
0
0.01
0.01
0.01
0
0.45
1.23
1.23
0.68
0.02
0.02
0.01
0.02
0.01
0
0
0.01
0.03
0.01
0
0
0
0
0.02
0.02
0
0
0
0
0
0
0.01
0.19
0
0.05
0.16
0.13
0.34
3.01
14.23
11.48
13.49
9.59
15.26
2.52
0.3
3.52
6.32
21.74
19.87
5.8
3.16
3.48
2.34
0
1.65
4.38
0.81
0.28
0.4
0.46
0.78
0
2.21
3.04
4.03
3.38
2.79
1.15
0.59
0.39
0.3
0
1.54
2.23
0.63
0.52
1.11
1.62
0.45
0.57
0.63
3.18
3.46
1.77
3.93
2.74
0.48
1.04
0.54
0.81
0.4
0.11
0.08
0.04
0.55
0.63
0
0
0
1.07
11.16
6.89
2.62
0.15
0.01
0
0
0
0.01
0.01
0
0.03
0.01
0
0.02
0
0
0.01
0
0
0
0
0.01
0.04
0.01
0
0
0
0
0
0
0.03
0.18
0.27
3.56
3.03
1.79
0.44
0.02
0
0.36
0.36
0.43
1.34
4.05
6.44
6.11
1.2
0.37
1.22
0.16
0
0
0
0
0.01
0
0.02
0.02
0.01
0.08
0.48
0.88
8.16
17.98
11.96
19.2
2.84
2.04
1.14
3.77
6.03
0.33
1.16
0.03
0.6
0.99
3.96
0.02
0.02
0.14
0.03
0
0
0
0
0
0.19
0.03
0
0.23
0.87
0.63
0.24
5.32
0.21
0.02
2.39
1.12
1.16
0
0.3
0
0.02
0.04
0.53
0.29
0
0
0.29
0.33
2.96
0
0
0
0
0
0
0
0
0.01
0.27
0
0
0
0
0
0
0
0
0
0
0
0
0.21
0.43
0.02
0.18
0
0.02
0.05
0.13
0
0
0
0
0
0.59
0.45
0.31
0
0
0
0
0
0.01
0.02
0.09
0
0
0
0
0.05
0.57
0.75
1.9
16.38
2.27
2.47
0
0.38
0.79
0.98
0.3
0.1
0
2.88
3.5
6.8
0.01
7
1.13
0.02
0
0
0
0
0
0.64
1.77
0
0
0
0
0
0
0.01
0
0
0.05
0.14
2.48
11.93
12.8
0
0
0
0
0.16
0.06
0
0.01
0.12
0
0.17
0.23
0
0.02
0.07
0
0.02
0.51
0.02
0.01
0
0.34
1.6
0
0.07
0.63
0
0.04
0.13
0.21
0
0
0
0.16
1.91
0.05
0.02
0.11
2
1.58
5.97
7.13
0.86
1.65
1.69
2.97
1.72
6.3
1.23
0
2.36
4.24
0.3
0.16
0.46
0
9.64
0.8
0.63
0.07
0
0.01
0
0.73
0.75
0.46
1.25
0.33
0.16
0.35
0
0.24
1.71
3.59
1.91
0.4
0
0.03
0
0
0.05
1.18
12.09
3.48
7.58
7.25
0.66
0.44
0.33
0
0
0
0.01
0
0.01
0
0.55
1.09
1.63
0.22
0.54
0.65
0.18
3.74
4.71
0.58
2.74
8.02
10.87
3.53
4.66
14
4.04
1.46
5.7
5.89
6.92
2.55
3.06
0.96
0.06
0.09
0.11
2.68
9.93
11.21
14.17
4.18
5.05
2.14
0.64
0.45
0.32
0.02
0
0
0.02
0.01
0.01
0
0
0
0
0
0
0
3.46
1.81
0.01
7.45
2.66
0
0
0.09
0
0.01
0
0
0
0
0
0
0
0
0
0
0
0
0
0
0
0
0.01
0
0
0.07
1.91
1.2
0
0
0
0
0
0
0
0.14
0.17
0.01
0
0.33
0.95
1.41
8.8
5.84
0
0.02
0
0.01
0
0.41
0.48
0.8
0
0
2.64
1.12
0
0.03
0
0
0
0.2
0.39
0
0.02
0
0
0
0.02
0.02
0
0.02
0
0
0
0
0
0
0
0
0.02
0
0.07
0.66
0.28
0.77
0.56
0
0.03
0
0.13
0
0
0
0
0.01
0
0
0
0
0
0
0
0
0
0.05
0.01
0
0
0
0
0.02
0.38
1.75
0.44
0
0
0.01
0
0
0
0
0.02
0.01
0.01
0
0
0
0.02
0
0
0
0
0.07
4.04
0
0.82
0.48
0.33
0
0
0
0
0
0
0
0
0.32
1.06
0.01
0.01
0
0
0
0
0
0.01
0
0
0
0
0
0
0
0
0
0.01
0.02
0
0.03
0.82
0.82
26.27
7.15
8.52
1.17
5.66
20.66
0.91
0
0.34
0.5
22.61
7.42
1.83
0.06
32.54
5.87
7.18
0
0.06
0.09
3.3
0
0.17
1.84
3.17
1.93
2.03
0
0
0.31
3.77
2.12
0.05
0.28
4.03
6.22
0
0.27
0
0
2.5
20.79
26.37
5.54
0.16
0.61
0.13
1.14
5.22
0.71
1.33
0.67
0.2
7.68
5.97
5.31
1.96
8.13
0
0.42
0.06
0.13
0
0
0.12
1.43
2.66
0
0.42
2.77
1.52
0.27
0.07
2.36
26.27
5.84
0.62
0
0.02
0
0.06
0.68
2.07
1.21
0.59
0.07
0.53
1.71
0.05
1.03
3.47
4.09
1.13
7.06
2.54
5.56
1.36
0.1
0.05
0.38
0.16
0.41
1.51
0.95
1.53
1.09
2.49
2.41
2.14
4.39
6.73
1.3
6.33
2.13
11.65
5.86
12.81
22.34
12.69
4.27
3.16
1.86
2.97
2.19
0.36
0.17
0.45
1.76
0.33
0
0.11
0.23
0.05
0
0.18
0
0.11
0
1.26
5.85
7
12.11
7.63
1.63
7.7
4.84
0
5
4.29
6.76
4.59
0.48
0
0.36
0.22
0.3
12.84
5
0
0.23
0.59
0.17
0
0
0.01
0
0.01
0
0
0
0
0
0
0
0
0
0
0.2
0
0
0
0
0
0.01
0
0
0
0.1
3.91
4.76
1.73
0.16
0.34
0.49
1.34
0.49
8.73
5.27
6.47
4.94
5.71
3.52
14.78
18.75
5.95
0
0
0.25
0
0
0
4.33
3.06
0.24
0.02
2.56
0.05
0
0.01
0.25
0.79
0.53
0
0.28
0
0
0.12
0.12
0.18
3.95
4.08
0
0
0.16
2.88
1.26
3.86
0
0.06
0
0
1.04
0
2.62
0.19
0.23
1.43
9.77
3.67
0.48
2.43
1.52
8.71
25.04
1.74
0
4.43
17.53
3.99
0
0
0.01
5.73
1.8
0
0
0
0
0.02
0
0.02
0.03
0
0
0
0
0
0
0
0
0.27
5.28
0.67
0
0
0
0
0
0
0.07
0
0
0
0
0
0
0.03
0
0
0
0
0
0
0
0
0.3
0.3
0
0
0
0
0
0
0
0
0
0
0
0
0
0
0
0
0
0.21
0
0
0
0
0
0
0
0
0
0
0
0
0
1.33
0
0
0
0
0
0
0
0
0
0
0
0
0
0
2.78
3.46
10.25
1.13
0
0
0
0
0.01
0
0.02
0
0.27
2.08
1.49
28.32
9.17
0.2
0.09
0.66
1.27
8.46
6.21
0
2.29
3.77
4.1
2.06
0
0
0
11.95
11.64
7.42
1.66
0.43
4.63
0.38
3.5
0.74
0.44
0
10.67
5.6
0.52
0.51
0.01
0
0.03
0
0
2.22
0.32
1.22
10.11
8.57
8.74
7.26
1.81
0.44
0.09
0.02
0.04
0.37
0.13
0.03
0.77
0.23
0.05
0.14
0.02
0.01
0
0.04
0
0
0
0.02
0.02
0.96
4.76
0.5
0.23
0.03
0.01
0.04
0
0
0
0
0
0.04
0.01
0.01
0.01
0
0
0
0
0
0
0
0
0
0
0
0
0.01
0
0
0.04
0
0
0
0.11
0.46
0.35
0.85
2.72
12.04
14.52
2.43
0
0.04
1.84
0.23
0
0
0.45
3.02
1.73
8.07
1.01
1.91
0.29
0
0.71
0
0
0.01
0.02
0.02
0
0
0
0.03
0
0.64
0
0
0
0.01
5.32
0.71
2.8
5.44
10.68
16.18
12.04
1.49
0.03
1.41
0.01
0
0
0.18
1.13
0.57
0.12
0
0
0
0.04
0.11
1.63
1.95
0
12.67
1.76
0
0
0
0
0.01
0
0
0.02
0
0
0
0
0
0
0
0
0
0.15
11.37
0.21
0
0
0
0
0
0.2
0
0.01
2.75
8.27
6.64
2.97
0.05
3.27
1.76
11.23
2.38
3.53
1.87
0
0.79
0.07
0.35
0
0.07
0.03
0
0.07
0
0
0.06
0
0.69
0
0
1.75
4.57
0.82
0.16
0.83
4.38
4.66
1.06
0.39
1.45
2.07
1.04
2.39
0
0.33
0
0
0.02
0
0
0
0
0
0
0
0
0
0
0
0.01
1.78
3.39
3.17
6.17
3.35
0.04
0.21
0
0.36
0
0.25
1.45
0
0.52
0.28
0
0.27
0.03
0
0
0
0
0
0
0
0
0
0.04
0
0
0
0
0
0
0
0
0
0.01
1.43
0.07
0.28
0
0.01
0
0
0
0
0
0
0
0
0
0
0
0.03
0.02
0
0
0
0
0
0.29
0.02
0.13
0
0
0.09
0.04
0
0
0
0
0.01
0.01
0
0
0
0
0
0
0
0.01
0.01
0
0.04
0
0.09
0.03
0
0.02
0
3.64
2.84
0.32
0.03
0
0
0
0.01
0
0.01
0
0.02
0
0
0
0.01
0
0
0.09
0.13
0
0.02
0
0
0
0
0
0
0
0
0
0
0
0
0
0
0
0
0.03
0.07
0.57
3.7
0
0
0
0.01
0
0
0
2.23
2.45
8.03
0
0.16
0
0
0.01
0
0
0.18
0.3
5.47
0.56
5.41
0.11
0.63
9.02
6.33
0.68
0.14
0.09
0.02
0.38
9.18
24.88
26.52
16.07
2.04
0
0.95
0.28
0
0.08
2.17
4.16
5.9
0
0.09
0
1.41
0.11
0
0.01
0
0
0
0.02
0.14
0.55
0.11
0.01
0.01
0
0
0
0.41
0.42
0.02
0.17
0.11
0
0
0.2
2.14
0.02
0
0
0
0.11
0
0
0.18
0
0
0
0
0
0
0
0
0.01
0
0
0
0
0.01
0
0
0
0
0
0
0
0
0
0
0
0
0.63
0.35
0.12
0
0.05
0.02
0.14
0.15
2.6
4.08
5.61
6.52
1.26
1.15
4.47
2.63
7.43
8.7
1.75
0.41
0.32
6.65
2.8
6.84
16.91
3.98
1.84
4.08
7.03
3.51
0.6
1.54
2.41
4.93
0.72
0.73
6.75
2.67
0
0.46
10.32
4.22
0.38
0
0.03
0.02
0
0.01
1.29
0.04
0.09
5.35
3.86
1.07
0
0.08
0.73
8.47
2.57
1.35
4.78
11.07
1.76
0.62
0
0.02
0.01
1
3.69
0.2
0
0
0.53
0.59
0.45
4.21
15.57
2.06
0.2
1.31
0.01
0
0.32
4.66
4.76
7.79
1.69
0.05
0.02
0.03
0
0.62
0.63
0.03
0.22
0
0.11
3.39
12.77
0.69
0.55
3.66
1.31
0
0
0
0.04
0
0
0
0
0.17
5.66
1.3
0.88
0.06
1.21
5.27
2.14
0.17
0.54
1.45
0.05
0.02
0
0.02
0.73
1.27
0.66
0
0
0.73
0
0.01
0
0
0
0.74
4.19
0.69
0.02
3.18
2.52
0.09
0.02
0.02
0
0.04
0
0
0
0.02
0
0
0
0
0.01
0
0
0
0
0.05
1.56
0.8
0
0
0
0
0
0
0
0
0
0
0
0
0
0
0
0
0
0.02
0.15
0.02
0
0
0
0
0
5.59
0.4
0
0.01
0
0
0
0
1.85
0
0
0
0
0
0.37
0.02
4.64
0
0
0
0.01
0.01
0
1.2
5.8
1.73
0
0.03
2.93
1.43
0
0
0
0
0
0
0
0
0.02
2.72
2.23
3.93
0.41
2.17
4.31
0.75
0
0
0
0.09
0.01
0
0
0
0
0.33
0.02
0
0
0
0
0
0
0
0.05
0
0
0.01
0
0
0
0
0
0
0
0
0
0
0.07
0
0.02
0
0.02
0.01
0
0
0
0
5.91
8.23
7.81
3.46
0.7
5.36
1.27
9.36
2.12
0.3
0.07
0.03
0.51
6.18
2.89
12.79
0
0
0
0.01
0.69
0.01
0.09
0.3
0
0.11
0
11.62
3.07
2.76
0.69
0.7
5.4
0.02
0
0.79
1.55
5.46
1.08
0
0.29
0.02
0.52
13.08
1.34
6.51
5.63
7.85
3.83
0.16
0.78
0.59
0.82
0.04
0.05
0.02
0.26
0.26
0
0.06
0
0
0
0.05
0
0.11
0.12
2.11
0.82
0.12
7.91
1.7
4.07
4.9
10.65
4.25
5.67
0.41
0.93
0.23
0.18
0.29
0.01
0.07
0.01
0.01
0
0
0.01
0.43
1.77
1.89
0.43
0
8.79
3.96
0.46
0.09
0
0
0.01
0
0.09
0
0
0.41
3.32
1.84
0.57
5.15
9.43
4.59
1.57
7.64
21.66
4.61
1.26
0.23
1.8
6.49
15.3
4.76
8.85
4.04
3.44
0.84
0.46
0.49
0.14
2.39
0.02
0.94
19.67
23.71
7.88
7.73
26.71
5.13
2.62
0.43
0
5.34
1.25
0.61
0.1
0.1
0.09
0
0
0.02
0
0
0.73
8.45
0.79
0.34
0
2.1
3.78
1.58
0.54
0
0
0
0.6
0
0
0.73
0.11
0.03
1.23
0
0.52
0.25
0
3.3
11.27
6.02
40.67
15.07
4.07
0.67
1.41
3.55
5.29
2.42
1
0.39
0.79
8.58
0.73
0.66
0.23
0
0.71
0
0
0
1.4
8.81
0.01
0.44
0
0.25
0.39
1.03
2.45
0.3
4.55
5.93
0.08
0.23
0.05
0
0
0
0
0
0
0
4.55
6.21
11.21
4.38
4.98
3.97
1.28
0.24
0.18
0
0
0
0
0.02
0.58
1.05
0.47
0
0.06
0
0.02
0
0
0
31.51
3.75
0.64
1.11
0
0
0
0
0
0
0.02
0
0
0
0
0
0
0
0
0
0
0
0.01
0
0.02
0
0
0
0.01
0
0
0
0.01
0
0.02
0.03
0
0
0.13
0.15
0
0
0
0.02
0
0
0
0
0
0
0.01
0
0
0
0
0
0
0
0
10.25
8.14
23.07
9.75
8.04
0.61
0.13
0.85
1.38
0.16
2.71
0.27
0.71
9.3
16
2.04
1.3
0.75
0.57
0.76
0.4
0.02
0
0
0
0
0
0.01
0.23
0.02
0.2
3.57
0.15
0
0.02
3.36
8.23
1.48
0.25
0
0
0
0.1
1.41
5.77
0.8
0.07
0.25
15.55
7.16
12.27
1.71
0.32
0.02
0
0.01
0.02
0.01
2.35
0.01
0.01
0
0
0
0
0.04
0
0.23
0.1
0.85
0.5
0.03
2.23
19.74
26.4
4.13
0.69
0.07
0
0
1.04
0
0.91
3.88
10.06
2.17
12.11
2.73
0.04
0.14
0.92
0.18
0
0.21
0.08
0.2
0.02
0.06
0
0
0
0.02
0
0
0
0
0.16
0.02
0.84
3.9
2.51
0
0
0
0
0.27
3.15
8.04
9.11
2.49
3.83
6.4
3.72
4.67
2.05
16.03
12.72
7.48
4.38
4.67
13.91
13.5
12.28
16.4
18.01
3.55
4.05
6.29
2.11
1.84
1.56
2.46
0.95
4.34
0
0.42
0.65
0.79
9.22
1.53
0.31
0.42
1.51
0.07
2.22
1.92
0.11
0.52
2.59
0.37
7.25
1.19
0.11
0.03
0
0.56
3.44
1.74
0.08
0.27
0.17
0.12
0
0
0
0.01
0
0
0.15
0
0
0.03
0
0
0
0
0
0.01
0
0
0
0.09
0.08
0.02
0.16
0.94
1.09
0.05
0.03
0
0
0.04
0
1.88
7.19
1.61
0.38
2.84
0.85
1.91
0.23
0
0.46
1.67
4.3
0.68
0.01
0
0
0.3
0.49
0.74
0.06
0.17
0.34
0.22
0.23
0
0
0
0.61
0
0
0
0
0
0.52
0.67
0.21
0
0.12
0.22
0
0
0.09
0
0
1.43
2.67
4.02
2.47
4
0.46
0.67
2.47
2.08
0.6
3.94
0.58
0
0
0
0
0
0
0
0.55
0
0.03
0.01
0
0
0
0
0
0
0
0
0
2.27
1.28
11.57
4.43
0.25
1.01
1.86
0.3
0
0
0.01
0.73
0.38
0
0.02
0
0.13
5.02
0.77
0
0
0
0.03
0
0
0
0
0
0.01
0
0
0.07
0
0.01
0
0
0
0.02
0.01
0
0
0
0
0.02
0.12
0
0
0
0
0
0
0
0.05
0.1
0.22
20.47
13.37
1.66
3.81
1.7
0.01
0
0
0
0
0
0
0
0
0
0
0
0
0
0
0
0
0
0
0.01
0
0
0.01
0.02
0.22
0.02
0
0
0
0
0
0
0
0
0
0
0
0
0
0
0
0
0
0
0
0
0
0
0
0
0
0
0
0
0.09
0.07
0
0
0
0
0
0.08
0
0
0.67
3.57
3.3
1.28
1.89
0.55
0.26
0
0
0
0
0
0
0
0
0
0
0
0
0
0
0
0
0
0
0
0
0
0
0
0.3
3.54
1.13
0
0
0
9.55
3.7
0.93
0.2
0.07
0.68
1.9
2.24
8.36
0.08
0
0.2
3.74
0.71
0.19
0.23
1.55
1.78
0.49
0
0.06
0
0.01
0.07
0.05
0.26
5.32
0.62
0.2
0.19
0.62
0
0
0
0
0
0
0
0
0.21
0.36
0.16
0.23
2.02
2.89
1.7
6.31
3.67
2.28
0.19
0.01
0.05
0
1.31
0.7
0.09
0
1.45
0.02
0
2.84
0.45
1.55
0.45
0.15
0.43
7.4
3.9
17.81
7.83
1.33
4.63
3.65
1.77
1.73
1.18
0.04
0
2.98
2.02
0.6
0
0
0.08
0
0
0
0.01
0.55
14.38
1.92
0.16
0
0
0.29
3.79
0.18
0.02
0
0.01
0
0.09
0
0
0
0
0
0
0
0
0.01
0
0
0.02
0.01
2.38
13.24
2.83
0.98
0.09
3.57
0.21
1.39
0.38
1.95
6.87
13.07
16.79
6.19
1.41
0.02
0.02
0
0
0
0
0
0.71
3.73
2.2
7.66
10.81
6.23
6.53
2.84
12.82
5.1
0.8
4.77
1.28
0.5
0.22
1.91
0.91
0.02
0
0
0
0.01
0.03
2.26
35.01
2.86
1.03
0.37
0.28
1.04
4.93
1.82
6.36
19.33
0.92
0.73
1.3
1.77
12.41
8.5
3.07
0.25
0.53
8.98
8.25
4.73
3.45
7.04
12.99
8.17
14.31
1.92
1.4
3.14
6.49
3.55
15.71
8.94
3.71
0.35
0.18
0.17
0.05
0.01
1.29
1.13
8.5
16.44
0.67
4.14
0.87
14.91
2.95
3.8
0.23
0
5.63
0.63
0
0
0
0.22
0
0
0
0.09
0.07
4.37
0
0
0
0
0
0
0.19
7.98
2.24
0.18
0.27
0
0
0.01
0
0
0
4.13
3.4
0.77
0.03
0
0.21
0.01
0
0
0
0
0.01
0
0.1
1.84
0.73
0.25
0.01
0
0
0
0
0
0
0
0
0.7
0.28
0
0
0.07
12.96
4.65
0
0.06
0
0
0
0
0
0
0
0.03
0
0
0
0
0.06
5.48
0.14
0
0
0
0
0.09
0.41
0.79
0
4
0.29
0.02
0
0.02
0.3
3.63
0.08
0.59
0.01
0
0.02
0.12
0.19
0.82
1.52
0.74
0.04
0
0.09
0
0
0
0
0
0
0
0.02
0.63
0.82
22.41
4.99
0.38
1.66
2.05
0.93
0.02
0
0.09
0
0.08
0
0
0.06
0.45
0
0.07
0
6.88
0.02
0.06
0.03
0.14
0.05
0
0
0
0.39
0.81
9.91
1.29
1.08
0.34
0.35
0.64
0.01
0
0
0
0
0
0.13
0.03
0
0.01
0.04
0.02
0.46
0.15
0.06
0.05
1.94
1.09
0.38
0.2
8.11
1.66
0.92
0.64
3.77
0.35
0
0.01
0
0
0.04
0
0.01
0
0.45
0
0
0
0
0
1.98
7.04
7.55
2.22
1.29
1.98
8.28
17.04
2.39
0.69
11.96
1.11
0.55
0.12
0.6
1.02
1.11
7.59
3.17
0.27
1.73
1.47
3.49
8.96
8.65
10.07
2.98
0.31
1.2
7.88
0.45
0
0.05
0.12
0.01
0.02
0.05
0.02
0.02
0.21
8.16
8.63
10
14.46
8.75
9.04
7.65
3.55
0.27
7.46
2.45
12.33
0
0.46
0.91
0.67
1.3
2.75
1.34
0.82
0.4
0.59
0.7
0.25
0.05
0.03
1.3
0.96
0.21
0.33
4.14
1.68
6.55
13.32
0.66
1.98
5.21
0.77
0.11
0.51
1.2
2.13
1.42
12.77
0.57
1.59
0.49
0
1.66
0.07
0.2
0
0.01
0.01
0.06
0
0
0
0.2
0
0.35
0
0
0
0
0.02
0
0.33
0
0.55
0.46
0.02
0.02
0
0.01
0
0
0
0
0.03
0.04
0.06
0
0.12
0.45
0.02
0.42
0.13
0.01
0.19
2.52
3.2
2.45
1.78
0
2
2.92
0.98
0.73
0
0
0.18
1.57
1.27
3.4
1.17
0.15
0.18
0.84
0.96
0.06
0.04
0.16
0
0
0
0
0
0
0.04
0.04
4.06
1.3
0
4.39
1.05
0.23
0.08
0
0.26
0.02
0.34
0.22
2.57
8.52
7.47
0.31
0.63
0.33
0.63
2.44
1.04
0
0
0
0
0.64
0.2
0
0.03
0.2
0
0
0
0
0.07
0
0
0
0
0
0
0
0
0
0
0
0
0
0.02
0.01
0.02
0
0
0
0
0.6
0.26
0.06
29.91
0.09
0
0
0.03
2.23
0
0.01
0.42
0
0.03
0
0
0
0.38
0
0.02
0
0
0
0
0
0
0
0
0
0
0.07
0.02
0
0
0.07
0.03
0.22
8.26
0
0
17.34
5.98
15.65
5.55
3.85
0.47
1.8
0.01
0
0
0
0.01
0
0
0
0
0.57
21.78
36.71
30.05
0.64
0.04
0.4
6.24
0
0
1.79
11.33
7.68
2.03
0.52
1.89
4.84
6.36
2.41
0.61
0.14
2.6
2.92
21.43
0.78
0.36
0.43
0.66
4.83
5.13
14.8
1.84
0.02
0.03
0.24
0.94
3.41
10.18
3.55
0.43
0
0.4
6.2
3.26
11.09
53.7
18.61
1.82
7.76
1.91
0.11
2.51
0.51
0.06
0
0
0
0.02
0
2.26
0.18
3.12
4.46
0.92
0.49
0
0.15
0.41
0.13
0.02
1.71
6.26
3.89
0.37
6.85
4.04
0.19
0.03
0.39
2.77
5.15
0.11
0.27
0
0
0
0
0.04
0.04
0
0
0
0
0.01
0
0
0
3.05
8.57
9.68
0.43
0.08
0
0.02
0.01
0
0
0
0
0
0.02
0
0
0
0.02
3.07
9.38
3.9
0.25
10.73
3.37
0.18
3.19
3.86
2.88
0.41
0.02
0.14
0
0
0.01
0
0
0.01
0
0.66
0.01
0.02
0
0
0
0
0
0.12
0.01
0.01
0.11
0.12
2.09
0.05
0.15
0
0.01
0.01
0
0.01
0.01
0
0
0
0
0.01
0
0
0
0.02
0
0
0
0.02
0.01
0
0.01
0
0.01
0
0
0.03
0.03
0.02
0.01
0.02
0.02
0.81
1.58
0.59
2.43
0.78
0
3.88
5.28
0.02
0
0
0
0
0.01
0.01
0
0
0
5.77
1.91
0.09
0
0
0.01
0.01
0
0
0.02
0
0.04
0.04
0
1.86
9.87
0
0.09
0.01
1.18
0.86
0.05
0.31
1.8
0.23
1.03
0.23
0.35
0.07
0
0.01
0
0
0.01
0.81
0
0.01
0
8.21
6.95
20.75
9.86
9.95
0.41
0.52
0
0
0
0.01
0.04
0
0
0
0
0
0.04
9.19
16.88
7.01
3.98
2.74
0.18
0.2
7.36
8.16
1.09
0.14
0
0.69
0.7
0
0
0.02
0
0.02
0
0
0
0.03
0.06
0.02
0
0.01
0
0.01
0
0
0
0
0
0.03
1.19
0
0
0.05
0.11
6.79
2.27
1.15
0.23
0
0
0
0
0
0
0
0
0
0
0
9.11
0.36
0
0.07
0
0.05
0
0
0
0
0
0
0.02
3.35
3.17
0
0
0.01
0.04
0.04
0
0
0.14
0.01
0.15
0.65
0
0.02
0
0
0.01
0.01
0
0
0
0
0
0
0
0.11
0.14
1.32
0.02
0.01
0
0.05
0
0
0
0
0
0.04
0
0.01
0.05
0.02
0
0
0
0
0
0
0
0.01
0.14
0
0
0.02
0
0.01
0
0
0
0
0
0
2.78
5.28
2.98
5.34
5.64
0
10.73
7.35
4.84
0.05
0
0
0.07
0
0
0.07
0.02
0
4.9
4.08
0.55
6.67
4.86
4.29
15.97
4.41
0.08
0
0
0
0.09
0
0
0
0
0
0
0
0
0.01
0
0.01
0
0.24
0.13
0.01
0
0
0
0
0.04
0.69
0.07
0.01
0
0
0
0.03
0
0
0
0
0
0
0
0
0
0.7
12.71
12.91
2.52
11.81
10.84
12
3.2
0.05
0.04
0
0.27
0.32
0
0.32
0.48
3.1
0.79
13.36
4.43
2.7
0.73
6.87
0
0.01
0.01
0
0
0.12
0.09
0
0
0
0
0.04
0.01
0
0
0.94
4.02
0.25
2
0.03
2.54
2.75
2.8
8.63
1.8
1.35
2.39
5.29
0
0
0
0.13
10.09
7.35
3.4
1.43
2.56
0.47
0.16
0.06
6
0.7
0
0.3
0
0
0
0
0.01
0
0.02
1.65
0.02
0.02
0.04
0.01
0
0
3.89
13.43
2.55
1.59
1.17
0
0.01
0.09
0
0.2
0.64
14.53
2.41
11.91
2.72
2.71
2.22
3.88
0.77
2.36
0.09
0
0
0.51
9.77
0.75
3.22
0
0
0
0
12.99
3.85
2.78
1.1
3.52
4.02
0.04
0
0
0.32
0.09
0.82
9.75
1.29
0.04
0.12
2.16
6.17
3.02
5.93
11.05
0.75
0.45
9.62
4.76
0
0.24
0.04
0
0
0
0.1
0.06
0
0.2
0.01
1.63
0.16
0
0
0
0
0.06
0
0
0.05
1.23
0
0
0.05
0.06
0.13
0.01
0
0
0
0
0.02
0.01
0
0.07
0
0
0.07
0.14
4.96
19.19
1.01
4.54
0
0
25.68
0.15
0.04
0.01
0.07
0.08
11.45
0.4
0.55
0.09
0.05
0.01
0
0
1.58
26.11
1.76
0.1
0
0
0
0
0
0
15.07
16.24
7.05
0
0
0
0
0
0
0
0
0
0
0
0.01
0
0
0
0
0
0
0.06
0
0
0
0
0
0.01
0.14
0.05
0
0.01
0.01
0.01
0.2
1.45
0.05
6.02
1.09
0.1
0
0
0
0.11
0
0
0
0
0
0
0
0.01
0.01
0
0.04
0
0
0
0
0.12
0
0.01
0
0
0.07
0.11
0
0
0
0
0
0
0
0
0
0
0.02
0.01
0
0
0
0
0.48
0.36
0.04
0.1
0
0
0.02
6.15
3.53
0.27
0
0
0
3.66
5.67
0.05
0
0.01
1.51
3.67
0.09
0.2
2.66
0.27
0.05
0
0.01
0
0
0
0
0
0.04
0
0.49
0
0
0
0
1.18
0
0.13
0.2
15.52
3.64
11.59
2.42
0.45
0.28
0
2.03
12.8
0.07
0
0
0
0
0
0
0
0
0
0
0
0
0
0
0
0
0
0
0.01
0.01
0
0
0
0
0
0
0
0
1.3
8.82
0.28
0
0
0
0
0
0
0
0
0
0
0
0
0
0
0
0
0
0
0.07
2.43
4.26
4.18
13.61
2.11
0
1.63
3.6
0.04
2.08
0.35
0.05
0
0.01
0
0
0
2.39
0
0.01
0
0.34
7.39
15.05
0.53
4.59
9.18
0.7
4.73
0.27
0.39
2.54
0
0
0
0
0
0.01
0.01
0.01
0.01
0.01
0.66
0.02
0.35
0.84
9.85
6.96
0.78
2.62
0.62
0.05
0.02
3.02
0
7.07
1.63
1.72
0.23
0
0
3.71
2.38
1.25
5.42
0.09
0.01
0
0
0
0
0
0
0.16
12.37
0.27
4.08
0.09
0.02
0.01
2.38
0.31
0
0
0
0
0
0
0
0
0
0.02
0.04
0
37.75
7.16
0.16
0
42.82
10.64
19.18
0.58
1.2
0.04
0.12
0.1
0.34
0.16
0
0
0.01
0
0.28
2.92
0.03
0.06
11.86
1.03
0.09
0
0
0.37
0.22
1.21
4.35
8.95
4.39
1.01
3.83
0
0
0.28
2.27
6.56
0.87
0
0.58
8.33
5.76
0.34
0.07
0
0
0.06
2.06
4.23
7.27
6.64
1.02
0
0
3.29
13.29
2.3
0.53
0.02
0.02
0.94
0.11
0.2
0.79
0
0
0
0
0
0
0
0
0
0.01
0.01
0.01
0
0
0
0.02
0.02
0
0
0
0
0
0.01
0
0
0
0.1
0
0
0
0
0.01
0.04
0
0
0
0.01
0.05
0.06
2.77
0.49
0
0.32
0.4
3.45
0
0.15
0
0.01
0.04
5.77
12.75
0
0
0
0.01
0
0
0.04
0.77
0
0
0
0.02
0
0.22
0.02
0
0
0
0.11
2.27
0.2
0
1.91
0.13
5.46
3.23
0.17
0
0
0
0.37
11.17
0.99
0.14
0.02
0.1
0
0
0.01
0
0.02
0
0
0.04
0
8.64
0.07
0
0
0
0
0.01
0.01
0
0.01
0.01
0.01
0.03
0.09
0.02
0.39
0.18
0.09
0
0.03
0
0.01
0
0
0
0
0.17
0.05
0.02
0.01
0
0
0.93
0.19
0
0
0
0
0.02
0
0.02
0.04
0.04
0
0.09
0
0
0.02
0.24
0.1
0.06
0.03
0
0
0.06
0.06
1.4
4.81
0.25
0
0
2.41
0.84
0.02
4.2
5.98
1.13
0.44
0
0.01
0.01
0
0.43
7.3
9.87
5.82
2.2
7.24
0.96
2.59
0.07
0
0
0
0
0
0
0
0
0.01
0
0
0
7.05
0
0
0
0
0
0
0
0
0
0
0
0
0
0
0
0
0
0
0
0
0
0
0
0
0.2
0.14
0.15
0.62
9.54
5.2
7.06
0.98
3.3
14.61
5.22
0.74
0
0
0
0.01
0.76
0.37
0
0.02
0
0
0
5.54
5.35
1.2
0.65
0.01
0
0
0
0
0.01
0
0
0
0
0
0.02
0.3
0.17
0
4.67
1.26
0.07
0
0.01
9.55
0.33
0.61
1.51
0.05
0.01
0.02
0
0
0.04
0.18
0.04
0
0
0
0
0.01
0.02
0
0
0
0
15.59
18.39
5.96
0.73
0.18
0
0
0.1
0.05
0.18
0
0
0.4
2.67
14.95
6.79
4.5
0.18
0.06
6.22
0.38
0.07
0.07
0.33
2.77
0.3
0.33
3.98
0
0
0
0
0
0
0.04
0.02
17.21
2.34
0.77
0.01
2.38
0.3
0.05
0
0.01
0.73
0
0
0
0.01
0
0.37
0.66
0.01
3.22
9.98
1.68
0.07
0
0
0.31
0.19
0
0
0
0.01
2.87
0.3
0
0
0
0.03
1.08
0.53
0.6
0
10.88
2.88
2.04
1.8
5.64
1.2
0.21
0
0
3.58
0.22
0
0
0.49
3.77
19.61
1.56
1.98
0.08
0.03
0
0.59
3.35
0.56
0.01
0
0
0
2.3
0.91
0
0.63
0.12
0.23
0.06
0.42
7.23
10.93
0.06
0
0
0
0
0
0.02
0.02
0
0
0
0
0.02
0
0
0.01
0
0
0.53
2.98
0.01
0
0
0
0
0
1.05
0.01
0
12.38
2.05
2.6
29.37
4.91
3.49
0.04
0
0
0.17
0.02
0
0.72
0.02
0
0
0
0
0.14
8.32
0.14
0
0
0
0
0.01
0.05
0.04
0
0.15
0
3.34
7.48
2.62
23.54
0.36
0.06
9.54
4.98
0.07
1.2
0.57
0.04
0
0
0
0.12
16.02
19.87
14.36
0
1.66
0.48
0.23
0.13
1.1
2.41
1.87
0.02
0.1
0.86
14.44
0
0.17
8.23
1.1
0.56
0
0.07
3.91
2.28
0.27
0.31
0
4.78
0.63
10.17
6.6
1.52
5.93
1.04
0
0.03
0
0.02
0
0
0
0
0
0
0
0
0
0
0
0
0
0
0
4.51
6.97
0.41
11.38
20.18
4.45
0.04
0
0
0.27
0
0
0.01
0
0.77
6.75
10.05
23.68
3.14
0.99
0.2
0.08
3.21
5.89
0.3
0.55
0
7.34
11.52
19.05
5.24
6.14
0.48
0
0.13
1.7
0.35
0.03
0
18.19
3.93
0.64
6.7
10.97
0
0
0
0.09
0.54
18.88
5.23
6
1.24
0.3
0.86
8.47
11.21
8.4
1.27
4.73
3.53
0.28
6.58
16.87
0
0.34
0
0.04
0
1.52
4.63
8.34
2.19
5.75
0.01
0
0
1.29
6.03
9.46
5.84
4.54
4.09
4.86
1.97
3.3
1.18
0.71
0.05
0
0
0
0
0.37
0
0
0
0.05
2.93
8.55
1.08
0.29
0
0
0
0
0.16
1.86
0.17
0.73
20.36
4.37
1.45
0.01
0
0.44
4.88
0.04
0.04
0
0.01
0
0.03
0
0.05
0.29
1.64
0.14
0
0
0
0
0
0
0.47
2.27
2.06
0
0.3
0
0
0
0
0.06
0
0.06
0
0.08
8.78
3.39
0.54
0.33
0.39
5.16
2.86
0
0
0.03
0
0
0
5.4
0.42
0.29
8.95
4.86
0.35
5.11
2.99
0
0.67
0.65
0.3
0.68
1.4
0.06
0.07
0
8.39
20.51
11.26
3.13
2.47
1.91
0.04
0.11
0.54
0
0
3.54
1.86
3.84
25.6
0.68
0.02
0
0
0.03
0
8.88
0.02
0.23
3.84
0.01
0
0
0.07
0
0
0
0
0.15
0.14
0
0
0
0.24
2.04
0.58
6.45
0
0
0
0.01
0.04
1.98
0.65
0
0
0
0
0.01
0
2.73
6.41
0.14
0
0.13
0.7
0.3
0.29
0
0
0.04
31.7
0.13
0.02
0
0
0
0.05
0.02
0.34
0
0
0
0.01
0
0.17
0.09
1.63
3.13
0.84
0
0
1
0
0
7.82
7.4
0
0
0
0
0
0.02
0.03
0
0.01
0
0
0
0
0
0
0
0
0
0
0.43
18.8
0
0
0
0
0.31
1.84
0.43
0
0
0
0
0
0
0
0
0
0.76
21.02
3.89
5.6
6.61
0.09
0
0
0
0
0
0.19
12
24.34
2.77
3.34
0.45
5.88
1.39
0.81
6.73
0.7
0.01
0.02
0
0
0.13
0.01
0
0
0.66
0.71
0.28
2.41
0
0
0.27
0
0
0
0
0.01
0
0.05
5.09
2.95
20.59
0.58
0
0
0
0
0.01
1.87
4.91
9.69
11.8
1.48
0.04
1.66
7.61
2.74
3.16
25.97
6.91
2.31
1.68
0.14
0.2
0
0
0.84
2.3
0.09
0.05
6.17
6.2
4.24
0.13
0.02
0
0
0.76
0.35
10.91
3.2
1.79
0.05
0.06
0.51
0.55
0
0
0.7
0
0
0
0.07
1.66
2.41
1.07
3.97
7.8
0.98
0.38
0.36
4.75
0.82
5.17
1.11
0.39
0.16
0.5
0.01
0.5
15.26
0.66
0.52
0.6
0.09
0.59
0.64
0
0
0.09
0
0.95
8.84
5.74
0.91
0
0
0.58
4.11
2.84
0
0.35
6.96
3.36
0.25
1.16
6.67
8.07
26.99
9.55
13.14
8.24
5.42
20.93
12.36
0.71
0
0.1
0.01
0
0
0
0.08
4
0.04
0
1.27
4.16
1.12
0
0
0
0
0
0
0
0
0
0
0.1
4.4
0.27
0.18
3.58
0
0.3
11.9
0.52
0.34
6.26
0.13
1.27
1.19
7.23
0
0
0
0
0
0.07
0
0
0
0
0
2.64
0.89
15.07
14.41
1.33
5.45
7.37
1.59
1.21
0.61
6.26
5.7
0.98
0.06
0
0
0.05
0.03
0
0
0
0
0
0
0
0
0
4.9
10.33
7.23
15.52
0.7
2.2
2.53
0.63
4.98
9.88
5.7
0.23
0
0
0.1
0
0
0
0.29
0.22
15.63
10.36
0
0
1.27
0
0.06
4.45
0
0.25
3.3
11.92
0.01
0
0
0.03
0
0
0.05
0.07
0.54
0.52
0
0
0
0
0
0.01
0
0
0
0
0
0
0
0
0
0
0
0
0
0
0
0
0
0
0
0
0
0
0
0
0
0
0.01
0
0
0.01
0
0.01
0
0
0
0.01
0.33
0
0.07
0.06
0
0.01
0.06
0
0
0
0.03
0.33
0.02
0
0.02
0
0
0.77
0.06
0.02
0
0.27
2.02
5.91
0.13
0.57
0
0
0
0
0
0
0
0
0
0
0
0.04
0
0.03
0
0
0
0
0
0
0
0
0
0
0.35
0.2
0
0
0
0
0
0
0
0
0
0.01
0
1.38
0.34
0.46
0.98
0.5
0
0
0
0
0
0
0
0
0
0
0
0
0
0
0.01
0.01
0
0.02
0.07
0.2
4.95
0.47
1.75
0.86
0.02
0
0
0
0
0.01
0
0
0
0
0
0.01
0
0
0.09
0.69
0.05
0
0
0.24
17.13
10.1
1.65
0
3.05
13.14
2.82
0
0.27
6.76
3.44
4.48
1.86
6.05
1.3
0
0
0.69
2.02
0.55
0.08
1.44
4.33
18.69
2.18
4.75
0.81
0.21
5.32
0.31
0
0.68
9.23
1.07
0
3.09
2.1
0.69
0.34
0.19
0.04
0
0
0
0
0.03
6.32
25.73
9.58
0.91
7.04
0.4
0.01
0.7
2.13
15.13
19.62
3.17
1.19
0
0.06
7.36
7.09
0.6
16.51
3.12
5.05
6.63
0.71
4.36
15.86
9.47
5.53
5.64
5.2
0.11
0.45
0.02
0
0.04
0
0.05
0.02
0.13
0
0
0.03
0
6.25
0.23
0
0.05
0
0
0.63
6.71
0.82
0.07
0.11
0.04
0.01
0.13
3.91
0.8
0.56
2.65
12.67
5.68
2.34
0.47
0.95
1.85
3.74
14.37
2.06
0.34
0.55
0.23
0.09
0.18
0
0.04
2.27
9.7
1.85
0.13
0.03
6.97
11.13
6.31
0.42
0
10.48
15.37
1.82
1.65
0.08
0
1.78
0.89
2.67
0.09
0.02
0.04
0
0.01
0.01
0.01
0
0
0
0
0
0
0
2.15
4.13
2.19
0
0
0.02
0
0
0
0.02
0
0.06
0.02
0.07
0.02
0
0.02
0.04
0
0.03
0.7
0.13
4.66
5.79
26.71
43.7
1.12
0.22
0.02
1.07
0
0
0.03
11.17
4.17
0
0
0
0.1
0
0
0.02
0.02
0.02
0.03
0.04
0.01
0
0
0
0
5.26
3.88
19.83
0
5.52
12.77
0.05
0
1.48
0.09
0
0
0
0
0.08
4.87
0
0
0.02
0.14
2.68
0
0.06
0.64
0.09
0
1.46
0
0
0
0
0
0
0
0
0
0.02
0.01
0.03
0
0
0
0.01
0
0
0
0
0
0
0
0.04
0.01
0
0
0
0.01
0.01
0
0
0
0
0
0
0
0
0
0.43
0.97
0
0.01
0
3.39
17.7
0.07
0.23
0
0
0.08
8.6
9.52
1.16
1.08
1.34
0.84
3.57
26.08
0.39
0.18
0.51
0
0
0
0.1
0
0.01
0
0
0
0
0.21
0.73
0.21
11.32
2.06
0
24.57
6.6
5.12
15.96
8.84
15.73
12.82
2.3
0.1
0
0.49
0.72
7.33
2.84
0.25
0.91
5.4
13.9
6.81
0.02
0
0.08
0
0
0
0
0
0
0
0
0.02
0.46
0.02
0
2.8
8
21.73
0.45
0.2
0.96
0
0
0.02
0.02
0.01
0
0
0
0
0
0
0
0
0
0
0
0
0
0
0
0.36
0.36
0.13
0.04
0.13
0.13
0.1
0.17
0
0
0
1.46
0
0.01
0.58
2.62
6.08
3.2
0.11
0.46
0.15
0.05
0.1
0.18
0
0
0
0
0.01
0
0
2.8
1.45
0.83
0.11
0.39
0.93
0.16
0.29
4.02
0.12
0.06
3.34
0.13
0.19
0.11
0.19
0.09
0.22
0
0
0
0.01
1.29
2.06
0
0
0
0
0
0
0
0
2.05
0.72
0
0.01
0
0.02
4.04
0.87
0.02
0.26
2.65
1.12
1.45
3.59
0.48
2.13
5.78
7.54
3.53
0
0
0.5
5.26
3.81
4.14
0.49
0.1
0.02
0
0
0.01
0.89
0.04
0.05
0.42
1.19
0
0
6.7
7.02
4.39
11.64
3.75
0.3
0.14
0.25
0.06
2.39
0.04
0
0
0
0
0
0
0
0
0
0
0
0
0
0.1
0.21
0.45
14.77
1.25
0.17
3.44
0.68
0
0
0
0.01
0
0
0
0.11
0.66
5.29
5.83
2.14
0
3.96
10.44
5.97
20.68
1.57
2.73
0.24
0
0.03
0
27.37
1.77
0.01
0.03
0.02
0
0
0
0.01
0.82
0.02
0
0.88
21.77
1.78
5.68
0.77
0
0.38
0.27
0
0
0
0
0
0.02
3.41
3.67
1.04
0.12
11.77
12.98
10.66
2.81
0
0
0
0
0
0
0
0
0
0
0
0
0
0
0.95
8.66
0
0
0
0
0
0
0
0.01
0.41
0
0.02
0
0
0
0.02
0
0
0
0
0.03
0
0
0
0.01
0
0
0.01
0
0.02
0
0
0
0
0
0.01
0
0
0
0
0
0
0
0
0
0
0.04
0
0.01
0.02
0.38
0
0
2.93
6.15
0.85
0.1
0
0
0
0
0
0
0.02
0
0.01
0.01
1.26
0
0.13
5.03
2.61
0.27
0
0.05
0
0.01
0
0
0
3.21
0.07
1.98
0
0
0.22
0
0.33
0
11.06
2.13
0.53
0
0
0
0
1.03
0.25
0.25
0.29
0.74
0
0
0.07
0
0.45
0.39
12.23
6.73
2.56
0.08
0
0.42
0
0.02
2.31
5.06
0.52
0.73
0.05
0.19
0.08
0
0
0.02
1.66
1.21
4.03
1.8
5.85
1.89
32.05
4.08
0.82
3.33
4.51
0.27
0.07
0
0
0.09
0.3
0
0.01
0
0.01
0
0
3.04
0.73
0.15
0.01
0.12
0.16
0.02
0.02
0
0
0
0
0
0
0.13
0
0.07
0.88
0
0.24
0.94
0.1
0.24
0.03
0.52
2.69
0.59
0
0
0
0
0
0.22
0.01
0
0
0
0
0
0
0
0
0.01
0
0
0
0.26
0.33
1.57
0.38
0
0.01
0.08
0
0
0
0.01
0.06
0
0
0
0.05
0
0
0
0
0.08
0
0
0
0.05
0.13
0.02
0
0
0
0.7
15.99
4.64
2.76
0.33
0.02
0
0.01
0
0
0.07
0.05
0.16
0.07
0
0.01
0.13
3.8
2.29
4.12
0.08
0
0.02
0.03
0.43
0.04
0
0.32
0.03
0.02
0
0.08
0
0
0
0.38
0
0.04
0.73
0.6
0.2
0
0.01
0
0.04
0
4.79
5.31
6.35
1.27
0
0.63
4.54
3.79
0.7
0
1.24
0.68
0.18
3.63
4.95
1.66
9.13
4.39
1.19
4.41
2.34
0.29
0
0.35
0.3
9.66
16.32
23.3
3.83
7.79
0.76
7.25
1.21
0.13
0.02
0
0
0
0
0
0
10.69
7.69
12.74
7.95
14.81
0
0.02
0
0.05
0
0
0
0.03
0.02
0.02
0
0
0.52
9.31
0.22
0
0.05
2.86
6.55
0.84
0
0.02
0.05
0.01
0.01
0
0
0
0.01
0
0
0.08
0.01
0.02
0.01
0
0
0.03
0
0
0.02
0
0
0
0.31
0.09
2.08
1.68
3.61
0.36
0.61
5.95
0.07
0.06
0
0
0
0
0
0
0
0
0
0
0.01
0.02
0
0
0.02
0
0
0
0.01
0.01
0
0
0
0
0
0.02
0
0.07
5.41
5.76
1.25
0.09
0.53
0.83
0.55
0
0
0
0.18
0
0
0
0.02
0
0
0
0
1.39
0
0.02
0
0
0
0.14
0
0.05
10.43
0
0
0
0
0
0
0.02
0
0
9.25
0
0
0
0.01
0
0
0.03
0.18
0.39
0
0.05
6.24
5.68
0
0.01
3.5
7.99
4.62
0.07
0.03
0
5.63
0.07
1.22
0
0.01
0.02
0
1.64
0.22
0
0
0
0
0
0
0
0.01
0
0
0.02
0.15
0
0
0
0
0.04
0
0
0
0
0
0
0
0
0
0
0
0
0
0
0
0
0
0
0
0
0
0
0
0
0.02
0
0
0
0.01
0
0.01
0
0
0
0
0
0
0.02
0
0
0
0
0.04
1.91
0.21
0.13
0.15
1.27
0.79
0.27
4.91
9.23
0.25
0.35
8.31
20.59
5.2
7.91
0.95
0.16
14.25
9.97
31.89
6.31
14.43
6.16
0
0
0.01
0.01
0.01
0
0.02
0.02
0.02
2.63
6.98
0.18
1.12
0.16
1.41
6.04
1.4
0.4
0
0.04
0
0.02
0.01
0
0
0.02
0
0.01
0
0
0
0
0
0.02
0
0
0
0
0
0
0
0
0.46
6.81
1.38
18.66
2.31
0.16
1.55
0.03
0.14
9
0.09
0.66
4.46
3.51
0.02
0.01
0.01
0
0
0.01
0.01
0
0.01
0.02
0
0
0
0
0
0
0.01
0.01
0
0.02
0
0
0.01
0
0
0.02
0.91
0.33
0.08
0.04
0.09
4.64
10.23
14.7
4.09
0.53
0.16
1.74
1.5
0.18
0
0
0
0
0
0.22
1.61
0
0.25
2.54
17.09
14.54
4.07
0
0
0
0
0
0.03
0.01
0
0.34
0
0
0
0.08
0.23
0.26
0
0
0
0
0.07
0.01
0
0.01
0
0.05
4.09
7.74
0.46
0
0.06
2.34
0.07
0.04
0
0.02
1.17
3
7.11
8.15
8.71
7.92
0.22
0.14
39.83
23.09
1.09
0
0
0
7.12
0.15
1.42
0.02
0.04
0.03
0.01
0.07
0
0
0
0
0
0.01
0
0.01
0
0.03
0.16
0
0
0.09
0
0.02
1.43
24.2
0.23
0.15
0.1
2.46
0.41
0.01
0
0
0
0
0
0.01
0
0.01
0
0
0
0
0
0
0
0
0
0.01
0.15
4.08
5.63
0
0.98
0.39
2.17
0
0
0
0
0
0
0
0
0
0
0.28
0
0
0.01
0.02
0
0.73
0
0
0
0
0
0
3.43
0
0
0.03
0
0
0
0
0.55
0.03
0
0
0
0.02
10.36
2.63
0.25
0.01
0.02
0.11
0
0.38
0.6
13.9
2.7
0.01
0
0
3.95
13.94
1.61
0
0.4
5.61
0
0.02
0.01
0
0.01
0.04
0.03
0.01
0
0.04
0.01
0
0.29
11.78
0
0
0.34
1.58
11.05
3.63
26.42
1.5
3.56
0.15
0
0
0
0
0
0
0
0
0.02
0
0
0.04
0
20.81
35.26
7.75
0.08
0.01
0.67
2.14
4.16
1.57
0.47
0
0
0
0.01
0
0.06
0
0.01
0.06
16.06
3.62
4.28
0.07
0.16
0
0
0
0.01
0.01
0.02
0.05
0.57
1.45
0.14
0.19
0
4.9
1.85
0
0
0.12
2.06
0.02
0.02
3.15
0.43
0.16
0.08
0
0
0
0
0
0
0
0
0
0
0
0
0
0.01
0.03
0
0
0
0
0
0
0.01
0
0
0
0
0
0
0
0
0
0
0
0
0
0
0
0
0
0
0
0
0
0
0
0.07
0.63
0
0.2
0
0.02
0.01
0
0
0
0
0
0
0
0.13
0.04
0.04
0.13
8.02
0.95
0
0
0
0
0
0
0
0
0
0
0
0
0
0
0
0.05
0.02
0
0
0
0.01
0.02
0.98
0
1.47
0.11
0.01
0.01
0.37
0.03
0.02
0.11
0.85
0.27
0.04
0
0.02
0
0
0
0.01
0
0
0
0
0
0
0
0.06
1.67
2.19
0.98
4.97
0.89
11.08
6.22
15.17
5.24
0.29
0.2
0.03
0.23
4.31
0.43
0
0
0
0
0.02
0
0.02
0.09
0.2
0.18
0.03
0.8
0.59
0.49
4.23
1.17
0.02
0
0.03
0.23
0.32
0
0
0
0
0
0
0
0.01
0
0
0
0.06
0
0.01
0
0.01
0.02
0.01
0.22
0
0
0
0
0
0.05
0
0.01
0.04
1.34
11.25
12.05
2.18
2.48
0
0.02
0
0.37
0
0.01
0.1
2.35
0.38
0.38
0
0
0
0
0.01
0
0
0
0
0
0
0
0
0
0
0
0.04
0.04
0.04
0
0
0.03
0.02
0
0.01
0
0
0.1
0
15.09
27.96
3.5
0
0.3
2.59
0
0
0.01
0
0.02
0
0.02
0.22
0
0.05
0
0.02
0.01
16.06
0
0
0.05
4.52
10.86
0
0.09
0.09
26.66
0.7
0
0
0
0
0
0
0.01
0.01
0
0
0
0
0
0
0.01
0.01
0
0
0.01
0
0
0
0
0
0
0
0
0.43
0.2
0
0
0
0
0
0
0
0
0
0
0
0.06
0.13
0.07
0.02
0
0
0
0
0
0
0
0.02
0.01
0.02
0
0.15
1.88
2.66
0
0
0
0.01
1.83
1.15
9.75
1.8
0.55
0.08
5.84
0.59
0
0
0.2
6.29
7.23
7.28
15.42
0.5
3.51
14.03
3.77
1.23
0.08
0
0
0
0.02
0
0
0
0
0
0
0.02
0
0
0
0
0.18
0
0.03
0.08
0.12
6.14
8.17
4.86
3.93
23.08
10.19
24.96
2.98
0.07
0
0
0
0
0
0
0
0
0
0
0
0.09
0.02
0
0.15
2.82
7.15
0.59
0
0.03
0.01
0
0.01
0
0
0.05
1
2.55
5.59
7.41
0.53
0.26
0
0.03
0.59
0.03
0.18
0.93
1.99
0.7
0.53
0
0.56
0
0
0
0
0
0.01
0
0.01
0
0
0
0
0
0
0.3
0.77
0.19
0.18
2.75
0
1.45
0.49
0.84
19.21
7.78
0.15
0.18
0.05
0.12
0.1
0
0
0
0.01
0.01
0.02
0.01
0.07
5.86
4.71
9.48
5.8
1.81
0.12
7.42
9.54
9.84
8.4
1.34
13.87
2.19
1.26
0.71
10.02
1.08
1.23
13.11
0.14
0.39
2.17
0
0
0
0.03
0
0.01
0.75
0
6.07
1.12
6.83
1.68
0
0
0
0
0.01
0
0
0.13
0.05
0.34
0
0
0.52
0.77
3.72
5.67
3.71
1.41
1.11
6.94
5.08
8.71
7.25
0
0.35
0
0
15.41
8.9
3.86
3.63
11.34
7.26
0.59
14.63
9.82
3
2.21
4.26
0.18
0.45
0.52
0.75
4.44
0.43
0
0
1.15
10.94
20.02
0.94
0.64
0.28
0
0
0.48
0
0
0
0.01
0
0.04
6.34
2.17
0
0
0
0
0
0
0.02
0.03
0
0
0
0
0
0
0
0
0
0
0
0
0
0
0
0
0
0
0
0
0
0.01
0
0
0.01
0
0.01
0
0.01
0
0
0
0
0.01
0.06
0
0
0
0
0.01
0
0
0
0
0
0
0.18
0.41
0.03
0
0
0
0
0
0
0.08
6.48
1.19
0
0
0.02
0.03
0.01
0
0
0
0
0
0
0
0
0
3.63
0.09
0
0
0.01
0
0
0
0
0
0
0
0
0
0
0
0.38
0
0
0
0.09
10.84
2.62
0.01
1
5.77
1.04
5.87
0.19
0
0.07
0
0
0
0
0
0
0
0
0
0
0.44
10.77
1.02
0.01
0
0
0
0
7.48
0.51
0
0
0
0.03
1.56
1.9
0.16
12.09
0.88
6.56
19.57
18.76
2.11
8.2
0.74
9.14
23.45
2.77
12.36
2.69
1.58
6.09
1.34
0.27
0.27
0
0.01
0.01
0.01
0
0
0
0.95
16.23
2.48
0.51
1.46
0.06
0.13
0.23
0.12
0.02
0.01
0
0.02
0.84
0.31
0.04
0.15
0
0.06
0.21
0.25
0.24
0.08
0.02
0
0.01
0.02
0.12
0.02
0.01
0
0
0
0
0.01
0.2
3.42
9.4
1.3
0.42
0.06
0
0
0
0.02
0.1
0.11
0.24
2.66
5.43
1.48
2.06
14.04
10.3
3.75
4.08
0.94
6.48
1.45
0.14
0.05
0
0
0
0
0
0
0
0
0.08
1.07
1.96
13.52
14.79
15.43
3.85
2.14
1.51
0.85
2.44
8.86
0.52
0.07
0.3
5.73
1.14
0
0.05
1.38
0
0.1
0.73
4.52
0.02
0.58
0.4
0.02
0
0
0
0.02
0
0.08
0.05
0.08
0.01
0.02
0
0
0.43
5.04
5.34
2.51
0.9
0.14
0.02
0.03
0
0.2
0.04
0
0
0
0
0
0.59
6.54
5
3.96
0.62
5.4
0.11
0.25
0
0
0
0
0.01
0
0
0
0.01
3.06
14.1
7.37
1.7
8.13
1.37
0.92
1.63
1.13
0.01
0
0.04
0.02
9.73
0.61
1.29
0.09
0.04
0
0.01
0
0
0
5.34
4.88
11.93
3.96
0
0.03
1.43
0.85
0.06
1.04
7
0.53
0.02
0
4.36
0.29
0
0.09
0.07
18.55
2.76
0
0.07
0.02
0
0.01
0
0
0
0
0
0
0.01
0
0.03
0
0.03
0.01
0
0
0
0.01
0
1.01
0.1
0
0.95
0.12
0
0.03
3.18
1.16
0
0
0.01
0.01
0
0
0
0.01
0
0.09
0
0.92
0
0
0
0
0
0.01
0.03
0
0
0.02
0
0
0
0.03
0.04
0.02
2.05
0.06
0
0
0
0
0
0
0
0
0
0.01
0
0
0
0
0
0
0
0
0
0
0
0.12
0.01
0
0
0
0
0
0
0
0
0
0.01
0
0
0.37
0.07
0
0.04
1.97
0.08
0
0
0
0
0
0
0
0
0
0
0
4.11
0.11
0.82
0.61
0.02
0
0
0.01
0.01
0
0.74
0
0
0
0
0
0
0
0.01
0
0.01
0
0
0
0.01
0
0
0
0
0.06
0
0
0.04
0.03
0
0
0.02
0.09
0.3
1.77
4.03
11.7
2.48
1.39
0.08
0
0.01
0
0.56
6.25
0.55
0.02
3.17
0.56
0.02
0
0
0
0.03
0
0
0
18.78
16.26
2.8
0.01
0.03
0.02
0
0
0.02
1.86
10.5
0.79
1.12
3.48
0.05
0.64
0.02
0.07
0
0
0.04
0.03
0
0
0.02
0
0.63
4.87
6.73
6.97
4.32
3.63
11.43
7.73
6.05
3.12
4.68
2.07
3.71
2.04
0
1.94
0.04
4.54
0.63
0.08
0
0
0
0.01
0
0.02
0
0.01
0
0
0
0.01
0.01
0.02
0.02
0
0.01
0.03
4.27
10.27
4.43
0
0.09
1.59
2.45
4.95
0.8
0.09
6.51
2.2
0.01
0
0.07
3.69
16.45
19.69
11.45
6.41
6.31
2.64
3.25
8.95
1.5
0.76
0.63
6.59
0.63
0
0
3.78
2.38
0.79
0.01
0.04
0.06
0.27
4.17
2.89
0.05
0.49
0.11
3.88
6.89
0.42
0.04
0.04
0
0.92
0.09
1.24
0.21
0.02
0.01
0.01
0.52
0.03
0.02
0
0.02
0.02
0
0.8
8.78
0.8
0.14
8.51
11.25
0.64
0.64
0.15
0.98
2.49
0.24
0.03
1.66
2.52
2.14
0.25
0.16
0.03
0.04
4.57
0.6
3.87
12.21
6
2.55
1.37
0.03
0
0
0
1.04
0.07
4.04
16.98
2.5
0
0
0.01
0.05
0
0
0.64
0.02
0
0
0
0
0
0.05
0
0
0.05
0.02
2.79
0
0
0.04
0
0
0
0
0
0.01
0
0.01
0
0.05
0
0.03
0
0
0.02
0.09
0.05
0.08
0
0.16
0.47
2.41
0.04
0
0
0.02
0
0.06
0.09
0
0
0
0
0
0.06
0
0.04
0
0
0
0
0
0
0
0
0
0
0.13
0.04
0
0
0.02
0.04
0
0
0.03
0.61
4.98
0.13
0
0
0
0
0
0.01
0
0
0
0
0
0
0
0
0
0
0
0
0
0
0
0
0
0
0
0
0
0
0.01
0
0
0.01
0.01
0.07
5.09
9.83
0
0
0
0.04
0.43
0.09
0.06
0.56
0
0.2
5.23
0.11
0
0
0.04
0
5.84
11.99
1.41
4
0.46
1.01
0
0
0
0
0
0
0.11
0.04
0.2
0.04
0.12
7.45
1.25
8.55
1.49
0.07
0.05
0.03
0.52
2.36
0
10.2
7.97
13.8
5.2
1.1
0
0
0
0.09
3.05
8.52
0.45
0
0
0
0
0
0
0
0
0
0.01
0
0.01
0
0
0
0
0.28
0.42
3.83
12.91
1.94
0.02
0
0
0
0
1.03
0.46
0
0.01
0.01
0
0.05
0
0
0
0
0
0
0
0
0
0.41
5.22
0.01
0
0
0.13
16.78
0.9
0.28
0.01
0
0
0.02
0.2
3.85
0.05
0
0
0
0.03
0
0
0
0
0
0
0
0.01
0
0
0
0.02
0.2
31.38
3.99
0.38
21.67
10.38
0.63
0.67
0
0
0
0.61
0.07
0.17
2.45
0.57
0.23
2.57
6.27
2.75
3.97
13.74
3.82
0.25
0.15
4.89
0.1
0.29
0.09
0.02
0.02
0.01
0.04
6.48
10.07
0
0.02
0.01
0.1
25.96
7.76
0.41
0.03
0.02
0
0.06
0.59
5.22
5.84
0.13
0.08
0
0
0
0
0.14
0
0
0
0
0
0
0.23
2.85
0
0.02
0.01
0
0
0.02
0
0
0
0
0
0.93
1.55
0.09
0.04
1.2
0.07
0.44
0
0.03
9.44
6.36
12.54
3.38
2.24
12.58
13.5
1.5
1.13
0
0
0
0
0
0
0
0
0
0
0.02
0.04
0.41
3.77
0.45
0
0
0
0.03
0
0
0.11
0
0
0
0
0
0
1.41
0.29
1.1
0
0
0
0.06
8.09
10.5
0
0
0
0
7.78
10.3
0.59
0.02
0.13
4.96
0.11
0
0
0
0
0
0
0
0
0.02
0.02
0
0
0
0
0.02
0.16
2.65
0
0
0
0
0
0
0
0
0
0.61
0.1
0
0.04
0.35
0.65
10.32
0.13
0.04
0.04
0.32
6.05
1.64
6.13
0
0.09
0.01
3.4
0.47
13.31
5.98
0.31
0
0.01
0
0
0.01
0
0
0
0.03
25.91
0
0
0
3.75
0.01
0
0
0
0
0.01
0
0.05
0.01
0
0
0.02
0.01
0.02
0.01
0
0
0.04
0
0
0
0
0.19
0.05
0
0
0.01
0.14
2.15
0.62
1.57
0.08
0
0.04
0.19
0
0.01
0.02
0
0.01
0
0.18
0
0
0
0.02
0
0
0.01
0
0.07
0
3.91
0.72
0
0
0.09
2.44
0.77
0
0
0.16
1.3
10.82
0.8
0.5
4.85
4.63
0.05
0.02
0.05
16.73
15.61
4.84
0
0.02
0.13
0.78
0
0
0
3.95
2.98
2.91
20.1
12.45
7.44
0.16
0.32
2.11
0
0
0.01
0
0.03
0.46
0.7
3.56
0.24
6.27
29.02
4.3
0.29
0.01
0.02
0.04
0.64
0.31
0
0
0
0
0
0
0.02
0.56
1.88
3.73
0.73
0.48
0
0.03
0.04
0
0.8
7.2
12.4
8.1
3.42
0.5
0.07
2.87
4.73
8.67
28
4.33
3.94
2.03
0.66
0
0
0
0.02
0
0
0
0
0
0
0.02
0
0
0.2
0
12.88
0.08
0.7
0.25
0.07
3.73
0.3
0.02
0.02
0.02
0.25
12.96
1.82
7.29
6.12
5.09
3.83
11.04
0.2
0.07
0
0
0
0.08
1.55
7.93
4.38
3.9
2.17
9.92
0.3
0.02
0.55
0.07
0.69
1.32
0.49
3.43
0.44
0.01
0
0
0.18
0
0
0
0
6.38
1.87
0.27
0
0
0
0
0.95
0.03
0.06
0.28
0.26
0
0
0.01
0
0.01
1.48
0.01
0
0
0
0
0
0
0
0.69
0.01
0
0
0
0
0
0.03
0.5
0.01
0
0
0
0
0
0.01
0.02
0.09
0
0.04
9.93
11.45
15.91
1.55
4.45
1.82
2.39
0.13
1.04
12.81
1.57
1.07
0.02
0.44
1.85
2.31
6.11
1.72
0.08
0
0.38
0.02
0.66
17.72
7.64
2.08
0.12
0
0.32
2.75
1.05
2.09
9.04
0.19
0.45
0.17
2.56
3.36
11.42
12.49
9.02
7.22
0
0
0
0
0
0
0
0.1
0.42
0
5.71
0.66
1.21
0
0.02
0
0
0
0
0
7.91
0
0
0
0.91
39.9
25.3
1.78
1.77
1.45
4.46
0.59
11.18
0.28
5.7
0
0.01
0
1.66
1.39
5.05
0.53
0
4.29
1.88
2.49
7.29
8.98
0
0.53
0.95
2.53
0.38
0
0
0
0
0
0
0
0.04
0
0
0.01
0.02
0
0.06
0
0
0.01
1.28
0
0
0
0
0
0
0
0
0.01
0.09
0
0
0
0
0
0
0
0
0
0
0
0
0.42
0.01
0
0
0
0
0
0
0
0
0
0
0
0
0
0
0.01
0.05
0
0
0
0
0
0
0
0.13
0
0
0.04
0
0.02
0
0.02
0
0
0
0
0
0
0
0
0
0
0
0
0.38
11.38
0.08
0
0
0.01
0
0
0
0
1.69
1.07
3.25
0.45
0
15.57
16.42
18.86
3.87
7.96
0.48
0
0.01
0
0
0
0
0
0
0
0.46
3.92
0.02
0.13
0.08
0
0
0.01
0
8.38
0.95
0
0.21
13.41
5.63
1.13
0
0
0
0
0
0
0.05
0.02
0
0
0
1.22
0.44
0.09
0
0.07
16.85
3.04
0.14
0.17
0
0
0
0
0
0
0
0.03
0
0
0
0
0
0
0
0
0.02
0
0
0
0
0
0
0
0
0
0
0
0
0
0.01
0
0.16
6.43
0.41
0
0.01
0.04
0.02
0
0
0
0
0
0
0.05
0.06
0.12
0
0
0
0
0
0
0.45
0.05
0
0.01
0.02
0
0
0
0
0
0.12
4.8
4.46
3.42
0.38
0.04
0
0
0.03
0.01
0
0
0
0
0.09
0.02
6.13
8.33
12.2
3.28
7.98
5.83
0
0
0.01
0
0
0
0.16
1.98
0.2
0
0
0.02
0
0
0
0.02
6.17
2.45
0.27
0
0
0
0
0
0
0
0
0.46
8.41
1.78
15.02
8.77
0.79
8.44
7.92
4.29
1.55
5.15
4.77
2.61
0.71
0
3.73
5.89
3.87
0
0.13
0.15
0
0
2.13
1.42
0.73
10.35
7.94
9.88
11.17
2.3
0.11
0
0.11
0
0
0
0
0
0
0
0.01
0.27
0
0
0.04
8.13
4.07
0
0.61
0
0
0.45
0
0.02
6.02
0.95
8.26
30.03
0.1
0.46
0.27
0
0.82
5.5
5.36
2.91
2.43
0.03
0
0.06
0
0.25
0
0.02
0.53
0
0.06
0.39
20.09
0
0
3.08
13.68
0
0
0.03
0.22
1.67
0.18
0
0
0
0
0
0.37
0
0
0.27
0
0.04
0.02
0.02
0
1.72
0.19
3.63
0
0.01
0.02
0
0.02
0
0
0.27
0.09
0.37
0.79
0.05
0
0
0.01
0
0.05
0
0.04
0.01
0
0.3
0
0
0.3
0
0.02
0
0.08
4.66
0
0.06
0
0.01
0
0.01
0
0.25
1.23
0.02
0
0.01
0.03
0.8
0
0
0
0
0.01
0.16
0
0
0.01
4.5
11.48
2.97
1.57
10.68
3.53
0.1
3.28
0.09
0
0
0
0.02
0
0
0
0.1
0.77
0
0
0
0
0
0
0
0
0
0.01
0
0
0
0
0
0
0
0
0
0
0
0
0
0
0
0
28.77
3.52
0
0
0.14
0.01
0.01
0
0
0
5.4
0
0.02
0
0
0
0.34
0.1
0
0
0
0
0
0.03
0.07
0.03
0
0.05
1.95
0.2
4.84
7.58
2.86
17.3
7.46
16.65
7.28
3.32
3.2
4.63
7.37
5.94
0.73
2.83
4.91
3.05
0.24
2.86
1.71
4.16
4.16
1.29
4.19
9.92
1.05
0.22
9.38
4.7
3.75
0.66
12.25
22.97
9.59
0.66
0.69
4.39
0.39
0
0.09
4.31
10.19
0.05
0.22
0.27
0.2
0.03
6.15
5.53
4.32
2.71
0.2
0.25
0.22
0.1
0
0.85
0
0
0
0
0
0
0.01
0
0.02
0.01
0.03
0.02
0
0.02
0.5
0.55
4.49
3.11
2.41
0.7
5.91
1.18
0.07
0.01
0
0.01
0.04
0
0
0
0
0
0
0
0
0
0
0
0.01
0
0.02
0.06
0
0
0
0
0
0
0
0
0.24
0.14
0.04
0
0.01
0.12
2.71
0
0
1.38
0
0.01
0
0
0
0.26
0
0
0
0
0.05
4.15
2.32
0.98
0.02
0
0.01
0.01
0
0.31
2.78
0.83
0.2
2.3
10.18
5.09
2.18
4.86
1.07
0.79
0
0.03
0.18
0
0.04
0
0.01
0
0
0.3
0.05
0.23
0.41
0.47
6.78
1.2
0
0.02
0.51
1.21
3.81
0.74
0.01
0
0
0
0
0.02
0.55
0.58
0.28
3.07
0
0
0.19
0.92
0
0.1
0.27
0
0.04
0.13
0.67
0.03
0
0.48
0.21
0.02
0.02
0.01
0
0
0
0.27
7.81
0
0.08
0
0
0
0.34
0
0.83
8.94
0.84
0
0
0
0
0
0.03
0
0
0
0
0.04
0
0.16
0
0
0
0
0
0
0.01
0
0.02
0.01
0
0
0
0
0
0.02
0
0.12
0
0
0
0.02
0.28
0
0.06
0.78
0.12
0
0
0.59
9.68
2.02
0
0
0.03
4.94
0.65
0.19
0.04
0
0
2.34
2.93
2
4.59
0
0.05
0
0
0
0
0
1.2
22.79
0.11
3.26
0.11
0
0
0
0
0
0.02
0.01
0
0
0.07
0.13
0.02
0
0
0
22.95
9.95
0.04
0
0
0
0.07
0
14.35
1.3
0.01
0.11
0.02
0
0
0
0
5.61
0
0
0
4.29
0.08
1.39
4.28
5.13
0.79
0
0.01
3.9
0.36
0.04
0
0
0.04
0.01
1.09
1.66
5.03
1.32
15.36
0
1.84
12.99
17.26
4.73
2.58
0.1
0.39
6.06
5.89
1.23
0.95
7.93
0.88
0.05
0.01
0
0
0.14
8.6
13.37
4.83
0.74
0.01
0
0
0
0.03
0
0
0.02
0
0.1
4.84
0.34
7.91
13.85
1.51
0.35
0.4
0.31
0.23
0.05
0.07
0.01
0
0
0.03
0
0.65
11.49
2.69
1.05
0
0.02
0.01
0.01
0
0.05
0
0
0.02
0.02
0.02
0
0
0
3.98
0.38
1.45
0.84
0.23
0.19
0.19
0.02
0
0
0.01
0
0.21
4.04
0.21
0.21
0
0.15
0.84
0.01
0.06
0.01
0.02
0.1
0.08
0
0.02
0.09
0.06
0.33
0.05
0.23
0.91
0
0.01
0.08
0.04
0.38
5.23
12.56
0
0
0.45
3.76
0.48
0.09
2.91
0.12
0
0.03
0
0
0.11
6.84
5.67
4.68
2.45
0.04
0
0.01
0
0
0.02
0.31
3.63
16.54
2.78
0.36
0.07
0.73
6.15
10.91
6.69
3.97
2.7
0.24
0
3.8
4.97
0.82
0
5.68
6.47
0.17
0
0.53
0
0.34
0.24
1.14
0.36
6.51
0.71
0.02
0.01
0.06
0.39
0
0
1.33
5.3
0
0
0.01
0
0.02
0
0.04
1.74
1.23
14.2
21.66
2.63
3.11
0.03
0
0
0.01
0.01
0
0
2.23
0.08
0.07
0.07
0
0
0.57
0.12
0.04
0.09
0.22
0.02
0.09
0.88
0.04
0.07
0
0
0
0.01
0
0
0
0
0
0
0
0
0
0
0
0.01
0.02
0
0.55
1.7
4.57
3.38
0.8
0.18
0.05
0.05
0.01
0.01
0.01
0
0
0
0
0
0.28
2.52
0.08
0
0
0
0.01
0
0.04
0
0.01
0
0
0
0
0
0
0.84
5.26
0.91
0.73
0.22
0
0
0
0
0
0.01
0.08
0
0
0
0.01
0
0
0
1.65
0.01
0
0
0
0
0
0
0.13
0
0
0
0
0
0
0
0
0
0
0
0
0.01
0
0
0
0
0
0
7.3
0.02
0
0
0
0
0.02
0.04
0.09
2.21
0.16
0.71
0
0
0
0.02
0
16.96
25.09
8.95
4.04
0
0.01
0
1.55
0.6
0
0.01
0
0
0
0.09
0
0.3
0.33
27.95
0
0.13
0
0
0
0.04
18.96
0.15
2.3
0.14
0
0.05
0
0
0
0
0.36
26.15
22.42
4.56
7.38
1.24
1.06
0
0
0.01
0
0
0
0
0.93
1.91
0.61
10.87
3.98
0.82
0.86
0
0
0
0
0.07
3.22
6.75
0.13
0.02
0.02
0
0
0
0
0.18
7.88
1.43
6.87
0
0.01
5.4
2.38
0.43
0.06
0.01
0.01
0
0.02
0
0
1.59
19.85
3.7
5.73
5.15
0.98
0.03
0.02
0.01
0.02
0.29
0.07
0
0.04
0.35
0.37
4.65
1.64
0.3
0.01
0
0
0.01
0
0
0
0
0
0
0
0
0
0
0
0
0
0
0
0
0.01
0.38
1.2
1.47
0.01
0
0.45
0
0
0.01
0
0
0
0
0
0
0.18
0.05
0
0
0
0
0.01
0
0.02
0
0
0
0
0
0
0
0
0.08
0
0
0.12
3.16
0
0
0
0.02
0.24
13.67
3.79
0.19
0.02
0.01
0.32
6.53
2.59
0.16
0
0
0.04
2.72
0.2
0.07
0.11
0.35
0
0
0
0
0
0
0
0
0
0
0
0
0
0
0.03
0
0
0.33
0.11
0.04
0.56
0.16
0.01
0.36
8.24
4.89
5.18
10.03
6.99
2.63
1.61
1.26
0.94
1.19
0.01
0
0
0
0.01
0
0
0
0
0
0
0
0
0
0
0
0
0
0
0
0
0.73
10.44
4.77
0.05
0
0
1.05
1
0.01
0
0
0
0
0
0.05
0
0
0.03
0
0
1.39
1.25
0.16
3
0.2
0
0
2.24
7.82
25.35
10.32
2.64
0.54
1.31
1.2
0
0.47
0
0
2.7
1.29
0.56
0
4.6
12.29
3.75
24.73
3.48
0
0.14
0
0
1.23
17.16
4.48
0.57
0.04
0
0
0
0
0.09
0
0
0
0
0
0
0.69
0
0
0
0.01
0
0.02
0
0.43
0.05
0.01
0.01
0
0
0
0
0
0.02
0
0
0
0.38
9.41
1.58
0
0.3
7.63
0.22
0
1.9
2.43
4.21
0.23
0
0
0
0
0
0
0
0
0
0.47
6.95
0
0
0
0
0.75
0.27
0.02
0
0.27
0
0.01
0.13
0
0
0.02
0
0
0
0
0
0
0
0
0.02
0.01
0
0
0.02
0
0.02
0.01
0
0
0
0
0.01
19.03
6.2
3.07
2.42
0.01
0.01
0
0
0
0
1.39
0
0.84
5.64
1.37
1.77
8.04
6
0.97
0
4.26
14.49
2.77
10.29
11.68
0.18
0.16
0.4
0.08
0.07
0
0.42
3.34
2.55
10.3
9.73
1.66
0.17
0.01
0
0
0.38
0
0.01
0
0
0
0.01
0.01
0.01
0
3.5
0.01
0
0
0
0
0
0
0
0
0
0
0
0
0
0
0.49
2.05
0.75
14.8
1.83
8.43
1.66
0
0.57
0.45
0.16
0
0.3
1.65
6.08
5.98
0.65
0.03
0
0.46
0.27
0.57
1.56
0.47
1.15
0.33
0.14
0.01
0
0
0
0
0
0
0
0
0
0
0
0.02
0.02
0
0.04
0
0
0
0
0
0
0
0
0
0
0
0
0
0
0
0
0
0.42
0.32
0.22
0.2
0.09
0.59
0.14
0.16
0.12
0.02
0.41
2.72
1.64
1.35
0.1
0.01
0
0
0
0
0
0
0
0
0
0
0.09
1.83
0.41
0.18
0.5
0.58
0.14
0.01
0
0
0
0
0
0.48
0.71
0.29
3.5
2.56
0.02
0
1.49
0.01
0
0
0
0
1.5
2.96
0.68
0
0
0
0
0
0
0
0
0.01
0.01
0
0
0.01
0.1
0.27
0.01
1.55
2.27
0.73
5.13
0.75
1.43
0
0
0
0
1.51
0.42
2.86
13.76
8.12
4.05
5.48
3.46
5.07
2.05
2.75
0.57
0.41
0.09
0.02
0.33
0.46
0.73
7.77
7.32
4.33
2.22
11.89
1.18
0
0
9.13
8.48
0.78
0.06
0
0.73
8.7
13.58
11.53
3.93
2.41
0
0
0.02
0
0.02
0
4.74
0
4.96
3.23
1.29
14.18
8.26
0.63
0
0.01
0
0
0
0.02
1.9
0.71
0.45
0
0.01
0.39
0
0
0
0
0
0
0.02
0.84
5.31
0.27
0.09
1.41
0.01
0
0
0
0
0
0
0
0
0
0
0
0
0
0
0
0
0
0
0
0
0
0
0
0
0
0
0
0
0
1.74
0.35
1.76
0
0.04
0
0
0.01
0
0.02
0
0
0
0
0
0
0.01
0
0
0.12
0.76
0
0
0
0
0
0
0
0
0
0
2.72
0
1.53
0.62
8.09
0
0
0
0.01
0
1.11
0.14
0.03
0.04
0.92
0.04
1.91
10.44
2.72
3.58
0
0
0
0
0.65
6.72
1.03
3.04
1.75
0.9
5.54
9.84
5.56
3.36
6.49
6.19
6.41
17.09
3.5
2.17
2.67
2.63
6.4
4.75
0.02
0.04
0
0
0
0
0
0.06
8.08
17.22
0.43
0.11
1.83
9.43
3.17
2.58
12.34
5.78
6.52
5.81
1.21
0
0.09
0.02
0
0
0
0
0.01
0
0
0
0
0
0
0
0.13
0
0
0
0
4.18
0.5
7.09
0.55
0
0
0
0
0
0.02
0
0
0
0
0
0
1
0.15
0
0
0
0.38
0.13
0.14
0.62
0
0.01
0.03
0.07
1.87
0.13
0.09
0.22
0.21
0.01
0.38
3.61
0.53
8.65
10.14
1.48
6.55
9.79
2.07
1.02
0.88
0
0
0
0.01
0.01
0
0
0
0
0
0
0
0
0
0
0
0
0
0
0.02
4.53
8.85
1.5
1.53
0
1.84
0
0.01
0.01
0.01
0
0.04
0.94
0.17
1.06
0.74
0.05
2.51
0.55
0
1.61
0.43
0
0
1.7
4.13
2.99
0.22
0.19
0
0
0
0
0
0
0.01
0
0.04
0.41
0
0.02
0
0
0
0
0
0
0
0
0
0
0
0.03
0
0
0
0
0
0
0
0.01
0
0
0
0
0
0
0.03
0
0
0
0.03
10.34
3.95
0
0.81
7.12
2.13
0.09
1.51
2.93
2.7
0.03
0.02
0
0
0
0
0
0
0.01
0.16
0.4
1.59
4.02
0.48
0
0.15
0.12
0.01
4.39
1.05
6.28
3.68
1.58
0.06
3.27
0.03
0.02
0.16
2.26
0.36
0
0
0
0
0
0
0
1.38
0.02
0
0
0
0.03
0.39
0.24
0
0
0
0
0
0
0
0.01
0.01
0
0
0
0
0
0
0.01
0.01
0
0
0
0
0
0
0
0
0
0
0
0
0
0
0
0
0
0
0
0.22
0.13
0
0
0
0
0
0
0
0
0.01
0
0
0.02
1.05
0
0
0.01
0
0
0
0
0
0
0
0
0
0
0.01
0.02
0.09
0.01
0
0
0
0.01
3.29
0.01
0
0
0
0
0
0
0
0.02
0.01
0
0
0
0
0
0.44
0
0
0
0
0
0.01
0.02
0.5
0.19
0
0.02
0
0
0
0.01
0.19
0.91
5.48
0.3
0
0
1.65
1.64
1.86
3.8
10.95
1.58
0.98
1.66
12.67
0
0.63
0
7.21
0.63
0
0.05
0.16
13.4
4.86
1.65
0.95
3.73
1.25
1.68
0.83
6.25
0.25
0.16
3.1
1.27
11.25
0.21
0
0
0.13
0
0
16.85
13.01
1.31
4.66
3.61
6.26
5.87
1.23
1.31
8.61
0.49
0
0
0
0
0
0
0
0
0
0
0
0
0
0
0
0
0
0
0
0.04
0.04
1.37
0.1
4.31
0.23
0.52
0.74
0
0.03
0
0
0.01
0
0.04
0.81
0.34
0
0.02
0
0
0
0
0
0
0.01
0.7
0.61
10.86
2.23
1.08
0.71
0
0.04
0
0.01
0
0
0
0.01
0.01
0
0
0
0
7.27
4.26
0.23
2.36
0
0.04
0
0.41
0.25
0.11
0
0.12
0.46
0.31
0
0
0
0
0
0
0
0.02
1.47
0.9
0
0
13.91
5.1
0.34
0
0.04
2.66
0.08
0
0
0.13
0
0
0
2
0.26
0
0
0
0.01
3.69
1.29
0.13
0
0
0
0
0.51
0.05
0.04
0
0
0
0
0
0
0
0
0
0
0
0
0
0.01
0
0
0
0
0
0
0
0
0
0.01
0
0
0
0
0
0
0.01
0
0
0.01
0.06
0
0
0
0.02
2.39
1.96
1.43
4.2
0.63
0.04
4.34
2.06
0.16
0.1
0
6.41
0.12
0.97
0
0.33
2.28
8.72
6.62
3.26
6.19
0.47
0
0.08
0
0
0.01
1.58
0
0
0
0
0
0
0
0
0
0
0
0
0
0
0.03
0.01
0
0.92
0.18
2.78
5.32
7.85
3.34
0.08
0.01
0.01
0
0
0.11
0
0
0
0.52
0.02
0
0.08
13.69
5.64
1.09
2.04
3.14
3.39
2.71
0
0
0
0
0
0.01
0
0.01
0.03
0.01
0
0
0
0
0
0
0
0
0
0.01
0
0
0.03
0
0
0
0
0
0
0
0.04
0.02
0
0
0.01
0
0
0
0.15
8.71
5.7
0.93
0
0
0.77
0.11
0
0
0.03
0
6.79
18.21
0
5.22
0.09
0
0
0
0
0.01
0
0
0
4.38
0.03
1.34
0.79
1.29
0.44
0
0
0
0
0.88
0
0
0
0
0
3.94
2.42
0.05
0
0.02
0.02
0
0
0
0
0
0
0.01
0
0.01
0
0.11
0.03
0
0.02
0
0
0
0.09
0.04
0.07
1.12
0.13
0.01
0.14
0
0.05
0
0
0
0.08
1.46
0.2
0.01
0.01
0
0
0.01
0
0
0.02
0
0
0
0
0
0.01
0.17
11.82
27.56
4.56
1.39
1.3
2.89
15.71
8.63
0.87
0.9
0.09
0.09
0.03
0.01
0
7.86
0.32
2.03
0
0.03
1.84
0.04
0
1.8
8.87
0.02
1.53
3.1
1.32
1.16
0
0.03
0.01
0.01
0.46
12.52
0.89
0.08
1.31
1.14
0.8
0.3
10.35
3.41
4.16
6.54
3.86
11.44
2.07
20.27
14.59
22.96
1.9
0.33
0.06
11.84
7.96
13.09
2.02
7.63
6.99
2.43
13.98
1.76
0
0.54
1.02
0.86
0.58
0.47
4.48
2.72
8.46
6.23
23.01
3.14
1.92
1.36
1.73
8.32
2.36
0.41
5.67
11.27
4.31
1.98
3.11
6.23
3.88
0.38
0.36
0.34
0.99
0.27
0.02
1.3
0.4
0.02
0.13
0
0.11
1.02
0.38
0.08
0.02
0
0.04
0.78
10.11
0.22
1.7
0
0
0
0
0
0.01
0
0
0.16
0
0
0.01
0
6.09
1.88
0.68
0.13
0.55
0.37
2.52
0.07
0
0
0.09
0.02
0
1.25
0.01
0.74
18.41
11.21
7.11
7.45
1.02
0.02
0
1.26
4.34
1.98
1.41
0
0
0
0
0.04
0
0.01
0.05
0
0
0
0
1.25
5.53
0.16
0
0.01
0
0.14
1.62
0.77
1.43
0.67
3.33
0.16
0.04
2.01
23.17
5.99
1.52
6.03
12.8
9.17
0.94
0
0
0.05
1.31
4.53
5.88
3.83
0.79
0
0
0
0
0
0
0
0.01
0
0.35
5.88
0
0
0
0.09
0
0
0
0
0.01
1.02
0.03
0.01
0
0
0
0
0.59
0
0.73
0.16
0
0
0
0
0
0
0
0
0
0
0
0
0
0
0
0
0.02
0
0.01
0
0
0.04
0
0.49
0.37
0
0
0
0.05
0
0
0
0.23
1.38
0.13
0
0
0
0.02
0
0
0
0
0
0
0
0
0.91
0.02
0
0.01
0.01
0
0.6
0.09
21.59
0
0
0
0.01
0
0
0
0
0
0
0.01
0
0
2.07
0.01
0
0
0
0.02
0.11
0
0
0.04
1.2
0.97
0.6
4.09
1.04
0
0.09
0.06
0.27
1.28
1.52
4.19
16.92
3.64
0
0.02
0
0
0
0
0
0
0
0
0
0
0
0
0
0.01
0
0
0
0
0
15.04
1.35
0.96
0
0.71
1.65
0
0
0
0
0
0.01
0
0
0
0.01
0
0
0
0
0
0
1.87
0.46
0.28
0
0.77
0
18.1
26.42
8.3
9.03
2.66
1.13
10.95
6.98
1.38
3.96
1.3
1.08
0.48
0.45
0.18
0.28
0.18
0
0
0
0
0
0
0
24.91
5.2
5.66
0.76
1.64
0.43
3.84
14.22
16.69
14.8
2.45
0.05
3.48
5.25
8.07
5.95
12.32
9.98
4.27
7.84
6.75
4.11
0.86
2.01
2.24
12.83
6.82
12.93
4.88
9.66
5.45
3.16
13.52
7.11
16.21
16.4
2.72
1.91
0.33
0.49
0.89
0.95
2.22
7.7
2.87
10.84
23.04
13.22
3.89
7.02
1.12
0.82
1.3
0.17
0.67
0.18
0.19
0
0
0
2.73
0.69
0.16
0
0
0
0
0
0
0
0
0
0.42
0.02
0
0.04
0
0
0
0.04
1.3
0.29
0
0
0
0
0
0.01
0.04
0.08
0
0
0
0
0
0
0
0
0
0
0
0
0.01
0
0
0
0
0
0
0
0
0
0
0
0
0
0
0
0
0.34
0
0
0.01
0
0.17
0.14
0.04
0.01
0
0
0
0
0
1.88
5.9
6.45
8.51
5.98
0.15
0.06
0.01
0
0
0.01
0.04
0.01
0
0
0.01
0
0
0.86
3.13
1.41
1.63
0.02
0.02
0
0.42
0
3.73
2.62
3.14
5.18
2.02
0.2
0.03
0.13
0.71
0.64
5.4
9.13
1.27
1.53
0
0.01
0.08
10.44
7.52
2.25
0.71
10.83
12.59
1.02
0.2
0.15
0
0.01
0
0
0
0
0
0
0.06
3.45
0.7
0.02
0
0
0
0
0
0
0.01
0.01
1.05
0.33
0.02
12.77
11.14
1.58
0
0
0.2
0
0.19
0.73
0.18
0.03
0
0
1.71
0
0.2
0
0
0
0.02
0.02
0.14
9.29
2.91
0.99
0.59
1.8
0.04
0.07
0
0.01
0
0
5.71
0
1.49
0
1.29
3.41
2.32
11.38
0
0
0
0
0
0.09
0
0
0
0.01
0.02
0.74
5.89
0
8.55
0.25
0.77
0
0
0
0
0
0
0.01
0
0
0
0.01
0
0
0.01
0.01
0
0.2
2.31
5.77
1.88
0
0
0.39
0.63
0
0.02
0.16
2.93
2.05
2.02
0.55
0.75
0.01
0.34
0
0
0.64
0
1.34
1.86
0.03
0
0
0
0
0
0
0
0
0
0
0.01
0
2.65
3.48
3.1
0.36
0.59
0.42
0.58
2.44
4.72
0
0
0
0.15
13.04
6.57
6.09
16.74
11.21
10.74
6.67
3.41
8.13
13.5
2.35
17.41
0.18
0
0.42
1.63
8.5
1.89
1.78
14.12
3.55
1.27
2.56
11.61
4.41
0.66
2.24
0.09
0
0
0
0.02
23.8
0
0.02
0
1.05
1.04
0.53
1.93
6.2
0
0.09
5.26
9.09
20.38
6
3.09
1.49
5.76
8.1
1.95
0.5
2.18
0.77
0.61
1.23
4.68
2.22
8.63
0
0.54
0.98
0.71
0
0.19
0
0
0.01
0
0.57
2.95
1.69
0.02
0
0
0
0.34
0
0.23
0
0
0.34
0.42
2.1
5.42
1.89
1.16
3.43
1.55
4.72
3.14
13.69
5.63
7.09
0.35
0.32
0
1
3.53
0.02
0
0
0
0
0
0
0
0
0.01
0.04
6.95
0
0
0
0
0
0
0
0
0
0.2
0
0
0
0
0
0
0
0.01
0.01
0
0
0
0
0
0
0
0
0
0
3.46
0.13
0.02
0
0.01
0.06
8.46
0.07
6.53
0
0.02
1.43
0.3
2.18
1.38
1.01
0
4.59
3.97
2.25
0.1
0.58
11.92
2.07
11.41
1.57
0
0
0.6
0.16
4.91
0
0
0
2.16
0.01
18.49
5.85
2.18
1.83
4.04
0.3
0.02
0
0
0
0.01
0.04
9.5
12.36
1.98
6.03
15.73
9.24
0
0.45
0.18
8.49
3.85
4.45
2.98
5.47
9.32
0.55
2.15
9.56
1.99
9.63
1.02
0.96
0.15
0
0.65
0.64
15.97
0.07
0.01
0
0
0
0
0
0
0.01
0.09
0
0
0
0
0
0
0
0
0
0
0
0
0
0
5.9
4.56
0
0
0
0
0
0
0
0
0
0
0
0.03
0
0
0
0
0
0
0
0
0
0
0
0
0
0
0
0
0
0
1.71
0
0
0
0
0.02
0
0
0
0.12
0.01
0.4
0.16
0
6.26
0.96
0.05
0.63
8.7
1.45
0
0
0
0.01
0
0
0.06
0
0
0
0
0
0
0
0
0
0
0.05
0
0
0
0.04
0
0
0
0
0
0
0.02
0.19
0.01
0.82
11.85
3.89
0.14
5.36
3.02
3.36
12.89
0.99
0.47
0
0
1.91
10.36
7.34
1.91
0
0.38
0.7
0.46
0
0
0
0
0
0
0.01
0.07
0.01
0
0
0.02
0
0
0.16
0
0
0
0
0
0
0.07
0.43
1.38
11.12
0.55
0.64
0
0
0
0.01
0
0.01
0.01
0
0
0
0
0
0
0
0
0
0
0
0.09
0
0
0
0
0
0.05
0.47
0.17
0.36
0.09
0.04
0
0.68
0
0.15
0.46
0.06
0.13
0.54
0
0
0
0
0
1.36
0.03
0
0
0
0
0
0.2
0.94
6.14
9.14
5.76
0.75
0
0.05
0.01
0.01
0
0.02
0.18
3.9
0
0.01
0
0
0.02
0.02
3
2
0
0
0.07
0.44
2.9
0.64
0
0
0.02
0.01
0
0
0
0
0
0
0
0
0
0
0
0.07
9.47
1.28
0
0
0
0.01
0
0
0
0
0
0
0
0
0.01
10.29
2.08
0.03
0.32
1.73
0.21
0.04
1.59
1
0
0
0
0
0
0.07
14.64
7.36
0.88
0.85
4.66
0.76
0.11
0
0
0
0
0.02
0.27
8.39
5.71
1.89
2
0.04
0.03
0.02
0.01
0.02
0
0
0
0
0.04
0.03
0.02
0.02
0.01
0.02
0.25
0
0.42
0.7
10.32
1.07
0.03
0.01
1.71
0.82
0
0.01
0.01
1.88
5.34
19.25
13.89
3.19
1.28
1.43
4.85
3.68
0.85
0.99
4.13
1.44
0
0.01
0
0
0
0
0
0.01
0.37
4.86
6.18
1.71
0.3
0
0
0.01
0
0
0.01
0
0
0
0.14
4.27
11.88
0
0
0
0
0.12
0.04
7.61
7.48
0
0.13
0
13.37
0
0
0.96
0
0
0
0
0.01
0
0.13
0.32
0
0
0
0.2
0.01
0
0
0
0
0.03
0.01
0
0
0
0
0.14
0.23
3.08
0.05
0
0
0.01
0
0.04
0
0.01
0
0
0
0
0.07
8.95
4.85
0.07
0
0.06
0
0.01
0
0
0
0.01
0.04
1.1
0
0
0
0
0.22
0
0
0
0
0
0.19
0.06
0.05
0
0
0.07
0.41
1.55
0.43
0.15
0
0
0
0
4.69
0.65
0
1.37
0.97
0.2
0.03
0.15
0
0
0.02
0
15.38
0
0
0.05
0
9.68
22.25
1.51
0.11
0.04
0.01
0.09
3.52
1.11
0
0
0.02
0
0.24
0
0
0
0.54
15.45
4.82
0.02
0
0.41
3.18
12.77
1.68
0
0.09
1.46
14.2
1.66
7.96
16.15
5.19
16.3
21.76
6.93
2.91
11.83
3.29
0
0.64
0.01
0
0.06
0.04
0
0.02
0.01
0.01
0
0.03
0
0.59
16.09
7.46
3.15
1.9
1.85
0
0.05
0
0
1.86
0.18
0
0
0
0
0
0.01
0.01
0.17
0
0
0
0
1.3
0.13
0.02
0
0.77
6.46
0.57
0.02
0
1.34
6.59
1.78
0.45
0.25
0.14
0.15
0
0.25
0
0.02
0.01
0.18
0
1.63
6.13
11.61
1.41
0.38
0
0
0
0
0
0
0.05
0
1.73
0.69
0
0
1.52
11.49
0.89
0.32
0.07
0
0
0
0
0
0
0
0
0.01
0.02
0
0
0
0.22
1.69
0.7
0
0
0
0
0
0
0
0
0
0
0
0
0
0
0
0
0
0
0
0
0
0
0
0
0
0
0
0
0
0
0
0
0
0
0
0
0
0
0
0
0
0
0
0
0
0
12.27
1.04
4.1
3.16
0.61
0.17
0
0.23
0.08
0.06
1.67
1.18
0.59
5.89
4.98
1.68
0.68
0
4.95
7.18
7.06
6.23
0.93
0.43
3.24
4.94
20.64
6.73
0.7
6.24
1.25
0
0.05
9.27
0.27
0
0.91
1.77
4
0.29
0.18
0.13
0.43
0.04
1.03
4.8
1.91
3.75
10.68
2.48
1.79
1.46
0.22
0.11
0
0.05
0
2.15
3.26
0.1
0.32
0.47
4.18
0.89
2.63
2.04
0.07
1.14
0.01
0.03
0
0.41
0.06
0.72
0.09
0.94
18.98
0
0.02
0
0
0.07
0.02
0
0
0
0
0
0
0
0
0
0
0
0
0.01
0
0
0.56
0
0
0
0
0
0
0.01
0
0
0
0
0
0.01
0.18
0.01
0
0
0.01
0.01
0
1.69
0.13
0
0
0.01
0
0.02
0.02
0.01
0.01
0
0
0
0.03
0
0.09
0.02
0
0
0
0.02
0
0
0
0
0.53
0
0.01
0
0
0
0
0
0
0.01
0
0.01
0
0
0
0
0
0.02
2.32
0
0
0
0
0
0.01
0
0
0
0
0
0
0.01
0
0
0
0
0
0.05
1.54
7.98
0.84
0
0
0
0
0
2.87
0.02
3.53
0.92
0
0.06
0.62
0
0
0.48
0
0
0
0
0.32
2.18
0.03
0.11
0.03
0.39
0.02
0
0
0.31
1.64
1.12
0.01
0.05
0.05
0.65
0.38
0
0.01
0
7.78
0.14
0.11
15.15
0.06
1.77
16.98
5.13
1.2
0.71
0.02
0
0.01
4.91
3.57
0.05
0
0.91
0.03
0
0
0.38
1.71
11.27
4.35
7.45
1
1.32
0.23
0.79
7.51
0.86
6.96
0.39
0.07
0.04
7.58
10.78
2.37
0.94
0
0.01
0
0
0.22
5.52
0.06
0.01
0.07
0.01
0.11
0.02
1.97
9.64
5.73
6.57
5.83
7.91
3.23
8.3
22.3
2.27
0.16
4.74
1.98
2.48
1.34
4.72
1.23
0.21
0.34
2.34
3.86
7.12
1.66
0.76
1.04
1.87
3.34
4.25
11.47
1.07
0.05
0
0.43
2.12
5.23
1.76
20.2
5.8
2.44
0.16
0.02
0
0
0
0
0.31
1.16
0.52
1.34
4.47
0.66
0.09
0.03
0
0.03
0.05
0.34
0.09
0.2
0.96
0.13
0
0
0
9.62
3.18
0.23
0.28
0.41
0
18.15
10.59
5.07
10.24
0.96
1.04
17.46
2.38
0.28
0.77
0.01
0
0.12
0
0.13
5.14
0.03
0
0.26
0.04
0.01
0
0.11
1.18
1.63
4.14
0.7
0.13
0.65
0.23
0
0
0
0
0.02
0
0
0
0
0
0
0.21
0
0
0
0
1.55
21.88
0.88
0.09
0.05
0
0
0.02
0.02
0.01
0.14
0.91
0
0.38
0.38
4.54
3.06
0.03
1.08
0.18
0.05
0.21
0.66
4.72
1.77
0
0.01
0.01
0.15
1.28
0
0.24
18.52
11.38
9.93
9.02
1.18
0.02
0.03
0.01
0
0
0
0
0
0
0
0.01
0.01
0
0.01
0
0.02
0.7
7.7
1.45
0
0
0
0
0
0
0
0
0
0
0
0
0
0
0
0
0
0
0
0
0
0
0
0
0.06
0.3
0.01
0.05
0
0.05
0
0.06
0
0.25
0
0
0
0
0
0
0
0
0
0
0
0.01
0
0.04
0.06
0
0
0
0
0
0.01
0.07
0.02
0
0
0
0.1
0
0
4.46
0.4
0.11
0
0
0
0
0
0
0
0
0
0.02
0.04
0.01
0
0
0.01
0
0
0.16
3.81
0.48
0.2
5.86
0.27
0
0
0
0
0
0
0
0
0
0
0
0.48
0.41
18.05
7.71
7.92
0.43
0
0.05
0
10.33
0
0
0
0
0
0.08
0
7.62
0.41
2.41
0.34
0.08
0
19.91
2.14
0
0.15
2.7
6.74
16.84
11.51
4.68
0.35
1.29
0.24
0.02
0
0.09
0.01
0
0
0
0
0
0
0
0
0.21
0.98
0.13
0
0.3
0
0.01
0
0.12
0.35
4.54
0
0
0
0
0
0.03
0
0
0
0
0.03
0.01
0.02
0
0.04
0
0.01
0
0
0
0
0
0.01
0.01
0.01
0
0
0
0
0.04
0
0.01
0
0
0
0
3.98
11.75
2.02
0.01
0
0
0
0.13
4.01
2.28
1.95
7.89
11.23
1.39
0.05
0
0.02
0
0.9
0
0.01
0.35
2.79
0.13
0.78
0
1.25
0.05
0
0.1
1.93
1.88
7.78
0.29
0.35
0.03
0
0
0
0.02
0.01
0.01
0
0.21
0.26
3.55
0.31
0.05
0
0
0
0
0
0
0
0
0.01
0
0
0
0
0
0
0
0
0
0
0.48
1.09
2.04
0
29.87
4.99
0.09
0.01
0.03
0
0
0
0.02
0.42
6.29
6.66
10.81
7.13
1.23
0.5
0.05
0
0
0
0
0
0
0
0.29
4.88
0.91
0.06
0
0.4
3.7
1.43
0
6.47
7.48
5.84
0.63
0.9
23.68
9.77
7.77
0.13
0
0.01
0
0.02
0
0.01
0
0
0
0
0
0
0
0
0
0
0
0.03
0.38
0.88
0.05
4.76
3.18
19.34
19.95
2.26
4.23
1.95
0
0.03
0
0
0
0.03
0
0
0
0.11
1.54
0
0
0
0
0
0
0
0
0.06
0
0
8.72
9.29
3.42
7.35
2.52
0
0
0.64
0
0
0
0
0
0
0
0
0.02
0
0
0
0
0.01
0
0.02
0
0
0.02
1.77
0.32
0
0
0
0
0
0.01
0
0.01
0
0
0
0
0
0
0
0
0.01
0
0
0
0
0
0
0
0
0
0.02
0.04
2.7
0
0
0
0
0
0.01
0
0.01
0.01
0.05
0.92
0
0
0.6
0.48
0.36
0.05
0
0.61
0.06
0.02
0.84
1.26
0.44
14.25
0.73
9.45
0
0
0.05
0.37
0
1.88
1.11
0.01
0
0
0
0.05
0.34
0
0.2
0.01
0
0
0.15
5.36
2.56
2.45
1.28
1.1
13.19
1.98
1.4
3.69
0
0.16
0
0
0
0
0.09
3.19
0.85
0
0
0
0.05
0.41
10.52
15.46
13.97
0.1
0.02
0
0
0.25
0.35
0.09
0
0.01
10.06
10.41
4.93
0.43
0.01
0.02
0.02
0
0
0.38
5.18
0.02
0
0.15
0.02
0
0
0
0
0
0
0
0
0.46
7.84
5.8
4.71
7.76
0.67
1.32
9.55
2.78
1.75
6.45
1.88
4.49
0.16
0.09
3.46
2.46
5.29
0.21
4.23
0
0.03
0.07
0.05
0.16
0
0.04
11.51
4.83
2.76
0.46
4.06
1.71
0.04
3.47
5.38
3.96
7.88
0.52
0
0.74
0.31
1.86
0.77
2.85
3.51
0.04
0.37
2.96
0.7
1.26
3.6
0.67
1.02
10.98
1.13
15.07
4.85
5.51
0
0
0
0
0.23
0.01
0.77
0
4
1.67
6.2
0.69
7.32
0.95
0
0.37
0
0
0
0.05
1.17
1.51
0.18
0.03
0.03
0.02
0
0
0
0
0
0.21
0.32
0.02
0.26
0
0.04
0.02
0
8.55
10.69
2.59
0.17
4.73
0.08
5.33
29.52
11.41
1.63
0.04
0.01
0.26
0.02
0.51
3.02
0.09
0
0
0
0
0
0
0
0.24
0.68
0.09
0.03
0
0
0
0
0.07
0
0
0.16
3.18
16.92
3.01
10.08
13.21
1.58
0.15
0
0.01
0
0
0
0
0.01
0
3.29
1.95
2.21
12.12
9.08
2.09
0.08
0.33
2.96
14.01
0.87
0
1.26
0
0
0.11
0.11
0
0
0
0.16
0
0
0
0.13
1.31
26.35
6.19
2.93
0.07
0.13
0.02
0
0.01
0
1.5
9.65
0.25
0
0
0
0
0
0.01
0.31
0
0
0
0
0
0
13.82
9.63
0
0
5.29
0
0.59
0.28
0.32
0
0
0
0
0
0.39
3.41
0.26
0.4
0.11
0.02
0
0
0
2.19
0
0
0
0
0
0
0.02
0
0
0
0
0.03
0
0
0
0
0
0
5.6
0
0.16
0
0
0
0
0.11
0
0
0
0
0
0
0
0
0
0.02
0.03
0
0.01
0
0
0.05
0.85
0
0
0
0.18
0.02
0
0
0
0
0.02
0.02
0.98
0.25
0
0
1.24
8.31
0
0
0
0
0
0.07
0.02
0
0
0.06
0
0.01
9.3
0.37
0.69
0
0
0
0
0
0
0
0
0
0
0
0
0
0
1.15
0.46
0.07
0.03
0
0.4
0
0
4.16
12.8
7.34
4.45
0.84
0.01
0
0
0
0
0
0
4.54
11.15
15.2
3.6
0.57
19.7
3.45
19.07
9.29
0.47
1.52
0.03
0
1.85
11.42
9.27
4.06
9.7
1.47
10.11
13.89
0
0.05
0
0
0.01
0
0
7.13
1.19
0.91
0
0
0
0
8.95
6.63
0.06
0
0
0.01
0
7.66
3.37
0.05
0.04
4.21
0.65
0.01
0.54
5.05
0.51
0.14
0.28
0.86
2.84
4.13
2
0.92
5.34
0.48
0.02
0.01
0
0
0.05
0.27
0.55
2.95
0.03
0.32
0.24
0
0
0
0
0
2.52
0.77
0.7
1.65
0
0.01
0.07
0.04
0
0
0
0
0
0.09
0
0
0.03
0.03
0.12
0.16
0
0.01
0
0
0
0
0.06
0.03
0.02
0.29
3.94
0.99
0.15
0.15
4.58
2.95
0.48
0
0
0
0.03
0.05
0.04
0.02
0
0
0
0
0.01
0.01
0
0.01
0
0
0.03
4.33
5.93
4.2
5.92
28.39
10.07
1.7
0.91
0.3
0.88
0
0
0.01
0.25
1.83
1.54
0.05
0
2.54
0.44
0
9.44
3.84
0.03
0
0
0
0
0
0
0
0
1.61
1.02
0.04
8.17
8.13
8.67
11.41
16.89
2.63
8.05
1.84
0.44
0
0.22
0.3
0.06
1.72
0
0
0.02
0
0.01
0
25.88
13.99
1.98
5.36
0.09
0.06
1.04
1.57
0
0
0.01
0
3.05
32.01
9.59
2.68
5.49
23.95
3.09
1.24
12.16
1.44
0.04
0.13
3.82
5.54
7.39
0.38
0.03
0
0.01
0.05
1.78
0.04
0
0.02
0.4
5.88
5.55
9.86
5.69
4.8
0.13
0.56
0.08
0
0.86
0.01
0
0
0
0.02
40.3
1.41
0
0.04
0
0.19
4.07
0.05
0.01
0
0
0
0.67
0.38
0
0
0
0.01
0
0
0.01
0
0
0.03
0
0
0
0
0.26
1.43
8.83
0.19
0
0
0.01
0
0
0
0
0.43
1.59
0
0
0.02
0
0
0
0
0.59
0
0
0
1.63
0.03
0
0
5.91
0.06
0.23
0.74
0
0.02
0
0.43
6.01
0.2
0
0
0
0
0
0.13
0.45
0
0.62
0
0
0
0
0
0
0
0
0
0
0
0
1.53
18.76
9.71
0.51
3.92
2.01
0.13
0.07
0.09
0
0.02
0
0
0
0
0
0
0
0.01
0
0
0
0
0
0
0
0
0
0
0
0
0
0.01
0
0
0
0
0.02
0.01
0.39
0.07
0
0
0
0
0
0.09
5.72
3.72
4.71
6.68
0.32
0.02
0.76
15.32
2.21
24.11
8.15
4.63
1.97
2.52
1.52
0.48
1.98
22.05
0.86
0
0
0
0.05
0.2
0.01
0.01
0
0
0
0
0.09
0
0
0
0.05
0
0
0
0
0
0
2.73
2.44
0.45
13.54
1.18
5.2
0.1
0
0
0.02
0
0
0
0.01
0.18
0
0.03
0.35
0.02
0
0
0
0
0
0
0.01
0.02
0.2
0.13
0
0.12
0
0
0
0
0
0
0
0
0
0
0
0.01
0
0
0.01
0.01
0
0
0
0
0.01
0
0
0
0
0.13
0.14
1.98
0.63
0
0
0
0
0
0
0
0
0.04
0.61
2.39
0.49
0.41
0
0
0
0
0.04
0
0
0
0
0
0
0.21
0.2
14.1
21.11
0.65
0
0
0
0.02
0.09
1.59
0.03
0.01
0.02
0.01
0
0
0
0
0
0.01
0.52
3.68
0.08
0
0
0
0
0.05
1.11
0.79
3.16
0.09
0.91
1.14
0.97
2.19
0.75
0
0.01
0.95
12.18
6.05
1.95
0.79
0.02
0
0.78
0
0
0
0
0.45
0.76
0
0.02
0.03
0.03
0.02
0.05
0
0
0
0.02
0
0
0
0
0
0
0
0.07
0.01
0
0
0
0
0
1.9
0.14
0.46
0.32
10.91
1.26
0.01
2.2
1.41
0
0
0
0
0
0
0
0
0
0
0
0.61
0.59
4.09
1
0
0.04
0
0
0
0
0
0
1.35
0.28
2.73
0
0
0
0.04
0.03
0
0.04
3.4
0.38
0.27
9.42
0.74
0.01
0.34
5.07
0.18
0.07
0
0
0.01
0
0
0
0
1.12
0
1.57
0
0
0
0
0
0
0
0
0
0
0
0
0
0
0
0
0
0.01
0
0
0
0.05
0.08
0
0
0
0
0
0
0.01
0.09
1.54
0
0.01
0
0
0.61
2.66
0
0
0
0
0
0
0
0
0
0
0
0
0
0
0
0
0
0
0
0
21.02
6.08
0.31
0.09
0.03
0.01
0.05
0.99
0.01
0
1.38
0
0
0
0
0
0
0.07
0
0.05
0.01
0
0
0
0
0
0
0
0
0
0
0
0.01
0.06
0.61
1.73
5.17
2.18
0.45
2.11
0.14
10.26
2.02
0.09
0.6
0.22
15
0.43
0.06
0.01
0.01
0.48
13.79
0.82
2.8
0.64
0.01
0
0
0.12
0.04
0.01
0.06
0.2
0.2
0.03
0.2
14.72
6.79
11.89
2.95
0.14
0
0
0
0
0.01
0.02
0
0.01
1.21
0.01
1.3
1.03
0.02
0
3.23
10.36
0.59
0.59
0.18
0.02
0
0
0
0
0
0
0
0
0
0
0
0
0.03
0.33
0
0
1.11
0.01
0.56
8.69
0.93
0.09
0.93
0.03
0.48
0.19
0.12
0.01
0.16
1.09
6.36
3.53
0.39
7.21
0.42
0.03
0.04
0
1.62
3.9
7.03
0.75
0.27
0.02
0.01
0.02
0
0
0
0
0.19
0.06
0
0.66
0.36
0.05
0
0
0
0
0
0
0
0
0
0
0
0.06
0
0
0
0.05
0.68
5.17
2.38
1.93
3.5
3.03
6.95
1.69
12.95
4.27
0.01
0.12
0
0.1
1
12.44
1.48
0
0
0
0.52
0
0
0
0
0
0
0
1.41
11.02
4.65
3.09
0.75
1.21
1.75
0.18
0
0
0.05
0
0.08
0
0
0
0
0
0
9.19
5.07
1.41
1.99
0
0
0
0
0
7.46
3.97
1.71
9.2
0
0.22
0.22
4.5
1.63
0.27
0
0
0.01
0
0.01
0
0
0
0.19
4.32
2.71
1.52
0.39
0.18
0
0
0
2.13
1.31
0
0.15
0
0
0
0
0.03
0
0
0
0
0
0
0
0
0.44
2.09
0
0.22
0
0
0
0.02
0.01
0
0
1.98
14.3
0.73
0
0.01
0.01
5.02
5.71
1.02
3.84
0.36
3.72
3.02
0
0
0.79
1.13
0.2
0
0.93
0
0.01
0.04
0
0
0
0
0.01
0.01
0
0
0
0
0.06
0.06
2.46
0.2
0.34
0
3.02
11.82
2.91
0.03
0
0
0
0
0.01
0
0
0
0
0
0
0
0
0
0
0
0
0
0
0
0
0.01
0
0
0.01
0
0
1.33
0.01
0
0
0
0.01
0.04
0.03
0
0
0
0
0
0
0
0
0
0
0
0.39
0
0
0.08
3.44
0
0.04
8.37
13.08
10.41
0.06
0
0
0
0.03
0.19
25.32
1.53
0.44
0.74
0
0
0.02
0.05
0.02
0.01
0.07
0.69
0.73
0
0
0.01
0
0
0
0
0.07
0
0.03
0
0
0.2
19.71
10.77
10.01
25.84
0.39
4.23
17.74
0.34
3.85
1.03
0.05
0
0
0.01
0
0
9.21
15.62
3.55
0.66
1.83
7.42
0.55
0
0
0
0
0
0.36
3.48
8.49
0.65
0.1
0.07
0.01
0.02
0.09
1.72
3.13
7.46
0.04
0
0.13
0.13
0
0.01
0
0.73
0.6
12.39
1.34
11.28
0.64
0
0.01
0.01
0.05
0.06
0.05
0.05
0
0
0
0
0
0
0.57
0
0
0
0
0
0
0
0
0.02
0.03
0.16
0.01
0
0.02
0.01
0.04
0.03
0
0.03
0.1
0
0.02
0
0.25
0.02
0.01
0.01
0.05
0
0.44
5.41
1.43
3.8
3.2
1.06
0.11
0.04
3.71
0.87
0.04
0.03
2.89
1.48
1.6
3.84
0.27
4.62
22.9
1.38
0.45
2.89
1.62
0
2.13
0
0.81
0.83
0.18
0.07
5.1
0.34
0.29
0.66
0.45
2.55
0.07
0
0.05
0
0
0
0
0
9.42
7.21
0.41
0
0
0
0.01
0.01
0
0.02
0.31
0.2
0
0.09
0.2
0.62
0
0
0.36
0.21
5.28
7.77
2.13
0
1.27
5.75
9.11
0.72
1.63
2.59
1.8
11.74
5.34
1.07
0.44
1.41
1.45
14.02
3.41
1.31
1.98
0.36
2.07
0.06
0
0
0
0.17
0.02
0
10.75
16.77
14.37
3.7
0.19
2.95
0.76
3.89
2.2
0.22
0.14
0.02
0
0.01
0
0.04
0
0.17
0.2
0.16
0
0.02
0
0.09
14.01
12.04
1.31
14.12
2.21
5.41
5.61
3.31
0.55
0
0
0.01
0
0.01
0
0
0.41
0
0
0
0.09
1.89
0.23
0
0
0.27
8.13
13.7
15.5
1.9
0.05
0
0.01
0
0
0
0
0
0
0
0
0
0
0
0
0
0
0
0
0.29
0
0.02
0
0
0
0
0
0
0
0
0
0
0
0
0
0.01
0
0
0
0
0
0.02
0
0
0
0
0.02
2.43
8.99
0
0.06
0.01
0
0
0
2.71
0
0
0
0
0
0.02
0.02
0
0.02
0.04
0
0.71
0.48
0
0.01
0
0
0
0
0
0
0.02
0
0
0.68
0
0.01
0.28
2.82
0.24
0.77
2.24
8.72
0.23
0.96
0.2
0
0
3.82
3.82
4.05
1.09
0.04
0
0
0
0.09
0.74
0
0.35
10.91
3.57
5.34
0.39
0
0
0
0
0.03
0
0.03
0
0.01
0
1.09
0
0
0.02
0.03
0
0.79
1.62
0
0
0.62
0
0
0
0
0
0
0
0
0
0
0
0
0
0
0
0
0
0
0.01
0
0
0
0
3.74
9.87
1.09
3.96
0
0
0
0
0.07
0.02
0
0
0.2
0
0
0
0
0
0
0.02
0
0.14
0
0
0
0
0
0
2.22
1.01
0.54
1.15
0.55
2.15
0.08
0.22
0
0
0
0
0
0
0
0.04
6.07
6.45
1.48
0.74
0.41
0.18
0.02
0.01
0.46
6.1
0.07
5.38
0.2
3.41
1.26
0
0
0
0
0
0
0
0
0
0
0
0
0
0
0
0.79
0.91
5.6
0
0
0
0
0
0
0
0
0.07
0.01
0.14
0.02
0
3.12
3.38
15.6
0.06
0.29
0.3
0.47
4.14
0.18
0.03
3.02
4.18
0
0.02
0
0.01
0
0
0.01
0
0
0.03
0.15
0.02
0
0
0
0
0
0.46
0
0.05
0.17
0.18
13.45
0.29
0.09
0.02
1.41
0
0.03
0.18
3.31
0.16
0.23
0
0
0
0.05
1.33
4.51
13.46
6
10.56
7.3
0.27
0.47
0
0.69
9.99
17.36
7.76
18.96
5.38
0.05
0.06
0
0
0.7
0.75
1.22
0.1
0
0.06
0
0
0
0
0
0
1.94
4.05
12.43
14.8
0.7
7.7
9.69
1.27
3.34
5.63
2.67
2.28
0.67
0
4.45
0.49
8.86
1.64
1.49
0.5
2.46
3.73
0.2
3.54
14.48
4.52
8.39
0
0.25
0.59
0
0
14.23
14.08
4.16
3.07
0
0.08
0
0
6
0.01
0
0
0
0
0
7.26
0.51
0.01
0.52
0
0
0.2
0
0
0
0
0
0
0
0
0
0
0.01
0.06
1.6
0
15.59
0.56
1.4
0.08
0
0.04
0.03
0
0.07
0.03
0
0
0
0
0
0
0
0
0
0
0
0
0
0.02
0
0
0
0
0
0.01
0
0
0
0
0
0
0
0
0.01
0.03
0.35
0.01
0
0.62
1
0.05
0.02
0
0.02
0
0
0
0.05
1.08
3.82
0
0.2
0.3
7.66
1.41
0
0
0
0
0.22
0
0.01
0.01
0
1.7
1.93
5.05
0.04
5.89
0.4
3.3
0
0
0.01
0
0
0
0
0
0
0.93
0
0.11
0.01
6.89
3.57
0.77
0
0
0.04
5.19
3.87
0.31
0
4.47
9.01
2.81
0.93
0
0.02
6.48
10.64
2.73
10.43
17.54
7.21
2.29
0.05
0.3
0.02
0.07
2.07
0.09
0
0.01
0.16
0.01
0
0
0
0
0.02
0
0
0
0
0
0
1.33
0.35
0.3
0
5.41
1.66
1.09
3.1
0.67
4.6
0.69
0.05
2.3
19.11
3.17
1.33
0.36
0.04
0.77
9.5
0.24
0.13
0
0.04
0
0
0
0
0
0
0.02
0
1
0
0.01
0
0
0
0.41
0.73
6.99
1.36
0
0.27
0.01
2.68
1.2
0.04
0.78
0.15
1.93
0
0.08
0.21
0.38
0.9
6.47
0.87
1.46
13.84
1.12
0.18
4.11
0.38
0.31
2.27
0.29
2.16
2.13
12.33
2.27
3.98
6.2
6.29
6.88
0
0.34
4.16
0.12
0
0
0.01
0
0
0
0
0
0
0
0
0
0
0
0.01
0
0.32
1.16
4.93
3.54
1.97
10.27
4.05
0.51
0.01
0
0.01
0
0
0
0
0
0
0
0
0
0
0
0
0
0
0
0
0
0
10.2
4.93
5.14
0.37
0.02
0
0
0
0.04
3.27
2.41
0
3.05
10.55
3.4
0
0.02
4.61
2.82
3.35
1.51
6.22
0.9
0.3
0.18
0
0
0.13
0.36
0.49
0.47
0
0
2.09
0
0.01
0.01
0
0
0
0.02
1.34
7.67
0.11
0.02
0
0
0
0
0
0
0
0
0.41
0
0
0
1.39
0.13
0
0.01
0
0.48
0.62
0.12
0
0
0
0.36
2.33
1.65
0.21
0.53
0
0
0
0
0.54
0.46
1.92
0.42
0
0.03
1
0
0
0
0
0
0
0
0
0.01
0
0
0
0
0
0
0
0
0
0.01
0
0
0
0
0
0.01
0
0
0
0
0
0
0.05
0
0
0
0
0
0
0
0
0
0
0
0
0
0
0
0
0.02
1.52
0.26
1.14
0
0
0.15
4.18
0
0
0
0
0
0
0
0
0
0
0.04
0
0
0.02
0
0
0.04
0
0
0
0
0.41
0.02
0.89
0.09
0
1.24
0.02
0.86
0.01
0.11
0
1.66
14.68
3.41
0.14
0.12
0.02
0.01
0
0
0
0.01
0.01
0.12
1.12
2.32
2.93
0
0.1
0.13
0
0.13
0.66
0.1
0
0
0.01
0
0
0
0.01
0
0
0
0.51
10.82
17.88
0.96
0
0
0
0
0
0
0
0
0
0.02
0
0.01
0
0.84
0.28
0.02
0
0
0
0
0
0
0.09
0
0
0.03
0
0
0
0.44
0
0
0
0.11
2.19
0.31
0.7
7.62
1.16
1.1
13.67
2.18
0
0.2
0.1
1.14
0.05
0.11
0
0
0.34
12.59
4.78
0.38
3.17
0.86
0.02
0
4.13
11.06
16.07
15.17
9.04
17.16
7.75
1.13
13.34
39.8
11.29
5.9
0.95
0.45
10.38
8.9
4.45
5.31
13.45
2.15
1.96
5.93
1.31
10.14
8.41
2.73
0.24
0.51
0.31
0.38
2.07
0.17
0.1
0.22
0.21
0
4.15
1.65
1.1
0.11
0.02
0.02
0.11
0
0.07
2.71
6.45
0.15
0
0.18
6.68
1.58
0.04
0.08
0.02
0.05
0
15.29
7.95
4
3.39
0.66
0.69
9.62
5.44
7.95
1.4
11.14
5.25
0.55
1.59
0.48
5.44
5.1
0.64
21.79
4.61
7.77
0.11
0.14
0.05
0
0.01
0
0
0
0
0
0.1
0.77
0.29
1.3
0.11
0.21
11.92
5.68
0.26
0
0.17
3.34
0.55
0.06
0
0.12
1.83
0
0
0.03
0.38
0
0
0
0.09
8.37
6.79
4.33
7.38
13.1
8.86
9.51
0.89
0
4.53
2.6
0.8
0.03
0.2
0
0
0.02
0.02
0.48
1.93
0.13
5.17
0
0.21
0.42
1.71
4.85
0.38
6.92
5.43
3.94
1.3
0.44
0.05
0
0
0
0
0.01
0
0
11.84
0.4
0
0.23
1.12
0
0
0.03
0
0
0
0.04
0.01
0
0
0.01
6.63
28.66
5.79
5.55
9.27
0.93
11.35
0.53
0.18
0.31
2.46
0
0.35
0
0.01
0.05
1.57
4.36
10.58
0
0.13
0.2
0
0.04
6.17
2.23
0
0
0.01
0.02
0.02
0.56
0.01
0
0
0
0
0
0.01
0
0
0
0
0
0
0
0.01
0
0
0.01
0
0
0
0
0
0
0.01
0
0
0
0.05
10.38
0.08
0.29
0.01
0
0
0
0.02
0
0
0.1
0
0.12
0
0
0
0
0
0
0
0
0
0
0
10.78
3.82
0
0.01
0
0.01
0.14
0
0
0
0
0.09
0
0.01
0
5.84
6.43
0.19
0.04
7.71
0.4
0.21
0
0.01
0
0
0
0
0
0
0
0
2.3
0.8
0.07
0
1.86
0.93
20.32
4
0.05
5.53
0
0.01
0
0.01
0.01
0
0.01
0
0.01
0
0
0.02
0
0
0
0.05
2.13
11.02
2.39
0.12
0
0
0.01
0
0.01
1.29
10.54
1.73
0.11
0.24
0.11
0.03
3.04
0.66
1.65
2.88
0.2
0.65
3.98
3.85
0
0
0.7
0.55
0
0.01
0.06
2.58
2.7
1.44
3.55
0.28
0.01
4.32
5.81
9.77
6.55
0.57
0.02
0
0
0.09
0.36
0
0.1
0.17
3.67
3.02
5.02
13.67
5.22
3.4
0
0
0
0.44
0
0.7
4.45
1.3
0.05
0.03
0
0.33
1.39
0.59
0.05
7.5
4.45
4.5
0.23
0
0.01
0
0.02
0
0
0.01
2.97
0.64
0
0
0
0
0
0.52
6.81
5.45
1.88
2.23
0
0.01
0
0
0.01
0
0
0
0
0
0
0
0.07
3.55
6.57
18.93
8.87
3.38
0.55
11.84
0.95
0.13
0.01
0.01
0.01
0
0.02
0.09
0.07
0
0
3.18
4.91
0.01
0.15
0
0.04
0
0
7.56
2.13
1.58
5.71
3.38
10.13
0.49
0
0.02
0
0
0.02
2.44
0.38
0.86
3.3
1.75
0.63
0.15
0.02
0
0
0
11.77
0
0.04
0
0
0
0
0
0.03
0
0.01
0
0
0
0
0
1.97
1.33
23.01
5.48
1.92
1.38
1.63
0.21
0.97
1.67
1.41
0.57
1.04
1.9
5.17
0.32
2.87
2.11
19.72
1.07
0
0.01
0.02
0.3
0.06
15.7
0.15
0
0
5.78
0.95
0
0.47
1.05
0.74
0
0
0.76
2.81
0
20.31
3.07
0
0
0
0
1.21
2.04
11.21
6.18
0.24
0.05
0
0
0
0
0
0
0
0
0
0
0
0
0.03
0
0
0
0
0
0.01
0
0
0
0.86
0.07
0
0
0
0
0
0
0
0
0
0.04
0
0
0
0
0.01
0
0
0
0
0
0
0
0
0
0.01
0
0
0
0.09
0
0
0
0
0
0
0
0
0
0
7.73
0.61
0
0
0.01
0
0.07
0
0
0.11
0
0
0
0
0
0
0
0.01
0
0.01
0.07
0.68
0.46
0
0
0
0
0
0
0
0
0
0
0
0
0.02
0
0
0
0
0
0
0
0.04
0
0.01
0
0
0
0
0
0
0
0
0
0
0
0
0
0
0
0
0
0
0
0
0
0
0
0
0.02
0
5.09
19.87
1.18
13.44
15.9
0.7
0
0
0.05
0.12
9.46
15.59
14.59
15.62
0.99
1.36
0.25
0.11
0.02
0
0.01
0.21
9.7
0.19
0
0.55
0.37
2.04
0.46
0.5
4.64
0.64
0.02
0
0
0
0
0.01
0.04
0.98
3.83
0.06
0
0.05
0.1
0
0
0
0.11
0.01
0.18
0.2
0.05
0
1.14
0.07
0.68
0
0.01
0
0
0.01
0
0
0
0
0
0
0
0
0.06
0.49
0
0
0.01
0
0
0
0
0
0
0
0
0.21
4.89
4.17
0.01
0.01
0
0.02
0
0
0
0
0
0.02
2.25
0.02
0
0
0
0.03
0
0.03
0
0.15
0
0.07
0
0.02
0
0
0
0.11
0.24
0
0
0
0
0
0
0
0
0
0
0
0
0
0
0
0.01
2.69
0.27
0.27
0
0
0
0
0
0
0
0
0
0
0
0.08
0.01
0
0.07
6.31
2.65
0
0
0
0
0
0.02
0
0
0
0
0
2.23
12.46
5.66
6.8
2.54
0.08
0.04
0.23
1.07
1.82
5.24
3.23
5.29
0.54
0.02
0
1.55
0.93
0.35
0.03
0.01
0
0.01
0.08
0.03
4.21
9.34
13.95
2.88
0.57
0
2.23
5.09
3.17
0.13
0
0.24
0.01
0
0.25
0.89
0
0
0
0
0
0
2.96
3.79
0.12
0
0
0
0
0
0
0
0
0
0
0
1.91
0
0
0
0
0
0.06
0
0
0
0
0
0
0
0
0
5.62
7.95
0
0
0
0
0
0
0
0
0
0
0
0
0
0
0
0
0
0
0
0
0
0
0
0
0
0
0
0
0.55
0.01
0
0
0
0
0
2.56
0.22
0.67
0
0
0.02
0
0
0
0
0.01
0.24
0
0.07
0
0
0.04
0
0
0
0
0.01
0
0
0
0.02
0
0
0
0
0
0.02
0
0
0
0
0.07
0
0
0
0
0
0
0
0.09
0.12
0.02
0
0
0
0
0
0
0
0
0
3.37
0.01
0
0
2.39
0.02
3.25
5.27
0.17
34.93
1.93
0.02
0
0
0
0
0
0
0.01
0
0.01
0.07
2.46
3.1
0
4.18
0
0
0.39
8.42
14.98
13.47
12.54
0.18
0
1.84
6.39
5.2
0.9
0.1
0
13.59
0
0.02
3.27
29.95
16.61
0.05
0
3.63
23.91
11.38
7.3
1.13
0.09
0.06
0.01
0.02
0
1.32
0.15
0
0
0.09
0.22
0
0
0
3.97
0.17
0.04
0
0.1
0
0
0
0
0
0.13
0.6
0
0.02
0
0
0
0.01
3.87
1.68
1.92
0.05
0.29
0.19
1.02
0.04
0
0
0.01
2.38
0.01
0
0
0.05
0
0.64
0.27
0
0
0
0
0
0.02
0.01
0.45
0.02
0.7
4.84
1.41
0
0.32
7.75
1.08
5.21
9.73
2.29
0.16
13.57
6.96
0.07
0.32
0.18
3.63
0.45
0
0
0
3.14
0.69
0
0
0.58
0.18
0.03
0.32
0.28
7.3
1.62
0
0
0
0
0.14
1.65
0.77
1.77
0.07
5.95
10.65
0.7
0.18
0.19
0.13
0.63
1.13
0.05
0.02
0.06
6.48
5.9
6.5
6.65
12.09
7.38
2.76
0.67
1.08
0.93
0.18
0.4
4.5
9.63
0.04
6.89
0.03
0
2.57
4.65
5.91
7.31
26.88
6.4
3.57
8.3
0.3
26.02
4.04
0.52
3.95
6.59
4.3
0
0.57
0.17
0.28
0.05
0.92
0
0.04
0
0
0
0
0
0
0
0
0
0
0.02
0.15
7.83
4.88
17.55
9.09
7.04
0.99
0
0.04
0
0
0
0
0.02
0.04
0
0
0.2
0.36
2.23
1.96
5.57
6
2.4
1.69
2.48
0
0
0
0
0
15.64
2.53
0.09
10.09
0.27
0
0
0
0
0.48
1.02
0.12
2.11
0.54
0
0
0
0
0.02
0
0
0
0.02
0.1
0.48
0
0
0
0
0.01
0
0
0.03
0
0
0
0.71
0.04
0
0
0
0
0
0
0.29
0
0
0
0.02
0.02
0.01
0.02
0.07
0.02
0
0.04
0.11
0.04
0
0
0
0
0.01
0
0
0
0
0
0
0
0
0
0
0.01
0
0
0
0.06
0
0
0.96
0.38
3.19
0
0
0.06
0
0
0
0
0
0
0.77
0.55
8.51
5.9
0.45
0
0.1
0
0.02
0.2
2.02
0.32
0.61
1.95
0
0
0
0.02
0
0
0
0
0
0
0
0
0
0
0
0
0
0
0.3
6.9
0
3.63
0.7
1.72
1.94
3.24
0
0
0
0
0
0.02
0.01
0
0
0
0
0
0
0
8.57
0.09
0.02
14.81
0.01
0
0.93
0.12
0
0.02
0
0
0
0
0.02
0.27
0
0
0
0.05
1.98
0.01
0.04
0
0
0
0
0.02
0.97
11.35
4.68
0.49
0
0
0
0
0
0
0
0.02
0.04
0
0.07
0.08
0
0
0
0
0
0
0
0
0
0
0
2.14
0
0
0
0.01
5.91
14.39
0
0.01
0
0.16
19.64
4.64
0.2
2.63
0
0.06
0.01
0.23
3.63
11.27
12.63
9.89
2.39
0.01
0.02
0.04
0.01
0
0.01
2.82
3.63
2.45
3.53
1.66
4.08
8.31
2.2
1.15
8.95
3.7
0.05
0.03
0.01
0.22
0
6.15
8.41
1.13
1.25
0.8
0.37
3.12
6.41
0.95
4.56
2.72
5.25
18.55
1.78
11.05
4.92
3.66
1.02
1.92
0.74
0.48
0.23
0
1.98
0.34
0.02
0.73
2.69
0.21
1.34
0.84
0.18
12.7
2.34
0.08
0.04
0
0.01
0
0
0
0
0
0.01
0.32
0
0
0
0
0
0.01
2.2
0.77
1.97
0.02
0.5
3.45
0.45
0.02
0.28
1.68
0.32
0.04
0.5
8.44
1.04
0.38
0.01
0
0
0.02
0
0.68
0.55
6.65
0
0
0.43
0
0.01
0
1.39
4.05
8.97
0
0
2.98
0.09
0.01
0
0
0
0
0
0
0
0
0
0
0
0
0
0
0
0
0
0
0
0
0
0
1.18
0.06
4.79
0.56
0.63
0.55
0.81
0.06
0.58
2.4
0.4
0
6.26
0.24
0
0
0
0
0.41
0.01
0.01
0.02
0
0.42
0.54
0.26
0
0
0
0
0
0.02
0.05
0
1.63
2.04
6.26
0.48
0.52
0
0
0
0
0.02
2.44
20.78
0.66
0.03
0
0
0
0
0
0
0
0
0
0
0
0
0
0.02
0
0
0
0
0
0
0
0
0
0
0
0
0.01
0
0.01
0
0
0
0
0
0
0
0
0.01
0
0
0
0
0
0.04
0
0
0
0
0
0
0
0
0
0
0
0
0.15
0
0
0
0
0
0.03
0.89
0
0.01
0
0
0
0.01
0.01
0
0.05
2.84
1.45
0.1
0.1
15.04
2.09
2.49
12.32
0.44
0
1.62
10.54
0
0
0
0
0.13
0
0.01
0
0
3.36
5.26
9.42
11.42
3.72
10.69
1.56
0.25
0.07
0
0
0
0
0
0.01
0.01
0
0.01
0.02
0.02
0.01
0.02
0
0
0
0.55
8.99
4.08
1.63
0.55
1.92
8.98
1.18
14.09
16.8
0
8.11
5.18
3.34
0.06
0.1
0.21
0
0.01
0
0
0.02
0.02
4.82
2.95
7.98
35.06
7.91
2.3
0.08
0.04
1.32
0.44
0.18
0.99
0.02
0.01
0.01
0
0
0
13.61
12
0.95
0.78
0.05
0.01
0
0
0.05
0
0
0.01
0
0.02
0.12
0.71
0.06
0
0
0
0.02
0
0
0
0
0
0
0
0
0
0
0.01
0.64
3.61
0.68
0.02
2.64
0.46
0.57
2.11
0.54
0.03
0
0
0.01
0
0.14
1.71
26.41
4.91
0.29
7.87
8.54
2.16
0.91
0.33
0.15
0
0
0
3.84
1.51
0.15
7.09
0.23
0
0.16
0
0.07
3.4
1.39
0.38
1.72
0.8
0.02
0.03
0
0
0
0.1
0.08
0
0.02
0
0
0
0
0.22
0
0
0
0
0.39
0.22
1.74
10.38
1
1.39
6
7.19
15.63
2.55
0
0.02
0.01
0
0
0.02
0.01
0
0
0
0
0
0
0
0.29
5.6
0.02
5.91
0.07
0.13
0.12
3.84
2.68
0
0.05
0
0
0.08
0
0
0
2.67
15.01
0.76
0.07
0.21
0
0
0
0
0
0
0
0
0
0
0
0
0
0
0
0.01
0
0
0.02
0.18
0
0.42
0
0.01
0.16
0.02
0.05
0.03
0
0.53
0.82
0
0
0
0.18
0.18
0
0
0.06
1.15
4.71
5.07
13.26
0
0.21
0.87
5.12
0.28
0
0
0
0.02
0.29
1.79
0
0
0
0
0
0
0
0.02
0.06
0.51
0.94
0
0
0
0
0
0
0
0
0
0
0
0
0.01
0.02
0.11
0.02
0
0
0.74
0
0.01
0
0
0
0
0
0.03
6.99
0.39
0
5.85
0
0
0.06
0.09
1
0.05
0
0
0
0
0
0.02
0.11
0
0
0
0.24
1.36
0.02
0.39
0.66
0
0
0
0
0
5.14
2.3
0.26
0
0.02
0
1.55
1
4.82
0.41
0
0
0.16
0.01
0.07
0
0.08
6.5
0.06
0
0
0
0
0
0
0
0
0.02
0.56
1.24
0.33
0.56
0.02
0.01
0.14
1.95
0.15
0.3
0
0
0
0.27
2.42
1.22
0.6
0
0
0.02
5.78
7.92
1.31
0
0.01
0
0
0.09
0.01
2.16
1.85
1.59
0
0
0.04
15.66
15.31
5.94
0.14
0.01
0
0.01
0.01
0
0
0
0
0
0.21
0
0.01
0
0
0
0.11
2.07
0.23
0
0.04
0.05
0
0.04
0
0
0
0
0
0
0
0
0.01
0
0
0
0
0
0
0.01
0
0
0
0
0
0
0
0
0
0
0
0
0
0
0.2
0.03
0.38
1.3
7.52
1.02
8.35
11.52
2
1.38
0.65
5.29
3.08
8.15
1.83
0.02
0.22
4.01
0
0
0.02
0.04
0
0.08
0.25
0.15
0
0
0
0
0.12
1.09
1.25
0.05
0
0
0.55
0
0
0
9.45
0.72
2.25
3.02
3.11
10.2
26.77
14.55
6.2
0.03
0.02
1.07
1.5
0
0
0.02
0
0
3.46
1.35
17.68
6.66
1.34
0
0
0.02
0
2.59
1.24
1.75
9.17
0.08
0.81
0
0.03
0
0.06
0.39
0
0.75
0
5.41
7.49
2.43
8.01
1.07
0
0
0.01
0.96
0.17
0.09
0
0.82
0.74
0
0.01
3.49
35.32
0.54
0.75
0
0.02
0.26
8.25
3.35
9.2
2.35
0
1.4
14.58
0.46
0
21.2
6.91
2.43
0.96
2.3
0
0
0.08
0.05
1.28
4.59
0.98
0
0
0
0
1.66
11.77
11.44
18.94
6.9
8.01
3.13
3.3
4.09
0.04
0.02
0.01
0
0.35
0
0
0.07
0.07
0
0
0
0.33
0
4.33
0.3
0
0
0
0
3.81
0
0.02
0
0
0.01
0.08
0
0
0
0
0
0.84
0.48
0.01
0.14
0
0
0
0
0
0
0
0
0
0.01
0.81
0.01
0
0
0
0
0
0
0.34
0
0
0
0
0
0
0
0
0
0
0
0.06
0.07
0.07
0.01
0
0
0
0
0
0
0
0
0
0
0
0
0
0
0
0
0
1.84
0.2
0
0
0
0
0
0
0
0
0.01
0
0
0
0
0
0
0.21
0.02
0
0
0
0.03
1
0.02
0
0
0
0
0
0.01
0.01
0
0
0
10.21
2.41
0.95
0.04
0.03
0
0
0
0
0.01
0
0
0
0
0
0
0
0
0.01
0
0
0
0.02
0
0
0.01
0
0
0
9.45
1.57
0
0.02
0.01
2.96
1.1
9.67
9.23
1.46
6.89
13.04
5.48
0.11
0.01
0
0
0
0
0
0
0
0.9
8.1
14.92
0.51
0
0.4
0.13
0.03
0.05
0.05
0.04
0.01
0
0
0
0.01
1.05
18.26
6.61
10.2
4.96
2.62
8.08
14.56
6.52
0.07
0.16
0.31
0.38
0.44
5.52
6.59
0.37
0.04
0.01
0
0
0
0.01
0.42
0
0
0.24
1.3
0.97
1.63
1.66
0
0.08
0.02
0
0
0
0.01
0
0
0
0
0
0.01
0
0
0
0
0
0
0
0.29
1.98
0.01
0
0
0
0.02
0.02
0.02
0.02
0.38
0.45
0.03
0.02
0
0.02
0.01
2.53
8.8
0.04
2.41
0.67
0.01
3.34
3.84
5.14
7.8
4.14
0.03
0.8
0.03
0.1
1.61
1.64
2.73
3.05
0
0
0
0
0
0.04
0
0
0
1.82
0.22
0.03
0
0.01
0
0.23
0
13.8
0.64
0.18
0.52
0.23
0
0
0
0
1.65
2.61
0
0
0
0
0
0.05
0.34
0
4.25
5.18
1.08
5.52
4.15
3.46
0.14
0.16
0
0.93
0
0
0
0
0
0
0
0
0
0
0
0
0
0
0
0
0
0
0.11
0.04
0
0
0
2.4
2.71
0.25
0.11
1.2
4.83
2.19
0.68
0
0.02
0.34
2.04
0.04
0
0
0
8.2
5.11
3.44
1.43
0.01
0
0
2.27
6.4
1.12
0
0.01
0
0
0
0
0.29
0
0.02
0.54
1.36
5.3
0.45
5.82
5.09
8.75
0
0
1.6
0
0
0
0
0
0
0.04
2.68
0.25
0.43
0.82
7.39
0.3
0.01
0
0
0
13.2
0.02
0.17
0.43
0.01
0.01
0.02
0
0
0
2.2
2.17
22.81
0.51
0
0.01
0
0
0
0
0.01
0
0
3.03
0
0
0
0
0
0
0
0
0
0
0
0
0
0.17
0.34
0.01
0
0.01
0
0
0
0.05
0
0
0
0
0
0
0
0
0
0
0
0
0
0
0
0
0
8.79
7.38
3.32
0.04
0
0.01
0.01
0
0
0.21
2.29
0.01
0
0.82
0
0
0
0
0
0
0.24
0
0
0
0
0
1.45
0
0
0
0
0.02
0
0
0
0
0
0.07
0
0
0
0
0
0
0
0
0
0
0
0.02
0
3.84
13.81
0
0.04
0
0
0
0
0
0
0
0
0
0
0
0
0.2
0.34
1.16
0
0.01
0
0.01
0
0.01
0
0
0
0
0
0
0.01
0.02
0
0
0
0
0.01
0
0.01
0
0
12.35
0.15
0.12
1.02
0.04
0
0
0
0
0.01
0.56
0.07
7.57
3.48
0.18
0.16
1.6
0.43
0
0
0.01
0
0
0
0.01
0.01
0
2.69
4.91
0.99
0.5
0.77
0.18
1.72
0.03
0.2
0.17
0.01
5.35
12.94
2.41
0.55
2.63
0.9
0.29
0.06
2.95
0.32
0.07
0.02
0.01
0
0
0
0.09
0
0
0
14.13
1.42
0
0.06
0.02
0
0
0.66
0.09
1.75
7.33
5.64
3.3
0.33
0.72
0.26
0
1.46
0.29
0
0
0.01
0.01
0
0.01
0.04
0
0.13
0
0
0
0
0
24.48
11.83
12.3
19.96
5.88
4.62
4.98
4.04
1.88
2.47
7.23
12.68
4.8
2.18
1.38
16.96
3.8
3.23
11.47
0.06
13.61
0
0.1
0.31
9.89
0.53
1.32
0.25
0.07
0
0.8
5.08
0.46
0.02
0.61
2.38
1.24
0
9.5
7.41
4.54
7.96
21.13
17.03
5.32
0.75
0
7.3
0.41
0
0.43
0
0
0.03
1.27
0.09
0.29
0.3
0
0.01
0.68
3.73
0.34
0
0
0.01
0
5.29
0.38
5.1
2.49
0
0.02
0
0
0
0
0
0
0.58
1.62
6.71
2.84
1.93
0.48
0
0.02
0.98
0.16
13.84
5.52
12.84
1.95
0
5.52
3.31
0
0
2.83
4.55
1.7
6.45
6.23
0.04
0.07
0.13
0
0.02
0
0
0
0
0
0
0
0
0
0
2.88
0.3
1.11
1.52
0.1
1.27
0
0
0
0.02
0
0
0
0.02
0
0
0.01
0
0.05
0
0.01
0
0
0
0
0
0.01
0
0
0
0
0
0
0
0
0
0
0
0
0
0.01
0.05
0.03
0.01
0.09
0
0
0.01
6.29
0
0
0.14
0
0.17
1.27
0.02
0
0
6.27
2.85
0
0.01
0
0
2.72
0.03
0.39
0.02
0
1.99
0.13
0.01
0
0
2.58
0
6.01
9.71
2.95
0.12
0.15
0.23
2.88
0.5
5.75
0.04
0.01
0.13
0
0
0
0
0.05
0
0
0
0
0
0
0
0
0
0
0
0
0
0
0.38
0.67
0.07
0.11
4.95
0.66
0
0.8
8.52
3.44
0.09
0.36
0.08
0
0
0.15
1.9
10.29
0.27
0.99
14.61
15.58
0.01
0.25
0.01
6.46
11.91
0.8
0.73
5.9
0
3.05
0.42
0.07
0.09
0.5
0.12
0.2
0.08
1.98
3.37
3.43
0.7
3.51
1.09
0.38
17.14
1.07
0
0.05
3.44
0.15
0
0
0
0.03
0.02
0
0.01
0.01
0.01
0.01
0
7.76
11.63
0.54
0.71
1.66
0.46
1.41
0.03
0.02
0
0
0
0
0
0
0
0
0
0
0
0
0
0
0
0
0.01
0
0
0
0
0
0.07
0.03
0
0
0
0.01
0.05
10.64
1.06
0.02
1.38
0.12
0.14
0.02
0
0
0
1.67
7.22
8.28
2.94
0.03
0
0.02
0.04
0
0
0
0
0
0.02
0
0
0
0
0
0
0
0
0
0
0
0
0
0
0
0
0
0
0
0.02
0.02
0.97
6.94
0.02
0.43
0
0
0
0.01
0
0
0
0
0
0
0
0
0
0.07
0
0
0
0
0
0
0
0
5.16
2.18
4.04
0
0.44
8.33
4.45
2.12
1.78
2.11
1.84
0.08
0
0
0
0.52
0
13.79
17.59
15.97
7.39
4.5
0.22
4.42
10.22
7.39
0.92
0.19
0
0
1.14
0
6.59
0.11
0
0
0
0
0.03
0.2
0
0
0
0
0
0
0
0.02
0.03
0.02
0
0
0.02
0
0
0
0
0
0
0
0
0
0.08
0.01
0.48
0.36
0.02
0
0.12
0.01
0
0
0.01
0
0
0.01
0
0
0
0
0
0
0
0.02
0
0
0.04
0
0.1
0
0
0
1.08
0.72
0.02
0
0
0
0
0
0
0.01
0
0.01
0
0
0
0
0.39
0.01
0
0
0
0
0.02
0
1.27
0
0
0
0
0
0.02
0
0
0
0
0
0
0.02
0
0
0
0
0
0
0
0
0
0
0
0.09
1.25
2.48
2.21
0
0
0
5.69
12.75
0
0
1.73
0.05
0
1.88
0.06
0
0
0
0.03
0
0
1.12
0
0.06
5.06
5.36
18.47
2.17
1.94
0.95
1.46
8.58
1.95
1.57
0.03
0.02
0
0.35
0
0
0.03
1.34
0
0
0
0
0
0
0
0
0
0
0
0.39
0
1.25
0.28
0
0.16
0.28
12.94
2.59
1.84
17.38
3.53
0.16
0.01
0
0
0
0.02
0.05
0
1.73
2.98
3.53
5.8
1.62
2.39
1.58
0
4.62
1.41
1.17
8.19
4.7
8.25
0.17
0
6.92
0.05
0.33
2.3
4.41
9.47
0.91
0.06
0.27
1.5
0.3
1.06
1.41
4.17
0.59
0.44
2.88
1.41
0.62
0.14
0.22
0.95
0.74
0.8
0
3
0.05
0
0.03
0
0.27
3.06
27.44
30.56
7.02
0.02
0.05
0
0
0
0
0
0
0
0
0
0
0
0
0
0
0
0
0
0.07
0
0
0
0.02
0.02
0
0.1
3.61
0.06
0.38
7.81
0.06
0
2.38
7.03
0.02
1.33
0.75
0.03
0.34
1.3
1.2
0.22
0
0.01
0
0
0
0.2
0.02
0
0
0.01
0.01
0
0
0.01
0.07
0.01
0
0
0
0
0
0
0
0
0.02
0
0.31
5.97
2.31
1.14
0.02
2.03
0
0
0
0
0
0
0
0
0.85
25.81
6.19
1.09
0
0.02
0.06
4.91
9.64
3.97
0
1.36
0.53
3.16
0.04
0.34
12.06
19.69
2.09
0
0.22
0
1.05
7.8
0.96
0.87
2.63
5.55
1.09
2.28
0.73
2.22
8.59
0.7
1.77
4.83
1.59
0.59
4.81
0.25
0.21
0.07
1.14
1.8
1.52
0.02
0.04
0.3
0.02
0
0
0
0
0.02
0
0.56
1.92
0.06
1.3
17.31
4.45
8.56
13.96
3.41
0
0
0
0
0
0
0
0.04
1.27
0
0.23
0
0
0
0.11
0.16
0
2.64
6.14
0.08
0.23
3.72
0
0
0
0
0.94
0.13
0
0.03
1.46
0.04
0
0
0
0
0
0.62
0.14
0
0
0
0
0
0
0
0
0
0
0
0
0
2.16
9.08
0.02
0.01
0.92
0.33
0
0
0.01
0.01
0
0
0
0.02
0.89
0
0
0
0
0
0
0.02
2.69
0.21
0
0
0
0
0
0
0
0
0
2.09
37.97
0
0
0
0
0
0
0.01
0
0
0.04
0
0.01
0
0
0
0
0
0
0
0
0
0
0
0
0
0
0
0
0
0
0
0
0
0
0.05
0
0.44
10.5
0.11
0.08
0.05
0.11
0.28
0.69
0
0.03
0
0
0
0
0.06
14.5
0.02
0
0
0
0
0
0
0
0
0
0
0
0
0
0
0
0.67
3.56
1.31
1.12
0.82
0
8.77
0.01
0
0
0
0
0
0
0.04
4.39
2.75
22.5
13.42
3.16
0
0.78
0.12
0
0
0
3.54
0.23
0.25
0.02
0.06
0
0
0
0
0
0
0.28
0.03
17.53
0.12
0.02
0
0
0
3.72
2.78
0.17
0.55
13.91
0.95
4.34
5.81
6.94
0
0.48
1.73
0.31
0.13
0.01
0
6.06
0.12
0.05
0
0.05
2.43
0.02
0.07
2.8
0.36
0.31
0
7.38
1.77
0.64
0
0.06
0.09
0.91
10.53
13.72
9.09
0.86
0.07
0.14
0.02
0.02
0
0
0
0
0.02
7.03
14.41
1.23
8.64
1.39
5.14
1.34
0.34
0.34
2
3.23
3.19
0.33
0.53
0.14
0.11
8.59
11.23
12.78
5.34
16.66
1.28
1.91
0.75
0.09
0.04
0
0.02
0
0
0
0
16.47
1.03
0.04
0
0
0
0
0
0.12
0
0
0.08
0.09
0.22
1.97
9.77
0.5
0.05
0.04
0.02
0
0
0
0
0
0
3.73
0
0
0
0
0
0
0
0
0
0
0
0
0
5.88
1.55
0.56
0
0
0
6.27
0.97
8.28
10.86
0.05
0.35
2.39
1.63
0.23
0
0.27
0.25
4.72
7.33
3.38
1.21
7.62
3.06
13.19
4.39
6.99
1.26
0.25
3.05
0.16
2.33
0
0.02
0
0.2
0.59
3.94
0
0.5
0.05
0.01
0
0
0.54
0
0
0
0.1
0
0.02
5.84
0.01
0
0
0.4
0.02
0
0.04
4.71
0.88
0
3.97
0.98
31.66
0
0
0
0
0
20.39
0
0
3.28
0
2.02
0.88
8.83
0
1
0.02
0.02
0.02
0.12
0
0
0
0
0
0.26
0.01
0
0
0
0
0.9
0
0
0
0
0
0
0
0
0
0
0
0
0
0
0
0
0
0
4.45
0
0
0
0
0
0
0
0.14
0
0
0
0
0
0
0
0
1.84
0
0
0
0
0
0
0.02
0
0
0
0
0.55
19.5
0.03
0
0.04
0
0
0.02
52.03
26.94
0
0.02
0
0
0
0
0
0
0
0
0.8
6.73
32.72
1.19
2.42
0.02
0
0.01
0.5
5.34
1.53
0
18.14
0
0
0
0
0
0
0
0
5.06
0
0.01
0
0
0
0
0
0
0
0
0
0.13
0.26
0
0
0
0
0
0
0
0
0
0
0
0
51.25
33.22
25
0.72
5.59
0.05
0
0
0
0
0
0
0
0
0
0
0
0
0
0
0
0.05
0.22
1.58
14.72
3.5
0.69
1.25
0.14
1.34
0.06
0.02
0
7.61
0.2
0.28
0.02
0.27
0.02
1.17
0
0.06
0
0.18
0.03
0.02
0
0
0
0
0
0
0.31
0.3
0.02
2.84
3.97
4.67
13.12
0.12
0
0
0.03
0
0
0
0
7.64
3.24
0
0.01
0
0.06
0.03
0
0
0
0
0
0
0
0
0.16
0
0
0
0
0
0
0
0
0
0
0
0
0
0
0
0
0
0
0
0
0
0
0.03
0.48
3.84
0.28
0.01
0
0
0.06
1.95
0
0
0
0
0.26
1.69
1.2
0
0
0.01
0
11.44
0.51
0
1.66
1.84
0.14
0.14
3.44
18.05
9.94
4.41
4.72
0.36
0.38
0.38
0.03
0.39
2.72
6.38
2.69
2.41
1.56
1.44
1.06
0
0
1.49
8.94
0.27
0.02
0
0
0
0
0.04
0.03
0.07
0
0
1.66
0.8
0
0.07
0
0
0
1.14
5.45
1
0.59
16.59
7.39
0.29
1.91
7.77
5.52
2.38
0.04
2.23
0
0.89
3.66
0
0
0
0
0
0
0
0
0
0.02
1.27
1.01
0.01
0.4
0
0
0
0
0
0
0.17
0
0
0
0
0.01
0
0
0
1.84
0.02
0
0
0
0
0
0
0
0.01
0.01
0
0.01
0
6.84
0.08
0.32
0
0
0
0
0.03
0
0
0
0
0
0
0.64
0
0
0.02
0
0.01
0.33
0
0
0
0
0
0
0
0
0
0
0
0
0
0
0
0
0
0
0
0
0.01
0
0
4.99
0
0
0.28
0.02
0.74
0
0.14
0
0
0.01
0
0.01
0.14
2.88
0
0
0.02
2.78
0
0
0
0
0
0.03
0.05
0
1.45
0
0.07
0
0
0
0
0
0
0
0
0
0
0.01
0
0
1.72
2.53
2.23
0.7
0.66
0.31
1.25
0
1.89
3.88
0
0
0
0
10.31
0.73
0.21
0
0.38
0.01
0
0
0.01
0
0
0
0.53
4.62
0.22
9.61
9.61
0
0
0
0
3.03
0.31
0
2.78
5.75
1.84
0.75
5.33
0
0
0
0
0
0.31
0.03
1.05
0.37
0
2.64
0.38
0
0
0
0.91
2.88
0.56
0.06
13.16
0.55
3.47
5.98
3.28
3.3
2.97
0
3.97
15.2
8.12
2.69
3.97
0.22
0.11
4.59
0
0
0.01
0
0
1.56
4.64
2
0.38
3.19
16.25
11.41
8
9.75
29.31
54.59
7.34
2.67
1.31
0.68
1.39
0
4.7
0.19
0.16
0.03
0.03
0
0
0
0.02
0.2
0.02
0
