19510101
22.2
8.91
0.35
0.01
0.03
0
0.01
0
5.29
2.16
3.3
3.17
4.79
0.95
0.09
0.13
0
0.23
0.01
0
0
0.05
1.99
7.59
3.57
7.91
9.19
3.48
0.09
0.04
0.08
0.05
0.46
6.2
16.36
3.06
6.91
6.09
2.28
2.4
6.48
9.07
7.37
1.61
3.62
2.26
0
0.9
2.45
0.85
4.93
1.15
4.84
10.15
2.29
0.12
0.04
0.02
0.04
0
0
1.43
2.83
7.23
1.19
3.89
4.73
10.79
16.73
12.15
13.05
17.97
11.31
6.92
0.74
1.38
0.5
0.03
0.03
0
0
0
0
0
0
0.02
0.05
0.01
0.02
0.03
0
0
0
0.01
0
0
0
0
0.18
7.27
1.73
0.05
0
0
0
0
0.64
0.02
0.23
2.23
0.7
5.23
7.18
4.4
5.63
4.79
8.92
7.91
6.86
19.68
6.37
3.64
0.91
0.26
5.37
8.42
2.25
2.3
1.39
1.49
2.07
0.77
0.04
0.03
0
0
0.31
1.74
0.23
0.59
0.15
0.05
0.04
0
0.18
1.61
0
4.27
10.11
0.51
0.03
0.08
0.14
11.52
1.5
3.29
0.36
4.26
0.1
0
0.03
0
0.12
0
0.31
0.69
0.57
0.86
0.24
0
0.91
0.14
0.65
0
0.01
0
0.2
0
0
0.41
3.47
1.42
0
0.09
0.13
0
0.18
0.63
0
0
0.02
0
0.01
0
0
0.07
0
0
0
0
0
0
0
0
0
0
0
0.01
0
0.54
7.98
2.81
2.52
15.89
0
0
0
0
0.05
0.02
0
0
0
0.01
0.05
0.05
0.02
0
0.04
0
0
0
0.01
0.01
0.06
18.27
1.25
0.11
0
0.01
0
0
0.01
0
0.01
0
0
0.11
0
6.88
5.27
0
7.37
8.02
6.93
7.77
0.7
0
0
0.03
0
0
0
0.15
3.59
31.48
0.29
0
0.03
0
0
0
1.8
8.73
9.35
3.79
0
0
0
0
6.68
12.96
1.06
0.59
5.32
1.99
2.95
0
0.02
0
0.27
0
2.7
0.4
0.23
0.01
0.05
0.04
0.07
0.85
2.06
3.12
7.29
0
0
0.15
0
1.32
9.04
9.3
11.32
14.38
15.11
2.49
5.19
8.08
2.86
0.6
0.93
1.6
6.46
15.93
6.5
1.3
0.48
0.15
0.04
0.05
0.02
0.01
0.26
0
0.1
0.19
0
0
2.3
4.92
0.01
0.1
0.21
0.33
0.16
0
0.16
0.78
0.05
0.05
0.79
0
0.01
0.04
0.44
3.23
6.46
1.61
2.75
0.78
2.51
3.04
3.27
0.73
0.08
0.01
0
0.01
0
0.04
0.14
0.14
0
0
0.04
0.01
0
0.01
0.73
0.24
0.09
0
0
0.24
0.2
0.06
0.5
1
0.62
5.5
7.49
8.91
19.09
10.81
2.16
0.74
0.2
1.42
0.67
0
0
0.01
0
0
0.02
0.01
0
0
0.1
7.75
5.5
0.58
0.27
0.01
0.38
0.45
0.11
0.01
0.03
0.01
0.52
3.76
0.9
1.09
1.86
0
0.02
0.02
0.04
0.45
0.02
0.01
0
0.01
0.75
3.77
2.51
8.96
2.41
0.2
4.99
0.93
5.82
4.76
1.98
0.24
0.05
0
0.02
0.04
0.5
0
2.32
6.53
11.45
10.02
9.06
8.3
9.67
2.69
0.8
0.01
0
0.04
0
0.01
1
19.69
14.56
4.88
13.47
1.95
0.14
0.65
0.27
0
0.04
0.16
0.2
4.28
2.88
0.01
0.02
0
0
0.13
0.78
6.41
6.14
6.48
15.84
4.03
2.72
0.04
0
0.11
0
0
0.18
0
0.05
1.63
0.4
0
0.64
5.76
1.39
4.04
1.78
5.71
4.4
1.13
0.04
0.3
0.62
0.41
2.24
5.22
0.3
0.07
0.02
0
0.09
0
0.01
0
0.73
1.22
7.23
0.36
0
0.01
0
0.09
0.68
4.88
0.14
0
0.07
0.69
0
0
0.26
3.84
0.11
0.57
0.17
0
0
0.2
2.15
5.02
11.75
0
0
0
0
0
0.05
0.7
0
0.91
9.96
0.98
0.17
0.12
0
1.8
0
0.76
1.68
0.18
0.44
5.84
1.07
6.85
1.16
5.76
11.84
6.88
0.28
0.01
0
0
0.09
0.87
0
0
0.23
0
0
0.01
0
0
0
0
0
0.7
0.01
0.01
1.24
1.7
0
0
0.05
0.04
18.2
27.41
4.18
0.64
0
0.01
0.01
0.02
0.02
0.09
0
0
0
0.33
0
0
0.64
2.62
1.38
6.5
9.31
1.24
0
0
0
0.02
0.01
0.01
0
0.01
0
0.72
0.02
0.92
1.2
0.09
0
0.02
0.04
0
1.67
0
0
0
1.16
1.62
1.03
1.55
0.66
1.41
0
0.02
5.02
13.65
0.32
4.75
3.32
0.17
0.78
3.63
0.71
0
0.71
1.25
0
0
0
0.83
0
0
0.03
0
0.02
0.02
0.01
0.02
0.01
0
0
0.44
0.49
0.37
1.57
4.3
1.74
1.73
0.02
0
0.08
0.81
2.94
0.95
0.62
2.47
5
20.82
3.25
5.46
1.13
0
0
0
0.01
0
0.88
0
0.02
3.15
4.13
3.87
0.73
1.21
4.13
1.84
0.13
0.16
0.01
0.71
0.07
0.22
0.3
0.55
7.42
2.72
3.52
0.75
0.22
1
3.2
2.16
0.49
1.34
0.67
1.1
1.34
0.04
0.14
0.27
0.01
0
0
0.01
0
0.05
0.03
0
0.01
0
0
0.01
0.35
0.25
0.01
0
0
0
0
0.1
0.01
0
1.34
4.13
6.49
5.74
1.93
0.01
0.27
4.05
0.79
0.38
0.85
1.41
0.31
0.09
0.02
0.02
0
0.23
0.05
0
0
0.01
0
0
0.23
0
0
0
0.01
0
0
0
0
0
0
0
0
0
0
0.25
0.03
0.02
0.07
1.12
1.71
0.88
0.14
0.1
0.02
0.17
0
0.01
0
0.1
0.15
0
0.28
0.01
9.76
1.39
0.04
0
0.09
0.55
2.41
1.81
0.19
0.04
0.16
0
0
0
0
2.79
23.06
16.49
6.87
1.21
7.89
0.77
2.24
0.78
7.68
0.3
0.02
0
0
0.02
0.02
0.01
0.01
0
0
0
0
0
0.11
0.01
0.93
7.97
0
0.01
0
0.04
0
0
0
0
0
0.05
0.32
0.88
0.2
0.03
0
0
0
0
0
0.01
0.39
0.09
0
5.14
0
0.21
0
0.14
0
4.43
0
0
0
0.27
2.24
0
13.38
0.04
1.13
0.71
0.01
1.48
0
6.85
12.49
8.98
9.44
0
0
0.46
1.39
2.54
7.89
0
0
0
0
0.45
0
0.03
0
0
0.32
0
0
0
0
0
0
0
0
0
0
0
0
0
0
0
0.03
0.57
1.23
0.25
0
0
0
0
0
0
0
0
2.01
0.14
0.34
0
0.01
0.03
0
0
0
0
0
0.13
0
0.11
0.04
0
0
0
0
0
0
0
0
0.04
1.36
3.35
0.52
0
0.13
0
0
0
0.03
0.11
0.11
0
0
0
0
0.01
0
0
0
0
1.93
16.26
1.44
0
0.02
0
1.74
1.77
9.63
6.8
1.79
0.5
7.5
0
1.7
4.25
10.21
9.3
6.76
4.6
4.36
0.48
0.18
0.25
2.1
0.08
0
0.96
0.2
1.57
2.14
1.12
2.59
0
0
0
2.11
4.5
1.04
0
0.17
0
0
0
0
0
0
0.02
0.16
0.22
0.06
0
0
0
0.09
0.01
0
0
0
0
0
0.06
0.08
0.7
0.39
0
0.18
0.11
0.84
2.55
10.57
1.14
2.91
11.2
3.82
0.08
0.03
0.44
0
1.02
2.56
1.42
0.84
3.78
3.89
1.73
0.27
0
0
0
0
0
0
0.01
0
0
0.02
0
0.14
0.01
0.05
0.63
0.63
0.66
1.12
0.09
0.01
0
0
0.01
0
0.1
0.01
0
0
0.1
0
0.02
0
0
0
0
0.07
0.31
4.48
5.26
5.32
3.08
0
0.47
0.09
2.59
1.98
1.34
0.13
0.84
0.49
2.25
7.81
0.62
3.3
6.73
3.06
0.71
0.08
0.02
0.39
0.04
0.01
0.02
0.01
0
0
0.38
1.14
0.36
0.01
0
0.1
1.39
5.58
0.26
1.8
12.73
10.32
5.26
2.33
7.7
6.33
5.01
3.74
0.28
1.59
2.77
0.89
0.62
0
0.22
3.66
2.67
0.34
0.69
0.34
0.05
0.02
0.21
1.27
1.19
0
0
0
0.02
0.26
0.01
0.1
0.1
0
0.39
0.14
0.01
0.14
0
0
0
0
0
0
0
0
0
0
0.09
0.3
9.06
1.92
7.24
5.58
0.27
3.57
0
0.01
0.06
0
0
0.01
0
0.04
6.15
0
1.08
2.02
32.38
9.92
2.47
0.23
0.07
0
0
0
0.02
0.13
0.04
0
0.09
0.11
0.01
0
4.38
2.43
8.05
29.58
1.52
0
0
0.45
0
0.31
1.07
0
0
0
0.05
0
0
0
0
0
0
0.19
0
0
0.11
0
0.08
0.15
0.03
0
0.25
0.04
0.03
0
0
0
0.01
0
0
0
0.34
0.05
0.08
0
0
0
0.01
0
0
0
0
0.08
2.77
0.8
0.09
0
0
0
0
0
0
0
0
0
0
0
0
0
0
0
0
0
0
0.01
0
0
0.5
0
0
0
0
0
0.09
1.66
0.88
0
0
0
0
0
0.05
0.03
0
0
0.01
0
0.02
0.91
0.34
0
0
0.16
0
0
0
0.02
0
0.8
0.94
0
0.02
0
0
0
0
0
0
0.02
0.09
0
0
0
0
0
0
0
0.27
1.03
0.35
0
0
0
0
0.02
0
0.02
0
0
0
0
0
0.06
0.05
3.68
0.29
0
0.15
0.6
0.1
0.18
0
0
0.41
0
0.56
1.19
0.56
0.04
0
0.16
0.98
18.2
7.32
1.98
0.53
0
0
0.01
0
0
0
0
0
0
1.35
0.22
1.75
5
0.38
0.37
3.25
5.52
2.13
11.49
11.59
3.67
2.2
0.01
0
0
0.02
0
7.51
4.23
1.36
0.18
0
0
0.08
0
0.01
0
0
0
0
0
0
0
0
0
0
0
0
0
0
0.01
0
6.48
12.63
11.9
10.41
6.16
6.25
1.79
13.03
2.2
2.77
0.72
1.43
0.59
3.79
2.53
11.31
13.68
6.59
1.36
3.32
2.66
1.13
0.12
1.33
0.05
0.33
0.49
4.05
5.59
5.73
8.64
32.07
9.08
0.25
0.54
0.04
0
0
0.01
0.02
0.02
1.75
1.8
0
12.96
24.33
12.08
5.53
4.11
0.09
0.11
3.05
3.26
3.46
3.59
2.26
0.42
0.02
0
0.02
0.01
0
0.05
0.06
0.27
0.38
4.19
2.27
0.44
0.66
1.21
0
0
0.02
0
0.04
1.76
5.79
2.55
0.05
0
0
0.02
0.04
0.01
0.02
0.24
0
0.04
0
0.01
0.01
0
0
0
2.37
1.54
0
0
0
0.01
0
0.01
0
0
0
0
0
2.96
8.06
7.86
3.8
12.78
0.48
0.01
0
0.01
0.94
0
1.08
3.05
0.11
0.07
0
0.89
0.02
0
0
0
0
0
0.07
0
0
0
0
0.32
0.2
0.81
5.68
0
1.95
4.08
2.34
2.02
0
0
0.01
5.11
1.68
4.26
5.91
2.22
0.05
1.69
4.57
0.76
4.67
1.27
0.23
0
0
0
0
0.07
3.38
6.59
6.28
2.75
0.28
0.03
4.06
0.05
8.69
0.23
0
0.14
0.02
0
0
0
0
0
0
0.01
0
0
0
0
0.09
0.04
0
0
0.03
0.02
0.33
0.16
0.35
0.61
1.69
3.34
4.38
0.75
1.96
0.01
0.05
7.92
0.04
0
0.75
0
0
0
0.27
2.38
3.48
0.99
0
0
0.02
0
0.04
0
0
5.2
0
0.24
0
0.02
0
1.4
0.23
0.2
0
0.12
0
3.54
4.63
0.41
0
0.05
0.13
0.02
1.14
1.7
0.48
0.04
0
0
3.25
1.45
0.45
0
0.14
0
0
0
7.98
2.61
8.3
1.02
0.12
0.23
2.7
0.01
0
0
0
0
0.45
0.01
0.55
0.07
5.56
8.82
5.2
1.2
0
0
0
0
0
0
0
0.02
0
0
0.55
2.09
0
1.79
10.57
0
0.04
0
0
0
0
0.46
13.36
19.2
15.46
8.4
3.6
0.09
1.16
7.14
0.63
0.11
3.52
2.56
0.53
0.27
4.53
4.17
0.07
0.06
0.07
0
0
0
0.13
0.25
0.94
1.11
7.83
1.11
0.92
0.18
0
0
5.62
13.14
12.92
1.77
0.23
0
0.01
0
0
0.09
0
0
1.18
2.15
17.95
24.01
20.74
15.52
7.55
4.32
4.57
9.06
6.4
0.84
0.23
1.09
0.14
0
0
0.01
0.08
1.1
0.35
0
0
0.23
0
0.02
0
0.04
2.2
3.86
2.7
0.95
8.88
3.6
2.16
5.13
11.33
3.79
5.08
2.63
2.18
0.79
0.04
0
0
0
0
0
0
0.2
7.4
2.4
1.2
0.2
0.02
0
0
0
0
0.01
0.02
0.01
0.01
0.11
0
0
0
0
0
0.5
0.02
1.59
3.13
3.5
6.45
3.66
0.92
0.18
0.08
0.03
0
0
0
0
0
0
0
0
0
0.59
0.06
0.01
0
0.02
0
0.04
0
0.95
6.48
8.59
8.88
8.64
12.27
15.61
7.05
8.52
2.89
6.89
24.51
28.38
12.32
4.05
0
0
0
0
0.11
0.4
0.03
0.56
0.71
0.42
2.38
0.61
3.17
6.91
5.66
2.67
1.83
0
0.16
1.09
3.13
3.33
7.99
3.12
1.88
4.64
4.36
7.23
2.04
0
0
0
0
0
0
0
0
0
0
0
0
0
0.06
0.02
0
0
0.16
1.23
0.83
15.92
13.15
12.49
6.86
3.86
23.64
22.43
12.95
0.02
0
0.12
0
0
0
0
0
0
0
0
0.01
0
2.49
1.32
0.02
0.63
0
0
0
0
0
0
0
0.01
0
6.12
0.64
8.21
1.05
0.26
3.46
0
0.34
0
0
0
0
0
0
0
0.01
0.04
0.02
0.01
0
0
0.02
0
1.98
0
0
0
4.84
21.27
6.48
0
0
0.01
0
0.03
0.01
0.18
1.93
0
0.1
0
0
0
0
23.55
10.66
0.68
0
0
0
0
0
0
0
0
1.11
0
0
0.04
0
0
0
0.01
0
0.03
2.75
0
0
0
0
0
0
0.06
0
0.02
0
0.06
0.02
0.02
0
0
0.01
0
0.18
0.31
0.03
1.2
0
0.7
24.17
12.09
2.61
21.66
15.23
4.94
0.56
0
0
0
0
0
0
0
0.28
0
0
0
0.07
3.19
5.76
3.05
0.15
0.19
4.98
3.13
0.6
0
0
0
0
0
1
0.42
0.3
0
0.05
0.27
0.04
0.12
0.2
1.8
0
0.29
0.48
0
0
0.09
0.52
1.86
4.79
0.32
0.02
0.42
0.41
0.02
0
0.38
2.23
0.41
2.33
6.14
2.01
0.76
0.01
0.18
0.07
0
0.13
0.26
0.16
0.86
0.2
0
0
0
0
0
0
0.12
0
0.01
0
0
0
0
0
0
0
0
0
0.29
0.3
0.45
0
0
1.01
1.55
1.69
3.57
3.87
9.34
6.65
2.96
0.91
0.02
0.02
0
0
0
0.23
0.45
0.21
0
0
0
0.81
5.65
0.01
0.03
1.19
3.52
0.23
0.1
0.14
1.82
2.73
1.25
0.41
0.08
0.07
0
0
0
0
0
1.28
0.54
0.03
0.24
0.25
1.02
1.57
0.91
0.03
0
1.95
3.46
15.11
17.84
14.97
3.28
0.35
0.68
0.09
0.12
0
0
0
0.07
0
0.03
0
0
0
0.34
2.19
4.48
0.86
0
0.39
0.46
0.26
0
0.02
0
0.46
0.34
0
0.13
0.5
0.11
0.97
4.31
4.46
2.65
7.77
2.93
0.3
0.23
0
0.2
2.26
1.28
0
0.01
0.21
0
0.49
0.21
0
0
0.18
0.06
0.21
0
0
0.31
1.76
9.78
4.16
0.06
0
0
0.24
0.94
0.77
0.74
8.58
4.92
4.95
8.55
3.93
10.12
6.13
1.92
5.78
5.93
0.08
0.86
10.48
10.55
9.25
6.11
1.76
0.77
0.41
0
0
0
0.16
0
0.25
0
0.27
0
0.48
5.4
14.39
6.87
7.56
5.47
5.92
1.47
2.6
6.1
4.3
1.36
0.06
0
0
1.37
21.97
8.79
1.97
0.23
1.09
11.6
6.3
1.15
5.72
14.31
16.13
1.15
0
0.73
7.36
2.25
0
0
0.25
0
0.05
0
0
0.03
0
0
0.68
1.75
0.04
0.08
0.04
0
0
0.04
0
0
0.03
0.09
0
0
0.07
0
0
0
0.08
0
0
0
0.14
0
0
0
0
0.02
0.2
0.12
0.13
0.04
0.53
0
0.02
0.12
0
0
0.16
0
0.5
0
0.18
0
0
0.01
0
0.01
0
0.1
0.01
0
0.33
1.58
0.01
4.87
2.5
8.75
3.9
0
0
0.13
0
0
0.53
0.14
0.37
0.59
0.05
0
0
0.27
0
0.51
7.9
0.94
4.76
8.67
3.8
0.01
0.13
0
0.06
0
0
0
0.07
11.1
22.55
46.92
15.17
0.21
0
0
0.16
0
0.05
0.52
0.55
1.41
2.59
7.84
5.8
2.55
0.13
1.21
4.28
3.62
0.36
0.06
0
0.01
0
0.18
0.02
0
0.3
0.03
0.1
1.47
1.27
0.61
1.66
5.5
12.13
5.28
10.08
3.1
2.2
0.13
0
0
0
0.42
0
0.05
0
0
0
0
0.45
0.25
0.27
0.01
0
0.07
0
0
0
0.71
0
0
0
0.61
0.01
0
0
0.35
3.48
7.3
4.81
1.87
0.71
0.63
0
0
0
0.37
0
0.04
0.5
5.3
3.13
1.96
1.25
0.02
0
0
0.01
0.16
0.71
0.68
0.49
0.2
0.02
0
0
0
0.01
0.11
0.6
0.07
0.05
0.07
0.16
0
0
0
0
0
0.04
2.8
3.88
1.57
2.74
3.55
3.55
10.84
15.02
5.68
3.32
0.51
0
0.02
0
0.01
0
0.35
0.33
0.94
7.13
5.47
2.88
3.36
1.66
0
0
0
0
0
0
0
0.32
0.04
0.17
0.15
0.37
0
0.05
0.04
0.61
0.15
0
0
0
0.13
3.06
1.62
3.51
1.84
1.44
0.05
0.05
0
1.39
2.6
1.1
1.56
0.84
0.2
0.24
4.47
11.96
7.24
3.5
3.26
6.21
6.8
5.24
7.23
2.32
3.55
5.6
5.15
1.98
3.46
0.91
0.38
0.01
0
0.24
3.25
7.27
6.39
1.29
0.06
0.18
0.04
0
0.15
1.46
0
0
0
0
0
0.07
0
0
0
0.01
0
0
0.03
0
0
0.2
0.11
2.12
1.72
1.43
7.4
18.91
4.4
0.04
0
0
0
0.01
1.73
5.07
1.59
0.11
0.03
0
0.02
0.02
0
0
0.01
0
0
0.14
0.11
0
0.03
0.02
0.05
2.2
3.05
0.64
0.02
0.02
0
0
0
0.61
15.84
38.82
16.1
1.87
0.01
0.06
0.22
0.13
0.89
1.66
0.14
0.06
1.2
1.33
2.63
0.01
0
0
0.02
0
0
0.02
0
0
0
0.02
0
0
0.03
0.02
0
0
0
0
0.01
0
0
0
0
0
0
0
0.03
0
0
0
8.25
0.46
0
0
0.48
0
0
0
0
0
0
0
0
0
0
0.01
0.01
0.04
0.3
0.53
0
0
0
0
0
0
0.01
0.11
0.7
0.15
0
0
0
0
0
0.64
0.44
0.15
0.53
0.38
0.89
0.96
0.42
0.28
0
0
0
0
0
0
0
0
0
0
0
0
0
0.01
0.82
9.98
1.89
0.41
1.74
1.2
3.6
2.27
1.78
0.17
0.2
0.31
0
0
0
0
0
0
0
0
0
0
0
0
0
0
0
0.84
0.32
0.2
0
0.88
7.05
1.86
0.25
0
0
0
0
0
0
0
0.02
0
0.68
0.67
1.32
0.04
0.02
0.04
0
0
0.03
0
0.02
0
0.05
0.59
0.09
0.73
0.7
0.28
0.38
1.93
5.54
12.77
10.88
14.85
8.92
3.79
3.89
2.1
1.09
1.29
4.15
18.55
9.72
11.62
8.35
6.07
17.82
14.16
5.79
9.91
7.92
2.73
0.73
1.49
2.78
1.58
2.93
1.02
0.01
0
0.41
0
0.07
0.02
0.04
0.09
0.06
2.42
5.45
4.5
2.75
0.43
0.58
8.61
6.92
1.34
0.04
0.13
0.11
2.05
0.77
1.42
1.21
0.29
0.02
0
0.14
0.11
0
0
0.13
0.47
2.43
11.63
4.92
0.56
0.86
0.74
0.32
0.07
0.16
0.19
0
0
0
0
0
0
0.02
0
0
0
0
0
0
0.05
0.17
0
0.15
2.09
4.7
13.74
2.91
9.25
8.24
2.55
12.71
10.58
3.45
11.73
4.81
0.21
0.02
0
0.02
0.22
0.46
0.39
9.27
7.33
1.29
4.13
2.3
0.56
0
0
0.04
0.15
0
0.16
0
0.16
0.73
2.22
0
0.16
0.6
0.17
0.06
0.01
0.14
0.39
14.26
4.66
5.5
2.7
0.11
0.11
0
0.25
0.55
0.42
9.3
3.38
0.93
0.05
1.14
0.06
3.95
1.23
0
0.42
0.3
3.91
6.35
12.04
11.76
4.09
2.42
1.49
0.55
0
0.08
0
0.02
0.33
10.22
2.5
4.58
7.55
7.6
2.05
4.14
4.92
1.11
1.14
7.33
9.84
2.91
2.16
0.02
0
0.13
0.36
4.16
6.7
11
1.51
0.19
0
0
0.02
0.47
2.45
0
0.02
0
0.08
0
0.01
0
0.01
0.02
0.03
1.41
3.05
1.39
0.05
0
0
0
0
0
0
0
0.32
0.15
0.07
0.01
0.29
0
0
1.59
3.55
0
0
0.19
0.83
15.1
1.54
0
0
0
0.24
0.02
0.04
0.04
0.43
0
0
0
0
0.72
2.46
3.6
2.75
4.31
0.81
0.84
0.52
0.03
0.05
0
0
0
0
0.01
0.07
0
0.01
0.01
0.02
0
0
0.45
0.17
3.91
0.19
2.36
4.24
11.21
2.04
0.43
1.63
0.46
1.36
9.83
2.52
0
0.02
0.11
0.08
3.92
10.03
6
0
0
0.04
0.8
0
0.18
2.46
1.41
2.09
4.31
2.8
2.7
0.64
0.63
11.71
10.23
14.24
4.49
1.12
0.67
2.46
8.38
1.8
0.69
0.64
0.89
1.05
0.57
0
0
0.18
0.01
9.7
12.11
4.41
7.66
5.1
1.95
0
0.07
0.07
0.13
2.2
7.88
9.48
2.94
0.47
0
0
0.3
0.54
0.02
0
0
0.02
0
0
0
0.14
3.33
4.39
0.81
6.52
3.13
13.45
5.68
2.56
10.66
18.75
3.84
0
0
0
1.55
3.54
2.27
3.64
14.27
15.33
2.35
3.23
2.3
1.41
2.6
3.73
6.46
10.01
14.87
8.4
3.82
1.65
2.1
1.21
3.21
0.73
1.07
0.87
3.02
0.48
1.26
3.81
2.78
5.39
4.89
2.89
4.64
1.42
0.24
0.5
0.24
0.66
0.81
0.44
0
0
0.07
0.03
0.05
2.79
8.79
12.15
4.63
2.2
1.02
0.45
0.1
0.9
6.67
2.04
0.63
0.88
1.63
4.78
12.02
17.3
22.21
15.11
4.42
2.44
0.61
0.13
0
0.18
0.09
1.39
11.12
5.1
1.16
0.3
2.14
11.38
4.83
6.7
9.12
6.1
2
8.59
5.02
7.82
5.15
3.64
12.29
5.93
1.14
0.3
0.27
0
0
0.27
0
0
0
0
0
0.18
3.03
3.4
10.61
5.29
3.59
2.88
6.47
7.41
11.66
5.69
0.59
0.02
0.01
0
0
0.02
0.18
1.55
8.84
5.91
7.32
5.16
2.53
0.45
0.61
0.24
0.11
4.43
1.65
0.19
0.27
0.01
0.09
0.02
0.05
0
0
0
0
0
0
0
0
0
0.95
1.65
0
0.29
0.32
0.05
0.07
0.53
0.66
0.72
0.12
0.93
11.33
0.23
0.09
0
0.04
0.05
1.04
0.02
0
0
0.21
0.38
0.73
1.92
5.23
5.6
7.29
2.2
0.12
0.38
0
0.33
0
0.02
0.02
0.41
2.16
0.02
0.2
4.21
29.77
2.44
0.11
1.02
2.32
8.11
9.74
3.72
4.19
1.09
0.65
3.47
4.48
1.07
0.02
2.63
0
0.04
0.03
0.01
0
0.04
0
0.04
0
0
0.02
0
0.35
1.53
0.01
0.09
0.21
0
0
0
0
0.04
0
0
0
0
0.02
0.12
0
11.08
4.5
0.67
0.01
0
1.48
0.95
0.04
0
0.02
0.03
0.04
0.68
2.63
4.55
0.46
0
0
0
0.01
0.02
0
0
0
0
0.58
0
0
0
0
0
0.02
0
2.62
0.95
0
0.01
0.01
0
0
0
0
0.01
0
0.02
0.03
0
0
0
0.02
0
0
0
0
0.01
0.01
0
0
0
0.02
0.58
4.78
2.67
1.46
6.81
3.3
0.01
0.01
0.3
1.43
0.73
0.94
7.5
2.26
0.02
0.05
3.54
2.52
6.84
22.97
20.37
18.68
15.25
3.42
2.04
0.95
1.3
0.55
0.16
5.86
12.31
7.13
0.48
1.51
0.05
2.93
11.29
8.36
12
14.87
13.31
10.97
4.66
3.84
13.32
17.55
15.7
7.57
2.2
4.13
1.53
3.73
6.48
2.26
0
0
0.03
1.54
5.06
3.72
2.38
0
0
0.2
0.74
0.57
0.36
0.01
2.92
13.13
8.52
0.77
0
0.02
0.01
0.09
0.66
0
0.22
2.11
0.49
0.56
2.28
5.61
6.06
12.36
1.63
0.13
0.86
0.36
1.53
3.56
2.88
1.48
0.15
0.45
0.02
2.23
1.51
0.14
0.17
0.41
0.1
0.64
2.65
7.62
3.71
3.1
2.5
5.18
1.4
2.89
5.98
1.91
0.23
1.15
0.51
1.14
2.16
1.35
0.48
0
0
0.08
0.46
0.12
0
0.63
2.22
2.18
4.46
4.22
2.56
3.21
2.34
0.52
0
1.02
0.9
0.08
0.98
0.09
0.02
0
0.24
0.01
0.01
0
0.39
0
0.01
0
0.01
0.35
0
0
0
0.14
0.88
5.3
3.29
0
0.01
0.24
0.34
0.02
0
0.09
0
0
0
0
0
0
0
0
0
0.02
0
0
0
0
0
0
0
0
0.06
0.73
0.63
0.07
1.25
0.98
0
0
0.14
0
0
0
0
0
0
0.02
0
0.01
1.4
11.51
10.78
6.61
4.87
4.81
0
0.06
0
0.4
1.04
6.39
4.61
3.87
0
0.61
2.35
7.53
4.68
0.03
0.03
0
2.56
3.54
2.73
0.19
0
0
0.06
0.54
3.19
0.88
0
0
0
0
0.01
0
0
0
0.21
0
0.14
0
0
0.01
0
0.02
1.53
3.91
2.52
1.15
3.23
8
4.91
16.18
4.89
6.05
3.55
0.01
0.01
0
0.3
0.37
0
0
0.13
0
0.79
0
0.03
1.55
0.14
1.7
1.05
0
0.59
3.73
0.79
0.13
2.22
6.32
3.88
0.56
1.71
0
0.01
0.93
0.01
0
0.03
0
0
0
0
0
0.02
0
0
0
0
0
0
0.12
0.01
0.01
0
0.07
0.3
0
0
1.34
1.04
1.34
0
0.25
7.02
10.2
5.84
10.01
0
0
0
0.02
0
0
0.46
0.35
0
0.17
4.35
4.08
0
0
0
0.02
0.04
0
0
0.24
0
0
0.03
0.03
0.01
0
0
0
0
2.45
5.68
13.69
5.04
0.86
0
0.28
0.3
0
2.15
0.32
0.01
0.01
0.52
0.27
0.09
2.71
33.51
12.69
1.39
0
0
0
0
0
0.13
3
18.7
11.39
2.38
0.39
0.12
0.62
0
2.27
8.63
3.58
0
0
0.07
0
0.27
0.7
3.39
9.96
3.28
0.18
0.14
0.01
0.02
0
0.27
0
0
0.13
2.11
0.55
0.21
8.39
3.55
1.87
1.61
1.58
0.24
0.23
0.21
0.2
0.13
1.35
3.16
3.55
10.09
6.17
3.03
4.94
13.34
6.21
8.43
0.73
4.08
19.44
18.36
16.66
6.1
7.97
11.98
11.18
11.98
30.43
7.15
0.14
0
0.46
0.73
0.13
0.15
0
0.76
0.52
0.56
1.05
0.39
0
0
0
0
0
0.54
0.23
0
0
0.15
2.52
2.98
6.34
9.48
7.63
2.44
1.79
5.05
8.82
8.14
4.29
11.25
7.43
1.5
0.27
0.03
0.29
0.54
1.61
2.92
2.36
2.5
2.47
6.34
3.68
0.98
7
8.03
2.2
0
0.01
0.01
0
0
0
0
0.01
0
0
0
0
0
0.1
0.07
0
0.01
0.27
0.88
3.7
0.09
0
0
0
0
0.25
0.09
0.09
0
0
0
0
0
0.01
2.44
7.54
8.08
7.37
10.01
4.13
2.86
9.83
8.94
5.26
2.05
0.66
4.82
8.87
6.34
3.37
1.9
1.7
0.11
0.05
0
0
1.23
3.37
2.7
0.35
0
0
3.85
17.5
6.58
0.59
0.32
0.66
0.09
0.02
0.18
0
0
1.57
0.13
0
0.09
0.14
0.57
0.3
0.64
0.03
0.32
1.04
0.52
1.22
6.2
7.56
2.24
0.63
1.09
2.84
0.39
2.07
10.4
3.76
1.61
0.31
0.6
3.48
3.65
3.8
0
0.09
0
0
0.01
0
0.05
0.01
0.12
2.27
1.03
0.55
0.05
0
0
2.4
7.02
5.16
0
0
0.04
0.02
4.5
21
19.71
6.85
3.17
6.37
8.76
4.01
0.11
0.02
0.48
0.52
0
0.05
0.46
0
0
0
0.97
11.08
7.8
2.42
0.34
0.02
0
0
0
0
0
0
0.1
0
0.64
3.45
4.18
3.04
0
0
0
0.04
0
0
0
0
0
0
0
0
0
0
0
0
0
0
0
0
0
0
0
0
0
0
0
0
0.04
0.09
0
0
0.02
0.41
0.11
0
0
0
0
0
0
0.07
0.03
0
0.02
0
0
0
0
0
0
0
0
0
0.01
0.02
0.27
0
0.5
0.41
0.02
0.01
0.01
0
0
0
0
0
0
0
0
0
0.04
0.19
0
0
1.3
1.11
0.08
0.05
0.2
1.95
1.65
4.04
0.23
0.15
1.46
6.54
11.61
11.38
4.58
1.71
1.75
0
0
0
0.77
0.23
0
0
0
0.22
0.51
2.26
3.54
7.55
11.66
11.34
4.11
4.18
3.76
1.77
0.38
0.3
0.6
0
0.18
0.62
3.63
5.57
2.04
0.12
0.04
0.02
0.02
0.04
2.71
7.14
7.38
5.66
3.08
0.78
0.81
1.48
1.26
1.24
2.36
1.64
0.32
0.28
0.02
0.3
0.82
1.09
1.91
3.3
1.28
0.03
0
0.01
0
0.02
0
0
0
0
0.03
0.01
0.1
0.01
0.03
0
0
0
0.02
0.55
0.94
0.84
0.42
0.03
0.02
0.04
0.04
0.01
0
0
0
0.18
0.17
0.69
4.43
16.52
24.91
20.32
12.59
3.72
9.4
9.53
4.6
3.87
8.8
6.2
3.88
3.74
4.34
5.04
2
0.8
3.46
2.93
1.87
1.48
3.44
5.29
2.45
5.09
1.17
0.43
0
0
0.01
0
0
0.01
0.02
0
1.55
4.23
2.48
2.45
1.77
1.14
6.83
4.55
4.55
12.76
14.04
5.35
1.38
2.1
8.61
17.7
5.58
1.13
3.79
4.7
2.18
0.35
0.77
0.8
1.04
0.68
0.74
0.67
1.54
1.73
0.58
0.41
0.02
0
0
0.2
0.63
2.12
4.15
6.68
4.88
0.54
0
0.79
1.8
0.2
0
0.76
0.14
0.02
0.02
0
0.13
0.01
0
0
0
0.13
0.01
0
0
0
0.92
3.77
1.3
0
4.87
28.56
25.74
8.29
6.28
9.46
5.52
2.87
0.61
1.05
8.74
4.89
0.5
0.02
0.01
0
0
0
0
0.54
0
0.2
0.42
0
0
0
0.16
0
1.27
0
0
0
0.02
0
0
0
0
0
0.01
0
0
0
0
0
0
0
0
0.2
0.14
1.3
0.89
1.67
1.09
2.18
0.77
4.86
5.71
6.14
9.66
5.01
2.23
0
0.34
1.66
0
0
0
0
0.2
0
0.02
0
0
0
0.54
0.12
0
1.43
0
1.9
6.41
3.55
2.97
0.53
0.21
0
0
0
0
10.75
0
0
0
0
0.97
0
0.01
0
0
0.01
0
0.79
0
0.01
0.07
0
0.02
0.61
1.46
7.37
7.28
7.77
2.7
2.53
1.09
0.12
0.92
0.05
0
0
0.2
0.06
0.18
0
0
0
0.07
0
0
0
0.01
0
0.02
0
0
0
0
0
0
0
0
0
0.27
0
0.64
0
0
0.57
2.25
0.33
2.27
0.13
0
0
0.13
0.09
0.95
0.16
3.21
5.43
5.11
4.68
8.87
1.27
0
0
0
0.18
0.06
0.57
1.46
0
0
0
0
0
0.16
0.08
0
0
0.36
0
0.01
0.01
0.04
0.01
0
0
0.05
0.04
0.01
0
0.27
0
0.05
0
0.04
0.02
0
0.1
0
0.16
0.05
0
0.86
7.86
10.21
5.83
11.02
16.6
9.43
6.13
10.27
6.43
3.05
2.3
5.18
1.98
9.23
15.58
18.26
19.94
12.85
5.6
0
0.16
0
0
0.01
0.4
0.38
1.39
4.66
2.99
1.93
0.84
2.22
0.85
5.28
9.39
6.68
3.97
1.92
7.32
2.75
0.27
1.47
5.68
5.86
1.16
6.73
8.66
3.68
1.85
2.62
3.76
1.2
0
0.05
0
0.41
0.07
0.04
0.18
0.01
0.19
0.01
0.02
0.02
0.09
0.02
0
0
0.01
0
0.01
0.02
0.01
0
0.33
1
1.34
0.89
0.03
0.04
0.02
0.03
0
0
0
0.01
0.05
0.02
0.01
0
0
0
0.06
0.02
0
0
0
0
0
0
0.01
0.25
0
0.01
0.04
0.15
0.38
2.94
12.58
14
14.27
9.77
15.34
4.45
0.19
3.39
7.46
21.46
21.03
7.07
3.52
4.45
3.14
0
1.97
5.09
1.73
0.43
0.43
0.59
1.3
0
2.45
3.46
5.09
3.66
2.98
1.31
0.5
0.34
0.3
0
1.41
2.48
1.35
0.69
1.15
1.52
0.74
0.44
0.81
3.3
3.64
1.74
4.15
3.51
0.58
0.78
0.36
0.84
0.41
0.13
0.11
0
0.62
1.38
0
0
0
1.5
10.29
7.58
2.93
0.81
0.05
0
0
0
0.02
0.01
0
0.05
0
0
0.01
0
0
0.01
0
0
0
0
0.01
0.02
0.01
0
0
0
0.02
0
0
0.03
0.05
0.31
2.08
3.12
1.9
0.7
0.05
0
0.3
0.29
0.5
1.43
3.7
8.01
8.22
1.49
0.55
0.92
0.27
0
0
0
0
0.01
0
0
0
0.01
0.07
0.44
0.88
5.61
13.08
10.45
20.51
4
2.92
2.66
4.72
6.95
0.07
2.55
0.05
0.58
0
2.39
0.04
0.02
0.17
0.05
0
0
0
0
0
0.17
0.11
0
0
0.29
0.68
0.34
4.51
0.07
0.4
1.51
1.89
1.63
0
0.5
0
0.04
0.13
0
0.48
0
0
0.39
0.2
1.41
0
0
0
0
0
0
0
0.01
0.02
0.48
0
0
0
0
0
0
0
0
0
0
0
0
0.37
0.41
0.06
0.18
0
0.02
0.03
0.2
0
0
0
0
0
0.31
0.36
0.4
0.02
0.03
0
0
0
0.01
0.02
0.07
0.01
0
0
0.01
0.06
0.59
1.09
1.78
23.09
4.89
3.63
0
0.68
0.97
0.94
0.24
0
0
3.08
3.5
9.2
0.39
5.23
1.24
0
0
0
0
0
0
1.16
3.06
0.12
0
0
0
0
0
0.01
0
0
0.04
0.11
2.03
12.28
18.18
0.86
0
0.01
0.01
0.14
0.1
0
0.01
0.11
0
0.15
0.21
0.01
0.03
0.06
0
0.03
0.46
0.03
0.01
0
0.3
2.37
0.3
0.01
0.7
0.06
0.11
0.03
0.07
0
0
0
0.16
1.56
0.23
0
0.12
1.72
1.36
6.13
7.32
1.12
1.09
1.74
3.09
1.38
7.55
1.66
0
2.24
4.88
0.99
0.36
0.08
0
9.24
1.08
0.34
0.03
0
0.01
0
0.75
0.44
0.55
1.55
0.61
0.15
0.29
0
0.24
1.75
4.6
2.84
0.9
0.15
0.04
0.22
0
0.03
1.23
12.07
3.34
7.24
7.44
0.85
0.25
0.47
0
0
0
0.01
0
0.02
0
0.41
0.8
1.2
0.16
0.4
0.35
0.1
2.5
6.75
1.64
2.36
9
13.27
4.59
4.38
16.22
5.35
1.39
6.23
5.96
7.02
2.57
3.37
1.49
0
0.15
0
2.23
10.99
13.02
16.29
5.88
6.31
2.84
0.8
0.41
0.4
0.02
0
0.01
0.02
0.02
0.01
0.01
0.01
0
0.01
0
0
0
1.8
0.88
0.14
6.52
2.53
0
0
0.11
0
0.01
0.01
0
0
0.01
0
0
0
0
0
0
0
0
0
0
0.01
0
0.01
0
0
0.16
2.09
1.96
0.07
0.01
0
0
0
0
0
0.03
0.03
0
0
0.16
0.6
1.28
6.89
5.58
0
0.02
0
0.01
0
0.66
0.84
1.19
0
0.15
4.07
1.96
0.15
0
0
0
0
0.29
0.57
0
0.04
0
0.01
0
0.03
0.03
0
0.02
0
0.01
0
0
0
0
0
0
0.02
0
0.15
0.63
0.19
0.38
0.28
0
0.03
0.01
0.14
0
0
0
0
0.02
0
0
0
0
0
0
0
0
0
0.07
0
0
0
0
0
0.02
0.43
1.81
0.38
0
0
0.01
0
0
0
0
0.02
0
0.01
0
0
0
0.02
0
0
0
0
1.25
8.58
0
0
0.27
0.96
0
0
0
0
0
0
0
0
0.86
1
0.09
0
0
0
0
0
0
0.01
0
0
0
0
0
0
0
0
0
0.01
0.04
0
0.04
1.1
1.97
26.7
7.46
8.2
2.61
7.86
20.6
2.28
0
0.41
0.55
25.38
6.97
3.17
0.43
28.99
5
6.48
0
0.05
0
3.34
0.05
0.14
0.87
3.57
1.84
2.76
0.08
0.04
0.23
3.44
1.74
0.2
0.5
3.67
5.66
0.32
0.3
0
0
2.13
22.8
28.37
6.72
0.2
0.51
0
0.85
7.32
1.21
1.06
0.54
0.02
6.69
6.45
6.19
1.12
7.63
0
0.16
0
0.15
0.02
0
0.23
1.13
2.75
0.1
0.45
3.06
1.93
0.67
0.07
3.68
28.13
8.91
1.02
0
0.02
0
0.01
0.6
2.23
1.65
0.24
0.04
0.63
1.77
0.08
1.05
3.27
4.72
1.17
7.5
3.89
6.41
2.07
0.02
0.01
0.51
0.11
0.43
1.1
0.68
1.1
1.27
2.68
2.13
1.68
5.41
7.62
1.36
6.52
3.29
12.49
8.08
16.25
25.48
12.63
5.2
3.27
2.04
2.5
2.53
0.46
0.26
0.35
2.25
0.27
0
0.14
0.16
0.06
0
0.16
0
0.14
0
1.73
6.25
7.88
14.08
8.72
1.84
8.96
5.18
0
5.43
5
7.17
4.92
0.86
0
0.06
0.02
0.15
15.9
4.31
0.02
0.48
0.73
0.32
0
0
0
0
0.01
0.01
0
0
0
0
0
0
0
0
0.01
0.23
0
0
0
0
0
0
0.01
0.01
0.01
0.06
3.51
4.56
2.79
0.88
0.29
0.66
1.27
0.55
10.25
5.34
7.53
4.4
5.43
3.32
15.18
20.21
7.31
0.51
0.03
0.45
0
0
0
6.09
3.94
0.34
0.02
3.66
0.7
0
0
0.3
0.63
0.84
0
0.17
0
0
0.18
0.01
0.35
3.32
3.25
0
0
0.39
4.17
2.37
5.59
0
0.02
0
0
1.22
0
2.54
0.36
0.31
2.07
7.96
4.19
0.62
2.19
0.73
6.42
28.58
2.29
0.67
4.34
15.27
4.48
0
0.01
0.03
6.64
2.51
0
0
0
0
0.02
0
0.02
0
0
0
0
0
0
0
0
0.01
0.6
5.89
1.63
0.01
0
0.01
0
0
0.01
0.06
0
0
0.02
0
0
0
0.05
0
0
0
0
0
0
0
0
0.34
0.4
0
0
0
0.01
0
0
0.01
0
0
0
0
0.01
0.01
0
0
0
0.01
0.19
0
0
0
0
0
0
0
0.21
0
0
0.01
0
0.01
1.14
0.25
0
0
0
0
0
0
0
0
0
0
0
0
0
2.2
5.3
13.51
2.74
0
0
0
0
0
0
0.02
0
0.29
1.96
1.46
20.57
10.18
1
0
0.45
1.26
8.63
6.84
0
1.8
4.2
5.28
1.2
0
0.01
0
14.38
11.32
8.98
2.74
0.41
3.29
0.7
3.46
0.85
0.49
0
9.68
7.2
0.59
0.59
0.01
0.02
0.06
0
0
1.64
0.37
2.2
12.19
9.77
9.6
8.11
3.02
0.45
0
0.03
0.05
0.54
0.05
0
0.52
0.32
0.05
0.14
0
0.01
0.01
0.12
0
0.01
0
0.03
0.04
1.17
5.36
1.59
0.59
0.02
0
0.04
0
0
0
0
0
0.16
0
0.01
0.02
0
0
0
0.01
0
0
0
0
0
0
0
0.01
0.01
0
0
0.01
0
0
0.01
0.13
0.32
0.43
0.77
3.05
12.47
13.88
3.07
0
0
1.48
0.1
0
0
0.19
3.06
2
8.74
2.09
2.3
0.29
0
0.51
0
0
0.01
0.04
0.02
0
0
0
0.04
0
0.5
0
0
0
0.01
5.22
1.06
2.94
5.04
12.38
18.12
14.61
3.63
0.05
1.01
0.02
0
0
0.13
0.95
0.58
0.2
0
0
0
0.03
0.21
2.71
2.5
0.29
14.85
2.55
0
0
0
0
0.01
0
0
0.02
0.02
0
0
0.01
0
0
0
0
0
0.21
9.54
1.13
0
0
0
0
0
0.01
0
0
3.39
8.04
6.74
3.7
0.28
3.02
2.3
10.32
3.14
2.45
0.91
0.02
0.83
0.18
0.44
0
0.05
0.02
0
0.09
0
0
0.04
0.02
0.73
0.02
0
0.99
4.17
1.07
0.52
0.85
4.58
5.07
2.11
1.59
2.35
3.14
1.22
2.39
0.46
0.95
0.05
0
0.02
0
0.01
0.01
0
0
0
0
0
0
0
0
0.08
2.26
2.86
3.27
8.3
5.01
0.34
0.26
0
0.43
0.01
0.37
1.86
0
0.5
0.37
1.44
1.25
0.05
0
0
0
0.01
0
0
0
0.01
0
0.11
0
0
0
0
0
0
0
0
0
0.01
0.66
0.09
0.21
0
0.01
0.02
0
0
0
0
0
0
0
0
0
0
0.03
0.05
0
0.01
0
0
0
0.14
0.12
0.04
0
0
0.1
0.01
0
0
0
0
0.02
0.01
0
0
0
0
0
0.02
0
0
0.03
0
0
0.02
0.08
0
0
0.01
0
2.45
3.46
0.36
0.04
0
0.15
0.3
0.06
0
0.01
0
0
0
0
0
0.01
0
0
0.12
0.12
0
0
0
0
0
0.01
0
0
0
0
0
0
0
0
0
0
0
0
0
0
0.52
3.89
0.39
0
0
0.01
0
0
0.02
1.69
1.73
8.49
0.77
0.1
0
0.01
0.02
0
0
0.22
0.3
6.09
1.42
4.91
0.64
0.51
8.73
8.13
0.96
0.04
0
0.03
0.48
7.77
27.71
26.71
18.36
4.03
0.12
0.5
0.43
0
0.04
1.07
3.84
5.69
0.52
0.3
0
1.36
0.27
0
0.02
0
0
0
0.02
0.16
0.63
0.15
0
0.01
0
0
0.01
0.47
0.49
0.01
0.11
0.21
0
0
0.09
1.85
0.14
0.08
0
0
0.21
0
0
0.32
0
0.02
0
0
0.01
0
0
0
0.02
0
0
0
0
0.01
0
0
0
0
0
0
0
0
0
0
0
0
0.49
0.23
0.16
0
0.05
0
0.16
0.23
2.6
4.63
7.07
7.33
1.5
1.3
4.51
3.11
7.68
7.71
1.73
0.66
0.36
7.32
2.89
6.92
17.82
4.18
2.31
4.77
8.33
3.89
0.77
3
2.11
5.09
0.91
0.72
6.85
3.08
0.03
0.89
10.65
3.47
0.72
0
0
0
0
0.02
0.92
0.01
0.04
5.41
3.5
0.6
0
0.18
1.23
7.11
2.18
0.9
5.85
12.96
1.91
0.75
0
0.02
0.02
1.97
5.92
0.41
0
0
0.55
0.61
0.58
4.16
14.39
3.01
0.23
1.28
0.02
0
0.23
5.59
3.61
9.89
2.26
0
0.28
0.05
0
1.05
0.77
0.09
0.04
0
0.13
3.86
14.38
0.71
0.79
4.69
3.46
0.02
0
0.01
0.06
0
0
0
0
0.49
5.3
1.93
0.75
0.04
1.09
4.87
2.23
0.18
0.64
2.05
0.5
0.02
0
0.02
0.76
2.08
0.79
0
0
0.42
0
0
0
0
0
0.12
4.16
0.61
0.02
1.5
1.05
0.16
0
0.03
0
0.03
0
0
0
0.02
0
0
0
0.01
0.01
0
0
0
0
0.21
2.62
0
0
0
0
0
0
0
0
0
0
0
0
0
0
0
0
0
0
0.02
0.01
0.01
0
0
0
0
0.07
8.49
0.44
0.18
0.01
0.07
0.01
0
0
1.06
0
0
0
0
0
0.12
0.05
4.61
0
0
0
0
0.02
0
1.38
6.69
1.38
0
0
3.97
1.1
0.07
0
0.01
0
0
0
0
0
0.13
2.5
2.45
3.92
0.66
2.09
3.93
0.67
0
0
0
0.11
0
0
0
0
0
0.46
0.02
0
0
0
0
0
0
0
0.04
0
0
0.01
0
0
0
0
0
0
0
0
0
0
0.11
0
0.02
0
0.03
0.02
0
0
0
0.17
7.19
8.13
7.5
3.58
0.73
6.82
1.02
9.73
2.38
0.27
0.26
0.14
0.14
5.99
2.04
14.32
0.19
0.04
0
0
0.49
0.02
0.16
0.2
0
0.02
0
12.18
2.23
2.75
0.72
0.64
4.84
0.02
0
0.5
1.59
5.27
1.21
0
0.98
0.25
0.21
14.2
1.84
8.21
8.36
9.2
3.9
0.19
0.59
0.54
0.5
0
0.06
0.05
0.26
0.34
0
0.01
0
0
0
0.05
0
0.1
0.26
2.86
0.77
0.36
10.09
1.49
5.41
4.9
10.77
4.34
6.05
0.38
0.91
0.26
0.2
0.67
0.01
0.04
0.01
0
0
0
0.02
0.27
2.16
1.56
0.45
0
10.57
4.33
0.42
0.05
0
0
0
0
0.31
0
0
0.8
4.08
1.83
1.08
6.61
10.39
4.45
1.84
7.52
24.11
3.82
1.39
0.35
1.08
7.09
19.66
4.48
8.99
6.27
4.35
0.99
0.5
1.37
0.05
2
0
1.62
22.75
24.93
6.89
7.85
29.19
4.68
3.5
0.3
0.05
6.02
1.17
0.47
0.07
0.13
0.13
0.01
0
0.04
0
0
0.89
9.79
0.87
0.19
0
1.42
3.99
1.22
0.2
0
0
0
0.26
0
0
0.32
0.05
0.01
0.54
0
0.56
0.2
0
1.98
8.48
7.45
45.65
18.56
2.35
0.51
1.64
3.97
4.12
2.9
0.94
0.59
1.56
8.57
0.62
1.31
0.07
0
0.33
0
0
0
1.02
12.91
0
0.19
0.01
0.25
0.35
1.27
2.25
0.33
5.33
6.15
0.34
0.31
0.14
0
0
0
0
0
0
0
8.66
6.33
13.12
4.41
5.37
3.35
1.06
0.12
0.11
0
0
0
0.01
0.05
0.72
1.14
0.26
0
0.04
0
0.05
0
0.01
0
21.21
5
0.18
0.35
0
0
0
0
0.23
0
0.04
0.23
0
0
0
0
0
0
0
0
0.04
0
0.02
0
0.02
0
0
0
0.01
0
0
0
0.02
0
0.09
0.02
0
0
0
0
0
0
0.02
0.04
0
0
0
0
0
0.29
0.02
0
0
0
0.01
0.34
0.09
0.01
0
9.04
11.43
27.99
7.16
7.89
1.61
0.48
0.69
0.89
0.57
2.5
0.27
0.46
7.45
14.6
2.4
1.84
1.14
0.53
0.88
0.23
0.01
0
0
0
0.01
0
0.02
0.25
0.04
0.34
4.73
0.11
0.12
0
2.93
8.73
2.3
0.12
0
0.01
0
0
1.93
6.37
0.85
0.02
0.13
16.91
5.72
11.26
1.38
0.12
0.05
0
0.01
0.05
0.01
3.08
0.02
0.01
0
0
0
0
0.05
0
0.11
0.13
1.1
0.45
0
1.65
21.05
27.1
3.42
0.7
0
0.02
0
0.59
0
2.1
3.49
12.91
1.97
13.79
1.28
0.05
0.13
0.93
0.23
0.01
0.15
0
0.12
0.04
0.1
0.09
0.04
0
0.01
0
0
0
0
0.29
0
0.84
4.27
1.47
0
0
0
0
0.22
3.11
10.83
9.59
2.87
4.57
7.28
2.88
5.45
2.01
17.34
16.06
8.26
4.21
4.46
15.89
15.1
13.84
16.79
20.54
4.24
3.7
6.75
2.06
1.64
1.44
2.11
1.41
4.12
0.18
0.39
0.5
1.07
7.33
1.23
0.27
0.78
1.44
0.15
2.2
1.98
0.12
0.34
3.05
0.05
8.1
0.7
0
0
0
0.34
3.68
1.91
0.23
0.5
0.17
0.11
0
0
0
0.05
0
0
0.2
0
0.04
0.03
0
0
0
0
0
0
0
0
0
0.22
0.08
0
0.15
1.5
1.56
0.12
0.05
0
0
0.04
0
1.8
8.95
1.58
0.38
3.7
1.07
2.56
0.29
0.01
0.59
1.96
5.64
0.47
0
0
0
0.61
2.18
0.8
0.05
0.16
0.31
0.64
0.23
0
0
0
0.27
0
0
0
0
0
0.42
0.77
0.17
0
0.06
0.44
0
0
0.08
0
0
2.21
2.81
4.56
2.76
5.64
0.76
1.3
3.31
2.63
0.34
3.96
0.65
0
0
0
0
0
0
0
0.22
0
0.05
0.01
0
0
0
0
0
0
0
0
0
3.86
2.3
12.73
6.33
0.17
1.32
3.58
0.65
0.02
0
0.02
0.44
0.81
0
0.01
0
0.03
4.18
0.77
0
0
0
0
0
0
0
0.01
0
0.02
0
0
0.15
0
0.01
0
0
0
0.04
0.01
0
0
0
0
0.02
0.39
0
0
0
0
0
0
0
0.3
0.14
0.66
16.89
11.9
1.59
4.59
2
0
0
0
0
0
0
0
0
0
0
0
0
0
0
0
0
0
0
0.01
0
0
0
0.01
0.02
0.09
0.03
0.01
0
0
0
0.02
0
0
0
0
0
0
0
0
0
0
0
0
0
0
0
0
0
0
0
0
0
0
0
0.11
0.04
0
0
0
0
0
0.07
0
0
0.71
4.73
1.78
1.23
2.31
0.32
0.17
0.01
0
0
0
0
0
0
0
0
0
0
0
0
0
0
0
0
0
0
0
0
0.01
0
0.23
4.18
0.95
0
0
0
11.96
5.09
1.47
0.21
0.13
0.85
3.42
1.42
10.11
0
0
0.13
3.34
0.33
0.17
0.17
1.8
1.57
0.38
0
0.01
0
0
0.07
0.04
0.13
7.89
1.48
0.22
0.24
0.41
0.01
0
0
0
0
0
0
0
0.21
0.34
0.16
0.2
2.55
3.61
2.06
7.33
2.94
2.18
0.22
0.01
0.04
0
1.45
0.69
0.03
0.02
1.08
0.02
0
3.25
1.13
1.99
0.5
0.1
0.54
8.7
5.05
18.61
8.92
1.35
5.59
4.06
2.25
1.84
1.27
0
0
4.13
2.44
0.63
0
0
0.07
0
0
0
0.01
0.54
14.83
1.98
0.08
0
0
0.19
4.52
0.11
0.03
0
0
0
0.16
0
0
0
0
0
0
0
0
0
0
0
0.01
0
3.14
15.5
2.41
1.09
0.15
2.76
0.27
1.62
0.34
2.35
7.4
15.07
13.95
6.24
1.87
0.01
0.03
0
0
0
0
0.04
0.7
3.99
1.92
8.93
11.36
7.57
8.25
2.8
11.92
8.32
0.91
4.13
1.31
0.4
0.24
4.11
1.17
0.04
0
0
0
0.01
0.01
1.11
40.56
3.15
1.21
0.23
0.39
1.03
5.98
2.02
7.14
18.92
1.61
0.75
0.85
1.73
16.02
9.3
2.42
0.26
0.64
8.3
13.31
5.03
3.2
6.11
11.44
7.43
12.62
1.69
1.2
2.32
7.96
3.45
16.82
8.49
3.76
0.4
0.18
0.21
0.05
0
0.5
0.94
9.77
18.09
0.28
3.98
1.4
11.94
2.85
4.05
0.47
0
3.93
0.25
0
0.02
0
0.2
0
0
0
0.09
0.09
3.43
0
0.08
0.01
0
0
0
0.19
9.81
3.44
3.44
0.26
0
0.01
0.01
0
0
0
1.1
1.44
0.89
0.02
11.2
1.12
0.01
0
0
0
0
0.01
0
0.35
2.57
0.66
0.22
0.01
0.08
0
0
0
0
0
0
0
0.45
0.08
0
0
0.1
11.46
3.17
0
0.09
0
0
0
0
0
0
0
0.05
0
0
0
0
0.06
4.91
0.15
0
0
0
0
0
0.38
0.75
0
6.16
0.08
0.02
0
0.23
0.65
3.67
0.18
0.55
0.02
0
0.02
0.13
0.17
1.31
0.58
0.76
0.06
0
0.21
0
0
0
0
0
0
0
0.02
0.8
1.24
20.4
5
0.31
2.39
1.93
1.04
0
0
0.09
0
0.12
0
0
0
0.42
0
0.07
0.02
7.05
0.02
0.04
0.04
0.68
0.08
0
0.01
0
0.63
1.03
9.89
1.49
1.07
0.18
0.24
0.48
0.02
0
0
0
0
0
0.09
0.03
0
0.01
0.07
0.04
0.42
0.14
0.01
0.13
1.84
1.41
0.03
0.28
8.58
1.2
0.64
0.98
4.41
0.39
0
0.01
0.01
0
0.05
0.01
0.02
0
0.3
0
0
0
0
0
1.1
5.5
8.47
1.36
1.48
2.56
8.57
15.4
3.32
0.64
14.53
0.98
0.41
0.11
0.7
0.95
0.91
7.55
2.37
0.22
2.23
1.59
3.78
9.29
8.78
9.98
2.47
0.34
0.97
9.2
0.33
0
0.02
0.24
0.02
0.02
0.01
0.02
0.02
0.22
8.92
8.7
11.75
14.21
8.61
8.64
6.09
3.24
0.17
8.59
3.07
14.26
0
0.54
0.8
0.57
1.01
2.24
1.27
0.8
0.37
0.48
0.6
0.23
0.02
0
1.07
1.05
0.24
0.3
4.14
1.29
6.34
14.88
0.55
1.45
5.25
0.68
0.08
0.3
1.28
2.19
1.45
12.63
0.6
2.48
0.5
0
1.75
0.08
0.04
0
0
0
0.02
0
0
0
0.19
0
0.2
0
0
0
0
0.02
0
0.6
0.01
0.93
0.32
0.03
0.02
0
0.01
0
0
0
0
0.04
0.07
0.1
0
0.13
0.22
0.05
0.42
0.13
0.01
0.2
2.65
3.35
3.34
1.6
0
3.25
2.74
1.38
0.81
0
0
0.21
1.67
1.57
4.27
1.22
0.02
0.04
0.71
1.1
0.01
0.06
0.3
0
0
0
0
0
0
0.02
0.13
4.18
0.81
0
2.27
1
0.22
0.07
0
0.35
0.05
0.86
0.16
2.78
9.36
6.28
0.18
0.37
0.19
0.64
1.67
0.94
0.85
0
0
0
1.34
0.12
0.02
0.02
0.18
0
0
0
0
0.18
0
0.18
0
0
0.01
0
0
0
0.01
0
0
0
0
0.02
0.01
0.02
0
0
0
0
1.05
0.66
0.12
34.54
0.42
0
0
0.04
1.26
0
0.01
0.57
0.57
0.07
0
0
0
2.04
0
0.04
0
0
0
0.01
0
0
0
0
0
0
0.11
0.02
0
0
0.06
0.05
0.36
8.73
0
0
10
5.48
18.19
5.28
4.13
0.4
2.23
0
0
0.29
0
0.05
0
0
0
0
0.71
29.3
49.68
32.39
0.16
0.01
0.05
6.47
0
0
1.1
7.83
5.5
1.64
0.45
1.75
6.02
4.89
4.07
0.61
0.14
3.29
3.32
20.27
0.08
0.45
0.39
0.65
5.86
4.34
14.54
2.15
0
0.02
0.22
0.8
2.09
11.7
2.41
0.32
0
0.36
6.64
1.95
14.04
45.76
24.17
1.79
9.24
1.87
0.19
2.38
0.48
0.05
0
0
0.01
0.02
0
2.45
0.17
3.47
5.9
0.68
0.46
0
0.13
0.38
0.13
0.05
1.04
3.75
3.48
0.41
7.46
3.42
0.19
0.06
0.43
3.83
5.22
0.2
0.52
0
0
0
0
0.03
0.02
0
0
0
0
0.01
0
0
0
3
7.96
10.93
1.02
0.11
0.01
0.02
0.01
0
0
0
0
0
0
0
0
0
0.03
2.77
9.43
5.09
0.1
13.14
3.76
0.14
3.34
4.59
3.23
0.38
0.02
0.15
0
0
0
0
0
0
0.07
0.91
0.03
0.02
0
0
0
0
0
0.15
0
0.02
0.08
0.11
2.18
0.15
0.28
0
0.01
0
0
0.01
0.01
0
0
0
0
0.01
0
0
0
0.01
0
0
0
0
0.01
0
0.01
0
0
0
0
0.02
0.06
0.04
0.01
0
0
0.64
1.47
0.43
3
0.91
0.05
3.45
5.28
0.01
0
0
0
0
0
0.01
0
0
0
5.77
2.77
0.22
0
0
0.01
0.05
0
0
0.02
0
0.04
0.03
0
2.35
10.66
0.02
0.27
0.01
1.05
0.26
0.06
0.29
1.82
0.17
0.75
0.26
0.21
0.04
0
0.01
0
0.01
0.01
0.87
0
0.01
0
7.11
6.03
19.83
9.61
7.59
0.36
0.62
0
0
0
0.01
0.06
0
0
0
0.01
0
0.03
10.17
21.51
8.98
4.04
5.79
1.06
0.36
8.84
7.95
1.32
0.36
0.07
0.89
0.97
0
0
0.04
0
0
0
0
0
0.03
0.05
0.01
0
0.02
0
0.02
0
0
0
0
0
0.04
3.25
0.05
0
0.01
0.05
3.23
1.16
1.84
0.49
0
0
0
0
0
0
0
0
0
0
0
10.38
0.89
0
0.1
0
0.03
0
0
0
0
0.01
0
0.04
3.75
3.51
0
0.02
0.01
0.07
0.17
0
0
0.27
0.01
0.2
0.63
0
0.02
0.01
0
0
0.01
0
0
0
0
0
0
0
0.13
0.21
2.12
0
0.01
0
0.02
0
0
0
0
0
0.1
0
0.01
0.13
0.02
0
0
0
0
0
0
0
0.01
0.63
0.05
0
0.02
0
0.01
0
0
0
0
0.02
0
2.93
5.77
3.1
5.68
4.8
0
8.55
6.61
5.4
0.15
0
0
0.07
0
0
0.06
0.02
0
6.7
3.49
0.11
7.62
5.36
4
16.02
2.52
0.03
0
0
0
0.08
0
0
0
0
0
0
0
0
0
0
0.02
0
0.29
0.17
0.01
0
0
0
0
0.07
1.02
0.12
0
0
0
0
0.06
0
0
0
0
0
0
0
0
0
0.79
16.73
14.82
3
13.59
9.53
11.02
3.45
0.07
0
0
0.16
0.29
0
0.27
0.38
3.11
0.42
14.64
4.43
2.87
1.09
7.5
0
0.04
0
0
0.02
0.07
0.13
0
0
0
0
0.11
0
0
0
1
4.53
0.23
2.16
0.05
2.48
2.98
3.27
8.61
1.41
1.17
1.88
5.73
0.11
0
0
0.26
10.77
7.9
3.12
1.95
2.67
0.83
0.29
0.14
4.99
0.45
0.01
0.2
0
0
0
0.01
0.02
0
0.04
1.15
0
0.04
0.05
0
0
0
4.54
13.66
2.57
2.32
1.57
0
0.01
0.17
0
0.32
1.2
15.38
2.05
14.73
1.37
2.55
1.49
3.54
0.5
3.46
0.02
0
0
0.41
11.48
0.63
3.29
0
0
0
0
13.97
2.95
3.28
0.85
3.07
4.62
0.22
0
0
0.19
0.06
1.02
9.8
1.38
0.09
0.21
2.33
6.43
3.34
5.74
12.1
1.11
0.32
11.85
3.27
0
0.24
0
0
0
0
0.12
0.06
0
0.11
0.02
0.62
0.09
0
0
0.07
0
0.05
0
0.01
0.01
0.65
0
0
0.08
0.05
0.13
0.01
0
0
0
0
0.1
0.01
0.01
0.05
0
0
0.08
0.17
6.03
16.84
1.62
3.74
0
0
21.07
0
0
0.02
0.1
0.38
12.55
0.03
0.76
0.32
0.06
0.02
0
0
1.89
15.34
2.34
0.09
0
0
0
0
0
0
18.23
13.08
8.32
0
0
0
0
0
0
0
0
0
0
0.01
0.01
0
0
0
0
0
0
0.09
0
0
0
0
0
0
0.23
0.08
0
0.02
0.02
0.02
0.48
0.76
0.05
0.91
2.76
0.39
0
0
0.02
0.34
0
0
0
0
0
0
0
0.02
0.01
0
0.13
0
0
0
0
0.11
0
0
0
0.01
0.14
0
0
0.01
0
0
0
0
0.01
0
0
0
0.05
0.02
0.01
0
0
0
0.72
0.53
0.13
0.09
0
0
0.07
6.95
2.84
0.84
0.01
0
0.01
3.16
5.8
0.03
0
0.01
2.01
5.23
0.26
0.09
3.5
0.23
0.05
0
0.02
0.01
0
0
0
0
0.04
0
0.31
0
0
0
0
1.2
0
0.15
0.21
16.03
3.95
11.88
1.85
0.77
0.11
0
2.32
12.38
0.52
0
0
0
0
0
0
0
0
0
0
0
0
0
0
0
0
0
0.01
0.01
0.02
0
0
0
0
0
0
0
0
1.48
9
0.46
0
0
0
0
0
0
0
0
0
0
0
0
0
0
0
0
0
0
0.11
2.27
4.69
4.72
13.65
2.42
0
1.61
3.57
0.04
2.34
0.54
0.01
0
0.01
0.01
0
0
1.68
0
0
0
0.65
7.67
14.42
1.15
5.12
12.25
0.83
4.51
0.13
0.4
2.41
0.02
0
0
0
0
0.01
0.01
0.01
0.01
0
0.79
0.06
0.3
1.08
9.77
8.62
0.36
2.14
0.5
0.09
0.02
3.46
0
6.76
1.48
1.86
0.3
0
0.03
4.07
2.06
0.69
6.17
0.36
0.01
0
0
0
0
0
0
0.32
13.86
0.18
2.98
0.2
0.02
0.01
3.05
0.3
0
0
0
0.01
0
0
0
0
0
0.01
0.04
0
38.44
5.21
0
0
38.19
6.39
16.12
0.34
1.51
0.03
0.08
0.06
0.32
0.32
0
0
0.01
0
0.19
2.7
0.09
0.04
12.21
0.68
0.18
0
0
0.29
0.28
0.78
3.27
12.79
3.93
2.31
4.68
0
0
0.59
3.15
7.43
0.5
0
0.58
10.48
6.07
0.55
0.27
0
0
0.09
1.6
5.24
9.53
5.87
0.17
0
0
5.02
9.73
2.05
0.55
0.02
0.01
0.63
0.16
0.67
0.51
0
0
0
0
0
0
0
0
0
0.02
0.01
0.01
0
0
0
0.02
0.03
0
0
0
0
0
0.01
0
0
0
0.14
0.01
0
0
0
0.01
0.05
0
0
0
0.01
0.07
0.07
2.33
2.03
0
0.22
0.53
3.41
0
0
0
0.01
0.05
4.08
10.75
0
0
0
0.01
0
0.02
0.03
0.63
0
0
0
0.02
0
0.3
0
0
0
0
0.05
3.23
0
0
1.46
0.1
2.58
2.73
0.44
0
0
0
0.91
8.89
1.6
0.17
0.01
0.1
0.01
0
0.02
0
0.02
0
0
0.05
0.11
8.91
0.34
0
0
0
0.01
0.02
0.01
0
0.01
0.02
0.01
0.04
0.07
0.04
0.66
0.17
0.14
0
0.04
0
0.02
0
0
0
0
0.18
0.06
0.02
0.01
0
0
0.98
0
0
0
0
0
0.02
0
0.02
0.04
0.04
0
0.12
0
0
0.03
0.29
0.13
0.06
0.02
0
0
0.08
0.09
1.78
4
0.02
0
0
2.26
0.76
0
4.82
7.68
0.58
0.31
0
0.02
0
0.02
0.26
7.52
9.98
6.93
2.35
7.9
0.7
2.31
0.01
0
0
0
0
0
0
0
0
0.01
0
0
0
5.3
0
0
0
0
0
0
0
0
0
0
0
0
0
0
0
0
0
0
0
0
0
0
0
0
0.41
0.3
0.28
0.8
11.84
4.63
7.43
1.58
3.92
15.63
6.46
1.47
0
0
0
0.04
0.45
0.11
0
0.02
0
0.01
0
5.37
5.02
1.02
0.22
0.01
0
0
0
0
0.01
0
0
0
0
0
0
0.65
0.25
0
5.02
0.7
0.09
0
0
9.65
0.28
0.58
1.75
0.09
0.03
0.04
0
0
0.08
0.17
0.05
0
0
0
0
0.01
0.03
0
0
0
0
15.88
17.65
4.95
0.49
0.51
0
0.02
0.22
0.16
0.07
0
0
0.61
3.32
18.92
5.97
4.83
0.05
0.22
7.23
0.97
0.09
0
0.2
2.48
0.48
0.56
4.92
0.04
0.02
0
0
0
0
0.05
0.5
16.55
2.36
1.06
0
1.66
0.22
0.05
0
0
1.08
0.06
0
0
0.02
0
0.76
1.24
0
1.36
14.18
3.67
0.37
0
0
0.18
0.27
0
0
0
0.02
2.73
0.06
0
0
0
0.04
0.23
0.3
0.38
0
14.69
1.7
2.78
1.94
6.82
2.1
0.46
0
0
4.85
0.33
0
0
0.33
4.57
22.42
1.58
0.73
0.07
0.04
0
0.43
6.65
0
0.02
0
0
0
1.74
1.44
0.11
0.7
0.4
1.54
0.08
0.31
6.36
8.65
0.39
0
0
0
0
0
0.02
0.02
0
0
0.01
0
0.02
0
0
0.01
0
0
0.41
1.91
0.02
0
0
0
0
0
1.52
0.09
0
12.4
1
5.79
35.48
3.05
4.93
0.04
0
0
0.11
0.02
0
0.5
0.02
0
0
0
0
0.28
6.46
0.16
0
0
0
0
0.02
0.13
0.14
0
0.4
0
2.01
5.64
1.5
21.66
0.25
0.42
9.49
4.84
0.03
1.28
0.25
0.05
0
0
0
0.22
13.41
18.62
15.73
0
1.7
0.85
0.35
0.71
1.35
2.33
1.23
0.04
0.25
1.57
15.62
0
0.37
8.17
0.66
0.55
0
0.06
3.8
1.85
0.54
0.62
0
4.45
0.55
12.09
6.21
1.71
5.38
0.48
0
0.05
0
0.03
0
0
0
0
0
0
0
0
0
0
0
0
0
0.04
0.13
5.09
7.85
0.71
12.91
20.9
3.34
0.01
0.04
0.02
0.55
0
0
0.04
0
0.63
6.43
10.08
24.52
3.11
0.43
0.3
0
2.76
6.62
0.45
1.04
0
6.93
13.08
18.38
5.66
5.52
0.46
0
0.12
1.67
0.69
0.05
0.3
19.62
3.61
1.09
8.04
11.96
0
0
0.06
0.2
1.07
17.89
6.98
6.46
0.79
0.59
0.88
9.11
11.41
7.61
2
5.4
4.3
0.33
7.52
15.7
0.2
0.68
0
0
0
1.35
5.31
7.96
2.5
6.1
0.04
0
0
1.52
6.63
9.88
5.61
4.17
4.57
5.27
1.54
3.44
1.27
1.12
0
0
0
0
0
0.7
0
0
0
0.09
2.96
9.84
1
0.6
0
0
0
0
0.3
2.67
0.38
1.52
19.88
3.86
1.98
0
0
0.83
4.17
0.09
0.07
0
0.01
0
0.05
0
0.08
0.39
1.27
0.09
0.02
0
0
0
0
0.02
0.53
1.51
1.72
0
0.15
0
0
0
0
0.14
0.01
0.06
0
0.12
10.55
4.74
0.51
0.18
0.49
6.61
2.31
0
0
0
0
0
0
4.7
0.43
0.16
8.69
6.13
1.23
4.61
4.35
0.02
1.05
0.18
0.54
0.79
1.68
0.11
0.04
0
9.16
20.13
11.71
6.84
3.34
2.53
0.07
0.32
0.31
0
0
3.64
2.38
6.5
25.9
0.88
0.02
0
0.01
0.07
0
7.96
0
0.16
4.13
0
0
0
0.27
0
0.85
0
0
0.09
0.1
0
0
0
0.05
1.93
0.86
5.29
0.02
0
0
0.05
0.02
1.29
0.66
0
0.01
0
0
0.01
0
2.57
4.56
0.18
0
0.09
1.28
0.76
0.15
0
0
0.05
21.5
0.13
0.03
0
0.01
0
0.14
0
0.23
0
0
0
0
0
0.57
0.21
2.34
2.83
0.78
0.01
0
0.65
0
0
12.66
6.29
0
0
0
0
0
0.03
0.05
0
0.02
0
0
0
0
0
0
0
0
0
0
1.07
19.56
0
0
0
0
0.46
1.21
0.33
0
0
0
0.01
0
0
0
0
0
0.83
21.8
4.5
6.24
5.91
0.14
0
0
0
0
0
0.35
8.41
25.07
2.63
6.99
0.57
4.37
2.34
1.16
5.59
1.33
0
0.02
0
0
0.19
0.01
0
0
0.64
0.5
0.11
1.71
0
0
0.14
0
0
0
0
0.01
0
0.11
5.1
4.52
20.28
0.26
0
0
0
0
0.03
1.55
5.06
9.45
11.34
1.52
0.05
1.24
8.52
3.48
4.08
26.24
6.47
2.13
1.46
0.59
0.31
0
0
1.38
4.09
0.6
0.2
6.73
5.7
5.6
0.12
0.14
0.01
0
0.51
0.65
7.78
2.39
1.4
0.11
0.13
0.83
0.88
0
0.14
1.31
0
0
0
0.15
2.04
3.14
1.09
4.18
7.38
0.82
0.55
0.96
5.71
0.63
6.02
0.91
0.32
0.36
0.88
0.04
0.76
15.9
0.42
0.98
1.08
0.13
0.36
0.25
0
0
0.2
0
1.01
8.28
7.37
0.9
0
0
0.69
4.18
3.35
0
0.55
6.96
3.77
0.37
1.18
5.95
9.41
27.02
10
12.53
8.88
6.94
21.36
12.58
0.94
0.02
0.25
0
0
0
0
0.16
2.64
0.18
0.08
0.9
3.95
1.64
0.01
0
0
0
0
0
0.02
0
0
0
0.2
5.98
0.64
0.21
5.69
0
0.6
10.61
0.39
0.59
7.05
0.3
1.82
0.82
9.27
0.09
0
0
0
0
0.07
0
0.03
0
0
0
2.43
1.05
16.13
13.44
0.74
7.6
8.32
2.41
1.21
0.88
7.29
5.29
2.08
0.08
0
0
0.04
0.08
0
0
0
0
0
0
0
0
0
7.84
13.41
8.4
15.88
0.96
3.6
2.96
1.12
4.78
9.18
6.59
0.54
0
0
0.16
0
0
0.02
0.49
0.34
18.81
6.68
0
0
1.09
0
0.05
6.05
0
0.09
3.7
8.41
0.07
0
0
0.05
0
0
0.13
0.09
1.2
0.8
0
0
0
0
0
0.02
0
0
0
0
0
0
0
0
0
0
0
0
0
0
0
0
0
0
0
0
0
0
0
0
0
0
0.02
0
0
0.01
0.02
0.01
0
0
0
0.01
0.36
0
0
0.07
0
0.02
0.1
0
0
0
0.04
0.37
0.21
0
0.03
0
0
0.14
0.07
0.04
0.01
0.68
0.73
5.13
0.17
0
0
0
0
0
0
0
0
0
0
0
0
0.11
0
0.09
0
0
0
0
0
0
0
0
0
0
0.47
0.23
0
0
0
0
0
0.01
0
0
0
0.03
0
0.79
0.05
0.38
1.04
0.37
0
0
0
0
0
0
0
0
0
0
0
0
0
0
0
0.03
0
0.02
0.14
0.25
5.2
0.48
0.68
0.75
0.11
0
0
0
0
0
0
0
0
0
0
0.01
0
0.01
0.15
0.74
0.11
0.01
0
0.16
16.85
10.74
2.09
0.02
2.89
12.72
3.67
0
0.57
6.53
4.54
4.99
2.52
6.38
1.09
0.23
0
0.97
2.41
0.68
0.25
1.13
4.33
18.55
2.32
4.49
0.88
0.32
5.23
0
0.12
0.82
10.08
1.15
0
4.71
1.96
1.05
0.7
0.39
0.05
0
0
0
0.02
0.01
5.93
25.26
11.59
0.83
7.65
0.04
0
0.76
2.14
14.65
17.42
3
1.46
0
0.21
7.6
8.02
1.21
16.2
4.08
5.29
6.79
0.79
4.08
16.14
9.38
6.41
5.44
5.99
0.45
0.58
0.12
0.01
0.07
0
0.11
0.03
0.23
0
0.02
0.07
0
6.7
0.38
0.01
0.16
0
0
0.66
5.3
0.68
0.06
0.23
0.09
0
0.23
4.55
0.92
0.63
2.84
13.03
6.65
2.85
0.97
1.39
1.7
3.91
12.21
2.55
0.41
0.69
0.23
0.16
0.26
0.02
0.07
2.98
10.32
1.3
0.22
0.06
8.16
10.5
5.78
0.41
0
9.23
13.44
1.93
0.78
0.22
0
1.24
0.62
1.87
0.21
0.04
0.04
0
0.02
0.02
0.01
0
0
0
0
0
0
0.15
1.46
5.15
2.02
0
0
0.02
0
0
0
0.02
0
0.08
0.02
0.1
0.03
0
0.02
0.05
0
0.07
0.56
0.25
3.86
4.88
25.15
58.52
0.38
0.86
0.22
1.89
0
0.2
0.09
14.63
1.94
0
0
0
0.14
0
0
0.04
0.02
0.05
0.05
0.06
0.01
0
0
0.01
0
8.8
4.59
16.43
0
5.01
19.23
0.78
0.04
2.16
0.32
0
0
0
0
0.33
4.27
0
0.04
0.07
0.29
1.64
0
0.07
0.51
0.04
0
0.76
0.02
0
0
0
0
0
0
0
0
0.04
0.02
0.06
0
0
0.01
0.03
0
0
0
0
0
0
0
0.04
0.01
0
0
0
0.02
0.02
0
0
0
0
0
0
0
0.06
0
0
0
0.17
0.06
0
2.79
12.52
0
0.73
0.38
0
0.25
7.58
5.79
2.05
0.74
1.02
1.54
3.53
24.06
0.72
0.37
0.79
0
0.03
0
0.3
0.04
0.01
0
0.02
0
0
0.21
0.8
0.3
10.18
1.32
0.12
36.65
6.73
7.29
18.42
7.83
15.68
11.2
1.41
0.26
0
1.09
0.76
9.97
3.7
0.32
1.73
6.13
13.99
7.7
0.41
0
0.13
0
0
0
0
0
0
0
0
0.02
0.61
0.02
0.01
2.68
8.15
21.11
1.31
0.53
1.64
0.14
0
0
0.03
0.02
0
0
0
0
0
0
0
0
0.01
0.02
0
0
0.02
0.02
0
0.33
0.26
0.13
0.05
0.21
0.29
0.17
0.27
0.05
0.09
0
1.13
0.03
0.05
0.62
2.32
4.87
3.99
0.27
0.57
0.01
0.07
0.13
0.15
0
0
0
0
0
0
0
2.86
1.69
1.55
0.25
0.5
1.12
0.14
0.33
3.45
0.29
0.21
3.16
0.34
0.23
0.22
0.23
0.14
0.19
0
0
0
0.01
1.34
2.27
0
0
0
0
0
0
0
0
1.75
0.57
0.01
0.01
0
0.05
3.35
0.75
0.02
0.3
2.66
0.82
0.56
2.31
0.48
2.91
6.42
8.75
2.7
0
0
0.54
4.59
3.13
4
1.14
0.22
0.03
0
0
0.03
0.73
0.07
0.07
0.22
0.87
0.01
0
6.72
8.14
4.54
12.54
4.38
0.33
0.21
0.36
0.09
2.44
0.03
0
0
0.01
0
0
0
0
0
0
0
0
0
0
0.1
0.32
0.62
11.75
2.02
0.31
1.94
0.86
0
0
0
0.01
0
0
0
0.23
0.7
5.51
5.79
2.23
0.08
3.87
12.63
6.5
20.54
1.4
2.26
0.02
0
0.05
0
27.04
3.03
0.05
0.07
0.05
0
0
0.01
0
0.57
0.09
0
0.7
20.7
2.18
3.82
0.57
0
0.31
0.09
0
0
0
0
0
0.02
3.02
2.18
1.95
0.41
13.21
10.62
8.38
1.98
0
0
0
0
0
0
0
0
0.01
0
0
0
0
0
0.45
8.73
0.08
0
0
0.01
0
0
0
0
0.2
0
0.02
0.01
0
0.24
0.18
0
0
0
0
0.09
0
0.01
0
0.01
0
0
0.04
0
0.03
0
0
0
0
0
0.02
0
0
0
0
0
0
0
0
0
0
0.18
0
0.01
0
0.21
0
0
3.88
5.46
2.18
0.39
0.09
0
0
0
0
0
0.04
0
0.04
0
1.65
0
0.23
7.01
2.09
0.04
0
0.13
0
0.02
0
0.02
0
3.69
0.02
1.54
0
0
0.29
0
0.43
0.05
11.27
1.55
0.07
0
0
0
0
0.55
0.2
0
0.4
0.51
0.04
0.01
0.2
0.01
0.65
0.55
10.16
6.02
3.15
0.13
0
0.88
0
0.04
2.58
5.06
1.2
1.04
0.18
0.51
0.32
0
0
0.04
1.56
1.25
4.17
2.7
5.67
1.98
29.88
4.15
1.05
3.3
4.52
0.66
0.28
0
0
0.13
0.36
0
0.02
0
0.01
0
0
2.95
1.66
0.3
0.03
0.16
0.2
0.02
0.03
0
0
0
0
0
0
0.14
0
0.08
0.68
0
0.32
0.88
0.21
0.27
0.08
1.41
1.99
0.38
0
0
0
0
0
0.26
0.01
0
0
0
0
0
0
0
0
0.02
0
0
0
0.22
0.38
1.16
0.41
0.01
0.02
0.06
0
0
0
0.02
0.14
0
0
0
0.1
0
0
0
0
0.18
0
0
0
0.04
0.12
0.02
0
0
0
0.96
15.91
5.91
2.86
0.32
0.02
0
0.01
0
0
0.08
0.09
0.32
0.09
0
0.01
0.08
3.6
2.05
4.89
0.06
0
0.03
0.03
0.44
0.12
0
0.43
0.02
0.02
0
0.09
0
0
0
0.48
0.01
0.03
0.55
0.68
0.31
0.04
0.02
0
0.1
0
4.63
5.09
7.19
1.34
0
0.95
6.84
5.57
1.48
0
1.07
0.56
0.22
2.96
3.65
1.45
6.43
4.31
0.91
3.15
2.86
0.42
0.02
0.45
0.49
8.61
15.4
19.84
4.96
6.96
0.61
8.05
0.97
0.09
0.09
0
0
0
0.01
0
0.02
8.54
7.36
12
6.99
14.12
0.31
0.04
0
0.07
0
0
0
0.05
0.04
0.02
0
0
1.08
8.62
0.6
0
0
2.05
4.89
0.11
0
0.02
0.04
0
0.01
0
0
0
0.01
0
0
0.13
0.01
0.05
0.01
0
0
0.05
0
0
0.03
0
0.29
0
0.52
0
1.88
1.07
1.43
0.12
0.56
7.01
0.23
0.09
0
0
0
0
0
0
0
0
0
0
0.02
0.03
0
0
0.02
0
0
0
0.03
0.02
0
0
0
0
0
0.02
0
0.08
7.51
4.88
0.47
0
1
1.74
0.73
0
0
0
0.3
0
0
0
0.03
0
0
0
0
1.29
0.02
0
0
0
0
0.73
0
0.16
7.86
0
0
0
0
0
0
0.02
0
0
9.04
0
0
0
0
0
0.01
0.03
0.36
0.58
0
0.05
6.86
5.25
0.38
0.02
2.87
6.61
4.95
0.35
0.04
0.03
4.76
0.13
1.24
0
0.04
0
0
2.82
0.3
0
0
0
0
0
0
0
0.02
0
0
0.02
0.16
0.01
0
0.01
0
0.04
0
0
0
0
0
0
0
0
0
0
0
0
0
0
0
0
0
0
0
0
0
0
0
0
0.18
0
0
0
0
0
0.01
0
0
0
0
0
0
0.02
0
0
0
0
0.05
2.15
0.43
0.38
0.2
2.11
1.27
0.36
4.48
9.23
0.27
0.54
8.6
21.36
6.11
8.96
0.84
0.35
14.73
11.18
32.07
8.39
13.23
7.03
0
0
0
0
0
0.03
0.01
0.02
0.02
3.29
6.8
0.34
0.89
0.19
1.54
6.13
1.32
0.34
0.01
0.05
0
0.03
0.01
0
0
0.05
0
0.01
0
0
0
0
0
0.04
0
0
0
0
0
0.01
0.01
0
0.27
6.61
1.04
20.36
2.27
0.36
1.77
0
0.14
10.14
0.29
0.69
4.75
3.19
0.07
0.04
0.01
0.01
0
0.01
0.02
0
0
0.02
0
0
0.01
0
0
0
0.02
0.01
0
0.02
0
0
0.01
0
0
0.04
0.79
0.31
0.1
0.05
0.08
5.93
11.61
12.68
3.74
0.43
0.19
1.48
1.41
0.34
0
0
0
0
0
0.31
1.95
0
0.36
4.27
18.2
13.65
5.83
0.16
0
0
0
0
0.03
0.02
0
0.48
0.01
0
0
0.12
0.24
0.21
0.01
0
0
0
0.11
0.05
0
0.02
0
0.06
6.77
4.33
0.94
0
0.08
3.16
0.2
0.05
0
0.02
2.21
3.7
8.75
7.88
7.37
6.45
0
0.07
48.47
19.12
1.07
0
0
0.01
10.67
1.4
0.86
0.03
0.05
0.04
0.02
0.1
0
0
0
0
0
0.01
0
0.01
0
0.04
0.26
0
0
0.14
0
0.02
2.22
19.75
0
0.26
0.2
3.12
1.27
0.01
0
0
0
0
0
0.01
0
0.01
0
0
0
0
0
0
0.01
0
0
0.01
0
3.24
6.43
0.13
1.73
0.51
2.98
0
0
0
0
0
0
0.01
0
0
0
0.25
0
0
0
0.03
0.09
1.21
0
0
0
0
0
0
2.27
0
0
0.02
0
0
0
0
0.81
0.09
0
0
0
0.02
5.95
5.46
1.43
0.01
0.02
0.11
0
0.56
1.41
14.11
2.93
0.01
0
0
2.59
12.75
1.52
0
0.3
5.7
0.05
0.02
0.01
0
0.01
0.04
0.04
0.01
0
0.07
0.02
0
0.41
10.61
0.06
0
0.46
1.84
9.28
4.45
28.02
3.1
3.99
0.78
0
0
0
0
0
0
0
0
0.02
0
0
0.04
0
23.88
36.38
9.19
0.07
0
0.48
2.89
3.65
1.42
0.91
0.05
0
0
0
0
0.07
0
0.01
0.05
16.07
4.85
4.78
0.09
0.16
0
0
0
0.01
0.01
0.03
0.05
0.23
1.69
0.26
0.21
0.1
5.82
2.51
0
0.03
0.15
1.93
0.04
0.02
3.2
0.63
0.23
0.13
0
0
0
0
0
0
0
0
0
0
0
0
0
0.02
0.05
0
0
0
0
0
0
0.01
0
0
0
0
0
0
0
0
0
0
0
0
0
0
0
0
0
0
0
0
0
0
0
0.09
0.59
0
0.27
0
0
0.02
0
0
0
0
0
0
0
0.12
0.04
0.04
0.16
8.05
1.23
0
0
0
0
0
0
0
0
0
0
0
0
0
0
0.01
0.05
0.02
0
0
0
0.02
0.02
0.59
0
1.18
0.05
0
0.01
0.11
0.05
0.02
0.04
1.1
0.25
0.02
0
0.03
0.01
0
0
0.01
0
0
0
0
0
0
0
0.07
1.56
1.68
0.89
3.89
0.39
10.3
4.55
15.8
6.14
0.46
0.18
0.12
0.27
3.4
0.17
0
0
0
0
0.03
0
0.01
0.04
0.1
0.18
0.09
0.92
0.66
0.29
4.64
1.17
0.07
0
0.05
0.86
1.04
0
0
0
0
0
0
0
0.01
0
0
0
0.09
0
0.01
0
0
0
0
0.23
0
0
0
0
0
0.05
0
0.02
0.06
2.13
8.89
12.84
3.14
3.48
0
0.05
0
0
0
0
0.13
0.88
0.36
0.27
0
0
0
0
0.01
0
0
0
0
0
0
0
0
0
0
0
0.09
0.06
0.05
0
0
0.03
0.02
0
0.01
0
0
0.14
0
20.59
21.41
2.52
0
0.35
2.68
0
0.01
0.01
0.01
0.02
0
0.03
0.05
0
0.08
0.02
0.03
0.04
18.16
0
0
0.07
3.61
10.43
0
0.11
0.11
29.49
0
0
0
0
0
0
0
0.02
0.01
0.01
0
0
0
0
0
0.03
0.01
0
0
0
0
0
0
0
0.01
0
0
0
0.34
0.06
0
0
0
0
0
0
0
0
0
0
0
0.05
0.13
0.04
0.01
0
0.01
0
0
0
0
0
0.03
0.01
0.02
0
0.2
2.17
2.81
0.02
0
0
0.02
1.91
0.81
8.23
0.98
0.42
0.13
6.58
0.15
0
0
0.23
6.13
6.59
6.09
13.67
1.23
3.69
14.25
4.03
0.86
0.05
0
0
0
0.02
0
0
0
0
0
0
0.02
0
0
0
0
0.24
0
0.04
0.13
0.16
7.32
9.2
5.38
4.5
23.79
9.4
25.9
2.88
0.21
0
0
0
0
0
0
0
0
0
0
0
0.1
0.05
0
0.17
2.67
6.79
0.7
0
0.04
0.01
0
0.02
0
0
0.05
1.19
2.63
5.47
8.05
0.63
0.54
0
0.05
0.76
0.07
0.09
0.8
1.94
0.64
0.61
0
0.42
0.01
0
0
0
0
0.01
0
0
0
0
0.01
0
0
0
0.31
0.77
0.15
0.25
2.94
0.02
1.91
0.89
1.11
17.66
10.07
0.38
0.38
0.12
0.23
0.19
0
0
0
0.04
0.02
0.06
0.11
0.11
5.74
4.35
8.47
5.84
2.11
0.12
7.05
7.86
11.75
10.4
1.19
13.67
2.82
1.3
0.8
10.01
1.12
0.96
13.14
0
0.67
3.68
0.3
0.06
0.08
0.04
0
0.02
0.55
0
3.59
1.09
6.23
1.58
0.01
0
0
0
0.02
0
0
0.25
0.06
0.25
0
0
0.35
0.45
3.31
6.11
4.2
1.08
1.29
8.54
5.09
15.54
7.25
0.31
0
0
0
19.49
9.54
4.88
4.02
12.96
6.57
0.73
14.18
9.68
3.08
2.18
5.09
0.33
0.59
0.69
0.75
4.12
0.48
0.02
0
1.5
11.91
18.27
0.91
1.13
0.22
0
0
0
0
0
0.01
0.01
0
0.07
5.25
2.13
0
0
0
0
0.01
0
0.01
0.04
0
0
0
0
0
0
0.01
0
0
0
0
0
0
0
0
0
0
0
0
0
0
0.01
0
0
0.01
0
0.01
0
0
0
0
0
0
0.02
0
0
0
0
0
0.02
0
0
0
0
0.02
0
0.21
0.16
0.11
0
0
0
0
0
0
0.09
6.23
0.73
0
0
0.03
0.04
0.01
0
0
0
0
0
0
0
0
0
5.5
0.44
0
0
0.01
0
0
0
0
0
0
0
0
0
0
0
0.39
0
0
0
0.1
11.95
0.96
0.02
0.84
7.63
0.69
5.48
0.42
0
0.33
0
0
0
0
0
0.01
0
0
0
0
0.09
10.73
1.38
0.01
0.02
0
0
0
7.32
0.33
0
0
0
0.04
2.56
2.47
0.21
11.54
1.47
7.02
19.78
23.12
2.78
11.2
1.24
8.38
22.74
4.21
12.88
1.61
2.33
7.86
1.27
0.52
0.32
0.02
0.06
0.03
0.02
0
0
0.03
0.77
17.39
2.69
0.64
1.38
0.11
0.22
0.39
0.17
0
0.02
0
0.02
1.05
0.5
0.09
0.09
0
0.1
0.39
0.27
0.29
0.05
0.03
0.01
0.01
0.02
0.24
0.05
0.09
0
0
0
0
0.01
0.38
3.64
8.87
1.13
0.82
0.13
0.02
0
0
0.02
0.18
0.16
0.38
2.87
6.26
1.93
2.17
14.92
10.29
3.98
4.54
1.03
6.72
0.85
0.44
0.19
0
0
0.01
0
0
0
0
0
0.12
1.22
2.55
12.72
17.53
12.82
5.09
2.36
1.12
0.67
2.63
8.27
0.23
0.05
0.77
8.54
1.49
0
0.12
1.88
0
0.23
0.7
4.94
0.19
0.54
0.41
0.03
0
0.01
0
0.01
0
0.15
0.09
0.09
0.02
0.02
0.01
0
0.68
5.29
5.96
2.94
1.4
0.28
0.02
0.03
0
0.29
0.1
0
0.01
0
0
0
0.71
5.86
4.79
3.11
0.36
3.27
0.05
0.29
0
0
0
0
0.02
0
0
0
0.01
3.33
12.18
6.37
1.75
8.14
1.64
1.06
1.29
0.85
0.02
0
0.04
0
12.64
1.05
0.71
0.16
0.13
0
0.01
0
0
0
4.82
4.43
13.79
3.52
0
0.05
2.17
0.66
0.11
0.7
6.57
0.48
0.02
0
4.31
0.61
0.01
0.1
0.04
16.26
1
0
0.03
0.03
0
0.01
0
0
0
0
0
0
0.01
0
0.02
0
0.07
0.05
0
0
0
0.01
0
0.38
0.5
0.01
1.99
0.09
0
0.02
2.88
0.5
0
0
0.01
0.02
0
0
0
0.01
0
0
0
1.33
0
0
0
0
0
0.01
0.03
0
0
0
0
0
0
0.04
0.06
0
2.88
0.5
0
0
0
0
0
0
0
0
0
0.01
0
0
0
0
0
0
0
0
0
0
0
0.16
0.02
0
0
0
0
0
0
0
0
0
0.01
0
0
0.43
0
0
0.07
2.73
0.23
0.01
0
0
0
0
0
0
0
0
0
0
4.66
0.11
0.77
0.63
0.2
0
0
0.01
0.01
0
1.02
0
0
0
0
0
0
0
0.01
0
0
0
0
0
0.02
0
0
0
0
0.08
0.04
0
0.07
0.05
0
0
0.03
0.03
0.27
1.54
5.49
12.16
2.96
1.03
0.12
0
0.01
0
0.84
5.97
1.01
0.1
2.25
0.19
0.04
0
0
0
0.04
0
0.01
0
21.15
16.37
2.33
0.02
0.05
0.02
0
0
0
0.96
10.72
0.89
0.86
4.51
0.17
0.34
0.05
0.19
0
0
0.1
0.04
0
0
0.02
0.01
0.41
4.7
7.37
8.07
4.57
3.74
11.77
8.17
5.99
3.13
4.3
2.5
3.68
2.57
0.11
2.37
0.11
4.86
0.95
0.11
0
0
0.01
0.01
0
0.02
0
0.02
0
0
0
0.01
0.01
0.02
0.03
0
0.01
0.02
5.02
10.63
4.69
0.41
0.25
1.6
2.05
4.33
0.81
0.18
6.94
2.27
0.01
0
0.07
3.39
17.42
21.72
12.09
6.55
6.41
3.6
3.08
9.96
1.35
0.5
0.63
7.3
0.69
0
0
4.38
2.39
0.65
0.02
0.05
0.11
0.22
4.3
2.55
0.01
0.65
0.2
4.06
7.1
0.44
0.03
0.04
0
1.41
0.34
1.04
0.19
0.02
0.01
0.02
0.54
0.03
0.02
0
0.02
0.03
0
1.29
6.54
0.72
0.39
6.48
10.8
1.25
0.96
0.18
1.13
3.11
0.11
0.1
2.23
2.13
2.41
0.37
0.18
0.05
0.07
5.07
0.44
3.77
12.57
7.37
2.38
2.16
0.28
0
0
0
1.71
0.27
4.04
20.48
2.15
0.05
0
0.02
0.07
0
0
1.37
0.13
0
0.02
0.01
0
0
0.08
0
0
0.09
0
2.25
0
0
0.11
0
0.03
0
0
0
0.01
0
0.01
0
0.1
0
0.04
0
0
0.03
0.21
0.13
0.1
0.42
0.32
0.65
3.86
0.53
0
0
0.02
0
0.08
0.13
0
0
0
0
0
0.02
0
0.04
0
0
0
0
0
0
0
0
0
0
0.27
0.08
0
0
0.01
0
0
0
0.09
0.87
4.2
1.34
0
0
0
0
0
0.01
0
0
0
0
0
0
0
0
0
0.02
0
0
0
0
0
0
0
0
0
0
0
0
0.03
0
0
0.01
0.02
0.11
4.46
7.16
0
0.01
0
0.12
1.2
0.13
0.05
1.24
0.09
0.25
3.99
0.46
0
0
0.07
0
6.35
14.27
1.01
3.52
0.2
0.91
0
0
0
0
0
0
0.3
0.1
0.32
0.09
0.25
5.64
1.8
8.65
0.55
0
0.09
0.03
0.53
4.87
0
7
5.47
13.05
5.73
0.2
0
0
0
0.2
3.09
9.49
0
0
0
0
0
0
0
0
0
0
0.01
0
0.01
0
0
0
0
0.24
0.52
3.45
15.44
0.58
0
0
0
0
0
1.55
0.49
0
0.02
0.01
0
0.24
0
0
0
0
0
0
0
0
0
0.27
6.14
0.07
0
0
0.1
18.39
0.13
0.41
0
0
0
0.02
0.09
3.87
0
0.04
0
0
0.07
0
0
0
0
0
0
0
0.01
0
0
0.01
0.02
0.21
34.04
2.37
0.55
22.64
11.38
0.2
0.5
0
0
0
0.47
0.06
0.18
2.48
0.7
0.09
2.45
6.57
4.05
3.97
13.87
3.98
0.52
0.15
6.11
0.3
0.11
0.02
0.03
0.02
0.02
0.15
7.23
11.64
0
0.06
0.02
0.05
29.93
7.65
0.41
0.03
0.03
0
0.1
0.84
6.18
6.09
0.3
0.14
0
0
0
0
0.04
0
0
0
0
0
0
0.37
3.25
0
0.02
0.02
0
0
0.01
0
0.01
0
0
0
1.1
1.7
0.09
0.06
1.15
0.13
0.34
0.01
0.11
10.49
7.54
14.45
3.07
2.37
12.49
14.1
1.35
0.64
0
0
0
0
0
0
0
0
0
0
0.01
0
0.36
4.13
0.23
0
0
0
0.01
0
0
0.07
0
0
0.01
0
0
0
0.97
0.34
0.62
0.05
0
0
0.09
6.09
10.46
0
0
0.01
0
5.87
7.17
0.25
0.03
0.36
6.05
0
0
0
0
0
0
0.01
0
0
0.02
0.04
0
0
0
0
0.02
0.21
4.81
0
0
0
0
0
0
0
0
0
0.96
0.25
0
0.1
0.04
0.06
9.75
0
0.06
0.06
0.85
5.12
1.89
6.36
0
0.15
0
1.76
0
12.56
4
0.06
0
0.01
0
0
0.02
0
0
0
0.12
30.13
0
0
0
1.93
0.01
0
0
0
0
0.01
0
0
0.02
0
0
0
0.02
0.04
0.01
0
0
0.14
0
0
0
0
0.95
0
0
0
0.01
0.53
2.64
0.73
1.48
0.04
0.43
0.03
1.41
0
0.09
0.04
0
0.02
0
0.45
0
0
0
0.03
0
0.01
0.01
0
0.09
0
5.15
0.13
0.01
0
0.09
2.09
0.25
0
0
0.31
1.73
14.08
3.24
0.07
9.6
3.93
0.2
0
0.09
17.87
14.12
4.99
0.04
0.02
0.14
1.05
0
0
0
2.89
2.88
3.68
17.34
10.98
7.41
0
0.45
2.05
0
0.02
0.02
0
0.04
0.43
0.73
3.04
0.13
5.35
27.33
4.19
0.68
0.02
0.05
0.09
0.68
0.46
0
0
0
0
0
0
0.02
0.43
2.35
4.59
0.53
0.66
0
0.04
0.05
0
0.75
7.13
13.04
8
3.63
0.82
0.01
2.6
5.57
10.17
27.97
3.65
4.8
1.99
0.97
0
0
0
0.02
0
0
0
0
0
0
0
0
0
0.28
0
12.55
0.27
0.86
0.21
0.16
3.63
0.41
0.03
0.02
0.03
0.32
14.87
1.75
7.52
5.27
6.19
3.92
11.75
0.05
0.22
0
0
0
0.2
2.18
9.09
5.05
3.39
2.68
12.44
0.13
0.04
0.64
0.14
0.66
1.1
0.88
3.38
0
0.02
0.02
0.02
0.23
0
0
0
0
6.98
1.31
0.22
0
0
0.01
0.01
0.63
0.07
0.09
0.32
0.29
0.02
0
0.01
0
0.02
1.81
0.03
0
0
0
0
0
0
0
0.84
0
0
0
0
0
0
0.03
0.4
0
0
0
0
0
0
0.01
0.05
0.15
0
0.05
10.12
10.67
13.23
1.32
3.88
2.11
3.79
0.27
0.95
15.07
0.14
1.12
0.09
0.52
1.38
2.39
7
1.88
0
0
0.48
0
0.66
24.12
7.02
1.76
0.16
0
0.36
3.01
1.02
2.82
7.73
0.38
0.52
0.2
3.61
5.58
14.42
9.51
8.27
7.83
0
0
0.39
0
0
0
0
0.14
0.63
0
7.02
0.64
1.53
0
0.03
0
0
0
0.01
0
7.38
0
0
0
2.18
40.33
30.24
0.39
1.05
1.82
3.33
0.4
14.13
0
4.38
0
0.02
0
1.42
1.48
3.85
1.2
0
4.26
1.38
3.75
6.3
8.93
0.18
0.2
0.59
2.46
0.43
0
0
0
0
0
0
0
0
0
0
0.02
0.02
0
0.07
0
0
0
0.87
0
0
0
0
0
0
0
0
0.01
0.29
0
0
0
0.01
0
0
0
0
0
0
0
0
0.02
0.02
0
0
0
0
0
0
0
0
0
0
0
0
0
0
0.02
0.08
0
0
0
0
0
0
0
0
0
0
0.03
0
0.02
0
0.02
0
0
0
0
0
0
0
0
0
0
0
0
0.67
16.29
0
0
0
0.02
0
0
0
0
1.2
0.98
4.45
0.63
0
13.59
11.57
22.83
3.16
9.13
0.7
0.02
0.01
0
0
0
0
0
0
0
0.48
2.47
0.13
0.27
0.18
0.02
0
0.02
0.01
8.57
0.81
0
0.58
14.08
4.81
0.33
0
0
0
0
0
0
0.09
0.01
0
0
0
1.09
0.53
0
0
0.11
18.12
2.19
0.16
0.13
0
0
0.02
0
0
0
0
0.03
0
0
0
0
0
0
0
0
0.02
0
0
0
0
0
0
0
0
0
0
0
0
0
0.01
0
0.06
7.2
0.41
0
0.02
0.08
0
0
0
0
0
0
0
0.03
0.07
0.13
0
0
0
0
0.01
0
0.65
0.13
0
0.01
0.03
0
0
0
0
0
0.22
4.88
5.88
3.43
0.52
0.06
0
0
0.04
0.02
0
0
0
0
0.19
0.12
5.95
9.33
14.88
4.03
9.51
7.88
0
0
0.04
0
0
0
0.21
2.64
0.13
0
0
0.02
0
0
0.01
0.02
6.17
1.75
1
0
0
0
0
0
0
0
0
0.79
7.37
2.1
17.69
7.75
0.93
9.21
8.86
4.27
1.29
6.39
4.05
2.49
0.62
0.1
3.92
6.05
4.71
0.02
0.17
0.09
0
0
2.02
1.93
0.68
11.09
8.3
8.32
10.13
1.93
0.19
0
0.08
0
0
0
0
0
0
0
0.01
0.23
0
0.01
0.02
9.73
5.27
0
0.75
0
0
0.77
0.1
0.1
7.12
1.72
10.22
27.72
0.16
0.34
0.15
0
0.82
5.89
6.54
2.28
3.07
0.05
0
0.11
0
0.64
0
0.02
0.72
0
0.09
1.68
12.79
0
0
4.03
17.87
1.16
0
0.13
0.61
0.88
0.15
0
0.01
0.02
0.01
0
0.49
0
0
0.19
0
0.07
0.03
0.02
0
2.81
0.65
7.27
0
0.02
0.02
0
0
0
0
0.24
0.07
0.63
2.35
0.26
0
0
0.02
0
0.09
0
0.05
0.03
0
0.21
0
0
0.18
0
0.02
0
0.03
5.02
0
0.21
0
0.01
0
0.02
0
0.15
2.44
0.01
0.04
0
0.06
0.56
0
0
0
0
0
0.15
0.04
0.02
0.01
2.68
12.84
5.63
1.51
10.37
3.15
0
1.73
0
0
0
0
0.02
0
0
0
0.23
1.64
0
0
0
0
0
0
0
0
0
0.01
0
0
0
0
0
0
0
0
0
0
0
0
0
0
0
0
24.24
2.18
0
0
0.33
0.02
0.02
0
0
0.04
5.31
0
0.03
0
0
0
0.24
0.05
0
0.01
0.02
0.01
0
0.05
0.11
0.02
0
0.13
2.82
0.17
7.77
9.23
2.7
16.88
7.53
19.44
7.01
4.66
3.09
4.75
7.94
5.9
0.18
2.79
5.59
3.14
0.26
3.44
1.47
4.03
5.27
1.05
4.85
10.57
1.43
0.33
9.98
4.53
4.19
0.61
10.7
21.99
11.11
0.29
0.73
4.17
0.21
0
0.11
4.85
10.45
0
0.33
0.35
0.17
0.04
6.57
4.19
4.16
3.12
0.29
0.32
0.46
0.13
0
0.95
0
0
0
0
0
0
0.01
0.01
0.02
0.02
0.05
0.02
0
0.03
0.66
0.53
4.23
3.23
2.78
0.71
6.17
1.43
0.1
0.01
0
0.01
0.04
0
0
0
0
0
0
0
0
0
0
0
0.01
0
0.04
0.08
0
0
0
0
0
0
0
0
0.26
0.16
0.06
0
0.03
0.16
2.5
0
0
1.97
0.13
0.01
0
0
0
0.57
0
0
0
0.01
0.1
3.89
3.49
0.32
0.02
0
0.01
0.02
0.05
0.47
2.89
1.43
0.06
2.91
10.68
5.2
1.16
5.25
0.88
0.54
0.01
0.04
0.05
0
0
0
0.03
0
0
0.52
0.05
0.23
0.55
0.5
6.86
1.23
0
0.04
0.39
1.54
3.94
1.02
0.01
0.01
0
0
0
0.02
0.74
0.42
0.4
3.09
0
0
0.04
0.52
0
0.11
0.09
0
0.17
0.21
0.49
0.08
0.02
0.42
0
0.02
0.02
0.02
0
0
0
0.62
10.13
0
0.13
0
0
0
0.38
0
1.07
9.15
0
0
0.02
0
0
0
0.03
0
0
0
0
0.09
0
0.1
0
0
0
0
0
0
0.01
0.01
0.04
0.02
0
0
0
0
0
0.13
0
0.3
0
0.08
0
0.07
1.09
0
0
1.04
0
0
0
0.53
9.16
1.23
0
0
0.01
6.36
2.23
0.51
0.13
0
0
5.12
1.53
3.89
4.6
0
0
0.01
0
0
0
0
1.58
12.29
0
1.91
0.36
0
0
0
0.02
0
0.05
0.02
0.07
0
0.03
0.21
0.03
0
0
0
21.98
5.34
0.07
0
0
0
0.32
0
10.16
0.84
0.03
0.31
0
0
0
0
0.02
10.61
0
0
0
6.07
0
0.32
3.03
7.91
0.98
0.01
0.04
4.02
0.34
0.07
0
0.01
0.09
0.02
1.73
1.27
5.6
1.23
17.06
0
1.8
15.41
17.87
4.98
2.23
0.18
0.91
5.84
6.62
1.51
1.35
8.22
0.61
0
0.01
0
0
0.25
9.45
13.46
3.98
0.77
0.01
0
0
0
0
0.01
0
0.02
0.13
0.19
4.46
0.47
7.38
14.81
1.46
0.45
0.52
0.39
0.26
0.12
0.12
0.01
0
0
0.04
0
0.95
12.13
2.67
1.55
0
0.03
0.01
0.01
0
0.13
0
0
0.04
0.05
0.02
0
0
0
4.13
0.63
2.05
0.8
0.2
0.22
0.14
0.02
0
0
0.02
0
0.11
4.64
0.21
0.41
0
0.34
0.74
0
0.08
0.01
0.02
0.12
0.19
0.01
0.03
0.13
0.07
0.42
0.08
0.22
1.48
0
0.03
0.22
0
0.39
5.8
13.77
0
0.06
0.87
4.38
0.57
0.11
2.89
0
0
0.05
0
0
0.32
6.17
5.09
4.65
1.86
0.02
0.03
0.01
0
0
0.02
0.18
3.69
18.11
2.55
0.27
0.05
0.92
6.88
12.07
6.4
4.12
3.41
0.39
0
5.39
3.96
0.74
0.16
6.15
6.27
0.04
0
0.7
0
0.31
0.3
1.45
0.46
7.03
0.6
0.02
0.02
0.11
0.89
0
0
1.43
5.55
0
0
0.01
0
0.02
0
0.05
1.88
2.12
13.82
27.95
3.65
2.73
0.05
0
0
0.02
0.02
0.01
0.11
2.37
0
0.09
0.11
0
0
1.48
0.09
0.07
0.23
0.36
0.03
0.17
0.9
0.03
0.05
0
0
0
0.02
0
0
0
0
0
0
0
0.01
0
0
0
0.01
0.05
0
0.43
2.3
3.14
2.77
2.13
0.09
0
0.08
0.02
0.02
0.01
0
0
0.02
0
0
0.45
2.36
0.07
0
0
0.01
0.01
0
0.1
0
0.01
0
0
0
0
0
0
1.08
5.08
0.35
1.2
0.84
0.01
0
0
0
0
0.03
0.1
0
0
0
0.02
0
0
0
2.37
0.02
0.01
0.02
0
0
0
0
0.24
0
0
0
0
0
0
0
0
0
0
0
0
0.02
0
0
0
0
0
0
13.31
0.03
0
0
0
0
0.03
0.06
0.2
5.2
0.75
0.31
0
0
0
0.02
0
12.9
23.36
7.16
4.23
0
0.02
0
2.66
0.55
0.01
0.02
0
0
0
0.11
0
0.37
0
25.4
0.39
0.25
0.07
0.49
0
0.07
18.96
0.6
1.53
0.11
0
0.09
0.02
0
0
0
0
26.03
24.91
5.44
7.02
1.07
1.11
0
0
0.01
0
0
0
0
1.02
1.61
0.33
11.23
4.77
0.67
1.33
0
0
0
0
0
2.93
7.86
0.39
0.02
0.02
0
0
0
0
0.04
8.84
1.1
7.78
0
0.01
5.76
3.06
0.75
0.19
0
0.01
0
0.13
0.01
0.06
2.34
17.27
3.05
6.94
4.34
0.63
0.06
0.03
0
0.04
0.23
0.01
0.01
0.07
0.49
0.3
4.29
2.01
0.4
0.01
0
0
0
0
0
0
0
0
0
0
0
0
0
0
0
0
0
0
0
0.01
0.3
0.95
1.26
0
0
0.54
0
0
0.02
0
0
0
0
0
0
0.16
0.08
0
0
0
0.01
0.02
0
0.03
0
0
0
0
0
0
0
0
0.03
0
0
0.17
4.08
0
0
0
0.02
0.55
16.92
3.21
0.11
0.03
0.02
0.15
5.81
2.73
0.05
0
0
0.12
3.46
0.14
0.12
0.21
0.25
0
0
0
0.01
0
0
0
0
0
0
0
0
0
0
0
0.01
0
0.4
0.19
0.2
1.3
0.69
0
0.45
8.9
5.73
6.84
10.77
8.22
2.57
1.42
1.66
1.51
1.66
0.02
0
0
0
0.02
0
0
0
0
0
0
0
0
0
0
0
0
0
0
0
0
0.05
12.39
3.36
0.21
0
0
0.57
1.13
0.02
0
0
0.02
0.02
0
0.08
0.01
0
0.05
0
0
2.29
1.88
0.07
2.66
0.27
0
0.01
1.57
7.98
28.54
9.63
2.14
0.34
0.98
1.04
0
0.3
0
0
3.34
1.77
1.45
0
5.06
13.04
3.82
22.8
2.97
0
0.21
0
0
2.59
18.03
5.98
1.24
0.09
0
0
0
0
0.14
0
0
0
0
0
0.06
0.33
0
0.01
0
0.01
0
0.04
0.02
0.36
0.1
0.05
0.01
0.01
0
0
0
0
0.09
0
0
0
0.44
10.37
0.69
0
0.74
5.1
0.39
0
1.29
3.2
4.11
0
0
0
0
0
0
0
0
0
0
0.32
6.11
0
0
0
0
0.47
0.44
0.01
0
0.77
0
0.02
0.31
0
0
0.02
0
0
0
0.01
0
0
0
0
0.03
0.01
0
0
0.04
0
0.04
0
0
0
0
0.01
0.02
19.99
7.63
2.49
1.73
0.02
0.01
0
0
0
0.02
0.71
0
0.63
5.58
1.36
1.1
7.3
7.22
0.97
0
4.75
14.18
2.51
12.49
9.46
0.55
0.42
0.81
0.16
0.14
0
0.41
3.61
3.01
11.14
9.2
1.66
0.13
0.01
0.01
0
0.28
0
0.01
0
0.01
0
0.02
0.02
0.01
0
4.07
0
0
0
0
0
0
0
0
0
0
0
0
0
0
0.01
0.48
2.48
0.63
15.02
1.59
9.41
1.63
0.08
0.75
0.58
0.22
0
0.42
1.87
6.92
6.19
0.7
0.07
0
0.46
0.52
0.49
2.13
1.02
0.98
0.45
0.21
0
0
0.01
0
0
0
0
0
0
0
0
0
0
0
0
0.05
0
0
0
0
0
0
0
0
0
0
0
0
0
0
0
0
0
0.56
0.42
0.39
0.19
0.17
0.99
0.27
0.13
0.14
0.04
0.46
3.62
1.54
1.6
0.15
0.02
0
0
0
0
0
0
0
0
0
0
0.17
2.18
0.49
0.22
0.88
0.68
0.27
0.01
0
0
0
0
0
0.32
0.63
0.46
4.28
2.59
0.05
0
1.03
0.01
0
0
0.02
0
1.09
3.6
0.38
0
0
0
0
0
0
0
0
0.02
0.02
0
0
0.02
0.16
0.54
0.03
1.68
2.37
0.86
5.35
0.32
1.05
0
0
0
0.02
2.11
0.61
3.07
14.95
8.34
3.64
4.95
3.42
6.75
1.65
2.46
0.47
0.73
0.03
0.03
0.24
0.34
0.4
9.23
7.65
5.88
3.51
11.89
1.64
0
0
9.09
8.29
0.92
0
0
0.88
8.1
8.82
10.85
3.96
3.13
0
0
0.02
0
0.07
0
3.19
0.01
2.52
4.42
0.14
18.36
5.5
0.73
0
0.01
0
0
0
0.5
1.3
3.3
1
0
0.02
0.11
0
0
0
0
0
0
0.04
1.2
5.08
0.23
0
0.87
0.01
0
0
0
0
0
0
0
0
0
0
0
0
0
0
0
0
0
0
0
0
0
0
0
0
0
0
0
0
0
1.94
0.45
2.16
0
0.07
0
0.02
0.02
0.01
0.05
0
0
0
0
0
0
0.01
0
0
0.16
0
0
0
0
0
0
0
0
0
0
0
0.97
0
1.16
0.94
7.13
0.25
0
0
0.01
0
0.79
0.08
0.06
0.05
0.66
0.07
2.61
13.28
1.89
5.63
0
0
0
0
0.85
5.62
0.73
3.68
2.16
1.42
5.45
10.81
4.81
3.8
5.88
7.18
6.28
16.8
3.12
2.73
2.46
2.56
7.11
5.72
0
0.04
0
0
0
0
0
0.25
9.44
15.13
0
0.21
1.41
11.39
3.98
3.18
13.55
5.55
6.2
5.51
0.85
0.11
0.05
0.04
0.34
0
0
0
0.01
0
0
0
0
0
0
0
0.19
0
0.03
0
0
4.74
0.91
7.25
0.28
0
0
0
0
0
0.02
0
0.01
0
0
0
0
1.09
0.08
0
0
0
0.48
0.09
0.05
0.75
0
0
0.14
0.18
2.18
0.05
0.14
0.24
0.22
0.02
0.3
4.3
0.81
8.68
9.36
1.56
7.98
10.71
2.05
1.12
0.88
0
0
0
0.03
0.02
0
0
0
0
0
0
0
0
0
0
0
0
0
0
0.03
5.28
9.48
2.04
1.26
0
2.52
0
0.02
0.01
0.01
0.01
0.06
1.27
0.17
0.48
0.55
0.06
3.12
0.63
0
1.5
0.4
0
0.02
1.57
4.14
2.91
0.24
0.23
0
0
0
0
0
0
0
0
0.04
0.57
0
0.02
0.01
0
0
0
0
0
0
0
0
0
0
0.05
0
0
0
0
0
0
0
0.01
0
0
0
0
0
0
0.05
0
0
0
0.27
13.64
5.37
0
1.01
7.66
2.22
0.13
1.4
3.36
2.96
0.12
0.03
0
0
0
0
0
0
0.05
0.35
0.27
2.05
7.11
0.44
0
0.25
0.3
0.02
5.39
1.05
7.07
2.88
1
0.33
4.18
0
0.16
0.2
1.87
0.63
0
0
0
0
0
0
0
0.89
0
0
0
0
0.03
0.46
0.2
0
0
0
0
0
0
0
0.02
0.01
0.01
0
0
0
0
0
0
0.01
0
0
0
0
0
0
0
0
0
0
0
0
0
0
0
0
0
0
0
0.14
0.17
0
0
0
0
0
0
0
0
0.02
0
0.01
0.03
0.56
0
0
0.01
0
0
0.01
0
0
0
0
0
0
0
0.02
0.02
0.08
0
0
0
0
0.02
4.13
0.03
0
0
0
0
0
0
0
0.04
0.01
0
0
0
0
0
0.3
0
0
0
0
0
0.01
0.03
0.41
0.05
0
0.04
0
0
0
0.06
0.4
1.09
4.45
0.12
0.02
0
4.34
0.7
2.64
3.2
8.16
0.48
0.66
2.23
9.46
0
0.56
0
7.99
1.53
0.41
0.04
1.02
12.65
4.46
0.65
1.12
3.63
1.43
2.16
0.94
6.19
0.15
0.36
2.77
1.58
12.45
0.27
0
0
0.17
0
0
19.18
11.13
2.23
5.88
2.89
6.37
5.85
2.09
1.45
9.8
0.58
0
0
0
0
0
0
0.01
0
0
0
0
0
0
0
0
0
0
0
0
0.03
0.04
1.39
0.15
4.63
0.12
0.41
0.91
0
0.04
0
0
0.01
0
0.06
0.81
0.64
0
0.09
0
0
0
0
0.01
0
0.03
0.81
1.21
12.81
1.3
0.82
0.86
0
0.08
0
0.02
0.01
0
0
0.02
0.01
0.02
0
0
0
9.19
4.95
0.45
2.63
0
0.11
0.05
0.52
0.32
0.22
0
0.15
0.33
0.18
0
0
0
0
0
0.01
0
0.01
2.07
1.37
0.01
0
13.96
4.98
0.69
0.02
0.15
2.82
0
0
0
0.12
0.02
0
0
2.41
0.24
0
0.01
0
0.07
3.96
1.41
0.67
0
0
0
0
0.33
0.09
0.04
0
0
0
0
0
0
0
0
0
0
0
0
0
0.01
0
0
0
0
0
0
0
0
0
0.02
0
0
0
0
0
0
0.03
0
0
0.02
0.01
0
0
0
0.04
1.89
1.46
1.87
5.37
0.51
0.09
4.42
2.6
0.21
0.14
0
5.58
0.3
0.66
0
0.24
2.33
8.96
9.58
3.6
7.15
0.42
0
0.13
0
0
0.02
1.52
0
0
0
0
0
0
0
0
0
0
0
0
0
0
0.04
0.01
0
0.73
0.03
4.9
4.79
14.44
3.51
0.15
0
0
0
0
0.2
0
0
0
1.51
0
0
0.12
12.84
3.28
2.19
1.61
0.86
3.98
1.81
0
0
0.01
0
0
0.02
0
0.01
0.07
0.21
0
0
0
0
0
0
0
0
0.01
0.01
0
0
0.05
0
0
0
0
0.01
0.01
0
0.04
0.02
0
0.01
0.01
0
0
0.01
0.03
5.65
8.13
1.56
0.03
0
1.68
0.22
0
0
0.05
0.01
5
21
0
3.24
0.13
0
0
0.01
0.01
0.01
0
0
0
2.77
0.05
1.28
1.49
2.13
1.09
0
0
0
0
0.61
0
0
0
0
0.05
3.89
1.84
0.18
0
0
0.02
0
0
0
0
0
0
0.01
0
0
0
0.28
0.35
0
0.02
0
0
0
0
0.01
0.02
0.94
0.14
0
0.03
0
0.05
0
0
0
0.02
1.49
0.24
0.01
0.01
0
0
0
0
0
0.04
0
0.01
0.03
0
0
0.01
0.23
12.47
32.52
4.27
1.13
0.96
3.7
17.22
9.83
0.71
0.63
0.11
0.07
0.05
0.04
0.03
8.29
0.08
2.28
0
0
1.83
0.02
0
2.06
10.74
0
2.06
3.58
1.27
1.21
0
0.1
0
0.02
0.32
13.29
0.74
0.04
0.98
1.36
0.98
0.42
10.92
3.8
5.07
7.21
3.57
13.09
2.13
23.24
13.29
23.3
1.74
0.4
0.09
11.59
7.88
15.41
1.93
8.56
9.8
2.5
15.36
1.77
0
0.63
1.25
1.01
0.72
0.62
5.58
2.66
8.62
7.34
25.19
3.88
2.36
1.75
2.21
9.24
2.7
0.28
6.75
12.3
4.43
1.31
3.49
8.84
3.64
0.3
0.22
0.21
1.23
0.15
0.5
1.99
0.51
0
0.14
0
0.13
1.31
0.34
0.12
0.02
0
0.03
0.1
10.88
0.3
1.63
0
0
0
0
0
0.01
0
0
0.28
0
0
0.02
0
7.14
1.42
0.45
0.09
0.41
0.32
2.58
0.05
0
0
0.03
0.02
0
2.09
0.02
1.34
19.93
12.13
7.02
7.95
0.55
0.02
0
0.9
4.7
2.73
1.05
0
0
0.01
0
0.04
0
0.01
0.1
0
0
0.01
0
1.13
4.89
0.07
0
0.03
0
0.18
2.21
0.89
1.01
0.6
2.84
0.42
0.06
2.68
25.88
6.24
2.09
6.96
11.36
9.28
1.38
0
0
0.05
1.13
3.83
6.88
3.48
0.31
0.01
0
0
0
0
0
0
0.01
0
0.46
5.72
0
0
0
0.13
0
0
0
0
0.02
0
0.03
0.02
0
0
0
1.54
2.38
0
1.28
0.02
0
0.01
0
0
0
0
0
0
0
0
0
0
0
0
0
0
0.02
0
0.01
0
0
0.05
0
1.16
0.64
0.01
0
0.01
0.08
0
0
0
0.29
0.84
0.45
0
0
0
0.04
0
0
0
0
0
0.05
0
0.02
0.78
0.01
0
0
0.01
0.02
0.69
0.25
20.88
0.3
0
0.01
0.05
0
0
0
0
0
0
0.01
0
0
4.48
0.01
0
0
0
0.04
1.06
0
0
0.07
1.72
1.82
0.64
7.24
1.28
0
0
0.03
0.56
1.5
1.41
3.16
18.03
3.89
0
0.02
0
0
0
0
0
0
0
0
0
0
0
0
0
0
0
0
0
0
0
18.03
1.37
0.87
0.02
0.87
1.95
0
0
0
0
0
0
0
0
0
0.02
0.01
0
0
0
0
0
2.7
0.62
0.21
0
0.48
0
16.18
30.44
10.99
9.24
3.17
1.68
13.28
7.38
1.86
4.68
1.15
0.74
0.77
0.71
0.16
0.36
0.17
0
0
0
0
0
0
0
27.73
7.01
5.61
0.98
1.43
0.21
4.14
12.89
18.79
16.07
3.26
0.16
3.18
5.18
7.95
6.06
12.83
11.42
5.2
8.03
7.31
4.34
1.07
1.88
2.63
15.93
7.45
12.64
7.1
10.91
5.59
3.38
14.55
8.35
17.18
18.94
2.46
1.88
0.25
0.38
0.74
0.63
2.46
8.21
2.31
11.58
24.54
15.72
4.11
7.17
1.43
0.75
1.19
0.17
0.57
0.25
0.27
0
0
0
3.45
0.36
0.14
0
0
0
0
0
0
0
0
0
0.4
0.02
0
0.02
0
0
0
0.08
1.39
0.13
0
0
0
0
0
0.02
0.07
0.15
0
0
0
0
0
0
0
0
0
0
0
0
0.01
0
0
0
0
0
0
0
0
0.01
0
0
0
0
0
0
0
0.25
0
0
0.01
0
0.22
0.3
0.03
0.02
0
0
0
0
0
1.17
6
5.5
9.95
4.48
0.12
0.16
0.01
0.01
0
0.02
0.05
0.02
0
0
0.01
0
0
0.6
2.78
1.72
1.92
0
0
0
0.21
0
3.3
2.18
2.7
7.36
2.18
0.13
0.05
0.14
0.49
0.36
3.88
10.27
1.75
1.14
0
0
0.21
7.27
5.9
2.36
1.23
10.15
13.48
1.01
0.38
0.43
0
0.01
0
0.23
0.02
0
0
0
0.09
2.36
0.89
0.05
0
0
0
0
0
0
0.01
0.01
0.57
0.28
0.08
10.43
8.9
1.17
0
0
0.32
0
0.09
0.73
0.13
0.04
0
0.02
2.46
0
0.38
0
0
0
0.02
0
0
9.06
2.26
0.58
0.41
1.64
0.12
0.09
0
0.02
0
0
3.4
0
0.18
0
0.87
0
3.49
20.46
0
0.01
0
0
0
0.15
0
0
0
0.02
0.02
1.44
5.57
0.03
5.62
0.08
1.32
0
0.01
0
0
0
0
0.01
0
0.01
0
0.01
0
0
0.01
0.01
0
0.29
1.61
5.2
2.43
0.01
0
0.6
1.32
0
0.03
0.51
3.57
2.84
1.38
0.23
0.55
0.03
0.13
0.29
0.01
0.37
0
1.13
1.72
0.05
0
0
0.01
0
0
0
0
0
0
0
0.01
0
2.44
3.18
3.77
0.4
0.34
0.22
0.54
2.66
3.98
0
0
0.01
0.19
15.82
7.1
6.8
17.55
11.93
10.7
6.44
2.78
8
14.77
2.29
16.47
0.13
0.04
0.3
1.82
10.08
2.02
2.42
13.19
3.35
0.93
2.77
11.65
4.12
0.54
2.15
0.01
0.05
0
0.03
0
25.09
0
0.02
0
1.01
0.93
0.46
2.69
5.12
0
0.03
5.29
10.89
26.52
5.98
3.9
1.15
5.95
9.44
1.58
0.33
2.11
0.62
0.52
1.19
5.74
2.08
9.7
0
0.51
1.13
0.84
0
0.21
0
0
0.02
0
0.55
2.94
1.84
0.14
0.01
0
0
0.32
0
0.16
0
0
0.88
0.59
2.84
5.02
1.42
1.05
3.99
1.31
5.89
3.36
13.48
5.91
6.55
0.5
0.23
0
1.08
3.35
0
0
0
0
0
0
0
0
0
0.01
0
7.2
0.01
0
0
0
0
0
0
0
0
0.3
0
0
0
0
0
0
0
0.01
0.02
0
0
0
0
0
0
0
0
0
0
4
0.36
0.07
0
0.01
0.11
9.09
0.03
6.59
0
0.09
1.43
0.41
2.29
0.78
1.29
0.01
4.54
3.83
3
0.07
0.45
12.44
1.38
12.38
1.63
0
0.07
0.81
0.05
5.5
0.1
0
0
1.64
0.33
19.7
4.51
2.29
1.73
3.01
0.24
0
0
0
0
0.02
0
9.66
13.52
0.94
6.06
17.45
8.7
0
0.3
0.12
10.55
3.38
5.1
3.98
6.09
11.77
1.21
1.63
8.49
1.72
9.99
0.66
0.83
0.03
0
0.55
1.04
9.06
0.09
0.02
0
0
0
0
0
0
0.01
0.02
0
0
0
0
0
0
0
0
0
0
0
0
0
0.03
3.42
3
0
0
0
0
0
0
0
0
0
0
0
0.04
0
0
0
0
0
0
0
0
0
0
0
0
0.01
0
0
0
0
0.01
3.67
0.14
0
0
0
0.03
0
0
0
0.19
0.01
1.15
1.97
0
7.32
0.23
0.06
0.98
8.66
2.02
0.04
0
0
0.02
0
0
0
0
0
0.01
0.01
0
0
0
0
0
0.01
0.07
0
0
0
0.05
0
0
0
0
0
0
0.01
0.12
0
0.15
10.33
2.68
0.33
5.55
2.7
4.32
10.39
1.88
0.34
0
0.03
2.08
11.57
7.96
1.88
0
0.4
0.51
0.34
0
0
0
0
0
0
0.02
0.09
0.02
0
0.01
0.04
0
0
0.52
0
0
0
0
0
0
0.12
0.2
1.21
11.68
0.27
0.42
0.01
0.01
0
0.02
0
0.01
0.02
0
0
0
0
0
0
0
0
0
0
0
0.16
0
0
0
0
0
0.05
0.87
0.29
0.23
0.09
0.02
0
0.42
0
0.21
0.98
0
0.07
0.34
0
0.01
0
0
0
1.3
0.05
0
0
0
0
0
0.12
0.58
6.15
10.2
6.32
0.63
0
0.09
0.01
0.02
0
0.01
0.26
4.36
0.02
0.02
0
0
0.02
0.07
3.07
2.62
0
0
0.06
0.59
3.73
0.75
0
0
0.02
0.01
0
0
0
0
0
0
0
0
0
0
0
0.13
10.46
0.66
0
0
0
0.02
0
0
0
0
0
0
0
0
0.01
10.06
2.7
0.04
0.07
1.79
0.17
0.07
1.47
1.28
0.01
0
0
0
0
0.11
16.34
9.05
0.91
1.18
4
0.65
0.09
0
0
0
0
0.03
0.2
9.49
5.07
1.92
2.37
0
0.03
0.03
0.01
0.05
0
0
0
0
0.05
0.04
0.04
0.02
0.01
0.02
0.18
0
0.39
0.97
11.39
0.59
0.02
0.02
1.48
1.11
0.01
0.06
0.02
3.02
4.14
10.78
12.61
3.62
1.25
1.32
5.07
2.41
0.87
0.86
3.97
0.82
0.02
0.01
0
0
0
0
0.01
0.01
0.72
5.25
5.01
1.34
0.12
0
0
0.02
0
0
0.02
0
0
0
0.24
4.29
14.54
0
0
0
0
0.42
0.14
7.87
6.21
0.07
0
0
12.92
0
0.04
0.98
0.1
0
0.01
0
0.01
0
0.87
0.55
0.01
0
0
0.13
0.02
0
0
0
0
0.08
0.01
0
0
0
0
0.39
0.33
4.78
0.06
0
0
0.01
0.01
0.05
0
0.01
0
0
0
0
0
15.3
5.62
0
0
0.05
0
0.02
0
0
0.01
0.02
0
0.71
0.01
0
0
0
0.73
0
0
0
0
0
0.32
1.58
0.05
0
0
0.06
0.11
0.74
1.37
0.48
0
0
0.02
0
4.41
0.49
0
0.86
1.37
0.85
0.14
0.07
0
0
0.03
0
28.92
0
0
0.01
0.13
11.49
22.05
0.78
0.14
0.09
0.03
0
3.1
0.59
0
0
0.03
0
0.06
0
0.01
0
0.82
19.81
6.56
0.02
0.01
0.11
2.43
10.82
2.64
0.1
0.11
1.86
13.16
2.16
7.88
17.55
4.55
16.2
23.56
6.03
1.62
7.09
1.11
0
0.14
0.06
0
0.11
0.02
0
0.05
0.03
0.03
0.01
0.06
0
0.31
15.2
7.22
2.77
2.21
1.2
0
0.08
0
0
2.16
0.3
0.04
0
0
0
0
0.02
0.01
0.16
0.01
0
0
0.01
1.14
0.08
0.05
0
0.59
7.04
0.61
0.05
0.04
1.41
7.52
1.76
0.48
0.27
0.09
0.13
0
0.18
0
0
0
0.3
0
1.88
6.26
11.51
1.02
0.23
0
0
0
0
0
0
0.09
0.01
1.04
0.86
0
0
1.29
11.75
0.54
0.29
0.13
0
0
0
0
0
0
0
0
0.09
0.04
0
0
0
0.26
1.79
0.5
0
0
0
0
0
0.01
0
0
0
0
0
0
0
0
0
0
0
0
0
0.01
0
0
0
0
0
0
0
0
0
0.01
0
0
0
0
0
0
0
0
0
0
0
0
0
0
0
0
12.15
1.24
6.03
3.95
0.41
0.23
0.02
0.35
0.09
0.13
2.04
0.88
0.8
5.7
5.12
2.02
0.91
0
4.22
8.34
8.21
6.43
0.91
0.48
4.05
5.57
21.08
6.91
0.76
7.45
2.39
0
0.23
8.44
0.38
0
0.75
2
4.03
0.59
0.17
0.1
0.95
0.05
0.8
5.03
3.33
3.05
8.88
2.75
3.03
1.59
0.07
0.02
0
0
0
2.23
1.3
0.27
0.36
0.26
3.7
1.07
3.59
2.64
0.13
1.47
0
0.05
0
0.55
0.02
0.43
0.01
0.57
16.55
0
0.03
0
0.03
0.14
0.05
0
0
0
0
0
0
0
0
0
0
0
0
0.01
0
0
0.76
0
0
0
0
0
0
0.02
0
0
0
0
0
0.01
0.34
0.05
0
0
0
0.01
0
0.87
0
0
0
0.06
0
0.02
0.03
0
0.01
0
0
0
0.04
0
0.08
0.04
0
0
0
0
0
0
0
0
0.21
0
0.01
0
0
0
0
0
0
0.02
0
0.02
0
0
0
0
0
0.03
1.66
0
0
0
0
0
0.02
0
0
0
0
0
0
0.02
0
0.06
0
0
0
0.11
1.55
5.62
1.02
0
0
0
0
0.01
1.73
0.01
4.05
1.05
0
0.16
1.3
0
0
1
0
0
0
0.01
0.15
2.72
0.11
0.33
0.09
0.14
0.02
0
0
0.43
4.85
2.41
0
0
0.09
0.38
0.59
0
0.02
0
8.04
0.07
0.05
17.06
0.32
1.42
17.77
4.17
1.95
0.81
0.03
0.01
0.02
5.56
4.94
0.08
0
0.35
0
0
0.02
0.68
3.02
12.14
3.98
6.47
0.85
0.99
0.28
1.18
7.81
0.98
6.58
0.45
0.08
0.24
7.33
10.07
3.28
0.97
0
0.02
0
0
0.38
5.82
0.02
0.02
0.21
0.01
0.21
0.17
1.69
11.55
4.72
6.82
7.06
6.93
4.41
8.43
23.69
2.51
0.35
5.09
2.1
2.79
1.54
4.63
1.74
0.67
0.47
2.59
3.93
7.2
1.41
0.78
1.34
2.14
3.58
3.95
11.45
1.27
0.06
0
0.59
2.84
5.92
1.71
21.62
8.03
3.09
0.21
0.02
0.01
0
0
0
0.34
1.26
0.64
1.59
4.77
0.69
0.05
0.05
0
0.06
0.13
0.28
0.06
0.09
1.23
0.06
0
0
0.01
8.84
4.78
0.34
0.34
0.56
0
19.98
11.97
4.75
11.5
0.93
0.58
21.56
2.27
0.25
0.67
0.04
0.15
0.04
0
0.25
5.5
0.11
0
0.12
0.04
0.01
0
0.16
1.25
1.85
2.97
1.03
0.36
0.96
0.37
0
0
0
0
0.04
0
0
0
0
0
0
0.05
0
0
0
0
2.15
18.14
0.99
0.12
0.14
0
0
0
0
0
0.15
0.48
0
0.32
0.67
3.67
1.96
0.31
1.13
0.2
0.02
0.34
0.73
3.29
1.07
0
0.01
0.02
0.29
1.16
0
0.34
15.08
12.5
9.38
13.67
1.71
0.05
0.11
0.02
0
0
0
0
0
0
0
0.01
0.02
0
0.01
0
0.01
0.68
5.64
1.71
0
0
0.01
0
0
0
0
0
0
0
0
0
0
0
0
0
0
0
0
0
0
0
0
0
0.02
0
0.01
0
0
0.13
0
0.07
0
0.44
0
0
0
0
0
0
0
0
0
0
0
0.02
0.01
0.05
0.11
0.01
0
0
0
0
0.02
0.35
0.09
0
0
0
0
0
0.03
4.57
0.63
0.26
0.03
0
0.01
0
0
0
0
0
0
0.04
0.01
0.02
0
0
0.01
0
0
0.05
5.35
0.68
0.54
4.38
0.25
0
0
0
0
0
0.01
0
0
0
0
0
0.55
0.3
15.63
6.95
8.04
0.64
0
0.27
0.02
11.27
0
0
0
0
0
0.28
0
7.18
0.42
2.32
0.56
0.3
0
20.19
1.86
0
0.12
1.96
6.83
13.84
11.14
4.56
0.52
0.9
0.03
0.03
0
0.1
0
0
0
0
0
0
0
0
0
0.22
1
0.25
0
0.23
0.01
0.01
0
0.16
0.23
4.09
0
0.03
0.01
0
0
0.01
0
0
0
0
0
0.02
0.02
0
0.01
0
0.01
0
0.01
0
0
0.01
0.01
0.02
0.04
0
0
0
0
0.1
0
0.02
0
0
0.01
0
4.4
12.68
1.36
0.02
0
0
0.03
0
3.89
2.06
1.71
6.81
9.79
1.21
0.08
0.01
0.02
0.01
1.27
0
0.02
0.26
2.95
0.17
0.49
0.02
1.03
0.08
0
0.16
2.02
1.82
8.25
0.58
0.23
0.04
0
0
0
0.02
0.01
0.02
0
0.09
0.24
3.05
0.46
0.11
0
0
0
0
0
0
0
0
0.01
0
0
0
0
0
0
0
0
0
0
0.48
1.09
2.32
0
31.22
6.73
0.16
0.02
0.02
0
0
0
0.02
0.75
7.22
6.47
12.76
8.91
1.45
0.7
0.07
0
0
0
0
0
0
0
0.07
5.75
1.52
0.12
0.01
0.47
3.62
1.95
0
6.39
6.35
7.08
0.9
1.04
23.06
10.3
7.96
0.31
0
0.02
0
0.02
0
0.01
0
0
0
0
0
0
0
0
0
0
0
0.02
0.43
0.58
0.32
5.77
2.43
18.53
19.27
1.96
4.76
2.02
0
0.04
0
0
0.01
0.04
0
0
0
0.12
1.37
0
0.01
0
0
0
0
0
0
0.05
0
0
4.8
6.65
3.91
6.52
3.25
0
0
0
0
0
0
0
0
0
0
0
0.02
0
0
0
0
0.02
0
0.02
0
0
0.03
3.48
1.04
0.01
0
0
0
0
0.03
0
0.01
0
0
0
0
0.01
0
0
0.01
0.02
0
0
0
0
0.01
0
0.01
0
0
0.02
0.04
1.84
0
0
0
0
0
0.02
0
0.01
0.03
0.07
1.13
0
0
0.86
0.49
1.61
0.08
0
0.57
0
0.05
3.05
2.39
2.21
13.49
1.57
8.9
0.5
0
0.1
0
0
1.16
0.29
0
0.01
0
0.01
0.08
0.44
0
0.04
0.01
0
0
0.35
7.54
3.05
2.15
1.33
1.51
13.59
2.76
1.33
2.72
0
0.43
0
0
0
0
0.11
3.53
1.49
0
0
0
0.06
0.61
9.46
14.61
16.71
0.17
0.03
0
0
0.22
0.82
0.15
0
0.01
9.34
11.39
5.93
0.29
0.02
0.03
0.01
0
0
0.58
5.33
0.02
0.01
0.21
0.03
0
0
0
0
0.01
0
0
0.02
0.63
8.44
6.98
5.32
7.31
0.93
1.88
11.32
3.62
1.99
7.3
2.01
5.39
0.17
0.1
3.61
1.78
6.69
0.38
4.82
0.07
0.07
0.09
0.05
0.2
0
0.03
11.59
5.33
3.68
0.64
4.77
1.37
0.19
3.31
5.61
3.94
7.84
0.62
0
0.73
0.4
1.77
0.9
3.64
4.91
0.04
0.42
3.39
0.78
1.14
3.89
0.68
1.36
13.21
1.7
16.11
5.41
5.24
0
0
0
0.01
0.19
0.02
0.51
0
4.27
2.61
7.79
0.86
8.05
1.14
0
0.17
0
0
0.01
0.14
1.17
1.37
0.08
0.04
0.04
0.04
0
0
0
0
0
0.22
0.25
0.02
0.27
0
0.09
0.02
0
7.8
12.43
3.19
0.21
4.75
0.18
8.2
30.84
12.45
2.48
0.07
0.01
0.13
0.03
0.36
3.27
0.13
0
0
0
0
0
0
0
0.09
0.3
0.08
0.04
0
0
0
0
0.11
0
0
0.38
4.05
16.83
2.15
11.55
16.26
2.09
0.47
0.01
0.01
0
0.01
0
0.01
0.02
0
3.44
2.1
2.64
10.58
9.9
3.05
0.1
0.42
2.13
14.65
1.41
0
0.71
0.02
0
0.17
0.18
0
0
0
0.13
0
0
0
0.29
1.06
25.89
6.7
2.64
0.01
0.16
0.05
0
0.02
0
2.41
12.27
0.21
0
0
0
0
0
0.01
0.7
0
0
0
0
0
0
12.84
9.74
0.02
0
9.78
0
0
0.02
0.54
0.05
0
0
0.01
0
0.41
6.71
0.15
0.68
0.14
0.04
0
0
0
1.55
0
0
0
0
0
0
0
0
0
0
0.01
0.05
0
0
0
0
0
0
2.71
0
0.09
0
0
0
0
0
0
0
0
0
0
0
0
0
0
0.04
0.04
0
0.04
0
0
0.06
0.44
0
0
0
0.28
0.05
0
0.01
0
0.01
0.04
0.01
2.14
0.68
0.1
0
0.61
13.76
0
0
0
0
0
0.07
0.02
0
0
0.07
0
0.03
13.98
1.02
0.9
0
0
0
0
0
0.02
0
0
0
0
0
0
0
0.02
1.45
0.49
0.12
0.07
0.02
0.32
0
0
4.06
16.64
4.97
2.96
0.83
0.02
0
0
0
0
0
0
4.92
11.47
22.25
6.67
0.94
21.16
4.53
17.62
8.61
0.63
1.16
0.05
0.01
2.07
12.67
9.23
5.58
10.31
2.61
10.8
12.88
0
0.07
0
0.01
0
0
0
8.29
1.07
0.95
0
0
0.01
0
8.21
5.95
0.13
0
0
0.02
0
7.44
4.1
0.02
0.07
5.87
0.45
0.02
1.09
4.41
0.86
0.13
0.23
0.8
2.16
4.59
2.25
1.04
4.27
0.29
0.02
0.02
0.01
0
0.13
0.32
0.46
3.16
0.05
0.38
0.28
0
0
0
0
0
2.62
0.7
0.98
2.14
0
0.02
0.12
0.06
0
0
0
0
0.05
0.18
0.01
0
0.02
0.01
0.23
0.3
0
0.02
0
0
0.01
0
0.1
0.04
0.03
0.38
4.07
1.41
0.27
0.08
4.34
2.97
0.26
0
0
0
0
0
0
0
0
0
0
0
0.02
0.01
0
0.02
0
0
0.04
4.67
5.71
4.88
5.82
27.82
12.04
2.16
1.16
0.6
0.86
0.01
0
0.01
0.14
1.25
1.39
0.08
0
2.93
0.56
0
7.5
2.67
0.03
0
0
0.01
0
0.01
0
0
0
1.76
1.05
0.2
7.83
9.25
8.27
8.67
17.54
3.18
8.32
1.91
0.29
0
0.24
0.48
0.12
1.89
0.04
0.01
0.02
0.01
0.02
0
31.34
15.84
2
6.25
0.02
0.09
1.7
2.29
0
0
0.01
0
3.2
31.63
9.76
2.72
5.16
23.18
2.29
1.93
12.56
1.14
0.06
0.04
2.59
5.54
7.8
0.7
0.04
0
0.02
0.08
2.08
0.09
0
0.04
0.27
8.79
8
12.2
5.98
5.32
0.22
0.73
0.11
0
0.15
0.02
0.01
0
0
0.02
33.98
0.18
0
0.02
0
0.26
6.72
0
0.02
0
0
0
1.22
0.2
0
0
0
0.01
0
0
0
0
0
0.02
0
0
0
0
0.3
1.98
8.46
0.28
0
0.01
0.01
0
0
0
0
0.29
1.96
0
0
0.02
0
0
0
0
0.41
0
0
0
4.47
0.1
0
0
7.23
0.08
0.25
1.23
0
0.02
0
0.14
5.52
0.16
0
0.01
0
0
0
0.2
0.27
0.12
0.42
0.13
0.08
0
0
0
0.18
0
0.45
0.15
0.07
0
0
2.34
12.48
12.09
0.7
8.35
3.58
0.49
0.18
0.16
0
0.03
0
0
0
0
0
0
0
0.02
0
0
0
0
0
0
0
0
0
0
0
0
0
0
0
0
0.02
0
0.05
0.02
0.32
0.13
0
0
0.01
0
0.01
0.1
5.89
4.34
5.08
5.86
0.71
0.03
0.6
15.56
2.8
25.66
9.32
5.1
1.49
1.87
2.34
0.36
1.71
19.75
0.74
0
0.02
0
0.03
0.09
0
0.01
0
0
0
0
0.03
0
0
0
0.02
0
0
0
0
0
0
2.7
2.57
0.2
15.52
1.91
6.96
0.18
0.08
0.05
0.02
0
0
0
0.01
0.17
0
0.04
0.62
0.04
0.01
0
0
0
0
0.01
0.01
0.02
0.34
0.27
0.02
0.13
0
0
0
0
0
0
0
0
0
0
0
0.01
0
0
0.02
0.01
0.01
0
0
0
0.02
0
0
0
0
0.09
0.19
2.31
0.99
0.02
0
0
0
0
0
0
0
0.04
0.38
1.95
0.29
0.38
0
0
0
0
0.05
0
0.04
0
0
0
0
0.36
0.17
13.69
20.93
0.71
0
0.02
0.02
0.03
0.06
1.79
0.05
0.02
0.02
0.01
0
0
0
0
0
0
0.94
3.59
0.14
0
0
0
0
0.08
1.02
0.82
2.93
0.15
0.93
1.41
0.8
2.55
0.77
0.01
0.02
1.71
10.82
5.61
2.8
0.68
0.02
0
0.95
0
0
0
0
0.77
1.34
0.02
0.02
0.04
0.04
0.02
0.07
0
0
0.01
0.03
0
0.01
0
0
0
0
0
0.09
0.03
0
0
0
0
0
1.46
0.13
0.51
0.2
9.04
1.42
0.02
2.66
2.27
0
0
0
0
0
0
0
0
0
0
0
0.73
0.52
3.2
0.71
0
0.05
0
0
0
0
0
0
0.6
0.29
3.25
0
0
0
0.09
0.05
0
0.07
5.19
0.81
0.02
9.75
0.82
0.01
0.15
5.56
0.33
0.13
0
0
0.03
0
0
0
0.01
1.02
0.67
6.02
0
0
0
0
0
0
0
0.01
0
0
0
0
0
0
0
0
0
0.01
0
0
0
0.09
0.07
0
0
0
0
0
0
0.02
0
0.86
0.01
0.02
0
0
0.71
1.63
0
0
0
0
0
0
0
0
0
0
0
0
0
0
0
0
0
0
0
0.11
20.85
5.53
0.22
0.05
0.05
0.01
0.21
1.36
0.02
0
1.76
0.02
0
0
0
0
0
0.11
0.02
0.06
0.01
0
0
0
0
0
0
0
0
0
0
0
0.02
0.06
0.61
2.06
5.27
1.25
0.63
1.66
0.08
11.03
2.52
0.14
0.58
0.41
15.34
0.03
0.16
0.02
0.02
0.16
13.27
0.45
2.77
0.38
0.02
0.01
0.01
0.11
0.07
0.02
0.09
0.39
0.25
0.09
0.41
14.55
8.73
12.63
4.14
0.37
0
0
0.01
0.01
0.01
0.01
0
0.01
1.84
0
1.14
0.98
0.09
0
4.05
10.96
0.29
0.75
0.38
0.02
0
0
0
0
0
0
0
0
0
0
0
0
0.04
0.48
0
0
0.86
0.01
0.23
10.36
0.87
0.19
1.47
0.08
0.62
0.14
0.3
0.01
0.27
1.13
4.57
3.68
0.5
7.22
0.53
0.05
0.02
0
1.52
2.98
5.35
0.5
0.27
0.04
0.02
0.02
0
0
0
0
0.48
0.14
0
0.71
0.52
0.09
0
0
0
0
0.01
0.01
0
0
0
0
0
0.04
0
0
0
0.05
0.67
5.29
2.29
2.33
3.79
2.71
6.57
1.95
13.6
4.45
0
0.19
0
0.14
1.47
14.25
1.14
0
0
0
0.79
0.01
0.01
0
0
0
0
0
1.21
12.59
4.76
3.33
1.23
1.53
1.88
0.12
0
0
0.04
0
0.04
0.01
0
0
0.02
0
0.06
9.43
5.48
1.45
1.32
0
0
0.01
0
0
8.71
4.99
1.61
8.88
0.24
0.36
0.2
5.8
1.93
0.3
0
0.01
0.02
0
0.02
0
0
0
0.29
4.22
2.57
1.09
0.26
0.31
0
0
0
1.29
2.26
0
0.05
0
0
0
0
0.16
0
0
0
0
0
0
0
0
0.77
2.66
0
0.37
0
0
0
0.02
0.02
0
0
2.86
15.27
0.54
0.01
0.03
0
3
4.02
0.95
5.25
0
1.97
5.23
0
0
1.48
0.13
0.32
0
1.55
0.29
0.02
0.08
0
0
0
0
0.02
0.01
0
0
0
0
0.1
0.12
2.78
0
0.57
0.32
3.8
11.46
2.84
0.06
0
0
0
0
0.02
0
0
0
0
0
0
0
0
0
0
0
0
0
0
0
0
0.01
0
0
0.01
0
0
1.7
0
0
0
0
0.01
0.05
0
0
0
0
0
0
0
0
0
0
0
0
0
0
0.08
0.22
2.94
0.09
0.13
12.13
15.75
11.07
0
0
0
0
0.03
0.65
29.48
0.8
0.51
1.08
0
0
0.02
0.05
0.02
0.01
0.01
0.76
0.52
0
0
0.01
0
0
0
0
0.05
0
0.1
0
0.01
0.32
22.43
10
10.95
27.51
0.37
4.49
21.02
0.42
3.36
0.44
0
0
0
0.01
0.01
0
11.34
13.91
3.27
0.21
1.27
6.78
0.57
0
0
0
0
0
0.41
3.7
8.17
0.26
0.13
0.12
0.02
0.01
0.18
1.77
2.35
7.85
0.12
0
0.07
0.1
0.01
0.02
0
1.75
0.66
13.03
0.6
12.94
0.27
0.01
0.01
0.01
0.07
0.09
0.07
0.07
0
0
0
0.01
0
0.01
0.66
0.01
0
0
0
0
0
0
0
0.01
0.02
0.07
0
0
0.01
0.01
0.02
0.03
0
0
0.01
0
0
0
0.25
0.02
0.01
0.02
0.14
0
0.21
5.21
1.57
3.38
3.8
1.45
0.2
0.16
3.01
0.6
0.07
0.05
4.44
2.32
1.12
3.2
0.35
6.42
22.43
0.82
0.44
2.95
1.76
0
1.85
0
0.99
1.23
0.51
0.06
5.73
0.4
0.41
1.34
0.55
2.69
0.09
0
0.05
0
0
0
0
0
10.25
7.66
0.78
0
0
0
0.01
0.01
0
0.01
0.41
0.23
0
0.12
0.29
0.69
0.01
0
0.52
0.23
6.09
12.63
4.1
0
1.66
7.46
6.61
1.05
2.55
3.48
2.27
12.16
6.24
1.61
0.62
1.81
1.02
16.14
1.98
0.82
2.07
0.35
1.15
0
0.01
0.02
0
0.16
0.02
0
9.11
17.43
12.63
3.46
0.17
2.36
1.01
3.71
2.22
0.12
0.13
0.02
0
0.02
0
0.09
0
0.3
0.33
0.1
0
0
0.03
0.16
19.79
13.76
0.84
10.15
2.85
5.55
4.35
4.34
0.66
0
0
0.01
0
0.02
0
0
0.31
0
0
0
0
1.28
0.26
0
0
0.03
6.92
12.72
18.03
1.81
0
0
0.01
0
0
0
0
0
0
0
0
0
0
0.02
0
0
0
0
0.01
0.13
0
0.02
0
0
0
0
0
0
0
0
0
0
0
0
0
0.02
0
0
0
0
0
0.03
0
0
0
0
0.03
1.26
10.81
0.05
0.13
0.04
0.03
0.04
0
4.01
0
0
0
0
0
0.02
0.05
0
0.03
0.05
0
0.34
0.4
0
0.02
0
0
0
0
0
0
0.07
0
0
0.38
0
0.03
0.93
4.32
0
0.31
1.74
11.45
0.43
1.04
0.11
0
0
2.38
2.94
3.87
2.1
0.07
0
0
0
1.25
1.06
0
0.42
11.75
4.72
7.52
0.85
0
0
0
0
0.05
0
0.03
0
0.01
0
2.03
0
0
0.03
0.06
0
0.93
1.84
0.35
0
0.67
0
0
0
0
0
0
0
0.02
0
0
0
0
0
0
0
0
0
0
0
0
0
0
0
3.52
11.95
0.8
3.44
0
0
0.01
0
0
0
0
0.01
0.26
0
0
0
0.01
0
0
0.03
0
0.07
0
0
0
0
0
0
2.52
1.03
0.48
1.14
0.58
2.27
0.11
0.25
0
0.01
0
0
0
0
0
0.1
6.63
8.3
1.27
0.83
0.37
0.25
0.02
0
0.37
6.63
0.27
6.82
0.14
3.74
1.23
0
0
0
0.01
0
0
0
0
0
0
0
0
0
0
0
1.06
1.13
6.29
0
0
0
0
0
0
0
0
0
0.02
0.2
0.03
0.06
3.25
3.77
15.56
0.13
0.16
0.13
0.44
4.37
0.25
0.08
3.39
3.42
0
0
0
0.02
0.02
0
0.02
0
0
0.05
0.27
0.02
0
0
0
0
0
0.49
0
0.07
0.32
0.23
13.43
0.26
0.09
0.01
1.8
0
0.05
0.24
3.6
0.16
0.27
0
0
0
0.07
1.59
3.9
15.11
5.89
12.16
7.74
0.36
0.48
0
0.84
10.98
19.72
8.98
20.31
7.03
0.11
0.09
0
0
0.8
0.85
1.38
0.11
0.01
0.07
0
0
0
0
0
0
1.44
4.48
13.62
14.33
0.98
7.3
10.69
1.29
3.33
5.4
2.24
3.7
1.02
0
4.35
0.54
8.78
1.65
2.54
0.53
2.32
2.63
0.25
4.5
15.29
4.96
7.61
0.2
0.74
0.97
0
0
14.75
13.5
6.73
3.16
0.01
0.35
0
0
5.81
0.05
0
0
0
0
0
7.06
0.08
0.02
0.23
0
0
0.59
0
0
0
0
0
0.01
0
0
0
0
0.01
0.1
2.24
0
15.48
0.58
1.5
0.6
0
0
0
0
0.09
0.06
0
0
0
0
0
0
0
0
0
0
0
0
0
0.03
0
0
0
0
0.01
0.02
0
0
0
0
0
0
0
0.01
0.02
0
0.25
0.02
0.01
0.95
2.89
0.13
0.05
0
0.03
0
0
0
0.22
1.48
4.45
0
0.03
0.5
11.66
1.26
0
0
0
0
0.04
0
0.02
0.01
0
1.16
2.72
7.28
0.16
8.72
0.5
4.96
0
0
0.02
0
0
0
0
0
0
0.94
0
0.43
0.2
8.73
2.21
2.27
0
0
0
6.27
2.75
0.25
0
3.66
8.71
3.16
1.35
0
0.05
7.12
13.38
2.96
12.73
20.54
9.27
2.65
0
0.34
0.04
0.21
2.26
0.14
0.01
0.02
0.14
0.02
0
0
0
0
0.05
0
0
0
0.01
0
0
1.94
0.53
0.34
0
6.21
1.88
1.16
3.66
0.63
3.94
1.04
0.11
2.6
19.63
3.63
0.86
0.42
0.05
1.18
9.43
0.46
0.62
0.1
0.18
0
0
0
0
0
0
0
0
0.71
0.02
0.01
0
0
0
0.81
0.72
7.83
1.48
0
0.64
0.02
2.35
1.33
0.01
0.39
0.06
1.96
0.03
0.06
0.51
0.52
1.19
7.95
1.24
1.71
15.93
1.54
0.06
4.42
0.4
0.5
2.31
0.31
2.67
3.11
11.84
2.19
4.34
6.96
7.28
6.52
0.07
0.34
4.68
0
0
0
0.02
0.01
0
0
0
0
0.01
0
0
0.01
0
0
0.01
0
0.33
1.11
5.16
2.46
2.05
11.15
4.83
0.9
0.02
0.01
0.02
0
0
0
0
0
0
0
0
0
0
0
0
0
0
0
0
0
0.03
11.73
5.34
5.7
0.41
0.05
0
0
0
0.14
3.19
1.73
0.02
2.25
14.23
4.77
0
0.05
4.27
2.25
3.74
2.05
7.53
1
0.56
0.26
0
0
0.04
0.2
0.19
0.19
0.01
0
1.62
0
0.02
0.02
0
0
0
0.02
0.88
8.72
0.43
0
0
0
0.01
0
0
0
0
0
0.4
0
0.07
0
1.63
0.05
0
0.01
0
0.27
0.76
0.09
0
0
0
0.14
2.48
1.8
0.25
0.54
0
0
0
0
0.62
0.24
2.14
0.41
0
0.08
1.53
0
0
0
0
0
0
0
0
0.01
0
0
0
0
0
0
0
0
0
0.02
0.02
0
0
0
0
0.01
0
0
0
0
0
0
0.08
0
0
0
0
0
0
0
0
0
0
0
0.01
0
0
0
0
0.04
0.86
0.35
0.32
0
0
0.81
5.59
0
0
0
0
0
0
0
0
0
0.01
0.07
0
0
0.09
0.01
0
0.03
0
0
0
0
0.38
0
1.15
0.15
0.01
0.73
0.02
2.02
0
0.1
0
3.72
15.38
4.63
0.28
0.12
0.02
0.01
0
0
0
0.01
0.03
0.27
1.3
2.25
3.16
0.02
0.05
0.11
0
0.11
0.61
0.1
0
0
0.01
0.05
0
0
0.02
0.11
0.06
0.06
0.17
11.83
20.59
1.03
0
0
0
0
0
0
0
0.01
0
0.06
0
0.02
0.01
0.74
0.41
0.06
0
0.02
0
0
0
0
0.11
0
0
0.02
0
0
0
0.54
0
0
0
0.13
1.63
0.14
1.03
6.97
1.83
1.62
14.41
2.37
0
0.22
0.1
1.17
0.05
0.12
0
0
0.32
15.06
3.7
0.77
3.91
1.28
0
0
4.52
13.09
15.93
16.34
9.15
17.78
8.7
1.66
13.68
39.44
11.43
6.29
1.45
0.73
9.62
9.66
3.98
5.2
14.04
1.83
1.42
5.36
1.41
12.57
10.16
2.16
0.48
0.65
0.49
0.54
2.02
0.38
0.23
0.27
0.19
0
4.28
1.31
0.98
0
0.02
0.05
0.23
0
0.18
2.8
7.37
0.05
0.01
0.17
8.56
1.47
0.06
0.03
0.03
0.11
0.01
14.86
8.1
4.62
3.17
0.7
0.73
10.27
5.8
8.22
2.02
11.96
5.77
0.79
1.93
0.23
5.38
5.87
0.58
20.38
3.54
8.91
0.31
0.32
0.11
0
0.02
0
0.01
0.01
0
0.01
0.08
0.88
0.16
2.23
0.2
0.45
9.88
4.77
0.29
0.01
0.22
3.34
0.26
0.07
0
0.2
1.95
0.02
0
0.04
0.62
0
0
0
0.17
11.13
6.93
4.67
7.98
12.76
10.34
12.18
1.14
0.01
6.01
3.02
0.86
0.1
0.44
0
0
0.01
0.01
0.36
1.13
0.17
4.1
0.01
0.2
0.69
2.09
4.1
0.78
6.18
6.2
3.81
2.94
0.85
0.02
0
0
0
0
0.03
0
0
11.64
0.19
0
0.23
2.87
0.37
0.02
0.04
0
0
0
0.05
0.03
0
0
0.04
5.87
31.26
4.54
5.45
8.1
1.73
12.69
0.75
0.24
0.2
2.14
0.13
0.59
0
0
0.02
1.06
3.53
8.8
0
0.11
0
0.02
0.91
6.81
1.45
0
0
0.02
0.02
0.02
1.06
0
0
0
0
0
0
0.01
0
0
0
0
0
0
0.01
0.02
0
0
0.02
0
0
0
0
0
0
0.01
0
0
0
0.11
16.86
0.05
0.17
0.02
0
0.46
0
0.05
0
0
0.16
0
0.12
0
0
0.01
0
0
0
0
0
0
0
0
10.9
3.92
0
0.02
0.02
0.02
0.05
0
0
0
0
0.21
0
0.02
0
6.61
5.74
0.54
0.13
5.82
0.54
0.3
0.11
0.01
0
0
0
0.01
0
0
0
0
2.45
0.99
0.13
0
0.86
0.77
23.16
5.89
0.41
6.49
0.08
0.02
0.01
0.02
0.01
0.01
0.02
0.01
0.01
0
0
0.03
0
0
0
0.06
2.03
12.24
2.63
0.22
0.01
0
0.01
0.01
0.01
2.05
13.3
1.38
0.09
0.63
0.16
0.08
3.5
0.94
1.41
3
0.41
0.9
4.21
5.16
0
0
0.49
0.37
0
0.04
0.2
2.7
3.13
1.46
4.26
0.2
0.12
4.61
6.1
11.56
7.27
0.37
0.1
0.07
0
0.07
0.41
0.02
0.11
0.29
4.01
3.36
6.07
13.7
6.04
3.48
0
0
0
0.33
0
0.89
4.02
1.45
0.06
0.03
0
0.57
1.74
0.79
0.05
7.69
4.45
4.48
0.35
0
0.02
0
0.03
0
0
0.01
4
0.88
0
0
0
0
0
0.43
6.01
5.68
2.05
2.47
0.07
0.02
0
0
0.01
0
0
0
0
0
0
0
0.09
3.2
7.51
19.59
9.44
3.39
0.65
11.83
1.15
0.25
0.03
0.01
0.01
0
0.03
0.14
0.13
0
0.02
3.84
5.34
0.01
0.2
0.01
0.08
0
0
7.63
2.3
2.16
7.08
4.31
11.22
0.57
0
0.08
0
0
0.1
3.22
0.38
0.84
3.55
1.4
0.48
0.25
0.03
0
0
0
12.34
0.1
0.01
0
0
0.01
0
0.02
0.04
0
0.01
0
0
0
0
0
3.21
0.95
24.76
4.08
2.63
1.52
2.94
0.43
0.74
2.34
1.65
0.61
1.39
2.18
7.86
0.7
4.44
2.14
17.26
2.21
0
0.01
0.01
0.63
0.11
13.2
0.17
0
0.01
4.75
1.06
0
0.77
0.87
0.77
0
0.01
0.06
1.83
0
16.96
2.79
0
0
0
0.01
1.71
2.3
10.99
5.5
0.05
0.28
0
0
0
0
0
0
0
0
0
0
0
0
0.02
0.01
0.01
0.01
0
0
0.01
0
0
0
0.6
0.03
0
0
0
0
0
0
0.01
0
0
0
0
0
0
0
0.02
0.01
0
0
0
0
0
0
0
0
0
0.05
0
0
0.02
0
0
0
0
0
0
0
0
0
0
8.7
0.75
0
0
0
0
0.01
0
0
0.09
0
0
0
0
0
0
0
0.03
0
0.01
0.13
0.63
0.25
0.01
0.01
0
0
0
0
0
0
0
0
0
0
0.02
0.01
0
0
0
0
0
0
0.02
0
0.01
0
0
0
0
0
0
0
0
0
0
0
0
0
0
0
0
0
0
0
0
0
0
0
0
0.03
0
5.16
21.59
0.66
14.81
11.36
0.45
0
0.01
0.05
0.12
11.37
18.97
15.26
16.88
1.26
1.42
0.17
0.13
0.04
0
0.02
0.27
7.05
0.11
0.01
0.84
0.54
2.5
0.96
0.8
4.89
0.69
0.01
0
0
0
0
0.01
0
0.84
3.98
0.18
0.01
0.07
0.14
0
0
0
0.18
0
0.24
0.32
0.12
0
1.06
0.1
1.3
0.01
0.01
0
0
0
0
0
0
0
0
0
0
0
0.13
0.62
0
0
0.01
0
0
0
0
0
0
0
0
0.22
6.04
4.27
0.04
0.01
0
0
0
0
0
0
0
0.02
1.52
0.04
0
0
0
0
0.03
0.07
0
0.51
0.05
0.16
0.01
0.02
0
0
0.02
0.06
0.3
0
0.01
0.01
0
0
0
0
0
0
0
0
0
0
0
0
0.03
2.26
0.34
0.41
0.02
0
0
0.01
0
0
0
0
0
0.02
0
0.13
0.01
0
0.13
6.41
2.11
0.02
0.01
0
0
0
0.04
0
0
0
0
0
4.02
13.26
5.52
7.2
2.03
0.24
0.01
0.33
1.18
2.14
5.34
3.15
6.55
0.9
0.02
0
1.92
1.22
0.54
0.06
0.02
0
0.01
0.16
0.21
6.93
11.09
12.93
3.49
0.63
0
1.81
6.19
2.89
0.39
0.02
0.38
0.01
0
0.07
0.76
0
0
0
0
0
0
3.53
3.93
0.05
0
0
0
0
0
0
0.01
0
0
0
0
1.8
0
0
0
0
0
0.06
0
0
0
0
0
0
0
0
0
4.58
11.34
0
0
0
0
0
0
0.01
0.02
0.01
0
0
0
0
0
0
0
0
0
0
0
0
0
0
0
0
0
0
0
0.04
0.01
0
0
0
0
0.01
4.47
0.14
2.56
0
0
0.03
0
0
0
0
0.01
0.35
0
0.15
0
0
0.09
0.01
0
0
0.01
0.02
0
0
0.27
0.02
0.01
0
0
0
0
0.02
0
0
0
0
0.03
0
0
0
0
0
0
0
0.21
0.18
0
0
0
0
0
0
0
0
0
0.01
5.53
0.01
0
0
2.53
0.14
3.13
5.06
0.94
37.36
1.91
0
0
0
0
0
0
0
0.01
0
0.01
0.08
2.98
3.94
0
3.99
0
0
0.43
6.75
17.63
18.36
12.55
0.18
0
2.27
7.12
5.48
1.3
0.15
0
12.58
0
0.04
3.05
30.5
18.96
0.09
0
2.25
24.34
12.13
7.86
1.18
0.09
0.12
0.02
0.07
0
1.5
0.37
0
0
0.16
0.24
0
0
0.01
3.52
0.2
0.14
0
0.06
0
0
0.01
0
0
0.1
0.45
0.01
0.03
0
0
0.01
0.02
4.61
1.63
2.67
0.02
0.23
0.17
1.1
0.06
0
0
0.01
3.63
0.01
0
0
0.12
0
0.6
0.23
0.01
0
0
0
0
0.03
0.01
0.47
0.06
0.6
5.08
1.26
0.04
0.36
8.8
1.73
5.88
11.15
2.56
0.93
14.59
8.16
0.08
0.49
0.27
4.03
0.33
0
0
0
3.77
0.91
0
0
0.78
0.33
0.06
0.36
0.54
6.7
1.75
0
0.02
0.01
0
0.2
1.9
1.08
2.76
0.09
6.77
10.79
0.42
0.15
0.19
0.23
0.83
1.3
0.09
0.04
0.07
5.92
7.72
7.55
8.5
12.21
8.44
2.89
0.85
1.22
1.36
0.34
0.55
4.41
9.71
0
8.79
0
0
2.49
4.8
5.7
9.04
28.17
6.75
3.71
9.33
0.18
27.32
3.13
0.58
4.75
7.16
4.27
0
0.73
0.3
0.37
0.16
0.88
0
0.01
0
0
0
0
0
0
0
0
0
0
0.03
0.2
8.96
5.48
18.53
7.42
8.73
0.69
0
0.05
0
0
0
0
0.02
0.09
0
0
0.36
0.39
1.78
2.15
5.45
7.09
1.91
1.96
2.16
0
0
0
0
0.02
13.53
2.41
0.02
11.24
0.16
0.01
0.01
0
0
0.3
0.6
0.08
2.11
0.54
0.07
0
0
0
0.03
0.01
0
0.01
0.02
0.08
0.5
0
0
0
0
0
0
0
0.03
0
0
0
0.84
0.02
0
0
0
0
0
0.01
0.95
0
0
0.01
0.06
0.02
0.04
0.04
0.14
0.01
0
0.02
0
0.08
0
0
0.01
0
0.02
0.01
0.01
0
0
0.01
0
0
0
0
0
0
0
0
0
0.06
0.55
0
0.54
0.34
3.02
0
0
0.13
0
0
0
0
0
0
3.43
1.1
18.02
13.3
0.54
0
0
0.01
0.07
0.12
3.78
0.45
0.56
2.2
0
0
0
0.02
0
0
0.02
0
0
0
0
0
0
0
0
0
0
0
0.33
9.64
0
3.89
0.21
1.63
2.96
3.85
0
0
0
0
0
0.04
0.01
0
0
0
0.01
0
0
0
8.63
0.14
0.03
14.48
0.04
0.06
0.99
0.27
0
0.02
0
0
0
0
0.03
0.3
0.16
0
0
0.15
2.02
0.02
0.02
0
0
0
0.01
0.03
0.98
10.91
5.36
0.81
0
0
0
0
0
0
0
0.07
0.06
0.01
0.09
0.11
0
0
0
0
0
0
0
0
0
0
0
1.47
0
0
0
0.02
6.21
15.43
0
0.02
0
0.38
20.77
6.22
0.32
2.61
0.04
0.11
0.01
0.43
3.59
11.5
13.66
12.31
2.79
0.03
0.03
0.04
0.01
0
0.02
2.52
4.29
3.09
4.09
1.86
3.16
8.64
2.09
1.45
7.76
4.43
0.02
0.07
0.04
0.38
0
6.15
8.16
1.59
1.49
0.69
0.86
3.46
7.91
1.05
5.59
2.94
6.05
19.19
2.06
11.87
4.98
4.51
1.08
2.31
0.54
0.52
0.29
0.03
2.42
0.35
0.03
0.62
3.07
0.2
1.41
1.25
0.32
14.53
3
0.16
0.07
0
0
0
0
0
0.01
0.02
0.01
0.43
0
0
0
0
0
0
3.34
0.84
1.97
0.02
0.71
4.16
0.56
0
0.19
1.53
0.36
0.11
0.64
7.04
1.65
0.44
0
0
0
0.03
0
0.69
0.13
5
0.01
0
0.63
0.02
0
0.02
0.76
4.23
8.53
0
0.03
3.78
0.15
0.06
0
0
0
0
0
0
0
0
0
0
0.01
0.01
0.01
0
0
0
0
0
0
0
0
0
1.14
0.16
4.76
1.05
0.73
0.95
0.57
0.02
0.7
2.09
0.45
0
3.64
0
0
0
0
0.01
0.81
0
0
0.16
0.52
0.19
1.07
0.1
0
0
1.09
0
0.01
0.04
0.07
0
1.76
2.97
7.56
0.32
0.59
0
0.01
0
0
0.03
2.34
24.46
0.72
0.06
0
0.01
0
0
0
0
0
0
0
0
0
0
0
0.04
0
0
0
0
0
0
0
0
0
0
0
0
0.02
0
0
0
0
0
0
0
0
0
0
0.03
0
0
0.02
0
0
0.1
0
0
0
0
0
0
0
0
0
0
0
0
0.27
0
0
0.05
0
0
0.02
1
0
0
0
0
0.01
0.02
0.01
0
0.13
2.35
1.36
0.2
0.34
20.52
3.32
2.62
10.51
0.02
0
1.98
12.82
0.01
0
0.03
0
0.24
0
0.02
0
0
3.11
6.69
8.72
9.8
2.84
10.18
1.91
0.44
0.12
0
0
0.01
0
0
0
0
0
0.03
0.01
0.02
0.02
0.03
0
0
0
0.53
10.7
4.67
1.2
0.56
1.89
9.7
1.01
12.93
16.8
0.31
8.09
6.31
3.77
0.13
0.29
0.31
0
0.02
0
0.04
0.16
0.03
4.89
3.13
7.28
34.81
8.2
2.91
0.32
0.04
1.48
0.49
0.2
1.7
0.06
0.02
0.01
0
0.03
0
14.11
12.53
1.29
0.78
0.08
0.01
0
0
0.11
0
0
0.01
0
0.02
0.21
1.27
0.16
0
0
0
0.02
0
0
0
0
0
0
0
0
0
0
0.01
0.44
4.1
0.82
0.02
2.86
0.2
0.75
2.81
0.97
0.06
0
0
0.01
0
0.15
2.21
29.07
4.54
0.42
8.22
9.79
3.01
1.25
0.48
0.21
0.01
0
0
3.97
1.26
0.25
6.98
0.71
0
0.24
0.01
0.09
3.11
2.25
0.25
1.08
0.54
0.04
0.07
0
0.01
0
0.18
0.09
0
0.03
0
0
0
0
0.23
0
0
0
0
0.41
0.23
1.96
10.4
1.39
1.38
7.16
7.73
12.11
2.39
0
0.04
0.02
0
0
0.04
0
0
0
0
0
0
0
0
0.7
5.52
0.01
7.14
0.07
0.07
0.18
3.13
2.32
0.01
0.12
0
0
0.13
0
0
0
2.11
13.96
0.85
0.14
0.27
0
0
0
0.01
0
0.01
0
0
0
0
0
0
0
0
0
0.02
0
0
0.06
0.23
0
0.26
0.01
0.02
0.27
0.04
0.05
0.03
0
0.46
0.7
0
0
0
0.37
0.25
0
0
0.05
0.54
4.09
6.83
16.4
0
0.02
0.05
5.02
0.16
0.01
0
0
0.02
0.32
2.38
0.15
0.1
0
0
0
0
0
0.08
0.02
0.62
1.14
0
0
0
0
0
0
0
0
0
0
0
0
0
0
0.03
0.03
0
0.01
0.8
0
0.01
0
0
0
0
0
0.05
9.27
0.44
0
6.09
0
0
0
0.08
0.52
0.05
0
0
0.01
0.01
0
0.05
0.16
0.05
0
0
0.34
4.63
0
0.26
0.41
0
0
0
0.01
0
4.28
3.9
0.41
0
0
0.07
3.77
1.43
3.49
0.5
0
0
0.02
0.01
0.11
0
0.15
5.66
0
0
0
0
0.01
0
0
0
0
0.04
0.98
1.32
0.26
0.8
0.05
0.01
0.18
2.73
0
0.25
0
0.89
0
0.18
2.15
1.65
0.78
0
0
0.02
5.35
7.7
1.15
0.08
0.02
0
0
0.11
0.01
2.97
1.79
1.38
0.03
0.02
0.03
16.1
17.77
6.13
0.22
0.02
0
0.02
0.02
0
0
0
0
0
0.23
0
0.01
0
0
0
0.19
2.07
0.37
0
0.09
0.05
0
0.05
0
0
0
0
0
0
0
0
0.01
0.01
0
0
0
0
0
0.02
0.01
0
0
0
0
0
0.01
0
0
0
0
0
0
0
0.19
0.06
0.56
1.3
7.5
1.16
9.53
11.75
1.65
1.66
1.11
5.72
3.3
7.72
1.35
0.02
0.39
3.98
0
0
0.03
0.12
0.01
0.07
0.26
0.2
0
0
0
0
0.15
0.98
1.2
0.1
0
0
0.59
0
0
0
9.7
0.37
1.6
3.61
4.46
9.42
28.02
17.05
7.01
0.07
0.05
1
1.52
0
0
0.04
0
0
3.39
1.55
17.73
6.94
1.2
0
0
0.02
0
2.41
1.49
1.41
8.84
0.25
1.24
0.08
0.06
0
0.15
0.55
0.01
0.53
0
4.71
9.11
3.43
8.2
1.06
0
0
0.01
1.34
0.41
0.13
0
0.61
0.78
0
0.02
3.95
33.02
0.79
1.18
0.02
0.01
0.02
7.69
4.18
10.19
1.96
0
1.92
15.03
0.47
0
18.34
5.86
1.47
1.02
2.63
0
0
0.02
0.1
1.96
4.04
0.59
0
0
0
0
2.05
11.16
13.66
17.84
5.51
8.96
2.51
2.83
4.64
0.16
0.01
0.01
0
0.25
0
0
0.12
0.13
0
0
0.01
0.31
0
4
0.42
0
0
0
0
6.56
0.73
0.03
0
0
0.01
0.09
0.01
0
0
0
0.01
0.54
0.39
0.01
0.23
0
0
0.01
0
0
0
0
0
0
0
0.92
0.01
0
0
0
0
0
0.02
0.26
0
0.02
0
0
0
0
0
0
0
0
0
0.05
0.06
0.02
0.03
0
0
0
0
0
0.01
0.02
0
0
0
0
0.01
0
0
0
0
0.05
1.61
0.1
0
0
0
0
0.17
0
0
0
0.02
0
0
0
0
0
0
0.09
0.01
0
0
0
0.07
2.11
0.05
0
0
0
0
0
0.01
0.01
0.01
0
0
9.98
3.49
1.23
0.05
0.05
0
0
0
0
0.02
0
0
0
0
0
0
0
0
0.02
0
0
0
0.02
0
0
0.02
0.02
0
0
8.63
3.04
0.07
0.03
0.03
3.04
1.38
10.02
8.3
2.02
5.99
11.33
7.31
0.08
0
0
0
0
0
0
0.01
0
0.74
8.13
16.04
0.29
0
0.4
0.13
0.03
0.05
0.06
0.07
0.01
0
0.02
0
0.01
0.74
20.56
6.88
10.57
5.34
3.27
8.87
13.07
5.74
0.08
0.12
0.27
0.37
0.37
6.08
6.45
0.2
0.05
0.01
0
0
0
0.02
0.2
0
0
0.27
1.3
1.36
2.11
1.63
0
0.17
0.02
0
0
0
0
0
0
0
0
0
0.02
0
0
0
0
0
0
0
0.23
1.69
0.02
0
0
0
0.05
0.1
0.02
0.04
0.32
0.49
0.05
0.04
0
0.03
0
2.42
9.05
0.07
2.42
0.73
0.02
2.97
3.96
5.89
8.43
4.04
0.07
0.92
0
0.02
1.01
1.89
3.91
4.14
0
0.01
0
0
0
0
0
0
0
2.01
0.43
0.07
0
0.01
0.01
0.29
0
14.52
0.8
0.23
0.37
0.28
0
0
0
0
2.23
2.83
0
0
0
0
0
0.03
0.46
0
4.06
4.76
1.55
5.58
4.59
4.23
0.23
0.06
0
1.3
0.01
0
0
0
0
0
0
0
0
0
0
0
0
0
0
0
0.04
0
0.12
0.01
0
0
0
1.85
3.2
0.28
0.14
1.55
4.97
1.99
0.42
0
0.04
0.58
1.4
0.02
0
0
0.02
8.82
5.47
3.59
1.69
0.01
0
0
1.55
7.29
1.61
0
0.03
0
0
0
0.01
0.4
0
0
0.75
1.55
4.45
0.59
6.47
4.86
13.72
0.08
0
0.78
0
0
0
0
0
0
0.09
3.72
0.17
0.59
1.16
9.62
0.45
0
0
0
0
9.46
0.06
0.16
0.52
0.02
0.02
0.02
0
0
0
2.15
1.89
19.54
0.42
0
0.01
0
0
0
0
0.02
0
0.01
5.75
0
0
0
0
0
0
0
0
0
0
0
0
0
0.31
0.7
0.03
0
0
0.02
0
0
0.06
0
0
0
0
0
0
0
0
0
0
0
0
0
0
0
0
0.17
10.95
10.44
4.98
0.05
0.01
0.03
0.04
0
0.01
0.21
2.52
0
0
0.86
0
0
0
0
0
0
0.3
0
0
0
0
0
2.13
0
0
0
0
0.07
0
0
0
0
0
0.17
0
0
0
0
0
0
0
0
0
0
0
0.02
0
5.15
15.32
0
0.06
0.03
0
0
0
0
0
0
0
0
0
0
0
0.18
0.35
0.77
0
0.01
0
0.01
0
0.02
0
0
0
0
0
0
0.02
0.04
0
0
0
0
0.02
0
0
0
0
13.03
0.22
0.11
1.29
0.09
0
0
0
0
0.02
0.68
0.27
7.72
4.25
0.29
0.18
1.54
0.46
0
0
0.01
0
0
0
0.01
0.01
0
2.72
5.84
1.12
0.66
1.21
0.35
1.77
0.07
0.27
0.24
0
3.43
11.39
2.71
0.61
2.63
1.06
0.36
0.01
3.19
0.49
0.05
0.02
0
0
0
0
0.05
0
0
0.06
14.24
2.04
0
0.09
0.02
0
0
0.97
0.18
2.07
6.93
5.43
2.51
0.34
1.08
0.33
0
1.5
0.41
0
0.04
0.01
0.02
0
0.01
0.13
0.07
0.19
0
0
0
0
0.11
24.88
14.56
12.76
21.77
6.49
6
6.07
4.29
2.18
3.03
6.61
12.48
4.99
2.44
2.11
17.37
4.06
3.54
11.83
0
13.55
0.14
0.35
0.51
9.96
0.72
1.91
0.37
0.2
0.02
0.63
5.59
1.2
0.02
0.57
1.69
1.1
0
9.28
8.69
5.48
9.51
24.09
20.45
5.17
0.81
0
8.96
0.44
0
0.75
0
0
0.13
0.96
0.2
0.45
0.34
0
0.01
1.25
4.1
0.72
0
0.01
0.01
0
4.96
0.28
3.71
1.85
0
0.07
0
0
0.01
0.02
0
0
0.68
1.22
6.13
2.82
3.94
0.57
0
0
0.65
0.55
17.96
6.05
14
2.84
0
3.47
3.54
0
0.25
3.05
4.87
2.02
6.35
6.13
0.45
0.43
0.51
0
0.27
0
0
0
0
0
0
0
0
0.01
0
1.14
0.09
1.09
0.64
0.1
1.57
0
0
0
0.02
0
0
0
0.03
0
0
0
0
0.05
0
0.01
0
0
0
0
0
0.02
0
0
0
0
0
0
0
0
0
0
0
0
0
0
0.09
0
0.05
0.25
0
0
0
6.27
0.02
0
0.36
0
0.09
2.79
0.09
0
0.11
6.79
4.24
0
0
0
0.02
4.15
0.04
0.9
0
0
1.87
0.01
0
0
0
1.8
0.05
7.8
8.64
3.83
0.03
0.41
0.26
2.77
0.18
3.21
0.29
0.01
0.2
0
0
0
0
0.06
0
0
0
0
0
0
0
0
0.01
0
0
0
0
0.17
0.52
0.89
0.09
0
4.65
0.65
0
0.84
12.61
4.35
0.27
0.36
0.04
0
0
0.56
2.48
10.2
0.55
1.76
15.62
15.33
0.14
0.34
0.01
4.91
12.49
1.1
0.96
7.7
0.07
3
0.41
0.21
0.27
0.79
0
0.52
0.27
2.26
4.49
3.04
0.7
3.58
1.59
0.79
17.09
0.77
0
0.19
3.27
0.13
0.02
0.05
0.01
0.04
0.02
0
0.02
0.01
0.01
0
0
7.55
13.34
0.6
0.85
2.29
0.56
1.54
0.03
0.05
0.01
0.01
0
0
0
0
0
0
0
0
0
0
0
0
0
0
0.01
0
0
0
0
0
0.09
0.04
0.06
0.03
0.04
0.01
0.07
11.67
0.83
0.02
2
0.28
0.23
0.03
0
0
0
1.89
7.59
9.12
2.94
0.14
0
0.03
0
0
0
0
0
0.01
0.02
0.01
0
0
0
0
0
0
0
0
0
0
0.01
0
0
0
0
0
0
0
0.02
0.03
2.41
6.3
0.05
0.52
0
0
0
0.02
0
0
0
0
0
0
0
0
0
0.1
0
0
0
0
0
0
0
0.02
5.12
2.47
4.09
0.05
1.03
7.91
4.95
2
1.67
2.3
1.77
0.08
0
0
0
0.88
0
9.43
19.78
17.34
7.89
5.5
0.62
4.06
9.66
7.8
1.5
0.12
0
0
1.73
1.27
6.24
0.05
0
0
0
0
0.09
0.17
0
0
0
0
0
0
0
0.02
0.03
0.03
0
0
0.03
0
0
0.01
0
0
0
0
0
0
0.11
0.01
0.52
0.23
0.05
0.05
0.06
0.02
0
0
0.01
0
0
0.01
0
0
0
0
0
0
0
0.02
0
0
0.02
0
0.05
0
0
0
2.08
0.99
0.02
0
0
0
0
0
0
0.01
0
0.01
0
0
0
0
0.19
0.01
0
0
0
0
0.05
0
1.8
0
0
0
0
0
0.02
0
0
0
0
0
0
0.02
0
0.01
0
0
0
0
0
0
0
0
0
0.16
2.84
5.09
1.12
0
0
0.02
2.08
7.47
0
0
3.76
0.14
0.14
2.7
0.16
0
0
0
0.05
0
0
1.19
0.19
0.19
5.25
3.12
15
1.16
2.12
0.45
2.33
10.72
2
1.34
0.03
0.02
0
0.5
0
0
0.08
1.92
0.02
0
0
0
0
0
0
0
0
0
0
0.2
0
1.56
0.28
0.03
0.2
0.19
12.81
3
2.84
14.31
3.22
0.42
0
0
0
0
0.02
0.09
0
3.11
4.41
3.55
6.02
1.78
2.23
1.5
0.03
4.55
1.41
1.62
9.03
5.28
8.47
0.3
0.03
6.19
0.15
0.43
2.35
4.31
10.72
1.06
0.23
0.38
1.66
0.52
2.08
1.58
4.06
1.3
0.62
2.69
1.06
0.38
0.08
0.49
1.13
0.49
0.57
0
4.5
0.03
0
0.03
0.09
0.5
2.28
28.19
34.25
8.17
0.27
0.05
0
0
0
0
0
0
0
0
0
0
0
0
0
0
0
0
0
0.09
0
0
0
0.02
0.03
0.03
0.05
3.95
0.12
0.69
9.44
0.12
0
2.53
7.02
0.05
1.31
0.81
0.03
0.52
1.44
1.2
0.19
0
0
0
0.02
0
0.43
0.03
0.01
0
0.01
0.01
0
0.01
0.01
0.08
0.01
0
0
0
0
0
0
0
0
0.02
0
0.41
7.84
2.45
1.31
0.03
2.2
0
0
0
0
0
0
0.16
0
1.78
29.81
6.28
1.41
0
0.01
0.09
5.86
10.03
3.53
0.02
2.13
0.73
3.56
0.04
0.45
14.23
18.06
2.19
0.22
0.08
0
1.08
7.36
1.36
1.23
2.73
4.96
0.56
1.52
0.98
1.7
9.53
0.75
2.34
3.77
1.16
0.84
4.09
0.41
0.2
0.2
0.69
2.26
1.66
0.06
0.01
0.2
0.02
0
0
0
0
0.29
0
0.45
1.38
0.09
1.32
19.25
4.78
9.73
16.4
1.44
0.02
0
0
0
0
0
0
0.07
1.56
0
0.14
0
0
0
0
0.02
0
2.8
10.12
0.02
0.25
3.41
0
0
0
0
0.65
0.06
0
0.03
1.41
0.02
0.01
0
0
0
0
0.3
0.22
0
0
0
0
0
0
0
0
0
0
0
0
0
1.95
11.34
0.32
0
1.14
0.38
1.17
0
0.01
0.01
0
0
0
0.16
0.69
0
0
0
0
0
0
0.04
1.87
0.03
0
0
0
0
0
0
0
0
0.14
1.05
49.56
0
0
0
0
0
0
0.01
0
0
0.05
0
0.01
0
0
0
0
0
0
0
0
0
0
0
0
0
0
0
0
0
0
0
0
0
0.05
0.05
0
1.53
12.31
0.15
0.04
0.05
0.06
0.12
0
0
0.03
0
0
0
0
0.16
13.75
0.05
0.03
0
0
0
0
0
0
0
0
0
0
0
0
0
0
0.47
2.94
0.75
1.08
0.87
0
8.25
0.01
0.03
0.01
0
0
0
0
0.03
4.16
2.94
20.12
16.36
3.81
0
0.77
0.16
0
0
0
3.77
0.36
0.27
0.02
0.03
0
0
0
0
0
0
0.25
0.16
18.91
0.17
0.02
0
0
0
3.84
3.59
0.22
0.69
14.67
1
4.75
6.06
9.09
0
0.34
1.91
0.53
0.12
0.02
0.02
6.88
0.09
0.05
0
0.08
2.02
0.02
0.05
3.33
0.25
0.64
0.05
6.17
2.03
0.82
0
0.12
0.12
1.06
11.31
13.34
6.95
0.42
0.08
0.18
0.01
0.01
0
0
0
0.03
0.08
7.97
14.66
1.52
9.78
1.27
6.38
1.77
0.34
0.22
1.92
3.42
2.53
0.34
0.53
0.17
0.14
8.91
11.86
13.39
5.39
18.09
1.03
1.94
0.91
0.09
0.02
0
0
0
0
0
0.14
16.11
0.94
0.05
0
0
0
0
0
0.31
0
0
0.19
0.06
0.28
1.88
10.8
0.62
0.04
0.05
0.03
0
0
0
0
0
0
3.81
0
0
0
0
0
0
0
0
0
0
0
0
0
4.72
1.55
1.05
0
0
0
4.24
1.31
6.92
11.98
0.07
0.24
1.48
1.75
0.28
0
0.39
0.3
5.19
7.43
4.23
1.8
9.8
2.12
12.5
4.97
7.72
1.54
0.16
4.61
0.07
2.1
0
0.09
0
0.09
0.44
3.75
0.17
0.53
0.03
0.01
0
0
0.2
0
0
0
0.21
0
0.05
7.97
0.01
0
0
0.23
0.02
0.01
0
3.16
1.82
0
2.16
0.69
24.81
0
0
0
0
0
13.72
0
0.01
5.83
0
2.44
0.75
5.7
0
0.95
0
0.14
0.12
0.36
0
0
0
0
0
0.61
0.01
0
0
0
0
0.67
0
0
0
0
0.02
0
0
0
0
0
0
0
0
0
0
0
0
0
3.98
0
0
0
0
0
0
0
0
0.02
0
0
0
0
0
0
0
2.09
0
0.01
0
0
0
0
0.05
0.05
0
0
0
0.62
22.78
0.11
0.02
0.06
0
0
0
34.75
23.19
0
0.06
0
0.01
0
0
0.01
0
0.02
0
0.55
5.53
41.72
0.78
2.52
0.01
0
0.02
0.64
4.12
0.41
0.03
10.36
0
0.05
0
0
0
0
0
0
5.03
0
0.03
0
0
0
0
0
0
0
0
0
0.13
0.27
0.09
0
0
0
0
0
0
0
0
0
0
0
50.12
33.25
27.75
0.45
5.17
0.02
0
0
0
0
0
0
0
0
0
0
0
0.09
0
0
0
0.06
0.44
0.94
18.34
4.59
1.62
1.31
0.2
1.66
0.12
0.03
0
8.94
0.28
0.38
0.03
0.56
0.03
1.58
0
0.12
0
0.25
0.01
0.02
0
0
0
0
0
0
0.39
0.38
0.03
3.03
4.56
4.91
13.62
0.2
0
0.01
0.02
0
0
0
0
8.16
2.7
0
0.01
0
0.06
0.03
0.01
0
0
0
0
0
0
0
0.07
0
0
0
0
0
0
0
0
0
0
0
0
0
0
0
0
0
0
0
0
0
0
0.04
0.52
3.23
0.16
0.02
0
0.01
0.11
1.63
0
0
0
0
0.43
1.86
0.98
0.07
0
0.02
0
11.59
0.23
0.01
1.23
1.97
0.17
0.09
4.12
18.28
10.88
5
4.72
0.14
0.22
0.34
0.08
0.58
2.59
6.5
2.34
2.25
1.28
1.41
0.69
0
0.02
2.7
9.92
0.33
0.02
0
0
0
0
0.11
0.02
0.15
0.02
0
0.8
0.33
0
0.12
0
0
0
1.52
5.66
1.5
0.5
17.91
8.25
0.45
1.04
8.06
6.43
3.2
0.1
3.57
0
0.03
2.78
0
0
0
0
0
0
0
0
0
0.03
1.55
0.7
0
0.18
0
0
0
0
0.02
0
0.25
0
0
0
0
0.02
0.01
0
0
1.56
0.01
0
0
0
0
0
0
0
0.05
0.04
0
0.02
0
6.45
0.11
0.44
0
0
0
0
0.05
0
0
0
0
0
0
0.29
0
0
0.02
0
0.02
0.33
0
0
0
0
0.02
0
0
0
0
0
0.01
0
0.01
0
0
0
0
0
0
0
0.02
0
0
9.16
0
0.61
0.18
0.03
0.36
0.01
0.12
0
0.01
0.02
0
0
0.15
3.2
0.19
0
0.02
1.66
0
0
0
0
0
0.05
0.12
0
3.55
0
0.18
0
0
0
0
0
0
0
0
0
0
0.01
0
0.04
1.51
1.56
1.52
0.5
0.45
0.05
1.97
0
0.67
5.98
0.09
0.09
0.12
0
8.44
0.27
0.36
0
0.45
0
0
0
0.04
0
0
0.06
0.97
4.69
0.34
10.2
9.41
0
0
0
0
2.61
0.09
0
2.88
5.44
2.78
0.59
7.33
0
0
0
0
0
0.22
0.03
1.12
0.21
0
2.52
0.16
0
0
0
0.78
2.91
0.53
0
12.53
0.22
3.59
7.12
3.44
3.44
3.75
0.17
4.28
17.02
9.69
3.23
4.04
0.08
0.05
4.92
0
0
0.01
0
0.03
1.56
3.72
1.88
0.6
3.44
16.44
12.62
8.62
9.81
30.88
54.03
9.45
3.17
1.19
0.93
1.83
0
5.11
0.27
0.2
0.03
0.03
0
0
0.01
0.02
0.28
0.02
0
