19510101
24.22
8.42
0.5
0.01
0.01
0
0
0
4.83
1.71
3.42
2.72
4.84
0.36
0.04
0
0
0.23
0.02
0
0.01
0.13
2.24
6.89
3.14
8.22
9.32
3.2
0
0.02
0.04
0.01
0.29
5.61
14.72
2.33
7.39
4.11
2.4
1.5
8.65
7.43
6.97
0.89
4.51
1.58
0
0.77
2.62
0.68
6.07
0.89
3.55
10.7
0.68
0
0.01
0.02
0.02
0
0
1.45
2.95
8.23
1.03
3.09
3.26
9.14
16.94
7.42
12.14
15.05
10
4.18
0.88
2.29
0.68
0.02
0.01
0
0
0
0
0
0
0.02
0.07
0.01
0.02
0.02
0
0
0
0
0
0
0
0
0.59
5.78
0.5
0
0
0
0
0
1.46
0
0.51
2.65
0
4.84
8.64
3
6.64
3.76
9.71
5.73
7.61
22.44
7.24
1.75
0.39
0.16
3.93
8.45
1.5
1.59
0.97
0.57
1.03
0.45
0.02
0.01
0
0
0.33
2.07
0.09
0.35
0.09
0.03
0.01
0
0.63
2.18
0
2.55
12.3
0.51
0.37
0.1
0.52
10.77
0.69
3.83
1
4.45
0.69
0.01
0.03
0
0.06
0
0.15
0.4
0.25
1.42
0.35
0
0.05
0.24
0.19
0.01
0.01
0
0.23
0
0
0.14
2.8
2.93
0
0
0.89
0
0.13
1.43
0
0
0
0
0
0
0
0
0
0
0
0
0
0
0
0
0
0
0
0.02
0
2.73
5.34
1.56
5.56
7.91
0.07
0
0.01
0
0.02
0
0
0
0
0
0.02
0.01
0.02
0
0.02
0
0
0
0.01
0
0.33
17.77
0
0
0
0
0
0
0
0
0
0
0
0.72
0
5.96
3.59
1
8.68
10.85
4.01
5.36
0.65
0
0
0.02
0
0
0
0.4
8.41
27.78
1.8
0.03
0.01
0
0.04
0
0.95
10.04
10.91
2.95
0
0
0
0
8.06
9.13
1.8
1.3
4.2
0.73
2.53
0.12
0.01
0
0.59
0.22
1.61
0.06
0
0
0
0.02
0
1.75
1.52
3.32
5.57
0
0
0
0
1.91
8.82
6.21
10.13
14.54
13.71
3.61
4.47
5.65
3.27
0.34
0.85
0.87
7.27
17.66
6.05
1.13
0
0
0.07
0.02
0.02
0.01
0
0.01
0
0.06
0
0
1.21
2.48
0.01
0.11
0
0
0
0
0
0.38
0.01
0
0.41
0
0.01
0.03
0
3.73
3.9
0.64
1.38
0.52
2.14
1.89
4.69
0.31
0
0.04
0
0
0
0
0
0
0
0
0.02
0.01
0
0.03
0.88
0.18
0.02
0
0
0.06
0.11
0.16
0.08
0.54
0.55
5.75
6.96
8.57
18.75
7.32
1.82
0.91
0.09
1.6
0.27
0
0.01
0
0
0
0.01
0
0
0
0.5
7.34
4.98
1.01
0.23
0.01
0.07
0.45
0.09
0.01
0.01
0
1.01
3.18
0
0.5
0.91
0
0.18
0.12
0.19
0.93
0.16
0.07
0
0
0.29
2.8
1.84
7.36
1.12
0.16
2.64
1.22
5.34
2.06
2.2
0.4
0.06
0
0.16
0.36
0.45
0
1.52
5.74
10.02
9.17
7.34
8.15
7.84
2.07
1.2
0.01
0
0.01
0
0
1.23
12.95
13.63
6
8.97
3.45
0.08
1.41
0.06
0
0.01
0.35
0.16
2.77
0
0.01
0.01
0
0
0.1
1.32
5.52
5.89
6.57
13.89
4.59
2.37
0.01
0
0.38
0
0
0.19
0
0.01
0.88
0.11
0
0.45
7.48
2.23
3.27
0.88
4.81
3.31
0.37
0.02
0.83
1.64
0.43
1.73
4.91
0
0.05
0.02
0
0
0
0.02
0
0.25
1.66
6.41
0.46
0
0
0.01
0.13
0.89
4.5
0.05
0.02
0
0.27
0
0
0.85
4.24
0.35
0.98
0.27
0
0
0.46
5.61
3.6
11.22
0
0
0
0
0
0
0
0
0.56
8.68
0
0
0.04
0
1.41
0.27
0.16
1.4
0.87
1.11
4.57
4.57
5.89
1.44
6.94
4.12
4.09
0.37
0.02
0
0
0.1
0.46
0
0
0.06
0
0
0.01
0
0
0
0
0
0.18
0
0.01
1.65
0.07
0
0.01
0
0.9
18.3
35.52
6.27
0.32
0
0
0
0
0
0
0
0
0
0.37
0
0
0.29
3.03
1.68
7.26
5.93
0
0
0
0
0
0
0
0
0.01
0
0.36
0.03
0.25
1.11
0
0
0
0.08
0
1.55
0
0
0
1.92
0.64
1.05
1.07
0.36
0.8
0
0
4.77
12.85
1.52
3.97
1.66
0.1
1.98
5.9
0.66
0.01
0.67
0.71
0
0
0
0.48
0
0
0
0
0
0
0.01
0.01
0
0
0
0.28
0.29
0.49
3.02
3.53
0.84
0.66
0
0
0
0.92
3.78
0.76
0.61
4.14
6.09
23.06
2.68
4.45
0.45
0
0
0
0
0
0.57
0
0.02
3.8
3.41
2.7
0
1.14
5.16
1.3
0.09
0.16
0.01
0.43
0.22
0.32
0.34
0.45
7.29
2.86
2.34
0.08
0.37
0.49
3.82
0.82
0.21
0.66
0.28
0.33
0.63
0.02
0.13
0.26
0
0
0
0
0
0.05
0.02
0
0
0
0
0.32
0.6
0.23
0
0
0
0
0
0.2
0
0
0.69
4.27
8.96
5.21
0.52
0
0.41
3.42
0.32
0.12
0.82
1.67
0.16
0.13
0
0.02
0
0.12
0.02
0
0
0
0
0
0.12
0
0
0
0
0
0
0
0
0
0
0
0
0
0
0.24
0.02
0.15
0.23
1.64
2.23
0.38
0.12
0.13
0
0.39
0
0
0
0.1
0.14
0
0
0.03
7.95
1.46
0.13
0
0.16
0.19
3.29
1.49
0.17
0.02
0.48
0
0
0
0
4.1
22.44
16.24
5.56
1.41
7.86
1.13
2.96
2.13
7.02
0.05
0
0
0
0
0
0
0
0
0
0
0.01
0
0.02
0
2.07
6.2
0
0
0
0
0
0
0
0
0
0.15
0.78
0.79
0.16
0
0
0
0
0
0
0
0.1
0
0
4.27
0
0.51
0.15
0.04
0
1.2
0
0.02
0
0.66
1.88
0
8.76
0
0.63
0.39
0
0.83
0
14.23
13.6
12.26
11.87
0
0
0.18
2.43
1.34
3.2
0
0
0
0
0.01
0
0
0
0
0.33
0
0
0
0
0
0
0
0
0
0
0
0
0
0
0
0
0.31
0.78
0.02
0
0
0
0
0
0
0
0
1.18
0.24
0.88
0
0.01
0
0
0
0
0
0
0.13
0
0.06
0.03
0
0
0
0
0
0
0
0
0
0.61
2.48
0
0
0
0.01
0
0
0.06
0.07
0.02
0
0
0
0
0
0
0
0
0
2.65
14.86
0.5
0
0
0
2.44
0.39
8.97
3.26
1.31
0
3.44
0
0.75
3.27
10.8
7.17
6.61
3.82
3.52
1.17
1.14
0.38
0.97
0
0.06
0.57
0.34
0.5
1.34
0.85
2.02
0
0
0
0.95
5.23
0.79
0
0.59
0
0
0
0
0
0
0.06
0.59
0.76
0.24
0.18
0.12
0.01
0.59
0
0.03
0
0
0
0
0.23
0.16
1.16
0.14
0.02
0.35
0.67
0.32
2.34
10.32
1.29
3.76
10.39
3.46
0
0.04
0.23
0
1.47
3.76
2.21
0.57
3.27
5
1.98
0.54
0
0
0
0
0
0
0.01
0
0
0
0
0
0
0.02
0.27
0.15
0.27
0.72
0
0
0
0
0
0
0.02
0.01
0
0
0
0
0
0
0
0
0
0.05
0.18
4.2
5.28
4.55
1.64
0
0.18
0
1.71
1.75
0.74
0.04
0.43
0.42
1.73
8.58
0.01
2.63
5.93
2.89
0.41
0
0.01
0.14
0
0.01
0.01
0.01
0
0
0.23
0.59
0.18
0
0
0
1.78
5.23
0.02
1.94
11.42
8.61
3.04
2.02
6.86
5.84
3.6
2.27
0.47
2.59
1.96
1.39
0.44
0.09
0.33
3.41
1.48
0
0.66
0.32
0.14
0
0.39
1.41
2.58
0
0
0
0
0.43
0.04
0
0
0
0.4
0.14
0
0
0.01
0
0.01
0
0
0
0
0
0
0
0.13
0.94
11.32
2.27
7.19
6.03
0.34
2.59
0
0
0.02
0
0
0
0
0.38
4.68
0
3.8
3.89
28.52
8.6
2.69
0.34
0.03
0
0
0
0.06
0.02
0.01
0
0
0.05
0
0
5.02
2.6
8.91
28.3
3.39
0
0
0
0
0.85
0.55
0.01
0
0
0.06
0
0
0
0
0
0
0.23
0
0
0
0
0.02
0.05
0.01
0.01
0.04
0.04
0.03
0
0
0
0
0
0
0
0.09
0.01
0.03
0
0
0
0
0
0
0
0.01
0.04
1.4
2.8
0.16
0
0
0
0
0
0
0
0
0
0
0
0
0
0
0
0
0
0
0
0
0
0.66
0
0
0
0
0
0
1.3
0.73
0
0
0
0
0
0.04
0
0
0
0
0
0.05
0.45
0.34
0
0
0.02
0.01
0
0
0.02
0
1.17
1.27
0
0.01
0
0
0
0
0
0
0
0.03
0
0
0
0
0
0
0
0
0.6
0.03
0
0
0
0
0.02
0
0.01
0
0
0
0
0
0.03
0
4.55
0.21
0
0.08
0.52
0.15
0.09
0
0
0.14
0
2.11
3.12
0.63
0.07
0
0
1.29
13.58
7.99
2.73
0.66
0
0
0.01
0
0
0
0
0
0.01
0.62
0.39
1.88
4.77
0
0.25
1.97
5.87
1.79
11.52
11.53
1.82
0.78
0
0
0
0.02
0.13
7.54
2.43
1.02
0.06
0
0
0.02
0
0.01
0
0
0
0
0
0
0
0
0
0
0
0
0
0
0
0.34
5.68
10.59
9.28
8.55
4.79
4.34
3.14
11.23
1.07
1.3
0.04
0.58
0.46
3.76
2.26
11.37
12.78
3.79
0.55
3.05
1.44
0.79
0
0.67
0.2
1.48
0.78
4.03
6.02
6.82
6.98
31.36
5.15
0
0.18
0
0
0
0.02
0.01
0.12
2.05
1.92
0
11.15
20.34
10.55
6.02
3.99
0
0.27
4.24
3.39
2.61
3.76
2.01
0.38
0.02
0
0.01
0
0
0.03
0.02
0.11
0.05
3.04
1.91
0.36
0.44
0.33
0
0
0
0
0.08
2.64
7.76
2.97
0.01
0
0
0.01
0
0.01
0.02
0.08
0
0.07
0
0
0.01
0
0
0
1.18
0.76
0
0
0
0
0
0.02
0
0
0
0
0.26
3.39
9.28
8.15
5.27
10.75
0.87
0
0
0.05
1.33
0
0.99
3.81
0.55
0.04
0.01
1.93
0.19
0
0
0
0
0
0.07
0
0
0
0
0.15
0
0.27
4.43
1.72
2.46
3.63
1.08
1.66
0
0
0.78
2.89
2.2
1.45
2.87
0.91
0.05
2.18
3.92
1.62
3.92
1.89
0
0
0
0
0
0.05
5.53
9.13
5.36
1.4
0.52
0.01
4.96
0.47
5.27
0.79
0.01
0.06
0.02
0
0
0
0
0
0
0.01
0
0
0
0
0.22
0
0
0
0.02
0.02
0.09
0.11
0.21
1.92
5.55
2.25
3.23
2.72
2.7
0.01
0
1.75
0.02
0
0.52
0
0
0
0.18
3.82
6.36
0.54
0
0
0.07
0.09
0.47
0
0
2.95
0
0.23
0
0.02
0.09
0.75
0
0
0.97
0
0.21
4.11
3.84
0.49
0
0
0.05
0
0.85
1.04
0.2
0.07
0
0
1.8
0
0.1
0
0.14
0
0
0
8.84
2.63
6.48
0.39
0.36
0
2.09
0
0
0
0
0
0.52
0
0
0.29
6.39
10.86
5.38
1.35
0
0
0
0
0
0
0
0.01
0
0
0.9
1.34
0
1.95
10.51
0.89
0.02
0
0
0
0
1.89
14.3
19.41
14.72
8.3
3.02
0.4
1.27
6.78
0
0
2.82
1.94
0.15
0.61
4.3
3.61
0
0.05
0.05
0
0
0
0
0.11
0.74
1.68
8.55
0.21
0.68
0.06
0
0
5.67
11.82
11.09
0
0.03
0
0.01
0
0.01
0.02
0
0
1.25
3.45
21.21
24.98
19.18
15.91
3.34
4.64
4.23
8.71
3.46
0.23
0.13
0.89
0.02
0.02
0
0
0.14
1.2
0
0
0
0.02
0
0
0
0.03
3.04
5.18
0.7
2.25
11.85
2.17
2.55
5.82
13.3
3.5
6.05
2.06
2.41
0.24
0.12
0
0
0.04
0.02
0
0
0.45
8.05
0.45
0.25
0.05
0
0
0
0
0
0.01
0
0.01
0.01
0.1
0
0
0
0
0
0.06
0
1.4
3
4.41
10.41
5.55
0.52
0.11
0.04
0.01
0.01
0
0
0
0
0
0
0
0
0.83
0.09
0.01
0
0
0
0
0
1.56
8.3
7.96
6.69
5.82
10.21
18.2
2.15
8.13
3.42
7.24
25.96
21.64
8.41
3.03
0
0
0
0
0
0.04
0
0.42
0.48
0.82
2.29
0.09
3.5
8.01
4.5
2.64
1.28
0
0.61
1.46
3.53
3.46
10.08
0.86
0.89
5.44
2.34
6.8
0.93
0
0
0
0
0
0
0
0
0
0
0
0
0
0.03
0.06
0
0
0.42
2.08
2.51
19.27
11.58
15.66
7.18
5.15
27.85
16.52
2.24
0
0
0.13
0
0
0
0
0.01
0
0
0
0
0.09
2.36
0
0.01
0.73
0
0
0.02
0
0
0
0.08
0
0
6.36
0
10.02
1
0.52
5.02
0
0.39
0
0
0
0
0
0
0
0
0.01
0.02
0
0
0
0.01
0
0.55
0
0
0
11.72
25.54
2.45
0
0
0.01
0
0.02
0.02
0.62
2.2
0
0.06
0.4
0.07
0
0
18.33
7.52
0
0
0
0
0.05
0.01
0
0
0.03
0.37
0
0
0.11
0
0
0
0
0
0
0.6
0
0
0
0
0
0
0.05
0
0
0
0.07
0
0
0
0
0
0
0.11
0.22
0
0.35
0
2.13
27.9
12.77
2.32
27.09
13.21
1.63
0.07
0
0
0
0
0
0
0
0.21
0
0
0
0.02
4.16
8.43
1.29
0.01
0.55
6.13
2.62
0.26
0
0
0
0
0.07
1.41
0.08
0.09
0
0.01
0.14
0
0.07
0.95
3.28
0
0.13
0.81
0
0
0.09
0.41
3.47
4.7
0
0.02
0.61
0.55
0.01
0.03
0.42
1.88
0.2
3.66
5.21
0.63
0.32
0
0.34
0.02
0.01
0.27
0.15
0.09
0.38
0
0
0
0
0
0
0
0.21
0
0
0
0
0.05
0
0
0
0
0
0
0.17
0.38
0.23
0
0
1.3
1.65
1.38
3.96
3.59
10.14
5
2.66
0.31
0
0.01
0
0
0
0.2
0.4
0.19
0
0
0
0.32
3.36
0.01
0
2.03
2.02
0.08
0.03
0.19
2.27
2.83
0.7
0.32
0.02
0.02
0
0
0.01
0.02
0
1.63
0.41
0
0.23
0.36
1.29
1.75
0.35
0.02
0
1.23
4.75
14.7
14.81
11.05
1
0
0.66
0.08
0.09
0
0
0
0.03
0
0
0
0
0.05
0.77
2.24
2.66
0.35
0
0.8
0.39
0.23
0
0
0
1.25
0.76
0
0.28
0.65
0.26
1.36
4.63
3.05
2.1
7.77
1.18
0
0.13
0
0.39
3.35
0.97
0
0
0.49
0.02
2.06
0.51
0
0
0.21
0
0.57
0
0
1.14
3.5
10.18
4.05
0
0
0
0.71
1.71
1.18
1.39
4.82
4.38
4.89
12.69
5.82
11.31
7.59
1.07
8.42
2.39
0
1.64
10.3
5.09
7.41
2.46
0.3
1.62
0.3
0
0
0
0.48
0
0.19
0
0.77
0.1
0.36
3.7
12.67
5.03
6.27
5.94
2.73
1.72
2.22
6.72
2.06
0.89
0.23
0
0.01
4.3
23.02
2.74
0.25
0.05
2.96
12.34
3.1
0.9
7.1
10.98
8.22
0.2
0.64
4.44
11.11
0.65
0.01
0
0.98
0.01
0
0.01
0
0.37
0
0.05
0.98
0.2
0.65
0.04
0.02
0
0
0.47
0
0
0
1.03
0
0
0.84
0
0
0
0.94
0
0
0
1.59
0
0
0
0
0.49
0.15
0.17
0.02
0.05
0.99
0.05
0.02
0.71
0
0
1.05
0
0.33
0
1.3
0
0
0
0
0
0
0.2
0.01
0
0
0.77
0.32
2.07
0.66
7.2
1.09
0.02
0
0.36
0
0
0.47
0.19
0.63
1.49
0.01
0
0
0.8
0
1.52
8.58
1.71
9
11.76
1.06
0
0
0
0.18
0
0
0
0.37
10.54
21.77
46.85
8.73
0.03
0
0
0.45
0
0
0.91
1.76
1.99
2.62
6.77
8.11
0.76
0
3.28
4.37
1.5
0.06
0.24
0
0.01
0
0.45
0
0
0.63
0.02
0.1
1.51
0.39
0.31
1.67
5.78
10.73
3.18
9.31
0.73
0.4
0.25
0
0
0
0.15
0
0.16
0
0
0
0
0.6
0.21
0.51
0
0
0.17
0
0
0
1.43
0
0
0
1.25
0.01
0
0
0.81
3.86
8.19
4.18
0.59
0.07
1.25
0
0
0
0.69
0
0
0.53
6.31
2.19
0.8
0.85
0.02
0
0.01
0.02
0.23
0.96
0.94
0.34
0.17
0
0
0
0
0.01
0
0.35
0.01
0.04
0.02
0.04
0
0
0
0.01
0
0.05
3.55
2.1
1.32
3.2
1.77
3.95
12.85
14.76
2.44
1.27
0.08
0
0
0
0.01
0
0.14
0.52
1.05
7.43
2.85
2.5
3.69
0.82
0
0
0
0
0
0
0
0.35
0.01
0.26
0.19
0.05
0
0.02
0.01
0.77
0.09
0
0
0
0.64
3.18
0.82
3.63
1.15
1.48
0.05
0.04
0
1.24
2.11
0.91
1.57
0.09
0.22
0.19
4.17
12.45
3.94
3.14
2.61
5.51
6.94
3.25
7.18
0.54
4.45
5.68
4.27
1.05
3.27
1.02
0
0
0
0.05
2.35
9.23
4.2
0.23
0.02
0
0.03
0
0.16
1.13
0
0
0
0
0
0.08
0
0
0
0.01
0
0
0.02
0
0
0.13
0.49
2.92
2.44
1.03
12.57
18.68
1.1
0.02
0
0
0
0.01
0.35
2.91
0.46
0
0.02
0
0.13
0.03
0
0
0.01
0.01
0
0.34
0
0.01
0.04
0.02
0.07
2.07
2.85
0
0.01
0.01
0
0
0
1.33
20.22
34.33
22.56
0.17
0.06
0.35
0.25
0.14
1.25
1.9
0
0.26
2
1.24
1.86
0
0
0
0.16
0.25
0
0.02
0
0
0
0.02
0
0
0.05
0.02
0
0
0
0
0
0
0
0
0
0
0
0
0.01
0
0
0.61
12.71
0
0
0
0.08
0
0
0
0
0
0
0
0
0
0
0
0.01
0.04
0.56
1.02
0
0
0
0
0
0
0
0.02
0.32
0.12
0
0
0
0
0
2.08
1.98
0.17
0.66
0.6
2.06
0.94
0.52
1.4
0
0
0
0
0.01
0
0
0
0
0
0
0
0
0.01
1.25
10.05
0.34
0.34
2.33
1.48
3.23
1.91
0.69
0
0.28
0.16
0
0
0
0
0
0
0
0
0
0
0
0
0
0
0
0.98
0.36
0.07
0.18
1.54
6.85
0.88
0.03
0
0
0
0
0
0
0
0.02
0
0.99
0.52
0.2
0.01
0.02
0.01
0.02
0
0.01
0
0.01
0
0.02
0.6
0.03
0.6
0.44
0.47
1.2
2.26
5.45
16.13
10.32
12.67
5.9
2.59
3.73
1.18
0.7
1.05
4.02
19.09
7.93
12.34
7.2
5.67
19.82
12.03
5.27
8.79
7.9
1
0.38
1.47
1.07
0.69
1.03
0.36
0
0
0.45
0
0.01
0.01
0.05
0.06
0.07
1.93
6.43
3.71
2.25
0.34
0.44
9
6.36
0.31
0.05
0.34
0.12
3.39
0.54
1.33
0.61
0.09
0.01
0
0.15
0.13
0
0
0.3
0.42
2.96
10.7
5.03
0.31
0.12
0.54
0.06
0
0.21
0.2
0
0
0
0
0
0
0
0
0
0
0
0
0
0.09
0.08
0
0.5
2.96
6.7
16.41
2.52
8.31
5.86
0.55
11.86
8.05
3.41
11.5
1.97
0.02
0.02
0
0.01
0.45
0.68
0.43
7.91
6.46
1.53
4.88
2.03
0.33
0
0
0.1
0.12
0
0
0
0.18
1.46
3.73
0.58
0.27
0.57
0.2
0.02
0.02
0.13
1.38
11.57
2.47
4.52
2.31
0
0.05
0
0.18
0.57
0.63
8.45
1.06
0.7
0
1.05
0.32
3.73
0.16
0
0.46
0.32
5.36
4.25
8.25
8.83
0.59
1.8
0.72
0.16
0
0.03
0
0.03
0.01
11.39
0.64
6.77
8.45
3.76
0.66
1.04
1.99
0.26
1.49
8.72
10.09
0
0.05
0.02
0
0.09
0.47
2.62
3.7
7.48
1.84
0
0
0
0.01
1.09
4.06
1.84
0.02
0.01
0.11
0
0.01
0
0.02
0.02
0
0.66
1.32
0.27
0
0
0
0
0
0
0
0
0.79
0.17
0.03
0.02
0.32
0.02
0
2.2
6.18
0
0
0.15
1.22
16.61
0.03
0.08
0
0
0
0.02
0.03
0.04
0.48
0
0
0
0
0.52
4.57
8.7
2.96
5.15
1.12
0.88
0.18
0
0.03
0
0
0
0
0.01
0.09
0
0.01
0
0.01
0
0
0.08
0.69
2.05
0
1.33
3.43
10.39
0.79
0.46
2.53
0.84
2.19
13.05
1.09
0
0.09
0.39
0.05
1.95
8.07
5.28
0.09
0
0.04
0.85
0.01
0.17
3.14
3.25
1.45
2.93
0.9
0.51
0.41
0
17.8
9.63
17.04
1.19
0.78
1.07
4.21
10.64
0.74
0.05
0.23
0.89
2.11
0.23
0
0
0
0.29
8.61
11.7
2.82
5.53
4.68
0.18
0
0.02
0.02
0.05
1.81
7.13
7.17
2.15
0.58
0
0
0.24
0.59
0.02
0
0
0
0
0
0
0
1.78
1.59
0.65
6.4
1.45
12.17
4.41
1.9
6.16
17.94
3.66
0
0
0
1
3.88
2.09
2.25
13.16
13.27
0.55
1.91
1.64
0.93
2.55
3.46
5.83
8.35
15.24
4.83
2.62
0.29
0.78
1.91
3.81
0.66
0.32
0.67
1.22
0.14
0.34
3.08
2.67
2.93
4.91
2.59
5.08
0.67
0.25
0.49
0.2
1.36
0.87
1.08
0
0
0.18
0.03
0.04
2.89
8
11.87
3.66
2.57
2.12
0.9
0
0.51
4.83
1.76
0.49
0.77
2.91
4.24
12.86
15.47
22.13
12.41
2.48
2.25
0.51
0.35
0
0.21
0.24
2.09
10.76
4.38
0
0.21
1.73
10.59
3.91
4.8
8.96
4.85
2.7
9.29
5.75
6.47
2.61
3.45
11.28
3.94
0
0.38
0.24
0
0
0.3
0
0.01
0
0
0
0.08
1.57
2.65
8.2
3.58
1.93
2.03
6.39
6.17
9.58
2.43
0.05
0.01
0
0
0
0.01
0.43
2.34
7.7
6.82
5.91
3.12
1.46
0
0.73
0.07
0.03
3.53
0.61
0
0.52
0
0.34
0.06
0.05
0
0
0.01
0
0
0
0
0
0
0.45
1.09
0
0
0
0
0.03
0.22
0.48
0
0.03
1.02
14.3
0.01
0.2
0
0.02
0.02
0.7
0.01
0
0
0.05
0.33
0.32
1.22
4.17
7.92
11.39
1.8
0.3
0.24
0
0.38
0
0.01
0.01
0.15
1.72
0
0.16
3.28
29.52
0.91
0.32
0.5
2.53
10
7.41
0.78
1.55
0.39
0.15
0.63
4.63
0.43
0
0.14
0
0.02
0.04
0.01
0.04
0.03
0
0.06
0.01
0.01
0.02
0
1.63
2.45
0.05
0.63
0.25
0
0
0
0
0.03
0
0
0
0
0.01
0.46
0
9.02
2.79
0.29
0
0
0.48
0.35
0.02
0
0.02
0.03
0.08
1.03
6.59
9.16
0.15
0
0
0
0.01
0.01
0
0
0
0
0.45
0
0.01
0
0
0
0
0
1.55
0.93
0
0
0.01
0.01
0
0
0
0
0
0
0
0
0
0
0.03
0
0.01
0
0
0
0
0
0
0
0.02
0.2
3.61
2.69
2.05
7.79
0.77
0
0.01
0.27
0.44
0.16
0.34
4.36
1.25
0
0.08
3.62
2.71
7.24
19.02
8.52
14.61
13.67
1.18
0.82
0.9
1.02
0.15
0.22
8.52
13.27
2.58
0.77
3.47
0.29
3.82
11.84
5.48
10.3
13.48
12.86
8.29
2.72
2.91
15.91
18.32
8.45
7
0.84
4.34
0.83
4.73
7.32
0.64
0
0
0
0.84
3.82
3.98
1.8
0.05
0
0.49
0.25
0.23
0.13
0
1.74
12.19
4.23
0.41
0
0.02
0.02
0.04
0.37
0
0.07
2.67
0.76
0.3
3.13
6.84
6.57
11.8
0.32
0.04
0.44
0.13
1.7
4.19
1.92
0.77
0.09
0.02
0
1.95
0.95
0.07
0.08
0.78
0.09
0.79
2.69
6.17
2.44
1.49
2.59
4.12
0.97
2.04
5.16
1.04
0.2
0.64
0.68
0.32
2.1
1.3
0.55
0
0
0.01
0.72
0.05
0.04
0.78
2.36
1.13
4.71
4.66
2.22
2.59
1.45
0.32
0
0.72
0.8
0.06
1.16
0.05
0.04
0.01
0.48
0
0
0
0.77
0
0.01
0
0.01
0.68
0
0
0
0.27
0.73
4.05
1.74
0
0
0.59
0.63
0.08
0
0.2
0
0
0
0
0
0
0
0
0
0.01
0
0
0
0
0
0
0
0.01
0.48
1.96
0.14
0
0.84
0.44
0.04
0
0.29
0
0
0
0
0
0
0.01
0
0.04
1.97
11.42
6.52
5.49
3.87
2.41
0
0
0
0.07
1.25
7.59
3.35
1.51
0
0.93
2.07
9.67
1.92
0.02
0.02
0
3.84
5.33
0.91
0
0
0
0.22
0.93
3.2
0.22
0
0
0
0
0.01
0
0
0
0.14
0
0.41
0
0
0.01
0
0
0.64
2.34
0.91
2.54
4.88
9.7
5.66
16.27
3.79
4.26
1.2
0.07
0
0.08
0.93
0.41
0
0
0
0
0.27
0
0.01
0.91
0
0.34
0.63
0
0.28
4.97
0.25
0.58
1.41
6.52
0.61
0.36
2.03
0
0
0.43
0
0
0.04
0.01
0
0
0
0
0.02
0
0
0
0
0
0
0.48
0.01
0.01
0
0.4
0.05
0
0
0.94
1.21
0.45
0
1.8
7.3
11.24
0.98
6.69
0
0.28
0
0.02
0
0
1.89
0
0
0
0.23
0.55
0
0
0
0.01
0.04
0
0
0.95
0
0
0.04
0.02
0.01
0.24
0
0.15
0
1.13
3.36
16.75
2.96
0.68
0.01
0.05
0
0.01
1.48
0.16
0
0
1.5
0.99
0.76
2.59
30.24
2.96
0.27
0
0
0
0
0.09
0.13
3.68
18.35
9.55
1.51
0.07
0.2
0.81
0
2.16
7.86
1.23
0
0
0.34
0
0.89
2.49
7.54
11.76
0
0.64
0.33
0.02
0.06
0.07
0.43
0
0
0.04
0.39
0
0.59
6.43
0.69
1.36
0.89
3.18
0.42
0.49
0.53
0.4
0.29
1.07
1.88
3.28
7.01
2.32
1.55
3.7
10.4
5.78
6.13
0.18
5.63
15.2
12.34
14.29
3.82
6.87
13.58
6.95
11.02
29.81
2.44
0.41
0
0.43
0.92
0.31
0.3
0
0.48
0.18
0
0.54
0.11
0
0
0
0
0
0.78
0.36
0
0
0.61
2.7
1.78
5.47
9.6
6.32
2.34
1.66
3.41
6.47
7.35
2.38
9.09
5.05
1.79
0.15
0.35
0.38
0.38
1.07
2.2
1.25
1.08
1.91
4.91
1.05
1.24
9.01
7.64
1.04
0
0.01
0.01
0
0
0
0
0.01
0
0
0
0
0
0.05
0.04
0
0.01
0.7
1.22
2.81
0.01
0
0
0
0
0.71
0.23
0.18
0
0
0
0
0
0.1
1.49
5.09
6.8
5.31
9.4
1.79
2.91
9.21
6.63
3.7
1.3
1.06
3.99
9.37
4.61
2.41
1.11
1.16
0.09
0
0
0
0.89
1.92
2.82
0.34
0
0
2.44
11.83
6.05
0.44
0.24
0.55
0.06
0.03
0.38
0
0
2.2
0
0
0.21
0.2
2.04
1.04
2.06
0.02
1.17
2.27
0.03
0.99
5.8
8.22
1.57
0.25
0.85
2.91
0.41
2.37
10.96
2.99
2.55
1.35
1.16
4.09
3.16
2.93
0.24
0
0
0
0.01
0
0.02
0.01
0
1.91
1.47
0.89
0.11
0
0
1.04
4.33
1.77
0
0
0.05
0.02
2.72
23.13
14.84
3.44
1.67
7.29
11.1
2.8
0.09
0.33
1.09
0.45
0
0.13
0.1
0
0
0
1.15
10.86
6.55
0.33
0.13
0
0
0
0
0
0
0
0.16
0
0.66
1.86
4.26
1.16
0
0
0
0.02
0
0
0
0
0
0
0
0
0
0
0
0
0
0
0
0
0
0
0
0
0
0
0
0
0
0.06
0
0
0.01
0.16
0
0.01
0
0
0
0
0
0.01
0
0
0
0.02
0
0
0
0
0
0
0
0
0
0
0.02
0
0
0.02
0
0.01
0
0
0
0
0
0
0
0
0
0
0.05
0.04
0
0
0.76
0.47
0.07
0.04
0.04
1.17
0.96
1.44
0.15
0.29
0.98
4.99
11.37
7.46
3.59
1.71
0.75
0
0
0
0.3
0.02
0
0
0.01
0.07
0.4
1.04
2.5
4.55
12.49
7.77
3.28
3
2
0.73
0
0.92
0.98
0
0.06
0.88
4.34
7.94
2.21
0.06
0
0
0
0.01
0.84
2.55
2.72
3.71
3.35
0.1
0.93
1.17
0.45
1.04
1.54
1.04
0.2
0.2
0.05
0.53
1.06
1.18
2.03
3.82
0.89
0.09
0
0
0
0
0
0
0
0
0.24
0.1
0.3
0.02
0.21
0.11
0.35
0.01
0.08
0.88
0.58
0.66
0.29
0.21
0.02
0.12
0.24
0.04
0
0
0
0.48
0.62
2.01
5.15
17.03
19.15
14.03
8.84
2.48
7.45
7.25
3.61
3.48
7.77
7.36
4.16
3.72
3.85
3.62
0.56
0.56
2.97
2.38
1.5
1.29
4.02
3.9
2.27
3.66
0.82
0.17
0
0
0
0
0.04
0
0
0
2.02
3.65
1.69
2.45
2
1.55
5.35
4.59
6.4
11.7
8.74
3.34
1.01
1.6
9.39
13.75
3.5
0.96
2.63
3.34
1.75
0.44
0.8
1.07
0.8
0.89
1.29
0.9
1.16
1.51
0.72
0.25
0.02
0
0
0.17
0.31
1.75
3.47
4.18
2.9
0.15
0
0.91
0.95
0
0.02
0.73
0.19
0
0.03
0
0.13
0.01
0.01
0
0.14
0.11
0.02
0
0
0
0
1.59
0.86
0.09
6.09
23.73
24.59
6.74
8.11
11.8
6.15
2.29
0.63
2.13
8.09
3.1
0.09
0
0
0
0
0
0
0.31
0
0.17
0.33
0
0
0
0.03
0
1.38
0
0
0.01
0.05
0
0
0
0
0
0.01
0
0
0
0
0
0
0
0
0.23
0.29
0.93
0.86
0.79
0.92
1.27
0.48
2.64
5.16
7.62
6.7
2.99
0.66
0
0.93
1.66
0
0
0
0
0.07
0
0.13
0
0
0.15
1.3
0.18
0
3.45
1.93
5.25
10.13
6.42
2.45
0
0.9
0
0
0
0
1.22
0
0
0
0.01
1.24
0
0.01
0
0
0.01
0
0.2
0
0.02
0.06
0
0.02
0.59
2.27
10.13
5.17
7.73
2.84
1.95
0.21
0.06
2.5
0.91
0
0
0
0
0
0
0
0
0
0
0
0
0
0
0.01
0
0
0
0
0
0
0
0
0.02
0.08
0.05
0.5
0
0
0.67
1.92
1.93
2.14
0
0
0
0.1
0.03
1.37
0.21
1.77
5.7
6.04
7.54
9.16
0
0.32
0
0
0.11
0.15
2.51
0.96
1.02
0
0
0
0
0
0
0.07
0.02
0.16
0.01
0.01
0
0.12
0
0.01
0.01
0.15
0
0
0
0.02
0
0.14
0
0.09
0.07
0
0.16
0.01
0.29
0.23
0.06
0.73
8.85
9.84
4.43
10
13.38
7.39
6.77
9.45
3.95
1.51
4.05
4.3
2.32
8.46
14.96
18.16
17.93
9.48
3.01
0.35
0.46
0.13
0.41
0.01
0.39
0.45
1.45
2.87
1.37
1.26
1.17
2.12
1.36
4.94
5.95
3.64
2.27
1.76
4.01
2.36
0.65
1.52
6.07
2.86
0.47
6.09
6.04
1.56
1.37
3.11
2.1
0.83
0.07
0.09
0.01
0.22
0.15
0.18
0.1
0.34
1.63
0.77
0.15
0.16
0.57
0
0
0
0
0
0
0
0
0
0.42
1.2
1.14
0.68
0.01
0.01
0
0.01
0
0
0
0
0.02
0.01
0
0
0
0
0
0.02
0
0
0
0
0
0
0
0.13
0
0.06
0.17
0.17
0.34
2.84
14.93
10.25
13.24
9.81
15.66
2.11
0.25
2.72
5.6
21.93
20.97
5.72
2.77
2.72
1.84
0
1.13
3.14
0.62
0.18
0.3
0.38
0.32
0
2.13
2.99
3.67
3.11
2.88
1.47
0.79
0.36
0.23
0
1.3
2.33
0.44
0.49
0.88
1.79
0.37
0.58
0.41
2.84
4.05
1.87
4.01
2
0.6
1.55
0.9
0.6
0.52
0.23
0.13
0.04
0.44
0.45
0
0
0
0.96
11.45
6.82
3.02
0.16
0.02
0
0
0
0
0
0
0.02
0.02
0
0.01
0
0
0.01
0
0
0
0
0.01
0.07
0.01
0
0
0
0
0
0
0.02
0.2
0.07
4.32
2.52
1.7
0.38
0.02
0
0.12
0.09
0.25
1.11
3.39
7.09
5.27
0.83
0.1
1.71
0.09
0
0
0
0
0.01
0.02
0.02
0.01
0.01
0.02
0.43
0.65
7.94
20.08
10.74
18.66
4.9
1.51
0.75
3.66
4.91
0
0.49
0.04
0.3
1.84
4.29
0
0.02
0.21
0
0
0
0
0
0
0.17
0
0
0.45
1.54
0.54
0.14
4.04
0.14
0
2.35
0.64
0.95
0
0.18
0.01
0.02
0.07
1.23
0.22
0
0
0.16
0.71
3.85
0
0
0
0
0
0
0
0
0.01
0.13
0
0
0
0
0
0
0
0
0
0
0
0
0.09
0.09
0.02
0
0
0.02
0.09
0.06
0
0
0
0
0
0.61
0.15
0.23
0
0
0
0
0
0.01
0.02
0.1
0
0
0
0
0.05
0.59
0.48
1.81
11.7
1.76
1.67
0
0.21
0.43
0.46
0.27
0.1
0
2.57
4.1
4.75
0.03
6.95
1.24
0.06
0
0
0
0
0
0.55
1.21
0
0
0
0
0
0
0
0
0
0.02
0.09
2.18
10.5
11.82
0
0
0
0
0.08
0.08
0
0.01
0.05
0
0.09
0.12
0
0.01
0.04
0.01
0.01
0.27
0.01
0
0
0.3
1.59
0
0.07
0.51
0
0.03
0.14
0.21
0
0
0.01
0.16
1.86
0.02
0.02
0.11
1.93
1.52
5.06
6.9
0.86
1.48
1.74
2.75
1.71
6
0.8
0
1.76
3.81
0.27
0.05
0.54
0.13
9.67
1
0.69
0.07
0
0
0
0.83
0.88
0.36
1.02
0.37
0.21
0.43
0
0.23
1.41
2.56
1.43
0.27
0
0.02
0
0
0.07
1.2
11.63
3.46
7.29
7.73
0.88
0.44
0.26
0
0
0
0
0.01
0.01
0
0.55
1.09
1.63
0.22
0.54
0.98
0.3
3.45
3.39
0.32
2.54
8.2
9.72
3.55
4.21
11.88
3.25
1.21
5.75
7.19
7.73
2.51
2.65
1.09
0.09
0.03
0.11
2.2
8.59
9.67
12.8
4.54
4.52
2.27
0.78
0.57
0.31
0.01
0
0
0.01
0.01
0
0
0
0
0
0
0
0
4.84
2.75
0
7.21
3.51
0
0
0.09
0
0
0
0
0
0
0
0
0
0
0
0
0
0
0
0
0
0
0.01
0
0
0.01
1.23
0.91
0
0
0
0
0
0
0
0.26
0.34
0.01
0
0.36
0.82
0.96
9.56
6.52
0
0.04
0
0
0
0.26
0.17
0.46
0
0
2.33
0.81
0
0.06
0
0
0
0.11
0.22
0
0
0
0
0
0.02
0.02
0
0.02
0
0
0
0
0.01
0
0
0
0.04
0
0.04
0.58
0.16
0.93
0.77
0
0.02
0
0.12
0
0
0
0
0.01
0
0
0
0
0
0
0
0
0
0.04
0.01
0
0
0
0
0.01
0.21
1.41
0.67
0
0
0.01
0
0
0
0
0.05
0.01
0.01
0
0
0
0.01
0
0
0
0
0
3.2
0
2.35
0.95
0.28
0
0
0
0
0
0
0
0
0
1.21
0
0.01
0
0
0
0
0
0.01
0
0
0
0
0
0
0
0
0
0.01
0.01
0
0.02
0.38
0
25.32
9.57
9.07
1.19
4.25
19.29
1.25
0
0.2
0
20.18
8.13
0.93
0
33.38
7.86
7.72
0
0.09
0.12
2.53
0.03
0.32
3.19
3.66
2.77
1.77
0
0
0.15
4.14
3.21
0
0.4
4.48
6.15
0
0.16
0
0.02
2.11
18.69
26.24
6.68
0.19
0.87
0.33
1.51
3.66
0.91
1.21
0.56
0.35
8.08
5.98
4.61
1.96
8.09
0
0.5
0.09
0.19
0
0
0.03
1.45
2.25
0
0.52
2.66
1.48
0.14
0.02
1.24
24.23
4.31
0.5
0
0.01
0
0.08
0.61
2.59
1.32
0.71
0.05
0.38
1.61
0.01
0.88
3.23
3.07
0.84
7.5
2.32
4.76
1.22
0.11
0.06
0.31
0.13
0.38
1.52
0.96
1.66
1.09
2.49
2.34
2.14
3.53
6.68
1.16
5.99
2.07
11.2
5
10.73
20.46
15.66
3.78
3.07
1.98
3.23
2.44
0.27
0.15
0.42
1.66
0.35
0.01
0.15
0.36
0.07
0
0.08
0
0.06
0
0.63
6.12
5.54
11.89
7.02
1.32
7.86
4.21
0
4.21
3.95
7.12
4.57
0.27
0
0.36
0.21
0.21
12.17
4.42
0
0.03
0.49
0.08
0
0
0.01
0
0.01
0
0
0
0
0
0
0
0
0
0
0.14
0
0.01
0
0
0
0.01
0
0.01
0
0
3.88
5.21
0.9
0.07
0.3
0.53
1.18
0.48
7.63
5.22
5.75
4.7
6.08
2.88
15.25
17.32
5.71
0
0
0.23
0
0
0
3.12
2.28
0.19
0.02
1.92
0
0
0.12
0.19
0.96
0.67
0
0.25
0
0
0.15
0.13
0.19
3.74
5.17
0
0
0.08
2.12
1.48
3.45
0
0.05
0
0
0.92
0
2.91
0.34
0.12
0.75
10.55
3.77
0.84
1.62
2.9
8.11
20.61
2.09
0
3.62
19.3
3.64
0
0.02
0.02
4.44
1.82
0
0
0
0
0.04
0
0.05
0.01
0
0
0
0
0
0
0
0
0.18
4.09
0.5
0
0
0.01
0
0
0
0.06
0
0
0.01
0.02
0
0.01
0.03
0
0
0
0
0
0
0
0
0.29
0.46
0
0
0
0
0
0
0.01
0
0
0
0
0
0
0
0
0
0
0.16
0
0.02
0
0
0
0
0.01
0
0
0
0
0
0
1.24
0
0
0
0
0
0
0
0
0
0
0
0
0
0
2.48
2.69
10.15
1.1
0.01
0
0
0
0.01
0
0.01
0
0.2
1.58
1.56
30.84
11.28
0.63
0.35
0.88
1.31
8.78
7.15
0
1.95
3.83
4.34
3.13
0
0
0
10.57
13.11
6.31
1.07
0.39
5.12
0.17
3.11
0.84
0.32
0
13.06
4.56
0.34
0.36
0
0
0.03
0
0
2.38
0.33
0.63
8.86
8.76
8.05
8.26
1.6
0.43
0.09
0.01
0.02
0.2
0.12
0.04
0.8
0.15
0.07
0.1
0.02
0
0.02
0.02
0
0
0
0.02
0
0.55
3.61
0.01
0
0.03
0.02
0.05
0.01
0
0
0
0
0
0.01
0
0.01
0
0
0
0
0
0
0
0
0
0
0
0
0.01
0
0
0.06
0
0
0
0.06
0.47
0.23
0.65
2.4
10.91
14.73
2.49
0.03
0.09
1.6
0.36
0
0.01
0.59
2.93
1.88
7.73
0.66
1.78
0.32
0
0.65
0
0
0.02
0
0.02
0
0
0
0.02
0
0.8
0.05
0
0
0.05
4.87
0.55
2.74
5.55
9.54
15.22
10.7
1.01
0.03
1.24
0
0
0
0.29
1.38
0.5
0.08
0
0
0
0.05
0
0.68
1.08
0
10.98
2.36
0
0
0
0.01
0.01
0
0
0.02
0
0
0
0
0
0
0
0
0
0
11.22
0.17
0
0
0
0
0
0.22
0.01
0.01
2.07
7.73
5.98
2.55
0
3.16
1.84
10.49
2.2
3.51
2.73
0
0.98
0.02
0.27
0
0.13
0.06
0.01
0.04
0
0.03
0.06
0.02
0.88
0
0
1.7
4.49
0.88
0.12
0.84
3.91
4.43
1.52
0.17
0.81
1.55
0.84
2.43
0.05
0.14
0
0.01
0.04
0
0
0
0
0
0
0
0
0
0
0
0
1.07
4
2.88
6.61
3
0
0.16
0
0.29
0.01
0.11
0.84
0
0.27
0.15
0
0.23
0.02
0
0
0
0
0
0
0
0
0
0.02
0
0
0
0
0
0
0
0
0
0
2.2
0.06
0.48
0
0
0
0
0
0
0
0.01
0
0
0
0
0
0.02
0.01
0
0
0
0
0
0.32
0.06
0.16
0
0
0.14
0.08
0
0
0
0
0
0.01
0
0
0
0
0
0.01
0
0.01
0
0
0.04
0
0.06
0.05
0
0.02
0
4.77
2.29
0.21
0.02
0
0
0
0
0
0.01
0
0.02
0
0
0
0
0
0
0.07
0.05
0
0.02
0
0
0
0
0
0
0
0
0
0
0
0
0
0
0
0
0.04
0.09
0.37
3.86
0
0
0
0.01
0
0
0
2.92
1.93
7.93
0
0.21
0
0
0
0
0
0.16
0.18
5.19
0.22
5.4
0
0.44
8.23
7.39
0.61
0.2
0.09
0.01
0.39
9.36
21.77
26.52
17.06
2.22
0
1.36
0.27
0
0.14
3.21
4.17
5.82
0
0.03
0
1.16
0.02
0
0.01
0
0
0
0.02
0.17
0.46
0.08
0.01
0.01
0
0
0
0.23
0.24
0.02
0.21
0.07
0
0
0.16
2.16
0
0
0
0
0.06
0
0
0.09
0
0
0
0
0
0
0
0
0
0
0
0
0
0.01
0
0
0
0
0
0
0
0
0
0
0
0
0.65
0.49
0.11
0
0
0.02
0.09
0.09
2.26
3.48
4.35
6.23
0.91
1.07
4.56
2.11
7.65
9.8
1.94
0.33
0.38
6.34
2.6
6.59
15.74
4.15
1.99
3.71
6.09
3.32
0.64
1.44
2.48
5.43
0.65
0.74
6.18
2.25
0
0.18
10.33
3.67
0.35
0
0.1
0.02
0
0
1.15
0.04
0.09
5.09
4.25
1.31
0
0
0.57
10.28
3.06
1.23
3.82
10.8
1.66
0.49
0
0.02
0.01
0.28
2.52
0.09
0
0
0.38
0.54
0.39
4.12
16.2
1.47
0.2
1.21
0
0
0.14
3.83
6.31
8.44
1.16
0.05
0
0.04
0
0.5
0.77
0
0.27
0
0.05
3.41
12.31
0.48
0.54
3.22
0.72
0
0
0
0.03
0
0
0
0
0.09
5.68
0.8
0.7
0
0.96
5.92
1.7
0.2
0.55
1.24
0
0.02
0
0.01
0.88
0.43
0.49
0
0.03
0.58
0
0.01
0
0
0
0.98
5.34
0.26
0.02
3.48
3.57
0.11
0.01
0.01
0
0.02
0
0
0
0
0
0
0
0
0.01
0
0
0
0
0.21
1.94
2.95
0
0
0
0
0
0
0
0
0
0
0
0
0
0
0
0
0
0.02
0.4
0.02
0
0
0
0
0
3.97
0.54
0
0
0
0
0
0
1.34
0
0
0
0
0
0.69
0
5.36
0
0
0
0.01
0
0.02
1.21
4.54
1.79
0
0.14
2.13
1.4
0
0
0
0
0
0
0
0
0
2.07
1.52
3.67
0.48
1.88
4.89
0.99
0
0
0
0.05
0.01
0
0
0
0
0.12
0.01
0
0
0
0
0
0
0
0.02
0
0
0
0
0
0
0
0
0
0
0
0
0
0.03
0.02
0.02
0
0.01
0
0
0
0
0
5.05
8.85
7.77
3.05
0.66
4.94
1.47
9.02
2.45
0.13
0
0.02
0.67
5.97
3.09
11.96
0
0
0
0.02
0.56
0.02
0.13
0.45
0.01
0.21
0
9.49
4.22
2.7
0.74
0.93
6.42
0.02
0
0.73
1.62
5.91
0.93
0.03
0.22
0
0.52
12.72
1.28
4.9
3.52
6.69
3.48
0.16
1.07
0.76
1.15
0.05
0.07
0.02
0.23
0.27
0
0.07
0
0
0
0.06
0
0.13
0.09
1.79
0.91
0
6.52
2.08
3.18
5.01
9.93
4.55
4.93
0.42
0.91
0.2
0.08
0.26
0.01
0.08
0.02
0.02
0
0
0
0.43
1.38
1.96
0.42
0
6.97
3.81
0.25
0.06
0
0
0
0.01
0.05
0
0
0.42
2.7
1.88
0.36
4.11
9.65
5.18
1.39
8.91
20.42
4.45
1.35
0.35
1.79
5.97
12.85
4.61
8.09
2.8
3.01
0.88
0.51
0.34
0.13
2.68
0.11
0.42
17.54
23.89
8.6
7.08
23.87
5.49
1.66
0.27
0.04
4.6
1.53
0.41
0
0.07
0.07
0
0
0
0
0.01
0.59
7.7
1.12
0.5
0
2.04
3.39
1.3
0.54
0
0
0
0.56
0
0
0.86
0.26
0.08
1.17
0
0.45
0.26
0.01
3.56
13.13
6.16
33.66
14.32
3.09
0.52
1.86
3.16
6.63
1.95
1.1
0.47
0.61
8.56
0.54
0.73
0.45
0
0.65
0
0
0.05
1.77
7.39
0.06
0.38
0
0.37
0.23
1.4
2.73
0.36
4.42
6.77
0
0.1
0
0
0
0
0
0
0
0.02
2.67
6.44
9.68
5.2
4.94
4.07
1.69
0.24
0.07
0
0
0
0
0
0.6
1.38
0.77
0
0.05
0
0.01
0.02
0
0
30.17
3.09
1.29
1.49
0
0
0
0
0
0
0.01
0
0
0
0
0
0
0
0
0
0
0
0.01
0
0.01
0
0
0
0
0
0
0
0.01
0
0.02
0.02
0
0
0.25
0.07
0
0
0
0.01
0
0
0
0
0
0
0
0
0
0
0
0
0
0
0
7.51
6.95
19.13
10.34
7.8
0.41
0.11
1.35
1.61
0
2.37
0.36
1.25
10.52
13.31
1.48
1.86
0.49
0.63
1.02
0.51
0.02
0
0
0
0
0
0.01
0.33
0.01
0.34
2.12
0.13
0
0.11
3.7
7.54
1.13
0.17
0
0
0
0.14
0.88
5.63
0.59
0.02
0.13
12.36
9.33
12.04
1.9
0.17
0
0
0.01
0.01
0.01
3.2
0.01
0.02
0
0
0
0
0.06
0.02
0.22
0.06
1.06
0.59
0.03
1.76
20.15
25.47
4.38
0.68
0.11
0
0
0.95
0
0.6
3.67
8.34
2.8
10.81
4.32
0.03
0.19
1.11
0.05
0
0.21
0.02
0.3
0.02
0.03
0
0
0
0.02
0
0
0
0
0.04
0.03
0.71
3.48
2.63
0
0
0
0
0.37
3.2
7.23
7.42
2.48
3.29
5.27
3.52
4.57
1.93
13.78
10.44
6.75
4.02
3.48
12.36
11.47
10.93
14.99
16.45
3.26
3.55
5.88
2.05
1.85
1.54
2.71
0.71
4.55
0
0.46
0.79
0.43
10.07
1.95
0.38
0.4
1.41
0.02
1.98
1.72
0.14
0.52
2.33
0.84
5.66
1.69
0.21
0.04
0
0.49
2.64
1.34
0.02
0.19
0.2
0.14
0
0
0
0.01
0
0
0.2
0
0
0.02
0
0
0
0
0
0
0
0
0
0.02
0.09
0.03
0.19
0.64
0.76
0
0
0
0
0.02
0
1.49
5.97
1.69
0.4
2.39
0.75
1.33
0.12
0
0.31
1.43
3.65
0.75
0.01
0
0
0.12
0
0.71
0.05
0.22
0.34
0.58
0.28
0
0
0
0.58
0
0
0
0
0
0.58
0.88
0.27
0
0.09
0.14
0
0
0.11
0
0
0.62
2.43
3.64
2.15
3.23
0.41
0.54
1.89
1.61
0.64
3.88
0.73
0
0
0
0
0
0
0
0.52
0
0.03
0.01
0
0
0
0
0
0
0
0.01
0
1.85
0.97
11.2
3.32
0.32
0.91
1
0.18
0
0
0.01
0.52
0.56
0.07
0.07
0
0.05
5.19
0.83
0
0
0
0.04
0
0
0
0
0
0
0
0
0.03
0
0.01
0
0
0
0.02
0
0
0
0
0
0.01
0.04
0
0
0
0
0
0
0
0
0.11
0.52
16.91
21.49
1.43
2.95
1.83
0.01
0
0
0
0
0
0
0
0
0
0
0
0
0
0
0
0
0
0
0.01
0
0
0
0.04
0.36
0.01
0
0.01
0
0
0
0
0
0
0
0
0
0
0
0
0
0
0
0
0
0
0
0
0
0
0
0.01
0
0.01
0
0.05
0
0
0
0
0
0.1
0
0
0.72
3.18
3.84
1.45
1.2
0.5
0.21
0
0
0
0
0
0
0
0
0
0
0
0
0
0
0
0
0
0
0
0
0
0
0
0.39
3.13
1.41
0
0.01
0
7.97
3.27
0.66
0.21
0.02
0.39
1.23
2.17
8.29
0
0.02
0.3
3.82
1.07
0.26
0.41
1.41
1.65
0.66
0
0.1
0
0.01
0.09
0.07
0.38
4.41
0.88
0.2
0.2
0.52
0
0
0
0
0
0
0
0
0.26
0.43
0.2
0.3
1.58
2.24
1.24
5.13
3.54
1.98
0.21
0
0.04
0
0.98
0.57
0.14
0
1.25
0
0.01
2.55
0.15
1.38
0.33
0.16
0.51
6.92
3.22
16.52
6.78
1.38
4.23
3.16
1.45
1.63
0.98
0.07
0
2.29
1.76
0.69
0
0
0.09
0
0
0
0.01
0.38
13.09
2.93
0.27
0
0
0.3
3
0.2
0.01
0
0
0
0.02
0.01
0.01
0
0
0
0
0
0
0
0
0
0.02
0.01
2.3
11.64
3.32
0.71
0.02
3.25
0.17
1.6
0.31
1.52
6.16
12.18
17.89
6.08
0.98
0.01
0.02
0
0
0
0
0
0.82
2.93
2.22
6.24
9.93
5.1
4.16
3.11
14.41
4.25
1.28
4.82
0.92
0.46
0.15
1.54
1.2
0.03
0
0
0
0.01
0.03
3.01
27.8
4.08
1.37
0.28
0.14
1.02
3.98
1.25
6.32
16.64
0.63
0.91
1.04
1.19
9.85
8.51
3.17
0.39
0.34
9.35
6.53
3.58
3.43
7.48
12.72
7.95
14.62
2.29
1.99
3.81
5.4
3.48
14.94
8.67
4.03
0.48
0.25
0.22
0.08
0.01
1.59
1.61
9.16
14.86
1.14
4.38
0.64
14.71
4.29
3.21
0.16
0
7.39
1.5
0
0
0.07
0.29
0
0
0
0.02
0.04
4.25
0.07
0
0
0
0
0
0.27
4.71
1.38
0.02
0.34
0
0
0
0
0
0
7.1
6.47
0.77
0.05
0
0
0.01
0
0
0
0
0.02
0
0.01
1.18
1.05
0.38
0
0
0
0
0
0
0
0
0
0.7
0.48
0
0
0
11.17
4.7
0
0.05
0
0
0
0
0
0
0
0.02
0
0
0
0
0.15
5.58
0.21
0
0
0
0
0.27
0.52
1
0
2.85
0.88
0.01
0
0.02
0.22
4.02
0.24
0.77
0
0
0.01
0.07
0.24
0.45
2.25
0.92
0.04
0
0.06
0
0
0
0
0
0.01
0
0.01
0.58
0.52
21.93
5.6
0.47
0.98
1.91
0.86
0.06
0
0.11
0
0.04
0
0
0
0.57
0
0.09
0
5.46
0.02
0.06
0.04
0
0.03
0
0
0
0.23
0.73
9.71
1.41
0.95
0.37
0.3
0.76
0.01
0
0.02
0
0
0
0.13
0.04
0
0.01
0.03
0.01
0.56
0.2
0.06
0.02
1.73
0.65
0.61
0.16
6.97
2.04
1.08
0.58
3.09
0.36
0
0
0
0
0.05
0
0
0.02
0.61
0
0
0
0
0
2.12
7.48
6.88
3.28
1.48
1.42
7.22
17.64
2.45
0.78
10.02
1.38
0.71
0.16
0.52
1.01
1.54
7.03
4.37
0.4
1.48
1.07
3.61
8.28
8.06
9.52
3.96
0.5
1.41
7.15
0.65
0
0.05
0.11
0.01
0.02
0.05
0.02
0.02
0.3
6.74
9.36
9.41
13.81
9.13
8.98
9.11
3.86
0.42
6.48
2.16
10.09
0
0.48
1.13
0.85
1.72
3.07
1.5
0.85
0.45
0.71
0.86
0.24
0.06
0.04
1.71
0.88
0.18
0.36
3.54
1.89
5.84
10.91
0.46
1.8
4.85
1.07
0.16
0.59
1.38
1.95
1.33
12.36
1.34
0.97
0.62
0
1.77
0.15
0.24
0
0
0.02
0.07
0
0
0
0.13
0
0.41
0
0
0
0
0.02
0
0.15
0.02
0.46
0.51
0.02
0.02
0
0.01
0
0
0
0
0.03
0.02
0.03
0
0.13
0.69
0
0.43
0.11
0.01
0.32
1.94
3.66
2.05
1.69
0
1.43
2.5
0.96
0.81
0
0
0.19
1.47
1.42
2.86
1.36
0.41
0.13
1.18
1.1
0.2
0.03
0.06
0
0
0
0
0
0
0.03
0.02
3.46
1.28
0
4.22
1.4
0.29
0.12
0
0.34
0
0.11
0.33
2.54
8.2
7.41
0.67
0.82
0.38
0.64
2.93
0.44
0
0
0
0
0.27
0.17
0
0
0.28
0
0
0
0
0
0
0
0
0
0
0
0
0
0
0
0
0
0
0.02
0.01
0.03
0
0
0
0
0.5
0.09
0.02
28.62
0.32
0
0
0.04
1.67
0
0.01
0.4
0
0.02
0
0
0
0
0
0.02
0
0
0
0
0
0
0
0
0
0
0.03
0.01
0
0
0.13
0.02
0.17
7.44
0
0.06
21.65
5.89
13.34
6.38
3.67
0.42
1.42
0.24
0
0
0
0.03
0
0
0
0
0.73
16.58
30.14
30.51
1.31
0.08
0.99
6.73
0.17
0.01
1.87
11.41
9.67
2.15
0.72
2.14
4.63
7.63
2.12
0.82
0.16
1.9
2.65
19.68
1.75
0.5
0.53
0.82
3.86
6.14
14.34
2.21
0.1
0.09
0.32
1.2
4.63
9.34
5.54
0.56
0
0.3
5.35
4.56
8.98
50.36
15.8
2.43
6.38
2.04
0.13
1.73
0.52
0.08
0
0.01
0
0.01
0
1.69
0.19
2.72
3.05
1.1
0.65
0
0.23
0.52
0.16
0
2.7
9.07
3.46
0.55
5.95
4.16
0.22
0
0.36
2.54
5.34
0.12
0.14
0
0.03
0
0
0.06
0.05
0.01
0
0
0.01
0.01
0
0.02
0
3.16
9.21
8.83
0.23
0.05
0
0.02
0.01
0
0
0
0
0
0.05
0.01
0
0
0.01
2.55
9.23
3.15
0.55
8.98
3.55
0.44
2.79
3.14
2.71
0.49
0.02
0.16
0
0
0.01
0
0
0.01
0
0.42
0.02
0.02
0
0
0
0
0
0.08
0.03
0
0.1
0.11
1.77
0.06
0.14
0
0.01
0
0
0
0
0
0
0
0
0.01
0
0
0
0.02
0
0
0
0.04
0.01
0
0.01
0
0.02
0
0
0.05
0.02
0
0.01
0.05
0.07
0.75
1.14
0.74
2.13
0.9
0.08
3.61
5.14
0.07
0
0
0
0
0.01
0.01
0
0
0
4.82
1.72
0.12
0
0
0.01
0
0
0.01
0.04
0
0.05
0.06
0
1.31
9.53
0
0.08
0
1.77
1.27
0.1
0.24
2.16
0.35
1.13
0.2
0.5
0.11
0
0.01
0
0
0.01
0.73
0
0
0
8.61
6.46
19.52
9.84
10.92
0.74
0.36
0
0
0
0
0.02
0
0
0
0.02
0
0
9.18
14.24
7.24
3.96
1.28
0.05
0.19
9.39
8.48
1.27
0.52
0
0.38
0.64
0
0.01
0
0.01
0.05
0
0
0
0.02
0.06
0.02
0
0.01
0
0.02
0
0
0
0
0
0.01
0.19
0
0
0.05
0.05
7.24
2.01
0.55
0.26
0
0
0
0
0
0
0
0
0
0
0
10.92
1.17
0
0.04
0
0.12
0
0
0
0
0
0
0.02
2.09
4.27
0.05
0
0.01
0.04
0
0
0
0.1
0
0.03
0.71
0
0.02
0
0
0.01
0
0
0
0
0
0
0
0
0.13
0.11
1.16
0.07
0
0
0.04
0
0
0
0
0
0.01
0
0
0.01
0.02
0
0
0
0
0
0
0
0
0
0
0
0.01
0.01
0.01
0
0
0
0.01
0
0
2.66
4.7
2.94
4.45
5.16
0
10.12
8.22
5.11
0.06
0
0
0.12
0
0
0.05
0.04
0
3.96
4.02
1.11
6.67
4.88
4.43
15.38
6.66
0.35
0
0
0
0.12
0
0
0
0
0
0
0
0
0
0
0.01
0.01
0.16
0.14
0.01
0
0
0
0
0
0.61
0.07
0.01
0
0
0
0.02
0
0
0
0
0
0
0
0
0
0.61
9.91
11.56
2.57
10.29
11.6
12.58
3.29
0.09
0.09
0
0.24
0.28
0
0.38
0.56
3.19
1.23
11.68
4.9
2.61
0.56
5.96
0
0
0.02
0
0
0.18
0.13
0
0
0
0
0.04
0.01
0
0.03
1.09
3.19
0.32
1.6
0.08
2.41
2.11
2.23
8.95
1.83
1.29
2.13
4.14
0
0
0
0
8.68
6.54
3.17
1.29
2.88
0.55
0.15
0.03
5.89
0.61
0
0.26
0
0
0
0
0
0
0.01
1.89
0
0
0.03
0.01
0
0
3.25
12.55
2.28
1.29
1.04
0
0
0.08
0.01
0.06
0.35
13.17
3.05
10.04
3.66
2.42
2.27
3.79
0.79
1.98
0.18
0
0
0.38
9.02
0.98
3.27
0
0
0
0
10.84
4.55
2.77
0.8
3.66
3.3
0
0
0
0.72
0.21
0.41
7.55
1.18
0.04
0.24
2.17
5.79
3.38
7.18
9.24
0.77
0.61
7.78
6.36
0.04
0.17
0.04
0
0
0
0.11
0.11
0
0.16
0.02
2.16
0.4
0
0
0
0.01
0.08
0
0
0.07
2.23
0
0
0.07
0.05
0.1
0.01
0
0
0
0
0
0.01
0
0.06
0
0
0.1
0.07
3.54
20.49
2.55
4.88
0
0
23.89
0.7
0.05
0.03
0.09
0.09
9.28
0.79
0.38
0.12
0
0.02
0
0
0.63
24.29
2.45
0.52
0
0
0
0
0
0
12.04
16.98
5.49
0
0
0
0
0
0
0
0
0
0
0
0.01
0
0
0
0
0
0
0.04
0
0
0
0
0
0.01
0.08
0.03
0
0.01
0.01
0
0.21
1.6
0.3
13.7
1.21
0.06
0
0
0
0.01
0
0
0
0
0
0
0
0.01
0.01
0
0
0
0
0
0
0.09
0
0.01
0
0
0
0.12
0
0
0
0
0
0
0
0
0
0
0
0
0
0
0
0
0.26
0.19
0.05
0.13
0
0
0
4.69
3.98
0.23
0
0
0
3.3
6
0.09
0
0.01
1.21
2.67
0.02
0.27
1.83
0.46
0.05
0
0
0
0
0
0
0
0.02
0
0.61
0
0
0
0
1.12
0
0.05
0.14
14.97
3.75
11.51
4.09
0.5
0.62
0.05
2.08
12.43
0
0
0
0
0
0
0
0
0
0
0
0
0
0
0
0
0
0
0
0.01
0.01
0
0
0
0
0
0
0
0
1.33
8.41
0.26
0
0
0
0
0
0
0
0
0
0
0
0.01
0
0
0
0
0
0
0.06
2.16
3.88
4.07
13.2
1.79
0
1.59
3.66
0.07
1.84
0.31
0.09
0
0
0
0
0
2.13
0
0.01
0
0.21
7.73
15.41
0.6
4.2
7.09
0.88
4.87
0.42
0.57
2.47
0.08
0
0
0
0
0
0.01
0.01
0
0
0.52
0.01
0.39
0.57
9.16
5.5
1.11
2.25
0.77
0.04
0.01
2.39
0
6.25
2.08
1.56
0.3
0
0
2.98
2.88
1.72
4.92
0.11
0.01
0
0
0
0
0.01
0
0.05
12.27
0.52
3.46
0.02
0.01
0
2.5
0.55
0
0
0
0
0
0
0
0
0
0.01
0.04
0
34.89
9.96
0.59
0
39.76
10.61
18.5
1.52
1.5
0.07
0.14
0.08
0.27
0.16
0
0
0
0
0.3
2.38
0.01
0.05
10.56
1.27
0.09
0
0
0.36
0.23
1.84
4.46
7.28
5.02
1.41
3.3
0.07
0
0.09
2.06
6.3
0.96
0.02
0.38
6.2
6.3
0.46
0.09
0
0.01
0.06
1.93
2.86
4.32
7.09
1.61
0
0
1.47
11.63
3.14
0.8
0.02
0.01
0.75
0.14
0.16
1.03
0.03
0
0
0
0
0.01
0
0
0
0.01
0.01
0.01
0
0
0
0.02
0.02
0
0
0
0
0
0.01
0
0
0
0.09
0
0
0
0
0.01
0.04
0
0
0
0.01
0.05
0.05
2.7
0
0.44
0.4
0.38
2.23
0.05
0.34
0
0.02
0.05
6.09
15.79
0
0
0
0
0
0
0.4
1.21
0
0
0
0.02
0
0.11
0.02
0
0
0
0.08
1.63
0.41
0.2
2.23
0.57
8.75
3.27
0.2
0
0
0
0.18
11.25
1.03
0.17
0.02
0.13
0
0
0.01
0
0.01
0
0
0.03
0
6.95
0.57
0.09
0
0
0
0.01
0
0
0.01
0
0
0.02
0.13
0.02
0.25
0.03
0.14
0
0.02
0
0
0
0
0
0
0.05
0.08
0.02
0
0
0
0.9
0.41
0
0
0
0
0.04
0
0.02
0.06
0.06
0.02
0.2
0.02
0.01
0.02
0.18
0.09
0.07
0.04
0
0
0.08
0
1.03
5.04
0.56
0
0.01
2.42
0.93
0.07
3.64
4.74
1.47
0.38
0
0.01
0.03
0.01
0.45
6.91
10.33
6.24
2.34
6.88
1.22
3.14
0.14
0
0
0
0
0
0
0
0
0.01
0
0
0
5.71
0
0
0
0
0
0
0
0
0
0
0
0
0
0
0
0
0
0
0
0
0
0
0
0
0.2
0.16
0.16
0.47
7.74
5.59
7.14
0.66
2.64
12.96
5.48
0.66
0
0
0
0
0.81
0.68
0
0.02
0
0
0
5.04
5.79
1.79
1.22
0.01
0
0
0
0
0
0
0
0
0
0
0.04
0.17
0.23
0
4.03
1.89
0.05
0
0.01
8.3
0.55
0.52
1.41
0.02
0
0.02
0
0
0.02
0.12
0.02
0
0
0
0
0.01
0.02
0
0
0
0
14.63
17.89
6.98
1.43
0.1
0
0
0.08
0.04
0.36
0.01
0
0.49
2.55
12.27
7.83
4.57
0.45
0.13
5.18
0.13
0.09
0.07
0.58
2.86
0.41
0.17
2.77
0.02
0
0
0
0
0
0.02
0
17.82
3
0.64
0.02
3.11
0.54
0.07
0
0
0.4
0
0
0
0.01
0
0.15
0.44
0.02
4.49
8.49
1.66
0
0
0
0.4
0.11
0
0
0
0
2.48
0.78
0
0
0
0.01
1.91
0.94
0.81
0
6.19
3.12
2.45
2.19
3.57
0.7
0.34
0.11
0
2.78
0.08
0
0
0.53
3.09
16.45
1.91
4.07
0.12
0.03
0
0.71
1.83
2.04
0
0
0
0
2.85
0.38
0.11
0.2
0.02
0
0.08
0.39
4.46
13.38
0.11
0
0
0
0.01
0
0.01
0.03
0
0
0
0
0.02
0
0
0.01
0
0
0.52
4.03
0.01
0
0
0
0
0
1.76
0.14
0
12.65
2.19
1.18
22.13
7.42
2.04
0.03
0
0
0.13
0.03
0
0.56
0.02
0
0
0
0
0.09
8.47
0.27
0
0
0
0
0.01
0.03
0.04
0
0.21
0
2.99
7.7
3.11
21.66
0.78
0
8.27
6.09
0.18
0.96
0.8
0.03
0
0
0
0.03
16.45
20.1
12.25
0.13
2.19
0.47
0.17
0.07
1.71
2.13
2.44
0.04
0.06
0.63
12.36
0
0.19
7.27
1.77
0.45
0
0.06
3.31
2.83
0.16
0.13
0
4.72
0.62
8.64
7.45
1.52
5.64
1.34
0
0.02
0
0
0
0
0
0
0
0
0
0
0
0
0
0
0
0
0
3.59
6.38
0.27
8.87
18.16
4.5
0.07
0
0
0.23
0
0
0
0
0.73
6.28
9.77
21.98
3.34
1.28
0.23
0.21
3.07
5.7
0.39
0.42
0
7.02
10.75
20.37
4.85
7.13
0.7
0.04
0.15
1.96
0.1
0.04
0
14.96
4.39
0.64
5.32
9.02
0
0
0
0.09
0.41
19.43
4.7
5.59
1.77
0.22
1.02
7.5
10.68
8.32
0.98
4.2
3.43
0.36
5.71
15.86
0.09
0.24
0
0.06
0
1.4
3.75
8.33
2.05
5.56
0.07
0
0
1.28
5.25
8.73
5.54
3.9
3.6
4.69
2.48
2.43
0.91
0.51
0.05
0
0
0
0
0.29
0
0
0
0.04
2.48
7.54
1.5
0.21
0
0
0
0
0.12
1.88
0.17
0.41
19.3
5.9
1.62
0.04
0.01
0.32
5.09
0.05
0
0
0.01
0
0
0
0.04
0.26
1.32
0.29
0
0
0
0
0
0
0.51
3.65
2.78
0.06
0.31
0
0
0
0
0.05
0
0.08
0
0.13
5.44
3.9
0.68
0.44
0.43
4.02
4.04
0
0
0.08
0
0
0.01
5.28
0.66
0.26
6.77
4.53
0.14
4.24
1.98
0
0.66
1.48
0.42
0.91
1.07
0.09
0.06
0
6.96
19.4
10.08
2.32
2.79
1.41
0.04
0.06
0.71
0
0
3.02
2.82
2.64
22.22
0.93
0.02
0
0
0.06
0
8.47
0.16
0.33
3.76
0.02
0
0
0.03
0
0
0
0
0.16
0.18
0
0
0
0.72
1.5
0.48
7.34
0
0
0
0.01
0.08
3.12
1.05
0
0
0
0
0.01
0
2.91
7.21
0.2
0
0.18
0.34
0.2
0.32
0
0
0.06
33.06
0.34
0.02
0
0.01
0
0.02
0.02
0.33
0
0
0
0.01
0
0.18
0.05
0.79
3.75
1.48
0
0
0.97
0
0.02
4.7
6.3
0
0
0
0
0
0.01
0.03
0
0.01
0
0
0
0
0
0
0
0
0
0
0.31
16.68
0
0
0
0
0.14
2.01
0.7
0.02
0
0
0
0
0
0
0
0
0.53
20.77
4.03
5.17
6.89
0.15
0
0
0
0
0
0.14
11.05
25.11
2.54
2.73
0.71
6.89
1.07
0.73
5.87
0.3
0
0.02
0
0
0.15
0.01
0
0
0.58
0.65
0.34
2.47
0
0
0.32
0
0
0
0
0
0
0.06
4.04
2.18
17.84
1.17
0
0
0
0
0
1.6
4.7
8.68
11.97
2.07
0.05
2.07
6.63
2.58
2.87
24.29
8.1
2.04
1.83
0.03
0.34
0
0
0.67
2.06
0
0
4.86
6.07
3.91
0.27
0.06
0
0
0.93
0.18
11.44
4.76
1.87
0.07
0.18
0.43
0.5
0
0
0.57
0
0
0
0.1
1.3
1.77
1.14
3.88
7.66
1.45
0.41
0.24
3.55
1.05
4.62
1.57
0.38
0.08
0.32
0.01
0.28
14.58
0.86
0.34
0.45
0.13
1.05
1.23
0
0
0.09
0
1.06
8.27
5.27
1.26
0
0
0.58
3.78
2.98
0
0.4
6.41
2.57
0.39
0.98
6.95
6.9
25.65
8.31
14.24
7.51
4.52
18.91
12.86
1.05
0
0.1
0
0
0
0
0.08
5.22
0.08
0
1.52
3.4
1.02
0
0
0
0
0
0
0
0
0
0
0.13
3.16
0.18
0.14
2.73
0.16
0.23
13.08
0.79
0.25
4.22
0.16
0.9
1.28
5.66
0
0
0
0
0
0.1
0
0
0
0
0
2.29
1.11
13.97
15.03
2.3
3.88
6.27
1.48
1.33
0.38
5.96
6.41
0.67
0.04
0
0
0.05
0.02
0
0
0
0
0
0
0
0
0
3.81
8.45
6.7
14.46
1.05
1
1.62
0.45
5.41
10.73
4.48
0.06
0
0
0.06
0
0
0
0.16
0.23
11.57
9.95
0
0
0.92
0
0.09
3.72
0.13
0.8
2.92
12.73
0.05
0
0
0.03
0
0
0.05
0.05
0.12
0.15
0.01
0
0
0
0
0
0
0
0
0
0
0
0
0
0
0
0
0
0
0
0
0
0
0
0
0
0
0
0.01
0
0
0
0
0
0
0.01
0
0.01
0
0
0
0
0.41
0
0.11
0.06
0
0.01
0.04
0
0
0
0.02
0.36
0
0
0.01
0
0.03
0.84
0.04
0.01
0
0.16
2.32
8.32
0.16
0.88
0
0
0
0
0
0
0
0
0
0
0
0.04
0
0.03
0
0
0
0
0
0
0
0
0
0
0.27
0.11
0
0
0
0
0
0
0
0
0
0.01
0.1
1.82
0.31
0.5
0.8
0.54
0
0
0
0
0
0
0
0
0
0
0
0
0
0
0.01
0
0
0.01
0.07
0.17
4.75
0.5
1.99
1.21
0.01
0
0
0
0
0.01
0
0
0
0
0
0
0
0
0.05
0.61
0.02
0
0
0.41
15.71
9.03
1.43
0
2.66
12.47
2.7
0.03
0.17
6.43
2.72
4.02
1.74
5.64
1.34
0
0
0.66
1.76
0.57
0.05
1.45
4.22
18.2
2.59
5.03
0.63
0.01
4.81
0.95
0
0.68
7.84
1.52
0
2.38
2.71
0.84
0.2
0.04
0.02
0.01
0
0
0
0.06
5.88
23.44
8.84
1.11
6.44
1.08
0.04
0.73
2.28
14.66
21.28
3.93
0.86
0
0.04
5.61
7.88
0.38
13.76
3.09
4.49
6.27
0.84
5.03
14.01
9.75
4.7
5.68
4.76
0.17
0.38
0
0
0.02
0
0.02
0
0.06
0
0
0.02
0.02
5.57
0.26
0
0.02
0
0
0.45
7.16
0.95
0.1
0.1
0.04
0.01
0.05
3.3
0.75
0.82
2.66
11.21
5.17
2.11
0.53
0.87
1.96
3.16
14.66
2.09
0.36
0.55
0.2
0.05
0.14
0.02
0.09
1.77
8.41
2.74
0.15
0.02
4.75
10.78
6.54
0.61
0
10.69
16.88
2
1.85
0.08
0
1.46
0.73
2.2
0.09
0.02
0.02
0
0.01
0.01
0.01
0
0
0
0
0
0
0
2.75
2.59
1.77
0.11
0
0
0
0
0
0.01
0
0.06
0.01
0.02
0.02
0
0.02
0.03
0
0.02
0.75
0.06
3.77
6.68
23.83
32.73
2.93
0.21
0
0.84
0
0
0
8.5
6.43
0.09
0
0
0.06
0
0
0.01
0.01
0.02
0.02
0.02
0.01
0
0
0
0
2.44
4.84
19.68
0
4.6
8.09
0
0.04
0.65
0.04
0
0
0
0
0.21
5.47
0
0
0.01
0.13
3.4
0
0.06
0.21
0.08
0
1.7
0
0
0
0
0
0
0
0
0
0.02
0.01
0.02
0
0
0
0
0
0
0
0
0
0
0
0.04
0
0
0
0
0.01
0.01
0
0
0
0
0
0.02
0
0
0
2.37
1.17
0
0
0
2.96
16.96
0.07
0.12
0
0.07
0.06
6.65
12.64
1.81
1.49
0.92
0.94
5.75
25.48
0.79
0.16
0.43
0
0
0
0.05
0
0
0
0
0
0
0.25
0.73
0.08
11.23
2.19
0
18.09
6.71
3.19
13.15
9.59
15.34
13.34
3.09
0.1
0
0.07
0.85
4.67
2.85
0.38
0.53
4.86
13.54
6.83
0.16
0
0.02
0
0
0
0
0
0
0
0
0
0.3
0.04
0
2.38
7.44
20.5
0.36
0.09
0.61
0
0
0.02
0.02
0
0
0
0
0
0
0
0
0
0
0
0
0
0
0
0
0.43
0.36
0.1
0.02
0.04
0
0.03
0.07
0
0
0
1.48
0
0
0.38
2.23
7.36
3.25
0.09
0.38
0.27
0.03
0.09
0.18
0
0
0
0
0.02
0
0
2.8
1.5
0.63
0.15
0.23
0.66
0.16
0.16
4.2
0.05
0
3.07
0.11
0.12
0
0.15
0.07
0.34
0
0
0
0.01
1.02
2.03
0
0
0
0
0
0
0
0
1.99
0.91
0
0.01
0
0
3.83
0.82
0.02
0.21
2.55
1.31
2.05
5.23
0.58
1.45
5.16
7.33
4.22
0
0.01
0.5
4.22
5.02
3.79
0.43
0.05
0.01
0
0
0
0.75
0.02
0.03
0.32
1.27
0
0
5.66
6.32
4.37
11.6
3.89
0.43
0.08
0.12
0.04
2.3
0
0
0.04
0
0
0
0.01
0
0.01
0
0
0
0
0
0.08
0.09
0.38
15.52
1
0.18
4.09
0.83
0
0
0.01
0.01
0
0
0.01
0.09
0.61
4.93
5.16
2.07
0
3.29
10.17
6.57
19.46
2.71
2.57
0.36
0
0
0
27.13
1.23
0
0.04
0
0
0
0
0.01
0.9
0.01
0
0.79
20.78
1.95
4.57
1.02
0
0.38
0.3
0
0
0
0
0
0.02
3.85
7.14
0.99
0.11
9.7
14.05
12.86
3.05
0
0
0
0
0
0
0
0
0
0
0
0
0
0
0.91
7.92
0
0
0
0
0
0
0
0
0.53
0
0.01
0
0
0
0.07
0.03
0
0
0
0.02
0
0
0
0
0
0
0.01
0
0.02
0
0
0
0
0
0
0
0
0
0
0
0
0
0
0
0
0.02
0
0
0.2
0.5
0
0
2
5.88
0.52
0.01
0
0
0
0
0
0
0
0
0
0.02
1.5
0
0
3.94
3.7
0.38
0
0.02
0
0
0
0
0
2.52
0.55
2.42
0.09
0
0.26
0
0.39
0
8.6
3.14
0.76
0
0
0
0
1.11
0.28
0.3
0.33
0.76
0
0
0.02
0
0.48
0.5
11.2
8.24
2.86
0.06
0
0.3
0
0.02
2.05
5.78
0.49
0.8
0.01
0.05
0.01
0
0
0
1.59
1.38
3.95
1.3
5.23
1.68
32.57
5.02
0.79
3
5.6
0.23
0
0
0
0.11
0.34
0
0.01
0
0
0
0
2.48
0.47
0.14
0.02
0.12
0.12
0.02
0.01
0
0
0
0
0
0
0.15
0
0.05
0.77
0
0.25
1.04
0.07
0.24
0.02
0.05
2.73
0.66
0
0
0
0
0
0.24
0.02
0.01
0.01
0
0
0
0
0
0
0
0
0
0
0.21
0.35
1.84
0.4
0
0.01
0.09
0
0
0
0
0.01
0
0
0
0.02
0
0
0
0
0.02
0
0
0
0.05
0.14
0.01
0
0
0
0.89
15.47
4.07
2.89
0.37
0.02
0
0.01
0
0
0.1
0.05
0.06
0.05
0
0
0.14
3.14
1.98
3.09
0.09
0
0.02
0.02
0.46
0.01
0
0.4
0.03
0.01
0
0.11
0
0
0
0.34
0
0.04
0.64
0.59
0.14
0
0.01
0.01
0
0
4.55
5.62
5.46
1.53
0
0.61
3.43
2.86
0.33
0
1.4
0.55
0.13
3.64
7.02
2.04
11.2
4.57
1.38
4.52
2.07
0.15
0
0.21
0.15
8.2
16.26
20.96
3.81
6.9
0.63
7.82
1.88
0.23
0.05
0
0
0
0
0
0
10.75
7.34
12.65
7.78
15.05
0.01
0
0
0.04
0
0
0
0.01
0
0.02
0
0
0.48
9.09
0.11
0
0.08
3.21
6.69
1.82
0
0.02
0.09
0.01
0.01
0
0
0
0
0
0
0.04
0.01
0
0.01
0.01
0
0
0
0
0.01
0
0
0
0.24
0.18
2.11
2.06
5.65
0.52
0.59
4.95
0.27
0.03
0
0
0
0
0
0
0
0
0
0
0.01
0.02
0
0
0.02
0
0
0
0
0.01
0
0
0
0
0
0.01
0
0.07
5.39
4.93
1.86
0.29
0.38
0.76
0.4
0
0
0
0.13
0
0
0
0.05
0
0
0
0.01
1.07
0
0.05
0
0
0
0.06
0
0.1
10.36
0.11
0
0
0
0
0
0.02
0
0
8.51
0.39
0
0
0
0
0
0.02
0.15
0.46
0
0.07
5.02
6.22
0
0.05
3.64
7.95
4.82
0.08
0.03
0.02
5.21
0.04
1.23
0.03
0
0.02
0
0.86
0.41
0
0
0
0
0
0
0
0.01
0.01
0
0.01
0.24
0
0
0
0.02
0.04
0
0
0
0
0
0
0
0
0
0
0
0
0
0
0
0
0
0
0
0
0
0
0
0
0
0
0
0
0
0
0.01
0
0
0
0.05
0
0
0.02
0
0
0
0
0.03
1.53
0.29
0
0.06
0.65
0.78
0.19
4.38
8.92
0.6
0.45
7.16
18.73
4.28
6.78
1.35
0.26
12.71
10.11
29.47
5.36
14.38
5.89
0.04
0
0.01
0
0
0
0.01
0.02
0.02
2.13
7.19
0.16
1.02
0.23
1.45
5.71
1.43
0.63
0.02
0.02
0
0.01
0
0
0
0.02
0
0.01
0
0
0
0
0
0.03
0
0
0
0
0
0
0
0.01
0.43
6.73
1.43
17.46
2.88
0.14
1.43
0.37
0.15
7.73
0.12
0.55
3.82
3.86
0.01
0.02
0.01
0
0
0
0
0
0.01
0.01
0
0
0
0
0
0
0.01
0.01
0
0
0
0
0.01
0
0
0.01
0.79
0.35
0
0.04
0.11
3.82
7.84
15.83
4.27
0.65
0.23
2.59
2.03
0.23
0
0
0
0
0
0.14
1.23
0.04
0.27
1.69
14.37
15.6
3.84
0
0
0
0
0
0.02
0.01
0
0.41
0
0
0
0.1
0.29
0.27
0
0
0
0
0.09
0
0
0
0.01
0.05
3.68
14.25
0.29
0
0.05
1.44
0.04
0.03
0
0.04
0.32
2.6
6.81
8.79
8.52
8.47
0.92
0.31
25.31
29.55
1.31
0
0
0
7.35
0.11
1.8
0.02
0.03
0.02
0.01
0.08
0
0
0
0
0
0.01
0
0
0
0.02
0.2
0
0
0.12
0
0
0.93
24.98
1.01
0.25
0.06
2.75
0.41
0.01
0
0
0
0
0
0
0
0.01
0
0
0
0
0
0
0
0
0
0.01
0.45
4.7
5.07
0
0.51
0.36
1.96
0
0
0
0
0
0
0
0
0
0
0.29
0
0.01
0.01
0.01
0
0.26
0
0
0
0
0
0
2.44
0
0
0.05
0
0
0.01
0
0.3
0.02
0
0
0
0.02
11.42
1.42
0.02
0.01
0.01
0.27
0.01
0.45
0.07
11.82
2.34
0.05
0
0
3.24
15.4
2.14
0
0.28
5.31
0
0.02
0.01
0
0.01
0.03
0.02
0.01
0
0
0.01
0.04
0.23
11.11
0
0
0.2
1.05
12.09
2.53
20.75
0.66
4.16
0.09
0
0
0
0
0
0
0
0
0
0
0
0.02
0.13
16.86
34.4
6.29
0.18
0.02
0.81
1.66
4.11
1.57
0.32
0
0
0
0.02
0
0.06
0
0.01
0.09
14
3.74
3.29
0.07
0.19
0
0
0
0
0.01
0.02
0.06
0.66
0.77
0.03
0.12
0
4.45
1.53
0
0
0.09
1.63
0
0.06
2.76
0.66
0.13
0.04
0
0
0
0
0
0
0
0
0
0
0
0
0
0
0.01
0
0
0
0
0
0
0.01
0
0
0
0
0
0
0
0
0
0
0
0
0
0
0
0
0
0
0
0
0
0
0
0.05
0.78
0
0.1
0
0.07
0
0
0
0
0
0
0
0
0.13
0.04
0.05
0.1
7.84
1.22
0
0
0
0
0
0
0
0
0
0
0
0
0
0
0
0.04
0.02
0
0
0
0
0
1.07
0
1.05
0
0.01
0.04
0.3
0.02
0.01
0.16
0.69
0.34
0.06
0
0.01
0
0
0
0
0
0
0
0
0
0
0
0.09
2.04
3.38
1.18
5.77
1.53
10.49
6.61
13.34
4.06
0.38
0.3
0.05
0.2
5.31
0.68
0.01
0
0.02
0
0.01
0
0.01
0.11
0.23
0.2
0
0.65
0.71
0.61
3.63
1.07
0.01
0
0.02
0.11
0.14
0
0
0
0
0
0
0
0.01
0.01
0
0
0.08
0
0.01
0
0
0.02
0.15
0.26
0
0
0
0
0
0.02
0
0.01
0.02
0.54
11.3
10.16
2.18
2.17
0
0
0
0.63
0
0.02
0.16
4.04
0.89
0.87
0.18
0
0
0
0
0
0
0
0
0
0
0
0
0
0
0
0.02
0.02
0.04
0
0
0.03
0.02
0
0.01
0
0
0.09
0
10.6
26.14
2.77
0
0.36
2.61
0
0
0.01
0
0.02
0
0.01
0.52
0.01
0.04
0
0.02
0
14
0
0
0.04
5.68
10.46
0.16
0.06
0.09
22.7
2.03
0
0
0
0
0
0
0.01
0.01
0
0
0
0
0
0
0
0
0
0
0.01
0
0
0
0
0
0
0
0
0.59
0.46
0
0
0
0
0
0
0
0
0
0
0
0.12
0.21
0.14
0.02
0
0
0
0
0
0
0
0.01
0.01
0.01
0
0.17
1.58
3.14
0.07
0
0
0
1.55
1.49
9.32
2.82
0.59
0.05
5.04
0.92
0
0.02
0.27
5.95
6.39
7.85
17.31
0.36
3.25
13.63
4.01
0.68
0.03
0
0
0
0
0
0
0
0
0
0
0.02
0
0
0.01
0
0.18
0
0.02
0.05
0.1
4.92
7.34
4.24
3.32
20.36
9.94
21.84
3.27
0.18
0.02
0
0
0
0
0
0
0
0
0
0
0.04
0
0
0.16
2.53
7.28
0.69
0
0.02
0
0
0
0
0
0.07
0.88
2.46
5.68
6.58
0.77
0.11
0.13
0.02
0.54
0.04
0.22
0.93
1.74
0.94
0.5
0
0.47
0
0
0
0
0.01
0
0
0.01
0
0
0
0
0
0
0.26
0.64
0.22
0.15
2.37
0
0.92
0.32
0.95
17.99
7.88
0.19
0.06
0.03
0.04
0.04
0
0
0
0.01
0.01
0.02
0
0.09
5.47
5.2
9.75
5.75
1.74
0.3
7.32
10.84
8.23
6.45
1.45
13.6
1.6
1.17
0.49
9.73
1.07
1.13
12.21
0.4
0.27
2.19
0
0
0
0.04
0
0.01
0.59
0.02
6
1.02
6.66
2.14
0
0
0
0
0
0
0
0.02
0.03
0.58
0
0
0.48
1.3
3.78
5.8
3.17
1.27
0.74
5.5
5.52
5.05
6.79
0
0.56
0
0.11
12.73
10.42
3.54
3.83
9.67
7.85
0.7
12.46
8.93
3.7
1.74
3.76
0.2
0.59
0.46
0.86
4.36
0.35
0
0
1.03
9.55
19.84
1.22
0.49
0.34
0
0
0.89
0
0
0
0.01
0
0.09
6.93
3.43
0
0
0
0
0
0
0.02
0
0
0
0
0
0
0
0
0
0
0
0
0
0
0
0
0
0
0
0
0
0
0.01
0
0
0.01
0
0
0
0.02
0
0
0
0
0.01
0.27
0
0
0
0
0.01
0
0
0
0
0
0
0.29
0.5
0.01
0
0
0.01
0
0
0
0.13
5.5
1.79
0
0
0.02
0.04
0.01
0
0
0
0
0
0
0
0
0
1.37
0.04
0
0
0
0
0
0
0
0
0
0
0
0
0
0
0.24
0
0
0
0.1
9.28
4.78
0.01
1.11
4.3
1.29
5.64
0.13
0
0
0
0
0
0
0
0
0
0
0
0
0.63
9.79
1.3
0.02
0
0
0
0.01
6.89
0.8
0
0
0
0.02
1
1.93
0.18
11.73
0.82
6.16
18.4
17.02
2.5
7.03
0.31
8.21
24.8
3.01
10.41
2.71
1.05
4.71
1.34
0.2
0.25
0
0
0
0
0
0
0
1.25
15.08
2.45
0.43
1.37
0.02
0.04
0.08
0.05
0.02
0.01
0
0.02
0.57
0.27
0.01
0.27
0
0.03
0.09
0.23
0.28
0.16
0.02
0
0.01
0
0.05
0
0
0
0
0
0
0
0.26
3.62
9.22
1.43
0.16
0.02
0
0
0.01
0.01
0.05
0
0.21
2.38
4.77
1.33
1.91
13.3
11.24
4.43
3.81
0.92
6.13
2.02
0.09
0.03
0
0
0
0
0
0
0
0.01
0.05
1.07
2.03
12.95
12.36
15.82
2.9
1.96
1.61
0.71
2.26
9.4
0.79
0.23
0
3.85
1.07
0
0.05
1.09
0
0.05
0.59
3.67
0.09
0.49
0.33
0.01
0
0
0
0.01
0
0.05
0.07
0.07
0
0.01
0
0
0.32
4.61
4.48
2.53
0.72
0.1
0.01
0.02
0
0.15
0.02
0
0
0
0
0
0.57
6.09
5.02
3.98
1.12
7.41
0.3
0.29
0
0
0
0
0.01
0
0
0
0.02
2.51
15.73
7.96
2.34
8.16
1.2
0.68
1.93
0.75
0.01
0
0.04
0.21
8.46
0.65
1.72
0.19
0
0
0
0
0
0.01
4.36
4.02
9.98
5.25
0
0.05
1.02
0.79
0.04
1.31
5.87
0.77
0.02
0
3.67
0.28
0
0.09
0.28
18.4
5.05
0
0.16
0.02
0
0.01
0
0
0
0
0
0
0.02
0
0.03
0
0
0
0
0
0
0.01
0
2.32
0.13
0
0.13
0.23
0
0.06
2.44
1.8
0
0
0.02
0
0
0
0
0.02
0
0.34
0
0.88
0
0
0
0
0
0.01
0.03
0
0
0.05
0
0
0
0.02
0.02
0.16
1.85
0
0
0
0
0
0
0
0
0
0
0.01
0
0
0
0
0
0
0
0
0
0
0
0.12
0
0
0
0
0
0
0
0
0
0
0.01
0
0
0.31
0.16
0
0.02
1.25
0.04
0
0
0
0
0
0
0
0.01
0
0
0
2.67
0.09
0.55
0.56
0.06
0
0
0.01
0.01
0
0.44
0
0
0
0
0
0
0
0.01
0
0.01
0
0
0
0.01
0
0
0
0
0.05
0
0
0.03
0.02
0
0
0
0.1
0.35
2.48
3.34
10.98
2.21
1.57
0.05
0
0.01
0
0.24
5.29
0.52
0.02
2.76
0.94
0.02
0
0
0
0.01
0
0
0
15.17
15.66
3.28
0
0.02
0.01
0
0
0.06
2.11
9.4
0.9
1.3
2.99
0.03
0.96
0
0
0
0
0.01
0.02
0
0
0.02
0
0.82
4.5
6.35
6.68
3.74
2.92
10.74
7.48
5.53
3.02
4.19
2.35
3.59
1.95
0
1.65
0.03
4.01
0.55
0.05
0
0
0
0
0
0.01
0
0.01
0
0
0
0
0
0.01
0.02
0
0.01
0.05
3.57
9.89
4.02
0
0.07
1.1
2.54
5.44
0.81
0.09
5.73
2.35
0.02
0.02
0.09
3.71
15.27
17.93
10.26
7.13
6.19
2.59
2.95
7.67
1.94
0.68
0.55
6.39
0.67
0
0
3.47
3.23
1.14
0.01
0.02
0
0.3
3.42
2.82
0.13
0.55
0.09
3.61
6.4
0.45
0.02
0.02
0.01
0.94
0.02
1.07
0.26
0.01
0.01
0.01
0.32
0.04
0.02
0.01
0.01
0.01
0
0.56
9.87
0.85
0.07
8.09
11.9
0.37
0.48
0.12
1.13
2.23
0.48
0
1.34
2.37
1.94
0.33
0.23
0.02
0.05
4
0.78
3.07
10.48
6.82
3.68
1.29
0.04
0
0
0
0.5
0.02
3.49
12.77
3.1
0
0
0.01
0.04
0
0
0.54
0
0
0.01
0
0
0
0.04
0
0
0.07
0.03
3.25
0
0
0.01
0
0
0
0
0
0.01
0.01
0
0
0.02
0
0.02
0
0
0.01
0.04
0.02
0.07
0
0.1
0.39
2.38
0
0
0
0.01
0
0.09
0.07
0
0
0
0
0
0.1
0.06
0.13
0
0
0
0
0
0
0
0
0.02
0
0.11
0.03
0
0
0.04
0.06
0
0
0.02
0.53
5.09
0
0
0
0
0
0
0
0
0
0
0
0
0
0
0
0
0
0
0
0
0
0
0
0
0
0
0
0
0
0.01
0
0
0
0.01
0.03
5.2
13.61
0.02
0
0
0.02
0.25
0.05
0.16
0.32
0
0.13
8.24
0.64
0
0
0.01
0
4.85
9.92
1.53
4.59
0.54
1.49
0.13
0
0
0
0
0
0
0
0.12
0
0.16
6.05
1.39
7.26
2.91
0.27
0.04
0.02
0.83
1.98
0
10.06
9.38
11.46
4.41
2.26
0.1
0
0
0.04
3.13
7.64
1.29
0.01
0
0
0
0
0
0
0
0
0
0
0.01
0
0
0
0
0.23
0.37
4.52
11.12
2.91
0.11
0
0
0
0
0.88
0.48
0
0
0
0
0.15
0
0
0
0
0
0
0
0
0
0.41
4.6
0.07
0.01
0
0.11
15.08
2.03
0.23
0.05
0
0
0.02
0.24
3.41
0.25
0
0
0
0
0
0
0
0
0
0
0.01
0.01
0
0
0
0.03
0.32
28.1
7.01
0.48
19.05
9.43
1.2
0.74
0
0
0
0.6
0.09
0.17
2.56
0.66
0.28
2.49
6.22
2.24
3.94
13.21
4.06
0.16
0.24
4.13
0.29
0.45
0.12
0.02
0
0
0.06
5.87
9.42
0.05
0
0.01
0.23
22.3
8.09
0.7
0.02
0
0
0.03
0.52
4.57
5.61
0.13
0.06
0
0
0
0
0.18
0
0
0
0.03
0
0
0.22
1.98
0.05
0.01
0.01
0
0
0.03
0
0
0
0
0
0.81
1.8
0.29
0.03
1.16
0.05
0.42
0
0.04
7.66
5.46
11.32
4.08
2.38
12.3
11.71
1.95
1.21
0
0
0
0.06
0
0
0
0
0
0
0.02
0.05
0.41
3.47
0.56
0
0
0
0.05
0
0
0.14
0
0
0
0
0
0
1.22
0.31
1.45
0
0
0
0.05
7.45
9.8
0.2
0
0.01
0
9.2
12.92
0.92
0.01
0.09
3.64
0.33
0
0
0
0
0
0
0
0
0.02
0
0
0
0
0
0.02
0.12
1.55
0
0
0
0
0
0
0
0
0
0.23
0.16
0
0.02
0.98
0.91
8.18
0.9
0.01
0.05
0.3
5.44
1.03
5.47
0
0.07
0
5.61
2.18
15.2
8.65
0.43
0
0
0
0
0
0
0
0
0
28.67
0
0
0
5.3
0
0
0
0
0
0.01
0
0.19
0
0
0
0.1
0.01
0.02
0
0
0
0.02
0
0
0
0
0
0.11
0
0
0
0.07
3.23
0.89
1.15
0.39
0.01
0.04
0
0.01
0
0.02
0
0.01
0
0.12
0.01
0
0
0.02
0
0
0
0
0.06
0
3.35
1.31
0.01
0
0.18
2.94
1.31
0
0
0.22
0.71
10.54
0
1.05
3.54
5.47
0.05
0.04
0
14.38
16.83
5.07
0.02
0.02
0.16
0.52
0
0.01
0.02
3.93
3.98
2.78
19.89
12.22
6.98
0.44
0.37
2.49
0
0.02
0
0
0.02
0.58
0.7
2.86
0.36
5.82
28.88
4.21
0.38
0
0.01
0.04
0.52
0.15
0
0
0
0
0
0
0.02
0.59
1.34
2.55
0.74
0.41
0
0.02
0.02
0
1.09
7.13
11.26
7.94
3.34
0.56
0.15
2.45
3.89
7.78
26.15
5.55
3.32
1.85
0.63
0
0.05
0
0.01
0
0
0
0
0
0
0
0
0
0.08
0.08
12.58
0.2
0.54
0.19
0.11
3.45
0.25
0
0.01
0.01
0.22
11.57
2.09
6.98
6.42
4.99
4.13
11.02
0.42
0
0
0.01
0
0.15
1.08
6.31
3.51
4.14
1.72
8.18
0.61
0
0.51
0.05
0.48
1.18
0.25
3.34
0.68
0
0
0
0.11
0
0.02
0
0.02
5.96
2.58
0.29
0
0
0
0
1.06
0.02
0.05
0.19
0.2
0
0
0.01
0
0
1.3
0
0
0
0
0
0
0
0
0.44
0
0
0
0
0
0
0.04
0.63
0.04
0
0
0
0
0
0.01
0.03
0.06
0
0
8.55
11.72
18.38
2.12
4.29
1.32
1.45
0.07
1.7
10.04
3.01
0.79
0
0.83
2
2.4
4.56
1.66
0.34
0
0.4
0.03
0.99
15.74
9.29
1.81
0.16
0.07
0.17
2.62
0.7
1.47
9.2
0.55
0.45
0.34
2.38
2.47
9.77
12.89
9.34
5.6
0.15
0
0.04
0
0
0
0
0.07
0.24
0
5.04
1.02
0.81
0.06
0.01
0
0
0
0
0
9.45
0
0
0
0
37.74
23.61
3.04
2.02
1.66
4.41
1.23
8.49
0.8
5.65
0
0
0
2.41
0.85
5.88
0.16
0
4.57
3.95
1.6
8.5
9.44
0
0.55
1.19
2.44
0.65
0
0
0
0
0
0
0
0.2
0
0
0
0.02
0.01
0.07
0
0
0.02
2.57
0
0
0
0
0
0
0
0
0.01
0
0
0
0
0
0
0
0
0
0
0
0
0
0.7
0.01
0
0
0
0
0
0
0
0
0
0
0
0
0
0
0
0.02
0
0
0
0
0
0
0
0.32
0
0
0.04
0
0
0
0.01
0
0
0
0
0
0
0
0
0
0
0
0
0.13
7.5
0.48
0
0
0
0
0.02
0
0
1.34
1.05
2.83
0.44
0
15.48
18.29
18.07
4.97
6.4
0.63
0
0.01
0
0
0
0
0
0
0
0.5
3.63
0
0
0.04
0
0.01
0.01
0
6.65
1.11
0.08
0.1
11.1
5.84
1.52
0
0
0
0
0
0
0.03
0.02
0
0
0
0.95
0.29
0.22
0
0.03
15.47
4.11
0.16
0.15
0
0
0
0
0
0
0
0.02
0
0
0
0
0
0
0
0
0.01
0
0
0
0
0
0
0
0
0
0
0
0
0
0.01
0
0.27
5.82
0.35
0
0
0
0.04
0
0
0
0
0
0
0.05
0.05
0.05
0
0
0
0
0
0
0.26
0.04
0
0
0.01
0
0.01
0
0
0
0.05
4.04
3.67
3.2
0.41
0.02
0
0
0.04
0.01
0
0
0
0
0.09
0.01
5.27
8.13
10.18
2.95
5.87
4.17
0
0
0.02
0
0
0
0.21
1.84
0.43
0.01
0
0.01
0
0
0
0
5.23
3.09
0
0
0
0
0
0
0
0
0.02
0.25
7.93
1.37
12.91
8.38
0.85
6.72
6.98
3.99
1.7
3.5
4.77
2.79
1.05
0
3.29
5.29
3.08
0.1
0.14
0.29
0
0
2.17
1.54
0.92
9.63
7.64
10.74
12.3
2.64
0.14
0
0.15
0
0
0
0
0
0
0
0.01
0.48
0.01
0
0.07
6.53
3.4
0
0.58
0.01
0
0.49
0
0
5.99
1.76
8.34
28.52
0.59
1.09
0.59
0.36
1.3
6.86
6.85
2.48
2.32
0.1
0
0.04
0
0.14
0
0.01
0.48
0
0.04
0.19
21.18
0
0
3.77
10.14
0
0
0.01
0.15
1.09
0.11
0
0
0
0
0
0.34
0
0
0.28
0.1
0.01
0.03
0.01
0
0.98
0.06
1.75
0
0
0.01
0
0.13
0
0
0.27
0.19
0.31
0.2
0.01
0
0
0.01
0
0.04
0
0.02
0
0
0.36
0
0
0.33
0
0.04
0
0.22
3.5
0
0.03
0.01
0.01
0
0.01
0
0.24
0.65
0.04
0
0.04
0.02
1
0
0
0
0
0.01
0.26
0
0
0.01
4.05
9.69
1.88
1.69
10.54
4.88
0.46
3.57
0.36
0
0
0
0.01
0
0
0
0.06
0.28
0
0
0.01
0
0
0
0
0
0
0
0
0
0
0
0
0
0.03
0
0
0
0
0
0
0
0.02
0
29.99
5.04
0
0
0.13
0.02
0.01
0
0
0
4.32
0.05
0.01
0
0
0.01
0.44
0.18
0
0
0
0
0
0.02
0.06
0.03
0
0.02
1.38
0.53
3.49
6.19
3.42
17.3
7.48
13.79
7.45
2.79
3.02
4.28
7.07
6.06
1.42
3
3.98
3.16
0.25
2.36
1.7
4.27
3.2
1.75
3.9
8.8
0.91
0.23
8.58
4.39
3
0.67
12.26
21.45
8.83
0.85
0.54
4.03
0.45
0
0.04
4.04
9.53
0.46
0.2
0.17
0.27
0
5.72
5.48
4.63
2.21
0.12
0.18
0.11
0.07
0.05
0.63
0.03
0
0
0
0.02
0
0.01
0
0.01
0.01
0.02
0.02
0
0.05
0.44
0.41
4.2
3.38
2.01
0.69
5.21
1.04
0.02
0.01
0
0
0.04
0
0
0
0
0
0
0
0
0
0
0
0
0
0.01
0.05
0
0
0
0
0
0
0
0
0.19
0.06
0.02
0
0.03
0.09
3.22
0
0
1.04
0.05
0
0
0
0
0.21
0
0
0
0
0.01
4.14
2.31
1.21
0.01
0.01
0
0.01
0
0.13
2.8
0.66
0.27
1.83
9.73
4.88
2.28
4.43
1.16
0.64
0
0.02
0.42
0.03
0.02
0
0
0
0
0.32
0.05
0.25
0.49
0.51
5.5
1.69
0
0
0.61
0.89
2.93
0.45
0.01
0
0
0
0
0.01
0.29
0.48
0.07
3.21
0.04
0
0.26
1.04
0
0.16
0.51
0
0
0.08
0.71
0.01
0
0.58
0.45
0.02
0.01
0.01
0
0
0
0.14
5.6
0
0.1
0
0
0
0.39
0
0.79
6.51
1.93
0
0
0
0
0
0.02
0
0
0
0
0.05
0
0.16
0
0
0
0
0
0
0
0
0.01
0
0
0
0
0
0
0
0
0.07
0
0
0
0.01
0.07
0
0.19
0.86
0.43
0
0
0.42
9.15
1.94
0
0
0
3.7
0
0.05
0
0
0
1.51
3.16
1.4
2.43
0
0.2
0
0
0
0
0
0.83
27.42
1.07
2.35
0.07
0
0
0
0
0
0.01
0
0
0
0.11
0.21
0.02
0
0
0.05
24.05
11.2
0.03
0.01
0
0
0.01
0
16.76
1.96
0
0.13
0.03
0
0
0
0
4.12
0
0
0
3.49
0.21
2.08
3.27
2.72
0.33
0
0
3.55
0.35
0.03
0.04
0
0.01
0
0.69
1.73
3.71
1.56
13.01
0.52
1.93
11.01
17.29
5.4
2.28
0.09
0.28
5.41
4.98
0.89
0.67
6.52
0.89
0.16
0.01
0
0
0.11
8.08
14.43
5.22
0.79
0
0
0.01
0
0.05
0
0
0.06
0.08
0.1
4.57
0.32
6.91
11.51
1.76
0.21
0.3
0.2
0.16
0.04
0.05
0
0
0
0.02
0
0.52
10.64
2.59
0.68
0
0.02
0.01
0.01
0
0.03
0
0
0
0
0.01
0
0
0
3.41
0.3
1.14
0.71
0.28
0.16
0.23
0.02
0
0
0
0
0.33
3.73
0.25
0.09
0.06
0.1
1.03
0.02
0.03
0.02
0.03
0.11
0.05
0
0.02
0.03
0.04
0.18
0.04
0.19
0.52
0
0
0.14
0.07
0.33
4.93
10.48
0
0
0.35
2.58
0.71
0.15
2.43
0.32
0
0.04
0
0.01
0.05
7.52
5.12
5.48
2.05
0.05
0
0.01
0
0
0.02
0.34
3.05
15.84
2.78
0.4
0.23
0.51
5.38
9.32
7.08
3.66
2.11
0.34
0.12
3.13
4.63
0.92
0
4.57
5.95
0.23
0
0.26
0.01
0.27
0.24
0.66
0.4
6.16
0.95
0.02
0
0.07
0.12
0
0
1.57
4.7
0
0
0.01
0
0
0
0.04
1.93
0.94
12.37
19.82
2.07
2.59
0
0
0
0
0
0
0
1.9
0.2
0.04
0.06
0
0
0.21
0.09
0.02
0.07
0.24
0.02
0.07
0.99
0.03
0.04
0
0
0
0
0
0
0
0
0
0
0
0
0
0
0
0
0.01
0
0.6
1.13
4.34
3.91
0.45
0.45
0.11
0.02
0
0.01
0.01
0
0
0
0
0
0.46
3.38
0.09
0
0
0.01
0
0
0.02
0
0
0
0
0
0
0
0
0.69
3.82
1.08
0.48
0.03
0
0
0
0
0
0
0.03
0
0
0
0.01
0
0
0
1.41
0.04
0
0
0
0
0
0
0.12
0
0
0
0
0
0
0
0
0
0
0
0
0.01
0
0
0
0
0
0
2.94
0
0
0
0
0
0.01
0.03
0.04
0.67
0.09
0.85
0
0
0
0.02
0
17.17
22.96
12.49
3.13
0
0.01
0
0.64
0.73
0.01
0.01
0
0
0
0.08
0
0.27
0.88
27.17
0.29
0.08
0
0
0
0
17.54
0.43
2.86
0.15
0
0.04
0
0
0
0
0.13
23.76
22.79
4.91
6.53
1.25
1.16
0.29
0
0.01
0
0
0
0
0.86
1.57
0.54
10.02
4.59
0.48
0.72
0
0
0
0
0.15
2.93
5.71
0.02
0.02
0.02
0
0
0
0
0.24
6.8
1.34
5.09
0.02
0
4.19
1.96
0.2
0
0.01
0.01
0.07
0.09
0
0.05
1
21.7
3.59
5.3
5.29
1.07
0
0.01
0.01
0
0.27
0.09
0
0.02
0.22
0.49
4.77
1.39
0.23
0
0
0
0.02
0
0
0
0
0
0
0
0
0
0
0
0
0
0
0
0
0
0.45
1.59
1.73
0.01
0
0.3
0
0
0
0
0
0
0
0
0
0.18
0.02
0.01
0
0
0
0
0
0
0
0
0
0
0
0
0
0
0.1
0
0
0.05
2.2
0.16
0.02
0.02
0.01
0.1
11.3
3.84
0.27
0.02
0
0.38
5.49
2.54
0.29
0
0
0
2.38
0.3
0.02
0
0.3
0
0
0
0
0
0
0
0
0
0
0
0
0
0
0.02
0
0
0.37
0.04
0
0.37
0.03
0.01
0.26
7.74
4.09
3.87
9.09
6.48
3.72
1.36
0.98
0.8
0.83
0.02
0
0
0
0.01
0
0
0
0
0
0
0
0
0
0
0
0
0
0
0
0
0.98
10.19
5.03
0.09
0.01
0
2.12
0.76
0.01
0
0
0
0
0
0.05
0.01
0
0.01
0
0
1.8
1.18
0.3
3.34
0.27
0
0
1.79
6.08
22.48
12.1
2.79
0.25
1.63
0.88
0
0.29
0
0
2.04
1.27
0.33
0
4.31
11.76
4.18
22.84
3.77
0
0.08
0
0
0.94
17.71
3.3
0.25
0.03
0
0
0
0.01
0.06
0
0
0
0
0
0
0.4
0
0
0
0.01
0
0.01
0
0.47
0.12
0
0
0
0
0
0
0
0
0
0
0
0.17
10.55
4.09
0
0.53
10.2
0.18
0.13
1.89
1.47
3.86
0.59
0
0
0
0
0
0
0
0
0
0.33
7.92
0
0
0
0
0.56
0.36
0.01
0
0.14
0.09
0
0.05
0
0
0.01
0
0
0
0
0
0
0
0
0
0
0
0
0.02
0
0
0.01
0
0
0
0
0
17.34
5.55
2.81
1.95
0.01
0.01
0
0.01
0
0
1.65
0
0.66
5.11
2.04
2.94
8.38
6.02
0.77
0
3.73
13.94
2.96
8.93
14.01
0.11
0.1
0.3
0.05
0.05
0
0.34
3
1.66
9.25
9.33
1.66
0.16
0
0
0
0.31
0
0
0
0
0
0
0
0
0
2.99
0.01
0
0
0
0
0
0
0
0
0
0
0
0
0
0
0.58
1.49
0.73
13.78
1.87
7.98
1.51
0
0.31
0.23
0.08
0
0.14
1.21
5.17
5.61
0.59
0.04
0
0.38
0.15
0.52
1.46
0.41
1.23
0.28
0.09
0.01
0
0
0
0
0
0
0
0
0
0
0
0.02
0.02
0
0.05
0
0
0
0
0
0
0
0
0
0
0
0
0
0
0
0
0
0.3
0.29
0.07
0.14
0.06
0.51
0.05
0.22
0.09
0.01
0.38
2.45
1.88
0.9
0.1
0
0
0
0
0
0
0
0
0
0
0
0.06
1.68
0.42
0.13
0.42
0.58
0.19
0
0
0
0
0
0
0.84
0.79
0.17
3.02
3.07
0.06
0
1.36
0.01
0
0
0
0
2.06
2.87
0.77
0
0
0
0
0
0
0
0
0
0.01
0
0
0.01
0.05
0.12
0
1.8
2.3
0.51
3.77
0.89
1.22
0
0
0
0
1.2
0.22
2.34
13.05
8.19
4.73
6.1
2.84
3.95
1.79
3.7
0.63
0.23
0.23
0.02
0.41
0.54
0.59
6.97
7.04
3.35
1.1
10.29
0.74
0
0
9.44
7.54
0.7
0.1
0
0.51
8.81
16.51
13.02
4.28
2.09
0.01
0
0.01
0
0.01
0
3.6
0.05
8.08
3.52
2
9.41
10.33
1
0
0
0
0
0
0
1.44
0
0.29
0
0.01
0.94
0
0
0
0
0
0
0.01
0.4
5.52
0.36
0.3
1
0.01
0
0
0
0
0
0
0
0
0
0
0
0
0
0
0
0
0
0
0
0
0
0
0
0
0
0
0
0
0
1.52
0.63
1.52
0
0.02
0
0
0.01
0
0.01
0
0
0
0
0
0
0
0
0
0.16
2.04
0
0
0
0
0
0
0
0
0
0
2.59
0
1.89
0.81
7.96
0
0
0
0
0
0.88
0.2
0.01
0.03
0.7
0.02
1.01
9.34
4.18
2.72
0
0
0
0
0.39
7.54
1.16
2.6
1.64
0.67
5.34
9.11
5.56
3.04
5.92
6.36
6.35
16.3
3.62
2.13
2.49
2.63
5.64
3.58
0.09
0.05
0
0
0
0
0
0.14
7.52
17.82
0.88
0.08
1.75
8.05
2.43
2.49
10.52
5.38
5.73
5.33
1.23
0
0.07
0.02
0
0
0
0
0
0.01
0
0
0
0
0
0
0.1
0
0
0.02
0
3.98
0.38
6.54
0.67
0
0
0
0
0
0
0
0
0
0
0
0
1.17
0.15
0.01
0
0
0.23
0.14
0.18
0.4
0.02
0
0
0
1.66
0.14
0.04
0.22
0.23
0
0.47
3.07
0.35
7.76
10.54
1.42
5.77
8.78
2.24
0.82
0.8
0
0.01
0
0
0
0
0
0
0
0
0
0
0
0
0
0
0
0
0
0.01
3.66
8.64
1.2
1.34
0
1.96
0
0
0
0.01
0
0.02
0.51
0.06
1.29
0.67
0.11
2.28
0.58
0
1.53
0.48
0
0
1.74
4.44
3.14
0.19
0.13
0
0
0
0
0
0
0.01
0
0.04
0.25
0
0.01
0
0.01
0.01
0.01
0
0
0
0
0
0
0
0.02
0
0
0.02
0.02
0
0
0
0.01
0
0
0
0
0
0
0.02
0
0
0
0
8.04
2.84
0
0.73
6.9
1.84
0
1.36
2.74
2.9
0.09
0
0
0
0
0
0
0
0
0.06
0.32
1.11
1.93
0.72
0
0.07
0.05
0
3.73
0.94
5.73
4.27
2.22
0.05
2.31
0
0
0.11
2.27
0.12
0
0
0
0
0
0
0
1.34
0.05
0
0
0
0.04
0.19
0.5
0
0
0
0
0
0
0
0
0.01
0
0
0
0
0
0
0.01
0
0
0
0
0
0
0
0
0
0
0
0
0
0
0
0
0
0
0
0
0.17
0.09
0
0
0
0
0
0
0
0
0.01
0
0
0.01
1.41
0.16
0
0.02
0
0
0
0
0
0
0
0
0
0
0.01
0.02
0.15
0.01
0
0
0
0
1.82
0.01
0
0
0
0
0
0
0
0.01
0.01
0
0
0
0
0
0.35
0
0
0
0
0
0.01
0.02
0.6
0.44
0
0
0
0
0
0
0.19
0.59
6.41
0.2
0
0
0.2
3.04
1.59
3.81
11.33
2.07
0.84
1.47
13.48
0.01
0.67
0
7.13
0.65
0
0
0
12.96
6.34
2.19
0.77
3.56
1.42
2.01
0.55
6.89
0.38
0.19
3.55
1
10.39
0.41
0
0
0.16
0
0
15.18
13.21
1.18
4.4
3.78
6
5.03
0.75
1.15
8.51
0.61
0
0
0
0
0
0
0
0
0
0
0
0
0
0
0
0
0
0.02
0.01
0.07
0.04
1.17
0.09
3.62
0.25
0.59
0.48
0
0.02
0.01
0
0.01
0.01
0.04
0.81
0.23
0
0
0
0
0
0
0
0
0
0.51
0.26
8.91
3.04
0.86
0.48
0
0.04
0
0
0
0
0
0.01
0.01
0
0
0
0
5.26
3.68
0.2
2.07
0
0.01
0
0.27
0.18
0.02
0
0.08
0.59
0.3
0
0
0
0
0
0
0
0.01
1.04
0.8
0
0
14.89
5.29
0.13
0
0
2.61
0.14
0
0
0.06
0
0
0
1.61
0.3
0
0.01
0
0
2.72
1.05
0
0
0
0
0
0.69
0.01
0.02
0
0
0
0
0
0
0
0
0
0
0
0
0
0
0
0
0
0
0
0
0
0
0
0
0
0
0
0
0
0
0
0
0
0
0.09
0
0
0
0.02
2.59
3.16
1.35
3.68
0.62
0.02
4.07
2.11
0.07
0.04
0
7.41
0.23
0.81
0
0.34
2.29
9.45
5.23
3.34
5.93
0.55
0
0.05
0
0
0.01
1.67
0
0
0
0
0
0
0
0
0
0
0
0
0
0
0.03
0.01
0
2.14
0.6
2.17
6
6.38
3.82
0.05
0.01
0.02
0
0
0.08
0
0
0
0.19
0.03
0
0.08
16.2
9.09
0.83
2.16
5.64
2.96
2.41
0
0
0
0
0
0.01
0
0.02
0.05
0
0
0
0
0
0
0
0
0
0
0
0
0
0.02
0
0.01
0
0
0
0
0
0.02
0.01
0
0
0
0
0
0
0.41
11.6
4.58
0.54
0
0
0.18
0.07
0
0
0.02
0
7.21
11.37
0
7.52
0.08
0
0
0
0
0
0
0
0.01
4.77
0.01
1.1
0.53
0.38
0
0
0
0
0
0.7
0
0
0
0
0
4.76
2.66
0.04
0
0.02
0
0
0
0
0
0
0
0
0
0
0
0.05
0
0
0.01
0
0
0
0.13
0.09
0.09
1.73
0.15
0
0.2
0
0.08
0
0
0
0.09
1.43
0.16
0
0.02
0
0
0
0
0
0
0
0
0
0
0
0.01
0.2
11.62
24.34
4.69
1.07
1.23
2.52
14.88
7.65
1.16
0.78
0.05
0.14
0.01
0.01
0
7.23
0.45
1.79
0
0.04
2.11
0.09
0
1.28
7.66
0.05
1.25
3.27
1.43
0.98
0
0
0
0
0.48
12.23
1.14
0.14
1.13
0.8
0.52
0.31
9.48
2.89
3.09
5.73
3.57
10.04
2.19
16.34
14.04
21.49
2.73
0.27
0.14
11.26
7.52
10.77
1.8
7.04
5.64
2.09
12.14
1.45
0
0.38
0.67
0.59
0.38
0.29
3.32
2.19
7.77
5.53
19.83
3.23
1.32
1.2
1.42
7.44
2.01
0.41
5.07
10.75
3.78
1.91
2.23
5.05
3.27
0.34
0.38
0.36
0.64
0.3
0
1.25
0.48
0.02
0.08
0
0.07
1.03
0.33
0.06
0
0
0
1.04
9.34
0.27
1.22
0
0
0
0
0
0
0
0
0.06
0
0
0
0.02
5.2
2.29
0.72
0.09
0.48
0.4
2.63
0.13
0
0
0.16
0.02
0
1.27
0.03
0.27
15.66
10.4
7.07
7.22
1.07
0
0
1.02
3.61
1.66
1.38
0
0
0
0
0.01
0
0
0
0
0
0
0
1.07
6.63
0.32
0
0
0
0.13
0.88
0.93
1.2
0.76
3.75
0.08
0
1.54
21.05
5.27
0.89
5.01
15.34
11.84
0.63
0
0
0.09
1.29
5.68
5.99
4.58
1.17
0
0
0
0
0
0
0
0.01
0
0.19
5.04
0
0
0
0.03
0
0
0
0.01
0
2.07
0.04
0
0
0
0
0
0.85
0
0.68
0.13
0
0
0
0
0
0
0
0
0
0
0
0
0
0
0
0
0
0
0
0
0
0.02
0
0.28
0.14
0
0
0
0.05
0
0
0
0.28
1.77
0.06
0.09
0.02
0
0.02
0
0
0
0
0
0
0
0
1.02
0.01
0
0.01
0
0
1.23
0
19.59
0.04
0
0
0.01
0
0
0
0
0
0
0
0
0.21
1.25
0
0
0
0
0
0
0.02
0
0.02
1.23
0.48
0.64
2.92
0.69
0
0.11
0.07
0.08
1
1.61
4.17
15.56
2.85
0
0.02
0
0
0
0
0
0
0
0
0
0
0
0
0
0
0
0
0
0
0
12.88
1.16
0.84
0
0.55
1.05
0
0
0
0
0
0.02
0
0
0
0
0
0
0
0
0
0
1.81
0.43
0.24
0
0.81
0
18.39
25.01
7.7
8.73
1.87
0.71
8.84
5.77
1.02
3.31
1.05
0.95
0.44
0.49
0.16
0.16
0.16
0
0
0
0
0
0
0
21.11
5.46
5.11
0.73
1.43
0.39
2.98
14.79
14.38
13.59
1.91
0
2.76
4.62
7.84
5.96
11.75
9.25
3.71
7.47
6.61
3.36
0.53
1.54
1.59
10.94
5.83
13.91
3.05
8.34
5.13
2.8
12.7
6.01
15.11
15.43
2.68
1.47
0.29
0.43
0.76
0.88
2.16
7.7
3.13
10.23
21.46
11.65
3.64
6.49
0.88
0.79
1.09
0.22
0.56
0.12
0.08
0
0
0
2.66
0.93
0.2
0
0
0
0
0
0.01
0
0
0.02
0.34
0.02
0
0.03
0
0
0
0.01
1.36
0.43
0
0
0
0
0
0.01
0.02
0.05
0
0
0
0
0
0
0
0
0
0
0
0
0
0
0
0
0
0
0
0
0
0
0
0
0
0
0
0
0
0.34
0
0
0
0
0.3
0.07
0.03
0
0
0
0
0
0
2.21
6
6.73
8.09
6.81
0.42
0.02
0
0
0
0
0.03
0
0
0
0
0
0.02
0.93
2.96
1.23
1.7
0.04
0.02
0
0.54
0
3.78
3.02
4.11
5
2.3
0.09
0.02
0.11
0.7
0.61
5.43
7.91
1.63
1.29
0
0.03
0
11.17
7.91
2.13
0.4
9.86
13.26
1.32
0.08
0
0.01
0.01
0
0
0
0
0
0
0.02
4.15
0.83
0.04
0
0
0
0
0
0.01
0
0
1.17
0.36
0.02
13.7
11.84
1.02
0
0
0.07
0
0.22
0.84
0.12
0.02
0
0
0.96
0
0.27
0
0
0
0.01
0.09
0.85
8.82
2.79
0.7
0.38
2.23
0
0.06
0
0.01
0
0
5.55
0.13
1.98
0
1.48
5.89
1.1
6.76
0
0
0
0
0
0.08
0
0
0
0
0.02
0.26
5.11
0
9.63
0.19
0.38
0.08
0
0
0
0
0
0
0
0
0
0
0.02
0
0.01
0.01
0
0.04
2.49
4.77
1.55
0
0
0.36
0.31
0
0.01
0.13
2.91
2.29
2.26
0.56
0.93
0
0.82
0
0
0.7
0
1.3
1.81
0.02
0
0
0
0
0
0
0
0
0
0
0
0
2.4
3
2.59
0.59
0.63
0.48
0.67
2.43
5.06
0
0
0
0.1
10.88
5.91
5.86
17.68
10.56
9.32
6.2
3.77
8.28
12.54
2.2
16.44
0.31
0
0.34
1.21
8.16
1.63
1.55
16.23
4.46
1.11
2.08
10.79
3.84
0.56
2.16
0.11
0.01
0
0
0.02
21.66
0
0.01
0
1.12
0.84
0.52
1.96
5.86
0
0.07
5.49
8.17
18.14
6.2
2.34
1.28
4.83
6.96
1.76
0.46
2.09
0.9
0.49
1.11
3.7
2.23
7.95
0
0.43
0.67
0.56
0
0.18
0
0
0
0
0.5
2.77
1.59
0
0
0
0
0.27
0
0.19
0
0
0.02
0.22
1.59
5.14
1.73
0.94
3.24
1.36
3.23
2.68
14.81
5.13
6.96
0.19
0.25
0
0.91
3.45
0.12
0
0
0
0
0
0
0
0
0.01
0.1
6.28
0.03
0
0
0
0
0
0
0
0
0.12
0
0
0
0
0
0
0
0.01
0
0.01
0
0
0
0
0
0
0.07
0.02
0
2.79
0.08
0.01
0
0.02
0.05
8
0.19
6.22
0
0.03
1.3
0.43
2.58
1.41
0.84
0
4.33
3.7
2.11
0.07
0.43
10.31
2.48
10.11
1.2
0
0
0.32
0.21
4.3
0
0
0
2.46
0
16.1
6.58
2.92
1.46
4.33
0.5
0.12
0
0
0
0
0.09
8.71
12.39
2.63
5.48
13.65
9.55
0
0.38
0.18
7.84
4.02
2.95
2.52
5.26
7.89
0
2.38
10.27
1.63
9.69
1.69
1.05
0.38
0
0.46
0.41
16.02
0.05
0.01
0
0
0
0
0
0
0
0.13
0
0
0
0
0
0
0
0
0
0
0
0
0
0
6.88
5.37
0
0
0
0
0
0
0
0
0
0
0
0.03
0
0
0
0
0
0
0
0
0
0
0
0
0
0
0
0
0
0
1.1
0
0
0
0
0.01
0
0
0
0.05
0
0.21
0
0
5.77
2.22
0.06
0.2
8.93
1.07
0
0
0
0.01
0
0
0.29
0
0
0
0
0
0
0
0
0
0
0.03
0
0
0
0
0
0
0
0
0
0
0.02
0.27
0.02
1.77
12.85
3.89
0.38
5.58
3.65
2.5
12.63
0.45
0.52
0
0
1.76
8.93
7.25
2.05
0
0.41
0.85
0.42
0
0
0
0
0
0
0.01
0.08
0.01
0
0
0
0
0
0.13
0
0
0
0
0
0
0.07
0.46
2.32
11.27
0.62
0.66
0
0
0
0.04
0
0
0
0
0
0
0
0
0
0
0
0
0
0
0.09
0
0
0
0
0
0.03
0.19
0.06
0.33
0.08
0.05
0
0.63
0
0.13
0.14
0.08
0.12
0.5
0
0
0.01
0
0
1.27
0.01
0
0
0
0
0
0.18
0.93
6.07
8.86
4.95
0.77
0
0.03
0
0.01
0
0.01
0.22
3.37
0
0.01
0
0
0
0
2.81
1.71
0
0
0.09
0.43
3.06
0.57
0
0
0.01
0
0
0
0
0
0
0
0
0
0
0
0
0.23
7.82
1.36
0
0
0
0
0
0
0
0
0
0
0
0
0
10.59
2.5
0.07
0.48
1.17
0.2
0.06
1.47
0.62
0
0
0
0
0.02
0.02
13.47
6.32
0.73
0.7
4.59
0.53
0.11
0
0
0
0
0.01
0.23
7.48
6.23
1.78
1.67
0.05
0.02
0.02
0
0.05
0
0
0
0
0.02
0.02
0.02
0.01
0
0.01
0.24
0
0.55
0.6
9.1
1.3
0.04
0
1.54
0.59
0
0
0
1.18
6.02
23.52
12.92
3.09
1.43
2.48
4.13
3.95
0.63
0.82
3.98
2.46
0.01
0.01
0
0
0
0
0
0
0.34
4.16
7.41
2.03
0.41
0
0
0
0
0
0
0
0
0
0.03
3.62
10.81
0
0
0
0
0
0
7.48
7.48
0.05
0.23
0
15.09
0.01
0
0.91
0
0
0
0
0
0.13
0
0.06
0
0
0
0.12
0.01
0
0
0
0
0.02
0
0
0
0
0
0.02
0.22
2
0.11
0
0
0.01
0
0.03
0
0
0
0
0
0
0.29
5.69
4.45
0.3
0
0.08
0
0
0
0
0
0.01
0.08
1.52
0
0
0
0
0.06
0
0
0
0
0
0.13
0
0.05
0
0
0.06
0.47
1.42
0.17
0.06
0
0
0
0
4.87
0.52
0.02
1.6
1.3
0.06
0.16
0.32
0
0
0
0
7.2
0
0
0.05
0
8.1
23.78
2.07
0.08
0
0
0.22
3.91
1.03
0
0
0
0
0.27
0
0
0
0.54
12.09
4.41
0
0
0.45
3.52
13.37
1.41
0
0.06
0.77
14.7
2.19
8.21
15.67
5.8
14.87
19.5
8.03
3.95
13.91
5.55
0
1.08
0.05
0
0.06
0.07
0
0
0
0
0
0.02
0
1.02
17.41
8.3
3
1.9
2.06
0
0.05
0
0
1.65
0.16
0
0
0
0
0
0
0.01
0.18
0
0
0
0
1.19
0.11
0.05
0
0.66
5.88
0.5
0
0
1.16
5.52
1.73
0.4
0.21
0.09
0.13
0.01
0.2
0
0.02
0.04
0.05
0
1.11
5.68
11.46
1.41
0.36
0
0
0
0
0
0
0.02
0
2.09
0.58
0.01
0
2.16
10.48
0.73
0.32
0.11
0
0
0
0
0
0
0
0
0
0
0
0
0
0.16
1.47
0.63
0
0
0
0
0
0
0
0
0
0
0
0
0
0
0
0
0
0
0
0
0
0
0
0
0
0
0
0
0
0
0
0
0
0
0
0
0
0
0
0
0
0
0
0
0
0
11.68
1.63
3.77
2.68
0.57
0.17
0
0.2
0.05
0.01
1.95
1.71
0.52
6.34
4.36
1.68
0.48
0
4.64
6.29
5.77
5.72
0.79
0.31
2.76
5.35
19.18
7.41
0.41
5.28
0.78
0
0
9.1
0.23
0.01
0.89
1.69
4.93
0.35
0.15
0.21
0.41
0.05
1.13
4.45
1.29
4.25
11.88
2.97
1.33
1.46
0.48
0.13
0
0.07
0.01
2.04
6.6
0.02
0.23
0.55
4.39
0.78
2.13
1.51
0.05
1.2
0.04
0.02
0
0.22
0.09
1.3
0.19
1.5
19.37
0
0.02
0
0
0
0
0
0
0
0
0
0
0
0
0
0
0
0
0
0
0
0.41
0
0
0
0
0
0
0
0
0
0.01
0
0
0
0.15
0
0
0
0.02
0.01
0
3.79
0.42
0
0
0
0
0.01
0.02
0.05
0.01
0
0
0
0.01
0.02
0.09
0
0
0
0
0.03
0
0
0
0
1.01
0
0
0
0
0
0
0
0
0
0
0
0
0
0
0
0
0.01
2.66
0
0
0
0
0
0.01
0
0
0
0
0
0
0.01
0
0
0
0
0
0.04
1.18
8.38
0.91
0
0.01
0
0
0
2.89
0.06
3.15
0.73
0
0.05
0.14
0
0
0.11
0
0
0
0
0.7
2.79
0.07
0.05
0
0.55
0.01
0
0
0.1
1.35
1.06
0.14
0.18
0.12
0.61
0.45
0
0
0
7.5
0.47
0.38
14.28
0.07
2.11
16.6
4.65
0.63
0.53
0
0
0
4
2.61
0.04
0
0.93
0.08
0
0
0.14
0.95
11.63
4.38
7.68
0.79
1.37
0.15
0.43
7.46
0.76
7.74
0.66
0.08
0
7.73
11.95
1.96
1.05
0
0
0
0
0.1
5.13
0.11
0.01
0.07
0.01
0.07
0.02
1.71
8.75
6.7
6.47
5.03
8.83
2.45
8.05
20.46
2.21
0.07
4.62
1.41
2.43
1.34
4.82
0.99
0.09
0.32
2.34
3.56
6.99
1.54
0.81
0.85
1.34
3.32
4.05
10.92
0.78
0.03
0
0.37
1.88
4.56
1.86
19.16
4.45
1.83
0.13
0.01
0
0
0
0
0.27
1.06
0.43
1.1
4.75
0.65
0.13
0.02
0
0
0
0.43
0.11
0.2
0.61
0.17
0
0
0
8.19
2.05
0.35
0.27
0.24
0
16.97
10.38
5.24
9.61
1.31
1.21
14.2
2.05
0.21
0.81
0
0
0.14
0
0.07
4.41
0.04
0
0.27
0.07
0
0
0.1
1.04
1.37
5
0.63
0.05
0.39
0.25
0
0
0.03
0
0
0
0
0
0
0.08
0
0.24
0
0
0
0
1.52
25.11
1.6
0.05
0
0
0
0.02
0.03
0.01
0.12
1.35
0
0.64
0.23
4.51
3.17
0.05
1.2
0.2
0.08
0.13
0.49
5.7
1.99
0
0
0
0.14
1.23
0.01
0.23
20.48
10.6
8.48
6.63
1.3
0
0.06
0
0
0
0
0
0
0
0.01
0.01
0.01
0
0.01
0
0.02
0.83
8.39
1.33
0.02
0
0
0
0
0
0
0
0
0
0
0
0
0
0
0
0
0
0
0
0
0
0
0
0.2
0.45
0.01
0.19
0.15
0
0
0.1
0
0.09
0
0
0
0
0
0
0
0
0
0
0
0.01
0
0.07
0.02
0
0
0.01
0
0
0
0
0
0
0
0
0.13
0
0
4.11
0.51
0.14
0
0
0.01
0
0
0
0
0
0
0.01
0.08
0
0
0
0.01
0
0
0.19
3.86
0.57
0
7.35
0.22
0
0
0
0
0
0
0
0
0
0
0
0.63
0.89
19.88
8.55
6.34
0.5
0
0
0.06
10.55
0
0.01
0
0
0.01
0
0
7.96
0.4
2.8
0.15
0.01
0
17.83
2.45
0
0.12
3.04
6.57
19.14
13.07
4.79
0.37
1.55
0.45
0.01
0
0.04
0.01
0
0
0
0
0
0
0
0
0.21
0.73
0.04
0
0.25
0
0
0
0.13
0.38
4.25
0
0
0
0
0
0.04
0
0
0
0
0.04
0
0.03
0
0.05
0
0
0
0
0.01
0
0
0
0
0
0
0
0
0
0
0
0.01
0
0
0
0
3.38
10.64
1.84
0
0
0
0
0.15
4.12
2.48
2.25
8.07
11.85
1.14
0.03
0
0.03
0
0.61
0
0.01
0.61
2.8
0.1
0.8
0
1.32
0.01
0
0.07
1.91
1.66
7.13
0.18
0.35
0.02
0
0
0
0.01
0
0.01
0
0.38
0.27
4.38
0.22
0.09
0
0.01
0
0
0
0.01
0
0
0
0
0
0
0
0
0
0
0
0
0
0.41
1.11
1.85
0
26.38
4.26
0.15
0
0.05
0
0
0
0
0.31
5.91
6.89
10.33
6.49
0.99
0.42
0.04
0
0
0
0
0
0
0.01
0.34
3.44
0.5
0.02
0
0.28
3.3
1.29
0
6.38
8.1
4.96
0.45
0.78
21.83
9.14
7.21
0.02
0.02
0
0
0.01
0.02
0
0
0
0
0
0
0
0
0
0
0
0
0.07
0.45
0.8
0.26
4.45
3.93
19.54
20.07
2.18
3.2
1.81
0
0.02
0
0
0
0.02
0
0
0
0.18
1.38
0
0
0
0
0
0
0
0
0.12
0
0
9.48
9.8
3.16
7.51
1.7
0
0
0.77
0
0
0
0
0
0
0
0
0.02
0
0
0
0
0
0
0.02
0.01
0
0.02
1.32
0.06
0
0
0
0
0
0
0
0
0
0
0
0
0
0
0
0
0.02
0
0
0
0
0
0
0
0
0
0.02
0.05
3.34
0
0.01
0
0
0
0
0
0
0
0.02
1.34
0.01
0
0.27
0.54
0.27
0.05
0
1.07
0.09
0.02
0.16
0.79
0
11.64
0.31
8.78
0
0.02
0.02
0.47
0
2.16
2.48
0.01
0
0
0
0.04
0.06
0
0.24
0.01
0
0
0.11
3.44
2.26
3.26
1.68
0.55
11.81
1.69
1.53
4.37
0
0
0
0
0
0
0.04
2.88
0.44
0
0
0
0.02
0.23
10.79
15.83
12.31
0.18
0.02
0
0
0.21
0.01
0.08
0.03
0.01
9.41
9.36
3.95
0.49
0
0.01
0.02
0
0
0.32
4.25
0.04
0
0.07
0.02
0
0
0
0
0
0
0
0
0.22
7.62
4.98
3.87
8.39
0.73
0.87
8.89
2.35
1.83
5.72
2.07
3.93
0.22
0.06
3.2
2.7
4.67
0.05
3.66
0
0
0.09
0.07
0.2
0
0.03
10.55
4.91
2.37
0.37
3.89
2.12
0
3.51
4.96
3.85
7.43
0.5
0
0.63
0.24
1.8
0.74
2.51
2.62
0.05
0.27
2.52
0.61
1.27
3.2
0.64
0.77
10.04
1
14.05
4.31
5.56
0
0
0
0
0.2
0.01
0.71
0
3.63
1.42
5.07
0.7
7.09
0.69
0
0.4
0
0
0
0
1.03
1.55
0.2
0.02
0.02
0
0.01
0
0
0.02
0
0.13
0.27
0.02
0.16
0
0
0.02
0
8.62
10.12
2.66
0.1
4.3
0.09
3.66
28.09
10.8
1.68
0.05
0
0.27
0
0.62
2.47
0.11
0
0
0
0
0
0
0
0.26
0.69
0.07
0.01
0.01
0
0
0
0.02
0
0
0.04
2.79
16.84
3.93
8.95
12.98
1.46
0
0
0.01
0
0
0
0
0
0
2.75
1.63
1.84
12.02
8.98
1.66
0.03
0.15
3.01
12.94
0.41
0
1.29
0
0
0.05
0.09
0
0
0
0.16
0
0
0
0
1.37
23.1
5.93
3.12
0.08
0.06
0.08
0
0
0
1.36
8.7
0.2
0
0
0
0
0
0.01
0.21
0
0
0
0
0
0
13.3
8.23
0
0
3.71
0
0.76
0.42
0.28
0
0
0
0
0
0.16
2.57
0.31
0.42
0.09
0.01
0
0
0
2.19
0
0
0
0
0
0
0.04
0
0
0
0
0.02
0
0
0
0
0
0
6.12
0
0.13
0
0
0
0
0.3
0
0
0
0
0
0
0
0
0
0.01
0.02
0
0
0
0
0.03
1.17
0
0
0
0.1
0
0
0
0
0
0.07
0.02
0.54
0.11
0
0
1.45
5.96
0
0
0
0
0
0.06
0.02
0
0
0.06
0.01
0
6.08
0.14
1.43
0
0
0
0
0
0
0
0
0
0
0
0
0
0
0.68
0.59
0
0.01
0
0.32
0
0
4.05
11.11
8.44
5.41
0.94
0.01
0
0
0
0
0
0
3.95
10.62
11.54
2.3
0.17
17.07
3.04
18.81
11.12
0.48
1.76
0.01
0
1.47
10.64
10.05
3.01
9.3
0.88
9.07
14.73
0
0.02
0
0
0
0
0
6.12
1.33
1.04
0
0
0
0
9.07
7.08
0.08
0
0
0.01
0
7.05
3.77
0.05
0
3.55
1.05
0
0.18
4.79
0.41
0.2
0.27
0.74
2.79
3.95
1.74
0.88
5.76
0.68
0.01
0.01
0
0
0.03
0.18
0.66
2.28
0.02
0.21
0.16
0
0
0
0
0
2.19
0.6
0.55
1.16
0
0.01
0.04
0
0
0
0
0
0
0.04
0
0
0.04
0.07
0.1
0.06
0
0
0
0
0
0
0.06
0.01
0.01
0.2
3.13
0.82
0.05
0.15
4.46
3.26
0.62
0
0
0
0.11
0.17
0.11
0.04
0
0
0
0
0
0
0
0
0
0
0.03
4.13
6.2
4.09
5.73
26.52
8.82
1.36
0.59
0.09
0.75
0
0
0.01
0.24
1.69
1.26
0.02
0
2.24
0.31
0
10.38
4.78
0.03
0
0.01
0
0
0
0
0
0
1.35
0.82
0.03
7.67
7.24
9.41
11.41
15.2
2.26
7.9
1.74
0.39
0
0.19
0.22
0.02
1.52
0
0
0.01
0
0.01
0
20.8
13.31
1.95
4.23
0.1
0.06
0.51
1.05
0
0
0.01
0
3
29.98
8.82
2.83
6.09
22.98
4.77
1.07
11.13
2.31
0
0.19
4.69
5.93
6.36
0.29
0.02
0.01
0
0.04
1.5
0.03
0
0
0.43
3.68
4.25
7.8
5.98
4.4
0.21
0.29
0.05
0
1.01
0
0
0
0
0.02
38.13
3.58
0
0.07
0
0.11
3.32
0.15
0
0
0
0
0.39
0.63
0
0
0
0
0
0
0.01
0
0
0.04
0
0
0
0
0.05
0.92
9.36
0.43
0
0
0.01
0
0
0
0
0.56
1.23
0.05
0
0.02
0
0
0
0
0.73
0
0
0
1.01
0
0
0
4.48
0.18
0.06
0.77
0
0.01
0
1.21
5.79
0.26
0
0
0
0
0
0.05
0.57
0
0.92
0
0
0
0
0
0
0
0
0
0
0
0
0.94
19.53
9.51
0.5
2.86
1.33
0
0.01
0.02
0
0.01
0
0
0
0.03
0
0
0
0.01
0
0
0
0
0
0
0
0
0
0
0
0
0
0.01
0
0
0
0
0
0
0.32
0.05
0
0
0
0
0
0.13
5.32
3.13
4.52
6.2
0.22
0
0.98
15.38
2.34
23.2
7.43
4.22
1.95
2.66
1.24
0.62
1.98
22.18
1.3
0
0
0
0.05
0.18
0.04
0
0
0
0
0
0.16
0
0
0
0.1
0
0
0
0
0
0
2.55
2.15
0.45
12.96
0.84
3.95
0.09
0
0
0.02
0.03
0.02
0
0
0.16
0
0.04
0.29
0.05
0
0
0
0
0
0
0
0.01
0.11
0
0
0.11
0
0
0
0.16
0
0
0
0
0
0
0
0
0
0
0
0
0
0
0
0
0.01
0
0
0
0
0.12
0.09
1.64
0.36
0
0
0
0
0
0
0
0
0.06
0.66
2.77
0.73
0.56
0.01
0.01
0
0
0.03
0
0
0
0
0
0
0.09
0.49
13.28
18.66
0.7
0
0
0
0
0.05
1.17
0.01
0
0.02
0.01
0
0
0
0
0
0.01
0.31
3.01
0.07
0
0
0
0
0.03
1.06
0.75
3.64
0.12
0.85
1.12
0.95
1.95
0.56
0
0
0.63
12.9
7.71
1.72
0.7
0.02
0
0.52
0
0
0
0
0.24
0.32
0
0.01
0.01
0.02
0.01
0.05
0
0
0.01
0.02
0.01
0
0
0
0
0
0
0.05
0
0
0
0
0
0
1.84
0.18
0.2
0.52
11.14
0.96
0
2.05
1.01
0
0
0
0
0
0
0
0
0
0
0
0.68
0.78
3.94
0.65
0
0.02
0
0
0
0
0
0
1.85
0.1
2.2
0
0
0
0.03
0.01
0
0.03
3.56
0.25
0.65
8.21
1.07
0.01
0.71
4.29
0.09
0.04
0
0
0.01
0
0
0
0
0.71
0
0.48
0
0
0
0
0
0
0
0
0
0
0
0
0
0
0
0
0
0.01
0
0
0
0.04
0.09
0
0
0
0
0
0
0
0.28
1.84
0
0
0
0
0.38
2.84
0
0.01
0
0
0
0
0
0
0
0
0
0
0
0
0
0
0
0
0
0
18.41
6.85
0.69
0.13
0.02
0
0
0.6
0
0
1.32
0.06
0
0
0
0
0
0.07
0
0.04
0
0
0
0
0
0
0
0
0.01
0
0
0
0
0.08
0.75
1.43
5.16
2.27
0.56
2
0.14
9.08
2.39
0.08
0.8
0.35
14.71
1.04
0.12
0
0
0.64
15.29
1.23
2.84
1.25
0
0
0
0.16
0.01
0
0.07
0.24
0.26
0
0.15
14.45
7.09
13.57
3.09
0
0
0
0
0
0.01
0.03
0
0
0.92
0
1.02
0.87
0
0.01
2.86
10.36
0.58
0.52
0.13
0.03
0
0
0
0
0
0
0
0
0
0
0
0.01
0.02
0.2
0
0
0.95
0
0.61
7.63
1.39
0.06
0.68
0
0.45
0.17
0.06
0
0.14
0.83
7.25
3.57
0.43
6.86
0.24
0.01
0.07
0
1.56
4.11
7.72
0.72
0.28
0.03
0.01
0.01
0
0
0
0
0.09
0.05
0.03
0.48
0.2
0.03
0
0
0
0
0
0
0
0
0
0
0
0.05
0
0
0
0.05
0.5
4.84
2.7
1.64
3.2
2.86
6.55
1.62
12.29
4.57
0.05
0.15
0
0.05
0.71
10.37
1.16
0
0
0
0.39
0
0
0
0
0
0
0
1.35
9.2
4.25
3.14
0.62
1.21
2.03
0.24
0.01
0
0.07
0
0.14
0
0
0
0
0
0
8.23
4.76
1.4
1.73
0
0
0
0
0
6.67
3.41
1.87
7.51
0.04
0.12
0.2
4.39
1.59
0.32
0
0
0
0
0.01
0
0
0
0.17
4.3
3.41
1.98
0.58
0.08
0
0
0.01
2.14
0.94
0
0.37
0
0
0
0
0
0
0
0
0
0
0
0
0
0.24
1.52
0
0.1
0
0
0
0.01
0.01
0
0
1.36
12.73
1.54
0
0
0.02
4.45
8.52
1.9
2.45
1.18
5.09
2.34
0.02
0
0.35
3.68
0.12
0
0.69
0
0
0
0
0
0
0
0.01
0.01
0
0
0
0
0.06
0.02
1.97
0.64
0.61
0
1.89
9.66
3.23
0.06
0
0
0
0
0
0
0
0
0
0
0
0
0
0
0
0
0
0
0
0
0
0
0
0
0.01
0
0
0.65
0.02
0
0
0
0.01
0.04
0.11
0
0
0
0
0
0
0
0
0
0
0
1.14
0
0
0.07
2.84
0
0.03
6.44
11.12
9.81
0.21
0
0
0
0.02
0
24.34
2.98
0.22
0.71
0
0
0.02
0.03
0.02
0.01
0.09
0.68
0.68
0
0
0
0
0
0
0
0.14
0
0.02
0
0
0.11
17.38
11.02
9.56
25.58
0.63
3.94
14.76
0.25
3.64
1.39
0.08
0
0
0
0
0
8.04
15.8
3.76
1.27
2.02
7.68
0.66
0
0
0
0
0
0.27
3.81
9.8
0.71
0.05
0.05
0.01
0.01
0
1.38
3.36
6.84
0.05
0
0.15
0.15
0
0
0
0.41
0.59
12.34
2.03
10.23
1.2
0
0
0
0
0
0
0
0
0
0
0
0
0
0.36
0
0
0
0
0
0
0
0
0.02
0.03
0.3
0.02
0
0.02
0.01
0.03
0.03
0
0.08
0.25
0
0.04
0
0.35
0.01
0.01
0.01
0.05
0
0.47
4.98
0.98
3.39
2.87
1.24
0.02
0.01
3.5
1.02
0.03
0
2.14
1.45
2.03
3.89
0.2
3.86
22
2.05
0.57
2.7
1.44
0
2.13
0
1.01
0.45
0
0.09
4.88
0.41
0.19
0.43
0.46
2.1
0.11
0
0.06
0
0
0
0
0
8.61
6.71
0.26
0
0
0
0
0
0.01
0
0.32
0.13
0
0.04
0.01
0.33
0
0
0.18
0.16
4.58
5.4
1.4
0
1.06
4.58
10.23
0.87
1.38
2.24
1.61
10.03
6.27
1.2
0.22
1.3
1.71
12.75
3.96
1.9
1.52
0.47
2.47
0.15
0
0
0
0.24
0.03
0
11.26
16.04
14.34
5.44
0.3
3.37
0.72
4.4
2.77
0.34
0.16
0.01
0
0.01
0
0.01
0
0.15
0.11
0.15
0
0.02
0
0
11.02
10.47
1.77
13.99
2.47
4.2
5.76
2.75
0.34
0
0
0.01
0
0
0
0
0.4
0
0.02
0
0.12
1.82
0.3
0
0
0.44
8.23
11.62
12.74
1.84
0.13
0
0
0
0
0
0.01
0
0
0
0
0
0
0
0
0
0
0
0
0.52
0
0
0
0
0
0
0
0
0
0
0
0
0
0
0
0.01
0
0
0
0
0
0.01
0
0
0
0
0.01
1.95
7.59
0
0.01
0
0
0
0
3.02
0
0
0
0
0
0.02
0
0
0
0.02
0
0.71
0.58
0.03
0.01
0
0
0
0
0
0
0
0
0
0.66
0
0.01
0
2.28
0.24
1.42
2.64
7.85
0.25
0.52
0.47
0
0
4.31
4.54
3.66
0.88
0.09
0
0
0.01
0
0.77
0.05
0.22
9.76
2.77
4.35
0.36
0
0
0
0
0.02
0
0.04
0
0
0
0.75
0
0
0
0
0
0.59
1.87
0
0
0.37
0
0
0
0
0
0
0
0
0
0
0
0
0
0
0
0
0
0.02
0.04
0
0
0
0
4.52
8.83
1.01
3.9
0
0.03
0
0
0.04
0.02
0
0
0.24
0
0
0
0
0
0
0
0
0.24
0
0
0
0
0
0
1.95
1.12
0.5
0.86
0.54
2.31
0.07
0.14
0
0
0
0
0
0
0
0
5.67
5.02
1.34
0.65
0.44
0.24
0.01
0.13
0.54
6.18
0.04
4.18
0.37
3.23
1.29
0
0
0
0
0
0
0
0
0
0
0
0
0
0
0
0.73
0.75
5.28
0
0
0
0
0
0
0
0.01
0
0
0.1
0
0
2.91
2.81
15.07
0.21
0.52
0.34
0.55
4.19
0.29
0
2.88
4.36
0.02
0.02
0
0
0
0
0
0
0
0.01
0.04
0.04
0
0
0
0
0
0.47
0
0.04
0.17
0.28
12.55
0.2
0.15
0.03
1.21
0
0
0.1
3.16
0.07
0.11
0
0
0
0.01
0.58
5.82
12.67
5.14
8.41
6.67
0.15
0.5
0
0.53
9.25
15.45
7.14
17.04
4.53
0
0.04
0
0
0.38
0.41
0.67
0.05
0
0.04
0
0
0
0.05
0
0.01
2.05
4.79
12.11
14.91
0.54
7.64
8.82
1.41
3.71
4.91
3.04
1.82
0.52
0
4.54
0.45
8.74
1.63
1.19
0.45
1.99
3.89
0.11
2.97
13.66
4.28
7.45
0.04
0.14
0.8
0
0
12.95
15.5
3.66
2.47
0.02
0.01
0
0.02
5.66
0.1
0
0
0
0
0.05
6.8
1.18
0.04
0.55
0
0
0.06
0
0
0
0
0
0
0
0
0
0
0.01
0.03
1.11
0
10.77
1.08
1.34
0
0
0.06
0.09
0
0.02
0.02
0
0
0
0
0
0
0
0
0
0
0
0
0
0.02
0
0
0
0
0
0
0
0
0
0
0
0
0
0
0
0.09
0.24
0
0
0.91
0.48
0.01
0
0
0.02
0.02
0
0
0
0.64
2.81
0
0.25
0.24
6.98
1.05
0
0
0
0
0.34
0
0.01
0.01
0
1.37
1.86
4.3
0.07
4.59
0.45
2.09
0
0
0.01
0
0
0
0
0
0
0.93
0
0.02
0
6.2
4.93
0.12
0
0
0.07
3.38
4.55
0.46
0
5.34
8.61
2.52
1
0
0
6.46
9.34
2.09
8.34
15.78
6.04
2.1
0.3
0.18
0.03
0.02
2.16
0.14
0
0
0.13
0
0
0
0
0
0
0
0
0
0
0
0
1.34
0.27
0.18
0
5.05
1.45
0.9
2.65
0.71
4.55
0.47
0.1
2.05
19.5
3.41
1.64
0.31
0
0.78
9.51
0.09
0.06
0
0
0
0
0
0
0
0
0.01
0
0.87
0
0
0
0
0
0.38
0.82
6.93
1.09
0
0.16
0
3.15
1.39
0.09
1.01
0.17
1.89
0
0.12
0.11
0.21
0.95
5.36
0.49
1.62
12.11
0.62
0.05
3.54
0.39
0.17
1.95
0.36
1.76
1.83
11.76
2.99
3.77
5.77
5.69
6.48
0
0.24
3.33
0.25
0
0
0
0
0
0
0
0
0
0
0
0
0
0
0
0
0.28
1.08
4.23
3.71
1.82
9.13
3.2
0.46
0
0
0
0
0
0
0
0
0
0
0
0
0
0
0
0
0
0
0
0
0
9.45
4.16
4.3
0.24
0
0
0
0
0.02
3.41
2.21
0
2.85
8.81
2.88
0
0
4.96
2.98
2.93
1.2
6.84
1.45
0.37
0.29
0
0
0.15
0.34
0.77
0.56
0
0
2.28
0
0.01
0.01
0
0
0
0.01
1.53
6.66
0.03
0.01
0
0
0
0
0.01
0
0
0
0.56
0
0
0
1.05
0.18
0
0.01
0
0.57
0.83
0.11
0
0
0
0.37
1.89
1.37
0.2
0.65
0
0
0
0
0.45
0.43
1.78
0.52
0
0
1.09
0
0
0
0
0
0.01
0
0
0.01
0
0
0
0
0
0
0
0.01
0
0
0
0
0
0
0
0.01
0
0
0
0
0
0
0.05
0
0
0
0
0
0
0
0
0
0
0
0
0
0
0
0
0.01
0.85
0.16
2.64
0
0.01
0
3.34
0
0
0
0
0
0
0
0
0
0
0.01
0
0
0
0
0
0.05
0
0
0
0
0.6
0.05
1.17
0.1
0
1.45
0.02
0.73
0
0.14
0
0.28
14.06
2.61
0.1
0.12
0.02
0
0
0.01
0
0
0
0.11
1.42
2.65
2.6
0
0.18
0.18
0
0.21
0.81
0.17
0
0
0
0
0
0
0
0
0
0
0.64
9.54
14.58
1.33
0
0
0
0
0
0
0
0
0
0
0
0
0
0.72
0.19
0
0
0
0
0
0
0
0.07
0
0
0.06
0
0
0
0.38
0
0.01
0
0.1
2.43
0.41
0.78
7.77
0.53
0.86
12.83
1.82
0
0.18
0.14
1.11
0.04
0.14
0
0
0.47
9.97
4.67
0.15
2.64
0.8
0
0
3.71
9.98
16.47
14.54
9.1
16.3
7.16
1.2
12.58
36.77
10.77
5.92
0.52
0.16
10.2
7.83
4.27
5.03
12.37
1.91
1.86
5.37
1.23
8.66
7.99
3.05
0.2
0.52
0.32
0.28
1.91
0.12
0.06
0.21
0.2
0
3.63
1.88
0.97
0.06
0.01
0
0.07
0
0.04
2.32
5.65
0.39
0
0.15
6.29
1.66
0.01
0.09
0.01
0
0
14.96
8.09
3.35
2.98
0.5
0.71
9.27
5.18
7.42
1.26
9.66
4.89
0.3
1.41
0.7
5.1
4.42
0.52
22.19
5.24
6.89
0
0.08
0.03
0
0
0
0
0
0.01
0
0.1
0.66
0.23
1.18
0.1
0.15
13.91
5.89
0.17
0
0.18
3.26
0.94
0.09
0
0.06
1.95
0
0
0.06
0.43
0
0
0
0.08
5.92
6.53
4.79
7.04
11.96
7.88
7.62
0.78
0
3.52
2.21
0.71
0
0.24
0
0
0.02
0.04
0.73
2.54
0.09
5.48
0
0.3
0.37
1.91
5.32
0.55
7.88
4.61
4.31
0.09
0.17
0.11
0
0
0.01
0
0
0.02
0
11.06
0.6
0
0.2
0.98
0
0
0.02
0
0
0
0.04
0.01
0
0
0
6.57
27.34
6.16
5.55
10.54
0.94
9
0.49
0.13
0.46
2.73
0
0.27
0
0.01
0.07
2.25
7.13
11.07
0
0.3
0.33
0
0
6.23
3.72
0
0
0
0.03
0.09
0.27
0.01
0
0
0
0
0
0.01
0
0
0
0
0
0
0
0
0
0
0
0
0
0
0
0
0
0.01
0
0
0
0.04
7.41
0.41
0.27
0
0
0
0
0.02
0
0
0.05
0
0.09
0
0
0
0
0
0
0
0
0
0
0
13.73
3.55
0
0
0
0
0.19
0
0
0
0
0.08
0
0
0
5.4
7.57
0.16
0
7.98
0.27
0.04
0
0
0
0
0
0
0
0
0
0
2.13
0.48
0.06
0
2.22
1.54
19.93
3.39
0
4.5
0
0
0
0
0
0
0
0
0
0
0
0.01
0
0
0
0.03
2.18
9.65
2.28
0.1
0
0
0
0
0.01
0.87
9.53
1.48
0.11
0.13
0.23
0
3.34
0.47
1.69
2.73
0.01
0.68
3.72
3.23
0
0
0.59
0.49
0
0
0
2.5
2.38
1.14
2.73
0.2
0
3.63
5.66
7.83
5.39
0.52
0
0
0
0.11
0.4
0
0.13
0.18
3.15
2.5
4.48
13.23
4.61
3.21
0
0
0
0.37
0
0.69
4.55
1.19
0.02
0
0
0.28
1.2
0.27
0
7.43
4.74
4.06
0.21
0
0.01
0
0.01
0
0
0
2.98
0.66
0
0
0
0
0
0.52
6.84
5.46
2.34
2.26
0
0
0
0
0
0
0
0
0
0
0
0
0.07
3.27
5.06
17.05
8.13
3.21
0.51
11.76
0.85
0.02
0
0
0
0
0
0.04
0.04
0
0
3.24
4.46
0.02
0.19
0
0
0
0
7.08
1.74
1.3
4.81
2.89
9.13
0.71
0
0.02
0
0
0
1.76
0.27
1.18
3.19
1.96
0.52
0.08
0
0
0
0
10.37
0.06
0.05
0
0
0
0
0.02
0.03
0
0.01
0
0
0
0
0.02
1.22
1.48
21.36
5.9
1.32
1.23
0.46
0.15
0.83
1.54
1.43
0.73
0.99
1.75
3.56
0.3
2.71
1.83
20.76
0.52
0
0
0.02
0.17
0.05
16.52
0.25
0.01
0
5.93
0.34
0
0.22
1.33
0.52
0
0
2.72
4.23
0.04
21.88
4.04
0
0.01
0
0
1.38
2.46
11.93
7.84
0.42
0
0
0
0
0
0
0
0
0
0
0
0
0
0.02
0
0
0
0
0.01
0.01
0
0
0
0.76
0.15
0.06
0
0
0
0
0
0
0
0.13
0.1
0
0
0
0
0
0
0
0
0
0.01
0
0
0
0
0
0
0
0
0.15
0
0
0
0
0
0
0
0
0
0.01
5.56
0.42
0
0
0.01
0
0.08
0
0
0.11
0
0
0
0
0
0
0
0
0
0
0.04
0.73
0.46
0
0
0
0
0
0
0
0
0
0
0
0
0.01
0
0
0
0
0.01
0
0
0.04
0
0
0
0
0
0
0
0
0
0
0
0
0
0
0
0
0
0
0
0
0
0
0
0
0
0
0.02
0
4.69
17
1.16
11.86
18.42
1.02
0
0
0.07
0.1
7.99
14.13
14.75
14.39
1.15
1.27
0.27
0.04
0.01
0
0.01
0.22
10.3
0.18
0
0.37
0.23
1.54
0.42
0.34
4.57
0.5
0.02
0
0
0
0
0
0.05
1.08
3.55
0.02
0
0.02
0.16
0
0
0
0.09
0
0.13
0.13
0
0
0.98
0.07
0.24
0
0.01
0
0
0.02
0
0
0
0
0
0
0
0
0.03
0.37
0
0
0.01
0
0
0.02
0
0
0
0
0
0.27
4.07
3.71
0
0
0
0.02
0
0
0
0
0
0.02
2.43
0
0
0
0
0.15
0
0
0
0
0
0.02
0
0.01
0
0
0
0.11
0.17
0
0
0
0
0
0
0
0
0
0
0
0
0
0
0
0
3.62
0.18
0.17
0
0
0
0
0
0
0
0
0
0
0
0.06
0.01
0
0.06
5.38
2.66
0
0
0
0
0
0
0
0
0
0
0.03
1.38
11.1
5.84
7.34
2.59
0.07
0.07
0.08
0.99
1.55
6.03
2.7
4.22
0.38
0
0
0.84
0.51
0.18
0.04
0
0.01
0
0
0
2.89
8.03
14.59
2.79
0.77
0
2.87
4.13
2.84
0
0
0.11
0
0
0.38
0.92
0
0
0
0
0
0
2.98
3.15
0.14
0.01
0
0
0
0
0
0
0
0
0
0
1.11
0
0
0
0
0
0.09
0
0
0
0
0
0
0
0
0
5.76
6.29
0.02
0
0
0
0
0
0
0
0
0
0
0
0
0
0
0
0
0
0
0.01
0.01
0
0
0
0
0
0
0
0.66
0
0.01
0
0
0
0
1.69
0.19
0.72
0
0
0
0
0
0
0
0
0.13
0
0.06
0
0
0.02
0
0
0
0
0
0
0
0
0.02
0
0
0
0
0
0.02
0
0
0
0
0.12
0
0
0
0
0
0
0
0.04
0.09
0.04
0
0
0
0
0
0
0
0
0
2.63
0.01
0
0
3.24
0.02
3.05
5.16
0
32.02
1.92
0.07
0.02
0
0
0
0
0
0
0
0
0.09
2.97
2.77
0
4.07
0
0
0.52
9.69
13.77
10.91
12.71
0.1
0
2.35
5.63
4.38
0.61
0.09
0
13.63
0
0
3.26
26.77
13.99
0.02
0
3.66
22.77
9.88
6.3
0.98
0.09
0.06
0
0
0
1.26
0.1
0
0
0.07
0.14
0
0
0
4.48
0.12
0
0
0.1
0
0
0
0
0
0.11
0.58
0
0.01
0
0
0
0.02
3.62
1.31
1.57
0.05
0.29
0.18
0.84
0.03
0
0
0
2.23
0.02
0
0
0.02
0
0.88
0.33
0
0
0
0
0
0.03
0.02
0.34
0.01
0.73
4.45
1.8
0
0.21
6.48
0.75
4.34
8.39
2.09
0
12.17
5.89
0
0.23
0.11
3.17
0.55
0
0
0
2.61
0.56
0
0
0.5
0.07
0
0.25
0.18
7.34
1.06
0
0
0
0
0.14
1.41
0.57
1.05
0.02
5.38
9.69
0.81
0.21
0.14
0.05
0.35
0.6
0.02
0.01
0.07
6.98
4.67
5.18
5.53
12.76
6.27
2.59
0.47
0.95
0.65
0.09
0.27
4.32
8.88
0.1
5.63
0.03
0
2.66
4.14
5.45
6.79
24.63
5.16
3.23
7.88
0.43
21.96
4.06
0.5
3.45
5.63
3.9
0
0.8
0.14
0.17
0.02
0.74
0
0.06
0
0
0
0
0
0
0
0
0
0
0.01
0.13
6.58
4.5
15.97
9.29
5.63
1.07
0.01
0.06
0
0
0
0
0.01
0
0
0
0.12
0.46
2.6
2.45
4.8
5.47
3.57
1.49
2.19
0
0
0
0
0
14.05
2.39
0.13
9.63
0.41
0
0
0
0
0.42
1.29
0.14
1.77
0.34
0
0
0
0
0
0
0
0
0.03
0.16
0.4
0
0
0
0
0.02
0
0
0.03
0
0
0
0.55
0.05
0
0
0
0
0
0
0.22
0.02
0
0
0
0.02
0
0.01
0
0.02
0
0.09
0.73
0.03
0
0
0
0
0
0
0
0
0
0
0
0
0
0
0
0.09
0
0
0
0.08
0
0
0.63
0.33
2.42
0
0
0
0
0
0
0
0
0
0.16
0.64
5.91
1.63
0.29
0
0.17
0
0
0.18
1.5
0.29
0.61
1.4
0
0
0
0.01
0
0
0
0
0
0
0
0
0
0
0
0
0
0
0.33
5.78
0
3.09
0.97
1.66
1.44
2.18
0
0
0
0
0
0
0.01
0
0
0
0
0
0
0
8.15
0.04
0.02
15.09
0
0.18
1.02
0.1
0
0.01
0
0
0
0
0.01
0.34
0
0.01
0
0.03
1.67
0
0.05
0
0.01
0
0
0.01
1.18
11.56
4.13
0.35
0
0
0
0
0
0
0
0
0.05
0
0.05
0.06
0
0
0
0
0
0
0
0
0
0
0
2.63
0
0
0
0.01
5.79
13.06
0
0.01
0
0.01
17.73
3.48
0.04
2.79
0
0
0.01
0.13
3.58
11.23
11.92
8.24
2.02
0
0
0.04
0
0
0
2.9
3.02
2.05
3.28
1.38
4.54
7.14
2.16
1.06
9.11
3.38
0.05
0
0
0.14
0
5.29
7.79
1.06
1.04
0.5
0.05
2.6
5.3
0.59
3.72
2.51
4.34
16.77
1.37
10.72
4.35
2.8
0.8
1.44
0.75
0.48
0.13
0
1.51
0.3
0
0.6
2.14
0.12
1.12
0.59
0.07
10.74
1.75
0
0.01
0
0
0
0
0
0
0
0
0.23
0
0
0
0
0
0.02
1.97
0.64
1.82
0.02
0.31
2.87
0.34
0.07
0.16
1.46
0.35
0
0.37
8.72
0.95
0.41
0
0
0
0.01
0
0.59
0.66
6.62
0
0
0.52
0
0.02
0
1.44
3.54
8.46
0
0
2.46
0.13
0
0
0
0
0
0
0
0
0
0
0
0
0
0
0
0
0
0
0
0
0
0
0.01
1.21
0.01
4.41
0.13
0.77
0.46
0.84
0.09
0.6
2.43
0.27
0
6.29
0.48
0
0
0
0
0.2
0.02
0.02
0
0
0.93
0.18
0.3
0
0
0
0
0
0
0.07
0
1.03
2
7.58
0.46
0.59
0
0
0
0
0.01
3.75
19.7
0.13
0.02
0
0
0
0
0
0
0
0
0
0
0
0
0
0
0
0
0
0
0
0
0
0
0
0
0
0
0
0
0.01
0
0
0
0
0
0
0
0
0
0
0
0
0
0
0
0
0
0
0
0
0
0
0
0
0
0
0
0.14
0
0
0
0
0
0.03
0.34
0
0.01
0
0
0
0
0.1
0
0.01
2.44
1.27
0.06
0
11.27
1.49
1.83
12.19
0.59
0
0.87
9.05
0
0
0
0
0.11
0
0
0
0
3.77
5.84
10.09
11.56
5.13
10.05
1.55
0.18
0.01
0
0
0
0
0.01
0.02
0.02
0
0
0.01
0.01
0.01
0.02
0
0
0
0.7
7.55
4.04
1.52
0.53
1.68
8.42
1.22
13.52
16.59
0
7.16
4.66
3.05
0.03
0
0.1
0
0.01
0
0
0
0
5.27
3.15
7.41
31.62
8.38
1.61
0
0.02
1.06
0.33
0.11
0.68
0
0
0
0
0
0
12.63
11.3
0.82
0.74
0.05
0.01
0
0
0
0
0
0
0
0.02
0.13
0.63
0.04
0
0
0
0.02
0
0
0
0
0
0
0
0
0
0
0
0.72
3.32
0.7
0.02
2.53
0.79
0.3
1.55
0.41
0.01
0
0
0
0
0.17
1.3
22.02
4.38
0.17
7.41
7.82
1.48
0.88
0.23
0.12
0
0
0
3.65
1.55
0.07
6.05
0.12
0
0.13
0
0.1
3.31
0.92
0.38
1.63
0.77
0
0
0
0
0
0.07
0.09
0
0
0
0
0
0
0.14
0
0
0
0
0.25
0.15
1.79
10.48
0.89
1.36
5.1
6.55
16.92
1.5
0
0.01
0
0
0
0
0.01
0
0
0
0
0
0
0
0.2
5.54
0.04
4.63
0.1
0.23
0.09
4.18
2.21
0
0
0
0
0.05
0
0
0.01
3.57
15.42
0.6
0.05
0.16
0
0
0
0.01
0.01
0
0
0
0
0
0
0
0
0
0
0
0
0
0
0.32
0
0.34
0
0
0.13
0
0.02
0.02
0
0.5
0.75
0.01
0
0
0.11
0.27
0
0
0.09
1.13
4.16
4.16
11.25
0.14
0.27
1.18
5.6
0.51
0
0
0
0.01
0.18
1.67
0
0
0.01
0
0
0
0
0
0.13
0.16
0.3
0
0
0
0
0
0
0
0
0
0
0
0
0.02
0.14
0.26
0.01
0
0
1.75
0
0
0
0
0
0
0
0.03
4.51
0.11
0
4.93
0
0
0.1
0.28
1.11
0.07
0
0
0
0
0.01
0.01
0.09
0
0
0
0.13
0.62
0.1
0.43
0.76
0
0
0
0
0
5.02
1.66
0.37
0
0.02
0
0
0.82
4.77
0.09
0.01
0
0.25
0.01
0.04
0
0
7.63
0.14
0
0
0
0
0
0
0
0
0
0.44
1.2
0.54
0.34
0.01
0.01
0.11
1.52
0.3
0.35
0
0
0
0.36
2.08
0.93
0.44
0
0.01
0.02
5.59
7.3
1.45
0.04
0.02
0
0
0.12
0.01
1.71
1.75
1.48
0
0
0.05
13.8
14.8
5.39
0.09
0
0
0
0
0
0
0
0
0
0.11
0
0
0
0
0
0.13
2.26
0.17
0
0.02
0.05
0
0.06
0
0
0
0
0
0
0
0
0.01
0.01
0
0
0
0
0
0.02
0
0
0
0
0
0
0
0
0
0
0
0
0
0
0.29
0.01
0.27
1.13
7.3
0.79
7.43
11.16
1.71
1.23
0.37
4.7
2.84
8.82
2.23
0.03
0.18
4.19
0
0
0
0
0
0.06
0.24
0.08
0
0
0
0
0.07
1.17
1.12
0.04
0
0
0.36
0
0
0
9.25
1.16
1.98
2.36
2.05
8.47
23.55
11.95
5.8
0
0
1.09
1.33
0.01
0
0.02
0
0
3.22
0.92
16.45
5.61
1
0
0
0
0
2.75
1.1
2.04
8.2
0.02
0.63
0
0.01
0
0.03
0.31
0
0.64
0
7.11
7.33
1.44
8.95
1.03
0
0
0
0.64
0.02
0.06
0
0.84
0.59
0
0
3.19
34.56
0.22
0.59
0
0.04
0.39
7.95
2.76
8.52
2.33
0
0.94
12.45
0.39
0
19.92
7.77
2.39
0.95
2.23
0
0
0.09
0.01
0.95
5.36
0.95
0
0
0
0
1.42
11.54
9.99
18.93
7.19
6.62
3.35
2.88
3.8
0
0.03
0
0
0.36
0
0
0
0.09
0
0
0
0.17
0
3.84
0.32
0
0
0
0
1.9
0
0.01
0
0
0
0.12
0
0
0
0
0
1.6
0.73
0
0.11
0
0
0
0
0
0
0
0
0
0
1.52
0.01
0
0
0
0
0
0
0.5
0
0
0
0
0
0
0
0
0
0
0
0.09
0.07
0.09
0
0.01
0
0
0
0
0
0
0
0
0
0
0
0
0
0
0
0
1.9
0.22
0
0
0
0
0
0
0
0
0
0
0
0
0
0
0
0.42
0.04
0
0
0
0.01
0.45
0
0
0
0
0
0
0
0
0
0
0.18
10.36
2.26
0.59
0.02
0.02
0
0
0
0
0
0
0
0.01
0
0
0
0
0
0
0
0
0
0.01
0
0
0
0
0
0.09
10.95
1.11
0
0
0
2.64
0.99
9
9.7
1.77
7.83
13.84
4.32
0.11
0.02
0
0
0
0
0
0
0
1.13
7.43
15.23
0.59
0
0.34
0.08
0.01
0
0.04
0.01
0
0
0
0
0
1.2
16.54
5.74
9.19
5.24
2.2
6.69
14.08
5.74
0
0.19
0.23
0.3
0.41
4.89
5.91
0.36
0.04
0.02
0
0
0
0.02
0.55
0
0
0.19
1.34
0.52
0.95
1.15
0
0.05
0.02
0
0
0
0.02
0
0
0
0
0
0
0
0
0
0
0
0
0.01
0.31
1.84
0
0
0
0
0
0
0.02
0
0.33
0.31
0
0.01
0
0.01
0.01
2.66
8.07
0
2.27
0.65
0.01
3.51
3.29
4.1
6.8
3.76
0
0.64
0.04
0.13
1.73
1.39
1.89
1.97
0
0
0
0
0
0.02
0
0
0
1.27
0.17
0.02
0
0.01
0
0.32
0
12.21
0.45
0.05
0.49
0.31
0
0
0
0
0.85
1.59
0.01
0
0
0
0
0.05
0.21
0
3.98
4.48
0.91
4.86
3.29
2.76
0.12
0.22
0
0.46
0
0
0
0
0
0
0
0
0
0
0
0
0
0
0
0
0
0
0.07
0.1
0
0
0
2.4
1.98
0
0.12
1.05
4.58
1.91
0.8
0
0.03
0.32
2.18
0.05
0
0.01
0
6.87
4.76
3.02
1.1
0.01
0
0.01
2.3
5.38
0.8
0
0
0
0
0
0
0.11
0
0.07
0.61
1
4.83
0.35
5.49
4.19
8.1
0
0
2.8
0
0
0
0
0
0
0
2.24
0.43
0.43
0.2
5.43
0.03
0.02
0
0
0
11.86
0
0.26
0.29
0
0
0.02
0
0
0.01
1.76
2.99
20.91
1.06
0.01
0.01
0
0
0
0
0
0
0
1.47
0
0
0
0
0
0
0
0
0
0
0
0
0
0.13
0.18
0
0
0.02
0
0
0
0.03
0
0
0
0
0
0
0
0
0
0
0
0
0
0
0
0
0.06
5.87
4.9
2.39
0.04
0
0
0
0
0
0.18
1.15
0.02
0
0.44
0
0
0
0
0
0
0.37
0
0
0
0
0
1.11
0
0
0
0
0
0.01
0.01
0
0
0
0.09
0
0
0
0
0
0
0
0
0
0
0
0.02
0
3.13
12.77
0
0.05
0
0
0
0
0
0
0
0
0
0
0
0
0.14
0.31
1.74
0.01
0.02
0
0.03
0
0
0
0
0
0
0
0
0
0.01
0
0
0
0
0
0
0.02
0
0
10.57
0.2
0.1
0.8
0
0
0
0
0
0
0.45
0
7.85
2.79
0.13
0.12
1.38
0.54
0
0.02
0.02
0
0
0
0.02
0.02
0
2.47
4.52
0.95
0.18
0.8
0.13
1.41
0.02
0.09
0.08
0.02
6.24
14.7
2.1
0.74
2.37
0.86
0.21
0.03
3.05
0.21
0.06
0.02
0.01
0
0
0
0.16
0
0
0
13.24
1.58
0
0
0
0
0
0.6
0.06
1.52
7.33
5.73
3.22
0.46
0.62
0.42
0
1.38
0.27
0
0
0.01
0
0
0.02
0
0
0.11
0
0
0
0
0
23.87
9.66
11.55
17.77
5.7
4.18
4.25
3.67
1.68
2.32
7.47
12.92
4.18
1.95
0.98
16.26
3.23
3.2
10.97
0.13
12.73
0
0
0.21
9.12
0.26
0.88
0.2
0.04
0
0.99
4.34
0.18
0.02
0.87
2.35
1.05
0
9.38
6.18
4.16
7.61
19.55
14.82
5.2
0.71
0
5.71
0.45
0
0.43
0
0
0
1.22
0.04
0.22
0.26
0
0.01
0.4
3.17
0.02
0
0
0
0
4.77
0.52
5.17
3.26
0
0
0
0
0
0
0
0
0.6
2.13
6.92
2.85
1.22
0.78
0
0
1
0.27
9.13
5.16
12.93
2.08
0
6.92
3.52
0
0
2.72
4.04
1.06
6.25
5.75
0
0
0.04
0
0
0
0
0
0
0
0
0
0
0
0
3.27
0.32
1.4
1.87
0.2
1.75
0
0
0
0.01
0
0
0
0
0
0
0.01
0
0.01
0
0.01
0
0
0
0
0
0.02
0
0
0
0
0
0
0
0
0
0
0
0
0
0.01
0.03
0.05
0
0.08
0
0
0.02
6.78
0
0
0.22
0
0.18
0.76
0
0
0
5.06
2.47
0
0.03
0
0
2.5
0.02
0.43
0.02
0
2.11
0.23
0.03
0.01
0
3.27
0
2.84
8.59
2.91
0.29
0.09
0.18
3.31
0.55
10.26
0.05
0
0.04
0
0
0
0
0.05
0
0
0
0
0
0
0
0
0
0
0
0
0.02
0
0.17
0.48
0.04
0.41
4.73
0.53
0
0.68
7.38
3.26
0
0.53
0.16
0
0
0.05
1.74
9.76
0.19
0.45
13.25
14.66
0
0.2
0
6.7
11.16
0.46
0.54
4.63
0
2.76
0.49
0
0.05
0.37
0.17
0.07
0.04
2.07
3.15
3.99
1.06
3.14
1.14
0.13
15.52
1.77
0
0.01
3.5
0.17
0
0
0
0.01
0
0
0
0
0
0.01
0
7.44
10.59
0.44
0.62
1.3
0.4
1.2
0.01
0
0
0
0
0
0
0
0
0
0
0
0
0
0
0
0
0
0.01
0
0
0
0
0
0.02
0.01
0
0
0
0.01
0.02
9.95
1.02
0.01
0.84
0.03
0.09
0
0
0.02
0
1.42
6.62
7.09
2.81
0
0
0
0.04
0
0
0
0
0
0.02
0
0
0
0
0
0
0
0
0
0
0
0
0
0
0
0
0
0.01
0
0
0.01
0.53
7.14
0
0.5
0
0
0
0
0
0
0
0
0
0
0
0
0
0.06
0
0
0
0
0
0
0
0
5.09
2.24
3.8
0
0.44
8.73
4.3
2.02
2.03
1.78
1.84
0.05
0
0
0
0.28
0
15.06
16.91
14.25
6.34
4
0.14
4.53
10.31
6.36
0.86
0.31
0
0
0.92
0
5.89
0.19
0
0
0
0
0
0.12
0
0
0
0
0
0
0
0.02
0
0.02
0
0
0.01
0
0
0
0
0
0
0
0
0
0.08
0
0.37
0.38
0.02
0.03
0.21
0
0
0
0
0
0
0.01
0
0
0
0
0
0
0
0.01
0
0
0.07
0
0.17
0
0
0
0.97
0.71
0.02
0
0
0
0
0
0
0
0
0
0
0
0
0
0.41
0.01
0
0
0
0
0
0
1.14
0
0
0
0
0
0.02
0
0
0
0
0
0
0
0
0
0
0
0
0
0
0
0
0
0
0.03
0
2.47
3.35
0
0
0
7.09
13.03
0
0
1.43
0.01
0
1.17
0
0
0
0
0.02
0
0
0.81
0
0
4.25
7.16
27.03
3.1
2.27
1.05
1.42
5.94
2
1.74
0
0.01
0
0.29
0
0
0.01
1.1
0
0
0
0
0
0
0
0
0
0
0
0.73
0
1.34
0.25
0.03
0.27
0.45
11.81
2.42
1
16.69
4.5
0.11
0.02
0
0
0
0.02
0.01
0
0.69
1.7
2.77
5.15
1.75
1.95
1.22
0
4.17
1.34
0.88
7
4.58
7.88
0.22
0
6.05
0
0.16
2.41
4.03
8.56
0.66
0.05
0.13
1.27
0.31
0.64
1.47
4.61
0.08
0.31
2.88
1.53
0.66
0.14
0.14
1.02
0.75
0.77
0.03
1.81
0.06
0
0.05
0
0.3
2.78
26.12
27.88
6.12
0
0.08
0
0
0
0
0
0
0
0
0
0
0
0
0
0
0
0
0
0.09
0
0
0
0.02
0.01
0
0.11
3.23
0.06
0.06
6.12
0.06
0
2.38
6.83
0
1.09
0.47
0
0.24
1.22
0.99
0.26
0
0.01
0
0
0
0.09
0
0
0
0.02
0
0
0
0.02
0.05
0
0
0
0
0
0
0
0
0
0.01
0
0.24
5.03
2.22
0.91
0.02
1.84
0
0
0
0
0
0
0
0
0.45
24.58
6.88
0.91
0
0.02
0
4.2
8.97
4.19
0
1.05
0.58
2.72
0.02
0.29
10.42
21.25
1.94
0
0.23
0
0.91
8.38
0.94
0.71
2.98
5.35
1.84
2.25
0.52
2.27
8.11
0.89
1.62
5.73
2.19
0.59
4.75
0.09
0.23
0
2.48
1.69
1.53
0
0.04
0.27
0
0
0
0
0
0
0
0.88
1.88
0.03
0.76
16.62
3.74
7.61
11.5
3.53
0
0
0
0
0
0
0
0.01
1.14
0
0.38
0
0
0
0.77
0.2
0
2.41
5.53
0.1
0.19
4.31
0
0
0
0
1.09
0.24
0
0.02
1.3
0.09
0
0
0
0
0
0.61
0.14
0
0
0
0
0
0
0
0
0
0
0
0
0
1.95
6.69
0
0.09
1.84
0.28
0
0
0.02
0
0
0
0
0.07
0.89
0
0
0
0.01
0
0
0
2.87
0.27
0
0
0
0
0
0
0
0
0
2.42
29.72
0
0
0
0
0
0
0.01
0
0
0.02
0
0.01
0
0
0
0
0
0
0
0
0
0
0
0
0
0
0
0
0
0
0
0
0
0
0.04
0
0.7
9.03
0
0.07
0.05
0.09
0.31
1.3
0
0
0
0
0
0
0
14.47
0.02
0
0
0
0
0
0
0
0
0
0
0
0
0
0
0
0.69
4.06
1.91
1.16
1.02
0
8.03
0
0
0
0
0
0
0
0.05
4.33
2.31
21.31
11.05
3.03
0
0.63
0.16
0
0
0
2.8
0.1
0.11
0.02
0.1
0
0
0
0
0
0
0.22
0
13.62
0.11
0
0.01
0
0.02
3.2
2.41
0.09
0.7
11.83
0.73
4.06
5.19
5.36
0
0.47
1.61
0.22
0.13
0
0
5.3
0.12
0.03
0
0.04
2.4
0.04
0.08
2.2
0.52
0.25
0
7.22
1.56
0.49
0
0.05
0.09
0.78
9
14.91
9.86
1.38
0.12
0.06
0.03
0.02
0
0
0
0
0
5.98
13.22
1.13
8.11
1.64
4.28
0.97
0.24
0.33
2.09
3.06
3.12
0.29
0.53
0.06
0.08
7.81
10.73
12
6.52
16.34
1.56
1.97
0.56
0.11
0.04
0
0.03
0
0
0
0
15.92
1.09
0.02
0
0
0
0
0
0.05
0
0
0.09
0.12
0.22
2.38
9.25
0.4
0.08
0.04
0
0
0
0
0
0
0
3.47
0
0
0
0
0
0
0
0
0
0
0
0
0
6.61
1.42
0.16
0
0
0
6.46
1.16
9.2
9.61
0.02
0.32
3.66
1.67
0.22
0
0.21
0.31
4.64
7.33
2.55
1.12
5.3
2.89
11.53
3.75
6.61
1.12
0.2
2.36
0.3
3.04
0
0.01
0
0.21
0.59
4.17
0
0.43
0.06
0.01
0
0
0.59
0
0
0
0.1
0
0
5.44
0.01
0
0
0.73
0.02
0
0.08
5.85
1.39
0.03
6.66
1.85
30.84
0
0
0
0
0
23.11
0
0
2.86
0
1.81
0.19
10.67
0
0.88
0.03
0.05
0
0
0
0
0
0
0
0.06
0.01
0
0
0
0
0.98
0
0
0
0
0
0
0
0
0
0
0
0
0
0
0
0
0
0
4.33
0
0
0
0
0
0.09
0.01
0.21
0
0
0
0.01
0
0
0
0
2.18
0.01
0
0
0
0.01
0
0
0
0
0
0
0.48
14.91
0
0
0
0.01
0
0.09
54.94
28.94
0
0
0
0
0
0
0
0
0
0.01
0.75
6.41
28.53
1.19
2.09
0
0
0
0.41
5
2.44
0
22.05
0
0
0
0
0
0
0
0
5.25
0
0
0
0
0
0
0
0
0
0
0
0.11
0.33
0
0
0
0
0
0
0
0
0
0
0
0
51.25
29.44
27.66
0.88
5.92
0.06
0
0
0
0
0
0
0
0
0
0
0
0
0
0
0
0.06
0.09
1.7
13
2.81
0.22
1.09
0.09
1.2
0
0
0
6.56
0.23
0.22
0
0.2
0
1.19
0
0
0
0.16
0.03
0.03
0
0
0
0
0
0
0.19
0.16
0
2.72
3.53
4.33
12.28
0.03
0
0.01
0.03
0
0
0
0
7.09
3.38
0
0
0
0.06
0.03
0
0
0
0
0
0
0
0
0.2
0
0
0
0
0
0
0
0
0
0
0
0
0
0
0
0
0
0
0
0
0
0
0.04
0.61
3.73
0.33
0
0
0
0.06
2.11
0.01
0
0
0
0.13
1.57
1.2
0
0
0.01
0
11.3
0.59
0
2.05
1.88
0.09
0.26
2.95
18.2
9.78
3.78
4.44
0.47
0.41
0.25
0
0.25
2.66
5.81
2.78
2.09
1.5
1.36
1.19
0.02
0
0.88
8.83
0.3
0.05
0
0
0
0.17
0
0.05
0
0
0
2.91
1.44
0
0.02
0
0
0
0.78
6.3
0.53
0.44
15.53
6.28
0.36
2.18
7.96
4.79
2.6
0.03
1.79
0
1.86
3.44
0
0
0
0
0
0
0
0
0
0.01
1.15
0.92
0.01
0.45
0.01
0
0
0
0
0
0.19
0
0
0
0
0
0
0
0
1.93
0.05
0
0
0
0
0
0
0
0
0
0
0.01
0.14
5.56
0.09
0.26
0
0
0
0
0
0.01
0
0
0.05
0
0
0.72
0
0
0.04
0
0
0.39
0
0
0
0
0
0
0
0
0
0
0
0
0
0
0
0
0
0
0
0
0
0
0
3.12
0
0
0.65
0.01
0.8
0
0.2
0
0
0.01
0
0.01
0.05
1.69
0
0
0
4.84
0
0
0
0
0
0.01
0
0
0.58
0
0.08
0
0
0
0
0
0
0
0
0
0
0
0
0
1.63
3.31
2.67
0.8
0.2
0.48
0.69
0
3.95
3.88
0.04
0
0
0
10.19
1.01
0.21
0
0.52
0.02
0
0
0
0
0
0
0.25
2.77
0.04
10.44
8.94
0
0
0
0
3.05
0.44
0
3.22
6.09
0.75
0.47
3.91
0
0
0
0
0
0.28
0.02
1.23
0.48
0
2.45
0.48
0
0
0
1.44
2.59
0.59
0.12
11.06
0.69
3.09
5.58
3.14
3.27
2.97
0
3.41
13.2
7.03
1.39
3.54
0.27
0.14
4.78
0
0
0
0
0
1.29
5.06
1.94
0.27
2.59
15.59
11.03
7.84
8.77
27.97
49.78
7.11
2.09
1.47
0.52
1.23
0
4.66
0.05
0.16
0.03
0.03
0
0
0
0
0.08
0.02
0
