19510101
24.14
8.56
0.46
0.01
0.01
0
0
0
4.96
1.67
3.35
2.86
4.82
0.47
0.04
0
0
0.25
0.01
0
0.01
0.09
2.19
7.05
3.29
8.24
9.28
3.56
0
0.01
0.04
0.01
0.34
5.93
16.05
2.12
7.54
4.48
2.41
1.71
8.08
7.88
6.92
1.05
4.41
1.88
0
0.84
2.7
0.79
5.77
0.89
3.93
10.99
0.88
0
0.01
0.01
0.02
0
0
1.41
2.75
7.8
1.04
3.2
3.38
9.52
17.6
8.31
12.82
15.53
10.28
4.91
0.68
2.01
0.63
0.02
0
0
0
0
0
0
0
0.02
0.08
0.01
0.02
0.02
0
0
0
0
0
0
0
0
0.44
6.68
0.73
0
0
0
0
0
1.23
0
0.37
2.49
0
4.71
7.98
2.97
6.28
3.92
10.27
6.32
7.11
22.29
6.63
2.27
0.48
0.18
4.35
8.6
1.55
2.01
0.98
0.66
1.24
0.48
0.02
0.02
0
0
0.32
2.01
0.06
0.45
0.09
0.02
0.02
0
0.47
1.96
0
2.85
11.96
0.4
0.2
0.11
0.36
12.13
0.53
3.86
0.72
4.81
0.38
0
0.03
0
0.06
0
0.18
0.48
0.34
1.35
0.31
0
0.18
0.2
0.36
0.01
0
0
0.26
0
0
0.25
3.59
2.22
0
0
0.73
0
0.16
1.21
0
0
0
0
0
0
0
0
0
0
0
0
0
0
0
0
0
0
0
0.02
0
1.86
6.14
1.8
4.7
9.88
0
0
0.01
0
0.02
0
0
0
0
0
0.02
0.01
0.02
0
0.01
0
0
0
0.01
0
0.36
18.84
0
0
0
0
0
0
0
0
0
0
0
0.54
0
6.83
4.02
0.57
7.67
9.84
4.79
5.84
0.44
0
0
0.02
0
0
0
0.31
7.18
30.27
0.93
0.02
0.01
0
0.04
0
1.21
9.96
10.66
2.7
0
0
0
0
7.56
10.58
1.37
1.09
4.77
0.96
2.68
0.05
0.01
0
0.48
0.12
1.89
0.13
0
0
0
0.02
0
1.48
1.7
3.49
6.14
0
0
0
0
1.54
8.77
7.25
10.07
14.25
14.45
3.27
4.75
6.25
3.03
0.34
0.95
1.07
6.64
17.63
6.21
1.2
0
0
0.06
0.02
0.02
0.01
0
0.01
0
0.08
0
0
1.51
3.14
0.01
0.12
0
0
0
0
0
0.41
0.01
0
0.6
0
0.01
0.03
0
3.5
4.26
0.68
1.82
0.6
2.26
2.18
4.31
0.43
0
0.03
0
0
0
0
0.01
0.01
0
0
0.02
0.01
0
0.02
0.85
0.22
0.03
0
0
0.06
0.13
0.13
0.07
0.66
0.53
5.77
7.14
8.77
19.31
8.13
1.82
0.9
0.11
1.47
0.39
0
0.01
0
0
0
0.01
0
0
0
0.34
7.98
5.17
0.87
0.25
0.01
0.08
0.47
0.09
0.01
0
0
0.84
3.3
0.01
0.55
1.16
0
0.14
0.09
0.14
0.79
0.13
0.05
0
0
0.38
3.16
2
7.93
1.27
0.14
3.27
1.14
5.66
2.75
2.09
0.32
0.05
0
0.13
0.26
0.46
0
1.71
5.91
10.45
9.33
7.54
8.1
8.21
1.89
0.99
0
0
0.02
0
0
1.18
15.26
14.22
5.3
10.77
2.51
0.03
1.08
0
0
0.01
0.28
0.11
3.09
0.08
0.01
0.01
0
0
0.05
1.14
5.7
5.85
6.38
14.63
4.41
2.61
0
0
0.34
0
0
0.21
0
0.01
0.99
0.2
0
0.56
7.57
2.08
3.48
1.31
5.65
4.02
0.66
0.02
0.65
1.33
0.42
2.14
5.43
0
0.05
0.02
0
0
0
0.02
0
0.43
1.61
6.77
0.16
0
0
0.01
0.15
0.95
4.63
0.06
0
0
0.42
0
0
0.64
4.34
0.46
0.79
0.23
0
0
0.41
4.98
4.38
12.13
0
0
0
0
0
0
0.05
0
0.8
9.63
0
0
0.05
0
1.52
0.14
0.27
1.72
0.57
0.46
5.03
3.47
6.77
1.16
6.84
5.8
5.95
0.38
0.02
0
0
0.12
0.59
0
0
0.14
0.01
0
0
0
0
0
0
0
0.4
0
0.02
1.64
0.19
0
0.01
0
0.6
17.87
34.36
5.66
0.24
0
0
0
0.01
0
0
0
0
0
0.4
0
0
0.53
2.91
1.59
7.42
7.05
0
0
0
0
0
0.01
0
0
0.01
0
0.57
0
0.4
1.15
0
0
0
0.07
0
1.8
0
0
0
1.68
0.8
1.11
1.17
0.53
1.16
0
0
5.01
13.14
1.11
4.2
2.41
0.1
1.63
5.57
0.72
0.01
0.78
1.04
0
0
0
0.69
0
0
0.01
0
0
0.01
0.01
0.01
0
0
0
0.34
0.36
0.46
2.71
3.83
1.02
1.05
0
0
0
0.89
3.44
0.66
0.55
3.54
5.67
22.66
2.32
4.63
0.45
0
0
0
0
0
0.77
0
0.01
3.58
3.8
2.89
0
1.21
5.1
1.35
0.08
0.14
0
0.59
0.17
0.31
0.36
0.46
6.98
2.69
2.45
0.23
0.29
0.56
3.55
1.15
0.21
0.82
0.36
0.42
0.83
0.02
0.14
0.29
0
0
0
0
0
0.05
0.02
0
0
0
0
0.25
0.48
0.18
0
0
0
0
0
0.15
0
0
0.89
4.27
8.55
5.42
0.71
0
0.36
3.69
0.3
0.17
0.84
1.6
0.15
0.1
0
0.02
0
0.15
0.02
0
0
0
0
0
0.15
0
0
0
0
0
0
0
0
0
0
0
0
0
0
0.27
0.01
0.1
0.17
1.26
1.77
0.22
0.02
0.13
0
0.36
0
0
0
0.12
0.16
0
0
0.03
8.8
1.25
0.13
0
0.16
0.34
2.95
1.47
0.12
0.02
0.36
0
0
0
0
3.83
23.23
16.11
5.64
1.11
8.08
0.92
2.93
1.69
7.63
0
0
0
0
0
0
0
0
0
0
0
0
0
0.02
0
1.7
7.1
0
0
0
0
0
0
0
0
0
0.12
0.66
0.84
0.19
0
0
0
0
0
0
0
0.17
0.01
0
4.91
0
0.44
0.05
0.06
0
1.93
0
0.01
0
0.5
1.99
0
10.86
0
0.94
0.59
0
1.24
0
12.74
13.29
11.2
11.59
0
0
0.33
2.11
1.54
4.2
0
0
0
0
0.07
0
0
0
0
0.4
0
0
0
0
0
0
0
0
0
0
0
0
0
0
0
0.01
0.45
0.98
0.05
0
0
0
0
0
0
0
0
1.46
0.12
0.79
0
0.01
0.01
0
0
0
0
0
0.14
0
0.07
0.04
0
0
0
0
0
0
0
0
0
0.73
2.94
0
0
0
0
0
0
0.06
0.06
0.03
0
0
0
0
0
0
0
0
0
2.65
15.76
0.28
0
0
0
2.17
0.69
9.09
4.48
1.52
0
4.53
0
1.06
3.55
10.71
7.35
6.52
4.02
3.98
0.84
0.61
0.13
1.41
0
0.07
0.83
0.32
0.82
1.81
0.99
2.24
0
0
0
1.29
5.3
0.65
0
0.41
0
0
0
0
0
0
0.04
0.41
0.53
0.17
0.12
0.08
0
0.4
0
0.04
0
0
0
0
0.16
0.13
0.96
0.09
0.01
0.29
0.51
0.34
2.25
10.52
1
3.29
10.35
3.32
0
0.04
0.29
0
1.34
3.39
1.9
0.48
3.23
4.45
1.66
0.41
0
0
0
0
0
0
0.01
0
0
0
0
0
0
0.02
0.34
0.23
0.38
0.8
0
0
0
0
0
0
0.02
0.01
0
0
0
0
0
0
0
0
0
0.05
0.13
4.27
5.33
4.73
1.98
0
0.25
0
1.86
1.79
0.79
0.05
0.57
0.38
1.78
8.62
0
2.74
6.14
2.89
0.42
0
0.01
0.15
0
0.01
0.01
0.01
0
0
0.32
0.74
0.23
0
0
0
1.55
5.27
0
1.81
11.88
9.28
3.54
1.98
7.17
6
4.3
2.73
0.4
2.31
2.24
1.25
0.58
0.05
0.27
3.52
1.81
0
0.67
0.27
0.11
0
0.33
1.52
2.26
0
0
0
0
0.39
0.04
0
0
0
0.3
0.18
0
0
0.01
0
0.01
0
0
0
0
0
0
0
0.11
0.66
11.19
2.09
7.16
5.73
0.02
2.86
0
0
0.02
0
0
0
0
0.27
5.25
0
3.26
3.68
31.11
8.83
2.59
0.28
0.03
0
0
0
0.05
0.02
0.01
0
0
0.06
0
0
5.1
2.65
9.5
30.89
2.09
0
0
0
0
0.71
0.63
0
0
0
0.07
0
0
0
0
0
0
0.2
0
0
0
0
0.03
0.06
0.02
0.01
0.04
0.04
0.03
0
0
0
0
0
0
0
0.12
0.01
0.01
0
0
0
0
0
0
0
0.01
0.07
1.82
2.04
0.14
0
0
0
0
0
0
0
0
0
0
0
0
0
0
0
0
0
0
0
0
0
0.72
0
0
0
0
0
0
1.43
0.82
0
0
0
0
0
0
0.01
0
0
0
0
0.05
0.6
0.36
0
0
0.02
0.02
0
0
0.01
0
1.11
1.3
0
0.01
0
0
0
0
0
0
0
0.04
0
0
0
0
0
0
0
0
0.7
0.1
0
0
0
0
0.02
0
0.01
0
0
0
0
0
0.03
0
3.84
0.17
0
0.06
0.5
0.15
0.1
0
0
0.2
0
1.7
2.3
0.52
0.06
0
0
1.09
14.6
7.54
2.53
0.59
0
0
0.01
0
0
0
0
0
0
0.78
0.36
1.99
4.77
0
0.29
2.61
6.12
1.41
11.55
11.61
1.8
1.05
0
0
0
0.02
0.04
7.62
2.65
1.09
0.05
0
0
0.02
0
0.01
0
0
0
0
0
0
0
0
0
0
0
0
0
0
0.01
0.19
5.9
11.8
9.93
9.05
4.99
4.88
2.66
11.8
1.07
1.61
0.11
0.72
0.48
3.8
2.35
11.59
12.55
4.3
0.73
3.14
1.76
0.86
0.01
0.84
0.18
1.09
0.69
3.84
6.05
6.72
7.13
32.54
5.04
0
0.13
0
0
0
0.02
0.01
0.09
2.04
1.91
0
12.05
21.62
10.42
5.71
3.75
0
0.21
4.03
3.34
3.03
3.74
1.98
0.34
0.02
0
0.02
0
0
0.03
0.02
0.16
0.08
3.35
1.97
0.33
0.46
0.55
0
0
0
0
0.07
2.5
7.18
3
0
0
0
0
0
0.01
0.02
0.08
0
0.06
0
0
0.01
0
0
0
1.84
1.19
0
0
0
0
0
0.02
0
0
0
0
0.08
3.57
8.94
7.79
4.97
11.11
0.45
0
0
0.04
1.28
0
1
3.51
0.35
0.04
0
1.68
0.11
0
0
0
0
0
0.08
0
0
0
0
0.24
0
0.38
4.74
0.89
2.21
3.67
1.41
1.83
0
0
0.59
3.19
2.38
2.2
3.38
1.14
0
1.92
4.24
1.43
4.28
1.8
0
0
0
0
0
0.08
5.19
8.27
5.86
1.44
0.58
0.01
5.13
0.36
6.52
0.62
0
0.07
0.02
0
0
0
0
0
0
0.01
0
0
0
0
0.21
0.01
0
0
0.01
0.02
0.13
0.16
0.25
1.58
4.12
2.38
3.84
2.11
2.46
0.01
0
3.09
0.03
0
0.83
0
0
0
0.2
3.7
5.76
0.8
0
0
0.02
0.02
0.32
0
0
4.49
0
0.29
0
0.02
0
0.91
0
0
0.72
0
0.14
4.11
4
0.38
0
0
0.05
0
0.91
1.22
0.22
0.06
0
0
2.21
0
0.12
0
0.16
0
0
0
8.89
2.29
8.33
0.25
0.2
0
2.37
0
0
0
0
0
0.53
0
0.07
0.27
6.58
10.47
5.15
1.01
0
0.01
0
0
0
0
0
0.02
0
0
0.89
1.77
0
1.94
10.57
0.29
0.02
0
0
0
0
1.62
14.4
19.36
14.71
8.24
2.96
0.2
1.3
7.2
0
0
3.09
2.19
0.16
0.52
4.37
3.46
0
0.05
0.04
0
0
0
0.01
0.14
0.81
1.52
8.66
0.35
0.93
0.09
0
0
5.73
12.6
11.44
0
0.05
0
0.01
0
0
0
0
0
1.23
2.99
20.21
24.84
19.54
15.61
3.86
4.67
4.27
9.02
4.16
0.34
0.18
1.14
0.02
0.02
0
0
0.09
1.16
0
0
0
0.04
0
0
0
0.02
2.85
4.97
1.01
1.8
11.21
2.64
2.49
5.71
12.91
3.42
5.84
2.19
2.38
0.31
0.08
0
0
0.03
0.02
0
0
0.31
7.79
0.8
0.4
0.05
0
0
0
0
0
0
0
0.01
0.01
0.11
0
0
0
0
0
0.12
0
1.41
2.96
3.87
9.14
4.65
0.59
0.14
0.04
0.01
0.01
0
0
0
0
0
0
0
0
0.82
0.08
0
0
0
0
0
0
1.32
8
8.13
7.07
6.41
10.88
17.96
2.67
8.27
3.03
7.22
25.98
23.52
9.37
3.41
0
0
0
0
0
0.11
0
0.59
0.71
0.71
2.31
0.07
3.42
7.78
4.96
2.59
1.82
0
0.45
1.56
3.69
3.22
9.66
1.29
1.09
5.32
2.8
7.37
1.3
0
0
0
0
0
0
0
0
0
0
0
0
0
0.03
0.03
0
0
0.34
1.86
1.99
19.66
12
14.97
6.92
4.77
28.9
20.31
4.46
0
0
0.15
0
0
0
0
0.01
0
0
0
0
0.03
2.73
0.24
0.01
0.68
0
0
0.02
0
0
0
0.09
0.01
0
6.9
0
9.55
1.2
0.43
5.18
0
0.38
0
0
0
0.01
0
0
0
0
0.01
0.02
0
0
0
0.01
0
0.88
0
0
0
9.86
25.56
3.03
0
0
0.02
0
0.02
0.03
0.5
2.71
0
0.05
0.13
0.02
0
0
20.13
8.32
0
0
0
0
0
0
0
0
0.03
0.57
0
0
0.1
0
0
0
0.01
0
0
1.18
0
0
0
0
0
0
0.06
0
0
0
0.08
0.01
0.01
0
0
0
0
0.13
0.2
0
0.54
0
1.75
27.22
12.59
2.05
26.68
13.98
2.29
0.14
0
0
0
0
0
0
0
0.3
0
0
0
0.01
3.8
7.38
1.76
0.02
0.42
5.55
2.74
0.43
0
0
0
0
0.04
1.53
0.15
0.14
0
0
0.15
0
0.09
0.74
3.03
0
0.17
0.68
0
0
0.12
0.54
2.98
4.69
0
0.02
0.52
0.45
0.01
0.01
0.38
1.91
0.15
3.25
5.67
0.92
0.37
0
0.29
0.02
0.01
0.22
0.17
0.1
0.46
0
0
0
0
0
0
0
0.18
0
0
0
0
0.03
0
0
0
0
0
0
0.19
0.34
0.28
0
0
1.27
1.62
1.48
4
3.59
9.93
5.45
2.77
0.32
0
0.01
0
0
0
0.27
0.55
0.25
0
0
0
0.43
4.09
0
0
1.68
2.43
0.07
0.02
0.16
2.31
2.95
0.84
0.36
0.02
0.02
0
0
0.01
0.01
0
1.41
0.44
0
0.24
0.36
1.18
1.61
0.45
0.01
0
1.28
4.16
14.85
15.48
12.33
1.42
0.04
0.79
0.08
0.05
0
0
0
0.03
0
0
0
0
0.02
0.61
2.08
3.38
0.38
0
0.65
0.55
0.32
0
0
0
0.96
0.61
0
0.23
0.58
0.18
1.17
4.52
3.34
2.05
7.61
1.47
0
0.2
0
0.35
3.14
0.99
0
0
0.38
0.02
1.91
0.46
0
0
0.23
0
0.44
0
0
0.82
3.11
10.13
4.29
0.01
0
0
0.49
1.38
1.13
1.28
5.63
4.5
5.16
11.7
5.64
11.78
7.61
1.23
8.41
3.32
0
1.56
10.55
6.46
7.34
3.51
0.62
1.38
0.49
0
0
0
0.36
0
0.32
0
0.57
0
0.57
4.32
13.18
5.66
6.59
6.11
3.74
1.66
2.52
6.42
2.95
0.95
0.18
0
0.01
3.37
23.46
3.96
0.59
0.07
2.58
12.5
3.76
1.03
7.15
12.84
11.3
0.38
0.25
3.37
9.87
1.09
0.01
0
0.68
0.01
0
0.01
0
0.21
0
0.07
0.83
0.5
0.38
0.05
0.04
0
0
0.27
0
0.01
0
0.61
0
0
0.5
0
0
0
0.55
0
0
0
0.94
0
0
0
0
0.28
0.18
0.2
0.02
0.05
0.77
0.02
0.02
0.44
0
0
0.65
0
0.58
0
0.8
0
0
0
0
0
0
0.13
0.01
0
0
0.98
0.18
2.87
0.9
7.44
1.53
0.03
0
0.27
0
0
0.66
0.24
0.54
1.13
0
0
0
0.6
0
1.24
8.83
1.48
7.53
11.21
1.71
0
0
0
0.13
0
0
0
0.25
11.01
21.84
47.74
10.12
0.07
0
0
0.32
0.01
0
0.73
1.35
1.45
2.84
7.07
7.49
1.07
0
2.64
4.42
1.85
0.09
0.18
0
0.01
0
0.35
0
0
0.52
0.02
0.12
1.59
0.57
0.4
1.66
5.57
11.24
3.52
9.11
1.12
0.67
0.2
0
0
0
0.2
0
0.11
0
0
0
0
0.58
0.23
0.41
0
0
0.13
0
0
0
1.16
0
0
0
1.02
0.01
0
0
0.61
3.86
8.21
4.35
0.78
0.16
1.02
0
0
0
0.57
0
0
0.6
5.9
2.2
1.11
0.8
0.02
0
0.01
0.02
0.23
0.87
0.86
0.35
0.2
0
0
0
0
0.02
0
0.52
0.01
0.04
0.04
0.06
0
0
0
0
0
0.01
3.36
2.74
1.32
2.95
2.06
3.85
12.14
14.63
3.1
1.74
0.16
0
0
0
0
0
0.16
0.43
1
7.27
3.72
2.64
3.74
1.03
0
0
0
0
0
0
0
0.4
0.02
0.24
0.13
0.05
0
0.01
0
0.77
0.12
0
0
0
0.39
3.17
0.97
3.57
1.28
1.49
0.05
0.02
0
1.29
2.22
0.95
1.6
0.18
0.26
0.15
4
12.55
4.31
3.17
2.5
5.62
7
3.77
7.32
0.85
4.21
5.68
4.52
1.24
3.48
0.92
0.07
0
0
0.08
2.35
8.1
4.92
0.38
0.03
0.04
0.02
0
0.18
1.24
0
0
0
0
0
0.1
0
0
0
0.02
0
0
0.02
0
0
0.12
0.39
2.9
2.55
1.32
10.67
18.72
1.83
0.02
0
0
0
0.01
0.55
3.52
0.68
0.01
0.02
0
0.11
0.02
0
0
0.01
0.01
0
0.3
0
0.01
0.02
0.01
0.05
2.22
3.09
0
0.01
0.01
0
0
0
1.04
19.69
36.52
20.73
0.44
0.11
0.32
0.31
0.18
1.21
1.89
0
0.22
1.66
1.33
2.16
0
0
0
0.12
0.02
0
0.02
0
0
0
0.02
0
0
0.05
0.02
0
0
0
0
0
0
0
0
0
0
0
0
0.01
0
0
0.33
11.14
0
0
0
0
0
0
0
0
0
0
0
0
0
0
0
0.01
0.03
0.45
1.02
0
0
0
0
0
0
0
0.06
0.5
0.08
0
0
0
0
0
1.75
1.65
0.14
0.69
0.6
1.99
1.06
0.5
0.9
0
0
0
0
0
0
0
0
0
0
0
0
0
0.01
1.18
10.68
0.51
0.2
2.38
1.35
3.39
2.34
0.94
0
0.23
0.18
0
0
0
0
0
0
0
0
0
0
0
0
0
0
0
0.87
0.33
0.12
0.13
1.38
7.11
0.86
0.08
0
0
0
0
0
0
0
0.02
0
0.94
0.57
0.43
0.01
0.01
0.05
0.04
0
0
0
0.02
0
0.02
0.68
0.04
0.76
0.51
0.42
0.86
2.41
5.71
15.28
10.44
12.73
6.46
2.96
3.5
1.48
0.84
1.05
3.87
19.03
8.22
12.2
7.44
6.06
19.03
12.02
5.29
8.77
7.63
1.36
0.48
1.59
1.37
0.81
1.32
0.47
0
0
0.42
0
0.02
0.02
0.04
0.05
0.05
1.84
6.3
3.8
2.37
0.31
0.52
9.19
6.63
0.48
0.04
0.3
0.14
3.07
0.57
1.39
0.64
0.13
0
0
0.17
0.14
0
0
0.23
0.46
2.51
10.55
4.58
0.41
0.23
0.6
0.14
0
0.25
0.22
0
0
0
0
0
0
0
0
0
0
0
0
0
0.09
0.06
0
0.41
2.71
6.11
16.13
2.39
8.47
6.48
0.9
12.39
8.84
3.5
11.89
2.74
0.04
0.01
0
0.01
0.45
0.66
0.43
8.66
6.71
1.29
4.97
2.27
0.44
0
0
0.1
0.16
0
0
0
0.22
1.3
3.28
0.09
0.23
0.7
0.23
0.02
0.02
0.15
1.13
12.44
2.97
4.81
2.31
0
0.07
0
0.23
0.68
0.63
8.73
1.71
0.64
0
1.18
0.16
3.86
0.33
0
0.56
0.39
5.35
5.02
9.4
9.57
1.14
1.86
0.91
0.25
0
0.03
0
0.03
0
11.1
1.27
6.2
8.36
4.62
1
1.48
2.71
0.4
1.37
8.34
10.22
0.31
0.46
0.02
0
0.09
0.54
3.46
5.11
8.58
1.75
0
0
0
0
0.91
3.96
1.45
0.02
0
0.09
0
0.01
0
0.01
0.02
0
0.99
1.89
0.58
0
0
0
0
0
0
0
0
0.48
0.21
0.02
0.02
0.41
0
0
2.13
6.36
0
0
0.18
1.36
16.9
0.61
0
0
0
0
0.02
0.02
0.03
0.61
0
0
0
0
0.71
4.21
6.88
2.26
4.84
0.93
0.61
0.2
0.01
0.03
0
0
0
0
0.01
0.07
0
0.01
0
0.01
0
0
0.14
0.52
2.86
0
1.52
3.45
10.43
1
0.59
2.04
1.03
2.1
12.62
1.57
0
0.06
0.34
0.1
2.4
8.57
5.26
0
0
0.02
1.01
0
0.3
2.67
2.83
1.65
3.15
1.53
0.75
0.38
0
15.93
10
16.58
1.97
0.63
0.88
3.44
10.43
1.06
0.18
0.34
0.96
1.8
0.26
0
0
0
0.13
8.65
12.39
3.28
5.98
4.68
0.66
0
0.02
0.04
0.05
1.93
7.45
7.89
2.5
0.68
0
0
0.31
0.68
0.02
0
0
0
0
0
0
0
2.46
2.16
0.72
6.53
1.93
12.55
4.71
2.02
7.32
18.75
3.58
0
0
0
1.19
4.07
2.16
2.52
13.73
14.1
0.43
2.24
1.7
0.89
2.4
3.66
5.96
8.67
15.35
6.09
2.94
0.43
1.02
1.57
3.73
0.63
0.45
0.77
1.52
0.17
0.37
3.29
2.55
3.51
5.1
2.67
5.05
0.79
0.27
0.54
0.23
1.07
0.78
0.8
0
0
0.12
0.02
0.05
3.05
8.5
11.45
3.76
2.42
1.71
0.61
0
0.62
5.35
1.84
0.54
0.98
2.37
4.37
12.46
16.26
22.03
13.05
3.05
2.35
0.54
0.26
0
0.24
0.14
2.04
10.94
4.85
0.21
0.2
1.81
10.87
4.09
5.17
9.06
5.24
2.29
9.2
5.42
6.46
3.01
3.07
11.44
4.54
0.1
0.31
0.26
0
0
0.34
0
0.01
0
0
0
0.09
2.03
2.75
9.03
3.83
2.22
2.13
6.23
6.26
10.14
3.54
0.11
0
0
0
0.01
0
0.33
2.26
7.9
6.36
6.13
3.52
1.72
0.04
0.82
0.06
0
3.52
0.74
0
0.52
0.01
0.22
0.07
0.04
0
0
0.01
0
0
0
0
0
0
0.53
1.16
0
0
0
0
0.05
0.31
0.54
0.1
0.11
0.58
12.95
0.08
0.2
0
0.02
0.03
0.81
0.01
0
0
0.06
0.28
0.34
1.31
4.45
6.78
10.79
1.72
0.16
0.29
0
0.46
0
0.01
0
0.27
1.93
0
0.18
3.81
30.43
0.86
0.19
0.88
2.8
9.32
8.16
1.51
2.26
0.7
0.22
1.04
4.64
0.46
0
0.52
0
0.03
0.03
0.01
0.03
0.03
0
0.06
0
0.01
0.01
0
0.98
2.12
0
0.4
0.3
0
0
0
0
0.02
0
0
0
0
0.01
0.34
0
9.77
2.96
0.46
0
0
0.8
0.63
0.02
0
0.02
0.02
0.05
1.21
5.35
8.27
0.29
0.01
0
0
0.01
0.01
0
0
0
0
0.52
0
0
0
0
0
0
0
1.69
1
0
0.01
0.01
0
0
0
0
0
0
0
0.01
0
0
0
0
0
0
0
0
0
0
0
0
0
0.02
0.23
3.85
2.64
1.76
7.09
1.53
0
0.01
0.33
0.87
0.27
0.52
5.38
1.7
0
0.06
3.62
2.57
6.63
20.28
11.78
15.87
14.52
1.66
1.14
0.93
0.96
0.2
0.2
7.54
13.3
3.41
0.5
2.66
0.16
3.57
11.8
6.04
9.92
13.65
13.02
8.64
2.9
2.9
14.86
18.67
10.41
7.41
1.15
4.11
1.05
4.55
6.8
1.28
0
0
0
1.04
4.05
3.8
1.94
0.02
0
0.39
0.28
0.22
0.16
0
1.8
12.42
5.43
0.52
0
0.02
0.02
0.02
0.5
0
0.11
2.45
0.75
0.42
2.89
6.36
6.54
12.19
0.46
0.07
0.52
0.19
1.75
3.84
2.29
1.08
0.09
0.06
0.02
1.87
1.19
0.07
0.06
0.61
0.13
0.88
2.26
6.86
2.82
2.06
2.38
4.65
1.16
2.06
5.44
1.39
0.23
0.77
0.63
0.46
2.08
1.39
0.46
0
0
0.04
0.61
0.05
0.02
0.69
2.32
1.46
4.57
4.63
2.29
2.75
1.78
0.43
0
0.7
0.85
0.07
1.16
0.07
0.02
0
0.39
0.01
0
0
0.63
0
0.01
0
0.01
0.56
0
0
0
0.22
0.79
4.31
2.16
0
0
0.49
0.52
0.07
0
0.16
0
0
0
0
0
0
0
0
0
0.01
0
0
0
0
0
0
0
0.01
0.38
1.39
0.14
0
1.02
0.56
0.01
0
0.23
0
0
0
0
0
0
0.01
0
0.04
1.6
11.2
7.95
5.85
4.12
3.45
0
0
0
0.12
1.09
7.48
3.77
2.35
0
0.7
2
9.12
2.93
0.03
0.01
0
3.56
5.11
1.49
0.03
0
0
0.15
0.8
3.27
0.43
0
0
0
0
0.01
0
0
0
0.18
0
0.3
0
0
0
0
0.02
0.84
2.7
1.11
2.13
4.22
9.03
5.47
15.81
4.09
4.62
1.76
0.04
0
0.07
0.84
0.36
0
0
0.04
0
0.5
0
0.01
1.27
0
0.7
0.79
0
0.46
5
0.44
0.41
1.57
7.14
1.52
0.41
2.07
0
0
0.57
0
0
0.04
0.01
0
0
0
0
0.02
0
0
0
0
0
0
0.32
0.01
0.01
0
0.26
0.05
0
0
1.15
1.35
0.8
0
1.48
7.87
11.42
1.72
8
0
0.16
0
0.02
0
0
0.78
0.05
0
0
0.87
1.5
0
0
0
0.01
0.04
0
0
0.65
0
0
0.03
0.02
0.01
0.1
0
0.05
0
1.49
4.48
16.03
3.14
0.48
0.01
0.09
0
0
1.75
0.25
0
0
1.13
0.65
0.43
2.71
33.43
5.88
0.61
0
0
0
0
0
0
3.37
19.18
10.11
1.95
0.18
0.14
0.82
0
1.87
8.14
2.02
0
0
0.21
0
0.57
1.42
5.88
11.3
0.7
0.39
0.2
0.01
0.04
0.01
0.34
0
0
0.05
0.59
0.04
0.44
6.76
1.63
1.69
1.07
2.52
0.35
0.38
0.4
0.32
0.23
1.05
2.05
3.27
8.2
3.18
1.73
3.66
11.44
6.11
7.21
0.33
4.55
16.65
14.77
15.68
4.57
7.03
13.39
8.28
10.5
31.84
3.75
0.28
0
0.38
0.87
0.25
0.25
0
0.5
0.22
0.07
0.67
0.16
0
0
0
0
0
0.73
0.36
0
0
0.48
2.52
2.03
5.45
9.44
6.71
2.38
1.49
3.67
6.83
7.52
2.56
9.65
5.61
1.57
0.23
0.23
0.36
0.37
1.29
2.34
1.41
1.56
1.99
5.46
1.7
1.07
8.33
8.16
1.36
0
0.01
0.01
0
0
0.01
0
0.01
0
0
0
0
0
0.04
0.04
0
0.01
0.54
1.26
3.32
0.02
0
0
0
0
0.5
0.16
0.15
0
0
0
0
0
0.05
1.68
5.85
7.18
5.7
9.52
2.36
2.49
9.26
7.02
3.89
1.49
0.84
3.83
8.71
4.84
2.82
1.29
1.28
0.08
0
0
0
1.02
1.88
2.65
0.24
0
0
2.66
13.35
6.38
0.4
0.21
0.55
0.05
0.02
0.27
0
0
2.1
0.01
0
0.16
0.14
1.23
0.65
1.39
0.04
0.96
1.97
0.05
0.83
5.88
8.07
1.75
0.36
0.95
2.97
0.34
2.23
10.75
3.09
2.05
1.07
0.99
4.15
3.61
3.18
0.09
0
0
0
0.01
0
0.02
0
0
1.86
1.42
0.85
0.09
0
0
1.34
5.34
2.96
0
0
0.05
0.01
3.37
22.92
16.45
4.34
2.18
6.87
10.15
3.13
0
0.2
0.93
0.52
0
0.1
0.15
0
0
0
0.91
10.77
6.71
0.85
0.16
0
0
0
0
0
0
0
0.13
0
0.79
2.27
4.51
1.63
0
0
0
0.02
0
0
0
0
0
0
0
0
0
0
0
0
0
0
0
0
0
0
0
0
0
0
0
0
0.01
0.09
0
0
0.02
0.29
0
0.02
0
0
0
0
0
0
0
0
0
0.01
0
0.01
0
0
0
0
0
0
0
0
0.05
0
0.02
0.06
0
0.01
0
0
0
0
0
0
0
0
0
0
0.05
0.05
0
0
0.82
0.49
0.17
0.07
0.03
1.42
1.18
1.96
0.01
0.35
1.08
4.67
12.03
8.18
3.65
1.79
1.09
0
0
0
0.6
0.04
0
0
0.01
0.11
0.4
1.15
2.56
5.13
12
8.71
3.48
3.02
2.52
1.08
0.06
0.78
0.77
0
0.11
0.79
3.84
7.23
2.23
0.1
0
0
0
0
1.16
3.79
4
3.98
3.3
0.24
0.8
1.17
0.66
1.21
1.79
1.35
0.33
0.35
0.02
0.51
0.97
1.21
1.91
3.61
1.08
0.04
0
0
0
0.01
0
0
0
0
0.19
0.08
0.24
0.02
0.16
0.09
0.27
0.01
0.07
0.8
0.63
0.71
0.23
0.16
0.01
0.1
0.2
0.04
0.01
0
0
0.38
0.44
1.6
4.8
17
20.19
15.05
9.52
2.59
7.48
7.91
3.41
3.22
8.09
6.91
3.89
3.52
3.98
4.01
0.77
0.58
3.02
2.55
1.36
1.32
3.68
4.03
2.28
4.13
0.94
0.29
0
0
0
0
0
0
0
0
1.94
3.73
1.79
2.42
1.81
1.56
5.48
4.48
5.91
11.87
10.09
3.99
1.13
1.85
8.93
14.57
4.36
0.94
2.77
3.79
1.82
0.34
0.75
1.02
0.82
0.77
1.09
0.8
1.13
1.5
0.65
0.24
0
0
0
0.17
0.34
1.78
3.61
4.52
3.39
0.26
0
0.82
1.11
0
0.02
0.72
0.14
0
0.03
0
0.14
0.01
0
0
0.06
0.08
0
0
0
0
0.26
2.13
0.92
0.01
5.33
24.45
25.29
7.22
7.47
10.84
6.22
2.58
0.49
1.52
7.97
3.46
0.17
0
0
0
0
0
0
0.48
0
0.27
0.52
0
0
0
0.04
0
1.36
0
0
0.02
0.05
0
0
0
0
0
0.01
0
0
0
0
0
0
0
0
0.28
0.27
1.11
0.98
0.94
0.9
1.3
0.68
3.01
5.34
6.78
7.49
3.34
1.02
0
0.69
1.82
0
0
0
0
0.11
0
0.08
0
0
0.06
0.98
0.16
0
2.79
1.09
4.2
9.18
6.09
3.05
0
0.64
0
0
0
0
2.7
0
0
0
0
1.23
0
0.01
0
0
0.01
0
0.34
0
0.01
0.1
0
0.05
0.52
1.63
10.15
5.22
8.12
2.33
2.43
0.45
0.04
1.96
0.75
0
0
0
0
0.02
0
0
0
0.01
0
0
0
0
0
0.02
0
0
0
0
0
0
0
0
0.01
0.13
0
0.93
0
0
0.71
2.1
1.64
2.38
0.01
0
0
0.17
0.09
1.15
0.2
2.02
5.61
5.7
6.3
8.39
0.15
0.17
0
0
0.14
0.13
2.32
1.29
0.49
0
0
0
0
0
0
0
0.01
0.22
0
0.01
0
0.09
0
0.01
0.01
0.11
0
0
0
0
0
0.09
0
0.07
0.05
0
0.09
0
0.23
0.16
0
0.62
8.64
9.75
5.05
10.25
14.59
7.6
6.25
9.31
4.14
1.93
3.82
4.44
2.22
8.6
14.98
18.16
18.08
10.19
4.12
0.2
0.35
0.06
0.01
0.01
0.4
0.44
1.4
3.13
1.66
1.5
1.04
2.12
1.14
4.84
6.41
4.42
2.84
1.61
4.66
2.24
0.55
1.52
5.76
3.46
0.52
6.18
6.44
2.33
1.52
2.93
2.54
1
0.03
0.08
0.01
0.27
0.13
0.15
0.13
0.25
1.26
0.57
0.09
0.12
0.45
0.01
0
0
0
0
0
0
0
0
0.39
1.1
1.17
0.8
0.01
0.01
0
0.01
0
0
0
0
0.02
0.01
0
0
0
0
0
0.02
0
0
0
0
0
0
0
0.16
0
0.04
0.11
0.11
0.28
2.58
14.04
11.04
13.25
9.48
15.58
3
0.19
2.68
5.92
21.55
20.97
6.01
2.68
2.96
2.12
0
1.23
3.46
0.93
0.21
0.33
0.43
0.5
0
2.27
2.91
3.91
3.08
2.64
1.29
0.56
0.31
0.22
0
1.18
2.2
0.55
0.49
0.91
1.53
0.44
0.55
0.49
2.89
4.24
1.86
3.89
2.29
0.62
1.28
0.79
0.67
0.59
0.25
0.15
0
0.51
0.74
0
0
0
1.18
11.21
7.25
2.93
0.42
0.02
0
0
0
0.01
0
0
0.03
0.03
0
0.01
0
0
0.01
0
0
0
0
0.01
0.06
0.01
0
0
0
0.02
0.01
0
0.02
0.13
0.08
3.79
2.63
1.6
0.48
0.02
0
0.15
0.13
0.32
1.15
3.43
6.58
6.23
0.73
0.11
1.55
0.17
0
0
0
0
0
0.02
0
0
0.01
0.02
0.4
0.59
7.24
18.79
10.09
20.34
4.57
1.78
0.83
3.79
5.54
0
0.84
0.04
0.37
1.02
3.66
0.01
0.01
0.24
0
0
0
0
0
0
0.12
0
0
0.18
1.18
0.55
0.05
4.59
0.12
0.05
2.42
0.85
1.08
0
0.25
0
0.02
0.03
0.47
0.24
0
0
0.24
0.61
3.12
0
0
0
0
0
0
0
0
0.01
0.21
0
0
0
0
0
0
0
0
0
0
0
0
0.16
0.18
0.04
0.02
0
0.01
0.07
0.03
0
0
0
0
0
0.5
0.19
0.31
0
0
0
0
0
0.01
0.01
0.08
0
0
0
0
0.04
0.64
0.61
1.98
14.71
2.13
2.1
0
0.27
0.57
0.55
0.24
0.04
0
2.52
4.07
5.36
0
6.84
1.12
0.04
0
0
0
0
0
0.82
1.72
0
0
0
0
0
0
0
0
0
0.02
0.07
2.24
10.8
13.25
0
0
0
0.01
0.09
0.13
0
0.01
0.06
0
0.1
0.13
0
0.01
0.04
0.01
0.01
0.3
0.01
0
0
0.3
1.95
0
0.02
0.57
0
0.05
0.09
0.14
0
0
0.01
0.17
1.67
0.06
0.01
0.09
1.92
1.4
5.27
7.33
0.82
1.27
1.77
2.95
1.5
6.16
0.86
0
1.84
4.07
0.46
0.1
0.33
0.05
9.67
1
0.52
0.04
0
0
0
0.9
0.81
0.41
0.9
0.4
0.19
0.44
0
0.25
1.46
2.98
1.66
0.24
0
0.01
0.01
0
0.07
1.14
12
3.07
6.98
7.73
0.77
0.41
0.31
0
0
0
0
0.01
0.01
0
0.55
1.09
1.64
0.22
0.55
0.7
0.19
2.84
4.32
0.55
2.48
8.71
10.61
3.86
3.86
12.85
3.36
1.04
5.98
7.22
7.43
2.49
2.77
1.12
0
0.04
0.03
2.09
9.34
10.48
13.73
4.78
5.09
2.3
0.66
0.47
0.32
0.01
0
0
0
0.01
0
0
0
0
0
0
0
0
3.91
2.27
0
7.5
3.35
0
0
0.11
0
0
0
0
0
0
0
0
0
0
0
0
0
0
0
0
0
0
0.01
0
0
0.04
1.35
1.12
0
0
0
0
0
0
0
0.16
0.2
0.01
0
0.26
0.8
0.98
8.8
6.38
0
0.03
0
0
0
0.38
0.31
0.73
0
0
2.95
1
0
0.09
0
0
0
0.13
0.25
0
0
0
0
0
0.01
0.01
0
0.02
0
0
0
0
0
0
0
0
0.03
0
0.05
0.56
0.13
0.68
0.7
0
0.03
0
0.11
0
0
0
0
0.01
0
0
0
0
0
0
0
0
0
0.04
0.01
0
0
0
0
0.01
0.25
1.37
0.64
0
0
0.01
0
0
0
0
0.02
0
0.01
0
0
0
0.01
0
0
0
0
0
4.3
0
1.63
0.83
0.55
0
0
0
0
0
0
0
0
0.09
1.23
0.02
0
0
0
0
0
0
0.01
0
0
0
0
0
0
0
0
0
0.01
0.02
0
0.02
0.47
0
25.89
8.77
8.48
1.09
4.65
19.26
1.22
0
0.27
0
20.55
7.45
1.39
0
33.14
6.26
7.47
0
0.04
0.05
2.61
0
0.27
2.34
3.45
2.44
1.77
0.01
0
0.09
3.87
2.7
0.02
0.48
4.51
6.23
0
0.18
0
0
2.2
20.09
26.28
6.32
0.11
0.6
0.05
1.3
4.23
0.86
0.97
0.57
0.12
7.46
5.98
4.87
1.55
7.85
0
0.36
0.04
0.2
0
0.02
0.06
1.35
2.22
0
0.52
2.7
1.54
0.24
0
1.46
25.22
5.57
0.63
0
0
0
0.04
0.57
2.61
1.48
0.63
0.03
0.43
1.59
0.03
0.94
3.23
3.43
0.92
7.44
2.66
4.96
1.41
0.07
0.04
0.38
0.09
0.41
1.5
0.95
1.54
1.24
2.48
2.34
1.98
3.71
6.78
1.01
5.85
2.37
11.44
5.73
11.74
21.56
15.39
3.98
3.18
2
3.13
2.49
0.34
0.18
0.38
1.88
0.32
0
0.16
0.32
0.05
0
0.08
0
0.06
0
0.74
5.74
5.96
12.15
7.37
1.53
8.05
4.36
0
4.33
4.06
6.82
4.44
0.27
0
0.26
0.1
0.18
13.2
4.3
0
0.1
0.55
0.13
0
0
0.01
0
0.01
0
0
0
0
0
0
0
0
0
0
0.16
0
0
0
0
0
0.01
0
0.01
0
0
3.89
5.08
1.21
0.09
0.22
0.49
1.15
0.44
8.5
5
5.84
4.24
5.61
2.68
15.18
17.77
5.64
0
0
0.31
0
0
0
3.88
2.61
0.19
0.02
2.51
0.12
0
0
0.25
0.86
0.86
0
0.24
0
0
0.23
0.05
0.27
3.57
4.47
0
0
0.13
2.59
1.65
4.45
0
0.03
0
0
1.13
0
3.19
0.57
0.14
1.04
9.89
4.13
0.91
1.52
2.32
7.54
23.16
1.41
0
3.45
18.55
3.44
0
0.03
0.04
5.02
1.86
0
0
0
0
0.03
0
0.04
0.01
0
0
0
0
0
0
0
0
0.29
5.01
0.91
0
0
0.01
0
0
0
0.06
0
0
0.02
0.01
0
0.01
0.04
0
0
0
0
0
0
0
0
0.38
0.54
0
0
0
0
0
0
0.02
0
0
0
0
0
0
0
0
0
0
0.2
0
0.02
0
0
0
0
0
0
0
0
0
0
0
1.18
0
0
0
0
0
0
0
0
0
0
0
0
0
0
2.42
3.33
11.46
1.88
0.01
0
0
0
0.01
0
0.01
0
0.25
1.76
1.29
27.67
10.95
0.65
0
0.77
1.19
8.27
7.5
0
1.92
3.55
4.39
2.55
0
0
0
10.9
12.32
6.79
1.38
0.32
4.5
0.18
2.95
0.75
0.38
0
12.22
5.02
0.2
0.41
0
0
0.05
0
0
2.27
0.2
0.98
9.52
8.59
8.15
8.07
1.93
0.39
0.02
0.01
0.02
0.24
0.08
0.02
0.7
0.17
0.08
0.09
0
0
0.02
0.05
0
0
0
0.02
0
0.6
3.87
0.19
0.04
0.03
0.02
0.04
0.01
0
0
0
0
0
0
0
0.01
0
0
0
0
0
0
0
0
0
0
0
0
0
0
0
0.05
0
0
0.01
0.07
0.42
0.28
0.61
2.49
11.47
14.71
2.68
0
0.02
1.61
0.29
0
0.01
0.45
2.96
1.91
8.14
0.95
2.02
0.24
0
0.63
0
0
0.02
0
0.02
0
0
0
0.03
0
0.74
0.05
0
0
0.04
5.02
0.59
2.73
5.54
9.99
16.05
11.37
1.63
0.03
1.2
0
0
0
0.25
1.3
0.47
0.11
0
0
0
0.04
0
0.99
1.32
0
11.88
2.45
0
0
0
0
0.01
0
0
0.02
0
0
0
0
0
0
0
0
0
0
10.32
0.4
0
0
0
0
0
0.1
0.01
0.01
2.27
7.81
6.05
2.68
0
3.09
1.92
10.28
2.34
2.98
2.07
0
1.01
0.04
0.33
0
0.1
0.05
0
0.02
0
0.02
0.04
0.06
1.02
0
0
1.48
4.41
0.88
0.21
0.86
3.92
4.54
1.38
0.3
1.05
1.7
0.87
2.53
0.07
0.29
0
0
0.03
0
0
0
0
0
0
0
0
0
0
0
0
1.37
3.59
2.92
7.27
3.22
0
0.21
0
0.38
0.01
0.14
0.87
0
0.29
0.13
0
0.52
0.02
0
0
0
0
0
0
0
0
0
0.05
0
0
0
0
0
0
0
0
0
0
1.89
0.07
0.46
0
0
0
0
0
0
0
0.01
0
0
0
0
0
0.02
0.01
0
0
0
0
0
0.27
0.15
0.1
0.01
0
0.16
0.07
0
0
0
0
0
0.01
0
0
0
0
0
0.02
0
0.01
0
0
0
0
0.07
0.05
0
0.02
0
4.23
2.8
0.26
0.02
0
0
0
0.01
0
0.01
0
0.02
0
0
0
0
0
0
0.07
0
0
0.02
0
0
0
0
0
0
0
0
0
0
0
0
0
0
0
0
0.05
0
0.38
3.74
0
0
0
0.01
0
0
0
2.36
1.81
8.34
0
0.15
0
0
0
0
0
0.19
0.2
5.5
0.41
5.05
0.08
0.43
8.3
7.79
0.49
0.16
0.04
0.01
0.5
8.53
23.16
26.07
17.45
2.82
0
1.15
0.33
0
0.08
2.55
4.23
5.6
0
0.05
0
1.17
0.05
0
0.01
0
0
0
0.03
0.2
0.5
0.1
0
0
0
0
0
0.27
0.29
0.01
0.17
0.1
0
0
0.11
2.05
0
0
0
0
0.1
0
0
0.13
0
0
0
0
0
0
0
0
0
0
0
0
0
0.01
0
0
0
0
0
0
0
0
0
0
0
0
0.61
0.43
0.12
0
0
0
0.06
0.11
2.29
3.51
4.96
6.45
0.85
1.08
4.5
2.14
7.54
9.23
1.76
0.43
0.35
6.42
2.75
6.65
16.3
4.2
2.07
3.91
6.77
3.5
0.73
2.16
2.27
5.41
0.65
0.78
6.46
2.38
0
0.25
10.56
3.52
0.53
0
0.05
0
0
0
1.11
0.02
0.06
5.02
4.05
0.97
0
0.02
0.77
9.48
2.73
1.18
4.4
11.73
1.68
0.59
0
0.02
0.02
0.55
3.22
0.04
0
0
0.43
0.65
0.41
3.98
15.76
1.42
0.19
1.12
0
0
0.14
4.51
5.21
9.16
1.18
0.05
0
0.02
0
0.66
0.82
0
0.17
0
0.08
3.49
12.67
0.27
0.66
3.41
1.43
0
0
0
0.03
0
0
0
0
0.23
5.18
1.01
0.59
0
0.98
5.54
1.79
0.22
0.7
1.5
0
0.01
0
0.01
0.88
0.75
0.61
0
0.02
0.55
0
0.01
0
0
0
0.51
5.16
0.21
0.02
2.99
3.01
0.14
0
0.02
0
0.01
0
0
0
0
0
0
0
0
0.01
0
0
0
0
0.15
1.28
2
0
0
0
0
0
0
0
0
0
0
0
0
0
0
0
0
0
0.02
0.43
0.02
0
0
0
0
0
4.58
0.74
0
0
0
0
0
0
1.23
0
0
0
0
0
0.55
0
4.95
0
0
0
0.01
0
0.01
1.21
5.05
1.16
0
0.08
2.41
1.35
0
0
0
0
0
0
0
0
0.04
2.09
1.38
3.24
0.39
1.91
4.59
0.92
0
0
0
0.04
0.01
0
0
0
0
0.19
0
0
0
0
0
0
0
0
0.03
0
0
0
0
0
0
0
0
0
0
0
0
0
0.03
0.01
0.02
0
0.01
0
0
0
0
0
5.16
8.7
7.44
3.06
0.57
5.41
1.19
9.17
2.02
0.1
0.02
0.06
0.41
5.94
2.89
12.79
0
0
0
0
0.52
0.02
0.21
0.44
0
0.13
0
9.64
3.55
2.62
0.82
0.93
6.18
0
0
0.66
1.5
5.68
0.85
0
0.43
0
0.38
13.39
1.29
5.11
4.3
7.05
3.4
0.13
0.97
0.67
1.05
0.02
0.07
0.03
0.22
0.32
0
0.04
0
0
0
0.07
0
0.14
0.16
1.84
0.95
0
7.23
1.8
3.78
4.96
9.79
4.3
4.97
0.28
0.88
0.18
0.09
0.44
0
0.06
0.02
0
0
0
0
0.39
1.57
1.78
0.48
0
7.92
3.88
0.24
0.05
0
0
0
0.01
0.13
0
0
0.53
2.98
1.75
0.54
4.8
9.43
4.65
1.34
8.53
20.8
4.11
1.36
0.4
1.6
6.47
14.07
4.71
8.21
3.72
3.27
0.98
0.58
0.62
0.11
2.45
0.07
0.63
18.14
23.97
7.87
7.08
24.77
5.07
1.99
0.23
0.04
4.83
1.32
0.43
0
0.1
0.11
0.01
0
0.01
0
0.01
0.68
7.97
1.27
0.4
0
1.87
3.52
1.26
0.41
0
0
0
0.44
0
0
0.58
0.12
0.04
0.91
0
0.46
0.25
0
3.05
11.56
6.84
36.66
15.36
2.91
0.57
1.54
3.43
5.85
2.05
1.12
0.51
0.86
8.06
0.65
1
0.37
0
0.54
0
0.01
0
1.74
9.34
0
0.29
0
0.4
0.16
1.3
2.6
0.48
4.55
6.29
0.02
0.15
0
0
0
0
0
0
0
0
4.43
6.2
10.95
5.37
6
3.71
1.23
0.21
0.07
0
0
0
0.01
0
0.72
1.31
0.76
0
0.05
0
0.01
0.01
0
0
27.95
4.64
0.84
0.8
0
0
0
0
0
0
0.01
0
0
0
0
0
0
0
0
0
0
0
0.01
0
0.01
0
0
0
0.01
0
0
0
0.01
0
0.03
0.01
0
0
0.21
0.02
0
0
0
0.01
0
0
0
0
0
0
0
0.01
0
0
0
0
0
0
0
7.74
7.39
20.69
9.48
8.7
0.76
0.13
1.15
1.39
0.04
2.25
0.38
1.25
9.56
13.12
1.44
2.05
0.61
0.6
0.79
0.47
0.02
0
0
0
0
0
0.01
0.43
0.02
0.17
2.24
0.04
0
0.05
3.66
7.81
1.43
0.14
0
0
0
0.07
1.09
6.12
0.52
0.02
0.12
13.52
8.13
11.56
1.41
0.15
0
0
0.01
0.02
0.01
4.33
0.01
0.01
0
0
0
0
0.05
0
0.15
0.07
1.03
0.64
0.02
1.72
20.15
25.31
3.88
0.57
0.06
0
0
0.81
0
0.94
3.34
9.27
2.09
11.95
3.25
0.02
0.22
1.29
0.08
0
0.21
0
0.17
0.02
0.04
0
0
0
0.02
0
0
0
0
0.05
0
0.75
3.48
2.11
0
0
0
0
0.34
3.16
8.59
8.16
2.81
3.56
5.61
3.22
5.04
1.89
14.85
11.6
6.8
3.73
3.35
13.09
11.81
11.27
15.36
17.34
3.42
3.43
6.24
2.04
1.76
1.45
2.63
0.83
4.39
0
0.5
0.78
0.59
9.02
1.69
0.39
0.54
1.43
0.02
2.09
1.54
0.14
0.48
2.66
0.59
6.17
1.44
0.14
0.02
0
0.42
2.71
1.44
0.02
0.24
0.22
0.16
0
0
0
0.02
0
0
0.26
0
0
0.01
0
0
0
0
0
0
0
0
0
0.04
0.09
0.01
0.21
0.79
0.97
0.02
0
0
0
0.02
0
1.44
6.7
1.95
0.45
2.87
0.9
1.61
0.15
0
0.34
1.59
4.06
0.76
0.01
0
0
0.23
0.41
0.82
0.05
0.25
0.27
0.61
0.32
0
0
0
0.45
0
0
0
0
0
0.63
1.1
0.27
0
0.08
0.23
0
0
0.13
0
0
0.89
2.5
3.79
2.24
3.93
0.39
0.49
2.07
1.88
0.52
3.91
0.74
0
0
0
0
0
0
0
0.4
0
0.03
0.01
0
0
0
0
0
0
0
0
0
2.19
1.07
11.04
4.44
0.23
1.23
1.84
0.29
0
0
0.01
0.49
0.38
0
0.06
0
0.04
5.31
0.97
0.01
0
0
0
0
0
0
0
0
0.01
0
0
0.04
0
0.01
0
0
0
0.02
0
0
0
0
0
0.02
0.1
0
0
0
0
0
0
0
0.09
0.12
0.97
17.64
18.88
1.79
3.24
2.38
0.01
0
0
0
0
0
0
0
0
0
0
0
0
0
0
0
0
0
0
0.01
0
0
0
0.04
0.29
0.01
0
0.01
0
0
0
0
0
0
0
0
0
0
0
0
0
0
0
0
0
0
0
0
0
0
0
0
0
0.01
0
0.02
0
0
0
0
0
0.11
0
0
0.76
3.27
3.24
1.46
1.38
0.38
0.2
0
0
0
0
0
0
0
0
0
0
0
0
0
0
0
0
0
0
0
0
0
0
0
0.36
3.23
1.37
0
0
0
9.39
3.64
0.68
0.13
0
0.46
1.47
1.8
8.73
0
0
0.23
3.53
0.84
0.14
0.33
1.37
1.44
0.58
0
0.06
0
0
0.09
0.04
0.34
5.66
1.02
0.2
0.23
0.48
0
0
0
0
0
0
0
0
0.29
0.47
0.22
0.33
1.9
2.49
1.48
5.62
3.23
1.98
0.21
0
0.02
0
1
0.51
0.1
0.01
1.2
0
0
2.72
0.29
1.45
0.33
0.16
0.54
7.35
3.49
16.98
6.82
1.04
4.27
3.34
1.55
1.61
0.98
0.02
0
2.56
2.01
0.76
0
0
0.1
0
0
0
0.01
0.43
13.13
2.55
0.11
0
0
0.29
3.2
0.15
0.01
0
0
0
0.04
0
0
0
0
0
0
0
0
0
0
0
0.02
0.01
2.59
12.69
3.1
0.77
0.01
2.88
0.16
1.72
0.28
1.57
6.58
13.35
16.86
6.61
0.99
0
0.01
0
0
0
0
0
0.93
3
2.06
6.88
9.69
5.63
4.73
3.07
13.52
5.54
1.19
4.78
0.99
0.46
0.13
2.22
1.5
0
0
0
0
0.01
0.02
2.9
30.31
4.08
1.74
0.27
0.11
0.99
4.15
1.2
6.64
17.17
0.83
1.02
0.96
1.25
10.98
8.62
2.75
0.48
0.3
9.59
8.35
3.34
3.23
7.03
12.48
8.11
13.95
1.77
1.95
3.59
5.85
3.46
15.67
8.61
4.03
0.43
0.23
0.27
0.05
0.02
1.12
1.55
9.31
16.33
1
4.71
0.83
13.98
3.9
3.39
0.15
0
6.86
1.05
0
0
0.06
0.34
0
0
0
0.04
0.04
4.21
0.02
0
0
0
0
0
0.2
4.83
1.34
0.71
0.38
0
0
0
0
0
0
5.09
4.99
1.01
0.03
0
0.04
0
0
0
0
0
0.02
0
0.08
1.52
1.25
0.45
0
0
0
0
0
0
0
0
0
0.52
0.37
0
0
0
12.48
4.17
0
0.03
0
0
0
0
0
0
0
0.01
0
0
0
0
0.16
5.44
0.27
0
0
0
0
0.2
0.6
1.14
0
3.92
0.7
0
0
0.1
0.32
3.82
0.23
0.87
0
0
0.01
0.04
0.27
0.61
1.66
0.91
0.05
0
0.07
0
0
0
0
0
0
0
0.01
0.69
0.63
22.34
6.5
0.5
1.23
1.73
0.88
0.06
0
0.12
0
0.06
0
0
0
0.64
0
0.05
0
5.79
0.01
0.04
0.02
0.04
0.03
0
0
0
0.34
0.77
10
1.68
0.95
0.25
0.27
0.74
0.01
0
0.02
0
0
0
0.13
0.02
0
0.01
0.02
0
0.61
0.21
0.04
0.04
1.76
0.68
0.36
0.14
7.09
1.92
1.08
0.68
3.57
0.38
0
0
0
0
0.06
0
0
0.01
0.48
0
0
0
0
0
1.76
6.81
7.27
2.86
1.64
1.37
7.36
17.17
2.97
0.81
11.37
1.29
0.73
0.14
0.52
1.03
1.47
6.83
3.93
0.38
1.63
1
3.66
8.38
8.42
9.55
3.6
0.47
1.27
7.79
0.61
0
0.03
0.18
0.01
0.02
0.03
0.02
0.02
0.23
7.19
9.24
9.15
13.86
9.16
8.88
8.25
3.82
0.34
6.93
2.24
10.96
0
0.54
1.2
0.91
1.57
2.81
1.5
0.9
0.48
0.73
0.92
0.26
0.05
0.03
1.51
0.94
0.22
0.32
3.78
1.86
6.05
11.43
0.04
1.52
5.09
1.03
0.13
0.55
1.38
1.98
1.08
12.22
1.17
1.34
0.69
0
1.65
0.13
0.13
0
0
0.01
0.04
0
0
0
0.14
0
0.37
0
0
0
0
0.02
0
0.24
0
0.55
0.48
0
0.02
0
0.01
0
0
0
0
0.03
0.03
0.04
0
0.13
0.52
0
0.44
0.11
0.01
0.3
2.06
3.24
2.24
1.62
0
2.06
2.86
0.98
0.9
0
0
0.26
1.48
1.6
3.41
1.54
0.32
0.13
1.18
1.02
0.18
0.05
0.05
0
0
0
0
0
0
0.02
0.05
3.3
1.27
0
3.69
1.63
0.34
0.14
0
0.44
0.02
0.26
0.37
2.75
8.85
7.08
0.8
0.74
0.35
0.66
2.93
0.49
0
0
0
0
0.48
0.17
0.02
0
0.33
0
0
0
0
0
0
0
0
0
0
0
0
0
0
0
0
0
0
0.02
0.01
0.03
0
0
0
0
0.82
0.13
0.09
33.27
0.01
0
0
0.04
1.59
0
0
0.59
0
0.03
0.01
0
0
0.11
0
0.02
0
0
0
0
0
0
0
0
0
0
0.05
0.01
0
0
0.08
0.02
0.17
6.4
0
0
18.23
5.55
15.2
5.84
3.91
0.47
1.57
0.09
0
0
0
0
0
0
0
0
0.86
20.96
36.99
31.3
0.8
0.04
0.64
7.62
0
0
1.77
10.62
8.29
1.92
0.81
2.04
4.38
6.73
2.58
0.89
0.07
2.18
2.64
19.99
1.48
0.67
0.6
0.88
4.41
5.6
14.46
2.11
0.07
0.02
0.34
1.14
3.94
9.91
4.95
0.43
0
0.21
5.97
3.8
10.38
48.52
18.38
2.7
6.96
2.31
0.03
1.79
0.31
0.04
0
0.01
0
0.01
0
1.8
0.13
2.88
3.54
1.06
0.69
0
0.09
0.56
0.18
0
2.01
7.27
3.26
0.65
6.45
3.93
0.25
0
0.34
2.54
5.16
0.16
0.2
0
0
0
0
0.04
0.03
0
0
0
0.01
0.01
0
0.01
0
2.92
8.81
9.03
0.46
0.06
0
0.02
0.01
0
0
0
0
0
0
0
0
0
0.02
2.5
9.28
3.48
0.3
9.76
3.11
0.4
2.85
3.45
2.75
0.44
0.02
0.18
0
0
0
0
0
0.01
0.02
0.47
0.01
0.02
0
0
0
0
0
0.08
0.02
0
0.06
0.05
1.82
0.08
0.18
0
0.01
0
0
0.01
0
0
0
0
0
0.01
0
0
0
0.01
0
0
0
0
0.01
0
0.01
0
0
0
0
0.01
0.02
0
0.01
0
0.03
0.58
1.06
0.67
2.3
0.91
0.09
3.43
5.21
0.07
0
0
0
0
0.01
0.01
0
0
0
4.98
2.23
0.14
0
0
0.01
0.01
0
0
0.02
0
0.01
0.03
0
1.64
9.86
0
0.18
0
1.58
0.99
0.11
0.26
1.86
0.29
0.84
0.16
0.37
0.09
0
0
0
0
0.01
0.92
0
0
0
7.96
6.58
19.83
9.84
10.09
0.75
0.45
0
0
0
0
0.03
0
0
0
0
0
0
9.43
16.52
7.38
3.52
2.27
0.21
0.2
9.05
9.14
1.6
0.55
0.01
0.51
0.67
0
0
0
0
0.05
0
0
0
0.02
0.05
0.02
0
0.01
0
0.03
0
0
0
0
0
0.01
0.5
0
0
0.05
0.04
5.54
1.88
0.81
0.29
0
0
0
0
0
0
0
0
0
0
0
12.89
0.91
0
0.04
0
0.11
0
0
0
0
0
0
0.02
2.42
4.38
0
0.01
0.01
0.02
0
0
0
0.04
0
0.04
0.68
0
0.02
0
0
0.01
0
0
0
0
0
0
0
0
0.16
0.11
1.69
0.07
0
0
0
0
0
0
0
0
0.01
0
0
0.03
0.01
0
0
0
0
0
0
0
0
0.13
0
0
0.02
0.01
0.01
0
0
0
0
0
0
2.52
5.13
2.99
4.38
4.85
0
9.23
7.18
5.9
0.09
0
0
0.05
0
0
0.06
0.02
0
4.68
3.91
0.86
6.92
4.77
4.36
15.54
5.7
0.32
0
0
0
0.06
0
0
0
0
0
0
0
0
0
0
0.01
0
0.17
0.13
0.01
0
0
0
0
0
0.73
0.07
0.01
0
0
0
0.02
0
0
0
0
0
0
0
0
0
0.54
11.69
12.27
2.7
10.86
10.78
12.28
3.35
0.1
0.08
0
0.2
0.3
0
0.4
0.58
3.01
0.98
12.2
4.68
2.54
0.51
6.33
0
0
0
0
0
0.11
0.13
0
0
0
0
0.08
0
0
0.06
0.96
3.2
0.23
1.48
0.03
2.29
2.2
2.43
8.84
1.75
1.29
1.99
4.11
0
0
0
0.04
8.9
6.5
2.99
1.46
2.75
0.61
0.15
0.05
5.56
0.54
0.01
0.24
0
0
0
0
0
0
0.01
1.63
0
0
0.03
0.01
0
0
3.54
13.22
2.47
1.54
1.19
0
0
0.13
0
0.09
0.51
13.95
2.63
10.91
3.1
2.44
1.89
3.63
0.61
2.24
0.14
0
0
0.36
9.85
0.64
3.79
0
0
0
0
11.52
4.17
2.8
0.66
3.36
3.53
0.03
0
0
0.64
0.19
0.49
6.97
1.1
0.05
0.27
2.58
5.82
3.12
6.51
10.17
0.74
0.66
8.79
5.67
0.04
0.16
0
0
0
0
0.09
0.11
0
0.14
0.02
1.52
0.4
0
0
0
0
0.03
0
0
0.05
1.69
0.07
0
0.04
0.06
0.09
0.01
0
0
0.03
0
0
0.01
0
0.05
0
0
0.04
0.08
3.77
19.58
2.25
4.73
0
0
23.46
0.52
0
0.02
0.02
0.07
9.8
0.61
0.27
0.3
0
0.02
0
0
1.11
22.51
2.45
0.28
0
0
0
0
0
0
14.49
16.74
6.48
0
0
0
0
0
0
0
0
0
0
0
0.01
0
0
0
0
0
0
0.05
0
0
0
0
0
0
0.09
0.03
0
0.01
0.02
0.01
0.39
1.18
0.09
9.55
1.93
0.13
0
0
0.01
0.06
0
0
0
0
0
0
0
0.01
0.01
0
0.02
0
0
0
0
0.11
0
0
0
0
0
0.1
0
0
0
0
0
0
0
0
0
0
0
0
0
0
0
0
0.37
0.27
0.05
0.1
0
0
0
5.18
3.53
0.52
0
0
0
3.22
6
0.11
0
0.01
1.33
3.33
0.02
0.24
2
0.28
0.03
0
0
0
0
0
0
0
0.02
0
0.59
0
0
0
0
1.3
0
0.08
0.12
16.2
4.02
11.98
3.69
0.52
0.54
0.02
2.23
12.41
0
0
0
0
0
0
0
0
0
0
0
0
0
0
0
0
0
0
0
0
0.01
0
0
0
0
0
0
0
0
1.28
8.27
0.3
0
0
0
0
0
0
0
0
0
0
0
0
0
0
0
0
0
0
0.07
2.1
3.83
4.54
13.69
1.8
0
1.52
4.07
0.04
1.86
0.42
0.05
0
0
0
0
0
1.99
0
0
0
0.35
7.17
15.02
0.78
4.21
8.46
0.9
4.78
0.3
0.54
2.3
0.09
0
0
0
0
0
0.01
0.01
0
0
0.62
0.03
0.38
0.59
9.16
6.2
0.95
2.05
0.56
0.04
0.02
2.54
0
6.25
1.83
1.63
0.29
0
0
3.03
2.54
1.41
5.23
0.22
0.01
0
0
0
0
0
0
0.09
13.2
0.39
3.27
0.01
0
0
2.74
0.5
0
0
0
0
0
0
0
0
0
0
0.03
0
35.16
8.7
0.3
0
40.47
8.52
17.47
1.4
1.92
0.09
0.12
0.07
0.24
0.23
0
0
0
0
0.3
2.55
0.03
0.02
10.82
1.2
0.13
0
0
0.29
0.3
1.77
3.76
8.86
4.79
1.59
3.9
0
0
0.23
2.27
6.53
0.91
0
0.34
7.01
6.44
0.62
0.2
0
0
0.02
1.11
3.21
5.34
6.8
0.96
0
0
2.07
11.24
3.23
0.95
0.01
0
0.73
0.07
0.23
1
0
0
0
0
0
0.01
0
0
0
0.01
0.01
0.01
0
0
0
0.02
0.02
0
0
0
0
0
0.01
0
0
0
0.14
0
0
0
0
0.01
0.04
0
0
0
0.01
0.03
0.09
2.77
0
0.2
0.4
0.55
2.43
0
0.05
0
0.02
0.05
5.93
15
0
0
0
0
0
0
0.2
1.11
0
0
0
0.02
0
0.16
0.01
0
0
0
0.06
1.98
0.32
0.07
2.11
0.48
6.8
2.84
0.39
0
0
0
0.35
10.44
1.35
0.18
0.02
0.07
0
0
0.01
0
0.01
0
0
0.02
0.02
7.18
0.48
0
0
0
0
0.01
0
0
0.01
0
0
0.02
0.05
0.02
0.33
0
0.13
0
0.02
0
0
0
0
0
0
0
0.09
0.03
0
0
0
1.04
0.31
0
0
0
0
0.02
0
0.02
0.06
0.04
0.01
0.17
0
0
0.01
0.18
0.09
0.05
0.02
0
0
0.07
0
1.09
4.88
0.34
0
0.01
2.25
0.87
0.04
3.8
5.43
1.1
0.25
0
0.01
0
0.01
0.3
7.07
10.51
6.62
2.41
6.99
0.93
3.11
0.09
0
0
0
0
0
0
0
0
0.01
0
0
0
5.54
0
0
0
0
0
0
0
0
0
0
0
0
0
0
0
0
0
0
0
0
0
0
0
0
0.33
0.26
0.25
0.54
8.59
5.34
7.59
0.88
2.77
13.13
5.4
0.84
0
0
0
0
0.65
0.55
0
0.02
0
0
0
5.02
5.52
1.53
0.97
0.01
0
0
0
0
0
0
0
0
0
0
0.02
0.28
0.27
0
3.94
1.59
0.05
0
0.01
8.41
0.52
0.45
1.5
0.04
0
0.02
0
0
0.02
0.1
0.02
0
0
0
0
0.01
0.02
0
0
0
0
15.13
17.82
6.49
1.11
0.2
0
0
0.1
0.07
0.29
0.01
0
0.55
2.93
14.13
7.15
4.65
0.29
0.07
5.56
0.29
0.12
0.04
0.44
2.72
0.44
0.27
3.28
0.02
0
0
0
0
0
0.02
0
17.75
2.93
0.86
0
2.71
0.41
0.06
0
0
0.5
0
0
0
0.01
0
0.29
0.77
0.02
3.41
10.59
2.13
0.13
0
0
0.3
0.13
0
0
0
0
2.73
0.62
0
0
0
0
1.36
0.81
0.64
0
7.48
2.75
2.86
1.68
4.69
0.68
0.38
0.22
0
3.05
0.13
0
0
0.52
3.68
20.74
1.88
3.03
0.13
0.02
0
0.72
3
1.17
0
0
0.02
0
2.53
0.55
0.17
0.2
0.1
0.21
0.14
0.42
4.74
14.1
0.29
0
0
0
0.01
0
0
0.04
0
0
0
0
0.02
0
0
0
0
0
0.49
3.49
0
0
0
0
0
0
1.73
0.16
0
13.43
2.09
2.63
25.87
4.73
2.71
0.02
0
0
0.14
0.03
0
0.55
0.04
0
0
0
0
0.16
8.01
0.28
0
0
0
0
0.01
0.07
0.11
0
0.39
0
2.52
7.27
2.33
22.11
0.66
0
9.25
5.92
0.11
0.97
0.66
0.04
0
0
0
0.05
15.42
19.78
12.92
0.01
2.03
0.58
0.12
0.02
1.76
2.14
2.33
0.01
0.08
0.79
13.15
0
0.19
7.48
1.38
0.41
0
0.05
3.2
2.33
0.13
0.14
0
4.64
0.48
9.36
7.04
1.3
5.46
0.94
0
0.03
0
0.01
0
0
0
0
0
0
0
0
0
0
0
0
0
0
0
3.84
6.7
0.27
9.5
18.62
3.92
0.02
0
0
0.37
0
0
0
0
0.75
6.21
9.66
22.65
3.21
0.91
0.23
0.07
2.77
6.09
0.52
0.66
0
6.79
11.18
19.45
4.7
6.83
0.61
0
0.17
1.8
0.13
0.07
0
16.08
4.18
0.8
5.68
9.54
0
0
0
0.15
0.59
19.21
5.41
5.79
1.43
0.3
0.95
7.93
10.7
7.98
1.19
4.52
3.79
0.4
6.01
15.17
0.09
0.4
0
0.03
0
1.35
4.11
8.27
2.04
5.61
0.05
0
0
1.48
5.59
8.52
5.14
3.71
3.92
4.75
2.27
2.71
0.96
0.64
0.01
0
0
0
0
0.45
0
0
0
0.07
2.56
8.2
1.35
0.36
0
0
0
0
0.17
2.14
0.2
0.7
19.49
5.65
1.97
0.01
0
0.5
5.03
0.06
0.01
0
0.01
0
0.02
0
0.02
0.35
1.3
0.21
0
0
0
0
0
0
0.54
3
2.43
0.02
0.25
0
0
0
0
0.09
0
0.09
0
0.2
6.72
4.4
0.55
0.36
0.5
4.5
3.8
0
0
0.07
0
0
0.01
5.14
0.57
0.21
6.91
4.91
0.36
4.24
2.77
0
0.71
1.04
0.51
0.9
1.16
0.12
0.04
0
7.57
19.55
10.48
3.61
3.12
1.68
0.05
0.15
0.54
0
0
2.98
2.74
4.06
22.79
0.93
0.01
0
0
0.09
0
9.06
0.03
0.32
4.21
0
0
0
0.1
0
0
0
0
0.09
0.18
0
0
0
0.56
1.74
0.59
7.56
0
0
0
0.02
0.07
2.45
1.23
0
0
0
0
0.01
0
3.37
7.46
0.24
0
0.19
0.74
0.33
0.25
0
0
0.08
29.51
0.36
0.01
0
0.01
0
0.02
0.03
0.33
0
0
0
0.01
0
0.34
0.08
0.93
3.43
1.17
0
0
0.99
0
0.02
6.82
6.54
0
0
0
0
0
0.01
0.04
0
0.01
0
0
0
0
0
0
0
0
0
0
0.44
17.25
0
0
0
0
0.22
1.72
0.67
0.01
0
0
0
0
0
0
0
0
0.55
20.78
4.15
4.89
6.26
0.15
0
0
0
0
0
0.24
9.49
25.57
2.59
4.02
0.62
6.06
1.42
0.8
5.53
0.51
0
0.02
0
0
0.22
0.01
0
0
0.64
0.63
0.21
2.45
0
0
0.31
0
0
0
0
0
0
0.07
4.31
2.7
17.59
1.03
0
0
0
0
0
1.52
4.85
8.46
11.65
2.13
0.02
2.04
6.81
2.66
3.16
23.39
8.18
1.88
1.65
0.11
0.44
0
0
0.92
2.82
0.1
0.05
5.15
5.94
4.27
0.29
0.13
0
0
0.91
0.24
9.88
4.37
1.94
0.11
0.19
0.6
0.6
0
0.02
0.88
0
0
0
0.16
1.5
2.01
1.17
3.96
7.39
1.33
0.51
0.46
3.84
0.93
5.37
1.52
0.35
0.09
0.44
0.02
0.21
14.94
0.62
0.54
0.68
0.15
0.97
1.05
0
0
0.15
0
0.94
8.5
5.76
1.25
0
0
0.63
3.89
3.02
0
0.32
6.25
2.66
0.29
0.93
6.36
7.32
26.38
8.38
13.84
7.79
5.01
19.02
12.75
0.92
0
0.18
0
0
0
0
0.13
4.62
0.09
0
1.51
3.43
1.17
0.02
0
0
0
0
0
0
0
0
0
0.18
4.01
0.24
0.1
3.59
0
0.29
12.6
0.73
0.38
5.05
0.2
1.17
1.13
6.71
0
0
0
0
0
0.09
0
0
0
0
0
2.25
1.16
14.62
14.59
1.82
4.6
6.55
1.47
1.24
0.32
6.08
6
1.09
0.05
0
0
0
0.04
0
0
0
0
0
0
0
0
0
5.15
9.95
7.16
14.53
1.12
1.51
2.06
0.61
5.16
9.81
5.09
0.09
0
0
0.05
0
0
0
0.23
0.23
14.34
9.27
0
0
0.82
0
0.09
4.35
0
0.57
2.61
11.27
0.07
0
0
0.04
0
0
0.09
0.04
0.3
0.25
0
0
0
0
0
0
0
0
0
0
0
0
0
0
0
0
0
0
0
0
0
0
0
0
0
0
0
0
0
0
0
0
0
0
0
0.01
0
0.01
0
0
0
0
0.47
0
0.03
0.06
0
0.01
0.04
0
0
0
0.02
0.39
0
0
0.01
0
0.05
0.55
0.05
0.02
0
0.32
1.57
7.82
0.22
0.41
0
0
0
0
0
0
0
0
0
0
0
0.08
0
0.07
0
0
0
0
0
0
0
0
0
0
0.27
0.11
0
0
0
0
0
0
0
0
0
0.01
0
1.41
0.19
0.48
0.89
0.54
0
0
0
0
0
0
0
0
0
0
0
0
0
0
0.01
0
0
0.01
0.12
0.2
5.05
0.35
1.5
0.9
0.05
0
0
0
0
0
0
0
0
0
0
0
0
0
0.07
0.59
0.03
0
0
0.27
15.81
9.1
1.38
0
2.5
12.18
2.95
0
0.33
6.24
2.92
4.11
1.8
5.7
1.31
0
0
0.63
1.98
0.66
0.11
1.23
4.05
18.32
2.22
4.6
0.55
0.04
4.8
0.68
0
0.79
8.21
1.29
0
3.09
2.33
0.88
0.29
0.03
0.01
0.03
0
0
0
0.04
5.84
23.09
9.2
1.16
6.41
0.86
0.02
0.66
2.16
14.48
20.27
3.7
0.84
0
0.09
5.73
8.03
0.5
13.81
3.25
4.44
6.34
0.71
4.71
13.86
9.56
4.75
5.58
5.01
0.2
0.42
0
0
0.02
0
0.04
0
0.09
0
0
0.03
0.01
5.73
0.34
0
0.08
0
0
0.46
6.61
0.97
0.13
0.18
0.08
0.01
0.11
3.58
0.71
0.7
2.5
11.48
5.55
2.1
0.67
1
1.76
3.18
13.8
2.36
0.41
0.52
0.2
0.05
0.19
0
0.09
2.01
8.79
2.59
0.12
0
5.41
10.15
6.09
0.59
0
9.84
15.89
1.98
1.55
0.17
0
1.42
0.71
2.13
0.16
0.02
0.02
0
0
0.01
0.01
0
0
0
0
0
0
0
2.43
2.68
1.9
0.21
0
0
0
0
0
0.01
0
0.05
0.02
0.04
0.02
0
0.02
0.03
0
0.02
0.66
0.06
3.55
6.54
23.99
40.62
2.36
0.55
0
1.2
0
0
0
10.29
5.01
0.04
0
0
0.07
0
0
0.01
0.01
0.02
0.02
0.03
0.01
0
0
0
0
4.15
4.44
20.07
0
4.73
11.21
0
0.13
1.11
0.07
0
0
0
0
0.07
5.45
0
0
0.02
0.22
3.37
0
0.08
0.3
0.02
0
1.44
0
0
0
0
0
0
0
0
0
0.02
0.01
0.03
0
0
0
0.01
0
0
0
0
0
0
0
0.03
0
0
0
0
0.01
0.01
0
0
0
0
0
0.02
0
0.02
0
1.5
0.6
0
0
0
2.91
15.56
0
0.29
0
0.08
0.12
6.53
11.57
2.15
1.31
0.75
0.92
5.23
25.76
0.84
0.23
0.46
0
0
0
0.12
0
0
0
0.01
0
0
0.17
0.71
0.09
10.85
1.78
0
23.33
6.63
3.77
13.66
9.34
15.1
12.56
2.68
0.04
0
0.2
0.83
6.5
3.2
0.3
0.7
5.13
13.59
7.01
0.23
0
0.02
0
0
0
0
0
0
0
0
0
0.34
0.04
0
2.16
7.37
20.21
0.73
0.18
0.87
0
0
0.02
0.02
0
0
0
0
0
0
0
0
0
0
0
0
0
0
0
0
0.42
0.31
0.09
0.03
0.07
0.01
0.05
0.09
0.02
0.01
0
1.43
0
0
0.29
2.01
6.43
3.7
0.16
0.36
0.17
0.05
0.1
0.13
0
0
0
0
0.02
0
0
2.9
1.56
0.86
0.24
0.28
0.7
0.15
0.19
3.84
0.11
0
2.95
0.19
0.13
0
0.18
0.06
0.34
0
0
0
0.01
1.06
1.97
0
0
0
0
0
0
0.01
0
1.96
0.87
0
0.01
0
0.02
3.62
0.79
0.02
0.2
2.58
1.14
1.3
4.16
0.53
1.83
5.71
7.64
3.74
0
0.02
0.59
4.18
4.89
3.73
0.74
0.09
0.01
0
0
0.01
0.74
0.02
0.02
0.2
1.16
0
0
5.74
6.78
4.48
11.5
4.28
0.44
0.1
0.13
0.05
2.41
0
0
0.05
0
0
0
0.01
0
0.01
0
0
0
0
0
0.1
0.14
0.29
13.98
1.42
0.25
3.51
0.91
0
0
0.01
0.01
0
0
0.01
0.14
0.5
4.97
4.95
2.02
0
3.42
10.68
7.03
19.58
2.55
2.46
0.22
0
0.01
0
26.66
1.48
0
0.05
0
0
0
0
0.01
0.84
0.02
0
0.65
20.41
2.05
4.23
0.89
0
0.29
0.21
0
0
0
0
0
0.02
3.95
6.07
1.35
0.2
10.63
13.11
11.44
2.94
0
0
0
0
0
0
0
0
0
0
0
0
0
0
0.76
8.8
0
0
0
0
0
0
0
0
0.42
0
0.01
0
0
0
0.08
0
0
0
0
0.03
0
0
0
0
0
0
0.02
0
0.02
0
0
0
0
0
0
0
0
0
0
0
0
0
0
0
0
0.07
0
0
0.08
0.43
0
0
2.75
5.9
0.76
0.03
0
0
0
0
0
0
0
0
0.01
0.02
2.05
0
0
5.12
3.09
0.22
0
0.03
0
0
0
0
0
3.07
0.23
2.1
0.05
0
0.35
0
0.53
0
9.71
2.81
0.45
0
0
0
0
0.9
0.24
0.18
0.46
0.55
0
0
0.04
0
0.64
0.7
10.66
7.07
2.94
0.07
0
0.51
0
0.02
2.06
5.61
0.88
1.09
0.04
0.13
0.07
0
0
0
1.54
1.34
4.12
1.72
5.15
1.55
31.71
4.85
0.82
3.04
5.13
0.38
0.06
0
0
0.15
0.44
0
0.01
0
0
0
0
2.51
0.68
0.22
0.04
0.16
0.1
0.02
0
0
0
0
0
0
0
0.19
0
0.06
0.75
0
0.31
0.96
0.12
0.26
0
0.18
2.55
0.54
0
0
0
0
0
0.3
0.01
0
0.01
0
0
0
0
0
0
0
0
0
0
0.18
0.29
1.66
0.45
0
0.01
0.1
0
0
0
0
0.03
0
0
0
0.02
0
0
0
0
0.05
0
0
0
0.04
0.14
0.01
0
0
0
0.88
15.71
4.64
2.68
0.35
0.02
0
0.01
0
0
0.12
0.06
0.09
0.05
0
0
0.11
3.12
1.86
3.21
0.05
0
0.02
0.02
0.45
0.01
0
0.46
0.02
0.01
0
0.11
0
0
0
0.41
0
0.03
0.59
0.58
0.15
0
0.01
0.01
0.02
0
4.34
5.29
5.62
1.49
0
0.66
4.18
3.75
0.57
0
1.24
0.55
0.16
3.43
5.85
2.04
9.89
4.27
1.15
3.88
2.09
0.12
0
0.28
0.26
7.94
16.04
20.11
3.77
6.79
0.55
7.98
1.54
0.09
0.1
0
0
0
0
0
0
10.34
7.09
12.17
7.1
14.88
0.08
0.01
0
0.04
0
0
0
0.02
0.02
0.02
0
0
0.67
9.01
0.17
0
0
3.04
6.57
1.3
0
0.02
0.06
0.01
0
0
0
0
0
0
0
0.05
0.01
0.01
0.01
0.01
0
0.01
0
0
0.01
0
0
0
0.3
0.1
2
2.05
4.34
0.41
0.42
5.52
0.2
0.03
0
0
0
0
0
0
0
0
0
0
0.01
0.02
0
0
0.02
0
0
0
0.01
0
0
0
0
0
0
0.01
0
0.07
5.43
5.02
1.26
0.19
0.62
0.94
0.57
0
0
0
0.16
0
0
0
0.06
0
0
0
0
1.3
0
0.02
0
0
0
0.25
0
0.12
10.39
0
0
0
0
0
0
0.03
0
0
8.43
0.32
0
0
0
0
0
0.02
0.18
0.62
0
0.04
5.42
6.13
0.11
0.01
3.48
7.44
4.68
0.16
0.03
0.04
4.86
0.06
1.23
0
0
0.02
0
1.32
0.45
0
0
0
0
0
0
0
0.01
0.02
0
0.02
0.25
0
0
0
0.02
0.05
0
0
0
0
0
0
0
0
0
0
0
0
0
0
0
0
0
0
0
0
0
0
0
0
0
0
0
0
0
0
0.01
0
0
0
0
0
0
0.02
0
0
0
0
0.03
1.62
0.3
0.02
0.05
0.81
1
0.22
4.19
8.69
0.47
0.63
7.21
19.01
4.57
6.86
1.18
0.44
13.16
10.04
29.29
5.78
13.58
5.77
0
0
0.01
0
0
0
0.01
0.02
0.01
2.34
7.05
0.22
0.98
0.11
1.38
5.55
1.32
0.5
0
0.01
0
0.01
0.01
0
0
0.02
0
0
0
0
0
0
0
0.05
0
0
0
0
0
0
0
0
0.34
6.62
1.2
18.01
2.78
0.21
1.61
0.3
0.13
8.11
0.18
0.47
3.91
3.73
0.03
0.05
0.01
0
0
0
0
0
0.01
0.01
0
0
0
0
0
0
0.01
0.01
0
0
0
0
0.01
0
0
0
0.76
0.33
0
0.03
0.06
4.34
8.79
15
4.28
0.67
0.16
1.88
1.78
0.36
0
0
0
0
0
0.19
1.3
0.02
0.37
2.2
15.05
15.22
4.79
0.05
0
0
0
0
0.02
0.01
0
0.59
0
0
0
0.15
0.34
0.23
0
0
0
0
0.13
0.02
0
0
0
0.03
3.87
11.51
0.45
0
0.05
1.95
0.08
0.03
0
0.02
0.61
2.99
8.17
8.3
8.04
7.59
0.59
0.11
28.54
27.63
1.3
0
0
0
8.97
0.27
1.81
0.02
0.03
0.02
0.01
0.13
0
0
0
0
0
0.01
0
0
0
0.02
0.31
0
0
0.19
0.09
0
1.33
24.14
0.26
0.41
0.1
3.23
0.82
0.01
0
0
0
0
0
0
0
0.01
0
0
0
0
0
0
0
0
0
0.01
0.1
4.75
6.17
0
0.9
0.5
2.84
0
0
0
0
0
0
0
0
0
0
0.28
0
0.01
0.01
0.02
0
0.46
0
0
0
0
0
0
2.46
0
0
0.04
0
0
0.01
0
0.43
0.03
0
0
0
0.02
9.59
2.39
0.24
0.01
0
0.25
0.02
0.59
0.22
13.4
2.54
0.04
0
0
3.16
14.81
1.82
0
0.27
5.39
0
0.01
0.01
0
0.01
0.02
0.01
0.01
0
0
0.01
0.01
0.22
10.38
0
0
0.25
1.28
11.63
2.96
21.25
1.2
4.22
0.29
0
0
0
0
0
0
0
0
0
0
0
0.02
0
17.87
34.09
6.63
0.13
0.01
0.79
1.96
3.53
1.43
0.49
0
0
0
0.01
0
0.06
0
0.01
0.06
14.57
3.86
3.51
0.07
0.2
0
0
0
0
0.01
0.02
0.05
0.48
0.84
0.04
0.1
0
4.77
1.85
0
0
0.09
1.57
0
0.02
2.58
0.63
0.13
0.04
0
0
0
0
0
0
0
0
0
0
0
0
0
0
0.01
0
0
0
0
0
0
0
0
0
0
0
0
0
0
0
0
0
0
0
0
0
0
0
0
0
0
0
0
0
0
0.04
0.73
0
0.13
0
0.05
0
0
0
0
0
0
0
0
0.13
0.03
0.03
0.07
7.86
1.36
0.01
0
0
0
0
0
0
0
0
0
0
0
0
0
0
0.04
0.02
0
0
0
0
0
0.91
0
0.88
0
0.01
0.06
0.11
0.02
0.02
0.11
0.76
0.3
0.04
0
0.01
0
0
0
0
0
0
0
0
0
0
0
0
1.66
2.88
0.91
4.96
1.12
10.32
5.86
13.71
4.39
0.43
0.3
0.12
0.19
4.76
0.5
0
0.01
0
0
0.01
0
0.01
0.07
0.14
0.18
0
0.64
0.73
0.47
3.81
1.08
0.02
0
0.02
0.3
0.34
0
0
0
0
0
0
0
0
0.02
0
0
0.12
0
0
0
0
0
0.07
0.27
0
0
0
0
0
0.02
0
0.01
0.02
0.84
11.77
10.59
2.34
2.52
0.07
0
0
0.27
0
0.02
0.2
3.13
0.49
0.74
0
0
0
0
0
0
0
0
0
0
0
0
0
0
0
0
0.04
0.03
0.04
0
0
0.02
0.01
0
0.01
0
0
0.13
0
13.77
25.63
2.81
0
0.27
3.05
0
0
0.01
0
0.02
0
0.02
0.37
0.01
0.04
0
0.02
0
14.18
0
0
0.04
5.82
11.41
0
0.05
0.05
25.48
1.16
0
0
0
0
0
0
0.01
0.01
0
0
0
0
0
0
0
0
0
0
0
0.01
0
0
0
0
0
0
0
0.57
0.36
0
0
0
0
0
0
0
0
0
0
0
0.1
0.2
0.1
0.02
0
0.01
0
0
0
0
0
0.01
0.01
0.01
0
0.21
1.83
3.07
0.04
0
0
0
1.69
1.25
8.88
2.24
0.59
0
5.39
0.7
0
0.03
0.27
6
6.29
7.3
17.06
0.66
3.27
13.7
3.8
0.47
0
0
0
0
0
0
0
0
0
0
0
0.02
0
0
0
0
0.18
0
0.02
0.06
0.07
5.45
7.75
4.3
3.39
20.82
9.63
22.34
3.39
0.33
0.05
0
0
0
0
0
0
0
0
0
0
0.03
0
0
0.17
2.55
7.12
0.67
0
0.03
0
0
0
0
0
0.04
0.91
2.41
5.55
6.83
0.65
0.19
0.16
0.03
0.55
0.07
0.15
0.86
1.71
0.9
0.52
0
0.45
0
0
0
0
0.01
0
0
0.01
0
0
0
0
0
0
0.25
0.63
0.22
0.19
2.39
0
1.11
0.5
0.81
17.21
8.52
0.3
0.09
0.05
0.07
0.06
0
0
0
0.02
0.01
0.02
0.04
0.09
5.55
4.86
9.36
5.56
1.81
0.3
7.38
9.96
9.1
7.2
1.22
13.71
1.73
1.33
0.44
9.71
1.05
0.99
12.39
0.14
0.32
2.58
0.05
0.01
0.02
0.02
0
0.01
0.59
0.01
5.13
1.04
6.12
2.13
0
0
0
0
0
0
0
0.05
0.02
0.61
0
0
0.38
0.99
3.61
5.48
3.46
1.11
0.79
6.18
4.91
7.42
6.99
0.04
0.27
0
0
14.39
9.98
3.64
3.79
10.14
7.41
0.64
12.92
9
3.29
1.78
4.12
0.24
0.56
0.52
0.98
4.25
0.32
0
0
0.93
9.93
19.68
0.86
0.73
0.24
0
0
0.34
0
0
0
0.01
0
0.12
6.8
3.02
0
0
0
0
0
0
0.02
0.01
0
0
0
0
0
0
0.01
0
0
0
0
0
0
0
0
0
0
0
0
0
0
0.01
0
0
0.01
0
0
0
0
0
0
0
0
0
0.14
0
0
0
0
0.01
0
0
0
0
0.01
0
0.31
0.45
0.02
0
0
0.01
0
0
0
0.14
5.66
1.48
0
0
0.02
0.03
0.01
0
0
0
0
0
0
0
0
0
2.02
0.13
0
0
0
0
0
0
0
0
0
0
0
0
0
0
0.23
0
0
0
0.07
9.95
3.7
0
1.11
5.01
1.05
5.55
0.22
0
0.02
0
0
0
0
0
0
0
0
0
0
0.33
9.82
1.5
0.01
0
0
0
0
6.96
0.59
0
0
0
0.01
1.32
1.88
0.13
11.22
0.94
6.06
18.7
18.64
2.76
8.22
0.29
7.82
24.27
3.51
10.34
1.98
1.23
5.4
1.13
0.25
0.23
0
0.02
0.01
0
0
0
0
0.84
15.56
2.38
0.44
1.26
0.02
0.06
0.13
0.07
0.02
0.01
0
0.02
0.66
0.23
0.03
0.19
0
0.04
0.1
0.24
0.24
0.1
0.02
0
0.01
0
0.09
0
0.02
0
0
0
0
0
0.41
3.73
9.17
1.21
0.3
0.04
0
0
0
0.01
0.09
0
0.21
2.45
5.09
1.62
1.89
13.27
10.7
4.29
3.85
1.02
6.21
1.62
0.19
0.09
0
0
0
0
0
0
0
0.01
0.05
1.04
2.1
12.64
13.14
14.77
3.24
2.08
1.51
0.67
2.22
9.26
0.54
0.23
0.09
4.8
1.26
0
0.07
1.36
0
0.09
0.52
3.88
0.19
0.48
0.33
0
0
0
0
0.01
0
0.09
0.07
0.06
0
0.01
0
0
0.29
4.44
4.51
2.51
0.91
0.14
0.01
0.02
0
0.18
0.04
0
0
0
0
0
0.72
5.54
4.82
3.67
0.83
6.06
0.16
0.29
0.02
0.01
0
0
0.01
0
0
0
0.01
2.61
14.95
7.27
2.02
8.27
1.18
0.79
1.86
0.68
0.01
0
0.02
0.07
9.45
0.81
1.38
0.16
0
0
0
0
0
0
4.38
3.75
11.04
4.71
0
0.08
1.27
0.76
0.04
1.31
6
0.58
0.02
0
4.02
0.41
0
0.06
0.04
18.15
3.4
0
0.17
0.02
0
0
0
0
0
0
0
0
0.01
0
0.03
0
0
0.02
0
0
0
0.01
0
1.9
0.26
0
0.31
0.17
0
0.04
2.76
1.45
0
0
0.01
0
0
0
0
0.01
0
0.23
0
1.33
0
0
0
0
0
0.01
0.02
0
0
0.04
0
0
0
0.02
0.02
0.13
2.41
0
0
0
0
0
0
0
0
0
0
0.01
0
0
0
0
0
0
0
0
0
0
0
0.16
0.01
0
0
0
0
0
0
0
0
0
0.01
0
0
0.34
0.06
0
0.03
1.55
0.09
0
0
0
0
0
0
0
0
0
0
0
3.21
0.13
0.61
0.57
0.12
0
0
0.01
0.01
0
0.52
0
0
0
0
0
0
0
0.01
0
0
0
0
0
0.01
0
0
0
0
0.08
0
0
0.04
0.03
0
0
0
0.07
0.32
2.29
3.84
11.3
2.22
1.43
0.06
0
0.01
0
0.38
5.06
0.69
0.04
2.44
0.61
0.02
0
0
0
0.02
0
0
0
16.53
15.84
3.05
0
0.02
0.01
0
0
0.02
1.55
9.54
1.01
1.17
3.44
0.04
0.79
0.01
0.04
0
0
0.02
0.02
0
0
0.02
0
0.72
4.38
6.6
6.73
3.86
2.94
10.39
7.83
5.37
2.95
4.07
2.32
3.48
2.16
0
1.81
0
4.28
0.63
0.05
0
0
0
0
0
0.01
0
0.01
0
0
0
0
0
0.01
0.02
0
0.01
0.03
3.79
10.23
4
0
0.01
1.14
2.27
5.18
0.88
0.06
6
2.27
0.02
0.03
0.06
3.56
15.66
18.42
10.55
6.97
6.02
2.83
3.05
8.08
1.66
0.54
0.51
6.63
0.75
0
0
3.78
3.02
1.08
0.01
0.02
0
0.25
3.66
2.55
0.05
0.64
0.12
3.6
6.42
0.48
0.02
0.02
0
1.11
0.09
0.95
0.21
0.01
0.01
0.01
0.34
0.02
0.02
0
0.01
0
0
0.78
8.61
0.93
0.11
7.6
11.41
0.56
0.59
0.13
1.27
2.39
0.28
0
1.63
2.3
1.89
0.3
0.24
0.02
0.08
4.15
0.72
3.04
11.14
7
3.46
1.49
0.15
0
0
0
0.79
0.08
3.61
14.52
2.68
0
0
0.01
0.04
0
0
0.69
0.02
0
0.04
0
0
0
0.05
0
0
0.05
0.02
3.14
0
0
0
0
0
0
0
0
0
0.01
0
0
0.02
0
0.01
0
0
0.02
0.07
0.04
0.09
0.09
0.14
0.47
3.03
0
0
0
0.01
0
0.09
0.09
0
0
0
0
0
0.01
0
0.08
0
0
0
0
0
0
0
0
0
0
0.2
0.05
0
0
0.02
0.04
0
0
0.03
0.79
4.16
0
0
0
0
0
0
0
0
0
0
0
0
0
0
0
0
0
0
0
0
0
0
0
0
0
0
0
0
0
0.01
0
0
0
0.01
0.02
4.75
12.92
0.1
0
0
0.03
0.48
0.04
0.1
0.5
0
0.09
6.8
0.77
0
0
0.01
0
5.61
12.43
1.53
4.35
0.42
1.44
0.05
0
0
0
0
0
0.06
0.02
0.15
0.01
0.26
5.5
1.51
7.3
2.28
0.15
0.05
0.01
0.7
2.59
0
9.5
8.2
11.41
4.29
1.76
0
0
0
0.05
3.17
8.01
0.67
0.01
0
0
0
0
0
0
0
0
0
0
0
0
0
0
0
0.22
0.3
4.19
11.94
2.39
0.07
0
0
0
0
1.13
0.54
0
0
0
0
0.32
0
0
0
0
0
0
0
0
0
0.36
5.01
0.09
0
0
0.05
15.42
1.6
0.28
0.03
0
0
0.02
0.16
3.52
0.13
0
0
0
0
0
0
0
0
0
0
0.01
0.01
0
0
0
0.03
0.23
29.85
5.75
0.36
19.57
9.85
0.89
0.74
0
0
0
0.61
0.09
0.17
2.57
0.75
0.2
2.41
6.16
2.48
3.57
13.27
4.32
0.24
0.16
4.29
0.29
0.29
0.08
0.02
0.01
0
0.09
6.3
10.01
0.09
0
0.01
0.1
24.2
7.82
0.59
0
0
0
0.05
0.55
4.9
5.44
0.17
0.09
0.01
0
0
0
0.13
0
0
0
0
0
0
0.3
2.21
0.11
0.01
0.01
0
0
0.02
0
0
0
0
0
0.9
1.72
0.27
0.03
1.13
0.06
0.42
0
0.04
8.06
5.76
12
3.62
2.27
12.07
11.42
1.66
1.04
0
0
0
0
0
0
0
0
0
0
0.02
0.03
0.35
3.52
0.55
0
0
0
0.04
0
0
0.14
0
0
0
0
0
0
1.2
0.35
1.3
0.02
0
0
0.04
6.84
9.52
0.04
0
0.01
0
8.84
11.32
0.6
0.02
0.18
4.27
0.24
0
0
0
0
0
0
0
0
0.02
0.01
0
0
0
0
0.03
0.11
2.22
0.01
0
0
0
0
0
0
0
0
0.39
0.19
0
0.04
0.64
0.63
8.66
0.33
0.01
0.08
0.41
5.63
1.25
6.32
0
0.09
0
4.57
1.75
14.67
7.05
0.38
0
0.01
0
0
0.01
0
0
0
0
28.93
0
0
0
5.18
0.01
0
0
0
0
0.01
0
0.12
0.01
0
0
0.07
0.01
0.02
0
0
0
0.05
0
0
0
0
0.05
0.02
0
0
0
0.19
3.07
0.75
1.09
0.32
0.04
0.04
0.21
0
0.01
0.02
0
0.01
0
0.23
0.01
0
0
0.02
0
0
0
0
0.05
0
4.14
0.9
0
0
0.05
2.54
0.91
0
0
0.29
0.96
11.43
0.24
0.8
5.27
5.03
0.04
0.03
0
14.8
15.89
4.76
0
0
0.14
0.62
0
0.02
0
3.64
3.98
3.17
19.08
12.33
7.45
0.29
0.27
2.13
0
0.03
0
0
0.03
0.52
0.67
2.52
0.24
5.34
28.77
3.98
0.64
0
0.03
0.06
0.48
0.2
0
0
0
0
0
0
0.01
0.44
1.5
2.87
0.71
0.48
0
0.02
0.03
0
1.02
7.02
11.35
7.77
3.37
0.64
0.09
2.36
3.94
8.2
26.33
4.7
3.66
1.88
0.73
0
0.04
0
0.01
0
0
0
0
0
0
0
0
0
0.12
0
12.53
0.34
0.54
0.16
0.19
3.44
0.24
0
0.01
0.01
0.25
12.81
2.05
7.11
6.05
4.91
4.18
11.28
0.26
0.04
0
0
0
0.25
1.19
6.74
3.73
3.76
1.75
9.09
0.58
0.02
0.48
0.08
0.49
0.96
0.31
3.26
0.43
0
0
0
0.13
0
0.02
0
0.02
6.23
2.28
0.27
0
0
0
0
0.97
0.03
0.05
0.23
0.2
0.01
0
0.01
0
0
1.47
0
0
0
0
0
0
0
0
0.55
0
0
0
0
0
0
0.02
0.52
0.01
0
0
0
0
0
0
0.05
0.08
0
0
8.67
10.92
16.76
1.63
4.22
1.55
2.01
0.1
1.59
10.59
2.12
0.87
0
0.84
1.84
2.39
5.1
1.38
0.28
0
0.34
0
1.19
17.73
9.27
1.84
0.16
0
0.2
2.55
0.55
1.7
9.3
0.52
0.51
0.38
3.17
3.29
11.12
12.7
8.77
6.13
0
0.01
0.2
0
0
0
0
0.09
0.36
0
6.02
0.95
0.88
0.01
0.01
0
0
0
0.04
0
9.05
0
0
0
0
39.14
26.36
1.78
1.63
1.52
3.77
1.03
10.23
0.59
5.1
0
0.01
0
2.18
1
5.37
0.31
0
4.31
3.3
1.78
8.39
9.57
0
0.38
1.01
2.22
0.77
0
0
0
0
0
0
0
0.07
0
0
0
0.02
0
0.09
0
0
0.02
2.06
0
0
0
0
0
0
0
0
0.01
0.02
0
0
0
0
0
0
0
0
0
0
0
0
0.57
0.02
0
0
0
0
0
0
0
0
0
0
0
0
0
0
0
0.02
0
0
0
0
0
0
0
0.15
0
0
0.02
0
0
0
0.01
0
0
0
0
0
0
0
0
0
0
0
0
0.16
9.37
0.38
0
0
0
0
0
0
0
1.29
0.95
3.19
0.37
0.02
14.54
16.63
19.41
4.58
6.99
0.75
0
0.01
0
0
0
0
0
0
0.01
0.57
3.22
0.02
0.01
0.07
0
0
0.01
0
6.71
0.97
0.07
0.2
11.53
5.2
0.96
0
0
0
0
0
0
0.03
0.01
0
0
0
0.97
0.34
0.12
0
0.04
16.11
3.37
0.16
0.14
0
0
0
0
0
0
0
0.02
0
0
0
0
0
0
0
0
0.01
0
0
0
0
0
0
0
0
0
0
0
0
0
0.01
0
0.25
6.12
0.31
0
0
0
0.02
0
0
0
0
0
0
0.04
0.06
0.04
0
0
0
0
0
0
0.36
0.07
0
0
0
0
0.01
0
0
0.01
0.09
4.14
3.81
3.11
0.38
0.02
0
0
0.02
0.01
0
0
0
0
0.13
0.03
5.34
8.41
11.2
3.2
6.52
4.8
0
0
0.04
0
0
0
0.28
2.19
0.5
0.02
0
0.01
0
0
0
0
5.38
2.65
0
0
0
0
0
0
0
0
0
0.35
7.66
1.4
14.11
8.15
0.91
7.51
7.32
3.79
1.7
3.99
4.46
2.3
0.93
0.01
3.49
5.34
3.37
0.12
0.15
0.27
0
0
2.07
1.58
1.01
10.34
7.61
9.55
11.61
2.23
0.18
0
0.13
0
0
0
0
0
0
0
0.01
0.49
0
0.01
0.05
6.94
3.76
0
0.78
0.01
0
0.68
0.05
0.03
6.6
1.48
8.91
27.13
0.29
0.77
0.52
0
1.04
6.86
7.08
2.5
2.59
0.02
0
0.06
0
0.25
0
0
0.68
0
0.03
0.64
18.8
0
0
3.94
12.36
0
0
0.04
0.29
0.97
0.1
0
0
0
0
0
0.48
0
0
0.28
0
0
0.03
0.02
0
1.47
0.19
2.49
0
0.01
0.02
0
0.04
0
0
0.15
0.18
0.31
0.59
0.08
0
0
0.01
0
0.05
0
0.01
0
0
0.3
0
0
0.27
0
0.02
0
0.11
3.64
0
0.08
0.02
0.01
0
0.01
0
0.25
1.09
0.06
0.02
0.02
0.02
1.02
0
0
0
0
0.01
0.28
0
0
0.01
3.99
11.78
2.9
1.8
9.89
4.51
0.21
2.9
0.18
0
0
0
0.01
0
0
0
0.11
0.55
0
0
0.01
0
0
0
0
0
0
0
0
0
0
0
0
0
0.02
0
0
0
0
0
0
0
0
0
28.34
4.49
0
0
0.22
0.02
0.02
0
0
0.05
4.26
0
0.01
0
0
0
0.38
0.14
0
0
0
0
0
0.02
0.07
0.02
0
0.05
1.55
0.32
4.57
7.02
3.13
16.53
7.41
14.86
7.03
3.16
2.89
4.43
7.07
5.8
1.18
3.14
4.21
3.02
0.22
2.46
1.61
4.09
3.57
1.63
3.94
8.84
1.02
0.25
8.6
4.03
3.03
0.6
11.55
22.04
9.34
0.68
0.56
3.98
0.28
0
0.04
3.95
9.61
0.23
0.25
0.2
0.23
0
5.9
4.98
4.53
2.33
0.16
0.22
0.17
0.09
0.09
0.77
0.09
0
0
0.02
0.04
0
0.01
0
0.01
0.01
0.02
0.01
0
0.05
0.55
0.38
4
3.2
2.13
0.7
5.21
1.22
0.02
0
0
0
0.04
0
0
0
0
0
0
0.01
0
0
0
0
0
0
0.01
0.05
0
0
0
0
0
0
0
0
0.19
0.07
0.02
0
0.05
0.11
2.98
0
0
1.39
0.09
0
0
0
0
0.36
0
0
0
0
0.03
3.82
2.44
0.8
0
0.03
0
0.01
0
0.16
2.56
0.83
0.15
2.11
9.57
4.7
1.84
4.62
0.96
0.6
0
0.02
0.32
0
0
0
0
0
0
0.48
0.05
0.24
0.56
0.59
5.71
1.64
0
0
0.57
1.06
2.89
0.56
0.01
0
0
0
0
0
0.42
0.41
0.14
3.22
0
0
0.14
0.85
0
0.16
0.47
0
0.05
0.11
0.68
0.03
0
0.5
0.3
0.01
0.02
0.01
0
0
0
0.24
6.63
0
0.16
0
0
0
0.39
0
1.09
6.63
1.12
0
0
0
0
0
0.02
0
0.01
0
0
0.09
0
0.13
0
0
0
0
0
0
0.01
0.01
0.02
0.01
0
0
0
0
0
0.02
0
0.13
0
0
0
0.02
0.27
0
0.13
0.69
0.23
0
0
0.41
9.4
1.98
0
0
0
3.9
0.21
0.12
0.01
0
0
2.31
2.44
1.95
2.6
0
0.13
0
0
0
0
0
0.96
24.16
0.72
2.27
0.03
0
0
0
0
0
0.02
0.02
0
0
0.13
0.26
0.02
0
0
0.08
24.89
9.63
0.03
0
0
0
0.06
0
15.41
1.59
0.01
0.18
0
0
0
0
0
5.76
0
0
0
3.76
0.13
1.33
3.03
3.66
0.41
0
0
3.66
0.3
0.03
0.06
0
0.02
0
0.99
1.73
4.08
1.54
13.89
0.13
2.07
11.51
16.95
5.47
2.19
0.1
0.38
5.23
4.98
0.87
0.76
6.55
0.85
0.13
0.01
0.01
0.02
0.16
8.07
14.21
5.13
0.9
0.01
0
0.03
0.03
0.02
0
0
0.07
0.18
0.13
4.41
0.32
6.73
11.99
1.62
0.23
0.34
0.25
0.18
0.07
0.07
0.01
0
0
0.02
0
0.61
10.78
2.51
0.82
0
0.02
0.01
0.01
0
0.05
0
0
0
0.01
0.01
0
0
0
3.5
0.36
1.31
0.72
0.27
0.17
0.23
0.01
0
0
0
0
0.26
3.79
0.15
0.1
0.06
0.16
0.95
0.01
0.04
0.02
0.04
0.13
0.08
0
0.02
0.03
0.03
0.23
0.04
0.15
0.75
0
0.01
0.18
0.04
0.32
5.04
11.3
0
0
0.57
2.66
0.79
0.15
2.34
0.29
0
0.05
0.02
0.03
0.16
7.2
4.8
4.98
1.96
0.04
0
0.01
0
0.02
0.02
0.33
3.09
15.84
2.91
0.42
0.27
0.59
5.53
9.75
6.56
3.59
2.09
0.39
0.1
3.37
4.17
0.88
0.02
4.89
5.94
0.16
0.01
0.36
0.02
0.25
0.23
0.74
0.36
6.36
0.87
0.01
0
0.1
0.2
0
0
1.66
4.73
0
0
0.01
0
0
0
0.04
2.12
0.83
12.89
22
2.38
2.57
0
0
0
0.01
0.01
0
0.04
2.02
0.12
0.04
0.09
0
0
0.32
0.04
0.02
0.11
0.34
0.02
0.09
0.98
0.02
0.04
0
0
0
0.01
0
0
0
0
0
0
0
0
0
0
0
0
0.02
0
0.58
1.31
3.63
4.07
0.75
0.32
0.07
0.02
0
0.01
0.01
0
0
0
0
0
0.5
3.36
0.09
0
0
0.01
0.01
0
0.04
0
0.01
0
0
0
0
0
0
0.81
4.11
0.84
0.62
0.17
0
0
0
0
0
0
0.03
0
0
0
0.01
0
0
0
1.35
0.03
0
0.01
0
0
0
0
0.21
0
0
0
0
0
0
0
0
0
0
0
0
0.01
0
0
0
0
0
0
5.28
0.01
0
0
0
0
0.01
0.03
0.08
1.52
0.25
0.78
0
0
0
0.02
0
16.72
23.32
10.56
3.26
0
0.01
0
0.94
0.7
0
0.01
0
0
0
0.11
0
0.37
0.55
27.88
0.3
0.12
0
0
0
0
17.13
0.58
2.86
0.14
0
0.05
0
0
0
0
0
23.95
22.61
5.18
6.3
1.18
0.94
0.15
0
0.01
0
0
0
0
0.84
1.55
0.4
10
4.43
0.45
0.86
0
0
0
0
0.09
2.83
6.23
0.06
0.02
0.02
0
0
0
0
0.13
7.18
1.23
5.48
0.01
0
4.45
2.21
0.3
0
0.01
0.01
0.23
0.19
0
0.1
1.27
20.35
3.13
5.48
4.92
0.79
0
0.01
0.01
0
0.23
0
0
0.02
0.28
0.35
4.68
1.48
0.31
0
0
0
0.02
0
0
0
0
0
0
0
0
0
0
0
0
0
0
0
0
0.01
0.4
1.52
1.59
0
0
0.35
0
0
0
0
0
0
0
0
0
0.18
0.02
0.01
0
0
0
0
0
0
0
0
0
0
0
0
0
0
0.07
0
0
0.07
2.55
0.05
0.02
0.02
0.01
0.21
13.03
3.65
0.21
0.01
0
0.25
5.36
2.56
0.24
0
0
0.04
2.86
0.24
0.03
0.01
0.29
0
0
0
0
0
0
0
0
0
0
0
0
0
0
0.01
0
0
0.42
0.04
0
0.54
0.14
0.01
0.29
8.09
4.34
4.19
9.17
6.46
3.17
1.34
1.16
1.04
1.02
0.02
0
0
0
0.01
0
0
0
0
0
0
0
0
0
0
0
0
0
0
0
0
0.54
11.09
4.53
0.24
0.01
0
1.61
0.82
0.01
0
0
0
0
0
0.05
0
0
0
0
0
1.84
1.14
0.24
3.07
0.26
0
0
1.73
6.34
23.51
11.81
2.6
0.26
1.66
0.92
0
0.27
0
0
2.4
1.38
0.67
0
3.91
11.41
3.74
22.5
3.59
0
0.11
0
0
1.52
18.08
3.55
0.5
0.04
0
0
0
0
0.06
0
0
0
0
0
0
0.36
0
0
0
0.01
0
0.01
0
0.5
0.11
0.02
0
0
0
0
0
0
0
0
0
0
0.1
11.82
3.05
0
0.63
9.15
0.17
0
1.63
1.96
4.35
0.48
0
0
0
0
0
0
0
0
0
0.34
7.47
0
0
0
0
0.55
0.46
0.01
0
0.14
0
0.01
0.04
0
0
0.01
0
0
0
0
0
0
0
0
0
0
0
0
0.02
0
0
0.01
0
0
0
0
0
18.94
6.13
2.84
1.92
0.01
0.01
0
0.01
0
0
1.32
0
0.66
5.16
1.98
2.5
7.79
6.63
0.69
0
3.85
13.52
2.92
9.88
12.98
0.22
0.21
0.5
0.09
0.09
0.02
0.38
2.96
1.73
9.37
9.3
1.74
0.16
0
0
0
0.3
0
0
0
0
0
0
0
0
0
3.04
0
0
0
0
0
0
0
0
0
0
0
0
0
0
0
0.54
1.56
0.59
13.82
1.78
8.15
1.49
0.09
0.41
0.31
0.11
0
0.2
1.4
5.43
5.41
0.64
0.08
0
0.42
0.25
0.51
1.73
0.63
1.16
0.33
0.12
0
0
0
0
0
0
0
0
0
0
0
0
0.01
0.01
0
0.05
0
0
0
0
0
0
0
0
0
0
0
0
0
0
0
0.01
0
0.36
0.32
0.08
0.14
0.1
0.64
0.1
0.22
0.1
0.01
0.41
2.71
1.66
0.98
0.14
0
0
0
0
0
0
0
0
0
0
0
0.09
1.85
0.41
0.16
0.54
0.61
0.31
0
0
0
0
0
0
0.7
0.76
0.23
3.1
2.95
0.09
0
1.24
0.01
0
0
0
0
1.9
3.09
0.64
0
0
0
0
0
0
0
0
0
0
0
0
0.01
0.06
0.18
0.01
1.89
2.29
0.54
4.22
0.66
1.19
0
0
0
0
1.42
0.3
2.57
13.65
8.05
4.66
6.22
3
4.35
1.5
3.61
0.57
0.36
0.2
0.03
0.41
0.55
0.5
7.43
7.31
3.85
1.65
10.66
0.98
0
0
9.72
7.46
0.77
0.05
0
0.58
8.89
13.29
11.95
4.31
2.39
0.04
0
0.01
0
0.02
0
3.54
0.04
6.04
3.49
1.34
11.61
8.88
0.71
0
0
0
0
0
0.02
1.43
0
0.46
0
0.02
0.73
0
0
0
0
0
0
0.01
0.63
5.73
0.34
0.21
0.99
0.01
0
0
0
0
0
0
0
0
0
0
0
0
0
0
0
0
0
0
0
0
0
0
0
0
0
0
0
0
0
1.71
0.49
1.64
0
0.01
0
0
0.01
0
0.02
0
0
0
0
0
0
0
0
0
0.23
1.4
0
0
0
0
0
0
0
0
0
0
1.84
0
1.98
0.91
7.81
0.01
0
0
0
0
0.86
0.18
0.02
0.04
0.67
0.03
1.47
11.39
3.36
3.32
0
0
0
0.01
0.55
7.58
0.89
2.67
1.8
0.88
5.32
9.48
5.22
3.13
5.81
6.62
6.24
15.92
3.41
2.13
2.47
2.65
5.8
3.9
0.01
0.04
0.02
0
0
0.02
0.02
0.21
8.05
16.61
0.32
0.14
1.55
8.95
2.72
2.36
10.82
5.31
5.68
5.29
1.13
0
0.06
0.02
0
0
0
0
0
0.03
0.01
0
0
0
0
0
0.15
0
0
0.04
0.01
4.16
0.47
6.48
0.52
0
0
0
0
0
0.01
0
0
0
0
0
0
1.04
0.13
0.01
0
0
0.3
0.11
0.13
0.5
0
0
0
0
1.85
0.11
0.05
0.23
0.26
0
0.41
2.98
0.45
7.62
9.93
1.36
6.25
8.99
2.08
0.76
0.77
0
0.03
0
0
0
0
0
0
0
0
0
0
0
0
0
0
0
0
0
0.01
4.02
8.58
1.35
1.32
0
2.18
0
0
0
0.01
0
0.02
0.6
0.07
0.99
0.62
0.11
2.34
0.56
0
1.4
0.41
0
0
1.56
4.03
3
0.21
0.19
0
0
0
0
0
0
0.01
0
0.03
0.31
0
0.01
0
0.02
0.03
0.02
0
0
0
0
0
0
0
0.02
0
0.01
0.02
0.03
0
0
0
0.01
0
0.01
0.01
0
0
0
0.03
0
0
0
0.04
9.36
3.61
0
0.92
7.12
1.88
0
1.31
2.86
2.78
0.01
0.01
0
0
0
0
0
0
0
0.14
0.31
1.24
2.79
0.79
0
0.08
0.11
0
3.71
0.82
6.08
3.8
1.8
0.13
2.57
0
0
0.11
2.04
0.16
0
0
0
0
0
0
0
1.29
0.01
0
0
0
0.01
0.32
0.44
0
0
0
0
0
0
0
0.01
0.01
0
0
0
0
0
0
0.01
0
0
0
0
0
0
0
0
0
0
0
0
0
0
0
0
0
0
0
0
0.15
0.11
0
0
0
0
0
0
0
0
0.01
0
0
0.03
1.06
0.04
0
0.02
0
0
0
0
0
0
0
0
0
0
0.01
0.03
0.13
0
0
0
0
0
2.22
0.01
0
0
0
0
0
0
0
0.02
0
0
0
0
0
0
0.34
0
0
0
0
0
0.01
0.02
0.63
0.34
0
0
0
0
0
0
0.31
0.69
5.68
0.13
0
0
0.67
2.33
1.92
3.7
10.42
1.34
0.77
1.71
12.33
0
0.74
0
7.1
1.05
0.07
0
0
12.85
5.58
1.63
0.85
3.68
1.53
2.13
0.61
6.29
0.21
0.26
3.42
1.16
11.02
0.44
0
0
0.23
0
0
16.45
12.32
1.45
4.64
3.43
6.25
4.64
1.08
1.3
9.21
0.64
0
0
0
0
0
0
0
0
0
0
0
0
0
0
0.01
0.01
0
0.03
0.02
0.07
0.04
1.21
0.15
3.71
0.17
0.59
0.61
0
0.02
0.02
0
0.01
0.01
0.04
0.8
0.34
0
0
0
0
0
0
0
0
0.01
0.54
0.36
9.25
2.59
0.8
0.59
0
0.05
0
0
0
0
0
0.01
0.01
0
0
0
0
6.1
3.61
0.24
2.2
0
0.02
0
0.3
0.2
0.03
0
0.09
0.49
0.22
0
0
0
0
0
0
0
0
1.18
0.91
0
0
14.68
4.84
0.11
0
0.02
2.7
0.06
0
0
0.05
0
0
0
1.79
0.23
0
0.02
0
0.01
2.93
1.05
0.02
0
0
0
0
0.59
0.01
0.01
0
0
0
0
0
0
0
0
0
0
0
0
0
0
0
0
0
0
0
0
0
0
0
0.01
0
0
0
0
0
0
0.01
0
0
0
0.05
0
0
0
0.03
2.55
2.9
1.58
4
0.61
0.04
3.95
2.3
0.12
0.06
0
7.11
0.28
0.79
0
0.31
2.48
9.61
6.58
3.68
6.2
0.59
0
0.09
0
0
0.02
1.69
0
0
0
0
0
0
0
0
0
0
0
0
0
0
0.03
0.01
0
1.62
0.48
2.79
5.08
8.16
3.79
0.07
0.01
0.03
0
0
0.11
0
0
0
0.48
0.03
0
0.09
18.06
7.88
1.2
1.73
4.27
2.76
2.45
0
0
0
0
0
0.01
0
0.01
0.05
0.07
0
0
0
0
0
0
0
0
0
0
0
0
0.02
0
0
0
0
0
0
0
0.02
0.01
0
0
0
0
0
0
0.32
11.16
5.6
0.94
0
0
0.43
0.12
0
0
0.02
0
7.39
12.84
0
5.95
0.03
0
0
0
0
0.01
0
0
0.01
3.98
0.02
1.07
0.57
0.63
0.14
0
0
0
0
0.68
0
0
0
0
0
4.13
2.52
0.07
0
0.02
0
0
0
0
0
0
0
0
0
0
0
0.1
0
0
0.01
0
0
0
0.05
0.07
0.06
1.55
0.09
0
0.12
0
0.09
0
0
0
0.05
1.43
0.12
0
0.02
0
0
0
0
0
0
0
0
0
0
0
0
0.25
11.46
26.51
4.53
1.03
1.15
2.71
15.29
7.97
0.84
0.75
0.07
0.07
0
0.04
0
7.68
0.26
1.88
0
0.04
1.98
0.04
0
1.47
8.57
0
1.52
3.37
1.32
1.05
0
0
0
0
0.3
12.06
0.82
0.11
1.09
0.95
0.65
0.29
9.58
2.95
3.28
5.49
3.35
10.44
2.16
17.02
13.36
21.56
2.38
0.31
0.13
11.08
7.53
11.59
1.76
7.3
6.64
2.21
12.71
1.5
0
0.46
0.83
0.73
0.48
0.36
3.82
2.21
7.67
5.91
21.36
3.53
1.64
1.34
1.54
7.88
2.14
0.34
5.35
10.42
3.68
1.67
2.59
5.55
3.23
0.3
0.32
0.3
0.81
0.25
0
1.34
0.54
0
0.1
0
0.08
1.06
0.3
0.08
0
0
0
0.62
9.91
0.28
1.26
0
0
0
0
0
0
0
0
0.1
0
0
0
0
5.61
2.04
0.63
0.09
0.46
0.35
2.58
0.1
0
0
0.13
0.02
0
1.68
0.03
0.46
16.07
10.97
6.98
7
0.82
0
0
0.98
3.96
1.98
1.38
0
0
0
0
0.01
0
0
0
0
0
0
0
0.98
6.23
0.22
0
0
0
0.09
1.16
0.92
1.09
0.62
3.52
0.16
0.02
1.62
22.27
5.29
0.9
5.37
14.14
11.48
0.88
0
0
0.1
1.34
5.22
5.9
4.38
0.93
0
0
0
0
0
0
0
0.01
0
0.27
5.18
0
0
0
0.03
0
0
0
0.01
0
1.29
0.04
0
0
0
0.01
0.11
1.01
0
0.82
0.11
0
0
0
0
0
0
0
0
0
0
0
0
0
0
0
0
0
0
0
0
0
0.01
0
0.58
0.26
0
0
0
0.05
0
0
0
0.27
1.62
0.16
0.2
0.02
0
0.03
0
0
0
0
0
0.07
0
0
1.15
0
0
0.01
0
0.04
1.53
0
20.53
0.2
0
0
0
0
0
0
0
0
0
0
0
0.06
2.28
0
0
0
0
0
0
0
0
0.02
1.19
0.35
0.62
4.1
0.82
0
0.08
0.07
0.16
1.04
1.29
4.09
15.66
2.89
0
0.02
0
0
0
0
0
0
0
0
0
0
0
0
0
0
0
0
0
0
0
13.97
1.19
0.95
0
0.59
1.27
0
0
0
0
0
0
0
0
0
0
0
0
0
0
0
0
2.1
0.45
0.23
0
0.69
0
17.49
26.33
8.39
8.86
2.11
0.95
9.84
5.95
1.3
3.57
0.93
0.75
0.45
0.53
0.15
0.13
0.1
0
0
0
0
0
0
0
22.83
6.24
5.3
0.84
1.37
0.31
3.29
14.15
15.05
13.68
2.16
0
2.85
4.63
7.81
6.01
11.74
9.77
4.02
7.44
6.64
3.57
0.67
1.62
1.77
12.64
5.79
13.5
3.73
8.86
5.05
3
13.33
6.62
15.43
16.38
2.44
1.57
0.28
0.41
0.73
0.8
2.23
7.62
2.84
10.57
22.46
12.61
4.07
6.49
0.97
0.8
1.12
0.2
0.55
0.14
0.1
0
0
0
2.96
0.78
0.21
0
0
0
0
0
0
0
0
0.01
0.33
0.01
0
0.02
0
0
0
0.02
1.43
0.35
0
0
0
0
0
0.01
0.04
0.09
0
0
0
0
0
0
0
0
0
0
0
0
0
0
0
0
0
0
0
0
0
0
0
0
0
0
0
0
0
0.34
0
0
0
0
0.32
0.11
0.02
0
0
0
0
0
0
1.79
6.09
6.09
8.3
6.12
0.3
0.04
0
0
0
0
0.03
0.01
0
0
0
0
0
0.91
2.71
1.38
1.76
0
0.02
0
0.34
0
3.96
2.88
3.79
6.34
2.08
0.07
0.03
0.1
0.53
0.44
5
8.16
1.75
1.22
0
0.02
0.03
9.91
7.24
2.26
0.62
10.12
13.22
1.32
0.12
0.05
0
0
0
0
0
0
0
0
0.04
3.56
0.47
0.04
0
0
0
0
0
0.01
0.01
0.01
0.95
0.36
0.04
12.66
11.57
1.06
0
0
0.13
0
0.17
0.95
0.12
0.02
0
0
1.38
0
0.21
0
0
0
0.02
0.03
0.49
9.14
3.06
0.68
0.38
2.39
0
0.06
0
0.01
0
0
4.95
0
1.04
0
1.55
3.13
1.59
10.54
0
0
0
0
0
0.09
0
0
0
0.01
0.02
0.55
4.43
0
8.77
0.2
0.54
0.02
0
0
0
0
0
0.01
0
0
0
0.01
0.03
0
0.01
0.01
0
0.08
2.4
5.12
1.97
0
0
0.43
0.43
0
0.01
0.23
3.29
2
1.8
0.42
0.95
0
0.52
0
0
0.57
0
1.38
1.88
0.02
0
0
0
0
0
0
0
0
0
0
0
0
2.3
3.05
2.69
0.69
0.52
0.36
0.57
2.45
4.8
0
0
0
0.13
11.73
5.88
6.14
17.63
10.68
9.08
5.94
3.46
8.15
12.77
2.19
16.01
0.26
0
0.31
1.36
8.65
1.8
1.69
15.83
4.37
1.03
2.13
10.5
3.97
0.54
2.1
0.06
0
0
0
0
23.01
0
0.01
0
1.06
0.8
0.52
2.2
5.45
0
0.05
5.72
8.61
19.96
6.05
2.56
1.22
4.86
7.41
1.73
0.41
2.08
0.81
0.47
1.12
4.3
2.09
8.26
0
0.4
0.71
0.57
0
0.23
0
0
0
0
0.53
2.63
1.59
0
0
0
0
0.29
0
0.16
0
0
0.17
0.27
1.93
4.89
1.52
0.9
3.46
1.27
3.66
2.66
14.13
5.05
6.89
0.27
0.24
0
1.05
3.39
0.05
0
0
0
0
0
0
0
0
0.01
0.07
6.56
0.08
0
0
0
0
0
0
0
0
0.16
0
0
0
0
0
0
0
0.01
0
0.01
0
0
0
0
0
0
0
0
0
2.92
0.17
0.03
0
0.01
0.04
8.13
0.23
6.37
0
0.09
1.29
0.43
2.43
1.13
0.92
0
4.34
3.55
2.36
0.07
0.43
11.15
2.13
10.77
1.2
0
0
0.46
0.14
5.02
0
0
0
2.05
0
17.48
5.9
2.77
1.48
3.84
0.51
0.05
0.01
0
0
0
0.01
8.86
12.71
2.05
5.56
14.63
9.26
0
0.39
0.19
8.66
3.82
3.53
3.23
5.2
9.06
0
2.05
10.16
1.7
9.89
1.41
1.03
0.27
0
0.42
0.37
12.66
0.01
0
0
0
0
0
0
0
0
0.07
0
0
0
0
0
0
0
0
0
0
0
0
0
0
5.8
4.8
0
0
0
0
0
0
0
0
0
0
0
0.05
0
0
0
0
0
0
0
0
0
0
0
0
0
0
0
0
0
0
1.93
0.1
0
0
0
0.02
0
0
0
0.09
0
0.45
0.11
0
6.16
1.79
0.05
0.43
10.04
1.4
0
0
0
0.01
0
0
0.27
0
0
0
0
0
0
0
0
0
0
0.03
0
0
0
0.01
0
0
0
0
0
0
0.02
0.24
0.03
1.09
11.98
3.26
0.34
5.38
3.41
2.74
11.75
0.69
0.43
0
0
1.68
9.55
7.04
2.09
0
0.46
0.81
0.4
0
0
0
0
0
0
0.01
0.07
0.01
0
0
0
0
0
0.2
0
0
0
0
0
0
0.09
0.32
1.86
11.48
0.51
0.56
0
0
0
0.05
0
0
0
0
0
0
0
0
0
0
0
0
0
0
0.12
0
0
0
0
0
0.03
0.36
0.09
0.27
0.09
0.04
0
0.55
0
0.14
0.23
0.05
0.11
0.43
0
0
0.01
0
0
1.21
0.01
0
0
0
0
0
0.16
0.8
5.83
9.5
5.13
0.67
0
0.04
0
0.01
0
0
0.24
3.43
0
0.01
0
0
0
0.02
2.78
1.94
0
0
0.09
0.48
3.28
0.6
0
0
0.01
0
0
0
0
0
0
0
0
0
0
0
0
0.27
8.32
1.07
0
0
0
0
0
0
0
0
0
0
0
0
0
10.5
2.65
0.08
0.27
1.3
0.2
0.09
1.45
0.76
0
0
0
0
0.01
0.02
14.66
7.18
0.76
0.86
4.36
0.44
0.11
0
0
0
0
0.01
0.17
7.75
5.88
1.84
1.76
0
0.01
0.02
0
0.03
0
0
0
0
0.02
0.02
0.02
0.01
0
0.02
0.24
0
0.57
0.64
9.57
1.18
0.01
0.01
1.48
0.66
0
0
0
1.55
5.48
18.7
12.82
3.34
1.37
2.45
4.56
3.26
0.64
0.77
3.88
2.27
0.03
0.01
0
0
0
0
0
0.01
0.51
4.42
6.57
1.94
0.37
0
0
0.01
0
0
0
0
0
0
0.07
3.76
11.76
0
0
0
0
0
0
7.26
6.93
0.08
0.09
0
15.59
0.04
0
0.91
0
0
0
0
0.01
0.06
0.02
0.21
0
0
0
0.12
0.01
0
0
0
0
0
0.01
0
0
0
0
0.08
0.34
2.87
0.14
0
0
0.02
0
0.05
0
0.01
0
0
0
0
0.02
8.7
4.74
0.2
0
0.05
0
0
0
0
0
0.01
0.03
1.32
0
0
0
0
0.22
0
0
0
0
0
0.17
0.15
0.06
0
0
0.07
0.34
1.25
0.44
0.15
0
0
0
0
4.24
0.41
0.02
1.5
1.02
0.39
0.24
0.24
0
0
0.01
0
12.66
0
0
0.05
0
9
23.25
1.4
0.09
0
0
0.06
3.79
0.88
0
0
0
0
0.18
0
0
0
0.73
13.88
4.83
0
0
0.3
3.32
12.88
1.98
0.02
0.05
1.02
14.64
2.27
8.23
16.16
5.5
15.02
20.17
7.37
2.84
11.79
4.13
0
0.75
0.06
0
0.09
0.05
0
0
0
0
0
0.04
0
0.75
17.13
8.14
2.81
2.02
1.82
0
0.06
0
0
1.77
0.18
0.02
0
0
0
0
0
0.01
0.17
0
0
0
0
1.17
0.1
0.08
0
0.65
6.06
0.46
0.02
0
1.14
5.69
1.9
0.45
0.24
0.05
0.14
0
0.19
0
0.02
0.03
0.08
0
1.18
5.8
11.23
1.33
0.31
0
0
0
0
0
0
0.02
0
1.76
0.65
0.01
0
1.84
10.45
0.67
0.25
0.17
0
0
0
0
0
0
0
0
0
0.01
0
0
0
0.2
1.47
0.57
0
0
0
0
0
0
0
0
0
0
0
0
0
0
0
0
0
0
0
0
0
0
0
0
0
0
0
0
0
0
0
0
0
0
0
0
0
0
0
0
0
0
0
0
0
0
11.5
1.58
4.07
3.13
0.53
0.22
0
0.25
0.05
0.02
1.84
1.45
0.61
5.73
4.59
1.63
0.64
0
4.46
7.04
6.04
5.71
0.86
0.39
3.1
5.43
19.41
7.36
0.48
5.56
1.19
0
0
8.96
0.25
0
0.81
1.73
4.88
0.41
0.12
0.19
0.58
0.06
1
4.54
1.81
4.11
11.18
2.66
1.7
1.43
0.32
0.08
0
0.04
0.01
1.91
5.07
0.08
0.24
0.55
4.18
1.01
2.71
1.79
0.08
1.18
0.02
0.02
0
0.31
0.05
0.97
0.12
1.2
19.05
0
0.02
0
0
0
0
0
0
0
0
0
0
0
0
0
0
0
0
0
0
0
0.49
0
0
0
0
0
0
0
0
0
0.01
0
0
0
0.25
0.01
0
0
0.02
0.01
0
2.8
0.28
0
0
0.02
0
0.01
0.02
0.03
0.01
0
0
0
0.02
0
0.08
0.01
0
0
0
0.02
0
0
0
0
0.77
0
0.01
0
0
0
0
0
0
0
0
0.01
0
0
0
0
0
0.01
2.6
0
0
0
0
0
0.01
0
0
0
0
0
0
0.01
0
0
0
0
0
0.06
1.31
7.5
0.84
0
0.01
0
0
0
2.64
0.1
3.24
0.86
0
0.08
0.34
0
0
0.26
0
0
0
0
0.49
3.1
0.13
0.12
0
0.38
0.01
0
0
0.18
2.04
1.21
0.03
0.2
0.19
0.54
0.59
0
0
0
7.65
0.38
0.3
14.87
0.15
1.83
16.53
4.51
0.93
0.63
0
0
0
4.43
3.04
0.05
0
0.65
0.01
0
0
0.23
1.5
11.5
4.25
7.16
0.7
1.23
0.18
0.65
7.51
0.84
7.52
0.64
0.08
0.04
7.76
11.68
2.24
0.99
0
0
0
0
0.14
5.35
0.07
0.01
0.15
0
0.1
0.05
1.68
9.01
6.01
6.31
5.48
8.17
2.96
8.07
20.91
2.25
0.11
4.64
1.45
2.44
1.46
4.56
1.22
0.23
0.39
2.45
3.57
7.04
1.37
0.83
1.01
1.38
3.43
3.93
11.16
0.83
0.03
0
0.39
2.17
4.63
1.76
19.55
5.34
2.07
0.16
0.01
0
0
0
0
0.28
1.17
0.38
1.03
4.82
0.66
0.07
0.03
0
0
0
0.38
0.1
0.16
0.73
0.13
0
0
0
8.22
2.7
0.48
0.3
0.24
0
17.82
10.73
4.9
9.66
1.31
0.91
16.1
2.11
0.12
0.73
0.03
0
0.1
0
0.09
4.71
0.09
0
0.21
0.05
0
0
0.13
1.13
1.45
4.52
0.85
0.12
0.5
0.34
0
0
0
0
0
0
0
0
0
0
0
0.16
0
0
0
0
1.86
23.97
1.6
0.09
0.03
0
0
0.02
0.03
0.01
0.14
1.23
0
0.56
0.29
3.99
2.74
0.04
1.17
0.22
0.05
0.2
0.6
5.02
1.75
0
0
0
0.14
1.22
0.01
0.31
19.06
11.35
8.87
9.17
1.68
0.01
0.1
0
0
0
0
0
0
0
0.01
0.01
0.01
0
0.01
0
0.03
0.68
8.06
1.48
0
0
0
0
0
0
0
0
0
0
0
0
0
0
0
0
0
0
0
0
0
0
0
0
0.13
0.25
0.01
0.17
0.04
0
0
0.13
0
0.2
0
0
0
0
0
0
0
0
0
0
0
0.01
0
0.09
0
0
0
0
0
0
0.01
0
0
0
0
0
0.05
0
0
3.8
0.67
0.26
0.13
0
0
0
0
0
0
0
0
0.01
0.06
0
0
0
0.01
0
0
0.14
4.39
0.71
0.12
6.07
0.19
0
0
0
0
0
0
0
0
0
0
0
0.84
0.86
19.34
7.78
6.59
0.44
0
0.05
0.02
10.68
0
0.01
0
0
0.01
0.02
0
7.87
0.43
2.45
0.23
0.03
0
18.07
2.21
0
0.14
2.78
6.29
17.76
12.46
4.65
0.39
1.46
0.31
0.01
0
0.06
0
0
0
0
0
0
0
0
0
0.18
0.79
0.08
0
0.25
0
0
0
0.14
0.3
4.2
0
0
0
0
0
0.03
0.01
0
0
0
0.02
0
0.02
0
0.03
0
0
0
0
0
0
0
0
0
0
0
0
0
0
0
0
0.01
0
0.01
0
0
3.64
11.01
1.55
0
0.01
0
0
0.02
3.91
2.52
1.98
7.77
11.3
1.04
0.03
0
0.03
0
0.82
0
0.02
0.48
3.03
0.11
0.71
0
1.2
0.02
0
0.09
1.94
1.61
7.29
0.32
0.29
0.02
0
0
0
0.01
0
0.02
0
0.29
0.23
3.9
0.23
0.14
0
0
0
0
0
0
0
0
0
0
0
0
0
0
0
0
0
0
0
0.4
1.06
1.99
0
27.84
5.17
0.21
0
0.05
0
0
0
0
0.46
6.1
6.69
10.7
7.42
1.16
0.45
0.05
0
0
0
0
0
0
0
0.23
3.8
0.68
0.04
0
0.3
3.27
1.46
0
6.18
7.8
5.64
0.54
0.75
22.14
9.16
7.11
0.06
0.01
0
0
0.01
0.02
0
0
0
0
0
0
0
0
0
0
0
0
0.05
0.51
0.75
0.57
5
3.36
18.85
19.75
2
3.36
1.91
0
0.03
0
0
0
0.02
0
0
0
0.13
1.33
0
0
0
0
0
0
0
0
0.09
0
0
8.41
8.44
3.11
7.23
2.04
0
0
0.42
0
0
0
0
0
0
0
0
0.02
0
0
0
0
0
0
0.02
0.01
0
0.02
1.18
0.18
0
0
0
0
0
0
0
0
0
0
0
0
0
0
0
0
0.02
0
0
0
0
0
0
0
0
0
0.02
0.04
3.47
0
0.01
0
0
0
0
0
0.01
0
0.01
1.4
0.04
0
0.46
0.55
0.4
0.07
0
0.94
0.05
0.02
0.82
1.31
0.28
12.93
0.52
9.52
0
0.01
0.04
0.26
0
1.95
2.06
0
0
0
0
0.05
0.13
0
0.15
0
0
0
0.19
4.44
2.36
2.99
1.67
0.82
11.69
1.86
1.54
3.84
0
0.04
0
0
0
0
0.07
2.8
0.69
0
0
0
0.03
0.37
10.28
15.6
13.73
0.28
0.02
0
0
0.21
0.13
0.1
0.03
0
9.68
9.78
4.46
0.39
0
0.01
0.02
0
0
0.41
4.2
0.03
0
0.11
0.02
0
0
0
0
0
0
0
0
0.25
7.64
5.43
4.23
8.26
0.91
1.05
9.2
2.66
1.64
5.53
1.97
4
0.25
0.07
3.34
2.29
5.05
0.09
3.82
0.02
0
0.11
0.09
0.25
0
0.02
10.63
4.82
2.86
0.41
4.17
1.96
0.04
3.45
5.23
3.87
7.38
0.55
0
0.71
0.23
1.79
0.79
2.74
2.85
0.04
0.26
2.7
0.7
1.18
3.38
0.58
0.85
10.7
1.19
14.36
4.55
5.56
0
0
0
0
0.2
0
0.65
0
3.69
1.63
5.63
0.65
7.35
0.81
0
0.31
0
0
0.01
0
1.02
1.57
0.16
0.03
0.01
0
0.01
0
0
0
0
0.15
0.27
0
0.19
0
0
0.01
0
8.23
10.88
2.84
0.04
4.31
0
4.4
29.16
11.45
1.96
0.07
0
0.2
0
0.62
2.52
0.13
0
0
0
0
0
0
0
0.19
0.51
0.05
0.01
0.01
0
0
0
0.02
0
0
0.12
2.84
16.56
3.32
9.66
13.91
1.73
0.05
0
0.01
0
0
0
0
0
0
2.8
1.62
2.1
11.25
9.18
2.01
0.07
0.24
2.68
13.15
0.71
0
1.05
0
0
0.07
0.1
0
0
0
0.17
0
0
0
0
1.3
23.57
5.74
3.06
0.01
0.06
0.02
0
0
0
1.68
10.37
0.25
0
0
0
0
0
0.01
0.33
0
0
0
0
0
0
13.34
9.05
0.12
0
4.96
0
0.35
0.29
0.24
0
0
0
0
0
0.22
3.61
0.25
0.63
0.13
0.02
0
0.01
0
2.27
0
0
0
0
0
0
0.01
0
0
0
0
0.02
0
0
0
0
0
0
5.01
0
0.09
0
0
0
0
0.08
0
0
0
0
0
0
0
0
0
0.01
0.02
0
0
0
0
0.01
1.05
0
0
0
0.12
0
0
0
0
0.01
0.08
0.02
0.95
0.23
0
0
1.16
7.69
0
0
0
0
0
0.05
0.02
0
0
0.06
0.02
0
8.66
0.39
1.91
0
0
0
0
0
0
0
0
0
0
0
0
0
0
0.92
0.54
0
0.02
0
0.3
0
0
4.24
12.1
7.47
4.7
0.93
0.01
0
0
0
0
0
0
4.13
10.67
14.7
3.63
0.3
18.64
3.71
18.7
10.92
0.6
1.63
0.01
0
1.57
11.01
10.25
3.7
9.56
1.16
9.35
13.87
0
0.04
0
0
0
0
0
6.87
1.15
0.99
0
0
0
0
8.62
6.76
0.14
0
0
0.01
0
6.89
3.55
0.02
0
3.83
0.92
0
0.32
4.52
0.5
0.19
0.27
0.74
2.34
3.84
1.91
0.87
4.98
0.57
0.01
0
0
0
0.05
0.22
0.61
2.27
0.01
0.25
0.2
0
0
0
0
0
2.33
0.61
0.55
1.43
0
0.01
0.05
0
0
0
0
0
0
0.07
0
0
0.04
0.05
0.13
0.1
0
0
0
0
0
0
0.09
0.01
0.01
0.22
3.15
0.97
0.09
0.12
4.38
3.26
0.5
0
0
0
0.07
0.12
0.07
0.02
0
0
0
0
0
0
0
0
0
0
0.04
4.17
5.86
4.23
5.75
26.61
9.71
1.68
0.72
0.15
0.79
0
0
0.01
0.21
1.46
1.21
0.02
0
2.41
0.23
0
9.47
4.28
0.02
0
0.02
0
0
0
0
0
0
1.43
0.81
0.04
7.68
7.77
8.58
10.09
15.53
2.48
7.88
1.68
0.36
0
0.21
0.31
0.04
1.63
0
0
0.01
0
0.01
0
24.17
14.7
1.98
4.74
0.06
0.09
0.68
1.39
0
0
0.01
0
3.08
30.22
9.04
2.84
6
23.02
3.75
1.45
11.25
2.02
0
0.11
4.05
5.68
6.68
0.34
0.03
0.01
0
0.05
1.65
0.05
0
0
0.29
5.4
5.48
8.91
6
4.75
0.11
0.43
0.04
0
0.65
0
0
0
0
0.02
39.46
2.67
0
0.08
0
0.08
4.44
0.09
0
0
0
0
0.36
0.52
0
0
0
0
0
0
0.01
0
0
0.04
0
0
0
0
0.12
1.11
9.28
0.34
0
0
0.01
0
0
0
0
0.58
1.5
0
0
0.03
0
0
0
0
0.73
0
0
0
1.81
0.02
0
0
5.45
0.1
0.11
1.16
0
0.02
0
0.87
5.65
0.22
0
0
0
0
0
0.06
0.41
0
0.74
0
0
0
0
0
0
0
0
0
0
0
0
1.38
18.66
10.28
0.63
4.79
2.03
0
0.03
0.04
0
0.01
0
0
0
0.02
0
0
0
0.02
0
0
0
0
0
0
0
0
0
0
0
0
0
0.01
0
0
0
0
0
0
0.31
0.09
0
0
0
0
0
0.14
5.48
3.21
4.34
6.04
0.39
0
0.82
15.28
2.25
24.36
7.66
4.38
1.84
2.39
1.64
0.57
2.02
21.82
1.27
0
0
0
0.05
0.05
0.02
0
0
0
0
0
0.13
0
0
0
0.08
0
0
0
0
0
0
2.61
2.23
0.29
13.17
1.08
4.92
0.15
0
0
0
0.02
0.04
0
0
0.15
0
0.04
0.42
0.08
0
0
0
0
0
0
0
0.01
0.13
0
0
0.12
0
0
0
0.01
0
0
0
0
0
0
0
0
0
0
0
0
0
0
0
0
0
0
0
0
0
0.11
0.11
1.87
0.45
0
0
0
0
0
0
0
0
0.04
0.55
2.55
0.46
0.53
0.01
0.01
0
0
0.04
0
0
0
0
0
0
0.13
0.45
12.77
18.81
0.8
0
0
0
0
0.02
1.36
0.01
0
0.01
0.01
0
0
0
0
0
0.01
0.45
3.39
0.11
0
0
0
0
0.02
1.04
0.75
3.45
0.13
0.85
1.14
0.91
2.04
0.59
0
0
0.83
12.16
7.49
2.14
0.66
0.03
0
0.63
0
0
0
0
0.38
0.52
0
0.01
0.01
0.02
0.01
0.05
0
0
0.01
0
0
0
0
0
0
0
0.01
0.05
0
0
0
0
0
0
1.79
0.16
0.27
0.46
10.75
1.32
0.01
2.36
1.33
0
0
0
0
0
0
0
0
0
0
0
0.75
0.75
3.62
0.67
0
0.02
0
0
0
0
0
0
1.49
0.11
2.37
0
0
0
0.05
0.02
0
0.02
4.11
0.42
0.53
8.2
1.17
0.01
0.59
4.56
0.22
0.06
0
0
0.01
0
0
0
0
0.8
0
1.66
0
0
0
0
0
0
0
0
0
0
0
0
0
0
0
0
0
0.01
0
0
0
0.05
0.08
0
0
0
0
0
0
0
0.05
1.63
0
0
0
0
0.55
2.48
0
0
0
0
0
0
0
0
0
0
0
0
0
0
0
0
0
0
0
0
18.77
6.41
0.63
0.14
0.04
0
0
0.84
0
0
1.42
0
0
0
0
0
0
0.1
0
0.04
0
0
0
0
0
0
0
0
0.01
0
0
0
0
0.07
0.66
1.47
4.95
1.91
0.29
1.94
0.1
9.49
2.56
0.08
0.76
0.23
14.91
0.83
0.23
0
0.01
0.3
15.15
0.95
2.67
1.11
0
0
0.01
0.16
0.02
0
0.05
0.2
0.24
0
0.23
14.27
7.75
13.75
3.65
0.05
0
0
0
0
0.01
0.02
0
0
1.12
0
1.06
0.84
0
0.01
3.18
10.15
0.46
0.54
0.19
0.03
0
0
0
0
0
0
0
0
0
0
0
0.01
0.02
0.26
0
0
0.93
0
0.45
8.11
1.27
0.09
0.85
0
0.48
0.14
0.12
0
0.19
0.86
6.24
3.73
0.45
7.04
0.3
0.02
0.06
0
1.59
3.52
7.04
0.65
0.34
0.05
0.01
0.02
0
0
0
0
0.19
0.06
0.05
0.5
0.21
0.03
0
0
0
0
0
0
0
0
0
0
0
0.05
0
0
0
0.04
0.53
4.71
2.57
1.82
3.45
2.58
6.46
1.73
12.63
4.43
0.06
0.21
0
0.08
0.88
11.01
1
0
0
0
0.48
0
0
0
0
0
0
0
1.21
9.71
4.23
3.14
0.73
1.29
1.98
0.18
0.01
0
0.06
0
0.13
0
0
0
0
0
0.01
8.54
4.93
1.42
1.63
0
0
0
0
0
7.17
3.82
1.82
7.72
0
0.2
0.21
4.23
1.63
0.38
0
0
0
0
0.01
0
0
0
0.23
4.41
3.26
1.83
0.35
0.17
0
0
0.01
1.62
1.15
0
0.27
0
0
0
0
0.03
0
0
0
0
0
0
0
0
0.39
1.81
0
0.17
0
0
0
0.02
0.01
0
0
1.89
13.05
1.42
0
0.01
0.02
3.88
7.07
1.71
3.23
0.82
4.36
3.23
0.05
0
0.41
2.5
0.19
0
0.95
0
0.01
0.04
0
0
0
0
0.01
0.01
0
0
0
0
0.09
0.01
2.23
0.45
0.69
0
2.55
10.43
3.11
0.13
0
0
0
0
0.01
0
0
0
0
0
0
0
0
0
0
0
0
0
0
0
0
0
0
0
0.01
0
0
0.8
0.02
0
0
0
0.01
0.04
0.07
0
0
0
0
0
0
0
0
0
0
0
0.75
0
0
0.16
2.75
0
0.02
7.82
12.51
10.33
0.16
0
0
0
0.02
0
25.52
2.9
0.27
0.77
0
0
0.02
0.03
0.02
0.01
0.06
0.62
0.61
0
0
0
0
0
0
0
0.1
0
0.03
0
0
0.16
18.03
10.29
10.22
25.98
0.64
4.11
15.97
0.31
3.53
1.06
0.04
0
0
0.01
0
0
8.82
14.96
3.27
0.97
1.71
7
0.64
0
0
0
0
0
0.34
3.92
9.38
0.48
0.05
0.06
0.01
0
0.01
1.4
2.92
7
0.09
0
0.13
0.15
0
0
0
0.65
0.61
12.56
1.6
10.74
1.03
0
0
0
0.01
0.01
0.01
0.01
0
0
0
0
0
0
0.38
0
0
0
0
0
0
0
0
0.01
0.03
0.22
0.01
0
0.01
0
0.03
0.03
0
0.05
0.16
0
0.02
0
0.33
0.01
0.01
0.01
0.09
0
0.37
4.97
1.02
3.3
3.14
1.49
0.05
0.03
3.27
0.91
0.04
0
2.63
1.84
1.78
3.59
0.27
4.34
21.57
1.91
0.58
2.62
1.32
0
2.02
0
1.01
0.53
0
0.05
5.16
0.54
0.22
0.6
0.54
2.18
0.16
0
0.04
0
0
0
0
0
8.86
6.99
0.4
0
0
0
0
0
0.01
0.01
0.35
0.16
0
0.05
0.01
0.4
0
0
0.27
0.18
5.01
7.44
2.13
0
1.09
5.21
9.25
0.88
1.7
2.51
1.71
10.34
6.45
1.43
0.34
1.49
1.41
13.79
3.35
1.65
1.57
0.53
2.06
0.12
0
0
0
0.24
0.03
0
10.19
16.48
13.97
4.55
0.24
3.02
0.79
4.22
2.77
0.25
0.2
0.02
0
0.01
0
0.02
0
0.22
0.16
0.14
0
0.01
0
0
14.63
11.63
1.48
12.64
2.59
4.11
5.37
2.88
0.39
0
0
0.01
0
0
0
0
0.35
0
0
0
0.08
1.53
0.3
0
0
0.25
7.68
11.83
13.5
1.98
0.1
0
0
0
0
0
0
0
0
0
0
0
0
0
0
0
0
0
0
0.26
0
0.01
0
0
0
0
0
0
0
0
0
0
0
0
0
0.01
0
0
0
0
0
0.01
0
0
0
0
0.02
1.72
8.61
0
0.02
0
0
0
0
3.74
0
0
0
0
0
0.02
0
0
0
0.02
0
0.5
0.51
0.02
0.02
0
0
0
0
0
0
0
0
0
0.58
0
0.02
0.02
2.85
0.13
1.12
2.36
9.23
0.4
0.67
0.24
0
0
3.66
4.19
3.75
1.37
0.15
0
0
0
0
0.64
0
0.2
10.13
3.06
5.17
0.6
0
0
0
0
0.02
0
0.04
0
0
0
1.12
0
0
0
0.01
0
0.67
1.95
0
0
0.45
0
0
0
0
0
0
0
0
0
0
0
0
0
0
0
0
0
0
0
0
0
0
0
4.32
9.3
0.83
3.9
0
0.02
0
0
0
0
0
0
0.26
0
0
0
0
0
0
0
0
0.21
0
0
0
0
0
0
2.2
1.03
0.48
0.83
0.57
2.36
0.06
0.16
0
0
0
0
0
0
0
0
5.77
5.82
1.26
0.67
0.46
0.33
0.02
0.04
0.46
6.38
0.14
4.7
0.28
3.23
1.28
0
0
0
0
0
0
0
0
0
0
0
0
0
0
0
0.85
0.79
5.65
0
0
0
0
0
0
0
0
0
0
0.11
0
0
2.98
3.14
15.59
0.36
0.44
0.26
0.51
4.28
0.33
0
3.1
4.25
0
0.02
0
0
0
0
0
0
0
0.02
0.05
0.04
0
0
0
0
0
0.5
0
0.05
0.25
0.36
12.8
0.09
0.13
0.02
1.34
0
0
0.13
3.18
0.09
0.15
0
0
0
0.02
0.81
5.38
12.96
4.9
8.93
7.27
0.15
0.53
0
0.52
9.62
16.19
7.59
17.48
4.98
0
0.04
0
0
0.5
0.53
0.87
0.07
0
0.05
0
0
0
0.05
0
0
1.89
4.6
12.36
14.95
0.63
7.67
9.64
1.26
3.71
4.7
2.93
2.29
0.75
0
4.52
0.49
8.54
1.85
1.48
0.54
2.17
3.61
0.1
3.11
14.41
4.91
7.5
0.13
0.29
0.88
0
0
12.84
15.67
4.88
2.63
0
0.06
0
0
5.67
0.03
0
0
0
0
0
7.55
0.92
0.06
0.44
0
0
0.16
0
0
0
0
0
0
0
0
0
0
0.01
0.04
1.51
0
12.34
0.65
1.39
0
0
0.02
0.03
0
0.04
0.03
0
0
0
0
0
0
0
0
0
0
0
0
0
0.02
0
0
0
0
0
0
0
0
0
0
0
0
0
0
0.01
0.08
0.31
0
0
1.14
1.04
0
0
0
0.02
0.02
0
0
0.01
0.84
3.29
0
0.17
0.17
9.55
0.94
0
0
0
0
0.21
0
0.01
0
0
1.36
2.31
5.16
0.14
6.09
0.63
2.84
0
0
0.01
0
0
0
0
0
0
0.86
0
0.08
0
7.18
3.32
0.52
0
0
0.01
3.99
4.32
0.4
0
4.95
8.89
2.86
1.36
0
0
6.69
10.27
2.5
9.25
16.52
7.2
2.25
0.17
0.21
0.04
0.06
2.31
0.21
0
0
0.12
0
0
0
0
0
0
0
0
0
0
0
0
1.41
0.37
0.21
0
5.41
1.63
0.86
2.91
0.68
4.21
0.48
0.17
2.34
19.36
3.48
1.31
0.35
0
1.01
9.46
0.14
0.24
0.05
0.07
0
0
0
0
0
0
0
0
0.83
0
0
0
0
0
0.52
0.81
7.2
1.23
0
0.27
0
2.88
1.19
0.07
0.82
0.14
1.99
0
0.09
0.2
0.29
1.04
5.86
0.59
1.85
13.14
0.65
0
3.6
0.41
0.21
1.94
0.35
2.01
2.12
11.41
2.77
3.89
6.04
6.13
6.22
0
0.2
3.66
0.15
0
0
0
0
0
0
0
0
0
0
0
0
0
0
0.01
0
0.32
1.11
4.26
3.18
1.84
9.61
3.59
0.61
0.01
0
0
0
0
0
0
0
0
0
0
0
0
0
0
0
0
0
0
0
0
10.5
4.28
4.49
0.27
0
0
0
0
0.04
3.55
2.07
0
2.74
10.33
3.4
0
0
4.77
2.66
3.07
1.51
7.59
1.44
0.53
0.41
0
0
0.11
0.27
0.57
0.42
0
0
2.06
0
0.01
0.01
0
0
0
0.01
1.31
7.61
0.05
0
0
0
0
0
0
0
0
0
0.53
0
0
0
1.31
0.15
0
0.01
0
0.48
0.84
0.1
0
0
0
0.3
2.08
1.5
0.26
0.61
0
0
0
0
0.5
0.36
1.95
0.58
0
0.02
1.38
0
0
0
0
0
0
0
0
0.01
0
0
0
0
0
0
0
0.01
0
0.01
0
0
0
0
0
0.01
0
0
0
0
0
0
0.07
0
0
0
0
0
0
0
0
0
0
0
0.01
0
0
0
0
0.02
0.83
0.22
2.01
0
0.05
0
4.3
0
0
0
0
0
0
0
0
0
0
0.02
0
0
0
0
0
0.04
0
0
0
0
0.64
0.07
1.55
0.13
0
1.24
0.03
0.93
0.01
0.15
0
0.91
14.66
2.98
0.16
0.12
0.01
0
0
0.01
0
0
0
0.19
1.36
2.25
2.85
0
0.18
0.18
0
0.22
0.68
0.16
0
0
0
0
0
0
0
0
0
0
0.48
10.18
16.1
1.37
0
0
0
0
0
0
0
0
0
0
0
0
0
0.7
0.24
0
0
0
0
0
0
0
0.08
0
0
0.04
0
0
0
0.45
0
0.01
0.01
0.11
2.23
0.3
0.95
7.38
0.9
1.06
12.98
2.09
0
0.2
0.13
1.07
0.06
0.16
0
0
0.49
11.09
4.32
0.22
3.16
0.89
0
0
3.86
10.48
16.06
14.96
8.82
16.69
7.63
1.33
12.69
37.03
11.14
6.04
0.72
0.27
9.98
8.21
4.09
5.03
12.58
1.81
1.73
5.22
1.16
9.79
8.77
2.95
0.29
0.55
0.41
0.34
1.88
0.18
0.11
0.26
0.19
0
3.76
1.66
0.95
0
0.01
0
0.1
0
0.07
2.43
6.01
0.4
0
0.11
7.12
1.66
0.01
0.07
0.01
0
0
14.83
7.51
3.55
2.93
0.57
0.68
9.53
5.16
7.36
1.41
9.96
5.29
0.43
1.43
0.59
4.96
4.76
0.48
21.89
4.77
7.46
0.05
0.13
0.05
0
0
0
0
0
0
0
0.09
0.71
0.18
1.5
0.15
0.23
13.16
5.43
0.15
0
0.22
3.3
0.81
0.09
0
0.1
2.01
0
0
0.06
0.58
0
0
0
0.12
7.16
6.45
4.7
7.33
12.13
8.57
8.45
0.89
0
4.06
2.33
0.77
0
0.27
0
0
0
0.04
0.65
2.28
0.05
5.16
0
0.33
0.51
1.95
4.89
0.7
7.54
5.03
4.19
0.54
0.34
0.13
0
0
0
0
0
0.01
0
11.71
0.46
0
0.2
1.03
0
0
0.02
0
0
0
0.05
0.01
0
0
0.01
6.35
27.68
5.8
5.66
9.93
1.03
10.25
0.6
0.11
0.5
2.58
0
0.38
0
0
0.06
1.65
6.47
11.05
0
0.22
0.38
0
0
6.61
3.41
0
0
0
0.02
0.05
0.47
0.01
0
0
0
0
0
0.01
0
0
0
0
0
0
0
0
0
0
0
0
0
0
0
0
0
0.01
0
0
0
0.05
10.06
0.39
0.18
0
0
0
0
0.02
0
0
0.07
0
0.11
0
0
0
0
0
0
0
0
0
0
0
12.6
3.3
0
0
0
0
0.14
0
0
0
0
0.12
0
0
0
5.89
7.86
0.22
0
7.55
0.37
0.1
0
0
0
0
0
0
0
0
0
0
2.06
0.57
0.09
0
1.79
1.28
21.53
4.63
0
5.12
0
0
0
0
0
0
0.01
0
0
0
0
0.02
0
0
0
0.04
1.95
9.98
2.37
0.14
0
0
0
0
0.01
1.2
10.64
1.28
0.13
0.25
0.29
0
3.38
0.6
1.62
2.75
0.08
0.66
3.71
3.83
0
0
0.57
0.46
0
0
0.03
2.48
2.48
1.17
2.99
0.07
0
3.71
5.69
8.41
5.58
0.34
0
0
0
0.09
0.48
0
0.15
0.23
3.29
2.65
4.82
13.13
4.84
3.27
0
0
0
0.36
0
0.78
4.31
1.3
0.03
0
0
0.35
1.3
0.26
0
7.48
4.66
4.08
0.28
0
0.01
0
0.01
0
0
0
3.76
0.85
0
0
0
0
0
0.46
6.39
5.62
2.34
2.38
0
0
0
0
0
0
0
0
0
0
0
0
0.09
3.15
5.62
17.28
8.25
3.17
0.58
11.63
1.01
0.02
0
0
0
0
0
0.05
0.03
0
0
3.45
4.57
0.02
0.25
0
0.01
0
0
6.97
1.8
1.28
5.19
3.45
9.78
0.88
0
0.04
0
0
0
2
0.21
1.11
3.3
1.87
0.49
0.11
0
0
0
0
10.73
0.11
0.04
0
0
0
0
0.02
0.03
0
0.01
0
0
0
0
0.02
1.54
1.16
22.07
4.94
1.55
1.36
0.77
0.14
0.79
1.65
1.64
0.59
0.96
1.79
4.52
0.46
3.7
1.96
19.4
0.94
0
0.01
0.02
0.25
0.07
15.49
0.36
0.01
0
5.45
0.24
0
0.36
1.13
0.62
0
0
1.72
3.25
0
21.21
3.59
0
0.01
0
0
1.83
2.64
11.59
7.07
0.32
0.03
0
0
0
0
0
0
0
0
0
0
0
0
0.02
0
0
0
0
0.01
0.01
0
0
0
0.76
0.13
0.03
0
0
0
0
0
0
0
0
0.04
0
0
0
0
0
0
0
0
0
0
0
0
0
0
0.01
0
0
0
0.1
0
0
0
0
0
0
0
0
0
0.01
6.98
0.59
0
0
0.01
0
0.04
0
0
0.1
0
0
0
0
0
0
0
0
0
0
0.07
0.65
0.39
0
0
0
0
0
0
0
0
0
0
0
0
0.01
0
0
0
0
0
0
0
0.05
0
0
0
0
0
0
0
0
0
0
0
0
0
0
0
0
0
0
0
0
0
0
0
0
0
0
0.01
0
5.02
18.15
1
12.54
16.84
0.92
0
0
0.07
0.09
8.61
15.13
15.18
14.85
1.22
1.3
0.24
0.04
0.01
0
0.01
0.26
9.37
0.14
0
0.52
0.23
1.57
0.37
0.42
4.54
0.47
0.02
0
0
0
0
0
0.04
0.96
3.67
0.06
0
0.02
0.2
0
0
0
0.14
0
0.16
0.17
0.01
0
0.9
0.09
0.43
0
0.01
0
0
0.01
0
0
0
0
0
0
0
0
0.05
0.45
0
0
0.01
0
0
0.02
0
0
0
0
0
0.29
4.6
3.77
0
0.01
0
0
0
0
0
0
0
0.02
2.1
0.01
0
0
0
0.01
0
0
0
0
0
0.04
0
0.01
0
0
0
0.08
0.2
0
0
0
0
0
0
0
0
0
0
0
0
0
0
0
0
3.48
0.23
0.21
0
0
0
0
0
0
0
0
0
0
0
0.08
0.01
0
0.09
5.38
2.46
0
0
0
0
0
0
0
0
0
0
0.01
1.9
11.7
5.67
7.28
2.35
0.01
0.04
0.13
1
1.76
6.04
2.71
4.6
0.53
0
0
1
0.48
0.23
0.02
0
0.01
0
0
0
4.22
8.47
14.17
3.2
0.82
0
2.59
4.55
2.7
0.05
0
0.19
0
0
0.24
0.88
0
0
0
0
0
0
2.89
3.37
0.12
0.01
0
0
0
0
0
0
0
0
0
0
1.17
0
0
0
0
0
0.1
0
0
0
0
0
0
0
0
0
5.63
7.55
0.02
0
0
0
0
0
0.01
0
0
0
0
0
0
0
0
0
0
0
0
0.01
0.01
0
0
0
0
0
0
0
0.41
0
0.01
0
0
0
0
2.27
0.24
0.92
0
0
0.01
0
0
0
0
0
0.15
0
0.09
0
0
0.04
0
0
0
0
0
0
0
0
0.02
0
0
0
0
0
0.02
0
0
0
0
0.1
0
0
0
0
0
0
0
0.1
0.09
0.04
0
0
0
0
0
0
0
0
0
3.69
0.01
0
0
3.44
0
2.93
5.23
0.18
33.15
1.89
0.05
0.02
0
0
0
0
0
0
0
0
0.09
3.28
3.02
0
4.01
0
0
0.63
8.45
15.56
13.59
13.11
0.12
0
2.4
6.22
4.73
0.81
0.11
0
13.27
0
0.01
3.09
27.77
14.68
0.03
0
2.95
23.25
10.38
6.69
0.99
0.1
0.09
0
0
0
1.27
0.16
0
0
0.1
0.17
0
0
0
4.25
0.09
0
0
0.08
0
0
0
0
0
0.1
0.52
0
0.02
0
0
0
0.02
3.72
1.34
1.84
0.04
0.25
0.17
0.92
0.02
0
0
0
2.71
0.02
0
0
0.04
0
0.78
0.33
0
0
0
0
0
0.03
0.02
0.34
0.02
0.68
4.63
1.74
0
0.2
6.77
0.98
4.4
8.97
2.15
0
12.82
6.51
0.01
0.3
0.16
3.31
0.46
0
0
0
2.83
0.67
0
0
0.63
0.12
0
0.27
0.27
7.02
1.13
0
0
0
0
0.19
1.54
0.61
1.4
0.03
5.94
9.73
0.71
0.17
0.14
0.07
0.43
0.61
0.03
0.02
0.08
6.41
5.35
5.59
5.9
12.71
6.66
2.66
0.56
1.07
0.84
0.14
0.33
4.51
9.02
0.03
6.33
0
0
2.67
4.39
5.69
7.16
25.28
5.12
3.17
8.03
0.27
22.81
3.48
0.46
3.53
6.18
4.01
0
0.91
0.19
0.22
0.04
0.75
0
0.04
0
0
0
0
0
0
0
0
0
0
0.01
0.16
7.27
5.04
16.76
8.68
6.52
0.9
0
0.09
0
0
0
0
0.01
0
0
0
0.18
0.43
2.35
2.48
4.77
5.68
3.2
1.95
2.14
0
0
0
0
0
13.52
2.48
0.05
10.39
0.28
0
0
0
0
0.4
1.1
0.16
1.87
0.31
0
0
0
0
0
0
0
0
0.05
0.04
0.48
0
0
0
0
0.02
0
0
0.03
0
0
0
0.57
0.02
0
0
0
0
0
0
0.48
0.02
0
0
0.01
0.03
0.01
0.02
0.02
0.02
0
0.09
0.27
0.04
0
0
0
0
0
0
0.01
0
0
0
0
0
0
0
0
0.05
0
0
0
0.1
0
0
0.63
0.34
2.61
0
0
0
0
0
0
0
0
0
0.65
0.93
9.87
3.98
0.4
0
0.09
0
0
0.17
2.16
0.38
0.76
1.55
0
0
0
0.01
0
0
0
0
0
0
0
0
0
0
0
0
0
0
0.43
6.64
0
3.2
0.7
1.74
1.73
2.53
0
0
0
0
0
0
0.01
0
0
0
0
0
0
0
8.43
0.05
0.02
15.11
0
0
0.91
0.1
0
0.01
0
0
0
0
0.01
0.41
0
0
0
0.06
1.81
0
0.04
0
0.01
0
0
0.01
1.1
11.66
4.42
0.5
0
0
0
0
0
0
0
0
0.06
0
0.05
0.08
0
0
0
0
0
0
0
0
0
0
0
2.33
0
0
0
0.01
6.14
13.5
0
0.01
0
0.05
18.21
4.11
0.07
2.63
0
0
0.01
0.2
3.43
11.54
12.47
8.89
2.34
0
0
0.03
0
0
0
2.78
3.29
2.22
3.55
1.34
3.9
7.39
2.17
1.28
8.54
3.9
0.04
0
0
0.2
0
5.38
7.94
1.35
1.15
0.47
0.17
2.86
5.66
0.62
4.01
2.71
4.58
16.65
1.48
11.41
4.5
3.15
0.75
1.52
0.72
0.54
0.16
0
1.66
0.3
0.01
0.6
2.36
0.13
1.17
0.74
0.09
11.51
2
0.01
0.02
0
0
0
0
0
0
0
0
0.3
0
0
0
0
0
0.02
2.48
0.68
1.88
0.02
0.37
3.25
0.38
0
0.12
1.2
0.33
0
0.44
7.95
1.3
0.49
0
0
0
0.01
0
0.54
0.46
6.09
0
0
0.62
0.01
0.02
0
1.14
3.73
8.54
0
0
2.73
0.18
0
0
0
0
0
0
0
0
0
0
0
0
0
0
0
0
0
0
0
0
0
0
0
1.35
0.04
4.57
0.2
0.79
0.74
0.75
0.06
0.72
2.3
0.35
0
5.37
0.25
0
0
0
0
0.34
0.02
0.02
0
0
0.79
0.36
0.23
0
0
0
0
0
0
0.05
0
1.27
2.47
8.65
0.41
0.67
0
0
0
0
0.02
3.91
21.55
0.3
0.03
0
0
0
0
0
0
0
0
0
0
0
0
0
0.01
0
0
0
0
0
0
0
0
0
0
0
0
0
0
0.01
0
0
0
0
0
0
0
0
0
0
0
0
0
0
0
0
0
0
0
0
0
0
0
0
0
0
0
0.12
0
0
0
0
0
0.02
0.51
0
0
0
0
0
0
0.07
0
0.03
2.45
1.33
0.09
0
14.05
1.75
1.92
11.81
0.41
0
1.23
10.83
0
0
0
0
0.14
0
0
0
0
4.24
6.38
9.97
10.95
4.31
9.86
1.48
0.27
0.02
0
0
0
0
0.01
0.02
0.02
0
0
0.01
0.02
0.01
0.02
0
0
0
0.7
7.99
4.63
1.56
0.55
1.67
9.09
0.6
13.02
16.8
0
7.16
5.08
3.23
0.03
0.06
0.15
0
0.01
0
0
0
0
5.07
3.21
7.13
32.36
9.15
1.82
0
0.03
1.18
0.37
0.13
0.95
0
0
0
0
0
0
12.86
11.6
1
0.74
0.07
0.01
0
0
0.02
0
0
0.01
0
0.03
0.16
0.89
0.07
0
0
0
0.02
0
0
0
0
0
0
0
0
0
0
0
0.63
3.55
0.69
0.02
2.54
0.64
0.4
1.77
0.57
0.01
0
0
0
0
0.21
1.56
22.98
4.47
0.2
7.63
8.48
1.79
1.17
0.3
0.15
0
0
0
3.84
1.45
0.08
6.06
0.12
0
0.16
0
0.13
3.19
1.3
0.33
1.38
0.65
0
0
0
0
0
0.1
0.09
0
0.01
0
0
0
0
0.17
0
0
0
0
0.29
0.17
1.93
10.58
1.02
1.39
5.76
6.86
15.25
1.43
0
0.01
0
0
0
0.01
0.01
0
0
0
0
0
0.01
0
0.33
5.6
0.02
5.38
0.09
0.2
0.11
3.9
2.23
0
0
0
0
0.06
0
0
0.01
2.95
15.46
0.74
0.09
0.2
0
0
0
0
0
0
0
0
0
0
0
0
0
0
0
0
0
0
0.01
0.15
0
0.32
0
0
0.18
0
0.03
0.02
0
0.5
0.75
0.01
0
0
0.18
0.38
0
0
0.08
0.81
4.24
4.91
13.19
0.02
0.17
0.73
5.42
0.45
0
0
0
0.01
0.22
2.02
0
0
0.01
0
0
0
0
0
0.11
0.29
0.54
0
0
0
0
0
0
0
0
0
0
0
0
0.02
0
0.23
0.02
0
0
1.3
0
0
0
0
0
0
0
0.05
5.41
0.2
0
5.65
0
0
0.06
0.18
0.97
0.08
0
0
0
0
0.01
0.02
0.14
0
0
0
0.2
1.7
0.13
0.36
0.67
0
0
0
0
0
5.03
2.64
0.44
0
0.01
0
0.41
0.96
4.22
0.18
0
0
0.16
0.01
0.05
0
0.02
7.08
0.01
0
0
0
0
0
0
0
0
0
0.64
1.25
0.57
0.49
0.02
0.01
0.13
1.73
0.05
0.38
0
0
0
0.27
2.02
1.21
0.48
0
0.01
0.02
5.65
7.14
1.44
0.05
0.02
0
0
0.16
0.02
1.99
1.68
1.38
0
0
0.05
13.86
16.04
5.64
0.07
0
0
0
0
0
0
0
0
0
0.15
0
0
0
0
0
0.12
2.23
0.24
0
0.02
0.05
0
0.08
0
0
0
0
0
0
0
0
0.01
0.01
0
0
0
0
0
0.01
0
0
0
0
0
0
0
0
0
0
0
0
0
0
0.22
0.02
0.36
1.11
7.3
0.84
8.05
11.32
1.63
1.3
0.49
4.77
2.98
8.4
1.98
0.02
0.27
4.2
0
0
0
0.02
0
0.05
0.24
0.07
0
0
0
0
0.1
1.04
1.13
0.06
0
0
0.42
0
0
0
9.33
0.95
1.87
2.52
2.52
8.19
24.43
13.11
6.36
0
0.01
1.04
1.4
0.01
0
0.03
0
0
3.04
1.16
16.75
5.75
0.91
0
0
0.01
0
2.65
1.29
1.8
8.46
0.07
0.84
0
0.01
0
0.06
0.41
0
0.62
0
6.37
8.04
1.8
8.79
0.96
0
0
0
0.72
0.07
0.06
0
0.8
0.66
0
0
3.41
34.06
0.24
0.81
0.01
0.04
0.26
7.85
3.04
8.83
2.19
0
1.14
13.06
0.34
0
19.07
7.3
2.1
1
2.5
0
0
0.07
0.02
1.05
4.98
0.87
0
0
0
0
1.77
11.66
11.05
18.86
6.94
6.8
3.14
2.8
4.18
0.01
0.02
0
0
0.27
0
0
0.02
0.15
0
0
0
0.22
0
3.77
0.33
0
0
0
0
2.93
0
0
0
0
0
0.16
0
0
0
0
0.01
1.27
0.64
0
0.16
0
0
0
0
0
0.01
0
0
0
0
2.12
0.01
0
0
0
0
0
0
0.3
0
0
0
0
0
0
0
0
0
0
0
0.07
0.07
0.06
0
0.01
0
0
0
0
0
0
0
0
0
0
0
0
0
0
0
0
1.96
0.2
0
0
0
0
0
0
0
0
0
0
0
0
0
0
0
0.35
0.03
0
0
0
0.02
0.78
0
0
0
0
0
0
0.01
0
0
0
0.09
10.59
3
0.8
0.03
0.03
0
0
0
0
0
0
0
0.02
0
0
0
0
0
0
0
0
0
0.01
0
0
0.01
0
0
0.08
10.3
1.6
0
0
0
2.78
1.13
9.43
9.58
1.95
7.32
13.2
5.26
0.09
0.02
0
0
0
0
0
0
0
1
7.57
15.64
0.51
0
0.34
0.07
0.02
0
0.05
0.02
0
0
0
0
0
1.04
17.75
5.94
9.77
5.59
2.38
7.04
13.67
5.5
0
0.13
0.23
0.3
0.41
5.07
5.85
0.28
0.05
0.02
0
0
0
0.02
0.43
0
0
0.18
1.33
0.69
1.25
1.25
0
0.09
0.02
0
0
0
0.02
0
0
0
0
0
0
0
0
0
0
0
0
0.01
0.29
1.77
0
0
0
0
0
0
0.02
0
0.3
0.32
0.01
0.02
0
0.02
0.01
2.44
8.3
0.01
2.31
0.72
0.02
3.38
3.34
4.63
7.07
3.83
0
0.67
0.03
0.05
1.49
1.39
2.14
2.48
0
0
0
0
0
0.02
0
0
0
1.46
0.25
0.03
0
0.01
0
0.4
0
12.66
0.53
0.05
0.46
0.4
0
0
0
0
1.14
1.86
0.01
0
0
0
0
0.05
0.29
0
4.05
4.54
1.18
5.1
3.62
3.18
0.16
0.16
0
0.64
0
0
0
0
0
0
0
0
0
0
0
0
0
0
0
0
0
0
0.07
0.08
0
0
0
2.14
2.31
0
0.12
1.13
4.47
1.85
0.73
0
0.04
0.45
1.95
0.04
0
0.01
0
7.33
4.99
3.07
1.31
0.01
0
0
2.05
6.46
1.11
0
0
0
0
0
0
0.17
0
0.04
0.81
1.25
4.8
0.48
5.95
4.42
10.2
0
0
2.47
0
0
0
0
0
0
0.01
2.93
0.47
0.53
0.23
6.86
0.02
0.02
0
0
0
11.83
0
0.32
0.45
0
0
0.02
0
0
0.01
1.91
2.33
20.88
0.75
0.01
0.01
0
0
0
0
0.01
0
0
2.52
0
0
0
0
0
0
0
0
0
0
0
0
0
0.2
0.29
0
0
0.02
0
0
0
0.04
0
0
0
0
0
0
0
0
0
0
0
0
0
0
0
0
0.07
7.3
6.24
3.28
0.06
0
0.01
0.01
0
0
0.22
1.54
0.02
0
0.56
0
0
0
0
0
0
0.5
0
0
0
0
0
1.59
0
0
0
0
0.02
0
0
0
0
0
0.15
0
0
0
0
0
0
0
0
0
0
0
0.03
0
3.58
13.19
0
0.05
0
0
0
0
0
0
0
0
0
0
0
0
0.14
0.25
1.5
0
0.02
0
0.02
0
0
0
0
0
0
0
0
0
0.01
0
0
0
0
0
0
0.01
0
0
11.13
0.17
0.09
0.92
0.02
0
0
0
0
0.01
0.5
0
7.55
3.13
0.14
0.13
1.27
0.65
0
0.02
0.02
0
0
0
0.01
0.01
0
2.38
4.85
0.95
0.21
1.09
0.16
1.34
0.02
0.12
0.11
0.02
5.28
14.05
2.27
0.81
2.43
0.89
0.25
0
3.09
0.3
0.05
0.01
0.01
0
0
0
0.1
0
0
0
13.68
1.75
0
0
0.01
0
0
0.76
0.1
1.67
7.36
5.68
2.94
0.53
0.81
0.51
0
1.4
0.32
0
0
0.01
0
0
0.02
0
0
0.14
0
0
0
0
0
24.05
10.45
11.79
18.38
5.88
4.53
4.62
3.68
1.78
2.53
7.03
12.6
4.37
1.99
1.23
16.15
3.37
3.36
11.38
0
12.91
0
0.06
0.29
9.24
0.25
1.16
0.25
0.08
0
0.92
4.78
0.41
0.03
0.8
2.12
1.07
0
9.31
6.79
4.66
8.3
20.37
16.01
5.17
0.8
0
6.52
0.44
0
0.6
0
0
0
1.14
0.06
0.3
0.33
0
0.01
0.55
3.24
0.11
0
0
0
0
5
0.36
4.83
2.84
0
0
0.01
0
0
0
0
0
0.63
1.87
6.43
3.01
1.85
0.88
0
0
0.8
0.2
11.31
5.28
14.24
2.49
0
6.01
3.91
0
0
2.85
4.22
1.32
6.45
6.2
0.11
0.02
0.14
0
0.01
0
0
0
0
0
0
0
0
0
0
2.24
0.23
1.55
1.55
0.25
2.1
0
0
0
0.02
0
0
0
0.01
0
0
0.01
0
0.03
0
0.02
0
0
0
0
0
0.01
0
0
0
0
0
0
0
0
0
0
0
0
0
0.01
0.05
0.05
0
0.14
0
0
0.01
7.46
0
0
0.35
0
0.25
1.31
0.01
0
0
5.89
3.44
0
0.04
0
0
3.11
0.04
0.69
0.02
0
2.27
0.16
0.03
0.01
0
3.17
0
3.55
8.56
3.63
0.2
0.17
0.22
3.4
0.41
8.15
0
0
0.07
0
0
0
0
0.07
0
0
0
0
0
0
0
0
0
0
0
0
0.02
0
0.27
0.55
0.05
0.28
4.78
0.57
0
0.82
9.16
3.59
0.01
0.47
0.12
0
0
0.17
1.95
10
0.25
0.76
13.8
15.1
0
0.25
0
5.94
11.81
0.56
0.6
5.38
0
2.79
0.54
0.03
0.1
0.46
0.1
0.17
0.09
1.91
3.45
3.9
0.99
3.14
1.31
0.06
15.52
1.79
0
0.04
3.57
0.14
0
0
0
0.01
0
0
0
0.01
0
0.01
0
7.58
11.34
0.44
0.71
1.55
0.48
1.21
0.01
0
0
0
0
0
0
0
0
0
0
0
0
0
0
0
0
0
0.01
0
0
0
0
0
0.02
0
0
0
0
0
0.02
10.61
0.95
0.01
1.03
0.06
0.12
0
0
0.02
0
1.58
6.88
7.16
2.95
0
0
0
0
0
0
0
0
0
0.02
0
0
0
0
0
0
0
0
0
0
0
0
0
0
0
0
0
0.01
0
0
0.01
1
6.88
0.01
0.63
0
0
0
0
0
0
0
0
0
0
0
0
0
0.07
0
0
0
0
0
0
0
0
5.28
2.55
3.9
0
0.69
8.69
4.52
1.91
1.94
1.89
1.91
0.05
0
0
0
0.42
0
12.92
17.75
14.97
6.88
4.5
0.3
4.36
9.47
6.75
1.09
0.27
0
0
1.24
0
5.96
0.17
0
0
0
0
0
0.11
0
0
0
0
0
0
0
0.02
0
0.02
0
0
0.02
0
0
0
0
0
0
0
0
0
0.11
0
0.45
0.28
0.04
0
0.2
0
0
0
0
0
0
0.01
0
0
0
0
0
0
0
0.01
0
0
0.06
0
0.15
0
0
0
1.55
1.05
0.02
0
0
0
0
0
0
0
0
0.02
0
0
0
0
0.34
0.01
0
0
0
0
0.01
0
1.57
0
0
0
0
0
0.02
0
0
0
0
0
0
0
0
0
0
0
0
0
0
0
0
0
0
0.03
0.47
3.43
2.97
0
0
0
4.02
11.69
0
0
2.09
0.02
0
1.55
0.02
0
0
0
0.02
0
0
0.94
0
0
4.25
5.69
22.84
2.7
2.55
0.86
1.95
6.92
2.06
1.62
0
0.01
0
0.37
0
0
0.02
1.44
0
0
0
0
0
0
0
0
0
0
0
0.59
0
1.38
0.31
0.03
0.15
0.39
11.62
2.61
1.47
15.12
4.41
0.17
0.01
0
0
0
0.02
0.02
0
1.12
2.19
2.86
5.24
1.72
1.94
1.16
0
4.19
1.34
1.11
7.28
4.97
7.91
0.23
0
5.72
0
0.22
2.39
3.94
8.94
0.75
0.09
0.19
1.27
0.38
0.95
1.47
4.47
0.3
0.41
2.69
1.41
0.56
0.12
0.23
1.02
0.68
0.73
0
2.34
0.06
0
0.06
0
0.44
2.62
26.06
29.31
6.55
0
0.08
0
0
0
0
0
0
0
0
0
0
0
0
0
0
0
0
0
0.12
0
0
0
0.01
0.01
0
0.07
3.38
0.12
0
6.75
0.06
0
2.38
7.02
0
1.11
0.44
0
0.3
1.31
1.03
0.27
0
0.01
0
0
0
0.17
0
0
0
0.02
0
0
0.01
0.02
0.05
0
0
0
0
0
0
0
0
0
0.01
0
0.27
5.69
2.36
1
0.02
1.95
0
0
0
0
0
0
0
0
0.71
26.34
7.19
1.11
0
0.02
0
4.77
9.12
4
0
1.42
0.64
2.88
0.02
0.38
11.31
20.38
2.19
0
0.17
0
0.95
8.03
1.16
0.95
2.79
5.15
1.6
2.03
0.59
2.09
8.38
0.8
2
5.2
2.09
0.69
4.59
0.09
0.22
0.04
2.39
1.98
1.57
0
0.02
0.25
0
0
0
0
0
0.01
0
0.89
1.75
0.03
0.74
17.48
3.7
8.39
12.69
2.5
0
0
0
0
0
0
0
0.02
1.2
0
0.38
0
0
0
0.25
0.12
0
2.81
7.03
0.08
0.23
4.12
0
0
0
0
1.01
0.21
0
0.02
1.34
0.08
0
0
0
0
0
0.48
0.2
0
0
0
0
0
0
0
0
0
0
0
0
0
2.09
8.28
0.02
0.09
1.47
0.33
0
0
0.01
0
0
0
0
0.08
0.89
0
0
0
0
0
0
0.01
2.63
0.17
0
0
0
0
0
0
0
0
0
2.05
35.91
0
0
0
0
0
0
0.01
0
0
0.03
0
0.01
0
0
0
0
0
0
0
0
0
0
0
0
0
0
0
0
0
0
0
0
0
0
0.04
0
0.59
9
0
0.01
0.05
0.09
0.25
0.66
0
0
0
0
0
0
0
13.97
0.03
0
0
0
0
0
0
0
0
0
0
0
0
0
0
0.01
0.62
3.5
1.38
1.09
0.91
0
8.02
0.01
0
0
0
0
0
0
0.05
4.36
2.31
21.12
12.33
3.38
0
0.66
0.2
0
0
0
3.01
0.14
0.14
0.02
0.09
0
0
0
0
0
0
0.16
0
14.31
0.12
0
0
0
0.03
3.2
2.81
0.11
0.7
12.33
0.83
4.36
5.31
6.28
0
0.43
1.69
0.31
0.1
0
0
5.7
0.12
0.04
0
0.04
2.31
0.04
0.07
2.44
0.52
0.34
0
6.75
1.67
0.55
0
0.06
0.1
0.84
9.66
14.91
9
1.23
0.11
0.06
0.02
0.02
0
0
0
0
0
6.48
13.44
1.2
8.47
1.62
4.86
1.08
0.25
0.29
1.95
3.22
2.91
0.31
0.56
0.06
0.09
8.19
11.3
12.45
6.22
17.19
1.41
1.97
0.61
0.1
0.03
0
0.01
0
0
0
0
16.19
1.12
0.02
0
0
0
0
0
0.12
0
0
0.17
0.12
0.25
2.44
9.99
0.49
0.07
0.03
0
0
0
0
0
0
0
3.59
0
0
0
0
0
0
0
0
0
0
0
0
0
6.11
1.46
0.31
0
0
0
5.8
1.14
8.45
10.58
0.03
0.28
3.11
1.84
0.22
0
0.28
0.34
4.95
7.12
2.84
1.5
6.13
2.62
11.97
3.98
7.22
1.28
0.17
3.2
0.3
2.77
0
0.04
0
0.17
0.52
4.03
0
0.48
0.05
0.01
0
0
0.44
0
0
0
0.08
0
0.01
5.66
0.01
0
0
0.66
0.01
0
0.05
5.28
1.36
0.04
5.77
1.8
29.81
0
0
0
0
0
21.05
0
0
3.98
0
1.86
0.22
9.86
0
0.94
0.02
0
0
0.03
0
0
0
0
0
0.16
0.01
0
0
0
0
0.96
0
0
0
0
0
0
0
0
0
0
0
0
0
0
0
0
0
0
4.48
0
0
0
0
0
0.02
0
0.21
0
0
0
0.01
0
0
0
0
2.26
0
0
0
0
0.01
0
0
0
0
0
0
0.52
17.75
0
0
0
0.01
0
0.08
49.5
27.12
0
0
0
0
0
0
0
0
0
0.01
0.72
6.34
32.97
0.88
2.52
0
0
0
0.41
4.97
1.72
0
19.37
0
0
0
0
0
0
0
0
5.22
0
0
0
0
0
0
0
0
0
0
0
0.13
0.29
0
0
0
0
0
0
0
0
0
0
0
0
51.5
29.62
28.38
0.8
5.75
0.03
0
0
0
0
0
0
0
0
0
0
0
0
0
0
0
0.08
0.16
1.41
14.41
3.44
0.47
1.19
0.12
1.38
0
0
0.01
7.31
0.28
0.27
0
0.31
0
1.31
0
0
0
0.2
0.03
0.02
0
0
0
0
0
0
0.23
0.2
0
2.81
3.78
4.47
12.47
0.06
0
0.01
0.03
0
0
0
0
7.45
3.12
0
0
0
0.06
0.03
0
0
0
0
0
0
0
0
0.16
0
0
0
0
0
0
0
0
0
0
0
0
0
0
0
0
0
0
0
0
0
0
0.04
0.67
3.5
0.27
0
0
0
0.08
2.09
0
0
0
0
0.2
1.63
1.01
0
0
0.02
0
11.42
0.44
0
1.78
1.95
0.11
0.13
3.55
18.67
10.22
4.25
4.31
0.36
0.28
0.19
0
0.3
2.5
5.44
2.47
1.97
1.34
1.33
1.06
0.02
0
1.3
9.42
0.31
0.02
0
0
0
0.19
0
0.03
0.01
0
0
2.16
1.11
0
0.04
0
0
0
0.94
6.42
0.5
0.44
15.72
6.77
0.5
1.81
8
5.3
2.92
0.06
2.4
0
1.08
3.31
0
0
0
0
0
0
0
0
0
0.01
1.33
0.91
0.01
0.37
0
0
0
0
0.02
0
0.25
0
0
0
0
0
0
0
0
2
0.02
0
0
0
0
0
0
0
0
0
0
0.01
0.06
5.7
0.12
0.35
0
0
0
0
0.01
0.01
0
0
0.05
0
0
0.6
0
0
0.05
0
0.01
0.34
0
0
0
0
0
0
0
0
0
0
0
0
0
0
0
0
0
0
0
0
0
0
0
4.56
0
0.02
0.46
0.01
0.7
0
0.17
0
0
0.01
0
0.01
0.08
2.12
0
0
0
4.56
0
0
0
0
0
0.01
0
0
1.2
0
0.12
0
0
0
0
0
0
0
0
0
0
0
0
0
1.66
2.86
2.67
0.75
0.21
0.31
1
0
3.2
5.25
0
0
0
0
9.69
0.7
0.3
0
0.52
0.01
0
0
0
0
0
0
0.38
3.12
0.12
11.64
8.78
0.02
0
0
0
2.91
0.28
0
3.19
5.94
1
0.41
4.89
0
0
0
0
0
0.28
0.02
1.21
0.41
0
2.42
0.37
0
0
0
1.31
2.59
0.62
0.06
11.66
0.52
3.33
5.81
3.11
3.23
3.47
0
3.73
14.11
7.91
1.53
3.61
0.2
0.11
4.97
0
0
0
0
0
1.23
4.7
1.84
0.4
2.69
15.78
11.94
8.03
8.7
28.69
50.59
8.03
2.38
1.45
0.64
1.5
0
4.88
0.09
0.16
0.03
0.03
0
0
0
0
0.09
0.01
0
