19510101
22.39
9.66
0.39
0.01
0.02
0
0
0
4.99
1.88
3.32
3.25
4.71
0.94
0.04
0.05
0
0.27
0.01
0
0
0.04
2
7.57
3.37
8.31
9.29
4.13
0
0.02
0.05
0.02
0.42
6.55
18.07
2.65
7.3
5.18
2.29
2.34
6.69
8.59
7.21
1.57
4.34
2.41
0
0.89
2.67
0.94
4.93
1.05
4.36
11.3
1.46
0
0.02
0.01
0.02
0
0
1.24
2.57
6.91
1.07
3.49
3.95
10.13
18.24
10.08
13.9
16.51
10.57
6.95
0.51
1.33
0.46
0.02
0.01
0
0
0
0
0
0
0.02
0.08
0.01
0.01
0.02
0
0
0
0.01
0
0
0
0
0.15
7.6
1.38
0.01
0
0
0
0
0.8
0.09
0.21
2.14
0.27
4.3
6.48
2.93
5.54
4.61
11.01
8.27
6.18
20.3
6.34
3.59
0.52
0.21
5.36
8.8
2.25
3.01
1.14
1.13
1.63
0.54
0.02
0.03
0
0
0.27
1.68
0.21
0.63
0.12
0.03
0.03
0
0.15
1.55
0
3.59
10.3
0.43
0.02
0.11
0.09
13.75
1.16
4.06
0.29
4.88
0.01
0
0.04
0
0.09
0
0.24
0.63
0.73
1.02
0.21
0
0.65
0.11
0.89
0
0.01
0
0.25
0
0
0.58
4.82
1.52
0
0
0.31
0
0.21
0.72
0
0
0.01
0
0
0
0
0.02
0
0
0
0
0
0
0
0
0
0
0
0.02
0
0.54
7.31
2.81
3.27
13.02
0
0
0
0
0.03
0.01
0
0
0
0.01
0.05
0.03
0.03
0
0.02
0
0
0
0.01
0.01
0.25
19.61
0.5
0
0
0
0
0
0
0
0
0
0
0.13
0
7.79
4.6
0.03
5.81
8.11
7.64
6.96
0.18
0
0
0.02
0
0
0
0.13
3.88
33.31
0
0
0.02
0
0.02
0
1.57
9.42
9.65
2.56
0
0
0
0
5.91
12.43
0.77
0.55
5.45
1.86
2.61
0
0.02
0
0.23
0
2.2
0.43
0
0
0.02
0.02
0
0.88
1.96
3.56
7.02
0
0
0.01
0
0.93
8.29
9.46
10.06
13.39
16.27
2.74
5.48
7.5
2.63
0.45
1.34
1.4
5.57
16.45
6.18
1.45
0.33
0.12
0.04
0.04
0.02
0.01
0
0.01
0
0.13
0
0
2
4.21
0.01
0.12
0
0
0
0
0.02
0.59
0.03
0.02
1.05
0
0.01
0.03
0
2.79
5.18
1.05
3
0.8
2.43
2.74
3.17
0.84
0
0.02
0
0
0
0.01
0.07
0.07
0
0
0.02
0.01
0
0.02
0.77
0.32
0.08
0
0
0.13
0.18
0.03
0.18
0.93
0.53
5.51
7.13
8.7
19.02
9.96
2.01
0.83
0.2
1.23
0.73
0
0
0
0
0
0.01
0
0
0
0.05
9.15
5.59
0.52
0.28
0.01
0.19
0.49
0.09
0.01
0.01
0
0.47
3.26
0.56
0.69
1.52
0
0.05
0.03
0.05
0.59
0.05
0.02
0
0
0.53
3.8
2.38
8.31
2.3
0.15
4.29
0.84
6.1
4.77
1.71
0.23
0.05
0
0.04
0.08
0.45
0
2.05
6.13
11.27
9.63
8.02
7.89
9.76
2.08
0.7
0.01
0
0.02
0
0
0.83
18.34
14.74
4.21
14.19
1.48
0.03
0.57
0.2
0
0.02
0.13
0.04
3.42
1.91
0.01
0.02
0
0
0
0.74
5.74
5.56
5.83
15.59
4.18
3.37
0
0
0.19
0.01
0
0.22
0
0.02
1.21
0.49
0
0.79
6.99
1.87
4.26
2.33
7.51
5.45
1.63
0.05
0.26
0.8
0.54
2.69
6
0.23
0.06
0.02
0
0
0
0.02
0
0.96
1.44
6.61
0.06
0
0
0
0.14
0.96
4.6
0.13
0
0
0.84
0
0
0.23
3.82
0.64
0.46
0.19
0
0
0.25
2.92
5.58
11.98
0
0
0
0
0
0
0.53
0
1.3
10.55
0.57
0.09
0.1
0
1.45
0
0.68
1.99
0
0
4.98
1.55
7.59
0.98
6.28
8.53
9.54
0.45
0.02
0
0
0.11
0.68
0
0
0.36
0.01
0
0
0
0
0
0
0
1.07
0.01
0.02
1.16
0.78
0.1
0
0.02
0.08
16.43
26.95
4.92
0.68
0
0
0
0.02
0
0
0
0
0
0.4
0
0
0.97
2.5
1.21
7.39
8.84
0.51
0
0
0
0
0.01
0.01
0
0.01
0
1.05
0
0.76
1.13
0
0
0.01
0.06
0
2
0
0
0
1.16
1.16
1.11
1.26
0.89
1.9
0
0
5.17
12.68
0.41
4.45
4.14
0.12
0.91
4.55
0.77
0.01
0.87
1.7
0
0
0
1.1
0
0
0.02
0
0
0.02
0.01
0.02
0.01
0
0
0.43
0.44
0.36
1.84
4.16
1.64
2.06
0
0
0
0.82
2.76
0.73
0.58
2.45
4.66
20.8
2.32
5
0.84
0
0
0
0.01
0
1.16
0
0.01
2.97
4.74
3.64
0.36
1.3
4.74
1.58
0.07
0.13
0.01
0.95
0.08
0.27
0.34
0.46
6.26
2.48
2.81
0.68
0.17
0.87
3.04
2.07
0.31
1.09
0.55
0.77
1.36
0.02
0.16
0.32
0.01
0
0
0
0
0.04
0.03
0
0
0
0
0.09
0.3
0.15
0
0
0
0
0
0.07
0.01
0
1.23
4.09
7.38
5.73
1.49
0
0.24
3.81
0.49
0.36
0.87
1.35
0.2
0.05
0.01
0.03
0
0.2
0.02
0
0
0
0
0
0.19
0
0
0
0
0
0
0
0
0
0
0
0
0
0
0.3
0
0.02
0.07
0.69
1.22
0.47
0.02
0.1
0
0.25
0
0
0
0.13
0.19
0
0.18
0.02
10.1
1.3
0.09
0
0.14
0.69
2.26
1.63
0.11
0.03
0.15
0
0
0
0
3.18
22.65
15.43
6.78
0.73
7.79
0.7
2.55
0.91
8.63
0.08
0
0
0
0.01
0
0
0.01
0
0
0
0
0
0.05
0
0.92
8.88
0
0
0
0.02
0
0
0
0
0
0.04
0.36
0.93
0.26
0.01
0
0
0
0
0
0
0.32
0.05
0
6.08
0
0.23
0
0.11
0
3.63
0
0
0
0.2
1.93
0
14.54
0
1.62
1.02
0
2.13
0
8.59
12.2
8.54
9.63
0
0
0.71
1.6
1.88
6.77
0
0
0
0
0.41
0
0.01
0
0
0.41
0
0
0
0
0
0
0
0
0
0
0
0
0
0
0
0.02
0.68
1.23
0.21
0
0
0
0
0
0
0
0
2.25
0.19
0.48
0
0.01
0.02
0
0
0
0
0
0.13
0
0.09
0.05
0
0
0
0
0
0
0
0
0
0.92
3.61
0.39
0
0
0
0
0
0.03
0.07
0.08
0
0
0
0
0.01
0
0
0
0
2.44
16.17
0.85
0
0
0
1.49
1.3
8.74
7.9
1.73
0.23
6.19
0
1.63
4.14
10.5
8.02
6.62
5.1
5.09
0.36
0.09
0
2.42
0.02
0.04
1.36
0.24
1.64
2.99
1.32
2.43
0
0
0
1.91
5.13
0.71
0
0.11
0
0
0
0
0
0
0.01
0.1
0.13
0.05
0
0
0
0.07
0
0.03
0
0
0
0
0.04
0.07
0.64
0.15
0
0.15
0.21
0.49
1.99
10.29
1.11
2.48
10.09
3.76
0
0.04
0.37
0
0.98
2.45
1.33
0.59
3.1
3.38
1.31
0.21
0
0
0
0
0
0
0.01
0
0
0.01
0
0.06
0
0.03
0.55
0.49
0.66
0.95
0.04
0.01
0
0
0
0
0.04
0.01
0
0
0
0
0.01
0
0
0
0
0.04
0.14
3.94
5.23
5.36
2.91
0
0.39
0
2.16
1.73
0.98
0.11
0.91
0.43
1.91
8.18
0.25
2.9
6.52
2.8
0.61
0.04
0.02
0.2
0
0.01
0.01
0.01
0
0
0.52
0.96
0.3
0
0
0.05
1.14
5.31
0
1.42
12.41
10.92
4.51
1.84
7.45
6.44
5.85
3.46
0.23
1.8
3.24
0.98
0.85
0
0.17
3.49
2.82
0.05
0.67
0.13
0.04
0
0.2
1.63
1.54
0
0
0
0
0.27
0.02
0
0
0
0.19
0.22
0
0
0
0
0
0
0
0
0
0
0
0
0.07
0.13
10.45
1.91
6.4
5.12
0
3.24
0
0
0.03
0
0
0.01
0
0.05
5.7
0
1.9
2.88
34.98
10.36
2.67
0.18
0.04
0
0
0
0.02
0.06
0.02
0
0.05
0.09
0.01
0
4.88
2.76
10.18
34.23
0.69
0
0
0.25
0
0.36
0.81
0.01
0
0
0.05
0
0
0
0
0
0
0.13
0
0
0.06
0
0.09
0.08
0.03
0
0.14
0.05
0.03
0
0
0
0
0
0
0
0.26
0.03
0.02
0
0
0
0.01
0
0
0
0
0.09
2.83
0.53
0.05
0
0
0
0
0
0
0
0
0
0
0
0
0
0
0
0
0
0
0
0
0
0.7
0
0
0
0
0
0.04
1.7
0.81
0
0
0
0
0
0
0.03
0
0
0
0
0.04
1
0.36
0
0
0.09
0.02
0
0
0.01
0
1
1.05
0
0.02
0
0
0
0
0
0
0
0.07
0
0
0
0
0
0
0
0.16
0.8
0.34
0
0
0
0
0.02
0
0.01
0
0
0
0
0
0.03
0
3.23
0.1
0
0.05
0.49
0.12
0.12
0
0
0.31
0
0.86
1.04
0.41
0.04
0
0
1.09
16.88
6.33
2.06
0.42
0
0
0.01
0
0
0
0
0
0
1.09
0.25
2.19
5.14
0.25
0.37
3.81
6.42
1.27
11.73
11.54
2.64
1.72
0
0
0
0.02
0
7.37
3.79
1.2
0.06
0
0
0.02
0
0.01
0
0
0
0
0
0
0
0
0
0
0
0
0
0
0.01
0
6.32
13.75
11.27
10.11
5.49
5.91
1.68
13
1.51
2.21
0.48
1.06
0.52
3.82
2.61
11.61
12.89
6.58
1.48
3.33
2.49
0.98
0.07
1.1
0.11
0.45
0.52
3.59
5.8
6.26
7.84
33.25
6.39
0.22
0.16
0.01
0
0
0.01
0.02
0.04
1.85
2.01
0
13.52
24.73
11.05
5.61
3.85
0
0.2
3.62
3.3
4.01
3.86
2.07
0.27
0.02
0
0.02
0.01
0
0.03
0.03
0.26
0.21
3.91
1.91
0.33
0.59
1.24
0
0
0.01
0
0.05
2.38
6.34
2.95
0
0
0
0
0
0.01
0.02
0.13
0
0.04
0
0
0.01
0
0
0
3.28
2.13
0
0
0
0.01
0
0.02
0
0
0
0
0
3.95
8.59
7.07
4.34
11.05
0
0
0
0.03
1.07
0
0.94
2.83
0.08
0.06
0
0.97
0
0
0
0
0
0
0.08
0
0
0
0
0.46
0.09
0.66
4.56
0
1.72
3.7
2.33
2.05
0
0
0.21
4.27
2.46
3.78
4.34
2.11
0
1.46
4.76
0.98
4.9
1.27
0.04
0
0
0
0
0.11
3.91
7.8
7.05
2.57
0.52
0.02
4.22
0.16
8.38
0.32
0
0.11
0.02
0
0
0
0
0
0
0.01
0
0
0
0
0.14
0.04
0
0
0.02
0.02
0.26
0.23
0.29
0.87
1.8
3.29
4.95
1.01
1.98
0.01
0
6.44
0.04
0
1.32
0
0
0
0.22
3.25
3.98
1.21
0
0
0
0
0
0
0
7.8
0
0.32
0
0.02
0
1.18
0.13
0.04
0.12
0.03
0
4.04
4.82
0.25
0
0
0.08
0.01
1.13
1.82
0.41
0.03
0
0
3.63
0.81
0.24
0
0.16
0
0
0
7.48
2.01
11.48
0.17
0
0.06
2.66
0
0
0
0
0
0.44
0
0.49
0.17
6.02
9.13
4.65
0.71
0
0
0
0
0
0
0
0.02
0
0
0.77
2.77
0
1.88
10.38
0
0.02
0
0
0
0
0.91
13.51
19.02
14.63
8.18
3.19
0
1.23
7.38
0.37
0
3.47
2.7
0.41
0.29
4.34
3.38
0
0.05
0.05
0
0
0
0.08
0.2
0.91
1.29
8.53
0.85
1.33
0.14
0
0
5.58
13.88
12.26
1.09
0.13
0.01
0.01
0
0
0.02
0
0
1.08
2.21
17.27
24.2
20.23
15.84
6.38
4.63
4.55
9.44
6.29
0.68
0.3
1.54
0.05
0.01
0
0
0.05
0.98
0.17
0
0
0.13
0
0
0
0
2.27
4.16
2.06
1
9.39
3.89
2.29
5.27
11.45
3.73
5.21
2.59
2.14
0.56
0.02
0
0
0
0.01
0
0
0.12
6.85
2.1
0.89
0.13
0
0
0
0
0
0.01
0
0.01
0.01
0.13
0
0
0
0
0
0.3
0
1.33
2.77
3.27
6.77
3.07
0.76
0.19
0.05
0.02
0
0
0
0
0
0
0
0
0
0.66
0.06
0
0
0
0
0
0
0.84
7.05
8.68
7.93
7.84
11.95
16.68
5.36
8.32
2.98
7.05
24.46
28.68
12.04
4.26
0
0
0
0
0.02
0.31
0.02
0.87
1.12
0.44
2.13
0.38
3.29
7.4
6.01
2.61
2.75
0
0.18
1.55
3.83
3.43
7.62
2.7
1.68
4.59
4.2
7.85
2.27
0
0
0
0
0
0
0
0
0
0
0
0
0
0.05
0
0
0
0.18
1.19
1.04
18.75
13.22
12.79
6.69
4.29
27.69
27.1
11.65
0.01
0
0.18
0
0
0
0
0.01
0
0
0
0
0
3.05
1.14
0.01
0.59
0
0
0
0
0
0
0.05
0.01
0
7.75
0.4
7.55
1.41
0.24
4.76
0
0.29
0
0
0
0.01
0
0
0
0
0.02
0.02
0
0
0
0.01
0
1.57
0
0
0.02
5.93
22.02
5.48
0
0
0.02
0
0.03
0.02
0.26
2.95
0
0.06
0
0
0
0
21.23
11.29
0.64
0
0
0
0
0
0
0
0
1.19
0
0
0.07
0
0
0
0.01
0
0.01
2.64
0
0
0
0
0
0
0.07
0
0.01
0
0.07
0.01
0.02
0
0
0.01
0
0.11
0.17
0.34
1.21
0
1.04
22
11.45
2.38
22.48
15.52
4.55
0.42
0
0
0
0
0
0
0
0.45
0
0
0
0.01
2.88
5.36
2.9
0.09
0.24
4.18
3.5
0.86
0
0
0
0
0
1.41
0.35
0.22
0
0
0.18
0.03
0.11
0.34
2.16
0
0.27
0.4
0
0
0.16
0.67
2.09
4.26
0.18
0.02
0.43
0.31
0.01
0
0.29
1.65
0.2
2.21
6.25
1.86
0.5
0
0.16
0.04
0
0.12
0.17
0.12
0.59
0.09
0
0
0
0
0
0
0.11
0
0
0
0
0
0
0
0
0
0
0
0.2
0.27
0.41
0
0
1.08
1.52
1.7
3.86
3.69
9.18
6.68
3.16
0.63
0
0.01
0
0
0
0.39
0.77
0.36
0
0
0
0.73
5.22
0
0
0.97
3.09
0.11
0.02
0.09
2.23
2.98
1.2
0.4
0.02
0.02
0
0
0
0.01
0
1
0.55
0.02
0.27
0.33
0.94
1.25
0.73
0.01
0
1.39
3.23
14.96
16.85
15.09
2.82
0.22
0.94
0.1
0
0
0
0
0.04
0
0
0
0
0
0.3
1.81
4.77
0.59
0
0.34
0.81
0.47
0
0
0
0.38
0.29
0
0.12
0.41
0.08
0.77
4.23
4.24
2.32
7.19
2.41
0.11
0.34
0
0.26
2.44
1.25
0
0
0.17
0
1.33
0.32
0
0
0.22
0.01
0.18
0
0
0.37
2.05
8.5
4.17
0.05
0
0
0.23
0.78
0.91
1.13
7.42
4.96
5.52
9.1
4.71
10.8
7.2
1.82
7.35
5.9
0
1.2
9.84
9.82
7.49
5.98
1.54
0.95
0.81
0
0
0
0.13
0
0.54
0
0.21
0
0.94
5.1
13.33
7.03
7.07
5.63
5.8
1.86
3.49
7.13
4.91
1.29
0.09
0
0.01
1.97
21.8
8.86
1.71
0.14
2.01
10.9
6.56
1.2
5.84
13.82
17.6
1.04
0
1.61
7.3
2.17
0.01
0
0.18
0.01
0
0
0
0
0
0.05
1.04
1.83
0
0.07
0.05
0
0
0.01
0
0
0.02
0.02
0
0
0.01
0
0
0
0.01
0
0
0
0.02
0
0
0
0
0
0.21
0.16
0.12
0.05
0.35
0
0.01
0.05
0
0
0.06
0
1.03
0
0.07
0
0
0
0
0
0
0.05
0
0
0.04
1.04
0.02
4.66
2.02
7.11
3.11
0.02
0
0.1
0.01
0
0.94
0.23
0.3
0.57
0.03
0
0
0.21
0
0.77
8.75
1.2
4.96
9.8
3.21
0.01
0.07
0
0.05
0
0
0
0.05
10.57
20.8
45.47
14.3
0.21
0
0
0.09
0.01
0
0.33
0.72
1.11
3.25
7.56
6.23
1.88
0.09
1.29
4.3
2.95
0.21
0.04
0
0.01
0
0.15
0
0
0.29
0.02
0.13
1.78
1.08
0.58
1.79
5.11
11.64
4.71
9.19
2.41
1.49
0.1
0
0
0
0.31
0
0.03
0
0
0
0
0.45
0.3
0.2
0.01
0
0.06
0
0
0
0.6
0
0
0
0.52
0.01
0
0
0.29
3.83
8.11
5.07
1.42
0.47
0.55
0
0
0
0.3
0.01
0.01
0.65
4.83
2.67
1.77
0.8
0.02
0
0.02
0.02
0.18
0.65
0.67
0.38
0.24
0
0
0
0
0.05
0.22
0.89
0.02
0.04
0.07
0.13
0
0
0
0
0
0
2.87
4.06
1.29
2.23
3.07
3.67
10.38
14.28
4.73
2.77
0.38
0
0
0
0
0
0.22
0.25
0.89
6.7
5.87
2.99
3.63
1.52
0
0
0
0
0
0
0
0.42
0.04
0.24
0.14
0.2
0
0
0.01
0.66
0.16
0
0
0
0.1
2.98
1.34
3.25
1.8
1.33
0.03
0.01
0
1.41
2.46
1.05
1.6
0.59
0.27
0.14
3.63
12.64
5.74
3.41
2.82
5.78
7.2
5.13
7.32
1.88
3.88
5.61
5.19
1.98
3.65
0.88
0.34
0.01
0
0.16
2.36
6.33
6.06
0.97
0.06
0.14
0.03
0
0.2
1.14
0
0
0
0
0
0.11
0
0
0
0.01
0
0
0.02
0
0
0.09
0.18
2.39
2.38
2
6.82
18.36
3.99
0.03
0
0
0
0.01
1.09
4.6
1.25
0.08
0.02
0
0.05
0.02
0
0
0.01
0.01
0
0.19
0.05
0
0
0.01
0.03
2.28
3.78
0.16
0.02
0.01
0
0
0
0.61
16.2
37.19
16.86
1.36
0.11
0.18
0.34
0.2
0.94
1.85
0
0.12
1.13
1.28
3.14
0
0
0
0.04
0
0
0.02
0
0
0
0.03
0
0
0.03
0.02
0
0
0
0
0
0
0
0
0
0
0
0
0.01
0
0
0
6.76
0.56
0
0.08
0.07
0
0
0
0
0
0
0
0
0
0
0
0
0.02
0.23
0.77
0
0
0
0
0
0
0
0.14
0.98
0.08
0.05
0
0
0
0
0.95
0.88
0.12
0.59
0.58
1.45
1.21
0.4
0.27
0
0
0
0
0
0
0
0
0
0
0
0.01
0.01
0
0.98
10.8
1.6
0.05
2.09
1.23
3.64
3.19
1.69
0.07
0.25
0.28
0
0
0
0
0
0
0
0
0
0
0
0
0
0
0.01
0.7
0.19
0.21
0.02
0.94
6.62
1.55
0.2
0
0
0
0
0
0
0
0.02
0
0.75
0.77
1.28
0
0.01
0.1
0.01
0
0.01
0
0.02
0
0.02
0.71
0.08
0.93
0.74
0.28
0.36
2.41
5.65
13.14
10.76
12.71
7.93
3.99
3.67
2.08
1.09
1.25
3.83
18.13
9.16
11.82
8.62
6.53
17.7
13.68
6.01
8.98
7.39
2.61
0.69
1.66
2.18
1.15
2.07
0.74
0
0
0.33
0
0.06
0.02
0.01
0.05
0.03
1.68
5.67
4.05
2.7
0.39
0.77
9.21
7.54
1
0.02
0.19
0.14
2.43
0.75
1.56
0.86
0.25
0
0
0.18
0.14
0
0
0.13
0.55
1.92
9.52
4.07
0.56
0.61
0.91
0.39
0.01
0.25
0.23
0
0
0
0
0
0
0
0
0
0
0
0
0
0.07
0.06
0
0.22
2.02
4.73
14.61
2.59
8.39
7.52
2.23
13.1
11.52
4.13
12.29
4.74
0.13
0.01
0
0.01
0.36
0.47
0.43
9.54
7.59
1.14
4.78
2.52
0.71
0
0
0.09
0.22
0
0
0
0.24
0.83
2.18
0
0.2
0.81
0.25
0.02
0.01
0.16
0.61
13.2
4.84
5.35
2.57
0.04
0.13
0
0.3
0.75
0.57
8.48
3.55
0.44
0
1.18
0
3.7
0.98
0
0.61
0.42
4
6.14
11.51
11.8
3.72
1.96
1.58
0.67
0
0.04
0
0.02
0.05
9.26
3.26
4.78
7.72
6.42
1.89
2.66
4.18
0.92
1.17
7.05
9.62
2.05
2.05
0.02
0
0.09
0.54
5.02
7.86
11.32
2.21
0.06
0
0
0
0.55
3.21
0.69
0.02
0
0.05
0
0.01
0
0.01
0.02
0
1.68
3.19
1.46
0.07
0
0
0
0
0
0
0
0.13
0.23
0.04
0.01
0.46
0
0.06
2.16
4.8
0.02
0
0.21
1.19
14.52
2.32
0
0
0
0
0.01
0.03
0.02
0.68
0
0
0
0
0.91
2.74
3.98
1.75
3.36
0.66
0.37
0.27
0.04
0.05
0
0
0
0
0.01
0.04
0
0.01
0.01
0.01
0
0
0.27
0.24
4.29
0
1.98
3.55
9.58
1.88
0.67
1.53
1.06
2.04
10.58
2.84
0
0.02
0.19
0.14
3.27
8.48
5.59
0
0
0.02
1.09
0
0.4
1.77
1.81
2.3
3.85
2.86
1.57
0.53
0
11.14
10.33
14.09
4.28
0.77
0.64
2.17
9.71
2.05
0.63
0.61
0.96
1.29
0.37
0
0
0.04
0
7.72
12.56
4.78
7.06
5.07
2.26
0
0.04
0.09
0.05
2.19
7.57
9.26
3.39
0.71
0
0.02
0.39
0.72
0.02
0
0
0
0
0
0
0
4.39
4.21
0.82
6.35
3.11
12.26
5.64
2.36
9.24
17.25
3.95
0
0
0
1.49
4.11
2.5
3.32
14.41
16.05
1.64
3.11
1.98
1.09
2.24
4.3
6.32
9.33
15.24
8.91
3.81
1.29
1.6
1
3.32
0.59
0.78
0.88
2.21
0.26
0.66
3.63
2.81
4.83
4.96
3.08
4.96
1.08
0.27
0.57
0.24
0.63
0.69
0.42
0
0
0.03
0.01
0.08
3.05
9.19
10.84
4.44
2.08
1.06
0.22
0
0.82
6.16
2.06
0.62
1.41
1.54
4.46
11.4
17.3
21.77
15.09
4.57
2.62
0.61
0.12
0
0.25
0.02
1.89
10.47
6.15
1.09
0.2
1.95
10.6
5.08
5.95
9.09
6.23
1.94
8.51
5.54
6.86
4.65
3
11.21
6.16
0.9
0.23
0.29
0
0
0.35
0
0.01
0
0
0
0.13
3.07
3.5
10.75
4.84
3.04
2.58
5.67
6.85
11.29
6.49
0.47
0
0
0
0.04
0
0.14
1.8
7.65
5.82
6.68
4.64
2.32
0.54
1
0.19
0
3.57
1.39
0.18
0.41
0.01
0.08
0.05
0.02
0
0
0
0
0
0
0
0
0
0.63
1.11
0
0.02
0.24
0.02
0.11
0.45
0.62
0.61
0.34
0.72
10.66
0.33
0.13
0
0.03
0.05
0.88
0.01
0
0
0.11
0.24
0.49
1.49
4.79
4.88
8.37
2.21
0
0.4
0
0.5
0
0.02
0
0.55
2.22
0
0.14
3.96
30.64
1.62
0
1.59
2.91
7.97
10.35
3.43
4.67
1.43
0.4
2.38
4.12
0.66
0.53
2.2
0
0.04
0.02
0
0
0.02
0
0.04
0
0
0.01
0.09
0.05
1.22
0
0.11
0.29
0
0
0
0
0.03
0
0
0
0
0.01
0.15
0.17
9.31
3.13
0.9
0.01
0
1.59
1.21
0.04
0
0.02
0.02
0.02
1.42
3.7
6.03
0.75
0.01
0
0
0
0.01
0
0
0
0
0.51
0
0
0
0
0
0.02
0
2.11
1.07
0
0.01
0
0
0
0
0
0
0
0.01
0.04
0
0
0
0
0
0
0
0
0
0
0
0
0
0.01
0.38
4.02
2.62
1.21
4.98
4
0
0.01
0.4
1.96
0.7
0.93
6.71
3.14
0
0.05
3.7
2.66
5.96
21.04
20.13
19.19
16.62
3.27
2.02
0.98
1.17
0.38
0.3
5.44
12.6
6.73
0.32
1.2
0.04
2.92
11.26
7.5
9.44
15.14
13.5
9.65
4.47
3.06
12.24
19.08
16.29
7.73
2.27
3.55
1.61
4.04
6.22
2.92
0
0
0
1.46
4.51
3.41
2.55
0
0
0.22
0.43
0.3
0.27
0
2.28
12.03
8.68
0.9
0
0.02
0.02
0.02
0.75
0
0.14
1.9
0.73
0.66
2.28
5.16
7.04
12.3
1.75
0.13
0.67
0.36
1.63
3.07
3.14
1.76
0.07
0.2
0.09
1.75
1.79
0.07
0.08
0.36
0.23
1.03
1.98
8.15
3.65
3.37
1.92
5.63
1.59
2.56
6.13
2.13
0.27
0.98
0.45
0.85
1.92
1.73
0.39
0
0
0.09
0.39
0.06
0
0.55
2.14
2.05
4.33
4.71
2.57
3.39
2.39
0.64
0
0.79
0.83
0.07
1.04
0.11
0.01
0
0.21
0.01
0
0
0.33
0.01
0.02
0
0.01
0.3
0
0
0
0.11
0.88
4.66
3.36
0
0.02
0.25
0.35
0.06
0
0.09
0
0
0
0
0
0
0
0
0
0.02
0
0
0
0
0
0
0
0.01
0.17
0.7
0.34
0
1.61
0.88
0
0
0.13
0
0
0
0
0
0
0.02
0.01
0.02
1.13
10.02
11.36
6.34
5.16
5.76
0
0.04
0
0.27
0.85
6.59
4.73
4.32
0
0.73
2.05
7.97
5.62
0.04
0.03
0
2.72
4.53
2.88
0.18
0
0
0.04
0.54
3.59
1.05
0
0
0
0
0
0
0
0
0.26
0
0.09
0
0
0
0
0.02
1.28
3.31
1.91
1.24
3.16
7.75
5.55
15.13
5.42
5.31
3.32
0
0
0.01
0.67
0.36
0
0
0.14
0
1.09
0
0.02
1.63
0
1.86
0.85
0
0.89
3.61
0.96
0.09
2.12
7.38
4.47
0.57
2.07
0
0
0.67
0.01
0
0.03
0.02
0
0
0
0
0.02
0
0
0
0
0
0
0.06
0.01
0
0
0.04
0.15
0
0
1.28
1.13
1.69
0
0.64
8.27
10.92
4.8
8.82
0.43
0
0
0.02
0
0
0
0.14
0
0
3.17
4.57
0
0
0
0
0.03
0
0
0.14
0
0
0.02
0.03
0.01
0
0
0
0
2.23
6.58
13.69
5.2
0.65
0
0.17
0.11
0
1.85
0.36
0
0
0.41
0.15
0
3.2
34.16
14.96
1.69
0
0
0
0
0
0
2.8
18.34
11.59
3.35
0.55
0.08
0.79
0
1.64
8.39
4.09
0
0
0.03
0
0.11
0.33
3.64
10.66
3.63
0.05
0.02
0
0.01
0
0.25
0
0
0.07
1.18
0.59
0.28
7.02
4.13
2.05
1.27
1.23
0.23
0.16
0.16
0.15
0.11
1.02
2.62
3.69
10.2
6.33
2.82
3.88
13.05
6.78
8.67
0.72
3.2
18.33
18.89
17.14
6.84
7.25
13.18
10.97
9.96
33.06
7.61
0.07
0
0.33
0.81
0.11
0.16
0
0.46
0.34
0.59
1.09
0.35
0
0
0
0
0
0.58
0.34
0
0
0.2
2.32
2.86
5.46
9.27
7.45
2.52
1.14
4.31
7.88
8.37
3.22
11.11
7.61
1.43
0.41
0.02
0.32
0.4
1.75
2.76
2.09
2.77
2.06
6.56
3.51
0.8
6.85
9.11
2.1
0
0
0.01
0
0
0.01
0
0.01
0
0
0
0
0
0.05
0.03
0
0.01
0.21
1.23
3.97
0.09
0
0
0
0
0.12
0.04
0.07
0
0
0
0
0
0
1.85
7.31
8.21
6.8
10
4.13
2.05
9.46
8.79
4.77
2.12
0.55
4.29
8.13
5.66
3.74
1.72
1.46
0.06
0
0
0
1.06
2.15
2.63
0.14
0
0
3.02
15.72
7.12
0.45
0.24
0.69
0.06
0.01
0.11
0
0
1.55
0.16
0
0.07
0.08
0.29
0.18
0.41
0.09
0.51
1.36
0.21
0.7
5.84
7.77
2.56
0.68
0.95
2.37
0.3
2.08
9.45
4.02
1.54
0.59
0.63
3.8
4.89
3.57
0
0.13
0
0
0.01
0
0.02
0
0
1.83
1.41
0.56
0.06
0
0
1.84
6.93
6.15
0
0
0.04
0
4.62
20.92
20.58
7.21
2.95
5.8
8.22
4.6
0
0.02
0.58
0.75
0
0.05
0.28
0
0
0
0.54
9.17
8.07
2.73
0.36
0.02
0
0
0
0.01
0
0
0.07
0
0.89
2.59
4.63
3.32
0
0
0
0.04
0
0
0
0
0
0
0
0
0
0
0
0
0
0
0
0
0
0
0
0
0
0
0
0
0.03
0.11
0
0
0.04
0.99
0.07
0
0
0
0
0
0
0.04
0.02
0
0.01
0
0
0.01
0
0
0
0
0
0
0
0.01
0.14
0
0.2
0.24
0.02
0.01
0
0
0
0
0
0
0
0
0
0.01
0.04
0.12
0
0
0.95
0.34
0.23
0.14
0.11
1.86
1.48
3.09
0.07
0.53
1.14
4.39
13.21
10.22
4.01
1.68
1.86
0
0
0
1.51
0.18
0
0
0
0.16
0.41
1.57
2.63
5.68
10.63
11.88
4.36
3.58
3.8
2.07
0.43
0.55
0.57
0
0.25
0.49
2.82
5.78
2.46
0.2
0.02
0
0.01
0
1.82
7.18
8.15
5.02
3.34
0.77
0.68
1.46
1.4
1.62
2.59
1.89
0.56
0.62
0
0.47
0.75
1.31
2.03
3.12
1.47
0
0
0.01
0
0.01
0
0
0
0
0.09
0.04
0.13
0.02
0.07
0.03
0.1
0
0.05
0.61
0.69
0.84
0.28
0.07
0.02
0.05
0.09
0.02
0.01
0
0
0.17
0.15
0.8
3.79
15.72
22.93
18.81
11.97
3.58
8.05
9.62
3.67
3
8.88
6.8
3.72
3.38
4.51
5.12
1.56
0.85
3.14
3
1.22
1.48
3.27
4.31
2.42
4.84
1.15
0.52
0
0
0
0
0
0
0
0
1.83
3.77
2.16
2.21
1.57
1.47
5.75
4.45
4.64
12.41
13.25
5.33
1.29
2.23
7.7
16.38
6.71
1.17
3.16
4.77
1.98
0.19
0.68
0.89
0.95
0.63
0.71
0.66
1.21
1.39
0.55
0.3
0.01
0
0
0.16
0.55
2.06
4
5.39
4.59
0.68
0
0.67
1.64
0.14
0
0.75
0.1
0
0.03
0
0.14
0.01
0
0
0
0.08
0
0
0
0
0.8
3.17
1.32
0
3.91
26.29
26.9
9.46
6.09
9.78
6.59
3.42
0.43
0.66
7.69
4.38
0.55
0
0.02
0
0
0
0
0.75
0
0.45
0.88
0
0
0
0.11
0
1
0
0
0.01
0.04
0
0
0
0
0
0.01
0
0
0
0
0
0
0
0
0.3
0.19
1.33
1.02
1.13
0.99
1.95
1.16
3.92
5.48
5.03
9.23
5.04
1.93
0
0.27
1.56
0
0
0
0
0.16
0
0
0
0
0
0.39
0.11
0
1.49
0
2.38
5.97
5.02
3.79
0
0.51
0
0
0
0
5.05
0
0
0
0
0.74
0
0.01
0
0
0.01
0
0.59
0
0.01
0.18
0
0.08
0.46
1.24
6.87
5.86
8.34
1.81
3.33
1.09
0.13
1.18
0.31
0
0
0
0.07
0.09
0
0
0
0.05
0
0
0
0
0
0.03
0
0
0
0
0
0
0
0
0
0.52
0
1.81
0
0
0.76
1.63
0.95
2.6
0.16
0.04
0
0.3
0.2
0.73
0.16
2.53
5.41
4.82
4.58
7.7
1.52
0
0
0.04
0.16
0.15
1.7
1.62
0
0
0
0
0
0
0
0
0
0.3
0
0.01
0.01
0.02
0.01
0.01
0.01
0.04
0
0
0
0
0
0.02
0
0.02
0.02
0
0
0
0.12
0.05
0
0.6
7.34
10.12
6.93
10.34
16.95
8.93
6.02
9.8
5.36
3.11
3.06
4.89
2.23
7.8
15.64
20.89
19.55
12.38
6.93
0
0.15
0
0
0.01
0.37
0.34
1.09
3.86
2.95
2.1
0.77
2.31
0.8
4.68
8.2
6.4
4.16
1.73
6.41
2.8
0.39
1.25
5.52
5.27
1.07
5.59
7.72
4.4
1.5
2.37
3.76
1.42
0
0.04
0
0.34
0.07
0.09
0.16
0.06
0.51
0.14
0
0.03
0.2
0.02
0
0
0
0
0
0
0
0
0.29
0.89
1.23
1.02
0.02
0.02
0.01
0.02
0.01
0
0
0.01
0.02
0.01
0.01
0
0
0
0.01
0.02
0
0
0
0
0
0
0.01
0.21
0
0
0.01
0.07
0.26
2.24
12.08
13.52
13.96
9.46
15.89
5.15
0.13
2.58
6.73
21.14
22.33
7.39
2.91
3.86
2.81
0
1.48
4.27
1.86
0.32
0.35
0.5
0.87
0
2.37
3.24
4.91
3.39
2.69
1.33
0.34
0.27
0.22
0
1.01
2.32
1.27
0.72
0.98
1.36
0.73
0.45
0.64
2.88
4.56
1.84
4.19
2.89
0.69
0.89
0.57
0.72
0.68
0.23
0.16
0.01
0.63
1.53
0.04
0
0
1.61
10.44
7.95
3.08
1.21
0.05
0
0
0
0.02
0.01
0
0.05
0.03
0
0
0
0
0.01
0
0
0
0
0.01
0.03
0.01
0
0
0
0.05
0.01
0
0.01
0.02
0.23
2.5
3.05
1.93
0.8
0.03
0
0.11
0.09
0.4
1.17
3.2
7.37
8.14
0.82
0.25
1.21
0.28
0
0
0
0
0
0
0
0
0.01
0.01
0.34
0.63
5.11
14.65
9.54
22.95
5.27
2.79
2.01
4.59
6.51
0
1.83
0.04
0.36
0.06
2.35
0.02
0.02
0.25
0.02
0
0
0
0
0
0.07
0.03
0
0
0.41
0.53
0.1
3.97
0.09
0.51
1.61
1.29
1.22
0
0.36
0
0.02
0.05
0
0.34
0
0
0.33
0.36
1.51
0
0
0
0
0
0
0
0
0.02
0.36
0
0
0
0
0
0
0
0
0
0
0
0
0.27
0.2
0.08
0.04
0
0.01
0.04
0.07
0
0
0
0
0
0.27
0.13
0.39
0
0
0
0
0
0.01
0.02
0.04
0.01
0
0
0
0.04
0.63
0.86
2.32
20.96
4.76
3.26
0
0.61
0.71
0.53
0.18
0
0
2.57
4.3
7.41
0.12
5.5
1.14
0.01
0
0
0
0
0
1.46
2.97
0.12
0
0
0
0
0
0
0
0
0.01
0.05
2
11.13
17.78
0.47
0
0
0.02
0.07
0.2
0
0.01
0.05
0
0.09
0.11
0.01
0.02
0.04
0
0.02
0.26
0.01
0.01
0.01
0.28
2.82
0.23
0
0.63
0
0.11
0.02
0.04
0
0
0.01
0.16
1.31
0.2
0
0.09
1.74
1.31
5.41
7.5
0.98
0.81
1.79
3.1
1.26
7.1
1.25
0
1.75
4.74
1.16
0.25
0.03
0
9.34
1.22
0.23
0.01
0
0
0
0.91
0.52
0.53
1.07
0.63
0.18
0.38
0
0.25
1.46
3.93
2.55
0.66
0.24
0.01
0.32
0
0.05
1.21
11.88
2.77
6.54
7.84
0.89
0.24
0.43
0
0
0
0
0
0.02
0
0.43
0.84
1.27
0.17
0.42
0.32
0.07
1.79
6.17
1.51
2.09
9.38
12.48
5.13
3.7
14.66
4.49
1.11
6.41
7.3
7.11
2.54
3.03
1.58
0
0.07
0
1.71
10.53
12.11
15.79
6.39
6.42
2.95
0.69
0.4
0.37
0.02
0
0
0
0.01
0
0.01
0
0
0
0
0
0
2.15
1.22
0.06
7.17
3.16
0
0
0.12
0
0
0
0
0
0
0
0
0
0
0
0
0
0
0
0
0
0
0.01
0
0
0.1
1.49
1.68
0
0
0
0
0
0
0
0.04
0.04
0
0
0.05
0.52
0.95
6.83
6.21
0
0.02
0
0
0
0.58
0.61
1.11
0
0.04
4.52
1.88
0
0.05
0
0
0
0.18
0.34
0
0
0
0.01
0
0.02
0.01
0
0.02
0
0.01
0
0
0
0
0
0
0
0
0.11
0.52
0.06
0.35
0.41
0.03
0.04
0.01
0.11
0
0
0
0
0.01
0
0
0
0
0
0
0
0
0
0.06
0
0
0
0
0
0.01
0.27
1.3
0.55
0
0
0.02
0
0
0
0
0.01
0
0.01
0
0
0
0.02
0
0
0
0
0.72
7.91
0.43
0.13
0.5
1.43
0
0
0
0
0
0
0
0
0.41
1.08
0.1
0
0
0
0
0
0
0.01
0
0
0
0
0
0
0
0
0
0.01
0.03
0
0.02
0.55
0.37
25.64
8.33
7.71
2.11
6.24
18.79
2.61
0
0.32
0.65
22.27
6.72
2.4
0.04
30.24
5.52
6.88
0
0.01
0
2.55
0.05
0.17
1.09
3.65
2.27
2.2
0.12
0.02
0.09
3.23
2.18
0.19
0.75
4.35
5.51
0.19
0.19
0.01
0
1.91
21.97
27.5
7.15
0.18
0.37
0
0.99
5.99
1.43
0.7
0.5
0
6.14
6.24
5.55
0.81
7.14
0
0.11
0
0.22
0
0.02
0.15
1.11
2.14
0.16
0.49
3.05
1.91
0.62
0
2.41
26.63
8.42
0.98
0
0
0
0
0.48
2.73
2.06
0.28
0.01
0.49
1.54
0.05
1.01
3.02
3.98
1.04
7.66
3.86
5.74
2.17
0
0
0.53
0.05
0.44
1.15
0.72
1.12
1.47
2.68
2.12
1.53
4.96
7.62
1.06
5.95
3.56
12.55
7.9
14.69
24.95
15.34
4.71
3.26
2.14
2.74
2.94
0.45
0.25
0.31
2.33
0.27
0
0.16
0.21
0.04
0
0.09
0
0.09
0
1.07
5.88
6.76
13.87
8.29
1.76
8.98
4.7
0
4.84
4.68
6.95
4.66
0.63
0
0.01
0
0.23
16.48
3.66
0
0.26
0.64
0.27
0
0
0.01
0
0.01
0.01
0
0
0
0
0
0
0
0
0
0.2
0
0
0
0
0
0
0
0.01
0
0
3.39
4.64
2.19
0.63
0.24
0.72
1.1
0.57
10.02
5.3
6.9
3.66
5.16
2.41
15.46
19.15
6.84
0.41
0
0.59
0
0.03
0
5.48
3.33
0.27
0.02
3.52
0.78
0
0
0.3
0.86
1.18
0
0.16
0
0
0.38
0
0.42
3.03
3.3
0
0
0.28
3.8
2.42
6.46
0
0
0
0
1.3
0
3.29
1
0.22
1.57
8
4.73
1.6
1.68
1.91
5.77
27.45
1.62
0.55
3.31
17.21
3.46
0
0.04
0.05
6.07
2.45
0
0
0
0
0.02
0
0.02
0
0
0
0
0
0
0
0
0
0.61
5.68
2.05
0
0
0
0
0
0
0.05
0
0
0.07
0
0
0.01
0.05
0
0
0
0
0
0
0
0
0.45
0.7
0
0
0
0
0
0
0.03
0
0
0
0
0
0
0
0
0
0.01
0.19
0
0
0
0
0
0
0
0.22
0
0
0
0
0
0.93
0.15
0
0
0
0
0
0
0
0
0
0
0
0
0
2.04
5.16
14.81
3.87
0
0
0
0
0
0
0.02
0
0.26
1.65
1.15
19.95
12.19
1.62
0
0.59
1.16
8.36
8.02
0
1.66
4.12
5.44
1.54
0
0
0
12.43
11.68
8.5
2.52
0.33
3.3
0.49
2.77
0.93
0.41
0
11.02
6.58
0.3
0.44
0
0
0.1
0
0
1.84
0.16
2.04
11.4
9.43
8.74
8.53
2.97
0.47
0
0.02
0.02
0.36
0.02
0
0.48
0.24
0.08
0.09
0
0
0.01
0.13
0
0
0
0.02
0
0.8
4.32
1.18
0.28
0.02
0
0.03
0.01
0
0
0
0
0
0
0
0.01
0
0
0
0.01
0
0
0
0
0
0
0
0
0.01
0
0
0.02
0
0
0.02
0.08
0.27
0.35
0.55
2.83
11.81
14.39
3.36
0.01
0
1.3
0.17
0.01
0
0.2
3.12
2.21
8.84
2.06
2.63
0.26
0
0.46
0
0
0.03
0.01
0.01
0
0
0
0.03
0
0.59
0.06
0
0
0.02
4.88
0.83
2.8
5.23
11.35
17.93
13.62
3.68
0.04
0.86
0.01
0
0
0.17
1.12
0.46
0.16
0
0
0
0.03
0.05
1.72
1.7
0.07
13.84
3.32
0
0
0
0
0.01
0
0
0.02
0
0
0
0
0
0
0
0
0
0.02
8.69
1.32
0
0
0
0
0
0
0
0
3.05
7.52
6.36
3.25
0.16
2.81
2.29
9.53
2.95
2.05
1.05
0.05
1
0.14
0.39
0
0.06
0.03
0
0.03
0
0.04
0.02
0.13
1.12
0.05
0
0.83
3.88
1.24
0.59
0.93
3.84
4.64
2.21
1.55
1.8
2.65
1.26
2.65
0.59
0.87
0.01
0
0.02
0
0
0.01
0
0
0
0
0
0
0
0
0.01
1.67
2.79
2.93
9.42
5.3
0.24
0.26
0
0.45
0.01
0.22
0.93
0
0.27
0.17
0.66
1.55
0.03
0
0
0
0
0
0
0
0
0
0.11
0
0
0
0
0
0
0
0
0
0.01
0.98
0.08
0.32
0
0.01
0.01
0
0
0
0
0
0
0
0
0
0
0.03
0.02
0
0.01
0
0
0
0.13
0.36
0.03
0.02
0
0.17
0.04
0
0
0
0
0.01
0.01
0
0
0
0
0
0.02
0
0
0.02
0
0
0.01
0.07
0
0
0.01
0
3.22
3.53
0.29
0.03
0
0
0.13
0.04
0
0.01
0
0
0
0
0
0
0
0
0.07
0
0
0
0
0
0
0.01
0
0
0
0
0
0
0
0
0
0
0
0
0.03
0
0.38
3.73
0.4
0
0
0.01
0
0
0.05
1.63
1.21
8.98
0.81
0.07
0
0
0.02
0
0
0.23
0.2
6
1.21
4.34
0.64
0.31
7.95
9.22
0.71
0.02
0
0.01
0.69
6.98
26.03
25.33
18.58
4.77
0.02
0.67
0.42
0
0.01
1.3
4.08
5.28
0.38
0.23
0
1.07
0.17
0
0.02
0
0
0
0.03
0.22
0.56
0.17
0
0.01
0
0
0
0.31
0.34
0
0.1
0.2
0
0
0.08
1.76
0.08
0
0
0
0.2
0
0
0.23
0
0.01
0.01
0
0
0
0
0
0.01
0
0
0
0
0.01
0
0
0
0
0
0
0
0
0
0
0
0
0.55
0.27
0.17
0
0
0
0.05
0.18
2.27
3.86
6.21
6.96
0.96
1.24
4.39
2.62
7.7
8.06
1.68
0.68
0.41
6.95
2.76
6.72
17.06
4.41
2.83
4.55
8.11
4.02
0.96
3.97
1.93
5.4
0.74
0.86
6.65
2.84
0
0.63
10.61
2.8
0.97
0
0
0
0
0
0.79
0
0.02
5.01
3.7
0.5
0
0.07
1.3
7.95
2.25
0.8
5.42
13.5
2.02
0.68
0.01
0.02
0.02
1.37
5.1
0.16
0
0
0.44
0.72
0.52
4.11
14.64
2.25
0.21
0.96
0
0
0.07
5.32
3.65
11.08
1.66
0.01
0.16
0.05
0
1.08
0.98
0.07
0.03
0
0.09
3.6
13.44
0.36
0.98
4.28
3.57
0
0
0
0.05
0
0
0
0
0.6
4.63
1.41
0.44
0
0.95
4.93
1.92
0.25
0.91
1.98
0.41
0.01
0
0.01
0.79
1.22
0.73
0
0.01
0.34
0
0.01
0
0
0
0
5.32
0.36
0.02
1.44
1.39
0.2
0
0.02
0
0
0
0
0
0.02
0
0
0
0
0.01
0
0
0
0
0.38
2.07
0.54
0
0
0
0
0
0
0
0
0
0
0
0
0
0
0
0
0
0.02
0.3
0
0
0
0
0
0
7.07
0.88
0.16
0
0.18
0.01
0
0
0.69
0
0
0
0
0
0.2
0.02
4.84
0
0
0
0
0
0
1.08
6.42
0.7
0
0
3.21
1.09
0.08
0
0
0
0
0
0
0
0.19
1.89
1.5
2.83
0.55
1.83
3.91
0.7
0
0
0
0.03
0
0
0
0
0
0.27
0
0
0
0
0
0
0
0
0.03
0
0
0.01
0
0
0
0
0
0
0
0
0
0
0.03
0
0.02
0
0.02
0
0
0
0
0.2
6.14
8.79
7.24
3.25
0.65
6.66
0.91
9.68
2.21
0.11
0.17
0.2
0.09
5.63
2.22
14.51
0.17
0
0
0
0.36
0.02
0.35
0.34
0
0.03
0
10.41
2.66
2.6
0.83
0.96
5.65
0
0
0.45
1.39
5.14
0.98
0
1.3
0.19
0.11
14.57
1.95
6.52
6.84
8.22
3.28
0.17
0.73
0.51
0.67
0
0.08
0.06
0.23
0.4
0
0
0
0
0
0.07
0
0.13
0.3
2.27
0.92
0.14
9.37
1.31
5.09
4.89
9.98
4.09
5.36
0.13
0.88
0.18
0.11
0.9
0
0.03
0.01
0
0
0
0
0.26
2.05
1.36
0.54
0
9.81
4.09
0.21
0.02
0
0
0
0.01
0.39
0
0
0.81
3.62
1.78
1.1
6.2
9.67
4.23
1.53
8.33
22.85
2.99
1.53
0.61
0.95
7.15
17.7
4.51
8.27
5.87
4.08
1.24
0.63
1.68
0.05
2.04
0
1.12
21.55
24.98
6.66
7.3
27.17
4.38
2.71
0.13
0.13
5.52
1.24
0.37
0
0.13
0.15
0.02
0
0.01
0
0.01
0.77
9.07
1.52
0.19
0
1.29
3.87
1.01
0.13
0
0
0
0.18
0
0
0.2
0.01
0
0.37
0
0.44
0.2
0
1.91
8.66
7.98
41.1
18.23
1.7
0.48
1.5
3.76
4.51
2.4
0.99
0.78
1.83
8.16
0.58
1.86
0.15
0
0.25
0
0.01
0
1.34
13.86
0
0.08
0
0.35
0.13
1.38
2.22
0.57
4.92
5.67
0.24
0.2
0.05
0
0
0
0
0
0
0
8.5
6.2
13.21
5.38
6.67
3.44
1.16
0.17
0.04
0
0
0
0.04
0.05
0.92
1.33
0.51
0
0.01
0
0.03
0
0
0
18.49
6.24
0.18
0.08
0
0
0
0
0.35
0
0.02
0.37
0
0
0
0
0
0
0
0
0.01
0
0.02
0
0.01
0
0
0
0.01
0
0
0
0.01
0
0.13
0
0
0
0.11
0
0
0
0.02
0.02
0
0
0
0
0
0.45
0.01
0.01
0
0
0
0.53
0.14
0
0
7.06
9.89
25.34
7.28
8.8
2.02
0.49
0.88
1
0.28
1.98
0.37
0.93
7.33
12.09
1.98
2.66
0.99
0.62
1.03
0.21
0.01
0
0
0
0
0
0.01
0.47
0.02
0.21
2.96
0.03
0.03
0
3.26
8.41
2.08
0.06
0
0
0
0
1.51
6.75
0.41
0
0.02
15.15
6.56
10.45
0.81
0.03
0
0
0.01
0.04
0.01
5.56
0.02
0.01
0
0
0
0
0.06
0
0.06
0.09
1.32
0.57
0
1.24
21.64
25.82
2.95
0.52
0.01
0
0
0.49
0
1.98
2.82
11.7
1.55
13.76
1.8
0.03
0.2
1.32
0.13
0
0.18
0
0.07
0.03
0.06
0.05
0
0
0.02
0.03
0
0
0.01
0.13
0
0.71
3.87
1.18
0
0
0
0
0.27
3.16
11.59
8.45
3.27
4.38
6.37
2.4
5.99
1.72
16.37
14.68
7.17
3.54
3.16
15.18
13.24
12.69
15.54
20.12
3.89
3.26
6.81
2
1.59
1.31
2.27
1.2
4.29
0.01
0.48
0.62
0.83
7.28
1.38
0.36
0.97
1.36
0.07
2.11
1.66
0.13
0.3
3.21
0.28
7.09
1.01
0.02
0
0
0.24
2.97
1.6
0.13
0.45
0.21
0.16
0
0
0
0.08
0
0
0.33
0
0
0.01
0
0
0
0
0
0
0.02
0
0
0.15
0.09
0
0.2
1.27
1.45
0.07
0.01
0
0
0.03
0
1.34
8.57
1.96
0.49
3.76
1.24
2.25
0.19
0
0.49
1.84
5.07
0.61
0
0
0
0.51
2.27
0.75
0.02
0.24
0.25
1.13
0.3
0
0
0
0.19
0
0
0
0
0
0.63
1.27
0.24
0
0.05
0.45
0
0
0.12
0
0
1.63
2.57
4.48
2.37
5.39
0.55
0.91
2.67
2.36
0.27
3.92
0.68
0
0
0
0
0
0
0
0.15
0
0.04
0.01
0
0
0
0
0
0
0
0
0
3.79
1.95
11.72
5.94
0.09
1.66
3.63
0.48
0.01
0
0.01
0.3
1.15
0
0.05
0
0
4.8
0.87
0.02
0
0
0
0
0
0
0
0
0.02
0
0.01
0.09
0
0.01
0
0
0
0.03
0.01
0
0.01
0
0
0.01
0.33
0
0
0
0
0
0
0
0.38
0.16
1.55
15.63
15.59
1.52
4.39
2.51
0
0
0
0
0
0
0
0
0
0
0
0
0
0
0
0
0
0
0
0.01
0
0
0
0.03
0.11
0.02
0
0
0
0
0.01
0
0
0
0
0
0
0
0
0
0
0
0
0
0
0
0
0
0
0
0
0
0
0
0
0
0
0
0
0
0
0.11
0
0
0.77
4.19
1.88
1.48
1.74
0.25
0.16
0
0
0
0
0
0
0
0
0
0
0
0
0
0
0
0
0
0
0
0
0
0
0
0.23
3.75
1.17
0
0
0.06
11.89
4.96
0.99
0.13
0.03
0.56
2.67
1.07
10.23
0
0
0.17
2.98
0.46
0.09
0.32
1.49
1.16
0.38
0
0.01
0
0
0.09
0.02
0.19
8.71
2.1
0.27
0.31
0.32
0
0
0
0
0
0
0
0
0.28
0.45
0.22
0.3
2.53
3.09
1.84
6.48
2.47
1.97
0.2
0
0.02
0
1.05
0.48
0.04
0.05
0.88
0.01
0
3.11
0.86
1.81
0.32
0.09
0.66
8.59
4.63
18.02
7.51
0.98
5.18
3.74
1.86
1.75
1
0
0
3.6
2.38
0.79
0
0
0.09
0
0
0
0.01
0.41
13.37
2.35
0
0
0
0.21
3.84
0.05
0.02
0
0
0
0.08
0
0
0
0
0
0
0
0
0
0
0
0.01
0
3.3
14.85
2.48
0.97
0.04
2.11
0.2
2.16
0.27
1.92
7.18
15.63
14.21
6.65
1.31
0
0.02
0
0
0
0
0.02
0.93
3.07
1.69
8.07
10.17
7.05
6.18
2.95
12.54
8.71
1.19
4.06
0.92
0.34
0.13
4.48
1.8
0.01
0.01
0
0
0.01
0
1.66
35.97
4.51
2.06
0.17
0.16
0.86
4.97
1.25
8.15
16.97
1.56
0.98
0.61
1.27
14.8
9.07
1.98
0.49
0.31
8.98
14.05
3.32
2.95
6.07
11.4
7.73
11.84
1.75
1.75
2.75
7.36
3.65
16.91
8.65
4.09
0.51
0.24
0.36
0.01
0.01
0.4
1.23
9.93
18.07
0.6
4.29
1.27
11.71
3.73
3.94
0.39
0
5.65
0.26
0
0
0.03
0.3
0
0
0
0.06
0.05
3.2
0.02
0.16
0.01
0
0
0
0.12
5.67
2.2
4.54
0.34
0
0
0
0
0
0
1.93
2.77
1.06
0.02
11.07
0.61
0.01
0
0
0
0
0.01
0
0.27
2.42
1.13
0.4
0
0.14
0
0
0
0
0
0
0
0.35
0.13
0
0
0
11.55
3.18
0
0.05
0
0
0
0
0
0
0
0.03
0
0.03
0
0
0.13
4.6
0.28
0
0
0
0
0.05
0.56
1.07
0
5.98
0.39
0
0
0.41
0.54
3.71
0.3
0.81
0
0
0.01
0.04
0.23
1.09
0.6
0.93
0.07
0
0.11
0
0
0
0
0
0
0
0.01
0.86
0.91
21.87
6.48
0.45
1.97
1.58
0.95
0.02
0
0.12
0
0.09
0
0
0
0.6
0
0.04
0
6.36
0.01
0.02
0
0.53
0.04
0
0
0
0.59
0.95
10.18
2.03
1.13
0.1
0.2
0.6
0.01
0
0.01
0
0
0
0.09
0.02
0
0.01
0.02
0.01
0.57
0.19
0
0.11
1.83
0.92
0.01
0.19
7.87
1.52
0.76
0.92
4.25
0.43
0
0
0
0
0.07
0
0.01
0
0.28
0.02
0
0
0
0
0.97
5.38
8.09
1.93
1.8
1.79
7.69
15.45
3.91
0.78
13.79
1.13
0.61
0.11
0.55
0.95
1.29
6.51
3.23
0.32
2.07
1.01
3.85
8.72
8.54
9.21
2.95
0.55
1.09
9.05
0.47
0
0.02
0.34
0.01
0.01
0
0.02
0.02
0.21
7.88
9.35
10.3
13.3
8.91
8.28
6.56
3.56
0.31
8.04
2.84
12.42
0
0.57
1.09
0.82
1.23
2.32
1.44
0.91
0.45
0.63
0.82
0.25
0.02
0.02
1.18
0.97
0.23
0.3
3.82
1.51
6.08
12.71
0
0.97
5.24
0.93
0.1
0.38
1.34
2.09
1.02
11.98
1.15
2.13
0.72
0
1.77
0.13
0.01
0
0
0
0.01
0
0
0
0.13
0
0.21
0
0
0
0
0.02
0
0.45
0.01
0.92
0.34
0
0.02
0
0.01
0
0
0
0
0.04
0.05
0.08
0
0.13
0.22
0.01
0.45
0.11
0.01
0.25
2.1
3
3.16
1.62
0
3.21
2.69
1.45
0.93
0
0
0.32
1.56
2
4.12
1.6
0.16
0.05
1
1.05
0.13
0.09
0.13
0
0
0
0
0
0
0.01
0.16
3.65
0.83
0
1.97
1.51
0.32
0.13
0
0.57
0.03
0.68
0.3
3.03
9.79
6.29
0.67
0.49
0.2
0.76
2.09
0.42
1.31
0
0
0
1.09
0.14
0.05
0
0.3
0
0
0
0
0.04
0
0.1
0
0
0
0
0
0
0
0
0
0
0
0.01
0.01
0.02
0
0
0
0
1.33
0.39
0.19
37.69
0
0
0
0.05
0.92
0
0.01
0.79
1.06
0.07
0.01
0
0
1.24
0
0.03
0
0
0
0
0
0
0
0
0
0
0.06
0.01
0
0
0.04
0.02
0.22
7.31
0
0
10.34
5.57
17.75
5.48
4.29
0.44
2.1
0
0
0.19
0
0
0
0
0
0
1.14
29.23
49.55
33.35
0.48
0
0.27
8.31
0
0
1.13
7.59
5.82
1.39
0.74
1.7
5.03
4.7
4.04
0.85
0.02
2.81
2.97
19.38
0.8
0.87
0.56
0.88
5.33
4.61
13.86
2.11
0.04
0
0.31
0.97
2.52
11.41
3.58
0.27
0
0.17
6.8
2.42
13.01
41.63
23.09
2.68
8.12
2.33
0.01
1.69
0.2
0.02
0
0
0
0.01
0
1.91
0.09
3.05
4.73
0.84
0.63
0
0.01
0.52
0.17
0.01
0.99
4.18
2.84
0.76
7.05
3.34
0.24
0.03
0.36
3.34
5.17
0.23
0.41
0
0
0
0
0.02
0
0
0
0
0
0.01
0
0
0
2.77
8.11
9.86
1.05
0.08
0.01
0.02
0.01
0
0
0
0
0
0
0
0
0
0.03
2.22
9.35
4.39
0.16
11.87
3.05
0.38
3
4.16
3.03
0.38
0.02
0.19
0
0
0
0
0
0
0.13
0.71
0.02
0.01
0
0
0
0
0
0.09
0
0.01
0.03
0.04
1.88
0.17
0.32
0
0.02
0
0
0.01
0
0
0
0
0
0.01
0
0
0
0.01
0
0
0
0
0
0
0.01
0
0
0
0
0
0.05
0
0.01
0
0
0.4
1
0.46
2.87
1.06
0.16
3.02
5.32
0.04
0
0
0
0
0.01
0.01
0
0
0
5.01
2.97
0.25
0
0.01
0.01
0.05
0
0
0.01
0
0.01
0.02
0.01
2.18
10.66
0
0.46
0
1.42
0.4
0.12
0.23
1.82
0.2
0.61
0.09
0.17
0.06
0
0
0
0
0.01
0.99
0
0
0
7.18
5.84
18.75
9.48
7.87
0.71
0.63
0
0
0.01
0.01
0.04
0
0
0
0
0
0
9.46
20.84
9.25
3.24
5.05
1.05
0.47
10.66
9.41
2.14
0.77
0.11
0.66
0.77
0
0
0.03
0
0.03
0
0
0
0.02
0.04
0.01
0
0.01
0
0.03
0
0
0
0
0
0.02
1.82
0.05
0.01
0.02
0
2.59
0.96
1.36
0.43
0
0
0
0
0
0
0
0
0
0
0
14.91
1.36
0
0.05
0
0.07
0
0
0
0
0
0
0.02
2.55
5.22
0
0.05
0
0.03
0.04
0
0
0.11
0.01
0.06
0.55
0
0.02
0.02
0
0
0
0
0
0
0
0
0
0
0.17
0.13
2.64
0.05
0.01
0
0
0
0
0
0
0
0.04
0
0
0.08
0.01
0
0
0
0
0
0.01
0
0
0.62
0.09
0
0.03
0
0.01
0
0
0
0
0.05
0
2.5
5.7
3.03
4.7
3.98
0
7.39
6.64
6.66
0.17
0.01
0
0.02
0
0
0.05
0.01
0
6.53
3.41
0.41
8.04
5.13
4.17
15.8
3.73
0.19
0
0
0
0.03
0
0
0
0
0
0
0
0
0
0
0.01
0
0.19
0.13
0
0
0
0
0
0.01
1.04
0.11
0.01
0
0
0
0.03
0
0
0
0
0
0
0
0
0
0.56
15.09
14.02
3.29
12.5
9.68
11.15
3.54
0.11
0.04
0
0.13
0.28
0
0.35
0.48
2.83
0.64
13.38
4.46
2.5
0.74
6.81
0
0.02
0
0
0
0.05
0.18
0
0
0
0
0.18
0
0
0.11
0.95
3.62
0.16
1.53
0.01
2.29
2.42
2.88
8.72
1.48
1.23
1.46
4.37
0
0
0
0.12
9.42
6.69
2.76
1.97
2.76
1.02
0.27
0.15
4.57
0.33
0.02
0.16
0
0
0
0.01
0.01
0
0.03
1.14
0
0
0.04
0
0
0
4.24
13.37
2.36
2.28
1.64
0
0.01
0.28
0
0.17
1.14
14.68
2.06
13.3
1.74
2.28
1.1
3.16
0.33
3.39
0.09
0
0
0.29
11.65
0.36
3.86
0
0
0
0.1
12.63
3.35
3.02
0.63
3.03
4.11
0.12
0
0
0.37
0.11
0.57
6.84
0.95
0.09
0.38
2.93
5.98
3.23
6.31
11.06
1.05
0.55
11.1
3.84
0.05
0.15
0
0
0
0
0.07
0.09
0
0.07
0.02
0.58
0.27
0
0
0
0
0
0
0.01
0
0.75
0.09
0
0.05
0.07
0.08
0
0
0
0.1
0
0.05
0.01
0
0.02
0
0
0.03
0.07
5.21
16.09
2.98
3.9
0
0
18.93
0.19
0
0.02
0.03
0.42
11.42
0.17
0.32
0.55
0
0.02
0
0
1.39
14.26
2.68
0.1
0
0
0
0
0
0
18
14.84
8.05
0
0
0
0
0
0
0
0
0
0
0
0.01
0
0
0
0
0
0
0.05
0
0
0
0
0
0
0.14
0.05
0
0.02
0.02
0.03
0.88
0.67
0.12
2.54
3.84
0.45
0
0
0.02
0.31
0
0
0
0
0
0
0
0.02
0.01
0
0.08
0
0
0
0
0.11
0
0
0
0
0.04
0
0
0
0
0
0
0
0
0
0
0
0.02
0.02
0
0
0
0
0.54
0.39
0.09
0.08
0
0
0.03
5.73
3.04
1.2
0
0
0
2.74
6.3
0.1
0
0
1.63
4.98
0.13
0.15
2.48
0.27
0.02
0
0.01
0
0
0
0
0
0.01
0
0.41
0
0
0
0
1.34
0
0.09
0.11
16.62
4.19
12.13
2.89
0.82
0.33
0
2.68
11.91
0.32
0
0
0
0
0
0
0
0
0
0
0
0
0
0
0
0
0
0
0
0.01
0
0
0
0
0
0
0
0
1.39
8.46
0.47
0
0
0
0
0
0
0
0
0
0
0
0
0
0
0
0
0
0
0.09
1.84
4.11
5.18
13.94
1.97
0
1.48
4.05
0.02
2.06
0.64
0.02
0
0
0
0
0
1.39
0
0
0
0.66
7.07
14.33
1.45
4.67
11.3
1.1
4.48
0.15
0.71
2.23
0.17
0
0
0
0
0
0.01
0.01
0
0
0.8
0.08
0.32
0.72
9.06
7.87
0.59
1.77
0.44
0.06
0.02
2.78
0
6.04
1.41
1.84
0.36
0
0
3.28
1.98
0.86
5.93
0.49
0.01
0
0
0
0
0
0
0.21
15.05
0.36
2.34
0.09
0
0
3.28
0.52
0
0
0
0.01
0
0
0
0
0
0
0.02
0
35.91
6.23
0.03
0
36.76
4.66
14.22
1.2
2.45
0.08
0.08
0.04
0.19
0.4
0
0
0
0
0.23
2.59
0.09
0
11.08
0.84
0.25
0
0
0.32
0.45
1.19
2.67
13.39
4.68
3
4.59
0
0
0.52
2.91
7.51
0.45
0
0.3
8.54
6.32
0.88
0.52
0
0
0.03
0.54
3.93
7.31
6.53
0.4
0
0.34
3.23
8.49
2.98
0.9
0.01
0
0.52
0.09
0.71
0.67
0
0
0
0
0
0
0
0
0
0.01
0.01
0.01
0
0
0
0.02
0.02
0
0
0
0
0
0.01
0
0
0
0.19
0
0.01
0
0
0.01
0.04
0
0
0
0.01
0.03
0.09
2.23
0.46
0
0.27
0.73
2.43
0
0
0
0.02
0.05
4.19
12.35
0.06
0
0
0.01
0
0.05
0.04
0.63
0
0
0
0.02
0
0.22
0
0
0
0
0.03
2.87
0.18
0
1.67
0.3
3.14
2.55
0.84
0
0
0
0.83
8.62
1.97
0.25
0.01
0.04
0
0
0.01
0
0.01
0
0
0.02
0.3
7.46
0.7
0
0
0
0
0.01
0.01
0
0.01
0.01
0
0.02
0
0.04
0.64
0
0.12
0
0.02
0
0
0
0
0
0
0
0.17
0.04
0.01
0
0
1.3
0.15
0
0
0
0
0.01
0
0.02
0.06
0.02
0
0.13
0
0
0.02
0.18
0.1
0.05
0.01
0
0
0.1
0
1.38
4.02
0.07
0
0.01
1.99
0.79
0.03
4.26
6.8
0.53
0.12
0
0.02
0
0.04
0.13
7.38
11.05
7.76
2.57
7.28
0.63
2.8
0.04
0
0
0
0.02
0
0
0
0
0.01
0
0
0
4.08
0
0
0
0
0
0
0
0
0
0
0
0
0
0
0
0
0
0
0
0
0
0
0
0
0.61
0.48
0.42
0.71
10.73
4.8
8.09
1.5
3.42
13.84
6.25
1.61
0
0
0
0
0.38
0.25
0
0.02
0
0
0
4.75
5.13
1.23
0.5
0.01
0
0
0
0
0
0
0
0
0
0
0
0.58
0.38
0
4.04
1
0.07
0
0
8.42
0.52
0.41
1.7
0.08
0.01
0.02
0
0.01
0.05
0.07
0.03
0
0
0
0
0.01
0.02
0
0
0
0
15.01
17.55
5.32
0.77
0.53
0
0.03
0.22
0.2
0.16
0
0
0.79
3.67
17.58
6.41
4.82
0.13
0.2
6.43
0.83
0.13
0
0.29
2.38
0.64
0.43
4.25
0.06
0
0
0
0
0
0.04
0.13
16.57
2.72
1.16
0
2.07
0.3
0.04
0
0
0.75
0.02
0
0
0.01
0
0.63
1.49
0
1.54
14.13
4.09
0.48
0
0
0.2
0.17
0
0
0
0.01
2.76
0.31
0
0
0
0
0.48
0.44
0.4
0.14
9.86
1.73
4.04
1.15
5.73
1.09
0.63
0.34
0
3.8
0.18
0
0
0.35
4.53
24.63
2.09
1.26
0.11
0.03
0
0.51
6.22
0.16
0.01
0
0.05
0
1.99
1.02
0.4
0.2
0.39
1.34
0.15
0.32
4.21
11.1
0.71
0
0
0
0
0
0
0.04
0
0
0
0.01
0.02
0
0
0.01
0
0
0.41
2.14
0
0
0
0
0
0
2.1
0.23
0.09
13.35
1.18
5.73
31.42
2.99
3.55
0.01
0
0
0.09
0.03
0
0.39
0.07
0
0
0
0.01
0.31
6.44
0.28
0
0
0
0
0.02
0.16
0.27
0
0.82
0
1.5
5.7
1.29
20.64
0.43
0.06
9.56
6.11
0.06
0.98
0.3
0.05
0
0
0
0.13
12.82
18.62
14.19
0
2.05
0.95
0.21
0.59
2.04
2.19
1.61
0.02
0.22
1.45
14.23
0
0.44
7.45
0.81
0.41
0
0.05
3.25
1.95
0.48
0.36
0
4.3
0.32
11.06
6.52
1.36
4.93
0.44
0
0.04
0
0.02
0
0
0
0.04
0
0
0
0
0.06
0
0
0
0
0
0
4.2
7.06
0.5
10.85
19.2
2.81
0
0.02
0
0.7
0
0
0.03
0
0.59
5.88
9.83
23.55
3.16
0.42
0.36
0
2.27
6.79
0.79
1.19
0
6.15
12.34
17.88
5.05
6.31
0.61
0
0.2
1.48
0.34
0.13
0.16
17.76
3.91
1.41
6.58
10.46
0
0
0
0.27
1.08
18.43
7.34
6.3
1.07
0.54
0.93
8.77
10.85
7.25
1.9
5.36
4.59
0.53
7.02
13.86
0.42
0.79
0
0
0
1.2
4.83
7.9
2.25
5.82
0.07
0
0
1.8
6.16
8.77
4.79
3.38
4.42
4.97
1.78
2.83
1.02
1.03
0
0
0
0
0
0.82
0
0
0
0.12
2.63
9.49
1.17
0.72
0
0
0
0
0.3
3.14
0.38
1.43
18.97
5.18
2.52
0
0
0.92
4.41
0.12
0.02
0
0.01
0
0.06
0
0.02
0.46
0.98
0.11
0.01
0
0
0
0
0.02
0.56
1.96
1.97
0
0.13
0
0
0
0
0.19
0
0.09
0
0.3
8.52
5.81
0.49
0.25
0.67
5.88
3.23
0
0
0.04
0
0
0
4.61
0.63
0.1
6.66
6.39
1.21
3.63
3.95
0
1.09
0.58
0.8
1.09
1.37
0.17
0
0
8.13
19.23
10.54
7.2
4.13
2.17
0.09
0.41
0.31
0
0.04
2.99
3.13
6.46
23.23
0.95
0.01
0
0.01
0.13
0
8.66
0.16
0.23
4.91
0
0
0
0.34
0
0.13
0
0
0.07
0.11
0
0
0
0.22
1.82
0.94
5.82
0.02
0
0
0.09
0
1.24
1.08
0
0
0
0
0.01
0
3.27
5.86
0.24
0
0.13
1.48
0.88
0.12
0
0
0.13
18.73
0.3
0.02
0
0.01
0
0.08
0.02
0.23
0
0
0
0
0
0.76
0.18
1.56
3.07
1.36
0.14
0
0.66
0
0.02
10.75
5.9
0
0
0
0
0
0.02
0.05
0
0.02
0
0
0
0
0
0
0
0
0
0
1.05
17.74
0
0
0
0
0.36
1.1
0.59
0
0
0
0
0
0
0
0
0
0.6
21.36
4.71
5.41
5.37
0.15
0
0
0
0
0
0.45
6.99
25.63
2.33
7.74
0.67
4.25
2.28
1.18
4.41
0.96
0
0.02
0
0
0.32
0.01
0
0
0.63
0.44
0.05
1.8
0
0
0.19
0
0
0
0
0.01
0
0.12
4.39
4.32
17.28
0.7
0
0
0
0
0.03
1.23
5.09
8.14
11.09
2.3
0.02
1.59
7.49
3.23
3.91
23.02
7.77
1.7
1.31
0.45
0.69
0
0
1.53
4.56
0.52
0.2
5.69
5.33
5.35
0.34
0.29
0.01
0
0.64
0.43
7.15
3.35
1.67
0.2
0.32
0.98
0.96
0
0.16
1.59
0
0
0
0.29
1.84
2.59
1.27
4.17
7.05
1.02
0.73
1.1
4.71
0.74
6.42
1.34
0.29
0.3
0.82
0.08
0.26
15.73
0.36
1.01
1.19
0.2
0.7
0.54
0
0
0.31
0.18
1.02
7.9
7.33
1.2
0.01
0
0.7
3.88
3.52
0.03
0.37
5.89
3.05
0.31
0.92
5.3
8.37
26.5
8.7
13.42
8.43
6.3
19.74
13.03
1.16
0
0.39
0
0
0
0
0.25
3.23
0.18
0.1
1.12
3.37
1.74
0.19
0
0
0
0
0
0.12
0
0
0
0.32
5.77
0.55
0.07
5.56
0
0.6
11.18
0.53
0.7
5.91
0.36
1.78
0.79
8.49
0.51
0
0
0
0
0.07
0
0.03
0
0
0
2.24
1.32
15.88
13.89
1
6.41
7.58
2.13
1.49
0.47
6.68
5.45
2.13
0.05
0
0
0
0.09
0
0
0
0
0
0
0
0
0
8.31
13.1
8.05
14.86
1.28
2.48
2.38
1.11
4.79
8.98
6.1
0.41
0
0
0.07
0
0
0.03
0.41
0.37
17.64
6.1
0
0
0.79
0
0.08
5.59
0
0.31
2.95
7.77
0.1
0
0
0.04
0
0
0.2
0.05
0.8
0.51
0
0
0
0
0
0.01
0
0
0
0
0
0
0
0
0
0
0
0
0
0
0
0
0
0
0
0
0
0
0
0
0
0
0.01
0
0
0.01
0
0.01
0
0
0
0.01
0.52
0
0.07
0.07
0
0.01
0.06
0
0
0
0.04
0.4
0.25
0
0.02
0
0.04
0.08
0.07
0.02
0.06
0.76
0.8
6.64
0.32
0
0
0
0
0
0
0
0
0
0
0
0
0.2
0
0.15
0
0
0
0
0
0
0
0
0
0
0.41
0.16
0
0
0
0
0
0.01
0
0
0
0.02
0
0.9
0
0.38
0.93
0.4
0
0
0
0
0
0
0
0
0
0
0
0
0
0
0
0.01
0
0.02
0.22
0.34
5.27
0.34
0.65
0.79
0.15
0
0
0
0
0
0
0
0
0
0
0.01
0
0
0.11
0.6
0.06
0
0
0.13
15.49
9.66
1.77
0
2.34
11.62
3.73
0.05
0.7
6
3.74
4.53
2.32
5.88
1.12
0.25
0.05
0.89
2.4
0.79
0.27
0.86
4.25
18.26
2.03
4.16
0.54
0.17
4.6
0.21
0.01
0.96
8.79
1.31
0
4.57
1.96
1.22
0.62
0.18
0.01
0.05
0
0
0
0
5.36
22.31
10.71
1.07
6.75
0.49
0
0.7
2.18
14.04
18.23
3.66
1.01
0
0.24
5.84
8.8
1.06
13.11
4
4.73
6.55
0.61
4.29
13.72
9.46
5.38
5.34
5.64
0.6
0.57
0.01
0
0.02
0
0.07
0.01
0.18
0
0
0.07
0.01
6.13
0.55
0
0.19
0
0
0.49
5.3
0.84
0.14
0.36
0.16
0
0.25
4.15
0.83
0.62
2.48
11.99
6.55
2.46
1.27
1.39
1.58
3.34
11.72
2.96
0.52
0.64
0.21
0.11
0.29
0
0.16
2.57
9.56
2.05
0.18
0.01
6.46
9.2
5.55
0.59
0
8.32
14.06
2.17
0.83
0.38
0
0.99
0.5
1.49
0.35
0.02
0.02
0
0.01
0.01
0.01
0
0
0
0
0
0
0.03
1.79
3.43
1.87
0.41
0
0.01
0
0
0
0.02
0
0.05
0.02
0.06
0.02
0
0.02
0.03
0
0.05
0.48
0.2
3.02
5.56
23.41
54.38
1.88
1.61
0.23
1.96
0.33
0.06
0.04
13.37
2.57
0.04
0
0
0.1
0
0
0.03
0.01
0.03
0.03
0.05
0.01
0
0
0
0
7.7
4.27
16.79
0
4.7
17.07
0.71
0.21
1.63
0.27
0
0
0
0
0.23
4.48
0
0.04
0.09
0.43
2.13
0.02
0.09
0.23
0.01
0
0.78
0.03
0
0
0
0
0
0
0
0
0.04
0.02
0.05
0
0
0
0.04
0
0
0
0
0
0
0
0.02
0.01
0
0
0
0.02
0.02
0
0
0
0
0
0.01
0
0.16
0
0.02
0.02
0
0.02
0
2.46
11.05
0
0.87
0.24
0.02
0.25
5.99
7.23
3.32
1.08
0.68
1.55
4.96
23.68
1.22
0.45
0.73
0
0.11
0
0.35
0.14
0
0.02
0.04
0
0
0.14
0.78
0.13
9.58
1.24
0.08
34.25
6.93
5.53
15.37
8.67
14.81
10.96
2.02
0.13
0
0.58
0.79
9.14
3.99
0.43
1.25
5.55
14.01
8.22
0.67
0
0.03
0
0
0
0
0
0
0
0
0
0.45
0.04
0
2.12
7.42
19.11
1.69
0.54
1.45
0.22
0
0.01
0.02
0
0
0
0
0
0
0
0
0
0
0
0
0
0
0
0
0.39
0.21
0.09
0.04
0.13
0.12
0.1
0.15
0.13
0.12
0
1.08
0
0.04
0.3
1.7
5.04
4.63
0.36
0.46
0.04
0.09
0.12
0.08
0
0
0
0
0.01
0
0
2.98
1.8
1.69
0.47
0.35
0.83
0.14
0.22
3.28
0.27
0.12
2.82
0.45
0.16
0.03
0.23
0.09
0.33
0
0
0
0.01
1.07
2.2
0
0
0
0
0
0
0.02
0
1.75
0.77
0
0.01
0
0.04
2.91
0.68
0.02
0.23
2.63
0.85
0.42
2.59
0.48
2.51
6.48
8.56
3.09
0
0.02
0.66
3.66
4.12
3.65
1.54
0.2
0.02
0
0
0.03
0.62
0.02
0
0.07
0.84
0.02
0
5.44
7.7
4.66
12.1
5.07
0.52
0.16
0.17
0.07
2.49
0
0
0.09
0
0
0
0
0
0
0
0
0
0
0
0.1
0.22
0.37
10.84
2.21
0.47
2.24
1.06
0
0
0
0.01
0
0
0
0.27
0.61
4.84
4.71
2.24
0.13
3.41
12.58
7.68
19.72
2.5
2.09
0.03
0
0.02
0
26.18
2.85
0
0.09
0
0
0
0.01
0
0.64
0.08
0
0.41
19.55
2.48
2.72
0.68
0.01
0.2
0.06
0
0
0
0
0
0.02
3.75
4.72
2.37
0.56
12.51
10.6
9.05
2.24
0
0
0
0
0
0
0
0
0
0
0
0
0
0
0.37
9.22
0.07
0
0
0
0
0
0
0
0.18
0
0.01
0
0
0.23
0.27
0
0
0
0
0.11
0
0
0
0
0
0
0.05
0
0.02
0
0
0
0
0
0.01
0
0
0
0
0
0
0
0
0
0
0.26
0
0
0.01
0.24
0
0
3.35
5.68
2
0.26
0
0
0
0
0
0
0
0
0.02
0.01
2.79
0
0.11
7.04
2.36
0.03
0
0.08
0
0
0
0
0
3.58
0.07
1.57
0.01
0
0.48
0
0.71
0.05
10.17
2.09
0.06
0
0
0
0.06
0.45
0.2
0
0.64
0.24
0.13
0
0.13
0
0.9
1.09
8.83
5.95
3.44
0.11
0
1.05
0
0.02
2.27
5.59
1.73
1.53
0.15
0.38
0.27
0
0
0.01
1.42
1.38
4.41
2.54
4.74
1.65
29.13
5.29
1
3.04
4.93
0.88
0.24
0
0
0.21
0.56
0
0.01
0
0.01
0
0
2.48
1.51
0.41
0.09
0.22
0.12
0.02
0
0
0
0
0
0
0
0.23
0
0.07
0.58
0
0.41
0.84
0.25
0.27
0.03
0.92
2.07
0.37
0
0
0
0
0
0.37
0.01
0
0
0
0
0
0
0
0
0
0
0
0
0.14
0.29
1.29
0.48
0.01
0.01
0.07
0
0
0
0
0.09
0
0
0
0.06
0
0
0
0
0.12
0
0
0
0.02
0.12
0.02
0
0
0.01
1.06
15.91
5.72
2.78
0.32
0.02
0
0
0
0
0.16
0.1
0.2
0.06
0
0
0.06
2.9
1.63
3.88
0.07
0
0.02
0.02
0.45
0.09
0
0.62
0.02
0.02
0
0.14
0
0
0
0.51
0.01
0.02
0.47
0.66
0.22
0
0.01
0
0.06
0
4.19
4.88
6.23
1.61
0
0.95
6.06
5.36
1.33
0
0.92
0.48
0.2
2.8
4.35
1.7
6.84
4.39
0.81
3.08
2.55
0.2
0.02
0.36
0.46
6.84
14.66
16.93
5.06
5.94
0.46
8.83
1.21
0.02
0.24
0
0
0
0
0
0.01
8.63
6.64
11.27
6.09
14.17
0.64
0.02
0
0.05
0
0
0
0.03
0.04
0.01
0
0
1.32
8.32
0.56
0
0
2.22
5.32
0.43
0
0.02
0.02
0
0
0
0
0
0
0
0
0.09
0.01
0.02
0.01
0
0
0.03
0
0
0.01
0
0.27
0.07
0.42
0
2.01
1.43
2.05
0.2
0.36
6.33
0.33
0.05
0
0
0
0
0
0
0
0
0
0
0.01
0.02
0
0
0.02
0
0
0
0.03
0
0
0
0
0
0
0.01
0
0.07
6.55
4.11
0.57
0.04
1.1
1.7
0.73
0
0
0
0.23
0
0
0
0.06
0
0
0
0
1.46
0.05
0
0
0
0
1.03
0
0.24
8.44
0.02
0
0
0
0
0
0.04
0
0
8.05
0.3
0
0
0
0
0
0.02
0.33
0.89
0
0.02
6.33
5.48
0.73
0.01
2.91
6.12
5.26
0.52
0.03
0.12
4.12
0.12
1.23
0
0
0.02
0
2.3
0.63
0
0
0
0
0
0
0
0.01
0.02
0
0.02
0.25
0
0
0
0.01
0.05
0
0
0
0
0
0
0
0
0
0
0
0
0
0
0
0
0
0
0
0
0
0
0
0
0.1
0
0
0
0
0
0.01
0
0
0
0
0
0
0.03
0
0
0
0
0.05
1.83
0.57
0.26
0.07
1.43
1.5
0.32
3.76
8.44
0.55
0.96
7.41
19.43
5.59
7.58
1.27
0.82
13.39
10.85
29.35
7.95
12.14
6.15
0.02
0
0.01
0
0
0.03
0.01
0.01
0
2.91
6.8
0.42
0.84
0.09
1.46
5.32
1.19
0.4
0
0.01
0
0.02
0
0
0
0.05
0
0
0
0
0
0
0
0.09
0
0
0
0
0
0
0
0
0.18
6.32
0.89
19.29
2.94
0.42
1.84
0.23
0.14
9.15
0.47
0.44
4.25
3.38
0.09
0.1
0.01
0
0
0
0.01
0
0
0.01
0
0
0
0
0
0
0.01
0.01
0
0
0
0
0
0
0
0.01
0.65
0.34
0
0.04
0.01
5.46
10.24
13.01
4.1
0.59
0.16
1.57
1.67
0.6
0
0
0
0
0
0.25
1.36
0
0.53
3.53
16.35
13.82
7.16
0.27
0
0
0
0
0.02
0.02
0
0.84
0
0
0
0.23
0.42
0.17
0
0
0
0
0.2
0.08
0
0.01
0
0.02
5.5
6.69
1.02
0
0.06
2.66
0.21
0.03
0
0.02
1.59
3.59
10.41
7.98
7.11
5.88
0.29
0
36.55
22.86
1.5
0
0
0
13.15
1.55
1.17
0.02
0.03
0.02
0.01
0.19
0
0
0
0
0
0.01
0
0
0
0.01
0.49
0
0
0.29
0.56
0.01
2.03
19.23
0.01
0.69
0.21
3.74
2.01
0.01
0
0
0
0
0
0.01
0
0.01
0
0
0
0
0
0
0
0
0
0.01
0
4
6.79
0.07
1.68
0.65
3.84
0
0
0
0
0
0
0
0
0
0
0.21
0
0
0
0.02
0
0.76
0
0
0
0
0
0
1.69
0
0
0.02
0
0
0
0
0.7
0.09
0
0
0
0.02
5.55
4.88
1.42
0.01
0
0.19
0
0.86
0.83
13.99
2.78
0.03
0
0
2.15
13.14
2.03
0
0.17
5.42
0.1
0.01
0.01
0
0
0.02
0.02
0.01
0
0.02
0.01
0
0.28
9.09
0.05
0
0.32
1.49
10.17
3.96
22.19
2.68
4.7
1.05
0.01
0
0
0
0
0
0
0
0.01
0
0
0.02
0
20.44
34.6
7.8
0.24
0
0.59
2.62
2.98
1.38
0.92
0.08
0
0
0
0
0.06
0
0.01
0.03
14.66
5.29
4.14
0.09
0.19
0
0
0
0
0.01
0.02
0.03
0.17
1
0.13
0.1
0.06
5.55
2.68
0
0
0.09
1.38
0.02
0
2.54
0.82
0.19
0.06
0
0
0
0
0
0
0
0
0
0
0
0
0
0.01
0.02
0
0
0
0
0
0
0
0
0
0
0
0
0
0
0
0
0
0
0
0
0
0
0
0
0
0
0
0
0
0
0.03
0.56
0
0.16
0
0
0
0
0
0
0
0
0
0
0.13
0.02
0
0.07
7.79
1.91
0.02
0
0
0
0
0
0
0
0
0
0
0
0
0
0
0.04
0.02
0
0
0
0
0
0.52
0
0.63
0
0
0.08
0
0.03
0.02
0.03
0.96
0.24
0.01
0
0.02
0
0
0
0.01
0
0
0
0
0
0
0
0
1.36
2.22
0.71
3.75
0.53
9.51
4.48
14.07
5.48
0.66
0.28
0.28
0.21
3.67
0.25
0
0
0
0.01
0.02
0
0.01
0.02
0.05
0.16
0.02
0.71
0.87
0.29
4.08
1.18
0.07
0
0.02
0.99
1.09
0
0
0
0
0
0
0
0
0.02
0.01
0
0.18
0
0
0
0
0
0
0.25
0
0
0
0
0
0.01
0
0.01
0.04
1.34
9.59
10.72
3.05
3.47
0.32
0.02
0
0
0
0.01
0.21
1.55
0.57
0.52
0
0
0
0
0
0
0
0
0
0
0
0
0
0
0
0
0.09
0.05
0.04
0
0
0.02
0.01
0
0.01
0
0
0.18
0
17.25
18.72
2.4
0.02
0.23
3.34
0
0.01
0.01
0
0.01
0
0.02
0.09
0
0.03
0.01
0.02
0
16.38
0
0
0.05
4.71
10.34
0
0.03
0.05
28.28
0.52
0
0
0
0
0
0
0.01
0.01
0
0
0
0
0
0
0.01
0.01
0
0
0
0
0
0
0
0.01
0
0
0
0.45
0.16
0
0
0
0
0
0
0
0
0
0
0
0.06
0.18
0.07
0.01
0
0.01
0
0
0
0
0
0.02
0
0.01
0
0.29
2.11
3.09
0.11
0
0
0.01
1.77
0.89
7.26
1.29
0.46
0.04
5.86
0.31
0
0.05
0.31
5.74
5.85
6
15.95
1.52
3.41
13.75
4.21
0.49
0
0
0
0
0.01
0
0
0
0
0
0
0.01
0
0
0
0
0.23
0
0.02
0.1
0.06
6.63
8.63
4.81
3.78
21.91
8.8
23.39
3.68
0.67
0.07
0
0
0
0
0.01
0
0
0
0
0
0.03
0.03
0
0.18
2.47
6.69
0.85
0
0.04
0
0
0
0
0
0.02
1.06
2.45
5.42
7.7
0.81
0.51
0.2
0.05
0.7
0.13
0.06
0.76
1.71
0.86
0.52
0
0.33
0
0
0
0
0.01
0
0
0
0
0
0
0
0
0
0.28
0.64
0.17
0.24
2.57
0.01
1.45
0.95
0.95
15.19
10.34
0.62
0.24
0.1
0.15
0.13
0
0
0
0.07
0.01
0.05
0.18
0.14
5.56
4.26
8.3
5.34
2.03
0.38
7.02
8.03
10.88
8.94
1.13
13.42
2.43
1.43
0.46
9.52
1.2
0.7
12.44
0.2
0.58
4
0.41
0.15
0.15
0.02
0
0.01
0.43
0
3.04
1.06
5.28
2.1
0.01
0
0
0
0.01
0
0
0.12
0.03
0.56
0
0
0.27
0.55
3.08
5.63
3.88
0.79
0.92
7.64
4.41
13.57
7.28
0.41
0
0.1
0.02
17.97
10.3
4.57
4.2
11.57
6.67
0.8
12.63
9.12
3.29
1.68
4.84
0.44
0.64
0.72
0.98
3.94
0.37
0.05
0
1.12
10.42
18.46
1.02
1.23
0.2
0
0
0
0.05
0
0
0.01
0
0.16
5.8
2.75
0
0
0
0
0
0
0.02
0.03
0
0
0
0
0
0
0.02
0
0
0
0
0
0
0
0
0
0
0
0
0
0
0.01
0
0
0.01
0
0.01
0
0
0
0
0
0
0.01
0.01
0
0
0
0
0.01
0
0
0
0
0.01
0
0.36
0.3
0.09
0
0
0
0
0
0
0.14
5.85
0.91
0
0
0.04
0.04
0.01
0
0
0
0
0
0
0
0
0
3.4
0.56
0
0
0
0
0
0
0
0
0
0
0
0
0
0
0.26
0
0
0
0.05
11.19
1.98
0
1.16
6.64
0.84
5.19
0.5
0
0.2
0
0
0
0
0
0
0
0
0
0
0
9.81
2.05
0.01
0
0
0
0
6.89
0.61
0
0
0
0.02
2.17
2.21
0.16
10.41
1.69
6.2
18.62
22.82
3.8
10.9
0.56
7.02
23.27
5.25
10.44
1.07
1.81
6.97
1.05
0.45
0.24
0.02
0.07
0.03
0.01
0
0
0
0.55
16.35
2.84
0.52
1.2
0.05
0.13
0.23
0.1
0.01
0.01
0
0.01
0.79
0.36
0.07
0.06
0
0.06
0.23
0.25
0.25
0.04
0.02
0
0.01
0.01
0.2
0
0.13
0
0
0
0
0
0.71
3.95
8.66
1.21
0.64
0.08
0.05
0
0
0.01
0.15
0.03
0.29
2.54
5.69
2.21
1.95
13.79
10.54
4.55
4.12
1.24
6.38
1.12
0.54
0.27
0
0
0
0
0
0
0
0
0.08
1.08
2.59
11.73
15.34
12.36
4.27
2.29
1.19
0.51
2.27
8.59
0.35
0.27
0.47
7.09
1.74
0
0.11
1.79
0
0.2
0.45
4.4
0.45
0.46
0.33
0.01
0
0
0
0.01
0
0.16
0.09
0.06
0.01
0.01
0.01
0
0.48
4.43
5.03
2.92
1.49
0.26
0
0.02
0
0.23
0.08
0
0
0
0
0
0.86
4.69
4.58
2.94
0.54
3.62
0.05
0.3
0.05
0.02
0
0.01
0.01
0.01
0
0
0.01
2.81
12.79
6.23
2.05
8.07
1.41
0.99
1.54
0.51
0.02
0
0.02
0
12.15
1.4
0.66
0.23
0.03
0
0.01
0
0
0
3.84
3.34
12.73
4.36
0
0.13
1.8
0.59
0.06
0.92
5.78
0.66
0.02
0
4.06
0.8
0.02
0.05
0
16.41
1.46
0.05
0.12
0.03
0
0.01
0
0
0
0
0
0
0.01
0
0.02
0
0
0.05
0
0
0
0.01
0
0.88
0.7
0
0.85
0.11
0
0.02
2.58
0.67
0
0
0
0.01
0
0
0
0.01
0
0.05
0
1.88
0
0
0
0
0
0.01
0.02
0
0
0.01
0
0
0
0.02
0.02
0
3.48
0.46
0
0
0
0
0
0
0
0
0
0.01
0
0
0
0
0
0
0
0
0
0
0
0.23
0.02
0
0
0
0
0
0
0
0
0
0.01
0
0
0.34
0
0
0.07
2.17
0.25
0
0
0
0
0
0
0
0
0
0
0
3.48
0.14
0.56
0.61
0.3
0
0
0.01
0.01
0
0.78
0.01
0
0
0
0
0
0
0
0
0
0
0
0
0.02
0
0
0
0
0.1
0
0
0.05
0.04
0
0.01
0.01
0.02
0.28
2.05
5.16
11.7
2.57
1.03
0.08
0
0.01
0
0.71
4.64
1.16
0.12
1.71
0.25
0.03
0
0
0
0.02
0
0
0
18.38
16.04
2.82
0
0.04
0.02
0
0
0
0.78
9.7
1.23
0.89
4.43
0.17
0.48
0.03
0.13
0
0
0.07
0.02
0
0
0.02
0
0.48
4.14
7.26
7.72
4.01
2.96
10.42
8.48
5.22
2.93
3.75
2.7
3.36
2.7
0.06
2.3
0.02
4.65
0.93
0.04
0
0
0
0
0
0.01
0
0.02
0
0
0
0.01
0
0.01
0.02
0
0.01
0.02
4.51
10.66
4.1
0.4
0.15
1.15
1.85
4.48
0.98
0.13
6.23
2.2
0.03
0.04
0.04
3.18
16.45
20.5
11.2
7.11
6.07
3.83
3.02
8.98
1.42
0.27
0.61
7.18
0.91
0
0
4.5
3.05
1
0.02
0.03
0.02
0.17
4.07
2.07
0
0.85
0.22
3.69
6.63
0.51
0.02
0.02
0
1.51
0.32
0.78
0.19
0.01
0
0.02
0.38
0.01
0.02
0
0.01
0.01
0
1.24
6.1
1.05
0.36
5.85
10.86
1.13
0.94
0.17
1.39
2.86
0.13
0.05
2.2
2.02
2.07
0.41
0.24
0.06
0.16
4.55
0.63
3.09
11.61
8.31
3.25
2.38
0.52
0
0
0
1.36
0.27
3.64
17.91
2.54
0.14
0
0.02
0.05
0
0
1.27
0.13
0
0.1
0.03
0
0
0.08
0
0
0.06
0.01
2.79
0
0
0.02
0
0.01
0
0
0
0
0
0.01
0
0.04
0
0.02
0
0
0.02
0.17
0.09
0.13
0.57
0.25
0.55
4.45
0
0
0
0.01
0
0.08
0.13
0
0
0
0
0
0
0
0.03
0
0
0
0
0
0
0
0
0
0
0.43
0.09
0
0
0
0
0
0
0.07
1.09
3.22
0.67
0
0
0
0
0
0.01
0
0
0
0
0
0
0
0
0
0.02
0
0
0
0
0
0
0
0
0
0
0
0
0.02
0
0
0
0.01
0.05
4.28
10.16
0.34
0
0
0.09
1.23
0.05
0.02
1.08
0.27
0.13
5.48
1.46
0
0
0.03
0
6.28
15.48
1.25
3.94
0.19
1.37
0
0
0
0
0
0
0.17
0.07
0.23
0.05
0.54
4.07
1.96
7
1.07
0.03
0.07
0.01
0.57
4.75
0
6.57
5.63
10.88
4.3
0.72
0
0
0
0.16
3.13
8.86
0
0
0
0
0
0
0
0
0
0
0.01
0
0.01
0
0
0
0
0.17
0.38
3.56
14.04
1.23
0.02
0.05
0.02
0
0
1.66
0.61
0
0.01
0
0
0.71
0
0
0
0
0
0
0
0
0
0.21
5.82
0.17
0
0
0.01
16.56
1.08
0.4
0
0
0
0.02
0.05
3.48
0.01
0
0
0
0
0
0
0
0
0
0
0.01
0.01
0
0
0
0.03
0.21
32.39
4.28
0.4
20.18
10.86
0.48
0.6
0
0
0
0.48
0.07
0.17
2.47
0.92
0.05
2.2
6.19
3.58
3.29
13.38
4.73
0.54
0.17
5.01
0.58
0.09
0.02
0.02
0.01
0.01
0.24
6.95
11.26
0.25
0.03
0.01
0.01
27.8
8.11
0.73
0
0
0
0.07
0.7
5.86
5.54
0.39
0.15
0.01
0
0
0
0.04
0
0
0
0
0
0
0.47
2.64
0.29
0
0
0
0
0.01
0
0
0
0
0
1.08
1.81
0.34
0.05
1.11
0.09
0.33
0
0.15
8.77
6.81
13.5
3.18
2.37
11.59
11.58
1.69
0.6
0
0
0
0
0
0
0
0
0
0
0.01
0
0.3
3.73
0.38
0
0
0
0.02
0
0
0.09
0
0
0
0
0
0
0.83
0.45
0.77
0.08
0
0
0.05
5.11
9.06
0.02
0
0.01
0
6.7
8.2
0.46
0.02
0.43
5.09
0.05
0
0
0
0
0
0.01
0
0
0.02
0.02
0
0
0
0
0.03
0.14
4.04
0.2
0
0
0
0
0
0
0
0
0.65
0.29
0
0.08
0.18
0
7.79
0
0.03
0.08
0.93
4.75
1.53
6.3
0
0.14
0
2.9
0.89
13.77
5.01
0.14
0
0.01
0
0
0.02
0
0
0
0.04
31.27
0
0
0.01
2.97
0.02
0
0
0
0
0.01
0
0.01
0.01
0
0
0.02
0.02
0.03
0.01
0
0
0.16
0
0
0
0
0.56
0
0
0
0
0.61
3.68
0.65
1.11
0.14
0.51
0.03
1.38
0
0.08
0.03
0
0.01
0
0.52
0.01
0
0
0.02
0
0
0.01
0
0.05
0
5.47
0.25
0
0
0
1.99
0.39
0
0
0.43
1.26
14.3
2.51
0.29
9.93
4.32
0.3
0
0
15.17
14.04
5.38
0.05
0
0.14
0.84
0
0.01
0
2.68
3.78
4.07
16.2
11.66
7.81
0.05
0.37
1.9
0
0.03
0.01
0
0.05
0.51
0.64
1.95
0.1
4.42
26.66
3.74
1.29
0.01
0.07
0.14
0.48
0.32
0
0
0
0
0
0
0.01
0.29
1.85
3.61
0.52
0.7
0
0.02
0.03
0
0.88
6.91
11.62
7.63
3.54
0.99
0.02
2.04
4.5
9.69
26.27
3.68
4.4
1.85
1.1
0
0
0
0
0
0
0
0
0
0
0
0
0
0.19
0
12.1
0.71
0.7
0.13
0.38
3.3
0.29
0.01
0.01
0.02
0.36
14.65
2.28
7.15
5.15
5.74
4.19
11.76
0.05
0.17
0
0
0
0.48
1.68
7.8
4.28
3.3
2.17
11.4
0.46
0.04
0.54
0.16
0.52
0.75
0.62
2.98
0.06
0.02
0
0
0.16
0
0.02
0
0.02
6.8
1.64
0.21
0
0
0
0.01
0.68
0.06
0.07
0.26
0.2
0.02
0
0
0
0.01
1.75
0
0
0
0
0
0
0
0
0.67
0
0
0
0
0
0
0.02
0.38
0
0
0
0
0
0
0
0.11
0.14
0
0.01
8.96
10
13.53
1.44
3.55
1.91
3.24
0.23
1.39
12.26
0.7
0.88
0.06
0.81
1.34
2.5
5.86
1.43
0.18
0
0.32
0
1.54
23.56
8.71
1.68
0.23
0
0.24
2.62
0.47
2.25
8.07
0.84
0.61
0.48
4.61
5.55
14.22
10.17
7.95
6.61
0.11
0
0.64
0
0
0
0.05
0.12
0.57
0
7.53
0.84
1.21
0
0.02
0
0
0
0.18
0
8.49
0
0
0
0.74
39
30.64
0.66
1
1.88
2.59
0.78
12.58
0.26
3.88
0.22
0.02
0
1.77
1.27
4.41
0.9
0
4.45
2.73
2.95
7.39
9.53
0.02
0.07
0.69
1.99
0.89
0
0
0
0
0
0
0
0
0
0
0.02
0.02
0
0.09
0
0
0.01
0.98
0
0
0
0
0
0
0
0
0.01
0.14
0
0
0
0.01
0
0
0
0
0
0
0
0
0.11
0.02
0
0
0
0
0
0
0
0
0
0
0
0
0
0
0.01
0.04
0
0
0
0
0
0
0
0
0
0
0.01
0
0
0
0.01
0
0
0
0
0
0
0
0
0
0
0
0
0.28
13.92
0.16
0
0
0.01
0
0
0
0
0.89
0.87
4.24
0.6
0.09
12.49
11.5
23.9
4.09
8
1.17
0
0.01
0
0
0
0
0
0
0
0.59
2.02
0.13
0.13
0.15
0
0
0.02
0
6.85
0.75
0.06
0.53
12.07
4.34
0.23
0.02
0
0
0
0
0
0.05
0.01
0
0
0
0.86
0.4
0
0
0.06
17.49
2.47
0.19
0.1
0
0
0
0
0
0
0
0.02
0
0
0
0
0
0
0
0
0
0
0
0
0
0
0
0
0
0
0
0
0
0
0.01
0
0.14
7
0.29
0
0
0.03
0
0
0
0
0
0
0
0.02
0.07
0.04
0
0
0
0
0
0
0.53
0.13
0
0
0.01
0
0
0
0
0.01
0.19
3.99
4.97
3.05
0.46
0.04
0
0
0.01
0
0
0
0
0
0.24
0.12
5.17
9.3
13.58
3.91
7.91
6.45
0
0
0.09
0
0
0
0.37
2.95
0.54
0.03
0
0.01
0
0
0
0.01
5.41
1.85
0.33
0
0
0
0
0
0
0
0
0.65
6.41
1.62
16.48
7.31
1.03
8.42
8.21
3.78
1.52
4.88
3.76
2.17
0.73
0.18
3.63
5.45
3.99
0.16
0.2
0.2
0
0
1.87
2.31
0.93
11.14
7.98
7.6
10.41
2.05
0.21
0
0.09
0
0
0
0
0
0
0
0.01
0.41
0
0.01
0.02
7.71
4.81
0
0.98
0
0
1.11
0.23
0.12
7.55
2.12
10.75
24.68
0.7
0.48
0.41
0
0.94
7.04
8.21
2.15
3.5
0.05
0
0.09
0
0.67
0
0
0.89
0
0.02
1.88
12.13
0.23
0
4.6
15.64
0.42
0
0.18
0.82
0.47
0.09
0
0
0.02
0
0
0.63
0
0
0.19
0
0.03
0.04
0.02
0
2.35
0.63
4.61
0
0.02
0.02
0
0
0
0
0.1
0.11
0.55
1.95
0.3
0
0
0.01
0
0.09
0
0.02
0
0
0.2
0
0
0.17
0
0.02
0
0.05
3.87
0
0.23
0.02
0.01
0
0.01
0
0.16
2.54
0.07
0.05
0
0.04
0.73
0
0
0
0
0
0.23
0
0.03
0.01
2.37
13.64
5.63
2.11
9.57
4.23
0
1.46
0
0
0
0
0.01
0.01
0
0
0.23
1.23
0
0
0
0
0
0
0
0
0
0
0
0
0
0
0
0
0
0
0
0
0
0
0
0
0.01
0
23.38
3.52
0
0
0.42
0.03
0.02
0
0.01
0.2
4.24
0
0.02
0
0
0
0.27
0.11
0
0
0
0
0
0.02
0.11
0.01
0
0.14
2.2
0.2
6.97
8.5
2.82
15.34
7.66
17.23
6.72
4.37
2.81
4.5
7.25
5.59
0.8
3.15
4.63
2.84
0.22
2.8
1.43
3.97
4.43
1.42
4.5
9.23
1.41
0.34
9.06
3.82
3.44
0.62
9.84
21.84
10.73
0.4
0.62
3.76
0.12
0
0.04
4.23
9.44
0.1
0.41
0.27
0.16
0
6.3
3.77
4.25
2.71
0.26
0.27
0.39
0.12
0.11
0.9
0.15
0
0
0.04
0.07
0
0.01
0.01
0.01
0.01
0.02
0.01
0
0.05
0.79
0.34
3.64
3.18
2.51
0.68
5.32
1.56
0.03
0
0
0
0.04
0
0
0
0
0
0
0.02
0
0
0
0
0.01
0
0.02
0.05
0
0
0
0
0
0
0
0
0.2
0.09
0.03
0
0.08
0.13
2.53
0
0
1.97
0.33
0
0
0
0
0.73
0
0
0
0
0.09
3.49
3.37
0.21
0.01
0.05
0
0.01
0
0.3
2.48
1.41
0.07
2.75
9.68
4.55
1.14
4.88
0.7
0.4
0.01
0.02
0.16
0
0
0
0.01
0
0
0.82
0.06
0.27
0.79
0.69
5.77
1.66
0
0.01
0.46
1.35
3
0.76
0.01
0
0
0
0
0
0.55
0.29
0.23
3.26
0
0
0.02
0.43
0
0.13
0.3
0
0.14
0.18
0.52
0.08
0
0.39
0.04
0.01
0.02
0.02
0
0
0
0.55
8.91
0
0.26
0
0
0
0.36
0
1.39
6.73
0
0
0.01
0
0
0
0.02
0
0.01
0
0
0.12
0
0.1
0
0
0
0
0
0
0.01
0.01
0.04
0.01
0.01
0
0
0
0
0.15
0
0.35
0
0.07
0
0.09
1.02
0
0.05
0.75
0
0
0
0.38
9.15
1.26
0
0
0
5.09
1.56
0.32
0.11
0
0
5.06
1.12
3.96
2.43
0
0.02
0
0
0
0
0
1.48
14.14
0.18
1.34
0.09
0
0
0
0.01
0
0.06
0.03
0
0
0.13
0.36
0.01
0
0
0.04
24.97
5.83
0.05
0
0
0
0.32
0
11.8
1.4
0.04
0.33
0
0
0
0
0.3
10.25
0
0
0.05
4.96
0
0.43
2.13
5.84
0.52
0
0.01
3.87
0.25
0.05
0.09
0.01
0.04
0
1.58
1.55
4.65
1.44
15.12
0
2.09
13.48
16.48
6.11
1.86
0.26
0.93
5.02
5.78
1.09
1.12
6.65
0.6
0.05
0.01
0.03
0.05
0.3
8.52
13.88
4.35
0.98
0.01
0.02
0.05
0.05
0
0.01
0
0.05
0.42
0.2
4.01
0.43
6.23
12.93
1.64
0.35
0.44
0.32
0.2
0.14
0.13
0.01
0
0
0.02
0
0.88
11.37
2.54
1.24
0
0.02
0.01
0.01
0
0.14
0
0
0.02
0.02
0.01
0
0
0
3.73
0.63
1.83
0.66
0.21
0.2
0.19
0.01
0
0
0.02
0
0.17
4.23
0.13
0.27
0.06
0.34
0.8
0
0.05
0.02
0.05
0.14
0.19
0
0.02
0.05
0.04
0.29
0.05
0.09
1.19
0
0.02
0.34
0.01
0.32
5.3
12.27
0
0.05
1.1
3.15
0.97
0.14
2.21
0.17
0
0.07
0.03
0.05
0.4
6.49
4.25
4.41
1.45
0.02
0
0.01
0
0.03
0.02
0.23
3.11
17.04
2.86
0.34
0.23
0.73
5.91
10.57
5.95
3.8
2.69
0.56
0.04
4.73
3.28
0.95
0.23
5.24
5.58
0.06
0.02
0.48
0.04
0.21
0.25
0.91
0.41
6.82
0.77
0.01
0.01
0.17
0.59
0
0.02
1.72
4.9
0
0
0.02
0
0
0
0.04
2.35
1.52
12.64
28.03
3.73
2.18
0.02
0.01
0
0.01
0.01
0.01
0.25
2.12
0
0.06
0.13
0
0
1.09
0.01
0.04
0.29
0.51
0.03
0.2
1.05
0.01
0.03
0
0
0
0.01
0
0
0
0
0
0
0
0
0
0
0
0.01
0.04
0
0.44
1.81
2.59
3.47
1.95
0.19
0.01
0.04
0.01
0.01
0.01
0
0
0
0
0
0.61
3.39
0.08
0
0
0.01
0.01
0
0.11
0
0.01
0
0
0
0
0
0
0.95
3.84
0.31
1.09
0.74
0.02
0
0
0
0
0.02
0.02
0
0
0
0.01
0
0
0
1.54
0.02
0
0.02
0
0
0
0
0.38
0
0
0
0
0
0
0
0
0
0
0
0
0.02
0
0
0
0
0
0
10.81
0.02
0
0
0
0
0.02
0.04
0.17
3.71
0.76
0.39
0
0
0
0.02
0
13.19
22.25
7.88
3.23
0.02
0.02
0
1.88
0.64
0
0.02
0
0
0
0.14
0
0.47
0.03
26.75
1.06
0.18
0.03
0
0
0.02
16.84
1.29
1.99
0.11
0
0.05
0
0
0
0
0
23.34
24.61
6.44
5.95
1.1
0.91
0.17
0
0.01
0
0
0
0
0.91
1.29
0.15
9.99
4.9
0.43
1.33
0
0
0
0
0.01
2.46
7.07
0.25
0.01
0.02
0
0
0
0
0
7.95
0.95
6.28
0
0
4.64
2.98
0.58
0.06
0
0.01
0.51
0.43
0
0.23
1.95
17.72
2.51
6.63
4.3
0.54
0
0.01
0
0
0.16
0
0
0.04
0.39
0.21
4.43
1.75
0.44
0
0
0
0
0
0
0
0
0
0
0
0
0
0
0
0
0
0
0
0
0.01
0.31
1.3
1.38
0
0
0.43
0
0
0
0
0
0
0
0
0
0.16
0.02
0
0
0
0.01
0
0
0.01
0
0
0
0
0
0
0
0
0.02
0
0
0.11
3.25
0
0.01
0
0.01
0.5
16.46
3.15
0.11
0.01
0
0.09
4.73
2.59
0.12
0
0
0.12
3.55
0.16
0.05
0.07
0.21
0
0
0.01
0
0
0
0
0
0
0
0
0
0
0
0
0
0
0.51
0.07
0.13
1.23
0.66
0
0.35
8.73
4.99
5.66
9.66
7.21
2.76
1.24
1.6
1.66
1.38
0.02
0
0
0
0.01
0
0
0
0
0
0
0
0
0
0
0
0
0
0
0
0
0
13.27
2.88
0.61
0.01
0
0.77
1.09
0.01
0
0
0.01
0.01
0
0.05
0.01
0
0
0
0
2.79
1.7
0.11
2.63
0.4
0
0
1.21
6.64
26.42
11.2
2.11
0.38
1.32
0.84
0
0.17
0
0
2.88
1.75
1.64
0.02
3.99
11.74
3.57
20.2
3.27
0
0.16
0
0
3.12
17.79
5.12
1.1
0.09
0
0
0
0
0.09
0
0
0
0
0
0.01
0.15
0
0.01
0
0.01
0
0.02
0.02
0.39
0.18
0.07
0
0
0
0
0
0
0.04
0
0
0
0.12
12.52
1.32
0
1.39
7.18
0.31
0
1.1
2.72
4.55
0.03
0
0
0
0
0
0
0
0
0
0.3
6.5
0.07
0
0
0
0.34
0.68
0
0
0.4
0
0.01
0.12
0
0
0.02
0
0
0
0
0
0
0
0
0.01
0
0
0
0.03
0
0.01
0.01
0
0
0
0
0
19.76
7.63
2.65
1.37
0.01
0.01
0
0
0
0
0.68
0
0.48
5.07
1.91
1.64
6.68
7.68
0.66
0
4.42
12.72
3
11.69
10.65
0.65
0.52
0.96
0.18
0.16
0.03
0.45
3.07
2.07
9.93
8.53
1.83
0.12
0
0
0
0.23
0
0.01
0
0
0
0.01
0.01
0.01
0
3.61
0
0
0
0
0
0
0
0
0
0
0
0
0
0
0
0.52
1.87
0.56
13.86
1.64
8.84
1.38
0.27
0.55
0.41
0.14
0
0.29
1.6
6.1
5.27
0.74
0.16
0
0.44
0.48
0.45
2.2
1.23
0.99
0.41
0.17
0
0
0
0
0
0
0
0
0
0
0
0
0
0
0
0.05
0
0
0
0
0
0
0
0
0
0
0
0
0
0
0
0.01
0
0.46
0.39
0.17
0.12
0.17
0.99
0.2
0.2
0.12
0.02
0.46
3.47
1.33
1.13
0.2
0.01
0
0
0
0
0
0
0
0
0
0
0.18
2.1
0.43
0.2
0.89
0.73
0.56
0
0
0
0
0
0
0.42
0.59
0.38
3.7
2.98
0.16
0
0.85
0.01
0
0
0
0
1.47
3.65
0.34
0
0
0
0
0
0
0
0
0.01
0.01
0
0
0.01
0.09
0.39
0.02
2.13
2.25
0.62
4.42
0.26
0.92
0
0
0
0
1.9
0.44
2.83
14.57
7.91
4.47
5.73
2.93
5.63
1.14
3.22
0.54
0.6
0.09
0.04
0.3
0.41
0.26
8.55
7.52
5.17
2.8
10.5
1.5
0
0
10.08
7.54
0.9
0
0
0.7
8.4
8.57
10.83
4.28
2.84
0.1
0.01
0.02
0
0.08
0
2.39
0.25
3.03
4.48
0.26
15.87
5.84
0.67
0
0.01
0
0
0
0.43
0.98
1.79
0.98
0
0.03
0.32
0
0
0
0
0
0
0.02
0.91
5.32
0.36
0.06
0.62
0.01
0
0
0
0
0
0
0
0
0
0
0
0
0
0
0
0
0
0
0
0
0
0
0
0
0
0
0
0
0
1.8
0.62
1.87
0
0.03
0
0
0.01
0.01
0.04
0
0
0
0
0
0
0
0
0
0.25
0.36
0
0
0
0
0
0
0
0
0
0
0.45
0
1.61
1.23
7.13
0.45
0
0
0
0
0.61
0.11
0.03
0.05
0.45
0.05
2.05
15.02
2.21
5.16
0
0
0
0
0.71
6.76
0.56
3.06
2.09
1.35
5.4
10.46
4.48
3.4
5.27
7.34
6.19
15.37
2.98
2.43
2.3
2.69
6.24
4.84
0
0.04
0.03
0
0.02
0.03
0.03
0.4
9.11
14.36
0
0.25
1.17
10.75
3.37
2.85
11.89
4.93
5.34
4.98
0.79
0.09
0.03
0.03
0.2
0
0
0
0
0.05
0.02
0
0
0
0
0
0.23
0
0.01
0.07
0.04
4.73
0.83
6.7
0.26
0
0
0
0
0
0.01
0
0
0
0
0
0
1.09
0.07
0
0
0
0.4
0.08
0.04
0.62
0
0
0.02
0
2.13
0.05
0.09
0.23
0.27
0.01
0.32
3.48
0.73
7.43
9.08
1.56
7.45
9.77
2.04
0.84
0.73
0
0.05
0.02
0
0
0
0
0
0
0
0
0
0.02
0.03
0
0
0
0
0
0.02
4.85
9.05
1.89
1.11
0.02
2.76
0
0.01
0
0.02
0.01
0.03
0.82
0.09
0.5
0.46
0.13
2.84
0.59
0
1.32
0.38
0
0
1.38
3.84
2.91
0.25
0.24
0
0
0
0
0
0
0
0
0.02
0.41
0
0
0
0.03
0.04
0.04
0
0
0
0
0
0
0
0.04
0
0.02
0.03
0.05
0
0
0
0.01
0.01
0.03
0.02
0
0
0
0.04
0
0
0
0.23
12.33
5.13
0
1.25
7.29
1.9
0.02
1.23
3.19
3.04
0.07
0.01
0
0
0
0
0
0
0.02
0.3
0.2
1.62
5.25
0.89
0.04
0.14
0.32
0
4.5
0.75
6.9
2.91
1.09
0.48
3.18
0
0.03
0.14
1.63
0.41
0
0
0
0
0
0
0.01
0.86
0
0
0
0
0
0.39
0.52
0
0
0
0
0
0
0
0.01
0.01
0.01
0
0
0
0
0
0
0.01
0
0
0
0
0
0
0
0
0
0
0
0
0
0
0
0
0
0
0
0.08
0.16
0
0
0
0
0
0
0
0
0.02
0
0.01
0.04
0.58
0
0
0.02
0
0
0.01
0
0
0
0
0
0
0
0.02
0.02
0.09
0
0
0
0
0.01
2.98
0.02
0
0
0
0
0
0
0
0.03
0
0
0
0
0
0
0.23
0
0
0
0
0
0.01
0.02
0.54
0.15
0
0.02
0
0
0
0.02
0.6
0.96
4.24
0
0
0
2.45
1.1
2.66
3.24
7.99
0.31
0.51
2.29
9.79
0
0.87
0
7.25
2.46
0.7
0.03
0.47
12.17
4.73
0.62
1.17
3.7
1.7
2.53
0.74
5.81
0.1
0.53
3
1.7
11.94
0.61
0
0
0.34
0
0
18.95
10.68
2.52
5.65
2.63
6.34
4.5
1.96
1.46
10.66
0.84
0
0
0
0
0
0
0
0
0
0
0
0
0
0
0.02
0.02
0
0.05
0.03
0.05
0.03
1.23
0.23
3.97
0.07
0.47
0.74
0
0.02
0.02
0
0.01
0
0.06
0.82
0.64
0
0
0
0
0.04
0
0
0
0.04
0.64
0.83
10.86
1.68
0.61
0.72
0
0.08
0
0.01
0
0
0
0.02
0.01
0.01
0
0
0
7.8
4.13
0.52
2.42
0.01
0.09
0
0.42
0.24
0.11
0
0.13
0.36
0.1
0
0
0
0
0
0
0
0
1.69
1.38
0
0
14.48
4.66
0.41
0
0.1
2.88
0
0
0
0.03
0
0
0
2.12
0.17
0
0.02
0
0.07
3.14
1.13
0.58
0
0
0
0
0.37
0.03
0.01
0
0
0
0
0
0
0
0
0
0
0
0
0
0.01
0
0
0
0
0
0
0
0
0
0.02
0
0
0
0
0
0
0.02
0
0
0.01
0.01
0
0
0
0.05
2.09
2.31
2.12
5.1
0.51
0.1
3.95
2.78
0.16
0.09
0
6.38
0.66
0.52
0
0.23
2.55
9.21
9.34
4.2
6.93
0.66
0
0.16
0
0
0.03
1.53
0
0
0
0
0
0
0
0
0
0
0
0
0
0
0.04
0.01
0
1.15
0.26
4.73
4.1
15.27
3.64
0.11
0.01
0.02
0
0
0.2
0
0
0
1.33
0.02
0
0.13
17.11
4.9
2.24
1.42
1.53
3
1.77
0
0
0
0
0
0.02
0
0
0.08
0.36
0
0
0
0
0
0
0
0
0
0.01
0
0
0.03
0
0
0
0
0.01
0
0
0
0.02
0
0.01
0.01
0
0
0
0.13
7.54
7.14
1.61
0.01
0
1.11
0.21
0
0
0.03
0.07
5.46
15.03
0
4.16
0.05
0
0
0
0.01
0.02
0
0
0
2.48
0.03
1.06
1.13
1.32
0.58
0
0
0
0
0.48
0
0
0
0
0
3.81
1.93
0.22
0
0.01
0.01
0
0
0
0
0
0
0.01
0
0
0
0.27
0.13
0
0.02
0
0
0
0
0.03
0.02
1.21
0.05
0
0.02
0
0.08
0
0
0
0
1.44
0.13
0.01
0.02
0
0
0
0
0
0.02
0
0
0.01
0
0
0
0.29
11.47
31.11
4.44
0.81
0.88
3.52
16.48
8.97
0.6
0.53
0.09
0.04
0
0.11
0.05
8.07
0.03
2.05
0
0.01
1.93
0.04
0
1.66
10.39
0
2.09
3.73
1.3
1.12
0
0
0
0.01
0.14
12.01
0.58
0.07
0.82
1.13
0.8
0.4
10.18
3.28
3.88
5.86
3.15
11.82
2.23
19.3
11.92
22.2
2.12
0.33
0.12
10.8
7.5
13.52
1.79
7.91
9.23
2.23
14.01
1.57
0
0.55
1.01
0.86
0.58
0.48
4.69
2.1
7.54
6.99
23.37
4.27
2.04
1.61
1.97
8.59
2.44
0.21
6.04
10.86
3.59
1.07
2.86
7.52
2.95
0.23
0.19
0.19
1
0.13
0.12
2
0.68
0
0.11
0
0.1
1.29
0.29
0.11
0
0
0
0.02
10.53
0.41
1.14
0
0
0
0
0
0.01
0
0
0.19
0.02
0
0.01
0
6.48
1.52
0.41
0.06
0.34
0.35
2.64
0.11
0
0
0.06
0.02
0
2.67
0.04
0.9
17.37
12.13
7.06
7.31
0.47
0.01
0
0.69
4.54
2.77
1.05
0
0
0.01
0
0.01
0
0.01
0
0
0
0
0
0.86
5.25
0.18
0
0.01
0
0.07
1.64
1.05
0.75
0.53
3
0.48
0.03
1.91
24.52
5.76
1.22
6.06
11.94
11.36
1.45
0
0
0.09
1.23
4.41
6.83
4.11
0.52
0
0
0
0
0
0
0
0.01
0
0.36
4.99
0.13
0
0
0.04
0
0
0
0
0
0.12
0.05
0.01
0
0
0.15
1.9
2.3
0
1.27
0.01
0
0.03
0
0
0
0
0
0
0
0
0
0
0
0
0
0
0
0
0
0
0
0
0
1.26
0.46
0.02
0
0
0.09
0
0
0
0.4
1.11
0.55
0.27
0
0
0.04
0
0
0
0
0
0.27
0
0.02
1.2
0
0
0
0.01
0.13
1.41
0.19
20.76
0.76
0
0.01
0.02
0
0
0
0
0
0
0.01
0
0
4.78
0
0
0
0
0
0.29
0
0
0.04
2.07
0.88
0.64
6.86
1.06
0
0
0.04
0.41
1.23
1.11
3.18
16.44
3.08
0
0.02
0
0
0
0
0
0
0
0
0
0
0
0
0
0
0
0
0
0
0
16.57
1.19
1.03
0.01
0.75
1.5
0
0
0
0
0
0
0
0
0
0
0
0
0
0
0
0
2.95
0.52
0.17
0
0.41
0
15.78
30.05
10.67
8.96
2.54
1.41
11.98
6.13
1.91
4.14
0.72
0.39
0.66
0.89
0.14
0.19
0.07
0
0
0
0
0
0
0
25.5
8.33
5.27
1.15
1.17
0.13
3.54
12.57
16.92
14.33
3.07
0
2.62
4.56
7.71
6.06
11.79
10.98
4.88
7.58
6.88
3.68
0.84
1.48
2.28
15.93
6.26
13.1
5.61
9.77
4.98
3.28
14.35
7.73
16.36
18.98
2.04
1.5
0.21
0.31
0.61
0.52
2.32
7.84
2.22
11.27
23.77
14.8
4.41
6.37
1.15
0.72
1.02
0.19
0.48
0.21
0.16
0
0
0
3.64
0.42
0.23
0
0
0
0
0
0
0
0
0
0.3
0
0
0.01
0
0
0
0.05
1.53
0.18
0
0
0
0
0
0.02
0.07
0.15
0
0
0
0
0
0
0
0
0
0
0
0
0
0
0
0
0
0
0
0
0
0
0
0
0
0
0
0
0
0.26
0
0
0
0
0.36
0.27
0.02
0.01
0
0
0
0
0
1.3
6.28
5.01
9.45
4.66
0.33
0.14
0
0.01
0
0.01
0.04
0.02
0
0
0.01
0
0
0.65
2.37
1.74
1.91
0
0.01
0
0.18
0
3.74
2.48
3.21
8.88
2
0.05
0.06
0.13
0.45
0.25
3.66
8.8
2.06
0.88
0
0
0.13
7.18
5.53
2.39
1.11
9.56
13.52
1.76
0.25
0.25
0
0
0
0.12
0.01
0
0
0
0.06
2.48
0.3
0.05
0
0
0
0
0
0
0.01
0.01
0.46
0.26
0.14
11.13
9.35
0.77
0
0
0.21
0
0.08
1.02
0.08
0.03
0
0
2.09
0
0.39
0
0
0
0.02
0
0
9.13
2.6
0.39
0.27
2.14
0.05
0.08
0
0.02
0
0
3.06
0
0
0
1.1
0
2.32
18.42
0.1
0
0
0
0
0.16
0.02
0.02
0
0.02
0.02
1.13
4.32
0.02
5.66
0.19
1.02
0
0
0
0
0
0
0.01
0
0
0
0.01
0
0
0
0
0
0.13
1.65
4.61
2.52
0
0
0.65
0.89
0
0.02
0.53
3.8
2.32
1.11
0.15
0.86
0
0.18
0.25
0
0.31
0
1.18
1.76
0.02
0
0
0
0
0
0
0
0
0
0
0
0
2.04
2.8
3.2
0.79
0.29
0.15
0.43
2.47
3.8
0
0
0
0.18
13.85
6.18
6.8
18.16
11.14
8.84
5.63
2.81
7.88
13.86
2.34
14.83
0.36
0
0.22
1.59
10
2.08
2.2
14.69
4.13
0.75
2.3
10.07
3.79
0.43
1.98
0
0.04
0
0
0
24.6
0
0.01
0
1
0.7
0.5
2.92
4.41
0
0
5.66
10
25.33
5.83
3.35
0.95
4.98
8.29
1.41
0.27
2
0.64
0.38
1.06
5.26
1.9
9.34
0
0.34
0.82
0.7
0
0.26
0
0
0.01
0
0.51
2.45
1.72
0.07
0
0
0
0.27
0
0.11
0
0
0.66
0.41
2.63
4.34
1.11
0.78
3.95
1.07
4.55
2.78
12.95
5.34
6.33
0.41
0.17
0
1.16
3.05
0
0
0
0
0
0
0
0
0
0
0.03
7.08
0.2
0
0
0
0
0
0
0
0
0.24
0
0
0
0
0
0
0
0.01
0
0.01
0
0
0
0
0
0
0
0
0
3.36
0.41
0.09
0
0.01
0.13
8.52
0.34
6.58
0
0.23
1.25
0.55
2.41
0.66
1.11
0
4.32
3.3
3.1
0.04
0.32
11.93
1.44
11.55
1.25
0
0.04
0.62
0.15
5.75
0.08
0
0
1.57
0.27
18.89
4.47
2.69
1.39
2.74
0.48
0
0.01
0
0
0.01
0
8.85
13.66
1.41
5.6
16.43
8.54
0
0.29
0.16
11.08
3.48
4.04
4.66
5.88
11.55
0.32
1.36
8.95
1.63
10.31
0.92
0.94
0.1
0
0.39
0.63
6.85
0
0.01
0
0
0
0
0
0
0.01
0.01
0
0
0
0
0
0
0
0
0
0
0
0
0
0
3.45
3.3
0.01
0
0
0
0
0
0
0
0
0
0
0.08
0
0
0
0
0
0
0
0
0
0
0
0
0
0
0
0
0
0.01
3.94
0.53
0
0
0
0.02
0
0
0
0.14
0
1.23
1.41
0.08
7.3
0.97
0.06
0.7
9.55
1.84
0.02
0
0
0.02
0
0
0.11
0
0
0.01
0
0
0
0
0
0
0
0.05
0
0
0
0.03
0
0
0
0
0
0
0.01
0.16
0.02
0.33
10.12
2.25
0.39
5.24
2.86
3.59
9.41
1.39
0.26
0
0
1.82
10.73
7.49
2.18
0
0.5
0.63
0.31
0
0
0
0
0
0
0.02
0.07
0.01
0
0
0
0
0
0.53
0
0
0
0
0
0
0.13
0.14
1.47
11.92
0.25
0.34
0
0
0
0.07
0
0
0.01
0
0
0
0
0
0
0
0
0
0
0
0.19
0
0
0
0
0
0.02
0.73
0.21
0.15
0.07
0.01
0
0.33
0
0.19
0.66
0
0.06
0.26
0
0
0
0
0
1.1
0.02
0
0
0
0
0
0.09
0.52
5.5
10.62
5.59
0.52
0
0.06
0
0.01
0
0
0.3
3.77
0
0.01
0
0
0
0.09
2.81
2.48
0
0
0.08
0.64
3.91
0.63
0
0
0.01
0
0
0
0
0
0
0
0
0
0
0
0
0.47
9.39
0.54
0
0
0
0
0
0
0
0
0
0
0
0
0
10.34
3.16
0.12
0
1.39
0.15
0.14
1.39
0.98
0
0
0
0
0
0.08
16.57
8.75
0.79
1.29
3.88
0.33
0.09
0
0
0
0
0.01
0.11
8.8
5.2
1.96
2.19
0
0
0.02
0.01
0.05
0
0
0
0
0.02
0.02
0.02
0.01
0
0.02
0.18
0
0.62
0.82
10.73
0.77
0
0.01
1.31
0.89
0
0.04
0
2.5
4.24
10.88
11.73
3.91
1.32
2.3
4.52
2
0.68
0.66
3.65
1.59
0.1
0
0
0
0
0
0
0.01
0.89
5.02
5.15
1.61
0.19
0
0
0.01
0
0
0.01
0
0
0
0.14
3.61
14.23
0
0
0
0
0.08
0.02
7.54
5.49
0.21
0
0
14.71
0.14
0.03
0.89
0.02
0
0
0
0.01
0
0.57
0.41
0
0
0
0.07
0.02
0
0
0
0
0
0.01
0
0
0
0
0.27
0.47
4.16
0.16
0
0
0.04
0.01
0.07
0
0.01
0
0
0
0
0
14.95
6.25
0.1
0
0.02
0
0.02
0
0
0
0.02
0
0.98
0
0
0
0
0.7
0
0
0
0
0
0.28
1.98
0.06
0
0
0.05
0.07
0.63
1.33
0.46
0
0
0.02
0.01
3.66
0.3
0.01
1.11
1.21
1.22
0.5
0.11
0
0
0.02
0
25.37
0.78
0
0.01
0
10.73
21.95
1.22
0.13
0.02
0
0
3.31
0.47
0
0
0
0
0.04
0
0
0
1.15
18
5.66
0.01
0
0.07
2.64
11.29
3.07
0.19
0.07
1.32
13.91
2.74
8.13
17.29
5.22
15.11
21.35
6.28
1.46
6.9
1.66
0
0.3
0.14
0
0.15
0.03
0
0
0
0.01
0
0.08
0
0.52
15.99
7.85
2.52
2.33
1.27
0
0.09
0
0
2.02
0.26
0.1
0
0
0
0
0.01
0
0.15
0
0
0
0.01
1.05
0.06
0.14
0
0.48
6.59
0.45
0.06
0
1.16
6.25
2.1
0.52
0.26
0
0.14
0
0.13
0
0
0
0.16
0
1.44
5.73
11.01
1.09
0.18
0
0
0
0
0
0
0.05
0.01
1.16
0.79
0.01
0
1.63
10.32
0.39
0.15
0.3
0
0
0
0
0
0
0
0
0
0.01
0
0
0
0.24
1.55
0.39
0
0
0
0
0
0
0
0
0
0
0
0
0
0
0
0
0
0
0
0
0
0
0
0
0
0
0
0
0
0
0
0
0
0
0
0
0
0
0
0
0
0
0
0
0
0
11.31
1.82
5.58
4.02
0.42
0.32
0
0.37
0.04
0.07
2.05
1.03
0.87
5.09
4.62
1.95
0.89
0
3.77
8.08
7.14
5.85
0.95
0.43
3.88
5.75
19.52
7.6
0.56
6.62
2.43
0
0.19
8.23
0.39
0
0.64
1.88
5.01
0.84
0.1
0.17
1.04
0.06
0.71
4.63
3.12
3.54
9.41
2.69
2.79
1.61
0.1
0.02
0
0.01
0
1.9
2.29
0.24
0.25
0.36
3.57
1.22
3.78
2.3
0.13
1.22
0
0.04
0
0.42
0.02
0.5
0.03
0.78
16.73
0.04
0.03
0
0.02
0
0
0
0
0
0
0
0
0
0
0
0
0
0
0.01
0
0
0.63
0
0
0
0
0
0
0.01
0
0
0.01
0
0
0
0.45
0.06
0
0
0
0.01
0
1.63
0.06
0
0
0.09
0
0.02
0.02
0
0.01
0
0
0
0.03
0
0.05
0.03
0
0
0
0
0
0
0
0
0.34
0
0.01
0
0
0
0
0
0
0.01
0
0.03
0
0
0
0
0
0.02
2.05
0
0
0
0
0
0.02
0
0
0
0
0
0
0.02
0
0.14
0
0
0
0.12
1.41
5.27
0.9
0
0
0
0
0
1.75
0.14
3.64
1.12
0
0.17
0.83
0
0
0.64
0
0
0
0
0.29
3.63
0.25
0.37
0
0.09
0.01
0
0
0.28
5.12
2.64
0
0.2
0.31
0.29
0.88
0
0.01
0
8.11
0.32
0.22
16.45
0.53
1.44
16.73
3.75
1.71
0.72
0.01
0
0
5.22
4.14
0.1
0
0.22
0
0
0
0.45
2.68
11.93
4.05
6.04
0.54
0.95
0.21
1.01
7.66
1.02
7.06
0.68
0.08
0.25
7.58
10.9
3.02
0.99
0
0.01
0
0
0.25
5.79
0.01
0.02
0.37
0
0.2
0.2
1.46
10.24
4.91
6.34
6.64
6.97
4.18
8.1
21.89
2.57
0.3
4.89
1.55
2.66
1.62
4.39
1.7
0.75
0.54
2.7
3.65
6.94
1.22
0.94
1.4
1.67
3.69
3.68
11.08
0.99
0.04
0
0.5
2.84
5
1.67
20.52
7.4
2.68
0.2
0.02
0
0
0
0
0.31
1.22
0.42
1.19
5.15
0.71
0.02
0.03
0
0
0.01
0.29
0.07
0.06
0.94
0.05
0
0
0.01
7.55
4.16
0.74
0.37
0.43
0
19.51
11.94
4.59
10.38
1.27
0.41
20.08
2.3
0.08
0.6
0.09
0.04
0.04
0
0.17
5.25
0.22
0
0.09
0.03
0
0
0.19
1.23
1.68
3.5
1.27
0.37
0.79
0.52
0
0
0
0
0.01
0
0
0
0
0
0
0.04
0
0
0
0
2.74
19.79
1.74
0.11
0.12
0
0
0
0
0
0.16
0.75
0
0.48
0.5
3.34
1.94
0.38
1.39
0.28
0.02
0.32
0.7
3.64
1.13
0
0.01
0.01
0.23
1.14
0
0.45
16.82
12.48
8.33
13.55
2.37
0.02
0.2
0.01
0
0
0
0
0
0
0
0.01
0.01
0
0.01
0
0.03
0.68
6.37
1.64
0
0
0
0
0
0
0
0
0
0
0
0
0
0
0
0
0
0
0
0
0
0
0
0
0.05
0
0.01
0.09
0
0.04
0
0.12
0
0.37
0
0
0
0
0
0
0
0
0
0
0
0.02
0
0.09
0.03
0
0
0
0
0
0.01
0.14
0.04
0
0
0
0
0
0
3.73
1.02
0.57
0.58
0
0
0
0
0
0
0
0
0.02
0.02
0.01
0
0
0.01
0
0
0.04
6.04
1.02
0.36
4.24
0.16
0
0
0
0
0
0
0
0
0
0
0
1.11
0.74
17.53
6.29
7.09
0.47
0
0.31
0.09
11.19
0
0
0
0
0.01
0.18
0
7.52
0.52
2.04
0.43
0.2
0
18.63
1.89
0
0.11
2.05
6.05
15.32
11.8
4.41
0.52
1.13
0.09
0.01
0
0.07
0
0
0
0
0
0
0
0
0
0.14
0.79
0.17
0
0.19
0
0
0
0.19
0.2
3.66
0
0.03
0
0
0
0.02
0.01
0
0
0
0
0
0.01
0
0.01
0
0.01
0
0
0
0
0
0
0
0.02
0
0
0
0
0.02
0
0.02
0
0.01
0
0
4.07
11.6
1
0.01
0.01
0
0.01
0
3.64
2.4
1.61
6.82
9.76
0.84
0.05
0
0.02
0
1.21
0
0.03
0.3
3.2
0.16
0.47
0.02
0.98
0.04
0
0.15
2.11
1.53
7.71
0.63
0.17
0.03
0
0
0
0.01
0
0.03
0
0.13
0.19
3.31
0.32
0.25
0
0
0
0
0
0
0
0
0
0
0
0
0
0
0
0
0
0
0
0.41
1.09
2.26
0
28.78
6.91
0.34
0.01
0.03
0
0
0
0.01
0.9
6.81
6.61
12.28
9.08
1.43
0.65
0.06
0
0
0
0
0
0
0
0.02
4.55
1.13
0.08
0
0.39
3.28
1.86
0
6.01
6.61
6.99
0.73
1
22.05
9.64
7.22
0.2
0
0
0
0.01
0.01
0
0
0
0
0
0
0
0
0
0
0
0
0.03
0.65
0.5
1.28
5.78
3.08
17.82
19.05
1.82
3.83
2.26
0
0.04
0
0
0
0.02
0
0
0
0.16
1.12
0
0
0
0
0
0
0
0
0.05
0
0
4.87
5.87
3.45
6.36
2.57
0
0
0
0
0
0
0
0
0
0
0
0.01
0
0
0
0
0
0
0.01
0
0
0.03
2.12
0.72
0
0
0
0
0
0.02
0.01
0
0
0
0
0
0
0
0
0
0.01
0
0
0
0
0
0
0
0
0
0.02
0.04
2.45
0
0
0
0
0
0.01
0
0.01
0.02
0.01
1.58
0.11
0.02
0.69
0.61
1.39
0.12
0
0.77
0
0.06
2.98
2.46
1.55
12.54
1.23
8.99
0.31
0
0.07
0.02
0
1.38
1.11
0
0
0
0
0.07
0.21
0
0.03
0
0
0
0.43
6.29
2.73
2.44
1.59
1.09
11.95
2.39
1.34
2.7
0
0.22
0
0
0
0
0.08
2.79
1.33
0
0
0
0.04
0.59
9.57
14.67
16.54
0.49
0.03
0
0
0.21
0.59
0.15
0.02
0.01
9.41
10.36
5.5
0.29
0
0.01
0.01
0
0
0.54
4.21
0.04
0
0.15
0.02
0
0
0
0
0.01
0
0
0
0.38
7.92
6.43
4.76
7.84
1.23
1.52
10.51
3.64
1.71
5.97
1.93
4.62
0.3
0.08
3.45
1.68
6.17
0.21
4.31
0.13
0.02
0.14
0.1
0.32
0
0.01
10.73
5.14
3.82
0.59
4.79
1.55
0.19
3.32
5.42
3.88
7.25
0.71
0
0.72
0.3
1.71
0.91
3.58
3.98
0.05
0.23
3.01
0.8
1.09
3.69
0.59
1.17
12.6
1.81
15.1
5.1
5.32
0
0
0
0
0.16
0.01
0.44
0
3.9
2.44
7.15
0.8
7.91
1.01
0
0.14
0
0
0.01
0.05
0.94
1.42
0.07
0.04
0.01
0
0.01
0
0
0
0
0.16
0.2
0
0.2
0
0.01
0.01
0
7.4
12.26
3.36
0.07
4.27
0
7.02
30.63
12.77
2.88
0.11
0
0.09
0.01
0.47
2.73
0.21
0
0
0
0
0
0
0
0.06
0.16
0.03
0.01
0
0
0
0
0.04
0
0
0.3
3.29
16.14
2.41
10.92
16.92
2.3
0.27
0
0.01
0
0
0
0
0
0
2.9
1.68
2.44
9.93
9.48
2.89
0.12
0.33
1.82
13.55
1.23
0
0.56
0
0
0.13
0.16
0
0
0
0.14
0
0
0
0.07
1.11
23.21
6.3
2.88
0
0.09
0
0
0
0
2.67
12.52
0.3
0
0
0
0
0
0.01
0.72
0
0
0
0
0
0
12.56
9.8
0.47
0
8.72
0
0
0.07
0.45
0.04
0
0
0
0
0.23
6.8
0.1
1.05
0.16
0.02
0
0
0
1.76
0
0
0
0
0
0
0
0
0
0
0
0.04
0
0
0
0
0
0
2.63
0
0.04
0
0
0
0
0
0
0
0
0
0
0
0
0
0
0.02
0.02
0
0.02
0
0
0
0.6
0
0
0
0.18
0.03
0
0
0
0.02
0.11
0.01
2.15
0.57
0
0
0.39
13.27
0.26
0
0
0
0
0.05
0.02
0
0
0.06
0.02
0
12.78
1.08
2.52
0
0
0
0
0
0
0
0
0
0
0
0
0
0.01
1.14
0.46
0.02
0.05
0
0.24
0
0
4.08
14.72
5.41
3.16
1.02
0.01
0
0
0
0
0
0
4.49
10.63
21.29
6.69
0.7
20.18
5.1
17.76
9.82
0.85
1.32
0.03
0
1.67
11.86
10.18
5.15
10
2.05
10.03
12.33
0
0.05
0
0.01
0
0
0
7.99
0.99
0.94
0
0
0
0
7.84
6.09
0.25
0
0
0.01
0
6.53
4.04
0
0.02
5.1
0.65
0
0.8
3.95
0.89
0.15
0.21
0.66
1.64
4.09
2.24
0.97
3.77
0.35
0
0
0
0
0.13
0.26
0.49
2.32
0.02
0.3
0.23
0
0
0
0
0
2.47
0.54
0.81
1.84
0
0.01
0.1
0
0
0
0
0
0
0.16
0
0
0.03
0.03
0.23
0.24
0
0
0
0
0
0
0.15
0.01
0.01
0.29
3.27
1.37
0.16
0.07
4.04
3.37
0.29
0
0
0
0.02
0.03
0.02
0.01
0
0
0
0
0.02
0
0
0.01
0
0
0.05
4.32
5.46
4.79
5.63
25.83
11.78
2.14
0.93
0.38
0.77
0
0
0.01
0.12
0.94
1.05
0.04
0
2.78
0.34
0
7.72
3.24
0.02
0
0.02
0
0
0
0
0
0
1.58
0.84
0.15
7.43
8.78
7.78
7.79
16.31
3.03
7.94
1.82
0.23
0
0.23
0.48
0.09
1.77
0
0
0.02
0
0.02
0
29.43
16.55
2.16
5.47
0
0.13
1.25
2.01
0
0
0.01
0
3.3
30.27
9.48
2.89
5.6
22.81
2.4
2.34
11.68
1.78
0.02
0.03
2.73
5.54
7.13
0.57
0.04
0
0.01
0.08
1.8
0.11
0
0.01
0.21
8.22
7.9
10.7
6.05
5.61
0.14
0.59
0.07
0
0.09
0.01
0.01
0
0
0.02
32.64
0.95
0
0.05
0
0.12
7.11
0
0
0
0
0
0.65
0.27
0
0
0
0.01
0
0
0.01
0
0
0.03
0
0
0
0
0.15
1.69
8.82
0.28
0
0
0.01
0
0
0
0
0.4
1.98
0
0
0.03
0
0
0
0
0.48
0
0
0
4.21
0.06
0
0
7.21
0.04
0.13
1.88
0
0.02
0
0.31
5.48
0.14
0
0
0
0
0
0.11
0.15
0.07
0.46
0.03
0.02
0
0
0
0.04
0
0.1
0.04
0.02
0
0
2.13
13.16
13.04
0.97
9.64
3.41
0.2
0.1
0.09
0.01
0.02
0
0
0
0
0
0
0
0.03
0
0
0
0
0
0
0
0
0
0
0
0
0
0
0
0
0
0
0.01
0.01
0.25
0.16
0
0
0
0
0
0.13
5.54
3.65
4.41
5.34
0.8
0.01
0.77
15.03
2.68
25.55
8.28
4.81
1.49
1.81
2.44
0.45
1.79
20
1.3
0
0
0
0.02
0
0
0
0
0
0
0
0.05
0
0
0
0.04
0
0
0
0
0
0
2.56
2.36
0.1
14.66
1.74
6.69
0.25
0
0.02
0
0
0.04
0
0.01
0.13
0
0.04
0.72
0.13
0
0
0
0
0
0
0.01
0.01
0.22
0.09
0.04
0.12
0
0
0
0
0
0
0
0
0
0
0
0
0
0
0.01
0
0
0
0
0
0
0
0
0
0
0.08
0.16
2.16
0.71
0
0
0
0
0
0
0
0
0.03
0.33
2.08
0.19
0.46
0.01
0
0
0
0.03
0
0.02
0
0
0
0
0.25
0.48
11.87
18.63
1.1
0
0.02
0
0
0
1.53
0.02
0
0.01
0
0
0
0
0
0
0.01
0.81
3.36
0.19
0
0
0
0
0.02
0.95
0.75
3.18
0.24
0.85
1.32
0.8
2.38
0.63
0
0
1.46
10.34
6.86
3.06
0.61
0.04
0
0.79
0
0
0
0
0.66
0.98
0
0
0.02
0.02
0.02
0.06
0
0
0.01
0
0
0
0
0
0
0
0.01
0.08
0.01
0
0
0
0
0
1.45
0.14
0.31
0.33
9.33
1.59
0.01
2.88
2.15
0
0
0
0
0
0
0
0
0
0
0
0.92
0.68
2.58
0.42
0
0.02
0
0
0
0
0
0
0.8
0.11
2.8
0
0
0
0.12
0.06
0
0.02
5.74
0.93
0.22
8.67
1.6
0.01
0.3
5.24
0.51
0.1
0
0
0.02
0
0
0
0
0.73
0
5.85
0
0
0
0
0
0
0
0.01
0
0
0
0
0
0
0
0
0
0.01
0
0
0
0.07
0.07
0
0
0
0
0
0
0.01
0
0.95
0
0.01
0
0
0.65
1.63
0.03
0
0
0
0
0
0
0
0
0
0
0
0
0
0
0
0
0
0
0.36
18.56
5.93
0.68
0.19
0.06
0
0.04
1.12
0.01
0
1.72
0
0
0
0
0
0
0.16
0
0.05
0
0
0
0
0
0
0
0
0.01
0
0
0
0
0.07
0.58
1.54
4.98
1.03
0.27
1.47
0.02
10.45
3.03
0.09
0.7
0.21
15.24
0.36
0.45
0.01
0.02
0
14.21
0.69
2.57
0.8
0.01
0.01
0.03
0.14
0.05
0.01
0.07
0.33
0.23
0.03
0.45
14
9.41
14.48
4.95
0.3
0
0
0
0
0
0
0
0
1.68
0
0.95
0.78
0.05
0
4.05
10.18
0.3
0.66
0.39
0.03
0
0
0
0
0
0
0
0
0
0.01
0
0
0.04
0.36
0
0
0.72
0
0.17
9.66
1.18
0.17
1.36
0.01
0.6
0.1
0.31
0.01
0.31
1.02
4.29
3.82
0.51
7.15
0.36
0.03
0.04
0
1.55
2.69
5.47
0.45
0.41
0.08
0.02
0.03
0
0
0
0
0.5
0.11
0.05
0.49
0.32
0.05
0
0
0
0
0
0
0
0
0
0
0
0.04
0
0
0
0.03
0.51
4.66
2.4
2.2
3.69
2.59
6.32
2.05
13.16
4.47
0.09
0.34
0
0.1
1.25
12.38
0.75
0
0
0
0.77
0
0
0
0
0
0
0
1.02
10.97
4.46
3.42
1.24
1.58
1.99
0.06
0
0
0.04
0
0.07
0
0
0
0
0
0.14
8.93
5.39
1.56
1.08
0
0
0
0
0
8.45
4.64
1.75
7.7
0.34
0.32
0.2
5.38
1.62
0.41
0
0
0
0
0.01
0
0
0
0.34
4.16
2.92
1.34
0.1
0.3
0
0
0
0.9
1.77
0
0.11
0
0
0
0
0.17
0
0
0
0
0
0
0
0
0.68
2.32
0
0.29
0
0
0
0.02
0.02
0
0
2.83
13.86
1.13
0
0.02
0.01
2.36
5.27
1.54
4.53
0.18
2.66
5.38
0.09
0
1.13
1.21
0.31
0
1.57
0.05
0.01
0.08
0
0
0
0
0.02
0.01
0
0.01
0
0
0.13
0.07
2.35
0.21
0.96
0.46
3.04
10.34
2.77
0.24
0
0
0
0
0.02
0
0
0
0
0
0
0
0
0
0
0
0
0
0
0
0
0
0
0
0.01
0
0
1.04
0
0
0
0
0.01
0.04
0.02
0
0
0
0
0
0
0
0
0
0
0
0.12
0
0.15
0.41
2.63
0.17
0.04
11.36
15.27
10.78
0.09
0
0
0
0.02
0.08
29.56
2.41
0.3
1.02
0
0
0.02
0.04
0.02
0.01
0
0.61
0.41
0
0
0
0
0
0
0
0.05
0
0.1
0
0
0.23
20.42
9.55
11.59
27.13
0.99
4.23
18.38
0.68
3.04
0.49
0
0
0
0.01
0
0
10.64
13.19
2.8
0.43
1.16
6.18
0.58
0
0
0
0
0
0.4
3.95
8.72
0.16
0.09
0.1
0.01
0
0.06
1.39
2.11
7.41
0.19
0
0.07
0.12
0
0
0
1.62
0.7
13.12
0.96
12.35
0.65
0
0.01
0
0.03
0.03
0.03
0.03
0
0
0
0.01
0
0
0.45
0.01
0
0
0
0
0
0
0
0
0.02
0.11
0
0
0.01
0
0.02
0.02
0
0.01
0.04
0
0.01
0
0.36
0
0.01
0.02
0.19
0
0.16
4.69
1.11
2.99
3.7
1.92
0.11
0.13
2.77
0.65
0.05
0.01
3.97
2.68
1.42
2.91
0.34
6.2
20.86
1.58
0.54
2.52
1.45
0
1.69
0
1.09
0.86
0.29
0
5.77
0.73
0.31
1.25
0.64
2.42
0.24
0
0.02
0
0
0
0
0
9.59
7.37
0.78
0
0
0
0
0
0
0.01
0.44
0.19
0
0.06
0.05
0.45
0
0
0.42
0.2
5.65
12.15
4.1
0
1.37
6.73
7.04
1.2
2.6
3.3
2.16
10.36
7.45
1.94
0.57
1.96
0.98
16.04
2.05
1.03
1.53
0.56
1.2
0.05
0
0
0
0.23
0.03
0
8.02
17.05
12.24
4.01
0.23
2.54
1.01
3.93
2.73
0.18
0.26
0.02
0
0.01
0
0.05
0
0.38
0.28
0.08
0
0
0
0
20.75
13.88
1.04
9.18
2.97
4.45
4.1
3.57
0.47
0
0
0.01
0
0.01
0
0
0.23
0
0
0
0.01
0.95
0.3
0
0
0.04
6.88
11.35
15.32
1.86
0.03
0
0
0
0
0
0
0
0
0
0
0
0
0.02
0
0
0
0
0.01
0.04
0
0.02
0
0
0
0
0
0
0
0
0
0
0
0
0
0.01
0
0
0
0
0
0.02
0
0
0
0
0.02
0.88
10.31
0
0.07
0.02
0.02
0.02
0
5.67
0
0
0
0
0
0.02
0.02
0
0.01
0.03
0
0.15
0.37
0
0.02
0
0
0
0
0
0
0.03
0
0
0.32
0
0.02
0.48
4.2
0
0.46
1.76
11.68
0.73
0.73
0.06
0
0
2.17
3.05
3.46
2.62
0.25
0
0
0
1.06
0.95
0
0.2
10.52
4.07
7.11
1.24
0
0
0
0
0.03
0
0.04
0
0.01
0
2.18
0
0
0.02
0.03
0
0.79
2.14
0
0
0.48
0
0
0
0
0
0
0
0
0
0
0
0
0
0
0
0
0
0
0
0
0
0
0
3.91
10.78
0.66
3.58
0
0
0
0
0
0
0
0
0.29
0
0
0
0
0
0
0.01
0
0.13
0
0
0
0
0
0
2.51
0.99
0.41
0.78
0.62
2.45
0.08
0.18
0
0
0
0
0
0
0
0.02
6.14
7.55
1.11
0.74
0.46
0.49
0.02
0
0.36
6.72
0.42
5.96
0.23
3.5
1.22
0
0
0
0
0
0
0
0
0
0
0
0
0
0
0
1.13
0.98
6.18
0
0
0
0
0
0
0
0
0
0.01
0.15
0.01
0
2.99
3.5
15.58
0.68
0.27
0.12
0.48
4.54
0.45
0.02
3.38
3.71
0
0.01
0
0
0
0
0.01
0
0
0.04
0.14
0.05
0
0
0
0
0
0.51
0
0.07
0.45
0.49
12.78
0.05
0.18
0.01
1.77
0
0
0.16
3.39
0.09
0.18
0
0
0
0.03
0.98
4.62
14.29
4.5
10.55
7.91
0.2
0.56
0
0.63
10.74
18.32
8.49
18.42
6.42
0.13
0.05
0
0
0.57
0.6
0.98
0.08
0
0.05
0
0
0
0
0
0
1.4
4.68
13.04
14.25
1.08
6.86
10.53
1.32
3.84
4.41
2.55
3.59
1.23
0
4.44
0.65
8.27
2.02
2.29
0.59
2.12
2.67
0.15
3.73
15.28
5.59
7.08
0.46
0.83
1.27
0
0
13.06
15.06
7.73
2.84
0
0.34
0
0
5.45
0.05
0
0
0
0
0
8.01
0.36
0.11
0.2
0
0
0.45
0
0
0
0
0
0
0
0
0
0
0.01
0.07
1.99
0
12.69
0.59
1.39
0.5
0
0
0
0
0.05
0.07
0
0
0
0
0
0
0
0
0
0
0
0
0
0.03
0
0
0
0
0.01
0.01
0
0
0
0
0
0
0
0
0.02
0.05
0.26
0.01
0
1.87
3.19
0.03
0.02
0
0.02
0.01
0
0
0.15
1.28
3.84
0
0.03
0.27
14.47
0.95
0
0
0
0
0.05
0
0.01
0
0
0.98
3.22
7.2
0.35
8.8
0.92
4.09
0
0
0.02
0
0
0
0
0
0
0.77
0
0.37
0.13
8.82
1.77
1.7
0
0
0
4.84
3.33
0.29
0
4.47
8.71
3.49
2.02
0.03
0.02
7.27
12.69
2.86
11.34
19.1
9.49
2.69
0.01
0.24
0.06
0.2
2.55
0.37
0
0
0.09
0
0
0
0
0
0.01
0
0
0
0
0
0
1.91
0.53
0.24
0
6.13
1.91
0.92
3.5
0.69
3.61
0.77
0.32
2.62
19.29
3.91
0.81
0.39
0
1.49
9.04
0.32
0.83
0.2
0.27
0
0
0
0
0
0
0
0
0.59
0
0.01
0
0
0
1
0.72
7.7
1.45
0
0.64
0
2.47
1.34
0.05
0.51
0.06
2.01
0.01
0.05
0.51
0.41
1.27
7.3
0.94
2.29
15.05
1.11
0
3.74
0.43
0.34
1.92
0.39
2.46
3.12
10.74
2.73
4.24
6.68
7.05
5.95
0.13
0.18
4.13
0.01
0
0
0
0
0
0
0
0.01
0.01
0
0
0
0
0.01
0.01
0
0.34
1.08
4.41
2.18
1.95
10.27
4.22
1.09
0.01
0
0
0
0
0
0
0
0
0
0
0
0
0
0
0
0
0
0
0
0.01
12.32
4.69
4.93
0.29
0.02
0
0
0
0.14
3.55
1.52
0
2.06
13.57
4.87
0
0
4.29
2.21
3.41
2.13
9.14
1.59
0.95
0.64
0
0
0.04
0.14
0.29
0.16
0
0
1.54
0
0.02
0.02
0
0
0
0.01
0.84
8.74
0.33
0
0
0
0
0
0
0
0
0
0.49
0
0.02
0
1.45
0.03
0
0
0
0.27
0.94
0.06
0
0
0
0.13
2.34
1.55
0.38
0.59
0
0
0
0
0.49
0.14
2.15
0.57
0
0.05
2.01
0
0
0
0
0
0
0
0
0.01
0
0
0
0
0
0
0
0
0
0.01
0
0
0
0
0
0.01
0
0
0
0
0
0
0.11
0
0
0
0
0
0
0
0
0
0
0
0.01
0
0
0
0
0.02
0.43
0.26
0.87
0.05
0.14
0.13
5.63
0
0
0
0
0
0
0
0
0
0
0.04
0
0
0.05
0
0
0.02
0
0
0
0
0.57
0.06
2.14
0.22
0
0.72
0.03
1.92
0
0.13
0
2.61
15.67
3.92
0.29
0.11
0.01
0
0
0
0
0.01
0
0.39
1.39
2.06
3.23
0.02
0.14
0.16
0
0.19
0.59
0.14
0
0
0
0
0
0
0.01
0
0
0
0.17
11.25
18.77
1.54
0
0
0
0
0
0
0
0
0
0.03
0
0.01
0
0.6
0.33
0.03
0
0
0
0
0
0
0.11
0
0
0.01
0
0
0
0.54
0
0.01
0.01
0.14
1.75
0.15
1.25
6.7
1.61
1.59
13.79
2.18
0
0.23
0.11
1.09
0.07
0.2
0
0
0.45
13.23
3.49
0.59
3.96
1.43
0
0
4.05
12.09
15.69
15.95
8.54
16.93
8.6
1.75
12.76
36.77
11.66
6.32
1.19
0.47
9.38
9.04
3.7
4.8
13.02
1.49
1.21
4.78
1.12
12.01
10.44
2.45
0.55
0.65
0.63
0.46
1.81
0.39
0.25
0.31
0.16
0
3.78
1.34
0.82
0
0.01
0.01
0.23
0
0.18
2.51
6.85
0.43
0
0.1
9.07
1.54
0.02
0.02
0.02
0.04
0
14.33
7.3
4.13
2.75
0.62
0.68
10.19
5.43
7.47
2.05
10.39
5.81
0.73
1.69
0.36
4.66
5.49
0.38
20.36
3.84
8.59
0.24
0.31
0.12
0
0
0
0
0
0.01
0
0.05
0.79
0.02
2.6
0.28
0.46
11.28
4.79
0.16
0
0.29
3.3
0.46
0.08
0
0.19
2.14
0
0
0.04
0.91
0
0
0
0.21
9.5
6.33
4.78
7.93
12.42
9.85
10.46
1.36
0.01
5.38
2.87
0.86
0.05
0.45
0
0
0
0.02
0.52
1.37
0.14
4.06
0
0.3
0.82
2.2
4.11
1.33
6.74
5.93
4
1.86
0.72
0.13
0
0
0
0
0.01
0
0
11.2
0.28
0
0.21
2.45
0.2
0
0.04
0
0
0.02
0.07
0.02
0
0
0.03
5.71
28.67
5.17
5.73
8.72
1.95
11.56
0.91
0.2
0.52
2.46
0.08
0.61
0
0
0.03
0.96
5.3
9.56
0
0.14
0.29
0.01
0.78
7.42
2.69
0
0
0.01
0.02
0.02
0.84
0.01
0
0
0
0
0
0.01
0
0
0
0
0
0
0
0.01
0
0
0.01
0
0
0
0
0
0
0.01
0
0
0
0.09
16.5
0.4
0
0.01
0
0.93
0
0.03
0
0
0.13
0
0.12
0
0
0
0
0
0
0
0
0
0
0
11.57
3.34
0
0.02
0.02
0.01
0.05
0
0
0
0
0.2
0
0.01
0
6.44
7.57
0.55
0.08
6.01
0.5
0.19
0
0
0
0
0
0
0
0
0
0
2.17
0.66
0.17
0
0.84
1
23.96
6.81
0.08
6.07
0
0.01
0.01
0.01
0.01
0.01
0.02
0.01
0.01
0
0
0.03
0
0
0
0.02
1.73
10.83
2.71
0.26
0
0
0.01
0.01
0.01
1.89
13.26
0.91
0.13
0.65
0.4
0.03
3.8
0.9
1.35
2.95
0.25
0.83
3.91
5.11
0
0
0.39
0.32
0
0
0.17
2.41
2.83
1.19
3.58
0
0
3.93
5.98
9.78
6.22
0.12
0.02
0
0
0.08
0.55
0.02
0.17
0.36
3.55
2.96
5.68
12.99
5.45
3.36
0
0
0
0.27
0
1
3.89
1.55
0.04
0
0
0.58
1.6
0.4
0
7.52
4.51
4.04
0.45
0
0.01
0
0.02
0
0
0.01
5.1
1.18
0
0
0
0
0
0.35
5.45
5.91
2.5
2.6
0
0.01
0
0
0.01
0
0
0
0
0
0
0
0.12
2.83
6.38
17.65
8.59
3.34
0.73
11.56
1.26
0.11
0
0
0
0
0
0.09
0.06
0
0
3.99
4.77
0.02
0.34
0
0.04
0
0
6.73
2.03
1.73
6.3
4.49
10.99
1.15
0
0.13
0
0
0.02
2.68
0.19
0.97
3.48
1.59
0.36
0.2
0
0
0
0
11.33
0.27
0.01
0
0
0
0
0.03
0.04
0
0.02
0
0
0
0
0
2.53
0.78
23.5
3.96
2.17
1.45
1.93
0.32
0.58
2.33
2.27
0.71
1.05
2.05
6.77
0.91
5.68
2.01
16.89
2.15
0
0.01
0.02
0.51
0.09
13.56
0.52
0
0
4.75
0.43
0
0.61
1
0.66
0
0.01
0.61
1.92
0
18.74
3.41
0
0
0
0
2.46
2.89
11.18
6.96
0.13
0.28
0
0
0
0
0
0
0
0
0
0
0
0
0
0
0.01
0.02
0
0.01
0.01
0
0
0
0.57
0.06
0
0
0
0
0
0
0.01
0
0
0
0
0
0
0
0.01
0.01
0
0
0
0
0
0
0
0
0.01
0
0
0.02
0.02
0
0
0
0
0
0
0
0
0
0
8.91
0.79
0
0
0
0
0
0
0
0.09
0
0
0
0
0
0
0
0
0
0.01
0.11
0.57
0.21
0
0
0
0
0
0
0
0
0
0
0
0
0.02
0
0
0
0
0
0
0
0.04
0
0
0
0
0
0
0
0
0
0
0
0
0
0
0
0
0
0
0
0
0
0
0
0
0
0
0
0
5.21
19.74
0.59
13.84
12.61
0.85
0
0
0.05
0.07
10.27
17.83
15.86
16.06
1.66
1.34
0.16
0.06
0.02
0
0.01
0.32
6.63
0.07
0
0.79
0.36
1.85
0.74
0.68
4.51
0.48
0.01
0
0
0
0
0.01
0
0.8
3.86
0.18
0
0.04
0.29
0
0
0
0.24
0
0.21
0.28
0.06
0
0.8
0.13
0.89
0
0.01
0
0
0.01
0
0
0
0
0
0
0
0
0.12
0.56
0
0
0.02
0
0
0
0
0
0
0
0
0.29
5.82
3.77
0.01
0.01
0
0
0
0
0
0
0
0.02
1.38
0.02
0
0
0
0
0
0.01
0
0.28
0.01
0.14
0
0.02
0
0
0
0.02
0.26
0
0
0
0
0
0
0
0
0
0
0
0
0
0
0
0
2.92
0.29
0.33
0
0
0
0
0
0
0
0
0
0
0
0.11
0.01
0
0.16
5.26
1.91
0
0
0
0
0
0.02
0
0
0
0
0
3.59
12.6
5.68
7.34
1.83
0.13
0
0.2
1.08
2.05
6.29
2.65
5.73
0.9
0.02
0
1.34
0.64
0.34
0.04
0
0
0
0.04
0.15
6.98
10.25
13.62
3.75
0.86
0
2
5.43
2.45
0.3
0
0.3
0
0
0.07
0.82
0
0
0
0
0
0
3.3
3.43
0.06
0
0
0
0
0
0
0
0
0
0
0
1.11
0
0
0
0
0
0.1
0
0
0
0
0
0
0
0
0
5.08
10.51
0
0
0
0
0
0
0.01
0
0
0
0
0
0
0
0
0
0
0
0
0
0
0
0
0
0
0
0
0
0.03
0.01
0
0
0
0
0
3.75
0.35
2.83
0
0
0.02
0
0
0
0
0.01
0.28
0
0.2
0
0
0.09
0
0
0
0
0.01
0
0
0.08
0.02
0
0
0
0
0
0.02
0
0
0
0
0.05
0
0
0
0
0
0
0
0.27
0.14
0.02
0
0
0
0
0
0
0
0
0
5.7
0.01
0
0
3.85
0.11
2.94
5.08
1.13
35.63
1.7
0.02
0
0
0
0
0
0
0
0
0.01
0.05
4.04
3.84
0
3.87
0
0
0.76
6.66
18.57
18.48
13.41
0.11
0
2.59
7.18
4.99
1.24
0.16
0
12.47
0
0.02
2.93
28.96
16.53
0.06
0
1.8
24.43
10.88
7.54
0.97
0.09
0.15
0
0.01
0
1.47
0.37
0
0
0.18
0.19
0
0
0
3.84
0.11
0.02
0
0.04
0
0
0
0
0
0.09
0.38
0
0.02
0
0
0
0.03
4.28
1.3
2.54
0.02
0.18
0.14
0.98
0.04
0
0
0
3.98
0.01
0
0
0.11
0
0.69
0.31
0
0
0
0
0
0.04
0.02
0.33
0.05
0.58
4.9
1.62
0
0.23
7.81
1.67
4.92
10.23
2.41
0.6
13.82
7.83
0.02
0.47
0.26
3.71
0.34
0
0
0
3.34
0.89
0.01
0
0.84
0.23
0.01
0.28
0.52
6.48
1.22
0
0
0
0
0.26
1.78
0.86
2.22
0.02
6.96
9.89
0.45
0.11
0.13
0.16
0.6
0.71
0.06
0.02
0.09
5.34
7.04
6.55
7.34
12.8
7.55
2.92
0.75
1.24
1.23
0.3
0.45
4.62
9.05
0
8.04
0
0
2.57
4.59
5.79
8.85
26.63
5.38
3.29
9.05
0.09
23.8
2.44
0.43
3.96
6.96
3.91
0
1.16
0.32
0.3
0.16
0.69
0
0.01
0
0
0
0
0
0
0
0
0
0
0.01
0.22
8.44
5.71
17.72
6.96
8.08
0.59
0
0.14
0
0
0
0
0.01
0.05
0
0.03
0.31
0.43
1.88
2.64
4.59
6.46
2.3
2.37
1.87
0
0
0
0
0
11.74
2.58
0
11.63
0.24
0
0
0
0
0.26
0.74
0.14
1.84
0.39
0
0
0
0
0.01
0.01
0
0.01
0.05
0
0.47
0
0
0
0
0.01
0
0
0.02
0
0
0
0.71
0.01
0
0
0
0
0
0.01
1.32
0
0
0.01
0.03
0.04
0.03
0.03
0.08
0.01
0
0.04
0
0.07
0
0
0.01
0
0.01
0
0.01
0
0
0.01
0
0
0
0
0
0
0
0
0
0.12
0.49
0
0.36
0.39
2.38
0
0
0.04
0
0
0
0
0
0
3.02
1.6
19.57
9.85
0.45
0
0
0
0.03
0.11
4.07
0.5
0.77
1.79
0
0
0
0.01
0
0
0.01
0
0
0
0
0
0
0
0
0
0
0
0.55
8.74
0
3.32
0.28
1.76
2.57
3.22
0
0
0
0
0
0.01
0.01
0
0
0
0
0
0
0
8.36
0.09
0.02
14.7
0
0
0.86
0.25
0
0.02
0
0
0
0
0.02
0.47
0
0
0
0.15
1.91
0.01
0.02
0
0
0
0.01
0.02
1.07
11.46
5.12
0.84
0
0
0
0
0
0
0
0.04
0.09
0
0.06
0.11
0
0
0
0
0
0
0
0
0
0
0
1.7
0
0
0
0.01
6.52
14.53
0
0.02
0
0.27
19.23
5.66
0.2
2.49
0
0.05
0.01
0.41
3.34
11.97
13.48
10.9
2.73
0
0.02
0.03
0
0
0
2.5
4.05
2.95
4.11
1.49
2.88
7.67
2.11
1.66
7.47
4.73
0.02
0.03
0
0.33
0
5.38
7.8
1.87
1.41
0.41
0.56
3.23
7.05
0.7
4.95
2.96
5.28
17.11
1.67
12.34
4.53
4.07
0.8
1.86
0.53
0.6
0.2
0
2
0.32
0.02
0.51
2.7
0.11
1.23
1.13
0.21
13.42
2.59
0.09
0.05
0
0
0
0
0
0
0
0.01
0.41
0
0
0
0
0
0.02
3.66
0.74
1.92
0.03
0.53
3.98
0.52
0
0.08
1.06
0.36
0.01
0.56
6.5
1.92
0.66
0
0
0
0.02
0
0.57
0.13
4.78
0
0
0.85
0.04
0.01
0
0.75
3.91
8.45
0
0.01
3.5
0.29
0
0
0
0
0
0
0
0
0
0
0
0
0.01
0
0
0
0
0
0
0
0
0
0
1.46
0.09
4.58
0.59
0.83
1.27
0.55
0.02
0.88
2.06
0.4
0
3.19
0.04
0
0
0
0
0.8
0.01
0.01
0
0.08
0.5
0.84
0.1
0
0
0
0
0.01
0.02
0.05
0
1.42
3.54
9.98
0.27
0.76
0
0
0
0
0.02
4.11
25.03
0.35
0.05
0
0
0
0
0
0
0
0
0
0
0
0
0
0.02
0
0
0
0
0
0
0
0
0
0
0
0
0.01
0
0.01
0
0
0
0
0
0
0
0
0.02
0
0
0
0
0
0.04
0
0
0
0
0
0
0
0
0
0
0
0
0.16
0
0
0
0
0
0.01
0.61
0
0
0
0
0.01
0
0.03
0
0.09
2.25
1.3
0.16
0.11
19.69
2.94
2.06
10.35
0.09
0
1.61
13.39
0
0
0
0
0.22
0
0
0
0
4.5
7.78
9.5
9.3
3.15
9.25
1.88
0.5
0.07
0
0
0
0
0
0.01
0.01
0
0.01
0.01
0.02
0.01
0.03
0
0
0
0.71
9.45
5.3
1.36
0.57
1.65
10.09
0.4
12.02
16.77
0
7.21
6.13
3.69
0.09
0.26
0.21
0
0.02
0
0
0.11
0
5.08
3.32
6.39
31.76
9.63
2.35
0.1
0.03
1.32
0.42
0.15
1.6
0
0
0.01
0
0
0
13.37
11.92
1.37
0.77
0.11
0.01
0
0
0.05
0
0
0.01
0
0.04
0.3
1.5
0.17
0
0
0
0.02
0
0
0
0
0
0
0
0
0
0
0
0.42
4.19
0.74
0.02
2.67
0.34
0.54
2.39
1.01
0.02
0
0
0.01
0
0.24
2.02
24.95
4.18
0.29
8.17
9.73
2.43
1.64
0.44
0.21
0
0
0
4
1.23
0.16
5.9
0.5
0
0.21
0
0.17
2.98
2.07
0.2
0.87
0.41
0.01
0.02
0
0
0
0.18
0.09
0
0.02
0
0
0
0
0.18
0
0
0
0
0.3
0.18
2.25
10.56
1.29
1.46
6.87
7.43
11.66
1.21
0
0.03
0.01
0
0
0.03
0
0
0
0
0
0
0
0
0.73
5.46
0
6.43
0.07
0.13
0.14
3.13
1.98
0
0.02
0
0
0.09
0
0
0
2.18
14.8
0.83
0.16
0.26
0
0
0
0
0
0
0
0
0
0
0
0
0
0
0
0.01
0
0
0.03
0.16
0
0.21
0.01
0.02
0.28
0.02
0.03
0.02
0
0.47
0.66
0.02
0
0
0.41
0.55
0
0
0.05
0.31
3.95
6.29
16.9
0
0
0.05
4.95
0.27
0
0
0
0.01
0.25
2.64
0.13
0
0
0
0
0
0
0.03
0.05
0.37
0.69
0
0
0
0
0
0
0
0
0
0
0
0
0.02
0
0.15
0.02
0
0
0.89
0
0
0
0
0
0
0
0.12
7.35
0.24
0
5.93
0
0
0
0.13
0.51
0.09
0
0
0
0
0
0.03
0.2
0
0
0
0.26
5.6
0.12
0.23
0.42
0
0
0
0
0
3.98
4.45
0.67
0
0
0
1.91
1.34
3.13
0.25
0
0
0.03
0.02
0.09
0
0.07
6.03
0
0
0
0
0
0
0
0
0
0.01
1.01
1.42
0.49
0.7
0.05
0
0.16
2.39
0
0.31
0
0.48
0
0.16
1.85
1.72
0.63
0
0
0.02
5.28
6.99
1.21
0.15
0.02
0
0
0.22
0.01
2.65
1.62
1.2
0.02
0
0.03
13.96
18.24
5.73
0.14
0.01
0
0.01
0.01
0
0
0
0
0
0.16
0
0
0
0
0
0.19
2.12
0.36
0
0.08
0.05
0
0.11
0
0
0
0
0
0
0
0
0.01
0.01
0
0
0
0
0
0.01
0
0
0
0
0
0
0
0
0
0
0
0
0
0
0.16
0.05
0.55
1.13
7.38
1
9.3
11.57
1.32
1.59
0.89
5.13
3.19
7.95
1.43
0.02
0.45
4.25
0
0
0.01
0.09
0
0.05
0.24
0.09
0
0
0
0
0.13
0.88
1.04
0.12
0
0
0.45
0
0
0
9.64
0.53
1.33
2.92
3.79
7.51
25.82
15.56
7.39
0.01
0.02
1.02
1.38
0
0
0.04
0
0
2.97
1.36
17.03
5.96
0.8
0
0
0.01
0
2.43
1.57
1.5
8.39
0.24
1.31
0
0.02
0
0.16
0.57
0
0.44
0
5.41
9.52
2.87
9.07
0.89
0.01
0
0
1.04
0.27
0.08
0
0.63
0.71
0
0
3.8
32.54
0.43
1.21
0.04
0.02
0.05
7.55
3.87
9.64
1.81
0
1.53
13.59
0.34
0
16.18
6.15
1.3
1.13
2.87
0
0
0.02
0.05
1.55
4.6
0.54
0
0
0
0
2.23
11.2
13.27
17.59
5.92
7.55
2.61
2.41
5.05
0.13
0.01
0
0
0.2
0
0
0.06
0.24
0
0
0.01
0.2
0
3.56
0.51
0
0
0
0
5.16
0.69
0
0
0
0
0.22
0
0
0
0
0.01
0.8
0.57
0
0.24
0
0
0
0
0
0.01
0
0
0
0
2.93
0.01
0
0
0
0
0
0
0.18
0
0.01
0
0
0
0
0
0
0
0
0
0.05
0.06
0.02
0.02
0.01
0
0
0
0
0
0.01
0
0
0
0
0
0
0
0
0
0
1.87
0.15
0
0
0
0
0.36
0
0
0
0.01
0
0
0
0
0
0
0.19
0.02
0
0
0
0.05
1.73
0.02
0
0
0
0
0
0.01
0
0
0
0
10.69
4.38
1.02
0.04
0.05
0
0
0
0
0.01
0
0
0.01
0
0
0
0
0
0.01
0
0
0
0.01
0
0
0.01
0.01
0
0.02
8.94
3.1
0
0.02
0.01
2.83
1.38
9.96
8.97
2.47
6.36
11.46
7.21
0.05
0.01
0
0
0
0
0
0
0
0.81
7.79
16.73
0.31
0
0.41
0.07
0.01
0
0.07
0.05
0
0
0
0
0.01
0.75
20.11
6.07
10.2
5.95
2.9
7.59
12.15
4.71
0
0.04
0.2
0.28
0.35
5.4
5.59
0.15
0.06
0.02
0
0
0
0.03
0.23
0.01
0
0.19
1.23
0.97
1.63
1.27
0
0.19
0.04
0
0
0
0.01
0
0
0
0
0
0.01
0
0
0
0
0
0
0
0.26
1.47
0.01
0
0
0.01
0.02
0.01
0.02
0.01
0.22
0.32
0.02
0.03
0
0.02
0.01
2.16
8.57
0.05
2.39
0.86
0.02
3.02
3.41
5.59
7.73
3.8
0.02
0.77
0.01
0
0.94
1.63
3.09
3.42
0
0
0
0
0
0
0
0
0
1.66
0.47
0.08
0
0.01
0
0.54
0
13.28
0.67
0.09
0.32
0.53
0
0
0
0
1.64
2.04
0
0
0
0
0
0.03
0.39
0
3.94
4.12
1.67
5.3
4.04
3.87
0.27
0.07
0
0.92
0
0
0
0
0
0
0
0
0
0
0
0
0
0
0
0
0.01
0
0.07
0.05
0
0
0
1.61
2.87
0
0.12
1.45
4.46
1.69
0.48
0
0.05
0.73
1.36
0.01
0
0
0.02
8.03
5.16
3.16
1.56
0.01
0
0
1.46
7.66
1.61
0
0.02
0
0
0
0
0.28
0
0
1.14
1.43
4.02
0.59
6.74
4.36
15.35
0
0
1.42
0
0
0
0
0
0
0.05
4.16
0.53
0.77
0.34
9.34
0.18
0.02
0
0
0
8.73
0
0.38
0.54
0
0.01
0.02
0
0
0.01
1.81
1.69
19.42
0.45
0
0.01
0
0
0
0
0.02
0
0
4.63
0
0
0
0
0
0
0
0
0
0
0
0
0
0.34
0.55
0.02
0
0
0
0
0
0.05
0
0
0
0
0
0
0
0
0
0
0
0
0
0
0
0
0.25
9.48
9.59
4.93
0.09
0.01
0.03
0.04
0
0
0.22
1.71
0.01
0
0.6
0
0
0
0
0
0
0.68
0
0
0
0
0
2.52
0
0
0
0
0.08
0
0
0
0
0
0.32
0
0
0
0
0
0
0
0
0
0
0
0.03
0
4.68
14.64
0
0.05
0
0
0
0
0
0
0
0
0
0
0
0
0.13
0.22
0.97
0
0.01
0
0.01
0
0.01
0
0
0
0
0
0
0.01
0.02
0
0
0
0
0.01
0
0
0
0
11.79
0.16
0.08
1.17
0.05
0
0
0
0
0.01
0.62
0.18
7.49
3.84
0.23
0.14
1.24
0.87
0
0.01
0.01
0
0
0
0.01
0.01
0
2.42
5.82
1.02
0.29
1.71
0.33
1.36
0.06
0.18
0.16
0.02
3.39
12.46
2.51
0.95
2.45
1.05
0.3
0
3.25
0.48
0.04
0.02
0.01
0
0
0
0.04
0
0
0.05
14
2.52
0
0
0.01
0
0
1.07
0.2
2.11
7.13
5.46
2.13
0.61
1.18
0.66
0
1.55
0.47
0
0
0.01
0.01
0
0.02
0.05
0
0.2
0
0
0
0
0
24.18
12.82
12.16
19.75
6.45
5.86
5.61
3.81
2.04
3.13
6.43
12.25
4.72
2.16
1.96
16.15
3.71
3.71
11.87
0
12.79
0
0.32
0.48
9.41
0.41
1.7
0.36
0.21
0.01
0.72
5.34
1.17
0.04
0.71
1.52
0.99
0
9.02
7.9
5.56
9.86
22.94
18.67
5.16
0.96
0
7.91
0.45
0
1
0
0
0.08
0.86
0.13
0.46
0.35
0
0.01
1.05
3.43
0.39
0
0
0
0
4.86
0.39
3.7
2.13
0
0
0.01
0
0
0
0
0
0.6
1.39
5.95
3.3
3.69
1.13
0
0
0.5
0.46
14.85
5.89
16.21
3.64
0
3.63
4.16
0
0
2.88
4.34
1.55
6.27
6.21
0.59
0.42
0.58
0
0.27
0
0
0
0
0
0
0
0
0
0
0.75
0.06
1.69
0.75
0.32
2.65
0
0
0
0.02
0
0
0
0.02
0
0
0.01
0
0.03
0
0.02
0
0
0
0
0
0.02
0
0
0
0
0
0
0
0
0
0
0
0
0
0
0.1
0.04
0.01
0.34
0
0
0
8.06
0
0
0.69
0
0.23
2.61
0.05
0
0
6.53
5.12
0
0.04
0
0
4.63
0.04
1.39
0.02
0.01
2.34
0.01
0.02
0
0
2.52
0
5.06
7.83
4.75
0.1
0.45
0.23
3.29
0.13
4.61
0.21
0
0.13
0
0
0
0
0.09
0
0
0
0
0
0
0
0
0
0
0
0
0
0.05
0.39
0.68
0.07
0.09
4.64
0.57
0
0.86
13.35
4.54
0.23
0.46
0.06
0
0
0.59
2.54
10.34
0.52
1.63
14.8
14.97
0
0.34
0
4.51
12.81
0.8
0.79
6.7
0
2.67
0.6
0.17
0.27
0.72
0
0.49
0.29
1.87
4.59
3.59
1.12
3.13
1.82
0.36
15.3
1.54
0
0.16
3.52
0.11
0
0
0
0.02
0
0
0
0.01
0
0.01
0
7.61
12.95
0.48
0.86
2.16
0.58
1.34
0
0.02
0
0
0
0
0
0
0
0
0
0
0
0
0
0
0
0
0.01
0
0
0
0
0
0.04
0.01
0
0
0
0
0.03
11.77
0.72
0.01
1.56
0.22
0.2
0.02
0
0
0
1.84
7.22
7.59
3.09
0
0
0
0
0
0
0
0
0
0.02
0.01
0
0
0
0
0
0
0
0
0
0
0.01
0
0
0
0
0
0
0
0.01
0.02
2.47
6.25
0.04
0.83
0
0
0
0
0
0
0
0
0
0
0
0
0
0.1
0
0
0
0
0
0
0
0
5.47
2.86
3.99
0.05
1.38
8.42
4.94
1.73
1.94
2.14
1.91
0.05
0
0
0
0.75
0
8.78
19.81
16.44
7.5
5.38
0.73
4.02
8.66
7.14
1.64
0.17
0
0
1.8
0.99
5.81
0.09
0
0
0
0
0
0.08
0
0
0
0
0
0
0
0.02
0.03
0.03
0
0
0.03
0
0
0
0
0
0
0
0
0
0.15
0.01
0.48
0.14
0.09
0.02
0.12
0.01
0
0
0.01
0
0
0.01
0
0
0
0
0
0
0
0.01
0
0
0.03
0
0.09
0
0
0
2.71
1.54
0.02
0
0
0
0
0
0
0
0
0.03
0
0
0
0
0.17
0.01
0
0
0
0
0.03
0
2.2
0
0
0
0
0
0
0
0
0
0
0
0
0
0
0.01
0
0
0
0
0
0
0
0
0
0.09
1.59
7.52
1.69
0
0
0
1.12
6.97
0
0
4.43
0.08
0.08
2.16
0.07
0
0
0
0.04
0
0
1
0
0
4.56
3.69
17.22
1.66
3.06
0.41
3.06
8.88
2.05
1.32
0.03
0.01
0
0.52
0
0
0.05
2
0.02
0
0
0
0
0
0
0
0
0
0
0.33
0
1.66
0.34
0.06
0.1
0.25
11.53
3.05
2.34
12.25
4.16
0.44
0.01
0
0
0
0.03
0.05
0
2.22
3.39
2.88
5.48
1.84
1.78
1.03
0
4.2
1.28
1.52
8.16
5.72
8.12
0.36
0
5.23
0.11
0.29
2.42
3.81
10.09
0.97
0.3
0.3
1.39
0.62
2.03
1.62
4.27
1.03
0.56
2.38
1.03
0.34
0.08
0.52
1.15
0.45
0.52
0
3.91
0.05
0
0.06
0
0.75
1.97
26.56
32.62
7.72
0.25
0.07
0
0
0
0
0
0
0
0
0
0
0
0
0
0
0
0
0
0.16
0
0
0
0.01
0.01
0
0.02
3.7
0.19
0.12
8.06
0.06
0
2.44
7.08
0.02
1.09
0.48
0
0.48
1.5
1.02
0.24
0
0.01
0
0
0
0.39
0.02
0
0
0.01
0
0
0.01
0.01
0.05
0
0
0
0
0
0
0
0
0
0.02
0
0.35
7.62
2.48
1.19
0.02
2.17
0
0
0
0
0
0
0
0
1.51
30.33
7.28
1.39
0
0.01
0.03
5.64
9.23
3.47
0.02
2.22
0.83
3.12
0.03
0.52
13.31
18.44
2.5
0.01
0.06
0
0.98
7.3
1.62
1.32
2.92
4.52
0.95
1.33
0.84
1.69
9.17
0.73
2.59
4.72
1.59
0.91
4.09
0.15
0.2
0.2
1.95
2.54
1.75
0
0.01
0.16
0
0
0
0
0
0.24
0
0.73
1.36
0.03
0.69
19.05
4.19
9.44
14.79
0.84
0
0
0
0
0
0
0
0.05
1.25
0
0.27
0
0
0
0
0.02
0
2.91
10.75
0.03
0.25
4
0
0
0
0
0.77
0.12
0
0.02
1.29
0.04
0
0
0
0
0
0.21
0.23
0
0
0
0
0
0
0
0
0
0
0
0
0
1.93
10.73
0.26
0.06
1.31
0.34
0.62
0
0.01
0
0
0
0
0.22
0.67
0
0
0
0
0
0
0.03
1.84
0.02
0
0
0
0
0
0
0
0
0.08
1.11
46.41
0
0
0
0
0
0
0.01
0
0
0.03
0
0.01
0
0
0
0
0
0
0
0
0
0
0
0
0
0
0
0
0
0
0
0
0
0
0.03
0
1.41
10.47
0
0
0.05
0.06
0.12
0
0
0
0
0
0
0
0.06
13.25
0.06
0
0
0
0
0
0
0
0
0
0
0
0
0
0
0
0.42
2.75
0.72
0.97
0.93
0
7.55
0.01
0
0
0
0
0
0
0.05
4.14
2.44
18.5
15
4.03
0
0.64
0.28
0
0
0
3.25
0.22
0.15
0.02
0.05
0
0
0
0
0
0
0.09
0
15
0.17
0.02
0
0
0.04
3.25
3.69
0.14
0.88
13.08
0.86
4.86
5.72
8.41
0
0.3
1.9
0.56
0.07
0.01
0
6.55
0.09
0.05
0
0.07
1.91
0.04
0.05
2.98
0.44
0.66
0.03
5.8
1.88
0.71
0.03
0.16
0.14
1.03
10.44
14.59
6.81
0.78
0.07
0.09
0.01
0.01
0
0
0
0
0.03
7.38
13.62
1.39
9.58
1.48
6.19
1.51
0.25
0.2
1.81
3.44
2.34
0.34
0.56
0.09
0.12
8.56
12.16
13.39
6.39
18.94
1.06
1.91
0.75
0.08
0.01
0
0
0
0
0
0
15.67
1.03
0.02
0
0
0
0
0
0.33
0
0
0.36
0.09
0.31
2.47
11.08
0.61
0.04
0.04
0.01
0
0
0
0
0
0
3.67
0
0
0
0
0
0
0
0
0
0
0
0
0
5.08
1.46
0.64
0
0
0
4.07
1.42
7.25
11.5
0.06
0.2
1.97
1.99
0.23
0
0.39
0.42
5.45
7.35
3.58
2.19
8.2
1.84
11.88
4.36
8.23
1.52
0.09
4.69
0.19
2.34
0
0.14
0
0.08
0.43
3.73
0.08
0.52
0.03
0
0
0
0.16
0
0
0
0.2
0
0.03
7.03
0
0
0
0.44
0
0
0
3.71
2.62
0.03
3.34
1.45
23.75
0
0
0
0
0
14.89
0
0
7.02
0
2.31
0.16
6.5
0
0.95
0
0.08
0
0.19
0
0
0
0
0
0.42
0.01
0
0
0
0
0.87
0
0
0
0
0.01
0
0
0
0
0
0
0
0
0
0
0
0
0
4.16
0
0
0
0
0
0
0
0.02
0
0
0
0
0
0
0
0
2.16
0
0.01
0
0
0
0
0.02
0.01
0
0
0
0.42
20.41
0.06
0
0.01
0
0
0
34.12
23.31
0
0
0
0.02
0
0
0
0
0
0
0.5
5.66
41.5
0.53
2.7
0
0
0.01
0.47
3.94
0.56
0
11.98
0
0
0
0
0
0
0
0
5.11
0
0.01
0
0
0
0
0
0
0
0
0
0.13
0.25
0
0
0
0
0
0
0
0
0
0
0
0
50.75
30
31.81
0.59
5.47
0
0.02
0
0
0
0
0
0
0
0
0
0
0
0
0
0
0.11
0.38
0.91
17.91
4.47
1.41
1.28
0.2
1.72
0.03
0.02
0.01
8.44
0.41
0.37
0.03
0.61
0
1.77
0
0
0
0.25
0.02
0.01
0
0
0
0
0
0
0.3
0.27
0.02
2.94
4.28
4.67
12.97
0.14
0
0.02
0.02
0
0
0
0
8.06
2.63
0
0.01
0
0.06
0.03
0.01
0
0
0
0
0
0
0
0.07
0
0
0
0
0
0
0
0
0
0
0
0
0
0
0
0
0
0
0
0
0
0
0.05
0.74
2.95
0.16
0
0
0
0.15
1.82
0
0
0
0
0.39
1.71
0.77
0
0
0.02
0
11.44
0.18
0
1.3
2.05
0.15
0.04
4.22
19.12
11.16
4.72
4.22
0.16
0.09
0.16
0
0.47
2.22
5.06
1.91
1.84
1.06
1.27
0.75
0.02
0
2.36
10.55
0.38
0.01
0
0
0
0.16
0.01
0.02
0.07
0
0.01
1.06
0.56
0
0.07
0
0
0
1.19
6.41
0.78
0.38
16.47
7.5
0.75
1
8.11
6.23
3.74
0.16
3.73
0
0
2.5
0
0
0
0
0
0
0
0
0
0.02
1.55
0.65
0
0.18
0
0
0
0
0.02
0
0.36
0
0
0
0
0.01
0
0
0
1.82
0
0
0
0
0
0
0
0
0
0.02
0
0.02
0
5.05
0.17
0.48
0
0
0
0
0.02
0
0
0
0
0
0
0.3
0
0
0.04
0
0.02
0.28
0
0
0
0
0.01
0
0
0
0
0
0
0
0
0
0
0
0
0
0
0
0
0
0
8.17
0
0.55
0.27
0.02
0.38
0.01
0.12
0
0
0.01
0
0
0.09
2.7
0.15
0
0
3
0
0
0
0
0
0.03
0.03
0
2.86
0
0.3
0
0
0
0
0
0
0
0
0
0
0.01
0
0.03
1.49
1.7
2.06
0.64
0.15
0.06
1.53
0.02
1.52
7.98
0.11
0
0
0
8.56
0.27
0.49
0
0.69
0
0
0
0
0
0
0.06
0.72
3.32
0.24
12.44
8.36
0.03
0
0
0
2.47
0.06
0
3.22
5.62
1.75
0.28
6.88
0
0
0
0
0
0.2
0.02
1.26
0.29
0
2.35
0.16
0
0
0
1.11
2.64
0.62
0
10.97
0.22
3.53
6.62
3.25
3.48
4.5
0
4.03
15.55
9.5
2.12
3.65
0.08
0.05
5.3
0
0
0
0
0
1.2
3.97
1.72
0.68
2.94
16
13.53
8.66
8.84
30.22
49.84
10.02
2.86
1.28
0.93
1.98
0
5.19
0.16
0.2
0.03
0.03
0
0
0.01
0
0.17
0.01
0
