19510101
23.64
9.71
0.56
0.01
0.01
0
0
0
5.18
1.75
3.26
3.3
4.83
0.75
0.03
0
0
0.37
0.01
0
0.01
0.07
1.97
7.47
3.57
8.41
9.52
4.83
0
0.01
0.04
0.02
0.33
6.36
19.08
1.95
7.97
3.99
2.52
2.19
8.07
8.02
7.35
1.24
5.03
2.37
0
0.98
2.95
0.92
5.58
0.91
4.05
12.3
0.62
0
0.01
0.01
0.02
0
0
1.14
2.31
6.9
1.01
3.14
3.07
9.3
20.04
7.39
14.86
15.17
10.05
5.79
0.53
1.74
0.52
0.02
0
0
0
0
0
0
0
0.02
0.13
0.01
0.01
0.01
0
0
0
0.01
0
0
0
0
0.23
7.59
0.8
0
0
0
0
0
1.22
0.13
0.21
2.23
0
3.57
6.88
2.04
6.52
4.14
12.23
7.45
5.91
22.93
6.51
3.01
0.22
0.31
4.94
8.95
2.12
3.15
0.89
0.64
1.16
0.37
0.02
0.03
0
0
0.22
1.71
0.2
0.54
0.1
0.02
0.02
0
0.21
2.01
0
2.53
11.07
0.8
0.1
0.11
0.17
14.81
0.55
4.9
0.39
5.61
0.09
0.01
0.04
0
0.07
0
0.15
0.73
0.6
1.39
0.2
0
0.25
0.15
0.7
0
0
0
0.41
0
0
0.49
5.19
2.41
0
0
0.75
0
0.28
1.19
0
0
0
0
0
0
0
0
0
0
0
0
0
0
0
0
0
0
0
0.12
0
0.89
6.48
2.8
4.51
9.77
0
0
0.01
0
0.02
0
0
0
0
0
0.04
0.02
0.03
0
0.01
0
0
0
0.01
0.01
0.65
19.34
0
0
0
0
0
0
0
0
0
0
0
0.25
0.13
7.89
3.91
0.28
5.43
10.16
6.93
5.5
0
0
0
0.02
0
0
0
0.17
5.34
33.55
0.14
0
0.02
0
0.04
0
1.18
10.05
10.41
1.67
0
0
0
0
5.69
10.93
0.76
0.69
5.17
1.15
2.43
0
0.02
0
0.28
0
1.58
0.34
0
0
0
0.02
0
1.27
1.7
3.79
6.55
0
0
0
0
1
8.13
8.99
9.64
13.42
16.73
3.78
5.29
6.62
2.64
0.3
1.37
1.06
5.27
17.78
6.46
1.48
0
0
0.06
0.04
0.02
0.01
0
0.01
0
0.11
0
0
1.58
3.2
0.01
0.16
0
0
0
0
0
0.65
0.02
0
0.97
0
0.01
0.03
0
2.78
3.93
0.6
2.69
0.71
2.41
2.32
3.73
0.69
0
0.03
0
0
0
0
0
0
0
0
0.02
0.01
0
0.02
0.96
0.34
0.04
0
0
0.06
0.2
0.04
0.05
0.91
0.61
5.73
6.85
8.48
18.97
8.22
1.87
1.07
0.18
1.19
0.59
0
0.01
0
0
0.01
0.01
0
0
0
0.07
9.63
5.52
0.72
0.35
0.01
0.06
0.55
0.11
0.01
0
0
0.55
2.86
0.07
0.38
1.05
0
0.14
0.09
0.14
0.88
0.13
0.05
0
0
0.29
3.63
1.95
7.62
1.89
0.12
3.31
0.8
6.11
3.59
1.79
0.24
0.05
0
0.12
0.25
0.43
0
1.89
6.38
11.48
9.95
7.29
7.88
9.11
1.44
0.77
0
0
0.02
0
0
0.84
16.09
15.56
4.1
13.81
1.59
0
0.78
0.04
0
0.02
0.16
0.02
2.53
0.22
0.01
0.01
0
0
0
0.88
5.53
5.31
5.49
15.66
5.05
3.71
0
0
0.35
0.01
0
0.34
0
0.03
0.86
0.38
0
0.77
8.53
2.37
3.97
2.37
7.98
5.44
1.38
0.04
0.35
1.33
0.53
2.66
6.13
0.05
0.06
0.02
0
0
0
0.01
0
0.81
1.54
6.37
0.05
0
0
0
0.24
1.14
4.43
0.08
0
0
0.72
0
0
0.33
3.96
1.47
0.58
0.25
0
0
0.47
4.69
5.98
12.52
0
0
0
0
0
0
0.15
0
1.58
10.34
0
0.04
0.09
0
1.28
0.46
0.4
2.89
0.16
0
4.14
3.07
8.52
0.99
7.13
4.99
9.49
0.5
0.02
0
0
0.11
0.49
0
0
0.29
0.01
0
0
0
0
0
0
0
0.87
0.01
0.01
1.2
0.01
0.16
0.01
0.02
0.25
15.13
30.29
6
0.63
0
0
0
0.01
0
0
0
0
0
0.57
0
0
0.95
2.71
1.21
8.27
7.5
0
0
0
0
0
0.01
0.01
0
0.01
0
1.02
0
0.47
1.13
0
0
0
0.09
0
2.69
0
0
0
1.38
0.64
1.43
1
0.83
1.8
0
0
5.25
12.11
0.86
4.09
3.77
0.09
1.42
6.04
0.98
0.01
1.17
1.62
0
0
0
1.05
0
0
0.02
0
0
0.02
0.01
0.01
0
0
0
0.49
0.42
0.44
2.7
4.02
1.34
1.77
0
0
0
0.9
2.94
0.73
0.78
3.12
5.02
21.79
1.83
4.81
0.47
0
0
0
0.01
0
1.16
0
0.01
3.31
4.65
3.12
0
1.4
5.48
1.47
0.05
0.11
0
0.9
0.13
0.38
0.41
0.45
5.73
2.46
2.37
0.42
0.2
0.66
3.14
1.61
0.18
0.77
0.39
0.47
1.13
0.01
0.2
0.41
0
0
0
0
0
0.05
0.02
0
0
0
0
0.16
0.37
0.12
0
0
0
0
0
0.08
0
0
0.93
3.96
9.04
5.86
0.69
0
0.26
4.12
0.31
0.27
0.94
1.49
0.13
0.05
0
0.04
0
0.14
0.02
0
0
0
0
0
0.14
0
0
0
0
0
0
0
0
0
0
0
0
0
0
0.41
0
0.07
0.13
0.81
1.36
0.17
0.02
0.14
0
0.37
0
0
0
0.18
0.24
0
0.02
0.03
9.79
1.09
0.16
0
0.21
0.61
2.57
1.38
0.09
0.03
0.3
0
0
0
0
3.46
23.32
16.03
6.11
0.51
8.12
0.73
3.33
1.41
9.31
0
0
0
0
0
0
0
0.01
0
0
0
0
0
0.02
0
1.26
8.73
0
0
0
0
0
0
0
0
0
0.06
0.47
0.92
0.32
0
0
0
0
0
0
0
0.19
0.04
0
6.76
0
0.34
0
0.07
0
2.22
0
0.01
0
0.22
1.65
0
13.84
0
1.55
0.98
0
2.04
0
12.73
12.37
9.51
10.59
0
0
0.73
2.3
1.1
4.43
0
0
0
0
0.14
0
0
0
0
0.68
0
0
0
0
0
0
0
0
0
0
0
0
0
0
0
0.02
0.72
1.05
0.09
0
0
0
0
0
0
0
0
1.99
0.18
0.87
0
0.01
0.02
0
0
0
0
0
0.18
0
0.09
0.06
0
0
0
0
0
0
0
0
0
0.59
4.11
0
0
0
0
0
0
0.04
0.04
0.04
0
0
0
0
0
0
0
0
0
3.07
15.84
0.15
0
0
0
1.48
0.65
8.29
6.59
1.59
0
4.28
0
1.23
3.59
11.47
7.21
7.09
5.59
5.07
0.53
0.29
0
2.14
0
0.07
1.32
0.34
1.22
2.84
1.38
2.41
0
0
0
1.43
5.64
0.43
0
0.16
0
0
0
0
0
0
0.02
0.16
0.2
0.07
0.04
0.02
0
0.14
0
0.05
0
0
0
0
0.06
0.1
0.93
0.06
0
0.18
0.45
0.25
1.75
10.52
0.89
2.43
10.02
3.82
0
0.04
0.27
0
1.16
2.91
1.59
0.45
2.95
3.6
1.35
0.3
0
0
0
0
0
0
0.01
0
0.01
0
0
0
0
0.02
0.43
0.28
0.5
0.74
0
0
0
0
0
0.01
0.02
0.01
0.01
0
0
0
0.01
0
0
0
0
0.03
0.07
3.59
5.27
5.07
2.42
0
0.27
0
1.81
1.57
0.73
0.09
0.79
0.46
1.64
9.07
0
2.43
6.08
2.86
0.44
0.01
0.01
0.07
0
0.01
0.01
0.01
0
0
0.5
0.69
0.21
0
0
0
1.09
5.14
0
1.23
11.78
10.92
3.88
1.52
7.35
6.63
5.98
3.24
0.27
2.31
3.13
1.37
0.97
0
0.17
3.36
2.47
0
0.85
0.13
0.05
0
0.22
1.98
2.47
0
0
0
0
0.33
0.04
0
0
0
0.23
0.23
0
0
0
0
0
0
0
0
0
0
0
0
0.07
0.16
12.63
2.22
5.92
5.07
0
2.79
0
0
0.02
0
0
0.01
0
0.29
5.15
0
3.68
4.31
34.31
10.39
2.75
0.22
0.03
0
0
0
0.03
0.04
0.01
0
0
0.08
0
0
5.18
3.36
11.73
36.48
0.88
0
0
0
0
0.73
0.53
0
0
0
0.06
0
0
0
0
0
0
0.11
0
0
0
0
0.06
0.02
0.02
0.01
0.07
0.05
0.04
0
0
0
0
0
0
0
0.19
0.02
0
0
0
0
0.01
0
0
0
0.01
0.1
2.13
0.72
0.1
0
0
0
0
0
0
0
0
0
0
0
0
0
0
0
0
0
0
0
0
0
1.25
0
0
0
0
0
0
1.42
0.78
0
0
0
0
0
0
0.02
0
0
0
0
0.07
0.8
0.34
0
0
0.05
0.02
0
0
0.01
0
1.34
1.27
0
0.01
0
0
0
0
0
0
0
0.05
0
0
0
0
0
0
0
0.02
0.56
0.17
0
0
0
0.01
0.02
0
0.01
0
0
0
0
0
0.01
0
3.22
0.11
0
0.03
0.46
0.16
0.06
0
0
0.18
0
1.47
1.75
0.48
0.05
0
0
1.38
14.66
6.38
2.33
0.43
0
0
0.02
0
0
0
0
0
0
0.74
0.32
2.55
5.52
0
0.39
3.61
7.88
0.98
11.88
11.83
1.45
1.05
0
0
0
0.02
0
7.8
2.87
1
0.01
0
0
0
0
0.01
0
0
0
0
0
0
0
0
0
0
0
0
0
0
0.01
0.09
6.3
13.85
10.34
9.52
4.8
5.24
2.18
12.36
0.9
1.48
0.17
0.7
0.47
3.98
2.44
12.13
12.14
5.34
1.24
3.19
2.07
0.91
0.02
0.77
0.18
0.87
0.66
3.45
6.14
7.06
6.93
33.64
3.69
0
0.03
0
0
0
0.02
0.01
0.08
2.08
2.35
0
13.12
24.43
10.38
5.9
3.82
0
0.4
4.49
3.46
4.01
3.99
1.95
0.32
0.02
0
0.02
0.01
0
0.02
0.02
0.19
0.06
3.47
1.77
0.31
0.48
0.9
0
0
0
0
0.07
2.8
7.69
3.66
0
0
0
0
0
0.01
0.01
0.06
0
0.07
0
0
0.01
0
0
0
3.09
2
0
0
0
0.01
0
0.03
0
0
0
0
0
4.78
9.13
6.83
5.34
9.76
0.05
0
0
0.05
1.3
0
0.81
3.05
0.16
0.05
0
1.38
0.03
0.01
0
0
0
0
0.11
0
0
0
0
0.43
0
0.46
3.64
0
1.78
3.52
1.87
1.95
0
0
0.51
3.3
4.06
3.17
2.63
1.62
0
1.7
4.74
1.48
4.82
1.58
0
0
0
0
0
0.16
4.86
9.08
7.51
1.79
0.87
0.01
4.49
0.31
7.75
0.61
0
0.11
0.02
0
0
0
0
0
0
0.01
0
0
0
0
0.21
0.02
0
0
0.01
0.02
0.16
0.32
0.23
1.41
2.88
3.3
4.46
1.7
2.17
0.01
0
3.73
0.04
0
1.67
0
0
0
0.25
4.08
5.34
1.48
0
0
0
0
0.1
0
0
8.44
0
0.47
0
0.02
0
0.75
0
0
0.62
0
0.08
4.12
4.35
0.13
0
0
0.03
0
0.9
1.52
0.3
0.05
0
0
2.88
0.05
0.17
0
0.27
0
0
0
7.36
1.95
12.91
0
0.03
0
2.41
0
0
0
0
0
0.45
0
0.17
0.36
6.69
10.05
4.54
0.48
0
0
0
0
0
0
0
0.02
0
0
1.04
2.73
0
2.09
10.54
0
0.02
0
0
0
0
1.65
13.9
19.88
14.79
8.07
2.63
0
1.45
8.65
0
0
3.29
2.66
0.23
0.4
4.41
2.72
0
0.03
0.03
0
0
0
0.01
0.14
1
1.5
9.27
0.46
1.42
0.09
0
0
5.66
13.54
11.4
0.11
0.09
0.01
0.01
0
0
0
0
0
1.05
2.67
17.84
24.84
19.85
16.14
4.54
4.93
4.66
9.55
5.16
0.51
0.27
1.64
0.01
0.02
0
0
0.06
1.05
0
0
0
0.05
0
0
0
0
2.57
4.78
1.23
1.43
11.06
3.73
2.86
5.87
12.33
3.54
5.9
2.47
2.21
0.3
0.05
0
0
0.02
0.02
0
0
0.12
7.01
1.24
0.45
0.07
0
0
0
0
0
0
0
0.01
0
0.17
0
0
0
0
0
0.12
0
1.18
2.47
3.42
8.77
3.69
0.7
0.17
0.04
0.01
0.01
0
0
0
0
0
0
0
0
0.88
0.07
0
0
0
0
0
0
0.93
8.32
8.55
7
6.35
11.27
19.39
3.33
8.02
2.94
7.86
25.75
26.05
10.68
4.29
0
0
0
0
0
0.14
0.02
0.94
1.18
0.56
1.94
0.09
3.75
8.37
5.82
2.46
2.97
0
0.32
2.03
4.69
3.17
8.27
1.71
1.18
5.01
3.4
8.11
2.08
0
0
0
0
0
0
0
0
0
0
0
0
0
0.05
0
0
0
0.27
1.56
1.71
21.27
12.82
13.86
6.58
5.34
32.3
27.3
6.7
0.01
0
0.25
0
0
0
0.01
0.01
0
0
0
0
0.04
3.49
0.61
0.01
0.64
0
0
0.02
0
0
0
0.07
0.01
0
9.07
0.16
7.25
1.76
0.33
6.37
0
0.3
0
0
0
0
0
0
0
0
0.02
0.02
0
0
0
0.01
0
0.98
0
0
0.03
8.4
24.47
3.13
0
0
0.02
0
0.03
0.02
0.42
4.43
0
0.02
0
0
0
0
19.07
10.42
0.16
0
0
0
0
0
0
0
0
0.89
0
0
0.1
0
0
0
0
0
0
1.78
0
0
0
0
0
0
0.1
0
0
0
0.07
0.01
0.01
0
0
0
0
0.06
0.08
0.22
0.88
0
1.74
21.7
11.57
2
25.82
15.35
3.29
0.2
0
0
0
0
0
0
0
0.49
0
0
0
0
3.07
6.02
2.41
0.03
0.41
4.24
3.54
0.84
0
0
0
0
0.02
2.13
0.21
0.13
0
0
0.13
0
0.09
0.61
3.27
0
0.2
0.44
0
0
0.22
0.89
3.04
4.07
0
0.05
0.53
0.29
0
0
0.37
1.29
0.07
2.48
6.02
1.36
0.34
0
0.18
0.03
0
0.14
0.11
0.07
0.38
0
0
0
0
0
0
0
0.13
0
0
0
0
0.01
0
0
0
0
0
0
0.13
0.29
0.3
0
0
1.25
1.63
1.55
4.27
3.75
9.38
6.11
3.12
0.38
0
0.01
0
0
0
0.44
0.88
0.4
0
0
0
0.52
4.18
0
0
1
2.44
0.04
0
0.13
2.61
3.23
1.1
0.48
0.01
0.01
0
0
0
0.01
0
0.96
0.66
0
0.36
0.45
0.98
1.17
0.5
0
0
0.95
4.07
14.54
15.73
14.09
1.79
0.04
1.23
0.14
0
0
0
0
0.03
0
0
0
0
0
0.42
1.82
4.23
0.33
0
0.39
0.92
0.53
0
0
0
0.52
0.36
0
0.14
0.39
0.1
0.8
4.23
3.75
2.03
7.01
1.58
0
0.36
0
0.41
3.14
1.04
0
0
0.21
0.04
2.26
0.44
0
0
0.37
0
0.23
0
0
0.52
3.07
8.58
4.05
0.02
0
0
0.47
0.92
1.32
1.53
5.82
4.73
5.77
11.32
5.79
12.02
8.39
1.53
9.39
4.51
0
1.92
10.03
7.66
6.25
4.38
0.9
1.15
0.96
0
0
0
0.17
0
0.62
0
0.27
0
1.1
4.51
12.15
6.64
6.33
6.41
4.55
2.18
3.78
7.64
4.52
0.88
0.16
0
0.01
3.3
22.7
6.36
0.91
0.08
2.88
11.27
4.92
1.48
6.82
12.79
14.85
0.61
0.05
3.3
9.2
1.4
0.01
0
0.27
0.01
0
0.01
0
0.04
0
0.07
0.88
1.11
0.05
0.06
0.05
0
0
0.05
0
0
0.02
0.11
0
0
0.09
0
0
0
0.09
0
0
0
0.16
0
0
0
0
0
0.29
0.31
0.07
0.07
0.31
0
0.01
0.1
0
0
0.14
0
1.2
0
0.17
0
0
0
0
0
0
0.07
0.01
0
0
0.7
0.08
4.28
1.18
5.13
2.14
0.03
0
0.12
0.01
0
1.07
0.3
0.39
0.8
0.01
0
0
0.27
0
1.33
9.6
1.88
6.65
11.3
2.15
0
0
0
0.06
0
0
0
0.07
10.05
19.68
45.39
11.65
0.14
0
0
0.09
0
0
0.38
1.41
1.4
3.38
7.57
7.13
1.14
0
1.89
4.52
2.11
0.09
0.07
0
0.01
0
0.18
0
0
0.38
0.02
0.19
1.81
0.71
0.62
1.89
5.12
11.61
3.99
8.16
1.48
0.66
0.11
0
0
0
0.19
0
0.04
0
0
0
0
0.59
0.34
0.23
0.01
0
0.07
0
0
0
0.69
0
0
0
0.6
0.01
0
0
0.41
4.62
9.3
5.21
0.91
0.19
0.63
0
0
0
0.34
0.01
0
1
5.16
2.32
1.38
0.57
0.01
0
0.02
0.02
0.2
0.71
0.72
0.28
0.31
0
0
0
0
0.05
0.21
0.92
0
0.04
0.05
0.07
0
0
0
0
0
0
3.29
3.63
1.21
2.26
2.39
4.09
11.01
14.31
3.25
1.88
0.17
0
0
0
0
0
0.14
0.39
1.05
6.36
5.23
3.05
4.37
1.26
0
0
0
0
0
0
0
0.61
0.07
0.34
0.13
0.07
0
0
0
0.8
0.18
0
0
0
0.2
2.95
1.04
3.21
1.52
1.36
0.03
0
0
1.33
2.57
1.02
1.85
0.27
0.39
0.07
3.24
13.61
4.74
3.77
2.5
5.54
7.84
4.74
7.41
1.14
4.52
6.12
5.32
1.86
3.72
0.84
0.18
0
0
0.05
1.8
6.57
5.25
0.5
0.06
0.06
0.02
0
0.28
0.91
0
0
0
0
0
0.16
0
0
0
0.01
0
0
0.02
0
0
0.02
0.35
3.34
3.37
2
8.27
18
2.72
0.02
0
0
0
0.01
0.37
3.36
0.72
0.02
0.02
0
0.1
0.02
0
0
0
0.01
0
0.31
0
0.01
0
0.01
0.03
2.58
4.16
0
0.02
0
0
0
0
0.95
19.26
35.84
18.94
0.71
0.27
0.34
0.54
0.3
1.4
2.33
0
0.21
1.37
1.22
2.99
0
0
0
0.1
0
0
0.02
0
0
0
0.04
0
0
0.03
0.02
0
0
0
0
0
0
0
0
0
0
0
0
0
0
0
0.19
7.2
0.26
0
0.07
0.01
0
0
0
0
0
0
0.01
0
0
0
0
0
0.02
0.38
1.23
0
0
0
0
0
0
0
0.11
0.9
0.07
0.08
0
0
0
0
1.58
1.59
0.13
0.73
0.73
2.38
1.39
0.43
0.48
0
0
0
0
0
0
0
0
0
0
0
0
0.01
0
1.31
10.82
0.95
0
2.67
1.27
3.6
3.53
1.22
0
0.23
0.21
0
0
0
0
0
0
0
0
0
0
0
0
0
0
0.01
0.88
0.2
0.18
0.09
1.13
6.05
0.99
0.09
0
0
0
0
0
0
0
0.02
0
0.91
0.68
0.83
0
0.01
0.18
0.05
0
0
0
0.02
0
0.02
0.97
0.05
1.24
0.77
0.34
0.64
3.4
6.16
15.41
11.43
11.63
6.66
3.52
3.61
1.93
1.1
1.34
4.18
18.3
8.59
12.23
8.24
7.51
18.65
13.01
6.41
8.65
7.22
2.04
0.61
1.85
1.52
0.8
1.26
0.46
0
0
0.29
0
0.03
0.02
0
0.02
0.02
1.28
6.2
3.67
2.51
0.33
0.82
9.61
7.42
0.55
0.02
0.27
0.2
3.38
0.75
1.86
0.62
0.17
0
0
0.25
0.2
0
0
0.16
0.54
1.87
8.45
3.83
0.49
0.22
0.95
0.32
0
0.38
0.33
0
0
0
0
0
0
0
0
0
0
0
0
0
0.14
0.04
0
0.34
2.43
5.88
17.07
2.58
7.68
6.54
1.3
12.7
11.27
4.7
12.5
4.2
0.04
0
0
0.01
0.57
0.55
0.45
9.73
7.59
1.18
5.45
2.52
0.71
0
0
0.19
0.31
0
0
0
0.35
1.1
2.71
0
0.53
1.12
0.36
0.01
0.02
0.24
1
11.59
4.18
5.24
2.61
0
0.11
0
0.44
1.09
0.87
7.77
2.59
0.23
0
1.55
0.06
3.77
0.46
0
0.93
0.63
4.5
5.42
10.16
10.77
2.21
1.49
1.33
0.56
0
0.02
0
0.02
0
9.88
2.57
5.84
8.04
4.55
1.5
1.19
2.8
0.52
1.28
7.7
10.1
0.65
1.1
0.02
0
0.08
0.88
5.59
7.36
10.16
2.36
0
0
0
0
0.81
4.71
1.95
0.02
0
0.06
0
0.01
0
0.01
0.01
0
1.52
2.37
1.02
0.03
0
0
0
0
0
0
0
0.1
0.38
0.03
0.01
0.75
0
0.18
2.55
7.19
0
0
0.29
2.04
14.71
1.73
0
0
0
0
0.01
0.02
0
1.09
0
0
0
0
1.12
3.72
5.7
1.34
3.52
0.84
0.23
0.02
0.05
0.04
0
0
0
0
0.01
0.05
0
0.01
0.01
0
0
0
0.12
0.45
3.76
0
2.12
3.26
8.58
1.33
1.06
2.04
1.86
3.94
11.91
2.37
0
0.02
0.3
0.12
2.45
7.71
4.86
0
0
0.02
1.59
0
0.66
1.65
2.84
2.39
3.29
2.7
0.62
0.67
0
12.41
10.91
14.44
3.05
0.43
0.94
2.63
11.57
1.84
0.35
0.42
1.27
1.85
0.23
0
0
0
0.04
7.02
12.77
4.56
6.36
5.52
1.63
0
0.02
0.09
0.02
2.14
7.39
8.18
3.76
1.14
0
0.05
0.59
1.03
0.02
0
0
0
0
0
0
0
4.13
3.15
0.98
6.32
3.27
12.09
5.17
2.34
7.89
16.9
3.84
0
0
0
1.58
4.93
2.73
2.75
14.2
16.19
0.74
2.68
1.69
0.81
2.34
4.71
6.44
8.92
15.54
8.58
3.96
0.71
1.01
1.13
3.62
0.59
0.45
1.04
1.46
0.07
0.24
3.66
2.88
3.79
5.26
3.22
5.28
0.75
0.38
0.77
0.31
0.91
0.68
0.63
0
0
0.02
0.01
0.09
3.62
8.93
10.04
4.09
2.24
1.41
0.32
0
0.71
5.37
1.94
0.59
1.72
2.16
4.42
11.52
17.63
21.53
14.63
4.39
3.03
0.63
0.19
0
0.35
0.04
2.5
10.35
6.61
0.59
0.23
2.09
10.14
5.16
5.09
8.77
6.28
2.3
9.09
6.3
6.21
3.79
2.74
10.83
5.56
0.39
0.36
0.37
0
0
0.5
0
0.01
0
0
0
0.09
2.58
3.25
9.73
4.23
2.32
2.14
5.48
6.54
10.6
5.5
0.25
0
0
0
0.04
0
0.21
2.36
7.17
6.29
6.08
3.75
1.98
0.44
1.34
0.08
0
2.86
0.89
0.12
0.68
0.02
0.14
0.1
0.03
0
0
0
0
0
0
0
0
0
0.38
0.7
0
0
0.09
0
0.1
0.32
0.53
0.29
0.49
0.4
11.83
0.23
0.24
0
0.03
0.05
0.73
0.01
0
0
0.07
0.26
0.3
1.2
4.7
5.56
10.6
2.4
0.01
0.53
0
0.81
0
0.01
0
0.51
2.2
0
0.15
3.93
31.1
1.24
0.05
1.73
3.53
7.74
9.57
2.24
3.45
1.14
0.21
1.02
4.09
0.61
0.13
1.21
0
0.04
0.03
0.01
0
0.02
0
0.05
0
0
0.01
0.11
0
1.42
0
0.22
0.5
0
0
0
0
0.03
0
0
0
0
0.01
0.3
0.24
7.55
2.27
0.85
0.01
0
1.17
0.99
0.04
0
0.02
0.02
0.04
2.43
5.56
7.78
0.73
0.02
0
0
0
0.01
0
0
0
0
0.44
0
0
0
0
0
0.02
0
1.73
1.27
0
0.02
0.01
0
0
0
0
0
0
0
0.04
0
0
0.01
0
0
0
0
0
0
0
0
0
0
0.02
0.22
3.34
3.04
1.36
4.74
3.28
0
0.01
0.58
1.82
0.53
0.72
5.32
2.95
0
0.05
4.01
2.77
5.76
20.24
16.01
18.3
16.73
2.37
1.78
0.92
1.12
0.2
0.32
6.63
12.87
4.9
0.32
1.5
0.1
3.2
11.86
6.73
8.88
15.06
14.03
8.63
3.66
2.57
13.45
20.44
13.41
7.96
1.76
3.7
1.37
4.52
6.95
2.46
0
0
0
1.25
4.09
3.45
2.29
0.01
0
0.38
0.21
0.08
0.16
0
1.63
12.07
6.91
0.77
0
0.02
0.02
0
0.65
0
0.07
2.14
0.88
0.59
2.46
5.65
7.08
12.34
1.2
0.1
0.48
0.27
1.75
3.09
2.8
1.59
0.05
0
0.08
1.49
1.62
0.05
0.01
0.46
0.3
1.29
1.67
7.79
3.22
2.79
1.7
5.62
1.53
2.13
5.79
1.96
0.36
0.73
0.48
0.45
1.76
1.94
0.33
0.01
0
0.05
0.4
0.04
0.01
0.48
2.26
1.59
4.82
4.83
2.38
3.2
2.09
0.68
0
0.65
0.77
0.09
1.15
0.09
0
0
0.24
0
0
0
0.38
0
0.01
0
0
0.34
0
0
0
0.13
0.84
4.13
2.71
0
0.02
0.34
0.54
0.1
0
0.09
0
0
0
0
0
0
0
0
0
0.01
0
0
0
0
0
0
0
0.01
0.36
1.27
0.36
0
1.71
0.73
0
0
0.15
0
0
0
0
0
0
0.01
0.01
0.04
1.39
9.9
9.84
5.79
4.71
4.91
0
0.01
0
0.14
0.82
7.67
4.29
3.43
0
0.75
2.03
9.38
4.65
0.05
0.07
0
3.35
5.7
2.14
0.08
0
0
0.05
0.71
3.73
0.79
0
0
0
0
0
0
0
0
0.25
0
0.1
0
0
0
0
0.05
1
2.54
1.05
1.84
3.78
7.89
6.91
15.27
5.08
4.43
2.33
0.05
0
0.18
1.14
0.31
0
0
0.09
0
0.91
0
0.02
1.38
0
1.32
0.66
0
0.86
3.9
0.75
0.13
2.03
8.22
2.95
0.52
2.26
0
0
0.45
0
0
0.03
0.03
0
0
0
0
0.02
0
0
0
0
0
0
0.09
0.01
0.01
0
0.07
0.13
0
0
1.23
1.22
1.31
0
1.48
9.21
10.99
2.59
7.72
0
0.05
0
0.02
0
0
0
0
0
0
0.95
2.95
0
0
0
0
0.04
0
0
0.2
0
0
0.03
0.03
0.01
0
0
0
0
1.8
6.15
14.18
4.24
0.22
0
0.07
0
0
1.63
0.27
0
0
0.5
0.2
0
3.63
34.16
10.81
1.2
0
0
0
0
0
0
2.91
19.12
11.05
3.09
0.41
0.08
1.16
0
1.54
8.2
3.19
0
0
0.05
0
0.15
0.59
5.31
11.67
2.14
0.04
0
0
0.01
0
0.23
0
0
0.04
0.43
0.29
0.52
6.11
2.96
1.89
0.93
1.42
0.24
0.19
0.19
0.18
0.13
0.8
2.02
3.64
9.05
4.71
2.16
3
11.9
7.24
8.09
0.58
3.86
17.85
17.67
16.68
6.26
6.92
15.09
9.44
9.66
34.66
5.45
0.08
0
0.29
0.88
0.14
0.2
0
0.27
0.16
0.46
0.87
0.23
0
0
0
0
0
0.77
0.53
0
0
0.41
2.39
2.45
4.99
9.65
6.88
2.27
0.83
3.37
7.11
8.03
2.4
10.68
6.58
1.58
0.41
0.06
0.44
0.27
1.59
2.33
1.71
2.47
1.77
6.1
2.59
0.88
7.8
9.41
1.63
0
0
0.01
0
0.01
0.01
0
0.01
0
0
0
0
0
0.04
0.03
0
0.01
0.31
1.56
3.73
0.06
0
0
0
0
0.19
0.06
0.09
0
0
0
0
0
0
1.38
6.73
7.82
6.05
9.92
2.98
1.89
9
8.16
4.12
2.06
0.67
4.15
8.33
4.84
3.44
1.45
1.23
0.09
0
0
0
0.86
1.37
2.66
0.2
0
0
2.13
12.92
7.01
0.34
0.2
0.62
0.08
0.01
0.12
0
0
1.78
0.09
0
0.08
0.09
0.48
0.27
0.57
0.1
0.88
2.32
0
0.43
5.48
8
2.34
0.57
0.84
2.28
0.34
2.43
9.71
3.8
1.99
1.14
0.83
3.87
5.07
3.27
0
0.08
0
0
0.01
0
0.02
0
0
1.6
1.64
0.78
0.1
0
0
1.17
5.98
4.85
0
0
0.05
0
4.35
21.57
18.4
5.58
2.36
6.08
8.77
3.83
0
0.19
0.79
1.02
0
0.16
0.12
0
0
0
0.32
8.56
7.83
1.73
0.3
0.02
0
0
0
0.01
0
0
0.15
0
1.39
2
5
2.21
0
0
0
0.04
0
0
0
0
0
0
0
0
0
0
0
0
0
0
0
0
0.02
0
0
0
0
0
0
0
0.03
0.13
0
0
0.04
1.02
0.02
0.01
0
0
0
0
0
0.04
0.02
0
0.01
0
0
0.02
0
0
0
0
0
0
0
0.01
0.03
0
0
0.09
0.01
0.01
0
0
0
0
0
0
0
0
0
0
0.06
0.09
0
0
0.66
0
0.33
0.15
0.07
1.96
1.29
1.85
0
0.69
0.78
3.4
13.69
8.1
3.23
1.63
1.46
0
0
0
1.44
0.14
0
0
0
0.11
0.34
0.97
1.96
4.15
10.38
10.83
4.21
3.03
3.19
1.67
0.23
0.93
0.89
0
0.19
0.53
2.8
6.88
3.01
0.19
0.01
0
0.01
0
0.96
5.7
6.38
4.14
3.84
0.44
0.59
1.22
1.14
1.79
2.25
1.71
0.61
0.72
0
0.63
0.97
1.41
2.05
3.17
1.41
0
0
0
0
0.01
0
0
0
0
0.16
0.07
0.18
0.02
0.14
0.07
0.22
0.01
0.08
0.71
0.51
0.83
0.16
0.13
0.01
0.08
0.16
0.03
0.01
0
0
0.25
0.25
1.33
3.75
15.8
20.92
16.37
10.34
2.88
7.48
9.05
2.91
2.71
8.48
7.59
3.56
3.27
4.48
4.84
0.8
0.72
2.81
2.65
0.82
1.45
3.71
3.52
2.3
4.22
0.98
0.42
0
0
0
0
0
0
0
0
2.03
3.35
1.85
2.16
1.54
1.83
5.05
4.27
5.7
11.93
11.48
4.74
1.07
2.2
8.08
15.16
6.18
1.04
2.57
4.39
1.69
0.14
0.63
1.06
0.82
0.54
0.82
0.72
0.86
1.23
0.55
0.33
0
0
0
0.15
0.43
1.88
4.02
4.08
3.77
0.46
0
0.68
1.46
0
0.01
0.66
0.07
0
0.05
0
0.13
0.01
0
0
0
0.15
0
0
0
0
0.53
2.26
0.98
0
3.98
24.7
27.09
9.37
6.44
10.23
7.06
3.14
0.3
0.82
7.38
3.81
0.31
0
0
0
0
0
0
0.77
0
0.54
1.04
0
0
0
0.05
0
0.84
0
0
0.02
0.06
0
0
0
0
0
0.01
0
0
0
0
0
0
0
0
0.51
0.38
1.23
1.16
0.68
0.88
1.48
1.09
3.06
5.38
5.41
8.35
4.13
1.17
0
0.36
1.54
0
0
0
0
0.11
0
0
0
0
0
0.46
0.16
0
2.23
0.48
3.3
7.38
6.73
4.11
0
0.7
0
0
0
0
0.62
0
0
0
0
0.72
0
0.01
0
0
0.01
0
0.34
0
0.03
0.26
0
0.13
0.35
1.16
7.95
5
8.56
1.91
3.16
0.95
0.28
2.07
0.82
0
0
0
0
0.02
0
0
0
0.04
0
0
0
0
0
0.03
0
0
0
0
0
0
0
0
0
0.37
0
2.38
0
0
0.91
1.35
1.99
2.88
0.13
0.06
0
0.36
0.24
0.73
0.3
1.86
5.57
5.05
5.33
7.68
0.71
0.26
0
0.11
0.16
0.13
3.13
1.54
0.15
0
0
0
0
0
0
0
0
0.22
0
0.01
0.01
0.03
0
0.01
0.01
0.04
0
0
0
0
0
0.02
0
0.02
0.02
0
0
0
0.11
0.09
0
0.41
7.43
9.91
7.04
9.7
16.77
8.02
6.62
9.66
4.17
2.7
4.43
4.81
2.42
7.52
16.57
22.63
18.54
10.99
5.94
0.07
0.25
0.02
0
0.01
0.41
0.42
1.07
3.45
2.58
1.76
0.93
2.51
0.84
4.43
6.77
5.39
3.74
1.52
5.07
2.75
0.63
1.31
6.01
3.8
0.69
5
6.39
3.55
1.22
2.66
3.11
1.36
0
0.05
0
0.27
0.16
0.18
0.12
0.18
1.02
0.42
0.03
0.12
0.38
0.02
0
0
0
0
0
0
0
0
0.32
0.95
1.2
1.02
0.01
0.02
0.01
0.02
0.01
0
0
0.01
0.02
0.01
0
0
0
0
0
0.01
0
0
0
0
0
0
0
0.15
0
0
0.02
0.13
0.25
1.96
13.1
11.79
13.2
9.16
16.08
4.22
0.08
2.02
6.07
21.68
22.71
6.87
2.47
3.21
2.19
0
0.94
3.09
1.39
0.25
0.29
0.53
0.43
0
2.45
3.21
4.64
2.96
2.63
1.6
0.4
0.2
0.16
0
0.84
2.17
0.93
0.62
0.8
1.44
0.58
0.49
0.45
2.69
5.37
1.83
4.26
2.1
0.81
1.33
0.93
0.59
0.91
0.45
0.29
0.03
0.57
1.19
0.04
0
0
1.48
11.52
8.09
3.44
0.99
0.05
0
0
0
0.02
0.01
0
0.04
0.03
0
0
0
0
0.01
0
0
0
0
0.01
0.06
0.01
0
0
0
0.05
0.02
0
0
0.03
0.02
4
2.8
1.59
0.64
0.02
0
0
0
0.29
1.05
2.95
7.12
7.05
0.3
0
1.65
0.32
0
0
0
0
0.01
0
0
0
0.01
0
0.3
0.37
5.43
17.07
8.41
23.09
5.45
1.95
0.88
4.57
5.43
0
0.88
0.04
0.22
0.48
2.72
0.02
0.02
0.46
0
0
0
0
0
0
0.03
0
0
0
1.02
0.46
0
3.66
0.06
0.26
1.94
0.81
1.14
0
0.25
0
0.02
0.07
0
0.32
0
0
0.25
0.75
2.46
0
0
0
0
0
0.29
0
0
0.02
0.21
0
0
0
0
0
0
0
0
0
0
0
0
0.16
0.19
0.08
0
0
0.01
0.07
0.02
0
0
0
0
0
0.31
0
0.34
0
0
0
0
0
0.01
0.01
0.04
0
0
0
0
0.06
0.71
0.68
2.41
16.38
3.05
2.29
0
0.34
0.46
0.24
0.17
0
0
2.27
4.51
5.05
0
6.21
1.31
0.03
0
0
0
0
0
1.25
2.22
0
0
0
0
0
0
0
0
0
0
0.03
2.05
10.63
16.14
0
0
0
0.01
0.03
0.23
0
0.01
0.02
0
0.04
0.05
0
0.01
0.02
0.01
0.02
0.13
0.02
0.01
0.01
0.27
2.73
0
0
0.63
0
0.08
0.02
0.04
0
0
0.02
0.16
1.35
0.16
0
0.06
1.86
1.26
4.62
7.56
0.86
0.77
1.87
3.15
1.28
6.32
0.84
0
1.38
4.5
0.92
0.13
0.05
0
9.41
1.23
0.31
0
0
0
0
1.09
0.73
0.5
0.65
0.51
0.19
0.48
0
0.29
1.29
3.14
2.01
0.3
0.17
0
0.18
0
0.08
1.3
12.28
2.81
6.61
8.43
0.78
0.3
0.37
0
0
0
0
0
0.01
0
0.48
0.95
1.43
0.2
0.48
0.52
0.13
1.61
4.9
0.93
2.27
10.47
11.3
4.56
3.18
12.86
3.14
0.79
7.25
8.88
7.32
2.28
2.88
1.3
0
0.05
0
1.56
9.59
11.12
14.52
5.66
6.22
2.78
0.7
0.57
0.31
0.01
0
0
0
0.01
0
0
0
0
0
0
0
0
3.39
2.09
0
7.54
3.86
0
0
0.19
0
0
0
0
0
0
0
0
0
0
0
0
0
0
0
0
0
0
0.01
0
0
0.02
0.93
1.36
0
0
0
0
0
0
0
0.09
0.11
0.01
0
0.12
0.54
0.7
8.18
6.73
0
0.04
0
0
0
0.39
0.27
0.8
0
0
4.03
1.09
0
0.04
0
0
0
0.11
0.28
0
0
0
0
0
0
0
0
0.01
0
0.01
0
0
0
0
0
0
0.04
0
0.08
0.48
0.02
0.55
0.83
0
0.04
0.01
0.12
0
0
0
0
0.02
0
0
0
0
0
0
0
0
0
0.06
0
0
0
0
0
0.01
0.18
1.09
0.64
0
0
0.02
0
0
0
0
0.03
0
0.01
0
0
0
0.02
0
0
0
0
0.12
5.71
0.48
1.3
1.02
1.2
0
0
0
0
0
0.04
0.04
0
0.03
1.35
0.04
0
0
0
0
0
0
0.01
0
0
0
0
0
0
0
0
0
0.01
0.03
0
0.02
0.24
0
26.9
9.28
8.06
1.62
5.38
17.94
1.61
0
0.23
0.17
19.75
6.76
1.84
0
32.75
6.07
7.3
0
0.02
0
1.99
0
0.3
2.01
3.82
3.1
1.65
0.18
0
0
4.17
2.91
0.04
0.9
5.24
5.58
0
0.13
0
0
2.05
21.18
26.85
6.7
0.02
0.5
0
1.31
4.27
1.25
0.45
0.52
0
7.24
5.93
5.03
0.78
7.43
0
0.17
0.01
0.29
0
0.1
0.09
1.23
1.9
0.03
0.76
3.11
1.71
0.36
0
1.27
24.79
6.45
0.64
0
0
0
0
0.43
3.35
1.88
0.49
0
0.35
1.42
0
0.94
2.87
3.08
0.96
8.53
3.31
4.75
1.75
0.01
0.01
0.47
0.04
0.51
1.29
0.82
1.28
1.48
2.63
2.13
1.63
4.03
7.18
0.94
5.7
3.39
11.68
6.72
12.67
23.16
17.6
4.24
3.29
2.19
3.14
3
0.41
0.19
0.32
2.19
0.28
0
0.24
0.39
0.07
0
0.02
0
0.05
0
0.5
5.78
5.45
13.08
7.6
1.7
9.09
4.11
0
4.22
4.41
7.31
4.56
0.37
0
0.02
0
0.25
15.67
3.34
0
0.05
0.55
0.14
0
0
0.01
0
0.01
0.01
0
0
0
0
0
0
0
0
0
0.15
0
0
0
0.01
0
0.01
0
0.01
0
0
3.75
5.48
1.44
0.13
0.23
0.61
1.01
0.51
9.35
4.73
5.68
3.53
5.32
2.05
15.57
17.32
5.52
0
0
0.61
0
0
0
4.3
2.39
0.18
0.03
3.06
0.43
0.01
0
0.28
0.88
1.62
0
0.17
0
0
0.45
0
0.57
3.06
4.19
0
0
0.23
2.73
2.22
5.67
0
0
0
0
1.32
0
3.8
1.25
0.13
1
8.94
4.71
1.88
1.29
3.43
5.91
23.73
0.29
0
2.7
18.45
2.67
0
0.1
0.1
5.11
1.91
0
0
0
0
0.04
0
0.05
0
0
0
0
0
0
0
0
0
0.43
5.19
1.5
0
0
0.01
0
0
0
0.05
0
0
0.12
0.01
0
0.01
0.06
0
0
0
0
0
0
0
0
0.49
0.82
0
0
0
0
0
0
0.04
0
0
0
0
0
0
0
0
0
0.01
0.18
0
0
0
0
0
0
0
0.07
0
0
0
0
0
0.9
0
0
0
0
0
0
0
0
0
0
0
0
0
0
1.98
4.12
13.27
3.47
0
0
0
0
0
0
0.02
0
0.23
1.42
1.04
22.92
13.44
1.83
0
0.87
1.41
8.58
8.89
0
1.56
3.96
5.03
2.32
0
0
0
10.84
12.09
6.91
1.58
0.3
3.89
0.18
2.49
0.81
0.33
0
12.75
5.3
0.01
0.34
0
0
0.11
0
0
2.25
0.13
1.83
11.08
9.09
8.27
8.88
2.34
0.4
0
0.02
0.02
0.2
0.02
0
0.56
0.16
0.13
0.05
0
0
0.03
0.09
0
0
0
0.04
0
0.52
3.69
0.25
0
0.03
0.01
0.04
0.01
0
0
0
0
0
0
0
0.01
0
0
0
0.01
0
0
0
0
0
0
0
0
0
0
0
0.04
0
0
0.05
0.04
0.3
0.27
0.45
2.43
11.71
14.59
3.1
0.02
0
1.26
0.3
0.01
0.01
0.3
3.22
2.14
8.86
1.36
2.53
0.21
0
0.49
0
0
0.05
0
0.01
0
0
0
0.02
0
0.75
0.09
0
0
0.05
4.55
0.59
2.86
5.57
10.39
16.81
12.16
2.3
0.04
0.88
0.01
0
0
0.33
1.48
0.39
0.13
0
0
0
0.04
0
0.77
0.93
0
13.18
3.02
0
0
0
0
0
0
0
0.01
0
0
0
0
0
0
0
0
0
0.04
8.9
0.86
0
0
0
0
0
0
0.02
0
2.66
7.63
5.83
2.43
0
2.74
2
8.82
2.61
2.42
1.8
0
1.21
0.05
0.39
0
0.13
0.06
0.01
0.02
0
0.15
0.02
0.17
1.61
0
0
0.98
4.26
1.09
0.4
1.28
3.75
4.2
1.98
0.71
1.21
1.71
1.17
3.05
0.45
0.52
0
0.01
0.04
0
0
0.01
0
0
0
0
0
0
0
0
0
1.18
3.27
2.81
9.47
3.96
0
0.21
0
0.4
0.02
0.1
0.31
0
0.23
0.07
0
1.05
0.04
0
0
0
0
0
0
0
0
0
0.11
0
0
0
0
0
0
0
0
0
0.01
1.84
0.07
0.63
0
0.01
0.01
0
0
0.01
0
0
0
0
0
0
0
0.04
0.02
0
0.01
0
0
0
0.17
0.53
0.05
0.04
0
0.33
0.08
0
0
0
0
0
0.02
0
0
0
0
0
0.08
0
0
0.02
0
0.03
0
0.09
0
0.01
0.03
0
4.11
3
0.23
0.02
0
0
0
0.02
0
0.01
0
0.02
0
0
0
0
0
0
0.07
0
0
0.02
0
0
0
0
0
0
0
0
0
0
0
0
0
0
0
0
0.03
0
0.27
3.8
0.12
0
0
0.01
0
0
0.08
2.36
1.16
8.79
0.13
0.11
0
0
0.01
0
0
0.21
0.13
5.83
0.73
4.48
0.28
0.25
8.33
9.38
0.46
0.14
0
0.01
0.73
7.23
23.72
25.34
18.98
4.6
0
0.94
0.49
0
0.04
2.19
4.61
5.39
0
0.13
0
0.89
0.06
0
0.02
0
0
0
0.05
0.3
0.49
0.13
0
0.01
0
0
0
0.16
0.19
0
0.15
0.14
0.01
0
0.03
1.8
0
0
0
0
0.16
0
0
0.14
0
0
0.01
0
0
0
0
0
0
0
0
0
0
0.01
0
0
0
0
0
0
0
0
0
0
0
0.01
0.66
0.41
0.14
0
0
0
0
0.13
2.48
3.16
4.98
6.96
0.54
1.2
4.5
2.42
7.89
9.2
1.95
0.55
0.51
6.23
2.91
6.48
16.03
4.61
2.57
4.3
7.24
3.66
1
3.59
2.18
5.9
0.77
0.86
6.02
2.39
0
0.2
10.61
2.67
0.89
0
0.01
0
0
0
0.83
0.01
0.03
4.88
4.24
0.62
0
0
1.07
9.73
2.77
0.87
4.76
12.95
2.05
0.64
0.01
0.02
0.02
0.64
3.76
0
0
0
0.37
0.8
0.49
4.12
15.48
1.38
0.21
0.86
0
0
0
4.92
4.81
11.45
0.91
0.05
0.04
0.07
0
1.03
1.26
0.03
0.05
0
0.07
4
12.63
0
0.89
3.71
2.32
0
0
0
0.05
0
0
0
0
0.44
4.39
0.9
0.32
0
0.79
5.43
1.5
0.42
1.09
1.6
0.08
0.02
0
0.01
0.92
0.52
0.8
0
0.03
0.37
0
0
0
0
0
0
5.91
0.11
0.04
2.05
2.73
0.33
0
0.02
0
0
0
0
0
0.01
0
0
0
0
0.01
0
0
0
0
0.26
1.02
2.26
0
0
0
0
0
0
0
0
0
0
0
0
0
0
0
0
0
0.02
0.67
0
0
0
0
0
0
4.56
1.73
0
0
0.13
0
0
0
0.57
0
0
0
0
0
0.48
0.02
5.12
0
0
0
0.01
0.01
0
1.34
5.25
0.29
0
0.05
2.36
1.26
0.01
0
0
0
0
0
0
0
0.12
1.45
0.79
2.26
0.61
1.71
4.36
1.09
0
0
0
0.03
0
0
0
0
0
0.11
0
0
0
0
0
0
0
0
0.02
0
0
0
0
0
0
0
0
0
0
0
0
0
0.02
0
0.02
0
0.02
0
0
0
0
0.14
5.45
9.28
7.27
2.85
0.65
6.25
1.03
9.58
2.28
0.03
0.09
0.17
0.16
5.35
2.68
13.34
0.1
0
0
0
0.34
0.02
0.44
0.5
0.01
0.07
0
8.57
3.54
2.55
1.09
1.24
6.47
0
0
0.45
1.52
5.7
0.69
0
1.03
0.05
0.14
14.09
1.7
4.8
4.59
6.95
3.05
0.12
1.05
0.69
1.04
0
0.13
0.05
0.23
0.43
0
0
0
0
0
0.13
0
0.19
0.24
1.81
1.06
0
7.8
1.78
4.42
5.13
9.25
4.22
4.75
0.27
1
0.23
0.03
0.8
0.01
0.04
0.02
0
0
0
0
0.3
1.76
1.48
0.59
0
7.86
3.98
0.09
0.02
0
0
0
0.02
0.28
0
0
0.91
3.01
1.82
0.83
5.55
9.72
4.53
1.45
9.56
21.09
3.54
1.52
0.69
1.13
7.18
14.73
4.46
7.57
4.28
3.62
1.48
0.75
1.32
0.15
2.34
0.07
0.55
18.7
24.53
7.55
6.68
24.28
4.75
1.91
0.06
0.12
4.9
1.4
0.27
0
0.11
0.13
0.05
0
0.01
0
0.02
0.8
7.64
2.18
0.36
0
1.3
3.54
0.95
0.16
0
0
0
0.2
0
0
0.28
0.06
0.02
0.42
0
0.43
0.25
0
2.34
10.47
8.32
35.17
17.32
1.81
0.52
1.73
3.66
5.76
2.05
1.13
0.87
1.53
7.45
0.7
1.77
0.34
0
0.27
0
0.01
0
1.93
11.63
0
0.1
0
0.59
0.04
1.62
2.68
0.82
5.26
6.29
0
0.08
0
0
0
0
0
0
0
0
6.29
6.34
11.2
6.38
7.6
3.51
1.18
0.21
0.01
0
0
0
0.18
0.05
1.03
1.72
0.99
0
0.02
0
0.02
0.01
0
0
20.51
6.31
0.55
0.2
0.11
0
0
0
0.15
0
0.02
0.15
0
0
0
0
0
0
0
0
0
0
0.01
0
0.01
0
0
0
0.01
0
0
0
0.01
0
0.09
0
0
0
0.29
0
0
0
0.01
0.02
0
0
0
0
0
0.22
0.01
0.01
0
0
0
0.26
0.07
0
0
5.1
7.81
20.77
8.5
9.69
1.4
0.19
1.13
1.11
0.17
1.75
0.55
1.68
8.77
10.28
1.43
3.54
0.76
0.6
1.13
0.36
0.02
0
0
0
0
0
0.01
0.76
0.02
0.49
1.41
0
0
0.05
3.97
7.42
1.84
0.03
0
0
0
0
1.11
6.89
0.13
0
0
12.46
8.49
10.05
0.97
0.01
0
0
0.01
0.02
0.01
7.83
0.02
0.01
0
0
0
0
0.11
0
0.05
0.06
1.28
0.8
0
1.08
21.53
24
3.49
0.55
0.06
0
0
0.51
0
1.38
2.82
10.03
1.55
12.68
2.75
0.04
0.29
1.78
0.06
0
0.24
0
0.12
0.01
0.04
0
0
0
0.02
0.02
0
0
0.02
0.02
0
0.63
3.31
1.25
0.01
0
0
0
0.5
3.24
10.62
7.46
3.7
3.84
5.37
2.71
6.29
1.66
14.31
12.21
7.01
3.23
2.23
13.64
11.3
11.38
15.12
18.23
3.89
2.99
6.61
2.15
1.69
1.43
2.59
0.89
4.43
0
0.65
0.87
0.48
8.39
1.75
0.48
0.92
1.41
0
2.06
1.23
0.19
0.37
3.1
0.64
5.73
1.51
0.07
0
0
0.24
2.25
1.23
0.05
0.38
0.28
0.22
0
0
0
0.06
0
0
0.44
0
0
0
0
0
0
0
0
0
0.01
0
0.01
0.07
0.1
0
0.27
0.94
1.16
0.05
0
0
0
0.02
0
1.04
7.05
2.3
0.58
3.45
1.19
1.6
0.09
0
0.38
1.67
4.21
0.84
0.01
0
0
0.26
1.33
0.99
0.03
0.34
0.23
1.38
0.43
0
0
0
0.21
0
0
0
0
0
0.86
1.78
0.35
0
0.04
0.32
0
0
0.17
0
0
0.79
2.34
4.06
2.05
4.5
0.52
0.5
2.06
1.95
0.46
3.67
1.12
0
0
0
0
0
0
0
0.18
0
0.04
0.01
0
0
0
0
0
0
0
0
0
2.66
1.57
10.42
5.62
0.16
1.69
2.38
0.42
0
0
0.01
0.25
0.84
0
0.11
0
0
5.71
1.28
0.03
0
0
0
0
0
0
0
0
0.01
0
0.01
0.05
0
0.01
0
0
0
0.03
0
0
0.01
0
0
0.01
0.14
0
0
0
0
0
0
0
0.21
0.19
2.61
15.66
19.51
2.42
3.19
3.38
0
0
0
0
0
0
0
0
0
0
0
0
0
0
0
0
0
0
0
0.01
0
0
0
0.04
0.23
0.01
0
0.01
0
0
0.01
0
0
0
0
0
0
0.01
0
0
0
0
0
0
0
0
0
0
0
0
0
0
0
0
0
0
0
0
0
0
0
0.15
0
0
0.84
3.48
2.54
1.63
1.29
0.2
0.17
0
0
0
0
0
0
0
0
0
0
0
0
0
0
0
0
0
0
0
0
0
0
0
0.31
3.27
1.66
0
0
0.07
10.55
4.03
0.59
0.13
0
0.29
1.79
1.2
9.68
0
0
0.24
3.27
0.78
0.11
0.43
1.29
1.02
0.52
0
0.04
0
0
0.12
0.02
0.31
7.59
2.3
0.25
0.34
0.3
0
0
0
0
0
0
0
0
0.38
0.6
0.29
0.42
2.16
2.34
1.51
5.33
2.43
1.84
0.29
0
0.01
0
0.73
0.38
0.08
0.05
0.84
0
0
2.8
0.38
1.48
0.21
0.16
0.76
8.13
3.77
16.54
6.33
0.7
4.35
3.42
1.66
1.54
0.88
0
0
2.81
2.24
0.97
0
0
0.13
0
0
0
0.01
0.41
12.14
2.78
0
0
0
0.29
3.03
0.08
0.02
0
0
0
0.01
0
0
0
0
0
0
0
0
0
0
0
0.01
0.01
3.11
13.61
2.84
0.67
0
1.89
0.2
2.44
0.22
1.47
6.79
14.84
15.57
7.51
0.86
0
0.01
0
0
0
0
0
1.22
2.66
1.88
6.79
8.7
5.77
4.09
3.66
13.66
7.48
1.6
4.42
0.69
0.36
0.06
3.57
2.37
0.01
0
0
0
0.01
0.01
2.62
28.69
6.05
2.92
0.15
0.03
0.93
3.78
0.77
8.13
14.85
1.05
1.39
0.56
0.93
11.41
8.73
2.08
0.77
0.28
10.11
11.84
2.23
2.98
6.57
11.7
8.84
12.88
1.55
2.62
3.69
6.02
3.84
16.43
8.66
4.57
0.66
0.36
0.52
0.05
0.03
0.65
1.89
9.41
17.71
1.08
4.89
1.12
11.86
5.14
3.12
0.3
0
8.06
1.2
0
0
0.19
0.48
0
0
0
0.05
0.05
3.52
0.12
0.11
0.01
0
0
0
0.32
2.88
1.01
2.63
0.57
0
0
0
0
0
0
5
5.3
1.4
0.02
3.33
0.13
0.01
0
0
0
0
0.03
0
0.09
1.62
1.91
0.69
0
0.04
0
0
0
0
0
0
0
0.33
0.29
0.13
0
0
10.79
3.2
0
0.03
0
0
0
0
0
0
0
0.02
0
0.02
0
0
0.3
5.21
0.45
0
0
0
0
0.2
0.82
1.57
0
4.9
0.73
0
0
0.35
0.85
3.73
0.43
1.2
0
0
0.01
0.02
0.34
0.73
1.55
1.16
0.07
0
0.09
0
0
0
0
0
0
0
0.01
0.98
0.71
22.27
8.49
0.64
1.11
1.41
0.81
0.09
0
0.17
0
0.05
0
0
0
0.85
0
0.04
0
5.21
0.01
0.02
0.02
0.13
0.02
0
0
0
0.42
0.85
10.15
2.51
1.02
0.16
0.18
0.82
0.01
0
0.02
0
0
0
0.1
0.02
0
0.01
0.02
0
0.8
0.27
0
0.07
1.79
0.59
0.24
0.13
6.9
1.93
1.08
0.87
3.59
0.39
0
0
0
0
0.11
0
0.01
0.01
0.5
0.02
0
0
0
0
1.22
6.02
7.38
3.15
2.27
1
6.85
16.3
4.23
0.97
12.27
1.44
0.88
0.17
0.44
1.02
1.71
6.24
4.61
0.46
1.78
0.63
3.84
8.2
8.41
8.91
3.99
0.71
1.3
8.3
0.79
0
0.02
0.32
0.01
0.02
0.01
0.02
0.02
0.26
6.99
9.99
9.59
13.53
9.87
9.03
8.12
4.05
0.55
7.03
2.64
10.32
0
0.65
1.49
1.14
1.67
2.64
1.76
1.04
0.61
0.88
1.15
0.27
0.04
0.02
1.55
1.03
0.26
0.32
3.54
2.02
5.81
10.5
0
1.09
5.02
1.34
0.14
0.5
1.44
1.96
1.03
11.5
1.67
1.41
0.91
0
1.84
0.34
0.03
0
0
0
0.01
0
0
0
0.14
0
0.28
0
0
0
0
0.02
0
0.23
0.03
0.74
0.51
0
0.02
0
0.01
0
0
0
0
0.04
0.03
0.05
0
0.15
0.41
0
0.49
0.1
0.01
0.41
2.13
2.93
2.55
1.5
0
2.54
2.76
1.2
1.09
0
0
0.34
1.47
2.5
3.91
2.07
0.37
0.13
1.49
1.11
0.39
0.07
0.04
0
0
0
0
0
0
0.02
0.13
2.56
0.91
0
2.55
2.37
0.49
0.21
0
0.77
0.02
0.3
0.53
3.17
9.98
7.03
1.47
0.74
0.27
0.73
2.82
0.18
0.91
0
0
0
0.54
0.16
0.04
0
0.48
0
0
0
0
0
0
0
0
0
0
0
0
0
0
0
0
0
0
0.02
0.01
0.04
0
0
0
0
1.2
0.17
0.16
36.95
0
0
0
0.05
0.88
0
0
0.84
1.18
0.05
0.01
0
0
0.43
0
0.03
0
0
0
0
0
0
0
0
0
0
0.04
0.01
0
0
0.07
0.02
0.14
5.2
0
0.04
15.2
5.55
15.95
6.31
4.44
0.52
1.76
0
0
0
0
0
0
0
0
0
1.32
23.79
43.75
32.8
0.9
0.07
0.62
8.77
0
0
1.41
8.61
8
1.78
1.12
2.23
4.35
5.7
3.45
1.23
0
2.14
2.66
18.64
1.79
1.17
0.79
1.17
4.56
5.54
13.89
2.64
0.08
0
0.45
1.37
3.91
10.9
5.43
0.39
0
0.12
6.21
3.58
11.29
41.54
20.11
3.73
7.08
2.88
0
1.2
0.16
0.03
0
0
0
0
0
1.47
0.06
3.04
3.53
1.2
0.9
0
0.04
0.72
0.23
0
1.81
6.93
2.59
1
6.73
3.65
0.32
0
0.34
3
5.35
0.26
0.24
0
0
0
0
0.02
0.01
0
0
0
0.01
0.01
0
0.01
0
3.2
9.19
8.78
0.65
0.07
0.01
0.02
0.01
0
0
0
0
0
0
0
0
0
0.02
1.96
9.25
3.69
0.27
10.58
2.93
0.7
2.64
3.48
2.75
0.48
0.02
0.28
0
0
0
0
0
0
0.11
0.49
0.01
0.01
0
0
0
0
0
0.09
0.01
0
0.01
0.02
1.77
0.27
0.32
0
0.02
0
0
0.01
0
0
0
0
0
0.02
0
0
0
0.01
0
0
0
0
0
0
0.01
0
0
0
0
0
0.04
0
0.01
0
0.02
0.41
0.77
0.75
2.75
1.2
0.2
2.81
5.27
0.11
0
0
0
0
0.01
0.01
0
0
0
4.64
2.98
0.21
0
0.01
0.01
0.03
0
0
0.01
0
0
0.02
0.09
1.71
9.73
0
0.45
0
1.98
0.86
0.19
0.2
1.88
0.32
0.68
0.21
0.32
0.12
0
0
0
0
0.01
1.03
0
0
0
7.63
6.39
18.36
10.34
9.23
1.17
0.53
0
0
0.01
0.01
0.04
0
0
0
0
0
0
9.19
18.05
8.39
2.92
2.91
0.6
0.38
10.71
10.42
2.72
1.28
0.06
0.43
1.15
0
0
0.01
0
0.09
0.01
0
0
0.02
0.04
0.04
0
0.01
0
0.06
0
0
0
0
0
0.03
0.1
0.01
0.01
0.03
0
3.09
1.19
0.72
0.48
0
0
0
0
0
0
0
0
0
0
0
16.89
1.38
0
0.05
0.01
0.17
0
0
0
0
0
0
0.02
1.6
5.86
0
0.05
0.01
0.01
0
0
0
0.03
0.01
0
0.73
0
0.02
0.02
0
0
0
0
0
0
0
0
0
0
0.28
0.12
2.56
0.13
0.01
0
0
0
0
0
0
0
0.03
0
0
0.04
0.01
0
0
0
0
0
0.01
0
0
0.32
0.05
0
0.04
0.01
0.01
0
0
0
0
0.02
0
2.4
5.08
3.36
3.9
3.71
0
7.13
6.74
7.09
0.15
0.01
0
0.03
0
0
0.04
0.02
0
5.52
3.44
1.04
7.8
5.03
4.43
16
5.71
0.53
0
0
0
0.05
0
0
0
0
0
0
0
0
0
0
0.01
0.01
0.14
0.18
0.01
0
0
0
0
0
0.92
0.09
0.01
0
0
0
0.03
0
0
0
0
0
0
0
0
0
0.49
12.73
12.88
3.39
11.37
10.13
11.73
3.84
0.16
0.11
0
0.11
0.25
0
0.43
0.59
2.88
0.97
11.94
5.04
2.45
0.71
6.1
0
0
0
0
0
0.1
0.21
0.01
0
0
0
0.17
0
0
0.18
1.02
2.88
0.13
1.3
0.04
2.09
1.91
2.52
8.93
1.69
1.24
1.41
3.47
0
0
0
0.02
8.35
5.9
2.62
1.82
3
1.06
0.24
0.12
5.04
0.34
0.02
0.16
0
0
0
0
0
0
0.02
1.4
0
0
0.04
0.01
0
0
3.75
12.83
2.32
1.92
1.43
0
0.02
0.29
0
0.08
0.76
13.77
2.51
11.45
2.63
2.39
1.42
3.2
0.44
2.52
0.23
0
0
0.2
10.89
0.38
4.45
0
0
0
0.04
10.77
4.17
2.88
0.48
2.98
3.44
0.12
0
0
0.93
0.27
0.27
4.67
1.04
0.1
0.52
3.16
5.58
3.31
7.07
9.79
0.94
0.79
9.37
5.45
0.16
0.13
0
0
0
0
0.13
0.18
0
0.06
0.06
1.05
0.65
0
0
0
0
0
0
0.01
0.03
1.63
0.52
0
0.03
0.07
0.08
0.01
0
0
0.16
0
0
0.01
0
0.05
0
0
0.02
0.07
3.64
17.11
4.44
5.28
0
0
18.81
0.88
0
0.05
0.02
0.39
9.37
0.48
0.16
0.77
0
0.04
0
0
0.67
16.17
3.33
0.33
0
0
0
0
0
0
15.47
16.62
6.61
0
0
0
0
0
0
0
0
0
0
0
0.01
0
0
0
0
0
0
0.05
0
0
0
0
0
0
0.13
0.04
0
0.02
0.03
0.02
0.98
0.92
0.1
8.38
4.17
0.27
0
0
0.02
0.12
0
0
0
0
0
0
0
0.02
0.01
0.01
0.02
0
0
0
0
0.09
0
0
0
0
0
0.05
0
0
0
0
0
0
0
0
0
0
0
0
0
0
0
0
0.34
0.23
0.05
0.12
0
0
0
4.3
3.25
1.02
0
0
0
2.84
6.25
0.13
0
0.01
1.26
4.05
0
0.23
1.61
0.2
0.03
0
0.01
0
0
0
0
0
0
0
0.55
0
0
0
0
1.41
0
0.03
0.1
17.51
4.57
12.66
4.51
0.8
0.74
0.01
2.56
12.13
0
0
0
0
0
0
0
0
0
0
0
0
0
0
0
0
0
0
0
0
0.01
0
0
0
0
0
0
0
0
1.49
7.98
0.47
0
0
0
0
0
0
0
0
0
0
0
0
0
0
0
0
0
0
0.12
1.91
3.96
5.24
14.04
1.7
0
1.43
4.42
0.02
1.84
0.6
0.04
0
0
0
0
0
1.41
0
0
0
0.5
7
14.6
1.4
4.18
9.37
1.21
4.82
0.28
0.83
2.23
0.27
0
0
0
0
0
0.01
0.01
0
0
0.73
0.09
0.37
0.52
8.65
6.56
0.96
1.44
0.45
0.07
0.04
2.32
0
5.36
2.15
1.7
0.39
0
0
2.65
2.45
1.28
5.38
0.44
0
0
0
0
0
0.01
0
0.09
14.64
0.58
2.25
0.02
0
0
3.37
0.73
0
0
0
0.01
0
0
0
0
0
0
0.03
0
33.18
8.73
0.35
0
37.08
5.7
14.15
2.06
3
0.2
0.13
0.04
0.14
0.38
0
0
0
0
0.27
2.38
0.06
0
10.15
1.33
0.24
0
0
0.29
0.47
2.14
3.13
11.8
5.21
3.02
4.77
0
0
0.43
2.78
7.01
0.86
0
0.2
6.5
6.88
1.02
0.48
0
0
0.03
0.14
3.13
5.2
6.67
0.61
0
0.27
1.51
8.12
4.1
1.79
0.02
0
0.67
0.09
0.46
0.96
0
0
0
0
0
0.01
0
0
0
0.01
0.01
0.01
0
0
0
0.02
0.02
0
0
0
0
0
0.01
0
0
0
0.2
0.01
0.01
0
0
0.01
0.04
0
0
0
0.02
0.02
0.16
2.59
0
0.1
0.39
0.77
1.71
0
0
0
0.02
0.05
4.83
15.05
0.07
0
0
0.01
0
0
0.11
1.17
0
0
0
0.02
0
0.13
0
0
0.01
0
0.02
2.2
0.28
0.01
2.2
1.02
6.21
2.12
0.9
0
0
0
0.59
8.8
2.23
0.37
0.02
0.05
0
0
0.01
0
0.01
0
0
0.02
0.28
6.22
0.94
0
0
0
0
0.01
0
0
0.01
0
0
0.02
0.02
0.03
0.43
0.05
0.23
0
0.02
0
0
0
0
0
0
0
0.24
0.08
0
0
0.03
1.37
0.39
0
0
0
0
0.02
0
0.01
0.1
0.02
0.01
0.31
0
0
0
0.09
0.11
0.05
0.02
0
0
0.11
0
1.13
4.4
0.22
0
0.01
2.35
0.78
0.09
3.79
5.43
0.77
0.09
0
0.02
0
0.05
0.16
6.95
11.44
7.93
2.73
7.03
0.74
3.24
0.09
0
0
0
0.03
0
0
0
0
0.01
0
0
0
3.76
0
0
0
0
0
0
0
0
0.01
0
0
0
0
0
0
0
0
0
0
0
0
0
0
0
0.6
0.52
0.47
0.64
8.89
5.43
8.3
1.23
2.65
12.3
6.12
1.47
0
0
0
0
0.43
0.48
0
0.01
0
0
0
4.56
5.6
1.88
0.95
0.01
0
0
0
0
0
0
0
0
0
0
0.01
0.38
0.4
0
3.53
1.55
0.06
0.04
0.01
7.3
0.84
0.3
1.66
0.08
0
0.02
0
0.02
0.03
0.03
0.02
0
0
0
0
0.01
0.02
0
0
0
0
14.82
18.13
6.48
1.18
0.34
0
0.01
0.16
0.16
0.37
0.01
0
0.87
3.47
15.04
7.2
4.82
0.33
0.19
5.34
0.48
0.22
0
0.55
2.51
0.72
0.27
3.12
0.02
0
0
0
0
0
0.02
0
17.13
3.53
1.31
0
2.65
0.42
0.07
0
0
0.38
0
0
0
0.01
0
0.35
1.22
0
2.57
12.73
3.43
0.38
0
0
0.23
0.15
0
0
0
0
2.86
0.7
0
0
0
0
1.18
0.82
0.74
0.35
5.38
2.43
4.6
1.17
4.12
0.55
0.61
0.68
0
2.79
0.04
0
0
0.57
4.05
24.06
2.77
2.91
0.23
0.03
0
0.71
4.36
1.18
0
0
0.04
0
2.36
0.48
0.56
0
0.2
0.91
0.3
0.36
2.58
14.58
0.91
0
0
0
0.01
0.08
0
0.07
0
0
0
0.01
0.03
0
0
0.01
0
0
0.49
3.44
0
0
0
0
0
0
2.59
0.42
0
13.23
1.54
3.98
25.28
3.71
2.51
0
0
0
0.08
0.05
0
0.37
0.08
0
0
0
0
0.2
7.07
0.51
0
0
0
0
0.02
0.13
0.27
0
0.88
0
1.53
6.55
1.93
20.43
0.96
0
9.25
6.49
0.17
0.93
0.53
0.05
0
0
0
0.09
13.74
19.38
12.76
0.23
2.6
0.85
0.12
0.27
2.47
2.13
2.29
0
0.14
1.02
12.71
0
0.36
7.09
1.45
0.3
0
0.04
2.88
2.16
0.34
0.21
0
4.47
0.37
9.79
7.27
1.46
5.1
0.63
0
0.04
0
0.02
0
0
0
0.04
0
0
0
0
0.06
0
0
0
0
0
0
3.41
6.29
0.28
8.65
17.5
3.03
0
0
0
0.6
0
0
0
0
0.59
5.59
9.63
22.77
3.34
0.55
0.29
0
2.27
6.55
0.91
0.94
0
5.95
12.02
19.05
4.72
7.1
0.8
0
0.25
1.72
0.08
0.16
0
14.9
4.38
1.37
5.3
8.9
0
0
0
0.27
0.77
19.5
6.65
6.04
1.41
0.47
1.1
7.82
10.37
7.37
1.45
4.74
4.34
0.57
6.2
13.05
0.55
0.61
0
0.01
0
1.25
4.23
8.22
2.08
5.71
0.16
0
0
1.81
5.52
8.18
4.73
3.22
4.02
4.98
2.41
2.39
0.91
0.8
0
0
0
0
0
0.64
0
0
0
0.11
2.31
8.57
1.52
0.55
0
0
0
0
0.23
3.09
0.3
0.94
18.64
6.53
3.08
0
0
0.7
4.86
0.09
0
0
0.01
0
0.03
0
0.02
0.45
0.98
0.19
0
0
0
0
0
0
0.68
3.08
2.38
0.05
0.16
0
0
0
0
0.16
0
0.15
0
0.44
6.03
5.73
0.56
0.39
0.79
4.64
4.1
0
0
0.1
0
0
0.02
4.74
0.78
0.11
5.01
5.66
0.72
3.32
3.3
0
0.94
1.11
0.91
1.29
0.92
0.27
0.02
0
7.16
18.09
10.12
5.49
4.36
2.03
0.11
0.28
0.39
0
0.03
2.66
3.18
5.54
20.41
1.57
0.01
0
0.01
0.2
0
8.88
0.09
0.45
4.75
0
0
0
0.21
0
0
0
0
0.05
0.18
0
0
0
0.63
1.59
0.66
6.97
0
0
0
0.04
0.12
2.49
2.48
0
0
0
0
0.01
0.05
4.01
7.39
0.47
0
0.19
1.08
0.66
0.18
0
0
0.17
21.78
0.88
0.01
0
0.01
0
0.06
0.03
0.27
0
0
0
0.01
0.07
0.82
0.12
0.71
3.78
1.39
0.08
0
0.77
0
0.05
7.16
5.26
0
0
0
0
0
0.02
0.04
0
0.02
0
0
0
0
0
0
0
0
0
0
0.61
16.06
0
0
0
0
0.3
1.38
0.97
0.02
0
0
0
0
0
0
0
0
0.46
20.69
5.07
4.88
5.82
0.3
0
0
0
0
0
0.39
6.52
26.14
2.71
6.3
0.88
5.32
1.73
0.88
4.02
0.53
0
0.03
0
0
0.4
0.01
0
0
0.6
0.46
0.07
2.07
0
0
0.25
0
0
0
0
0
0
0.1
3.7
3.21
15.03
1.27
0
0
0
0
0.03
1.15
4.88
7.29
11.58
2.96
0.03
2.02
6.67
3.16
3.31
21.62
9.21
1.54
1.4
0.17
0.84
0
0
1.3
4
0.22
0.12
4.55
5.45
4.79
0.55
0.35
0.01
0
0.86
0.21
7.88
4.66
1.88
0.21
0.4
0.89
0.76
0
0.06
1.31
0
0
0
0.32
1.56
2.08
1.35
4.07
6.8
1.41
0.73
0.8
3.52
0.91
6.18
1.74
0.35
0.22
0.74
0.07
0.13
14.79
0.64
0.77
0.95
0.23
1.12
1.08
0
0
0.3
0.17
0.93
7.8
6.54
1.68
0.02
0
0.68
3.79
3.62
0.1
0.38
5.74
2.3
0.31
0.77
5.93
7.71
25.47
8.01
14.19
7.99
5.36
17.84
13.33
1.22
0
0.38
0
0
0
0
0.24
4.58
0.24
0
1.46
2.81
1.59
0.2
0
0
0
0
0
0.05
0
0
0
0.32
4.57
0.37
0.06
4.63
0
0.36
12.27
1.2
0.65
4.46
0.35
1.41
0.93
6.89
0.4
0
0
0
0
0.15
0
0.01
0
0
0
1.91
1.48
15.35
15.03
1.59
4.76
6.68
1.8
1.57
0.22
6.14
5.95
1.89
0.08
0
0
0
0.09
0
0
0
0
0
0
0
0
0
6.52
11.02
7.67
14
1.98
1.35
1.85
0.83
5.03
9.13
5.15
0.17
0
0
0.02
0
0
0.06
0.3
0.34
14.71
6.97
0
0
0.31
0
0.17
4.41
0
0.64
2.27
8.71
0.29
0
0
0.04
0
0
0.17
0.03
0.3
0.25
0
0
0
0
0
0
0
0
0
0
0
0
0
0
0
0
0
0
0
0
0
0
0
0
0
0
0
0
0
0
0
0
0.01
0
0
0.01
0
0.01
0
0
0
0.01
0.62
0
0.05
0.09
0
0.02
0.04
0
0
0
0.04
0.49
0.08
0
0.02
0
0.07
0.15
0.07
0.02
0
0.5
0.88
8.82
0.47
0.01
0
0
0
0
0
0
0
0
0
0
0
0.19
0
0.15
0
0
0
0
0
0
0
0
0
0
0.3
0.08
0
0
0
0
0
0
0
0
0
0.02
0
1.35
0
0.44
0.85
0.51
0
0
0
0
0
0
0
0
0
0
0
0
0
0
0
0
0
0.01
0.22
0.3
5.34
0.39
1.03
0.84
0.12
0
0
0
0
0
0
0
0
0
0
0
0
0
0.09
0.52
0.04
0
0
0.27
14.51
8.78
1.39
0
2.02
11.28
3.84
0.3
0.63
5.8
3.1
4.43
2.02
5.65
1.3
0.08
0.03
0.74
2.15
0.87
0.26
0.96
4.29
17.87
2.42
4.43
0.38
0.05
4.61
0.81
0
1.09
7.93
1.3
0
3.77
2.39
1.23
0.42
0.03
0
0.12
0
0
0
0.02
5.15
20.75
10.21
1.41
6.08
1.12
0.02
0.67
2.19
14.07
20.23
4.25
0.8
0
0.19
4.48
9.29
0.63
11.23
3.97
4.33
6.33
0.8
5.05
12.36
9.68
4.68
5.6
5.29
0.51
0.5
0
0
0.01
0
0.07
0
0.11
0
0
0.05
0.05
5.42
0.63
0
0.15
0
0
0.38
5.84
1.2
0.22
0.36
0.16
0.01
0.16
3.66
0.77
0.91
2.55
10.49
6.04
2.09
1.27
1.27
1.63
2.94
12.33
3.13
0.7
0.59
0.23
0.08
0.27
0
0.18
1.97
8.62
3
0.15
0
4.68
8.9
5.55
0.85
0
8.62
15.34
2.3
1.12
0.36
0
0.96
0.48
1.45
0.34
0.02
0.02
0
0
0.01
0.01
0
0
0
0
0
0
0
2.48
1.8
1.86
0.72
0
0
0
0
0
0.02
0
0.08
0.02
0.03
0.02
0
0.02
0.03
0
0.02
0.56
0.15
2.54
6.54
21.85
44.16
2.87
1.49
0.05
1.56
0.49
0
0
10.36
4.45
0.31
0
0
0.08
0.01
0
0.02
0.02
0.03
0.03
0.04
0.01
0
0
0
0
5.17
4.88
18.63
0
4.27
12.13
0.09
0.5
1.25
0.22
0
0
0
0
0.23
5.3
0.16
0.01
0.06
0.45
3.16
0.02
0.1
0.1
0
0
1.18
0.02
0
0
0
0
0
0
0
0
0.03
0.02
0.05
0.01
0
0
0.03
0
0
0
0
0
0
0
0.02
0
0
0
0
0.02
0.02
0
0
0
0
0
0.05
0
0.13
0
1.27
0.3
0
0
0
2.46
11.25
0
0.64
0
0.11
0.2
4.69
10.8
4.25
1.69
0.28
1.15
6.31
23.81
1.82
0.38
0.49
0
0.07
0
0.24
0.09
0
0
0.03
0
0
0.13
0.78
0
10.22
1.34
0
27.42
7.13
3.36
12.54
9.88
14.33
11.76
2.83
0
0
0.13
0.82
7.41
3.64
0.45
0.86
5.34
13.79
7.47
0.68
0
0
0
0
0
0
0
0
0
0
0
0.38
0.05
0
1.75
7.18
18.35
1.57
0.34
1.05
0
0
0.01
0.02
0
0
0
0
0
0
0
0
0
0
0
0
0
0
0
0
0.51
0.27
0.09
0.04
0.05
0
0.02
0.07
0.1
0.06
0
1.23
0
0.01
0.14
1.54
6.11
4.88
0.33
0.39
0.11
0.08
0.16
0.08
0
0
0
0
0.01
0
0
3.05
1.89
1.35
0.52
0.23
0.57
0.13
0.13
3.27
0.16
0
2.55
0.42
0.1
0
0.2
0.11
0.45
0
0
0
0.01
0.89
2.01
0.05
0
0
0
0
0
0.04
0
1.96
1
0
0.01
0
0.02
3.04
0.7
0.02
0.18
2.59
1.11
0.91
3.87
0.63
1.78
5.97
7.78
3.63
0
0.06
0.7
3.07
5.26
3.54
1.43
0.13
0.02
0
0
0.02
0.58
0.01
0
0.07
0.98
0
0
4.86
7.13
4.82
11.61
5.34
0.7
0.11
0.07
0.06
2.47
0
0
0.27
0
0
0
0
0
0
0
0
0
0
0.02
0.09
0.12
0.32
11.8
2.16
0.48
2.87
1.29
0
0
0
0.01
0
0
0
0.22
0.46
4.69
4.2
2.05
0.03
3.04
11.58
8.52
18.79
3.67
2.05
0.07
0
0.01
0
25.7
1.9
0
0.13
0
0
0
0
0
0.7
0.05
0
0.42
18.35
2.77
2.57
0.87
0.04
0.23
0.08
0
0
0
0
0
0.02
4.66
7.41
2.07
0.45
10.83
12.24
10.59
2.95
0
0
0
0
0
0
0
0
0
0
0
0
0
0
0.43
9.37
0
0
0
0
0
0
0
0
0.29
0
0
0
0
0
0.2
0.04
0
0
0
0.07
0
0
0
0
0
0
0.03
0
0.02
0
0
0
0
0
0.01
0
0
0
0
0
0
0
0
0
0
0.16
0
0
0.16
0.37
0
0
3.26
5.6
1.17
0.14
0
0
0
0
0
0
0
0
0.02
0.02
3.4
0
0
6.14
2.71
0.07
0
0.03
0
0
0
0
0
3.17
0.44
1.88
0.12
0
0.58
0
0.87
0.02
8.73
3.04
0.15
0.07
0
0
0.09
0.61
0.22
0
0.75
0.38
0.18
0
0.05
0
1
1.29
8.88
6.99
3.29
0.09
0
0.81
0
0.01
2.03
6.45
1.78
1.71
0.05
0.15
0.1
0
0
0
1.61
1.41
4.22
2.01
4.33
1.71
31.14
5.68
0.99
2.95
5.31
0.74
0.09
0
0
0.25
0.66
0
0.01
0
0
0
0
2.1
1.05
0.38
0.1
0.23
0.17
0.02
0
0
0
0
0
0
0
0.28
0
0.05
0.57
0
0.44
0.98
0.21
0.3
0.01
0.34
2.3
0.38
0
0
0
0
0
0.43
0.01
0
0.01
0
0
0
0
0
0
0
0
0
0
0.13
0.27
1.57
0.56
0.01
0.01
0.09
0
0
0
0
0.03
0
0
0
0.02
0
0
0
0
0.05
0
0
0
0.03
0.14
0.01
0
0
0
1.2
15.6
4.92
2.5
0.42
0.02
0
0
0
0
0.25
0.14
0.08
0.05
0
0
0.07
2.57
1.65
2.83
0.04
0
0.02
0.01
0.46
0.04
0
0.68
0.02
0.01
0
0.26
0
0
0
0.5
0
0.03
0.45
0.58
0.21
0
0.01
0.01
0.02
0
4.15
5.2
5.41
1.79
0
0.84
4.9
4.36
0.8
0
1.04
0.43
0.18
3.21
5.9
2.23
9.13
4.54
0.88
3.04
2.02
0.05
0.04
0.27
0.34
6.03
14.64
15.65
4.17
5.66
0.34
9.08
1.63
0.05
0.27
0
0
0
0
0
0.01
9.41
6.88
11.11
6.05
14.25
0.49
0.02
0
0.05
0
0
0
0.02
0.03
0.01
0
0
1.3
8.36
0.27
0
0
2.74
6.25
1.13
0
0.02
0.09
0
0
0
0
0
0
0
0
0.05
0.01
0
0.01
0.01
0
0.01
0
0
0.01
0
0.01
0.04
0.45
0.18
1.97
2.06
3.63
0.38
0.19
5.52
0.26
0.02
0
0
0
0
0
0
0
0
0
0
0.01
0.02
0
0
0.02
0
0
0
0.02
0
0
0
0
0
0
0
0
0.08
5.18
4.02
0.93
0.16
0.98
1.41
0.87
0
0.01
0
0.23
0
0
0
0.14
0
0
0
0
1.25
0
0
0
0
0
0.67
0
0.3
9.69
0
0
0
0
0
0
0.05
0
0
7.43
0.59
0
0
0
0
0
0.02
0.29
1.12
0
0.02
5.21
5.79
0.66
0
3.73
6.48
5.08
0.43
0.03
0.13
3.91
0.09
1.27
0
0
0.02
0
1.55
0.72
0
0
0
0
0
0
0
0
0.05
0
0.04
0.42
0
0
0
0.02
0.07
0
0
0
0
0
0
0
0
0
0
0
0
0
0
0
0
0
0
0
0
0
0
0
0
0
0
0
0
0
0
0.01
0
0
0
0
0
0
0.04
0
0
0
0
0.04
1.53
0.56
0.11
0.05
0.85
1.46
0.3
3.56
8.32
0.72
1.13
6.65
17.98
4.79
6.59
1.29
0.93
12.53
10.91
26.86
7
12.15
5.75
0.02
0
0.01
0
0
0.01
0.01
0.02
0
2.41
7.06
0.4
0.86
0.13
1.51
5.15
1.15
0.52
0
0
0
0.01
0.01
0.01
0
0.04
0
0
0
0
0
0
0
0.11
0
0
0
0
0
0
0
0
0.2
6.49
1.08
17.83
3.27
0.39
1.88
0.51
0.15
7.91
0.42
0.33
3.71
3.67
0.14
0.21
0.01
0
0
0
0
0
0
0.01
0
0
0
0
0
0
0.01
0.01
0
0
0
0
0.01
0
0
0
0.56
0.32
0
0.04
0.04
4.51
8.2
14.29
4.5
0.71
0.21
1.95
1.87
0.71
0
0
0
0
0
0.19
1.09
0.04
0.61
2.89
14.29
14.64
6.72
0.21
0
0
0
0
0.02
0.02
0
1.04
0
0
0
0.29
0.54
0.16
0
0
0
0
0.25
0.08
0
0.01
0
0.02
4.72
11.23
0.68
0
0.06
1.82
0.14
0.04
0
0.09
0.7
3.46
10.58
8.51
7.22
6.65
0.56
0.09
23.05
26.8
1.55
0
0
0
12.15
0.85
1.74
0.02
0.03
0.03
0.01
0.25
0
0
0
0
0
0.01
0
0
0
0.02
0.63
0
0
0.38
0.69
0
1.62
21.8
0.14
0.98
0.18
4.25
1.95
0.02
0
0
0
0
0
0.01
0
0.01
0
0
0
0
0
0
0
0
0
0.01
0
4.95
6.73
0.01
1.2
0.66
3.84
0
0
0
0
0
0
0
0
0
0
0.2
0.02
0
0
0.02
0
0.38
0
0
0
0
0
0
1.4
0
0
0.04
0
0
0
0
0.41
0.06
0
0
0
0.02
6.8
3.13
0.79
0.01
0
0.43
0.01
1.07
0.2
13.43
2.58
0.02
0
0
2.38
14.77
2.12
0
0.15
5.19
0
0.01
0.01
0
0.01
0.03
0.01
0.01
0
0
0
0
0.22
8.59
0
0
0.2
1.38
11.23
3.09
16.92
1.49
4.81
0.77
0.12
0
0
0
0
0
0
0
0.01
0
0
0.02
0
17.72
32.97
6.28
0.2
0.01
0.76
2.2
2.85
1.29
0.73
0.05
0
0
0.01
0
0.07
0
0.01
0.05
13.36
4.76
3.31
0.07
0.24
0
0
0
0
0.01
0.02
0.04
0.24
0.49
0.04
0.06
0
5.06
2.32
0
0
0.07
1.15
0
0.02
2.25
0.83
0.15
0.04
0
0
0
0
0
0
0
0
0
0
0
0
0
0
0.02
0
0
0
0
0
0
0
0
0
0
0
0
0
0
0
0
0
0
0
0
0
0
0
0
0
0
0
0
0
0
0.03
0.73
0
0.08
0
0.06
0
0
0
0
0
0
0
0
0.12
0.04
0.02
0.08
7.93
1.93
0.05
0
0
0
0
0
0
0
0
0
0
0
0
0
0
0.04
0.02
0
0
0
0
0
0.65
0
0.25
0
0.01
0.13
0
0.02
0.02
0.06
0.77
0.31
0.04
0
0.01
0
0
0
0.01
0
0
0
0
0
0
0
0
1.61
3.17
0.9
4.45
0.98
9.35
4.97
13.02
4.15
0.69
0.37
0.34
0.3
4.86
0.41
0
0.01
0.02
0
0.02
0
0.01
0.04
0.05
0.26
0.05
0.6
1.01
0.43
3.74
0.98
0.04
0
0.02
0.72
0.67
0
0
0
0
0
0
0
0
0.04
0.01
0
0.23
0.01
0
0
0
0
0.05
0.29
0
0
0
0
0
0
0
0.01
0.02
0.69
11.12
8.29
2.55
3.11
0.44
0
0
0
0
0.03
0.43
3.45
0.57
1.04
0
0
0
0
0
0
0
0
0
0
0
0
0
0
0
0
0.05
0.04
0.04
0
0
0.02
0.02
0
0.01
0
0
0.18
0
12.8
21.02
2.28
0.04
0.28
3.77
0
0.01
0.01
0
0.02
0
0.02
0.31
0.01
0.04
0
0.02
0
13.23
0
0
0.05
6.07
11.23
0
0.04
0.05
26.32
1.48
0
0
0
0
0
0
0.01
0.01
0
0
0
0
0
0
0
0.01
0
0
0
0
0
0
0
0.01
0
0
0
0.84
0.34
0
0
0
0
0
0
0
0
0
0
0
0.16
0.35
0.12
0.02
0
0.01
0
0
0
0
0
0.01
0.01
0.01
0
0.35
2.02
3.37
0.09
0
0
0.01
1.67
1.21
7.52
2.02
0.56
0
5.73
0.54
0
0.05
0.37
5.89
5.59
6.7
18.11
1.26
3.29
13.67
3.95
0.03
0
0
0
0
0.01
0
0
0
0
0
0
0.02
0
0
0
0
0.25
0
0.02
0.12
0.1
5.72
7.97
4.12
3.27
19.52
8.76
20.61
3.95
0.89
0.21
0
0
0
0
0.01
0
0
0
0
0
0
0
0
0.23
2.38
6.84
0.83
0
0.04
0
0
0
0
0
0.03
0.95
2.24
5.73
6.95
0.86
0.45
0.43
0.07
0.69
0.14
0.08
0.76
1.54
1.02
0.63
0
0.31
0
0
0
0
0.01
0
0
0
0
0
0
0
0
0
0.23
0.49
0.23
0.21
2.33
0
1.03
0.72
0.84
15.04
9.97
0.61
0.08
0.06
0.06
0.06
0
0
0
0.06
0.01
0.04
0.14
0.14
5.35
4.64
8.95
5.26
1.95
0.5
7.5
9.37
9.17
6.57
1.18
13.44
1.63
1.45
0.3
9.52
1.15
0.74
12.25
0.19
0.48
3.45
0.27
0.11
0.11
0.02
0
0.01
0.4
0.03
3.38
1.11
5.11
2.48
0
0
0
0
0
0
0
0.02
0.04
0.93
0
0
0.24
0.98
3.31
5.32
3.5
0.78
0.65
6.44
4.13
8.82
6.94
0.22
0.05
0.06
0
16
11.11
3.7
4.23
10.36
6.93
0.75
11.57
8.57
3.46
1.41
4.27
0.39
0.82
0.64
1.24
3.75
0.22
0.04
0
1
10.04
19.31
0.76
0.97
0.18
0
0
0
0.02
0
0
0.01
0
0.18
6.45
3.36
0
0
0.03
0
0
0
0.03
0.02
0
0
0
0
0
0
0.02
0
0
0
0
0
0
0
0
0
0
0
0
0
0
0
0
0
0.01
0
0.01
0
0
0
0
0
0
0.01
0.1
0
0
0
0
0.01
0
0
0
0
0.01
0
0.48
0.45
0.04
0
0
0.01
0
0
0
0.31
5.07
1.25
0
0
0.04
0.03
0.01
0
0
0
0
0
0
0
0
0
1.14
0.34
0
0
0
0
0
0
0
0
0
0
0
0
0
0
0.15
0
0
0
0.06
10.37
3.34
0
1.39
5.23
1.2
5.09
0.44
0
0.03
0
0
0
0
0
0
0
0
0
0
0.07
9.23
2.19
0.01
0
0
0
0.05
6.49
0.74
0
0
0
0.02
1.55
1.97
0.13
10.3
1.52
5.95
18.6
21.09
3.74
9.38
0.16
6.73
24.57
5.25
9.21
1
1.25
5.75
0.96
0.38
0.25
0
0.04
0.02
0
0
0
0
0.78
15.71
2.58
0.42
1.12
0
0.04
0.08
0.05
0.01
0
0
0.01
0.61
0.25
0.05
0.17
0
0.04
0.09
0.23
0.3
0.1
0.02
0
0.01
0.01
0.14
0
0.09
0
0
0
0
0
0.8
4.29
8.63
1.1
0.34
0.05
0.05
0
0.01
0.01
0.1
0
0.27
2.44
5.18
2.05
1.77
12.95
11.31
5.19
3.85
1.26
6.43
1.48
0.41
0.22
0
0
0
0
0
0
0
0.01
0.07
1.19
2.79
11.43
12.86
12.88
3.09
2.19
1.42
0.47
2.26
9.27
0.56
0.41
0.1
4.7
1.61
0
0.09
1.57
0
0.13
0.35
3.61
0.51
0.42
0.29
0
0
0
0
0.01
0
0.13
0.1
0.05
0
0.01
0
0
0.38
4.31
4.1
2.94
1.33
0.2
0
0.02
0
0.24
0.06
0
0
0
0
0
0.91
4.45
4.59
3.29
1.06
5.35
0.17
0.35
0.1
0.08
0
0.06
0.01
0.06
0
0
0.01
2.41
14.75
6.72
2.41
7.97
1.16
0.78
1.81
0.31
0.02
0
0.02
0.11
10.19
1.45
1.38
0.31
0
0
0
0
0
0.09
3.35
2.61
11.3
5.07
0
0.16
1.21
0.54
0.04
1.31
5.37
0.75
0.02
0
3.7
0.77
0
0.06
0
17.06
2.68
0.02
0.3
0.03
0
0
0
0
0
0
0
0
0.01
0
0.03
0
0
0.13
0
0
0
0.02
0
2.13
0.67
0
0
0.18
0
0.04
2.38
1.17
0
0
0.01
0.01
0
0
0
0.02
0
0.23
0
2.07
0
0
0
0
0
0.01
0.03
0
0
0.04
0
0
0
0.03
0
0.26
3.46
0.13
0
0
0
0
0
0
0
0
0
0.01
0
0
0
0
0
0
0
0
0
0
0
0.21
0.02
0
0
0
0
0
0
0
0
0
0.01
0
0
0.3
0
0
0.05
1.42
0.16
0
0
0
0
0
0
0
0
0
0
0
2.5
0.14
0.41
0.57
0.32
0
0
0.01
0.01
0
0.46
0
0
0
0
0
0
0
0.01
0
0
0
0
0
0.01
0
0
0
0
0.09
0
0
0.04
0.03
0
0
0
0.02
0.35
2.61
4.64
11.29
2.21
1.25
0.07
0
0.01
0.03
0.45
3.75
0.99
0.08
1.54
0.41
0.02
0
0
0
0.01
0
0
0
15.73
15.54
3.08
0
0.03
0.01
0
0
0.01
0.93
9.05
1.16
1.19
3.75
0.09
0.73
0.01
0.04
0
0
0.02
0.02
0
0
0.02
0
0.62
4.07
7.05
7.3
3.48
2.43
10.05
8.55
4.96
2.68
3.55
2.91
3.34
2.56
0
1.93
0
4.43
0.72
0.04
0
0
0
0
0
0.01
0
0.01
0
0
0
0
0
0.01
0.02
0
0.01
0.02
3.85
10.65
3.66
0.13
0.05
0.77
2
4.98
1.03
0.09
5.73
2.13
0.07
0.09
0.05
3.47
15.77
17.89
10.35
7.42
6.13
3.58
3.06
8.23
1.68
0.22
0.46
6.79
0.98
0
0
4.26
3.65
1.29
0.02
0.05
0
0.14
3.52
1.96
0
0.89
0.17
3.46
6.13
0.59
0.02
0.01
0
1.36
0.17
0.63
0.18
0
0
0.02
0.24
0.01
0.02
0
0.01
0
0
1.05
7.48
1.16
0.21
6.3
10.95
0.98
0.77
0.16
1.73
2.68
0.23
0
1.96
2.13
1.68
0.38
0.41
0.05
0.19
4.29
0.81
2.5
10.94
8.18
4.35
2.13
0.47
0
0
0
0.84
0.19
3.25
13.77
2.76
0.09
0
0.01
0.05
0
0
0.99
0.06
0
0.13
0.02
0
0
0.08
0
0.03
0.08
0.02
3.55
0
0
0
0
0.02
0
0
0
0
0.01
0
0
0.04
0
0
0
0
0.02
0.1
0.06
0.15
0.35
0.2
0.52
4.76
0
0
0
0
0
0.18
0.11
0
0
0
0
0
0
0
0.09
0
0
0
0
0
0
0
0
0
0
0.44
0.08
0
0
0.02
0.05
0
0
0.06
1.11
2.7
0
0
0
0
0
0
0.01
0
0
0
0
0
0
0
0
0
0.01
0
0
0
0
0
0
0
0
0
0
0
0
0.02
0
0
0
0.01
0.01
4.68
13.21
0.44
0
0
0.07
0.72
0.02
0.16
0.57
0.14
0.1
7.93
1.86
0
0
0.02
0
5.85
14.75
1.46
4.35
0.21
1.92
0.08
0
0
0
0
0
0.08
0.02
0.12
0.01
0.62
3.4
1.91
6.4
2.23
0.06
0.07
0.01
1.07
3.92
0.02
7.71
7.01
8.91
3.76
1.6
0
0
0
0.09
3.22
8.33
0.39
0
0
0
0
0
0
0
0
0
0
0
0.01
0
0
0
0
0.17
0.29
4.49
12.5
2.13
0.11
0.19
0.17
0
0
1.52
0.65
0
0
0
0
0.84
0
0
0
0
0
0
0
0
0
0.23
5.43
0.23
0.01
0
0.01
14.86
2.06
0.36
0.03
0
0
0.02
0.08
3.31
0.14
0
0
0
0
0
0
0
0
0
0
0.01
0.01
0
0
0
0.04
0.27
29.79
6.54
0.43
17.85
10.21
0.94
0.8
0
0
0
0.52
0.09
0.18
2.61
0.99
0.09
2.26
6.23
3.18
3.24
12.96
5.13
0.38
0.23
4.28
0.64
0.17
0.03
0.01
0.01
0.01
0.21
6.76
10.52
0.38
0.02
0.01
0.06
24.46
8.05
0.9
0
0
0
0.05
0.58
5.36
5.23
0.34
0.16
0
0
0
0
0.06
0
0
0
0
0
0
0.43
2
0.36
0
0
0
0
0.01
0
0
0
0
0
1.1
1.95
0.45
0.05
1.04
0.07
0.36
0
0.11
7.56
5.96
12.54
3.7
2.51
11.88
9.96
1.57
0.71
0
0
0
0
0
0
0
0
0
0
0.02
0.01
0.45
3.49
0.64
0
0
0
0.04
0
0
0.13
0
0
0.01
0
0
0
0.88
0.44
1.11
0.05
0
0
0.07
5.09
8
0.11
0
0.01
0
8.78
10.62
0.53
0.02
0.29
3.8
0.21
0
0
0
0
0
0
0
0
0.02
0.01
0
0
0
0
0.05
0.14
2.66
0.27
0
0
0
0
0
0
0
0
0.34
0.31
0
0.05
0.57
0.38
6.43
0.08
0.01
0.16
0.84
4.62
1.41
6.84
0
0.14
0
4.97
3.2
15.4
6.95
0.32
0
0.01
0
0
0.02
0
0
0
0.02
29.15
0
0
0
4.89
0.03
0
0
0
0
0.01
0
0.1
0.01
0
0
0.08
0.02
0.03
0.01
0
0
0.09
0
0
0
0
0.06
0
0
0
0
0.36
4.08
0.73
0.77
0.42
0.27
0.05
0.39
0
0.04
0.03
0
0.01
0
0.37
0.01
0
0
0.02
0
0
0
0
0.07
0
5.09
0.73
0
0.03
0.09
2.37
0.79
0
0
0.52
0.86
13.05
0.8
0.93
7.73
5.39
0.25
0.02
0
14.07
15
4.99
0.02
0
0.2
0.62
0
0.04
0
2.89
4.85
3.92
17.05
12.26
7.95
0.25
0.27
2.01
0
0.08
0
0
0.04
0.54
0.66
1.54
0.19
4.27
27.76
3.56
1.35
0
0.05
0.14
0.41
0.19
0
0
0
0
0
0
0.01
0.25
1.43
2.55
0.59
0.6
0
0.02
0.02
0
1.15
6.98
10.95
7.82
3.53
0.92
0.07
1.85
3.57
8.88
25.23
4.57
3.96
1.84
1.05
0
0.07
0
0
0
0
0
0
0
0
0
0
0
0.07
0
12.06
0.84
0.54
0.09
0.42
3.34
0.2
0
0.01
0.02
0.31
13.52
2.57
7.12
5.82
5.52
4.58
11.55
0.2
0.06
0
0
0
0.55
1.16
6.21
3.69
3.69
1.68
9.7
0.93
0.04
0.55
0.14
0.38
0.66
0.34
3.23
0.3
0.01
0
0
0.11
0
0.06
0
0.04
6.41
2.35
0.23
0
0
0
0.01
0.86
0.05
0.06
0.2
0.15
0.02
0
0
0
0.02
1.61
0
0
0
0
0
0
0
0
0.48
0
0
0
0
0
0
0.02
0.63
0
0
0
0
0
0
0
0.14
0.15
0
0.01
8.11
9.8
15.94
1.69
3.64
1.56
2.31
0.12
2.29
10.13
1.84
0.68
0
1.5
1.56
2.48
4.64
1.13
0.45
0
0.33
0
1.96
20.59
10.24
1.57
0.25
0
0.15
2.52
0.16
1.66
9.09
1.12
0.63
0.64
4.71
4.73
12.31
11.58
8.3
5.61
0.2
0.21
0.84
0
0.13
0
0.22
0.11
0.43
0
7.66
1.19
0.73
0.05
0.02
0
0.07
0
0.24
0
9.55
0
0.01
0
0
38.79
29.64
1.32
1.31
1.62
2.83
1.43
10.31
0.74
4.09
0.36
0.02
0
2.49
0.87
5.6
0.65
0
4.76
4.32
1.61
8.93
10.43
0
0.11
0.93
2.02
1.29
0
0
0
0
0
0
0
0
0
0
0.02
0.02
0
0.16
0
0
0.02
2.04
0
0
0
0
0
0
0
0
0.01
0
0
0
0
0
0
0
0
0
0
0
0
0
0.36
0.02
0
0
0
0
0
0
0
0
0
0
0
0
0
0
0.01
0.01
0
0
0
0
0
0
0
0.02
0
0
0.02
0
0
0
0.01
0
0
0
0
0
0
0
0
0
0
0
0
0.08
9.29
0.5
0
0
0.01
0
0
0
0
0.82
0.87
3.52
0.4
0.18
12.97
14.02
22.61
5.17
6.86
1.29
0
0.01
0
0
0
0
0
0
0
0.67
2.09
0.07
0
0.1
0
0
0.01
0
5.58
0.88
0.17
0.3
10.43
4.52
0.46
0.07
0
0
0
0
0
0.03
0.01
0
0
0
0.77
0.3
0.05
0
0.05
16.48
3.24
0.25
0.1
0
0
0
0
0
0
0
0.02
0
0
0
0
0
0
0
0
0
0
0
0
0
0
0
0
0
0
0
0
0
0
0.01
0
0.26
6.47
0.22
0
0
0
0.01
0
0
0
0
0
0
0.02
0.1
0
0
0
0
0
0
0
0.35
0.1
0
0
0
0
0.01
0
0
0.01
0.13
3.69
3.65
2.84
0.47
0.02
0
0
0.02
0.01
0
0
0
0
0.23
0.08
4.63
9.25
11.97
3.8
5.99
4.82
0
0
0.11
0
0
0
0.46
2.9
0.85
0.09
0
0.01
0
0
0
0
4.71
2.55
0
0
0
0
0
0
0
0
0
0.46
6.31
1.16
14.21
7.2
1.01
7.26
7.26
3.87
1.88
3.48
4.06
1.93
0.96
0.14
3.4
4.84
3.27
0.33
0.19
0.34
0
0
2.03
2.08
1.45
11.03
7.53
8.83
11.45
2
0.41
0
0.16
0
0
0
0
0
0
0
0.01
0.8
0
0.01
0.05
5.84
4.04
0
1.02
0.01
0
1.4
0.26
0.06
7.61
2.33
10.3
23.55
0.75
1.11
0.98
0
1.95
8.21
9.07
2.19
3.14
0.05
0.01
0.09
0.07
0.4
0
0
0.91
0
0.03
1.55
14.93
0.69
0
4.81
12.8
0
0
0.11
0.68
0.32
0.05
0
0
0.01
0
0
0.64
0
0
0.29
0
0.01
0.04
0.02
0
1.45
0.31
2.08
0
0.02
0.02
0
0
0
0
0
0.27
0.33
0.84
0.18
0
0
0.01
0
0.08
0
0.01
0
0
0.24
0
0
0.2
0
0.02
0
0.05
2.62
0
0.14
0.02
0.02
0
0.01
0
0.19
1.72
0.1
0.04
0
0.03
0.98
0
0
0
0
0
0.55
0
0.01
0.01
2.7
12.8
4.24
2.15
9.07
4.97
0.06
1.95
0.06
0.03
0
0
0.01
0.03
0
0
0.16
0.59
0
0
0.01
0
0
0
0
0
0
0
0
0
0
0
0
0
0.03
0
0
0
0
0
0
0
0.21
0
25.55
4.66
0
0
0.42
0.07
0.02
0
0.08
0.22
3.47
0
0
0
0
0
0.36
0.19
0
0
0
0
0
0.02
0.1
0.02
0
0.14
1.91
0.37
5.4
7.59
3.52
15.91
7.56
14.32
6.96
3.62
2.48
4.35
7.05
6.23
1.35
3.51
3.95
2.95
0.26
2.41
1.46
3.98
3.66
1.85
4.07
8.1
1.3
0.4
8.4
3.54
2.76
0.63
10.58
21.82
9.61
0.59
0.55
3.79
0.19
0
0.02
4.03
8.83
0.27
0.42
0.26
0.22
0
5.75
4.05
4.61
2.14
0.17
0.22
0.22
0.11
0.24
0.8
0.34
0
0
0.09
0.16
0
0.02
0.01
0
0.01
0.02
0.01
0
0.12
0.78
0.28
3.55
3.38
2.27
0.77
4.69
1.38
0
0
0
0
0.04
0
0
0
0
0
0
0.05
0
0
0
0
0
0
0.01
0.05
0
0
0
0
0
0
0
0
0.16
0.06
0.02
0
0.11
0.12
2.9
0
0
1.75
0.25
0
0
0
0
0.6
0
0
0
0
0.02
3.53
2.7
0.34
0.01
0.11
0
0.01
0
0.13
2.37
1.27
0.04
2.44
9.25
4.43
1.4
4.61
0.74
0.37
0.01
0.02
0.32
0
0
0
0
0
0
0.89
0.06
0.26
0.94
0.77
5.21
2.02
0
0
0.6
1.04
2.08
0.49
0.01
0
0
0.04
0
0
0.35
0.2
0.09
3.54
0
0
0.04
0.58
0
0.28
0.63
0.09
0.13
0.16
0.58
0.05
0
0.42
0.29
0
0.02
0.01
0
0
0
0.37
6.21
0
0.34
0
0
0
0.44
0
1.45
5.09
0.67
0
0.02
0
0
0
0.03
0
0.08
0
0
0.21
0
0.16
0
0
0
0
0
0
0.01
0.01
0.04
0.01
0.01
0
0
0
0
0.07
0
0.28
0
0.02
0
0.05
0.49
0
0.12
0.56
0.16
0
0
0.23
9.18
1.52
0
0
0
3.57
0.43
0.16
0.04
0
0
3.19
1.35
3
1.05
0
0.13
0
0
0
0.09
0
1.21
20.74
0.84
1.3
0.02
0.08
0
0
0
0
0.04
0.03
0
0
0.15
0.54
0.02
0
0
0.33
27.42
7.55
0.03
0
0
0
0.18
0
14.47
1.64
0.02
0.36
0
0
0
0
0.29
7.5
0.03
0
0
3.87
0.05
0.82
1.87
3.25
0.1
0
0
3.7
0.22
0.04
0.14
0.01
0.02
0
1.23
1.84
3.76
1.76
13.47
0
2.27
11.38
17.23
6.79
2.01
0.18
0.58
4.45
4.9
0.66
0.91
5.52
0.69
0.18
0.02
0.11
0.14
0.27
8.63
15.04
5.01
1.07
0.01
0.07
0.14
0.23
0
0.01
0
0.15
0.5
0.21
4.04
0.34
5.75
11.21
1.66
0.18
0.34
0.22
0.16
0.11
0.1
0.01
0
0
0.02
0
0.77
10.68
2.41
0.91
0
0.02
0.01
0.01
0
0.09
0
0
0.01
0.01
0.01
0
0
0
3.4
0.46
1.47
0.62
0.29
0.18
0.23
0.01
0
0
0.01
0
0.28
3.94
0.12
0.12
0.16
0.28
0.95
0
0.03
0.02
0.09
0.21
0.14
0
0.01
0.04
0.02
0.18
0.04
0.06
0.78
0
0.01
0.38
0.02
0.29
4.95
10.66
0
0
1.02
2.16
1.24
0.29
1.9
0.41
0
0.13
0.07
0.12
0.27
7.27
3.71
5.44
1.46
0.02
0
0.01
0
0.08
0.02
0.3
2.71
16.03
2.95
0.53
0.55
0.53
5.73
9.45
6.26
3.48
2.05
0.7
0.23
3.73
3.13
0.98
0.2
4.39
5.27
0.11
0.05
0.25
0.09
0.17
0.23
0.54
0.38
6.37
0.92
0.01
0
0.18
0.23
0
0.13
2.04
4.41
0
0
0.02
0
0
0
0.05
2.74
1
12
24.99
2.86
2.04
0.01
0.07
0.03
0.01
0.01
0
0.29
1.88
0.06
0.05
0.14
0
0
0.52
0
0.03
0.22
0.62
0.03
0.16
1.09
0
0.03
0
0
0
0.01
0
0
0
0
0
0
0
0
0
0
0
0.01
0.03
0
0.57
1.33
2.6
4.38
1.16
0.24
0.06
0.03
0
0.01
0.01
0
0
0
0
0
0.74
4.48
0.08
0
0
0.01
0.01
0
0.07
0
0.01
0
0
0
0
0
0
0.91
2.71
0.35
0.71
0.31
0.02
0
0.02
0
0
0.01
0
0
0
0
0.01
0
0
0
1.3
0.05
0
0.02
0
0
0
0
0.39
0
0
0
0
0
0
0
0
0
0
0
0
0.02
0
0
0
0
0
0
5.62
0.02
0
0
0
0
0.02
0.02
0.13
2.01
0.56
0.66
0
0
0
0.02
0
14.86
21.58
10.49
2.52
0.02
0.02
0
0.9
0.64
0
0.02
0
0
0
0.14
0
0.47
0.29
27.21
1
0.16
0
0
0
0
15.41
1.5
2.76
0.13
0
0.05
0
0
0
0
0
22.34
23.39
6.38
5.2
1.2
0.85
0.46
0.01
0.01
0
0
0
0
0.76
1.13
0.23
9.78
4.93
0.26
1.02
0
0
0
0
0.05
2.5
6.01
0.06
0.02
0.02
0
0
0
0
0.02
6.73
1.04
4.98
0
0
3.66
2.4
0.34
0
0
0
0.82
0.51
0
0.27
1.38
19
2.74
5.71
4.53
0.47
0
0.01
0
0
0.16
0
0
0.02
0.28
0.25
4.86
1.44
0.4
0.01
0
0
0.01
0
0
0
0
0
0
0
0
0
0
0
0
0
0
0
0
0.01
0.39
1.81
1.63
0
0
0.3
0
0
0
0
0
0
0
0
0
0.18
0
0
0
0
0.01
0
0
0
0
0
0
0
0
0
0
0
0.04
0
0
0.04
2.56
0
0.02
0.02
0.01
0.35
14.2
3.36
0.22
0.01
0
0.1
4.3
2.56
0.24
0
0
0.07
3.37
0.26
0.02
0
0.2
0
0
0
0
0
0
0
0
0
0
0
0
0
0
0
0
0
0.61
0.01
0.03
0.94
0.37
0.02
0.26
8.58
4.2
4.38
9.28
6.54
3.38
1.06
1.47
1.48
1.01
0.02
0
0
0
0.01
0
0
0
0
0
0
0
0
0
0
0
0
0
0
0
0
0.08
13.2
3.43
0.7
0.01
0
1.69
0.81
0.01
0
0
0
0
0
0.06
0
0
0
0
0
2.68
1.11
0.2
2.98
0.38
0
0
1.16
5.78
23.52
13.41
2.41
0.41
1.68
0.73
0
0.1
0
0
2.39
1.52
1.13
0
3.28
11.18
3.55
19.09
3.48
0
0.15
0
0
2.84
18.05
3.3
0.72
0.07
0
0
0
0
0.04
0
0
0
0
0
0
0.08
0
0.01
0
0.01
0
0.02
0.02
0.49
0.22
0.05
0
0
0
0
0
0.02
0
0
0.02
0
0
14.3
3.39
0
1.39
8.81
0.16
0
1.07
1.98
4.55
0.3
0
0
0
0
0
0
0
0
0
0.24
7.39
0.13
0
0
0.01
0.32
0.77
0
0
0.09
0
0
0.05
0
0
0.02
0
0
0
0
0
0
0
0
0
0
0
0
0.03
0
0
0.01
0
0
0
0
0
19.46
6.91
2.78
1.31
0.01
0.01
0
0
0
0
0.97
0
0.45
4.95
2.57
3.03
7.01
7.52
0.4
0.05
4.02
13.13
3.09
10.84
12.84
0.53
0.39
0.73
0.13
0.13
0.19
0.46
2.89
1.32
9.18
8.74
1.91
0.13
0
0
0
0.21
0
0
0
0
0
0
0
0
0
3.01
0
0
0
0
0
0
0
0
0
0
0
0
0
0
0
0.56
1.41
0.48
13.09
1.63
8.29
1.47
0.31
0.33
0.23
0.08
0
0.17
1.32
5.45
4.88
0.67
0.19
0
0.39
0.32
0.46
2.21
1.13
1.02
0.41
0.14
0
0
0
0
0
0
0
0
0
0
0
0
0
0
0
0.08
0
0
0
0
0
0
0
0
0
0
0
0
0
0
0
0.02
0
0.39
0.38
0.09
0.09
0.17
0.88
0.12
0.28
0.09
0.02
0.48
3.16
1.52
0.75
0.21
0
0
0
0
0
0
0
0
0
0
0
0.14
1.96
0.43
0.16
0.8
0.75
0.63
0
0
0
0
0
0
0.73
0.73
0.28
3.2
3.27
0.2
0
0.86
0.01
0
0
0
0
2.21
3.41
0.43
0
0
0
0
0
0
0
0
0.01
0.01
0
0
0.01
0.05
0.16
0.02
2.43
2.27
0.43
3.48
0.38
0.89
0
0
0
0
1.57
0.26
2.62
14.33
8.01
5.21
6.66
2.52
4.17
0.92
4.24
0.6
0.46
0.25
0.06
0.41
0.54
0.2
7.89
7.3
3.83
1.98
9.6
1.13
0
0.01
10.6
6.55
0.87
0.01
0
0.48
8.91
10.88
11.38
4.91
2.48
0.18
0.04
0.02
0
0.05
0
2.2
0.29
5.21
3.98
1.16
11.33
8.24
0.7
0
0
0.02
0.02
0.02
0.1
0.91
0
0.67
0
0.04
0.76
0
0.02
0.04
0
0
0
0.02
0.58
5.49
0.47
0.22
0.55
0.01
0
0
0
0
0
0.01
0
0
0
0
0
0
0
0
0
0
0
0
0
0
0
0
0
0
0
0
0
0
0
1.59
0.65
1.54
0
0.02
0
0
0.01
0.01
0.03
0
0
0
0
0
0
0
0
0
0.48
1.21
0
0
0
0
0
0
0
0
0
0
0.55
0
2.11
1.57
7.02
0.27
0
0
0
0
0.57
0.26
0.02
0.05
0.4
0.04
1.36
14.75
3.16
3.84
0
0
0
0.01
0.52
8.19
0.56
2.67
1.78
1.02
5.52
9.86
4.64
3.1
5.02
7.86
6.3
14.88
3.37
2.47
2.26
2.85
5.55
3.8
0
0.08
0.1
0
0.05
0.1
0.13
0.5
8.87
14.95
0
0.23
1.15
9.5
2.77
2.6
10.24
4.61
4.99
4.68
0.91
0
0.03
0.03
0
0
0
0
0
0.13
0.04
0
0
0
0
0
0.21
0
0
0.18
0.14
4.54
0.62
6.33
0.32
0
0
0
0
0
0.01
0
0
0
0
0
0
0.96
0.08
0.01
0
0
0.29
0.08
0.06
0.46
0
0
0
0
1.97
0.07
0.05
0.27
0.35
0
0.42
2.84
0.51
6.95
9.43
1.38
6.71
8.96
2
0.64
0.66
0
0.11
0.07
0
0
0
0
0
0
0
0
0
0.06
0.07
0
0
0
0
0
0.02
4.11
8.58
1.62
1.13
0.1
2.63
0
0.01
0
0.02
0
0.02
0.46
0.04
0.68
0.48
0.19
2.54
0.55
0
1.34
0.35
0
0
1.51
3.92
3.11
0.25
0.23
0
0
0
0
0
0
0
0
0.02
0.26
0
0
0
0.06
0.1
0.08
0
0
0
0
0
0
0
0.04
0
0.04
0.07
0.11
0
0
0
0.01
0.04
0.13
0.09
0
0.18
0
0.04
0
0
0
0.13
9.81
4.15
0
1.27
7.05
1.7
0
1.2
3.1
2.87
0
0.01
0
0
0
0
0
0
0.04
0.21
0.2
1.02
3
1.07
0.03
0.05
0.23
0
3.42
0.59
6.59
3.59
1.64
0.41
2.49
0
0
0.13
1.67
0.13
0
0
0
0
0
0
0
0.98
0
0
0
0
0
0.29
0.91
0
0
0
0
0
0
0
0.01
0.01
0.01
0
0
0
0
0
0
0
0
0
0
0
0
0
0
0
0
0
0
0
0
0
0
0
0
0
0
0.09
0.11
0
0
0
0
0
0
0
0
0.02
0
0.01
0.04
0.82
0
0
0.02
0
0
0
0
0
0
0
0
0
0
0.02
0.05
0.15
0
0
0
0
0
1.58
0.02
0
0
0
0
0
0
0
0.02
0
0
0
0
0
0
0.23
0
0
0
0
0
0.02
0.05
0.69
0.34
0
0.01
0
0
0
0.04
0.53
0.85
4.85
0
0
0
0.59
2.35
2.38
3.4
8.35
0.91
0.49
2.05
11.05
0
0.94
0.01
6.96
2.2
0.61
0
0
12.5
5.65
1.14
1.09
3.8
2.14
2.7
0.49
6.09
0.08
0.47
3.38
1.44
11.44
0.7
0
0
0.42
0
0
17.55
11.15
2.24
5.33
2.95
6.56
3.73
1.48
1.43
10.29
0.86
0
0
0
0
0
0
0
0
0
0
0
0
0
0
0.05
0.04
0
0.11
0.06
0.09
0.03
1.11
0.29
3.38
0.08
0.58
0.55
0
0.03
0.05
0
0.01
0.01
0.05
0.83
0.48
0
0
0
0
0.01
0
0
0
0.03
0.48
0.36
8.86
2.44
0.56
0.55
0
0.1
0
0.01
0
0
0
0.01
0.01
0
0
0
0
6.16
3.39
0.46
2.17
0.02
0.03
0
0.35
0.19
0.03
0
0.09
0.51
0.09
0
0
0
0
0
0
0
0
1.23
1.16
0
0
15.74
4.52
0.14
0
0.03
2.95
0
0
0
0
0
0
0
1.75
0.14
0
0.04
0
0.04
2.37
0.94
0.37
0
0
0
0
0.58
0.02
0
0
0
0
0
0
0
0
0
0
0
0
0
0
0
0
0
0
0
0
0
0
0
0
0.01
0
0
0
0
0
0
0.01
0
0
0.01
0.02
0
0
0
0.07
2.73
3.54
2.1
4.36
0.69
0.07
3.7
2.68
0.11
0.04
0
7.25
0.77
0.56
0
0.25
2.66
10.33
7.65
4.48
6.77
0.78
0
0.15
0
0
0.02
1.61
0
0
0
0
0
0
0
0
0
0
0
0
0
0
0.05
0.01
0
1.88
0.59
3.8
4.24
11.79
3.79
0.1
0.01
0.03
0
0
0.16
0
0
0
0.78
0.05
0
0.13
23.44
7.85
1.76
1.46
3.79
2.06
1.79
0
0
0
0
0
0.02
0
0.01
0.1
0.34
0
0
0
0
0
0
0
0
0
0.01
0
0
0.03
0
0
0
0
0.01
0
0
0.02
0.02
0
0
0.01
0
0
0
0.36
12.87
5.81
1.34
0
0
0.3
0.18
0
0
0.02
0.02
6.34
9.87
0
5.52
0.02
0
0
0
0.01
0.02
0
0
0.01
2.75
0.01
0.89
0.64
0.37
0.09
0
0
0
0
0.46
0
0
0
0
0
3.99
2.19
0.17
0
0.02
0.01
0
0
0
0
0
0
0.01
0
0
0
0.2
0
0
0.01
0
0
0
0
0.07
0.02
1.77
0.11
0
0.04
0
0.15
0
0
0
0
1.52
0.08
0
0.02
0
0
0
0
0
0
0
0
0
0
0
0
0.42
11.88
28.11
4.78
0.66
1.04
3.27
15.56
7.81
0.71
0.55
0.06
0.07
0
0.1
0.06
7.77
0.19
1.83
0.01
0.02
2.14
0.04
0
1.27
9.38
0
1.8
3.76
1.5
1.04
0
0
0
0.01
0.09
11.96
0.77
0.13
0.8
0.86
0.59
0.39
9.44
2.88
3.15
5.44
2.9
10.19
2.39
15.11
11.72
20.55
2.83
0.34
0.21
10.39
7.31
11.34
1.64
7.7
7.46
2.02
12.39
1.35
0
0.42
0.74
0.65
0.44
0.35
3.73
1.83
7.26
6.27
21.55
4.43
1.59
1.52
1.91
7.98
2.21
0.2
5.65
10.33
3.11
1.13
2.27
6.04
2.58
0.2
0.23
0.22
0.74
0.18
0
1.78
0.73
0
0.08
0
0.07
1.23
0.27
0.11
0
0
0
0.14
10.02
0.47
0.88
0
0
0
0
0
0.01
0
0
0.1
0.02
0
0
0
5.73
1.93
0.54
0.05
0.33
0.31
2.76
0.16
0
0
0.11
0.02
0
2.59
0.06
0.45
14.07
11.33
7.09
6.84
0.57
0
0
0.65
3.83
2.43
1.15
0
0
0
0
0
0
0
0
0
0
0
0
0.67
6.29
0.28
0
0
0
0.04
1.09
1.17
0.75
0.59
3.37
0.27
0
1.51
22.61
5.2
0.62
4.91
14.89
13.62
1.21
0
0
0.19
1.32
5.61
6.49
4.87
0.82
0
0
0
0
0
0
0
0.01
0
0.23
4.59
0.16
0
0
0
0
0
0
0
0
0.83
0.06
0
0
0
0.25
0.86
1.94
0
1.03
0.03
0
0.02
0
0
0
0
0
0
0
0
0
0
0
0
0
0
0
0
0
0
0
0
0
0.97
0.25
0.02
0
0
0.09
0
0
0
0.38
1.48
0.36
0.76
0.02
0
0.04
0
0
0
0
0
0.32
0
0
1.45
0
0
0
0
0.16
3.67
0
18.75
0.9
0
0
0.01
0
0
0
0
0
0
0.01
0
0
3.87
0
0
0
0
0
0
0
0
0.03
1.53
0.16
0.69
5.31
0.83
0
0.01
0.06
0.16
1.02
0.98
3.41
14.72
2.65
0
0.02
0
0
0
0
0
0
0
0
0
0
0
0
0
0
0
0
0
0
0
14.63
1.1
1.05
0.01
0.64
1.07
0
0
0
0
0
0
0
0
0
0
0
0
0
0
0
0
2.66
0.48
0.17
0
0.48
0
16.27
28.26
9.77
8.79
2.11
1.01
9.98
5.13
1.61
3.54
0.58
0.37
0.63
0.88
0.13
0.07
0.04
0
0
0
0
0
0
0
22.32
8.14
4.96
1.1
1.07
0.18
2.91
13.57
15.25
13.34
2.59
0
2.25
4.29
7.94
6.55
11.82
10.71
4.31
7.45
6.75
3.21
0.6
1.25
1.73
14.27
4.93
13.81
3.41
8.85
4.73
2.96
13.76
6.73
15.17
17.78
1.97
1.27
0.21
0.3
0.53
0.54
2.36
8.1
2.46
11.05
22.84
13.39
4.55
6.09
1.13
0.74
0.95
0.24
0.43
0.13
0.09
0
0
0
3.5
0.66
0.27
0
0
0
0
0
0
0
0
0.02
0.26
0
0
0
0
0
0
0.02
1.64
0.29
0
0
0
0
0
0.01
0.05
0.11
0
0
0
0
0
0
0
0
0
0
0
0
0
0
0
0
0
0
0
0
0
0
0
0
0
0
0
0
0
0.29
0
0
0
0
0.51
0.19
0.02
0
0
0
0
0
0
1.49
6.41
5.79
8.92
5.38
0.43
0.11
0
0.01
0
0
0.02
0.01
0
0
0.01
0
0
0.8
2.2
1.59
1.97
0
0.02
0
0.16
0
4.11
3.07
4.12
9.2
1.98
0
0.06
0.09
0.33
0.18
4.21
7.39
2.46
0.86
0
0
0.1
8.38
6.29
2.54
0.75
9.32
13.89
1.9
0.11
0.03
0
0
0
0
0
0
0
0
0.05
3.01
0
0.07
0
0
0
0
0
0
0.01
0.01
0.67
0.34
0.09
12.43
10.84
0.55
0
0
0.11
0
0.14
1.33
0.05
0.03
0
0
1.45
0
0.41
0
0
0
0.02
0.04
0.32
9.1
2.89
0.34
0.22
2.58
0
0.09
0
0.02
0
0
3.34
0
0.1
0
1.44
1.38
1.31
13.35
0.19
0
0
0
0
0.13
0.05
0.04
0
0.02
0.02
0.62
2.66
0
7.73
0.21
0.68
0
0.01
0
0
0
0
0.01
0
0
0
0.01
0.03
0
0
0
0
0
2
3.98
2.32
0
0
0.53
0.44
0
0.02
0.52
3.76
1.59
1.39
0.2
1.07
0
0.38
0.05
0
0.38
0
1.26
1.87
0.02
0
0
0
0
0
0
0
0
0
0
0
0
1.88
2.64
2.67
1.16
0.35
0.24
0.51
2.82
4.37
0
0
0
0.1
11.54
5.8
6.57
19.36
10.64
7.27
5.39
3.14
8
12.57
2.22
14.12
0.45
0
0.2
1.29
9.46
2.05
1.83
16.92
4.88
0.72
1.93
9.5
3.51
0.38
1.99
0.01
0
0
0
0
23.26
0
0
0
1.12
0.53
0.52
2.92
4.27
0
0
6.17
9.41
22.8
5.96
2.71
0.9
4.27
7.4
1.36
0.27
2.05
0.75
0.35
1.03
4.39
1.95
8.4
0
0.28
0.56
0.56
0
0.27
0
0
0
0
0.51
2.46
1.6
0
0
0
0
0.24
0
0.1
0
0
0.25
0.21
2.09
4.24
1.08
0.73
3.72
0.93
3.2
2.36
13.91
4.57
6.39
0.27
0.14
0
1.12
2.98
0
0
0
0
0
0
0
0
0
0
0.08
6.47
0.25
0
0
0
0
0
0
0
0
0.16
0
0
0
0
0
0
0
0
0
0.02
0
0
0
0
0
0
0
0
0.02
2.66
0.32
0.07
0
0.01
0.09
8
0.49
6.29
0
0.24
1.3
0.61
2.68
0.86
0.92
0
4.2
3.18
2.78
0.06
0.29
11.25
1.91
10.34
0.88
0
0
0.4
0.15
5.55
0
0
0
1.77
0.1
16.84
5.37
3.2
1.09
3.08
0.77
0.1
0.05
0
0
0.01
0
8.39
13.39
1.92
5.38
14.57
8.48
0.03
0.32
0.19
10.38
3.78
2.99
4.42
5.05
9.92
0
1.84
11.1
1.53
10.59
1.41
1.23
0.29
0
0.27
0.3
7.45
0
0
0
0
0
0
0
0
0
0.01
0
0
0
0
0
0
0
0
0
0
0
0
0
0
4.52
4.21
0.07
0
0
0
0
0
0
0
0
0
0
0.11
0
0
0
0
0
0
0
0
0
0
0
0
0
0
0
0
0
0.01
3.3
0.58
0
0
0
0.02
0
0
0
0.08
0
0.81
0.32
0
6.78
2.01
0.05
0.43
10.33
1.32
0.01
0
0
0.02
0
0
0.53
0
0
0.01
0
0
0
0
0
0
0
0.02
0
0
0
0.03
0
0
0
0
0
0
0.01
0.27
0.06
1.09
11.09
2.46
0.89
5.67
3.61
2.38
9.55
0.86
0.38
0
0
1.49
9.27
7.37
2.27
0
0.61
0.84
0.3
0
0
0
0
0
0
0.02
0.08
0
0
0
0
0
0
0.41
0
0
0
0
0
0
0.16
0.21
2.81
11.74
0.33
0.4
0
0
0
0.11
0
0
0
0
0
0
0
0
0
0
0
0
0
0
0.21
0
0
0
0
0
0.02
0.48
0.2
0.17
0.06
0.02
0
0.34
0
0.2
0.32
0
0.06
0.27
0
0
0.01
0
0
0.96
0
0
0
0
0
0
0.09
0.54
5.83
10.56
4.8
0.55
0
0.03
0
0.01
0
0
0.41
3.21
0
0.01
0
0
0
0.06
2.85
2.17
0
0
0.12
0.68
3.61
0.55
0
0
0.01
0
0
0
0
0
0
0
0
0
0
0
0
0.54
8.13
0.63
0
0
0
0
0
0
0
0
0
0
0
0
0
10.69
3.46
0.18
0.09
1.01
0.16
0.18
1.4
0.66
0
0
0
0
0
0.03
16.07
7.73
0.62
1.16
4.05
0.18
0.09
0
0
0
0
0.01
0.03
7.78
5.77
1.95
1.82
0
0
0.02
0
0.08
0
0
0
0
0.02
0.02
0.02
0.01
0
0.02
0.2
0
0.75
0.71
9.41
1.16
0
0.01
1.15
0.62
0
0
0
1.71
5.18
14.46
11.71
3.94
1.44
3.5
4.21
2.34
0.51
0.63
3.65
2.77
0.12
0.01
0
0
0
0
0.01
0.01
0.91
4.66
6.28
2.06
0.3
0
0
0.01
0
0
0
0
0
0
0.05
3.24
12.7
0
0
0
0
0
0
6.77
5.41
0.31
0
0
17.27
0.36
0
0.91
0
0
0
0
0.01
0.12
0.07
0.2
0
0
0
0.05
0.02
0
0
0
0
0
0.01
0
0
0
0
0.09
0.48
3.13
0.34
0
0
0.05
0.01
0.07
0
0.01
0
0
0
0
0
11.96
5.43
0.27
0
0.04
0
0
0
0
0
0.01
0
1.45
0
0
0
0
0.38
0
0
0
0
0
0.3
1.02
0.07
0
0
0.05
0.16
0.83
0.72
0.25
0
0
0
0
3.49
0.21
0.02
1.73
0.97
1.06
0.68
0.25
0
0
0.02
0
15.32
0.53
0
0.05
0
9.41
23.32
1.51
0.1
0
0
0.02
3.88
0.49
0
0
0
0
0.06
0
0
0
1.21
14.06
5.32
0
0
0.11
3.2
12.36
2.8
0.13
0.05
0.8
14.65
3.21
9.16
16.55
6.3
14.03
19.67
7.29
2.08
9.91
3.4
0.09
0.53
0.15
0
0.14
0.05
0
0
0
0
0
0.06
0
0.59
17.79
8.5
2.33
2.39
1.55
0
0.1
0
0
1.82
0.26
0.08
0
0
0
0
0
0
0.18
0
0
0
0.01
0.99
0.05
0.17
0
0.47
5.98
0.33
0.04
0
1.03
5.47
2
0.52
0.22
0
0.17
0
0.12
0
0.01
0.03
0.04
0
1.07
5.42
10.31
1.24
0.2
0
0
0
0
0
0
0.03
0.01
1.47
0.7
0.01
0
1.97
9.53
0.44
0.18
0.35
0
0
0
0
0
0
0
0
0
0
0
0
0
0.22
1.4
0.37
0
0
0
0
0
0
0
0
0
0
0
0
0
0
0
0
0
0
0
0
0
0
0
0
0
0
0
0
0
0
0
0
0
0
0
0
0
0
0
0
0
0
0
0
0
0
10.5
2.16
4.62
3.66
0.48
0.39
0
0.34
0.03
0.01
2.23
1.46
1.05
5.44
4.27
1.82
0.72
0
3.75
7.42
5.72
5.39
0.86
0.37
3.39
6.17
18.57
8.45
0.31
5.63
1.98
0
0.06
8.45
0.35
0
0.68
1.84
6.05
0.72
0.08
0.24
0.84
0.11
0.8
4.4
2.34
4.6
10.81
2.64
2.1
1.59
0.29
0.02
0
0.02
0
1.54
4.85
0.11
0.18
0.49
3.86
1.31
3.13
1.86
0.13
1.4
0
0.03
0
0.27
0.03
0.92
0.09
1.53
17.71
0.11
0.02
0
0.01
0
0
0
0
0
0
0
0
0
0
0
0
0
0
0
0
0
0.5
0.05
0
0
0
0
0
0
0
0
0.02
0
0
0
0.45
0.03
0
0
0.01
0.01
0
2.86
0.25
0
0
0.05
0
0.01
0.02
0.03
0.01
0
0
0
0.02
0
0.05
0.02
0
0
0
0
0
0
0
0
0.71
0
0.01
0
0
0
0
0
0
0.01
0
0.02
0
0
0
0
0
0.01
2.53
0
0
0
0
0
0.01
0
0
0
0
0
0
0.02
0
0.09
0
0
0
0.09
1.18
6.22
0.8
0
0.01
0
0
0
2.09
0.23
3.1
1.08
0
0.16
0.32
0
0
0.25
0
0
0
0
0.52
4.67
0.36
0.24
0
0.28
0
0
0
0.12
3.53
2.18
0
0.33
0.4
0.34
0.98
0
0
0
7.91
0.55
0.43
15.73
0.43
1.72
16.37
3.5
1.07
0.63
0
0
0
4.75
3.09
0.06
0
0.27
0
0
0
0.21
2.5
12.42
4.15
6.23
0.36
1.09
0.13
0.84
7.89
0.98
8.09
0.95
0.11
0.13
7.93
12.45
2.64
1.05
0
0
0
0
0.14
5.5
0.05
0.01
0.35
0
0.13
0.1
1.51
9.33
6.09
6.31
6.03
8.18
3.47
7.96
19.45
2.5
0.16
4.89
1.14
2.6
1.73
4.74
1.54
0.5
0.54
2.81
3.66
7.15
1.06
0.99
1.23
1.23
3.73
3.5
10.97
0.75
0.03
0
0.43
2.79
4.41
1.91
19.95
5.95
2.17
0.2
0.01
0
0
0
0
0.3
1.27
0.53
1.14
5.48
0.77
0.04
0.03
0
0
0
0.38
0.09
0.08
0.63
0.09
0
0
0
6.51
2.97
0.89
0.41
0.23
0
18.59
11.93
4.86
9.8
1.72
0.63
16.74
2.19
0
0.69
0.1
0.03
0.05
0
0.08
4.73
0.24
0
0.12
0.05
0
0
0.18
1.13
1.44
4.45
1.25
0.28
0.58
0.57
0
0
0
0
0
0
0
0
0
0
0
0.06
0
0
0
0
2.67
23.45
2.27
0.13
0.05
0
0
0.01
0.03
0.01
0.14
1.18
0
0.76
0.31
3.37
2.23
0.24
1.54
0.28
0.03
0.24
0.55
4.66
1.46
0
0.01
0.01
0.25
1.16
0
0.48
18.53
12.09
8.21
11.01
2.75
0.02
0.2
0
0
0
0
0
0
0
0
0.01
0.01
0
0.01
0
0.03
0.59
7.9
1.62
0
0
0
0
0
0
0
0
0
0
0
0
0
0
0
0
0
0
0
0
0
0
0.01
0
0.15
0.09
0.01
0.34
0
0
0
0.25
0
0.2
0
0
0
0
0
0
0
0
0
0
0
0.02
0
0.16
0
0
0
0.01
0
0
0.01
0
0
0
0
0
0
0
0
3.39
1.13
0.67
0.73
0
0
0
0
0
0
0
0
0.02
0.05
0
0
0
0.01
0
0
0.07
5.55
1.11
0.16
4.96
0.11
0
0
0
0
0
0
0
0
0
0
0
1.35
1.38
19.84
7.01
5.99
0.56
0
0.2
0.07
10.97
0
0.01
0
0
0.01
0.02
0
8.02
0.54
2.48
0.24
0.05
0
16.76
2.08
0
0.1
2.49
5.8
17.34
13.28
4.64
0.57
1.54
0.23
0.01
0
0.04
0
0
0
0
0
0
0
0
0
0.12
0.62
0.08
0
0.19
0
0
0
0.2
0.22
3.57
0
0.01
0
0
0
0.02
0.01
0
0
0
0.01
0
0.01
0
0.02
0
0
0
0
0
0
0
0
0
0.01
0
0
0
0
0
0
0.01
0
0
0
0
3.56
10.48
0.88
0
0.02
0
0
0
3.7
2.73
1.97
7.45
10.61
0.62
0.04
0
0.03
0
0.93
0
0.02
0.5
3.25
0.12
0.57
0.02
1.06
0.01
0
0.11
2.07
1.41
7.41
0.52
0.19
0.02
0
0
0
0.01
0
0.02
0
0.25
0.19
4
0.23
0.29
0
0.01
0
0
0
0
0
0
0
0
0
0
0
0
0
0
0
0
0
0.35
1.25
2.18
0
26.37
6.08
0.43
0.01
0.05
0
0
0
0
0.78
6.39
6.94
11.58
8.48
1.23
0.54
0.05
0
0
0
0
0
0
0
0.07
3.17
0.65
0.03
0
0.26
3.05
1.67
0
6.3
7.57
6.23
0.53
0.67
20.37
9.04
6.5
0.06
0
0
0
0.01
0.02
0
0
0
0
0
0
0
0
0
0
0
0
0.07
0.76
0.55
1.68
5.73
3.7
17.95
19.75
1.69
2.87
2.36
0
0.03
0
0
0
0.02
0
0
0
0.15
1.13
0
0
0
0
0
0
0
0
0.1
0
0
6.3
6.61
3.16
6.63
2.02
0
0
0
0
0
0
0
0
0
0
0
0.02
0
0
0
0
0
0
0.02
0.01
0
0.02
1.05
0.39
0
0
0
0
0
0.01
0
0
0
0
0
0
0
0
0
0
0.02
0
0
0
0
0.01
0
0
0
0
0.02
0.05
3.35
0
0.01
0
0
0
0
0
0.01
0.01
0
2.09
0.14
0
0.46
0.74
0.93
0.12
0
1.2
0
0.05
1.91
1.78
0.72
12.26
0.64
9.55
0
0.01
0.04
0.08
0
1.9
2.24
0
0
0
0
0.07
0.02
0
0.04
0
0
0
0.35
4.28
2.38
3.51
2.06
0.7
10.48
2.01
1.54
3.29
0
0.02
0
0
0
0
0.07
2.57
0.86
0
0
0
0.03
0.46
10.13
15.38
14.63
0.61
0.02
0
0
0.19
0.22
0.16
0.03
0.01
9.59
9.34
4.48
0.28
0
0.01
0.02
0
0
0.62
3.28
0.04
0
0.1
0.03
0
0
0
0
0
0
0
0
0.12
7.81
5.69
4.12
8.53
1.43
1.25
9.46
3.27
1.85
5.18
2.13
4.07
0.36
0.07
3.41
1.79
5.28
0.06
3.8
0.1
0
0.17
0.13
0.4
0
0
10.07
5.31
3.51
0.54
4.61
1.89
0.1
3.43
5.18
4.05
6.78
0.63
0
0.63
0.2
1.7
0.92
3.2
3.09
0.05
0.17
2.66
0.82
1.13
3.59
0.65
0.92
11.54
1.58
14.04
4.49
5.63
0
0
0
0
0.15
0
0.45
0
3.7
2
6.11
0.78
7.69
0.8
0
0.17
0
0
0.01
0.02
0.85
1.55
0.09
0.02
0.01
0
0.01
0
0
0
0
0.11
0.18
0
0.13
0
0
0.02
0
7.57
11.7
3.25
0
3.95
0
5.13
29.18
12.38
2.72
0.12
0
0.11
0
0.61
2.18
0.22
0
0
0
0
0
0
0
0.09
0.19
0.03
0.01
0.01
0
0
0
0.02
0
0
0.17
2.98
16.43
3.16
10.42
16.23
2.24
0.04
0
0.01
0
0
0
0
0
0
2.29
1.34
2.25
10.11
9.39
2.32
0.11
0.2
2
12.72
0.87
0
0.72
0
0
0.09
0.2
0
0
0
0.16
0
0
0
0
1.15
21.27
5.54
3.41
0
0.04
0.05
0
0
0
2.23
12.6
0.26
0
0
0
0
0
0
0.48
0
0
0
0
0
0
12.68
9.48
0.63
0
6.21
0
0
0.28
0.21
0
0
0
0
0
0.11
5.06
0.18
1.13
0.17
0.02
0
0
0
2.43
0
0
0
0
0
0
0
0
0
0
0
0.03
0
0
0
0
0
0
3.29
0
0.01
0
0
0
0
0
0
0
0
0
0
0
0
0
0
0.02
0.02
0
0
0
0
0
0.92
0
0
0
0.12
0.01
0
0
0
0.02
0.15
0.02
1.34
0.44
0
0
0.96
9.18
0.44
0
0
0
0
0.05
0.02
0
0
0.06
0.02
0
10.37
0.75
3.71
0
0
0
0
0
0
0
0
0
0
0
0
0
0
0.8
0.54
0
0.02
0
0.22
0
0
4.27
12.95
6.8
4.34
1.09
0.01
0
0
0
0
0
0
3.81
9.73
16.99
5.17
0.48
18.49
4.76
18.89
11.69
0.96
1.7
0.01
0
1.29
11.48
10.73
4.18
9.71
1.34
9.32
13.16
0
0.03
0
0
0.01
0
0
7.34
1.08
1
0
0
0
0
8.21
6.65
0.28
0
0
0.01
0
6.3
4
0
0
4.27
1.04
0
0.42
4
0.78
0.26
0.27
0.61
1.77
3.89
2.03
0.91
4.23
0.52
0
0
0
0
0.09
0.2
0.61
1.85
0.01
0.21
0.17
0
0
0
0
0
2.3
0.48
0.66
1.46
0
0.01
0.09
0
0
0
0
0
0
0.11
0
0
0.06
0.05
0.2
0.14
0
0
0
0
0
0
0.15
0
0
0.22
2.85
1.31
0.07
0.08
4.01
3.66
0.42
0
0
0
0.07
0.12
0.07
0.02
0
0
0
0
0.01
0
0
0
0
0
0.06
4.13
5.65
4.59
5.52
24.59
10.61
1.88
0.7
0.21
0.73
0
0
0
0.13
0.91
0.91
0.01
0
2.53
0.14
0
8.6
4.08
0.02
0
0.02
0
0
0
0
0
0
1.32
0.67
0.06
6.92
7.94
7.95
8.1
14.52
2.76
8.06
1.69
0.24
0
0.2
0.39
0.04
1.42
0
0
0.01
0
0.01
0
25.56
16.23
2.15
4.31
0
0.13
0.7
1.67
0
0
0.01
0
3.26
28.54
8.59
3.08
6.54
22.82
3.46
2.27
10.77
2.37
0.01
0.04
3.53
5.68
6.38
0.41
0.04
0.01
0
0.06
1.6
0.09
0
0.01
0.2
6.7
6.41
8.82
6.13
5.18
0.11
0.4
0.04
0
0.18
0.01
0
0
0
0.02
34.36
2.57
0
0.18
0
0.08
6.4
0.02
0
0
0
0
0.37
0.48
0
0
0
0
0
0
0.01
0
0
0.03
0
0
0
0
0.05
0.97
9.2
0.41
0
0
0.01
0
0
0
0
0.61
1.63
0
0
0.02
0
0
0
0
0.67
0
0
0
3.5
0.05
0
0
5.82
0.12
0.06
2.13
0
0.02
0
0.98
5.21
0.19
0
0
0
0
0
0.08
0.37
0.07
0.62
0
0
0
0
0
0
0
0
0
0
0
0
1.55
16.19
11.75
1.07
7.58
2.81
0
0.03
0.04
0
0.01
0
0
0
0
0
0
0
0.03
0
0
0
0
0
0
0
0
0
0
0
0
0
0
0
0
0
0
0
0.02
0.23
0.19
0
0
0
0
0
0.23
5.41
3.16
4.05
5.22
0.66
0
0.77
15.3
2.36
25.39
7.67
4.41
1.68
2.14
2.14
0.64
1.95
20.78
1.87
0
0
0
0.02
0
0.01
0
0
0
0
0
0.11
0
0
0
0.09
0
0
0
0
0
0
2.44
2.17
0.06
13.51
1.48
5.51
0.3
0
0
0
0.02
0.07
0
0
0.13
0
0.06
0.68
0.16
0
0
0
0
0
0
0
0.01
0.14
0
0.04
0.12
0
0
0
0
0
0
0
0
0
0
0
0
0
0
0
0
0
0
0
0
0
0
0
0
0
0.07
0.15
2.01
0.45
0
0
0
0
0
0
0
0
0.05
0.43
2.5
0.38
0.61
0.02
0.01
0
0
0.04
0
0
0
0
0
0
0.16
0.7
11.13
16.35
1.25
0
0.01
0
0
0
1.2
0.01
0
0.01
0
0
0
0
0
0
0.01
0.5
2.97
0.22
0
0
0
0
0.01
1
0.72
3.73
0.25
0.8
1.4
0.82
2.11
0.47
0
0
1.05
11.22
7.99
2.7
0.52
0.05
0
0.59
0
0
0
0
0.43
0.51
0
0
0
0.02
0.01
0.09
0
0
0.01
0.05
0
0
0
0
0
0
0
0.05
0.01
0
0
0
0
0
1.52
0.16
0.14
0.53
10.22
1.41
0.01
2.86
1.66
0
0
0
0
0
0
0
0
0
0
0
1.03
0.88
2.8
0.36
0
0.02
0
0
0
0
0
0
1.21
0
2.23
0
0
0
0.09
0.05
0
0.01
5.44
0.75
0.68
7.21
1.88
0.01
0.65
4.65
0.47
0.06
0
0
0.02
0
0
0
0
0.76
0
2.92
0
0
0
0
0
0
0
0
0
0
0
0
0
0
0
0
0
0.01
0
0
0
0.07
0.09
0
0
0
0
0
0
0
0
1.32
0
0.01
0
0
0.49
1.87
0.02
0
0
0
0
0
0
0
0
0
0
0
0
0
0
0
0
0
0
0.22
16.29
6.39
0.98
0.25
0.06
0
0
0.79
0.01
0
1.57
0.02
0
0
0
0
0
0.16
0
0.04
0
0
0
0
0
0
0
0
0.01
0.01
0
0
0
0.08
0.66
1.41
4.7
1.38
0.11
1.61
0.03
9.3
3.24
0.11
1.02
0.46
14.8
0.89
0.54
0
0.01
0.1
16.23
0.98
2.72
1.36
0.01
0
0.04
0.22
0.02
0
0.05
0.36
0.29
0
0.36
13.97
9.54
16.04
4.87
0.16
0
0
0
0
0
0.02
0
0
1.4
0
0.78
0.66
0.01
0.02
4.09
10.46
0.4
0.6
0.29
0.04
0
0
0
0
0
0
0
0
0
0
0
0.01
0.03
0.24
0
0
0.71
0
0.2
8.68
1.53
0.11
1.11
0
0.55
0.09
0.21
0
0.29
0.8
5.1
3.98
0.63
7.05
0.21
0.02
0.07
0
1.57
2.79
6.24
0.48
0.45
0.09
0.01
0.02
0
0
0
0
0.34
0.09
0.07
0.37
0.19
0.02
0
0
0
0
0
0
0
0
0
0
0
0.03
0
0
0.01
0.03
0.4
4.36
2.63
1.96
3.56
2.29
6.17
2.01
12.98
4.73
0.12
0.4
0
0.05
1.05
10.64
0.53
0
0
0
0.57
0
0
0
0
0
0
0
1.21
9.25
4.18
3.34
0.98
1.7
2.5
0.1
0
0
0.07
0
0.13
0
0
0
0
0
0.12
8.05
5.13
1.57
1.08
0
0
0
0
0
7.82
3.98
1.84
6.37
0.2
0.23
0.2
4.36
1.82
0.65
0
0
0
0
0.01
0
0
0
0.37
4.3
3.5
1.91
0.21
0.17
0
0
0
0.93
1.2
0
0.29
0
0
0
0
0.07
0
0
0
0
0
0
0
0
0.48
1.84
0
0.17
0
0
0
0.02
0.01
0
0
2.25
11.8
2.27
0
0.02
0.02
2.34
7.41
2.29
2.84
0.77
4.02
4.23
0.13
0
0.48
2.77
0.27
0
1.21
0
0.01
0.05
0
0
0
0
0.01
0.01
0
0
0
0
0.13
0.06
2.11
0.85
1.26
0.23
2.3
9.37
2.97
0.34
0
0
0
0
0.01
0
0
0
0
0
0
0
0
0
0
0
0
0
0
0
0
0
0
0
0.01
0
0.01
0.65
0
0
0
0
0.01
0.04
0.07
0
0
0
0
0
0
0
0
0
0
0
0.66
0
0.14
0.43
2.23
0.01
0
8.94
13.36
10.58
0.18
0
0
0
0.03
0
27.75
3.67
0.13
0.99
0
0
0.02
0.04
0.02
0.01
0.02
0.65
0.41
0
0
0
0
0
0
0
0.22
0
0.06
0
0
0.26
17.45
9.77
11.54
26.61
1.2
4.3
15.34
0.51
3.13
0.8
0
0
0
0
0
0
9.63
13.79
2.89
0.89
1.38
6.29
0.68
0
0
0
0
0
0.33
4.6
10.18
0.18
0.05
0.07
0
0
0
1.29
2.55
6.84
0.19
0
0.11
0.14
0
0
0
1.14
0.73
13.29
1.47
11.43
1.08
0
0
0
0
0
0
0
0
0
0
0
0
0
0.29
0.01
0
0
0
0
0
0
0
0
0.02
0.2
0.01
0
0.01
0
0.02
0.02
0
0.04
0.14
0
0.02
0
0.4
0
0.01
0.02
0.16
0
0.2
4.62
0.75
2.81
3.52
2.44
0.03
0.05
2.66
0.8
0.05
0
3.11
2.63
1.77
2.98
0.25
4.9
20.02
2.45
1.06
2.55
1.14
0
1.77
0
1.5
0.51
0.03
0.03
5.48
0.84
0.25
0.93
0.74
2.26
0.3
0.01
0.02
0
0
0
0
0
8.75
6.91
0.56
0
0
0
0
0
0.01
0
0.42
0.14
0
0.05
0
0.27
0
0
0.27
0.16
5.1
9.13
3.2
0
1.23
5.33
8.3
1.09
2.2
2.68
1.88
9.2
7.89
2.01
0.55
1.76
1.33
14.6
2.67
1.59
1.21
0.84
1.61
0.12
0
0
0
0.3
0.04
0
8.52
16.52
12.77
4.78
0.38
3.06
1.06
4.54
3.38
0.23
0.32
0.02
0
0.01
0
0.03
0
0.34
0.26
0.08
0
0
0
0
18.46
12.92
1.43
9.54
2.97
3.24
4.64
2.61
0.3
0
0
0.01
0
0.01
0
0
0.23
0
0
0
0.02
1.02
0.3
0
0
0.11
7.01
10.03
12.85
2.27
0.1
0
0
0
0
0
0.01
0
0
0
0
0
0
0
0
0
0
0
0
0.1
0
0.02
0
0
0
0
0
0
0
0
0
0
0
0
0
0.01
0
0
0
0
0
0.02
0
0
0
0
0.02
0.86
8.63
0
0.05
0
0
0
0
5.71
0
0
0
0
0
0.02
0.01
0
0
0.02
0
0.18
0.52
0.02
0.02
0
0
0
0
0
0
0.02
0
0
0.38
0
0.02
0.02
3.38
0
1.13
2.13
10.31
0.81
0.5
0.17
0
0
2.77
3.97
3.25
2.24
0.31
0
0
0
0.27
0.61
0.03
0.18
9.42
3.12
5.88
1.12
0
0
0
0
0.02
0
0.05
0
0
0
1.63
0
0
0.01
0.02
0
0.61
2.59
0
0
0.35
0
0
0
0
0
0
0
0
0
0
0
0
0
0
0
0
0
0
0
0
0
0
0
5.19
9.97
0.42
3.65
0
0.05
0
0
0
0
0
0
0.33
0
0
0
0
0
0
0
0.01
0.22
0
0
0
0
0
0
2.3
1.05
0.48
0.6
0.63
2.43
0.04
0.13
0
0
0
0
0
0
0
0
5.99
6.06
0.97
0.69
0.52
0.57
0.02
0
0.43
6.98
0.34
4.62
0.4
3.25
1.22
0
0
0
0
0
0
0
0
0
0
0
0
0
0
0
1.1
0.84
6.3
0
0
0
0
0
0
0
0
0
0
0.18
0
0
2.82
3.21
15.88
0.84
0.48
0.15
0.5
4.51
0.58
0
3.31
4.14
0
0.02
0
0
0
0
0
0
0
0.03
0.05
0.07
0
0
0
0
0
0.57
0
0.06
0.41
0.6
12.1
0
0.22
0.02
1.55
0
0
0.09
3.23
0.05
0.11
0
0
0
0.01
0.55
6.14
12.98
4.13
8.69
7.73
0.1
0.63
0
0.45
9.93
16.55
7.78
17.07
5.35
0.08
0.04
0
0
0.38
0.4
0.66
0.05
0
0.03
0
0
0
0.03
0
0
1.64
4.98
12.52
14.82
0.73
7.41
9.74
1.36
4.16
3.83
3.08
2.88
1.06
0
4.61
0.66
8.19
2.16
2.08
0.57
1.94
3.24
0.12
2.86
14.64
5.64
6.44
0.45
0.53
1.48
0
0
11.58
16.73
6.89
2.27
0
0.16
0
0
5.25
0.03
0
0
0
0
0
8.61
0.93
0.14
0.26
0
0
0.23
0
0
0
0
0
0
0
0
0
0
0.01
0.05
1.78
0
9.93
0.64
1.16
0.08
0
0
0
0
0.03
0.05
0
0
0
0
0
0
0
0
0
0
0
0
0
0.03
0
0
0
0
0.01
0
0
0
0
0
0
0
0
0
0.01
0.12
0.27
0.01
0
2.15
1.82
0
0.01
0
0.02
0.02
0
0
0.05
0.89
3.05
0
0.08
0.21
14.06
0.66
0
0
0
0
0.11
0
0.01
0.01
0
0.83
3.15
6.02
0.34
6.95
0.96
2.93
0
0
0.01
0
0
0
0
0
0
0.79
0
0.21
0.01
8.31
2.11
0.73
0
0
0
3.58
4.19
0.42
0
5.38
8.86
3.21
2.05
0.01
0
7.2
11.28
2.55
9.08
17.17
8.35
2.44
0.15
0.18
0.08
0.13
2.68
0.41
0
0
0.07
0
0
0
0
0
0
0
0
0
0
0
0
1.73
0.43
0.17
0
5.95
1.71
0.73
3.12
0.78
3.62
0.59
0.39
2.67
19.84
3.69
1.02
0.38
0
1.54
9.34
0.16
0.63
0.16
0.19
0
0
0
0
0
0
0
0
0.59
0
0.01
0
0
0.01
0.88
1.01
7.5
1.16
0
0.45
0
2.79
1.29
0.07
0.71
0.09
2.09
0
0.08
0.34
0.26
1.33
6.2
0.55
2.45
13.61
0.59
0
3.3
0.54
0.22
1.77
0.52
2.06
2.67
10.25
3.55
3.99
6.24
6.59
5.66
0.08
0.12
3.46
0.07
0
0
0
0
0
0
0
0
0
0
0
0
0
0
0.01
0
0.31
1.08
3.78
2.48
1.79
9.41
3.6
1.05
0.01
0
0
0
0
0
0
0
0
0
0
0
0
0
0
0
0
0
0
0
0
11.62
3.7
4.18
0.26
0
0
0
0
0.09
3.95
1.59
0
2.25
11.96
4.09
0
0
4.73
2.48
3.11
1.82
9.72
1.95
0.98
0.79
0
0
0.05
0.13
0.49
0.24
0
0
1.74
0
0.02
0.01
0
0
0
0.01
1.01
8.25
0.12
0
0
0
0
0
0
0
0
0
0.59
0
0
0
1.41
0.12
0
0.01
0
0.38
1.15
0.06
0
0
0
0.17
1.91
1.63
0.38
0.7
0
0
0
0
0.59
0.19
1.99
0.79
0
0.04
2.11
0
0
0
0
0
0.01
0
0
0.01
0
0
0
0
0
0
0
0
0
0.01
0
0
0
0
0
0.01
0
0
0
0
0
0
0.12
0
0
0
0
0
0
0
0
0
0
0
0.01
0
0
0
0
0.02
0.27
0.23
1.93
0.01
0.2
0
4.55
0
0
0
0
0
0
0
0
0
0
0.02
0
0
0.03
0
0
0.04
0
0
0
0
1.04
0.1
2.55
0.27
0
0.96
0.03
1.2
0
0.21
0
0.78
15.11
3
0.24
0.09
0.01
0
0
0.01
0
0.01
0
0.42
1.59
2.02
2.91
0
0.25
0.28
0
0.34
0.68
0.21
0
0
0
0
0
0
0
0
0
0
0.3
10.16
15.61
1.84
0
0
0
0
0
0
0
0
0
0.02
0
0
0
0.56
0.22
0
0
0
0
0
0
0
0.12
0
0
0.02
0
0
0
0.54
0
0.01
0.01
0.15
1.98
0.21
1.48
6.79
1.12
1.32
12.7
2.23
0
0.25
0.21
1.13
0.07
0.24
0
0
0.72
10.7
3.68
0.27
3.58
1.23
0
0
3.91
10.91
16.16
15.75
8.73
16.58
8.29
2.02
12.41
34.25
11.59
6.37
0.92
0.21
9.24
8.05
3.66
4.5
12.11
1.41
1.32
4.45
1.02
10.64
10.1
2.93
0.48
0.7
0.66
0.38
1.79
0.29
0.19
0.34
0.13
0
3.38
1.43
0.77
0
0.01
0
0.21
0
0.13
2.18
6.16
0.72
0
0.06
8.68
1.71
0.01
0.05
0.01
0.01
0
14.04
7.28
3.48
2.51
0.5
0.69
9.97
5.33
6.95
1.73
9.25
5.45
0.57
1.53
0.54
4.35
4.8
0.36
21.18
4.59
7.79
0.09
0.21
0.08
0
0
0
0
0
0.01
0
0.06
0.73
0.02
2.38
0.3
0.41
13.8
5.18
0.09
0
0.37
3.36
0.84
0.16
0
0.14
2.36
0
0
0.11
1.02
0
0
0
0.18
6.84
6.18
5.2
7.61
11.46
9.04
8.14
1.25
0
4.15
2.41
0.87
0
0.46
0
0
0
0.04
0.82
2.17
0
4.57
0
0.53
0.78
2.41
4.84
1.54
7.86
5.1
4.48
0.43
0.46
0.2
0
0
0
0
0
0
0
11.06
0.41
0
0.18
1.12
0
0
0.03
0
0
0
0.07
0.02
0
0
0.02
5.76
26.82
5.92
6.01
10.14
1.52
9.73
0.9
0.1
0.73
2.59
0
0.48
0
0
0.05
1.3
8.03
10.63
0
0.3
0.59
0.01
0.21
7.92
4.3
0
0
0
0.03
0.03
0.52
0.01
0
0
0
0
0
0.01
0
0
0
0
0
0
0
0.01
0
0
0.01
0
0
0
0
0
0
0.01
0
0
0
0.09
12.29
0.8
0.08
0
0
0
0
0.03
0
0
0.13
0
0.09
0
0
0
0
0
0
0
0
0
0
0
13.66
2.63
0
0
0
0
0.12
0
0
0
0
0.22
0
0.01
0
6.35
9.13
0.38
0.01
6.65
0.43
0.09
0
0
0
0
0
0
0
0
0
0
2.11
0.46
0.14
0
1.26
1.5
24.25
6.57
0
5.08
0
0
0
0
0
0
0.01
0
0
0
0
0.02
0
0
0
0.05
1.7
9.83
2.72
0.27
0
0
0
0
0.02
1.47
12.3
0.73
0.14
0.44
0.53
0.01
3.99
0.68
1.45
2.77
0.07
0.91
3.5
4.47
0
0
0.39
0.32
0
0
0.1
2.44
2.46
1.05
2.93
0
0
3.4
5.92
7.7
5.27
0.09
0
0
0
0.13
0.66
0
0.21
0.37
3
2.38
5.11
13.05
5.14
3.25
0
0
0
0.26
0
0.95
4.08
1.52
0.02
0
0
0.54
1.46
0.16
0
7.68
4.76
3.81
0.43
0
0.01
0
0.01
0
0
0
5.27
1.22
0
0
0
0
0
0.37
5.65
6.09
2.83
2.66
0
0
0
0
0
0
0
0
0
0
0
0
0.13
2.67
5.2
15.75
8
3.26
0.69
11.34
1.28
0.07
0.01
0
0
0
0
0.05
0.03
0
0
3.95
4.47
0.03
0.41
0
0.05
0
0
6.58
1.71
1.28
5.54
4.33
10.26
1.49
0
0.11
0
0
0
2.13
0.19
1.32
3.48
1.97
0.34
0.14
0
0
0
0
10.2
0.33
0.02
0
0
0
0
0.04
0.04
0
0.02
0
0
0
0
0.03
1.57
0.69
21.93
4.17
1.44
1.35
0.54
0.14
0.55
1.71
2.45
0.8
1.01
2.02
4.8
0.8
5.61
1.87
17.8
1.41
0
0.01
0.02
0.34
0.16
14.35
0.7
0.01
0
4.49
0
0
0.35
1.1
0.58
0
0
1.8
2.66
0
20.95
4.13
0
0.01
0
0
2.93
3.39
11.4
8.28
0.31
0.16
0
0
0
0
0
0
0
0
0
0
0
0
0
0
0.01
0.01
0
0.02
0.02
0
0
0
0.63
0.13
0.04
0
0
0
0
0
0.01
0
0
0
0
0
0
0
0.01
0.01
0
0
0
0
0
0
0
0
0.01
0
0
0
0.06
0
0
0
0
0
0
0
0
0
0
7.85
0.8
0
0
0.01
0
0
0
0
0.09
0
0
0
0
0
0
0
0
0
0
0.11
0.62
0.25
0
0
0
0
0
0
0
0
0
0
0
0
0.02
0
0
0
0
0
0
0
0.04
0
0
0
0
0
0
0
0
0
0
0
0
0
0
0
0
0
0
0
0
0
0
0
0
0
0
0
0
5.26
17.2
0.62
12.32
16.03
1.15
0
0
0.07
0.07
8.97
15.92
16.12
14.98
1.77
1.35
0.2
0.05
0.01
0
0.01
0.36
7.9
0.15
0
0.63
0.24
1.38
0.51
0.4
4.33
0.36
0.01
0
0
0
0
0
0.02
0.96
3.66
0.11
0
0.02
0.35
0
0
0
0.24
0
0.18
0.26
0.01
0
0.79
0.15
0.43
0
0.02
0
0
0.01
0
0
0
0
0
0
0
0
0.11
0.5
0
0
0.02
0
0
0.02
0
0
0
0
0
0.41
4.88
3.37
0
0.01
0
0
0
0
0
0
0
0.02
1.59
0
0
0
0
0
0
0
0
0
0
0.08
0
0.01
0
0
0
0.03
0.21
0
0
0
0
0
0
0
0
0
0
0
0
0
0
0
0
3.8
0.22
0.25
0
0
0
0
0
0
0
0
0
0
0
0.09
0.01
0
0.13
4.53
1.98
0
0
0.01
0
0
0
0
0
0
0
0.01
2.48
11.3
5.8
7.91
2.13
0
0.02
0.11
0.95
1.88
6.8
2.33
4.6
0.7
0.01
0
0.78
0.33
0.29
0.05
0
0.01
0
0
0.02
5.63
8.56
14.06
4.06
1.17
0
2.62
4.51
2.23
0.1
0
0.2
0
0
0.13
0.88
0
0
0
0
0
0
3.26
3.04
0.09
0.01
0
0
0
0
0
0
0
0
0
0
0.68
0
0
0
0
0
0.18
0
0
0
0
0
0
0
0
0
5.72
8.43
0
0
0
0
0
0
0.01
0
0
0
0
0
0
0
0
0
0
0
0
0.01
0.01
0
0
0
0
0
0
0
0.09
0.01
0.01
0
0
0
0
2.51
0.51
1.7
0
0
0.01
0
0
0
0
0.01
0.16
0
0.16
0
0
0.06
0
0
0
0
0
0
0
0
0.02
0
0
0
0
0
0.03
0
0
0
0
0.1
0
0
0
0
0
0
0.01
0.23
0.04
0.03
0
0
0
0
0
0
0
0
0
4.59
0.01
0
0
4.72
0.02
2.68
5.23
0.98
32.83
1.76
0.05
0.02
0
0
0
0
0
0
0
0
0.06
4.42
3.23
0
3.85
0
0
0.97
7.33
17.63
15.86
13.73
0.07
0
3.31
6.78
4.91
1
0.14
0
12.83
0
0.03
3.13
26.7
13.73
0.04
0
1.96
23.64
9.62
6.95
0.88
0.09
0.16
0
0
0
1.53
0.23
0
0
0.16
0.13
0
0
0.01
4.39
0.1
0
0
0.05
0
0
0
0
0
0.09
0.41
0
0.02
0
0
0
0.08
4.25
1.06
2.17
0.02
0.2
0.16
0.84
0.04
0
0
0
3.68
0.01
0
0
0.1
0
0.91
0.38
0
0
0
0
0
0.05
0.02
0.3
0.04
0.62
4.58
2.06
0
0.14
6.72
1.38
4.28
9.18
2.31
0.16
12.7
6.92
0
0.38
0.2
3.43
0.38
0
0
0
2.86
0.8
0.01
0
0.77
0.13
0
0.23
0.38
6.64
0.8
0
0
0
0
0.27
1.62
0.64
1.6
0
6.58
9.25
0.62
0.16
0.11
0.09
0.42
0.51
0.05
0.02
0.11
5.93
5.51
5.36
6.3
13.62
6.52
2.69
0.75
1.27
1
0.2
0.34
4.69
8.65
0
6.84
0
0
2.79
4.38
5.75
8.12
24.62
4.39
3.03
8.67
0.13
20.57
2.39
0.39
3.36
6.44
3.66
0
1.5
0.34
0.21
0.09
0.58
0
0.02
0
0
0
0
0
0
0
0
0
0
0.01
0.24
7.56
5.63
16.54
7.3
6.75
0.68
0
0.19
0
0
0
0
0.01
0.04
0
0.02
0.25
0.45
2.18
3.24
4.03
5.88
3.48
2.44
1.73
0
0
0
0
0
10.94
2.55
0.01
11.2
0.25
0
0
0
0
0.27
1
0.17
1.61
0.25
0
0
0
0
0.01
0.01
0
0.01
0.11
0
0.44
0
0
0
0
0.02
0
0
0.03
0
0
0
0.48
0.01
0
0
0
0
0
0.01
1.17
0.09
0
0
0.02
0.03
0.02
0.03
0.05
0.01
0
0.13
0.3
0.06
0
0
0
0
0.01
0
0
0
0
0.01
0
0
0
0
0
0.05
0
0
0
0.16
0
0.02
0.32
0.27
2.04
0
0
0
0
0
0
0
0
0.01
1.2
1.63
16.69
4.91
0.36
0
0.03
0
0.01
0.12
3.47
0.54
0.87
1.27
0
0
0
0.01
0
0
0
0
0
0
0
0
0
0
0
0
0
0
0.66
7.65
0
2.93
0.48
1.93
2.17
2.51
0.02
0
0
0
0
0
0.01
0
0
0
0
0
0
0
8.18
0.07
0.03
15.49
0
0.01
0.91
0.17
0
0.02
0
0
0
0
0.02
0.6
0
0
0
0.1
1.78
0
0.02
0
0.01
0
0.01
0.01
1.2
12.04
4.59
0.65
0
0
0
0
0
0
0
0.04
0.11
0
0.05
0.09
0
0
0
0
0
0
0
0
0
0
0
2.23
0
0
0
0.02
6.66
13.44
0
0.01
0
0.16
18.3
4.53
0.04
2.83
0
0
0.02
0.31
3.39
12.25
13.04
9.09
2.44
0
0
0.03
0
0
0
2.69
3.52
2.45
3.91
1.2
3.37
6.77
2.12
1.62
7.62
4.54
0.02
0.01
0
0.22
0
4.86
7.53
1.95
1.27
0.24
0.27
2.77
6.01
0.41
4.1
2.94
4.49
15.19
1.38
12.29
4.18
3.18
0.62
1.34
0.61
0.64
0.11
0
1.66
0.27
0.01
0.48
2.31
0.05
1.06
0.83
0.1
11.52
2.2
0.02
0.04
0
0
0
0
0
0
0
0.01
0.31
0
0
0
0
0
0.05
3.32
0.71
1.89
0.04
0.35
3.52
0.43
0
0
0.75
0.32
0
0.52
7.05
2.03
0.79
0
0
0
0.01
0
0.41
0.2
5.01
0
0
0.95
0.03
0.02
0
0.88
3.61
8.32
0
0
3.2
0.34
0
0
0
0
0
0
0
0
0
0
0
0
0
0
0
0
0
0
0
0
0
0
0
1.69
0.19
4.55
0.2
1.01
1.34
0.59
0.04
0.97
2.19
0.33
0
3.7
0.09
0
0
0
0
0.48
0.02
0.02
0
0
1.15
0.43
0.16
0
0
0
0
0
0
0.07
0
1.1
3.16
12.1
0.27
1.02
0
0
0
0
0.02
6.34
24.73
0.12
0.05
0
0
0
0
0
0
0
0
0
0
0
0
0
0.02
0
0
0
0
0
0
0
0
0
0
0
0
0.01
0
0
0
0
0
0
0
0
0
0
0.01
0
0
0
0
0
0.02
0
0
0
0
0
0
0
0
0
0
0
0
0.14
0
0
0
0
0
0.02
0.3
0
0
0
0
0
0
0.16
0
0.06
2.16
1.22
0.22
0.01
16.39
2.16
1.41
10.67
0.15
0
1.27
12.34
0
0
0
0
0.13
0
0
0
0
5.65
8.57
10.59
9.81
4.56
8.79
1.73
0.49
0
0
0
0
0
0.01
0.02
0.02
0
0.01
0.01
0.02
0.02
0.02
0
0
0
0.87
8.24
5.6
1.52
0.59
1.47
9.76
0.03
11.63
16.69
0
6.66
5.66
3.26
0.05
0.14
0.11
0
0.02
0
0
0.02
0
5.5
3.46
6.22
30.29
10.09
1.66
0
0.03
1.11
0.34
0.11
1.25
0
0
0
0
0
0
12.52
11.29
1.2
0.73
0.1
0.01
0
0
0
0
0
0.01
0
0.05
0.27
1.38
0.13
0
0
0
0.02
0
0
0
0
0
0
0
0
0
0
0
0.54
4.11
0.72
0.02
2.52
0.65
0.32
1.86
0.84
0.02
0
0
0.01
0
0.3
1.7
20.86
4.02
0.14
7.88
9.05
1.77
1.74
0.35
0.18
0
0
0
3.98
1.32
0.05
5.16
0.29
0
0.2
0
0.21
2.91
1.57
0.23
0.93
0.41
0
0
0
0
0
0.13
0.09
0
0.01
0
0
0
0
0.13
0
0
0
0
0.22
0.14
2.24
10.84
1.13
1.54
6.11
6.86
13.29
0.6
0
0.02
0
0
0
0.02
0.01
0
0
0
0
0
0.02
0
0.52
5.52
0.01
5.28
0.12
0.22
0.12
3.58
1.98
0
0
0
0
0.05
0
0
0.01
2.81
15.96
0.73
0.12
0.21
0
0
0
0.01
0
0
0
0
0
0
0
0
0
0
0
0
0
0
0.02
0
0
0.21
0
0.01
0.2
0.01
0.02
0.02
0.01
0.41
0.65
0.02
0
0
0.36
0.73
0
0
0.09
0.27
3.75
5.6
15.13
0.01
0.05
0.34
5.25
0.5
0
0
0
0.02
0.2
2.39
0.04
0
0.01
0
0
0
0
0
0.12
0.19
0.36
0
0
0
0
0
0
0
0
0
0
0
0
0.02
0
0.31
0.02
0
0
1.29
0
0
0
0
0
0
0
0.12
4.87
0.11
0
5.53
0
0
0.04
0.23
0.77
0.11
0
0
0
0
0.01
0.02
0.2
0
0
0
0.18
4.21
0.13
0.27
0.53
0
0
0
0
0
4.51
4.21
0.74
0
0
0
0.13
1.05
3.13
0.09
0
0
0.07
0.02
0.07
0
0.05
7.37
0
0
0
0
0
0
0
0
0
0
0.8
1.44
0.87
0.5
0.01
0.01
0.13
1.95
0
0.5
0
0
0
0.22
1.62
1.63
0.5
0
0.01
0.02
5.44
6.55
1.34
0.14
0.02
0
0
0.29
0.01
2.11
1.64
1.11
0
0
0.04
12.46
17.77
5.39
0.09
0
0
0
0
0
0
0
0
0
0.1
0
0
0
0
0
0.18
2.29
0.3
0
0.06
0.05
0
0.14
0
0
0
0
0
0
0
0
0.01
0.01
0
0
0
0
0
0.03
0
0
0
0
0
0
0
0
0
0
0
0
0
0
0.29
0.05
0.48
1.02
7.28
0.73
8.79
11.72
1.22
1.48
0.61
4.63
3.06
8.72
1.86
0.02
0.39
4.48
0
0
0
0.04
0
0.05
0.24
0.04
0
0
0
0
0.1
0.94
0.96
0.1
0
0
0.34
0
0
0
9.57
0.98
1.34
2.41
2.85
6.19
23.83
13.3
7.14
0
0.01
1.02
1.35
0.02
0
0.04
0
0
2.75
1.09
16.31
5.3
0.63
0
0
0.01
0
2.64
1.46
1.76
7.8
0.16
1.2
0
0.01
0
0.11
0.48
0
0.44
0
6.97
9.18
1.85
9.53
0.82
0.01
0
0
0.74
0.12
0.08
0
0.72
0.65
0
0
3.47
32.81
0.13
1.04
0.03
0.04
0.13
7.55
3.39
8.98
1.89
0
1.07
11.97
0.22
0
15.73
7.18
1.5
1.15
2.97
0
0
0.04
0.04
0.94
4.94
0.62
0
0
0
0
2.13
11.32
12.21
18.32
6.76
6.34
2.92
2.28
4.77
0.05
0.01
0
0
0.16
0
0
0.02
0.36
0.06
0
0.01
0.14
0
3.08
0.53
0
0
0
0
2.88
0
0
0
0
0
0.3
0
0
0
0
0.03
1.47
0.77
0
0.2
0
0
0
0
0
0.01
0
0
0
0
4.28
0.02
0
0
0
0
0
0.1
0.25
0
0
0
0
0
0
0
0
0
0
0
0.06
0.08
0.03
0.01
0.01
0
0
0
0
0
0
0
0
0
0
0
0
0
0
0
0
1.95
0.15
0
0
0
0
0.23
0
0
0
0.01
0
0
0
0
0
0
0.36
0.04
0
0
0
0.06
0.79
0.01
0
0
0
0
0
0.01
0
0
0
0.08
11.15
4.51
0.76
0.03
0.03
0
0
0
0
0.01
0
0
0.02
0
0
0
0
0
0.01
0
0
0
0.01
0
0
0.01
0
0
0.19
10.23
2.46
0
0
0
2.72
1.25
9.38
9.75
2.84
7.43
12.53
6.29
0.05
0.02
0
0
0
0
0
0
0
1.04
7.59
17.07
0.46
0
0.45
0.06
0
0
0.07
0.02
0
0
0
0
0.01
0.95
18.95
5.55
9.71
6.33
2.46
6.46
12.29
4.29
0
0.09
0.16
0.22
0.35
4.86
5.23
0.16
0.07
0.03
0
0
0
0.04
0.32
0
0
0.19
1.36
0.68
1.13
0.98
0
0.14
0.05
0
0
0
0.02
0
0
0
0
0
0.01
0
0
0
0
0
0
0.01
0.3
1.41
0
0
0
0.01
0.02
0
0.02
0
0.23
0.26
0.02
0.02
0
0.02
0.01
2.22
8.18
0.03
2.34
0.91
0.02
3.33
3.25
5.11
6.82
3.54
0
0.65
0.02
0
1.14
1.4
2.42
2.44
0.01
0
0
0
0
0
0
0
0
1.36
0.37
0.05
0
0.02
0
0.66
0
12.13
0.56
0
0.35
0.66
0
0
0
0
1.06
1.56
0
0
0
0
0
0.04
0.28
0
3.96
3.84
1.55
4.99
3.57
3.24
0.23
0.11
0
0.54
0
0
0
0
0
0
0
0
0
0
0
0
0
0
0
0
0
0
0.06
0.11
0
0
0
1.72
2.37
0
0.2
1.2
4.02
1.71
0.64
0
0.05
0.74
1.71
0.02
0
0
0
7.09
5.14
2.84
1.25
0.01
0
0
1.64
7.52
1.31
0
0.01
0
0
0
0
0.14
0
0.04
1.28
1.24
3.84
0.73
6.78
3.59
14.42
0
0
2.59
0
0
0
0
0
0
0.03
4.07
0.81
0.77
0
8.42
0
0.01
0
0
0
9.63
0
0.55
0.86
0
0.01
0.02
0
0
0.01
1.58
2.32
18.09
0.84
0.01
0.01
0
0
0
0
0.01
0
0
2.93
0
0
0
0
0
0
0
0
0
0
0
0
0
0.27
0.39
0.01
0
0
0
0
0
0.04
0
0
0
0
0
0
0
0
0
0
0
0
0
0
0
0
0.21
6.87
7.17
4.2
0.09
0
0.02
0.02
0
0
0.21
1.12
0.02
0
0.39
0
0
0
0
0
0
0.9
0
0
0
0
0
2.47
0
0
0
0
0.05
0
0
0
0
0
0.3
0
0
0
0
0
0
0
0
0
0
0
0.03
0
3.74
13.63
0
0.06
0
0
0
0
0
0
0
0
0
0
0
0
0.09
0.25
1.61
0
0.02
0
0.02
0
0
0
0
0
0
0
0
0.01
0.02
0
0
0
0
0
0
0
0
0
10.26
0.18
0.06
0.96
0.02
0
0
0
0
0.01
0.57
0.04
7.82
3.18
0.17
0.14
1.05
1.13
0
0.02
0.02
0
0
0
0.02
0.02
0
2.16
5.43
0.95
0.04
1.73
0.23
1.11
0.05
0.13
0.1
0.02
4.37
14.2
2.41
1.21
2.3
1.06
0.24
0
3.25
0.38
0.04
0
0.01
0
0
0
0.07
0.01
0
0.01
13.64
2.59
0
0
0.01
0
0
1.02
0.17
2.04
7.24
5.65
2.29
0.8
1.07
0.85
0
1.52
0.43
0
0
0.01
0
0
0.02
0.05
0
0.16
0
0
0
0
0
23.66
10.77
11.86
17.45
6.41
5.21
4.71
3.52
1.83
2.86
7
12.51
4.36
1.96
1.49
16.01
3.2
3.67
11.7
0
12.3
0
0.16
0.34
8.98
0.11
1.33
0.31
0.14
0
0.94
4.78
0.73
0.04
0.96
1.65
0.99
0
9.25
6.86
5.25
9.47
20.98
16.43
5.31
1.02
0
6.76
0.43
0
0.92
0
0
0.01
0.89
0.07
0.36
0.33
0
0.02
0.78
3.19
0.08
0
0
0
0
4.69
0.41
4.07
2.7
0
0
0.01
0
0
0
0
0
0.73
1.88
6.1
3.48
2.84
1.55
0
0
0.68
0.28
10.92
5.25
16.61
3.54
0
5.39
4.95
0
0
3.08
3.88
1.13
6.5
6.21
0.42
0.18
0.37
0
0.1
0
0
0
0
0
0
0
0
0
0
0.92
0.1
2.15
1.22
0.42
3.24
0
0
0
0.02
0
0
0
0.02
0
0
0.02
0.01
0.01
0
0.01
0
0
0
0
0.02
0.04
0
0
0
0
0
0
0
0
0
0
0
0
0
0
0.09
0.07
0
0.3
0
0
0.01
9.01
0
0
0.86
0
0.31
1.81
0.03
0
0
6.04
4.83
0
0.11
0
0
3.87
0.05
1.29
0.02
0
2.73
0.07
0.04
0.01
0
3.73
0
2.23
7.26
5.33
0.27
0.31
0.23
3.7
0.2
8.09
0
0
0.06
0
0
0
0
0.1
0
0
0
0
0
0
0
0
0
0
0
0
0.01
0
0.24
0.54
0.05
0.36
4.61
0.5
0
0.82
12.02
4.22
0.11
0.65
0.12
0
0
0.36
2.33
9.77
0.33
1.2
13.64
14.78
0
0.29
0
5.04
12.33
0.54
0.63
5.38
0
2.54
0.75
0.09
0.18
0.54
0.09
0.34
0.2
2.02
4.15
4.42
1.33
2.77
1.81
0.02
14.02
2.36
0
0.09
3.72
0.14
0
0
0
0
0
0
0
0.01
0
0.01
0
7.48
11.93
0.43
0.84
1.85
0.54
1.19
0
0
0
0
0
0
0
0
0
0
0
0
0
0
0
0
0
0
0.01
0
0
0
0
0
0.01
0
0
0
0
0
0.02
11.19
0.75
0
1.03
0.12
0.17
0
0
0.02
0.02
1.67
6.84
6.72
3.19
0
0
0
0
0
0
0
0
0
0.01
0.01
0
0
0
0
0
0
0
0
0
0
0.01
0
0
0
0
0
0.01
0
0
0.01
1.72
6.75
0.02
0.99
0
0
0
0
0
0
0
0
0
0
0
0
0
0.09
0
0
0
0
0
0
0
0
5.56
3.11
3.8
0
1.31
9.14
4.92
1.73
2.27
1.86
2.05
0.04
0
0
0
0.48
0
10.41
18.94
14.88
6.78
4.75
0.61
4.28
8.88
6.38
1.44
0.28
0
0
1.54
0
5.23
0.17
0
0
0
0.01
0
0.05
0
0
0
0
0
0
0
0.03
0.03
0.02
0
0
0.03
0
0
0
0
0
0
0
0
0
0.17
0
0.41
0.14
0.09
0.02
0.23
0
0
0.01
0.01
0
0
0
0
0
0
0
0
0
0
0.01
0
0
0.06
0
0.16
0
0
0
3.16
1.77
0
0
0
0
0
0
0
0
0.01
0.05
0
0
0.01
0
0.23
0.01
0
0
0
0
0.02
0
2.28
0.02
0
0
0
0
0.02
0
0
0
0
0
0
0
0
0.01
0
0
0
0
0
0
0
0
0
0.06
0.28
6.23
2.89
0
0
0
0.72
8.59
0
0
3.58
0.05
0
1.53
0.01
0
0
0
0.04
0
0
0.88
0
0
3.81
5.02
23.66
2.58
3.52
0.56
3.11
6.62
2.14
1.48
0
0.01
0
0.45
0
0
0.02
1.73
0.02
0
0
0
0
0
0
0
0
0
0
0.62
0
1.84
0.34
0.09
0.12
0.48
10.56
2.91
1.47
11.44
5.16
0.31
0.01
0
0
0
0.04
0.03
0
1.2
2.09
2.41
4.99
1.88
1.52
0.78
0
3.69
1.22
1.34
7.03
5.67
7.66
0.38
0
4.62
0.03
0.17
2.5
3.5
9.12
0.84
0.31
0.2
1.19
0.56
1.44
1.72
4.67
0.42
0.38
2.38
1.28
0.39
0.09
0.37
1.2
0.52
0.57
0
2.75
0.06
0.02
0.12
0
0.83
2.03
25.88
29.44
6.88
0.22
0.09
0
0
0
0
0
0
0
0
0
0
0
0
0
0
0
0
0
0.18
0
0
0
0.01
0.01
0
0.03
3.44
0.19
0
6.44
0.06
0
2.38
7.05
0
0.92
0.34
0
0.43
1.47
0.91
0.29
0
0.01
0
0
0
0.27
0
0
0
0.02
0
0
0.01
0.02
0.04
0
0
0
0
0
0
0
0
0
0.01
0
0.3
7
2.49
1.06
0.02
2.09
0
0
0
0
0
0
0
0
0.9
28.77
8.38
1.25
0
0.02
0
5.05
8.53
3.72
0
1.87
0.86
2.64
0.02
0.5
11.55
20.31
2.47
0
0.08
0
0.92
7.98
1.7
1.21
3.1
4.51
1.64
1.48
0.53
1.92
8.52
0.95
2.59
5.5
2.31
0.88
4.31
0
0.23
0.18
3.61
2.37
1.77
0
0.01
0.17
0
0
0
0
0
0.05
0
1.2
1.44
0.06
0.32
18.45
3.2
8.7
12.41
0.78
0
0
0
0
0
0
0
0.03
1.14
0
0.5
0
0
0
0.05
0.05
0
3.22
9.58
0.07
0.22
4.67
0
0
0
0
1.04
0.21
0
0.02
1.12
0.08
0
0
0
0
0
0.25
0.38
0
0
0
0
0
0
0
0
0
0
0
0
0
1.77
9
0.05
0.17
1.59
0.33
0
0
0.01
0
0
0
0
0.17
0.77
0
0
0
0
0
0
0.01
2.09
0.06
0
0
0
0
0
0
0
0
0
1.68
38.66
0
0
0
0
0
0
0.01
0
0
0.04
0
0.01
0
0
0
0
0
0
0
0
0
0
0
0
0
0
0
0
0
0
0
0
0
0
0.03
0
1.08
8.41
0
0
0.03
0.06
0.3
0.22
0
0
0
0
0
0
0
13.53
0.05
0
0
0
0
0
0
0
0
0
0
0
0
0
0
0.01
0.52
3.5
1.25
1.05
1.05
0
7.25
0
0
0
0
0
0
0
0.06
4.11
1.94
18.81
12.7
3.94
0
0.55
0.33
0
0
0
2.69
0.12
0.05
0.02
0.09
0
0
0
0
0
0
0.09
0
11.72
0.17
0.02
0
0
0.1
2.84
3.31
0.08
1.06
11.34
0.8
4.67
5.34
6.77
0
0.34
1.83
0.44
0.1
0
0
5.84
0.12
0.05
0
0.06
2.04
0.06
0.06
2.56
0.61
0.5
0
5.78
1.78
0.6
0.05
0.14
0.15
0.84
9.03
16.09
7.84
1.3
0.09
0.05
0.02
0.02
0
0
0
0
0
6.62
12.69
1.29
9.25
1.72
5.52
1.15
0.2
0.27
1.92
3.31
2.41
0.33
0.56
0.09
0.11
8.31
11.88
12.78
7.42
18.72
1.34
2.09
0.62
0.1
0.02
0
0
0
0
0
0
15.91
1.16
0.02
0
0
0
0
0
0.27
0
0
0.41
0.12
0.28
3.22
10.62
0.53
0.06
0.04
0
0
0
0
0
0
0
3.55
0
0
0
0
0
0
0
0
0
0
0
0
0
5.86
1.48
0.2
0
0
0
4.61
1.52
8.19
10.45
0.04
0.21
3.17
2.16
0.22
0
0.33
0.48
5.55
6.92
2.94
2.17
5.93
1.88
10.94
3.56
8.2
1.52
0.06
3.88
0.45
2.93
0
0.11
0
0.1
0.48
4.17
0
0.48
0.05
0
0
0
0.22
0
0
0
0.11
0
0.02
5.84
0.01
0
0
0.81
0
0
0.03
5.22
2.34
0.12
6.25
2.54
25.14
0
0
0
0
0
19.09
0
0
6.03
0
2.02
0
9.47
0
0.95
0.02
0.12
0
0.01
0
0
0
0
0
0.16
0.01
0
0
0
0
1.1
0
0
0
0
0
0
0
0
0
0
0
0
0
0
0
0
0
0
4.34
0
0
0
0
0
0.23
0
0.21
0
0
0
0.01
0
0
0
0
2.55
0
0
0.06
0
0.01
0
0
0
0
0
0
0.44
16.72
0.02
0
0
0.01
0
0.06
39.5
25.56
0
0
0
0
0
0
0
0
0
0.01
0.55
5.8
37.12
0.72
2.52
0
0
0
0.36
4.16
1.12
0
17.38
0
0
0
0.01
0
0
0
0
5.55
0
0
0
0
0
0
0
0
0
0
0
0.12
0.28
0
0
0
0
0
0
0
0
0
0
0
0
51.5
26.56
33.78
0.78
6.02
0.05
0.02
0
0
0
0
0
0
0
0
0
0
0
0
0
0
0.12
0.25
1.17
15.69
3.81
0.88
1.16
0.2
1.66
0
0.02
0.04
7.41
0.45
0.31
0.03
0.55
0
1.95
0
0
0
0.23
0.02
0.02
0
0
0
0
0
0
0.2
0.16
0.02
2.91
3.91
4.52
12.44
0.08
0
0.02
0.02
0
0
0
0
7.61
2.85
0
0
0
0.06
0.03
0
0
0
0
0
0
0
0
0.11
0
0
0
0
0
0
0
0
0
0
0
0
0
0
0
0
0
0
0
0
0
0
0.06
0.91
3.02
0.23
0
0
0
0.15
2.12
0
0
0
0
0.3
1.61
0.81
0
0
0.02
0
11.3
0.25
0
1.67
2.11
0.12
0.07
3.78
19.78
11.22
4.31
4
0.23
0.09
0.09
0
0.36
2.28
4.81
2.12
1.62
1.16
1.36
0.94
0.04
0
1.61
10.27
0.45
0.02
0
0
0
0.27
0
0.02
0.02
0
0
2
1.23
0
0.03
0
0
0
0.77
7.42
0.47
0.31
15.34
6.44
0.86
1.27
8.08
5.51
3.67
0.14
3.23
0
0.69
2.56
0
0
0
0
0
0
0
0
0
0.01
1.62
0.71
0
0.25
0
0
0
0
0.02
0
0.39
0
0
0
0
0
0
0
0
2.18
0.02
0
0
0
0
0
0
0
0
0
0
0.01
0.14
4.44
0.18
0.47
0
0
0
0
0.01
0.01
0
0
0.09
0
0
0.41
0
0
0.05
0
0.02
0.41
0
0
0
0
0.02
0
0
0
0
0
0
0
0
0
0
0
0
0
0
0
0
0
0
5.81
0
0.14
0.45
0
0.52
0.01
0.17
0
0
0.01
0
0
0.05
1.98
0
0
0
5.69
0
0
0
0
0
0.01
0
0
1.38
0
0.27
0
0
0
0
0
0
0
0
0
0
0.01
0
0.01
1.57
2.66
3.06
0.75
0
0.16
1
0.09
3.83
8.09
0
0
0
0
8.62
0.41
0.45
0
0.84
0.02
0
0
0
0
0
0
0.41
2.24
0.09
14.25
7.42
0.04
0
0
0
2.62
0.12
0
3.72
6.06
0.75
0.12
5.47
0
0
0
0
0
0.22
0.03
1.49
0.38
0
2.27
0.25
0
0
0
1.62
2.5
0.69
0
9.91
0.33
3.28
5.98
3.16
3.42
4.56
0
3.7
13.67
8.66
1.16
3.53
0.12
0.07
5.45
0
0
0
0
0
0.97
4.36
1.75
0.57
2.59
15.41
13.44
8.47
7.83
28.97
46.66
9.86
2.47
1.54
0.83
1.84
0
5.25
0.06
0.23
0.06
0.03
0
0
0.01
0
0.09
0.01
0
