19510101
23.18
8.95
0.86
0
0
0
0
0
5.15
1.84
3.2
2.73
4.68
0.39
0.03
0
0
0.31
0.02
0.03
0.02
0.23
1.88
6.77
3.06
8.04
9.89
4.2
0
0.01
0.02
0
0.16
4.96
16.11
2.02
8.07
2.31
2.65
1.91
10.01
7.16
7.16
0.59
5.72
1.54
0.03
0.73
2.95
0.56
6.24
0.8
2.81
12.35
0
0
0
0.02
0.01
0
0
1.05
2.3
8.05
0.98
2.85
1.93
7.96
19.24
3.91
13.99
13.33
8.82
3.96
1.34
2.48
0.64
0.01
0
0
0
0
0
0
0
0.01
0.11
0
0.04
0.01
0
0
0
0
0
0
0
0.01
0.42
4.89
0
0
0
0
0
0
2.21
0.16
0.3
2.66
0
3.12
7.9
1.51
8.98
3.93
11.68
5.43
5.61
25.28
8.32
1.32
0
0.25
3.19
7.84
1.95
1.55
0.73
0.27
0.48
0.3
0.02
0.01
0
0
0.18
1.57
0.39
0.21
0.06
0.02
0.01
0
0.4
2.15
0
1.18
12.02
1.41
0.76
0.07
0.33
11.74
0.81
5.63
0.82
5.3
0.46
0.01
0.02
0
0.04
0
0.06
0.69
0.5
1.81
0.22
0
0
0.33
0.1
0.01
0
0
0.36
0
0
0.09
2.65
6.52
0
0
1.81
0
0.17
2.33
0
0
0
0
0
0
0
0
0
0
0
0
0
0
0
0
0
0
0
0.11
0
1.98
5.7
3.27
6.63
4.67
0.57
0
0.01
0
0.02
0
0
0
0
0
0.02
0
0.02
0
0.01
0
0
0
0.01
0
0.68
14.61
0
0
0
0
0
0
0
0
0
0
0
0.49
0.05
4.55
2.64
1.23
6.4
16.18
5.06
4.51
0.16
0
0
0.02
0
0
0
0.26
8.07
26.96
1.9
0.02
0
0
0.05
0
0.46
9.7
12.66
1.39
0
0
0
0
5.18
6.93
1.18
1.04
3.47
0.34
1.92
0.06
0
0
0.4
0.2
0.68
0.07
0
0
0
0.01
0
2.08
1.04
2.89
5.52
0.19
0
0
0
1.16
7.3
5.64
9.03
13.5
15.62
5.7
4.26
4.91
3.48
0.33
1.26
0.41
5.94
18.5
6.88
1.38
0
0
0.09
0.02
0.03
0.01
0
0.01
0
0.05
0
0
0.76
1.41
0
0.15
0
0
0
0
0
0.5
0
0
0.34
0
0.02
0.02
0
3.63
2.62
0.2
1.09
0.41
2.09
1.46
4.43
0.2
0
0.05
0
0.01
0
0
0
0
0
0
0.01
0.01
0
0.04
0.97
0.25
0
0
0
0.01
0.13
0.1
0
0.68
0.64
5.3
5.89
6.9
16.73
5.58
1.44
1.2
0.19
1.23
0.18
0
0.02
0
0
0.01
0.01
0
0
0
0.2
8.05
5.27
1.02
0.35
0.01
0
0.52
0.11
0
0
0
0.7
2.45
0
0.07
0.38
0
0.41
0.27
0.42
1.83
0.38
0.15
0
0
0.01
2.73
1.14
5.64
1.29
0.1
1.5
0.79
5.09
1.4
2.07
0.44
0.11
0
0.38
0.84
0.61
0
1.42
5.7
10.52
9.29
5.92
7.85
7.52
1.45
1.34
0
0
0.01
0
0
0.73
8.93
14.86
5.16
9.27
3.64
0.18
2.04
0.46
0
0.01
0.23
0.03
1.13
0
0.01
0
0
0
0
1.16
4.66
4.96
4.94
13.89
6.09
3.38
0
0
0.67
0.01
0
0.32
0
0.01
0.33
0.08
0
0.29
8.5
3.07
3.41
0.9
6.03
3.01
0.32
0.12
0.52
2.24
0.37
1.24
3.8
0
0.02
0.02
0
0
0
0
0
0.16
1.11
5.31
0.83
0.08
0
0
0.2
0.82
4.43
0.04
0.07
0
0.18
0
0
0.5
3.48
1.05
1.27
0.48
0
0
0.45
7.43
5.89
8.45
0.18
0
0
0
0
0
0
0
0.92
7.58
0
0
0.04
0
1.2
0.81
0.09
1.86
0.46
1.24
2.57
6.93
5.94
1.17
8.19
0.93
3.16
0.48
0.01
0
0
0.05
0.17
0
0
0.03
0
0
0
0
0
0
0
0.05
0.09
0
0.01
0.87
0
0
0.01
0
0.69
14.38
30.43
8.31
1.07
0
0
0
0
0
0
0
0
0
0.46
0
0
0.37
3.1
1.03
7.48
4.52
0
0
0
0
0
0
0
0
0
0
0.31
0.02
0.11
0.99
0
0
0
0.13
0.01
2.05
0
0
0
1.81
0.13
1.15
0.59
0.29
0.65
0
0
4.59
10.04
1.92
3.75
1.29
0.04
2.7
7.99
0.77
0.01
0.89
0.58
0
0
0
0.41
0
0
0
0
0
0
0.01
0.01
0
0
0
0.35
0.26
0.41
3.91
2.97
0.59
0.52
0
0
0
0.77
3.67
1.09
0.94
4.55
4.8
22.15
2.07
4.55
0.45
0
0
0
0
0
0.55
0
0.01
4.09
2.94
2.52
0
0.98
6.01
1.13
0.03
0.07
0
0.37
0.25
0.42
0.37
0.29
5.69
2.81
1.94
0
0.3
0.26
3.48
0.63
0.06
0.27
0.12
0.08
0.4
0
0.16
0.35
0
0
0
0
0
0.09
0.01
0
0
0
0
0.37
0.6
0.11
0
0
0
0
0
0.13
0
0
0.34
3.77
10.7
5.58
0.03
0
0.27
3.16
0.31
0.05
0.83
1.78
0.09
0.09
0
0.03
0
0.05
0.01
0
0
0
0
0
0.05
0
0
0
0
0
0
0
0
0
0
0
0
0
0
0.34
0.05
0.3
0.38
1.73
2.68
0.42
0.43
0.18
0
0.5
0
0
0
0.14
0.2
0
0
0.03
7.09
1.67
0.25
0
0.28
0.1
3.61
1.19
0.18
0.01
0.91
0
0
0
0
3.03
20.33
16.94
5.23
0.6
7.78
0.88
3.65
2.96
7.74
0.38
0
0
0
0
0
0
0
0
0
0
0.01
0
0
0
2.38
6.18
0
0
0
0
0
0
0
0
0
0.09
0.64
0.95
0.39
0
0
0
0
0
0
0
0.03
0
0.41
5.87
0
0.59
0.06
0.01
0.01
0.43
0
0.02
0
0.29
1.01
0.01
8.75
0
0.5
0.32
0
0.66
0
17.09
13.54
9.79
10.35
0
0
0.19
3.88
0.86
1.99
0
0
0
0.01
0
0
0
0
0
0.46
0
0
0
0
0
0
0
0
0
0
0
0
0
0
0
0
0.31
0.45
0.01
0
0
0
0
0
0
0
0
1.08
0.6
1.29
0.03
0.01
0
0
0
0
0
0
0.2
0
0.05
0.08
0
0
0
0
0
0
0
0
0
0.3
3.04
0
0
0
0.02
0
0
0.04
0.02
0
0
0
0
0
0
0
0
0
0
2.34
15.33
0
0
0
0
1.47
0
7.95
2.22
1.04
0
1.38
0
0.36
2.43
11.36
6.45
7.8
5.48
3.43
1.31
1.68
0.09
0.7
0
0.05
0.49
0.39
0.3
1.16
0.76
1.79
0.12
0.01
0
0.4
5.73
0.59
0
0.36
0
0
0
0
0
0
0.04
0.35
0.45
0.15
0.12
0.08
0.02
0.36
0
0.03
0
0
0
0
0.14
0.19
1.52
0.05
0.03
0.23
1.04
0.18
1.28
10.71
1.22
2.99
10.45
3.73
0
0.02
0.1
0
1.43
4.14
2.57
0.81
2.61
5.31
1.5
0.66
0
0
0
0
0
0
0
0
0.01
0
0
0
0
0
0.2
0.01
0.16
0.44
0
0
0
0
0
0.01
0
0.01
0
0
0
0
0
0
0
0
0
0.02
0.06
3.01
5.42
3.94
1.15
0
0.08
0
1.1
1.46
0.38
0.05
0.3
0.64
1.16
9.12
0
1.49
5.34
2.39
0.27
0
0.01
0
0
0
0.01
0
0
0
0.2
0.26
0.08
0
0
0
1.21
4.85
0
1.05
10.16
8.57
2.76
1.23
6.59
6.41
3.98
2.04
0.3
3.37
2.57
1.89
0.61
0.05
0.19
2.81
1.5
0
0.75
0.14
0.09
0
0.26
1.72
4.15
0
0
0
0
0.45
0.04
0
0
0
0.49
0.12
0
0
0.01
0
0.01
0
0
0
0
0
0
0
0.08
0.7
13.62
2.85
5.45
5.32
0.41
2
0
0
0
0
0
0
0
1.16
4.3
0
6.57
6.2
25.69
9.9
2.69
0.3
0.02
0
0
0
0.04
0.01
0
0
0
0.04
0
0
3.99
2.96
8.93
29.97
4.86
0.06
0
0
0
1.36
0.2
0
0
0
0.04
0
0
0
0
0
0
0.07
0
0
0
0
0.01
0
0.02
0.01
0
0.03
0.04
0
0
0
0
0
0
0
0.07
0.01
0
0
0
0
0.01
0
0
0
0.01
0.04
0.43
1.77
0.11
0
0
0
0
0
0
0
0
0
0
0
0
0
0
0
0
0
0
0
0
0
1.84
0
0
0
0
0
0
0.63
0.44
0
0
0
0
0
0.04
0
0
0
0
0
0.12
0.25
0.22
0
0
0
0
0
0
0
0
1.64
1.19
0
0.01
0
0
0
0
0
0
0
0.02
0.02
0
0
0
0
0
0
0
0.21
0
0
0
0
0
0.01
0
0.01
0
0
0
0
0
0
0
4.92
0.18
0
0.04
0.53
0.17
0.01
0
0
0.02
0
2.84
4.38
0.82
0.07
0
0
2.06
11.52
6.82
2.72
0.42
0
0
0.02
0
0
0
0
0
0
0.27
0.43
2.49
5.48
0
0.3
1.68
8.75
1.79
11.64
11.3
1.05
0.2
0
0
0
0.02
0.14
7.74
1.61
0.56
0
0
0
0
0
0.01
0
0
0
0
0
0
0
0
0
0
0
0
0
0
0
0.58
6.19
11.27
7.75
7.99
3.61
3.41
3.36
10.39
0.34
0.45
0
0.21
0.41
3.61
1.73
11.47
11.76
3.37
0.46
2.43
1.17
0.58
0
0.28
0.29
2.28
0.89
4.17
5.88
7.63
5.59
29.43
2.81
0
0.03
0
0
0
0.01
0
0.21
2.17
2.65
0
10.19
21.13
9.68
6.25
4.07
0
0.79
5.47
3.52
2.38
3.98
1.66
0.3
0.02
0
0.01
0.01
0.01
0.01
0.01
0.05
0
2.13
1.38
0.32
0.37
0.31
0
0
0
0
0.1
3.25
9.8
3.5
0.06
0
0
0
0
0.01
0
0
0
0.11
0
0
0.01
0
0
0
1
0.64
0
0
0
0
0
0.02
0
0
0
0
0.49
4.88
9.96
7.51
5.92
8.2
0.71
0
0
0.08
1.67
0
0.64
2.65
0.43
0.04
0.02
2.36
0.13
0
0
0
0
0
0.11
0.01
0
0
0
0.13
0
0.16
2.09
0.82
2.15
3.46
0.81
1.14
0
0
1.34
3.07
4.42
1.35
1.25
1.12
0.14
2.44
3.93
2.16
3.69
1.61
0
0
0
0
0
0.09
5.31
13.16
7.61
2.25
1.09
0.01
3.12
0.8
4.05
1.13
0.02
0.06
0.02
0
0
0
0
0
0
0.01
0
0
0
0.01
0.26
0
0.04
0
0.02
0.02
0.05
0.34
0.12
2.67
7.23
2.64
1.77
3.33
3.11
0.02
0.01
0.56
0.02
0
0.54
0
0
0.01
0.42
4.98
5.69
1.33
0
0
0.3
0.15
0.59
0
0
3.04
0
0.32
0
0.02
0.16
0.13
0
0
1.88
0
0.33
3.1
2.14
0.16
0
0.01
0.02
0
0.44
1.24
0.57
0.05
0
0
1.88
0
0.05
0
0.21
0
0
0
6.11
4.41
7.96
0
0.23
0
1.24
0
0
0
0
0
0.33
0
0
0.58
6.15
11.76
4.98
1
0
0
0
0
0
0
0
0.01
0
0
1.24
1.72
0
2.61
10.35
0.29
0.01
0
0
0
0.01
2.92
13.17
19.29
13.14
7.25
2.23
0.22
1.19
9.03
0
0
2.34
1.89
0.08
0.5
4.32
2.43
0
0.03
0.02
0.02
0
0
0
0.05
1.12
1.87
9.08
0.03
0.63
0.02
0
0.01
5.02
10.32
9.49
0
0
0
0
0
0.01
0
0
0
0.91
3.94
18.7
24.1
17.62
17.42
2.3
4.68
4.45
8.52
3.34
0.14
0.09
0.8
0
0.02
0
0
0.16
1.07
0
0
0
0
0
0
0
0.03
3.05
5.05
0.3
2.57
14.03
2.53
2.97
6.41
12.52
3.63
6.71
2.16
2.2
0.09
0.16
0
0
0.07
0.02
0
0
0.42
6.64
0.18
0.05
0.02
0
0
0
0
0
0
0
0.01
0.01
0.14
0
0
0
0
0
0
0
0.9
2.05
4.91
14.38
5.43
0.43
0.1
0.02
0
0.01
0
0
0
0
0
0
0
0
0.93
0.08
0
0
0
0
0
0
1.4
9.41
7.5
5.45
3.73
8.73
21.59
1.46
6.3
3.7
8.29
25.23
19.42
8.02
3.34
0
0
0
0
0
0
0
0.38
0.41
0.87
1.4
0.19
4.72
10
3.66
1.71
1.2
0
0.77
1.95
4.18
3.52
8.62
0.34
0.66
5.56
1.9
5.48
0.84
0
0
0
0
0
0
0
0
0
0
0
0
0
0.02
0.07
0
0
0.49
2.16
3.74
19.39
11.15
13.45
6.55
6.89
30.25
15.95
0.79
0.01
0.01
0.2
0
0
0
0.01
0.01
0
0.01
0
0
0.21
2.7
0.01
0.01
0.6
0
0
0.02
0
0
0
0.04
0
0
6.89
0.29
5.28
1.22
0.63
6.02
0
0.22
0
0
0
0
0
0
0
0
0.01
0.02
0
0
0
0.01
0
0.21
0
0
0
14.3
23.7
0.79
0
0
0
0
0.02
0
0.83
3.16
0
0.02
0.34
0.06
0
0
13.37
9.28
0
0
0
0
0.09
0.02
0
0
0
0.23
0
0
0.14
0
0
0
0
0
0
0.32
0
0
0
0
0
0
0.07
0
0
0
0.04
0.01
0
0
0
0
0
0.01
0.08
0
0.08
0
2.93
18.13
11.2
3.14
26.34
12.79
1.37
0
0
0
0
0
0
0
0
0.19
0
0
0
0.02
3.55
9.73
0.98
0.01
0.78
5.39
3.25
0.23
0
0
0
0
0.14
1.96
0.01
0.03
0
0
0.07
0
0.04
1.41
4.73
0.03
0.08
0.54
0
0
0.12
0.58
4.57
3.72
0.16
0.05
0.83
0.33
0
0.1
0.59
0.83
0.07
3.25
4.63
0.43
0.13
0
0.23
0.02
0.01
0.19
0.02
0.02
0.09
0
0
0
0
0
0
0
0.15
0
0
0
0
0.03
0
0
0
0
0
0
0.05
0.33
0.11
0
0
1.35
1.8
1.14
4.4
3.74
9.05
4.5
2.61
0.47
0
0
0
0
0
0.2
0.42
0.2
0
0
0
0.2
1.96
0.01
0
1.39
1.12
0.01
0
0.2
2.47
2.79
0.73
0.39
0
0
0
0
0
0.01
0
1.62
0.68
0
0.34
0.46
1.25
1.27
0.16
0
0
0.59
5.91
12.75
12.59
11.03
0.58
0
0.88
0.15
0.11
0
0
0
0.01
0
0
0
0
0.07
0.71
2.51
2.1
0.13
0
0.53
0.42
0.25
0
0
0
0.87
0.51
0
0.19
0.41
0.32
0.98
4.2
2.95
2.3
6.84
0.5
0
0.12
0
0.56
4.32
0.79
0
0
0.3
0.09
2.92
0.4
0
0
0.34
0
0.36
0
0
0.84
5.09
8.38
2.75
0
0
0
1.35
1.7
1.3
1.81
4.06
4.22
5.13
15.81
6.61
10.4
9.56
1.21
9.95
2.1
0
2.31
8.8
3.54
5.52
1.61
0.02
1.06
0.34
0
0
0
0.29
0
0.19
0
0.46
0.15
0.39
2.3
9.16
5.12
5.31
6.06
1.63
2.38
2.84
8.69
1.79
0.4
0.33
0.09
0.01
6.55
21.28
2.44
0
0.02
3.66
9.65
1.81
1.16
6.48
5.8
5.94
0.2
0.97
7.75
13.3
0.13
0
0
0.55
0
0
0
0
0.19
0
0.02
0.55
0.15
0.32
0.02
0.02
0
0
0.23
0
0
0
0.52
0
0
0.43
0
0
0
0.47
0
0
0
0.8
0
0
0
0
0.2
0.19
0.32
0.03
0.1
0.68
0.08
0.02
0.32
0
0
0.47
0
0.32
0
0.58
0
0
0
0
0
0
0.12
0.01
0
0
0.21
0.2
3.75
0.96
3.61
0.68
0
0
0.2
0
0
0.41
0.16
0.49
1.43
0.09
0
0
0.43
0
2.37
9.56
3.23
11.47
12.93
0.48
0
0
0
0.1
0
0
0
0.16
7.33
20.28
44.59
6.57
0
0
0
0.19
0
0
0.8
3.13
3.3
3.31
6.33
8.97
0.3
0
3.09
5.11
1.25
0
0.13
0
0.01
0
0.26
0
0
0.45
0.02
0.17
1.64
0.24
0.36
2.01
5.24
9.36
3.02
8.48
0.3
0
0.14
0
0
0
0.05
0
0.09
0
0
0
0
0.63
0.33
0.3
0
0
0.1
0
0
0
0.9
0
0
0
0.79
0
0
0
0.6
5.13
10.39
4.25
0.34
0
0.79
0
0
0
0.44
0
0
0.91
6.16
2.25
0.54
0.42
0.01
0
0
0.01
0.17
0.79
0.84
0.13
0.23
0
0
0
0
0.02
0.04
0.38
0
0.02
0.02
0.01
0
0
0
0.01
0
0.05
3.84
1.7
1.31
2.82
1.77
4.3
13.04
14.34
1.26
0.56
0
0
0
0
0
0
0.07
0.56
1.28
5.48
2.58
2.9
4.77
0.72
0
0
0
0
0
0
0
0.5
0.05
0.36
0.39
0
0
0
0
0.7
0.12
0
0
0
0.74
2.7
0.59
3.05
1
1.09
0.03
0.02
0
0.97
2.28
0.88
1.72
0
0.32
0.12
3.7
12.84
3.64
4.48
2.77
5.22
8.2
3.46
7.04
0.41
5.42
5.8
4.52
1.3
3.02
1.09
0
0
0
0
1.47
8.02
3.01
0.02
0.02
0
0.02
0
0.22
0.46
0
0
0
0
0
0.12
0
0
0
0.01
0
0
0.01
0
0
0
0.75
3.65
3.73
1.26
12.64
17.62
0.55
0.02
0
0
0
0
0
1.2
0.17
0
0.01
0
0.2
0.04
0
0
0.01
0
0
0.48
0
0.01
0.12
0.01
0.1
2.54
3.51
0
0.01
0
0
0
0
2.26
21.89
32.2
23.9
0.1
0.41
0.55
0.38
0.2
2.3
2.58
0
0.39
1.97
0.83
1.7
0
0.01
0
0.25
0.48
0.02
0.02
0
0
0
0.02
0
0
0.01
0.02
0
0
0
0
0
0
0
0
0
0
0
0
0
0
0
0.93
6.93
0
0
0.09
0.23
0
0
0
0
0
0
0
0
0
0
0.01
0.01
0.03
1.1
1.3
0
0
0
0
0
0
0
0
0.3
0.11
0
0.01
0
0
0
2.84
2.63
0.18
0.52
0.79
3.12
1.14
0.49
1.51
0
0
0
0
0
0
0
0
0
0
0
0
0
0.01
1.55
7.96
0.21
0.2
2.84
1.44
3.23
2.35
0.38
0
0.23
0.1
0
0
0
0
0
0
0
0
0
0
0
0
0
0
0
0.95
0.25
0.05
0.25
1.3
4.05
0.5
0
0
0
0
0
0
0
0
0.02
0
1.01
0.61
0.11
0
0.01
0.11
0.04
0
0
0
0.01
0
0.02
0.82
0.02
0.9
0.42
0.45
1.7
2.92
5.34
18.44
11.53
11.46
4.5
2.62
5.04
1.04
0.69
1.2
4.25
17.98
7.17
11.52
7.2
6.09
21.74
12.74
6.46
9.8
7.67
1.2
0.41
1.48
0.68
0.46
0.35
0.13
0
0
0.27
0
0
0.01
0.01
0.02
0.02
1.16
6.27
3.04
2.2
0.23
0.58
9.29
6.38
0.07
0.02
0.43
0.16
4.52
0.5
1.91
0.5
0.04
0
0
0.21
0.17
0
0
0.3
0.46
3.14
7.47
4.97
0.25
0
1.2
0.05
0
0.31
0.28
0
0
0
0
0
0
0
0
0
0
0
0
0
0.2
0.02
0
0.55
2.98
7.9
18.38
2.85
6.4
4.37
0.23
10.82
9.88
4.61
10.59
1.96
0
0
0
0.01
0.72
0.54
0.53
8.25
7.16
1.87
5.2
1.68
0.34
0
0
0.25
0.18
0
0
0
0.27
1.57
4.22
1.05
0.71
0.81
0.27
0
0.01
0.27
1.84
8.28
3.02
4.22
2.55
0
0.04
0
0.23
0.82
0.85
6.26
0.7
0.17
0
1.26
0.58
3.09
0
0
0.69
0.47
3.48
2.4
7.06
9.09
0.51
1.2
0.97
0.35
0
0.02
0
0.02
0
12
0.54
6.88
8.33
1.66
0.61
0.1
0.74
0.09
1.32
8.5
10.58
0
0
0.02
0
0.08
0.66
2.95
3.4
6.86
2.89
0
0
0
0.01
1.48
6.8
4.13
0.02
0.01
0.09
0
0.01
0
0.01
0.02
0
0.52
0.55
0.14
0
0
0
0
0
0
0
0.01
0.33
0.25
0.02
0.02
0.49
0
0.12
3.14
7.92
0
0
0.2
2.38
12.12
0
0.02
0.51
0
0
0.02
0.02
0.03
0.72
0
0
0
0
0.63
4.33
7.74
2.47
3.38
1.63
1.7
0
0
0.02
0
0
0
0
0.01
0.08
0
0.01
0
0
0
0
0.01
1.01
1.95
0
2.61
3.68
7.24
0.5
0.7
3.3
1.86
8.34
12.91
0.75
0
0.05
0.46
0.2
1.05
6.37
3.99
0.11
0.01
0.03
1.2
0
0.42
2.89
4.89
2.23
2.63
2
0.28
0.6
0
12.87
12.23
14.09
0.69
1.07
1.48
4.63
14.63
0.96
0
0.1
1.14
3.09
0.14
0
0
0
0.38
6.34
10.17
3.37
4.93
7.88
0.1
0
0.01
0.01
0.01
1.78
7.09
5.02
2.69
0.94
0
0.02
0.49
0.83
0.01
0
0
0
0
0
0
0
2.31
1.1
0.9
5.3
2.01
11.48
4.38
1.56
4.77
14.16
4.05
0
0
0
1.05
4.88
2.48
2.04
13.47
15.95
0.71
1.73
1.36
0.92
2.99
3.93
5.14
7.7
14.34
4.43
3.14
0.24
0.3
1.92
3.61
0.84
0.08
0.83
0.61
0
0
3.02
3.46
1.73
4.43
3.25
4.83
0.37
0.33
0.64
0.2
1.86
0.95
1.5
0
0
0.06
0.02
0.04
3.13
7.37
9.26
3.84
2.64
2.4
1.2
0.05
0.3
4
1.62
0.45
1.14
3.93
4.24
12
15.48
21.56
11.49
2.87
3.02
0.62
0.5
0
0.29
0.28
2.73
9.04
5.3
0
0.24
2.2
8.75
4.7
3.8
7.37
5.08
3.56
9.1
7.53
5.52
2.21
3.96
9.71
3.4
0
0.5
0.33
0
0
0.44
0
0.01
0
0
0
0.04
1.33
2.95
6.32
3.15
1.28
1.57
5.56
6.66
8.28
1.9
0
0
0
0
0
0
0.43
2.87
6.73
7.82
5
2.44
1.02
0.16
1.22
0.05
0
2.04
0.55
0
0.89
0.02
0.55
0.13
0.07
0
0
0
0
0
0
0
0
0
0.14
0.48
0
0
0
0
0.03
0.09
0.31
0
0.18
1.14
18.33
0.09
0.38
0
0.02
0.02
0.34
0.01
0
0
0
0.24
0.14
0.88
4.15
9.45
13.86
2.41
0.31
0.37
0
0.55
0
0.01
0.01
0.09
2.13
0
0.08
2.74
28.26
1.84
0.25
0.55
3.05
8.05
7.03
0.51
1.38
0.24
0.06
0.12
5.19
0.37
0
0.16
0
0.01
0.03
0.01
0.01
0.03
0
0.05
0
0
0.02
0
1.56
2.19
0.14
0.77
0.61
0
0
0
0
0.02
0
0
0
0
0.01
0.48
0
4.7
1.19
0.25
0
0
0.32
0.21
0.02
0
0.03
0.03
0.08
2.92
10.13
9.32
0.17
0
0
0
0.01
0.01
0
0
0
0
0.21
0
0.12
0
0
0
0
0
1.72
1.59
0
0
0.01
0
0
0
0
0
0
0
0
0
0
0.07
0
0
0.09
0
0
0
0
0
0
0
0.02
0.15
2.17
3.81
2.44
6.89
0.75
0
0.01
0.38
0.4
0.09
0.12
2.09
1.43
0
0.06
4.27
3.02
6.74
16.47
6.8
14.15
14.08
0.84
0.92
0.58
0.92
0.05
0.3
9.68
13.7
2.26
1.27
2.66
0.52
4.13
11.09
4.57
9.42
14.19
13.23
7.66
3.2
2.31
15.77
20.49
6.72
6.54
0.82
4.2
0.78
5.16
9.3
0.51
0
0
0
0.69
3.29
3.6
2.09
0.05
0
0.71
0.15
0
0.08
0
1.09
11.72
3.27
0.53
0
0.02
0.02
0
0.27
0
0
2.97
1.1
0.25
2.61
7.32
6.34
12.2
0.71
0
0.23
0.06
1.59
3.77
1.48
0.75
0.05
0
0.02
1.51
0.87
0.04
0
0.78
0.23
1.1
2.97
5.72
2.16
0.99
1.51
4.38
1.15
1.83
4.74
0.9
0.27
0.32
0.61
0.2
1.55
1.98
0.34
0
0.01
0
0.5
0.04
0.06
0.49
2.67
0.6
6.27
4.64
1.78
2.56
1.05
0.37
0
0.58
0.56
0.08
1.16
0.04
0.02
0.01
0.31
0
0
0
0.5
0
0
0
0
0.44
0
0
0
0.18
0.84
3.87
1.3
0
0
0.54
0.88
0.11
0
0.13
0
0
0
0
0
0
0
0
0
0
0
0
0
0
0
0
0
0.01
0.73
3.23
1.03
0.1
0.99
0.3
0
0
0.19
0
0
0
0
0
0
0.01
0
0.05
2.64
10.66
5.66
4.2
3.82
1.83
0.01
0
0
0.01
1.02
7.97
3.14
1.04
0
1.57
2.62
10.83
1.52
0.04
0.11
0.05
4.35
6.57
0.48
0
0
0
0.13
1
3.46
0.17
0
0
0
0
0.01
0
0
0
0.1
0
0.2
0
0
0
0
0.16
0.6
1.2
0.3
2.58
6.38
7.4
8.5
16.61
4.8
3.19
0.65
0.18
0
0.55
1.66
0.23
0
0
0
0
0.23
0
0
0.43
0
0.26
0.25
0
0.26
2.91
0.18
0.28
2.04
6.73
0.44
0.4
2.15
0
0
0.46
0
0
0.03
0.02
0
0
0
0
0.02
0
0
0
0
0
0
0.21
0.01
0.01
0
0.2
0.23
0
0
0.54
0.56
0.27
0
3.02
7.54
9.1
0.91
5.17
0
0.2
0
0.02
0
0
3.39
0
0
0
0
0.36
0
0
0
0
0.05
0
0
0.42
0
0
0.04
0.02
0.01
0.09
0
0.05
0
0.91
3.02
14.49
5.27
0.19
0.01
0
0
0
0.89
0.05
0
0
0.8
0.51
0.24
4.18
25.55
2.57
0.19
0
0
0
0
0.05
0
3.69
17.58
9.9
1.73
0.13
0.12
0.96
0
2.48
7.81
0.8
0
0
0.18
0
0.49
3.57
12.56
14.78
0
0.32
0.14
0.01
0.05
0
0.24
0
0
0.02
0
0
1.2
4.63
0.46
0.97
0.38
1.99
0.27
0.3
0.32
0.25
0.18
0.56
1.09
3.59
5.11
1.38
1.32
2.55
8.53
6.62
4.68
0.24
7.1
14.19
11.39
11.99
3.92
7.3
16.36
5.41
11.88
30.02
1.54
0.23
0
0.31
0.87
0.22
0.23
0.02
0.17
0.01
0
0.34
0.05
0
0
0
0
0
0.77
0.56
0
0
0.85
3.02
1.53
4.9
11
5.58
1.63
0.81
1.89
5.45
8.02
1.71
9.07
4.74
2.19
0.21
0.23
0.41
0.21
0.71
1.52
1.18
1.1
1.43
4.21
0.75
1.44
10.61
8.52
0.66
0
0.01
0.01
0
0
0.01
0
0.01
0
0
0
0
0
0.04
0.04
0
0.01
0.61
1.58
2.02
0.01
0
0
0
0
0.48
0.15
0.12
0
0
0
0
0
0
0.63
5.13
6.72
4.92
9.79
0.95
2.8
8.41
6.71
3.38
1.5
1.19
4.77
10.06
3.87
2.15
0.98
0.92
0.13
0
0
0
0.38
1.29
3.06
0.53
0
0
1.23
7.76
6.22
0.25
0.14
0.41
0.05
0.01
0.24
0
0
1.75
0
0.01
0.12
0.12
2.21
1.06
1.59
0.03
1.66
4.65
0
0.71
5.05
8.01
1.68
0.24
0.54
1.66
0.71
3.66
11.21
3.86
4.3
2.36
1.06
2.79
3.38
2.79
0.53
0
0
0
0.01
0
0.02
0
0
2.05
1.93
0.92
0.21
0
0
0.32
3.15
1.25
0
0
0.05
0
2.52
19.69
12.43
2.78
0.92
6.12
12.9
2.16
1.07
1.02
0.93
0.58
0.09
0.48
0.03
0
0
0
0.38
7.69
7.32
0.28
0.15
0
0
0
0
0
0
0
0.29
0
1.13
1.77
3.71
0.39
0
0
0
0.02
0
0
0
0
0
0
0
0
0
0
0
0
0
0
0
0
0.08
0
0
0
0
0
0
0
0.01
0.05
0
0
0.01
0.47
0
0
0
0
0
0
0
0.02
0.01
0
0.01
0.01
0
0
0
0
0
0
0
0
0
0.01
0
0
0
0
0
0.01
0
0
0
0
0
0
0
0
0
0
0.06
0.04
0
0
0.34
0
0.24
0.04
0.19
1.43
0.96
0.56
0.02
0.25
0.23
3.99
11.63
6.48
2.2
1.27
0.46
0
0
0
0.34
0.05
0
0
0.01
0.01
0.34
0.9
1.45
2.89
11.29
8.8
4.05
2.98
1.59
0.48
0
1.6
2.46
0
0.04
0.58
3.86
8.81
3.14
0.08
0.01
0
0.01
0
0.09
1.98
2.45
3.2
4.8
0.03
0.65
0.78
0.55
1.78
1.76
0.82
0.24
0.26
0.02
0.59
1.53
1.3
2.68
3.36
0.7
0.02
0
0
0
0
0.01
0
0
0
0.33
0.14
0.3
0.04
0.28
0.17
0.48
0.02
0.13
0.98
0.39
0.61
0.32
0.29
0.01
0.16
0.35
0.06
0.01
0
0
0.46
0.69
2.68
3.76
14.49
18.2
14.19
8.54
2.05
7.34
7.7
2.58
3.34
7.09
9.01
3.44
3.99
4.2
3.89
0.04
0.49
2.49
2.06
0.8
1.39
4.82
3.02
1.96
2.48
0.5
0.13
0
0
0
0
0
0
0
0
2.5
2.93
1.37
1.97
2.23
1.73
5.31
4.2
6.51
11.86
6.94
2.88
0.69
1.87
9.84
12.97
3.38
0.75
1.66
2.92
1.23
0.21
0.54
1.3
0.69
0.57
1.06
0.66
0.66
1.1
0.55
0.57
0.04
0
0
0.17
0.28
1.7
3.46
2.76
2.67
0.04
0.03
0.78
0.95
0
0.02
0.34
0.1
0
0.06
0
0.05
0.02
0
0
0
0.38
0.02
0
0
0
0
0.56
0.42
0.04
4.79
23.51
25.33
8.55
6.73
12.14
6.97
2.12
0.52
2.24
7.15
2.96
0.09
0
0
0
0
0
0
0.28
0
0.21
0.4
0
0
0
0.01
0
0.54
0
0
0.02
0.09
0
0
0
0
0
0
0
0
0
0
0
0
0.02
0
0.41
0.67
0.78
0.87
0.24
0.68
1.8
0.48
1.99
5.09
7.77
7.52
3.35
0.37
0
0.61
0.94
0
0
0
0
0.03
0
0.03
0
0
0
0.69
0.25
0.02
3.45
3.54
3.89
9.99
9.21
2.09
1.81
1.91
0
0
0
0
0
0
0
0
0.02
0.42
0
0.01
0
0
0.01
0
0.03
0
0.17
0.23
0
0.12
0.51
2.91
6.77
5.44
5.48
3.86
1.55
0.55
0.23
4.3
1.62
0
0
0
0
0
0
0
0
0.01
0
0
0
0
0
0.01
0
0
0
0
0
0
0
0
0.01
0.16
0.4
0.7
0
0
0.54
0.64
4.54
2.55
0
0
0
0.13
0.07
0.86
0.59
0.88
5.42
6.09
8.84
12.11
0.56
1.03
0
0
0.08
0
4.77
0.63
1.46
0
0
0
0
0
0
0
0
0.06
0.17
0.01
0
0.05
0
0
0
0.06
0
0
0
0
0
0.05
0
0.04
0.03
0
0.05
0
0.12
0.18
0
0.52
6.81
10.79
5.84
8.82
14.51
7.15
9.15
10.32
4.25
1.88
6.23
3.88
2.79
6.71
18.73
27.36
17.81
9.13
2.49
0.35
0.45
0.22
0.78
0.01
0.42
0.45
1.27
3.3
2.19
0.92
1.38
2.98
1.07
4.62
6.41
3.26
1.97
1.75
3.47
3.65
1.13
1
7.45
1.8
0.31
4.11
4.75
1.5
0.66
3.04
1.72
0.83
0.06
0.05
0.01
0.2
0.31
0.37
0.05
0.52
2.23
1.16
0.29
0.34
0.76
0
0
0
0
0
0
0
0
0
0.34
1
1.05
0.73
0
0.01
0
0.01
0
0
0
0
0.02
0
0
0
0
0
0
0.01
0
0
0
0
0
0
0
0.05
0
0.03
0.08
0.59
0.66
3.15
15.95
8.67
11.86
9.88
15.63
1.57
0.15
1.49
5.57
22.67
22.13
5.73
2.41
2.14
1.46
0
0.41
1.33
0.43
0.21
0.2
0.59
0.21
0
2.34
3.54
3.91
2.7
3.25
2.46
1.33
0.25
0.12
0.09
1.05
2.71
0.4
0.42
0.5
2.2
0.39
0.44
0.14
2.67
5.26
1.77
4.46
1.39
0.94
2.52
1.49
0.3
0.79
0.76
0.39
0
0.33
0.31
0
0
0
0.95
11.8
6.79
3.88
0.21
0.02
0
0
0
0
0
0
0.02
0.02
0
0
0
0
0.01
0
0
0
0
0.01
0.12
0.01
0
0
0
0.01
0
0.01
0.02
0.1
0
5.39
2.47
1.09
0.22
0.02
0
0
0
0.08
0.67
2.52
9.29
4.29
0.38
0
2.65
0.14
0
0
0
0
0.02
0.02
0
0
0.01
0
0.31
0.16
5.34
17.98
6.77
15.98
8.04
0.99
0.92
5.48
3.09
0
0.1
0.03
0.03
2.04
2.62
0
0.02
0.41
0
0
0
0
0
0
0.09
0
0
0.36
2.85
0.61
0.24
1.73
0
0
1.31
0.5
1.16
0
0.14
0.04
0.02
0.66
1.95
0.21
0
0
0.04
1.39
3.96
0
0
0.01
0
0
0.75
0
0.02
0.01
0.02
0
0
0
0
0
0
0
0
0
0
0
0
0.01
0.04
0.03
0
0
0.02
0.12
0.02
0
0
0
0
0
0.36
0
0.13
0
0.01
0.01
0
0
0
0
0.07
0
0
0
0
0.09
0.71
0.27
1.59
7.26
1.27
0.69
0.02
0.04
0.09
0
0.21
0.02
0
2
4.16
2.54
0.37
5.38
1.78
0.13
0
0
0
0
0
0.39
0.63
0
0
0
0
0
0
0
0
0
0
0.03
1.46
8.7
14.73
0
0
0
0
0
0.09
0.01
0.01
0.01
0
0
0
0
0.01
0
0.01
0
0
0.01
0
0
0.23
1.88
0
0.06
0.45
0
0.02
0.07
0.1
0
0
0.02
0.19
1.82
0.08
0
0.07
1.61
1.16
3.5
6.55
0.82
0.89
2.05
2.58
1.51
5.96
0.74
0.07
0.8
3.26
0.39
0
0.35
0.3
9.38
1.39
0.7
0.02
0
0
0
1.13
0.93
0.26
0.86
0.52
0.29
0.48
0
0.27
0.97
1.66
1.05
0.34
0
0.01
0
0
0.13
1.48
11.68
3.73
7.19
8.79
1.2
0.3
0.23
0
0
0
0
0.02
0.01
0
0.39
0.77
1.16
0.16
0.39
1.51
0.52
2
2.5
0.52
2.24
10.41
9.92
3.73
3.49
9.8
2.37
0.66
6.93
10.29
8.73
2.01
2.51
1.23
0.04
0.01
0.05
1.34
6.99
8.93
11.92
5.06
4.73
2.78
1.32
0.91
0.32
0.01
0.04
0
0
0.01
0
0
0
0
0
0
0
0
6.36
3.84
0
5.46
4.84
0.22
0
0.17
0
0
0
0
0
0
0
0
0
0
0.01
0
0
0
0
0
0
0
0.01
0
0
0
0.45
0.91
0
0
0
0
0
0
0
0.33
0.43
0.01
0
0.27
0.42
0.25
10.13
7.06
0
0.14
0
0
0
0.09
0
0.27
0
0
2.32
0.49
0
0.06
0.43
0
0
0.09
0.18
0.02
0
0
0
0
0.01
0.01
0
0.02
0
0.01
0
0
0
0
0
0
0.21
0
0.02
0.35
0.08
0.73
1.48
0
0.01
0.01
0.13
0
0
0
0
0.02
0
0
0
0
0
0.01
0
0
0
0.05
0.01
0
0
0
0
0.02
0.08
1.34
0.81
0
0
0.01
0
0
0
0
0.25
0
0
0
0
0
0.02
0
0
0
0
0
4.41
0.75
4.25
1.78
0.23
0
0
0
0
0
0
0
0
0
1.43
0
0.01
0
0
0
0
0
0.01
0.01
0
0
0
0
0
0
0
0
0.01
0.01
0
0.03
0.25
0
25.31
13.39
9.71
2.78
4.74
16.59
1.51
0
0.04
0
18.22
8.77
0.82
0
31.14
9.74
7.13
0
0.2
0.05
1.33
0.21
0.56
5.17
4.7
4.67
1.8
0.03
0
0
5.71
4.92
0
0.68
5.23
5.7
0.15
0.06
0
0.05
1.46
16.48
28.45
8.8
0.2
1.48
0.62
2.07
2.2
1.29
0.74
0.3
0.71
9.52
5.91
4.38
1.59
7.44
0.37
0.41
0.13
0.36
0
0.08
0
1.3
1.77
0
1
2.69
1.63
0.03
0.02
0.52
21.61
3.27
0.28
0
0.01
0
0.06
0.38
3.94
1.3
0.67
0
0.21
1.46
0
0.62
2.53
1.64
0.6
9.53
2.83
3.6
1.08
0.05
0.03
0.23
0.04
0.41
1.1
0.7
1.41
1.04
2.52
1.7
1.72
2.6
6.92
1.12
5.66
2.78
9.86
4.58
9.88
19.06
20.29
4.01
3.04
2.32
3.07
2.78
0.14
0.15
0.33
1.95
0.36
0.01
0.36
0.75
0.18
0
0
0
0.02
0
0.07
7.02
3.66
12.38
6.13
1.21
9.31
3.29
0
2.92
3.95
8.46
4.77
0.24
0
0.16
0.06
0.03
12.05
3.05
0
0
0.39
0.01
0
0.01
0.01
0
0.01
0
0
0
0
0
0
0
0
0
0.01
0.07
0
0.01
0
0
0
0.01
0
0.01
0
0
4.08
6.66
0.2
0.27
0.18
0.68
0.8
0.5
5.9
4.57
4.44
4.28
6.39
2.17
15.59
14.29
5.14
0
0
0.23
0
0
0.04
1.84
1.49
0.1
0.03
1.38
0
0.01
0.56
0.16
0.77
1.15
0
0.13
0
0
0.17
0.03
0.54
3.84
6.94
0
0
0.23
1.06
2.52
2.49
0
0.01
0
0
0.66
0
2.63
0.54
0.05
0.15
10.86
3.79
1.03
0.71
5.77
6.15
13.08
2.04
0
2.59
17.62
3.77
0
0.16
0.14
2.68
1.89
0
0
0
0
0.11
0
0.16
0
0
0
0
0
0
0
0
0
0.11
3.12
0.33
0
0
0.06
0
0
0
0.04
0.01
0.01
0.09
0.16
0
0
0.03
0
0
0
0
0
0
0
0
0.2
0.7
0
0
0
0
0
0
0.01
0
0
0
0
0
0
0.01
0
0
0
0.07
0
0
0
0
0
0
0
0
0
0
0
0
0
0.79
0
0
0
0
0
0
0
0
0
0
0
0
0
0
1.44
1.6
8.68
1.15
0.01
0
0
0
0.01
0
0.02
0
0.11
0.75
1.83
28.39
14.54
1.87
0.48
1.32
1.6
9.65
8.73
0
1
4.56
5.3
4.27
0
0
0
11.42
14.39
4.44
0.41
0.35
5.25
0.15
2.54
0.83
0.16
0
15.91
3.96
0.16
0.2
0
0
0.04
0
0
2.05
0.64
0.48
9.5
10.22
8.66
10.88
1.7
0.29
0.02
0.01
0.02
0.05
0.05
0.02
0.65
0.06
0.11
0.04
0.01
0
0.06
0.02
0
0
0
0.04
0
0.16
2.32
0
0
0.04
0.02
0.05
0.01
0
0
0
0
0
0
0.01
0.01
0
0
0
0
0
0
0
0
0
0
0
0
0.01
0
0
0.08
0
0
0.02
0.02
0.41
0.11
0.33
1.88
10.06
13.74
2.53
0.08
0.13
0.98
0.47
0
0.01
0.6
2.84
2.24
7.48
0.32
1.58
0.35
0.08
0.42
0
0
0.03
0
0.02
0
0
0
0.01
0
0.92
0.04
0
0
0.19
3.89
0.51
2.99
5.45
8.82
14.21
10.25
0.9
0.03
0.73
0
0
0
0.66
1.76
0.43
0.08
0
0
0
0.06
0
0
0.2
0
10.04
3.02
0
0
0
0.02
0.01
0
0
0
0
0
0
0
0
0
0
0
0
0
9.42
0.39
0
0
0
0
0
0.07
0.02
0.01
1.63
6.8
4.63
1.94
0.05
2.81
2.19
7.74
2.18
3.59
3.98
0
1.3
0
0.3
0
0.33
0.17
0.04
0.02
0
0.24
0.06
0.02
1.5
0
0
1.04
4.46
0.83
0.16
1.25
4.18
4
3.34
0.23
0.86
0.81
0.53
2.75
0.37
0.14
0
0.02
0.11
0
0
0
0
0
0
0
0
0
0
0
0
0.64
4.92
2.49
8.25
2.52
0
0.06
0
0.17
0.03
0.02
0.23
0
0.19
0.17
0.29
0.22
0.02
0
0
0
0
0
0
0
0
0
0.03
0
0
0
0
0
0
0
0
0
0.01
2.89
0.05
0.86
0
0
0
0
0
0.02
0
0
0
0
0
0
0
0.02
0.02
0
0
0
0
0
0.2
0.24
0.08
0.01
0
0.31
0.13
0
0
0
0
0
0.01
0
0
0
0
0
0.2
0
0.01
0
0
0.11
0
0.04
0
0
0.02
0.05
5.24
1.22
0.1
0.01
0
0
0
0
0
0.01
0
0.02
0.01
0
0
0
0
0
0.11
0.09
0
0.02
0
0
0
0
0
0
0
0
0
0
0
0
0
0
0
0
0.02
0
0.01
4.12
0
0.01
0
0
0
0
0
4.66
1.16
7.32
0
0.26
0
0
0
0
0
0.11
0.03
4.8
0.34
5.17
0
0.15
8.4
10
0.78
0.29
0.04
0.01
0.35
9.8
19.33
27.91
20.67
3.34
0
1.61
0.54
0
0.33
4.47
4.19
6.02
0
0.03
0
0.74
0
0
0.01
0
0
0
0.04
0.25
0.32
0.02
0.02
0.01
0
0
0
0.02
0.07
0.01
0.24
0.05
0.01
0
0.02
1.91
0
0
0
0
0.03
0
0
0.03
0
0
0.01
0
0
0
0
0
0
0
0
0
0
0.01
0
0
0
0
0
0
0
0
0
0
0
0.01
0.56
0.74
0.07
0
0
0
0.02
0.04
2.29
2.74
3.09
6.72
0.59
0.98
4.75
1.89
8.27
10.8
2.32
0.25
0.56
5.77
2.5
5.89
13.68
4.83
1.77
3.73
4.86
2.77
0.66
1.29
3
6.52
0.81
0.61
4.29
1.6
0
0
10.56
2.38
0.31
0
0.18
0.07
0
0
0.71
0.03
0.05
4.91
5
1.27
0
0
0.46
13.43
4.19
0.75
3.25
10.72
1.45
0.45
0.01
0.02
0.02
0
1.97
0.2
0
0
0.23
0.5
0.43
4.53
15.98
0.95
0.21
1.09
0
0
0
2.91
10.07
11.53
0.66
0.06
0
0.09
0
0.82
1.13
0
0.15
0
0.01
4.41
12.52
0.13
0.41
3.33
0.39
0
0
0
0.02
0
0
0
0
0.02
4.9
0.42
0.68
0
0.4
6.38
1.11
0.32
0.6
0.94
0
0.01
0
0.01
1.32
0
0.5
0
0.02
0.27
0
0
0
0.76
0
0.54
6.31
0
0.02
2.81
5.04
0.29
0
0.01
0
0.01
0
0
0
0
0
0
0
0
0.01
0
0
0
0
0.29
1.83
7.34
0.07
0
0
0
0
0
0
0
0
0
0
0
0
0
0
0
0
0.01
0.64
0.02
0
0
0
0
0
2.48
1.3
0
0
0
0
0
0
0.38
0
0
0
0
0
0.95
0.01
5.69
0
0
0
0.01
0
0.05
2.78
3.29
2.19
0
0.22
1.52
1.34
0
0
0
0
0
0
0
0
0
0.94
1.04
3.99
0.88
1.27
5.36
1.52
0
0
0
0.02
0.01
0
0
0
0
0
0
0
0
0
0
0
0
0
0
0
0
0
0
0
0
0
0
0
0
0
0
0
0.02
0.02
0.08
0.01
0.04
0
0
0
0
0
5.68
9.04
7.23
2.54
0.64
5.95
1.98
8.73
3.48
0
0.05
0.02
0.54
5.3
2.75
10.34
0.3
0
0
0.01
0.27
0.02
0.19
0.58
0.01
0.27
0
7.18
5.63
2.52
0.93
1.38
7.26
0.05
0.01
0.41
2.15
7.26
0.59
0.14
0.23
0
0.28
12.04
1.48
3.42
1.84
5.44
3.33
0.14
1.42
0.98
1.41
0.05
0.14
0.01
0.17
0.25
0
0.03
0
0
0
0.13
0
0.16
0.06
1.91
0.95
0
5.32
3.06
2.76
4.96
8.73
5.05
4.23
0.66
0.91
0.27
0
0.25
0.03
0.08
0.02
0.02
0
0
0
0.34
1.27
2.11
0.38
0
4.25
3.78
0
0.01
0
0
0
0.04
0.01
0
0
0.79
2.13
2.12
0.23
3.77
11.84
6.44
1.62
11.59
19.37
5.13
1.46
0.66
1.34
5.38
11.54
4.11
6.67
1.43
2.72
0.99
0.51
0.57
0.23
2.81
0.27
0
14.73
24.76
9.96
5.61
18.87
6.72
1.05
0.07
0.06
3.83
2.03
0.1
0
0.04
0.04
0.04
0
0
0
0.02
0.87
7.16
1.92
0.64
0
1.25
2.89
0.9
0.37
0
0
0
0.26
0
0
0.98
0.63
0.2
0.64
0.01
0.32
0.23
0.01
2.99
15.76
6.8
26.3
14.8
1.61
0.32
3.14
3.28
8.21
1.95
1.21
0.67
0.55
8.07
0.58
0.7
0.62
0
0.3
0.01
0
0.09
1.63
5.11
0
0.16
0.01
0.69
0.06
2.16
2.86
0.52
5.44
10.05
0.05
0
0
0
0
0
0
0
0
0.02
1.19
7.2
6.57
6.36
4.81
4.23
1.83
0.11
0
0
0
0
0.2
0
0.56
2.53
1.18
0
0.04
0.01
0.02
0.03
0
0
18.22
1.74
2.11
1.38
0.21
0
0
0
0
0
0.01
0
0
0
0
0
0
0
0
0
0.02
0
0.01
0
0
0
0
0
0
0
0
0
0.02
0
0.03
0
0
0
0.49
0
0
0
0
0.01
0
0
0
0
0
0
0
0.01
0
0
0
0
0
0
0
2.78
6.49
15.44
9.56
6.2
0.08
0.07
1.76
1.34
0.18
1.66
0.43
1.86
12.11
7.73
0.67
3.5
0.28
0.52
1.96
0.68
0.05
0
0
0
0
0
0.01
0.51
0
2.34
1.69
0.03
0
0.28
4.03
6.03
1.05
0.04
0
0
0
0.17
0.7
5.48
0.43
0
0.01
7.77
11.84
11.21
2.7
0
0
0
0
0.01
0.01
4.59
0.01
0
0
0
0
0
0.13
0.01
0.09
0.03
1.51
0.71
0.02
0.69
21.92
22.28
4.57
0.95
0.14
0
0
0.48
0.03
0.57
3.29
7.34
3.93
9.21
5.96
0.06
0.23
1.3
0
0
0.19
0
0.49
0.01
0.01
0
0
0
0.01
0
0
0
0
0.02
0.04
0.42
2.73
2.05
0.01
0.01
0
0
0.66
3.11
6.6
4.88
2.66
2.76
4
3.29
4.8
1.69
10.2
8.54
7.27
3.7
1.97
10.67
9.33
9.98
13.89
14.2
3.65
2.59
4.86
1.97
1.76
1.64
2.76
0.61
4.55
0
0.52
0.89
0.07
11.04
2.66
0.46
0.41
1.13
0
1.53
1.27
0.2
0.42
1.94
1.4
3.57
2.09
0.27
0.02
0
0.24
1.4
0.8
0.05
0.2
0.21
0.17
0
0
0
0.01
0
0
0.27
0
0
0
0
0
0
0
0
0
0
0
0
0.03
0.08
0.02
0.21
0.54
0.55
0
0
0
0
0.01
0
0.79
4.32
1.65
0.41
1.94
0.58
0.61
0.02
0
0.21
1.22
2.84
0.68
0.01
0
0
0
0
0.81
0.04
0.26
0.42
1.39
0.34
0
0
0
0.28
0
0
0
0
0
0.56
1.14
0.29
0
0.02
0.13
0
0
0.14
0
0
0
1.89
3.01
1.83
2.58
0.8
0.7
1.52
1.05
0.65
3.31
1.53
0
0.01
0
0
0
0
0
0.24
0
0.04
0.02
0
0
0
0
0
0
0
0
0
1.39
1.58
11.08
2.95
0.48
0.82
0.18
0.2
0
0
0.02
0.13
1.43
0.29
0.15
0
0
4.08
0.9
0
0
0
0
0
0
0
0
0
0
0
0
0.02
0
0.01
0
0
0
0.02
0
0
0.01
0
0
0.02
0
0
0
0
0
0
0
0
0
0.15
1.8
16.12
27.71
1.9
1.55
1.98
0.02
0
0
0
0
0
0
0
0
0
0
0
0
0
0
0
0
0
0
0.01
0
0
0
0.02
0.43
0
0
0.01
0
0
0
0
0
0
0
0
0
0.02
0.01
0
0
0
0
0
0
0
0
0
0
0
0
0.02
0
0.02
0
0.02
0
0
0
0
0
0.11
0
0
0.85
3.66
3.93
1.41
0.68
0.23
0.11
0
0
0
0
0
0
0
0
0
0
0
0
0
0
0
0
0
0
0
0
0
0
0
0.58
3.6
1.87
0
0.05
0
6.46
2.87
0.54
0.37
0.04
0.18
1.38
1.67
9.38
0
0.09
0.41
3.98
1.31
0.59
0.74
1.38
1.34
0.78
0
0.14
0
0.02
0.1
0.12
0.47
3.71
2.05
0.25
0.22
0.25
0
0
0
0
0
0
0
0
0.29
0.48
0.23
0.33
1.03
1.4
0.71
3.81
2.82
1.52
0.32
0
0.03
0
0.73
0.49
0.21
0.01
0.69
0
0.04
2.29
0.09
1.27
0.2
0.2
0.64
7.05
3.04
14.25
6.55
1.45
3.86
2.73
1.49
1.31
0.85
0.11
0
2.12
1.64
0.78
0.01
0
0.1
0
0
0
0.01
0.26
12.34
4.83
0.56
0
0
0.25
2.17
0.24
0.01
0
0
0
0
0.01
0.01
0.01
0
0
0
0
0
0
0
0
0.02
0.01
2.32
10.05
3.78
0.25
0
2.37
0.14
1.89
0.2
1.13
4.86
10.94
17.61
5.95
0.71
0
0.01
0
0
0
0
0
0.97
2.56
2.15
4.64
8.53
3.61
1.97
4.02
16.43
3.68
2.23
4.39
0.5
0.3
0.18
2
1.56
0.12
0.14
0
0
0.01
0.03
2.92
19.2
6.17
1.88
0.1
0.07
1.1
3.53
0.77
5.71
12.24
0.18
1.16
0.45
0.44
6.95
8.58
3.34
0.55
0.59
9.62
6
3.05
3.19
8.15
10.58
7.27
16.09
2.43
2.73
4.49
4.9
3.46
13.69
7.23
4.31
0.63
0.37
0.31
0.18
0
1.76
2.28
10.39
13.85
1.38
4.09
0.42
10.98
6.59
1.89
0.55
0
9.42
3.58
0
0.12
0.5
0.38
0
0
0
0
0.04
3.37
0.32
0
0
0
0.01
0
0.88
6.34
1.26
0.87
0.54
0
0
0.01
0
0
0
13.22
9.49
0.91
0.17
0
0
0.01
0
0
0
0
0.13
0
0
0.25
1.4
0.5
0
0
0
0
0
0
0
0
0
0.63
0.66
0.03
0
0
5.34
2.81
0
0.17
0
0
0
0
0
0
0
0.06
0.09
0
0
0
0.53
5.73
0.31
0
0
0
0
0.53
0.64
1.22
0
1.96
1.66
0
0
0.02
0.88
4.42
0.41
0.94
0
0
0.01
0.05
0.24
0.19
4.23
1.3
0.03
0
0.15
0
0
0
0
0
0.01
0
0.01
0.63
0.55
17.55
6.33
0.51
0.18
1.68
0.75
0.15
0
0.13
0
0.01
0
0
0.02
0.68
0
0.18
0.03
3.39
0.07
0.05
0.08
0
0.02
0
0
0
0.08
0.85
8.68
1.7
0.49
0.28
0.14
0.77
0.01
0
0.05
0
0
0
0.09
0.07
0
0.02
0.03
0
0.69
0.23
0.03
0
1.25
0.44
0.98
0.2
5.18
2.18
1.16
0.69
1.87
0.3
0
0
0
0
0.11
0
0
0.05
1
0
0
0
0
0
1.65
7.23
5.93
4.8
1.89
1.09
5.47
18.58
3.08
0.84
8.32
1.65
0.8
0.29
0.52
0.9
2.04
6.78
5.98
0.56
1.41
0.66
3.89
7.41
6.98
8.73
5.53
0.68
1.56
6.6
0.9
0
0.02
0.1
0.01
0.02
0.04
0.02
0.02
0.54
5.27
10.66
11.59
13.61
9.94
9.08
11.1
4.1
0.76
5.03
2.02
6.9
0.04
0.49
1.27
0.98
2.21
3.17
1.64
0.77
0.49
0.77
0.98
0.2
0.08
0.02
2.6
0.9
0.21
0.35
2.8
1.9
4.46
8.02
0.3
1.45
3.76
1.63
0.19
0.52
1.64
1.55
1.8
12.33
2.87
0.43
0.73
0
2.26
0.41
0.19
0
0
0.02
0.06
0
0
0
0.09
0
0.42
0
0.01
0
0
0.02
0
0.02
0.13
0.48
0.55
0.04
0.03
0
0.01
0
0
0
0
0.04
0.01
0
0
0.18
0.96
0
0.38
0.15
0
0.76
1.93
4.92
1.71
1.19
0.05
0.79
1.73
0.8
0.89
0
0
0.15
1.41
2.29
2.22
1.57
0.83
0.09
1.69
1.81
0.47
0.01
0.12
0
0.01
0
0
0
0
0.03
0.02
1.53
0.72
0
2.42
1.86
0.37
0.16
0
0.53
0
0
0.46
2.23
8.41
7.51
1.28
0.75
0.39
0.49
2.53
0.02
0.27
0.4
0.01
0
0
0.09
0
0
0.36
0
0
0
0
0
0
0
0
0
0
0
0
0
0
0
0
0.01
0
0.02
0.01
0.05
0
0
0
0
0.31
0.2
0
22.27
0.72
0
0
0.04
0.62
0
0.05
0.3
0.6
0.01
0
0.01
0.09
0.4
0
0
0
0
0
0
0
0
0.01
0
0
0
0.07
0
0
0.01
0.29
0.04
0.16
4.63
0
0.94
25.45
5.24
10.52
7.77
3.66
0.3
1.06
0.54
0
0
0
0.05
0.01
0
0
0
0.88
9.45
26.41
29.9
1.82
0.17
1.55
6.74
0.75
0.13
1.45
8.91
12.17
3.15
0.87
3.05
5.81
8.87
2.16
1.09
0.35
1.29
2.33
15.63
2.84
0.63
0.61
0.93
2.88
7.29
14.4
3.65
0.18
0.21
0.43
1.55
5.93
9.18
7.79
0.89
0
0.21
3.73
6.09
7.95
42.72
13.94
3.36
5.57
2.21
0.21
0.71
0.95
0.19
0
0
0
0
0
0.97
0.22
2.3
1.59
1.15
0.89
0.02
0.59
0.63
0.18
0
5.61
14.41
2.77
0.76
4.91
3.83
0.25
0.01
0.38
3.74
5.84
0.22
0.02
0
0.06
0
0
0.13
0.09
0.01
0
0
0.01
0.01
0
0.03
0.01
4.33
10.54
8.09
0.03
0.04
0
0.04
0.01
0
0
0
0
0
0.04
0.01
0
0
0
1.6
8.83
2.68
0.93
7.98
4.67
1.03
2.14
2.17
2.78
0.61
0.01
0.25
0
0
0.01
0
0
0.01
0.03
0.2
0.05
0.05
0
0
0
0
0
0.07
0.04
0.01
0.04
0.15
1.38
0.23
0.16
0
0.01
0
0
0
0
0
0
0
0
0.01
0.01
0
0
0.05
0
0
0
0.04
0.01
0
0
0
0.02
0
0
0.05
0.02
0
0
0.06
0.12
0.8
0.73
1.16
2.05
1.13
0.27
3
4.63
0.23
0
0
0
0
0
0.01
0
0
0
3.66
1.88
0.22
0
0
0.01
0
0
0.02
0.07
0
0.13
0.14
0.05
0.66
7.8
0
0.07
0
2.94
1.71
0.22
0.11
2.98
0.53
1.34
0.35
0.86
0.19
0
0.02
0.01
0
0.01
0.51
0
0
0
8.2
6.09
16.64
9.88
10.48
1.48
0.18
0
0
0
0
0
0
0
0
0.05
0
0.03
9.08
11.78
7.68
4.82
0.69
0.37
0.2
11.77
8.13
1.7
2.03
0.08
0.15
1.22
0
0.01
0
0.02
0.16
0
0
0
0.01
0.07
0.03
0.01
0.01
0
0.05
0
0
0
0
0
0
0
0
0
0.02
0
4.64
1.19
0.19
0.59
0
0
0
0
0
0
0
0
0
0
0
10.21
2.56
0
0.07
0
0.34
0
0
0
0
0
0
0.02
0.71
5.74
0.43
0.01
0.01
0.14
0.14
0.83
0.61
0.53
0.01
0
1.01
0
0.02
0
0
0.01
0
0
0.01
0
0
0
0
0
0.24
0.1
1.07
0.23
0
0
0
0
0
0
0
0
0.02
0
0
0
0.02
0
0
0
0
0
0
0
0
0
0
0
0
0.01
0.01
0
0
0
0.01
0
0
2.98
3.36
3.15
3.05
3.88
0
8
8.85
4.86
0.13
0
0
0.3
0
0
0.02
0.09
0
3.29
3.59
1.91
7.13
5.45
4.35
15.16
8.73
1.13
0
0
0
0.24
0
0
0
0
0
0
0
0
0
0
0
0.01
0.09
0.28
0
0
0
0
0
0
0.63
0.12
0.01
0
0
0
0.01
0
0
0
0
0
0
0
0
0
0.61
8.2
10.08
2.86
9.21
11.78
12.48
3.75
0.22
0.18
0
0.11
0.16
0
0.36
0.52
3.73
1.63
9.66
5.75
2.61
0.79
4.44
0
0
0.01
0
0
0.34
0.22
0.01
0
0
0
0.04
0.01
0
0.12
1.6
2.53
0.46
1.48
0.19
2.09
1.5
2.09
9.16
1.73
1.03
1.37
2.57
0
0
0
0
7.11
5.77
2.65
1.31
3.69
0.91
0.25
0.1
5.42
0.31
0
0.15
0
0
0
0
0
0
0.02
2.02
0
0.01
0.02
0.01
0
0
2.75
10.74
1.92
1.07
0.83
0
0
0.08
0.02
0
0.18
11.14
4.52
9.13
4.16
2.26
2.45
3.82
0.74
1.73
0.48
0
0
0.17
8.81
1.48
3.25
0
0
0
0
7.55
5.04
3.59
0.4
3.31
2.18
0.12
0
0
2.04
0.58
0.22
4.04
2.14
0.08
0.64
2.05
5.22
4.33
9.03
6.67
1.12
0.59
5.64
8.36
0.16
0.13
0.15
0
0
0
0.4
0.21
0
0.05
0.14
2.58
1.05
0
0
0
0.02
0.2
0
0.01
0.13
4.11
0.39
0
0.14
0.04
0.09
0.01
0
0
0.03
0
0
0.01
0
0.07
0
0
0.29
0.04
1.86
18.68
6.21
6.99
0
0
16.86
2.09
0.15
0.09
0.29
0.85
5.8
1.09
0.3
0.36
0
0.03
0
0
0
13.12
4.32
1.36
0
0
0
0
0
0.04
7.4
15.1
2.75
0
0
0
0
0
0
0
0
0
0
0.02
0.01
0
0
0
0
0
0
0.04
0
0
0
0
0
0
0.08
0.03
0
0.01
0.02
0
0.26
1.53
0.61
23.47
3.16
0.12
0
0
0.01
0
0
0
0
0
0
0
0
0.02
0.02
0
0
0
0
0
0
0.03
0
0
0
0
0
0.11
0
0
0
0
0
0
0
0
0
0
0
0
0.01
0
0
0
0.07
0.02
0.16
0.25
0
0
0
2.58
3.77
0.2
0
0
0
3.19
5.75
0.12
0
0.02
0.9
1.71
0
0.25
1.32
0.55
0.09
0
0
0
0
0
0
0
0.01
0
0.57
0
0
0
0
0.84
0
0
0.09
14.34
4.19
12.5
6.82
1.01
1.25
0.11
1.88
11.59
0
0
0
0
0
0
0
0
0
0
0
0
0
0
0
0
0
0
0
0
0.01
0
0
0
0
0
0
0
0
1.63
7.6
0.46
0
0
0
0
0
0
0
0
0
0
0
0.01
0
0
0
0
0
0
0.15
2.14
4.28
3.73
11.55
1.57
0
1.59
3.28
0.14
1.61
0.34
0.15
0
0
0
0
0
1.27
0
0.01
0
0.11
9.29
15.59
0.95
3.97
5.14
1.22
4.98
0.63
0.77
2.32
0.24
0
0
0
0
0
0.01
0
0
0
0.37
0.05
0.39
0.48
7.85
4.05
1.32
1.29
0.78
0.08
0.04
1.99
0
4.09
3.83
1.16
0.4
0
0
2.26
3.88
2.13
4.38
0.22
0
0
0
0
0
0.03
0
0
11.09
0.77
1.89
0
0.01
0.2
3.39
0.96
0
0
0
0
0
0
0
0
0
0.02
0.04
0.24
30.49
14.38
1.14
0
32.27
9.27
15.73
2.81
2.11
0.25
0.17
0.04
0.19
0.19
0
0
0
0
0.2
1.33
0
0.01
9
1.62
0.16
0
0
0.25
0.18
2.88
4.21
7.06
4.98
2.75
3.63
0.24
0
0.03
3.15
6.84
1.25
0.18
0.56
4.23
7.21
0.72
0.08
0
0.14
0.19
1.19
2.02
2.26
6.21
1.16
0.11
0.07
0
6.22
4.66
1.71
0.02
0
0.43
0.17
0.23
1.02
0.02
0
0
0
0
0.01
0
0
0
0.02
0.01
0.01
0
0
0
0.02
0.02
0
0
0
0
0
0.01
0
0
0
0.07
0
0
0
0
0.01
0.04
0
0
0
0.01
0.16
0.09
2.14
0
1.09
0.36
0.27
0.73
0.09
0.2
0
0.02
0.06
4.84
21.23
0.1
0
0
0
0
0.05
0.96
1.37
0
0
0
0.02
0
0.02
0
0
0.05
0.01
0.01
0.84
0.58
0.29
2.94
2.81
14.63
2.23
0.25
0
0
0
0.39
8.53
1.48
0.34
0.03
0.3
0
0
0.01
0
0.01
0
0
0.03
0.21
4.41
1.52
0.2
0
0
0
0.01
0
0
0
0
0
0.02
0.32
0
0.09
0.21
0.33
0
0.01
0
0
0
0
0
0
0
0.11
0.05
0
0
0
0.7
0.69
0.03
0
0
0
0.08
0
0.01
0.11
0.13
0.07
0.88
0.05
0
0.02
0.09
0.09
0.07
0.08
0
0
0.1
0
0.7
4.57
0.88
0
0.01
3.2
0.85
0.14
3.17
3.55
1.55
0.38
0.06
0.01
0.02
0.04
0.66
5.82
10.27
7.07
2.55
7.2
1.57
3.56
0.24
0
0
0
0
0
0
0
0
0.01
0
0
0
2.9
0
0
0
0
0
0
0
0
0.01
0
0
0
0
0
0
0
0
0
0
0
0
0
0
0
0.2
0.2
0.22
0.61
5.91
6.14
6.86
0.59
2.05
10.89
6.73
0.86
0
0
0
0
0.89
0.93
0
0.02
0
0
0
4.38
6.39
3.34
1.86
0.01
0.01
0
0
0
0
0
0
0
0
0
0.06
0.08
0.3
0
3.9
2.41
0.05
0.04
0.01
5.98
0.91
0.39
1.41
0.03
0
0.01
0
0.01
0.01
0.04
0
0
0
0
0
0
0.01
0
0
0
0
14.01
17.01
8.41
2.43
0.05
0
0
0.08
0.11
0.7
0
0
0.85
2.09
10.54
9.11
4.62
0.84
0.45
4.59
0
0.19
0.04
1.27
2.62
0.57
0.04
1.34
0.03
0
0
0
0
0
0.02
0
18.03
5.06
0.75
0.13
4.09
0.84
0.14
0
0
0.09
0
0
0
0.01
0
0.01
0.28
0.01
4.78
8.47
2.28
0
0
0
0.34
0.06
0
0
0
0
1.67
1.46
0.03
0
0
0.07
2.83
1.51
1.42
0.2
2.09
2.63
3.07
2.93
1.4
0.91
0.68
0.41
0.89
2.26
0
0.61
0
0.57
1.98
11.46
3.34
7.09
0.23
0.04
0
0.63
1.8
4.11
0
0
0
0
3.23
0
0.3
0
0
0.44
0.17
0.22
0.79
12.41
0.29
0
0
0
0.01
0.34
0
0.06
0
0
0
0
0.02
0
0
0.01
0
0
0.91
6.71
0.01
0
0
0
0
0
3.51
0.41
0
11.47
1.37
0.67
15.54
9.15
1.54
0.02
0
0
0.05
0.04
0
0.26
0.02
0
0
0.04
0
0
7.84
0.59
0
0
0
0
0.01
0.02
0.03
0
0.25
0.01
1.63
6.99
4.11
17.34
1.56
0
5.14
6.3
0.39
0.95
0.92
0
0
0
0
0.02
15.53
19.79
10.62
0.67
3.71
0.56
0.17
0.56
2.77
1.67
2.56
0.04
0.05
0.52
9.52
0.43
0.25
6.12
2.73
0.24
0
0.04
2.9
3.16
0.16
0.15
0
4.51
0.7
7.46
8.29
2.18
5.22
1.25
0
0.01
0
0
0
0
0
0
0
0
0
0
0
0
0
0
0
0
0
2.15
5.22
0.2
5.7
14.71
3.64
0.18
0
0
0.18
0
0
0
0
0.5
4.96
8.93
19.75
3.43
1.13
0.23
0.4
3.23
5.36
0.5
0.27
0
6.41
11.12
22.75
4.66
8.48
0.98
0.21
0.14
2.89
0
0.04
0
9.25
4.59
0.68
4.09
6.16
0
0
0
0.2
0.35
19.68
4.37
5.48
2.08
0.37
1.42
5.23
10.11
7.64
0.64
3.39
3.27
0.4
4.69
13.14
0.48
0.13
0
0.04
0.01
1.16
2.98
7.92
1.97
5.84
0.24
0
0.02
1.1
4.38
7.74
5.42
3.03
2.83
5.22
3.07
1.47
0.66
0.46
0.06
0
0.01
0
0
0.18
0
0
0
0.04
1.63
6.59
2.22
0.12
0
0
0
0
0.09
2.15
0.28
0.17
18.02
7.28
2.34
0.08
0.08
0.18
4.8
0.04
0
0
0.01
0
0
0
0.12
0.2
0.84
0.48
0
0
0
0
0
0
0.8
5.71
3.48
0.23
0.23
0
0
0
0
0.03
0
0.14
0
0.21
1.88
4.44
0.86
0.54
0.51
2.93
4.85
0
0
0.23
0
0
0.02
4.72
0.88
0.14
2.97
3.98
0.12
2.97
1.28
0
1.13
2.59
0.57
1.45
0.73
0.21
0.04
0
5.19
16.55
9.43
2.34
3.89
1.26
0.07
0
0.72
0
0
2.62
4.14
1.79
16.68
1.8
0.01
0
0
0.23
0
5.79
0.3
0.46
3.09
0
0
0
0
0
0
0.01
0
0.12
0.21
0
0
0
1.63
0.59
0.18
5.45
0
0
0
0
0.33
6.6
2.49
0
0
0
0
0.01
0
2.62
5.02
0.45
0
0.17
0
0.21
0.23
0
0
0.09
30.47
0.96
0.01
0
0.01
0
0.04
0.02
0.21
0
0
0
0.01
0.02
0.26
0.04
0.45
5.31
1.43
0
0
0.55
0.01
0.03
1.65
3.02
0
0
0
0
0
0.01
0.03
0
0.01
0
0
0
0
0
0
0
0.01
0
0
0.18
13.77
0.16
0
0
0
0.18
2.05
1.07
0.04
0
0
0
0
0
0
0
0
0.54
20.05
4.53
5.32
7.95
0.38
0
0
0
0
0
0.09
8.77
25.74
2.43
2.7
1.2
8.5
0.67
0.46
4.23
0.08
0
0.01
0
0
0.18
0.01
0
0
0.39
0.39
0.34
1.8
0
0
0.25
0
0
0
0
0
0
0.11
2.37
1.66
13.38
1.76
0.01
0
0
0
0
1.17
4.07
7.12
12.87
2.8
0.04
2.06
6.07
3.21
2.38
24.09
8.86
1.62
2.03
0.02
0.47
0
0
0.48
2.21
0
0
3.27
5.73
4.2
0.54
0.16
0
0
0.9
0.14
11.38
6.39
1.41
0.07
0.47
0.38
0.38
0
0
0.39
0
0.01
0
0.12
1.1
1.31
1.14
3.84
7.16
2.09
0.5
0.25
2.12
1.1
3.87
1.98
0.3
0.06
0.25
0
0.43
13.45
1.18
0.16
0.29
0.17
1.67
2.07
0
0
0.08
0.04
1.33
6.74
5.27
1.88
0
0
0.72
3.48
3.45
0.27
0.88
6.44
1.59
0.61
0.57
7.39
6.34
21.74
6.8
14.93
7.04
4.13
15.7
12.8
1.52
0
0.11
0
0
0
0
0.06
6.9
0.27
0
1.43
1.98
1.2
0.09
0
0
0
0
0
0
0
0
0
0.18
1.81
0.13
0.23
2.8
0.49
0.08
13.59
2.02
0.18
1.69
0.29
0.45
1.27
3.84
0
0
0
0
0
0.3
0
0
0
0
0
1.4
1.39
13.73
15.07
3.48
3.12
5.45
1.7
1.4
0.43
7
7.36
0.81
0.05
0.01
0
0.11
0.03
0
0
0
0
0
0.01
0
0
0
3.16
7.34
7.21
13.58
2.12
0.18
0.65
0.3
5.87
10.46
3.2
0
0
0
0.01
0
0
0
0.08
0.2
7.72
6.94
0
0.05
0.06
0.17
0.2
2.67
0.19
1.76
4.17
11.23
0.31
0
0
0.04
0
0
0.04
0.04
0.05
0.4
0.01
0
0
0
0
0
0
0
0
0
0
0
0
0
0
0
0
0
0
0
0
0
0.01
0
0
0
0
0
0.01
0
0
0
0.01
0
0
0.01
0
0.01
0
0
0
0
0.38
0
0.01
0.09
0
0.01
0.03
0
0
0
0.03
0.34
0
0
0.02
0
0.04
0.45
0.03
0.02
0
0.01
2.66
11.03
0.29
0.7
0
0
0
0
0
0
0
0
0
0
0
0.04
0
0.03
0
0
0
0
0
0
0
0
0
0
0.2
0
0
0
0
0
0
0
0
0
0
0
2.8
2.03
0.12
0.58
0.52
0.48
0
0
0
0
0
0
0
0
0
0
0
0
0
0
0.01
0
0
0.01
0.06
0.1
4.52
0.62
1.79
1.54
0.01
0
0
0
0
0
0
0
0
0
0
0
0
0
0.04
0.5
0.02
0
0
0.76
13.29
7.68
1.13
0
2.23
11.34
3.53
0.46
0.11
5.6
2.41
3.7
2.06
4.92
1.23
0
0
0.98
1.39
0.65
0.18
1.48
4.22
16.53
4.08
5.41
0.59
0
4.61
1.8
0
0.69
6.84
1.98
0
1.85
4.24
1.3
0.13
0
0.02
0.08
0
0
0
0.16
4.99
20.3
9.66
1.34
6.09
2.04
0.06
0.91
2.41
13.93
22.25
4.92
0.59
0
0.05
3.33
9.26
0.22
8.89
3.64
3.72
5.8
1.34
6.47
11.91
9.8
4.68
5.72
4.6
0.39
0.28
0
0
0.01
0
0.02
0
0.01
0
0
0
0.09
4.39
0.38
0
0.02
0
0
0.26
6.64
1.36
0.15
0.12
0.04
0.01
0
2.91
0.68
2
3.44
8.68
4.74
2.32
0.73
1.14
2.05
2.4
13.35
2.36
0.52
0.72
0.2
0.08
0.11
0.11
0.18
1.26
6.78
3.38
0.3
0.03
2.3
9.85
6.13
0.86
0
11.56
16.76
1.91
1.54
0.08
0
0.72
0.36
1.09
0.09
0.01
0
0
0
0.01
0.01
0
0
0
0
0
0
0
3.25
1.15
0.96
0.43
0
0
0
0
0
0.01
0
0.13
0.02
0
0.02
0
0.01
0.03
0
0
0.86
0.11
2.47
6.94
17.37
21.45
4.52
0.17
0
0.5
0.06
0
0
5.53
8.88
0.53
0
0
0.05
0.01
0
0
0.02
0.02
0.02
0
0.01
0
0
0
0.02
0.44
7.24
15.88
0
2.64
3.86
0
0.64
0.26
0.1
0
0
0
0
1.67
7.23
0.49
0
0.01
0.13
2.83
0
0.04
0
0
0
2.21
0
0
0.01
0
0
0
0
0
0
0.01
0.01
0.02
0.03
0
0
0
0
0
0
0
0
0
0
0.02
0
0
0
0.01
0.01
0.01
0
0
0
0
0
0.13
0
0
0
5.25
0.78
0
0
0
2.28
10.51
0.04
0.06
0
0.14
0.14
3.23
14.93
3.77
1.7
0.07
1.2
8.66
20.33
1.62
0.22
0.46
0.04
0
0
0
0
0
0
0
0
0
0.55
0.8
0.01
11.43
1.57
0
12.78
7.16
1.57
10.05
10.54
14.36
13.78
3.45
0.05
0.01
0
1.02
2.16
2.68
0.65
0.83
5.22
12.5
6.64
0.47
0
0
0
0
0
0
0
0
0
0
0
0.23
0.06
0
1.98
6.66
17.21
0.48
0
0.32
0
0
0.02
0.02
0
0
0
0
0
0
0
0
0
0
0
0
0
0
0
0
0.59
0.33
0.05
0.02
0
0
0
0
0
0
0
1.28
0
0
0.23
1.75
9.79
3.58
0.14
0.41
0.33
0.02
0.15
0.17
0
0
0
0
0.02
0
0
2.77
1.7
0.45
0.24
0.09
0.42
0.11
0.02
4.05
0
0
2.54
0.14
0.02
0
0.09
0.14
0.49
0
0
0
0.01
0.73
1.91
0
0
0
0
0
0
0.02
0
2.04
1.04
0
0
0
0
3.43
0.62
0.02
0.14
2.41
1.65
3.16
7.53
0.91
0.68
4.27
7.48
4.75
0
0.04
0.43
2.22
6.17
3.28
0.46
0.02
0
0
0
0
0.42
0.01
0.04
0.27
1.25
0.01
0
4.89
5.61
4.64
12.18
4.31
0.68
0.02
0.01
0.02
1.97
0
0.03
0.22
0
0
0
0
0
0.01
0
0
0
0
0.01
0.04
0
0.59
15.66
1.09
0.24
3.87
1.31
0
0
0.01
0.01
0
0
0
0.1
0.36
5.16
4.46
1.73
0
2.14
10.58
7.33
16.2
4.62
1.65
0.26
0
0
0
25.09
0.9
0
0.09
0.03
0
0
0
0.01
0.68
0.01
0
0.95
16.67
2.42
2.53
1.33
0
0.32
0.16
0
0
0
0
0
0.02
3.93
11.27
1.09
0.16
6.67
14.78
14.86
3.09
0
0
0
0
0
0
0
0
0
0
0
0
0
0
0.45
5.92
0
0
0
0
0
0
0
0.01
0.5
0
0
0
0
0
0.1
0.11
0
0
0
0
0
0
0
0
0
0
0
0
0.02
0
0
0
0
0
0.01
0
0
0
0
0
0
0
0
0
0.06
0
0
0
0.92
0.53
0.01
0
1.82
3.96
0.39
0.05
0.07
0
0
0
0
0
0
0
0
0.01
1.62
0
0.02
2.81
5.11
0.29
0
0
0
0.01
0
0.49
0
1.4
1.56
2.98
0.23
0
0.28
0
0.42
0
4.82
4.48
0.57
0
0
0
0.07
1.16
0.3
0.16
0.36
0.95
0.13
0
0
0
0.49
0.55
9.48
10.71
3.07
0.04
0
0.15
0
0
2.3
7.69
0.61
0.83
0
0
0
0
0
0
1.75
1.45
3.43
0.85
4.41
1.8
34.28
5.73
1.09
2.62
7.19
0.19
0
0
0
0.13
0.36
0
0
0
0
0
0
1.44
0.45
0.12
0.02
0.1
0.13
0.01
0.02
0
0
0
0
0
0
0.16
0
0.02
0.45
0
0.26
1.19
0.05
0.24
0.04
0
2.2
0.52
0
0
0
0
0
0.25
0.02
0.02
0.01
0
0
0
0
0
0
0
0
0
0
0.12
0.52
2.09
0.44
0
0
0.09
0
0
0
0
0
0
0
0
0
0
0
0
0
0
0
0
0
0.03
0.12
0
0
0
0
1.66
14.09
3.34
3.54
0.44
0.02
0
0.01
0
0
0.16
0.09
0
0.04
0
0
0.12
2.38
1.73
1.83
0.04
0
0.02
0.03
0.5
0
0
0.52
0.02
0.01
0.02
0.24
0
0
0
0.28
0
0.02
0.44
0.54
0.2
0
0.01
0.01
0
0
4.74
6.77
4.7
1.96
0.03
0.8
3.35
1.89
0.05
0
1.71
0.28
0.12
3.72
10.29
2.36
14.13
5.23
1.48
3.47
1.86
0.07
0.02
0.09
0.06
5.54
15.49
13.97
3.24
5.84
0.3
9.3
2.79
0.52
0.07
0
0
0
0
0
0
8.9
8.41
11.77
7.16
13.43
0.14
0.01
0
0.04
0
0
0
0
0
0.02
0
0
0.79
8.16
0
0
0.02
3.04
5.56
2.93
0
0.07
0.28
0.01
0.01
0
0
0
0
0
0
0
0.01
0
0.01
0.02
0.01
0
0
0
0.01
0
0
0
0.34
0.41
1.56
1.77
7.47
0.45
0.31
3.28
0.6
0
0
0
0
0
0
0
0
0
0
0
0.01
0.02
0.01
0
0.02
0
0
0
0
0.06
0
0
0
0
0
0
0
0.09
5.15
3.51
2.18
0.56
0.27
1.12
0.59
0.01
0.01
0
0.12
0
0
0
0.11
0
0
0
0.02
0.38
0
0.02
0
0
0
0
0.01
0.32
7.39
0
0
0
0
0
0
0.02
0
0.07
6.93
0.91
0
0
0
0
0
0.05
0.16
0.61
0
0.16
2.92
6.52
0
0.2
4.07
7.32
4.86
0.11
0.03
0.03
4.14
0.01
1.12
0.04
0
0.02
0
0.36
0.57
0
0
0
0
0
0
0
0
0.04
0
0.06
0.52
0
0
0
0.06
0.09
0
0
0
0
0
0
0
0
0
0
0
0
0
0
0
0
0
0
0
0
0
0
0
0
0
0
0
0
0
0
0.01
0
0
0
0.12
0
0
0.02
0
0
0
0
0.02
1
0.51
0
0
0.2
0.88
0.13
3.25
8.96
1.09
0.54
6.1
15.76
3.2
5.94
1.58
0.35
11.02
11.73
25.46
5.12
14.02
6.66
0.1
0
0.01
0
0
0
0.01
0.02
0.05
1.75
7.43
0.16
0.64
0.35
1.84
6.12
1.45
0.99
0.12
0
0
0.01
0.01
0
0
0.01
0
0
0
0
0
0
0
0.04
0
0
0
0
0
0
0
0.01
0.33
6.71
1.82
15.92
3.48
0.18
1.71
0.94
0.15
5.84
0.23
0.36
3.06
3.95
0.07
0.12
0.01
0
0
0
0
0
0.01
0
0
0
0
0
0
0
0.01
0
0
0
0
0
0.01
0
0
0
0.45
0.27
0
0.04
0.2
3.31
4.29
15.77
4.01
0.59
0.59
4.67
2.51
0.28
0
0
0
0
0.11
0.13
1.06
0.23
0.34
2.13
10.18
16.43
3.45
0
0
0
0
0
0.02
0.02
0
0.49
0
0
0
0.13
0.3
0.2
0
0
0
0
0.11
0
0
0
0.01
0.18
6.16
22.54
0.11
0
0.04
0.51
0.02
0.04
0
0.18
0.25
2.96
6.68
10.55
8.3
8.37
1.75
1.18
11.81
32.44
0.95
0
0
0
6.96
0.83
1.72
0.02
0.03
0.02
0.01
0.11
0
0
0
0
0
0.01
0
0
0
0.07
0.25
0
0
0.15
0.02
0
0.73
25.88
0.99
0.43
0.05
4.14
0.47
0.01
0
0
0
0
0
0.01
0
0.01
0
0
0
0
0
0
0
0
0
0.01
0.37
4.13
4.44
0.08
0.22
0.25
1.32
0
0.01
0
0
0
0
0
0
0
0
0.19
0
0
0.01
0.01
0
0.01
0
0
0
0
0
0.09
0.95
0.11
0
0.06
0.01
0
0.01
0
0.02
0.01
0
0
0.01
0.02
9.83
0.69
0.04
0.01
0.02
0.97
0
0.71
0.29
7.8
1.79
0.11
0
0
1.99
17.12
2.17
0
0.15
4.75
0
0.01
0
0
0.02
0.02
0
0.01
0
0
0
0.12
0.31
9.26
0
0
0.09
0.91
11.95
1.55
12.16
0
4.57
0.18
0.05
0
0.01
0
0
0
0
0
0
0
0
0.01
0.73
15.14
32.61
4.96
0.17
0.02
0.81
1.42
3.79
1.18
0.33
0
0
0
0.02
0
0.05
0
0.01
0.22
10.12
3.97
2.06
0.04
0.25
0
0
0
0
0
0.02
0.12
0.52
0.18
0
0.06
0
4.23
1.04
0
0
0.09
1.04
0
0.22
2.46
1.1
0.13
0.01
0
0
0
0
0
0
0
0
0
0
0
0
0
0
0
0
0
0
0
0
0
0
0
0
0
0
0
0
0
0
0
0
0
0
0
0
0
0
0
0
0
0
0
0
0
0.08
1.41
0
0.02
0.01
0.09
0
0
0
0
0
0
0
0
0.13
0.12
0.18
0.23
7.7
1.32
0.02
0
0
0
0
0
0
0
0
0
0
0
0
0
0
0.05
0.02
0
0
0
0
0
0.87
0
0.27
0
0.02
0.08
0.3
0.01
0.01
0.18
0.64
0.4
0.12
0
0.01
0
0
0
0
0
0
0
0
0
0
0
0.41
3.45
5.14
1.83
7.03
2.31
9.22
5.63
11.65
2.26
0.57
0.4
0.09
0.33
6.81
0.82
0.03
0
0.03
0
0.02
0
0
0.09
0.16
0.39
0.14
0.71
1.1
0.83
3.54
0.59
0
0
0.02
0.09
0.03
0
0
0
0
0
0
0
0
0.05
0
0
0.09
0
0.01
0
0
0.02
0.3
0.28
0
0
0
0
0
0
0
0.01
0
0.26
8.88
7.09
3.13
2.02
0.01
0
0
0.45
0
0.02
0.41
7.02
1.12
1.73
1
0
0
0
0
0
0
0
0
0
0
0
0
0
0
0
0.02
0.03
0.04
0
0
0.03
0.02
0
0.01
0
0
0.06
0
5.34
22.43
1.16
0.02
0.87
4.31
0.01
0
0.01
0
0.02
0
0.01
1.03
0
0.04
0
0.03
0.2
10.59
0.13
0
0.04
4.91
9.38
0
0.05
0.38
18.46
2.98
0
0
0
0
0
0
0.01
0.01
0
0
0
0
0
0
0
0
0
0
0
0
0
0
0
0
0
0.01
0.02
0.9
0.81
0
0
0
0
0
0
0
0
0
0
0
0.38
0.53
0.25
0.01
0
0.01
0
0
0
0
0
0
0.02
0.01
0
0.27
1.6
4.05
0.2
0
0
0
1.11
2.04
8.06
3.86
0.58
0.11
5.15
1.14
0
0.02
0.44
5.85
4.79
8.14
17.6
0.38
3.13
13.28
4.11
0
0
0
0
0
0
0
0
0
0
0
0
0.02
0
0
0.01
0
0.22
0
0.01
0.05
0.21
3.85
6.89
3.18
2.99
15.74
8.1
16.11
3.1
0.36
0.16
0
0
0
0
0
0
0
0
0
0
0.01
0
0
0.25
2.09
6.99
0.79
0
0.02
0
0
0
0
0
0.16
0.85
2.2
5.95
5.03
1.08
0.06
0.3
0.03
0.67
0.05
0.21
0.81
1.29
1.13
0.68
0
0.25
0
0
0
0
0
0
0
0.01
0
0
0
0
0
0
0.14
0.37
0.21
0.13
1.86
0
0.37
0.16
1.58
17.04
9.66
0.22
0
0.01
0
0
0
0
0
0.01
0
0.01
0
0.17
4.84
5.89
10.06
5.98
1.76
0.57
7.17
12.39
6.15
3.57
1.54
12.43
0.81
0.88
0.49
9.65
0.9
0.91
10.82
0.45
0.43
2.66
0
0
0.04
0.14
0
0.01
0.28
0.11
4.13
1.17
6.84
2.52
0
0
0
0
0
0
0
0
0.02
0.93
0
0.04
0.37
2.23
3.94
6.43
2.81
1.09
0.48
4.94
6.23
2.48
5.32
0
0.43
0
0.86
12.2
13.15
2.84
3.88
8.66
7.79
1.03
8.6
6.93
4.39
1.04
3.52
0.23
1.16
0.53
0.99
3.27
0.16
0
0
1.52
9.84
18.07
0.98
0.38
0.26
0.02
0
0.68
0
0
0
0.01
0
0.11
6.66
5.41
0.06
0
0
0
0
0
0
0
0
0
0
0
0
0
0.01
0
0
0
0
0
0
0
0
0
0
0
0
0
0
0
0
0
0.01
0
0.01
0
0.01
0
0
0
0
0.02
0.54
0
0
0
0
0
0
0
0
0
0
0
0.48
0.31
0
0
0
0
0
0
0
0.38
3.12
2.37
0
0
0.02
0.02
0.01
0
0
0
0
0
0
0
0
0
0
0
0
0
0
0
0
0
0
0
0
0
0
0
0
0
0.05
0
0
0
0.31
7.85
6.55
0.02
1.13
3.36
1.74
4.56
0.12
0
0
0
0
0
0
0.01
0
0
0
0
0
0.64
8.62
1.56
0.02
0
0
0
0.19
5.92
0.96
0
0
0
0.04
0.75
2.41
0.27
11.44
1.05
6.58
17.71
16.63
2.7
6.34
0.19
7.84
26.56
3.8
8.29
2.14
0.8
3.96
1.3
0.28
0.3
0
0
0
0
0
0
0
2.17
14.23
1.94
0.36
1.2
0
0
0
0
0
0
0
0.05
0.44
0.25
0
0.62
0.02
0.02
0
0.18
0.46
0.27
0.01
0
0.01
0
0.01
0
0
0
0
0
0
0
0.31
4.21
8.48
1.25
0
0.01
0
0
0.01
0
0.02
0
0.41
2.37
4.36
0.97
1.78
12.81
12.83
5.88
4.14
0.76
6.55
2.43
0.04
0.03
0
0
0
0
0
0
0
0.02
0.04
1.46
3.13
11.37
10.28
13.95
1.82
1.9
1.66
0.42
2.72
9.67
1.07
0.42
0
2.11
0.87
0
0.11
0.92
0.02
0.04
0.45
2.48
0.2
0.32
0.21
0
0
0
0
0.01
0
0.03
0.14
0.05
0
0
0
0.02
0.41
4.77
3.48
2.64
0.7
0.08
0
0.01
0.02
0.18
0.01
0
0
0
0
0
0.53
5.4
4.71
3.5
2.27
9.46
0.76
0.4
0.04
0.05
0
0.03
0.01
0.03
0
0
0.05
2.3
17.31
8.53
3.52
7.96
1.27
0.33
1.9
0.17
0
0
0.02
0.39
6.93
0.89
3.28
0.52
0
0.01
0
0
0
0.18
2.5
3
8.67
6.19
0
0.07
0.84
0.42
0.03
1.34
3.88
0.74
0.04
0.07
2.47
0.31
0
0.19
1.3
16.77
7.36
0
0.38
0
0
0
0
0
0
0
0
0
0.02
0
0.03
0
0
0.07
0
0
0
0.01
0.01
4.74
0.18
0
0
0.41
0
0.18
1.69
1.95
0
0
0.05
0
0
0
0
0.03
0
0.77
0
0.79
0
0
0
0.01
0
0.01
0.02
0
0
0.12
0
0
0
0.02
0
1.08
1.57
0
0
0
0
0
0
0
0
0
0
0.01
0
0
0
0
0
0
0
0
0
0
0
0.07
0
0
0
0
0
0
0
0
0
0
0
0
0
0.33
0.17
0
0.01
0.47
0.01
0
0
0
0
0
0
0
0
0
0
0
1.21
0.04
0.2
0.38
0.25
0
0
0.01
0
0
0.12
0
0
0
0
0
0
0
0
0
0
0
0
0
0
0
0
0
0
0.02
0
0
0.03
0.02
0.01
0
0
0.09
0.5
3.59
3.41
9.97
2.2
1.59
0.04
0
0.01
0.09
0
3.6
0.52
0.04
1.69
1.09
0.02
0
0
0
0
0
0
0
10.88
14.17
3.23
0
0.01
0.01
0
0
0.17
2.04
7.95
0.78
1.83
2.54
0.02
1.31
0
0
0
0
0
0.01
0
0
0.01
0
0.93
4.31
6.07
6.91
2.92
2.16
11.02
7.22
4.84
2.66
3.43
3.21
3.56
1.95
0
1.21
0.08
3.48
0.52
0.03
0
0
0
0
0
0.01
0
0.01
0
0
0
0
0.01
0.01
0.01
0
0
0.12
3.05
9.38
3.27
0
0.22
0.47
2.57
5.8
0.66
0.2
4.85
2.33
0.04
0.05
0.18
4.33
14.9
14.85
8.44
7.89
6.53
2.67
2.5
7.16
2.49
0.37
0.3
6.07
0.61
0
0
3.27
4.53
1.54
0.01
0.03
0
0.28
2.47
2.64
0.18
0.6
0.15
3.84
5.16
0.45
0
0
0.02
1.08
0
0.57
0.27
0
0
0.01
0.09
0.05
0.02
0.01
0
0
0
0.46
11.35
0.69
0.1
6.61
12.71
0.5
0.37
0.13
2.02
2.73
0.84
0
1.06
1.96
1.61
0.51
0.51
0.02
0.13
3.72
0.89
1.95
8.58
7.64
5.91
1.37
0.09
0
0
0
0.05
0.02
2.66
7.68
3.26
0
0
0.01
0.04
0
0
0.81
0
0
0.03
0
0
0
0.03
0
0.09
0.17
0.04
3.11
0.16
0
0.11
0
0.02
0
0
0
0
0.01
0
0
0.03
0
0.01
0
0
0.01
0.01
0.02
0.04
0
0.09
0.3
3.83
0
0
0
0
0
0.3
0.04
0
0
0
0
0
0.1
0.09
0.4
0
0
0
0
0
0
0
0
0.04
0
0.12
0.03
0
0
0.05
0.09
0
0
0.02
0.42
4.52
0
0
0
0
0
0
0.01
0
0
0
0
0
0
0
0
0
0
0
0
0
0
0
0
0
0
0
0
0
0
0.01
0
0
0
0.01
0.12
5.27
14.67
0.11
0
0
0.01
0.09
0.01
0.67
0.09
0
0.3
13.66
1.34
0
0
0
0
3.21
7.04
1.13
4.97
0.38
2.45
1.01
0
0
0
0
0
0
0
0.03
0
0.18
3
2.27
6.19
4.88
0.65
0.03
0.03
2
2.93
0.51
7.82
10.27
6.66
4.09
3.63
0.21
0
0.01
0.07
3.26
7.46
2.19
0.01
0
0
0
0
0
0
0
0
0
0
0
0
0
0
0
0.12
0.42
6.18
10.33
3.52
0.31
0.08
0.07
0
0.01
0.78
0.46
0
0
0
0
0.25
0
0
0
0
0
0
0
0
0
0.37
4.21
0.24
0.01
0
0.27
13.62
3.39
0.23
0.13
0.01
0.01
0.02
0.27
2.91
0.42
0
0
0
0
0
0
0
0
0
0
0.01
0
0
0
0
0.04
0.78
23.99
10.65
1.05
15.11
8.63
2.01
0.69
0
0
0
0.44
0.08
0.25
2.75
0.76
0.24
2.57
6.7
2.87
4.59
11.83
4.27
0.09
0.51
4.83
0.69
0.52
0.09
0.01
0
0
0.16
5.66
8.93
0.27
0.01
0.01
0.55
17.8
8.04
1.28
0
0
0
0.01
0.59
4.32
5.33
0.16
0.07
0
0
0
0
0.15
0
0
0.01
0.14
0
0
0.18
0.91
0.15
0.01
0
0
0
0.02
0
0
0
0
0
0.9
2.66
0.51
0.04
0.9
0.05
0.3
0
0.15
6.41
5.25
10.48
5.38
2.81
13.69
10.12
1.95
0.84
0
0
0
0.24
0
0
0
0
0
0
0.02
0.04
0.51
3.67
0.66
0.01
0
0
0.09
0
0
0.13
0
0
0
0
0
0
0.68
0.3
1.69
0.01
0
0
0.28
5.54
8.26
0.64
0
0.01
0
9.3
15.3
0.74
0
0.04
1.8
0.61
0
0
0
0
0
0
0
0
0.01
0
0
0
0
0
0.05
0.18
1.25
0.02
0
0
0
0
0
0
0
0
0
0.46
0
0
1.82
1.14
4.71
1.72
0.04
0.38
0.68
3.18
1.45
5.59
0.13
0.07
0
7.98
5.67
19.27
12.18
0.37
0
0
0
0
0
0
0
0.01
0.16
31.78
0
0
0
4.83
0
0
0
0
0
0.01
0
0.39
0
0
0
0.21
0.01
0.02
0.01
0
0
0
0
0
0
0
0
0.06
0
0
0
0
3.94
1.39
0.73
0.96
0.23
0.04
0
0.04
0
0.02
0
0
0
0.05
0
0
0
0.01
0
0
0
0
0.17
0
3.03
1.94
0.03
0.25
0.59
4.07
1.74
0
0
0.46
0.37
11.86
0.14
2.22
3.2
6.86
0.15
0.05
0.08
12.36
18.59
4.48
0.02
0.04
0.38
0.32
0.13
0.06
0.1
3.4
5.52
2.52
18.36
9.79
5.95
0.89
0.66
3.77
0.1
0.13
0
0
0.02
0.7
0.77
1.74
0.54
4.88
28.23
4.05
0.41
0
0
0.05
0.41
0.02
0
0
0
0
0
0
0.02
0.52
0.84
1.29
0.53
0.27
0
0.01
0.02
0
1.63
7.2
10.73
8.32
3.61
0.79
0.24
1.67
3.27
7.38
23.02
7.63
3.02
1.68
0.72
0
0.17
0
0.01
0
0
0
0
0
0
0
0
0
0
0.19
11.74
0.35
0.33
0.09
0.15
3.23
0.27
0
0
0.01
0.14
10.16
2.41
7.16
7.24
6.25
4.67
11.25
0.7
0
0
0
0
0.21
0.71
3.99
2.77
4.71
1.36
6.48
1.13
0
0.64
0.04
0.22
0.91
0.19
4.12
0.71
0
0
0
0.02
0
0.11
0
0.07
5.48
3.57
0.29
0
0
0
0
1.04
0
0.04
0.09
0.18
0
0
0
0
0
1.05
0
0
0
0
0
0
0
0
0.16
0
0
0
0
0
0
0.1
1.08
0.06
0
0
0
0
0
0
0.06
0.07
0
0
7.59
12
22.79
2.85
3.91
0.76
0.8
0.05
3.36
8.64
4.42
0.33
0
2.16
2.11
2.54
3.12
2.06
0.86
0
0.69
0.03
1.24
16.29
10.93
1.05
0.28
0.25
0.02
3.03
0.44
1.09
8.48
1.33
0.52
0.52
2.31
2.45
8.42
9.59
9.77
3.6
2.02
0.37
0.91
0
0
0
0.06
0.05
0.1
0
4.92
1.91
0.21
0.13
0
0
0.02
0
0.04
0
11.38
0.01
0
0
0.13
34.04
23.89
3.86
2.15
2.36
4.63
2.14
5.52
1.81
5.17
0.11
0
0
3.91
0.14
7.17
0.57
0
6.01
7.14
0.5
10.15
10.25
0
0.3
1.09
2.8
1.35
0
0
0
0
0
0
0
0.35
0
0
0
0.02
0.49
0.14
0
0
0.02
5.17
0
0
0
0
0
0
0
0
0.01
0.02
0
0
0
0
0
0
0
0
0
0
0
0
0.74
0.01
0
0
0
0
0
0
0
0
0
0
0
0
0
0
0.01
0
0
0
0
0
0
0
0
0.51
0
0
0.03
0.01
0
0
0
0
0
0
0
0
0
0
0
0
0
0
0
0.25
3.15
0.98
0.01
0
0
0
0
0
0
0.71
1.12
2.55
0.27
0
16
19.52
18.2
6.12
5.04
0.84
0
0
0.01
0
0
0
0
0
0
0.43
2.11
0.01
0
0.05
0
0.06
0
0
4.16
1.18
0.15
0.08
8.6
6.07
1.46
0.03
0
0
0
0
0
0.02
0.01
0
0
0
0.53
0.2
0.31
0
0.02
14.53
5.38
0.23
0.08
0
0
0
0
0
0
0
0.02
0
0
0
0
0
0
0
0
0
0
0
0
0
0
0
0
0
0
0
0
0
0
0
0.01
0.41
5.03
0.26
0
0
0
0.08
0
0
0
0
0
0.01
0.04
0.09
0.01
0
0
0
0
0
0
0.08
0.02
0
0
0
0
0.02
0
0
0
0.01
3.67
3.18
2.94
0.56
0.01
0
0
0.12
0.04
0
0
0
0
0.08
0.01
3.89
8.52
8.58
2.95
3.55
2.58
0
0
0.03
0
0
0
0.25
1.98
0.66
0.06
0
0.01
0
0
0
0
3.47
4.16
0
0.01
0
0
0
0
0
0
0.06
0.06
6.98
0.84
10.04
6.72
0.74
4.38
6.11
4.11
1.8
2.03
4.96
2.99
1.55
0.03
2.77
4.05
2.42
0.42
0.13
0.49
0
0
2.74
1.57
1.27
9.05
6.91
13.43
14.66
2.32
0.59
0
0.23
0
0
0
0
0
0
0
0.01
0.94
0
0.01
0.13
4.21
3.44
0.08
0.43
0
0
0.74
0.11
0.01
6.48
4.14
9.7
25.51
1.82
2.91
1.57
2.99
3.84
9.11
9.62
1.82
1.8
0.29
0.02
0.04
0.02
0.06
0
0
0.36
0
0.03
0.51
18.73
0.79
0
5.49
7
0.88
0.12
0
0.09
0.25
0.01
0
0
0
0
0
0.25
0
0
0.23
0.1
0.14
0.03
0.01
0
0.32
0
1.09
0
0
0.02
0
0.21
0
0
0.17
0.62
0.32
0
0.02
0
0
0.01
0
0.03
1.44
0
0.01
0
0.38
0.05
0
0.22
0
0.05
0
0.34
2.19
0
0.01
0
0.02
0
0
0
0.14
0.19
0.06
0.01
0.07
0.02
0.83
0
0
0
0
0.01
0.68
0.02
0
0
2.34
6.45
0.98
1.41
10.26
5.98
1.2
2.84
0.57
0.02
0
0
0.01
0.02
0.45
0.01
0.02
0
0
0
0.01
0
0
0
0.07
0
0
0
0
0
0
0
0
0
0.21
0.03
0
0
0
0
0
0
0.31
0
29.98
5.49
0
0
0.32
0.11
0.01
0
0.04
0.03
2.9
0.15
0
0
0
0.04
0.57
0.27
0
0
0
0
0
0.01
0.07
0.02
0
0.02
1.71
1.32
2.77
5.25
5.08
18.7
7.33
10.24
8.33
2.86
2.53
4.25
7.46
7.5
2.04
2.93
3.16
3.72
0.34
2.3
1.47
4.18
2.59
2.48
4.24
7.3
0.83
0.28
8.2
4.27
2.09
0.65
12.58
17.14
8.15
0.77
0.3
3.91
0.6
0
0
4.77
8.77
1.1
0.16
0.12
0.41
0
4.86
4.7
5.33
1.35
0.02
0.09
0.02
0.12
0.22
0.36
0.2
0
0
0.05
0.11
0
0.01
0
0
0
0.02
0.01
0
0.2
0.39
0.19
3.79
4.14
1.79
0.78
4.56
0.65
0
0
0
0
0.04
0
0
0
0
0
0
0.03
0
0
0
0
0
0
0
0.04
0
0
0
0
0
0
0
0
0.1
0
0.01
0
0.05
0.14
3.96
0
0
0.89
0.1
0
0
0
0
0.15
0
0.01
0
0
0
4.42
2.5
0.94
0
0.06
0
0
0
0
3.13
0.92
0.15
1.95
10.1
5.18
1.83
4.43
1.23
0.3
0
0.02
0.69
0.04
0
0
0
0
0
0.35
0.03
0.2
0.73
0.52
4.1
2.37
0.08
0
0.64
0.46
1.41
0.21
0.01
0
0
0.01
0
0
0.05
0.18
0
3.8
0.23
0
0.18
0.95
0
0.5
1.16
0.53
0.13
0.08
0.43
0
0
0.75
0.81
0.03
0.01
0.01
0
0
0
0.06
2.31
0
0.13
0
0
0
0.4
0
0.59
3.38
2.98
0
0
0
0
0
0.02
0
0.14
0
0
0.13
0
0.12
0
0
0
0
0
0
0
0
0.02
0.01
0
0
0
0
0
0
0
0.13
0
0
0
0
0
0
0.52
1.05
0.78
0
0
0.46
8.13
1.06
0
0
0
2.81
0
0.01
0
0
0
0.57
1.98
1.11
0.26
0
0.6
0
0
0
0.23
0
0.55
25.32
2.82
0.78
0.41
0.16
0
0
0
0
0
0
0
0
0.06
0.57
0.02
0
0
0.62
23.37
11.21
0
0.01
0
0
0
0
16.16
2.22
0
0.37
0
0
0
0
0.01
2.92
0
0
0
3.14
0.38
2.2
1.57
0.55
0
0
0
3.2
0.24
0.02
0.04
0
0
0
0.48
1.56
1.87
1.71
11.34
1.03
1.76
9.48
20.36
6.68
2.39
0.04
0.25
4.11
3.94
0.35
0.38
4.38
0.62
0.44
0.02
0.06
0.07
0.07
8.83
16.43
4.99
0.7
0
0.04
0.09
0.11
0.04
0
0
0.26
0.16
0.21
4.17
0.39
5.24
9.37
1.57
0.14
0.2
0.09
0.06
0.02
0.03
0
0
0
0.02
0
0.61
10.14
2.08
0.41
0
0.01
0.01
0
0
0.01
0
0
0
0
0
0
0
0
2.59
0.25
0.95
0.46
0.43
0.14
0.24
0.04
0
0
0
0
0.54
4.02
0.35
0
0.21
0.28
1.32
0.02
0
0.03
0.08
0.18
0.05
0
0.01
0.02
0
0.05
0.02
0.13
0.21
0
0
0.27
0.08
0.32
4.82
7.84
0.05
0
0.34
1.3
1.13
0.46
1.81
0.6
0
0.07
0.03
0.07
0
8.6
3.83
8.74
1.13
0.05
0
0.01
0
0.05
0.02
0.32
2.44
15.81
2.14
0.58
0.79
0.27
5.61
8.28
7.97
2.98
1.75
0.7
0.41
2.86
3.81
0.75
0
3.14
5.07
0.2
0.03
0.01
0.04
0.12
0.27
0.17
0.55
5.59
1.24
0.02
0
0.09
0
0
0.06
1.98
3.8
0
0
0.01
0
0
0
0.08
2.22
1.07
10.16
18.77
1.25
1.63
0
0.02
0.02
0
0
0
0.06
1.41
0.36
0
0.06
0
0
0.05
0
0
0.04
0.37
0.02
0.06
1.07
0
0.01
0
0
0
0
0
0
0
0
0
0
0
0
0
0
0
0
0
0
0.63
0.91
3.59
4.37
0.6
0.38
0.2
0
0
0
0
0
0
0
0
0
0.94
4.6
0.09
0
0
0.02
0
0
0.01
0
0
0
0
0
0
0
0
1.03
1.32
0.49
0.18
0
0
0
0
0
0
0
0.02
0
0
0
0.01
0
0
0
3.64
0.11
0
0
0
0
0
0
0.1
0
0
0
0
0
0
0
0
0
0
0
0
0.01
0
0
0
0
0
0
0
0
0
0
0
0
0.01
0.02
0.03
0.19
0.16
0.66
0
0
0
0.01
0
15.51
17.49
18.77
1.97
0
0.01
0
0.13
0.83
0
0.01
0
0
0
0.05
0
0.16
2.09
21.71
0.8
0.05
0
0
0
0
15.79
0.89
2.59
0.11
0
0.03
0
0
0
0
0
21.17
24
5.47
4.59
1.18
1.48
0.98
0.02
0
0
0
0
0
0.55
0.82
0.3
10.18
6.45
0.25
0.57
0
0
0
0
0.21
2.73
4.25
0
0.02
0.02
0
0
0
0
0.31
4.98
0.98
2.89
0.01
0
2.29
1.23
0.01
0
0.01
0
0.34
0.15
0
0.08
0.57
22.33
4.21
4.73
4.87
0.66
0
0
0.01
0
0.2
0.05
0
0.01
0.11
0.62
5
1.27
0.14
0
0
0
0.03
0
0
0
0
0
0
0
0
0.01
0
0
0
0
0
0
0
0
0.61
2.23
2.01
0
0
0.13
0
0
0
0
0
0
0
0
0
0.14
0
0.01
0
0
0
0
0
0
0
0
0
0
0
0
0
0
0.08
0
0
0
1.49
0.3
0.02
0.02
0
0.05
8.16
3.7
0.43
0.02
0
0.3
3.57
2.61
0.44
0
0
0
2.15
0.5
0
0
0.17
0
0
0
0
0
0
0
0
0
0
0
0
0
0
0
0
0
0.46
0.01
0
0.41
0
0.02
0.15
7.55
3.48
2.85
9.3
7.31
5.94
0.81
0.87
0.83
0.45
0.04
0
0
0
0
0
0
0
0
0
0
0
0
0
0
0
0
0
0
0
0
0.7
10.22
5.02
0.13
0
0
4.23
0.39
0
0
0
0
0
0
0.07
0.01
0
0
0
0
2.79
1
0.45
3.95
0.32
0
0
0.77
4.3
19.23
15.22
2.73
0.23
1.39
0.31
0
0
0.16
0.04
1.41
1.11
0.12
0
4.63
11.95
4.81
18.39
4.7
0
0.05
0
0
1.38
18.1
1.6
0.04
0.02
0
0
0
0.01
0.02
0
0
0
0
0
0
0.01
0
0
0
0.01
0
0.01
0
0.38
0.23
0
0
0
0.09
0
0
0
0
0.16
0
0
0.11
11.19
9.12
0
1.22
8.52
0.15
0.21
1.34
0.74
2.42
0.52
0
0
0
0
0
0
0
0
0
0.07
8.56
0
0
0
0
0.21
0.52
0
0
0.14
0.15
0
0.13
0
0
0.01
0
0
0
0
0
0
0
0
0
0
0
0
0.02
0
0
0
0
0
0
0
0
14.1
6.03
2.21
0.92
0
0.01
0
0.01
0
0
1.66
0
0.3
4.73
3.39
5.59
9.42
5.66
0.53
0
3.16
14.05
2.8
8.82
15.45
0.07
0.05
0.17
0.02
0.03
0.14
0.2
2.93
0.67
8.68
9.01
1.41
0.1
0
0
0
0.16
0
0
0
0
0
0
0
0
0
2.31
0
0
0.01
0
0
0
0
0
0
0
0
0
0
0
0
0.72
1.12
0.52
12.41
1.45
7.91
1.41
0.04
0.06
0.02
0
0
0.01
0.73
4.66
5.3
0.41
0.05
0
0.22
0.05
0.35
1.75
0.55
1.1
0.34
0.05
0.01
0
0
0
0
0
0
0
0
0
0
0
0
0
0
0.12
0.01
0
0
0
0
0
0
0
0
0
0
0
0
0
0
0.01
0
0.27
0.29
0.01
0.06
0.06
0.64
0
0.32
0.04
0
0.38
2.74
2.77
0.43
0.1
0
0
0
0
0
0
0
0
0
0
0
0.04
1.6
0.49
0.07
0.56
0.61
0.23
0
0
0
0
0
0
1.59
0.91
0.17
3.2
3.63
0.08
0
0.84
0
0
0.17
0
0
3.08
2.78
0.72
0
0
0
0
0
0
0
0
0.01
0.03
0
0
0
0.02
0.01
0
2.03
2.39
0.3
1.91
0.74
0.67
0
0
0
0
1.27
0.02
1.58
13.1
9.38
5.23
6.53
1.84
3.02
1.25
5.04
0.52
0.14
0.52
0.04
0.39
0.5
0.2
7.01
6.56
2.05
0.84
7.73
0.38
0
0
9.62
5.42
0.63
0.09
0
0.21
8.67
21.01
15.41
5.52
1.84
0.06
0.02
0.01
0
0
0
1.39
0.26
13.04
4.34
3.34
4.3
12.52
1.77
0
0
0
0.01
0.01
0
0.59
0
0.17
0
0.01
1.74
0.02
0.01
0.02
0
0
0
0
0.02
3.91
0.34
0.64
0.3
0
0
0
0
0
0
0.01
0
0
0
0
0
0
0
0
0
0
0
0
0
0
0
0
0
0
0
0
0
0
0
1.2
1.11
1.65
0.04
0.03
0
0
0.04
0
0.01
0
0
0
0
0
0
0.01
0
0
0.37
3.71
0
0
0
0
0
0
0
0
0
0
1.3
0
1.75
1.66
6.21
0
0
0
0
0
0.39
0.34
0
0.02
0.28
0.01
0.19
9.2
5.77
1.76
0
0
0
0.01
0.1
7.39
1.06
2.27
1.3
0.43
5.01
8.4
4.73
2.95
4.98
8.95
6.08
15.42
4.3
2.76
1.84
2.79
4.62
2.59
0.1
0.13
0.05
0
0.01
0.05
0.05
0.64
8.51
18.43
0.85
0.04
1.47
6.41
1.74
2.86
9.55
4.34
4.52
4.37
1.13
0
0.03
0.03
0
0
0
0
0
0.07
0.02
0
0
0
0
0
0.07
0
0
0.1
0.13
3.98
0.38
6.05
0.58
0
0
0.01
0
0
0
0
0
0
0
0.01
0
1.2
0.11
0.02
0.01
0
0.08
0.12
0.13
0.16
0.05
0
0
0
1.42
0.11
0
0.32
0.32
0
0.61
2.82
0.22
7.04
10.9
1.06
5.34
8.16
2.41
0.57
0.65
0
0.06
0.01
0
0
0
0
0
0
0
0
0
0.02
0.03
0
0
0
0
0
0.01
2.83
8.38
0.9
0.86
0.06
2.26
0
0
0
0.01
0
0.01
0.07
0
1.13
0.48
0.26
2.36
0.7
0
1.52
0.5
0
0
2.13
5.47
3.51
0.11
0.09
0
0
0.01
0.01
0
0
0.02
0
0.05
0.12
0
0
0
0.04
0.06
0.05
0
0
0
0
0
0
0
0.02
0
0.02
0.07
0.08
0
0
0
0.01
0.02
0.07
0.05
0
0.06
0
0.02
0
0
0
0.05
5
1.77
0.02
0.63
7.09
1.32
0
1.05
3.43
3.11
0.13
0
0
0
0
0
0
0
0.01
0.03
0.14
0.44
1.5
0.73
0
0
0.01
0
3.83
1.15
5.49
5.44
3.22
0.07
2.3
0
0
0.03
1.7
0
0
0
0
0
0
0
0
0.89
0.03
0
0
0
0.09
0.14
0.85
0
0
0
0
0
0
0
0.01
0.01
0
0
0
0
0
0
0
0
0
0.01
0
0
0
0
0
0
0
0
0
0
0
0
0
0
0
0
0
0.07
0.03
0
0
0
0
0
0
0
0
0.01
0
0
0
1.24
0.46
0
0.01
0
0
0
0
0
0
0
0
0
0
0
0.05
0.26
0.01
0
0
0
0.01
0.23
0
0
0
0
0
0
0
0
0.01
0.01
0
0
0
0
0
0.16
0
0.01
0
0
0
0.01
0.06
0.53
0.78
0
0
0
0
0
0
0.15
0.41
8.12
0
0
0.01
0
5.47
1.56
2.89
8.99
2.36
0.44
1.34
10.34
0
0.54
0
7.47
0.54
0.11
0
0
12.16
9.11
2.5
0.79
2.95
2.11
2.89
0.19
8.36
0.39
0.22
3.68
0.72
9.99
0.55
0
0
0.2
0
0
12.95
12.34
1.44
5.39
3.8
5.77
4.08
0.36
0.99
7.16
0.66
0
0
0
0
0
0
0
0
0
0
0
0
0
0
0.02
0.02
0
0.06
0.04
0.14
0.03
0.88
0.13
2.87
0.18
0.55
0.2
0
0.02
0.02
0
0.01
0.02
0.03
0.79
0.15
0
0
0
0
0
0
0
0
0
0.27
0
7.04
3.89
0.4
0.22
0
0.05
0
0
0
0
0
0
0
0
0
0
0.01
3.42
3.14
0.23
1.7
0
0
0
0.2
0.14
0
0
0.04
0.8
0.18
0
0
0
0
0
0
0
0
0.61
0.75
0.17
0
17.77
5.47
0.03
0
0
2.81
0.22
0
0
0
0
0
0
1.09
0.3
0
0.02
0
0
1.34
0.7
0.03
0
0
0
0
0.94
0
0.02
0
0
0
0
0
0
0
0
0
0
0
0
0
0
0
0
0
0
0
0
0
0
0
0
0
0
0
0
0
0
0
0
0
0
0.07
0
0.01
0
0.07
2.86
5.34
1.39
3.25
0.63
0.03
3.9
2.24
0
0
0.01
8.15
0.41
0.53
0
0.23
1.96
11.14
4.52
3.53
6.6
0.57
0
0.05
0
0.02
0.01
1.66
0
0
0
0
0
0
0.02
0.03
0
0
0
0
0
0
0.04
0.01
0
4.73
1.49
2.64
6.47
6.42
4.04
0.04
0
0.01
0
0
0.05
0
0.01
0.01
0.03
0.03
0
0.09
22.59
13.95
0.81
2.38
9.82
2.07
0.77
0.01
0
0
0
0
0.01
0
0.02
0.14
0
0.02
0
0
0
0
0
0
0
0
0
0
0
0.01
0
0.05
0
0
0
0
0.01
0.02
0.01
0
0
0
0
0
0
0.83
17.84
3.7
0.26
0
0
0
0.05
0
0
0.01
0
4.88
5.75
0
9.09
0.27
0
0
0
0
0.01
0
0
0.02
3.41
0
0.49
0.54
0
0
0
0
0
0
0.33
0
0
0
0
0
6.55
2.13
0.03
0
0.02
0.01
0
0
0
0
0
0
0
0
0
0
0.02
0
0
0
0
0.01
0
0.15
0.14
0.09
3.17
0.43
0
0.16
0
0.19
0
0
0
0.16
1.47
0.26
0
0.02
0
0
0
0.01
0
0
0
0
0
0
0
0.01
0.36
13.91
21.84
4.83
0.51
1.11
2.66
14.34
6.09
1.55
0.46
0
0.26
0.02
0
0.01
6.59
0.51
1.62
0.04
0.02
2.75
0.13
0.02
0.59
6.39
0.12
1.05
3.92
1.79
0.69
0
0.04
0
0
0.38
14.11
1.88
0.24
0.65
0.41
0.21
0.48
8.11
2.19
2.15
6.09
2.82
8.4
2.42
11.6
13.14
17.65
4.09
0.37
0.41
9.92
6.8
8.37
1.32
7.39
4.45
1.61
9.49
0.97
0
0.17
0.27
0.26
0.16
0.13
2.45
1.47
7.56
4.77
16.7
3.75
0.61
1.52
1.47
6.76
1.68
0.26
5.63
11.7
2.95
1.26
1.1
5.12
2.06
0.21
0.29
0.27
0.25
0.25
0
1.49
0.67
0.01
0.02
0
0.02
1.3
0.22
0.06
0
0
0
1.01
8.03
0.39
0.53
0
0
0
0
0
0
0
0
0
0.02
0
0
0.07
4.27
2.66
0.68
0.05
0.27
0.29
2.87
0.22
0
0
0.23
0.02
0
1.41
0.07
0
10.71
8.61
6.79
7.22
0.91
0
0
0.49
2.11
1.34
0.92
0
0
0
0
0
0
0
0
0
0
0
0
0.6
8.36
0.48
0
0
0
0.13
0.35
1.37
0.64
1.06
3.63
0.04
0
1.71
19.32
4.96
0.71
4.8
21.88
16.7
0.45
0
0
0.25
0.95
8.05
6.76
5.62
1.28
0
0
0
0
0
0
0
0.01
0
0.04
3.84
0
0
0
0
0
0
0
0
0
3.05
0.03
0
0
0
0
0
2.96
0.48
0.54
0.04
0
0
0
0
0
0
0
0
0
0
0
0
0
0
0
0
0
0
0
0
0
0.02
0
0.14
0
0.01
0
0
0.07
0
0
0
0.21
1.64
0.02
0.45
0.05
0
0.02
0
0
0
0
0
0.03
0
0
0.84
0.05
0
0.01
0
0.02
4.38
0
11.52
0.2
0
0
0.02
0
0
0
0
0
0
0
0
0.45
0.99
0
0
0
0.01
0
0
0.01
0
0.02
1.02
0.41
0.95
2.49
0.3
0
0.06
0.07
0
0.8
1.58
3.48
12.85
2.07
0
0.01
0
0
0
0
0
0
0.01
0
0
0
0
0
0
0
0
0
0
0
0
10.73
1.05
0.52
0
0.38
0.38
0.01
0
0
0
0
0.03
0
0
0
0
0
0
0
0
0
0
1.96
0.53
0.13
0
0.61
0
17.58
25.59
8.84
8.77
1.53
0.35
6.14
3.7
0.58
2.66
0.66
0.52
0.79
0.66
0.11
0.01
0.11
0
0
0
0
0
0
0
15.82
6.16
3.95
0.65
0.91
0.26
1.78
15.27
13.14
12.67
1.33
0
1.44
3.85
7.52
6.42
12.41
9.65
3.66
7.63
7.03
2.41
0.18
0.79
0.86
8.99
4.17
15.23
1.35
8.06
4.79
2.12
11.66
4.77
13.38
14.94
2.56
0.79
0.17
0.25
0.43
0.55
2.59
8.66
3.35
10.13
19.64
10.73
3.36
6.53
1
0.69
0.74
0.3
0.3
0.01
0
0
0
0
2.79
1.19
0.17
0
0
0
0
0
0.02
0
0
0.04
0.18
0.01
0
0.01
0
0
0
0
1.52
0.56
0
0
0
0
0
0
0.01
0.03
0
0
0
0
0
0
0
0
0
0
0
0
0
0
0
0
0
0
0
0
0
0
0
0
0
0
0
0
0
0.23
0.03
0
0
0
0.63
0.02
0.02
0
0
0
0
0
0
1.82
6.31
8.22
9.5
6.84
0.91
0.01
0
0.01
0
0
0.02
0
0
0
0
0
0.12
0.72
2.3
1.02
2.17
0
0.01
0
0.38
0.7
3.38
3.91
6.1
6.09
2.98
0
0.01
0.05
0.35
0.28
4.76
6.76
2.71
0.83
0.02
0.01
0
10.46
8.41
2
0.29
7.87
14.77
1.39
0.01
0
0
0.04
0
0
0
0
0
0
0.03
3.37
0.81
0.05
0
0
0
0
0
0.01
0
0
1.12
0.3
0
12.05
11.63
0.23
0
0
0
0
0.21
0.96
0.01
0.02
0
0
0.3
0.28
0.64
0
0
0
0.01
0.31
2.04
7.33
1.77
0.2
0.01
2.04
0
0.06
0
0.02
0
0
3.44
0.43
1.29
0
1.01
10.57
0.44
3.41
0.06
0
0
0
0
0.05
0
0
0
0
0.02
0
2.3
0
9.19
0.01
0.5
0.16
0
0
0
0
0
0
0
0
0
0
0.05
0
0.01
0.01
0
0
1.91
2.42
1.4
0
0
0.27
0.3
0
0.01
0.46
3.79
3.93
3.09
0.4
0.89
0
1.66
0
0
0.52
0
1
1.45
0.02
0
0
0
0
0
0
0
0
0
0
0
0.03
2.17
2.24
2.57
1.02
0.46
0.58
1.27
3.36
5.43
0
0
0
0.02
9.75
6.86
6.09
21.2
9.76
6.64
5.72
3.84
8.19
11.25
1.86
14.15
0.32
0
0.17
0.64
8.78
1.2
1.59
20.55
5.69
0.61
1.45
10.46
2.52
0.31
2.21
0.09
0
0
0
0
17.73
0
0
0
1.41
0.42
0.41
2.66
4.64
0.01
0.03
6.28
8.67
17.89
6.21
1.7
0.74
3.72
6.48
1.13
0.27
2.08
1.06
0.28
0.93
2.61
2.32
7.33
0
0.28
0.27
0.41
0.01
0.16
0
0
0
0
0.33
3.16
1.4
0
0
0
0
0.16
0
0.09
0
0
0
0
1.02
5.07
1.14
0.73
3.35
0.82
1.78
2.24
18.45
4.3
6.2
0.02
0.11
0
0.68
3.11
0.18
0
0
0
0
0
0
0
0
0.01
0.2
4.69
0.08
0
0
0
0
0
0
0
0
0.03
0
0
0
0
0
0
0
0.01
0
0.02
0
0
0
0
0
0
0.15
0.05
0.03
1.73
0.07
0
0
0.02
0.01
7.74
0.32
5.11
0.02
0.08
1.43
0.71
3.39
1.29
0.79
0
4.08
3.39
1.96
0.05
0.18
8.08
2.94
7.7
0.61
0
0
0.07
0.14
3.07
0
0
0
2.63
0
11.68
7.09
4.49
0.75
4.32
0.86
0.29
0.03
0
0
0
0.08
7.87
13.16
2.59
4.34
11.53
9.45
0.03
0.22
0.13
7.63
4.14
1.2
1.95
4.3
6.9
0
3.71
11.91
0.97
10.01
2.59
1.43
0.77
0
0.37
0.55
10.3
0.08
0.01
0
0
0
0
0
0
0
0.08
0
0
0
0
0
0
0
0
0
0
0
0
0
0
7.38
5.16
0
0
0
0
0
0
0
0
0
0
0
0.05
0
0
0
0
0
0
0
0
0
0
0
0
0
0
0
0
0
0
1
0
0
0
0
0.01
0
0
0
0
0
0.12
0
0
5.95
4.03
0.05
0
6.94
0.73
0
0
0
0.01
0
0
0.99
0
0
0
0
0
0
0
0
0
0
0.01
0
0
0
0
0
0
0
0
0
0
0.03
0.39
0.07
3.47
14.65
3.05
1.97
7.22
5.16
1.61
10.41
0.38
0.7
0
0.04
1.73
6.45
8.21
2.02
0.01
0.51
0.93
0.23
0
0
0
0
0
0
0.01
0.07
0
0
0
0
0
0
0.32
0
0
0
0
0
0
0.13
0.46
5.93
11.06
0.48
0.51
0
0
0
0.09
0.01
0
0
0
0
0
0
0
0
0
0
0
0
0
0.12
0
0
0
0
0
0.01
0
0.04
0.21
0.05
0.03
0
0.38
0
0.18
0
0.05
0.07
0.3
0
0
0.02
0
0
0.98
0
0
0
0
0
0
0.11
0.58
7.44
9.11
3.73
0.68
0
0
0
0.01
0
0.02
0.4
2.81
0
0
0.01
0
0
0
3.05
1.55
0
0
0.13
0.55
3.43
0.58
0
0
0.01
0
0
0
0
0
0
0
0
0
0
0
0
0.32
5.8
0.98
0
0
0
0
0
0
0
0
0
0
0
0
0
10.67
3.6
0.18
0.62
0.41
0.14
0.1
1.26
0.22
0
0
0
0
0.04
0
12.42
5.12
0.56
0.59
4.29
0.29
0.08
0
0
0
0
0
0.11
6.71
6.57
1.59
1.3
0.12
0
0
0
0.2
0
0
0
0
0.02
0.02
0.01
0.01
0
0.01
0.16
0
0.74
0.73
7.37
1.35
0.14
0
0.97
0.32
0
0
0
0.8
6.98
26.59
10.17
3.21
1.8
5.09
3.36
3.98
0.28
0.54
3.63
4.04
0.03
0.04
0
0
0
0
0.03
0
0.39
3.46
9
2.18
0.38
0
0
0
0.01
0
0
0
0
0
0
2.65
11.22
0
0
0
0
0
0
6.7
6.12
0.16
0.2
0
17.85
0.15
0
0.92
0
0.05
0
0
0
0.75
0
0
0
0
0
0
0
0
0
0
0
0.43
0
0
0
0
0
0
0.18
1.14
0.3
0
0
0.02
0
0
0
0.01
0
0
0
0
0.29
4.66
3.88
0.68
0
0.16
0
0
0
0
0
0
0.07
1.98
0
0
0
0
0
0
0
0
0
0
0.11
0
0.02
0
0
0.03
0.37
0.86
0
0
0
0
0
0
7.04
0.2
0.01
2.11
1.91
0.02
0.44
0.67
0
0
0
0
0.44
0
0
0.06
0
7.13
27.01
2.38
0.05
0
0
0.75
4.25
0.59
0
0
0
0
0.16
0
0
0
0.55
7.43
5.28
0
0
0.27
3.91
12.22
1.13
0
0.01
0.21
14
3.23
9.77
14.64
6.98
12.3
17.4
9.58
5
17.36
8.05
0.06
1.06
0.14
0
0.05
0.11
0
0
0
0
0
0.02
0
1.03
19.98
9.63
2.45
2.21
1.94
0
0.05
0
0
1.48
0.27
0.01
0
0
0
0
0
0
0.2
0
0
0
0
0.92
0.04
0.08
0
0.39
5.21
0.46
0
0
0.91
4.6
1.29
0.3
0.13
0.08
0.13
0.02
0.1
0
0.02
0.11
0
0
0.6
5.29
10.48
1.06
0.23
0
0
0
0
0
0
0
0.02
2.29
0.59
0.01
0
3.45
9.29
0.42
0.62
0.16
0
0
0
0
0
0
0
0
0
0
0
0
0
0.1
1.4
0.36
0
0
0
0
0
0.01
0.01
0
0
0
0
0
0
0
0
0
0
0
0
0
0
0
0
0
0
0
0
0
0
0
0
0
0
0
0
0
0
0
0
0
0
0
0
0
0
0
10.17
2.66
4.91
2.17
0.4
0.23
0
0.16
0.05
0
3.29
2.57
0.91
8.58
3.62
1.76
0.31
0
3.77
5.19
4.03
5.26
0.56
0.14
2.28
6.66
17.77
8.69
0.02
4.52
0.69
0
0
8.69
0.34
0.01
0.88
2.27
6.41
0.43
0.2
0.35
0.65
0.11
1.48
4.36
0.98
5.28
13.3
4.24
1.13
1.23
1.11
0.06
0
0.04
0
2.33
11.92
0
0.11
0.66
4.97
0.82
1.3
0.88
0.04
2.61
0.04
0.01
0
0.04
0.08
2.77
0.28
2.23
18.04
0
0.01
0
0
0
0
0
0
0
0
0
0
0
0
0
0
0
0
0
0
0
0.66
0.04
0
0
0
0
0
0
0.02
0
0.02
0
0
0
0.15
0
0
0
0.02
0
0
6.9
0.87
0
0
0
0
0
0.04
0.14
0.01
0
0
0
0
0.02
0.05
0
0
0
0
0.02
0
0
0
0
1.77
0
0
0
0
0
0
0
0
0
0
0
0
0
0.01
0
0
0
2.12
0
0
0
0
0
0
0
0
0
0
0
0
0
0
0
0
0
0
0.03
0.52
8.34
1.03
0
0.02
0.01
0
0
2.3
0.11
2.71
0.51
0
0.04
0
0
0
0
0
0
0
0
1.47
5.02
0.15
0
0
0.92
0
0
0
0
2.02
1.28
0.38
0.32
0.16
0.38
0.52
0
0
0
7.02
0.95
1.02
14.45
0.04
2.76
16.84
3.1
0.05
0.31
0
0
0
3.04
2.09
0.02
0
0.59
0.12
0
0
0
0.96
14.25
4.16
7.45
0.43
1.25
0.08
0.33
8
0.77
9.58
1.35
0.13
0
7.77
14.1
2.1
1.32
0
0
0
0
0.06
4.21
0.21
0
0.09
0
0.03
0.01
1.21
9.93
8.68
6.92
4.73
10.6
1.79
7.79
17.06
2.28
0
4.65
0.67
2.7
1.6
5.59
0.94
0
0.34
2.61
3.28
7.44
1.16
0.8
0.62
0.8
3.3
3.5
10.02
0.45
0.02
0
0.39
2.09
4.64
2.23
18.85
3.4
1.2
0.13
0.01
0
0
0.01
0
0.29
1.12
0.78
1.39
5.69
0.66
0.23
0.02
0.01
0
0
0.64
0.11
0.14
0.28
0.18
0
0
0
4.94
0.95
0.46
0.35
0.03
0
16
11.09
5.75
10.44
2
1.45
10.15
1.33
0.07
0.93
0.01
0.31
0.09
0
0.02
3.21
0.06
0
0.19
0.14
0
0
0.08
0.79
1.04
5.55
0.55
0.02
0.2
0.29
0
0
0.09
0
0
0
0
0
0
0.22
0
0.16
0
0
0
0
1.25
29.88
2.62
0.08
0
0
0
0.02
0.04
0.01
0.07
1.66
0.02
1.21
0.18
3.51
2.7
0.17
1.35
0.17
0.07
0.04
0.17
6.49
1.93
0
0
0
0.49
0.91
0.02
0.24
19.51
9.75
6.38
4.39
1.86
0.01
0.1
0
0
0
0
0
0
0
0
0
0.01
0
0
0
0.02
0.67
7.78
1.66
0.05
0
0
0
0
0
0
0
0
0
0
0
0
0
0
0
0
0
0
0
0
0
0.11
0.01
0.58
0.53
0.01
0.71
0.63
0
0
0.26
0
0
0
0
0
0
0
0
0
0
0
0
0
0.01
0
0.16
0
0
0
0.01
0
0
0
0
0
0
0
0
0.06
0
0.14
4.39
0.64
0.22
0.1
0
0.04
0
0
0
0
0
0
0
0.14
0
0
0
0.01
0
0
0.12
3.59
0.74
0
9.03
0.13
0
0
0
0
0
0
0
0
0
0
0
0.7
1.91
20.45
10.65
3.93
0.92
0
0
0.07
10.88
0
0.01
0
0
0.01
0
0
8.12
0.37
3.95
0.05
0.02
0
14.26
2.69
0
0.05
3.2
6.62
19.95
16.16
4.91
0.68
1.78
0.66
0
0
0
0
0
0
0
0
0
0
0.04
0
0.19
0.36
0
0
0.15
0
0
0
0.17
0.29
3.32
0.05
0
0
0
0
0.02
0
0
0
0.01
0.04
0.02
0.02
0
0.05
0
0
0
0
0.01
0
0
0
0
0
0
0
0
0
0
0
0
0
0
0
0
2.58
8.86
1.23
0
0
0
0
0.05
4.51
2.64
3.19
8.05
12.13
0.57
0.02
0
0.03
0.01
0.28
0
0
1.22
2.73
0.07
0.69
0
1.41
0
0
0.03
1.83
1.33
7.01
0.09
0.27
0.01
0
0
0
0
0
0.01
0
0.7
0.29
5.91
0.32
0.11
0
0.01
0
0
0
0.01
0
0
0
0
0
0
0
0
0
0
0
0
0
0.25
1.42
1.86
0
21.39
3.7
0.27
0
0.08
0.01
0
0
0
0.22
6.05
7.14
11.58
5.9
0.64
0.45
0.02
0
0
0
0
0
0
0.01
0.23
1.63
0.2
0
0
0.13
2.52
1.31
0
6.85
8.99
3.88
0.36
0.4
16.03
8.8
5.89
0
0.06
0
0
0.01
0.03
0
0
0
0
0
0
0
0
0
0
0
0
0.13
0.46
0.5
0.58
4.67
4.66
20.45
20.32
1.7
2.23
1.51
0
0.02
0
0
0
0.02
0
0
0
0.31
1.25
0.02
0
0
0
0
0
0
0
0.31
0
0
6.65
8.75
3.55
7.03
1.27
0
0
0.37
0
0
0
0
0
0
0
0
0.01
0
0
0
0
0
0.01
0.05
0.01
0
0.02
2.03
0.24
0
0
0
0
0
0
0
0
0
0
0
0.01
0
0
0
0
0.02
0
0
0
0
0
0
0
0
0
0.02
0.06
2.69
0
0
0
0
0
0
0
0
0
0.02
2.26
0.01
0
0.04
0.73
0.68
0.04
0
1.9
0.05
0.01
0.07
0.33
1.02
7.45
0.05
6.22
0
0.06
0
0.23
0
2.2
4.32
0
0
0
0
0.03
0
0
0.14
0
0
0
0.07
1.43
2.25
6.07
2.83
0.06
8.95
1.91
2.11
4.78
0.09
0
0
0
0
0
0
3.38
0.12
0
0
0
0.01
0.04
11.23
16.07
9.64
0.24
0.02
0
0
0.11
0
0.13
0.03
0.01
7.27
8
2.29
0.36
0
0.01
0.04
0
0
0.61
2.5
0.04
0
0.01
0.02
0
0
0
0
0
0
0
0
0.01
8.29
4.82
2.93
8.84
1
0.94
9.06
2.24
2.88
6.09
2.7
4.36
0.3
0.05
2.98
2.52
4.37
0
2.96
0
0
0.1
0.09
0.23
0
0.02
9.03
5.93
2.14
0.39
4.1
2.46
0
3.42
4.33
3.9
6.79
0.43
0
0.37
0.16
1.74
0.79
2.41
2.49
0.04
0.21
2.13
0.54
1.21
2.96
0.76
0.63
9.95
1.02
12.88
3.41
5.62
0
0
0
0
0.12
0
0.45
0
3.45
1.52
4.11
0.93
7.13
0.48
0
0.27
0
0
0
0
0.98
1.49
0.14
0.01
0.02
0
0.01
0
0
0.03
0
0.04
0.16
0
0.04
0
0
0.03
0
8.57
9.95
3.1
0.02
3.57
0.32
2.54
25.84
9.79
1.98
0.07
0
0.17
0
0.58
1.66
0.12
0
0.01
0
0
0
0
0
0.15
0.39
0.04
0
0.01
0
0
0
0
0
0
0
3.63
17.17
5.2
8.48
13.66
1.73
0
0
0.01
0
0
0
0
0
0
1.78
1.42
1.72
11.37
9.54
1.3
0.02
0
2.65
12.11
0.06
0
1.06
0
0
0.01
0.27
0
0
0
0.13
0
0
0
0
1.29
17.41
5.08
3.4
0.02
0.04
0.53
0
0
0
1.63
9.55
0.05
0
0
0
0
0
0
0.11
0
0
0
0
0
0.01
11.81
5.66
0.05
0
3.13
0
0.38
0.52
0.13
0
0
0
0
0
0
2.79
0.25
0.41
0.07
0.01
0
0
0
2.04
0.03
0
0
0
0
0
0.05
0
0
0
0
0.02
0
0
0
0
0
0
3.69
0
0.12
0
0
0
0
0.27
0.01
0
0
0
0
0
0
0
0
0.01
0.01
0
0
0
0
0.02
1.11
0.04
0
0
0.08
0
0
0
0
0
0.12
0.02
0.21
0.11
0
0
2.08
4.24
0
0
0
0
0
0.07
0.02
0
0
0.05
0.04
0
3.41
0.04
2.08
0
0
0
0
0
0
0
0
0
0
0
0
0
0
0.22
0.84
0
0
0
0.18
0
0
3.83
12.53
8.54
6.4
0.91
0
0
0
0
0
0
0
2.94
9.56
8.18
1.77
0.05
13.04
2.4
17.9
14.1
0.52
1.77
0
0
0.84
11.96
10.22
2.11
9.25
0.7
9.08
15.43
0
0
0
0
0.01
0
0
5.13
1.82
1.3
0
0
0
0
9.47
7.49
0.11
0
0
0
0
6.48
5.31
0.02
0
3.96
1.84
0.02
0.01
4.34
0.51
0.36
0.3
0.54
2.72
4.27
1.31
1
6.49
0.88
0
0
0
0
0.01
0.07
0.91
1.56
0
0.07
0.05
0
0
0
0
0
1.7
0.43
0.48
0.72
0
0.02
0.02
0
0
0
0
0
0
0
0
0
0.07
0.13
0.13
0
0
0.01
0
0
0
0
0.07
0.01
0
0.18
2.11
0.85
0.01
0.1
4.23
3.69
0.71
0
0
0
0.26
0.44
0.27
0.1
0
0
0
0
0
0
0
0
0
0
0.05
4.23
7.06
4.42
5.17
22.72
8.16
1.11
0.35
0
0.55
0
0
0
0.15
1.05
0.76
0
0
1.83
0.19
0
11
5.23
0.02
0
0.02
0
0
0
0
0
0.02
0.89
0.59
0.07
5.98
5.92
10.84
9.75
11.87
1.93
8.62
1.47
0.22
0
0.11
0.13
0
0.92
0
0
0
0
0.01
0
15.71
12.1
1.77
2.41
0.06
0.06
0.22
0.88
0
0
0
0.01
2.59
24.12
6.65
2.97
7.39
21.52
7.4
1.06
9.2
3.25
0
0.16
5.55
7
4.74
0.39
0.02
0.01
0
0.02
1.19
0.02
0
0
0.38
2.32
2.79
5.91
6.33
3.69
0.39
0.03
0.05
0
0.61
0
0
0
0
0.01
30.38
6.93
0
0.25
0
0.07
3.41
0.14
0
0
0
0
0.37
1.11
0
0
0
0
0
0.01
0.01
0
0
0.04
0
0
0
0
0
0.36
10.28
1.01
0
0
0.02
0
0
0
0
0.57
1.02
0.33
0
0.01
0
0
0
0
0.71
0
0
0.03
1.98
0.02
0
0
2.26
0.61
0
0.84
0
0
0
3.22
4.86
0.39
0
0
0
0
0
0
1.34
0.21
1.36
0
0
0
0
0
0
0
0
0
0
0
0
0.39
16.41
8.29
0.59
1.8
1.17
0
0
0
0
0
0
0
0
0.02
0
0
0
0.01
0
0
0
0
0
0
0
0
0
0
0
0
0
0.01
0
0
0
0
0
0.02
0.16
0.07
0
0
0
0
0
0.24
4.95
3.25
4.98
4.76
0.14
0
0.86
17.68
2.64
22.93
7.38
3.91
1.91
2.82
1.05
0.9
1.82
20.01
1.91
0
0
0
0.04
0.09
0.09
0
0
0
0
0
0.27
0
0
0
0.19
0
0
0
0
0
0
2.13
1.74
0.23
13.46
0.73
2.7
0.11
0
0
0
0.09
0.07
0
0
0.16
0.01
0.06
0.28
0.09
0
0
0
0
0
0
0
0
0.04
0
0
0.09
0
0
0
0.34
0
0
0
0
0
0
0
0
0
0
0
0
0
0
0
0
0
0
0
0
0
0.06
0.05
1.4
0.27
0
0
0
0
0
0
0
0
0.16
0.69
3.54
1.31
0.91
0.01
0.02
0
0
0.04
0
0
0
0
0
0
0.01
0.77
12.1
13.38
0.7
0
0
0
0
0
0.58
0
0
0.02
0
0
0
0
0
0
0.02
0.11
1.73
0.09
0
0
0
0
0.02
0.94
0.7
4.45
0.15
0.81
1.66
0.74
1.56
0.27
0
0
0.7
13.3
9.59
1.34
0.38
0.03
0
0.25
0
0
0
0
0.06
0
0
0.01
0
0
0
0.13
0
0
0.03
0.13
0.01
0
0
0
0
0
0
0.02
0
0
0
0
0
0
1.41
0.23
0.02
1
9.27
0.43
0
1.8
0.62
0
0
0
0
0
0
0
0
0
0
0
0.82
0.99
3.73
0.2
0
0.01
0
0
0
0
0
0
1.79
0
1.79
0
0
0
0.02
0
0
0.04
4.63
0.13
1.26
5.48
1.13
0
1.31
3.11
0.02
0
0
0
0.01
0
0
0
0
0.48
0
0
0
0
0
0
0
0
0
0
0
0
0
0
0
0
0
0
0
0
0
0
0
0.04
0.07
0
0
0
0
0
0
0
0.23
1.49
0
0
0
0
0.09
2.48
0
0.02
0
0
0
0
0
0
0
0
0
0
0
0
0
0
0
0
0.02
0
11.81
6.97
1.11
0.09
0.02
0
0
0.2
0
0
1.59
0.32
0.02
0
0
0
0
0.06
0
0.02
0
0
0
0
0
0
0
0
0.01
0
0
0
0.01
0.1
1.27
1.8
4.98
2.64
1.18
1.79
0.1
7.05
3.25
0.11
1.38
1.37
14.38
1.94
0.18
0
0
1.21
18.82
1.46
3.41
2.12
0
0
0.02
0.27
0
0
0.12
0.72
0.42
0
0.13
14.4
8.63
17.63
3.71
0
0
0
0
0
0
0.03
0
0
0.91
0
0.47
0.52
0
0.03
3.44
12.38
0.56
0.53
0.09
0.05
0
0
0
0
0
0
0
0
0
0
0
0.02
0.01
0.08
0
0
0.55
0
0.41
7.23
2.15
0.03
0.54
0
0.45
0.12
0.02
0
0.13
0.46
8.29
3.75
0.71
6.24
0.12
0.01
0.11
0
1.2
4.16
7.64
0.48
0.25
0.05
0
0
0
0
0
0
0.04
0.07
0.05
0.35
0.08
0.01
0
0
0
0
0
0
0
0
0
0
0
0.03
0
0
0.01
0.11
0.27
4.91
3.14
1.44
2.77
2.12
5.53
1.72
12.41
5.2
0.07
0.19
0
0.02
0.7
8.58
0.52
0
0
0
0.22
0
0
0
0
0
0
0
1.5
7.68
3.77
3.27
0.56
1.51
3.13
0.33
0.01
0
0.11
0
0.23
0
0
0
0
0
0
5.89
4.48
1.34
0.9
0
0
0
0
0
6.3
3.36
1.58
3.94
0.09
0.08
0.14
4.88
3.03
0.62
0
0
0
0
0.01
0
0
0
0.19
4.18
4.24
2.67
1.23
0
0
0
0
1.9
1.16
0
0.85
0
0
0
0
0
0
0
0
0
0
0
0
0
0.09
0.8
0
0.01
0
0
0
0.01
0.01
0
0
0.66
9.11
3.34
0
0.02
0.01
2.63
12.05
4.04
0.88
2.7
6.03
1.84
0.02
0
0.77
7.33
0.07
0
0.37
0
0
0
0
0
0
0
0.01
0.01
0
0
0
0
0.05
0.02
2.1
1.54
1.1
0
0.8
5.81
4.05
0.08
0
0
0
0
0
0
0
0
0
0
0
0
0
0
0
0
0
0
0
0
0
0
0
0
0.01
0
0
0.31
0.02
0
0
0
0
0.04
0.3
0
0
0
0
0
0
0
0
0
0
0
2.3
0.19
0
0.09
1.65
0
0.05
4.68
8.13
9.59
0.38
0
0
0
0.02
0
25.77
4.66
0.01
1.14
0
0
0.01
0
0
0
0.05
0.93
0.46
0
0
0
0
0
0
0.01
0.44
0.01
0
0
0
0.22
14.34
11.03
8.82
26.48
0.76
3.83
11.59
0
3.77
1.68
0.07
0
0
0
0
0
8.38
15.57
4.43
1.96
2.22
8.13
0.84
0
0
0
0
0
0.13
5.23
12.93
0.41
0.03
0.02
0
0.01
0
1.24
3.77
5.68
0.03
0.03
0.17
0.14
0
0
0
0.34
0.61
12.96
2.44
9.44
1.77
0
0
0
0
0
0
0
0
0
0
0
0
0
0.13
0.01
0
0
0
0
0
0
0
0
0.03
0.57
0.03
0
0.02
0
0.02
0.04
0
0.16
0.52
0
0.09
0
0.49
0.02
0.01
0
0.04
0
0.34
4.48
0.41
2.36
2.66
1.97
0
0
2.71
1.02
0.04
0
1.78
1.66
2.48
3.33
0.07
3.12
20.58
2.74
1.14
2.7
1.23
0
2.05
0
1.81
0.11
0
0.18
4.66
0.42
0.17
0.5
0.57
1.55
0.13
0
0.09
0
0
0
0
0
7.7
5.53
0.11
0
0
0
0
0
0.02
0
0.36
0.06
0
0.04
0
0.08
0
0
0.03
0.13
4.02
3.21
0.94
0
1.15
3.82
9.85
1.09
1.34
1.84
1.76
8.26
7.26
1.68
0.36
1.05
2.54
11.23
3.83
2.57
1.09
0.72
2.77
0.26
0
0.13
0
0.37
0.03
0.02
12.51
14.8
13.45
8.75
0.55
3.72
0.82
5.54
3.92
0.48
0.14
0.01
0
0.01
0
0
0
0.13
0.08
0.07
0
0.01
0
0
8.18
8.78
2.17
10.7
3.7
3.16
5.38
2.38
0.08
0
0
0.01
0
0
0
0
0.26
0
0.04
0
0.05
1.7
0.3
0
0
0.4
6.42
6.93
11.64
2.43
0.22
0
0
0
0
0.01
0.02
0.01
0
0
0
0
0
0
0
0
0
0
0
1.06
0
0
0
0
0
0
0
0
0
0
0
0
0
0
0
0
0
0
0
0
0
0.01
0
0
0
0
0
0.78
5.14
0
0.01
0
0
0
0
2.64
0
0
0
0
0
0.01
0
0
0
0.02
0.1
0.69
0.77
0.07
0.01
0
0
0
0
0
0
0
0
0
0.41
0
0.02
0
1.66
0.07
2.57
3.23
6.95
0.3
0.11
1.11
0
0
3.82
5.36
2.82
0.65
0.12
0
0.02
0.03
0
0.7
0.21
0.34
8.49
1.93
3.99
0.25
0
0
0
0.01
0
0
0.04
0
0
0
0.38
0
0
0
0
0
0.33
2.93
0
0
0.11
0
0
0
0
0
0
0
0
0
0
0
0
0
0
0
0
0
0.02
0.04
0
0
0
0
6.79
9.51
0.35
3.09
0
0.06
0
0
0
0
0
0
0.37
0
0
0
0
0
0
0
0.02
0.36
0
0
0
0
0
0
1.44
1.46
0.45
0.7
0.56
2.41
0.05
0.05
0
0
0
0
0
0
0
0
6.04
3.38
0.82
0.53
0.41
0.3
0
0.27
0.7
7.1
0
2.82
0.66
3.07
1.3
0
0
0
0
0
0
0
0
0
0
0
0
0
0
0.01
0.77
0.69
5.76
0
0
0
0
0
0
0.02
0.01
0
0
0.16
0
0
2.69
2.24
13.74
0.36
0.92
0.24
0.65
4.36
0.48
0
3.09
3.78
0.02
0.02
0
0
0
0
0
0
0
0
0
0.07
0
0
0
0
0
0.6
0
0.03
0.16
0.34
10.14
0.05
0.16
0.05
0.96
0
0
0.02
3.02
0
0.01
0
0
0
0
0
8.83
11.88
4.97
5.83
5.59
0.07
0.57
0
0.66
7.98
14.05
6.89
15.36
3.88
0
0
0
0
0.07
0.07
0.14
0.01
0
0.01
0
0
0
0.08
0
0.04
1.97
7.07
13.28
15.25
0.2
7.88
7.66
1.92
4.22
3.42
3.11
1.57
0.3
0
5.08
0.38
9.13
1.38
1.91
0.41
1.06
3.38
0.07
2.57
12.05
3.5
4.62
0.09
0.03
1.39
0
0
10.81
16.41
3.43
1.72
0.08
0
0.02
0.19
5.11
0.28
0
0
0
0
0.1
6.11
2.09
0.05
0.34
0
0
0.02
0
0
0
0
0
0
0
0
0
0
0
0.01
1.02
0
3.99
1.77
1.17
0
0
0.03
0.12
0
0
0.01
0
0
0
0
0
0
0
0
0
0
0
0
0.01
0.01
0
0
0
0
0
0
0
0
0
0
0
0
0
0
0
0.22
0.07
0
0
1.48
0
0
0
0
0
0.02
0
0
0
0.26
1.65
0
0.2
0.53
6.15
0.4
0
0
0
0
0.32
0
0.01
0.01
0
0.59
2.04
3.43
0.08
2.71
0.38
1.35
0
0
0.01
0
0
0
0
0
0.01
1.29
0
0
0
5.6
6.9
0
0
0
0.03
1.46
4.94
0.73
0.23
5.88
7.78
1.73
0.93
0
0
7.35
9.25
1.22
5.58
14.69
4.34
1.85
0.83
0.08
0.05
0
2.2
0.16
0
0
0.05
0
0
0
0
0
0
0
0
0
0
0
0
1.8
0.18
0.05
0.03
5.2
1.27
0.55
2.03
0.68
3.82
0.41
0.16
2.07
21.56
3.71
2.04
0.25
0
0.8
10.13
0.14
0
0
0
0
0
0
0
0
0
0
0.01
0.51
0
0
0
0
0.01
0.37
1.38
7.59
0.57
0
0.11
0
3.77
1.82
0.11
1
0.15
1.83
0
0.2
0.02
0.04
1.3
4.16
0.1
1.71
10.1
0.08
0
3.05
0.48
0.11
1.48
0.59
1.53
1.88
11.02
4.3
3.38
5.62
5.49
5.63
0
0.13
2.1
0.32
0
0
0
0
0
0
0
0
0
0
0
0
0
0
0
0
0.18
0.93
3.16
3.65
1.6
8.01
2.35
0.45
0
0
0
0
0
0
0
0
0
0
0
0
0
0
0
0
0
0
0
0
0
7.77
2.65
3.06
0.18
0
0
0
0
0.01
3.64
1.43
0
2.11
8.27
2.05
0
0
5.55
2.91
2.57
0.83
8.29
2.25
0.41
0.37
0
0
0.11
0.12
1.02
0.47
0
0.01
2.41
0
0.01
0
0
0
0.01
0.01
1.27
5.44
0.09
0
0
0
0
0
0.04
0
0.05
0
0.96
0
0
0
0.83
0.29
0
0.01
0
0.48
1.29
0.04
0
0
0
0.22
0.92
1.63
0.09
0.95
0
0
0
0
0.57
0.39
1.29
0.66
0
0
1.37
0
0
0
0
0
0.03
0.06
0
0
0
0
0
0
0
0
0
0.01
0
0
0
0
0
0
0
0
0
0
0
0
0
0
0.07
0
0
0
0
0
0
0
0
0
0
0
0
0
0
0
0
0
0
0.07
5.4
0
0.03
0
1.91
0
0
0
0
0
0
0
0
0
0
0
0
0
0
0
0
0.07
0
0
0
0
1.16
0.08
1.34
0.16
0
1.25
0
0.92
0
0.22
0
0
13.05
2.1
0.08
0.12
0.01
0
0
0.02
0
0
0
0.14
2.48
2.59
1.77
0
0.29
0.31
0
0.45
1.34
0.3
0
0
0
0
0
0
0
0
0
0
0.57
8.19
10.36
1.89
0
0
0
0
0
0
0
0
0
0
0
0
0
0.5
0.06
0
0
0
0
0
0
0
0.07
0
0
0.12
0
0
0
0.36
0
0.01
0
0.09
2.4
0.45
1.3
7.84
0
0.67
11
1.69
0
0.21
0.34
1.18
0.02
0.16
0.01
0
0.78
6.5
3.73
0
2.19
0.78
0
0
3.6
10.03
17.79
15.26
10.4
15.95
6.54
1.95
11.84
29.66
9.5
6.14
0.27
0
8.92
6.42
3.53
4.37
10.91
1.27
1.35
4.19
1.34
7.83
8.54
3.05
0.17
0.73
0.4
0.26
1.71
0.11
0.04
0.24
0.14
0
3.07
1.8
0.66
0
0.01
0
0.09
0
0.02
1.6
4.73
0.7
0
0.16
6.75
1.63
0
0.08
0.01
0
0
13.92
9.97
2.48
2.17
0.25
0.82
8.91
5.45
6.88
1.15
8.04
4.34
0.07
1.5
0.84
4.76
3.68
0.35
22.18
5.67
6.02
0
0.02
0.02
0
0
0
0
0
0.01
0
0.1
0.59
0.13
1.35
0.13
0.25
16.05
5.59
0.05
0
0.22
3.22
1.45
0.23
0
0.02
2.41
0
0
0.24
0.61
0
0
0.02
0.06
3.07
6.68
6.86
6.86
8.59
7.64
6.32
0.53
0
2.59
1.63
0.6
0
0.51
0
0
0.01
0.08
1.29
3.35
0.02
5.21
0
0.59
0.31
2.86
7.13
0.95
8.66
3.16
4.82
0
0
0.16
0.01
0
0.03
0
0
0.03
0
9.86
0.6
0
0.06
1.25
0
0
0.01
0
0
0
0.04
0.01
0
0
0
5.81
26.49
5.15
4.91
12.88
1.09
5.48
0.58
0.04
0.62
2.41
0
0.17
0
0
0.05
3.57
12.6
10.13
0.02
0.84
0.48
0
0
7.3
6.3
0
0
0
0.04
0.25
0.08
0.01
0
0
0
0
0
0
0
0
0
0
0
0
0
0
0
0
0.01
0
0
0
0
0
0
0.01
0
0
0
0.04
4.36
1.14
0.23
0
0
0
0
0.02
0
0
0.08
1.98
0
0
0
0
0
0
0
0
0
0
0
0
20.38
2.33
0
0
0
0
0.2
0
0
0
0
0.11
0
0
0
6.25
8.3
0.19
0
6.49
0.14
0
0
0
0
0
0
0
0
0
0
0
2.15
0.32
0.05
0
2.12
3.03
21.46
3.08
0
2.85
0
0
0
0
0
0
0
0
0
0
0
0.01
0
0
0
0.09
2.35
9.21
2.14
0.11
0
0
0
0
0.02
0.54
9.09
1.1
0.11
0.05
0.35
0
4.5
0.19
1.66
2.45
0
1.2
3.13
2.57
0
0
0.33
0.28
0
0
0
2.93
2.21
0.82
1.8
0.11
0
2.91
5.71
5.96
4.2
0.5
0
0
0.01
0.23
0.45
0
0.16
0.22
2.59
1.81
4.57
13.34
5.02
2.74
0
0
0
0.21
0
0.62
4.46
1.05
0
0
0
0.35
1.17
0.03
0
7.96
5.38
3.31
0.2
0.01
0.01
0
0
0
0
0
2.97
0.68
0
0
0
0
0
0.5
6.73
5.69
3.14
2.41
0
0
0
0
0
0
0
0
0
0
0
0
0.07
2.58
3.4
13.7
7.48
2.71
0.41
11.17
0.83
0.01
0.03
0
0
0
0
0.02
0.02
0
0
3.66
4.35
0.02
0.24
0
0.07
0
0
7.41
1.17
1.22
4.53
2.6
7.72
0.96
0
0.01
0
0
0
1.37
0.23
2.03
3.4
2.25
0.3
0.03
0
0
0
0
8.25
0.18
0.05
0
0
0
0
0.03
0.03
0
0.01
0
0
0
0
0.13
1.02
1.17
20.18
5.9
0.65
0.98
0
0.07
0.47
0.99
1.63
1.19
1.83
1.59
2.46
0.29
2.55
1.28
21.44
0.12
0.03
0
0.01
0.26
0.16
14.55
0.36
0.01
0
4.43
0
0
0.02
1.38
0.27
0
0
7
6.63
0.13
21.78
5.17
0
0.01
0
0
1.64
3.84
12.86
10.53
0.79
0
0.01
0
0
0
0
0
0
0
0
0
0
0
0.01
0
0
0
0
0.04
0.02
0
0
0.01
0.47
0.27
0.27
0
0
0
0
0
0
0
0.77
0.08
0
0
0
0
0
0.01
0
0
0
0
0
0
0
0
0
0
0
0
0.18
0
0
0
0
0
0
0
0
0
0.01
2.82
0.34
0
0
0.01
0
0.14
0
0
0.05
0
0.01
0.01
0
0
0
0
0
0
0
0.07
0.74
0.3
0
0
0
0
0
0
0
0
0
0
0
0
0.01
0
0
0
0
0.01
0
0
0.02
0
0
0
0
0
0
0
0
0
0
0
0
0
0
0
0
0
0
0
0
0
0
0
0
0
0
0.01
0
4.01
12.51
0.63
9.78
20.24
1.09
0
0
0.1
0.07
7.25
14.03
15.36
12.9
1.24
1.2
0.25
0
0.01
0
0
0.25
9.84
0.27
0
0.2
0.24
1.28
0.72
0.21
4.86
0.29
0.02
0
0
0
0
0
0.05
1.38
2.98
0
0
0
0.21
0.01
0
0
0.07
0
0.07
0.1
0
0
0.87
0.09
0
0.01
0.02
0
0
0.02
0
0
0
0
0
0
0
0
0.03
0.3
0
0
0.01
0
0.01
0.09
0.01
0
0
0
0
0.42
2.91
3.22
0
0
0
0
0
0
0
0
0
0.05
2.17
0
0
0
0
0.21
0
0
0
0
0
0
0
0
0
0
0
0.08
0.1
0
0
0
0
0
0
0
0
0
0
0
0
0
0
0
0
4.73
0.09
0.09
0
0
0
0
0
0
0
0
0
0
0.01
0.06
0.02
0
0.04
4.38
2.41
0
0
0
0
0
0
0
0
0
0
0.05
1.16
8.83
6.16
9.22
2.65
0.09
0.07
0
0.96
1.14
6.93
1.88
3.15
0.2
0
0
0.06
0.28
0.19
0.13
0
0.02
0
0
0
1.7
6.59
13.22
3.33
1.23
0
4.17
3.59
2.52
0
0
0.04
0
0.01
0.35
0.7
0
0
0
0
0
0.02
3.54
2.09
0.13
0.02
0
0
0
0
0
0
0
0
0
0
0.38
0
0
0
0
0
0.17
0
0
0
0
0
0
0.03
0.07
0.01
4.29
5.93
0
0
0
0
0
0
0
0
0
0
0
0
0
0
0
0
0
0
0
0.01
0.01
0
0.01
0
0
0
0
0
0.35
0
0.01
0
0
0
0
0.8
0
1.1
0.02
0.01
0
0
0
0
0
0
0
0
0.04
0
0
0
0
0
0
0
0
0
0
0
0.02
0
0
0
0
0
0.02
0.01
0
0
0
0.2
0
0
0
0
0
0
0.04
0
0.07
0.03
0
0
0
0
0
0
0
0
0
1.68
0.01
0
0
4.28
0.02
3.1
4.59
0.11
28.39
1.81
0.13
0.04
0
0.01
0
0
0
0
0
0
0.14
3.64
2.48
0
3.74
0
0
0.62
11.61
12.2
8.57
12.55
0
0.05
4.08
4.32
3.47
0.32
0.06
0
12.8
0
0.02
3.71
20.79
11.41
0
0
3.2
19.65
7.78
4.62
0.83
0.05
0.08
0
0
0
1.26
0.07
0
0
0.05
0.05
0
0
0.08
5.12
0.13
0
0
0.09
0
0
0
0
0
0.07
0.44
0
0.01
0
0
0
0.13
4.22
0.66
1.31
0.03
0.27
0.16
0.56
0.05
0
0
0
2.62
0.03
0
0.01
0.03
0
1.41
0.35
0
0
0
0
0
0.05
0.03
0.21
0.02
0.71
3.77
2.29
0
0.08
4.77
0.52
3.69
7.13
1.99
0
10.16
4.45
0
0.13
0.04
2.74
0.54
0
0
0
2.26
0.47
0.01
0
0.4
0
0
0.15
0.09
6.77
0.34
0
0
0
0
0.15
1.19
0.5
0.65
0.02
4.62
8.23
0.84
0.33
0.08
0
0.05
0.23
0.01
0.01
0.07
8.73
3.33
3.44
5.99
14.31
5.16
2.09
0.6
0.89
0.45
0.02
0.14
3.57
8.01
0.1
4.92
0.02
0
2.85
3.43
4.31
6.74
20.69
3.71
2.73
8.07
0.58
15.99
3.26
0.59
4.23
4.29
3.03
0.03
1.3
0.18
0.05
0
0.41
0
0.05
0
0
0
0
0
0
0
0
0
0
0
0.13
5.21
3.8
13.22
8.06
3.93
1.03
0.02
0.09
0
0
0
0.01
0
0
0
0
0.07
0.55
2.79
3.64
3.8
5.88
5.72
1.14
1.5
0
0
0.01
0
0
9.81
1.63
0.09
8.83
0.38
0
0
0
0
0.23
1.22
0.14
1.04
0.07
0
0
0
0
0
0
0
0
0.09
0.31
0.39
0
0
0.04
0
0.02
0
0
0.02
0
0
0
0.22
0.04
0
0
0
0
0
0
0.27
0.16
0
0
0
0.02
0
0.02
0
0.02
0
0.25
2.79
0.02
0
0
0
0
0
0
0
0
0
0
0
0
0
0
0
0.22
0.03
0
0
0.09
0
0
0.14
0.13
1.27
0
0
0
0
0
0
0
0
0
0
0.66
4.94
0
0.13
0
0.16
0
0
0.11
1.19
0.28
0.53
0.51
0
0
0
0.01
0
0
0
0
0
0
0
0
0
0
0
0
0
0.01
0.31
6.72
0
2.46
1.05
1.4
1.6
0.99
0.02
0
0
0
0
0
0.02
0
0
0
0
0
0
0
7.51
0.02
0.01
15.63
0
1.25
1.64
0.18
0.01
0.01
0
0
0
0
0.01
0.43
0
0
0
0.03
1.1
0
0.04
0
0.01
0
0
0.01
1.84
11.47
3.2
0.18
0
0
0.01
0
0
0.01
0
0
0.11
0
0.07
0.04
0
0
0
0
0
0
0
0
0
0
0
3.17
0
0
0
0.03
5.85
11.54
0
0
0
0
16.2
2.63
0
3.92
0
0
0.02
0.06
3.83
10.95
11.08
7.13
1.59
0
0
0.03
0
0
0
3.08
2.16
1.45
3.2
1.02
5.38
5.45
1.85
0.9
8.49
2.99
0.08
0
0
0.05
0
3.93
6.34
1.11
0.77
0.18
0
1.7
4.79
0.2
2.99
2.38
3.42
14.07
1.03
10.41
3.39
1.69
0.63
1.01
0.65
0.47
0.02
0
1.15
0.2
0
0.34
1.52
0
0.75
0.32
0
8.25
1.2
0
0
0
0
0
0
0
0
0
0
0.1
0
0
0
0
0
0.08
1.84
0.54
1.5
0.04
0.15
2.15
0.23
0.05
0
1.12
0.38
0
0.34
9.39
1.1
0.42
0
0
0
0
0
0.31
0.45
5.21
0
0
0.61
0
0.01
0
1.02
2.6
7.08
0
0
2.8
0.16
0
0
0
0
0
0
0
0
0
0
0
0
0
0
0
0
0
0
0
0
0
0
0.02
1.1
0.25
3.7
0.09
1.22
0.52
0.63
0.09
0.67
2.39
0.12
0
5.01
0.45
0
0
0
0
0
0.02
0.02
0
0
2.17
0
0.22
0
0
0
0.03
0
0
0.11
0
0.35
1.79
11.78
0.37
0.81
0
0
0
0
0.02
6.27
18.29
0
0.02
0
0
0
0
0
0
0
0
0
0
0
0
0
0
0
0
0
0
0
0
0
0
0
0
0
0
0
0
0
0
0
0
0
0
0
0
0
0
0
0
0
0
0
0
0
0
0
0
0
0
0
0
0
0
0
0
0.29
0
0
0
0
0
0.02
0
0
0
0
0
0
0
0.52
0
0
1.4
0.95
0.17
0
7.89
0.94
0.82
10.09
0.37
0
0.26
6.75
0
0.02
0
0
0.08
0
0
0
0
3.84
9.05
10.72
11.44
7.86
9.13
1.58
0.16
0
0
0
0
0
0.02
0.04
0.03
0
0
0.01
0.01
0.01
0.02
0
0
0
0.87
7.06
4.24
1.07
0.52
1.27
7.23
0.83
11.63
15.87
0
5.63
4.5
2.2
0
0
0
0
0
0
0
0
0
6.91
3.31
6.47
27.63
8.41
0.83
0
0.01
0.64
0.18
0.03
0.48
0
0
0
0
0
0
11.39
10.18
0.61
0.61
0.05
0.02
0
0
0
0
0
0
0.01
0.03
0.15
0.64
0.02
0
0
0
0.01
0
0
0
0
0
0
0
0
0
0
0
0.77
3.44
0.95
0.02
2.61
1.26
0.01
1.02
0.34
0
0
0
0
0
0.21
0.87
15.82
3.32
0.03
6.88
6.98
0.89
0.91
0.13
0.08
0
0
0
3.23
1.38
0
4.45
0.3
0
0.12
0
0.13
2.79
0.57
0.27
1.25
0.52
0
0
0
0
0
0.04
0.11
0
0
0
0
0
0
0.05
0
0
0
0
0.08
0.06
1.73
10.82
0.91
1.51
4.14
5.61
17.88
0.18
0
0
0
0
0
0
0.01
0
0
0
0
0
0.04
0
0.2
5.53
0.05
2.88
0.21
0.35
0.06
4.45
1.53
0
0
0
0
0.01
0
0
0.02
5.37
15.36
0.32
0.04
0.08
0
0
0
0.03
0.02
0
0
0
0
0
0
0
0
0
0
0
0
0
0
0.19
0
0.16
0
0
0.06
0
0
0
0.01
0.27
0.5
0.02
0
0
0.06
0.39
0
0
0.13
0.6
2.52
4.46
8.93
0.54
0.17
1.61
6.84
0.82
0
0
0
0.01
0.11
1.38
0
0
0.01
0
0
0
0
0
0.22
0
0
0
0
0
0
0
0
0
0
0
0
0
0.01
0.01
0.81
0.5
0.01
0
0
3.7
0
0
0
0
0
0
0
0.01
1.82
0
0
3.25
0
0
0.09
0.63
1.05
0.07
0
0
0
0
0.01
0.01
0.08
0
0
0
0.04
1.1
0.06
0.31
0.67
0
0
0
0
0
4.9
1.59
0.43
0.04
0.02
0
0
0.52
3.27
0
0.01
0
0.23
0.01
0.01
0
0
10.16
0.09
0
0
0
0
0
0
0
0
0
0.32
1.04
1.01
0.12
0
0.02
0.11
1.32
1.48
0.54
0
0
0
0.57
1.3
0.79
0.36
0
0.02
0
4.88
5.91
1.41
0.14
0.02
0
0
0.17
0.01
1.46
1.53
0.95
0
0
0.04
11.57
15.33
4.32
0.1
0
0
0
0
0
0
0
0
0
0
0
0
0
0
0
0.25
2.72
0.11
0
0.02
0.05
0
0.09
0
0
0
0
0
0
0
0
0.01
0.01
0
0
0
0
0
0.09
0
0
0
0
0
0
0
0
0
0
0
0
0
0
0.68
0.01
0.2
0.88
6.86
0.37
6.48
11.05
1.11
1.13
0.24
4.13
2.61
10.43
2.76
0.04
0.16
4.34
0
0
0
0
0
0.04
0.24
0.03
0
0
0
0
0.02
1.42
0.87
0.04
0
0
0.13
0
0
0
9.3
1.79
1.21
1.73
1.11
5.3
19.42
8.56
4.91
0
0
1.08
1.11
0.03
0
0.02
0
0
2.79
0.42
13.89
3.95
0.46
0
0
0
0
3
0.88
2.47
5.95
0
0.55
0
0
0
0.02
0.21
0
0.37
0
11.02
7.75
0.36
10.66
0.82
0
0
0
0.43
0
0.05
0
0.77
0.38
0
0
3.26
31.15
0
0.42
0.01
0.06
0.38
6.64
2.59
8.15
1.82
0
0.58
9.11
0.19
0
17.12
8.53
1.93
0.99
2.32
0
0
0.07
0.01
0.76
5.7
0.61
0
0
0
0
1.05
10.52
8.89
19.07
6.73
5.79
3.49
2.13
2.88
0
0.02
0
0
0.2
0
0
0
0.24
0.06
0
0
0.02
0.02
2.49
0.48
0
0
0
0
0.39
0
0.01
0
0
0
0.16
0
0
0
0
0.04
3.11
1.19
0
0.07
0
0
0
0
0
0.01
0
0.02
0
0
2.42
0.03
0
0
0
0
0
0
0.5
0
0
0
0
0
0
0
0
0
0
0
0.13
0.12
0.06
0
0.01
0
0
0
0
0
0
0
0
0
0
0
0
0
0
0
0
1.46
0.12
0
0
0
0
0
0
0
0
0
0
0
0
0
0
0
0.69
0.06
0
0
0
0.02
0
0
0
0
0
0
0
0
0
0
0
0.52
9.79
2.52
0.23
0
0.01
0
0
0
0
0
0
0
0.02
0
0.01
0
0
0
0
0
0
0
0.01
0
0
0
0
0
0.45
13.97
1.09
0
0
0
2.37
1.05
7.52
9.17
2.91
9.2
14.41
3.06
0.1
0.04
0
0
0
0
0
0
0
1.68
6.39
16.5
0.68
0.01
0.27
0.02
0.01
0
0.04
0
0
0
0
0
0
1.49
15.49
4.57
7.73
6.02
1.94
4.99
12.65
4.3
0
0.38
0.1
0.16
0.29
4.41
4.88
0.23
0.06
0.03
0
0
0.01
0.02
0.53
0
0
0.21
1.66
0.14
0.29
0.45
0
0.04
0.02
0.01
0
0
0.02
0
0
0
0
0
0
0
0
0
0
0
0
0.02
0.3
1.29
0
0
0
0
0
0
0.04
0
0.21
0.15
0
0
0
0.01
0
3.21
7.17
0
1.92
0.63
0.02
3.93
3.05
2.92
5.59
2.81
0
0.47
0.03
0.08
1.6
1.26
1.82
1
0
0
0
0
0
0
0
0
0
0.68
0.12
0.01
0
0.01
0
0.41
0.01
10.05
0.25
0
0.33
0.41
0
0
0
0
0.18
0.57
0.01
0
0
0
0
0.05
0.09
0
3.5
3.41
0.72
3.84
2.67
1.91
0.07
0.21
0
0.04
0
0
0
0
0
0
0
0
0
0
0
0
0
0
0
0
0
0
0.08
0.2
0
0
0
2.19
1.27
0
0.23
0.94
4.63
1.53
0.7
0
0.03
0.34
2.33
0.05
0
0
0
5.65
5.06
2.63
0.56
0.02
0
0.01
2.26
4.23
0.45
0
0
0
0
0
0
0
0
0.23
0.66
0.5
3.12
0.58
5.26
2.27
9.09
0
0
4.27
0
0
0
0
0
0
0
2.02
0.52
0.37
0.02
4.49
0
0
0
0
0
8.45
0
0.37
0.8
0
0
0.02
0
0
0
1.16
6.32
13.77
2.33
0.01
0
0
0
0
0
0
0
0
0.66
0
0
0
0
0
0
0
0
0
0
0
0
0
0.09
0.1
0
0
0.01
0
0
0
0.01
0
0
0
0
0
0
0
0
0
0
0
0
0
0
0
0
0.11
2.41
2.3
1.66
0.02
0
0
0
0
0
0.11
0.14
0.02
0
0.03
0
0
0
0
0
0
0.51
0
0
0
0
0
1.01
0
0
0
0
0
0.07
0.02
0
0
0
0.1
0
0
0
0
0
0
0
0
0
0
0
0.01
0
2.89
12.98
0
0.16
0
0
0
0
0
0
0
0
0
0
0
0
0.05
0.43
2.96
0.05
0.02
0
0.06
0
0
0
0
0
0
0
0
0
0.01
0
0
0
0
0
0
0.01
0
0
7.63
0.31
0.05
0.53
0
0
0
0
0
0
0.33
0
9.18
2.21
0.08
0.06
0.96
0.74
0
0.03
0.02
0
0
0
0.02
0.02
0
2.13
4.5
0.89
0
0.84
0.09
1
0.01
0.02
0.02
0.05
7.17
17.35
2.17
1.07
1.96
0.98
0.13
0
3.5
0.1
0.05
0
0.02
0
0
0
0.28
0.01
0
0
11.87
1.98
0.01
0
0
0
0
0.56
0.05
1.64
7.18
5.81
2.65
0.67
0.53
0.59
0
1.11
0.25
0
0
0.02
0
0
0.02
0.04
0
0.08
0
0
0
0
0
22.91
8.44
11.24
15.09
6.11
4.3
3.43
3.18
1.59
2.12
8.14
13.75
3.02
1.73
0.66
16.91
2.13
3.26
10.34
0.35
11.37
0
0
0.08
8.02
0
0.44
0.13
0.02
0
1.26
3.29
0
0.03
1.46
1.73
0.77
0
9.74
5.14
4.07
7.83
18.69
13.41
5.39
0.65
0
4.6
0.38
0
0.42
0.01
0
0
0.89
0.02
0.11
0.2
0
0.02
0.48
3.16
0
0
0
0
0
3.28
0.83
4
4.02
0
0
0.01
0
0
0
0
0.02
0.95
3.06
6.77
2.45
1.6
1.18
0
0
1.03
0.53
4.43
4.81
12.25
2.36
0
9.5
4.89
0
0
3.66
3.32
0.47
6.21
4.65
0.02
0
0
0
0
0
0
0
0
0
0
0
0
0
0
2.26
0.16
1.56
1.66
0.35
2.35
0
0
0
0.01
0
0
0
0
0
0
0.02
0.01
0
0
0
0
0
0
0
0.05
0.09
0
0
0
0
0
0
0
0
0
0
0
0
0
0.01
0.03
0.06
0
0.09
0
0
0.02
6.69
0
0
0.41
0.01
0.13
0.41
0
0
0
3.32
1.98
0
0.11
0
0
2.01
0.02
0.43
0.02
0.01
2.04
0.35
0.07
0.03
0
4.57
0
0
5.87
4.45
0.65
0.02
0.11
3.61
0.38
18.13
0.02
0
0
0
0
0
0
0.07
0
0.01
0
0
0
0
0
0
0
0
0
0
0.02
0
0
0.52
0
1.15
3.73
0.32
0
0.45
7.53
3.47
0.02
0.91
0.32
0
0
0
1.88
7.44
0.13
0.18
11.82
12.5
0
0.14
0
6.55
9.21
0.15
0.52
3.93
0
2.3
0.56
0
0.02
0.23
0.25
0.01
0.03
3.04
3.28
4.93
1.48
2.77
1.42
0.27
12.54
2.71
0
0
3.34
0.21
0
0
0
0
0
0
0
0.01
0
0.02
0
6.36
9.45
0.45
0.6
1.02
0.29
1
0.01
0
0.01
0.01
0.01
0
0
0
0
0
0
0
0
0
0
0
0
0
0.01
0
0
0
0
0
0
0
0
0
0
0
0
9.09
0.81
0
0.31
0
0.05
0
0
0.02
0.03
1.06
5.88
6.41
2.69
0
0
0
0.02
0
0
0
0
0
0
0
0
0
0
0
0
0
0
0
0
0
0
0
0
0
0
0
0.02
0
0
0
0.22
7.39
0
0.59
0
0
0
0
0
0
0
0
0
0
0
0
0
0.04
0
0
0
0
0
0
0
0
4.94
2.51
3.14
0
0.7
9.2
4.59
2.08
2.47
1.31
1.95
0.02
0
0
0
0.06
0
16.38
16.72
12
4.58
3.31
0.14
4.73
11.56
4.2
0.84
0.45
0
0
0.64
0
3.68
0.28
0
0
0
0.01
0
0.02
0.02
0
0
0
0
0
0
0.03
0
0
0
0
0.01
0
0.02
0
0
0
0
0
0
0
0.08
0
0.19
0.38
0.03
0.23
0.34
0
0
0
0
0
0
0
0
0
0
0
0
0
0
0
0
0
0.1
0
0.26
0
0
0
1.29
0.55
0
0
0
0
0
0
0
0
0.01
0
0
0
0.01
0
0.3
0
0
0
0
0
0
0
0.95
0.02
0
0
0
0
0
0
0
0
0
0
0
0
0
0.01
0
0
0
0
0
0
0
0
0
0
0
2.36
4.51
0
0
0
6.81
9.09
0
0
1.71
0
0
0.53
0
0
0
0
0.02
0
0
0.5
0
0
3.09
8.98
44.03
3.8
2.38
0.81
1.42
2.78
2.28
1.83
0
0
0
0.2
0
0
0
0.75
0
0
0
0
0
0
0
0
0
0
0
1.45
0
1.97
0.22
0.06
0.67
0.88
9.62
2.47
0.28
13.38
5.56
0.11
0.03
0
0
0
0.02
0
0
0
0.44
1.69
4.42
2.03
1.17
0.67
0
2.77
1.16
0.56
5.31
4.36
6.88
0.38
0
3.97
0
0
2.75
3.25
7.84
0.47
0.2
0.01
1.14
0.39
0.27
1.83
5.66
0
0.16
2.94
1.53
0.47
0.1
0.08
1.39
0.59
0.58
0.16
0.69
0.06
0.03
0.14
0
0.41
1.75
25.38
24.44
5.19
0
0.12
0
0
0
0
0
0
0
0
0
0
0
0
0
0
0
0
0
0.1
0
0
0
0.02
0
0
0.09
2.95
0.12
0
4.06
0.06
0
2.53
6.31
0
0.64
0.12
0
0.22
1.08
0.68
0.29
0
0.02
0
0
0
0.02
0
0
0
0.03
0
0
0.01
0.02
0.05
0
0
0
0
0
0
0
0
0
0
0
0.18
4.88
2.01
0.59
0
1.64
0
0
0
0
0
0
0
0
0.13
24.12
8.34
0.72
0
0.04
0
3.56
7.98
4.22
0
0.73
0.83
2.28
0.02
0.23
8.64
24.5
1.44
0
0.14
0
0.77
9.8
1.23
0.53
3.76
4.85
2.74
1.84
0.2
2.36
7.77
1.75
1.68
6.41
2.97
0.81
4.06
0
0.26
0
4.92
1.38
1.51
0.09
0.03
0.16
0
0
0.01
0
0
0
0
1.51
1.25
0.06
0.18
17.27
2.32
6.48
8.23
2.09
0
0
0
0
0
0
0
0
1.88
0
0.71
0
0
0
2.36
0.14
0
3.17
6.38
0.08
0.09
5.92
0
0
0
0
1.15
0.37
0
0.01
0.83
0.13
0
0
0
0
0
0.43
0.48
0
0
0
0
0
0
0
0
0
0
0
0
0
1.2
3.98
0.01
0.33
3.56
0.25
0
0
0.04
0
0
0
0
0.23
0.8
0
0
0
0.01
0
0
0
2.42
0.2
0
0
0
0
0
0
0
0
0
2.5
22.09
0
0
0
0
0
0
0
0
0
0.03
0
0
0
0
0
0
0
0.03
0
0
0
0
0
0
0
0
0
0
0
0
0
0
0
0
0.02
0
2.23
8.12
0
0.06
0.05
0.06
0.55
2.62
0
0
0
0
0
0
0
14.69
0.02
0.02
0
0
0
0
0
0
0
0
0
0
0
0
0
0
0.73
5.88
3.12
1.23
1.49
0
6.83
0
0
0
0
0
0
0
0.05
3.69
1.94
19.19
9.05
2.88
0.27
0.5
0.19
0
0
0
1.62
0.05
0
0.02
0.14
0
0
0
0
0
0
0.22
0
8.59
0.11
0
0.02
0
0.11
2.53
2.02
0.03
1.03
8.3
0.64
3.47
4.19
3.45
0.01
0.33
1.5
0.19
0.22
0
0
4.58
0.16
0.03
0
0.04
2.09
0.06
0.11
1.7
0.73
0.27
0
5.92
1.59
0.38
0.02
0.05
0.09
0.53
6.25
17.19
10.02
1.94
0.22
0.02
0.03
0.03
0
0
0
0
0
4.88
11.06
1.28
8.03
1.84
3.38
0.52
0.14
0.26
2.58
2.72
2.44
0.22
0.47
0.05
0.05
6.84
9.78
10.75
8.81
16.03
1.84
2.41
0.45
0.16
0.03
0
0.02
0
0
0
0
15.38
1.12
0.01
0
0
0
0
0
0.03
0
0
0.17
0.19
0.22
3.41
8.31
0.29
0.12
0.04
0
0
0
0
0
0
0
2.92
0
0
0
0
0
0
0
0
0
0
0
0
0
6.84
1.25
0
0
0
0
5.36
2.14
10.94
7.59
0
0.21
5.63
1.83
0.26
0
0.13
0.4
5.09
7.24
2.09
1
3.12
2.17
7.41
3.59
6.45
1.2
0.08
1.59
0.61
4.61
0
0.01
0
0.14
0.51
5.03
0
0.32
0.08
0
0
0
0.38
0
0
0
0.05
0.01
0
6.34
0.02
0
0
1.39
0.02
0
0.15
7.61
2.5
0.12
11
3.58
23.95
0
0
0
0.01
0
23.67
0
0
2.47
0
2.8
0
12.94
0
0.64
0.02
0.22
0
0
0
0
0
0
0
0
0
0
0
0
0.01
0.93
0.01
0
0
0
0
0
0
0
0
0
0
0
0
0.02
0
0
0
0
3.67
0.02
0
0
0
0
0.84
0
0.21
0
0
0
0.01
0
0
0
0
3.59
0.01
0
0.07
0
0.01
0
0
0
0
0
0.01
0.7
8.34
0
0
0
0.02
0
0.12
46.75
31.12
0
0
0
0
0
0
0
0
0
0.02
0.48
4.47
25.34
1.62
1.36
0
0
0
0.36
3.47
3.16
0
24.39
0
0
0
0
0
0
0
0
6.14
0
0
0
0
0
0
0
0
0
0
0.01
0.06
0.52
0
0
0
0
0
0
0
0
0
0
0
0
49.62
21.5
32.47
0.89
6.69
0.11
0.02
0.02
0
0
0
0
0
0
0
0
0
0
0
0
0
0.08
0
1.5
12.16
1.81
0
0.72
0.06
1.19
0
0
0.05
5.22
0.27
0.15
0
0.23
0
1.78
0
0
0
0.12
0.03
0.02
0
0
0
0
0
0
0.05
0.02
0
2.84
3.31
4.2
11.34
0
0
0.01
0.02
0
0
0
0
6.2
3.35
0
0
0
0.06
0.03
0
0
0
0
0
0
0
0
0.18
0
0
0
0
0
0
0
0
0
0
0
0
0
0
0
0
0
0
0
0
0
0
0.07
0.8
3.19
0.3
0
0
0
0.06
2.07
0
0
0
0
0.11
1.6
1.27
0
0
0.01
0
11.22
0.48
0
2.69
2.02
0.03
0.51
2.11
18.33
10.12
3.28
4.22
0.41
0.28
0.06
0
0.11
2.81
5.88
3.34
1.38
1.41
1.45
1.19
0.04
0
0.55
8.11
0.52
0.11
0
0
0
0.28
0
0.03
0
0
0
5.12
2.33
0
0
0
0
0
0.38
8.45
0.31
0.12
14.97
4.28
0.42
1.79
8.28
3.83
3.02
0.03
1.43
0
4.06
2.31
0
0
0
0
0
0
0
0
0
0
1.27
0.59
0.01
0.35
0.01
0
0
0.01
0
0
0.2
0
0
0
0
0
0
0
0
1.95
0.13
0
0
0
0
0
0
0
0
0
0
0
0.38
3.78
0.08
0.2
0
0
0
0.02
0
0.02
0
0
0.17
0
0
0.54
0
0.01
0.05
0
0.01
0.55
0
0
0
0
0
0.01
0
0
0
0
0
0
0
0.01
0
0
0
0.01
0
0
0
0
0
2.23
0
0
1.29
0
0.65
0
0.33
0
0
0.01
0
0.01
0
0.42
0
0
0
8.47
0
0
0
0
0.01
0
0
0
0
0
0.07
0.02
0
0
0
0
0
0
0
0
0
0
0
0
1.48
4.69
3.31
0.61
0
0.45
0.19
0.09
8.09
3.76
0.08
0
0
0.03
7.25
0.91
0.2
0.02
0.77
0.04
0
0
0
0
0
0
0
0.48
0
12.02
7.3
0
0
0
0
2.98
0.42
0
4.16
6.78
0.12
0
2.33
0
0
0
0
0
0.19
0.03
1.7
0.45
0
1.94
0.47
0
0.02
0
2.48
2.38
0.5
0.12
7.16
0.64
2.28
5.78
3.09
2.78
2.88
0
2.55
10.72
5.88
0.08
3.16
0.22
0.13
5.23
0
0
0
0
0
1.09
4.64
1.97
0.14
2.12
14.25
10.41
8
6.59
26.75
40.81
8.39
1.47
1.78
0.41
1.02
0
5
0
0.23
0.09
0.06
0
0
0
0
0
0.01
0
