19510101
23.58
9.01
0.8
0
0
0.01
0
0
5.14
1.42
3.15
2.8
4.64
0.38
0
0
0.01
0.34
0.01
0.04
0.01
0.17
1.94
6.75
3.14
8.18
9.66
4.68
0
0
0
0
0.2
5.39
17.76
1.43
8.27
2.49
2.73
1.96
9.38
7.3
6.88
0.69
5.63
1.81
0.05
0.79
3.03
0.7
5.95
0.72
3.07
12.63
0
0
0
0.02
0
0
0
1.04
2.13
7.69
1.02
2.75
1.86
8.15
20.13
4.24
14.46
13.38
9.04
4.46
0.98
2.2
0.6
0
0
0
0
0
0
0
0
0.01
0.14
0
0.02
0
0
0
0
0
0
0
0
0.01
0.33
5.96
0.11
0
0
0
0.01
0
1.94
0.15
0.2
2.54
0
2.93
7.09
0.89
8.13
3.84
12.69
5.65
5.48
25.38
7.7
1.71
0.01
0.24
3.52
8.16
1.84
2.02
0.61
0.18
0.49
0.23
0
0.02
0
0
0.2
1.63
0.29
0.31
0.04
0
0
0
0.33
1.97
0
1.43
12.13
1.16
0.45
0.09
0.24
13.57
0.5
5.52
0.58
5.75
0.2
0.01
0.03
0
0
0
0.07
0.87
0.62
1.87
0.21
0
0
0.27
0.23
0.03
0
0
0.43
0
0
0.2
3.7
4.93
0
0
1.65
0
0.23
2.03
0
0
0
0.01
0
0.01
0.01
0
0
0
0
0
0
0
0
0
0
0
0
0.13
0.02
1.59
5.67
3.57
6.23
5.5
0.15
0.01
0.01
0
0
0
0
0
0
0
0
0
0.02
0
0
0
0
0
0
0
0.86
16.48
0
0
0
0
0
0
0
0
0
0
0
0.46
0.19
5.76
2.85
1
5.3
14.71
5.51
4.63
0
0
0
0
0
0
0
0.21
8.09
29.54
0.97
0.02
0
0
0.05
0
0.62
9.93
12.52
1.05
0
0
0
0
5.09
8.05
0.84
0.98
4.17
0.47
1.99
0.01
0
0
0.34
0.2
0.88
0.13
0
0
0
0
0
1.83
1.22
3.32
5.8
0
0
0
0.04
0.68
6.78
6.31
8.3
13.06
15.93
5.23
4.54
5.24
3.15
0.26
1.31
0.52
5.18
18.73
7.06
1.42
0
0
0.09
0.01
0.01
0
0
0
0
0.02
0
0
0.96
1.82
0
0.16
0
0
0
0
0
0.38
0
0
0.55
0
0.01
0
0
3.47
2.37
0
1.35
0.48
2.11
1.56
4.2
0.32
0
0.05
0
0.01
0
0
0
0
0
0.01
0
0
0.01
0.03
0.95
0.29
0
0
0
0
0.13
0.09
0
0.73
0.57
5.4
6.1
7.35
17.8
6.26
1.39
1.2
0.16
1.09
0.24
0
0.02
0
0
0.01
0
0
0
0.01
0.17
8.88
5.4
0.96
0.32
0
0
0.53
0.09
0
0
0
0.63
2.58
0
0
0.52
0
0.34
0.23
0.34
1.59
0.3
0.12
0
0
0.04
3.02
1.3
6.2
1.21
0.06
1.89
0.82
5.49
1.85
1.93
0.35
0.07
0.01
0.31
0.68
0.56
0
1.44
5.54
10.44
9.18
5.6
7.62
7.45
1.1
1.03
0
0.02
0
0
0
0.71
10.91
15.35
4.52
10.9
2.55
0
1.54
0.19
0
0
0.19
0
1.35
0
0.01
0
0
0
0
1.04
4.72
4.96
4.69
14.3
6.01
3.7
0
0
0.64
0.01
0
0.34
0
0
0.31
0.15
0
0.44
9.04
2.92
3.53
1.4
7.14
3.89
0.73
0.1
0.45
1.97
0.41
1.84
4.62
0
0.01
0
0
0
0
0.01
0.01
0.32
1.31
5.64
0.41
0.04
0
0.02
0.25
1
4.5
0.05
0
0
0.28
0
0
0.44
3.71
1.63
1.05
0.38
0.02
0
0.51
7.3
6.07
9.86
0.21
0
0
0.01
0
0
0
0
1.3
8.43
0
0
0.04
0
1.13
1.06
0.06
2.38
0.27
0.25
3.1
5.86
7.31
0.98
8.64
1.34
5.38
0.53
0.02
0
0
0.11
0.23
0
0.01
0.11
0.02
0
0
0
0
0
0
0.05
0.3
0
0.01
0.98
0
0.09
0.02
0
0.52
13.55
30.75
7.97
0.7
0
0
0
0.01
0
0
0.09
0
0
0.52
0
0
0.66
2.91
0.95
7.98
5.36
0
0
0.03
0
0
0.01
0
0
0
0.1
0.59
0
0.14
0.94
0
0.01
0
0.13
0.01
2.38
0
0
0
1.66
0.12
1.25
0.61
0.48
1.09
0
0
4.8
10.48
1.64
3.8
2.06
0.02
2.36
7.93
0.86
0.02
1.05
0.99
0.01
0
0
0.66
0
0
0.01
0
0
0.01
0
0
0
0
0
0.39
0.32
0.42
3.76
3.27
0.69
0.92
0
0
0
0.8
3.29
0.64
0.75
3.95
4.51
21.9
1.26
4.46
0.23
0
0
0
0
0.01
0.81
0.01
0
3.66
3.4
2.52
0
1.12
6.06
1.06
0
0.04
0
0.56
0.21
0.42
0.4
0.27
5.11
2.58
1.71
0.02
0.23
0.21
3.17
0.78
0
0.33
0.12
0
0.51
0
0.16
0.38
0
0
0
0
0
0.06
0
0
0
0
0
0.39
0.46
0
0
0
0
0
0
0.09
0
0
0.5
3.88
10.53
5.67
0.04
0
0.25
3.34
0.13
0.05
0.83
1.69
0.02
0.05
0
0.03
0
0.09
0
0
0
0
0
0
0.07
0
0
0.01
0
0
0
0
0
0
0
0
0
0
0
0.38
0.01
0.23
0.28
1.11
1.77
0
0.16
0.17
0
0.52
0
0
0
0.17
0.22
0
0
0.04
8.03
1.35
0.27
0
0.3
0.25
3.14
1
0.08
0
0.7
0
0
0
0
3.24
21.54
16.2
5.05
0.33
7.99
0.7
3.82
2.55
8.44
0
0
0
0
0
0
0
0
0
0.01
0
0.01
0
0
0
2.13
7.04
0
0
0
0
0
0
0
0
0
0.09
0.63
1.02
0.39
0
0
0
0
0
0
0
0.05
0
0.05
6.28
0
0.51
0
0.02
0.01
0.67
0.02
0.02
0
0.21
1.08
0
10.35
0
0.88
0.57
0
1.16
0
16.85
12.77
9.46
10.47
0
0
0.35
3.54
0.99
2.01
0
0
0
0
0
0
0
0
0
0.62
0
0
0
0
0
0
0
0
0
0
0.01
0
0.09
0
0
0
0.49
0.6
0
0
0
0
0
0
0
0
0
1.36
0.39
1.29
0
0
0
0
0
0.01
0
0
0.18
0
0.02
0.09
0
0
0
0
0
0
0
0
0
0.28
3.58
0
0
0
0.04
0
0
0.04
0
0
0
0
0
0
0
0
0
0
0
2.89
16.17
0
0
0
0
1.41
0
7.97
3.43
1.25
0
2.04
0
0.59
2.61
11.27
5.84
7.35
5.35
3.86
0.86
0.91
0
1.12
0
0.07
0.81
0.4
0.5
1.75
0.95
1.92
0.04
0.02
0
0.61
6.05
0.35
0
0.25
0
0
0
0
0
0
0.03
0.25
0.32
0.11
0.1
0.07
0.04
0.27
0
0.06
0
0
0
0
0.1
0.15
1.21
0
0.02
0.21
0.91
0
1.13
10.64
0.73
2.55
9.8
3.25
0
0.02
0.15
0
1.36
3.79
2.21
0.49
2.39
4.51
1.04
0.47
0
0
0
0
0
0
0
0
0.02
0
0
0
0
0
0.18
0
0.21
0.46
0
0
0
0
0
0.04
0
0.01
0.02
0.01
0
0
0
0
0
0
0.01
0.01
0
3.09
5.5
4.13
1.26
0
0.1
0
1.11
1.43
0.3
0.04
0.4
0.47
1.15
9.2
0
1.6
5.34
2.36
0.2
0
0
0
0
0
0
0
0
0
0.32
0.36
0.1
0
0
0
1.02
4.72
0
1.01
10.58
9.15
2.97
1.11
6.66
6.39
4.73
2.36
0.27
3.12
2.68
1.67
0.8
0.02
0.15
2.98
1.75
0
0.77
0.06
0.06
0
0.23
1.96
3.82
0
0
0
0
0.41
0.03
0
0
0
0.28
0.18
0
0
0.01
0
0
0
0
0
0.01
0
0
0
0.05
0.47
13.81
2.73
5.53
4.99
0
2.18
0
0
0
0
0
0
0
0.91
4.79
0
6.33
6.2
28.91
9.95
2.57
0.22
0
0
0
0
0.04
0
0
0
0
0.02
0
0
4.53
3.15
10.5
33.99
2.75
0
0
0
0
1.27
0.15
0
0
0
0.05
0
0
0
0
0
0
0.05
0
0
0
0
0.01
0
0.01
0.02
0
0.04
0.02
0
0
0
0
0
0.01
0
0.03
0
0
0
0
0
0
0
0
0
0.01
0.07
0.81
1.15
0.09
0
0
0
0
0
0
0
0
0
0
0
0
0
0
0
0
0
0
0
0
0
1.84
0
0
0
0
0.02
0
0.77
0.54
0
0
0
0
0
0
0
0
0
0
0
0.13
0.36
0.25
0
0
0
0.02
0
0
0
0
1.59
1.33
0
0
0
0
0
0
0
0
0
0.01
0
0
0
0
0
0
0
0
0.27
0.02
0
0
0
0.01
0.01
0
0
0
0.01
0.01
0
0
0
0
3.96
0.08
0
0
0.42
0.18
0.02
0
0
0.04
0
2.57
3.24
0.52
0.05
0
0
1.6
11.92
6.38
2.57
0.38
0
0
0.02
0.01
0.01
0
0
0
0
0.34
0.43
2.68
5.06
0
0.33
2.45
8.83
0.98
11.71
11.38
0.66
0.25
0
0
0
0.01
0.05
7.87
1.55
0.6
0
0
0
0
0
0
0
0.02
0
0.01
0
0
0
0
0
0
0
0
0
0
0
0.39
6.1
12.63
8.04
8.3
3.65
3.73
2.98
10.77
0.06
0.58
0
0.18
0.41
3.65
1.85
11.7
11.25
3.45
0.51
2.55
1.36
0.59
0
0.39
0.3
1.8
0.84
3.65
6.1
7.67
5.55
31.18
2.09
0
0
0
0
0
0.02
0
0.18
2.18
2.55
0
11.2
21.68
8.81
5.69
3.5
0
0.64
5.36
3.46
2.8
4.02
1.64
0.25
0.02
0
0.01
0
0.01
0
0
0.08
0
2.27
1.36
0.27
0.34
0.44
0
0
0
0
0.09
3.18
9.03
3.73
0
0
0
0
0
0
0
0
0
0.11
0
0
0.01
0
0
0
1.78
1.14
0
0
0
0
0
0.03
0
0
0
0
0.24
5.28
9.52
6.97
6.04
8.34
0.23
0
0
0.08
1.7
0
0.6
2.63
0.31
0.03
0
2.27
0.09
0.01
0
0.01
0
0
0.11
0
0
0
0
0.23
0
0.15
2.36
0.38
2.09
3.41
0.98
1.31
0
0
1.18
2.88
4.9
1.77
1.06
0.92
0
2.25
4.43
2.05
4.2
1.65
0
0
0
0
0
0.14
5.28
12
8.23
1.72
1.29
0
3.64
0.7
5.38
1.1
0.02
0.04
0.01
0
0
0
0
0
0
0
0
0
0
0
0.27
0
0
0
0
0.01
0.04
0.36
0.16
2.39
5.95
3.02
2.45
2.86
2.65
0
0
0.93
0.02
0
1.09
0
0
0.01
0.33
5.05
5.97
1.61
0
0
0.14
0.06
0.45
0
0.02
5.21
0
0.42
0
0
0.02
0.27
0
0
1.63
0
0.26
3.58
2.77
0
0
0
0
0
0.46
1.35
0.55
0.02
0
0
2.13
0
0
0
0.24
0
0
0.02
6.56
3.48
10.52
0
0.07
0
1.52
0
0
0
0
0
0.36
0
0
0.6
6.83
11.3
4.43
0.5
0
0.01
0
0
0
0
0
0.02
0.02
0
1.31
2.09
0
2.59
10.05
0
0
0
0
0
0.02
2.86
13.76
19.05
12.91
7.25
2.05
0.03
1.3
9.24
0
0
2.57
2.06
0
0.45
4.24
2.24
0
0.01
0
0.01
0
0
0
0.06
1.09
1.73
9.37
0
1.01
0.04
0
0
5.21
11.43
9.63
0
0
0.02
0
0
0
0
0.01
0
0.89
3.5
18.03
24.13
17.82
16.98
1.89
4.9
4.39
8.95
3.63
0.1
0.13
1.19
0
0.02
0
0
0.1
1.05
0
0
0
0
0
0
0
0
2.94
5.09
0.16
2.16
13.55
2.84
2.93
6.25
12.35
3.23
6.55
2.1
2.23
0.04
0.1
0
0
0.08
0.02
0
0.01
0.26
6.46
0.18
0.02
0
0
0
0
0
0
0
0
0.01
0
0.16
0
0
0
0
0
0
0
0.88
2.08
4.24
12.61
4.39
0.43
0.13
0.02
0
0.01
0
0
0
0
0
0
0
0
0.98
0.06
0
0
0
0
0
0
1.13
9.34
7.47
5.52
4.02
9.35
21.46
0.79
6.58
3.31
8.12
25.54
20.59
8.53
3.61
0
0
0
0
0
0
0
0.64
0.77
0.79
1.46
0.01
4.47
9.42
4.27
1.76
2
0
0.64
2.25
4.49
3.09
8.87
0.48
0.77
5.47
2.18
6.41
1.14
0
0
0
0
0
0
0
0
0
0
0
0
0
0.02
0.02
0
0
0.44
2
3.21
21.22
11.47
13.77
6.25
6.41
33.38
20.2
1.41
0
0
0.21
0
0
0
0.01
0.01
0.02
0
0
0
0.16
3.22
0.05
0
0.61
0
0
0.04
0
0
0
0.11
0.01
0.01
7.96
0.04
5.3
1.51
0.58
6.76
0
0.21
0
0
0
0
0
0
0
0
0
0.01
0
0
0
0
0
0.33
0
0
0.02
13.09
24.72
0.96
0
0
0.01
0
0.01
0.02
0.73
4.31
0
0
0.22
0.04
0
0
15.57
9.28
0
0
0
0
0
0
0
0
0.01
0.33
0.02
0
0.14
0
0
0
0
0
0
0.7
0
0
0
0
0
0
0.09
0
0
0.01
0.06
0
0
0
0
0
0
0.02
0
0.03
0.06
0
2.71
18.97
11.05
2.65
27.48
13.5
1.38
0
0
0
0
0
0
0
0
0.34
0
0
0.01
0.01
3.3
8.35
1.17
0
0.73
4.78
3.25
0.44
0
0
0
0
0.1
2.32
0.04
0.04
0
0
0.04
0
0.04
1.2
4.73
0.01
0.11
0.48
0
0
0.19
0.79
4.24
3.71
0
0.08
0.67
0.24
0
0.07
0.48
0.94
0
3.07
5.1
0.54
0.04
0
0.21
0.01
0.01
0.16
0.04
0.04
0.08
0
0
0
0
0
0
0
0.13
0
0
0
0
0.02
0
0
0
0
0
0
0.04
0.34
0.16
0
0
1.41
1.69
1.27
4.57
3.69
9.06
4.78
2.72
0.27
0
0
0
0
0
0.33
0.68
0.31
0
0
0
0.23
2.46
0
0
1.18
1.32
0
0
0.16
2.69
3.08
0.75
0.43
0
0
0
0
0
0.01
0
1.34
0.7
0
0.35
0.5
1.19
1.07
0.15
0
0
0.5
5.18
13.28
13.22
11.8
0.54
0
1.12
0.13
0.01
0
0
0
0
0
0
0
0
0.02
0.58
2.21
2.73
0.03
0
0.47
0.69
0.4
0
0
0
0.73
0.45
0
0.16
0.37
0.21
0.89
4.17
2.96
2.02
6.46
0.48
0
0.2
0
0.54
4.16
0.74
0
0
0.25
0.1
3.24
0.48
0
0
0.38
0
0.3
0
0
0.69
4.8
8.57
3.09
0
0
0
0.95
1.21
1.41
1.87
4.23
4.37
5.4
14.94
6.72
11.41
9.86
1.17
10.58
2.39
0
2.38
9.24
4.03
4.92
2.22
0.12
1.11
0.66
0
0
0
0.23
0
0.4
0
0.37
0
0.73
3.02
9.64
5.55
5.49
6.62
2.24
2.26
3.42
8.05
2.67
0.43
0.29
0.04
0
5.48
22.37
2.34
0.05
0
3.59
10.55
2.2
1.28
7.1
8.16
8.24
0.2
0.73
6.76
11.86
0.35
0.01
0
0.41
0.01
0
0.01
0
0.12
0
0.07
0.63
0.24
0.21
0.03
0.03
0
0
0.15
0
0.01
0
0.34
0
0
0.27
0
0
0
0.3
0
0
0
0.52
0
0
0
0
0.11
0.22
0.41
0
0.1
0.48
0.07
0.01
0.21
0
0.01
0.31
0
0.71
0
0.39
0
0
0
0
0
0
0.07
0
0
0
0.28
0.08
4.27
0.97
3.95
0.75
0.05
0
0.16
0.01
0
0.73
0.29
0.38
1.12
0.02
0.01
0
0.36
0
2.08
9.89
3.05
10.13
12.45
0.73
0
0
0
0.08
0
0
0
0.1
7.9
19.82
45.64
7.13
0.05
0
0
0.13
0.01
0
0.65
2.61
2.04
3.65
6.48
8.71
0.25
0
2.8
5.11
1.21
0
0.12
0
0
0
0.21
0
0
0.41
0
0.19
1.89
0.37
0.43
1.91
4.99
9.58
2.98
7.95
0.18
0
0.12
0.01
0
0
0.05
0
0.05
0
0
0
0
0.64
0.31
0.26
0.01
0.01
0.09
0
0
0
0.78
0
0
0
0.7
0.01
0
0
0.46
5.16
10.3
4.36
0.26
0
0.7
0
0
0
0.37
0.01
0
1.02
5.88
1.96
0.67
0.2
0
0
0.02
0.02
0.2
0.76
0.79
0.11
0.27
0
0
0.01
0
0.04
0.07
0.59
0
0.02
0.02
0.02
0
0
0
0
0
0
3.61
2.2
1.14
2.63
1.66
4.17
12.52
14.09
1.45
0.72
0
0
0
0
0
0
0
0.44
1.16
5.41
3.16
2.93
4.8
0.82
0
0
0
0
0
0
0
0.59
0.06
0.37
0.3
0
0
0
0
0.75
0.14
0
0
0
0.46
2.7
0.6
3.07
0.93
1.14
0
0
0
1
2.22
0.86
1.83
0
0.38
0.05
3.3
13.23
3.08
4.13
2.24
5.16
8.12
3.59
7.2
0.44
5.15
5.75
4.51
1.22
3.25
0.88
0.01
0
0
0
1.28
6.86
3.57
0
0.02
0
0
0
0.27
0.55
0
0
0
0
0
0.15
0
0
0
0.01
0
0
0.01
0
0
0
0.68
3.93
4.28
1.61
11.09
17.43
0.73
0.01
0
0
0
0.01
0
1.69
0.17
0
0
0
0.19
0.03
0.01
0
0
0.01
0
0.46
0
0
0.05
0
0.03
2.86
3.99
0
0
0
0
0
0
1.77
22.37
33.28
22.27
0.04
0.5
0.59
0.51
0.27
2.1
2.56
0
0.38
1.72
0.89
1.98
0
0
0
0.22
0.32
0
0.02
0
0
0
0.02
0
0
0.03
0.01
0
0
0
0
0
0
0
0
0
0
0
0
0
0
0
0.73
6.88
0
0
0.11
0
0
0
0
0
0
0
0
0
0
0
0
0
0
0.88
1.43
0
0
0
0
0
0
0
0.05
0.42
0.02
0.05
0.01
0
0
0
2.64
2.61
0.12
0.64
0.84
3.44
1.37
0.5
1.09
0
0
0
0.01
0
0
0
0
0
0
0
0
0.01
0
1.55
9.15
0.01
0
3.1
1.31
3.38
3.05
0.45
0
0.2
0.05
0
0
0
0.01
0
0
0
0
0
0
0
0
0
0
0.01
0.9
0.25
0.09
0.22
1.29
4.65
0.3
0.01
0
0
0
0
0
0
0.01
0.02
0
1
0.65
0.16
0
0
0.2
0.12
0
0
0
0.01
0
0
0.92
0.01
1.18
0.46
0.43
1.28
3.23
5.84
17.69
11.32
10.75
4.64
2.88
4.21
1.26
0.8
1.06
3.99
17.95
7.08
11.72
7.13
6.62
20.98
12.12
6.29
8.96
7.27
1.16
0.45
1.67
0.62
0.32
0.21
0.11
0
0
0.28
0
0
0.01
0
0
0
0.96
6.3
3.1
2.25
0.19
0.66
9.7
6.7
0.04
0
0.41
0.19
4.29
0.45
1.89
0.28
0.05
0
0
0.24
0.2
0
0
0.23
0.52
2.67
7.29
4.14
0.34
0
1.27
0.1
0
0.38
0.31
0
0
0
0
0
0
0
0
0
0
0
0
0.01
0.2
0
0
0.52
2.81
7.28
18.46
2.36
6.41
4.75
0.25
11.64
10.38
4.71
11.09
2.38
0
0
0.01
0
0.8
0.58
0.53
9.05
7.25
1.5
5.55
2.05
0.45
0
0
0.27
0.23
0
0
0
0.34
1.48
3.92
0.51
0.71
1.04
0.35
0
0.01
0.24
1.7
9.38
3.08
4.44
2.46
0
0.05
0
0.3
1.04
0.89
6.58
1.11
0.05
0
1.48
0.34
3.27
0
0
0.89
0.6
3.91
3.03
8.08
9.77
0.4
1.18
1.09
0.34
0
0
0
0.01
0
11.25
1.06
6.98
8.34
1.95
0.84
0
1.16
0.09
1.22
8.1
10.63
0
0.09
0.01
0
0.03
0.86
3.96
5.16
7.64
2.91
0
0
0
0
1.35
6.88
4.03
0.02
0
0.03
0
0.01
0
0.01
0
0
0.82
1.05
0.34
0
0
0
0
0
0
0
0
0.14
0.35
0.01
0.02
0.7
0
0.19
3.02
9.3
0
0
0.24
2.77
12.1
0.38
0
0.25
0
0
0
0
0
1.02
0
0
0
0
0.92
4.45
7.14
2.3
3.32
1.38
1.16
0
0.02
0.02
0
0
0
0
0
0.04
0
0
0
0
0
0
0.01
0.84
2.74
0
2.27
3.6
6.8
0.47
0.98
2.75
2.41
8.19
12.55
1.04
0
0.03
0.48
0.19
1.17
6.68
4.13
0
0
0
1.47
0.01
0.68
2.15
4.55
2.58
2.57
2.51
0.32
0.5
0
12.32
12.56
14.91
0.96
0.57
1.14
3.73
14.55
1.02
0.01
0.14
1.25
2.8
0.11
0
0
0
0.16
6.19
11.36
3.74
4.98
7.25
0.38
0
0
0.03
0
1.94
7.27
5.74
3.09
1.14
0
0.06
0.61
0.98
0.02
0
0
0
0
0
0
0
3.2
1.27
0.95
5.68
2.35
11.67
4.49
1.53
5.15
15.71
3.96
0
0
0
1.19
5.35
2.54
1.93
14.06
16.62
0
1.8
1.2
0.63
2.48
4.15
5.24
7.74
14.98
5.45
3.35
0
0.27
1.61
3.78
0.7
0.07
0.92
0.51
0
0
3.01
3.3
2.05
4.64
3.31
4.93
0.32
0.36
0.72
0.26
1.42
0.73
1.08
0
0
0.02
0
0.06
3.47
8.14
8.68
3.43
2.39
2.05
0.71
0
0.38
4.3
1.67
0.44
1.45
3.06
4.2
11.46
16.2
21.41
11.84
3.29
3
0.62
0.36
0
0.34
0.13
2.77
9.41
5.92
0
0.17
2.15
9.2
4.59
3.91
7.7
5.45
2.96
9.13
6.83
5
2.12
3.15
9.8
3.89
0
0.38
0.31
0
0
0.5
0
0.01
0
0
0
0.02
1.68
2.7
7.12
3.07
1.35
1.56
5.38
6.2
8.52
2.78
0
0
0
0
0.02
0
0.36
2.91
6.83
7.13
4.95
2.57
1.26
0.17
1.38
0
0
1.95
0.48
0
0.95
0.02
0.34
0.15
0.05
0
0
0
0
0.01
0
0.01
0
0
0.16
0.48
0
0
0
0
0.05
0.15
0.38
0
0.32
0.53
16.1
0.09
0.38
0
0.02
0.02
0.41
0
0
0
0
0.08
0.07
0.82
4.31
7.7
13.93
2.07
0.14
0.4
0
0.71
0
0
0
0.22
2.5
0
0.1
3.5
30.11
1.68
0.07
1.04
3.68
7.93
7.25
0.95
1.76
0.52
0.02
0
5.43
0.24
0
0.09
0
0.02
0.02
0
0.02
0.01
0
0.04
0
0.02
0
0.07
1.32
1.96
0.08
0.55
0.71
0
0
0
0
0.01
0
0
0
0
0.01
0.48
0.09
5.46
0.99
0.4
0.01
0
0.52
0.45
0.02
0
0.02
0.02
0.03
3.25
9.24
9.15
0.32
0.02
0
0
0
0
0
0
0
0
0.27
0
0.06
0
0
0
0
0
1.6
1.66
0
0.01
0
0
0
0
0
0
0
0
0.02
0
0
0.11
0
0
0.06
0
0
0
0
0
0
0
0.02
0.06
2.14
3.66
2.2
6.31
1.2
0
0
0.47
0.89
0.12
0.28
2.83
1.82
0
0.03
4.12
2.87
5.84
16.92
8.78
15.14
14.99
1.01
1.11
0.71
0.78
0.01
0.29
8.66
14.05
1.98
0.69
1.98
0.29
3.89
11.5
4.75
8.19
13.69
13.31
7.36
2.68
1.99
14.56
21.13
7.66
7.07
0.91
3.73
0.89
5.05
8.29
1.19
0
0.01
0
0.82
3.35
3.48
2.08
0.02
0
0.58
0.02
0
0.06
0
0.86
11.63
3.91
0.57
0
0.02
0.01
0
0.36
0
0
2.66
1.19
0.36
2.62
6.89
6.59
12.59
0.51
0.05
0.24
0.06
1.72
3.41
1.88
1
0
0
0.14
1.31
1.11
0.01
0
0.63
0.32
1.32
2.19
6.41
2.41
1.47
1.26
4.82
1.36
1.61
4.9
1.25
0.3
0.39
0.58
0.21
1.47
2.08
0.27
0.01
0.01
0.03
0.43
0.01
0.04
0.47
2.62
0.87
5.85
4.84
1.86
2.65
1.31
0.46
0
0.46
0.61
0.09
1.21
0.05
0
0.01
0.27
0
0
0
0.43
0
0.01
0
0
0.39
0
0
0
0.15
0.85
3.67
1.52
0
0
0.49
0.74
0.13
0
0.11
0
0
0
0
0
0
0
0
0
0
0
0
0
0
0
0
0
0.01
0.68
2.43
0.7
0
1.16
0.3
0
0
0.16
0
0
0
0.01
0
0
0
0.01
0.06
2.06
9.97
6.85
4.55
3.83
2.8
0
0
0
0
0.87
8.19
3.49
1.72
0
1.09
2.32
10.42
2.38
0.05
0.06
0.01
4.16
6.58
0.91
0
0
0
0.09
0.98
3.64
0.32
0
0
0
0
0
0
0
0
0.14
0
0.14
0
0
0
0
0.18
0.64
1.3
0.27
2.53
5.65
7.39
8.4
15.37
4.88
2.88
0.8
0.13
0
0.53
1.7
0.19
0
0
0.04
0
0.45
0
0
0.79
0
0.44
0.35
0
0.46
3.36
0.32
0.22
2.03
7.79
1.09
0.39
2.21
0
0
0.37
0
0
0.02
0.02
0
0
0
0
0.02
0
0
0
0
0
0
0.14
0.01
0.01
0
0.12
0.09
0
0
0.86
0.91
0.54
0
2.91
8.38
9.09
0.86
6.04
0
0.13
0
0.01
0.02
0
0.9
0
0
0
0
0.95
0
0
0
0
0.04
0
0
0.3
0
0
0.02
0.02
0
0
0
0
0
1.05
4.16
14.45
4.71
0
0.01
0
0
0
1.1
0.14
0
0
0.65
0.32
0.09
3.95
29.41
4.61
0.44
0
0
0
0
0
0
3.45
18.2
9.95
2.24
0.21
0.06
1.07
0
1.83
7.98
1.48
0
0
0.11
0
0.26
1.79
10.27
14.67
0.6
0.15
0
0
0
0
0.19
0
0
0
0
0
0.94
4.82
1.32
1.3
0.47
1.63
0.24
0.22
0.25
0.2
0.16
0.5
1.05
3.54
6.34
1.81
1.14
2.1
9.2
6.81
5.82
0.34
5.16
14.78
13.23
13.52
4.51
6.95
16.29
6.34
10.01
33.28
2.5
0.13
0
0.22
0.85
0.2
0.23
0
0.13
0
0.01
0.39
0.04
0
0
0
0
0
0.78
0.6
0
0
0.77
2.66
1.68
4.6
10.41
5.74
1.8
0.61
1.94
5.39
7.69
1.26
9.45
4.9
1.79
0.3
0.16
0.43
0.16
0.99
1.54
1.07
1.49
1.38
4.83
1.06
1.09
9.86
9.2
0.78
0
0
0
0
0.02
0.01
0
0.01
0
0
0
0
0
0
0.02
0
0.01
0.48
1.76
2.5
0.02
0
0
0
0
0.34
0.1
0.1
0
0
0
0
0
0
0.67
5.57
6.84
4.65
9.71
1.31
2
8.26
6.46
3.18
1.58
0.91
4.09
8.91
3.78
2.51
1.01
0.91
0.09
0
0
0
0.49
0.64
2.6
0.23
0
0
1.36
8.91
6.42
0.17
0.08
0.39
0.01
0
0.12
0
0
1.66
0
0
0.1
0.02
1.11
0.55
0.96
0.07
1.54
4.14
0
0.38
5.25
7.99
1.73
0.27
0.6
1.82
0.54
3.41
10.67
3.36
3.33
2.16
1
3.24
4.21
2.7
0.37
0.02
0
0
0
0
0
0
0
1.9
1.95
0.9
0.18
0
0
0.39
4.02
2.2
0
0.01
0.04
0
3.18
20.15
14
3.39
1.28
5.98
10.73
2.45
0.58
0.8
0.86
0.73
0
0.38
0.01
0
0
0
0.23
7.67
7.43
0.43
0.09
0
0.03
0.02
0.02
0
0
0
0.21
0
1.33
1.71
4.4
0.74
0
0
0
0.02
0
0
0
0
0
0
0
0
0
0
0
0
0
0
0
0
0.07
0
0
0
0
0
0
0
0
0.08
0
0
0.02
0.55
0
0.05
0
0
0
0
0
0
0
0
0
0
0
0.02
0
0
0
0
0
0
0
0
0
0
0
0
0
0
0
0
0
0
0
0
0
0
0
0
0.08
0
0
0
0.3
0
0.43
0.12
0.02
1.58
1.13
0.77
0
0.51
0.28
3.16
12.47
6.18
2.15
1.47
0.68
0
0
0
0.74
0.03
0
0
0.01
0
0.28
0.62
1.26
2.77
10.88
9.22
4.07
2.56
1.86
0.78
0
1.46
1.92
0
0.09
0.5
3.21
8.26
3.24
0.14
0
0
0
0
0.03
2.91
3.44
2.98
4.45
0.1
0.52
0.76
0.66
1.95
1.84
1.15
0.44
0.5
0
0.66
1.38
1.31
2.52
3.22
0.91
0
0
0
0
0
0.01
0
0
0
0.31
0.13
0.28
0.04
0.27
0.18
0.48
0.02
0.13
0.98
0.33
0.68
0.17
0.28
0
0.15
0.33
0.07
0.01
0
0
0.38
0.5
2.28
3.52
14.98
18.02
13.62
8.41
1.79
6.22
8.23
2.11
2.78
7.45
8.41
3.25
3.57
4.23
4.04
0
0.49
2.5
2.21
0.55
1.43
4.13
2.81
1.89
2.83
0.61
0.26
0
0
0
0
0
0
0
0
2.51
2.91
1.23
1.91
1.96
1.94
4.98
3.92
6.28
11.66
7.48
3.38
0.75
2.05
9.16
12.84
4.41
0.72
1.62
3.3
1.28
0.11
0.49
1.29
0.7
0.51
0.99
0.61
0.69
0.99
0.48
0.41
0.01
0
0
0.14
0.23
1.66
3.36
2.62
2.88
0.17
0.04
0.64
1.02
0
0.02
0.37
0.05
0
0.07
0
0.08
0.02
0
0
0
0.27
0
0
0
0
0.17
1.07
0.47
0
3.85
22.63
25.79
8.83
6.37
11
7.33
2.39
0.33
1.52
6.83
3.04
0.1
0
0
0
0
0
0
0.5
0
0.39
0.74
0
0
0
0
0
0.61
0
0
0.02
0.09
0
0
0
0
0
0
0
0
0
0
0
0
0.04
0
0.53
0.66
0.92
1.06
0.25
0.66
1.47
0.72
1.99
4.99
6.73
7.7
3.16
0.41
0
0.45
1.13
0
0.01
0
0
0.04
0
0.02
0
0
0
0.5
0.21
0
3.12
2.88
3.73
9.41
9.53
2.83
0.76
1.58
0
0
0
0
0
0
0
0
0.01
0.48
0
0
0
0
0
0.01
0.07
0
0.12
0.25
0
0.13
0.39
1.9
7.71
4.77
6.24
2.89
2.05
0.79
0.16
3.57
1.65
0
0
0
0
0
0
0
0
0
0
0
0
0
0
0.02
0
0
0
0
0
0
0
0
0
0.2
0.38
1.5
0
0
0.68
0.89
4.41
2.86
0.07
0
0
0.26
0.14
0.66
0.55
0.92
5.48
5.98
7.51
10.71
0.46
1.02
0
0.07
0.09
0.01
5.17
0.98
0.88
0
0
0
0
0
0
0
0
0.09
0.13
0
0
0.04
0
0.01
0.01
0.05
0
0
0
0
0
0.03
0
0.03
0.02
0
0
0
0.11
0.16
0
0.35
6.76
10.51
6.26
8.76
15.36
6.6
7.65
9.52
3.67
2.07
6.14
3.74
2.7
6.45
17.75
25.61
16.59
9.09
3.61
0.28
0.41
0.24
0.36
0
0.44
0.43
1.19
3.05
2.09
1.2
1.18
2.82
0.97
4.03
5.62
3.46
2.43
1.42
3.46
3.09
1.01
1.09
6.75
2.01
0.3
4.04
4.9
2.24
0.82
2.93
2.16
1.03
0.02
0.05
0.02
0.2
0.26
0.33
0.07
0.46
2.11
1.07
0.2
0.28
0.71
0.01
0
0
0
0
0
0
0
0
0.32
0.92
1.02
0.85
0
0
0
0
0
0
0
0
0.01
0
0
0
0
0
0
0.01
0
0.01
0
0
0
0
0
0.07
0
0.02
0.04
0.3
0.38
2.61
15.12
9.08
11.99
9.19
15.56
2.29
0.07
1.35
5.29
22.05
22.3
5.66
1.89
1.94
1.45
0
0.4
1.52
0.64
0.15
0.21
0.6
0.28
0
2.39
3
3.61
2.53
2.65
1.96
0.82
0.19
0.08
0
0.72
2.35
0.34
0.37
0.47
1.77
0.38
0.45
0.16
2.59
5.57
1.77
4.24
1.44
1.01
2.29
1.49
0.36
0.95
0.8
0.42
0
0.39
0.48
0
0
0
1.13
11.5
7.43
3.66
0.49
0.01
0
0
0
0
0
0
0.02
0.03
0
0
0
0
0
0
0
0
0
0
0.11
0.01
0
0
0
0.02
0.04
0.03
0
0.06
0
5.23
2.35
1.07
0.32
0
0
0
0
0.11
0.65
2.48
7.57
5.01
0.09
0
2.51
0.22
0
0
0
0
0
0.03
0
0
0
0
0.24
0.09
5.29
17.59
6.37
18.21
7.61
0.98
0.33
4.64
3.48
0
0.08
0.04
0.05
1.54
2.5
0
0.01
0.47
0
0
0
0
0
0
0
0
0
0.22
2.45
0.38
0
2.32
0
0
1.65
0.41
1.16
0
0.11
0.03
0
0.29
0.91
0.08
0
0
0.1
1.36
3.79
0
0
0
0
0
0.87
0
0
0.01
0.05
0
0
0
0
0
0
0
0
0
0
0
0
0.04
0.13
0.05
0
0
0
0.1
0
0
0
0
0
0
0.3
0
0.19
0
0
0
0
0
0.01
0
0.03
0
0
0
0
0.05
0.7
0.25
2.01
9.15
1.31
0.92
0
0.02
0.16
0
0.17
0
0
1.77
4.32
2.48
0.05
5.84
1.49
0.1
0
0
0
0
0
0.64
0.94
0
0
0
0
0
0
0
0
0
0
0
1.7
9.05
15.02
0
0
0
0.01
0
0.17
0
0
0
0
0
0.01
0
0
0
0.01
0
0.02
0
0
0.01
0.25
2.15
0
0.01
0.47
0
0.03
0.04
0.05
0
0
0.02
0.2
1.6
0.09
0
0.02
1.72
1.07
3.69
6.95
0.63
0.76
1.98
2.59
1.32
5.42
0.55
0.08
0.83
3.36
0.52
0
0.21
0.21
9.2
1.44
0.49
0
0
0
0
1.23
0.98
0.3
0.57
0.46
0.25
0.55
0
0.29
0.9
1.79
1.02
0.16
0.08
0
0
0
0.13
1.39
11.97
2.91
6.34
8.73
0.98
0.34
0.2
0
0
0
0
0.02
0
0
0.44
0.87
1.31
0.18
0.44
1
0.3
1.6
3.03
0.52
2.23
10.76
10.08
3.88
2.94
10.24
2.14
0.49
7.17
10.45
8.25
2.05
2.63
1.2
0
0
0
1.18
7.62
9.24
12.45
5.22
5.13
2.66
0.98
0.73
0.31
0
0
0
0
0
0
0
0
0
0
0
0
0
5.46
3.59
0
6.32
4.7
0
0
0.17
0
0
0
0
0
0
0
0
0
0
0.01
0
0
0
0
0
0
0
0
0
0
0
0.44
0.87
0
0
0
0
0
0
0
0.22
0.29
0.01
0
0.18
0.45
0.21
9.56
7.36
0
0.1
0
0
0
0.15
0
0.57
0
0
2.78
0.53
0
0.13
0.17
0
0
0.05
0.13
0
0
0
0
0
0
0
0
0.01
0
0.01
0
0
0
0
0
0
0.14
0
0.02
0.34
0.04
0.59
1.47
0
0.02
0
0.06
0
0
0
0
0
0
0
0
0
0
0
0
0
0
0.02
0
0
0
0
0
0
0.06
1.14
0.81
0
0
0.01
0
0
0
0
0.15
0
0.01
0
0
0
0
0
0
0
0
0
4.7
0.76
3.74
1.69
0.47
0
0
0
0
0
0
0
0
0
1.5
0
0
0
0
0
0
0
0
0
0.01
0
0
0
0
0
0
0
0
0.01
0
0.01
0.11
0
25.18
13.23
8.88
1.85
3.65
15.87
1.39
0
0.09
0
16.57
7.77
0.95
0
31.67
8.23
7.2
0
0.08
0.02
1.3
0.18
0.53
4.1
4.09
4.17
1.52
0.11
0
0
5.14
4.48
0
0.81
5.38
6
0
0.03
0
0
1.7
17.79
27.63
7.91
0.06
1.04
0.26
1.88
2.05
1.28
0.5
0.36
0.39
8.13
5.64
4.23
1.29
7.18
0.26
0.3
0.08
0.33
0
0.13
0
1.25
1.54
0
0.9
2.59
1.56
0.06
0
0.06
22.05
4.13
0.41
0
0
0
0.02
0.34
3.87
1.5
0.68
0
0.21
1.36
0
0.69
2.53
1.8
0.69
8.93
2.86
3.43
1.07
0.03
0.02
0.3
0.02
0.47
1.21
0.78
1.36
1.23
2.52
1.75
1.53
2.29
6.61
0.86
5.28
2.91
9.94
4.76
9.8
18.98
20.46
3.75
3.21
2.22
3.1
2.82
0.24
0.17
0.3
2.05
0.37
0
0.35
0.68
0.13
0.01
0
0
0
0
0
6.02
3.68
11.92
6.02
1.5
8.76
3.29
0
2.71
3.57
7.39
4.31
0.09
0
0.13
0
0.15
12.52
2.98
0
0
0.4
0.04
0
0.02
0.01
0
0.01
0
0
0
0
0.01
0.01
0
0
0.01
0
0.08
0
0.01
0.01
0.01
0
0.01
0
0.01
0
0
4.21
6.64
0.2
0.07
0.09
0.54
0.73
0.45
6.5
4.23
4.2
3.81
5.63
1.69
15.11
14.43
4.85
0
0
0.26
0
0
0.02
2.19
1.62
0.12
0.03
1.79
0.04
0.03
0.18
0.2
0.77
1.46
0
0.15
0
0
0.31
0
0.65
3.34
6.16
0
0
0.23
1.39
2.59
3.49
0
0
0
0
0.83
0
3.14
0.96
0.02
0.21
10.29
3.9
1.38
0.74
5.3
5.76
15.41
1.48
0
2.11
18.22
3.09
0
0.19
0.16
3.13
1.97
0
0
0
0
0.08
0
0.12
0
0
0
0
0
0
0
0
0
0.14
3.9
0.66
0
0
0.04
0
0
0
0.04
0
0
0.12
0.1
0
0.02
0.03
0
0
0
0
0
0
0
0
0.27
0.85
0
0
0
0
0
0
0.02
0
0
0
0
0
0
0
0
0
0
0.12
0.02
0.03
0
0
0
0
0.01
0
0
0
0
0
0
0.73
0
0
0
0
0
0
0
0
0
0
0
0
0
0
1.56
1.83
9.84
2.09
0.02
0
0
0
0
0
0
0.01
0.15
0.88
1.27
26.54
14.45
1.76
0.02
1.18
1.22
8.13
9.35
0
1.02
3.86
5.19
4
0
0
0
10.01
13.67
4.71
0.52
0.27
4.68
0
2.1
0.8
0.2
0
14.92
3.88
0
0.19
0
0
0.07
0
0
2.11
0.24
0.52
8.61
9.27
7.7
10.37
1.83
0.25
0
0.01
0
0.02
0.02
0.01
0.6
0.05
0.13
0.02
0
0
0.06
0.03
0
0
0
0.02
0
0.06
2.25
0
0
0.03
0.02
0.04
0.01
0
0
0
0
0
0
0
0
0
0
0
0
0
0
0
0
0
0
0
0
0
0
0
0.08
0
0
0.04
0.02
0.37
0.14
0.25
1.94
10.63
14.2
2.58
0.02
0.02
1.01
0.44
0.01
0.02
0.49
2.89
2.22
7.82
0.4
1.85
0.24
0.03
0.43
0.01
0
0.05
0
0
0
0
0
0.01
0
0.88
0.11
0
0
0.15
4
0.35
2.85
5.43
8.48
14.83
10.22
1.16
0.02
0.73
0
0
0
0.56
1.72
0.35
0.07
0
0
0
0.05
0
0
0.22
0
10.04
3.31
0
0
0
0
0
0
0
0.01
0
0
0
0
0
0
0
0
0
0
8.7
0.53
0
0
0
0
0
0.01
0.02
0.01
1.39
7.01
4.47
1.86
0
2.8
2.15
7.54
2.2
3.15
3.32
0
1.41
0
0.34
0
0.25
0.13
0.03
0
0
0.23
0.03
0.14
1.7
0
0
0.9
4.44
0.79
0.2
1.3
3.88
3.95
2.63
0
0.82
0.69
0.58
2.9
0.29
0.13
0
0.01
0.08
0
0
0
0
0
0
0
0
0
0
0
0
0.75
4.39
2.56
8.59
2.15
0
0.1
0
0.23
0.03
0
0.06
0
0.14
0.05
0
0.45
0.01
0
0
0
0
0
0
0
0
0
0.05
0
0
0
0
0
0
0
0
0
0
2.89
0.01
0.91
0
0
0
0
0
0.02
0
0.01
0
0
0
0
0
0.01
0
0.01
0
0
0
0
0.18
0.41
0.05
0.02
0
0.39
0.15
0
0
0
0
0
0.01
0
0
0
0
0
0.19
0
0.01
0
0
0.04
0
0.04
0.04
0.01
0.02
0.02
5.15
1.69
0.11
0
0
0
0
0.01
0
0
0
0.02
0.01
0
0
0
0.01
0
0.06
0
0
0.03
0
0
0
0
0
0
0
0.01
0
0
0
0
0
0
0
0
0.06
0
0
4.05
0
0
0
0.01
0
0
0
3.69
1.03
7.99
0
0.16
0
0
0
0
0
0.13
0.02
4.95
0.25
4.66
0
0.13
8.08
10.21
0.3
0.26
0
0
0.5
8.66
19.37
26.46
20.12
3.88
0
1.5
0.59
0
0.2
3.86
4.32
5.61
0
0
0
0.68
0
0
0.01
0
0
0
0.05
0.29
0.33
0.05
0
0
0
0
0
0.05
0.09
0
0.23
0.02
0.01
0
0.02
1.83
0
0
0
0
0.05
0
0
0.02
0
0
0.01
0
0
0
0
0
0
0
0
0
0
0.01
0
0
0
0
0
0
0
0
0
0
0
0.01
0.55
0.68
0.08
0
0
0
0
0.01
2.2
2.47
3.23
6.54
0.2
0.83
4.5
1.46
8.09
10.43
2.1
0.31
0.5
5.65
2.63
6
14.24
4.68
1.87
3.62
5.43
2.92
0.8
2
2.54
6.52
0.68
0.67
4.71
1.6
0
0
10.64
2.16
0.49
0
0.12
0.02
0
0
0.69
0.01
0.03
4.76
4.91
0.96
0
0
0.57
12.79
3.6
0.79
3.59
11.66
1.48
0.49
0.02
0.01
0.02
0
1.96
0
0
0.01
0.27
0.66
0.42
4.34
16.02
0.43
0.2
0.86
0
0
0
3.48
7.99
11.92
0.38
0.06
0
0.05
0
0.81
1.18
0
0.1
0
0.05
4.45
12.45
0
0.6
3.24
0.74
0
0
0
0.02
0
0.01
0
0
0.15
4.59
0.47
0.38
0
0.45
6.08
1.07
0.38
0.88
1.11
0
0
0
0
1.38
0.02
0.61
0
0.04
0.27
0
0
0
0.18
0
0.23
6.4
0
0.02
2.76
4.92
0.34
0
0.01
0
0
0
0
0
0
0
0
0
0
0.01
0
0
0
0
0.18
1.04
6.41
0
0.01
0
0
0
0
0
0
0
0
0
0
0
0
0
0
0
0.02
0.83
0
0
0
0
0
0
2.61
1.79
0
0
0
0
0
0
0.29
0
0
0
0
0
0.91
0
5.7
0
0
0
0.01
0
0.03
2.3
3.34
1.05
0
0.21
1.48
1.35
0
0
0
0
0.01
0
0
0
0.01
0.93
0.63
3.17
0.82
1.32
5.38
1.52
0
0
0
0
0
0
0
0
0
0
0
0
0
0
0
0
0
0
0.01
0
0
0
0
0
0
0
0
0
0
0
0
0
0
0.02
0.06
0
0.02
0
0
0
0
0
5.04
8.95
6.95
2.45
0.41
5.99
1.55
8.77
2.8
0
0.02
0.05
0.32
5.13
2.9
10.87
0.3
0
0
0
0.23
0.02
0.33
0.62
0.01
0.18
0
6.52
5.22
2.44
0.98
1.48
7.4
0
0.01
0.4
1.8
6.86
0.38
0.09
0.35
0
0.21
12.77
1.22
2.66
1.79
5.45
3.04
0.05
1.37
0.89
1.42
0.02
0.15
0.02
0.15
0.28
0
0.01
0
0
0
0.14
0
0.18
0.12
1.72
1.04
0
5.25
2.73
3.14
4.91
8.4
4.48
4.13
0.31
0.88
0.19
0
0.42
0.02
0.07
0.03
0
0
0
0
0.31
1.37
1.96
0.46
0
5.01
3.77
0
0.01
0
0
0
0.05
0.06
0
0
0.91
2.12
2
0.3
3.95
10.96
5.47
1.17
11.07
18.64
4.86
1.36
0.72
1.25
5.97
11.95
4.25
6.77
2.02
2.77
1.13
0.63
0.87
0.26
2.66
0.24
0
14.49
24.33
9.1
5.35
19.03
6.2
1.09
0
0.07
3.72
1.75
0.13
0
0.05
0.07
0.02
0
0
0
0.01
0.91
6.95
2.23
0.56
0
1.23
2.96
0.82
0.29
0
0
0
0.21
0
0
0.56
0.32
0.11
0.47
0.01
0.27
0.22
0
2.77
14.22
7.59
28.01
15.64
1.7
0.41
2.49
3.21
7.45
1.91
1.16
0.7
0.74
7.08
0.73
1
0.59
0
0.27
0
0.01
0
1.95
6.61
0
0.11
0
0.74
0
2.05
2.85
0.68
5.38
9.18
0
0
0
0
0
0
0
0
0
0
2.48
6.45
7.55
6.64
6.2
3.67
1.27
0.14
0
0
0
0
0.25
0
0.74
2.43
1.32
0
0.04
0.01
0
0.02
0
0
18.91
3.13
1.73
0.67
0.23
0
0
0
0
0
0
0
0
0
0
0
0
0
0
0
0
0.01
0
0
0
0
0
0
0
0
0.02
0
0.01
0
0.02
0
0.01
0
0.58
0
0
0
0
0
0
0
0
0
0
0
0
0.01
0
0
0
0
0
0
0
3.07
6.5
15.5
9.29
7.49
0.3
0.02
1.62
1.18
0.16
1.46
0.48
2.14
11.04
7.3
0.43
3.56
0.3
0.47
1.48
0.64
0.04
0
0
0
0
0
0
0.71
0
1.5
0.89
0
0
0.22
4.3
6.14
1.16
0.01
0
0
0.01
0.11
0.55
5.98
0.3
0
0
8.32
11.1
10.54
1.88
0
0
0
0
0
0.01
6.7
0.01
0.01
0
0
0
0
0.12
0
0.03
0.01
1.45
0.82
0
0.73
20.79
21.95
4.13
0.59
0.11
0
0
0.44
0.01
0.68
2.81
7.12
3.05
10.2
5.16
0.01
0.28
1.64
0
0
0.23
0
0.26
0.01
0.01
0
0
0
0.01
0
0
0
0.01
0
0
0.43
2.64
1.66
0
0.01
0
0
0.63
2.95
7.95
5.36
3.13
2.74
4.04
2.95
5.44
1.61
11.22
8.93
6.8
3.15
1.52
10.76
8.92
9.62
13.77
14.55
3.72
2.51
5.24
1.96
1.61
1.54
2.74
0.55
4.45
0
0.62
0.95
0.16
9.88
2.43
0.5
0.55
1.17
0
1.63
0.95
0.2
0.41
2.29
1.3
3.99
2
0.22
0.01
0
0.18
1.36
0.84
0
0.2
0.25
0.21
0
0
0
0.02
0
0
0.38
0
0
0
0
0
0
0
0
0
0
0
0.01
0
0.12
0.01
0.25
0.56
0.71
0
0
0
0
0
0
0.66
4.74
2.03
0.51
2.34
0.74
0.75
0.02
0
0.17
1.26
2.97
0.82
0.01
0
0
0.02
0
0.98
0.02
0.33
0.27
1.55
0.41
0
0
0
0.22
0
0
0
0
0
0.74
1.57
0.34
0
0.02
0.14
0
0
0.17
0
0
0
1.86
3.14
1.79
3.01
0.54
0.28
1.41
1.11
0.57
3.28
1.44
0
0.01
0
0
0
0
0
0.19
0
0.03
0.01
0
0
0
0
0
0
0
0
0
1.35
1.13
10.45
3.83
0.26
1
0.69
0.28
0
0
0
0.13
0.77
0.21
0.13
0
0
4.9
1.18
0.04
0
0
0
0
0
0
0
0
0
0
0
0
0
0
0
0
0
0.01
0
0
0
0
0
0.01
0
0
0
0
0
0
0
0
0.02
0.13
2.25
15.17
26.74
2.42
1.68
2.74
0.01
0
0
0
0
0
0
0
0
0
0
0
0
0
0
0
0
0
0
0
0
0
0
0.03
0.41
0
0
0.01
0
0
0
0
0
0
0
0
0
0.02
0.01
0
0
0
0
0
0
0
0
0
0
0
0
0.02
0
0.04
0
0
0
0
0
0
0
0.14
0
0
0.83
3.44
3.59
1.63
0.86
0.19
0.13
0
0
0
0
0
0
0
0
0
0
0
0
0
0
0
0
0
0
0
0
0
0
0
0.57
3.21
1.87
0
0.02
0.01
7.6
2.8
0.36
0.05
0
0.11
1.09
1.31
9.11
0
0.02
0.32
3.64
1.16
0.21
0.61
1.13
0.99
0.72
0
0.09
0
0
0.12
0.05
0.48
4.76
2.21
0.2
0.27
0.23
0
0
0
0
0
0
0
0
0.36
0.57
0.27
0.42
1.27
1.43
0.91
4.02
2.58
1.47
0.3
0
0
0
0.63
0.36
0.16
0.02
0.65
0
0
2.22
0.04
1.14
0.12
0.18
0.66
7.13
2.96
14.7
5.79
0.86
3.53
2.77
1.27
1.29
0.66
0.02
0
1.91
1.84
0.91
0
0
0.12
0
0
0
0
0.34
11.65
4.23
0.23
0
0
0.3
2.04
0.16
0
0
0
0
0
0.01
0.01
0
0
0
0
0
0
0
0
0
0.01
0.01
2.41
10.64
3.73
0.31
0
2
0.09
2.1
0.14
0.93
4.87
11.92
17.07
6.76
0.38
0
0
0
0
0
0
0
1.15
2.2
1.98
4.7
7.84
3.7
1.79
3.79
15.38
4.76
2.16
4.44
0.55
0.27
0.08
2.39
2.11
0.02
0.03
0.01
0.06
0
0.02
3.53
19.88
6.55
2.59
0.11
0
0.99
3.22
0.64
6.27
12.35
0.35
1.33
0.4
0.37
7.41
8.57
2.86
0.73
0.41
10.54
7.07
2.04
3.02
7.77
10.84
7.96
15.09
2.11
2.93
4.45
4.66
3.26
14.26
7.58
4.62
0.59
0.32
0.42
0.1
0.02
1.23
2.15
10.17
15.21
1.51
4.47
0.45
10.84
6.53
2.03
0.18
0
9.29
3.14
0
0
0.46
0.48
0
0
0
0
0
3.71
0.32
0
0
0
0.01
0
0.55
4.02
0.86
0.84
0.52
0
0
0
0
0
0
11.14
8.1
1.2
0.04
0
0
0
0
0
0
0
0.1
0
0
0.41
1.87
0.68
0
0
0
0
0
0
0
0
0
0.32
0.59
0.2
0
0
6.52
2.42
0
0.01
0
0
0
0
0
0
0
0
0.02
0.03
0.01
0
0.56
5.48
0.41
0
0
0
0
0.51
0.8
1.5
0
2.88
1.63
0
0
0.1
1.01
4.2
0.46
1.17
0
0.01
0
0
0.31
0.22
3.3
1.13
0.04
0
0.15
0
0
0
0
0
0
0
0
0.63
0.44
19.06
7.86
0.62
0.29
1.42
0.73
0.18
0
0.16
0
0.01
0
0
0
0.83
0
0.03
0
3.35
0.02
0
0.04
0
0
0
0
0
0.14
0.78
9.21
2.07
0.64
0.19
0.16
0.83
0.02
0
0.05
0
0
0
0.09
0.02
0
0.01
0.01
0
0.79
0.28
0.01
0
1.34
0.23
0.83
0.06
5.2
2.16
1.19
0.65
2.21
0.34
0
0
0
0
0.12
0
0
0.03
0.82
0.04
0
0
0
0
1.41
6.91
6.06
4.62
2.09
0.63
5.4
18.23
3.59
0.94
9.21
1.68
0.94
0.21
0.39
0.94
1.98
5.86
6
0.61
1.42
0.4
3.82
7.23
7.3
8.65
5.38
0.66
1.44
6.87
0.94
0
0.01
0.16
0
0.01
0.03
0
0.02
0.34
5.16
10.55
9.51
13.5
10.14
8.7
10.27
4.27
0.75
5.12
1.81
7.09
0
0.55
1.49
1.16
2.18
2.98
1.76
0.86
0.55
0.88
1.15
0.23
0.05
0.03
2.3
0.92
0.26
0.31
3.01
2.04
4.46
7.61
0
1.08
4
1.63
0.16
0.56
1.62
1.58
1.01
11.52
2.73
0.57
0.88
0
1.91
0.42
0.09
0
0
0
0.03
0.01
0
0
0.07
0
0.45
0.01
0
0
0
0.01
0
0.02
0.08
0.52
0.55
0
0.02
0
0.01
0
0
0
0
0.04
0
0.01
0
0.18
0.79
0
0.4
0.09
0
0.7
1.69
4.41
1.71
1.12
0
1.27
2.26
0.76
1.05
0
0
0.23
1.3
2.55
2.79
1.92
0.8
0.14
1.74
1.51
0.56
0.02
0
0
0
0
0
0
0
0
0.03
1.35
0.8
0
2.67
2.32
0.48
0.21
0
0.64
0
0
0.56
2.47
9.13
7.67
1.81
0.79
0.37
0.47
2.94
0
0.27
0.25
0
0
0
0.1
0.02
0
0.47
0
0
0
0
0
0
0
0
0
0
0
0
0
0
0
0
0
0
0.01
0.01
0.04
0
0
0
0
0.62
0
0.03
27.69
0.23
0
0
0.03
0.55
0
0
0.5
0.98
0.02
0.01
0
0.04
0.13
0
0
0
0
0
0
0
0
0
0
0
0
0.06
0
0
0
0.17
0
0.06
3.88
0
0.64
23.37
5.12
12.03
7.68
3.89
0.41
1.04
0.36
0
0
0
0
0
0
0
0
1.02
12.99
31.8
30.95
1.5
0.09
1.26
7.91
0.8
0
1.48
8.6
11.18
2.7
1.19
2.61
4.57
8.07
2.34
1.28
0.03
1.16
2.05
16.09
3.14
0.97
0.74
1.06
3.17
6.85
14.04
3.71
0.17
0.07
0.46
1.41
5.48
9.23
7.93
0.51
0
0.02
4.32
5.43
8.56
41.13
15.69
4.04
5.59
2.66
0.07
0.78
0.28
0.07
0
0
0
0
0
0.94
0.11
2.25
1.56
1.21
0.96
0
0.16
0.72
0.22
0
4.2
12.7
2.49
0.97
5.09
3.64
0.3
0
0.28
2.9
5.36
0.28
0
0
0.04
0
0
0.05
0.03
0
0
0
0
0.01
0
0.04
0.02
3.65
10.15
7.77
0.23
0.02
0
0.04
0
0
0
0
0
0
0
0
0
0
0
1.49
8.71
2.53
0.64
7.67
3.8
1.04
2.12
2.26
2.7
0.5
0.01
0.27
0
0
0
0
0
0
0.04
0.14
0.04
0.02
0
0
0
0
0
0.02
0.04
0
0
0.02
1.34
0.27
0.2
0
0.01
0
0
0
0
0
0
0
0
0.02
0.01
0
0
0.02
0
0
0
0
0
0
0
0
0
0
0
0
0.02
0
0
0
0.07
0.46
0.55
1.06
1.99
1.09
0.29
2.75
4.67
0.24
0
0
0
0
0
0
0
0
0
3.76
2.41
0.23
0
0.01
0.01
0
0
0.02
0.03
0
0.01
0.05
0.13
0.87
7.98
0
0.19
0
2.59
1.66
0.24
0.12
2.4
0.48
0.81
0.23
0.7
0.17
0
0
0
0
0.01
0.69
0
0
0
7.48
5.86
16.74
9.98
10.29
1.65
0.24
0
0
0
0
0
0
0
0
0
0
0.07
9.28
13.02
7.39
4.19
0.91
0.34
0.2
11.07
9
2.21
2.04
0.09
0.2
1.08
0
0.01
0
0.02
0.17
0
0
0
0.01
0.03
0.03
0
0
0
0.07
0
0
0
0
0
0
0
0
0
0.04
0
3.55
1.32
0.16
0.56
0
0
0
0
0
0
0
0
0
0
0
13.06
2.25
0
0
0.04
0.34
0
0
0
0
0
0
0
0.69
5.78
0.2
0.02
0.01
0
0
0.34
0
0.02
0.01
0
0.72
0
0
0
0
0
0
0
0
0
0
0
0
0
0.28
0
1.63
0.27
0
0
0
0
0
0
0
0
0
0
0
0
0.01
0
0
0
0
0
0.01
0
0
0.03
0
0
0.02
0.02
0
0
0
0
0
0
0.04
2.29
3.65
3.02
2.67
3.53
0.01
6.97
7.96
5.97
0.14
0.01
0
0.09
0
0
0.02
0.03
0
3.62
3.69
1.92
6.94
5.02
4.34
14.91
8.63
1.16
0
0
0
0.09
0
0
0
0
0
0
0
0
0
0
0
0.01
0.04
0.23
0
0
0
0
0
0
0.66
0.06
0
0
0
0
0.01
0
0
0
0
0
0
0
0
0
0.34
8.5
10.32
3.02
8.96
11.29
12.51
3.8
0.25
0.19
0
0.09
0.19
0
0.42
0.6
3.48
1.44
9.4
5.44
2.29
0.45
4.64
0
0
0
0
0
0.2
0.19
0.02
0
0
0
0.09
0
0
0.21
1.32
2.09
0.37
1.04
0.14
1.93
1.41
2.16
9.08
1.77
1.08
1.29
2.1
0
0
0
0
6.84
5.4
2.53
1.33
3.49
0.95
0.2
0.07
5.25
0.24
0.01
0.14
0
0
0
0
0
0
0
1.74
0
0
0.01
0.01
0
0
2.78
11.68
2.12
1.11
0.96
0
0
0.16
0.01
0
0.23
11.6
3.92
9.25
3.95
2.13
1.98
3.76
0.55
1.78
0.45
0
0
0.14
9.39
1.03
3.79
0
0
0
0
8.05
4.97
3.23
0.32
2.97
2.28
0.15
0
0
1.91
0.55
0.19
3.18
1.9
0.06
0.63
2.55
5.04
3.82
8.85
7.1
0.8
0.82
5.7
8.1
0.22
0.08
0.02
0
0
0
0.27
0.23
0
0.04
0.14
1.96
1.17
0
0
0
0.03
0.04
0
0
0.08
3.41
0.82
0
0.03
0.04
0.02
0.01
0
0
0.1
0
0
0.01
0
0.02
0
0
0.05
0
1.36
18.36
5.37
7.03
0.11
0
17.54
1.94
0
0.09
0.03
0.32
6.21
0.91
0
0.79
0
0.04
0
0
0.03
13.61
4.51
1.12
0
0
0
0
0
0
9.68
16.2
3.45
0
0
0
0
0
0
0
0
0
0
0
0
0
0
0
0
0
0
0.02
0
0
0
0
0
0
0.04
0.02
0
0.01
0.02
0.01
0.45
1.09
0.34
20.15
3.77
0.05
0
0
0.02
0
0
0
0
0
0
0
0
0
0.01
0
0
0
0
0
0
0.06
0
0
0
0
0
0.09
0
0
0
0
0
0
0
0
0
0
0
0
0
0
0
0
0.09
0.04
0.12
0.15
0
0
0
2.75
3.57
0.55
0
0
0
2.95
5.93
0.21
0
0.02
0.72
2.08
0
0.27
1.12
0.31
0.03
0
0
0
0
0
0
0
0
0
0.64
0
0
0
0
1.05
0
0
0
15.03
4.31
12.11
6.91
0.82
1.32
0.08
1.97
11.63
0
0
0
0
0
0
0
0
0
0
0
0
0
0
0
0
0
0
0
0
0
0
0
0
0
0
0
0
0
1.52
7.12
0.47
0
0
0
0
0
0
0
0
0
0
0
0
0
0
0
0
0
0
0.15
1.81
3.53
4.16
11.84
1.45
0
1.42
3.78
0.09
1.51
0.44
0.1
0
0
0
0
0
1.2
0
0.01
0
0.2
7.9
15.41
1.12
3.63
6.13
1.27
4.88
0.51
0.77
2.11
0.3
0
0
0
0
0
0
0
0
0
0.46
0.07
0.36
0.32
7.71
4.35
1.35
1.18
0.55
0.06
0.05
1.93
0
4.18
3.3
1.23
0.34
0
0
2.08
3.41
1.97
4.61
0.34
0
0
0
0
0
0.02
0
0
12.21
0.77
1.75
0
0
0.02
3.53
0.93
0
0.01
0
0
0
0
0
0
0
0
0.01
0
29.86
13.65
0.89
0
33.73
8.09
14.48
2.99
2.73
0.28
0.15
0.03
0.13
0.26
0
0
0
0
0.24
1.5
0
0
8.91
1.54
0.16
0
0
0.21
0.28
3.02
3.36
8.41
5.25
2.87
4.23
0.17
0
0.16
2.8
6.67
1.35
0
0.31
4.45
7.43
1.02
0.21
0
0
0.02
0.14
2.02
2.71
6.3
0.86
0
0.06
0
6.7
5.05
2.09
0.01
0
0.46
0
0.16
1.07
0
0
0
0
0
0
0
0.02
0
0
0
0
0
0
0
0
0
0
0
0
0
0
0
0
0
0
0.12
0
0
0
0
0
0.01
0
0
0
0.01
0.02
0.14
2.49
0
0.86
0.41
0.46
0.76
0.02
0.01
0
0.02
0.04
4.95
19.91
0.21
0
0
0
0
0.05
0.75
1.63
0
0
0.01
0.01
0
0.04
0
0
0.06
0
0
0.99
0.57
0.29
2.91
2.45
12.84
1.97
0.5
0
0
0
0.29
8.55
1.84
0.28
0.02
0.08
0
0
0
0
0
0
0
0
0.15
4.3
1.52
0.04
0
0
0
0
0
0
0
0
0
0
0.1
0
0.08
0.19
0.31
0
0
0
0
0
0
0
0
0
0.16
0.07
0
0
0.04
1
0.68
0.03
0
0
0
0.04
0
0
0.12
0.05
0.06
0.72
0.02
0
0
0.04
0.05
0.03
0.04
0
0
0.07
0
0.55
4.58
0.67
0
0.01
2.78
0.79
0.12
3.03
3.88
1.23
0.24
0.02
0.01
0
0.02
0.42
5.95
10.91
7.51
2.66
6.98
1.08
3.71
0.18
0
0
0
0
0
0
0
0
0
0
0
0
2.82
0
0
0
0
0
0
0
0.01
0
0
0
0
0
0
0
0
0
0
0
0
0
0
0
0
0.35
0.34
0.32
0.55
6.06
5.95
7.48
0.73
1.99
10.47
6.24
0.98
0
0
0
0
0.7
0.93
0
0
0
0
0
4.3
6.09
2.88
1.75
0
0
0
0
0
0
0
0
0
0
0
0.03
0.11
0.35
0
3.19
2.27
0.01
0.07
0.01
5.83
0.99
0.25
1.49
0.05
0
0
0
0.02
0
0
0
0
0
0
0
0
0
0
0
0
0
14.13
17.29
8.11
2.16
0.09
0.01
0
0.06
0.12
0.65
0.01
0
0.84
2.41
11.09
8.63
4.63
0.7
0.25
4.57
0
0.23
0.02
1.04
2.51
0.63
0.08
1.63
0.02
0
0
0
0
0
0
0
18.12
4.85
0.98
0
3.61
0.73
0.14
0
0
0.13
0
0
0
0
0
0.06
0.64
0.01
3.99
9.75
2.5
0.12
0
0
0.27
0.02
0
0
0
0
2.08
1.38
0
0
0
0
2.47
1.44
1.15
0.63
1.8
2.7
3.32
2.37
2.14
0.47
0.67
0.75
0.21
2.12
0
0.79
0
0.58
2.37
15.82
3.17
6.1
0.26
0.02
0
0.63
2.27
3.39
0
0
0
0
2.81
0
0.51
0
0
0.48
0.34
0.26
0.82
14.67
0.53
0
0
0
0.01
0.35
0
0.08
0
0
0
0
0.02
0
0
0
0
0
0.86
6.02
0
0
0
0
0
0
3.31
0.49
0
12.3
1.47
1.8
17.16
6.54
1.48
0
0
0
0.06
0.05
0
0.25
0.05
0
0
0.1
0
0.01
7.63
0.63
0
0
0.01
0
0.01
0.05
0.13
0
0.51
0
1.33
6.69
3.01
18.18
1.52
0
6.41
6.43
0.3
0.76
0.85
0
0
0
0.01
0
15.01
19.6
10.92
0.62
3.47
0.56
0.02
0.07
2.88
1.68
2.73
0
0.01
0.36
9.98
0.54
0.17
6.14
2.3
0.15
0
0.01
2.63
2.72
0
0
0
4.38
0.45
7.46
7.95
1.93
5.03
0.95
0
0.03
0
0.01
0
0
0
0
0
0
0
0
0.01
0
0
0
0
0
0
2.11
5.21
0.09
5.65
15.08
3.06
0.09
0
0
0.29
0
0
0
0
0.56
4.68
8.78
20.27
3.28
0.82
0.21
0.2
2.79
5.68
0.68
0.46
0
6.08
10.73
21.41
3.96
8.19
0.91
0.14
0.21
2.61
0
0.1
0
9.96
4.53
0.89
3.71
6.13
0
0
0
0.27
0.46
19.6
4.95
5.4
1.89
0.39
1.3
5.46
9.66
7.54
0.71
3.61
3.71
0.52
4.73
12.2
0.46
0.24
0
0.03
0
1.04
3.14
7.9
1.8
5.61
0.23
0
0
1.38
4.45
6.97
4.64
2.73
3.06
4.77
3.01
1.64
0.66
0.49
0
0
0
0
0
0.32
0
0
0
0.06
1.65
6.95
2.12
0.25
0
0
0
0
0.11
2.27
0.28
0.3
18.1
7.46
2.74
0.05
0.05
0.29
4.94
0.05
0
0
0
0
0
0
0.02
0.28
0.9
0.38
0
0
0
0
0
0
0.89
5.01
3.19
0.19
0.18
0
0
0
0
0.06
0
0.16
0
0.36
2.74
5.06
0.74
0.53
0.54
2.84
4.95
0
0
0.23
0
0
0.02
4.52
0.88
0.09
2.93
4.21
0.15
2.8
1.81
0
1
2.2
0.73
1.36
0.77
0.25
0.02
0
5.57
16.28
9.38
3.07
4.17
1.44
0.08
0.07
0.55
0
0.03
2.25
3.97
2.63
16.63
1.74
0
0
0
0.27
0
7.1
0.13
0.5
3.34
0
0
0
0.03
0.02
0
0
0.01
0
0.21
0
0
0
1.53
0.92
0.25
6.63
0
0
0
0
0.31
5.73
3.1
0
0
0
0
0.01
0.1
3.21
6.36
0.54
0
0.22
0.35
0.21
0.18
0
0
0.12
27.45
1.13
0
0
0.01
0
0
0.02
0.22
0
0
0
0
0.12
0.45
0
0.29
4.86
1.44
0
0
0.65
0
0.04
2.68
3.38
0
0
0
0
0
0
0.04
0
0.01
0
0
0
0
0
0
0
0
0
0
0.13
13.85
0.2
0
0
0
0.24
1.85
1.17
0.05
0
0
0
0
0
0
0
0
0.38
19.59
4.59
4.29
7.09
0.35
0
0.01
0
0
0
0.19
6.74
26.36
2.53
3.69
1.11
7.56
0.91
0.5
3.95
0.08
0
0.01
0
0
0.3
0
0
0
0.47
0.39
0.25
1.98
0
0
0.28
0
0
0
0
0
0
0.08
2.57
1.77
12.97
1.89
0.01
0
0
0
0
1.05
4.19
6.48
12.29
3.05
0
2.3
5.7
2.99
2.48
21.75
9.51
1.33
1.86
0
0.8
0
0
0.62
2.88
0
0
3.2
5.42
4.18
0.66
0.28
0.01
0
0.98
0.11
9.63
6.39
1.67
0.14
0.46
0.53
0.41
0
0.02
0.69
0
0
0
0.21
1.2
1.19
1.27
3.77
6.78
2.09
0.61
0.42
2.02
1.07
4.77
2.07
0.27
0
0.25
0
0.03
13.6
0.95
0.28
0.46
0.2
1.72
2.05
0
0
0.15
0.18
1.16
7.12
5.4
1.92
0.02
0
0.7
3.46
3.27
0.27
0.58
5.85
1.5
0.46
0.41
6.59
5.91
22.92
6.49
14.72
7.11
4.07
15.34
12.71
1.36
0
0.21
0
0
0
0
0.13
6.41
0.26
0
1.59
1.95
1.2
0.17
0
0
0
0
0
0
0
0
0
0.23
2.38
0.07
0.06
3.17
0.27
0.08
13.41
1.84
0.34
2.29
0.31
0.63
1.15
4.66
0.13
0
0
0
0
0.29
0
0
0
0
0
1.4
1.41
13.38
15.05
3.12
2.98
5.18
1.43
1.35
0.17
6.37
6.99
1.16
0.04
0.01
0
0
0.04
0
0
0
0
0
0.04
0
0
0
3.83
8.16
7.23
13.27
2.42
0.2
0.98
0.35
5.48
9.73
3.66
0
0
0
0
0.01
0
0.03
0.1
0.14
9.23
7.14
0
0
0
0.12
0.2
2.9
0.11
1.5
2.69
10.24
0.38
0
0
0.03
0
0
0.06
0
0
0.11
0
0
0
0
0
0
0
0
0
0
0
0
0
0
0
0
0
0
0
0
0
0
0
0
0
0
0
0
0
0
0
0
0
0
0
0
0
0
0
0
0
0
0.48
0
0
0.06
0
0
0
0
0
0.01
0.01
0.4
0
0
0
0
0.09
0.3
0.02
0.01
0
0.12
1.87
11.08
0.39
0.32
0
0
0
0
0
0
0
0
0
0
0
0.09
0
0.07
0
0
0
0
0
0
0
0
0
0
0.11
0
0
0
0
0
0
0.01
0
0
0
0
1.42
1.61
0
0.55
0.57
0.52
0
0
0
0
0
0
0
0
0
0
0
0
0
0
0
0
0
0
0.13
0.11
4.77
0.29
1.51
1.08
0.05
0
0
0
0
0
0
0
0
0
0
0
0
0.01
0.02
0.42
0
0
0
0.57
13.07
7.33
1.04
0
1.87
10.66
3.5
0.5
0.26
5.14
2.04
3.59
1.82
4.68
1.29
0
0.01
0.77
1.49
0.75
0.21
1.17
3.93
16.7
3.35
4.62
0.47
0
4.16
1.71
0
0.82
6.6
1.73
0
2.24
3.65
1.24
0.11
0
0
0.14
0
0
0
0.1
4.73
19.02
9.58
1.58
5.46
2.03
0.05
0.63
2.11
13.19
21.86
4.94
0.49
0
0.1
3.05
9.43
0.21
8.04
3.54
3.24
5.61
1.11
5.98
10.73
9.74
4.12
5.55
4.58
0.4
0.28
0
0
0
0
0.01
0
0
0
0
0.02
0.08
4.39
0.48
0
0.07
0
0.02
0.15
6.31
1.48
0.23
0.2
0.09
0
0
2.95
0.61
1.63
2.77
8.78
5.04
2.03
0.91
1.09
1.77
2.11
12.76
2.74
0.63
0.57
0.2
0
0.15
0.01
0.14
1.27
6.61
3.65
0.13
0
2.4
8.83
5.65
0.94
0
10.04
16.42
2
1.41
0.18
0
0.71
0.36
1.07
0.18
0.01
0
0
0
0
0
0
0
0
0
0
0
0
3.16
0.85
1.22
0.75
0
0
0
0
0
0.01
0
0.1
0.02
0
0.02
0
0
0.01
0
0
0.76
0.02
2.15
7.15
18.04
26.86
4.75
0.53
0
0.75
0.5
0
0
6.31
7.74
0.55
0
0
0.04
0.04
0
0
0
0.02
0.02
0
0
0
0
0
0
1.62
6.82
17.01
0
2.76
5.99
0
0.83
0.55
0.03
0.03
0
0
0
0.85
6.76
0.44
0
0.02
0.21
3.34
0.01
0.06
0
0
0
1.94
0.01
0
0
0
0
0
0
0
0
0.02
0.01
0.02
0.03
0
0
0
0
0
0
0
0
0
0
0
0
0
0
0
0.01
0.01
0
0
0
0
0
0.13
0
0.04
0
4.63
0.56
0
0
0
2.19
10.07
0.03
0.16
0
0.26
0.16
3.13
14.95
4.25
1.86
0
0.98
8.15
21.8
2
0.25
0.38
0.04
0
0
0.04
0
0
0
0
0
0
0.31
0.59
0
10.77
1.4
0
16.09
7.26
1.48
9.31
10.81
13.8
12.88
3.44
0
0.01
0
0.95
3.53
3.03
0.6
0.61
4.88
12.34
6.68
0.58
0
0
0
0
0
0
0
0
0
0
0
0.21
0.06
0
1.61
6.2
16.39
0.97
0.02
0.42
0
0
0.02
0.02
0
0
0
0
0
0
0
0
0
0
0
0
0
0
0
0
0.55
0.28
0.04
0.01
0
0
0
0
0.05
0.01
0
1.24
0
0
0
1.29
8.55
4.22
0.22
0.29
0.25
0.02
0.13
0.09
0
0
0
0
0.02
0
0
2.87
1.76
0.61
0.4
0.07
0.25
0.11
0.04
3.6
0.04
0
2.31
0.21
0.01
0
0.11
0.06
0.54
0
0
0
0
0.61
1.71
0.05
0
0
0
0
0
0.04
0
2
1.11
0
0
0
0
3.07
0.6
0
0.11
2.39
1.45
2.17
6.3
0.8
0.82
4.61
7.59
4.45
0.01
0.07
0.55
2.2
6.38
3.09
0.82
0.02
0
0
0
0
0.41
0
0
0.12
1.16
0
0
4.54
5.85
4.66
11.59
4.84
0.69
0
0
0.01
2.13
0
0
0.32
0
0
0
0.02
0
0.02
0
0
0
0
0.02
0.07
0.01
0.25
13.78
1.52
0.26
3.65
1.46
0
0
0.01
0.01
0
0
0.02
0.12
0.21
4.8
4.11
1.79
0
2.27
10.78
8.29
15.93
4.92
1.61
0.19
0
0
0
24.23
0.98
0
0.11
0
0
0
0
0
0.7
0
0
0.77
16.48
2.53
2.44
1.2
0
0.14
0.12
0
0
0
0
0
0.02
4.11
10.81
1.35
0.23
7.34
14.35
13.73
3.3
0
0
0
0
0
0
0
0
0
0
0
0
0.01
0
0.42
7.1
0
0
0
0
0
0
0
0
0.44
0
0
0
0
0
0.06
0.27
0
0
0
0
0
0
0
0
0
0
0.01
0
0.01
0
0
0
0
0
0
0
0
0
0
0
0
0
0
0
0.01
0.02
0
0
0.61
0.52
0
0.01
2.43
4.21
0.33
0
0
0
0
0
0
0
0
0
0.01
0.01
2.55
0
0
3.68
4.52
0.18
0
0
0
0
0.01
0.06
0
1.96
1.09
2.53
0.26
0
0.43
0.01
0.65
0
5.69
4.34
0.37
0.07
0
0
0.07
0.97
0.22
0.12
0.56
0.72
0.16
0
0
0
0.74
0.91
8.73
9.16
3.05
0.02
0
0.3
0
0
1.91
7.54
1.22
1.29
0
0
0
0
0
0
1.62
1.5
3.63
1.14
4.16
1.43
33.02
5.94
1.02
2.56
6.48
0.36
0
0
0
0.2
0.54
0
0
0
0
0
0
1.45
0.52
0.2
0.07
0.15
0.06
0
0
0
0
0
0
0
0
0.23
0
0.03
0.46
0
0.32
1.05
0.08
0.24
0
0
2.23
0.41
0
0
0
0
0
0.33
0.01
0.01
0.02
0
0
0
0
0
0
0
0
0
0
0.06
0.3
2
0.53
0
0
0.11
0
0
0
0
0
0
0
0
0
0
0
0
0
0
0
0
0
0.02
0.14
0
0
0
0
1.52
14.7
3.68
3.02
0.38
0.01
0
0
0.01
0
0.22
0.11
0
0
0
0
0.08
2.06
1.58
1.75
0
0
0
0
0.48
0
0
0.62
0
0
0
0.24
0
0
0
0.35
0
0.02
0.38
0.49
0.16
0
0
0.02
0
0
4.19
6.14
4.55
1.92
0.02
0.69
3.53
2.61
0.09
0
1.55
0.27
0.11
3.31
9.23
2.54
13.23
4.54
1.25
3.19
1.73
0
0.01
0.11
0.14
5.07
15.23
13.63
3.06
5.46
0.23
8.97
2.52
0.16
0.16
0
0
0
0
0
0
8.93
7.64
11.2
6.46
13.4
0.2
0
0
0.02
0
0
0
0
0
0.01
0
0
0.8
8.1
0.01
0
0
3.11
5.95
2.58
0
0.02
0.2
0
0
0
0
0
0
0
0
0
0
0
0
0.02
0
0
0
0
0
0
0
0.02
0.35
0.33
1.54
2.15
6.57
0.48
0.12
3.91
0.5
0
0
0
0
0
0
0
0
0
0
0
0.01
0.01
0.02
0
0.01
0
0
0
0
0
0
0
0
0
0
0
0
0.06
5.37
3.63
1.82
0.47
0.45
1.02
0.87
0
0.01
0
0.12
0
0
0
0.16
0
0
0
0.01
0.73
0
0
0
0
0
0.11
0.01
0.31
8.49
0
0
0
0
0
0
0.04
0
0.02
6.71
1.04
0
0
0
0
0
0.02
0.18
0.87
0
0.04
3.2
6.7
0.26
0.08
3.83
6.77
4.71
0.16
0.02
0.08
3.7
0.02
1.06
0
0
0.02
0
0.58
0.69
0
0
0
0
0
0
0
0
0.05
0.01
0.06
0.52
0
0
0
0.06
0.1
0
0
0
0
0
0
0
0
0
0
0
0
0
0
0
0
0
0
0
0
0
0
0
0
0
0
0
0
0
0
0
0
0
0
0.05
0
0
0.03
0
0
0
0
0
0.92
0.46
0
0
0
1.12
0.08
2.95
8.26
0.96
0.83
5.73
15.67
3.32
5.33
1.53
0.66
10.96
10.8
25.01
4.64
12.97
5.76
0.06
0.01
0
0
0
0
0
0.01
0
1.67
7.27
0.25
0.65
0.11
1.53
5.61
1.3
0.82
0.02
0
0
0
0.01
0
0
0.02
0.01
0
0
0
0
0
0
0.07
0
0
0
0
0
0
0
0
0.2
6.38
1.48
15.92
3.47
0.22
1.84
0.96
0.11
5.84
0.28
0.21
2.93
3.94
0.1
0.19
0.01
0
0
0
0
0
0
0
0
0
0
0
0
0
0
0
0
0
0
0
0
0
0
0
0.43
0.25
0
0.02
0.1
3.51
4.84
15.46
4.3
0.7
0.3
3.28
2.3
0.52
0
0
0
0
0.05
0.14
0.89
0.19
0.45
2.06
10.68
16.5
4.64
0.05
0
0
0
0
0.01
0
0
0.78
0
0
0
0.21
0.41
0.15
0
0
0
0
0.18
0
0
0
0.01
0.05
5.29
20.87
0.25
0.01
0
0.82
0.03
0.02
0
0.11
0.14
3.39
7.87
9.69
7.35
7.69
1.48
0.45
10.06
32.35
1.12
0.01
0
0
8.26
0.61
2
0.01
0.01
0.01
0
0.18
0
0
0
0
0
0.01
0
0
0
0.03
0.44
0
0
0.27
0.35
0
0.84
25.55
0.66
0.74
0.07
4.58
0.95
0.01
0
0
0
0
0
0
0
0.01
0
0
0
0
0
0
0
0
0
0
0.08
4.52
5.71
0
0.48
0.39
2.15
0
0
0
0
0
0
0
0
0
0
0.13
0.05
0
0
0.01
0
0.04
0
0
0
0
0
0
0.88
0.1
0
0.05
0.02
0
0
0
0.06
0.01
0
0
0
0.02
8.98
1.12
0
0.01
0
0.9
0.01
0.79
0
9.82
2
0.09
0
0
2.01
16.64
1.79
0
0.12
4.7
0
0
0
0
0
0
0
0
0
0
0
0.07
0.14
8.15
0
0
0.08
0.93
12.11
1.7
12.01
0.21
4.68
0.3
0.13
0.01
0
0
0
0
0
0
0
0
0
0
0.23
14.16
31.5
4.64
0.16
0.02
0.82
1.38
3
1.05
0.44
0
0
0
0.01
0
0.03
0
0.01
0.11
10.71
3.93
2.11
0.04
0.27
0
0
0
0
0
0
0.07
0.4
0.14
0
0.02
0
4.3
1.27
0
0
0.05
0.87
0
0.1
2.04
0.95
0.08
0
0
0
0
0
0
0
0
0
0
0
0
0
0
0
0
0
0
0
0
0
0
0
0
0
0
0
0
0
0
0
0
0
0
0
0
0
0
0
0
0
0
0
0
0
0
0.01
1.28
0
0
0
0.1
0
0.01
0
0
0
0
0
0.01
0.13
0.09
0.09
0.1
7.63
1.61
0.04
0
0
0
0
0
0
0
0
0
0
0
0
0
0
0.04
0.01
0.01
0
0
0
0
0.76
0
0.2
0
0.01
0.13
0.11
0
0.01
0.12
0.61
0.34
0.09
0
0
0
0
0
0
0
0
0
0
0
0
0
0.1
2.59
4.77
1.17
6.13
1.83
8.7
5.13
11.44
2.5
0.61
0.43
0.2
0.25
6.25
0.73
0
0.01
0.03
0
0
0.01
0
0.05
0.07
0.31
0.08
0.55
1.02
0.64
3.43
0.64
0
0
0
0.2
0.09
0
0
0
0
0
0
0
0
0.05
0.01
0
0.17
0
0
0
0
0
0.23
0.29
0
0
0
0
0
0
0
0
0.01
0.16
10.23
6.6
2.75
1.96
0.27
0
0
0.2
0
0.02
0.49
6.54
0.78
1.66
0.77
0
0
0
0
0
0
0
0
0
0
0
0
0
0
0
0.02
0.01
0.02
0
0
0.01
0.01
0
0
0
0
0.11
0
7.3
23.23
1.36
0.05
0.39
4.02
0
0
0.01
0
0.01
0
0.02
0.87
0.01
0.02
0
0.01
0.04
10.2
0
0
0.02
5.81
10.25
0
0
0.09
20.47
2.86
0
0
0
0
0
0
0
0
0
0
0
0
0
0
0
0
0
0.01
0
0.01
0
0
0
0
0
0
0
0.97
0.73
0
0
0
0
0.01
0
0
0
0
0
0
0.33
0.5
0.2
0
0
0.01
0
0
0
0
0
0
0.01
0
0
0.27
1.67
4.02
0.18
0.01
0
0
1.15
1.74
7.61
3.55
0.61
0
5.05
1.09
0
0.03
0.4
5.76
4.62
7.83
18.29
0.63
2.88
13.03
3.86
0
0
0
0
0.01
0
0
0
0
0
0
0
0.02
0
0
0.01
0
0.21
0
0
0.07
0.1
3.98
6.9
3.07
2.72
15.88
7.84
16.41
3.48
0.67
0.23
0
0
0
0
0
0
0
0
0
0
0
0
0
0.23
2.07
6.9
0.76
0
0.03
0
0
0
0
0
0.08
0.75
2.02
5.8
5.13
0.99
0.08
0.48
0.05
0.6
0.11
0.11
0.76
1.22
1.19
0.64
0.02
0.24
0
0
0
0
0
0
0
0
0
0
0
0
0
0
0.13
0.31
0.22
0.13
1.76
0
0.39
0.29
0.95
15.75
10.23
0.38
0
0
0
0
0
0
0
0.02
0
0.01
0.04
0.13
4.84
5.51
9.87
5.61
1.83
0.64
7.16
11.93
6.62
4.02
1.26
12.43
0.84
1.07
0.21
9.45
0.88
0.65
10.82
0.27
0.28
2.88
0.04
0.01
0.04
0.06
0
0.01
0.27
0.12
3.66
1.04
6.25
2.71
0
0
0
0
0
0
0
0
0
1.12
0
0
0.19
1.79
3.86
5.72
2.84
0.9
0.3
5.17
5.35
3.29
5.86
0
0.22
0
0.32
13.01
12.57
2.61
3.89
8.39
7.45
0.88
9.04
7.08
4
0.9
3.54
0.24
1.02
0.5
1.28
3.38
0.1
0
0
0.88
9.29
18.5
0.73
0.56
0.17
0
0
0.27
0
0
0
0
0
0.16
6.86
4.78
0.01
0
0.02
0.01
0
0
0.01
0
0
0
0
0
0
0
0.02
0
0
0
0
0
0
0
0
0
0
0
0
0
0
0
0
0
0
0
0
0
0
0
0
0
0
0
0.41
0
0
0
0
0
0
0
0
0
0
0.01
0.51
0.37
0
0
0
0
0
0
0
0.41
3.3
2.09
0
0
0.02
0.02
0
0
0
0
0
0
0
0
0
0
0
0.02
0
0
0
0
0
0
0
0
0
0
0
0
0
0
0.02
0
0
0
0.13
8.14
5.96
0
1.2
3.41
1.6
4.55
0.15
0
0
0
0
0
0
0.01
0
0
0
0
0
0.32
8.43
1.95
0.01
0
0
0
0.13
6.11
0.84
0
0
0
0.01
0.77
2.13
0.09
10.78
1.01
5.89
17.42
17.5
3.21
7.24
0
6.82
26.52
4.36
7.56
1.63
0.7
4.19
1.02
0.21
0.21
0
0
0
0
0
0
0
1.27
14.11
1.95
0.31
1.09
0
0
0
0.02
0
0
0
0.02
0.39
0.07
0
0.46
0.02
0
0
0.18
0.33
0.22
0.01
0
0
0
0
0
0.01
0
0
0
0
0
0.55
4.21
8.57
1.22
0.02
0.02
0.02
0
0.01
0
0.02
0
0.3
2.27
4.46
1.37
1.61
12.15
12.1
5.72
3.96
0.91
6.24
2.21
0.09
0.07
0
0
0
0
0
0
0
0.01
0.01
1.23
2.86
11.05
10.12
13.51
1.79
1.88
1.63
0.34
2.36
9.78
0.85
0.51
0
2.64
1.08
0
0.11
1.13
0
0.05
0.31
2.61
0.4
0.27
0.19
0
0
0
0
0
0
0.05
0.13
0.03
0
0
0
0.01
0.16
4.14
3.04
2.48
0.88
0.08
0
0.01
0
0.15
0
0
0
0
0
0
0.65
4.69
4.44
3.23
1.82
8.15
0.51
0.36
0.09
0.11
0
0.09
0
0.08
0
0
0.02
2.15
16.93
7.85
3.05
8.08
1.04
0.39
1.91
0.16
0.01
0
0
0.23
7.73
1.05
2.76
0.45
0
0.01
0
0
0
0.17
2.43
2.41
9.15
5.85
0
0.13
0.82
0.41
0.01
1.49
4.02
0.7
0.02
0
2.77
0.4
0
0.06
0.54
17.25
6.05
0
0.47
0.01
0
0
0
0
0
0
0
0
0.01
0
0.01
0
0
0.13
0
0
0
0.01
0
4.5
0.32
0
0
0.34
0
0.09
1.95
1.8
0
0
0.04
0
0
0
0
0.02
0
0.68
0
1.28
0.01
0
0
0
0
0
0.01
0
0
0.12
0
0
0
0.01
0
1.02
2.43
0
0
0
0
0
0
0
0
0
0
0
0
0
0
0
0
0
0
0
0
0
0
0.13
0
0
0
0
0
0
0
0
0
0
0
0
0
0.34
0.06
0
0
0.49
0.04
0
0
0
0
0
0
0
0
0
0
0
1.38
0.09
0.21
0.37
0.33
0
0
0
0
0
0.12
0
0
0
0
0
0
0
0
0
0
0
0
0
0
0
0
0
0
0.06
0
0.02
0.02
0.01
0.01
0
0
0.05
0.41
3.41
3.41
10.16
1.92
1.49
0.03
0
0
0.09
0.07
3.24
0.66
0.03
1.53
0.82
0.01
0
0
0
0
0
0
0
11.46
14.49
3.26
0
0.01
0
0
0
0.1
1.5
7.93
1.05
1.64
3
0
1.18
0
0
0
0
0
0
0
0
0
0
0.85
4.18
6.11
6.43
3.05
1.79
9.7
7.86
4.5
2.55
3.15
3.03
3.29
2.13
0
1.33
0
3.76
0.51
0.01
0
0
0
0
0
0
0
0
0
0
0
0
0
0
0
0
0
0.06
2.96
9.68
3.09
0
0
0.48
2.23
5.66
0.77
0.08
4.85
2.22
0.07
0.1
0.08
3.84
15.01
14.96
8.5
7.78
6.22
2.92
2.55
7.25
2.32
0.2
0.18
6.02
0.77
0
0
3.45
4.44
1.62
0.01
0.03
0
0.23
2.8
2.27
0.06
0.74
0.11
3.56
5.09
0.53
0
0
0
1.2
0.01
0.46
0.22
0
0
0
0.07
0.02
0.01
0
0
0
0
0.5
10.34
0.96
0
6.36
12.38
0.6
0.4
0.09
2.03
2.68
0.59
0
1.28
1.94
1.43
0.44
0.52
0
0.13
3.63
0.89
1.66
9.28
7.82
5.82
1.46
0.26
0.01
0
0
0.11
0.04
2.6
8.76
3.05
0
0
0.01
0.02
0
0
0.87
0
0
0.08
0
0
0
0.03
0
0.2
0.09
0.03
3.3
0.16
0
0
0.02
0.01
0
0
0
0
0
0
0
0
0
0
0
0
0.01
0
0
0.06
0.05
0.08
0.34
4.17
0
0
0
0
0
0.3
0.04
0
0
0
0
0
0
0
0.29
0
0
0
0
0
0
0
0
0.02
0
0.2
0.03
0
0
0.02
0.05
0
0
0.02
0.59
3.46
0
0
0
0
0
0
0
0
0
0
0
0
0
0
0
0
0
0
0
0
0
0
0
0.01
0
0
0
0
0
0.01
0
0
0
0
0
4.34
15.32
0.3
0
0
0.02
0.16
0
0.54
0.14
0.01
0
12.37
1.71
0
0
0
0
3.99
9.8
1.3
4.8
0.25
2.34
0.92
0
0.01
0
0
0
0
0
0.02
0
0.35
2.63
2.04
6.02
4.4
0.43
0.04
0
1.73
2.98
0.63
7.82
9.65
6.44
3.77
3.42
0.08
0
0.01
0.01
3.11
7.46
1.65
0.02
0
0
0
0
0
0
0
0
0
0
0
0
0
0
0
0.11
0.16
5.55
10.25
3.48
0.27
0.19
0.19
0
0
0.97
0.58
0
0
0
0
0.58
0
0
0
0
0
0
0
0
0
0.28
4.34
0.32
0.01
0.01
0.06
12.93
3.41
0.26
0.11
0
0
0.02
0.15
2.92
0.35
0
0.01
0
0
0
0
0
0
0
0
0.01
0
0
0
0
0.04
0.48
25.1
10.2
0.67
15.46
8.9
1.72
0.8
0
0
0.01
0.48
0.1
0.2
2.73
0.86
0.16
2.27
6.3
2.68
3.86
12
4.88
0.09
0.27
4.45
0.66
0.36
0.06
0
0
0
0.14
5.85
9.39
0.4
0
0.01
0.26
18.61
8.06
1.16
0
0
0
0
0.46
4.3
4.98
0.2
0.08
0
0
0
0
0.11
0
0
0.01
0.09
0
0.01
0.27
1.01
0.32
0
0
0
0
0.02
0
0
0.02
0
0
0.89
2.47
0.58
0.02
0.83
0.03
0.3
0
0.05
5.91
5.11
10.53
4.95
2.29
12.55
9.57
1.74
0.75
0
0
0
0.13
0
0
0
0
0
0
0.02
0.03
0.36
3.34
0.8
0.01
0
0
0.08
0
0
0.15
0
0
0
0
0
0
0.7
0.32
1.6
0.03
0
0
0.13
4.89
7.63
0.55
0
0.01
0
9.52
14.2
0.61
0
0.11
2.13
0.56
0
0
0
0
0
0
0
0
0
0
0
0
0
0
0.06
0.04
1.15
0.13
0
0
0
0
0
0
0
0
0.02
0.44
0
0
1.48
0.93
4.95
1.01
0
0.35
0.61
3.44
1.73
6.81
0.2
0.05
0
7.63
5.95
18.3
11.42
0.38
0
0
0
0
0.01
0
0
0
0.02
30.73
0
0
0.01
5.72
0.02
0
0
0
0
0.01
0
0.34
0
0
0
0.22
0.01
0.01
0
0
0
0.02
0
0
0
0
0
0.02
0
0
0
0.07
3.66
1.15
0.43
0.95
0.13
0.04
0
0.02
0
0.01
0
0
0
0.12
0
0
0
0
0
0
0
0
0.08
0
3.61
1.72
0.02
0.2
0.3
3.36
1.38
0.02
0
0.51
0.31
12.02
0.02
2.02
3.98
6.51
0.09
0.04
0
11.68
17.82
4.43
0
0
0.26
0.3
0.14
0.07
0.02
3.16
5.8
2.88
17.8
10.86
6.99
0.73
0.29
3.24
0.09
0.16
0
0
0.02
0.64
0.82
1.39
0.37
3.96
28.23
3.94
0.84
0
0.01
0.07
0.27
0
0
0
0
0
0
0
0.02
0.31
0.78
1.27
0.54
0.35
0
0.01
0.02
0
1.45
6.75
10.17
7.86
3.47
0.88
0.19
1.48
2.86
7.27
23.11
6.63
3.09
1.79
0.79
0
0.2
0
0.01
0
0
0
0
0
0
0
0
0
0
0.12
11.63
0.62
0.23
0.04
0.29
3
0.23
0
0
0
0.14
11
2.52
7.15
6.64
5.57
4.6
11.25
0.58
0
0
0
0
0.4
0.55
4.05
2.65
4.15
1.11
6.7
1.31
0.01
0.47
0.06
0.19
0.58
0.06
3.73
0.61
0
0
0
0.02
0
0.12
0
0.09
5.55
3.36
0.27
0.02
0
0.01
0
1.02
0.01
0.03
0.1
0.12
0.01
0.01
0
0.02
0
1.18
0
0
0
0
0
0
0
0
0.21
0
0
0
0
0
0
0.05
0.82
0.02
0
0
0
0
0
0
0.1
0.05
0
0
7.29
11.12
21.34
2.3
3.9
0.93
1.01
0
3.32
8.05
3.97
0.35
0
2.26
2.03
2.54
3.13
1.45
0.88
0
0.55
0
1.73
16.68
11.45
1.13
0.25
0.09
0.02
2.6
0.2
1.14
8.82
1.32
0.63
0.67
3.21
2.9
9.45
10.45
9.41
3.95
1.13
0.51
1.04
0.02
0.14
0
0.27
0.07
0.22
0
6.02
1.95
0.12
0.16
0
0
0.1
0
0.13
0
11.02
0.02
0.09
0
0
35.36
26.05
2.63
1.73
1.93
3.94
2.15
6.55
1.78
4.91
0.25
0.01
0
3.38
0.31
7.05
0.61
0
5.28
6.58
0.32
10.59
10.7
0
0.16
1.04
2.13
1.63
0
0.05
0
0.06
0
0
0.02
0.18
0
0
0.01
0.01
0.25
0.17
0
0
0.01
4.82
0
0
0
0
0
0
0
0
0.01
0
0
0
0
0
0
0
0
0
0
0
0
0
0.69
0.01
0
0
0
0
0
0
0
0
0
0
0
0
0
0
0
0
0
0
0
0
0
0
0
0.36
0
0
0
0.01
0
0
0
0
0
0
0
0
0
0
0
0
0
0
0
0.13
4.25
1.02
0
0
0
0
0
0
0
0.6
0.87
2.67
0.13
0.07
14.14
18.44
18.95
6.03
5.39
1.04
0
0
0
0
0
0
0
0
0
0.52
1.88
0
0
0.05
0
0.02
0
0
3.95
1.02
0.2
0.09
8.79
5.41
1
0.1
0
0
0
0
0
0.01
0
0
0.01
0.01
0.5
0.19
0.22
0
0
14.22
4.76
0.27
0.08
0
0
0
0
0
0
0
0.02
0
0
0
0
0
0
0
0
0
0
0
0
0
0
0
0
0
0
0
0
0
0
0
0.01
0.46
5.17
0.16
0
0
0
0.05
0.01
0
0
0
0
0
0.03
0.1
0.02
0.01
0
0
0
0
0
0.13
0.05
0
0
0
0
0.02
0
0
0
0
3.39
2.95
2.72
0.48
0
0
0
0.05
0.02
0
0
0
0
0.13
0.02
3.76
8.58
8.95
2.94
3.73
2.45
0
0
0.06
0
0
0
0.37
2.3
0.95
0.12
0
0
0
0
0
0
3.49
3.69
0
0.02
0
0
0
0
0
0
0.02
0
6.76
0.7
10.68
6.75
0.8
4.92
6.06
3.68
2
2.14
4.45
2.16
1.48
0.07
2.76
3.9
2.43
0.49
0.1
0.51
0
0
2.47
1.71
1.5
9.44
7.04
11.77
14.03
2.08
0.61
0
0.21
0
0
0
0
0
0
0
0
1.08
0
0.01
0.1
4.31
3.47
0.09
0.67
0.01
0
0.98
0.12
0.02
7.04
3.17
9.69
24.31
1.25
2.2
1.55
1.58
3.2
9.25
9.85
2.04
2.07
0.13
0.02
0.04
0.15
0.12
0.04
0
0.55
0
0.01
0.94
17.65
1.03
0.15
5.56
8.48
0.71
0.02
0.01
0.11
0.25
0
0
0
0
0
0
0.39
0
0
0.28
0.03
0.02
0.02
0.01
0
0.48
0.01
0.92
0
0.01
0.01
0.01
0.11
0
0
0.04
0.57
0.19
0
0.07
0
0
0
0
0.04
1.28
0
0
0
0.3
0.01
0
0.17
0
0.03
0
0.2
2.11
0
0.02
0.02
0.01
0
0
0
0.16
0.3
0.1
0.02
0.04
0.01
0.98
0
0
0
0
0
0.76
0
0
0
2.85
9.18
1.84
1.81
8.69
5.69
0.91
2.37
0.4
0.07
0
0
0
0.05
0.37
0
0.04
0
0
0
0.01
0
0
0
0.05
0
0
0
0
0
0
0
0
0
0.18
0.03
0
0
0
0
0
0
0.34
0
28.93
5.63
0
0
0.42
0.12
0.02
0
0.11
0.13
2.43
0.03
0
0
0
0.02
0.49
0.27
0
0
0
0
0
0
0.07
0
0.01
0.06
1.12
0.96
3.4
5.57
4.33
17.09
7.49
10.53
7.64
2.95
2.32
4.27
7.23
7.2
2.09
3.23
2.93
3.5
0.29
2.04
1.43
4.02
2.57
2.51
3.66
6.86
0.88
0.3
7.63
3.78
1.88
0.58
11.46
18.08
8.22
0.72
0.34
3.48
0.49
0
0
3.95
8.64
0.89
0.19
0.07
0.34
0
4.96
4.21
5.22
1.36
0.05
0.1
0
0.14
0.32
0.52
0.38
0
0
0.11
0.2
0.01
0.01
0.01
0
0
0.02
0
0
0.2
0.52
0.09
3.3
3.83
1.81
0.71
4.23
0.79
0
0
0
0
0.03
0
0
0
0
0
0
0.05
0
0
0
0
0
0
0
0.05
0
0
0
0
0
0
0
0
0.09
0
0
0
0.1
0.14
3.78
0
0
1.08
0.15
0
0.01
0
0
0.27
0
0.01
0
0
0
3.81
2.46
0.64
0
0.11
0
0
0
0
2.75
0.91
0.05
1.95
9.35
4.68
1.58
4.48
0.96
0.26
0
0.01
0.62
0
0
0
0
0
0
0.59
0.02
0.2
0.8
0.65
4.12
2.41
0.05
0
0.66
0.56
1.38
0.21
0.01
0
0
0.06
0
0
0.11
0.15
0
3.84
0
0
0.11
0.87
0
0.48
1.06
0.59
0.17
0.06
0.51
0
0
0.59
0.68
0
0
0
0
0
0.01
0.06
2.75
0
0.23
0
0
0
0.43
0
0.91
3.46
2.35
0
0.02
0
0.01
0
0
0
0.2
0
0
0.21
0
0.11
0
0
0
0
0
0
0.01
0
0.02
0
0
0
0
0
0
0
0
0.18
0
0
0
0
0
0.04
0.42
0.73
0.62
0
0
0.32
8.08
1.3
0.02
0
0
2.19
0
0
0
0.01
0
0.84
1.55
1.52
0.16
0
0.45
0
0
0
0.38
0
0.61
25.32
2.47
0.91
0.23
0.25
0
0.01
0
0
0.01
0.01
0
0.01
0.12
0.63
0
0
0
0.76
26.05
10.27
0
0
0
0
0
0.01
16.12
2.09
0
0.39
0
0
0
0.02
0.12
3.99
0.14
0
0
2.75
0.3
1.61
1.46
0.72
0
0
0
3.2
0.15
0.01
0.14
0.01
0
0
0.67
1.72
2.01
1.79
11.04
0.72
1.93
8.95
18.79
7.14
2.26
0.02
0.23
3.71
3.55
0.2
0.32
4.08
0.65
0.43
0.01
0.15
0.17
0.11
7.97
15.86
5.19
0.87
0
0.09
0.19
0.3
0.03
0
0
0.29
0.36
0.19
3.87
0.32
4.75
9.54
1.56
0.06
0.16
0.11
0.08
0.05
0.04
0
0
0
0.01
0
0.58
9.89
1.87
0.38
0
0.01
0.01
0
0
0.02
0
0
0
0
0
0
0
0
2.55
0.21
0.95
0.42
0.4
0.14
0.27
0.01
0
0
0
0
0.44
3.53
0.17
0
0.25
0.25
1.23
0
0
0.03
0.1
0.21
0.05
0
0
0
0
0.04
0
0.05
0.36
0
0
0.34
0.05
0.25
4.84
8.27
0
0
0.56
0.89
1.32
0.45
1.45
0.71
0
0.12
0.07
0.14
0.06
8.32
3.28
7.47
1.11
0.03
0
0
0
0.1
0
0.36
2.27
15.09
2.44
0.67
0.91
0.25
4.91
7.86
7.02
2.73
1.32
0.77
0.47
2.45
3.41
0.81
0.09
3.24
4.91
0.17
0.07
0.05
0.07
0.09
0.21
0.02
0.45
5.66
1.16
0.01
0
0.12
0
0
0.16
2.15
3.66
0
0
0.01
0
0
0
0.05
2.56
0.52
10.53
19.58
1.43
1.59
0
0.08
0.05
0.01
0
0
0.21
1.39
0.27
0
0.08
0
0
0
0
0
0.05
0.49
0.02
0.07
1.09
0
0
0
0
0
0
0
0
0
0
0
0
0
0
0
0
0
0
0
0
0.65
0.84
2.92
4.65
0.48
0.34
0.14
0
0
0
0
0
0
0
0
0
0.93
4.83
0.11
0.01
0
0.02
0
0
0.02
0
0
0
0
0
0
0
0
0.65
1.34
0.38
0.21
0
0
0
0.03
0
0
0
0.01
0
0
0
0
0
0
0
2.76
0.09
0
0
0
0
0
0
0.19
0
0
0
0
0
0
0
0
0
0
0
0
0
0
0
0
0
0
0
0.38
0
0
0
0
0
0
0.02
0.04
0.46
0.32
0.76
0
0
0
0
0
15.03
18.38
16.32
1.87
0.04
0.01
0
0
0.83
0
0.01
0
0
0
0.08
0
0.27
1.67
23.7
0.81
0.06
0
0
0
0
14.52
1.24
2.99
0.12
0
0.03
0
0.01
0
0
0
20.23
22.91
6.29
4.22
1.23
1.16
0.96
0.01
0
0
0
0
0
0.52
0.84
0.21
9.51
5.91
0.21
0.67
0
0
0
0
0.15
2.42
4.4
0
0.02
0.01
0
0
0
0
0.16
4.93
0.89
2.85
0
0
2.32
1.39
0
0
0.01
0
0.76
0.35
0
0.19
0.69
21.4
3.55
4.63
4.77
0.38
0
0
0.01
0
0.16
0
0
0
0.1
0.43
4.86
1.27
0.23
0
0
0
0.02
0
0
0
0
0
0
0
0
0.01
0
0
0
0
0
0
0
0.01
0.52
2.26
1.89
0
0
0.14
0
0
0
0
0
0
0
0
0
0.16
0
0.02
0
0
0
0
0
0
0
0
0
0
0
0
0
0
0.06
0
0
0
1.54
0.19
0.02
0.02
0
0.07
9.81
3.52
0.38
0
0
0.2
3.46
2.61
0.43
0
0
0.03
2.64
0.43
0
0
0.17
0
0
0
0
0
0
0
0
0
0
0
0
0.01
0
0
0
0
0.53
0
0
0.45
0
0.02
0.13
7.84
3.33
2.66
8.95
6.52
5.05
0.77
1.07
1.01
0.51
0.03
0
0
0
0
0.02
0.01
0
0
0
0
0
0
0
0
0
0
0
0
0
0
0.41
11.2
4.59
0.39
0
0
3.82
0.36
0.01
0
0
0
0
0
0.05
0
0
0
0
0
2.7
0.97
0.43
3.65
0.3
0
0
0.75
4.2
19.27
15.34
2.61
0.37
1.64
0.32
0
0
0
0.02
1.55
1.22
0.32
0
3.61
10.82
4.31
18.46
4.39
0
0.04
0
0
1.79
18.58
1.58
0.16
0.03
0
0
0
0.01
0
0
0
0
0
0
0
0
0
0
0
0
0
0
0
0.48
0.21
0.02
0
0
0.04
0
0
0.04
0
0.13
0.05
0
0
13.12
8.15
0
1.15
9.01
0.08
0.02
1.12
0.98
3.27
0.63
0
0
0
0
0
0
0
0
0
0.09
8.12
0.04
0
0
0.02
0.21
0.64
0
0
0.02
0
0
0.02
0
0
0.01
0
0
0.01
0
0.02
0
0
0
0
0
0
0
0.02
0
0
0
0
0
0
0
0
15.48
6.21
2.54
0.92
0
0.01
0
0.01
0
0
1.4
0
0.3
4.56
3.34
5.08
8.66
6.43
0.4
0.1
3.06
13.03
3.02
9.21
15.2
0.15
0.11
0.33
0.05
0.05
0.27
0.31
2.55
0.55
7.88
8.91
1.58
0.11
0.01
0
0
0.16
0
0
0
0
0.01
0
0
0
0
2.16
0
0
0
0
0
0
0
0
0
0
0
0
0
0
0
0.65
0.88
0.34
12.16
1.33
7.57
1.37
0.2
0.11
0.06
0.01
0
0.02
0.81
4.63
4.71
0.46
0.11
0
0.26
0.1
0.34
1.94
0.8
1.04
0.35
0.07
0
0
0
0
0
0
0
0
0
0
0
0
0
0
0
0.11
0
0
0
0
0
0
0
0
0
0
0
0
0
0
0
0.02
0
0.26
0.3
0
0.05
0.09
0.7
0.01
0.33
0.05
0
0.41
2.71
2.39
0.37
0.14
0
0
0
0
0
0
0
0
0
0
0
0.06
1.7
0.42
0.1
0.58
0.65
0.43
0
0
0
0
0
0
1.39
0.94
0.17
2.74
3.59
0.16
0
0.77
0
0
0.15
0
0
2.96
2.89
0.63
0
0
0
0
0
0
0
0
0
0.01
0
0
0
0.01
0.01
0.01
2.16
2.22
0.25
2.13
0.59
0.68
0
0
0
0
1.24
0.02
1.84
13.42
8.77
5.28
7.09
1.9
2.98
0.9
5.25
0.55
0.23
0.49
0.05
0.45
0.57
0.17
7.1
6.89
2.27
1.15
7.91
0.48
0
0.06
9.91
5.18
0.66
0.05
0
0.22
8.79
16.78
14.07
5.39
2.12
0.15
0.04
0
0
0
0
1.42
0.25
10.78
3.85
3
5.36
11.04
1.16
0
0
0.01
0.04
0.02
0
0.61
0
0.19
0
0.02
1.59
0.01
0.02
0.05
0
0
0
0
0.08
4.69
0.35
0.55
0.31
0
0
0
0
0
0
0.01
0
0
0
0
0
0
0
0
0
0
0
0
0
0
0
0
0
0
0
0
0
0
0
1.29
0.87
1.46
0
0
0
0
0.03
0
0.01
0
0
0
0
0
0
0
0
0
0.52
3.22
0
0
0
0.01
0
0
0
0
0
0
0.87
0
2.11
1.71
6.35
0
0
0
0
0
0.39
0.36
0
0.03
0.21
0.01
0.41
11.17
5.25
1.98
0.03
0
0
0.04
0.2
7.99
0.8
2.07
1.38
0.49
5.07
8.62
4.44
2.92
4.75
8.95
5.88
14.4
3.93
2.55
1.81
2.77
4.41
2.71
0
0.09
0.12
0
0.06
0.13
0.16
0.67
8.38
17.32
0.29
0.11
1.3
7.13
1.7
2.41
9.13
4.42
4.3
4.18
1.05
0
0.02
0.02
0
0
0
0
0
0.14
0.04
0
0
0
0
0
0.13
0
0
0.21
0.21
4.04
0.37
5.8
0.46
0
0
0.01
0
0
0
0
0
0
0
0.01
0
1.08
0.11
0.02
0
0
0.11
0.1
0.1
0.21
0.01
0
0
0
1.59
0.09
0
0.31
0.38
0
0.52
2.28
0.2
6.31
10.21
1.05
5.38
8.06
2.2
0.41
0.57
0
0.11
0.04
0
0
0
0
0
0
0
0
0
0.05
0.07
0
0
0
0
0
0
2.9
8.08
0.96
0.9
0.12
2.35
0
0
0
0.02
0
0
0
0
0.95
0.44
0.26
2.03
0.64
0
1.23
0.41
0
0
1.79
4.66
3.26
0.17
0.17
0
0
0.02
0.01
0
0
0.01
0
0.03
0.13
0
0
0
0.06
0.11
0.09
0
0
0
0
0
0
0
0
0
0.04
0.09
0.14
0
0
0
0
0.05
0.16
0.11
0
0.25
0
0.02
0
0
0
0.04
5.72
2.57
0
0.91
7.11
1.36
0
0.94
3.23
2.91
0
0
0
0
0
0
0
0
0.01
0.12
0.14
0.45
1.55
0.98
0
0
0.05
0
3.07
0.7
5.56
5.03
2.85
0.13
2.03
0
0
0
1.59
0
0
0
0
0
0
0
0
0.89
0.01
0
0
0
0
0.16
0.91
0
0
0
0
0
0
0
0
0
0
0
0
0
0
0
0
0
0
0
0
0
0
0
0
0
0
0
0
0
0
0
0
0
0
0
0
0.04
0.03
0
0
0
0
0
0
0
0
0.01
0
0.01
0
1
0.34
0
0.02
0
0
0
0
0
0
0
0
0
0
0
0.06
0.21
0
0
0
0
0
0.34
0
0
0
0
0
0
0
0
0
0
0
0
0
0
0
0.16
0
0.01
0
0
0
0.01
0.05
0.63
0.73
0
0
0
0
0
0
0.29
0.5
7.3
0
0
0
0
5.05
1.84
2.98
8.72
1.79
0.39
1.53
9.84
0
0.71
0.06
7.21
0.96
0.24
0
0
12.16
7.9
2.13
0.73
3.08
2.23
2.93
0.14
7.27
0.2
0.27
3.65
0.87
10.29
0.65
0
0
0.32
0
0
14.18
11.49
1.53
5.16
3.42
5.99
3.28
0.51
1.11
7.98
0.74
0
0
0
0
0
0
0
0
0
0
0
0
0
0
0.06
0.05
0
0.12
0.07
0.14
0.02
0.89
0.24
2.86
0.1
0.6
0.26
0
0.02
0.05
0
0.01
0.02
0.03
0.79
0.22
0
0
0
0
0
0
0
0
0
0.24
0
6.54
3.48
0.29
0.28
0
0.05
0
0
0
0.01
0
0
0
0
0
0.01
0
3.77
2.69
0.2
1.73
0.02
0
0
0.17
0.11
0
0
0.05
0.67
0.09
0
0
0
0
0
0
0
0
0.5
0.73
0.03
0
17.21
4.71
0
0
0
2.87
0.11
0
0
0
0
0
0
1.13
0.19
0
0.04
0.01
0
1.36
0.57
0
0
0.01
0
0
0.86
0
0
0
0
0
0
0
0
0
0
0
0
0
0
0
0
0
0
0
0
0
0
0
0
0
0
0
0
0
0
0
0
0
0
0
0
0.05
0
0
0
0.07
2.95
5.26
1.62
3.21
0.65
0.04
3.49
2.36
0.03
0
0
7.95
0.52
0.53
0
0.21
2.31
11.35
5.24
3.98
6.55
0.61
0
0.09
0
0
0.02
1.58
0
0
0
0
0
0
0.01
0
0
0
0.01
0
0
0
0.02
0.01
0
3.82
1.39
2.62
5.65
7.27
4.2
0.03
0.01
0.04
0
0
0.03
0.01
0
0
0.14
0.05
0
0.06
25.53
13.02
1.02
1.99
8.62
1.36
1.03
0
0
0
0
0
0.01
0
0.02
0.14
0
0.03
0
0
0
0
0.01
0
0
0
0
0
0
0
0
0
0
0
0
0
0.02
0.01
0
0
0
0
0
0
0
0.77
18.56
4.42
0.53
0
0
0
0.07
0
0
0
0
5.74
5.35
0
8.16
0
0
0
0
0
0.01
0
0
0.03
2.88
0
0.38
0.31
0
0
0
0
0
0
0.32
0
0
0
0
0
5.46
2.15
0.04
0
0.02
0
0
0
0
0
0
0
0
0
0
0
0.07
0
0
0
0
0.01
0.01
0.08
0.13
0.05
2.94
0.24
0
0.11
0
0.2
0
0
0
0.07
1.44
0.09
0
0.02
0
0
0
0.01
0
0
0
0
0
0
0
0
0.43
12.61
23
4.71
0.41
1.1
2.7
14.47
5.91
1.21
0.48
0.02
0.11
0
0.04
0.03
7.03
0.33
1.67
0.04
0.04
2.53
0.06
0.02
0.65
7.13
0
1.27
3.97
1.61
0.72
0
0
0
0
0.19
13.13
1.23
0.2
0.65
0.47
0.28
0.34
8.13
2.01
1.72
5.02
2.47
8.31
2.34
11.2
12.28
17.4
3.77
0.38
0.38
9.53
6.75
8.73
1.2
7.22
5.02
1.66
9.73
0.96
0
0.23
0.34
0.34
0.23
0.13
2.53
1.26
6.78
4.78
17.59
3.98
0.8
1.52
1.28
6.91
1.66
0.18
5.38
10.58
2.52
1.09
1.31
4.82
1.79
0.14
0.25
0.23
0.34
0.21
0
1.4
0.74
0
0.04
0
0.02
1.23
0.19
0.07
0
0
0
0.7
8.49
0.38
0.47
0
0.02
0
0
0
0
0
0
0
0.01
0
0
0.02
4.46
2.43
0.63
0.04
0.27
0.27
2.79
0.18
0
0
0.21
0.01
0
1.84
0.05
0
10.59
9.12
6.54
6.74
0.65
0
0
0.45
2.55
1.63
0.98
0
0
0
0
0
0
0
0
0
0
0
0
0.49
8.13
0.38
0
0
0
0.04
0.37
1.34
0.59
0.79
3.5
0.08
0
1.48
20.13
4.7
0.18
4.68
20.2
16.08
0.51
0
0
0.27
1.09
7.26
6.43
5.34
1.21
0
0
0
0
0
0
0
0.01
0
0.08
4.07
0.05
0
0
0
0
0
0
0
0
2.46
0.05
0
0
0
0.07
0
2.61
0.06
0.72
0.05
0
0
0
0
0
0
0
0
0
0
0
0
0
0
0
0
0
0
0
0
0
0
0
0.35
0.03
0.02
0
0
0.06
0
0
0
0.22
1.71
0.03
0.99
0.07
0
0.02
0
0
0
0
0
0.17
0
0
1.12
0
0
0
0
0.09
5.3
0
13.18
0.47
0
0
0
0
0
0
0
0
0
0
0.01
0.37
1.73
0
0
0
0.01
0
0
0
0
0
1.03
0
0.76
3.22
0.32
0
0.07
0.07
0
0.75
1.21
3.52
12.74
1.86
0
0.01
0
0
0
0
0
0
0.01
0
0
0
0
0.01
0
0
0
0
0
0
0
11.07
0.98
0.73
0
0.38
0.45
0
0
0
0
0
0.01
0
0
0
0
0
0
0
0
0
0
2.17
0.46
0.13
0
0.51
0
16.68
26.17
8.73
8.73
1.52
0.42
6.64
3.57
0.84
2.63
0.35
0.25
0.62
0.68
0.1
0
0.02
0
0
0
0
0
0
0
17.21
7.04
4.18
0.78
0.82
0.21
1.95
14.62
13.14
12.3
1.46
0
1.46
3.71
7.43
6.38
11.88
9.52
3.69
7.15
6.72
2.42
0.22
0.82
0.99
10.68
3.85
14.84
1.5
8.06
4.45
2.34
12.17
5.09
13.57
15.66
2.08
0.8
0.17
0.25
0.42
0.52
2.49
8.09
3.03
10.32
20.45
11.2
3.93
6.23
0.83
0.7
0.77
0.27
0.28
0
0
0
0
0
3.01
1.08
0.23
0
0
0
0
0
0.01
0
0
0.04
0.14
0
0
0
0
0
0
0
1.59
0.52
0.01
0
0
0
0
0.01
0.02
0.05
0
0
0
0
0
0
0
0
0
0
0
0
0
0
0
0
0
0
0
0
0
0
0
0
0
0
0
0
0
0.25
0.03
0
0
0
0.7
0.01
0
0
0
0
0
0
0
1.59
6.26
7.23
9
6.32
0.73
0.01
0
0.01
0
0
0
0.01
0
0
0
0
0.1
0.78
1.95
1.09
2.13
0
0.02
0
0.21
0.58
3.77
3.63
5.76
7.5
2.67
0
0.02
0.03
0.23
0.18
4.63
6.66
2.77
0.7
0.05
0.01
0.04
9.68
7.73
2.02
0.38
8.16
14.75
1.53
0
0
0
0
0
0
0
0
0
0
0
3.18
0.45
0.04
0
0
0
0
0
0.01
0
0
0.9
0.31
0.01
12.2
11.96
0.21
0
0
0
0
0.19
1.27
0.05
0.01
0
0
0.57
0
0.36
0
0
0
0
0.24
1.88
8.05
2.07
0.2
0
2.5
0
0.03
0
0
0
0
3.36
0.3
0.61
0
1.33
7.84
0.23
6.11
0.17
0
0
0
0
0.04
0.01
0.04
0
0
0.01
0.07
1.61
0
9.48
0.22
0.3
0.1
0
0
0
0
0
0
0
0
0
0
0.16
0
0
0
0
0
2.02
3.04
1.69
0
0
0.33
0.28
0
0.01
0.51
3.73
2.76
2.46
0.3
1.04
0
1.21
0
0
0.43
0
1.16
1.61
0
0.01
0
0
0
0
0
0
0
0
0
0
0
1.98
2.3
2.42
1.27
0.38
0.43
1.07
3.16
5.16
0.01
0
0
0.06
9.7
6.16
5.98
20.42
9.62
6.02
5.05
3.65
7.95
11.18
1.81
13.64
0.34
0
0.15
0.75
8.8
1.49
1.51
19.53
5.94
0.55
1.35
9.47
2.69
0.3
2.05
0.05
0
0
0
0
19.03
0
0
0
1.34
0.37
0.44
2.67
4.33
0.01
0.02
6.52
8.31
18.5
5.96
1.65
0.71
3.52
6.36
1.14
0.25
1.96
1
0.26
0.93
3
2.09
7.48
0
0.2
0.23
0.38
0.02
0.21
0
0
0
0
0.35
2.66
1.38
0
0
0
0
0.17
0
0.07
0
0
0
0
1.17
4.54
0.91
0.66
3.45
0.78
1.99
2
17.15
4.14
6.3
0.08
0.12
0
0.87
3.09
0.14
0
0
0
0
0
0
0
0
0
0.18
4.87
0.2
0
0
0
0
0
0
0
0
0.05
0
0
0
0
0
0
0
0
0
0.02
0
0
0
0
0
0
0.05
0.02
0.04
1.73
0.17
0.02
0
0.02
0
7.65
0.46
5.33
0
0.17
1.29
0.68
3.15
1.04
0.73
0
4.04
3.14
2.09
0.04
0.16
8.85
2.64
8.06
0.53
0
0
0.12
0.13
3.82
0
0
0
2.3
0
12.84
6.61
4.14
0.8
4.06
0.95
0.29
0.06
0.01
0
0
0
7.78
13.17
2.41
4.74
11.95
9.1
0.09
0.26
0.19
8.25
4.04
1.53
2.66
3.79
7.38
0
3.04
12.21
1.02
10.07
2.32
1.39
0.65
0.04
0.3
0.15
8.79
0
0
0
0
0
0
0
0
0
0.04
0
0
0
0
0
0
0
0
0
0
0
0
0
0
6.06
4.59
0.05
0
0
0
0
0
0
0
0
0
0
0.07
0
0
0
0
0
0
0
0
0
0
0
0
0
0
0
0
0
0
1.45
0.28
0
0
0
0.01
0
0
0
0.01
0
0.18
0
0
5.63
3.77
0.02
0.11
8.75
0.9
0
0
0
0.01
0
0
1.11
0
0
0
0
0
0
0
0
0
0
0
0
0
0
0
0
0
0
0
0
0
0.02
0.38
0.09
2.55
13.4
2.27
1.65
6.71
4.9
1.49
9.91
0.36
0.55
0
0
1.58
7.03
7.52
2.09
0.01
0.59
0.96
0.24
0
0
0
0
0
0
0.01
0.04
0
0
0
0
0
0
0.23
0
0
0
0
0
0
0.13
0.32
4.77
11.31
0.43
0.41
0
0
0
0.12
0.01
0
0
0
0
0
0
0
0
0
0
0
0
0
0.15
0
0
0
0
0
0
0.07
0
0.16
0.05
0.03
0
0.33
0
0.16
0
0.04
0.07
0.25
0
0
0.03
0.01
0.01
0.88
0
0.01
0
0
0
0
0.09
0.53
6.48
9.73
3.64
0.57
0.01
0
0
0
0
0
0.43
2.48
0
0
0.01
0
0
0
2.85
1.7
0
0
0.13
0.53
3.54
0.55
0
0
0
0
0
0
0
0
0
0
0
0
0
0
0
0.48
6.04
0.76
0
0
0
0
0
0
0
0
0
0
0
0
0
10.6
3.73
0.21
0.4
0.47
0.14
0.15
1.29
0.25
0
0
0
0
0.02
0
13.65
5.82
0.55
0.74
4
0.14
0.08
0
0
0
0
0
0.02
6.54
6.35
1.73
1.32
0.03
0
0.01
0
0.13
0
0
0
0
0.01
0.01
0.01
0
0
0.01
0.18
0
0.77
0.67
7.55
1.4
0.03
0
0.91
0.32
0
0
0
0.91
6.55
22.49
10.41
3.43
1.65
5.08
3.49
3.23
0.27
0.49
3.54
4.08
0.08
0.02
0
0
0
0
0.03
0
0.58
3.47
8.13
2.26
0.42
0
0
0
0.01
0
0
0
0
0
0
2.63
10.93
0
0
0
0
0
0
6.51
5.48
0.21
0.13
0
18.88
0.35
0
0.86
0
0
0
0
0
0.57
0
0
0
0.01
0
0
0
0.01
0
0
0
0.07
0
0
0
0
0
0
0.32
1.6
0.41
0
0
0.04
0
0
0.01
0.01
0
0
0
0
0.07
6.57
4.04
0.59
0
0.07
0
0
0
0
0
0
0.02
1.86
0
0
0
0
0.03
0
0
0
0
0
0.12
0
0.03
0
0
0.04
0.3
0.91
0.06
0.02
0
0
0
0
5.51
0
0
2.36
1.59
0.34
0.66
0.56
0
0
0
0
2.81
0
0
0.08
0
7.76
25.98
1.72
0.02
0
0
0.58
4.36
0.51
0
0
0
0
0.13
0
0
0
0.77
8.42
5.27
0
0
0.2
3.94
12.08
1.72
0.01
0
0.3
14.25
3.37
9.66
14.86
6.66
12.51
17.26
8.67
3.81
14.95
6.89
0.09
0.93
0.14
0
0.08
0.1
0
0
0
0
0
0.02
0
0.91
19.55
9.52
2.29
2.21
1.86
0
0.07
0
0
1.48
0.27
0.04
0
0
0
0
0
0
0.18
0
0
0
0
0.95
0.04
0.13
0
0.38
5.3
0.31
0
0
0.71
4.19
1.66
0.38
0.16
0.02
0.15
0.02
0.09
0
0.02
0.1
0
0
0.56
5.2
10.4
1.09
0.2
0
0
0
0
0
0
0
0.02
2.05
0.54
0.02
0
2.95
8.59
0.46
0.38
0.27
0
0
0
0
0
0
0
0
0
0
0
0
0
0.14
1.25
0.33
0
0
0
0
0
0
0.01
0
0
0
0
0
0
0
0
0
0
0
0
0
0
0
0
0
0
0
0
0
0
0
0
0
0
0
0
0
0
0
0
0
0
0
0
0
0
0
9.68
2.54
4.53
2.59
0.45
0.3
0
0.19
0.02
0
2.91
2.31
0.98
7.02
3.74
1.55
0.43
0
3.54
5.98
4.04
4.96
0.68
0.2
2.44
6.72
17.66
8.6
0.01
4.3
0.9
0
0
8.57
0.25
0.02
0.82
2.11
6.62
0.47
0.1
0.32
0.72
0.13
1.18
4.28
1.29
5.5
12.74
3.5
1.11
1.29
0.86
0.05
0
0.03
0.02
1.97
10.47
0
0.1
0.74
4.54
1.13
1.93
0.99
0.05
2.15
0.03
0
0
0.08
0.05
2.06
0.22
2.16
18.02
0.03
0
0
0
0
0
0
0
0
0
0
0
0
0
0
0
0
0
0
0
0
0.51
0.13
0
0
0
0
0
0
0
0
0.02
0
0
0
0.24
0
0
0
0.04
0
0
5.86
0.73
0
0
0
0
0
0.02
0.11
0
0
0
0
0
0
0.04
0
0
0
0
0.01
0
0
0
0
1.55
0
0.01
0
0
0
0
0
0
0
0
0
0
0
0.01
0
0
0
2.34
0.01
0
0
0
0
0
0
0
0
0
0
0
0
0
0
0
0
0
0.04
0.66
7.62
0.84
0
0.02
0.01
0
0
2.26
0.19
2.62
0.69
0
0.06
0
0
0
0
0
0
0
0
1.11
5.55
0.28
0.03
0
0.63
0
0
0
0
2.28
1.25
0.22
0.43
0.34
0.33
0.73
0
0
0
7.02
0.94
0.94
14.49
0.1
2.34
16.04
3.29
0.16
0.38
0
0
0
3.53
2.1
0.03
0
0.42
0.04
0
0
0
1.37
13.32
4.13
6.98
0.32
1.1
0.09
0.42
7.9
0.75
9.16
1.37
0.11
0
7.8
13.91
2.04
1.2
0
0
0
0
0.02
4.48
0.12
0
0.18
0
0.04
0.05
1.19
8.93
7.88
6.45
4.82
9.92
2.09
7.64
16.87
2.39
0
4.46
0.51
2.46
1.67
5.07
1.1
0.05
0.41
2.68
3.02
7.21
0.93
0.84
0.75
0.75
3.44
3.31
10.34
0.42
0
0
0.32
2.21
4.27
1.96
18.55
3.79
1.22
0.16
0
0
0
0.01
0
0.21
1.16
0.38
0.9
5.73
0.66
0.11
0.02
0
0
0
0.54
0.1
0.11
0.32
0.15
0
0
0
5
1.29
0.73
0.37
0
0
16.46
11.21
5.13
9.67
2.03
1.03
11.28
1.48
0
0.79
0.06
0.18
0.07
0
0.01
3.48
0.14
0
0.15
0.09
0
0
0.11
0.84
1.02
5.38
0.78
0.02
0.19
0.4
0
0
0.03
0
0
0
0
0
0
0.08
0
0.11
0
0
0
0
1.63
28.31
2.89
0.14
0
0
0
0.02
0.05
0.01
0.1
1.69
0.02
1.13
0.14
3.02
2.46
0.14
1.39
0.22
0.06
0.08
0.33
5.89
1.86
0.01
0
0
0.33
0.95
0.01
0.33
19.64
10.68
7.25
6.48
2.15
0
0.17
0
0
0
0
0
0
0
0
0.01
0
0.01
0
0
0.02
0.52
8.2
1.78
0.03
0
0
0
0
0
0
0
0
0
0
0
0
0
0
0
0
0
0
0
0
0
0.14
0.01
0.45
0.36
0
0.73
0.42
0
0
0.32
0
0.02
0
0
0
0
0
0
0
0
0
0
0
0.01
0
0.21
0
0
0
0.01
0
0
0
0
0
0
0
0
0.02
0
0
3.88
0.83
0.42
0.41
0
0
0
0
0
0
0
0
0
0.12
0
0
0
0
0
0
0.1
4.09
0.99
0
7.56
0.08
0
0
0
0
0
0
0
0
0
0
0.01
1.09
2.02
20.46
9.79
4.27
0.73
0
0
0.04
11.04
0
0.01
0
0
0.01
0
0
8.12
0.43
3.51
0
0
0
14.3
2.57
0
0.09
3.07
6.09
19
15.4
4.66
0.49
1.82
0.54
0
0
0.01
0
0
0
0
0
0
0.01
0
0
0.18
0.4
0
0.01
0.14
0
0
0.01
0.2
0.21
3.27
0.02
0
0
0
0
0.02
0
0
0
0.01
0.04
0
0.01
0
0.03
0
0
0
0
0
0
0
0
0
0
0
0
0
0
0
0
0
0
0
0
0
2.75
9.04
1.02
0
0.03
0
0
0
4.03
2.88
2.64
7.81
11.81
0.46
0
0
0.03
0
0.44
0
0.01
0.96
3
0.07
0.66
0
1.29
0
0
0.03
1.87
1.19
6.84
0.25
0.23
0
0
0
0
0
0
0.01
0
0.57
0.2
5.18
0.17
0.21
0
0.01
0
0
0
0.02
0
0
0
0
0
0
0
0
0
0
0
0
0
0.2
1.3
1.9
0
22.55
4.34
0.38
0
0.08
0.01
0
0
0
0.34
5.88
6.84
11.29
6.83
0.83
0.35
0.02
0
0
0.01
0
0
0
0
0.17
1.82
0.23
0
0
0.13
2.47
1.32
0
6.23
8.82
4.38
0.38
0.32
16.4
8.52
5.82
0
0.04
0
0
0
0.04
0
0
0
0
0
0
0
0
0
0
0
0
0.12
0.59
0.5
1.21
5.08
4.22
19.25
20.03
1.61
2.09
1.71
0
0.02
0
0
0
0
0
0
0
0.22
1.1
0
0
0
0
0
0
0
0
0.25
0
0
6.53
7.88
3.12
6.9
1.34
0
0
0.2
0
0
0
0
0
0
0
0
0.01
0
0
0
0
0
0.01
0.02
0.01
0
0.01
1.86
0.08
0
0
0
0
0
0
0
0
0
0
0
0
0
0
0
0
0.01
0
0
0
0
0.06
0
0
0
0
0
0.03
3.32
0
0.01
0
0
0
0
0
0
0
0
2.41
0.07
0
0.13
0.77
0.63
0.06
0
1.82
0.03
0.02
0.45
0.59
0.92
9.29
0
7.71
0
0.03
0
0.17
0
2.25
4.23
0
0
0
0
0.01
0
0
0.09
0
0
0
0.13
1.92
2.23
5.31
2.77
0.18
8.59
1.88
2.24
4.45
0
0
0
0
0
0.01
0
2.84
0.29
0
0.01
0
0.01
0.15
10.54
15.85
10.76
0.46
0.02
0
0
0.1
0
0.11
0.05
0
7.82
8.02
2.56
0.29
0
0
0.03
0
0
0.65
2.24
0.03
0
0.02
0.02
0
0
0
0
0
0
0
0
0
7.89
4.78
3.09
8.83
1.26
0.92
8.61
2.34
2.26
5.02
2.46
3.72
0.38
0.05
2.99
2.16
4.32
0
2.84
0
0
0.14
0.12
0.33
0
0
8.78
5.38
2.59
0.34
4.14
2.43
0
3.31
4.46
3.85
6.65
0.49
0
0.46
0.09
1.71
0.77
2.43
2.21
0.02
0.13
2.22
0.63
1.13
2.98
0.61
0.54
9.95
1.06
12.7
3.52
5.67
0
0
0
0
0.11
0
0.42
0
3.25
1.5
4.23
0.77
7.28
0.47
0
0.23
0
0
0
0
0.89
1.59
0.12
0
0
0
0.02
0
0
0.02
0
0.05
0.16
0
0.05
0
0
0.01
0
8.02
10.46
3.07
0
3.51
0
2.35
26.84
10.38
2.23
0.09
0
0.13
0
0.65
1.61
0.15
0
0.02
0
0
0
0
0
0.13
0.25
0.01
0
0.01
0
0
0.01
0
0
0
0.02
3.01
16.52
4.53
8.78
14.07
1.87
0
0
0
0
0
0
0
0
0
1.65
1.25
1.81
10.35
9.65
1.55
0.08
0.04
2.34
11.8
0.32
0
0.91
0
0
0
0.25
0
0
0
0.15
0
0
0
0
1.27
17.44
4.95
3.45
0
0
0.3
0
0
0
1.64
11
0.2
0
0
0
0
0
0
0.15
0
0
0
0
0
0
12.02
6.8
0.37
0
3.72
0
0.16
0.5
0.06
0
0
0
0
0
0
2.89
0.21
0.63
0.11
0
0
0
0
2.5
0
0
0
0
0
0
0.02
0
0
0
0
0
0
0
0
0
0
0
3.29
0
0
0
0
0
0
0.09
0
0
0
0
0
0
0
0
0
0
0
0
0
0
0
0
1.16
0
0
0
0.01
0
0
0
0
0.01
0.15
0.01
0.32
0.13
0
0
1.89
4.34
0.25
0
0
0
0
0.02
0.01
0
0
0.03
0.05
0
5.43
0.24
3.27
0
0
0
0
0
0
0
0
0
0
0
0
0
0
0.35
0.77
0
0
0
0.15
0
0
3.87
12.4
8
5.81
0.9
0
0
0
0
0
0
0
2.95
9.59
10.13
2.69
0
14.48
3.13
17.95
14.19
0.69
1.73
0
0
0.86
11.32
10.72
2.43
9.22
0.45
8.82
14.59
0
0
0
0
0
0
0
5.56
1.52
1.23
0
0
0
0
8.9
6.94
0.2
0
0
0
0
5.88
4.43
0
0
3.48
1.7
0
0.02
4
0.51
0.34
0.27
0.49
1.87
3.77
1.49
0.88
5.41
0.83
0
0
0
0
0.02
0.09
0.82
1.3
0
0.09
0.08
0
0
0
0
0.01
1.81
0.43
0.28
0.83
0
0.01
0.02
0
0
0
0
0
0
0.01
0
0
0.08
0.1
0.13
0
0
0
0
0
0
0
0.1
0
0
0.11
1.82
0.87
0.02
0.09
4.13
3.79
0.64
0
0
0
0.21
0.36
0.22
0.08
0
0
0
0
0
0
0
0
0
0
0.06
4.09
6.26
4.31
5.16
22.81
8.8
1.39
0.32
0
0.58
0
0
0
0.14
0.86
0.66
0
0
1.88
0.04
0
10.06
5.06
0.01
0
0.03
0
0.04
0
0
0
0
0.94
0.55
0.05
6.17
6.43
9.55
8.67
11.9
2.02
8.14
1.37
0.21
0
0.13
0.18
0
1
0
0
0
0
0
0
18.48
13.63
1.82
2.7
0.02
0.08
0.22
0.99
0
0
0
0.01
2.58
24.45
6.97
3.01
7.39
21.32
6.15
1.36
9.15
3.1
0
0.09
4.91
6.36
4.89
0.35
0.02
0.02
0
0.03
1.23
0.04
0
0
0.23
3.53
3.79
6.04
6.05
3.91
0.33
0.12
0
0
0.43
0
0
0
0
0
33.26
6.23
0
0.28
0
0
4.14
0.15
0
0
0
0.01
0.04
1.02
0.01
0
0
0
0.01
0
0.01
0
0
0.03
0
0
0
0
0
0.37
10.25
0.89
0
0
0.01
0
0
0
0
0.68
1.17
0.34
0
0.01
0
0
0
0
0.75
0
0
0.02
2.55
0
0
0
2.92
0.53
0.01
1.36
0
0
0
2.67
4.49
0.34
0
0
0
0
0
0
0.99
0.2
1.14
0
0
0
0
0
0
0
0
0
0
0
0
0.61
17.46
9.13
0.79
3.21
1.66
0
0
0
0
0
0
0.01
0
0.04
0.02
0
0
0.02
0
0
0
0
0
0
0
0
0
0
0
0
0
0
0
0.01
0
0
0
0.01
0.13
0.11
0
0
0
0
0
0.27
5.03
2.74
4.12
4.98
0.3
0
0.75
16.65
2.36
23.81
7.03
3.87
1.9
2.58
1.39
0.88
1.97
19.93
2.05
0
0
0
0.02
0
0.06
0
0
0
0.01
0
0.23
0
0
0
0.16
0
0
0
0
0
0.02
2.23
1.8
0.07
12.66
0.82
3.51
0.18
0
0
0
0.08
0.14
0
0
0.13
0
0.06
0.39
0.14
0
0.01
0
0
0
0
0
0
0
0
0.01
0.1
0
0
0
0.17
0
0
0
0
0
0
0
0
0
0
0
0
0
0
0
0
0
0
0
0
0
0.06
0.05
1.54
0.21
0
0
0
0
0
0
0
0
0.11
0.59
3.3
0.79
0.84
0.02
0.03
0
0
0.04
0
0
0
0
0
0
0
0.85
11.2
13.26
0.92
0
0
0
0
0
0.73
0
0
0.01
0
0
0
0
0
0
0.01
0.17
2.16
0.12
0
0
0
0
0
0.89
0.71
4.28
0.15
0.71
1.6
0.73
1.57
0.26
0
0
0.59
12.76
9.73
1.77
0.36
0.05
0
0.3
0
0
0
0
0.11
0
0
0.01
0
0
0
0.09
0
0
0.02
0.08
0
0
0
0
0
0
0
0.02
0
0
0
0
0
0
1.45
0.22
0.05
1
9.73
0.89
0
2.09
0.71
0
0
0
0
0
0
0
0
0
0
0
0.85
0.96
3.3
0.2
0
0
0
0
0
0
0
0
1.65
0
1.66
0
0
0
0.03
0
0
0
4.83
0.28
1.22
5.33
1.46
0
1.27
3.6
0.21
0.02
0
0
0
0
0
0
0
0.63
0
0.22
0
0
0
0
0
0
0
0
0
0
0
0
0
0
0
0
0
0
0
0
0
0.02
0.04
0.01
0
0
0
0
0
0
0.05
1.48
0
0
0
0
0.23
2.29
0
0
0
0
0
0
0
0
0
0
0
0
0
0
0
0.01
0
0
0.01
0
12.07
6.55
1.23
0.19
0.02
0
0
0.34
0
0
1.43
0.21
0.02
0
0
0
0
0.1
0
0
0
0
0
0
0
0
0
0
0.02
0.01
0
0
0
0.1
1.02
1.56
4.7
2.23
0.55
1.66
0.05
7.42
3.6
0.09
1.28
0.92
14.07
1.89
0.39
0
0
0.57
18.18
1.24
2.91
2.14
0
0
0.04
0.28
0
0
0.02
0.51
0.39
0
0.17
13.89
9.23
17.51
4.24
0
0
0
0
0
0
0.02
0
0
0.98
0
0.53
0.45
0
0.02
3.56
11.28
0.53
0.46
0.12
0.05
0
0.01
0
0
0
0
0
0
0
0
0
0.02
0.02
0.09
0
0
0.55
0
0.3
7.06
2.05
0.03
0.56
0
0.42
0.09
0.04
0
0.17
0.5
7.15
3.86
0.72
6.56
0.16
0
0.11
0
1.29
3.49
7.36
0.46
0.36
0.08
0
0.01
0
0.01
0
0
0.06
0.03
0.09
0.29
0.01
0
0
0
0
0
0
0
0
0
0
0
0.01
0.03
0
0
0
0.04
0.27
4.31
2.98
1.52
3.05
1.88
5.43
1.79
12.23
4.89
0.13
0.28
0
0.03
0.71
8.43
0.42
0
0
0
0.23
0
0
0.01
0
0
0
0
1.18
7.36
3.59
3.13
0.6
1.5
2.92
0.23
0.01
0
0.09
0
0.22
0
0
0
0
0.01
0.03
6.07
4.54
1.44
0.88
0
0
0
0
0
6.32
3.7
1.59
4.13
0
0.16
0.16
4.04
2.87
0.7
0
0
0
0
0
0
0
0
0.24
4.17
4.25
2.66
0.7
0.05
0
0
0
1.27
1.12
0
0.7
0
0
0
0
0
0
0
0
0
0
0
0
0
0.16
0.97
0
0.04
0
0
0
0.02
0.01
0
0
1.08
9.08
3.49
0
0.03
0.02
2.29
11.13
3.69
0.96
2.29
5.77
2.23
0.1
0
0.41
6.12
0.11
0
0.6
0
0
0
0
0
0
0
0
0.01
0
0
0
0
0.07
0
2.17
1.5
1.23
0.07
1.22
6.58
3.69
0.23
0
0
0
0
0
0
0
0
0
0
0
0
0
0
0
0
0
0
0
0
0
0
0
0
0
0
0
0.39
0.02
0
0
0
0
0.01
0.23
0
0
0
0
0
0
0
0
0
0
0
1.88
0.04
0
0.23
1.63
0
0.02
5.24
9.33
10.13
0.38
0
0.01
0
0.01
0
25.51
5.3
0.01
0.96
0
0
0
0
0
0
0.04
0.71
0.39
0
0
0
0
0.01
0
0.02
0.38
0
0
0
0
0.15
14.11
10.33
9.37
25.84
0.91
3.7
11.83
0.11
3.43
1.42
0.04
0
0
0
0
0
8.51
14.83
3.44
1.74
1.89
7.07
0.81
0
0
0
0
0
0.2
5.02
12.16
0.25
0
0.01
0
0
0
1.02
3.12
5.77
0.09
0.03
0.16
0.15
0
0
0
0.27
0.6
12.83
2.25
9.27
1.76
0
0
0
0
0
0
0
0
0
0
0
0
0
0.08
0
0
0
0
0
0
0.01
0
0
0.03
0.45
0.03
0
0.01
0
0.02
0.03
0
0.13
0.4
0
0.06
0
0.47
0
0.01
0.01
0.07
0
0.28
4.34
0.31
2.35
2.81
2.2
0
0
2.55
1
0.03
0
1.91
2.06
2.3
3.04
0.14
3.05
19.5
2.98
1.14
2.34
0.9
0
1.94
0
1.73
0
0
0.09
4.83
0.7
0.12
0.43
0.64
1.55
0.23
0.02
0.04
0
0
0
0
0
7.41
5.74
0.18
0
0
0
0
0
0.02
0
0.37
0.06
0
0.03
0
0.1
0
0
0.1
0.15
4.3
4.73
1.45
0
0.94
4.08
9.55
1.06
1.46
1.91
1.55
8.14
7.64
1.95
0.38
1.21
1.98
11.95
3.5
2.5
0.94
0.87
2.35
0.24
0
0.05
0
0.36
0.03
0
10.55
15.23
13.46
7.71
0.48
3.49
0.76
5.12
3.98
0.39
0.24
0.01
0
0.01
0
0
0
0.19
0.09
0.07
0
0.01
0
0
11.2
9.99
2
9.91
3.59
2.61
5.16
1.99
0.05
0
0
0.01
0
0
0
0
0.2
0
0.06
0.01
0.05
1.17
0.35
0
0.01
0.26
6.1
7.63
11.36
2.57
0.23
0
0
0
0
0.02
0.03
0.02
0
0
0
0
0
0
0
0
0
0
0
0.54
0
0
0
0
0
0
0
0
0
0
0
0
0
0
0
0
0
0
0
0
0
0
0
0
0
0
0
0.73
5.74
0
0
0
0
0
0
3.46
0.01
0
0
0
0
0.01
0
0
0
0
0.06
0.38
0.63
0.08
0.01
0
0
0
0
0
0
0
0
0
0.38
0
0.02
0
1.88
0.01
2.23
2.75
8.14
0.51
0.16
0.59
0
0
3.15
5.23
2.79
1.04
0.24
0
0.03
0.02
0
0.43
0.14
0.25
8.2
1.87
4.32
0.55
0
0
0.01
0
0
0
0.03
0
0
0
0.63
0
0
0
0
0
0.33
2.91
0
0
0.15
0
0
0
0
0
0
0
0
0
0
0
0
0
0
0
0
0
0
0
0
0
0
0
6.26
8.8
0.27
3.32
0
0.08
0
0
0
0
0
0
0.38
0
0
0
0
0
0
0
0.02
0.36
0
0
0
0
0
0
1.73
1.23
0.42
0.38
0.54
2.45
0.04
0.06
0
0
0
0
0
0
0
0
5.8
3.75
0.74
0.49
0.47
0.47
0
0.16
0.56
7.03
0.1
2.98
0.59
2.83
1.29
0
0
0
0
0
0
0
0
0
0
0
0
0
0
0.01
0.84
0.62
5.8
0
0
0
0
0
0
0.01
0
0
0
0.1
0
0
2.59
2.41
14.57
0.71
0.84
0.21
0.56
4.45
0.55
0
3.17
3.91
0.03
0.02
0
0
0
0
0
0
0
0
0
0.07
0
0
0
0
0
0.61
0
0.03
0.25
0.52
10.33
0
0.16
0.03
0.96
0
0
0.02
2.9
0
0.02
0
0
0.01
0
0.03
8.09
11.73
4.11
5.7
6.36
0.01
0.57
0
0.41
8.11
13.85
7.02
14.88
3.99
0
0
0
0
0.13
0.13
0.23
0.02
0
0.01
0
0
0
0.13
0
0.02
1.77
6.42
12.67
15.15
0.29
7.82
8.33
1.66
4.17
3.13
3.17
1.93
0.58
0
4.79
0.41
8.48
1.79
1.88
0.51
1.26
3.39
0.02
2.37
12.97
4.45
5.08
0.2
0.1
1.43
0
0
10.23
17.22
4.59
1.72
0
0
0.03
0.12
4.91
0.18
0
0
0
0
0.03
7.16
1.98
0.11
0.3
0
0
0.02
0.01
0
0
0
0
0
0
0
0
0
0
0
1.25
0
5.07
1.02
1.2
0
0
0.02
0.07
0.01
0
0.02
0
0
0
0
0
0
0
0
0
0
0
0
0.01
0.02
0
0
0
0
0
0
0
0
0
0
0
0
0
0
0
0.22
0.16
0
0
1.65
0.1
0
0
0
0
0.03
0
0
0
0.35
1.91
0
0.17
0.13
9.13
0.31
0.01
0
0
0
0.23
0
0
0
0
0.72
2.41
4.07
0.19
3.88
0.67
1.58
0
0
0
0
0
0
0
0
0
1.07
0
0
0
6.58
4.93
0
0
0
0
1.55
5.21
0.63
0.16
5.85
8.28
2.23
1.51
0
0
7.09
9.33
1.67
5.9
14.23
5.5
2.04
0.61
0.05
0.06
0
2.35
0.3
0
0
0.06
0
0
0
0
0
0
0
0.01
0
0
0
0
1.66
0.23
0.05
0
5.27
1.56
0.41
2.16
0.72
3.48
0.12
0.3
2.35
20.54
3.82
1.64
0.29
0
1.04
9.79
0.13
0.19
0.05
0.02
0.01
0
0
0
0
0
0
0.01
0.52
0
0
0
0
0.02
0.45
1.32
7.63
0.86
0
0.13
0
3.45
1.47
0.13
0.92
0.13
1.94
0
0.13
0.05
0.09
1.33
4.23
0.05
2.12
10.55
0
0
2.81
0.5
0.06
1.3
0.51
1.63
1.98
10.13
4.15
3.44
5.59
5.72
5.2
0
0.02
2.26
0.24
0
0
0
0
0
0
0
0
0
0
0
0
0
0
0
0
0.25
1.02
3.05
3.13
1.59
8.04
2.47
0.54
0
0
0
0.01
0.01
0
0
0
0
0
0
0
0
0
0
0
0
0
0
0
0
8.95
2.7
3.1
0.2
0
0.01
0
0
0.01
3.86
1.36
0
2.12
8.91
2.44
0.01
0
5.21
2.63
2.51
1.07
8.8
2.39
0.66
0.63
0
0
0.09
0.08
0.86
0.38
0
0.01
2.16
0
0.01
0
0
0
0.01
0
1.14
6.34
0.02
0
0
0
0
0
0.01
0
0.07
0
0.87
0
0
0
1.01
0.26
0.01
0.01
0
0.44
1.27
0.04
0
0
0
0.21
1.06
1.58
0.22
0.83
0
0
0
0
0.61
0.38
1.41
0.78
0
0.02
1.62
0
0
0
0
0
0.04
0.03
0
0
0
0.01
0
0
0
0
0
0.02
0
0
0
0.01
0
0
0
0.01
0
0
0
0
0
0
0.09
0
0
0
0
0
0
0
0
0
0
0
0
0
0
0
0.03
0
0
0.08
4.53
0
0.13
0
2.58
0
0
0
0
0
0
0
0
0
0
0
0
0
0
0
0
0.05
0
0
0
0
1.3
0.14
2.03
0.18
0
1.11
0.01
0.77
0
0.27
0
0
13.73
2.05
0.13
0.11
0
0
0
0.02
0
0
0
0.23
2.1
2.24
2.05
0
0.33
0.34
0
0.48
1.06
0.34
0
0
0
0
0
0
0
0
0
0
0.51
8.45
11.16
2.05
0
0
0
0
0
0
0
0
0
0
0
0
0
0.46
0.06
0
0
0
0
0
0
0
0.07
0
0.01
0.06
0
0
0
0.39
0
0.02
0.02
0.1
2.3
0.37
1.45
7.35
0.13
0.75
10.77
1.96
0
0.23
0.29
1.03
0.06
0.22
0.01
0
0.84
7.04
3.59
0
2.73
0.83
0
0
3.49
9.7
16.84
15.16
9.59
15.85
7
1.95
11.5
29.58
9.83
6.07
0.31
0
8.88
6.71
3.43
4.27
10.78
1.16
1.26
4.1
1.19
8.46
9.02
3.17
0.24
0.71
0.48
0.26
1.64
0.11
0.07
0.27
0.14
0
3.08
1.64
0.63
0
0
0
0.07
0
0.02
1.68
4.89
0.89
0
0.1
7.37
1.68
0
0.07
0
0
0
13.54
8.51
2.48
2.12
0.34
0.7
8.92
5
6.4
1.14
7.67
4.7
0.13
1.35
0.79
4.37
3.89
0.27
22.02
5.38
6.43
0
0.02
0.02
0
0
0
0
0
0
0
0.08
0.57
0.07
1.61
0.19
0.3
15.82
5.22
0
0
0.26
3.2
1.41
0.22
0
0.03
2.38
0
0
0.21
0.81
0
0
0.01
0.09
3.81
6.3
6.16
7.09
8.89
8.04
6.57
0.69
0
2.75
1.79
0.7
0
0.49
0
0
0
0.08
1.21
3.29
0
5.09
0
0.65
0.44
2.8
6.14
1.24
8.7
3.56
4.8
0
0.04
0.22
0.01
0.01
0.04
0
0
0.02
0
10.55
0.54
0
0.05
0.8
0
0
0.01
0
0
0
0.04
0
0
0
0.01
5.6
26.53
5.29
5.19
12.23
1.18
6.54
0.74
0
0.78
2.47
0
0.24
0
0
0.05
2.41
11.56
10.69
0
0.65
0.71
0
0
7.29
6.35
0
0
0
0.03
0.15
0.14
0.01
0
0
0
0
0
0.01
0
0
0
0
0
0
0
0
0
0
0
0
0
0
0
0
0.01
0.01
0
0
0
0.04
5.81
1.26
0.11
0
0
0
0
0.02
0
0
0.02
1.19
0.04
0
0
0
0
0
0
0
0
0
0.01
0
18.66
2.12
0
0
0.01
0
0.17
0
0
0
0
0.16
0
0
0
6.16
9.46
0.2
0
6.53
0.23
0
0
0
0
0
0
0
0
0
0
0
1.84
0.34
0.08
0
1.86
2.53
22.2
4.48
0
3.42
0
0
0
0
0
0
0
0
0
0
0
0.01
0
0
0
0.08
1.86
8.61
2.19
0.15
0
0
0
0
0.02
0.73
9.61
0.92
0.15
0.09
0.5
0
4.23
0.31
1.63
2.43
0
1
2.99
2.97
0
0
0.33
0.29
0
0
0
2.7
2.23
0.82
1.77
0
0
2.69
5.53
6.02
4.21
0.27
0
0
0.01
0.2
0.58
0
0.2
0.27
2.56
1.97
4.43
12.66
4.81
2.77
0
0
0
0.22
0
0.7
4.14
1.22
0
0
0
0.35
1.11
0
0
7.63
5.31
3.26
0.3
0
0.01
0
0
0
0
0
3.91
0.94
0
0
0
0
0
0.41
6.07
5.86
3.13
2.48
0
0
0
0
0
0
0
0
0
0
0
0
0.1
2.42
3.61
13.57
7.2
2.69
0.47
10.77
0.99
0
0.01
0
0
0
0
0
0
0
0
3.68
4.16
0.04
0.33
0
0.03
0.02
0
6.8
1.09
0.9
4.37
3
8.23
1.35
0.01
0.04
0
0
0
1.18
0.08
1.94
3.38
2.23
0.25
0.02
0
0
0
0
8.38
0.28
0.04
0
0
0
0
0.03
0.03
0
0.01
0
0
0
0
0.11
0.95
0.82
20.09
5.03
0.63
1.09
0
0.04
0.46
1.09
2.05
0.96
1.41
1.51
2.9
0.43
3.54
1.43
20.1
0.4
0.05
0
0
0.23
0.16
13.92
0.61
0.03
0
4.21
0
0.01
0.09
1.25
0.38
0
0
5.23
5.16
0
21.79
4.88
0
0.02
0
0
2.34
3.82
12.72
9.79
0.63
0
0.02
0
0
0
0
0
0
0
0
0
0
0
0
0
0
0
0
0.04
0.02
0
0
0.01
0.55
0.25
0.19
0
0
0
0
0
0
0
0.48
0.05
0
0
0
0
0
0
0
0
0
0.01
0
0
0
0
0
0
0
0
0.14
0
0
0
0
0
0
0
0.01
0
0.02
4.35
0.54
0
0
0.01
0
0.09
0.01
0
0.05
0
0.01
0.02
0
0
0
0
0
0
0
0.06
0.57
0.27
0
0
0
0
0
0
0
0
0
0
0
0
0
0
0
0
0
0.01
0
0
0.02
0
0
0
0
0
0
0
0
0
0
0
0
0
0
0
0
0
0
0
0
0
0
0
0
0
0
0
0
4.26
13.11
0.59
9.8
19.75
1.18
0.01
0
0.09
0.04
7.05
13.99
15.59
12.84
1.35
1.2
0.22
0
0
0
0
0.28
9.03
0.25
0
0.31
0.05
0.87
0.4
0.23
4.72
0.2
0.02
0
0
0
0
0
0.05
1.2
3.13
0
0
0
0.31
0.02
0
0
0.14
0
0.09
0.09
0
0
0.71
0.11
0
0
0.02
0
0
0.02
0
0
0
0
0
0
0
0
0.02
0.36
0
0
0.01
0
0.01
0.08
0.01
0
0
0
0
0.46
3.35
3.16
0
0
0
0
0
0
0
0
0
0.03
1.91
0
0
0
0
0.05
0
0
0
0
0
0
0
0
0
0
0
0.05
0.1
0
0
0
0
0
0
0
0
0
0.01
0
0
0
0
0
0
4.82
0.1
0.06
0
0
0
0
0
0
0
0
0
0
0.01
0.06
0.01
0
0.06
4.05
2.34
0
0
0.01
0
0
0
0
0
0
0
0.05
1.39
9.22
5.85
8.79
2.5
0
0.04
0
0.91
1.34
7.01
1.81
3.08
0.28
0
0
0
0
0.16
0.06
0
0.02
0
0
0
2.68
6.5
13.35
3.74
1.34
0
3.62
3.66
2.21
0
0
0.05
0
0.02
0.26
0.71
0
0
0
0
0
0.02
3.25
2.32
0.13
0.02
0
0
0
0
0
0
0
0
0
0
0.35
0.05
0.01
0
0
0
0.21
0
0
0
0
0
0
0.02
0.05
0.02
4.65
5.98
0
0
0
0
0
0
0
0
0
0
0
0
0
0
0
0
0
0
0
0.01
0.01
0
0.01
0
0
0
0
0
0.25
0
0.01
0
0
0
0
0.99
0.2
0.95
0.02
0
0
0
0
0
0
0
0
0
0.06
0
0
0.01
0
0
0
0
0
0
0
0
0.02
0
0
0
0
0
0.02
0.01
0
0
0.01
0.19
0
0
0
0
0
0
0.05
0.02
0
0.05
0
0
0
0
0
0
0
0
0
2.35
0.01
0
0
4.64
0
2.54
4.88
0.2
28.76
1.69
0.13
0.04
0
0.02
0
0
0
0
0.01
0
0.16
4.07
2.45
0
3.67
0
0
0.87
9.78
14.18
10.81
13.31
0
0.03
4
4.9
3.7
0.49
0.08
0
12.5
0
0.01
3.33
21.67
11.19
0
0
2.5
20.25
8.24
4.99
0.87
0.08
0.12
0
0
0
1.08
0.09
0
0
0.08
0.06
0
0
0.05
4.95
0.08
0
0
0.07
0
0
0
0
0
0.06
0.38
0
0.01
0
0
0
0.09
3.79
0.66
1.34
0.03
0.21
0.14
0.61
0.02
0
0
0
2.97
0.02
0
0.01
0.02
0
1.22
0.38
0
0
0
0
0
0.05
0.02
0.14
0.01
0.64
3.85
2.33
0
0.02
4.59
0.59
3.2
7.21
1.87
0
10.61
4.83
0
0.17
0.09
2.68
0.48
0
0
0
2.23
0.54
0.02
0
0.52
0
0
0.13
0.12
6.49
0.27
0
0
0
0
0.2
1.26
0.41
0.63
0.02
5.13
8.12
0.82
0.22
0.06
0
0
0
0
0
0.09
7.58
3.73
3.51
5.66
14.08
5.16
2.17
0.68
1.03
0.54
0.02
0.14
3.89
8.09
0.06
5.23
0
0
2.8
3.6
4.66
6.56
20.79
3.49
2.48
7.76
0.36
16.26
2.64
0.41
3.8
4.84
3.16
0
1.43
0.22
0.08
0
0.38
0
0.04
0
0
0
0
0
0
0
0
0
0
0
0.11
5.6
4.54
13.91
7.71
4.48
0.86
0
0.16
0
0
0
0.01
0
0
0
0
0.09
0.49
2.49
3.6
3.66
5.58
5.46
1.76
1.44
0
0
0.01
0
0
9.52
1.81
0.02
9.44
0.27
0
0
0
0
0.24
1.18
0.17
1.12
0.03
0
0
0
0
0
0
0
0
0.15
0.16
0.42
0
0
0
0
0.03
0
0
0.02
0
0
0
0.2
0.02
0
0
0
0
0
0
0.47
0.27
0.01
0
0
0.02
0
0
0
0.01
0
0.29
1.97
0.02
0
0
0
0
0
0
0
0
0
0
0
0
0
0
0
0.22
0.02
0
0
0.14
0
0
0.18
0.17
1.45
0
0
0
0
0
0
0
0
0.01
0
1.07
7.99
0.3
0.2
0
0.11
0
0
0.11
1.6
0.37
0.84
0.55
0
0
0
0.01
0
0
0
0
0
0
0
0
0
0
0
0
0
0
0.44
6.72
0
2.38
0.84
1.52
1.54
1.13
0.03
0
0
0
0
0
0.02
0
0
0
0
0
0
0.01
7.6
0
0.01
15.55
0
0.61
1.28
0.07
0.01
0
0
0
0
0
0
0.55
0
0
0
0.03
1.24
0
0.03
0
0.01
0
0
0
1.69
11.62
3.32
0.29
0
0
0.02
0.01
0.01
0.01
0
0
0.13
0
0.04
0.05
0
0
0
0
0
0
0
0
0.01
0.01
0
2.94
0
0
0
0.02
6.04
11.59
0
0
0
0
15.99
2.95
0
3.44
0
0
0.04
0.07
3.39
11.36
11.21
6.99
1.82
0
0
0
0
0
0
2.94
2.28
1.41
3.34
0.83
4.47
5.51
1.9
1.13
7.98
3.58
0.05
0
0
0.07
0
3.91
6.54
1.43
0.81
0.1
0
1.86
4.54
0.17
2.84
2.6
3.32
13.5
0.91
11.15
3.53
1.84
0.35
0.95
0.66
0.55
0.03
0
1.09
0.22
0
0.32
1.61
0
0.74
0.36
0
8.68
1.23
0
0
0
0
0
0
0
0
0
0
0.17
0
0
0
0
0
0.09
2.29
0.55
1.59
0.04
0.1
2.43
0.24
0
0
0.63
0.33
0
0.32
8.36
1.5
0.57
0
0.01
0
0
0
0.23
0.38
5.01
0
0
0.73
0
0.02
0
0.9
2.72
7.49
0
0
2.64
0.26
0
0
0
0
0
0
0
0
0
0
0
0
0
0
0
0
0
0
0
0
0
0
0.02
1.38
0.22
3.87
0
1.16
0.94
0.62
0.08
0.8
2.26
0.19
0
4.24
0.3
0
0
0
0
0.07
0.02
0.02
0
0
2.02
0
0.2
0
0
0
0
0
0
0.07
0
0.51
2.36
12.83
0.31
1.04
0
0
0
0
0
6.95
19.84
0
0.02
0
0
0
0
0
0
0
0
0
0
0
0
0
0
0
0
0
0
0
0
0
0
0
0
0
0
0
0
0
0
0
0
0
0
0
0
0
0
0
0
0
0
0
0
0
0
0
0
0
0
0
0
0
0
0.01
0
0.15
0
0
0
0
0
0.02
0
0
0
0
0
0
0
0.43
0
0
1.49
1
0.18
0
9.84
0.92
1.08
10.2
0.29
0
0.52
8.74
0
0.01
0
0
0.11
0
0
0
0
4.94
8.95
11.12
10.64
6.92
8.5
1.26
0.22
0
0
0
0
0
0.03
0.05
0.04
0
0
0.01
0.01
0.01
0.02
0
0
0
0.87
6.7
5.05
1.32
0.49
1.25
7.96
0
10.99
15.99
0
5.42
4.69
2.31
0
0
0.02
0
0
0
0
0
0
6.23
3.46
5.89
27.73
9.95
0.85
0
0.02
0.73
0.2
0.04
0.62
0
0
0
0
0
0
11.28
10.38
0.74
0.59
0.07
0.02
0
0
0
0
0
0
0.02
0.04
0.17
0.93
0.03
0
0
0
0.01
0
0
0
0
0
0
0
0
0
0
0
0.66
3.6
0.83
0.01
2.43
1.15
0.04
0.96
0.44
0
0
0
0
0
0.29
1
15.66
3.45
0.02
6.99
7.34
0.95
1.32
0.16
0.09
0
0
0
3.53
1.38
0
4.2
0.09
0
0.12
0
0.18
2.65
0.82
0.22
1.09
0.41
0
0
0
0
0
0.06
0.11
0
0
0
0
0
0
0.07
0
0
0
0
0.1
0.07
1.95
10.78
0.97
1.45
4.63
5.8
16.36
0
0
0
0
0
0
0
0.01
0
0
0
0
0
0.05
0
0.28
5.48
0.04
3.39
0.18
0.36
0.07
4.09
1.55
0
0
0
0
0
0
0
0.02
4.35
15.85
0.46
0.06
0.1
0
0
0
0.02
0.01
0
0
0
0.01
0
0
0
0
0
0
0
0
0
0
0.03
0
0.16
0
0
0.1
0
0.01
0.01
0.01
0.27
0.51
0.03
0
0
0.1
0.61
0
0
0.13
0.45
2.76
4.69
10.27
0.31
0.13
1.19
6.2
0.82
0
0
0
0
0.12
1.72
0
0
0.01
0
0
0
0
0
0.22
0
0
0
0
0
0
0
0
0
0
0
0
0
0.01
0.02
0.27
0.48
0.01
0.02
0
2.99
0
0
0
0
0
0
0
0.05
2.25
0
0
4.13
0
0
0.08
0.46
0.98
0.09
0
0
0
0
0.02
0
0.13
0
0.01
0
0.06
2
0.18
0.24
0.64
0
0
0
0
0
5.1
2.42
0.59
0.06
0
0
0
0.53
3.09
0
0.02
0
0.16
0.02
0
0
0
9.3
0
0
0
0
0
0
0
0
0
0
0.49
1.09
1.14
0.25
0
0.02
0.1
1.26
0.89
0.63
0
0
0
0.43
1.27
1.18
0.27
0
0.03
0
5.1
5.57
1.45
0.17
0.02
0
0
0.25
0.02
1.58
1.38
0.82
0
0
0.04
11.02
16.06
4.45
0.01
0
0
0
0
0
0
0.01
0
0
0.02
0
0
0
0
0
0.18
2.6
0.15
0
0
0.05
0
0.13
0
0
0
0
0
0
0
0
0.01
0.01
0
0
0
0
0
0.06
0
0
0
0
0
0
0
0
0
0
0
0
0
0
0.5
0.01
0.25
0.81
6.83
0.4
6.79
11.02
1.04
1.09
0.16
3.89
2.74
9.57
2.55
0.03
0.23
4.36
0
0
0
0
0
0.03
0.23
0
0
0
0
0
0.04
1.16
0.86
0.05
0
0
0.17
0.01
0
0
9.2
1.67
1.17
1.57
1.16
4.97
19.7
8.96
5.46
0
0
1.02
1.13
0.03
0
0.03
0
0
2.49
0.63
14.06
3.91
0.27
0
0
0
0
2.82
1.06
2.16
6.41
0
0.71
0
0
0
0.03
0.27
0
0.38
0
9.91
8.45
0.59
10.17
0.66
0
0
0
0.34
0
0
0.01
0.76
0.42
0
0
3.22
31.35
0
0.58
0.02
0.06
0.3
6.71
2.47
8.09
1.77
0
0.59
9.51
0.09
0
15.71
8.38
1.78
1.04
2.54
0
0
0.05
0
0.7
5.26
0.63
0
0
0
0
1.38
10.69
9.41
18.65
6.79
5.55
3.31
2.11
3.41
0
0.02
0
0
0.11
0
0
0
0.32
0.12
0
0
0.05
0.03
2.4
0.39
0
0
0
0
0.83
0
0
0
0
0
0.25
0
0.01
0
0
0.04
2.57
1.04
0
0.1
0
0
0
0
0
0.02
0
0.05
0
0
3.89
0.02
0
0
0
0
0
0
0.24
0
0
0
0
0
0
0
0
0
0
0
0.09
0.1
0.05
0
0.02
0
0
0
0
0
0
0
0
0
0
0
0
0
0
0
0
1.68
0.15
0
0
0
0
0.01
0
0
0
0
0.01
0
0
0
0
0
0.65
0.06
0
0.02
0
0.03
0
0
0
0
0
0
0
0.01
0
0
0
0.39
10.39
3.37
0.34
0.01
0.01
0
0
0
0
0
0
0
0.04
0
0.02
0
0
0
0
0
0
0
0.01
0
0
0
0
0
0.5
12.89
1.42
0
0
0
2.41
1.07
7.76
9.41
3.03
8.63
13.8
3.88
0.08
0.04
0
0
0
0
0
0
0
1.46
6.4
16.43
0.69
0.01
0.25
0
0.01
0
0.05
0
0
0
0
0
0
1.24
16.31
4.58
8.39
6.48
1.86
4.92
12.1
4.09
0
0.23
0.06
0.13
0.29
4.12
4.56
0.16
0.07
0.03
0
0
0.01
0.03
0.46
0
0
0.11
1.46
0.09
0.37
0.56
0
0.05
0.03
0.01
0
0
0.02
0
0
0
0
0
0
0.02
0
0
0
0
0
0.02
0.3
1.26
0
0
0
0
0
0
0.03
0
0.13
0.07
0
0
0
0
0.01
2.75
7.3
0
1.94
0.77
0.02
3.69
2.88
3.29
5.49
2.95
0
0.41
0.03
0.02
1.4
0.98
1.32
1.17
0
0
0
0
0
0
0
0
0
0.82
0.17
0.02
0
0.01
0
0.59
0.01
10.25
0.23
0
0.32
0.59
0
0
0
0
0.25
0.61
0.02
0
0
0
0
0.04
0.13
0
3.68
3.43
0.93
4.04
2.72
2.16
0.1
0.18
0
0.08
0
0
0
0
0
0
0
0
0
0
0
0
0
0
0
0
0
0
0.06
0.2
0
0
0
1.95
1.49
0
0.21
0.88
4.25
1.42
0.7
0
0.04
0.48
2.17
0.04
0
0.01
0
5.88
5.13
2.45
0.71
0.01
0
0
1.95
5.66
0.68
0
0
0
0
0
0
0
0
0.17
0.95
0.7
3.23
0.76
5.57
2.54
10.63
0
0
4.29
0
0
0
0
0
0
0
2.82
0.75
0.48
0
5.47
0
0.01
0.01
0
0
8.99
0
0.54
1.04
0
0
0.02
0
0
0.01
1.3
4.71
14.8
1.62
0.02
0
0
0
0
0
0.01
0
0
1
0
0
0
0
0
0
0
0
0
0
0
0
0
0.13
0.13
0
0
0.01
0
0
0
0
0
0
0
0
0
0
0
0
0
0
0
0
0
0
0
0
0.14
3.24
3.09
2.49
0.05
0
0.01
0
0
0
0.16
0.34
0.02
0
0.09
0
0
0
0
0
0
0.78
0
0
0
0
0
1.54
0.01
0
0
0
0
0.02
0.02
0
0
0
0.17
0.01
0
0
0
0
0
0
0
0
0
0
0.02
0
2.93
12.55
0
0.11
0
0
0
0
0
0
0
0
0
0
0
0
0.03
0.21
2.71
0.01
0.02
0
0.05
0
0
0
0
0
0
0
0
0
0
0
0
0
0
0
0
0.01
0
0
8.04
0.27
0.05
0.59
0
0
0
0
0
0
0.35
0
8.39
2.55
0.04
0.04
0.79
1.04
0
0.04
0.02
0
0
0
0.02
0.02
0
1.93
4.59
0.84
0
1.21
0.08
0.79
0
0
0.01
0.07
6.2
16.99
2.25
1.18
1.99
0.94
0.14
0
3.47
0.13
0.03
0
0.02
0
0
0
0.17
0.02
0
0
12.43
2.18
0
0
0
0
0
0.7
0.07
1.73
7.41
5.77
2.46
0.86
0.69
0.78
0
1.12
0.29
0
0
0.02
0
0
0.02
0.01
0
0.09
0
0
0
0
0
22.68
8.13
11.22
15.03
6.02
4.23
3.43
2.98
1.55
2.18
7.48
13.15
3.07
1.64
0.77
15.97
2.17
3.41
10.96
0.04
11.51
0
0
0.11
8.14
0
0.58
0.16
0.04
0
1.2
3.73
0.03
0.04
1.31
1.54
0.82
0
9.52
5.46
4.43
8.16
18.46
13.25
5.27
0.79
0
4.91
0.38
0
0.6
0.01
0
0
0.86
0.01
0.16
0.27
0
0.02
0.46
2.86
0
0
0
0
0
3.67
0.68
3.91
3.8
0
0
0.01
0
0
0
0
0
0.93
2.66
6.23
2.86
1.71
1.47
0
0
0.75
0.36
5.89
4.75
13.83
2.73
0
8.48
5.67
0
0
3.63
3.3
0.59
6.18
5.41
0.06
0
0
0
0
0
0
0
0
0
0
0
0
0
0.01
1.73
0.09
1.95
1.61
0.51
2.98
0
0
0
0.01
0
0
0
0
0
0
0.02
0.01
0
0
0.01
0
0
0
0
0.06
0.06
0
0
0
0
0
0
0
0
0
0
0
0
0
0.01
0.04
0.09
0
0.16
0
0
0.02
7.89
0
0
0.64
0
0.25
0.67
0
0
0
4.11
2.95
0
0.16
0
0
2.41
0.04
0.73
0.02
0.02
2.43
0.25
0.09
0.04
0
4.76
0
0
5.75
5.34
0.51
0.07
0.15
3.81
0.29
15.41
0
0
0
0
0
0
0
0.08
0
0.01
0
0
0
0
0
0
0
0
0
0
0.02
0
0.04
0.43
0
0.97
3.86
0.36
0
0.63
8.72
3.76
0
0.78
0.26
0
0
0.03
1.92
7.94
0.09
0.35
11.7
13.41
0
0.19
0
5.73
10.05
0.07
0.41
4.35
0
2.25
0.7
0
0.03
0.23
0.24
0.02
0.04
2.38
3.21
5.01
1.55
2.65
1.57
0
12.14
3.09
0
0
3.51
0.18
0
0
0
0
0
0
0
0.01
0
0.02
0
6.63
9.91
0.34
0.68
1.14
0.37
0.94
0
0
0
0
0
0
0
0
0
0
0
0
0
0
0
0
0
0.01
0.01
0
0
0
0
0
0
0
0
0
0
0
0
9.75
0.8
0
0.25
0
0.03
0
0
0.03
0.03
1.19
5.88
5.66
3
0
0
0
0
0
0
0
0
0
0
0
0
0
0
0
0
0
0
0
0
0
0
0
0
0
0
0
0.01
0
0
0
0.38
7.08
0
0.84
0.01
0
0
0
0
0
0
0
0
0
0
0
0
0.05
0
0
0
0
0
0
0
0
5.41
2.97
3.4
0
0.91
9.25
4.58
1.77
2.45
1.41
2.05
0.01
0
0
0
0.09
0
14.09
17.19
12.59
5.16
3.81
0.31
4.5
10.12
4.47
0.99
0.42
0
0.01
0.87
0
3.8
0.28
0
0
0
0.01
0
0
0.02
0
0
0
0
0
0
0.03
0
0
0
0
0.01
0
0.02
0
0
0
0
0
0
0
0.12
0
0.26
0.25
0.06
0.16
0.37
0
0
0
0
0
0
0
0
0
0
0
0
0.02
0
0
0
0
0.1
0
0.26
0
0
0
2.05
1.09
0
0
0
0
0
0
0.02
0
0.01
0.02
0.02
0
0.01
0
0.27
0
0
0
0.01
0
0
0
1.43
0.03
0
0
0
0
0
0
0
0
0
0
0
0
0
0
0
0
0
0.01
0
0
0
0
0
0
0
3.24
4.52
0
0
0
3.33
8.69
0
0
1.91
0
0
0.66
0
0
0
0
0.01
0
0
0.5
0
0
2.88
7.73
36.97
3.74
2.91
0.7
2.08
3.3
2.23
1.77
0
0
0
0.26
0
0
0
0.99
0
0
0
0
0
0
0
0
0
0
0
1.25
0
1.78
0.31
0.09
0.4
0.75
9.25
2.48
0.47
11.94
5.66
0.11
0.02
0
0
0
0.03
0
0
0
0.45
1.67
4.4
1.88
1.11
0.55
0
2.84
1.09
0.62
5.16
4.8
6.84
0.38
0
3.7
0
0
2.65
2.97
7.81
0.5
0.23
0.04
0.95
0.42
0.33
1.73
5.41
0
0.19
2.62
1.47
0.42
0.1
0.12
1.28
0.57
0.56
0.09
0.78
0.06
0.05
0.17
0
0.59
1.66
24
24.88
5.41
0
0.12
0
0
0
0
0
0
0
0
0
0
0
0
0
0
0
0
0
0.15
0
0
0
0.01
0
0
0.05
2.89
0.12
0
4.31
0
0
2.34
6.66
0
0.62
0
0
0.18
1.17
0.68
0.32
0
0.02
0
0
0
0.06
0
0
0
0.03
0
0
0.01
0.02
0.02
0
0
0
0
0
0
0
0
0
0
0
0.17
5.09
2.18
0.59
0
1.69
0
0
0
0
0
0
0
0
0.18
25.27
9
0.92
0
0.03
0
3.95
7.83
4.19
0
1.02
0.81
2.27
0.01
0.33
9.16
23.25
1.84
0
0.12
0
0.7
9.27
1.47
0.73
3.41
4.6
2.66
1.66
0.23
2.12
7.64
1.39
2.18
6.22
3.16
0.81
4.03
0
0.23
0
5.36
1.77
1.54
0.01
0.02
0.14
0
0
0.01
0
0
0
0
1.67
1.28
0.06
0.01
17.45
2.31
7.06
9.12
1.58
0
0
0.01
0
0
0
0
0
1.82
0
0.77
0
0
0
1.33
0.12
0.01
3.34
7.31
0.1
0.14
5.42
0
0
0
0
1.15
0.37
0
0
0.89
0.14
0
0.01
0
0
0
0.32
0.53
0
0
0
0
0
0.01
0
0
0
0
0
0
0
1.39
5.31
0
0.36
2.92
0.25
0
0
0.03
0
0
0
0
0.2
0.8
0
0
0
0.01
0
0
0
2.31
0.14
0
0
0
0
0
0
0
0
0
2.4
25.7
0
0
0
0
0
0
0
0
0
0.02
0
0
0
0
0
0
0
0.03
0
0
0
0
0
0
0
0
0
0
0
0
0
0
0
0
0.01
0
1.7
7
0
0
0.03
0.06
0.51
1.78
0
0
0
0
0
0
0
13.94
0.03
0
0
0
0
0
0
0
0
0
0
0
0
0
0
0.01
0.66
4.56
2.34
1.17
1.23
0.03
6.7
0
0
0
0
0
0
0
0.07
3.83
1.69
19.12
9.47
3.34
0.08
0.52
0.28
0
0.01
0
1.77
0.03
0.01
0.02
0.15
0
0
0
0
0
0
0.03
0
8.53
0.11
0
0.01
0
0.16
2.3
2.36
0
1.03
8.52
0.75
3.75
4.16
3.97
0
0.31
1.46
0.28
0.12
0
0
4.8
0.16
0.03
0
0.01
2.09
0.08
0.09
1.83
0.83
0.3
0
5.66
1.58
0.4
0.03
0.06
0.09
0.59
6.84
17.28
9.36
1.98
0.22
0
0.03
0.04
0
0
0
0
0
5.14
11
1.26
8.02
1.91
3.7
0.47
0.15
0.23
2.23
2.89
2.33
0.24
0.5
0
0.05
7.19
10.33
11.12
8.31
16.81
1.75
2.34
0.44
0.14
0.02
0
0
0
0
0
0
15.72
1.19
0
0
0
0
0
0
0.08
0
0
0.28
0.19
0.25
3.59
8.99
0.36
0.1
0.02
0
0
0
0
0
0
0
3.05
0
0
0
0
0
0
0
0
0
0
0
0
0.03
6.67
1.29
0
0
0
0
5.08
1.81
10.06
8.62
0
0.18
5.01
2.08
0.23
0
0.18
0.43
5.45
6.88
2.06
1.41
3.48
2.09
8.22
3.34
7.09
1.27
0.03
2.14
0.68
4.04
0
0.04
0
0.13
0.51
4.86
0
0.34
0.08
0
0
0
0.31
0
0
0
0
0.02
0
5.97
0.01
0
0
1.37
0
0
0.11
7.21
2.12
0.23
10.47
3.85
24.83
0
0
0
0.01
0.01
23.17
0
0
3.33
0
2.3
0
12.98
0
0.73
0.02
0.11
0
0
0
0
0
0
0
0
0.01
0
0
0
0.02
1
0.01
0
0
0
0
0
0
0
0
0
0
0
0
0.02
0
0
0
0
3.94
0.03
0
0
0
0
0.77
0
0.29
0
0
0
0.01
0
0
0
0
3.52
0.01
0
0.18
0
0.02
0
0
0
0
0
0.01
0.7
10.47
0
0
0
0.02
0
0.17
44.91
29
0
0
0
0
0
0
0
0
0
0.03
0.49
4.81
28.66
1.28
1.91
0
0
0
0.31
3.69
2.47
0
23.69
0
0
0
0
0
0
0
0
5.97
0
0
0
0
0
0
0
0
0
0
0.01
0.09
0.43
0
0
0
0
0
0
0
0
0
0
0
0
49.75
21.91
32.69
0.97
6.5
0.06
0.02
0.02
0
0
0
0
0
0
0
0
0.02
0
0
0
0.02
0.11
0
1.36
13.22
2.28
0
0.75
0.06
1.31
0
0
0.07
5.67
0.34
0.18
0
0.27
0
1.8
0
0
0
0.15
0.03
0.02
0
0
0
0
0
0.01
0.08
0.03
0
2.75
3.34
4.25
11.25
0
0
0.01
0.02
0
0
0
0
6.56
3.15
0
0
0
0.06
0.03
0
0
0
0
0
0
0
0
0.15
0
0
0
0
0
0.01
0
0
0
0
0
0
0
0
0
0
0.01
0
0
0
0
0
0.07
0.91
3
0.28
0
0
0
0.09
2.2
0
0
0
0
0.19
1.6
0.93
0
0
0.01
0
11.08
0.38
0
2.34
2.06
0.04
0.26
2.66
18.89
10.38
3.62
3.75
0.36
0.12
0
0
0.08
2.34
4.5
2.59
1.16
1.16
1.28
1.12
0.05
0
0.71
8.84
0.48
0.05
0
0
0
0.36
0
0.03
0
0
0
4.14
2.09
0
0
0
0
0
0.45
8.34
0.03
0.09
14.41
4.44
0.65
1.58
8.11
4.32
3.25
0.06
1.88
0
2.78
2.38
0
0
0
0
0
0
0
0
0
0
1.34
0.62
0.01
0.32
0.01
0
0
0.01
0
0
0.3
0.02
0
0
0
0
0
0
0
2.12
0.06
0
0
0
0
0
0
0
0
0
0
0
0.36
3.71
0.12
0.29
0
0
0
0.06
0
0.02
0
0
0.27
0
0
0.52
0
0.01
0.07
0
0.02
0.41
0
0
0
0
0
0.01
0
0
0
0
0
0
0
0.02
0
0
0
0.01
0
0
0
0.02
0
2.84
0
0
0.95
0
0.64
0
0.25
0
0
0
0
0
0
0.84
0
0
0
8.97
0
0
0
0
0.02
0
0
0
0.25
0
0.13
0.02
0
0
0
0
0
0
0
0
0
0
0
0
1.6
4.25
3.73
0.69
0
0.34
0.25
0.17
7.39
5.38
0
0
0
0.03
7.62
0.71
0.28
0.02
0.8
0.03
0
0
0
0
0
0
0
0.58
0
13.95
7.23
0.04
0
0
0
2.86
0.27
0
4.12
6.34
0
0
2.97
0
0
0
0
0
0.19
0.01
1.57
0.44
0
1.84
0.39
0
0.02
0
2.34
2.3
0.56
0.12
7.84
0.53
2.56
5.39
2.84
2.75
3.5
0
2.8
10.95
6.41
0
2.99
0.2
0.11
5.34
0
0
0
0
0
0.95
4.62
1.75
0.27
2
14.41
11.41
8
6.39
27.03
41.66
8.67
1.66
1.84
0.53
1.25
0
4.97
0
0.21
0.06
0.06
0
0
0
0
0
0
0
