19510101
20.88
12.17
0.47
0.01
0.01
0
0
0
4.96
2.11
3.4
4.27
4.73
1.36
0.03
0.07
0
0.45
0.01
0
0.01
0.01
1.87
8.33
3.52
8.79
9.65
6.3
0
0.02
0.04
0.03
0.29
7.38
22.7
2.73
7.82
3.59
2.52
3
6.96
7.95
8.2
1.89
5.56
2.82
0
1.02
3.06
1.05
4.86
1.06
3.87
13.4
0.65
0
0
0.01
0.02
0
0
0.87
2.14
5.08
1.15
3.22
3.59
8.64
22.16
6.84
16.87
14.58
9.74
7.73
0.4
1.09
0.27
0.02
0
0
0
0
0
0
0
0.02
0.15
0.01
0
0.01
0
0
0
0.01
0
0
0
0
0.02
8.22
1.56
0.02
0
0
0
0
1.13
0.53
0.41
1.8
0.17
2.2
5.07
1.14
5.74
5.04
13.86
9.54
4.91
20.25
6.84
4.79
0.04
0.45
6.32
9.38
3.26
5.07
0.86
1.14
1.13
0.26
0.02
0.04
0
0
0.1
1.85
0.74
0.93
0.1
0.03
0.04
0
0
2.48
0
2.64
8.57
1.25
0
0.08
0.03
17.21
1.8
6.9
0.13
5.57
0
0.01
0.03
0
0.09
0
0.12
0.9
0.89
0.97
0.07
0
0.43
0.09
1.59
0
0
0
0.46
0
0
1.08
6.79
2.13
0
0
0.32
0
0.35
0.69
0
0
0.01
0
0
0
0
0.02
0
0
0
0
0
0
0
0
0
0
0
0.2
0
0.2
5.65
4.42
4.73
9.3
0
0
0
0
0.04
0.01
0
0
0
0.01
0.05
0.04
0.03
0
0.02
0
0
0
0.01
0.01
0.71
20.86
0.97
0
0
0
0
0
0
0
0
0.01
0
0
0.76
9.23
3.5
0.09
3.23
8.98
11.32
4.98
0
0
0
0.02
0
0
0
0.04
2.27
36.82
0
0
0.02
0
0.02
0
0.97
10.14
9.18
0.91
0
0
0
0
3.26
10.4
0.29
0.13
5.48
2.17
1.74
0
0.02
0
0.08
0
1.07
0.8
0.05
0.01
0.01
0.02
0.02
0.74
1.83
3.99
6.58
0
0
0.08
0
0.5
6.62
12.16
9.27
11.89
19.98
3.7
6.29
7.25
1.98
0.39
2.19
0.97
3.44
16.21
5.95
2
0.66
0.34
0.04
0.04
0.02
0.01
0.11
0
0.04
0.13
0
0
1.55
3.09
0.01
0.2
0.06
0.09
0.04
0
0.05
1.09
0.05
0
1.73
0
0.02
0.03
0.11
1.62
3.67
0.78
4.5
0.94
2.41
2.37
2.51
1.38
0
0.02
0
0
0
0
0
0
0
0
0.02
0.01
0
0.02
1.11
0.56
0.08
0
0
0.06
0.25
0
0.26
1.15
0.69
5.61
6.22
8.11
17.63
8.95
2.27
1.18
0.29
0.82
1
0
0
0
0
0
0.01
0
0
0
0
11.93
5.8
0.44
0.43
0.01
0.12
0.57
0.09
0.01
0.01
0
0.2
1.95
0.55
0.32
0.84
0
0.05
0.03
0.05
0.74
0.05
0.02
0
0
0.23
4.09
2.26
6.93
3.34
0.11
3.19
0.36
6.84
5.71
1.26
0.18
0.04
0
0.04
0.08
0.29
0
1.92
6.7
12.23
10.46
7.01
7.28
11.39
1.45
0.42
0
0.02
0.02
0
0
0.34
16.59
16.28
3.18
17.88
1.12
0
0.25
0.45
0
0.02
0.05
0.02
1.88
1.46
0.01
0.02
0
0
0
0.46
4.93
4.84
4.52
16.51
5.49
5.2
0
0
0.2
0.01
0
0.41
0
0.02
0.8
0.8
0
1.09
8.52
2.79
4.85
4.24
11.4
8.18
3.29
0.05
0.06
1.11
0.96
3.27
7.34
0.25
0.08
0.02
0
0
0
0
0
1.71
1.68
4.88
0.07
0
0
0
0.29
1.3
3.82
0.11
0
0
1.42
0
0
0.05
2.83
3.42
0.27
0.19
0
0
0.43
3.04
6.79
11.97
0
0
0
0
0
0
0.38
0
2.84
10.27
0.29
0.11
0.13
0
0.75
1.74
0.71
3.8
0
0
2.84
2.56
9.65
1
6.77
3.69
15.36
0.8
0
0
0
0.07
0.31
0
0
0.77
0.01
0
0
0
0
0
0
0.02
2.29
0.01
0.01
0.55
0.25
0.89
0
0.03
0
11.49
20.8
5.89
1.76
0
0
0.01
0.01
0.02
0
0.28
0
0
0.66
0
0
1.62
1.86
0.67
8.97
8.44
0.36
0
0
0
0
0.01
0.01
0
0.01
0.33
1.93
0
0.53
0.97
0.06
0
0
0.07
0.01
3.34
0
0
0
0.94
0.59
1.63
0.74
1.43
2.98
0
0
5.1
10.66
0.57
3.57
6.41
0.07
0.77
5.59
1.19
0.01
1.45
2.68
0
0
0
1.7
0
0
0.02
0
0
0.02
0.01
0.01
0
0
0
0.63
0.46
0.38
1.95
4.31
2.4
3.19
0
0.18
0
1
2.2
1
1.16
2.18
4.2
19.03
2.25
5.04
0.86
0.04
0
0
0.01
0
1.8
0
0.01
2.42
6.86
3.98
0.41
1.75
5.43
1.6
0.03
0.07
0
1.47
0.05
0.39
0.42
0.51
4.1
2.22
2.45
0.97
0.13
1.09
2.7
2.6
0.22
0.67
0.44
0.69
1.68
0.01
0.24
0.52
0
0
0
0
0
0.05
0.03
0
0
0
0
0.04
0.18
0.06
0
0
0
0
0
0.02
0.01
0
0.97
3.54
8.77
6.2
1.12
0
0.13
4.27
0.58
0.55
1.03
1.12
0.12
0.01
0
0.04
0
0.12
0.02
0
0.01
0
0
0
0.12
0
0
0
0
0
0
0
0
0
0
0
0
0
0
0.55
0
0
0.02
0.31
0.84
0.55
0.19
0.11
0
0.26
0
0
0
0.22
0.31
0
0.12
0.02
11.2
1.38
0.11
0
0.18
1.18
2.16
1.48
0.17
0.04
0.15
0
0
0
0
3.55
21.18
14.27
7.86
0.21
7.34
0.86
3.19
0.78
11.14
0.2
0.01
0
0
0.01
0
0
0.01
0
0
0
0
0
0.03
0
0.53
11.26
0
0
0
0.02
0
0
0
0
0
0.01
0.22
0.93
0.43
0.01
0
0
0
0
0
0
0.19
0.07
0
9.07
0
0.17
0
0.07
0
2.31
0
0
0
0
1.3
0
17.97
0
2.72
1.72
0
3.57
0
10.7
10.37
7.82
8.32
0
0
1.52
1.98
0.71
4.73
0
0
0
0
0.34
0
0.02
0
0
0.79
0
0
0
0
0
0
0
0
0
0
0
0
0
0
0
0.03
1.08
1.09
0.2
0
0
0
0
0
0
0
0
3.12
1.02
0.68
0
0.01
0.03
0
0
0
0
0
0.13
0
0.11
0.07
0
0
0
0
0
0
0
0
0.05
0.56
5.06
1.2
0
0.36
0
0
0
0.01
0.07
0.07
0
0
0
0
0.01
0
0
0
0
3.93
14.41
1.33
0
0
0
0.7
0.66
6.48
11.3
1.51
0.19
3.57
0
1.45
3.77
12.12
7.92
7.93
8
7.45
0.2
0
0
3.52
0.06
0.05
2.23
0.34
2.04
5.1
2.09
2.32
0.02
0
0
1.71
5.76
0.48
0
0
0
0
0
0
0
0
0
0
0
0
0
0
0
0
0
0.03
0
0
0
0
0
0.04
0.75
0.07
0
0.04
0.24
0.16
1.21
9.29
1.65
1.4
9.01
5.05
0.16
0.04
0.23
0
0.83
1.74
0.99
0.42
2.46
2.2
1.15
0.1
0
0
0
0
0
0
0.01
0
0
0
0
0.14
0
0.02
0.6
0.52
0.82
0.67
0.04
0.01
0
0
0.01
0
0.01
0.01
0
0
0
0
0.01
0
0
0
0
0.02
0.1
2.43
4.8
6.21
3.52
0
0.3
0
1.75
1.15
0.73
0.16
1.29
0.61
1.59
9.1
0.65
2.26
6.05
2.97
0.67
0.09
0.02
0.01
0
0.01
0.01
0.01
0
0
0.84
0.59
0.18
0
0
0.04
0.73
5.05
0
0.59
11.5
13.56
4.12
0.98
7.26
7.35
8.55
3.57
0.1
2.11
4.67
1.3
1.61
0
0.06
3.3
3.97
0
0.99
0
0
0
0.09
2.52
2.12
0
0
0
0
0.2
0.03
0
0
0
0.09
0.36
0
0
0
0
0
0
0
0
0
0
0
0
0.03
0
13.29
2.1
4.04
4.27
0
2.58
0.45
0.04
0.02
0
0
0.01
0
0.07
3.79
0
3.09
4.17
40.1
12.51
3.08
0.14
0.03
0
0
0
0
0.06
0.02
0
0.13
0.1
0.01
0
5.81
4.27
15.46
41.22
0.04
0
0
0.14
0
0.62
0.51
0
0
0
0.03
0
0
0
0
0
0
0.02
0
0
0.04
0
0.17
0
0.02
0
0.18
0.05
0.04
0
0
0
0
0
0
0
0.26
0.02
0
0
0
0
0.01
0
0
0
0
0.02
3.13
0.14
0
0
0
0
0
0
0
0
0
0
0
0
0
0
0
0
0
0
0
0
0
0
1.4
0
0
0
0
0.04
0.02
1.8
0.62
0
0
0
0
0
0
0.03
0
0
0
0
0.07
1.35
0.27
0
0
0.07
0.04
0
0
0
0
1.58
0.94
0
0.02
0
0
0
0
0
0
0.23
0.06
0.01
0
0
0
0
0
0
0.11
0.38
0.31
0
0
0
0.01
0.02
0
0.01
0
0
0
0
0
0
0
2.64
0
0
0
0.46
0.12
0.04
0
0
0.18
0
0.73
0.69
0.32
0.03
0
0.04
1.92
15.06
4.5
1.88
0.23
0
0
0.01
0
0
0
0
0
0
0.69
0.2
3.13
6.86
0.91
0.5
5.43
8.94
1.03
12.27
12.45
2.1
1.26
0
0
0
0.01
0
7.38
4.41
0.96
0.03
0.02
0
0
0
0
0
0
0
0
0
0
0
0
0
0
0
0
0.01
0
0.01
0.02
6.51
16.45
11.34
10.29
5.13
5.94
1.39
13.43
1.48
1.4
0.54
0.82
0.61
4.21
2.95
12.37
12.88
8.63
2.67
3.58
2.78
1.05
0.07
0.67
0.12
0.35
0.5
2.68
5.99
7.1
7.29
33.82
4.21
0.36
0
0.15
0.02
0
0.01
0.01
0.05
1.9
3.08
0
14.79
28.44
11.45
6.84
4.79
0.27
0.68
4.73
3.65
5.97
4.7
2.24
0.32
0.02
0
0.02
0.02
0
0.02
0.02
0.24
0.1
3.91
1.39
0.27
0.7
1.54
0
0
0
0
0.04
3.15
8.1
4.66
0.07
0
0
0
0
0.01
0.01
0.05
0
0.05
0
0
0.01
0
0
0
5.34
3.46
0
0
0
0.01
0
0.02
0
0
0
0
0
6.27
9.61
5.16
5.84
7.88
0
0
0
0.04
0.88
0
0.54
3.12
0.05
0.05
0
0.61
0
0.01
0
0
0
0
0.1
0
0
0
0
0.77
0.06
0.52
2.31
0
1.45
3.45
2.69
2.27
0
0
0.19
2.98
5.34
3.96
2.13
2.59
0
1.67
5.99
1.04
5.76
0.93
0
0
0
0
0
0.22
3.85
9.79
8.74
2.73
0.76
0.02
2.77
0.13
9.59
0.42
0
0.17
0.02
0
0
0
0
0
0
0.01
0
0
0
0
0.1
0.04
0
0
0.02
0.01
0.18
0.48
0.17
0.69
1.31
4.02
5.77
0.75
1.73
0.01
0
3.93
0.05
0
3.13
0
0
0
0.29
3.61
4.78
2.32
0
0
0
0
0
0
0
16.15
0
0.57
0
0.02
0
0.91
0.11
0.03
0.09
0
0
5.16
6.31
0
0
0.01
0.03
0.02
1.23
1.85
0.3
0
0
0
4.4
0.73
0.23
0
0.35
0
0
0
4.58
1.55
19.07
0
0
0
2.47
0
0
0
0
0
0.27
0
0.4
0.32
6.05
8.63
3.35
0.11
0
0
0
0
0
0
0
0.03
0
0
1.03
4.23
0
1.67
10.42
0
0.01
0
0
0
0
1.05
12.18
19.82
14.98
8.49
2.57
0
1.82
9.04
0.4
0
3.59
3.33
0.54
0.25
4.34
2.39
0
0
0
0.01
0
0
0
0.12
0.95
1.54
9.86
0.92
2.17
0.09
0
0
5.88
15.43
11.82
1.07
0.18
0.02
0
0
0
0
0
0
0.77
2.42
13.98
24.83
21.35
17.57
6.94
5.16
5.41
10.25
7
0.88
0.46
2.48
0
0.02
0
0.01
0.06
0.81
0.18
0
0
0.1
0
0
0
0
1.91
4.3
1.75
0.76
9.61
5.45
2.94
5.42
10.99
3.92
5.38
2.86
1.84
0.36
0.02
0
0
0
0.01
0
0
0
6.17
2.38
0.56
0.14
0
0
0
0.01
0
0
0
0
0
0.2
0
0
0
0
0
0.15
0
0.95
2.02
2.91
6.71
2.24
0.75
0.19
0.01
0.01
0
0
0
0
0
0
0
0
0
0.76
0.05
0
0
0
0
0
0
0.36
8.28
9.76
7.38
7.19
11.75
20.15
5.76
8.1
3.4
8.28
24.03
31.66
13.5
5.25
0
0
0
0
0
0.17
0.05
1.5
1.96
0.35
1.53
0.41
4.03
8.68
7.8
2.99
4.81
0
0.09
2.5
6.1
3.95
6.09
3.03
1.46
4.55
5
9.29
3.46
0
0
0
0
0
0
0
0
0
0
0
0
0
0.04
0
0
0
0.13
0.99
0.86
22.68
14.27
12.41
6.48
5.02
33.92
38.19
10.8
0.02
0
0.41
0
0
0
0.01
0.01
0
0
0
0
0.02
4.48
1.21
0.01
0.6
0
0
0
0
0
0
0.02
0.01
0
13.3
2.39
4.89
2.45
0.22
7.44
0
0.18
0.05
0
0
0
0
0
0
0
0.05
0.02
0.01
0
0
0.01
0
0.82
0
0
0.04
4.94
20.77
4.47
0
0
0.01
0
0.03
0.01
0.2
5.62
0
0
0
0
0
0
16.31
12.82
1
0
0
0
0
0
0
0
0
1.34
0
0
0.07
0
0
0
0
0
0
2.49
0
0
0
0
0
0
0.12
0
0.01
0.01
0.03
0.01
0.02
0
0
0.01
0
0.01
0
1.34
1.82
0.02
1.48
14.31
10.11
2.16
21.42
17.41
5.49
0.32
0
0
0
0
0
0
0
0.8
0
0
0
0.01
2.05
3.67
3.13
0.05
0.47
2.45
5.14
1.74
0
0
0
0
0
2.79
0.34
0.11
0
0
0.06
0.04
0.07
0.25
2.64
0
0.2
0.16
0
0
0.38
1.3
2.96
2.95
0.41
0.08
0.63
0.2
0
0
0.27
0.52
0.09
1.3
6.29
2.3
0.3
0
0.07
0.02
0
0.05
0.04
0.09
0.35
0.14
0
0
0
0
0
0
0.05
0
0
0
0
0
0
0
0
0
0
0
0.07
0.24
0.4
0
0
1.18
1.4
1.67
4.54
4.29
8.87
7.59
3.94
0.59
0
0.01
0
0
0
0.72
1.44
0.65
0
0
0
0.74
3.79
0
0
0.27
2.13
0.02
0
0.05
2.98
3.68
1.5
0.52
0
0
0
0
0
0
0
0.37
0.87
0.13
0.45
0.48
0.81
0.68
0.6
0
0
0.76
3.85
15.7
16.87
16.2
2.65
0.06
1.82
0.28
0
0
0
0
0
0
0
0
0
0
0.16
1.46
5.35
0.41
0
0.13
1.54
0.89
0
0
0
0.06
0.09
0
0.04
0.17
0.02
0.58
4.32
4.75
2.32
6.58
2.07
0
0.67
0
0.41
2.6
1.46
0
0
0.05
0.04
2.42
0.49
0
0
0.47
0
0.04
0
0
0.71
2.38
5.59
3.37
0.06
0.05
0
0.26
0.31
1.31
2.03
6.05
5.48
6.7
8.73
4.87
10.45
7.87
1.93
9.94
6.08
0.04
1.82
9.84
10.34
5.55
5.29
1.23
1.27
1.8
0
0
0
0.02
0
1.17
0
0.03
0
2.09
4.95
10.5
7.49
5.61
6.34
5.55
2.98
6.8
9.84
6.9
1
0.07
0
0
2.55
21.84
11.02
1.53
0.07
3.52
9.93
7.75
1.62
5.1
13.95
19.31
0.95
0.02
2.08
7.31
1.84
0
0
0
0
0
0
0
0
0
0.04
1.98
2.61
0
0.04
0.06
0
0
0
0
0
0.05
0
0
0
0
0
0
0
0
0
0
0
0
0
0
0
0
0
0.36
0.26
0.23
0.06
0
0
0.01
0
0
0
0
0
2.39
0
0
0
0
0
0
0.01
0
0.05
0.01
0
0
0.26
0.14
5.7
1.97
3.5
3.22
0.02
0
0.01
0
0
1.84
0.31
0.15
0.43
0.05
0
0
0.01
0
1.29
9.01
2.27
5.32
10.48
2.75
0
0
0
0
0
0
0
0
8.54
14.25
37.72
14.22
0.24
0
0
0
0
0
0
1.07
1.54
4.92
7.7
5.81
1.07
0.02
0.89
4.3
2.39
0.1
0
0
0.01
0
0.03
0
0
0.23
0.02
0.23
2.4
1.24
0.8
2.16
4.76
12.07
5.16
7.72
2.35
0.56
0.03
0
0
0
0.14
0
0
0
0
0
0
0.54
0.5
0.05
0.01
0
0.02
0
0
0
0.2
0
0
0
0.17
0.01
0
0
0.29
5.77
10.66
7.04
1.19
0.24
0.29
0
0
0
0.11
0.01
0.02
1.26
4.79
2.57
1.77
0.37
0
0
0.01
0.02
0.12
0.57
0.64
0.26
0.41
0
0.02
0
0
0.13
0.87
1.7
0
0.03
0.08
0.07
0
0
0
0
0
0
3.27
4.78
0.89
1.46
3.14
4.09
9.01
13.64
3.5
1.92
0.18
0.02
0
0
0
0
0.12
0.43
1.04
5.75
7.69
3.43
4.65
1.53
0
0
0
0
0
0
0
0.74
0.12
0.52
0.5
0.25
0
0
0
0.75
0.23
0
0
0
0
2.55
1.11
2.9
2
1.11
0.05
0
0
1.55
3
1.03
2.57
0.57
0.48
0
2.2
15.65
5.52
4.12
2.79
5.5
8.97
5.7
7.39
1.69
4.91
6.68
6.55
2.78
3.92
0.84
0.44
0
0
0.02
1.06
4.88
5.57
0.83
0.13
0.12
0.02
0.01
0.34
0.46
0
0
0
0
0
0.2
0
0
0
0
0
0
0.02
0
0
0
0.14
3.34
3.66
2.73
4.72
16.51
4.46
0.02
0
0
0
0.01
0.17
3.39
0.66
0.02
0.01
0
0.05
0.02
0
0
0
0.01
0.02
0.2
0
0
0
0.01
0.02
2.58
6.45
0.08
0.02
0
0
0
0
0.42
15.76
31
13.95
1
0.27
0.18
0.7
0.38
1.13
2.47
0
0.09
1.02
1
4.68
0
0
0
0.02
0
0
0.02
0
0
0
0.04
0
0
0.01
0.01
0
0
0
0
0.01
0
0
0
0
0
0
0
0
0
0
0
4.59
1.7
0
0.61
0.19
0
0
0
0
0
0
0.01
0
0
0
0
0
0.01
0.13
1.77
0
0
0
0
0
0
0
0.22
1.39
0.08
0.37
0.01
0
0
0
0.84
1.31
0.09
0.76
0.82
2.14
1.64
0.24
0.2
0
0
0
0
0
0
0
0
0
0
0
0.01
0
0
1.29
11.25
2.56
0
2.67
1.33
3.59
5.69
1.7
0
0.34
0.24
0
0
0
0
0
0
0
0
0
0
0
0
0
0
0.01
0.92
0.01
0.24
0.04
0.68
4.44
1.7
0.12
0
0
0
0
0
0
0
0.02
0
0.77
1.12
1.66
0
0
0.33
0.07
0
0
0
0.01
0
0.04
1.12
0.08
1.85
1.21
0.17
0.29
4.09
6.04
14.26
11.85
9.82
7.37
4.53
3.51
2.49
1.39
2.42
4.9
17.34
10.32
12.94
9.88
8.95
19.2
16.72
8.23
7.84
6.84
3.15
0.66
2.06
1.61
0.7
1.09
0.41
0
0.01
0.2
0
0.04
0.02
0
0
0
0.71
5.73
3.73
2.65
0.54
1.53
10.4
8.91
0.65
0.01
0.17
0.24
3.74
1.15
2.35
0.57
0.23
0
0
0.3
0.25
0
0
0.09
0.6
1.3
5.48
2.52
0.52
0.25
1.55
0.76
0.03
0.45
0.39
0
0
0
0
0
0
0
0
0
0
0
0
0
0.15
0.02
0.01
0.19
1.78
4.63
17.1
2.79
6.88
6.73
2.33
14.03
14.91
6.61
13.17
6.36
0.02
0
0.01
0
0.55
0.32
0.38
10.76
8.81
1.03
5.77
3.02
1.16
0
0
0.27
0.55
0
0
0
0.44
0.59
1.55
0.14
0.92
1.47
0.45
0
0.01
0.3
0.52
10.8
6.63
6.51
3.14
0.08
0.18
0
0.74
1.38
1.14
5.9
4.03
0
0
1.72
0
3.42
0.74
0
1.18
0.8
2.63
6.27
12.5
12.77
4.69
1.16
2.32
1.3
0.52
0.01
0
0.01
0
7.2
5.26
5.67
7.48
4.72
2.32
0.84
3.11
0.77
1.27
6.29
9.7
2.06
2.59
0.01
0
0.02
1.13
7.91
11.4
13.67
3.3
0.01
0
0
0
0.41
3.98
1.8
0.01
0
0.05
0
0.01
0
0.01
0
0.02
2.19
3.35
1.82
0.33
0
0
0
0
0
0
0
0
0.48
0.04
0.01
0.98
0.68
0.75
2.72
5.75
0.34
0
0.37
2.02
10.78
4.15
0
0
0.02
0
0
0.04
0
1.42
0
0
0
0
1.34
2.29
5.01
2.18
3.06
0.33
0
0
0.2
0.03
0
0
0
0
0
0.02
0
0
0.02
0
0
0
0.05
0.21
4.16
0
2.24
2.8
6.18
1.96
1.37
1.78
2.39
4.85
9.95
3.68
0
0
0.16
0.16
2.22
6.22
5.08
0
0
0
1.96
0
0.93
0.59
1.97
3.48
3.39
4.25
1.51
1.15
0
8.93
9.81
10.59
4.82
0.14
0.84
1.22
11.64
3.16
0.86
0.47
1.34
1.76
0.22
0
0
0
0
4.58
12.61
6.99
7.52
5.92
3.89
0
0
0.26
0
2.48
6.38
9.28
5.45
1.46
0
0.18
0.8
1.26
0.02
0
0.03
0
0
0
0
0
8.46
5.64
1.09
5.9
5.04
10.46
6.21
2.77
7.21
12.82
4.2
0
0
0
1.84
6.03
3.57
3.03
14.87
19.88
2.77
3.16
1.66
0.77
1.78
7.2
7.8
9.47
16.45
12.8
5.8
1.58
0.95
0.52
3.06
0.53
0.46
1.17
1.21
0
0.3
3.79
4.47
5.14
5.07
4.65
6.1
0.75
0.43
0.88
0.32
0.54
0.48
0.32
0
0
0
0
0.14
3.81
10.38
8.97
4.55
1.66
1.02
0
0.11
0.86
5.26
2.13
0.55
3.06
1.49
4.11
10.09
18.61
20.96
18.32
6.82
3.67
0.64
0.07
0
0.42
0
2.88
9
9.15
1.81
0.18
1.99
9.53
6.79
5.13
9.12
7.59
2.63
8.75
8.02
6.61
6.16
2.75
10.1
7.88
1.39
0.41
0.47
0
0
0.6
0
0
0
0
0
0.08
3.51
4.17
11.82
5.86
2.79
2.46
4.53
7.14
11.55
9.73
0.81
0
0
0
0.13
0
0.04
1.92
5.68
6.09
6.55
4.68
2.84
1.49
2.21
0.3
0
2.48
1.26
0.41
0.6
0.04
0.02
0.16
0
0
0
0
0
0
0
0
0
0
0.18
0.12
0
0
0.43
0.06
0.21
0.27
0.48
0.56
1.36
1.79
7.7
0.56
0.18
0
0.05
0.08
0.52
0.02
0
0
0.09
0.2
0.27
1.08
4.67
3.33
8.2
3.97
0
0.87
0
1.21
0
0.02
0
1.05
2.57
1.28
0.11
3.82
29.91
4.17
0
3.23
5.64
6.78
11.89
3.3
5.25
1.79
0.17
0.81
2.05
0.98
1.8
2.66
0
0.07
0.02
0
0
0.02
0
0.04
0
0
0
0.37
0
0.33
0.01
0.03
0.46
0
0
0
0
0.03
0
0
0
0
0.01
0.24
1.35
2.95
2.27
1.43
0.03
0
1.39
1.32
0.05
0
0.02
0.02
0.02
3.7
5.14
6.9
1.7
0.02
0
0
0
0
0
0
0
0
0.25
0
0
0.01
0
0
0.07
0
1.29
1.48
0
0.02
0
0
0
0
0.02
0
0
0.02
0.1
0
0
0
0
0
0
0
0
0.01
0.01
0
0
0
0.02
0.27
2.67
3.38
1.16
1.49
6.72
0
0.01
0.87
4.07
1.38
1.47
5.18
5.45
0
0.04
4.3
3.44
5.66
20.05
25.08
22.7
19.2
3.95
2.62
1.26
1.57
0.17
0.79
4.99
12.57
8.09
0.06
0.31
0
2.37
11.99
8.79
8.23
17.76
15.44
8.96
5.29
2.49
10.92
21.88
18.77
8.37
2.87
2.98
1.95
4
6.66
4.94
0
0.01
0
1.65
4.35
3.4
2.87
0.02
0
0.27
0.16
0.04
0.22
0
2.07
11.07
9.43
1.22
0.01
0.02
0.04
0
0.78
0
0.03
1.39
0.99
0.79
2.05
4.52
8.55
11.48
3.09
0.31
0.44
0.45
1.63
2.12
3.84
2.29
0
0
0.27
1.31
2.37
0
0.01
0.36
0.62
1.94
1.41
9
4.07
3.93
1.08
6.76
2.13
2.96
6.71
2.84
0.51
0.59
0.24
0.43
1.33
2.87
0.35
0.01
0.01
0.07
0.18
0.04
0.01
0.29
2.02
1.82
5
5.18
3.04
4
2.6
1.04
0
0.63
0.57
0.11
1.05
0.15
0
0
0.07
0
0
0
0.12
0
0.01
0
0
0.11
0
0
0
0.03
0.77
3.48
3.55
0
0.09
0.14
0.46
0.13
0
0.03
0
0
0
0
0
0
0
0
0
0.02
0
0
0
0
0
0
0
0.01
0.23
0.97
0.59
0
3.39
1.02
0
0
0.05
0
0
0
0
0
0
0.02
0.02
0.04
0.95
8.17
12.91
5.83
6.17
6.82
0.04
0.07
0
0.14
0.5
7.66
5.03
4.73
0
1.07
1.77
11.5
7.86
0.09
0.3
0.01
2.61
6.71
2.98
0.16
0
0
0
0.55
4.58
1.41
0
0
0
0
0
0
0
0
0.34
0
0
0
0
0
0
0
1.18
2.49
1.39
1.38
2.48
7.75
8.37
14.42
6.56
4.03
3.12
0.02
0
0.2
1.51
0.43
0
0
0.23
0
1.41
0
0.05
1.09
0.28
2.3
0.38
0
1.46
1.79
1.2
0
2.25
9.21
4.95
0.57
2.21
0
0
0.14
0
0
0.02
0.05
0
0
0
0
0.03
0
0
0
0
0
0
0
0
0
0
0.01
0.27
0
0.01
1.4
1.46
1.77
0.07
0.75
10.31
11.96
4.15
6.89
1.25
0
0
0.01
0
0
0
0
0
0
1.5
4.66
0
0
0
0
0.02
0
0
0
0
0
0.02
0.04
0.01
0
0
0
0
2.05
7.98
12.66
6.43
0.52
0
0.04
0
0
1.47
0.26
0
0
0
0
0
5.46
33.88
19.55
2.31
0
0
0
0
0
0
2.68
17.26
12.06
5.3
0.83
0.02
1.57
0
1.13
8.58
5.09
0
0
0
0
0
0
4.02
12.55
4.59
0
0
0
0
0
0.19
0
0
0.02
1.01
1
0.62
6.18
5.41
1.61
0.65
0.32
0.15
0.02
0.01
0.03
0.03
0.5
2.49
4.56
11.43
9.3
3.65
2.72
12.34
8.21
8.79
0.9
2.4
18.5
20.26
16.91
8.86
6.46
17.31
10.68
7.9
36.86
8.2
0
0
0.32
1.05
0.06
0.14
0
0.07
0.14
1.78
1.5
0.39
0
0
0
0
0
0.8
0.66
0
0
0.21
2.14
3.86
4.67
9.86
7.19
2.34
0.18
3.56
8.3
8.97
2.31
13.14
8.64
1.59
0.7
0
0.54
0.22
2.57
2.92
2.62
4.08
1.64
7.59
4.11
0.5
6.4
10.88
1.96
0
0
0
0
0
0.01
0
0.01
0
0
0
0
0
0.01
0
0
0.01
0.07
2.02
3.98
0.13
0
0
0
0
0
0
0.02
0
0
0
0
0
0
1.17
7.93
9.02
6.83
10.9
4.44
1.14
9.76
11.2
5.08
2.79
0.46
5.41
8.84
5.3
4.4
2.06
1.09
0.07
0
0
0
0.55
0.81
2.39
0.07
0
0
1.7
12.61
7.23
0.38
0.28
0.94
0.16
0
0
0
0
1.35
0.36
0
0.01
0.02
0
0
0
0.24
0.45
1.95
0
0.16
5.8
8.14
3.28
0.86
0.53
1.13
0.3
2.21
7.21
4.42
1.39
0.93
0.59
3.39
8.1
4.05
0
0.3
0
0
0.01
0
0.02
0
0
1.2
1.69
0.44
0.07
0
0
0.78
7.49
7.97
0
0
0
0
6.45
22.22
22.04
7.17
2.3
4.58
6.44
5.04
0.07
0.05
0.67
2.2
0
0.11
0.09
0
0
0
0
5.46
10.22
3.38
0.48
0.04
0
0
0
0.01
0
0
0.14
0
1.98
1
5.93
3.52
0
0
0
0.05
0
0
0
0
0
0
0
0
0
0
0
0
0
0
0
0
0.03
0
0
0
0
0
0
0
0.09
0.13
0
0
0.02
3.14
0.29
0
0
0
0
0
0.01
0.09
0.05
0
0.02
0
0
0.01
0
0
0
0
0
0
0.01
0.02
0
0
0
0.1
0.01
0.01
0
0
0
0
0
0
0
0
0
0.01
0.05
0.15
0
0
0.41
0
0.59
0.28
0.11
2.55
1.44
2.01
0.19
1.52
0.45
2.57
17.23
8.29
2.84
1.68
1.94
0.02
0
0
3.57
0.29
0
0
0
0.09
0.23
0.65
1.33
2.51
8.76
13.88
4.71
2.79
4.37
3.35
0.72
1.13
0.66
0
0.31
0.19
1.31
6.32
3.62
0.34
0.02
0.01
0.01
0
0.7
11.45
11.97
4.77
4.34
1.01
0.61
2.09
2.3
2.35
2.73
2.19
1.11
1.35
0
0.87
0.84
1.55
2.73
2.43
1.76
0
0
0.01
0
0.01
0
0
0
0
0.08
0.03
0.08
0.02
0.07
0.03
0.09
0.01
0.07
0.48
0.3
1.32
0.15
0.06
0
0.04
0.08
0.01
0.01
0
0
0.06
0
0.63
2.23
14.73
22.46
19.7
12.77
4.12
8.14
11.1
2.84
2.49
9.73
9.58
3.61
3.27
5.41
6.7
1.35
1.33
2.89
2.83
0.33
1.78
3.63
2.85
2.63
4.76
1.1
0.59
0
0
0.01
0
0
0
0
0
2.06
2.84
1.99
1.67
1.15
2.32
4.48
3.97
4.97
12.41
15.14
6.23
0.91
2.34
6.24
16.88
10.56
1.91
3.14
5.53
1.76
0
0.59
1.02
0.97
0.41
0.57
0.66
0.75
0.77
0.49
0.41
0.01
0
0
0.09
0.93
2.45
4.97
4.15
4.63
1.12
0
0.56
2.43
0.3
0
0.8
0.09
0
0.06
0
0.14
0.01
0
0
0
0.23
0
0
0
0
1.18
3.24
1.36
0
2.04
25.66
29.73
13.83
5.54
10.49
7.71
3.66
0.14
0.18
7.36
4.8
0.64
0
0.01
0
0
0
0
1.3
0
1.02
2.01
0
0
0
0.05
0
0.25
0
0
0.01
0.04
0
0
0
0
0
0
0
0
0
0
0.01
0
0
0
0.67
0.32
1.15
1.26
0.26
1.17
2.52
1.66
3.48
4.63
3.24
9.95
5.25
1.23
0
0.05
0.88
0
0
0
0
0.09
0
0
0
0
0
0.01
0.12
0
1.52
0
3.09
4.48
6.29
5.55
0.27
0.65
0
0
0
0
0
0
0
0
0
0.19
0
0
0
0
0.01
0
0.23
0
0.03
0.57
0
0.28
0.23
0.98
4.27
5.06
7.51
2.04
3.32
2.79
0.7
2.14
0.48
0
0
0
0.08
0
0
0
0
0.1
0
0
0
0
0
0.02
0
0
0
0
0
0
0
0
0
1.3
0
5.5
0
0
1.34
0.48
1.82
3.67
0.24
0.67
0
0.72
0.5
0.3
0.09
1.84
5.03
3.44
3.78
6.64
1.78
0.16
0
0.64
0.15
0.58
3.51
1.44
0
0
0
0
0
0
0
0
0
0.16
0
0.01
0.01
0
0
0.01
0.01
0
0
0
0
0
0
0
0
0
0
0
0
0
0.01
0.02
0.32
0.24
5.55
11.62
10.27
9.65
19.14
8.78
7.34
10.93
5.14
3.52
4.2
6.02
2.59
5.08
18.52
31.01
19.56
14.02
8.87
0
0.16
0
0
0.01
0.33
0.29
0.49
4.07
4.52
2.41
0.71
2.9
0.68
4.21
7.63
6.86
5.21
1.63
6.22
3.41
0.59
1.02
6.41
5.52
1.43
3
8.6
5.66
0.84
2.45
4.72
2.11
0.01
0.02
0
0.23
0.11
0.12
0.09
0.02
0.41
0.04
0
0.03
0.18
0.02
0
0
0
0
0
0
0
0
0.19
0.82
1.32
1.3
0.01
0.02
0.01
0.02
0.04
0.02
0
0.01
0.02
0.01
0.01
0
0
0
0
0
0
0
0
0
0
0
0
0.13
0
0
0
0.05
0.13
1.03
11.31
14.26
13.77
8.95
18.04
6.22
0.07
1.59
6.02
22.44
27.01
8.54
2.69
4.17
2.55
0
0.67
3.46
2.2
0.33
0.25
0.52
0.38
0
2.27
4.1
6.34
3.5
2.89
2.15
0.12
0.09
0.1
0
0.55
2.36
2.17
1.23
0.68
1.71
1.02
0.34
0.37
2.48
6.73
1.61
5.63
1.98
1.13
1.19
0.91
0.49
1.39
0.52
0.36
0.37
0.68
1.86
0.13
0
0
1.83
11.48
8.58
4.38
2.3
0.09
0
0
0
0.03
0.02
0
0.04
0.02
0.01
0
0
0
0.01
0
0
0
0
0.01
0.03
0.01
0
0
0
0.16
0.07
0.02
0
0
0.26
4.32
3.63
2.32
0.86
0.05
0
0
0
0.3
1.25
2.7
7.88
7.39
0
0
1.55
0.52
0.01
0
0
0
0.02
0
0
0
0
0
0.19
0.21
3.36
12.28
8.88
28.95
6.25
2.64
1.22
7.5
5.25
0
0.77
0.01
0.05
0.02
1.24
0.02
0.02
0.59
0
0
0
0
0
0
0
0
0
0
0.29
0.03
0
2.33
0.33
0.98
0.89
0.63
0.93
0
0.19
0
0.03
0.07
0
0.3
0
0
0.27
0.56
1.41
0
0.09
0
0
0
1.02
0
0
0.04
0.14
0
0
0
0
0
0
0
0
0
0
0
0
0.1
0.29
0.09
0
0
0
0.04
0
0
0
0
0
0
0.08
0
0.29
0.02
0
0
0
0
0.01
0
0
0.02
0
0
0
0.11
0.61
0.74
3.75
19.52
5.81
3
0
0.74
0.29
0
0.08
0
0.1
2.24
5.35
6
0.59
5.74
1.84
0.05
0
0
0
0
0
1.84
3.35
0.48
0
0
0
0.01
0
0.01
0
0
0
0.03
1.91
10.58
21.09
1.02
0
0
0.03
0
0.43
0
0.01
0
0
0
0
0.01
0.02
0
0.01
0.02
0
0.02
0.01
0.03
0.32
3.87
0.52
0
0.66
0
0.16
0
0
0
0
0.02
0.11
0.89
0.28
0
0.05
1.71
1.3
3.66
6.87
1.05
0.27
1.77
3.05
1.13
6.5
1.38
0.08
0.77
5.8
1.85
0.16
0
0
8.32
1.64
0.06
0
0
0
0
1.21
0.56
0.7
0.76
0.72
0.18
0.41
0
0.37
0.91
4.33
3.33
1.25
0.67
0
0.8
0.05
0.06
1.87
11.63
2.7
6.02
9.07
0.85
0.12
0.41
0
0
0
0
0
0.02
0
0.3
0.58
0.87
0.12
0.29
0.17
0.02
0.48
5.76
1.67
1.73
11.62
11.74
6.35
3.09
12.55
4.08
1.15
8.51
11.23
6.76
2.16
3.51
1.74
0
0.06
0
1
10.13
12.27
16.16
7.59
8.44
4.02
0.85
0.91
0.26
0.02
0
0
0
0.01
0
0
0.01
0
0.01
0
0
0
2.18
1.39
0
7.91
4.13
0
0
0.27
0.03
0
0
0
0.04
0.01
0
0
0
0
0.01
0
0
0
0
0
0
0
0.01
0
0
0
0.57
1.62
0
0
0
0
0
0
0
0.01
0
0
0
0
0.22
0.44
6.29
7.59
0
0.02
0
0
0
0.29
0.35
0.94
0
0
6.13
1.83
0
0
0
0
0
0.02
0.42
0.08
0
0
0.01
0
0
0
0
0
0
0.01
0
0
0
0
0
0
0
0
0.06
0.41
0
0.52
0.7
0.05
0.02
0.01
0.1
0
0
0
0
0.02
0
0
0
0
0
0
0
0
0
0.09
0
0
0
0
0
0.01
0.09
0.64
0.38
0
0
0.01
0
0
0
0
0.01
0
0.01
0
0
0
0.02
0
0
0
0
0.33
8.49
5.32
0.14
0.82
2.42
0
0
0
0
0
0.97
1.2
0
0
1.03
0.09
0
0
0
0
0
0
0.01
0
0
0
0
0
0
0
0
0
0
0.06
0
0.02
0
0
26.49
9.54
7.69
3.06
6.55
16.47
3.56
0
0.09
2.13
17.9
5.89
2.34
0.02
30.12
7.69
6.89
0
0
0
1.23
0.02
0.16
1.03
4.08
4.15
1.6
0.56
0.01
0.04
3.46
2.87
0.27
1.76
5.96
3.77
0.45
0.05
0.07
0
1.9
22.61
26.6
7.63
0.19
0.32
0
1.38
5.36
2.85
0.01
0.64
0
6.01
6.05
5.56
0.2
6.88
0.35
0
0
0.39
0
0.28
0.2
1.15
1.61
0.35
0.82
4.15
2.05
0.66
0
1.22
23.7
8.01
0.66
0
0
0
0
0.23
4.18
2.9
0.11
0
0.21
1.09
0
0.86
2.25
2.74
1.27
9.67
4.61
4.99
2.47
0
0
0.67
0.03
0.61
0.79
0.51
0.74
1.8
3.31
1.74
1.08
6.81
8.21
1.24
5.98
5.86
13.56
9.1
15.38
28.13
20.46
4.94
3.59
2.44
3.07
4.3
0.54
0.18
0.37
2.56
0.27
0
0.25
0.28
0.07
0
0
0
0.05
0
0.57
6.5
5.2
15.37
7.59
1.99
10.06
4.1
0
4.9
5.08
8.33
5.24
1.28
0
0
0
0.98
20.77
2.2
0
0.01
0.52
0.24
0
0
0.01
0
0.01
0.04
0
0
0
0
0
0
0
0
0
0.13
0
0
0
0.01
0
0.01
0
0.02
0
0
2.85
5.62
2.5
0.51
0.73
1.4
1.01
1.09
10.34
5.67
6.35
3.36
4.99
1.72
15.66
17.42
7.26
0.71
0
1.33
0
0.2
0
4.99
2.34
0.34
0.02
3.5
1.2
0.12
0
0.23
1.33
2.46
0
0.06
0
0
0.89
0
0.93
2.08
3.21
0
0
0.23
2.98
2.65
7.02
0.11
0
0
0
1.12
0
3.98
2.61
0.16
0.98
6.25
4.51
4.59
2.28
6.78
4.77
26.15
0.31
0.73
2.4
18.73
2.22
0
0.13
0.12
6.06
2.13
0
0
0
0
0.03
0
0.03
0
0
0
0.01
0
0
0
0
0
0.53
4.96
2.21
0.01
0
0.01
0
0
0
0.04
0
0
0.38
0
0
0.01
0.09
0
0
0
0
0
0
0
0
0.55
1.19
0
0
0
0.01
0
0
0.08
0
0
0
0
0.01
0.01
0
0
0
0.02
0.11
0
0
0
0
0
0.12
0
0.55
0
0
0.01
0
0
0.46
0.17
0
0
0
0
0
0
0
0
0
0
0
0
0
1.61
5.3
15.35
6.2
0
0
0
0
0
0
0.01
0.02
0.13
0.79
1.1
14.85
17.47
4.81
0
1.01
1.7
9.22
9.8
0
1.69
6.41
6.58
1.5
0
0.06
0
10.69
11.84
8.5
2.34
0.45
3.55
0.6
2.37
1.35
0.18
0
12.46
6.69
0.44
0.18
0
0
0.22
0
0
2.15
0.11
3.94
13.68
10.16
7.92
9.63
3.05
0.62
0
0.03
0.02
0.14
0
0
0.34
0.15
0.15
0.02
0.01
0.04
0.05
0.19
0
0
0
0.07
0
0.73
3.94
1.04
0.05
0.02
0
0.01
0.01
0
0
0
0
0.05
0
0
0.01
0
0
0
0.01
0
0
0
0
0
0
0
0
0
0
0
0.02
0
0
0.13
0.03
0.11
0.3
0.51
2.66
11.43
14.57
3.8
0.22
0
0.69
0.34
0.01
0
0.1
4.13
2.77
9.89
2.54
4.02
0.33
0
0.28
0
0
0.11
0
0.01
0
0
0
0.01
0
0.67
0.16
0
0
0.04
3.46
0.56
3.02
5.28
11.27
18.27
14.08
3.75
0.03
0.42
0.01
0
0
0.28
1.68
0.27
0.13
0.06
0
0
0.02
0
0.51
0.53
0.02
15.55
4.43
0
0
0
0
0
0
0
0.01
0
0
0
0
0
0
0
0
0
0.5
7.88
1.92
0
0
0
0
0
0
0.01
0
3.84
7.87
6.45
2.33
0.23
2.01
1.89
6.85
2.88
1.99
1.16
0.3
1.33
0.09
0.41
0
0.08
0.04
0
0.02
0
0.43
0.01
0.36
2.23
0.32
0
0.37
3.92
1.75
0.71
1.98
3.55
3.18
3.67
2.48
2.13
2.46
2.9
4.27
1.93
1.14
0.04
0
0.02
0
0
0.01
0
0
0
0
0
0
0
0
0
0.73
2.05
2.59
13.18
6.84
0.28
0.14
0
0.3
0.02
0.05
0
0
0.32
0.06
0.24
1.82
0.04
0
0
0
0.01
0
0
0.01
0.01
0
0.17
0
0
0
0
0
0
0
0
0
0.01
1.12
0.03
0.64
0
0.01
0.02
0
0
0.01
0
0
0
0
0
0
0
0.05
0.04
0
0.01
0
0
0
0.05
1.45
0
0.12
0
0.43
0.04
0
0
0
0
0
0.01
0
0
0
0.01
0
0.08
0
0
0.07
0
0
0.15
0.07
0
0.01
0.03
0
4.09
2.86
0.16
0.01
0.02
0
0.08
0.01
0
0.01
0
0
0
0
0
0
0
0
0.02
0
0
0
0
0
0
0.01
0
0
0
0
0
0
0
0
0
0
0.01
0
0
0
0.25
3.93
0.48
0
0
0.01
0
0
0.28
2.15
0.44
9.79
1.16
0.05
0
0
0.02
0
0
0.19
0.05
6.09
1.7
3.62
1.03
0.06
7.7
11.05
0.88
0
0
0.01
1.09
5.61
25.96
22.23
18.57
7.27
0.05
0.43
0.62
0
0
1.22
5.34
5.42
0.52
0.31
0
0.49
0.09
0
0.02
0
0
0
0.06
0.38
0.47
0.25
0
0.01
0
0
0
0.05
0.07
0
0.13
0.24
0.01
0
0.12
1.34
0.07
0.04
0
0
0.27
0
0
0.15
0
0.01
0.01
0
0.01
0
0
0
0
0
0
0
0
0.01
0
0
0
0
0
0
0
0
0
0
0
0.01
0.89
0.23
0.22
0
0
0
0
0.17
3.24
3.37
5.27
7.77
0.38
1.52
4.29
3.64
9.08
8.57
2.37
0.69
0.84
6.4
2.74
6.37
15.78
5.18
4.08
5.18
8.29
4.38
1.63
5.86
1.86
6.47
0.88
1.07
5.19
2.7
0
0.43
9.6
1.5
1.47
0
0
0
0
0
0.43
0
0
5.01
4.7
0.31
0
0
1.47
9.31
2.51
0.4
5.35
14.54
3.24
0.63
0.02
0.02
0.03
1.16
5.01
0.07
0
0
0.21
0.86
0.81
4.9
15.5
2.28
0.29
0.43
0
0
0
4.88
3.39
14.47
1.09
0
0.12
0.27
0.2
1.72
2.03
0.07
0
0
0.07
4.37
11.88
0.01
1.42
5.13
3.88
0.02
0
0
0.07
0
0
0
0
0.79
4.63
0.84
0.09
0
0.59
5.02
1.2
0.72
1.79
1.46
0.37
0.01
0
0.01
0.91
0.34
1.04
0
0.02
0.14
0.02
0
0
0
0
0
6.47
0.76
0.02
0.49
1.91
0.47
0
0.02
0
0
0
0
0
0.01
0
0
0
0
0.01
0
0
0
0
0.51
2.64
1.3
0
0
0
0
0
0
0
0
0
0
0
0
0
0
0
0
0
0.02
0.57
0
0
0
0
0
0
5.34
2.53
0.31
0
0.61
0.02
0
0
0.14
0
0
0
0
0
0.15
0.09
5.34
0
0
0
0
0.02
0
0.94
7.7
0.23
0.02
0.02
2.66
1
0.18
0
0
0
0
0
0
0
0.3
0.79
0.6
1.39
1.11
1.62
3.46
1.02
0
0
0
0.08
0
0
0
0
0
0.03
0
0
0
0
0
0
0
0
0
0
0
0
0
0
0
0
0
0
0
0
0
0
0
0
0.01
0
0.01
0
0
0
0
0.84
6.79
10.88
8.34
3.08
1.11
7.73
1.05
11.02
4.26
0.23
0.21
0.41
0
3.95
2.35
14.86
0.88
0.09
0
0
0.13
0.03
0.76
0.47
0
0.02
0
8.88
3.76
2.71
1.04
1.88
6.52
0
0
0.27
1.28
4.68
0.68
0.02
2.72
0.27
0
14.93
3.2
6.58
7.15
8.28
2.59
0.25
1.04
0.56
0.65
0
0.17
0.07
0.29
0.53
0
0
0
0
0
0.17
0
0.17
0.34
1.92
1.09
0
9.32
1.5
5.9
5.35
9.94
4.07
5.96
0.27
1.28
0.35
0
1.43
0
0.01
0.02
0
0
0
0
0.14
2.52
1.02
0.68
0
8.37
4.13
0
0
0
0
0
0.02
0.59
0
0
1.42
3.17
2.32
1.51
6.37
10
4.42
1.81
11.05
22.8
2.27
2
1.36
0.42
7.62
17.53
3.84
6.97
5.69
4.46
2.47
0.84
3.32
0.31
2.13
0.04
0.51
23.54
26.38
7.05
6.57
26.38
4.62
2.27
0
0.31
5.55
1.98
0.1
0
0.09
0.13
0.07
0
0.01
0
0.02
0.71
8.17
3.47
0.16
0
0.56
4.2
0.92
0
0
0
0
0.01
0
0
0
0
0
0.01
0
0.27
0.15
0
1.52
8.56
9.16
35.34
18.74
0.79
0.37
1.86
3.68
5.26
2.46
0.79
1.71
3.38
8.76
0.57
2.84
0.13
0
0.06
0
0
0
1.89
16.73
0
0
0.01
0.51
0.11
2.34
2.35
1.13
5.88
5.25
0.11
0
0.03
0
0
0
0
0
0
0
8.83
6.96
12.68
6.3
8.07
4.38
2.08
0.31
0
0.02
0.07
0
0.34
0.16
1.18
2.28
0.84
0
0
0
0.07
0.01
0
0
10.64
6.73
0.03
0
0.19
0
0
0
0.7
0
0.02
0.74
0
0
0
0
0
0
0
0
0.03
0
0.03
0
0
0
0.02
0
0.01
0
0.13
0
0.01
0
0.24
0
0
0
0.56
0
0.01
0.01
0.04
0.02
0
0
0
0
0
0.87
0.01
0
0
0
0
1.02
0.27
0
0.01
2.88
8.52
23.66
8.23
9.07
2.99
0.83
0.88
1.2
0.41
1.42
0.48
1.5
6.61
7.82
2.56
5.41
1.34
0.73
2.98
0
0.04
0
0
0
0
0
0.01
0.91
0.02
1.07
0.84
0.04
0
0.02
3.61
7.24
2.05
0
0.02
0
0
0
1.2
7.36
0
0
0
11.7
9.15
8
0.34
0
0
0
0.01
0.05
0.01
10.95
0.02
0.01
0
0
0
0
0.15
0
0
0.07
2.09
0.7
0
0.37
25.59
24
2.44
0.67
0.11
0.04
0
0.34
0
2.09
2.49
11.3
1.48
13.79
2.27
0.12
0.27
1.81
0.05
0
0.23
0
0.09
0
0.01
0.09
0.02
0
0.01
0.13
0
0
0.02
0
0
0.37
3.71
0.47
0.01
0
0
0
0.62
3.1
14.1
5.61
4.48
4.82
5.8
2.05
8.29
1.12
14.13
14.9
7.45
2.96
1.38
15.65
12.33
12.8
14.63
21.12
4.64
3.03
7.13
2.59
1.51
1.34
2.09
0.93
5.07
0
0.61
0.69
0.31
7.71
2.09
0.47
1.66
1.39
0
1.95
1.61
0.16
0.16
3.75
0.93
5.8
1.5
0
0
0
0.07
2.29
1.18
0.19
0.71
0.25
0.23
0
0
0
0.15
0
0
0.6
0
0.03
0
0
0
0
0
0
0
0.07
0
0.04
0.24
0.09
0
0.25
1.55
1.64
0.18
0.03
0
0
0.02
0
0.63
8.56
2.06
0.68
4.09
1.84
1.7
0.02
0.02
0.73
1.85
4.17
0.68
0.01
0
0
0.34
4.28
0.68
0.02
0.3
0.32
3.06
0.39
0
0
0
0.01
0
0
0
0
0
1.09
2.17
0.31
0
0
0.45
0
0
0.15
0
0
1.3
1.92
5.38
1.69
5.25
0.69
0.82
2.17
2
0.41
3.6
1.34
0.02
0
0
0
0
0
0
0
0
0.05
0.01
0
0
0
0
0
0
0.02
0
0
4.51
2.6
9.85
6.09
0
1.96
3.09
0.39
0.02
0
0.01
0.05
3.05
0
0.09
0
0
6.66
1.02
0
0.02
0
0.1
0
0
0
0.01
0
0.02
0
0.01
0.07
0
0
0
0
0
0.04
0
0
0.02
0
0
0
0.18
0
0
0
0
0
0
0
0.43
0.2
3.54
11.04
14.94
2.02
5.15
2.72
0
0
0
0
0
0
0
0
0
0
0
0
0
0
0
0
0
0
0
0
0
0
0.02
0.04
0.02
0.02
0
0
0
0
0.02
0
0
0
0
0
0
0.01
0
0
0
0
0
0
0
0
0
0
0
0
0
0
0
0
0
0
0
0
0
0
0
0.13
0
0
0.7
4.65
1.74
2.02
1.43
0.15
0.15
0
0
0
0
0
0
0
0
0
0
0
0
0
0
0
0
0
0
0
0
0
0
0
0.11
3.5
1.66
0
0
0.21
12.44
4.9
0.71
0.28
0.16
0.12
3.01
0.66
11.8
0
0
0.26
2.9
0.59
0.11
0.84
1.31
0.8
0.24
0
0
0
0
0.12
0.01
0.16
11.94
5.59
0.56
0.48
0.12
0
0.01
0
0
0
0
0
0
0.35
0.57
0.27
0.38
2.75
2.35
1.54
5.11
1.53
1.91
0.3
0
0
0
0.41
0.38
0.06
0.16
0.39
0.02
0
3.04
0.84
1.76
0.04
0.08
1.05
9.79
5.18
17.38
6.77
0.99
5.68
3.82
1.7
1.96
0.76
0
0
3.71
2.38
1.02
0
0
0.11
0
0
0
0
0.32
10.57
2.75
0
0
0
0.32
3.38
0.02
0.04
0
0
0
0
0
0
0
0
0
0
0
0
0
0
0
0.01
0
3.38
14.88
2.15
0.86
0
0.8
0.35
3.96
0.33
1.77
7.27
17.64
13.69
7.32
0.98
0
0
0
0
0
0.01
0.02
1.18
1.98
1.32
6.95
9.24
6.8
4.95
3.81
13.27
10.52
1.94
2.99
0.23
0.19
0
5.91
2.89
0.03
0.12
0
0
0
0
1.24
30.32
9.2
3.84
0.02
0.01
0.57
4
0.78
12.63
11.77
1.44
1.26
0.16
1.04
14.88
8.24
1.16
0.86
0.24
8.93
20.66
1.33
2.66
5.55
11.18
8.97
10.28
3.04
3.01
3.17
8.14
5.07
17.84
10.09
5.51
1.2
0.48
0.86
0
0.04
0.41
1.46
8.43
18.59
0.83
3.52
1.38
9.93
6.55
4.07
0.63
0.02
10.47
0.85
0
0.03
0.27
0.42
0
0
0
0.16
0.05
2.22
0.66
0.43
0
0
0
0.04
0.4
1.73
1.44
7.7
0.48
0
0.01
0.01
0
0
0.16
4.3
4.09
1.09
0
13.54
0.22
0.01
0
0
0
0
0.02
0
0.08
2.99
1.55
0.56
0
0.12
0
0
0
0
0
0
0
0.2
0.09
0.54
0.01
0.07
6.54
2.58
0
0.03
0
0.01
0
0
0
0
0
0.02
0
0.04
0
0
0.29
3.63
0.51
0
0
0
0
0.05
0.74
1.41
0
6.05
0.63
0
0
0.93
1.43
4.24
0.61
1.08
0
0
0.01
0
0.25
1.14
1.94
1.33
0.07
0
0.06
0
0
0
0
0
0
0
0.01
1.2
0.71
23.7
8.3
0.56
1.71
1.35
0.77
0.03
0
0.16
0.01
0.04
0
0
0
0.77
0
0.03
0
5.49
0
0.01
0
0.61
0.01
0
0
0
0.55
1.05
10.25
3.41
1.41
0.15
0.09
0.67
0
0
0.02
0
0
0
0.05
0.01
0
0.01
0.05
0
0.82
0.26
0
0.17
2.25
0.92
0.26
0.2
8.34
1.89
0.5
0.87
3.26
0.39
0
0
0
0
0.14
0
0.01
0.01
0.49
0.07
0
0
0
0
0.51
4.84
7.42
3.02
2.46
1.09
6.7
13.46
5.5
1.03
13.43
1.49
0.77
0.15
0.28
0.77
1.66
5.39
5.76
0.45
2.22
0.41
3.83
8.58
7.68
7.47
4.02
1.14
1.5
8.81
0.94
0
0.01
0.61
0
0.01
0.02
0.03
0.02
0.32
6.98
11.57
12.38
12.92
10.35
8.19
6.9
4.09
1.09
7.91
3.96
10.07
0
0.59
1.36
1.01
1.69
2.49
1.87
1.04
0.62
0.77
1.04
0.21
0.01
0.03
1.26
0.93
0.23
0.4
3.36
2.05
5.79
10.82
0
0.7
5.05
1.47
0.12
0.34
1.22
2.15
1.01
10.28
2.39
1.43
1.03
0
2.42
0.62
0
0
0
0
0
0
0
0
0.1
0
0.1
0
0
0
0
0.02
0.01
0.17
0.14
1.42
0.44
0
0.01
0
0
0
0
0
0
0.04
0.06
0.08
0
0.14
0.14
0
0.58
0.06
0.01
0.33
1.98
3.15
3.47
1.95
0.02
2.61
2.14
1.6
0.92
0
0
0.32
1.69
3.87
4
2.13
0.28
0.19
1.27
1.2
0.76
0.18
0.05
0
0
0
0
0
0
0.17
0.41
2.42
0.32
0
1.58
2.06
0.42
0.18
0
1.05
0
0.32
0.43
3.45
11.97
8.31
1.73
0.63
0.08
0.95
1.87
0
4.74
0
0
0
0.73
0.19
0.05
0
0.42
0
0
0
0
0
0
0.11
0
0
0
0
0
0
0.01
0
0
0
0
0.01
0
0.03
0
0
0.01
0
1.29
0.2
0.19
36.13
0
0
0
0.08
0.49
0.21
0
0.85
4.42
0.06
0
0
0
1.39
0
0.04
0
0
0
0.01
0
0
0
0
0
0
0.02
0.01
0
0.01
0.02
0.02
0.09
6.16
0
0.23
9.05
7.55
15.81
7.41
5.02
0.64
2.5
0
0
0.01
0
0.01
0
0
0
0
2.05
30.05
51.5
34.09
1.56
0.07
0.9
9.59
0.13
0
0.64
5.12
6.7
1.17
1.02
1.65
4.84
3.16
4.14
1.23
0
2.39
2.7
17.68
1.73
1.67
0.7
1.14
4.23
4.68
11.46
3.09
0.07
0
0.4
1.16
2.84
13.24
5.47
0.23
0
0.13
6.89
2.76
12.27
32.27
20.91
4.16
7.34
2.85
0
0.81
0
0.01
0
0
0
0
0
1.1
0
3.06
4.25
1.17
0.86
0
0
0.66
0.21
0
0.86
5
2.14
1.39
6.88
3.16
0.29
0.01
0.35
4.15
5.81
0.38
0.37
0
0
0
0
0.01
0
0
0
0
0
0.01
0
0
0
3.55
9.73
8.8
0.97
0.07
0.01
0
0.01
0
0
0
0
0
0
0
0
0
0.02
1.31
9.41
4.05
0.61
12.82
3.14
1.12
2.62
4.04
3.25
0.5
0.02
0.34
0
0
0
0
0
0
0.34
0.86
0.01
0
0
0
0
0
0
0.07
0
0.01
0
0.17
1.87
0.65
0.6
0
0.02
0
0
0
0
0
0
0
0
0.02
0
0
0
0
0
0
0
0
0
0
0.01
0
0
0
0
0
0.06
0
0.01
0
0
0.21
0.53
0.65
3.8
1.88
0.39
2.16
5.42
0.08
0
0
0
0.01
0
0.01
0
0
0
4.91
3.3
0.32
0
0
0.01
0.1
0
0
0
0
0
0.01
0.3
2.08
9.39
0
1.01
0.01
2.36
0.58
0.23
0.09
2.5
0.29
0.83
0.15
0.18
0.08
0
0.01
0
0
0.01
0.76
0
0
0
7.89
5.71
15.3
10.52
8.05
1.54
0.77
0
0
0.02
0.02
0.05
0
0
0
0
0
0
7.06
19.8
10.46
2.38
3.93
1.22
1.19
13.57
10.24
4.87
2.41
0.18
0.21
1.66
0
0
0.02
0
0.07
0.01
0
0
0.01
0.02
0.09
0
0.02
0
0.08
0
0
0
0
0
0.21
0
0.05
0
0
0
1.45
0.26
0.69
0.62
0
0
0
0
0
0
0
0
0
0
0.18
18.82
2.09
0
0.04
0.05
0.1
0
0
0
0
0.01
0
0.02
0.48
8.85
0.2
0.16
0
0
0
0
0
0
0.01
0
0.59
0
0.02
0.03
0
0
0
0
0
0
0
0
0
0
0.37
0.1
3.65
0.13
0.02
0
0
0
0
0
0
0
0.04
0
0
0.05
0.01
0
0
0
0
0
0
0
0
1.04
0.24
0
0.07
0
0.01
0
0
0
0
0.15
0.21
2.3
4.85
3.72
3.95
2.56
0.05
4.55
8.22
7.2
0.21
0.01
0
0.01
0
0
0.01
0.01
0
7.16
3.25
1.21
9.66
5.72
4.68
17.51
4.86
0.43
0
0
0
0.02
0
0
0
0
0
0
0
0
0
0
0.01
0
0.07
0.14
0.01
0
0
0
0
0.01
1.15
0.12
0
0
0
0
0.02
0
0
0
0
0
0
0
0
0
0.48
13.45
14.95
4.91
13.22
10.3
10.27
4.38
0.21
0.08
0
0.05
0.18
0.11
0.37
0.47
2.73
0.98
12.17
5.79
2.62
1.41
5.84
0
0
0
0
0
0.09
0.36
0.05
0
0
0
0.34
0
0
0.41
1.14
3.16
0.16
1.52
0.16
2.22
2.03
2.98
8.95
1.74
1.44
0.63
3.66
0
0.04
0
0
8.11
5.68
2.95
2.59
3.68
2.31
0.53
0.29
4.23
0.12
0.02
0.06
0
0
0
0
0
0
0.03
1.19
0.03
0
0.04
0.01
0
0
4.39
11.38
1.62
2.81
2.13
0
0.09
0.6
0
0.13
1.7
12.57
2.13
12.46
1.69
2.26
0.66
2.55
0.27
3.68
0.34
0
0
0.07
13.08
0.09
3.74
0
0
0
0.22
10.35
4.63
2.66
0.92
3.1
3.91
0.21
0.03
0.18
0.71
0.19
0.04
3.37
0.68
0.14
0.8
3.63
5.45
3.85
8.46
8.28
1.32
0.82
10.55
4.24
0.52
0.09
0.02
0.01
0
0
0.08
0.21
0
0
0.06
0.63
0.59
0
0
0.76
0
0
0
0.02
0.04
0.77
1.04
0
0.03
0.08
0.05
0
0
0
0.45
0.21
0.04
0.02
0
0.09
0
0
0.01
0
4.84
11.95
8.18
5.24
0.02
0
10.82
0.83
0
0.04
0.02
1.1
10.51
0.2
0.06
1.22
0
0.05
0
0.15
0.06
8.74
3.82
0.35
0
0
0
0
0
0
16.46
15.94
6.16
0
0
0
0
0
0
0
0
0
0
0
0.01
0
0
0
0
0
0
0.02
0
0
0
0
0
0
0.15
0.05
0
0.09
0.05
0.04
2.16
1.16
0.75
3.8
7.18
0.47
0
0.01
0.05
0.27
0.02
0
0
0
0
0
0
0.03
0.01
0.01
0.02
0
0
0
0
0.04
0
0
0.77
0
0
0
0
0.01
0
0
0
0
0
0
0
0
0
0
0
0
0
0
0.24
0.13
0.04
0.11
0
0
0
2.86
3.89
1.71
0.21
0
0
2.09
6.9
0.13
0
0
1.05
5.8
0
0.15
1.01
0.23
0.02
0.01
0
0
0
0
0
0
0
0
0.33
0
0
0
0
1.11
0
0.01
0.05
16.34
4.5
11.72
4.7
1.34
0.83
0
2.98
11.64
0.41
0
0
0
0
0
0
0
0
0
0
0
0
0
0
0
0
0.01
0
0
0.01
0
0
0
0
0
0
0
0
2.09
8.71
0.73
0
0
0
0
0
0
0
0
0
0
0
0
0
0
0
0
0
0
0.13
1.45
4.06
5.96
14.06
1.68
0
1.26
3.61
0.02
2
0.85
0.03
0
0.01
0
0
0.04
0.62
0
0
0
0.7
6.73
14.47
2.36
4.39
11.41
1.84
4.89
0.33
1.95
2.87
0.64
0
0
0
0.06
0
0.01
0
0
0
1
0.16
0.27
0.53
8
7.83
1.28
1.03
0.47
0.11
0.11
2.13
0
4.22
1.77
1.9
0.6
0
0
2.48
2.17
1.11
5.61
0.74
0
0
0
0
0
0
0
0.09
16.94
1.13
1.04
0.13
0
0
4.18
1.02
0
0
0
0.01
0
0
0
0
0
0
0.03
0
31.72
7.18
0.66
0
30.78
2.91
8.36
2.77
4.17
0.3
0.13
0
0.02
0.51
0
0
0
0
0.18
2.38
0.13
0.05
9.77
1.16
0.43
0
0
0.44
0.78
1.7
2.97
19.7
6
5.97
5.68
0
0.02
0.8
3.34
8.89
0.52
0
0.44
6.28
6.94
1.27
1.02
0
0.02
0.04
0
3.27
6
7.08
0.95
0
1.7
1.16
4.94
4.82
2.16
0.01
0
0.96
0.06
1.02
0.51
0
0
0
0
0
0
0
0
0
0.01
0.01
0
0
0
0
0.03
0.04
0
0
0
0.01
0
0.01
0
0
0
0.19
0.09
0.02
0
0
0.01
0.06
0
0
0
0.01
0.02
0.2
2.1
0.25
0
0.21
0.71
1.05
0
0
0
0.03
0.01
2.74
12.36
0.47
0
0
0.02
0
0
0
0.86
0
0
0
0.02
0
0.07
0
0
0
0
0
2.97
0.47
0
1.96
1.35
2.93
2.02
1.8
0
0
0
0.78
7.27
3.3
0.82
0.01
0.02
0
0
0.01
0
0.01
0
0.1
0.02
0.66
5.82
1.84
0
0
0
0
0.01
0.01
0
0.01
0.04
0
0.02
0
0.04
0.86
0.64
0.23
0
0.02
0
0
0
0
0
0
0
0.77
0.15
0.01
0
0.11
2.21
0.7
0
0
0
0
0.02
0
0
0.11
0
0
0.37
0
0
0.01
0
0.09
0.03
0
0
0
0.2
0
1.16
2.94
0.07
0
0.01
2.57
0.66
0.23
3.96
5.37
0.33
0.03
0
0.02
0
0.2
0.06
6.89
13.38
9.83
3.21
6.57
0.45
2.88
0.09
0.07
0
0
0.18
0
0
0
0
0
0
0
0
1.52
0
0
0
0
0
0
0
0
0
0
0
0
0
0
0
0
0
0
0
0
0
0
0
0
1.08
1
0.85
0.83
10.05
5.91
8.94
2.11
3.13
12.13
7.58
3.1
0
0
0
0
0.2
0.25
0
0
0
0
0
3.8
5.66
2.24
0.7
0.01
0
0
0
0
0
0
0
0
0
0
0
0.5
0.64
0
3.13
1.5
0.05
0.1
0
6.32
1.41
0.19
1.91
0.15
0.01
0.02
0
0.05
0.08
0
0
0
0
0
0
0.01
0.02
0
0
0
0.03
13.23
20.13
5.93
1.12
0.52
0
0.02
0.24
0.26
0.44
0
0
1.38
4.09
14.79
7.74
4.62
0.34
0.47
5.63
0.9
0.28
0
0.61
2.32
1.15
0.24
3.02
0.06
0
0
0
0
0.02
0.03
0
13.85
4.04
1.86
0
2.63
0.48
0.04
0
0
0.42
0
0
0
0.01
0
0.5
2.12
0
1.1
14.12
5.93
0.82
0
0
0.18
0.16
0
0.13
0.08
0
2.98
0.64
0
0
0.01
0
0.97
0.49
0.83
1.52
3.05
2.27
7.24
0.3
2.8
0.63
0.93
1.52
0
2.22
0
1.28
0.17
0.61
3.38
23.65
4.02
1.91
0.26
0.04
0
0.41
6.41
0.8
0
0
0.12
0
1.95
0.4
1.2
0
0.47
2.5
0.35
0.2
0.63
9.89
1.72
0
0
0
0.01
0.26
0
0.09
0
0
0
0.01
0.03
0
0
0
0
0
0.4
2.44
0
0
0
0
0
0
4.1
0.66
0.41
10.09
1
6.17
23.21
3.65
1.73
0
0
0
0
0.06
0
0.14
0.13
0
0
0.05
0.01
0.26
6
0.66
0
0
0
0
0.01
0.24
0.56
0
1.77
0
0.7
5.38
1.85
16.83
1.05
0
8.52
7.41
0.31
0.84
0.2
0.06
0
0
0
0.13
11.26
19.21
14.08
0.6
3.55
1.13
0.33
1.29
3.57
2.35
1.6
0.03
0.25
1.33
12.89
0.45
0.87
6.79
1.2
0.24
0
0.03
3.17
2.51
1.37
0.42
0
4.15
0.27
10.8
8.45
2.4
4.66
0.45
0
0
0
0
0
0
0
0.35
0
0
0
0
0.51
0
0
0
0
0
0.4
2.98
4.73
0.52
8.43
16.53
1.92
0
0
0
0.96
0
0
0
0
0.28
4.73
10.55
22.94
3.34
0.24
0.37
0
1.81
7.07
1.53
1.25
0
4.59
13.24
17.27
5.72
7.13
1.16
0.2
0.45
1.1
0.09
0.32
0.02
13.96
5.21
2.95
5.39
8.66
0
0.02
0
0.45
1.11
19.31
9.34
6.62
1.88
0.7
1.37
8.3
10.25
7.16
2.08
5.63
5.28
1.02
7.51
10.77
1.85
0.96
0
0.05
0.03
1.25
4.89
8.29
2.56
5.84
0.37
0.12
0
2.26
5.48
9.12
5.27
3.47
4.35
4.99
2.47
2.06
1.02
1.12
0
0
0
0
0
0.86
0
0
0
0.19
2.13
9.26
1.8
0.88
0
0
0
0
0.3
5.02
0.52
1.27
17.34
7.66
3.95
0
0
0.99
4.45
0.11
0
0
0.01
0
0.12
0
0.02
0.44
0.7
0.13
0.03
0
0
0
0.02
0.05
0.77
2.49
2.25
0.09
0.08
0
0
0
0
0.28
0
0.18
0
0.75
5.95
7.52
0.83
0.43
1.5
5.27
4.1
0
0.01
0.07
0
0
0.05
4.46
1.14
0.01
2.98
7.6
1.36
1.79
3.57
0.02
1.27
1.65
1.5
2.12
0.71
0.41
0
0
6.23
15.7
8.8
8.09
5.84
2.3
0.2
0.49
0.31
0
0.2
2.49
3
6.09
19.68
1.99
0.01
0
0.01
0.34
0
7.66
1.02
0.56
5.52
0
0
0
0.46
0
0
0
0.01
0.08
0.09
0
0
0
0.33
1.43
0.74
4
0.04
0
0
0.14
0.05
1.58
2.84
0
0
0
0
0.01
0.63
3.42
4.61
0.57
0.11
0.1
1.55
1.61
0.13
0
0
0.3
8.55
1.38
0.02
0
0
0
0.2
0.02
0.13
0
0
0
0
0.25
1.52
0.14
0.64
4.05
2.11
0.52
0
0.32
0
0.08
6.45
4.01
0
0
0
0
0
0.02
0
0
0.01
0
0
0
0
0
0
0
0.01
0
0
0.77
15.07
0.16
0
0
0
0.49
1.16
1.14
0.03
0
0
0
0
0.05
0
0.04
0.03
0.32
20.74
6.9
6.51
5.84
0.43
0
0
0
0
0
0.68
4.43
24.5
2.46
10.44
1.5
3.37
2.11
1.3
2.05
0.46
0
0.07
0
0
0.61
0.04
0
0
0.5
0.27
0
1.13
0
0
0.12
0
0
0
0
0.01
0
0.14
2.87
4.38
13.16
1.52
0
0
0
0
0.11
0.66
4.98
6
11.21
4.3
0.04
1.49
6.5
4.29
3.49
20.47
10.13
1.54
0.98
0.29
1.72
0
0
1.94
5.22
0.43
0.24
4.01
4.42
5.49
1.18
0.79
0.02
0
0.53
0.19
5.64
3.67
1.6
0.4
0.88
1.45
1
0
0.12
1.91
0
0
0
0.62
1.76
2.34
1.85
4.15
6.31
1.11
0.95
1.53
4.02
1.09
7.21
1.86
0.39
0.83
1.46
0.23
0.12
15
0.87
1.05
1.26
0.36
1
0.61
0
0
0.58
0.56
1.27
6.21
8.52
2.01
0.27
0
0.55
3.57
5.05
0.84
0.45
4.96
2.57
0.48
0.63
4.93
8.66
23.47
8.61
15.33
8.7
6.4
17.71
14.69
2.36
0
0.73
0
0
0
0
0.46
3.79
0.43
0.13
0.95
2.38
2.47
0.58
0
0
0
0
0
0.28
0
0
0
0.59
6.02
0.67
0.02
6.19
0
0.52
11.18
1.63
1.18
3.97
0.57
1.88
0.73
6.96
2.14
0
0
0.27
0
0.12
0.01
0.29
0
0
0
1.85
1.84
17.12
16.61
1.21
5.55
8.52
2.99
2.83
0.32
5.61
5.93
3.01
0.11
0
0
0
0.17
0
0
0
0
0
0
0
0.05
0
8.71
12.38
8.39
13.66
2.87
0.96
1.39
1.2
4.13
8.64
5.34
0.47
0
0
0
0.04
0
0.17
0.38
0.61
15.45
3.84
0
0
0.22
0.07
0.27
3.92
0
0.65
2.13
4.83
0.45
0.09
0
0.04
0
0
0.34
0
0.27
0.6
0
0
0
0
0
0
0
0
0
0
0
0
0
0
0
0
0
0
0
0
0
0
0
0
0
0
0
0
0
0
0
0
0.01
0
0
0.01
0
0.01
0
0
0
0
0.85
0
0.5
0.1
0
0.02
0.01
0
0
0
0.08
0.69
0.78
0
0.02
0
0
0
0.09
0.02
0.36
0.73
1.12
8.8
0.99
0
0
0
0
0
0
0
0
0
0
0
0
0.42
0
0.32
0
0
0
0
0
0
0
0
0
0
0.57
0.21
0
0
0
0
0
0
0
0
0
0.02
0
1.44
0
0.25
0.61
0.33
0
0
0
0
0
0
0
0
0
0
0
0
0
0
0
0
0
0.02
0.4
0.64
5.22
0.51
0.63
1.04
0.27
0
0
0
0
0
0
0
0
0
0
0
0
0.01
0.11
0.45
0.05
0
0
0.26
12.58
9.56
2.3
0.11
1.72
10.48
5.35
1.06
1.3
5.54
4.06
5.73
2.78
5.47
1.25
0.47
0.48
1.23
2.46
0.98
0.54
0.91
5.77
17.21
2.64
4.41
0.48
0.54
4.35
1.21
0.06
1.6
7.7
1.7
0
4.39
2.38
1.76
0.68
0.33
0.01
0.26
0
0
0
0
3.81
17.69
12.56
1.61
5.53
1.4
0.01
0.74
2.34
13.86
20.46
5.99
1.11
0
0.38
3.2
11.28
1.26
8.35
5.57
5.14
7.01
1
5.38
10.78
10.34
5.57
5.85
6.36
1.59
0.77
0
0
0
0
0.07
0.01
0.15
0
0
0.08
0.13
5.15
1.15
0
0.29
0
0.08
0.43
4.63
1.57
0.38
0.68
0.32
0
0.41
3.94
1.12
0.95
2.63
10.04
7.47
2.41
2.71
1.63
1.7
2.84
10.59
4.59
1.26
0.95
0.34
0.23
0.39
0
0.36
1.94
8.5
3.21
0.19
0
4.37
7.41
5.21
1.39
0
6.39
13.88
2.77
0.61
0.76
0
0.38
0.19
0.58
0.7
0
0.02
0
0
0.01
0.01
0
0
0
0
0
0
0.04
2.12
1.55
2.63
1.76
0
0
0
0
0
0.03
0
0.05
0.01
0.01
0.02
0
0.02
0.03
0
0.05
0.51
0.41
1.65
5.34
19.59
47.99
5.23
3.78
0.25
1.96
1.43
0
0.09
9.55
2.98
0.67
0
0
0.07
0.02
0
0.02
0.01
0.03
0.03
0.03
0.01
0
0
0
0.06
7.56
4.86
13.29
0.11
3.74
10.69
0.68
1.03
1.42
0.56
0.25
0
0
0
0.59
3.1
0.73
0.04
0.14
0.8
1.51
0.14
0.1
0
0
0
0.6
0.04
0
0
0
0
0
0
0
0
0.03
0.02
0.05
0
0
0
0.07
0
0
0
0
0
0
0
0
0
0
0
0
0.02
0.02
0
0
0
0
0
0.03
0
0.43
0
0.13
1.19
0
0.03
0.07
1.79
5.5
0.45
1.41
0.04
0.13
0.22
3.61
6.25
7.84
2.4
1.09
1.69
6.76
19.92
3.3
0.52
0.85
0.04
0.39
0
0.48
0.52
0
0.16
0.1
0
0
0.06
1.05
0
8.7
1.58
0.13
32.59
9.08
3.88
11.93
11.25
13.26
11.05
3.63
0
0
0.05
0.62
8.42
4.42
1.02
1.02
5.02
15.15
10.32
1.82
0.06
0
0
0
0
0
0
0
0
0
0
0.53
0.06
0
1.8
7.86
15.77
3.36
0.75
1.3
0.21
0
0
0.01
0
0
0
0
0
0
0
0
0
0
0
0
0
0
0
0
0.62
0.2
0.09
0.07
0.02
0
0
0.05
0.29
0.21
0
0.73
0
0.04
0.19
1.74
5.82
6.71
0.68
0.53
0.06
0.18
0.26
0.06
0
0
0
0
0
0
0
3.08
2.45
2.77
1.13
0.16
0.38
0.09
0.05
2.48
0.26
0.06
2.34
0.96
0.05
0.02
0.26
0.27
0.55
0
0
0
0.01
0.68
2.54
0.24
0
0
0
0
0
0.08
0
1.97
1.07
0
0.01
0
0.02
1.98
0.59
0.02
0.16
2.71
0.98
0.49
2.7
0.7
1.72
6.13
7.88
3.6
0
0.15
0.65
1.8
4.55
3.57
2.72
0.2
0.02
0
0
0.05
0.38
0
0
0.19
0.65
0.08
0
3.21
7.8
5.49
12.22
7.23
1.17
0.12
0
0.07
2.43
0.07
0.22
0.75
0
0
0
0
0
0
0
0
0.05
0.04
0.04
0.03
0.08
0.26
7.88
3.34
1.01
2.05
1.66
0.08
0
0
0.01
0
0
0
0.35
0.79
3.8
3.68
2.52
0.59
2.61
13.54
10.48
18.11
6.3
1.42
0
0
0.01
0
23.67
4.13
0
0.23
0.02
0
0
0.01
0
0.41
0.1
0
0.15
15.88
3.66
1.15
0.77
0.47
0.23
0
0
0
0
0
0
0
5
10.07
3.51
0.97
11.3
11.11
8.62
3.09
0
0
0
0
0
0
0
0
0
0
0
0
0
0
0.09
9.53
0.76
0
0
0
0
0
0
0
0.09
0
0
0
0
0.45
0.43
0.34
0
0
0
0.16
0
0
0
0
0
0
0.09
0
0.02
0
0
0
0
0
0.02
0
0
0
0
0
0
0
0
0
0.38
0.42
0
0
0.23
0.15
0
0
2.77
4.89
2.06
0.36
0
0
0.02
0
0
0
0
0
0.01
0
5
0
0.09
6.93
2.2
0
0
0.02
0
0.01
0
0
0.56
2.71
0.82
1.32
0.46
0
0.84
0.01
1.26
0.09
6.44
2.57
0
0.33
0
0
0.24
0.23
0.16
0
1.09
0.34
0.66
0.02
0.05
0
1.41
2.38
6.46
7.59
3.63
0.13
0
1.4
0
0
2
7.91
3.44
2.44
0.1
0.16
0.16
0
0
0.04
1.56
1.61
4.55
2.41
2.91
2.6
28.78
8.35
1.3
2.93
6.11
1.73
0.16
0
0
0.37
0.9
0
0.01
0
0.01
0
0
1.88
2.13
0.68
0.24
0.33
0.37
0.01
0
0
0
0
0
0
0
0.38
0
0.04
0.29
0
0.59
0.98
0.44
0.25
0.02
1.11
2.35
0.27
0
0
0
0
0
0.57
0.01
0
0
0
0
0
0
0
0
0
0
0
0
0.14
0.25
1.39
0.57
0.03
0.01
0.06
0
0
0.11
0
0.03
0
0
0
0.01
0
0
0
0
0.05
0
0
0
0
0.09
0
0
0
0.08
1.54
15.58
5.07
2.69
0.45
0.01
0
0
0
0
0.52
0.3
0.07
0.06
0
0
0.04
1.99
1.81
3.29
0.2
0
0.02
0.01
0.43
0.15
0
1.02
0.03
0.02
0
0.59
0
0
0
0.65
0.04
0.04
0.26
0.64
0.38
0.07
0.01
0
0.02
0.16
4.16
5.07
5.79
2.32
0
1.1
5.96
4.85
1.3
0
0.61
0.27
0.16
2.64
5.96
1.93
6.39
5.8
0.58
3.04
2.39
0.03
0.14
0.2
0.45
3.17
10.84
9.79
5.99
4.26
0.21
10.61
1.71
0
0.67
0
0
0
0
0
0.02
7.88
6.91
10.01
5.65
13.67
2.06
0.04
0
0.05
0
0
0
0.01
0.04
0
0
0
2.38
6.78
0.75
0
0
1.83
5.08
0.56
0
0.01
0.1
0
0
0
0
0
0
0
0
0.06
0.01
0.01
0.01
0.01
0
0
0
0
0.01
0
0.23
0.16
0.46
0.3
2.41
1.76
2.34
0.38
0.05
5.41
0.46
0
0
0
0
0
0
0.07
0
0
0
0
0.01
0
0
0
0.01
0
0
0
0.04
0
0
0
0
0
0
0
0
0.07
3.96
2.29
1.25
0.05
1.41
2.77
1.35
0
0.02
0
0.19
0
0
0
0.18
0
0
0
0
0.97
0.12
0
0
0
0
1.66
0
0.64
7.73
0.96
0
0
0
0
0.01
0.07
0
0
6.05
1.14
0
0
0
0
0
0.02
0.52
1.8
0
0
5.62
4.87
2.53
0.04
3.61
5.14
6.73
1.14
0.02
0.36
3.32
0.12
1.34
0
0
0.01
0
2.04
1.34
0
0
0
0
0
0
0
0
0.13
0
0.04
0.57
0
0
0
0.01
0.09
0
0
0
0
0
0
0
0
0
0
0
0
0
0
0
0
0
0
0
0
0
0
0
0
0.07
0
0.02
0.01
0
0
0.01
0
0
0
0
0
0
0.05
0
0
0
0
0.06
1.63
1.38
0.59
0.18
1.3
2.16
0.49
2.97
7.98
1.54
1.94
6.16
16.7
6.8
7.04
2.42
1.93
11.05
12.55
25.75
10.87
10.42
5.89
0.54
0
0.01
0
0
0.04
0.01
0
0
2.61
7.26
0.88
0.8
0.25
1.66
4.18
0.94
0.54
0.12
0
0
0.01
0.02
0.07
0.05
0.07
0
0
0
0
0
0
0
0.22
0
0
0
0
0
0
0
0
0.13
6.13
1.08
16.72
4.43
0.77
2.25
0.95
0.16
8.08
1.05
0.27
3.82
3.4
0.35
0.51
0.01
0
0
0
0
0
0
0
0
0
0
0
0
0
0.01
0.01
0
0
0
0
0
0
0
0
0.3
0.39
0
0.02
0
4.96
7.81
12.76
5.16
0.74
0.3
2.4
2.04
1.25
0
0
0
0
0
0.13
0.52
0
0.92
4.17
14.35
12
10.96
0.66
0
0.02
0
0
0.02
0.02
0
1.59
0
0
0
0.46
0.83
0.1
0
0
0
0
0.39
0.25
0
0.01
0
0
5.3
7.82
1.5
0.18
0.05
1.59
0.23
0.04
0
0.28
1.42
4.06
13.7
9.33
7.14
5.19
0.73
0
23.23
20.27
1.99
0
0
0.01
16.47
2.27
0.89
0.03
0.03
0.02
0.01
0.4
0
0
0
0
0
0.01
0
0
0
0.05
1.05
0
0
0.63
2.45
0
1.82
14.93
1.21
1.88
0.47
4.66
3.91
0.01
0
0.03
0
0
0
0.01
0
0
0
0
0
0
0
0
0
0
0
0.01
0.03
4.55
5.46
0.33
1.67
0.59
3.46
0
0
0
0
0
0
0
0
0
0
0
0.3
0
0
0.02
0
0.22
0
0
0
0
0
0
0.29
0
0
0.02
0
0
0
0
0.59
0.11
0
0
0
0.03
3.3
4.18
2.1
0.01
0
0.42
0
1.75
0.37
12.58
2.62
0.01
0.03
0
1.8
13.27
3.14
0
0.02
4.65
0.31
0
0.01
0
0.01
0.02
0
0.01
0
0
0
0
0.14
6.63
0.38
0
0.13
1.45
9.98
4.39
11.84
2.51
5.91
2.02
0.43
0
0
0
0
0
0
0
0.01
0
0
0.04
0
18.05
33.38
6.66
0.84
0
0.49
2.3
2.97
1.4
1.29
0.24
0
0
0
0
0.06
0
0.01
0.02
11.76
7.73
3.86
0.09
0.2
0
0
0
0
0.01
0.01
0.02
0
0.38
0.16
0.13
0.23
5.85
3.57
0
0
0.04
0.66
0.08
0.06
2.21
1.28
0.16
0
0
0.03
0
0
0
0
0
0
0
0
0
0
0
0
0.02
0
0
0
0
0
0
0
0
0
0
0
0
0
0
0
0
0
0
0
0
0
0
0
0
0
0
0
0
0
0
0.01
0.42
0
0.03
0
0
0
0
0
0
0
0
0
0
0.1
0.02
0
0.05
8.09
3.33
0.13
0
0
0
0
0
0
0
0
0
0
0
0
0
0
0.03
0.03
0
0
0
0
0
0.26
0
0
0.01
0
0.26
0
0.05
0.03
0
0.79
0.26
0
0
0.02
0
0
0
0.01
0
0
0
0
0
0
0
0
1.42
3.31
1
3.54
0.79
7.73
4.47
12.46
5.53
1.26
0.41
0.82
0.43
4.59
0.55
0.02
0
0.01
0
0.02
0
0.01
0.01
0
0.25
0.09
0.78
1.55
0.48
3.8
1.24
0.1
0
0.03
1.54
1.36
0
0
0
0
0
0
0
0
0.04
0.02
0
0.39
0.01
0
0
0
0
0.02
0.18
0
0
0
0
0
0
0
0.01
0.01
0.33
7.57
4.45
2.88
3.82
1.37
0.02
0
0
0
0.06
0.59
3.22
1.57
1.2
0.66
0
0
0
0
0
0
0
0
0
0
0
0
0
0
0
0.06
0.05
0.03
0
0
0.02
0.01
0
0
0
0
0.16
0
8.04
12.06
2.66
0.38
0.19
3.62
0
0.02
0.01
0
0.01
0
0.02
0.04
0
0.02
0
0.02
0
15.44
0.63
0
0.04
5.62
6.9
0
0.02
0.02
25.3
3.79
0
0
0
0
0
0
0.01
0.01
0
0
0
0
0
0
0.01
0.01
0
0
0
0
0
0
0
0.02
0
0
0
0.94
0.16
0
0
0
0
0
0
0
0
0
0
0
0.14
0.55
0.2
0.01
0
0.02
0
0
0
0
0
0.01
0
0.01
0
0.52
2.04
3.82
0.25
0
0
0.01
1.38
1.04
4.9
1.44
0.41
0.06
5.58
0.6
0
0.13
0.52
5.31
4.96
5.43
18.92
2.59
3.26
13.29
6.26
0.74
0
0
0
0.02
0.01
0
0
0
0
0
0
0.01
0
0
0
0
0.35
0
0.02
0.24
0.15
6.59
8.3
4.8
3.55
19.53
8.16
19.78
6
2.16
0.53
0
0
0
0
0.01
0
0
0
0
0
0
0.05
0
0.26
2.18
6.24
1.3
0
0.04
0
0
0
0
0
0.01
1.11
2.26
6.27
8.15
1.9
1.35
1.23
0.14
1.14
0.3
0.02
0.63
1.52
1.18
0.67
0.56
0.11
0
0
0
0
0.01
0
0
0
0
0
0
0
0
0
0.33
0.41
0.2
0.2
2.64
0.37
0.98
1.05
0.82
11.15
12.21
1.29
0.16
0.13
0.07
0.05
0
0
0
0.16
0
0.08
0.41
0.28
5.09
4.03
8
4.6
2.27
0.9
7.06
7.59
9.47
6.49
1.59
12.62
2.5
1.32
0.17
8.96
1.81
0.53
12.2
1.39
0.88
5.18
0.95
0.44
0.41
0.01
0
0.01
0.16
0.08
1.46
1.15
3.69
2.86
0.01
0
0
0
0
0
0
0
0.14
1.38
0
0
0.16
0.65
2.52
5.47
3.8
0.59
0.64
6.96
3.31
11.67
7.77
0.82
0.02
0.38
0.32
18.01
12.91
4.57
5.56
11.44
6.67
1.15
9.85
9.39
4.43
1.14
4.89
0.8
1.18
1.06
1.43
3.07
0.27
0.2
0.13
1.45
10.24
19.91
2.16
1.16
0.2
0
0
0
0.25
0
0
0.01
0
0.19
5.31
3.27
0
0
0.16
0
0.01
0
0.02
0.02
0
0
0
0
0
0
0.02
0
0.02
0
0
0
0
0
0
0
0
0
0
0
0
0
0
0
0.01
0
0.01
0
0
0
0
0
0
0.01
0.02
0
0
0
0
0.01
0
0
0
0
0.01
0.01
0.65
0.59
0.09
0
0
0.01
0
0
0
0.4
4.43
0.95
0
0
0.05
0.04
0.01
0
0
0
0
0
0
0
0
0
0.6
0.95
0
0
0
0
0
0
0
0
0
0
0
0
0
0
0.11
0
0
0
0.02
11.32
2.72
0
2.25
5.88
2.34
4.9
0.94
0
0.05
0
0
0
0
0
0
0
0
0
0
0
9.08
3.49
0.01
0
0
0
0.15
6.66
1.56
0
0
0
0.01
2.08
2.26
0.18
9.15
3.33
5.62
17.54
25.94
6.38
10.99
0.29
5.49
23.76
8.83
8.9
1.54
1.42
6.81
1.52
0.59
0.37
0.18
0.12
0.07
0
0
0
0
0.7
15.81
4.26
0.44
1.27
0
0.01
0.02
0
0
0
0
0
0.55
0.48
0.09
0.05
0
0.04
0.19
0.2
0.32
0.05
0.02
0
0.01
0.01
0.26
0
0.3
0
0
0
0
0
1.54
4.91
7.41
1.69
0.48
0.08
0.18
0
0
0.01
0.13
0.05
0.35
2.38
5.44
3.13
1.67
12.73
13.28
7.3
3.98
1.91
6.93
1.87
0.98
0.57
0
0
0
0
0
0
0
0
0.08
1.42
4.07
9.86
13.52
11.05
3.36
2.23
1.33
0.2
2.23
9.01
1.09
0.78
0.3
5.04
2.43
0
0.11
1.7
0.04
0.2
0.27
3.98
1.16
0.37
0.24
0.02
0
0
0
0.01
0
0.16
0.11
0.05
0
0
0.01
0
0.86
4.74
4.48
4.55
2.8
0.32
0
0.02
0
0.27
0.09
0
0
0
0
0
0.84
3.46
4.9
3.15
1.43
3.91
0.2
0.38
0.27
0.23
0
0.18
0.01
0.19
0
0
0
2.05
13.03
6.65
3.15
6.84
1.55
0.95
1.52
0.24
0.02
0
0.02
0.19
11.04
2.95
1.05
0.59
0.05
0
0.01
0
0
0.45
2.08
1.59
11.2
6.25
0
0.26
1.01
0.21
0.02
0.76
5
1.59
0.02
0
3.01
1.47
0.07
0.05
0
14.96
2.21
0.14
0.31
0.02
0
0
0
0
0
0
0
0.01
0.01
0
0.02
0
0
0.39
0
0
0
0
0
1.06
1.39
0.02
0
0.14
0
0.02
1.75
0.86
0
0
0.01
0.01
0
0
0
0.02
0
0.09
0.02
2.3
0.05
0
0.01
0
0
0.01
0.03
0
0
0.02
0
0
0
0.02
0
0.18
5.79
0.77
0
0
0
0
0
0
0
0
0
0.01
0
0
0
0
0
0
0
0
0
0
0
0.21
0.06
0
0
0
0
0
0
0
0
0
0.01
0
0
0.23
0
0
0.09
1.18
0.26
0
0
0
0
0
0
0
0
0
0
0
1.32
0.11
0.16
0.64
0.67
0
0
0.01
0.01
0
0.64
0.11
0
0
0
0
0
0
0
0
0
0
0
0
0.02
0
0
0
0
0.06
0
0.15
0.05
0.02
0
0.01
0.01
0
0.34
3.02
6.19
11.63
2.72
0.99
0.03
0
0.01
0.11
0.86
2.55
1.54
0.17
0.73
0.23
0.02
0
0
0
0
0
0
0
13.78
15.76
3.83
0.01
0.04
0.01
0
0
0
0.38
8.9
1.57
0.98
4.45
0.28
0.51
0.01
0.05
0
0
0.03
0
0
0
0.01
0
0.39
3.95
7.87
9.12
3.41
1.99
9.98
10.56
4.85
2.54
3.09
4.19
3.38
3.49
0.2
2.68
0.07
4.74
1.05
0
0
0
0.01
0
0
0.01
0
0.02
0
0
0
0.01
0.01
0.01
0.02
0
0.01
0.01
4.34
11.15
3.68
1.18
0.5
0.54
1.72
4.23
1.36
0.18
5.04
1.8
0.17
0.19
0.02
3.05
16.41
19.21
11.11
8.58
7.21
5.49
3.05
9.13
2.05
0
0.75
6.98
1.56
0.04
0
5.07
4.76
1.8
0.07
0.08
0
0.08
3.86
1.13
0
1.33
0.28
3.21
6.42
0.75
0
0
0
1.52
0.33
0.45
0.16
0
0
0.02
0.16
0
0.02
0
0.01
0
0
1.32
5.76
2.02
0.48
4.2
10.2
1.88
1.35
0.33
2.06
3.25
0.45
0.17
2.61
2.03
1.7
0.62
0.55
0.2
0.43
4.76
1.27
2.49
10.66
10.42
5.19
3.44
1.4
0
0
0
0.96
0.45
2.82
13.66
4.12
0.52
0
0.01
0.04
0
0
1.3
0.16
0
0.37
0.12
0
0
0.13
0
0.01
0.08
0.02
3.56
0.08
0
0.03
0
0.03
0
0
0
0
0
0.01
0
0.04
0
0
0
0
0.02
0.14
0.1
0.27
1.07
0.15
0.48
6.6
1.13
0.64
0
0
0
0.16
0.1
0
0
0
0
0
0.16
0
0.04
0
0
0
0
0
0
0
0.66
0
0
0.84
0.13
0
0
0
0
0
0
0.08
0.96
1.92
0.36
0.01
0
0
0
0
0
0.01
0
0
0
0
0
0
0
0
0.01
0
0
0
0
0
0
0
0
0
0
0
0
0.02
0
0
0
0.01
0.02
4.77
10.72
1.3
0
0
0.13
1.11
0
0.1
0.69
0.89
0.05
10.6
4.11
0
0
0.02
0.02
5.68
16.86
1.63
4.16
0.14
2.19
0.13
0
0
0
0
0
0.06
0.04
0.02
0.07
1.47
1.66
2.03
4.86
1.33
0.01
0.05
0.04
1.14
5.75
0.93
4.39
5.09
6.63
3.33
0.91
0
0
0
0.18
3
9.11
0.28
0
0
0
0
0
0
0
0
0
0
0
0
0
0
0
0
0.09
0.35
4.32
13.65
2.16
0.12
0.56
0.54
0
0
1.98
0.88
0.02
0
0
0
1.9
0
0
0
0
0
0
0
0.1
0
0.03
6.18
0.61
0.01
0
0
14.68
3.18
0.44
0.03
0
0
0.02
0
2.69
0.34
0.2
0.07
0.03
0.05
0.26
0.29
0.02
0.02
0.03
0
0
0.01
0
0
0
0.03
0.29
29.45
8.35
0.74
15.45
11.94
1.32
0.98
0.05
0
0.01
0.31
0.06
0.13
2.21
1.23
0
1.9
6.41
4.98
3.09
12.71
6.74
0.83
0.4
4.52
1.47
0.11
0
0
0
0.01
0.5
7.16
11.12
1.11
0.06
0
0.03
24.54
10.11
1.88
0
0
0
0.02
0.5
6.52
5.38
0.85
0.29
0.01
0
0
0
0
0
0
0
0
0
0
0.59
1.99
1
0
0
0
0
0
0
0
0.05
0
0.01
1.33
2.33
0.87
0.07
1.13
0.07
0.2
0
0.35
7.21
7.16
13.2
4.48
2.89
11.51
9.67
2.13
0.28
0.02
0.01
0
0
0
0
0
0
0
0
0
0
0.6
3.42
0.75
0
0
0
0.04
0
0
0.07
0
0
0.01
0
0
0
0.46
0.62
0.55
0.13
0
0
0.06
3.48
5.77
0.39
0
0.01
0
7.02
9.41
1.05
0.03
0.42
2.7
0.07
0
0
0
0
0
0.01
0
0
0.02
0.01
0
0
0
0
0.07
0.14
3.78
1.04
0
0
0
0
0
0
0
0
0.34
0.37
0
0.06
0.2
0
2.93
0
0.02
0.1
1.61
3.33
1.77
6.49
0.47
0.17
0
5.49
4.73
15.32
8.36
0.31
0
0.01
0
0
0.02
0
0
0
0.05
25.9
2.08
0
0
2.23
0.04
0.01
0
0
0
0
0
0.01
0.01
0
0
0.05
0.02
0.05
0.01
0
0
0.16
0
0
0
0
0.14
0
0
0
0
0.6
5.71
0.45
0.7
0.18
0.58
0.04
1.03
0
0.12
0.02
0
0.01
0
0.55
0.01
0
0
0.02
0.01
0
0
0
0.05
0
5.84
0.5
0
0.03
0.13
1.76
0.79
0
0
0.75
0.59
15.92
4.48
0.8
11.52
6.14
1.26
0
0.02
13.37
13.28
7.05
0.13
0
0.23
0.6
0.11
0.04
0
1.69
5.21
4.7
13.77
13
9.07
0.09
0.43
2.16
0.03
0.1
0.01
0
0.04
0.59
0.6
0.7
0.06
2.82
23.76
3.5
2.78
0
0.09
0.3
0.35
0.19
0
0
0
0
0
0
0
0.14
1.55
2.6
0.43
0.88
0
0
0
0
1.01
6.71
10.24
8
3.91
1.49
0.08
1.27
3.6
11.08
24.15
4.28
5.02
2.15
1.8
0.12
0.11
0
0
0
0
0
0
0
0
0
0
0
0.03
0
10.79
1.96
0.79
0.08
0.91
3.31
0.2
0
0.01
0.02
0.51
13.98
3.95
6.78
4.92
7.4
4.29
11.29
0.11
0.12
0.04
0
0
1.13
1.53
6.29
3.88
3.86
2.17
12.1
1.45
0.09
0.72
0.27
0.48
0.76
0.6
3.06
0.46
0.01
0
0
0.05
0
0.06
0
0.04
6.31
1.86
0.14
0
0
0.01
0.02
0.63
0.07
0.04
0.14
0.07
0.05
0
0
0
0.07
1.73
0
0
0
0
0
0
0
0
0.33
0
0
0
0
0
0
0.01
0.77
0
0
0
0
0
0
0
0.32
0.27
0
0.1
7.61
8.42
12.59
2.41
2.43
1.98
3.05
0.23
2.87
11.02
1.58
0.41
0.12
2.2
1.07
2.7
4.09
2.04
0.66
0
0.43
0
3.74
25.26
10.03
1.17
0.5
0
0.08
2.49
0.04
1.74
7.74
2.45
0.64
1.14
6.96
7.31
15.1
9.27
7.89
5.32
1.67
0.54
1.8
0
0.51
0
0.83
0.06
0.65
0
9.84
1.47
0.91
0.25
0.02
0
0.27
0
0.8
0
9.34
0
0.28
0
0
34.89
30.96
2.01
1.05
2.28
1.95
2.03
9.43
0.83
3.04
1.52
0.02
0
2.69
1.15
6.05
1.75
0
7.02
5.84
2.91
8.63
10.91
0.3
0
0.87
1.89
1.84
0
0.25
0
0.27
0
0
0.1
0
0
0
0.05
0.02
0.02
0.19
0
0
0.01
0.83
0
0
0
0
0
0
0
0
0.01
0
0
0
0
0.01
0
0
0
0
0
0
0
0
0
0.02
0
0
0
0
0
0
0
0
0
0
0
0
0
0
0.01
0
0
0
0
0
0
0
0
0
0
0
0.03
0
0
0
0.01
0
0
0
0
0
0
0
0
0
0
0
0
0
10.7
0.73
0.04
0
0.02
0
0
0
0
0.27
0.86
4.18
0.81
0.54
10.57
8.31
28.31
6.46
7.05
2.41
0
0.01
0
0
0
0
0
0
0
0.57
0.86
0.2
0.09
0.14
0.03
0
0.02
0
4.77
0.75
0.41
0.59
9.65
3.69
0.03
0.19
0
0
0
0
0
0.03
0
0
0
0
0.44
0.2
0
0
0.06
17.93
3.51
0.47
0.05
0
0
0.04
0
0
0
0
0
0
0
0
0
0
0
0
0
0
0
0
0
0
0
0
0
0
0
0
0
0
0
0.01
0.01
0.26
7.52
0.11
0
0
0
0
0
0
0
0
0
0
0.01
0.18
0
0
0
0
0
0
0
0.34
0.14
0
0
0.01
0
0
0
0.04
0
0.16
2.52
3.93
2.45
0.76
0.02
0
0
0
0
0
0
0
0
0.4
0.19
3.6
10.84
14.09
5.29
6.66
5.65
0.28
0.1
0.25
0
0
0
0.67
4.12
1.55
0.22
0
0
0
0
0
0
4.04
1.99
0
0
0
0
0
0
0
0
0
0.58
3.75
1.09
14.54
6.49
1.04
7.17
7.57
4.91
2.42
3.14
3.61
2.15
0.93
0.51
3.18
4.89
3.37
0.59
0.34
0.39
0
0
1.83
3.55
1.62
11.45
8.4
7.31
10.25
2.51
0.49
0.05
0.17
0
0
0
0
0
0
0
0.01
0.96
0
0
0.03
4.23
4.68
0.23
0.93
0
0
2.79
0.82
0.11
8.56
4.27
11.55
19.83
2.46
1.74
1.69
1.18
3.61
9.35
11.59
2.3
4.36
0.4
0.13
0.07
0.44
0.76
0
0
0.82
0
0
2.98
8.58
2
0.91
5.31
12.34
0.15
0
0.34
1.85
0
0.05
0
0
0.01
0
0
0.6
0
0
0.33
0
0.01
0.04
0.02
0.01
1.45
0.43
1.11
0
0.02
0.02
0
0
0
0.01
0
0.22
0.53
1.29
0.31
0
0
0.02
0
0.09
0
0
0
0
0.1
0
0
0.29
0
0.02
0
0.04
1.69
0.01
0.23
0.02
0.02
0
0.02
0
0.08
3.65
0.07
0.05
0
0.05
0.59
0.01
0
0
0
0
0.63
0
0.08
0.01
0.7
13.54
7.26
3.16
8.36
5.15
0
0.76
0
0.16
0
0
0.01
0.11
0
0
0.24
0.66
0
0
0.01
0
0
0
0
0
0
0
0
0
0
0
0
0
0.01
0
0
0
0
0
0
0
0.66
0.05
19.27
4.73
0
0
0.57
0.08
0
0
0.26
0.68
3.28
0
0
0
0
0
0.28
0.35
0
0.14
0
0
0
0
0.11
0
0
0.29
2.02
0.48
6.98
8.3
3.52
14.28
8.63
14.48
7.52
4.94
2.31
4.07
6.9
7.14
1.98
3.69
3.38
2.6
0.32
2.3
1.31
4.02
3.87
2.17
4.63
8.22
2.16
0.71
8.94
3.82
3.2
0.95
8.82
21.66
10.69
0.7
0.65
3.66
0.59
0
0
3.97
6.93
0.5
0.76
0.31
0.12
0
5.53
2.75
4.48
2.18
0.27
0.2
0.39
0.13
0.46
0.81
0.79
0
0
0.23
0.39
0
0.02
0.01
0
0.01
0
0
0
0.16
1.32
0.24
2.88
3.93
3.05
0.86
4.11
1.63
0
0
0
0
0.04
0
0
0
0
0
0
0.12
0
0
0
0
0
0
0.01
0.01
0
0
0
0
0
0
0
0
0.14
0.06
0.02
0
0.21
0.13
2.28
0
0
2
0.79
0
0
0
0
1.04
0
0
0
0
0.06
3.48
3.28
0
0.01
0.25
0
0.01
0
0.22
2.43
2.01
0.15
3.17
8.92
4.27
1.81
4.64
0.42
0.11
0.01
0.02
0.2
0
0
0
0.01
0
0.01
1.59
0.13
0.39
1.55
1
4.83
2.4
0
0.01
0.57
0.95
1.48
0.31
0.01
0.01
0
0.16
0
0
0.2
0.02
0.02
3.88
0
0
0
0.18
0
0.25
0.58
0.07
0.16
0.19
0.4
0.08
0
0.34
0.13
0
0.02
0.02
0
0
0
0.53
6.22
0
0.56
0
0
0
0.32
0
1.32
4.47
0.04
0
0.07
0
0
0
0.03
0
0.09
0
0
0.29
0
0.32
0
0
0
0
0
0
0.01
0.02
0.04
0.01
0.01
0
0
0
0.42
0.37
0
0.71
0
0.13
0
0.08
0.78
0.13
0.24
0.39
0.03
0
0
0.05
8.83
0.7
0.12
0
0
4
2.42
0.12
0.16
0
0
4
0.27
5.55
0
0
0.03
0
0
0
0.12
0
1.86
12.13
0.3
0.5
0
0.1
0
0
0
0
0.07
0.05
0
0
0.33
0.9
0
0
0
0.42
30.41
5.57
0.02
0
0
0
0.49
0
12.32
2.3
0.04
0.54
0
0
0
0
1.39
10.51
0.33
0
0.54
3.97
0
0.8
1.52
3.08
0
0
0
4.02
0.17
0.06
0.35
0.02
0
0
1.52
2.14
3.7
1.77
12.59
0
2.12
12.43
16.82
10.52
2.29
0.68
1.35
3.98
6.16
0.7
1.47
4.77
0.34
0.14
0.02
0.3
0.4
0.46
9.04
15.57
3.86
1.03
0.02
0.19
0.38
0.67
0
0.01
0
0.17
1.19
0.27
3.67
0.45
4.94
11.36
2.18
0.53
0.4
0.16
0.1
0.16
0.14
0.02
0.01
0
0
0
1.2
11.54
2.68
1.41
0
0.02
0
0.01
0
0.19
0
0
0.01
0.02
0.01
0
0
0
3.59
0.75
1.8
0.41
0.27
0.17
0.21
0.01
0
0
0.02
0
0.38
4.58
0.32
0.32
0.28
0.54
0.8
0
0.01
0.02
0.16
0.28
0.25
0
0
0.04
0.02
0.12
0.05
0
0.74
0
0.01
0.76
0
0.27
4.78
9.77
0
0.09
1.96
2.47
2.07
0.39
1.5
0.59
0
0.23
0.19
0.29
0.53
6.8
2.71
4.95
0.87
0
0.02
0.01
0
0.21
0.01
0.43
2.35
17.72
2.99
0.6
0.72
0.4
5.48
8.79
5.74
4.16
2.87
1.16
0.46
5.03
2.19
1.48
0.59
3.77
4.2
0.09
0.13
0.12
0.28
0.04
0.16
0.31
0.49
6.42
0.92
0
0.01
0.3
0.48
0
0.43
2.27
4.23
0.24
0
0.02
0
0
0
0.04
3.56
2.99
10.18
28.9
5.53
1.41
0.02
0.21
0.12
0
0.02
0.01
0.88
1.68
0.05
0.07
0.19
0
0
1.14
0.07
0.04
0.57
0.98
0.02
0.37
1.27
0
0.02
0
0
0
0.02
0
0
0
0
0
0
0
0.01
0
0
0
0.01
0.04
0
0.45
1.88
2.94
4.01
1.98
0.11
0.02
0.04
0
0
0.01
0
0.02
0
0
0
0.66
6.47
0.05
0
0
0.01
0.01
0
0.11
0
0.01
0
0
0
0
0
0
0.75
1.19
0
0.98
0.59
0.01
0
0.11
0
0
0.01
0
0
0
0
0.01
0
0
0
0.81
0.03
0
0.04
0
0
0
0.04
0.58
0
0
0
0
0
0
0
0
0
0
0.01
0
0.02
0
0
0
0
0
0.02
6.65
0.04
0
0
0
0
0.03
0
0.18
2.54
1
0.51
0
0
0
0.01
0.13
10.54
19.25
8.71
1.56
0.34
0.02
0
1.31
0.54
0
0.01
0
0
0
0.13
0
0.45
0
24.94
3.14
0.08
0.09
0
0.23
0
14.08
3.64
1.56
0.09
0
0
0
0
0
0
0
19.4
25.59
10.37
4.56
1.74
1.05
1.45
0
0
0
0.01
0
0
0.65
0.55
0.17
9.17
5.78
0.48
1.45
0
0
0
0
0
1.92
5.59
0.08
0
0
0
0
0
0
0
6.15
1.05
5.78
0
0
2.55
3.24
0.44
0.2
0
0
2.01
1.19
0
0.63
1.79
15.97
2.41
6.49
4.69
0.41
0
0
0
0
0.06
0
0
0.02
0.25
0.13
4.99
1.41
0.56
0
0
0
0
0
0
0
0
0
0
0
0
0
0
0
0
0
0
0
0
0.02
0.35
2.07
1.73
0
0
0.22
0
0
0
0
0
0
0
0
0
0.12
0
0
0
0
0.01
0
0
0.01
0
0
0
0
0
0
0
0
0
0
0
0
2.8
0.02
0.02
0.02
0.01
0.54
16.57
3.08
0.14
0.01
0
0
3.23
2.34
0.14
0
0
0.15
3.73
0.18
0.02
0
0.07
0
0
0.01
0
0
0
0
0
0
0
0
0
0
0
0
0
0
0.91
0
0.21
1.83
0.95
0.02
0.25
10.08
4.35
7.08
11.07
7.31
3.38
0.86
2.28
2.48
1
0.02
0
0
0
0
0
0
0
0
0
0
0
0
0
0
0
0
0
0
0
0
0
16.26
1.61
1.83
0
0.04
1.5
1.29
0.01
0
0
0
0
0
0.06
0.01
0
0
0.19
0.38
4.61
1.67
0.12
2.53
0.82
0
0
0.5
6.53
25
15.55
2.17
1.54
1.22
0.62
0
0.01
0
0
2.21
1.83
1.76
0.14
2.47
10.66
3.21
14.02
3.2
0
0.18
0.01
0
5.25
15.3
4.33
1.05
0.08
0
0
0
0
0
0
0
0
0
0
0
0
0
0.02
0
0.01
0
0.02
0.05
0.23
0.38
0.11
0
0
0
0
0
0.15
0
0
0.21
0
0
14.37
1.97
0
3.68
7.98
0.3
0
0.59
1.88
4.52
0
0
0
0
0
0
0
0
0
0
0.39
6.37
0.86
0
0
0.05
0.1
1.09
0.02
0
0.06
0
0
0.11
0
0
0
0
0
0
0
0
0
0
0
0.01
0
0
0
0.04
0
0
0
0
0
0
0
0
17.45
8.99
3.59
0.51
0.01
0.01
0
0
0
0
0.52
0
0.18
4.51
3.25
3.24
5.67
8.18
0.25
0.33
5.05
13.32
4.15
12.26
12.17
1.27
0.79
0.99
0.19
0.17
0.55
0.76
3.02
1.8
9.05
7.71
2.39
0.04
0
0
0
0.09
0
0.01
0
0
0
0
0
0
0
3.83
0
0
0
0
0
0
0
0
0
0
0
0
0
0
0
0.55
1.52
0.91
12.63
1.65
8.8
1.28
0.75
0.21
0.12
0.03
0
0.12
1.13
6
4.36
0.85
0.39
0
0.34
0.43
0.35
2.46
2.05
0.74
0.41
0.11
0
0
0
0
0
0
0
0
0
0
0
0
0
0
0
0.08
0
0
0
0
0
0
0
0
0
0
0
0
0
0
0
0.05
0
0.35
0.38
0.1
0.04
0.26
1.09
0.14
0.29
0.06
0.02
0.54
3.74
1.08
0.52
0.31
0
0
0
0
0
0
0
0
0
0
0
0.22
1.84
0.45
0.14
1.24
1.17
1.23
0
0
0
0
0
0
0.46
0.5
0.37
3.6
4.03
0.43
0
0.37
0
0
0
0
0
2.3
3.83
0.1
0
0
0
0
0
0
0
0
0.02
0.01
0
0
0
0
0.16
0.02
3.25
2.05
0.45
2.29
0.11
0.62
0
0
0
0
1.57
0.2
2.86
14.35
7.7
5.7
6.2
1.77
4.06
0.52
4.15
0.89
0.61
0.23
0.08
0.27
0.33
0
7.94
7.31
3.97
3.2
8.38
2.05
0
0.45
11.46
6.4
0.96
0
0
0.4
8.18
7.54
10.11
5.33
2.18
0.51
0.11
0.02
0
0.11
0
0.74
1
2.99
4.64
1.55
12.24
6.21
0.78
0
0
0.04
0.1
0.07
0.26
0.35
0.72
0.8
0
0.06
0.43
0.03
0.1
0.14
0
0
0
0.02
0.35
4.14
0.67
0.1
0.14
0.01
0
0
0
0
0
0.01
0
0
0
0
0
0
0
0
0
0
0
0
0
0
0
0
0
0
0
0
0
0
0
1.11
0.97
1.13
0
0.02
0
0.04
0.01
0.02
0.04
0
0
0
0
0
0
0
0
0
0.6
0.41
0
0
0
0.05
0
0
0
0
0
0
0
0
1.59
2.33
5.89
1.46
0
0
0
0
0.21
0.4
0.02
0.03
0.09
0.04
1.02
19.48
2.91
5.04
0.74
0
0
0
0.37
8.46
0.17
3.2
1.63
1.1
5.94
11.7
4.17
3.36
4.05
9.93
7.14
13.8
3.42
2.91
1.98
3.18
5.25
4.72
0
0.16
0.28
0
0.19
0.28
0.36
0.9
9.22
12.38
0.13
0.37
0.97
10.25
3.06
3.86
9.86
3.58
4.38
3.88
0.59
0.07
0
0.03
0.16
0
0
0
0
0.3
0.09
0
0
0
0
0
0.3
0
0
0.42
0.37
5.33
0.9
6.93
0.07
0.01
0.05
0
0.04
0
0.01
0
0
0
0
0
0
0.93
0.03
0.01
0
0.05
0.29
0.04
0
0.33
0.1
0
0.22
0
2.03
0.03
0.04
0.26
0.43
0
0.46
3.61
0.81
6.23
9.41
2.09
7.56
9.92
2.35
0.77
0.52
0
0.25
0.37
0.04
0
0.06
0
0
0
0.07
0.03
0
0.24
0.29
0
0
0
0
0
0.03
4.73
9.3
2.63
0.98
0.41
2.91
0
0.01
0
0.02
0.01
0.01
0.36
0.18
0.42
0.4
0.29
3.15
0.62
0
1.53
0.5
0.02
0
1.42
3.94
3.52
0.36
0.32
0
0
0
0
0
0
0
0
0.02
0.19
0
0
0
0.14
0.23
0.19
0
0
0
0
0
0
0
0.04
0
0.09
0.14
0.27
0
0.01
0
0
0.13
0.39
0.26
0
0.7
0
0.03
0
0
0
0.23
10.86
5.59
0
1.93
6.26
1.26
0
1.15
3.24
3.5
0.01
0.01
0
0
0
0
0
0
0.13
0.38
0.05
0.76
4.52
1.69
0.23
0.03
0.65
0.06
3.66
0.36
7.19
3.09
1.28
1.16
2.76
0
0
0.14
1.41
0.38
0
0
0
0
0
0
0
0.42
0
0
0
0
0
0.16
1.8
0
0
0
0
0
0
0
0.02
0.01
0
0
0
0
0
0
0
0.01
0
0
0
0
0
0
0
0
0
0
0
0
0
0
0
0
0
0
0
0.04
0.15
0
0
0
0
0
0
0
0
0.03
0
0.01
0.05
0.58
0
0
0.02
0
0
0.01
0
0
0
0
0
0
0
0.01
0.06
0.11
0
0
0
0
0
1.01
0.02
0
0
0
0
0
0
0
0.04
0
0
0
0
0
0
0.09
0
0
0
0
0
0.02
0.06
0.65
0.16
0
0.01
0
0
0
0.14
0.85
1.22
3.09
0
0.02
0
1.14
1.73
2.86
3.19
5.09
0.75
0.15
2.71
9.45
0
1.58
0.32
6.19
5.46
2.34
0.07
0
11.77
5.01
0.63
1.98
3.95
2.82
3.38
0.5
6.01
0
0.94
2.99
2.49
11.17
1.28
0
0
0.71
0.03
0
19.74
10.43
4.43
6.76
2.28
6.57
3.45
2.59
1.55
12.09
1.45
0
0
0
0
0
0
0
0
0
0
0
0
0
0
0.13
0.1
0
0.24
0.15
0.09
0.02
0.97
0.57
3.24
0
0.4
0.41
0
0.02
0.09
0
0.02
0.01
0.08
0.87
0.73
0
0.05
0
0.01
0.27
0
0.01
0.02
0.1
0.57
0.63
9.7
2.17
0.62
0.43
0.07
0.18
0
0
0
0
0
0.02
0.01
0.01
0
0
0
7.05
3.82
1.07
2.2
0.06
0.05
0.17
0.61
0.18
0.1
0
0.1
0.55
0
0
0
0
0
0
0.01
0
0
1.59
1.91
0
0
16.91
4.92
0.7
0.05
0.05
3.36
0
0
0
0
0
0
0
1.7
0.13
0
0.09
0
0.14
1.82
0.89
1.55
0
0
0
0
0.36
0.02
0
0
0
0
0
0
0
0
0
0
0
0
0
0
0.01
0
0
0
0
0
0
0
0
0
0.03
0
0
0
0
0
0
0.01
0
0
0.01
0
0
0
0
0.12
2.48
3.74
3.2
5.15
0.82
0.18
3.63
2.96
0.08
0.02
0
7.16
2.07
0.21
0
0.2
2.68
9.47
8.68
5.79
7.44
1.17
0.02
0.34
0
0
0.03
1.12
0
0
0
0
0
0
0
0
0
0
0
0
0
0
0.06
0.01
0
1.78
0.5
5.29
2.91
20.51
3.12
0.11
0
0
0
0
0.22
0
0
0
1.29
0
0
0.17
24.42
5.52
2.66
1.51
1.69
1.28
0.81
0
0
0
0
0
0.02
0
0
0.09
0.72
0
0
0
0
0
0
0
0
0.01
0.01
0
0
0.05
0
0
0
0
0.01
0.01
0
0
0.02
0
0.01
0.01
0
0
0.01
0.19
10.85
5.84
1.71
0
0
0.48
0.2
0
0
0.03
0.28
3.05
7.31
0.67
4.77
0.01
0
0
0
0.01
0.02
0
0
0
1.21
0.01
1.11
1.07
0.34
0.06
0
0
0
0.01
0.18
0
0
0
0
0
3.77
1.4
0.44
0
0.01
0.01
0
0
0
0
0
0
0.01
0
0
0
0.49
0.05
0
0.01
0
0
0
0
0.04
0
1.67
0.08
0
0
0
0.17
0
0
0.01
0.01
1.59
0.02
0
0.01
0.02
0
0
0
0.06
0.01
0
0
0.01
0
0
0
0.54
11.35
31.05
5.82
0.3
1.01
4.75
16
8.11
0.98
0.33
0.04
0.23
0.05
0.29
0.21
7.56
0.32
1.86
0.08
0
2.32
0.13
0
0.87
10.71
0.17
2.42
4.3
2.11
0.96
0
0
0
0.01
0
10.74
0.92
0.25
0.38
0.77
0.44
0.67
10.63
3.43
3.51
7.18
3.5
10.51
2.97
14.27
9.96
20.74
3.38
0.26
0.21
9.92
7.37
12.12
2
8.1
9.45
1.61
13.1
1.43
0.16
0.31
0.52
0.45
0.33
0.36
3.48
1.3
6.48
7.32
21.41
5.86
1.44
1.6
2.49
7.8
2.45
0.05
5.58
11.05
2.55
0.44
1.67
7.75
1.64
0.15
0.09
0.09
0.53
0.06
0.26
2.88
1.04
0
0.05
0
0.04
1.43
0.28
0.14
0
0
0
0
9.79
0.89
0.37
0
0
0.01
0
0
0.01
0
0
0.09
0.05
0
0
0
6.02
1.53
0.36
0.02
0.15
0.43
3.29
0.28
0
0
0.06
0.02
0
4.18
0.13
0.39
12.15
12.69
7.88
7.38
0.55
0
0.01
0.32
4.14
3.12
0.63
0
0
0
0
0
0
0
0
0
0
0
0
0.35
5.27
0.53
0
0.01
0
0.03
1.05
1.58
0.46
0.67
3.14
0.63
0
1.09
23.01
6.34
0.66
4.39
13.44
15.55
2.13
0
0
0.22
1.21
5.53
8.17
5.59
0.77
0
0
0
0
0
0
0
0.02
0
0.15
3.93
0.89
0
0
0
0
0
0
0
0.07
0.07
0.09
0.04
0
0
1.18
2.49
2.7
0
1.62
0.08
0
0.09
0
0
0
0
0
0
0
0
0
0
0
0
0
0
0
0
0
0
0
0
0
1.38
0.16
0.02
0
0
0.11
0
0
0
0.69
0.92
0.95
1.75
0
0.01
0.04
0
0
0
0
0
1.03
0
0.09
1.98
0
0
0
0.01
0.48
5.34
1.03
17.28
2.88
0
0.02
0.03
0
0
0
0
0
0
0.01
0
0.15
6.34
0
0
0
0
0.02
0
0
0
0.03
3.27
0.42
0.73
6.78
0.94
0
0
0.02
0.27
1.17
0.91
2.16
13.96
2.72
0
0.01
0
0
0
0
0
0
0
0
0
0
0
0
0
0
0
0
0
0
0
15.95
0.94
1.45
0.01
0.8
0.71
0
0
0
0
0
0
0
0
0
0
0
0
0
0
0
0.11
3.59
0.46
0.07
0
0.2
0
15.4
32.41
12.17
8.57
2.25
0.98
11.01
4
2.43
3.95
0.41
0.13
1.03
1.93
0.08
0.22
0.05
0
0
0
0
0
0
0
22.12
11.7
4.23
1.63
0.66
0.05
2.25
11.88
16.89
13.79
4.4
0
1.35
4.03
8.51
7.37
11.78
12.09
5.3
8.02
6.85
2.73
0.41
0.68
2.3
17.21
4.43
14.04
3.94
9.09
4.22
3.09
14.25
7.15
15.94
21
1.18
0.69
0.1
0.13
0.27
0.21
2.2
8.61
1.91
12.17
22.97
15.16
4.9
5.18
1.05
0.52
0.65
0.33
0.31
0.15
0.07
0
0
0
4.06
0.32
0.45
0
0
0
0
0
0
0
0
0.06
0.22
0
0
0
0
0
0
0.02
1.87
0.13
0.01
0
0
0
0
0.02
0.06
0.14
0
0
0
0
0
0
0
0
0
0
0
0
0
0
0
0
0
0
0
0
0
0
0
0
0
0
0
0
0
0.16
0.02
0
0
0
0.73
0.33
0.01
0
0
0
0
0
0
1.62
6.83
5.42
10.26
4.49
0.8
0.28
0
0.02
0
0.01
0
0.02
0
0
0.01
0
0
0.43
2.02
2.07
2.04
0.09
0
0
0.17
0
3.93
3.11
3.98
13.41
1.88
0
0.11
0.16
0.46
0.11
3.12
6.09
2.85
0.39
0
0
0.25
6.7
4.56
3.1
1.16
7.35
14.55
3.73
0.09
0.05
0
0
0
0.01
0
0
0
0
0.04
1.97
0
0.08
0
0
0
0
0
0
0.01
0
0.35
0.23
0.32
13.69
10.23
0.03
0
0
0.06
0
0.11
1.57
0.16
0.02
0
0
1.48
0
1
0
0
0
0.02
0.12
0.11
9.08
2.02
0.05
0.09
2.26
0
0.13
0
0.02
0
0
1.68
0.27
0
0
0.77
0
0.54
16.58
0.92
0
0
0
0
0.16
0.46
0.28
0
0.01
0.02
0.69
1.95
0.05
5.02
0.68
1.19
0
0.01
0
0
0
0
0.01
0
0
0
0
0
0
0
0
0
0
1.04
2.59
2.51
0
0.02
0.68
0.71
0
0.03
0.9
3.66
1.21
1.04
0
1.22
0
0.08
0.32
0
0.14
0
0.75
1.63
0.02
0
0
0
0
0
0
0
0
0
0
0
0
1.38
2.01
2.95
1.68
0.13
0.07
0.3
3.02
3.21
0
0
0
0.09
11.63
6.48
6.96
21.8
11.42
5.82
5.47
2.61
7.93
13.59
2.79
11.5
1.01
0
0.07
1.32
10.7
2.75
2.18
16.46
5.17
0.34
2.09
7.84
2.94
0.18
1.86
0
0.08
0.05
0.09
0.05
23.25
0
0
0
1.32
0.23
0.58
3.92
2.81
0
0
5.8
11.08
28.7
5.62
3.7
0.58
3.86
7.28
0.85
0.1
1.97
0.7
0.19
0.89
4.34
1.89
9.48
0
0.2
0.48
0.75
0
0.26
0
0
0
0
0.39
2.19
1.91
0.09
0
0
0
0.15
0
0.03
0
0
0.63
0.23
2.2
3.13
0.61
0.53
4.06
0.61
3.02
1.97
11.99
4.5
5.44
0.3
0.03
0
0.98
2.12
0
0
0
0
0
0
0
0
0
0
0.05
6.7
0.63
0
0
0
0
0
0
0
0
0.13
0
0
0
0
0
0
0
0
0
0.05
0
0
0
0
0
0
0
0
0.03
2.72
0.65
0.18
0
0
0.29
7.82
1.12
6.44
0
0.63
1.37
0.96
3.09
0.89
0.89
0
4.15
2.75
3.64
0.09
0.09
11.71
1.72
9.79
0.7
0
0.01
0.27
0.48
5.7
0.2
0
0
1.88
0.38
15.08
5.03
3.39
0.75
1.77
1
0.25
0.13
0.1
0
0.01
0
7.38
13.99
2.66
5.77
14.81
6.94
0.61
0.25
0.34
14.11
4.32
2.13
6.53
5.12
10.34
0
1.59
11.13
1.75
11.63
0.93
1.41
0.2
0.11
0.41
0.35
3.68
0
0.01
0
0
0
0
0
0
0
0
0
0
0
0
0
0
0
0
0
0
0
0
0
0
2.37
3.14
0.77
0
0
0
0
0
0
0
0
0
0
0.17
0
0
0
0
0
0
0
0
0
0
0
0
0
0
0
0
0
0.01
5.3
1.99
0.01
0
0
0.02
0
0
0
0.05
0
1.37
0.58
0.39
7.59
2.07
0.01
0.47
7.44
0.89
0.02
0
0
0.01
0
0
0.73
0
0
0
0
0
0
0
0
0
0
0.02
0
0
0.02
0.09
0
0
0
0
0
0
0
0.24
0.09
1.11
8.88
1.96
1.6
5.51
3.21
2.4
6.81
1.24
0.34
0
0
1.57
9.57
8.58
2.57
0
0.73
0.75
0.2
0
0
0
0
0
0
0.01
0.05
0
0
0
0
0
0.02
0.84
0
0
0
0
0
0
0.23
0.3
4.38
11.79
0.08
0.17
0
0
0.02
0.23
0.01
0
0.02
0
0
0
0
0
0
0
0
0
0
0.02
0.31
0
0
0
0
0
0
0.61
0.44
0.02
0.04
0
0
0.11
0
0.33
0.8
0
0.02
0.09
0
0.01
0
0
0
0.59
0
0
0
0
0
0
0.02
0.35
5.28
12.21
4.43
0.43
0
0.02
0
0
0
0
0.61
3.15
0
0
0
0
0
0.16
3.23
2.72
0
0
0.13
0.91
3.74
0.37
0
0
0.01
0
0
0
0
0
0
0
0
0
0
0
0
1.26
8.69
0.23
0
0
0
0
0
0
0
0
0
0
0
0
0
11.08
4.34
0.35
0
0.63
0.07
0.32
1.59
0.55
0
0
0
0
0
0.2
18.06
8.6
0.59
1.86
3.79
0
0.05
0
0
0
0
0.01
0
8.65
5.66
2.38
2.43
0
0
0.01
0
0.23
0
0
0
0
0
0
0
0
0
0.02
0.11
0
1.21
0.89
9.96
1.2
0
0
0.88
0.7
0
0.03
0
2
4.16
9.2
10.41
5.09
1.46
4.21
2.94
1.56
0.63
0.69
3.37
2.71
0.36
0
0
0
0
0
0.01
0.01
1.48
5.82
5.72
2.45
0.11
0
0
0
0
0
0
0.01
0
0
0.02
2.3
14.28
1.39
0
0
0
0
0
6.06
3.24
0.79
0.04
0
16.75
1.22
0.02
0.95
0.14
0.08
0
0
0.01
0.09
0.25
0.16
0
0
0
0
0.01
0
0
0
0
0
0.01
0
0
0
0
0.08
0.44
2.92
0.46
0
0
0.09
0.02
0.05
0
0.01
0
0
0
0
0
16.26
8.93
0.49
0
0.01
0
0.01
0
0
0
0.01
0
1.59
0
0
0
0
0.54
0
0
0
0
0
0.43
3.57
0.07
0
0
0.04
0.07
0.39
1.01
0.36
0
0
0.11
0.33
2.48
0.04
0.02
2.43
2.39
2.39
1.79
0.14
0
0
0.04
0
21.23
5.53
0
0
0
10.5
21.41
3.44
0.23
0
0
0
3.68
0.2
0
0
0
0
0
0
0
0
1.99
15.29
5.02
0.01
0
0
2.65
11.48
3.9
0.49
0.06
0.49
14.21
4.93
10.13
17.3
8.24
14.04
19.14
7.29
1.21
5.46
1.46
0.53
0.38
0.43
0
0.22
0.04
0
0
0
0
0
0.11
0
0.49
16.5
8.99
2.1
2.98
1.24
0
0.14
0
0.02
1.84
0.44
0.24
0
0
0
0
0
0
0.13
0
0
0
0.01
0.76
0
0.35
0
0.21
6.11
0.17
0.11
0.01
0.93
5.75
2.5
0.61
0.16
0
0.29
0
0.04
0
0
0.03
0.05
0
1.42
4.36
9.02
1.34
0.06
0
0
0
0
0
0
0.04
0.02
1.17
0.68
0.01
0
2.15
7.69
0.2
0.03
0.7
0
0
0
0
0
0
0
0
0
0
0
0
0
0.23
1.39
0.13
0
0
0
0
0
0
0
0
0
0
0
0
0
0
0
0
0
0
0
0
0
0
0
0
0
0
0
0
0
0
0
0
0
0
0
0
0
0
0
0
0
0
0
0
0
0
9.41
3.07
5.74
4.73
0.55
0.7
0
0.44
0
0
3.03
1.3
1.68
4.46
3.95
2.74
0.96
0
2.49
7.61
6.45
5.48
1.26
0.27
4.01
7.13
17.56
10.27
0.28
6.97
4.14
0.15
0.32
7.72
0.67
0
0.43
1.86
7.64
1.63
0.11
0.27
1.06
0.13
0.42
4.16
3.49
4.58
9.96
2.69
2.8
2.45
0.13
0
0
0
0
1.23
2.73
0.17
0.07
0.3
2.98
1.63
3.54
1.91
0.2
1.18
0
0.05
0
0.17
0.01
0.41
0.02
1.63
14.2
0.84
0.03
0
0.02
0
0
0
0
0
0
0
0
0
0
0
0
0
0
0
0
0
0.48
0.39
0
0
0
0
0
0
0
0
0.02
0
0
0
0.68
0.11
0
0
0
0.01
0
2.63
0.08
0
0
0.13
0
0.01
0.02
0.01
0.01
0
0
0
0.01
0
0.01
0.03
0
0
0
0
0
0
0
0
0.29
0
0.01
0
0
0
0
0
0.01
0.01
0
0.05
0
0
0
0
0
0.01
1.93
0.02
0
0
0
0
0.01
0
0
0
0
0
0
0.05
0
0.4
0
0
0
0.11
1.14
4.32
0.7
0
0
0
0
0
1.45
0.39
3.24
1.84
0
0.3
0.29
0
0
0.22
0
0
0
0
0.56
7
0.82
0.55
0.07
0.12
0
0
0
0.04
7.29
5.26
0.02
0.63
0.8
0.04
1.51
0
0
0
8.96
0.96
0.59
17.43
1.21
1.52
16.11
2.5
1.82
0.53
0
0
0
6.28
3.54
0.2
0
0.06
0
0
0
0.16
4.43
14.66
4.4
4.59
0
0.95
0.05
1.09
8.28
1.39
8.52
1.48
0.11
0.35
7.88
12.82
3.55
1.18
0
0
0
0
0.16
6.11
0
0.01
0.81
0
0.18
0.2
1.37
9.25
6.11
6.73
7.48
8.05
4.85
7.95
17.84
3.42
0.3
5.45
1.15
3.13
1.95
5.6
2.2
1.14
0.7
3.34
3.69
6.84
0.98
1.38
1.69
1.66
4.33
3.07
10.3
0.85
0.03
0
0.6
3.78
4.45
2.34
20.81
7.25
2.75
0.29
0.02
0
0
0
0
0.45
1.2
0.6
1.8
6.87
0.99
0
0.01
0
0
0
0.3
0.05
0
0.51
0.03
0
0
0.01
4.17
3.77
1.64
0.61
0.6
0
20.1
15.07
5.55
10.63
2.05
0.19
18.81
3.37
0.02
0.65
0.24
0.28
0
0
0.07
5.33
0.55
0
0.02
0.03
0
0
0.22
1.14
1.58
4.3
1.89
0.69
0.97
0.92
0
0
0
0
0
0
0
0
0
0
0
0
0
0
0
0
4.03
18.39
3.34
0.2
0.09
0
0
0
0
0
0.09
0.75
0
0.98
0.35
3.28
2.14
1.16
2.57
0.38
0
0.24
0.49
3.66
1.11
0
0
0.01
0.38
1.19
0
0.67
18.21
13.2
6.86
12.91
4.04
0.07
0.34
0.02
0
0
0
0
0
0
0
0.01
0.01
0
0.01
0
0.02
0.49
6.99
1.95
0
0
0
0
0
0
0
0
0
0
0
0
0
0
0
0
0
0
0
0
0
0.04
0.08
0
0.07
0.01
0
0.36
0
0
0
0.29
0
0.12
0
0
0
0
0
0
0
0
0
0
0
0.02
0
0.15
0
0
0
0
0
0
0.02
0
0
0
0
0
0
0
0
4.88
1.7
1.63
2.56
0
0
0
0
0
0
0
0
0.02
0.02
0
0
0
0.01
0
0
0.02
7.35
1.98
0.13
3.2
0.02
0
0
0
0
0
0
0
0
0
0
0
2.02
1.95
19.12
5.23
7.5
0.77
0
0.56
0.41
10.59
0.52
0
0
0
0.01
0.05
0
8.27
0.84
2.62
0.33
0.14
0.11
16.01
1.98
0
0
1.77
5.41
16.85
13.95
4.64
0.76
1.53
0.09
0
0
0.01
0
0
0
0
0
0
0.03
0
0
0.05
0.34
0.08
0
0.08
0
0
0
0.3
0.22
2.36
0
0.08
0
0
0
0
0.01
0
0
0
0
0
0.01
0
0
0
0
0
0
0
0
0
0
0
0.02
0
0
0
0
0
0
0.02
0
0
0
0.04
3.4
9.35
0.26
0
0.02
0
0.01
0
3.26
3.04
1.72
6.77
8.78
0.16
0.04
0
0.01
0
1.18
0
0.05
0.35
3.17
0.2
0.4
0.05
0.76
0
0
0.13
2.48
1.19
8.23
0.9
0.05
0.02
0
0
0
0.01
0
0.04
0
0.13
0.11
4.48
0.18
0.59
0
0
0
0
0
0
0
0
0
0
0
0
0
0
0
0
0
0
0
0.41
1.83
2.59
0
22.85
7.29
0.94
0.01
0.04
0
0
0
0
1.52
7.15
7.9
13.55
9.94
1.57
0.8
0.04
0
0
0
0
0
0
0
0
2.85
0.61
0.02
0.04
0.35
3.31
1.78
0
6.52
6.52
7.28
0.57
0.99
18.34
9.98
6.09
0.09
0
0
0
0.01
0.01
0
0
0
0
0
0
0
0
0
0
0
0
0.1
1.27
0.35
4.36
6.16
5.72
16.12
19.7
1.96
2.87
3.55
0
0.01
0
0
0
0.01
0
0
0
0.24
0.85
0
0
0
0
0
0
0
0
0.04
0
0
3.02
4.38
3.62
5.74
2.19
0.09
0
0
0
0
0
0
0
0
0
0
0.02
0
0
0
0
0
0
0.01
0
0
0.02
1.97
0.9
0
0
0
0
0
0.01
0.01
0
0
0
0
0
0
0
0
0
0.01
0
0
0
0
0.1
0
0.01
0
0
0.01
0.03
1.78
0
0
0
0
0
0
0
0
0.03
0
2.81
0.48
0.12
0.48
0.95
2.46
0.13
0
1.43
0
0.09
4.36
2.12
1.05
11.36
0.8
8.67
0.84
0
0.03
0.11
0
2.02
1.74
0
0
0
0
0.1
0
0
0
0
0
0
0.62
4.23
2.8
3.26
2.07
0.35
9.62
2.58
1.58
1.93
0
0.03
0
0.01
0
0
0.05
2.15
1.36
0
0
0
0.02
0.7
10.59
14.19
16.68
1.29
0
0
0
0.25
1.24
0.23
0.02
0
9.75
8.91
4.7
0.27
0
0.01
0.01
0
0
0.81
2.55
0.06
0
0.07
0.04
0
0
0
0
0.01
0
0
0
0.14
8.16
6.25
4.11
8.43
2.25
1.69
10.32
5.03
2.76
5.77
2.34
4.48
0.58
0.03
3.31
1.41
5.58
0.1
3.99
0.39
0
0.22
0.2
0.57
0
0
9.65
6.44
4.58
0.85
4.98
1.42
0.25
3.41
4.85
4.34
5.94
0.95
0
0.43
0.26
1.66
1.16
4.44
4.68
0.09
0
2.71
1.09
1.24
4.32
1.03
1.49
13.27
2.64
13.74
4.74
5.49
0
0
0
0
0.05
0
0.2
0
3.99
3.07
7.57
1.36
8.04
0.88
0
0.03
0
0
0.01
0.2
0.53
1.33
0.02
0.01
0
0
0.02
0
0
0
0
0.05
0.07
0
0.06
0
0
0.02
0
6.34
12.24
3.84
0
3.45
0
7.57
29.13
14.21
4.07
0.2
0
0.02
0
0.4
2.06
0.45
0
0
0
0
0
0
0
0.02
0
0
0.01
0
0
0
0
0.01
0.14
0
0.32
3.01
15.79
2.99
11.13
20.96
3.11
0.09
0.01
0
0
0
0
0
0
0
1.85
1.14
2.28
9.25
8.63
2.96
0.19
0.13
0.96
12.37
1.32
0
0.35
0
0
0.12
0.37
0
0
0
0.17
0
0
0
0.36
0.77
17.77
6.46
4
0.09
0.02
0.03
0
0.01
0.14
3.3
13.66
0.48
0
0
0
0
0
0
0.72
0
0
0
0
0
0
11.22
10.66
1.93
0
8.61
0.37
0
0.32
0.36
0.02
0
0
0
0
0
7.49
0
1.83
0.05
0.02
0
0
0
2.04
0
0
0
0
0
0
0
0
0
0
0
0.04
0
0
0
0
0
0
1.73
0
0
0
0
0
0
0
0
0
0
0
0
0
0
0
0
0.02
0.01
0
0
0
0
0
0.42
0
0
0
0.1
0.03
0
0
0
0.03
0.25
0.01
2.15
0.75
0
0
0.91
13.91
2.15
0
0
0
0
0.04
0.02
0
0
0.03
0
0.14
12.25
1.68
6.18
0
0
0
0
0
0
0
0
0
0
0
0
0
0.05
0.46
0.34
0
0.03
0.01
0.23
0.05
0.25
3.38
13.95
5.83
3.41
1.44
0.01
0
0
0
0
0
0
3.44
7.84
20.95
8.01
1.05
17.4
7.06
19.14
11.2
1.62
1.87
0.05
0
0.8
11.76
10.51
5.27
9.94
1.75
9.95
11.99
0.04
0.02
0
0.01
0.03
0
0
7.99
1
0.9
0
0
0
0
7.83
5.95
0.55
0
0
0.01
0
5.27
4.84
0
0
5.32
0.95
0
0.87
3.67
1.69
0.25
0.21
0.37
0.96
4.28
2.36
1
2.92
0.3
0
0
0
0
0.18
0.13
0.52
1.66
0.01
0.14
0.12
0
0
0
0
0
2.41
0.25
1.17
1.4
0
0.01
0.13
0
0
0
0
0
0
0.19
0
0
0.07
0.05
0.35
0.3
0
0.01
0
0
0.02
0
0.24
0
0
0.26
3.16
2
0.05
0.08
3.25
4.38
0.28
0
0
0
0.04
0.05
0.04
0.02
0
0
0
0
0.02
0
0
0
0
0
0.09
3.9
5.19
5.17
5.09
21.63
12.62
2.05
0.74
0.45
0.64
0
0
0
0.04
0.27
0.58
0
0
2.77
0.41
0
7.34
3.65
0.01
0
0.02
0
0.13
0
0
0
0
1.23
0.59
0.12
5.89
8.39
6.77
6.12
14.25
3.38
8.49
2.28
0.05
0
0.17
0.39
0.03
1.03
0
0
0
0
0
0
26.99
16.7
2.71
3.71
0
0.2
1.27
2.07
0
0
0
0
3.44
27.21
8.71
3.34
7
22.98
2.19
3.86
11.65
2.82
0.03
0
2.15
5.5
5.8
0.6
0.03
0.03
0.01
0.06
1.36
0.16
0
0.01
0.19
8.15
7.94
8
5.6
6.57
0.34
0.5
0
0
0
0.01
0.01
0
0
0.01
19.42
1.05
0
0.27
0
0.34
9.01
0
0
0
0
0
0.74
0.24
0
0
0
0
0
0
0
0
0
0.02
0
0
0
0
0
0.86
8.9
0.46
0
0
0.01
0
0
0
0
0.36
1.95
0
0
0.02
0
0
0
0
0.27
0
0
0
5.77
0.07
0
0
6.51
0.09
0.02
3.48
0
0.01
0
0.49
4.87
0.13
0
0
0
0
0
0.09
0.19
0.14
0.29
0
0
0
0
0
0
0
0
0
0
0
0
1.59
10.8
14.68
2.23
11.91
3.4
0
0.03
0.04
0
0.01
0
0
0
0
0
0
0
0.04
0
0
0
0
0
0
0
0
0
0
0
0
0
0
0
0
0.01
0.02
0
0.02
0.11
0.4
0
0
0.01
0
0
0.27
5.08
3.28
3.85
4.44
1.19
0
0.92
14.41
2.73
25.68
7.59
4.75
1.85
1.89
2.69
0.63
1.54
18.66
2.75
0
0
0
0.01
0
0
0
0
0
0
0
0.05
0
0
0
0.05
0
0
0
0
0
0
2.16
2.28
0
14.3
2.32
6.52
0.54
0.13
0
0
0.01
0.12
0
0
0.09
0
0.07
1.09
0.33
0
0
0
0
0
0
0.01
0.01
0.15
0.03
0.16
0.09
0
0
0
0
0
0
0
0
0.01
0
0
0
0
0
0
0
0
0
0
0
0
0
0
0
0
0.02
0.3
2.13
0.48
0
0
0
0
0
0
0
0
0.03
0.25
2.27
0.18
0.58
0.02
0
0
0
0.03
0
0.07
0
0
0
0
0.29
1.09
9.2
13.21
2.12
0
0.04
0
0
0
0.93
0
0
0.01
0
0
0
0
0
0
0
0.57
1.95
0.51
0.01
0
0
0
0
1.05
0.65
3.97
0.66
0.68
2
0.8
2.34
0.34
0
0
1.39
9.01
7.36
3.52
0.58
0.08
0
0.54
0
0
0
0
0.48
0.59
0.13
0
0
0
0.01
0.14
0
0
0.02
0.1
0
0
0
0
0
0
0
0.05
0.01
0
0
0
0
0
1.11
0.1
0.07
0.61
9.57
1.48
0.01
3.59
2.34
0
0
0
0
0
0
0
0
0
0
0
1.36
1.13
1.66
0.09
0
0.01
0
0
0
0
0
0
0.72
0
1.96
0
0
0
0.17
0.15
0
0
7.17
1.63
0.61
8
3.35
0
0.36
5.82
1.23
0.04
0
0
0.02
0
0
0
0
0.67
0
4.41
0
0
0
0
0
0
0
0
0
0
0
0
0
0
0
0
0
0.01
0
0
0
0.09
0.07
0
0
0
0
0
0
0.01
0
0.68
0
0.01
0
0
0.27
1.3
0.21
0
0
0
0
0
0
0
0
0
0
0
0
0
0
0
0
0
0
1.35
12.92
6.59
1.98
0.59
0.1
0
0
0.56
0.01
0
1.74
0
0
0
0
0
0
0.25
0
0.04
0
0
0
0
0
0
0
0
0.01
0.01
0
0
0
0.05
0.53
1.15
4.58
0.73
0.19
0.86
0
9.97
4.3
0.16
1.28
0.63
14.3
0.53
1.21
0
0.01
0.01
15.09
1.39
3.07
1.53
0.01
0
0.11
0.22
0.02
0
0.07
0.77
0.36
0.03
0.6
13.3
11.77
18.89
6.28
0.47
0
0
0
0
0
0.01
0
0
2.06
0
0.45
0.43
0.05
0.03
6.45
11.22
0.59
0.76
0.48
0.05
0
0
0
0
0
0
0
0
0
0.01
0
0
0.03
0.2
0
0
0.35
0
0
10.8
2.15
0.13
1.67
0
0.62
0.04
0.42
0
0.45
1
3.04
3.86
0.84
7.23
0.09
0.02
0.05
0.01
1.57
2.05
4.82
0.29
0.71
0.19
0.01
0.04
0
0
0
0
0.67
0.09
0.08
0.18
0.2
0.01
0
0
0
0
0
0
0
0
0
0
0
0.01
0
0
0.06
0.02
0.24
4.05
2.63
2.41
3.48
2.69
6.36
2.7
13.15
5.16
0.23
0.73
0
0.02
1.33
10.75
0.21
0
0
0
0.88
0
0
0
0
0
0
0
1.26
9
4.66
3.92
1.75
2.43
3.2
0
0
0
0.07
0
0.09
0
0
0
0
0
0.46
7.57
5.82
2.05
0.39
0
0
0
0
0
9.4
4.22
1.84
5.55
0.89
0.2
0.13
6.36
1.68
0.79
0
0
0
0
0.01
0
0
0
0.5
3.4
3.5
1.6
0.01
0.22
0
0
0
0.37
1.15
0
0.16
0
0
0
0
0.22
0
0
0
0
0
0
0
0
0.48
1.94
0
0.14
0
0
0
0.01
0
0
0
2.86
10.91
2.95
0
0.01
0
0.96
8.95
2.92
2.4
0.16
2.85
5.44
0.33
0.07
1.48
2.9
0.48
0
1.69
0
0
0.08
0
0
0
0
0.02
0.01
0
0.14
0
0
0.07
0.36
1.21
1.41
1.97
1.23
1.41
7.02
2.6
0.76
0
0
0
0
0.02
0
0
0
0
0
0
0
0
0
0
0
0
0
0
0
0
0
0
0
0.01
0
0.02
0.47
0
0
0
0
0
0.03
0.03
0
0
0
0
0
0
0
0
0
0
0
0.43
0
1.31
1.04
2.53
0.49
0
11.37
15.19
10.38
0.23
0
0
0
0.02
0
31.95
4.7
0
1.24
0
0
0.01
0.03
0.01
0.01
0
0.71
0.21
0
0
0.01
0
0
0
0
0.49
0
0.13
0
0
0.31
18.34
10.2
14.16
27.14
2.84
4.3
14.59
1.66
2.41
0.4
0
0
0
0.01
0
0
10.88
12.23
2.36
0.46
0.94
5.27
0.55
0
0
0
0
0
0.23
4.7
10.73
0
0.05
0.08
0
0.01
0
1.18
1.85
6.89
0.44
0.01
0.07
0.09
0
0
0
2.32
0.98
14.27
1.52
13.4
0.91
0
0
0
0
0
0
0
0
0
0
0
0
0
0.22
0.01
0
0
0
0
0
0
0
0
0.01
0.11
0
0
0
0
0.01
0.02
0
0.02
0.05
0
0.01
0
0.54
0
0
0.02
0.33
0
0.02
3.99
0.64
2.46
3.92
3.41
0.02
0.09
2.07
0.59
0.06
0
4.23
3.57
2.08
1.95
0.2
6.77
18.32
3.59
1.74
2.53
1.34
0
1.38
0.02
2.09
0.75
0.44
0.01
6.01
1.38
0.3
1.77
0.89
3.09
0.59
0.01
0
0
0
0
0
0
8.98
6.67
0.88
0
0
0
0
0
0
0
0.54
0.1
0
0.04
0.06
0.13
0
0
0.3
0.13
4.93
12.89
5.5
0.05
1.58
6.14
7
1.66
3.11
3
2.19
7.45
9.65
2.67
0.93
2.33
1.6
15.99
1.75
1
0.63
1.13
1.02
0.06
0
0
0
0.3
0.04
0
5.37
16.34
10.23
5.43
0.71
3.42
1.45
4.54
4.02
0.4
0.63
0.01
0
0
0
0.05
0
0.53
0.49
0.02
0
0
0
0
23.39
16.47
1.61
5.47
3.06
3.09
3.11
2.2
0.17
0
0
0.01
0
0.01
0
0
0.05
0
0
0
0
0.37
0.2
0
0
0.01
7.07
8.76
12.93
2.59
0.04
0
0
0
0
0
0
0
0
0
0
0
0
0.01
0
0
0
0
0.01
0
0
0.01
0
0
0
0
0
0
0
0
0
0
0
0
0
0.01
0
0
0
0
0
0.02
0
0
0
0
0.02
0.14
8.16
0.47
0.11
0.02
0.01
0.01
0
8.46
0
0
0
0
0
0.01
0.02
0
0.01
0.02
0
0
0.34
0
0.02
0
0
0
0
0
0
0.04
0
0
0.13
0
0
0.12
3.63
0.01
0.77
1.44
10.95
1.64
0.23
0.03
0
0
1.19
2.66
2.16
3.87
0.67
0
0
0
2.19
1.25
0.1
0.16
7.66
3.59
7.28
2.33
0
0
0
0
0
0
0.05
0
0.01
0
2.64
0
0.02
0.02
0.02
0
0.48
3.38
0
0
0.18
0
0
0
0
0
0
0
0
0
0
0
0
0
0
0
0
0
0
0
0
0
0
0
5.7
11.35
0.55
3.34
0
0.09
0
0
0
0
0
0
0.39
0.01
0
0
0
0
0
0
0.02
0.15
0
0
0
0
0
0
2.31
1.07
0.38
0.18
0.6
2.29
0.03
0.09
0
0
0
0
0
0
0
0.31
6.55
6.88
0.81
0.69
0.63
1
0.01
0
0.39
7.49
0.88
4.97
0.64
3.77
1.13
0
0
0
0.02
0
0
0
0
0
0
0
0
0
0
0
1.52
1.06
6.92
0
0
0
0
0
0
0
0
0
0.01
0.23
0
0
2.3
3.1
15.44
2.07
0.35
0.02
0.47
4.81
1
0.04
3.29
3.75
0
0.02
0
0
0
0
0
0
0
0.05
0.15
0.12
0
0
0
0
0
0.6
0.02
0.07
0.73
0.98
10.72
0.08
0.47
0
2.18
0
0
0.04
3.45
0.05
0.06
0
0
0
0
0.23
6.99
13.64
3.36
10.05
8.5
0.07
0.75
0
0.41
11.14
18.23
8.31
16.95
6.8
0.55
0
0
0
0.2
0.21
0.34
0.03
0
0.02
0
0
0
0
0
0.02
1.11
4.96
11.97
13.32
1.49
5.78
9.49
2.11
4.79
3.38
3.15
4.01
1.96
0
4.33
0.99
7.94
2.7
2.84
0.64
1.7
2.58
0.31
2.63
14.41
6.63
5.89
1.45
1.08
2.43
0
0
9.96
16.26
10.32
2.21
0
0.44
0
0
4.43
0.17
0
0
0
0
0
10.11
0.5
0.34
0.06
0
0
0.34
0.04
0
0
0
0
0
0
0
0
0
0.01
0.05
1.81
0
6.9
0.75
0.68
0.55
0
0
0
0
0.01
0.07
0
0
0
0
0
0
0
0
0
0
0
0
0
0.02
0
0
0
0
0.01
0.01
0
0
0
0
0
0
0
0
0
0.13
0.2
0.01
0
4.38
4.33
0
0.02
0
0.02
0.02
0
0
0.18
1.23
2.7
0
0.01
0.24
20.52
1.01
0
0
0
0
0.01
0
0.01
0.01
0
0.53
4.35
7.44
0.82
7.5
1.7
2.5
0
0
0.01
0
0
0
0
0
0
0.63
0
0.48
0.17
9.4
2.27
1.32
0
0
0
2.93
3.61
0.28
0.07
6.57
8.7
4.32
3.4
0.15
0.02
7.67
12.64
2.75
9.7
19.53
10.63
3.38
0.13
0.1
0.12
0.26
3.08
0.93
0
0
0.01
0.02
0
0
0
0
0
0
0
0
0
0
0
2.42
0.42
0.1
0.02
6.77
2.18
0.88
3.8
1.09
2.94
1.12
0.87
2.84
19.22
4.45
0.63
0.39
0
2.24
8.38
0.48
1.56
0.45
0.54
0
0
0
0
0
0
0
0
0.26
0
0.03
0
0
0
1.63
1.05
7.34
1.5
0
0.82
0
2.44
2.04
0.13
0.64
0.02
1.97
0.02
0.05
0.65
0.23
1.68
7.66
0.91
3.56
14.82
1.55
0
3.02
0.69
0.2
1.69
0.87
2.13
3.99
8.47
4.76
4.38
6.68
7.45
5.59
0.65
0.07
3.41
0.04
0
0
0
0
0
0
0
0.01
0.01
0
0
0
0
0.01
0.01
0
0.23
1.04
3.38
1.71
1.88
9.12
3.66
1.93
0
0.03
0.02
0
0
0
0
0
0
0
0
0
0
0
0
0
0
0
0
0
0.02
13.82
3.48
3.79
0.24
0
0
0
0
0.2
4.31
1.02
0
1.4
14.06
6.05
0
0
4.27
2.7
3.52
2.52
11.91
2.79
1.94
1.54
0
0
0.01
0.01
0.34
0.05
0
0
1.15
0
0.02
0.02
0
0
0
0
0.5
8.67
0.52
0
0
0
0
0
0
0
0.03
0
0.57
0
0.02
0
1.14
0
0
0
0
0.16
1.52
0
0
0
0
0.01
1.7
1.73
0.8
0.8
0
0
0
0
0.54
0.03
1.86
0.89
0
0.06
3.02
0
0
0
0
0
0.01
0
0
0.01
0
0
0
0
0
0
0
0
0
0.02
0
0
0
0
0
0.01
0
0
0
0
0
0
0.16
0
0
0
0
0
0
0
0
0
0
0
0
0
0
0
0
0.03
0.18
0.09
1.11
0.37
0.7
0
3.62
0
0
0
0
0
0
0
0
0
0.01
0.02
0
0
0.12
0.01
0
0.02
0
0
0
0
1.22
0.12
4.06
0.51
0
0.43
0
1.71
0.03
0.19
0
1.25
16.41
3.13
0.42
0.05
0
0
0
0
0
0.01
0
0.89
1.53
2
3.14
0.02
0.27
0.31
0
0.4
0.73
0.23
0
0
0
0
0
0
0.01
0
0
0
0.09
10.49
16.23
2.5
0
0
0
0
0
0
0
0
0
0.05
0
0.01
0
0.38
0.16
0.14
0
0
0
0
0
0
0.18
0
0
0.01
0
0
0
0.61
0.01
0.01
0
0.18
1.7
0.09
1.98
6.24
1.88
1.82
13.41
1.99
0
0.28
0.25
1.32
0.14
0.3
0
0
0.81
10.5
2.97
0.53
4.57
2.36
0
0
3.63
12.19
16.98
17.51
8.55
15.69
9.41
2.91
12
30.93
12.94
6.73
1.68
0.13
8.39
8.51
3.32
3.45
11.43
0.84
0.64
3.81
0.71
12.14
12.15
2.7
0.82
1.01
1.15
0.42
1.76
0.51
0.33
0.41
0.05
0
2.59
1.11
0.45
0
0
0
0.55
0
0.23
1.8
6.9
1.31
0
0.05
11.61
1.46
0
0
0.01
0.03
0.01
12.45
7.52
3.97
2.13
0.47
0.63
10.77
6.33
7.08
2.63
8.26
5.53
1
1.96
0.41
3.46
5.16
0.14
18.9
4.17
8.62
0.21
0.36
0.15
0
0
0
0
0
0.01
0
0.04
0.7
0
4.56
0.61
0.66
13.79
5.66
0.05
0
0.62
3.5
0.54
0.25
0
0.19
2.8
0
0
0.13
1.82
0
0
0
0.27
6.45
5.79
5.32
8.14
11
9.73
8.01
2.25
0
4.55
3.13
1.07
0.05
0.75
0
0
0
0.04
0.97
1.3
0.37
3.08
0
0.61
1.09
3.3
4.61
3.46
8.11
5.41
5.1
0.83
0.79
0.35
0
0
0
0
0.01
0
0
7.97
0.38
0
0.16
2.13
0.16
0.01
0.04
0
0
0.1
0.14
0.02
0
0
0.04
4.89
24.47
7.38
6.86
9.6
3.11
8.52
1.41
0.26
1.28
3.01
0.13
0.47
0
0
0.02
0.65
8.29
8.68
0
0.27
0.95
0.02
1
9.29
5.43
0
0
0
0.03
0
0.38
0.01
0
0
0
0
0
0
0
0
0
0
0
0
0
0.01
0
0
0.02
0
0
0
0
0
0.01
0.01
0
0
0
0.1
15.59
1.5
0.02
0
0
1.77
0
0.02
0
0
0.13
0.07
0.04
0
0
0
0
0
0
0
0
0
0
0
13.84
2.52
0.14
0.01
0
0
0.1
0
0
0
0
0.33
0
0.01
0
5.97
10.14
0.84
0.03
5.03
0.48
0.11
0
0
0
0
0
0
0
0
0
0
2.62
0.25
0.22
0
0.49
1.44
25.54
9.57
0.1
4.93
0
0
0.01
0
0
0
0.01
0
0
0
0
0.02
0
0
0
0
1.58
10.05
3.73
0.54
0
0
0
0
0.01
1.97
15.32
0.44
0.14
0.84
0.93
0.03
4.96
1
1.08
3.12
0.07
1.32
3.56
5.48
0
0
0.16
0.14
0
0.01
0.25
2.1
2.8
1.2
3.18
0
0
3.29
6.59
7.36
5.57
0
0
0.02
0
0.26
0.8
0.01
0.28
0.54
2.74
2.3
5.58
13.13
5.81
3.13
0
0
0
0.12
0
1.16
3.72
2.19
0.03
0
0
0.84
1.81
0.28
0
7.84
4.6
3.69
0.76
0
0.01
0
0.01
0
0
0
7.25
1.73
0
0
0
0
0
0.21
4.36
6.8
3.48
2.92
0
0
0
0
0.01
0
0
0
0
0
0
0
0.18
2.21
4.84
13.84
8.01
4.05
0.96
10.94
1.7
0.16
0.01
0
0
0
0
0.05
0.08
0
0
4.31
3.92
0.03
0.68
0
0.07
0.14
0
5.77
1.93
1.63
6.41
5.98
11.73
2.56
0
0.27
0
0.09
0
2.48
0.22
1.28
3.7
2.21
0.14
0.17
0
0
0
0
10.09
0.86
0
0
0
0
0
0.02
0.04
0
0.02
0
0
0
0
0.02
1.8
0.25
21.93
4.48
1.48
1.16
0.99
0.28
0.22
2.16
4.21
1.58
0.92
2.41
5.52
1.34
8.32
1.74
15.32
2.86
0
0
0.01
0.48
0.23
13.33
1.38
0
0
3.89
0.19
0
0.35
1.21
0.54
0
0
1.28
1.21
0
20.64
5.59
0
0.01
0
0
3.95
3.8
11.41
12.5
0.18
0.51
0
0
0
0
0
0
0
0
0
0
0
0
0
0.01
0.01
0.07
0
0.04
0.02
0
0.01
0.02
0.44
0.07
0.01
0
0
0
0
0
0
0
0
0
0
0
0
0
0.01
0.01
0
0
0
0
0
0
0
0
0.01
0.02
0
0.05
0.02
0.01
0
0
0
0
0
0
0
0
0
11.32
0.97
0
0
0
0.01
0
0
0
0.09
0
0
0
0
0
0
0
0.01
0
0
0.13
0.53
0.1
0
0
0
0
0
0
0
0
0
0
0
0
0.02
0
0
0
0
0
0
0
0.02
0
0
0
0
0
0
0
0
0
0
0
0
0
0
0
0
0
0
0
0
0
0
0
0
0
0
0
0
5.2
16.05
0.23
12.18
13.32
1.8
0
0
0.06
0.04
10.06
17.31
16.96
15.95
3.09
1.47
0.11
0.06
0
0
0
0.43
4.79
0.27
0
0.8
0.26
1.16
0.81
0.43
3.78
0.19
0
0
0
0
0
0
0
1
3.7
0.23
0.01
0.02
0.61
0
0
0
0.42
0
0.19
0.44
0.06
0
0.75
0.22
0.41
0
0.02
0
0
0.01
0
0
0
0
0
0
0
0.04
0.27
0.56
0
0
0.03
0
0
0.02
0
0
0
0
0
0.49
5.73
2.83
0
0.01
0
0
0
0
0
0
0
0.01
0.79
0
0
0
0
0
0
0
0
0.48
0.07
0.18
0
0
0
0
0
0
0.31
0.01
0
0
0
0
0
0
0
0
0
0
0
0
0
0
0
3.35
0.19
0.28
0
0
0
0
0
0
0
0
0
0
0
0.09
0.01
0
0.21
3.31
1.16
0
0
0.02
0
0
0.01
0
0
0
0
0
3.98
10.75
6.57
8.16
1.74
0.21
0
0.11
0.97
1.99
7.77
2.18
5.28
1.03
0
0
0.98
0.68
0.34
0.1
0
0
0
0
0.29
8.04
10.6
14.78
4.82
1.48
0
2.14
4.6
1.95
0.23
0
0.16
0
0
0
1.02
0
0.01
0
0
0
0
4.1
2.65
0.05
0
0
0
0
0
0
0
0
0
0
0
0.45
0
0
0
0
0
0.21
0
0
0
0
0
0
0
0
0
6.21
9.89
0
0
0
0
0
0
0
0.01
0
0
0
0
0
0
0
0
0
0
0
0
0
0
0
0
0
0
0
0
0
0.01
0
0
0
0
0
2.71
1.3
3.58
0
0
0.01
0
0
0
0
0.01
0.26
0
0.27
0
0
0.07
0
0
0
0
0.01
0
0
0.02
0
0
0
0
0
0
0.02
0
0.01
0
0
0.05
0
0
0
0
0
0
0.03
0.55
0.04
0
0
0
0
0
0
0
0
0
0
4.55
0.01
0
0
6.47
0.41
2.87
5.06
2.8
33.08
1.13
0.03
0.01
0
0
0
0
0
0
0
0
0.02
6.34
3.96
0
3.93
0
0
1.32
5.87
20.44
18.94
14.25
0.02
0
3.88
8
4.91
1.34
0.13
0
12.11
0
0.07
3.4
26.33
13.51
0.05
0
1.21
25.59
8.5
8.23
0.7
0.05
0.23
0
0.01
0
2.05
0.38
0
0
0.34
0.08
0
0
0.05
4.59
0.17
0
0
0.02
0
0
0
0
0
0.05
0.25
0
0.02
0
0
0
0.2
5.4
0.72
2.82
0.04
0.08
0.12
0.63
0.1
0
0
0
5.52
0
0
0
0.29
0.02
0.99
0.45
0
0
0
0
0
0.08
0.02
0.22
0.09
0.54
4.74
2.3
0.02
0.16
7.85
2.45
5.32
9.97
2.79
0.87
12.83
8.34
0
0.51
0.29
4.05
0.25
0
0
0
3.23
0.98
0.01
0
0.95
0.15
0
0.15
0.55
6.48
0.59
0
0
0
0
0.38
1.82
0.77
1.94
0
8.04
9.35
0.45
0.12
0.07
0.13
0.39
0.54
0.08
0.02
0.14
4.15
6.36
5.48
7.89
14.87
6.68
3.16
1.34
1.58
1.25
0.3
0.32
5.1
8.27
0
8.33
0
0
2.67
4.24
6.09
10.83
24.98
4.55
3.25
10.82
0.02
18
1.08
0.24
3.21
7.4
2.91
0
2.55
0.64
0.18
0.19
0.33
0
0
0
0
0
0
0
0
0
0
0
0
0
0.32
8.26
6.16
15.74
4.83
6.81
0.34
0
0.38
0
0
0
0
0.01
0.07
0
0.11
0.29
0.46
1.73
3.95
3.4
6.25
2.87
2.9
1.23
0
0
0
0
0
8.04
2.9
0.06
11.8
0.52
0
0
0.01
0
0.11
0.8
0.11
1.23
0.45
0.21
0
0
0
0.03
0.02
0
0.01
0.09
0
0.28
0
0.09
0
0
0
0
0
0
0
0
0
0.43
0.02
0
0
0
0
0
0.01
2.45
0.21
0
0
0.04
0
0.04
0.05
0.08
0
0
0.09
0.26
0.07
0
0
0.01
0
0.01
0
0
0
0
0.01
0
0
0
0
0
0.02
0
0
0
0.21
0.84
0.18
0.06
0.53
1.13
0
0
0
0
0
0
0
0
0.01
2.74
2.99
26.48
6.63
0.18
0
0
0
0.03
0.05
6.32
0.67
0.89
1.05
0
0
0
0
0
0
0.01
0
0
0
0
0
0
0
0
0
0
0
0.99
9.34
0.13
2.57
0.29
2.29
2.91
3.19
0.03
0
0
0
0
0.01
0.01
0
0
0
0
0
0
0
6.94
0.1
0.02
15.3
0
0.02
0.81
0.34
0
0.02
0
0
0
0
0.02
0.77
0.37
0
0
0.2
1.86
0
0
0
0
0.01
0.01
0.01
1.25
12.08
5.26
1
0
0.01
0
0
0
0
0
0.13
0.18
0
0.06
0.09
0
0
0
0
0
0
0
0
0
0
0
1.88
0
0
0
0.02
6.93
14.16
0
0.01
0
0.48
19.25
6.27
0.16
3.03
0
0
0.02
0.54
3.77
13.59
13.91
10.43
2.39
0.01
0.01
0.02
0
0
0
2.65
4.5
3.55
4.52
1.34
2.51
6.26
1.95
2.09
6.51
5.19
0
0.02
0
0.23
0
4.63
6.98
2.8
1.64
0.09
0.59
2.67
7.86
0.37
5.08
3.42
5.09
15.22
1.22
13.16
3.76
3.77
0.59
1.48
0.39
0.77
0.05
0
1.81
0.27
0.02
0.28
2.25
0
0.95
1.12
0.23
13.41
2.78
0.09
0.1
0.01
0
0
0
0
0
0
0.01
0.34
0
0
0
0
0
0.07
4.49
0.88
2.04
0.04
0.4
4.09
0.78
0
0
0.47
0.36
0
0.52
5.81
3.06
1.31
0
0
0
0
0
0.39
0
4.16
0
0
1.36
0.09
0
0
1.16
3.45
8.68
0
0.02
4.16
0.66
0.04
0
0
0
0
0
0
0
0
0
0
0
0
0.04
0
0
0
0
0
0
0
0
0
2.26
0.31
4.69
0.35
1.2
2.79
0.48
0.01
1.22
2.14
0.21
0
1.74
0.03
0
0
0
0
1.13
0.01
0.01
0.02
0.19
1.66
0.68
0.06
0
0
0
0
0
0.02
0.07
0
0.96
4.39
14.75
0.11
1.29
0
0
0
0
0.03
9.66
26.51
0
0.05
0.09
0.02
0
0
0
0
0
0
0
0
0
0
0
0.04
0
0
0
0
0
0
0
0
0
0
0
0
0.01
0
0
0
0
0
0
0
0
0
0
0.02
0
0
0.01
0
0
0.06
0
0
0
0
0
0
0
0
0
0
0
0
0.08
0
0
0
0
0
0.01
0.05
0
0
0
0
0.01
0
0.2
0
0.13
2.17
1.19
0.38
0.1
21.13
3.5
1.16
9.02
0
0
1.4
14.09
0
0.04
0.1
0
0.1
0
0
0
0
7.3
11.09
11.9
7.64
4.39
7.28
2.3
0.86
0.03
0
0
0
0
0.01
0.02
0.01
0
0.01
0
0
0.02
0
0
0
0
1.11
9.72
6.55
1.59
0.6
1.45
10.88
0
10.34
16.07
0
7
6.78
3.57
0.15
0.31
0.06
0
0.02
0
0
0.1
0
6.29
3.57
4.93
27
10.1
1.52
0.32
0.03
0.99
0.29
0.07
1.83
0
0
0
0
0
0
12.48
10.38
1.43
0.78
0.14
0.01
0
0
0
0
0
0
0
0.08
0.65
2.23
0.24
0
0
0
0
0
0
0
0
0
0
0
0
0
0
0
0.31
5.88
0.66
0.01
2.42
0.47
0.2
2.21
1.35
0.04
0
0
0.01
0
0.39
1.95
19.54
3.31
0.06
8.95
10.03
1.73
2.72
0.34
0.18
0
0
0
4.19
1.23
0.05
4.11
0.86
0
0.21
0
0.34
2.88
1.93
0.09
0.67
0.16
0.01
0.01
0
0
0
0.16
0.1
0
0.01
0
0
0
0
0.07
0
0
0
0
0.09
0.07
2.75
10.69
1.05
1.8
6.47
7.09
9.84
0
0
0.03
0
0
0
0.03
0
0
0
0
0
0
0.03
0
0.85
4.93
0
4.82
0.13
0.15
0.09
2.52
1.89
0.01
0
0
0
0.02
0
0
0
2.38
16.97
0.56
0.18
0.17
0
0
0
0.01
0
0
0
0
0
0
0
0
0
0
0
0
0
0
0.01
0
0
0.07
0.01
0.02
0.26
0.01
0.01
0.01
0.01
0.25
0.42
0.02
0
0
1.02
1.33
0
0
0.06
0
3.3
5.89
18.34
0
0
0.02
4.28
0.34
0
0
0
0.02
0.18
2.61
0.24
0
0.01
0
0
0
0
0.04
0.06
0.06
0.12
0.01
0
0
0
0
0
0
0
0
0
0
0
0.02
0
0.4
0.02
0
0.02
0.63
0.02
0
0
0
0
0
0
0.26
4.48
0.05
0
4.52
0
0
0.05
0.27
0.4
0.15
0
0
0
0.01
0.01
0.02
0.28
0
0
0.01
0.1
10.98
0.09
0.17
0.34
0
0
0
0
0
3.28
6.71
1.42
0
0
0
0
1.12
2.56
0.02
0
0
0
0.02
0.08
0
0.07
6.89
0
0
0
0
0
0
0
0
0
0.01
0.87
2.02
1.07
0.41
0.01
0.02
0.17
2.52
0
0.55
0
0.1
0
0.15
1.35
2.25
0.74
0
0.01
0.02
4.94
5.96
0.88
0.5
0.03
0
0
0.48
0
2.34
1.78
0.86
0
0
0.03
10.29
19.33
4.79
0.18
0.01
0
0
0
0
0
0
0
0
0.04
0
0
0
0
0
0.27
2.17
0.32
0
0.18
0.05
0
0.23
0
0
0
0
0
0
0
0
0.01
0.01
0
0
0
0
0
0.08
0
0
0
0
0
0
0
0
0
0
0
0
0
0
0.41
0.12
0.73
1.08
7.71
0.72
10.71
13.37
0.73
2
0.97
4.88
3.3
9.64
1.39
0.02
0.59
4.94
0.02
0
0
0.16
0.01
0.05
0.23
0.05
0
0
0
0
0.09
0.78
0.68
0.18
0
0
0.2
0
0
0
10.17
0.73
0.63
2.46
4.3
4.52
25.38
15.05
8.53
0.02
0.01
1.12
1.21
0.04
0
0.05
0
0
2.88
0.9
16.61
5.22
0.52
0
0
0.01
0
2.48
1.6
1.79
7.02
0.39
2.01
0
0
0
0.21
0.48
0
0.2
0
7.17
10.88
3.04
10.61
0.52
0.01
0
0
1.02
0.27
0.09
0
0.59
0.61
0
0
3.45
32.95
0.06
1.1
0.09
0.03
0.02
7.52
4.26
9.59
1.37
0
0.98
10.85
0.16
0
10.66
6.26
0.82
1.32
3.52
0
0
0
0.05
1.03
5.04
0.25
0
0
0
0
2.33
10.15
13.66
15.93
6.57
7.18
2.79
2.02
6.05
0.17
0
0
0
0.07
0
0
0.08
0.74
0.22
0
0.01
0.02
0
2.51
1.13
0
0
0
0
2.97
0.8
0
0
0
0
0.55
0
0
0
0
0.04
1.3
1.02
0
0.2
0
0
0
0
0
0.01
0
0.04
0
0
8.21
0.01
0
0
0
0
0
0.51
0.16
0
0
0
0
0
0
0
0
0
0
0
0.02
0.07
0
0.01
0.01
0
0
0
0
0
0
0
0
0
0
0
0
0
0
0
0
1.9
0.13
0
0
0
0
0.91
0
0
0
0.02
0
0
0
0
0
0
0.21
0.02
0
0
0
0.1
0.96
0.02
0
0
0
0
0
0.02
0
0
0
0.03
12.07
7.02
0.52
0.02
0.02
0
0
0
0
0.01
0
0
0.03
0
0
0
0
0
0.01
0
0
0
0
0
0
0.01
0.02
0
0.22
8.74
4.26
0
0.01
0
2.47
1.27
9.3
10.01
4.05
7.33
10.78
8.25
0
0.01
0
0
0
0
0
0
0
1.09
8.25
18.98
0.43
0
0.95
0.05
0
0
0.08
0.04
0
0
0
0
0.01
0.82
22.06
4.9
9.49
6.88
2.53
5.64
9.64
2.81
0
0
0.05
0.13
0.24
4.23
4.23
0.03
0.11
0.04
0
0
0
0.06
0.23
0.01
0
0.15
1.02
0.52
0.83
0.66
0
0.25
0.08
0.01
0
0
0.02
0
0
0
0
0
0.02
0
0
0.01
0
0
0
0
0.35
0.82
0
0
0
0.01
0.03
0.02
0.02
0
0.09
0.1
0.02
0.02
0
0.02
0.01
1.77
8.08
0.09
2.53
1.29
0.04
3.22
3.55
7.21
7.47
3.28
0
0.69
0
0
0.58
1.5
3.01
2.52
0.01
0
0
0
0
0
0
0
0
1.38
0.56
0.1
0
0.02
0
1.06
0
12.11
0.58
0
0.18
1.06
0
0
0
0
1.37
1.29
0
0
0
0
0
0.02
0.24
0
4.01
2.79
1.9
5.16
3.74
3.39
0.34
0.05
0
0.43
0
0
0
0
0
0
0
0
0
0
0
0
0
0
0
0
0
0
0.05
0.09
0
0
0.03
1.29
2.87
0
0.24
1.39
3.57
2.01
0.49
0
0.08
1.16
1.43
0.01
0.02
0
0
7.64
5.01
2.55
1.04
0.01
0
0
1.2
9.35
1.45
0
0.01
0
0
0
0
0.1
0
0.03
1.84
1.13
2.23
0.82
8.25
2.77
20.64
0
0
1.63
0
0
0
0
0
0
0.05
5.73
1.5
1.14
0
11.38
0.06
0
0
0
0
5.93
0
0.93
1.27
0
0.01
0.01
0
0
0
0.93
1.91
18.2
0.55
0
0
0
0
0
0
0.02
0
0
3.02
0
0
0
0
0.01
0
0
0
0
0
0
0
0
0.29
0.39
0.02
0
0
0
0
0
0.04
0
0
0
0
0
0
0
0
0
0
0
0
0
0
0
0
0.63
6.56
11.01
5.79
0.09
0
0.05
0.05
0
0
0.14
0.55
0.01
0.01
0.19
0
0
0
0
0
0
1.55
0
0
0
0
0.01
4.55
0
0
0
0
0.11
0
0
0
0
0.01
0.67
0
0
0
0
0
0
0
0
0
0
0
0.04
0.07
4.34
14.99
0
0.05
0.29
0
0
0
0
0
0
0
0
0
0
0
0.03
0.17
1.48
0
0.01
0
0.01
0
0
0
0
0
0
0
0
0.01
0.02
0
0
0
0
0.01
0
0
0
0
9.36
0.14
0.02
1.01
0.04
0
0
0
0
0.02
0.77
0.23
8.89
3.76
0.29
0.15
1.21
2.14
0
0.02
0.01
0
0
0
0.01
0.01
0
2.27
7.05
0.98
0
3
0.43
1.07
0.16
0.14
0.11
0.02
2.97
13.18
2.55
1.77
2.19
1.39
0.19
0
3.46
0.52
0.02
0
0.01
0
0
0
0.02
0.01
0
0.08
13.69
4.52
0
0.01
0
0
0
1.32
0.3
3.09
6.98
5.34
1.23
1.2
1.31
1.41
0
2.02
0.63
0.05
0
0.01
0
0
0.02
0.13
0
0.16
0
0
0
0
0
22.89
12.75
12.39
16.73
7.37
6.83
5.09
3.49
1.87
3.47
7.38
12.87
5
2.02
2.15
16.48
3.48
4.21
12.46
0
11.36
0
0.41
0.38
9.49
0.28
1.57
0.32
0.27
0
0.85
4.85
1.47
0.07
1
1.13
1.07
0
8.98
7.15
6.21
11.34
22.89
17.42
6.18
1.54
0
7.27
0.38
0
1.36
0
0
0.05
0.52
0.07
0.37
0.24
0
0.02
1.43
3.41
0.13
0
0
0
0
4.11
1.02
3.01
2.34
0
0.03
0.01
0
0
0
0
0
0.7
1.48
6.2
4.38
4.55
2.74
0
0
0.48
0.43
11.22
5.23
19.41
5.7
0
3.05
6.88
0
0
3.23
3.07
0.75
5.62
6.27
0.98
0.58
0.88
0
0.37
0
0
0
0
0
0.07
0
0
0
0
0
0.2
2.84
0.79
0.66
4.73
0
0
0
0.02
0
0
0
0.02
0
0
0.02
0.01
0
0
0.01
0
0
0
0
0.02
0.05
0
0
0
0
0
0
0
0
0
0
0
0
0
0
0.14
0.05
0.01
0.61
0
0
0.01
11.15
0
0
1.84
0.34
0.26
1.89
0.06
0
0
5.8
6.36
0
0.15
0
0
5.05
0.05
2.36
0.01
0
3.19
0
0.04
0
0
4.3
0
1.71
5.83
8.02
0.32
0.61
0.14
3.56
0
5.62
0.05
0
0.04
0
0
0
0
0.16
0
0
0
0
0
0
0
0
0
0
0
0
0
0.03
0.27
0.42
0.05
0.3
4.45
0.33
0
0.67
17.36
5.5
0.46
0.86
0.07
0
0
0.79
3.17
9.73
0.55
2.46
13.46
14.7
0.09
0.34
0
4.29
13.7
0.59
0.75
5.47
0.07
2.25
1.06
0.22
0.36
0.68
0.21
0.65
0.41
1.79
5.88
5.46
2.34
2.48
2.64
0.53
12.56
2.75
0
0.21
3.94
0.11
0
0
0
0
0
0
0
0.01
0
0.01
0
7.52
13.27
0.4
1.08
2.54
0.59
1.43
0
0
0
0
0
0
0
0
0
0
0
0
0
0
0
0
0
0
0
0
0
0
0
0
0.01
0
0
0
0
0
0.02
12.36
0.42
0
1.22
0.41
0.25
0.02
0
0.02
0.03
1.95
7
6.84
3.95
0
0
0
0
0
0
0
0
0
0.01
0.01
0
0
0
0
0
0
0
0
0
0
0.02
0
0
0
0
0
0
0
0
0.01
3.16
6.48
0.04
1.56
0
0
0
0
0
0
0
0
0
0
0
0
0
0.09
0
0
0
0
0
0
0
0
6.28
3.68
3.85
0.03
2.41
9.7
5.47
1.62
3.17
2.28
2.31
0.02
0
0
0
0.56
0
7.01
21.06
15.47
6.59
4.5
1.16
4.42
9.53
5.75
1.72
0.18
0
0
1.58
0.29
4.02
0.11
0
0
0
0.01
0
0.06
0.04
0
0
0
0
0
0
0.05
0.03
0.02
0
0.01
0.04
0
0
0
0
0
0
0
0
0
0.23
0.01
0.25
0
0.22
0.03
0.18
0
0
0.01
0.01
0
0
0
0
0
0
0
0
0
0
0
0
0
0.04
0
0.1
0
0
0
5.3
2.57
0
0
0
0
0
0.72
0
0
0.01
0.14
0
0
0.01
0.34
0.09
0
0
0
0
0
0.02
0
2.94
0.05
0
0
0
0
0
0
0
0
0
0
0
0
0
0.02
0
0
0
0
0
0
0
0
0
0.09
0.38
13.44
1.71
0
0
0
0
3.84
0
0
6.41
0.09
0.09
1.22
0.02
0
0
0
0.05
0
0
0.56
0
0
3.94
4.41
19.56
1.88
4.89
0.19
4.9
6.95
1.86
1.24
0.06
0.01
0
0.44
0
0
0.02
1.69
0.02
0
0
0
0
0
0
0
0
0
0
0.42
0
2.72
0.38
0.16
0.14
0.48
10.25
3.41
1.38
7.81
5.59
0.59
0
0
0
0
0.06
0.06
0
1.66
2.52
2.14
5.1
2.09
1.16
0.42
0
3.2
1
1.55
7.72
6.88
7.88
0.67
0
4.17
0.12
0.12
2.66
2.94
10.53
1.09
0.72
0.26
1.44
0.91
2.72
2.11
4.81
1.06
0.34
1.62
0.91
0.16
0.05
0.64
1.38
0.29
0.31
0.09
4.84
0.06
0.02
0.19
0
1.55
1.25
27.06
30.38
8.58
1.02
0.12
0
0.01
0
0
0
0
0
0
0
0
0
0
0
0
0
0
0
0.28
0
0
0
0.01
0.01
0
0.01
3.73
0.19
0
6.25
0.12
0.06
2.31
7.11
0
0.81
0.52
0
0.72
1.8
0.74
0.25
0
0.01
0
0
0
0.54
0
0
0
0.02
0
0
0.02
0.02
0.02
0
0
0
0
0
0
0
0
0
0
0
0.38
10.5
2.57
1.19
0.02
2.44
0.09
0
0
0
0
0
0
0
1.25
32.36
9.81
1.42
0
0.01
0
5.28
7.16
2.78
0.14
2.57
1.19
2.19
0.02
0.69
12.27
18.75
3.09
0
0
0
0.75
7.05
2.52
1.38
3.88
3.51
1.12
0.67
0.5
1.81
9
0.83
3.25
7.33
2.03
1.12
4
0
0.19
0.56
4.64
3.12
2.16
0
0
0.06
0.02
0
0
0
0
0.15
0
1.22
1.19
0.12
0.12
18.98
3.68
8.73
12.2
0
0
0
0
0
0
0
0
0.03
0.77
0.34
0.44
0
0
0
0
0
0
3.42
12.88
0.08
0.14
5.42
0.02
0
0
0
1.03
0.14
0
0
0.72
0.04
0
0
0
0
0
0.04
0.38
0
0
0
0
0
0
0
0
0
0
0
0
0
1.16
11.25
0.16
0.18
1.45
0.23
0.01
0
0.01
0
0
0
0
0.33
0.41
0
0
0
0
0
0
0.01
1.05
0
0
0
0
0
0
0
0.01
0
0.02
0.97
40.81
0
0
0
0
0
0
0.01
0
0
0.05
0
0.01
0
0
0
0
0
0
0
0
0
0
0
0
0
0
0
0
0
0
0
0
0
0
0
0.01
2.36
9.41
0
0
0.02
0.05
0.45
0.22
0
0
0
0
0
0
0.06
14
0.11
0.08
0
0
0
0
0
0
0
0
0
0
0
0
0
0
0.33
3.06
0.81
0.86
1.54
0
6.39
0.01
0.02
0.01
0
0
0
0
0.09
3.56
1.56
13.69
13.62
4.91
0
0.38
0.51
0
0
0
2.44
0.11
0
0.01
0.06
0
0
0
0
0
0
0.06
0
8.28
0.25
0.02
0
0
0.18
2.58
4.23
0.06
1.92
10.88
0.8
5.22
6.34
8.36
0.02
0.25
2.16
0.69
0.07
0.02
0
6.46
0.12
0.08
0.02
0.1
1.51
0.08
0.04
3.42
0.7
0.83
0.02
5.14
2.02
0.74
0.2
0.33
0.22
0.94
8.03
16.78
5.45
1.06
0.02
0.04
0.01
0.02
0.01
0
0
0
0.03
7.3
12.19
1.43
11.34
1.67
7.36
1.68
0.15
0.38
2.02
3.5
1.84
0.32
0.47
0.08
0.11
8.5
12.91
14.28
10.03
21.72
0.94
2.06
0.84
0.09
0
0
0
0
0
0
0
14.38
0.97
0.01
0
0
0
0
0
0.64
0
0
0.95
0.12
0.31
4.31
11.07
0.51
0.04
0.03
0
0
0
0
0
0
0
3.34
0
0
0
0
0
0
0
0
0
0
0
0
0.04
5.18
1.46
0.13
0
0
0
3.07
2
8.12
9.56
0.04
0.23
2.61
2.44
0.17
0
0.33
0.65
6.33
7.65
3.52
2.92
7.36
1.08
10.72
3.03
10.48
1.8
0
4.05
0.55
2.53
0
0.31
0
0.03
0.69
4.42
0
0.44
0.05
0
0
0
0.03
0
0
0
0.19
0
0.02
6.47
0.01
0
0
0.67
0
0.01
0.02
4.12
5.9
0.2
4.12
3.09
17.34
0
0
0
0
0
14.83
0
0
9.81
0
2.89
0
6.09
0
1.06
0.02
0.3
0
0.01
0
0
0
0
0
0.14
0.01
0
0
0
0
1.45
0
0
0
0
0.02
0
0
0
0
0
0
0
0
0
0
0
0
0
3.77
0
0
0
0
0
0.81
0
0.09
0
0
0
0
0
0
0
0
1.95
0
0
0.45
0
0.01
0
0.11
0.01
0
0
0.01
0.42
12.84
0.1
0
0
0.01
0.16
0.02
24.09
23.19
0
0
0
0.01
0
0
0
0
0
0
0.27
5.78
42.38
1.28
2.11
0
0
0.01
0.28
2.69
0.28
0
11.73
0
0
0
0
0
0
0
0
6.03
0.02
0.02
0
0
0
0
0
0
0
0
0
0.08
0.2
0
0
0
0
0
0
0
0
0
0
0
0
51.12
24.91
43.09
0.75
6.75
0.05
0.03
0
0
0
0
0
0
0
0
0
0
0
0
0
0
0.17
0.5
1.34
19.19
3.81
2.22
1.19
0.3
2.16
0
0.02
0.08
7.12
0.75
0.33
0.17
1.02
0
3.47
0
0
0
0.23
0.01
0.01
0
0
0
0
0
0
0.17
0.11
0.02
2.78
4.12
4.59
13.16
0.23
0.01
0.03
0.01
0
0
0
0
8.25
2.58
0.01
0
0
0.06
0.06
0.01
0
0
0
0
0
0
0
0.04
0
0
0
0
0
0
0
0
0
0
0
0
0
0
0
0
0
0
0
0
0
0
0.09
1.07
2.64
0.22
0
0
0
0.28
1.98
0
0
0
0
0.53
1.45
0.52
0
0
0.04
0
10.55
0.05
0
1.3
2.28
0.16
0.02
3.45
21.25
12.78
4.06
3.25
0.11
0
0
0
0.61
1.62
3.38
1.25
1.28
0.78
1.25
0.56
0.07
0.09
2.25
11.41
0.59
0.03
0
0
0
0.23
0
0
0.03
0.04
0
1.31
1.14
0
0.04
0
0
0
0.41
7.53
0.62
0.16
15.19
5.69
1.45
0.53
7.72
6.11
4.53
0.33
4.29
0
0
1.34
0
0
0
0
0
0
0
0
0
0
1.84
0.37
0
0.09
0
0
0
0
0.03
0
0.66
0.02
0
0
0
0
0
0
0
2.16
0.03
0
0
0
0
0
0
0
0
0.04
0
0.01
0.57
2.25
0.27
0.62
0
0
0.16
0.02
0.01
0.01
0
0
0.14
0
0
0.15
0
0
0.05
0
0.03
0.36
0
0
0
0
0.08
0
0
0
0.01
0
0
0
0
0
0
0
0
0
0
0
0
0
0
7.91
0.03
0.41
0.29
0
0.23
0.01
0.09
0
0
0
0
0
0.02
2.44
0.09
0
0
4.59
0
0
0
0
0
0
0.05
0
1.27
0
0.61
0.05
0
0
0
0
0
0
0
0
0.01
0.01
0
0.02
1.37
1.66
3.2
0.8
0
0.08
0.84
0.19
3.45
12.32
0.32
0
0
0
8.75
0.19
0.69
0
1.53
0.02
0
0
0
0
0
0.06
0.44
1.48
0
15.55
5.53
0.12
0
0
0
1.97
0
0
4.38
6.06
0.91
0
6.84
0
0
0
0
0
0.11
0.05
1.8
0.37
0.02
2.18
0.11
0
0
0
1.66
2.84
0.84
0
6.41
0.08
3.25
6.23
3.56
4.3
6.56
0
3.53
12.78
10.09
1.8
3.63
0.08
0.03
6.02
0
0
0
0
0.03
0.77
4.05
1.59
0.97
2.62
15.22
15.88
9.47
7.61
30.97
41.22
11.78
2.91
1.43
1.47
2.16
0
5.38
0.06
0.31
0.06
0.03
0
0
0.02
0
0.16
0.01
0
