19510101
14.02
16.04
0.32
0.01
0.01
0
0.01
0
3.88
3.22
4.41
5.23
4.1
2.79
0.07
0.37
0
0.29
0.01
0
0
0
1.75
9.92
2.21
9.12
9.34
6.59
0.3
0.07
0.08
0.06
0.2
8.14
21.03
7.33
6.06
3.43
1.9
3.84
4.64
7.31
10.2
2.93
4.86
2.46
0
0.64
2.51
0.88
4.26
1.38
2.44
12.57
1.92
0.12
0.02
0.02
0.04
0
0
0.71
3.15
4.4
2.11
3.81
6.17
7.3
19.98
8.29
16.29
15.44
9.26
11.65
0.97
0.31
0
0.03
0.02
0
0
0
0
0
0
0.02
0.05
0
0
0.02
0
0
0
0.01
0.02
0
0
0
0
5.91
3.6
0.35
0
0.01
0
0.01
1.05
1.03
0.98
1.46
1.84
1.63
3.58
2.16
4.16
7.27
12.71
11.27
4.47
13.48
10.91
7.91
0.27
0.53
7.07
9.71
5.29
5.86
1.3
3.59
1.9
0.44
0.04
0.02
0
0
0
2.65
1.95
1.53
0.1
0.05
0.05
0
0
2.88
0.13
3.1
5.34
2.48
0.03
0.03
0.02
14.75
6.43
7.64
0.23
3.07
0.12
0.01
0
0
0.15
0
0.08
0.45
1.44
0.08
0
0.04
0.79
0.4
2.87
0
0.02
0
0.16
0
0
1.74
4.75
2.63
0
0.41
0
0.21
0.16
0.13
0.08
0
0.02
0
0.01
0
0
0.14
0
0
0
0
0
0
0
0
0
0
0
0.03
0
0.43
3.03
7.9
4.88
7.95
2.13
0
0
0
0.08
0.03
0
0
0
0.01
0.05
0.13
0
0
0.06
0
0
0
0.02
0
0
19.55
11.21
1.02
0
0
0
0
0.01
0
0
0.01
0
0
0.82
8.18
3
0.78
2.33
9.69
16.94
7.27
0.14
0
0
0.03
0
0
0.01
0
0
32.84
0.18
0
0.03
0
0
0
0.58
9.29
7.15
1.28
0
0
0
0
1.51
8.35
0.21
0
4.49
4.46
0.86
0.06
0.02
0
0
0
0.52
1.29
1.81
0.01
0.07
0.04
0.59
0.13
1.84
2.7
5.66
1.4
0.01
0.77
0
0.46
4.44
13.49
8.38
10.92
21.37
3.45
7.29
7.48
1.82
1.17
2.95
0.76
2.13
11.05
4.02
2.52
3.08
1.76
0
0.05
0.03
0.01
1.97
0
0.66
0.09
0
0
1.18
2.39
0.01
0.13
1.24
1.95
0.96
0
0.58
2.25
0.27
0.03
2.41
0
0.02
0.05
2.6
0.54
4.83
2.3
6.46
1.19
2
2.43
1.14
2.21
0.22
0.01
0
0
0
0.02
0.01
0.02
0
0
0.04
0.01
0
0.02
0.85
0.72
0.16
0
0
0.1
0.23
0
0.88
1.01
0.68
4.51
4.79
7.06
14.17
12.05
3.76
0.74
0.38
0.63
1.47
0
0
0
0
0
0.02
0
0
0
0
11.59
5.83
0
0.35
0
0.75
0.42
0.05
0.01
0.02
0.02
0
0.87
2.61
0.98
0.53
0
0
0
0
0.36
0
0
0
0.01
0.22
3.72
2.94
5.35
6.55
0.2
2.56
0
6.89
9.67
0.71
0.29
0.03
0
0
0
0.11
0
1.57
6.15
11.79
10.38
7.91
6.67
14.46
3.27
0.23
0
0
0.02
0
0
0
13.69
14.52
4.2
19.42
2.77
0
0
2.66
0
0.03
0
0.47
1.84
6.03
0.01
0.02
0.33
0
0.5
0.09
3.53
5.27
4.14
15.41
5.62
5.73
0.58
0
0
0.01
0
0.21
0
0
1.8
1.34
0
0.93
5.58
3.06
5.12
5.34
12.08
9.32
5.28
0.11
0
0.36
1.46
2.51
6.99
0.8
0.1
0.03
0
0.62
0
0
0
2.68
1.5
2.95
0.8
0
0.01
0
0.08
0.78
4.31
0.05
0
0.88
2.16
0
0
0
1.14
3.25
0.95
0.16
0
0.01
0
1.03
4.96
9.53
0.38
0
0
0
0
0.85
0.96
2.5
3.45
8
1.21
0
0.04
0
0.15
2.34
1.76
2.07
0.24
5.06
2.3
5.59
9.3
1.64
10.73
4.33
16.41
1.37
0
0
0
0
0.1
0
0
1.37
0
0
0.01
0
0
0
0
0
4.12
0.02
0
0.02
3.09
1.45
0
0.07
0
8.05
8.76
6.57
4.08
0
0.04
0.45
0
0.03
0.09
0
0
0
0.32
0
0
1.87
0.89
0.29
7.55
10.51
4.19
0
0
0
0.1
0
0.01
0
0.01
0
2.43
0.02
0.6
0.77
1.18
0
0.02
0.01
0
1.84
0
0
0
0.73
1.02
0.91
0.65
1.81
3.48
0
0.02
4
8.22
0.83
3.88
8.22
0.13
0.04
3.15
0.74
0
0.78
3.12
0
0
0
1.96
0
0
0.01
0.01
0.13
0.01
0.02
0.02
0.01
0
0
0.41
0.26
0.2
0.59
4.06
4.56
4.7
0
1.2
0.5
1.07
1.8
2.38
2.11
1.08
3.08
13.18
6.34
5.6
2.44
0.25
0
0
0.01
0
2
0
0.02
2.14
9.69
6.39
2.35
1.86
3.95
1.54
0.07
0.06
0.01
1.83
0
0.21
0.22
0.83
4.3
3.02
3.77
1.9
0.13
2.38
3.11
4.42
0.79
0.56
0.5
1.82
2.45
0.03
0.17
0.34
0.01
0
0.01
0.01
0
0.04
0.03
0
0
0
0.01
0
0.11
0.11
0.01
0
0
0.01
0
0
0.02
0
0.88
2.59
6.12
6.32
3.21
0.09
0.04
2.96
1.93
1.1
1.03
0.75
0.3
0.02
0.01
0.03
0
0.07
0.04
0
0
0
0
0
0.08
0
0
0
0
0
0
0
0
0
0
0
0
0
0
0.43
0
0
0
0.67
0.94
2.75
0.95
0.04
0.01
0.06
0.01
0
0
0.14
0.21
0
0.44
0
10
4.43
0
0
0.03
1.7
2.43
2.44
0.75
0.04
0.27
0.64
0
0
0
3.35
13.82
10.5
10.71
1.15
5.03
1.33
1.91
0.48
10.59
2.33
0.06
0
0
0.02
0.02
0.05
0.01
0
0
0
0
0
0.07
0.04
0
12.79
2.5
0.01
0
0.15
0.39
0.04
0
0
0
0
0
0.81
0.38
0.03
0
0
0
0
0
0.01
0.17
0.09
0.23
8.44
3.81
0.43
0.02
0.07
0
2.05
0
0
0
0
1.26
0.42
18.65
4.27
3.24
2.04
0.02
4.23
0
4.28
11.19
6.85
6.44
0
0
1.89
1.56
1.7
6.63
0.07
0
1.58
0
1.12
0.31
0.05
0
0
0.12
0
0
0
0
0
0
0
0
0
0
0
0
0
0
0
0.05
0.76
0.94
0.44
0
0
0
0
0
0
0
0
4.23
4.38
0.59
0
0.01
0.05
0
0
0
0
0
0.05
0
0.07
0.05
0.09
0
0.01
0
0
0
0
0
0.72
1.46
3.92
5.16
0
3.59
0
0
0
0
0.28
0.16
0
0
0.01
0
0.02
0.01
0
0
0
2.9
11.65
5.57
0.8
0.02
0.01
0.16
0.73
5.16
16.11
1.3
0.78
2.27
0
1.39
3.71
11.55
12.5
9.46
10.69
10.45
0.41
0.1
0.64
4.29
0.35
0
2.63
0.14
3.05
7.19
2.49
1.66
0.37
0
0
1.71
4.74
1.57
0
0
0
0
0
0
0
0
0
0
0
0
0
0
0
0
0
0
0
0
0
0
0
0
0.39
0.42
0
0
0
0.51
0.81
6.6
3.35
1.29
8.02
7.71
1.5
0.05
0.16
0
0.52
0.38
0.58
1.03
2.66
0.98
1.23
0
0
0
0
0.08
0
0.01
0.01
0
0
0
0
0.83
0.01
0.08
0.95
1.38
1.42
0.82
0.21
0.05
0.44
0
0.03
0
0.05
0
0
0
0.41
0
0.01
0
0.65
0
0
0.04
0.73
1.2
4.34
8.47
6.09
0.18
0.33
0.33
1.62
0.82
1.47
0.21
2.05
1.45
2.01
7.87
3.99
2.22
6.54
3.22
1.52
0.36
0.01
0.52
0.14
0
0.01
0.01
0
0.11
0.98
0.41
0.13
0.06
0.07
0.21
1.22
6.12
0.91
0.51
10.53
15.7
3.55
1.02
5.92
8.41
10.32
3.04
0
2.28
6.51
0.73
1.81
0
0.05
4.11
6.21
0.38
0.81
0.02
0.02
0
0
2.3
1.51
0
0
0
0.11
0.18
0
0.24
0.37
0.1
0.58
0.43
0.25
0.18
0
0
0.01
0
0
0
0
0
0
0
0.02
0
9.82
2.22
3.86
4.68
0.55
2.84
4.27
0.86
0.08
0
0
0.01
0
0
1.75
0
1.28
2.46
39.76
14.02
4.03
0.14
0.11
0
0
0
0
0.18
0.07
0
1.38
0.09
0.01
0
6.89
3.58
13.88
34.04
6.63
0.87
0
0.84
0
0.87
0.93
0.07
0
0
0
0
0
0
0
0
0
0.01
0
0
0.4
0.85
0.46
0
0.02
0
0.7
0.02
0.04
0
0
0
0.01
0
0
0.59
0.37
0.06
0.17
0
0.01
0
0.01
0
0
0
0
0
3.88
5.38
0
0
0
0
0
0
0
0
0
0
0
0
0
0
0
0
0
0
0
0.01
0
0
0.96
0.05
0
0
0.01
0
0.13
2.42
0.28
0
0
0.01
0
0
0
0.05
0
0
0.01
0
0
2.46
0.21
0
0
0.12
0
0
0
0.01
0.19
1.54
0.31
0
0.02
0
0
0
0
0
0
1.39
0.09
0.02
0
0
0
0
0
0
0.47
0.23
0.66
0
0
0
0
0.02
0
0.02
0
0
0
0.15
0
0.03
0
3.31
0.38
0
0.25
1.01
0.02
0.02
0
0
0.17
0
0
0.1
0.27
0.01
0
0.53
2.11
16.46
2.98
1.64
0.2
0
0
0
0
0
0
0
0
0.01
0.55
0.06
3.78
7.95
3.89
0.48
5.98
7.44
4.65
13.87
14.77
6.55
2.45
0
0
0
0.02
0
6.23
8.79
1.13
0.18
0.34
0
0.15
0
0
0
0
0
0
0
0
0
0
0
0
0
0
0
0
0.01
0.14
5.55
15.64
12.71
10.75
6.63
6.27
0.63
15.33
4.02
1.74
1.91
1.66
1.09
4.24
3.87
13.48
18.47
15.51
5.41
5.11
4.07
1.47
0.21
0.51
0
0
0.3
2.45
4.74
5.82
8.08
28.34
12.73
1.91
1.01
0.94
0.07
0
0
0.02
0
1.6
4.32
1.85
14.66
32.56
17.71
10.14
8.3
1.4
0.66
4.14
3.99
7.63
5.69
3.18
0.53
0.01
0.01
0.02
0.03
0
0.04
0.05
0.29
0.42
5.31
1.05
0.24
2.01
2.52
0
0.02
0.01
0
0
3.03
9.09
5.51
0.11
0
0
0
0.07
0.01
0.02
0.15
0
0
0
0.01
0
0
0
0.01
6.18
4.03
0
0
0
0.01
0
0
0.29
0
0
0
0.63
5.7
8.99
3.81
4.92
6.96
0.48
0.02
0
0.07
0.25
0
0.39
3.46
0.45
0.05
0
0
0
0
0
0
0
0
0
0
0
0
0
0.91
0.47
0.54
2.96
0
0.94
4.66
3.53
2.72
0
0
0
3.41
2.68
3.05
3.74
3.41
0.82
1.55
8.32
0
6.02
0.86
0.75
0
0
0
0
0.08
1.79
10.48
10.36
6.14
0.07
0.05
0.77
0
7.52
0.57
0
0.2
0
0
0
0
0
0
0
0.01
0.01
0.01
0
0
0
0.14
0
0
0.07
0
0.2
0.37
0.08
0.03
3.84
3.75
6.38
0
1.74
0.01
0.38
3.53
0.05
0
2.58
0
0
0
0.18
2.19
3.35
2.27
0.42
0
0.02
0
0.04
0.02
0
21.57
3.67
0.18
0
0.02
0
1.66
1.51
3.23
0
0.18
0
5.85
7.38
0.58
0
0.31
0.13
0.48
2.79
2.38
0.66
0
0.21
0
6.7
2.79
0.29
0.01
0.21
0
0
0
2.41
2.84
17.6
0.61
0
0
2.49
0
0
0
0.01
0.02
0.13
0
0.88
0.04
3.01
5.93
2.7
0.61
0.09
0
0
0
0
0
0.1
0.03
0
0
0.56
4.56
0.27
0.62
9.9
0.15
0.02
0
0
0
0
0
8.41
16.05
15.7
10.3
4.3
0.44
1.79
5.42
2.06
0.13
3.41
3.87
1.32
0.04
3.89
4.24
0.49
0
0
0
0
0
0.08
0.09
0.45
1.32
8.01
2.14
1.98
0.06
0
0
5.92
16.21
13.93
5.27
0.22
0
0.01
0
0
0.05
0
0
0.6
2.49
10.61
23.9
24.56
22.61
13.58
4.81
6.2
10.08
10.77
1.49
0.7
2.43
0.19
0
0
0.01
0.18
0.7
0.95
0.04
0.28
0.35
0
0.01
0
0
0.94
3.16
3.75
0.2
6.16
7.41
1.78
3.39
7.77
5.77
4.37
3.74
1.57
0.61
0.04
0.27
0.39
0
0
0
0
0
5.81
5.18
1.19
0.4
0.04
0
0
0.01
0
0
0
0
0.01
0.09
0
0
0.03
0
0.11
0.38
0.07
1.05
2.27
3.52
3.23
1.42
0.49
0.1
0
0.03
0
0
0
0
0
0
0
0
0
0.27
0.02
0
0
0.05
0
0.08
0
0.05
6.7
11.45
9.2
10.21
11.27
19.3
13.2
8.16
5.53
6.05
19.15
41.97
17.78
5.45
1.12
0.3
0
0.12
0.55
0.19
0.04
1.3
1.73
0.22
1.18
2.2
3.93
8
8.87
4.43
4.42
0
0
1.9
5.65
6.35
4.06
5.83
2.4
4.48
7.88
8.13
4.38
0.1
0
0
0
0
0
0
0
0
0
0
0
0
0.02
0.02
0.01
0
0.01
0.56
0.23
17.6
17.19
8.75
8.56
3.09
22.87
39.14
18.73
0.04
0
0.29
0.16
0
0
0.01
0.01
0
0
0
0.01
0.02
3.88
1.87
0.02
0.34
0
0
0
0
0
0
0
0
0
11.34
6.64
4.38
1.84
0.09
5.16
0.33
0.11
0.2
0
0
0
0
0
0.02
0.04
0.07
0.01
0.01
0
0
0.01
0
0.35
0
0
0.01
1.51
12.32
7.87
0
0
0
0
0.04
0
0.01
1.84
0
0
0
0
0
0
11.12
15.03
3.25
0
0
0
0
0
0
0
0
1.65
0
0.02
0.02
0
0
0
0
0
0.02
2
0
0
0.01
0
0
0
0.05
0
0.02
0
0
0.01
0.02
0
0
0.01
0
0
0.07
2.92
3.1
1.27
0.79
8.23
9.39
5.54
11.51
19.22
9.71
0.83
0
0
0
0
0
0
0
0.69
0
0
0
0
0.72
1.86
3.1
0.09
0.24
1.91
6.79
2.45
0
0
0
0
0
1.77
0.52
0.08
0
0.09
0.21
0.16
0.03
0
0.47
0
0.18
0
0
0
0.27
0.73
2.3
2.21
2.13
0.02
1.28
0.57
0
0
0.08
0.02
0.38
0.25
5.58
3.66
0.48
0.07
0
0.02
0
0
0
0.28
0.6
0.66
0
0
0
0
0
0
0
0
0
0
0
0
0.02
0
0
0
0
0
0.04
0.18
0.59
0
0
1.01
1.1
1.62
4.23
5.62
8.36
9.64
5.42
1.85
0.27
0
0
0
0
0.68
1.35
0.61
0
0
0.02
1.2
2.71
0
0
0
1.38
0.1
0
0
2.61
3.59
2.03
0.27
0
0
0
0
0
0
0
0.45
0.99
0.43
0.34
0.24
0.81
1.32
1.03
0.03
0.03
1.32
4.67
19.96
19.3
17.59
5.49
0.35
1.66
0.66
0.09
0.02
0
0
0.01
0
0
0
0
0
0.01
1.92
6.07
1.14
0
0
1.45
0.84
0
0.01
0
0
0
0
0
0.05
0
0.71
5.91
7.52
3.86
7.27
3.77
0.42
0.71
0
0.18
1.91
3.01
0.62
0
0.01
0
1.45
0.29
0
0.18
0.45
0.11
0
0
0
1.98
1.55
2.17
3.03
0.13
0.43
0.02
0.11
0.07
0.44
1.87
6.2
7.69
6.89
5.05
3.42
5.4
4.46
2.55
7.48
8.84
0.75
0.86
12.56
17.17
9.49
6.72
1.72
1.05
1.61
0
0
0
0
0
1.07
0
0
0.01
2.01
4.34
8.59
6.74
4.01
4.12
5.86
2.84
8.9
11.69
8.68
1.59
0.01
0
0
1.4
19.6
17.67
2.8
0.08
2.8
11
11.64
0.67
1.41
11.57
18.84
1.41
0
0.23
4.22
2.45
0
0
0
0
0.12
0
0
0
0
0
4.39
5.93
0
0
0
0
0
0
0
0
0.07
0
0
0
0
0
0
0
0
0
0
0
0
0
0
0
0
0
0.14
0.02
0.71
0.02
0.26
0
0.02
0
0
0
0
0
2.17
0
0
0
0
0.01
0
0.01
0
0.03
0.02
0
0
0
0.46
4.77
3.71
4.72
3.88
0
0
0
0
0
1.73
0.11
0
0.69
0.09
0
0
0
0
1.61
6.14
3.81
4.51
7.61
3.62
0
0.09
0
0
0
0
0
0
6.67
9.68
27.26
17.51
0.32
0
0
0
0
0
0.02
0.39
2.74
8.03
8.35
3.06
0.91
0.04
0.13
3.72
3.19
0.24
0
0
0.01
0
0
0.01
0
0.06
0.02
0.1
2.9
2.44
0.74
2.58
5.55
12.61
8.3
8.45
4.82
0.96
0.06
0
0
0
0.09
0
0.09
0.15
0.14
0
0
0.33
0.55
0
0
0
0
0
0
0
0
0
0
0
0
0
0
0
0.27
5.26
12.38
10.11
2.2
0.52
0.2
0
0
0
0.01
0
0.02
0.52
4.66
5.03
1.77
0.66
0.02
0
0
0
0.01
0.66
1.17
0.44
0.34
0.02
0.03
0
0
0.2
2.26
2.34
0.02
0
0.13
0.09
0
0
0
0.01
0.1
0.01
4.13
5.3
0.83
2.03
4.69
3.03
6.34
12.48
4.32
1.73
0.29
0.14
0.05
0
0
0.09
0.18
0.86
0.94
7.25
9.59
3.02
3.6
1.84
0
0
0
0
0.02
0
0
0.34
0.04
0.8
2.17
0.99
0
0
0.02
0.4
0.18
0
0
0
0
2.09
1.12
3.03
2.84
0.75
0.2
0.08
0.08
1.99
2.76
0.95
3.83
1.35
0.23
0.02
1.87
17.57
8.53
4.77
4.38
5.8
9.7
6.23
7.05
3.08
4.6
7.43
8.02
3.95
3.3
1.44
0.8
0.01
0
0
0.42
3.47
5.23
2.14
0.3
0.22
0.04
0
0.13
0.04
0
0
0
0
0
0.09
0
0
0
0
0
0
0.01
0.4
0
0
0.03
1.34
2.21
2.75
1.55
16.14
8.05
0.02
0
0
0
0
0.7
3.83
1.18
0.04
0.02
0
0
0.02
0
0
0.01
0
0
0.03
0.03
0
0
0.02
0.04
1.67
8.76
1.7
0.01
0
0
0
0
0.04
7.65
20.76
9.94
1.26
0
0
0.24
0.14
0.39
2.01
0.07
0
0.85
1.16
5.65
0.22
0.28
0
0
0
0.86
0
0
0
0.02
0
0
0
0
0.02
0.01
0
0
0
0.03
0
0
0
0
0
0
0
0
0
0
0
5.75
4.27
0
2.35
1.88
0
0
0.03
0
0
0
0.01
0
0
0
0.01
0
0.02
0.18
2.95
0.23
0
0
0
0
0
0
0.09
1.35
0.32
0.7
0
0
0
0
0.11
0.55
0.09
0.4
0.69
0.89
1.41
0.04
0.03
0.47
0
0
0
0
0
0
0
0
0
0
0.01
0
0
1.12
12
7.43
0.68
1.79
1.91
3.16
7.2
2.65
0.03
0.46
0.39
0
0
0
0
0
0
0
0
0
0
0
0
0
0
0.01
0.47
0
0.18
0.01
0.33
3.38
4.01
0.14
0
0
0
0
0
0
0
0.01
0.01
0.44
2.28
3.09
0
0
0.13
0
0
0.05
0
0
0
0.03
0.48
0.18
1.58
1.54
0.09
0.01
2.05
3.48
11.15
10.27
9.21
9.42
5.61
4.18
2.4
1.19
5.46
7.07
18.81
16.16
14.57
13.55
7.99
23.97
27.92
10.16
7.88
7.4
4.75
0.45
1.7
1.92
0.69
1.21
0.4
0
0.01
0.1
0
0.05
0.02
0
0.02
0.05
0.52
4.38
3.69
3.32
0.91
2.43
12
12.93
1.14
0.02
0.02
0.12
3.01
1.86
2.3
1
0.32
0.01
0
0.16
0.13
0
0
0.05
0.57
3.12
3.53
1.43
0.29
0.61
2.37
1.55
0.26
0.18
0.19
0
0
0
0
0
0
0
0
0
0
0
0
0
0.01
0.08
0.01
0
0.83
2.14
12.85
4.42
6.43
7.5
4.37
15.56
18.74
8.78
13.58
8.02
0.13
0
0
0
0.24
0.09
0.31
9.5
9.41
1.25
4.6
3.16
1.48
0.06
0
0.16
0.49
1.06
0.51
0.01
0.18
0.07
0.24
2.8
1.95
0.85
0.19
0
0
0.16
0.02
9.49
10.52
8.94
4.92
0.79
0.31
0
0.48
0.63
0.64
4.23
5.88
0.34
0
1.01
0.36
2.54
1.55
0
0.47
0.32
0.47
5
14.38
17.95
9.42
1.21
4.12
2.67
1.61
0.03
0
0.01
0.23
4.11
8.72
4.51
7.64
5.32
2.41
1.8
3.53
1.42
1.96
4.84
6.65
5.1
5.55
0.01
0
0
0.43
5.18
14.09
19.14
5.57
0.26
0
0
0.01
0.01
1.38
0.54
0.01
0.01
0.05
0
0
0
0
0.02
0.04
1.81
4
2.91
0.85
0
0
0
0
0
0
0.01
0.13
0.16
0.07
0
0.31
1.95
2.07
2.14
1.38
1.34
0
0.12
0.38
5.95
6.69
0
0.15
0.52
0.75
0.02
0.08
0
0.45
0.01
0
0
0
0.41
0.08
2.78
5.18
3.78
0.06
1.4
0
0.41
0
0
0
0
0
0.01
0.02
0
0.01
0.01
0
0
0
0
0.02
2.83
0.53
0.79
1.41
5.19
3.32
0.46
1.17
1.26
3.01
9.3
4.73
0.26
0
0
0
1.11
5.04
6.41
0
0
0.01
0.78
0
0.34
0.34
0.96
4.68
5.1
3.06
3.64
2.31
1.31
7.4
6.7
6.18
6.13
0.34
0.4
0.33
7.45
4.06
1.75
0.69
0.58
1.36
0.64
0
0
0
0.04
2.01
10.8
9.57
10.94
7.17
6.98
0
0
0.53
0
2.87
5.7
11.88
6.27
0.6
0.11
0.23
0.4
0.59
0.01
0
0.02
0
0
0
0
0
14.75
10.67
0.95
5.77
5.2
8.09
8.39
3.82
4.21
5.82
4.79
0.13
0
0
1.09
5.55
4.48
3.53
16.3
23.52
11.2
3.41
1.58
1.11
1.03
9.2
8.98
10.39
17.82
15.91
7.91
4.3
1.17
0.1
1.34
1.05
0.58
0.63
1.17
0.4
1.6
3.47
8.25
8.09
4.48
7.16
8.51
1.24
0.21
0.42
0.15
0.23
0.39
0.22
0
0
0
0.02
0.13
1.95
11.13
10.99
5.19
0.9
0.55
0.25
1.11
0.82
4.83
3.3
0.41
4.19
0.64
3
10.16
17.64
21.43
23.79
9.19
3.56
0.39
0.01
0
0.2
0
2.17
6.44
10.3
4.43
0.05
1.33
9.49
8.84
5.73
10.94
8.45
3.65
7.98
11.64
9.5
11.19
4.7
9.43
11.23
4.04
0.42
0.46
0
0
0.29
0
0
0
0
0
0.09
4.52
5.65
15.76
11.32
4.41
3.56
4.51
8.72
13.42
15.63
2.65
0
0
0
0.25
0.02
0
0.71
3.22
6.44
7.87
6.24
4.05
3.61
2.43
1.29
0.49
2.67
3.16
0.96
0.14
0.02
0.01
0.13
0
0
0
0
0
0
0
0
0
0
0.02
0
0
1.18
1.37
0.26
0.31
0.12
0.5
0.96
2.07
5.01
5.53
1.17
0.02
0
0.05
0.05
0.2
0.03
0
0
0.11
0.16
0.26
1.03
3.01
2.21
4.51
6.08
0.19
0.84
0
0.49
0
0.04
0.01
1.55
1.92
4.69
0
3.03
20.7
14.45
0.24
3.55
8.62
9.37
15.86
3.8
7.15
2.25
0.12
1.58
1.05
2.03
5.14
5.19
0.4
0.05
0
0
0
0.04
0.21
0
0
0
0.01
0.56
0
0
0.05
0.01
0.07
0
0.27
0
0
0.04
0.01
0
0
0
0.01
0.05
3.52
2.18
5.82
1.29
0.02
0
0.95
0.87
0.03
0
0.01
0.02
0.03
3.02
6.37
7.76
2.55
0
0
0
0
0.01
0
0
0
0
0.03
0
0.02
0
0
0
0.09
0.02
0.62
1.48
0.16
0.01
0
0
0
0
0.02
0.01
0
0.05
0.08
0
0
0
0
0
0
0
0
0.01
0
0
0
0
0
0.46
2.62
4.25
1.91
0.73
10.79
0
0.01
0.48
6.21
2.75
2.69
4.96
8.32
0.44
0.03
3.41
4.98
8.28
17.76
36.06
28.06
19.72
7.01
2.78
1.84
2.35
0.23
1.28
3.03
15.48
14.26
0.18
0
0.02
1.46
9.82
11.84
10.88
22.23
15.52
12.18
9.46
2.46
8.18
21.77
25.46
6.65
4.52
2.68
2.53
2.94
8.18
7.31
0
0
0.16
2
4.98
4.28
3.63
0.06
0
0.16
0.43
0.85
0.59
0
4.2
11
12.38
1.86
0.05
0.02
0.04
0.1
0.7
0
0.01
0.76
0.95
0.72
1.65
4
10.32
9.12
6.34
0.67
0.52
0.88
1.13
2.68
5
2.43
0
0.51
0.37
2.1
3.12
0.06
0.06
0.43
0.7
2.09
3.35
9.89
5.16
4.45
1.74
6.8
2.45
6.09
8.34
3.05
0.34
0.39
0.04
0.5
0.88
3.58
0.95
0
0.01
0.07
0.07
0.05
0.01
0.11
1.95
1.93
5.55
5.41
4.13
4.52
3.05
1.17
1.64
1.13
0.45
0.09
1.14
0.22
0
0
0
0
0
0
0
0
0.01
0
0
0
0
0
0
0
0.5
2.65
3.99
0.7
0.23
0.09
0.22
0.11
0
0
0
0
0
0
0
0
0
0
0
0.02
0
0
0
0
0
0
0
0
0.1
1.09
1.21
0.2
5.33
1.27
0
0
0
0
0
0
0
0
0
0.02
0.01
0
0.5
8.86
15.24
5.7
8.02
6.98
0.16
0.32
0
0.14
0.21
6.34
6.09
4.82
0
1.76
1.07
18.23
12.14
0.05
0.74
0.08
1.46
8.73
3.35
0.25
0
0
0
0.27
4.97
2
0
0
0
0
0.01
0
0
0
0.43
0
0
0
0
0
0.01
0
1.34
3.47
2.55
1.02
1.78
8.75
8.95
15.74
8.7
4.25
4.13
0
0
0
1.95
0.82
0
0
0.38
0.35
1.17
0.01
0.07
0.28
3.16
3.34
0
0
1.38
0.37
1.27
0
1.61
7.86
5.58
1.05
1.88
6.45
0
0
0
0
0.02
0.03
0
0
0
0
0.02
0
0
0
0
0
0
0
0
0
0
0.23
0.85
0.04
0.02
1.04
1.8
1.28
0.3
0.01
10.05
18.88
6.63
7.33
3.87
0
0
0.02
0
0
0
0
0.24
3.02
2.75
4.06
0
0
0
0
0
0
0
0
0
0
0.01
0.01
0.01
0
0
0
2.34
1.68
6.39
13.3
10.79
2.01
0
0.02
0.02
0
1.13
0.52
0
0.01
0
0
0
7.55
29.77
28.81
3.95
0
0
0
0
0
0
3.05
12.76
11.75
7.95
1.4
0.03
0.85
0
1.01
10.18
6.57
0
0
0
0
0
0.48
2.93
18.5
8.06
0.01
0
0
0
0
0.26
0
0
0
3.1
2.63
1.32
7.63
7.89
0.65
0.29
0.05
0.14
0
0
0
0
0.33
3.45
6.14
14.27
18.63
8.35
4.41
12.11
7.71
6.77
1.29
1.2
15.08
17.25
14.89
10.79
6.39
18.15
12.23
7.44
32.39
11.23
0
0
0.56
1.56
0.11
0.1
0.01
0.13
0.37
4.25
2.95
0.82
0
0
0
0
0
0.41
0.34
0
0
0
2.24
6.61
6.03
10.48
8.67
2.55
0.54
5.28
10.8
11.72
3.01
18.32
13.15
2.1
0.89
0
0.31
0.3
3.63
5.76
5.13
5.36
1.75
9.52
6.34
0.23
4.17
10.46
2.38
0
0
0.01
0
0
0
0
0
0
0
0
0
0.61
0.05
0
0
0.01
0
2.13
3.6
0.21
0
0
0
0
0
0
0
0
0
0
0
0
0
1.09
8.98
11.45
7.99
12.35
6.74
1.15
13.27
17.41
8.45
2.91
0.26
8.2
12.53
7.36
5.14
3.71
1.15
0.04
0
0
0
0.12
0.96
1.91
0.01
0
0
2.21
12.36
6.52
0.52
0.51
1.35
0.29
0.09
0.03
0.21
0
1.41
1.13
0
0
0.04
0
0
0
0.34
0
1.07
0.59
0.77
6.18
8.7
3.91
0.97
0.13
0.23
0.7
1.75
4.37
4.47
0.66
0.23
0.44
3.23
10.65
6.17
0.54
0.65
0
0
0.01
0
0.03
0.01
0.19
1.08
2.06
0
0.02
0
0
0.3
8.6
10.95
0
0
0
0
7.8
27.62
26.37
8.94
1.78
1.8
4.82
5.05
3.33
0.43
0.61
3.19
0.57
0.05
0.17
0.67
0
0
0.03
3.63
16.07
5.29
0.79
0.02
0
0.2
0
0
0
0
0.21
0.01
0.94
0.14
6.61
5.27
0.05
0
0
0.03
0.01
0
0
0
0
0
0
0
0
0
0
0
0
0
0
0
0
0
0
0
0
0
0
0
0.14
0
0
0
0
5.46
0.75
0
0
0
0
0
0.01
0.21
0.09
0
0.04
0.02
0.02
0.05
0
0
0
0
0
0
0.02
0.02
0
0
0
0.13
0
0.01
0
0
0
0
0
0
0
0
0
0
0
0.2
0
0
0.21
0.27
0.62
0.25
0.39
1.96
2.06
2.09
1.24
1.43
0.15
2.41
23.12
11.65
3.45
2.34
2.05
0.02
0
0
5.88
0.45
0.14
0
0
0.07
0.14
0.61
2.75
2.11
9.9
18.77
4.38
2.46
5.68
6.72
1.74
0.98
0.59
1.36
0.44
0.18
1.2
5.95
2.79
0.5
0.04
0.01
0.02
0.1
0.64
19.73
20.86
7.79
5.21
2.52
1.34
4.52
3.81
2.86
3.01
2.1
1.2
1.27
0.01
0.77
1.53
1.8
4.13
2.2
1.59
0
0
0.01
0
0.01
0
0
0
0.04
0
0
0
0
0
0
0
0
0.02
0.21
0.46
2.33
0.73
0
0
0
0
0
0.01
0
0.03
0.05
0.08
0.17
1.02
13.73
25.06
25.92
17.55
7.55
10.29
13.83
5.37
4.05
11.27
14.36
5.77
4.64
6.59
8.89
3.5
2.46
3.5
3.34
0.81
2.16
3.18
3.23
3.57
5.91
1.57
0.52
0
0
0.01
0
0
0
0.01
0
2.12
2.64
2.44
1.45
1.71
2.65
4.95
4.45
3.1
14.77
22.09
8.73
1.65
1.91
5.3
21.22
17.18
4.25
5.14
6.89
2.55
0.22
0.91
0.9
1.23
0.7
0.55
0.46
0.8
0.47
0.39
0.66
0.1
0
0
0.04
1.88
3.84
6.62
6.76
6.56
2.5
0
1.01
3.57
1.97
0
1.11
0.3
0.13
0.03
0.23
0.1
0.01
0
0.01
0.09
0.66
0.01
0.02
0
0
1.25
4.2
2.36
0
1.02
27.5
34.17
21.06
6.72
11.12
6.86
3.71
0.18
0.39
8.06
7.94
1.91
0.2
0.02
0
0.01
0
0
1.16
0
0.95
1.89
0
0
0.16
0.07
0
0.04
0
0.9
0
0.01
0
0
0
0
0
0
0
0
0
0
0
0
0.09
0
0.24
0.21
0.95
0.87
0.3
1.61
5.45
2.43
4.21
5.8
2.23
13.04
10.45
2.42
0
0
0.35
0.38
0
0
0
0.05
0
0
0
0
0
0.03
0.02
0
0.85
0
2.55
1.87
3.51
4.64
2.52
1.07
0
0
0
0
0.14
0.53
0
0
0
0
0
0
0
0
0.01
0
0.05
0
0.04
0.5
0
0.27
0.89
2.59
1.27
5.09
3.48
9.8
2.25
5.12
1.33
1.91
0
0.12
0
0.22
0.73
0.02
0
0
0.01
0.13
0
0
0
0
0.2
0
0
0
0
0
0
0
0
0
0
3.91
0.27
4.88
0
0
1.4
0.36
1.3
3.36
0.13
1.59
0
0.65
0.45
0.22
0.13
1.91
3.12
1.52
2.99
8.2
5.35
0.05
0.68
1.41
0.08
1.45
2.52
0.77
0
0
0
0
0
1.29
0.45
0
0
0.07
0
0.01
0.01
0
0.01
0
0
0
0.26
0.09
0
1.43
0.12
0.03
0
0
0
0
0.25
0
0
0
0.79
0.43
4.12
14.7
13.57
11.13
19.46
13.22
9.28
15.27
10.6
4.66
2.78
7.81
3.94
2.84
20.97
44.23
26.55
21.65
12.5
0
0.02
0
0
0.01
0.08
0.05
0.31
5.19
8.71
3.77
0.76
2.78
1
4.35
9.02
8.83
6.08
2.66
7.25
4.49
0.8
0.32
6.9
9.79
3.45
1.86
14.28
8.98
0.39
2.19
6.69
2.87
0.18
0
0
0.18
0
0
0.02
0.04
0
0
0
0
0
0.02
0
0
0
0
0
0.01
0.01
0
0.05
0.8
1.74
1.52
0.02
0
0
0.02
0.08
0.04
0
0.02
0
0
0.01
0
0
0
0.12
0
0
0
0
0
0
0
0
0.18
0
0
0
0.07
0.1
0.82
9.31
18.54
16.81
11
22.92
9.61
0.3
1.76
6.61
23.6
34.71
12.2
4.51
6.15
4.1
0.05
0.96
5.27
3.41
0.7
0.45
0.2
0.77
0.11
1.16
5.62
9.08
6.02
4.83
3.47
0.83
0.04
0.06
0
0.52
3.76
5.19
3.18
0.7
3.26
2.34
0.14
0.25
2.63
7.27
1.29
7.79
2.43
1.65
0.66
0.45
0.37
1.11
0.35
0.23
0.91
0.61
2.25
0.19
0
0
1.54
9.43
8.16
6.25
4.18
0.25
0
0
0
0.03
0.02
0
0
0
0.01
0
0.17
0
0.01
0
0
0
0
0.01
0
0.01
0
0
0
0.3
0.11
0.2
0.03
0
0.72
2.98
5.23
4.05
0.79
0.07
0
0
0
0.39
2.71
3.54
9.84
7.63
2.1
1.11
1.45
0.46
0.41
0
0
0
0.02
0
0
0.01
0
0
0.11
0.13
2.05
6.62
10.57
34.25
10.43
3.4
1.93
14.29
6.8
0
0.81
0
0
0
0
0.01
0.02
0.2
0.07
0
0
0
0
0
0.1
0
0
0
0.25
0
0.27
1.79
1.23
2.61
0
0.39
1.09
0
0.13
0
0.05
0.16
0.48
0.84
0
0
0.16
0.2
0.6
0
0.13
0
0
0
0.8
0
0
0.05
0.02
0
0
0
0
0
0
0
0
0
0
0
0
0.01
0.08
0
0
0.07
0
0.01
0.14
0.02
0
0
0
0
0
0
0.1
0.08
0.02
0
0
0
0
0.02
0
0.02
0
0
0
0.16
0.34
0.56
4.68
20.23
11.35
3.59
0.16
1.8
0.08
0
0.02
0.01
0.46
3.58
7.43
10.78
3.96
6.71
3.66
0.44
0
0
0
0.01
0
1.72
6.06
2.47
0
0.01
0
0.01
0
0.01
0
0
0
0.04
1.23
7.95
27.15
7.23
0
0.01
0.01
0
0.41
0
0.01
0
0
0
0
0.02
0.04
0
0
0.04
0
0.04
0.01
0.05
0.42
4.68
1.79
0.11
0.49
0.41
0.28
0
0
0
0
0
0.02
0.42
0.36
0.03
0.06
1.25
1.63
2.43
4.97
2.03
0.04
1.47
2.61
1.09
8.73
4.26
0.21
0.22
7.29
3.18
0.16
0
0
6.08
2.82
0
0
0
0
0
0.78
0.27
0.71
2.52
1.39
0.15
0.14
0
0.22
0.59
7.98
7.02
5.36
1.76
0.17
2.42
0.3
0.02
2.87
8.7
4.42
5.46
8.49
1.44
0
0.45
0
0
0
0
0
0.02
0
0.07
0.13
0.18
0.02
0.06
0.05
0.02
0.09
6.21
2.89
0.86
8.76
11.32
9.66
4.38
11.78
8.55
2.38
6.69
12.82
9.09
2.39
4.76
3.16
0
0.13
0.06
0.59
9.15
12.55
18.18
11.9
10.33
6.98
1.88
2.12
0.39
0.02
0
0
0
0.01
0.01
0.01
0.01
0
0.01
0
0
0
0.67
0.33
0.13
6.97
5.93
1.49
0
0.27
0.23
0.01
0.01
0
0.08
0.06
0
0
0
0
0.01
0
0
0
0
0
0
0
0.02
0
0.02
0.03
0.78
2.89
0.25
0
0
0
0
0
0
0
0
0
0.18
0.14
0.18
0.25
3.1
8.66
2.34
0.01
0
0
0
0.16
0.47
1.55
0.55
0.08
9.96
4.29
0
0
0
0
0.08
0.05
1.23
1.23
0.13
0
0.02
0
0.02
0.02
0
0.02
0
0
0
0
0
0.22
0
0
0.02
0
0.02
0.25
0.08
0.4
0.23
0.17
0
0.01
0.16
0
0
0
0
0.02
0
0
0
0
0
0
0
0
0
0.14
0
0
0
0
0
0.01
0.06
0.22
0.26
0
0
0
0
0
0
0
0.02
0
0
0
0
0
0.03
0
0
0
0
0.63
14.69
15.69
0.59
0.13
2.66
0
0
0
0
0.01
2.98
3.69
0
0.03
0.41
0.15
0
0
0
0
0
0
0.02
0
0
0
0
0
0
0
0
0
0
0.09
0
0.02
0.2
0.73
20.08
13.28
8.38
6.48
8.91
17.67
11.41
0
0
4.05
14.23
8.87
2.13
0.68
21.86
13.94
6.3
1.63
0.04
0
0.92
0.93
0
0.14
3.39
3.85
2.21
0.44
0.13
0.38
1.54
2.27
1.05
2.22
4.57
1.98
1.48
0.07
0.27
0
1.11
22.25
27.65
12.37
0.78
0.55
0
1.82
9.61
6.9
0.87
0.62
0
4.86
8.89
7.66
2.22
7.85
2.81
0
0.06
0.34
0
0.26
0.33
1.02
2.89
1.25
0.38
5.28
3.54
1.26
0.14
1.75
22.46
10.55
0.94
0.44
0.04
0
0
0.13
3.85
5.39
0
0
0.08
1.23
0.05
0.52
1.85
3.02
1.75
10.1
7.83
6.44
3.29
0
0
0.83
0.11
0.51
0.18
0.12
0.17
1.99
4.6
1.8
1.36
13.98
10.55
2.18
8
10.09
18.63
13.38
21.5
38.87
25.11
7.27
4.64
2.92
2.84
6.73
0.52
0.16
0.4
2.7
0.27
0
0.18
0.04
0.07
0
0
0
0.08
0.21
2.04
10.01
6.84
20.66
8.14
2.35
9.83
4.69
1.59
7.07
6.18
11.34
7.79
4.92
0.46
0
0
1.57
27.56
2.73
0.09
0.03
0.57
0.64
0.04
0
0
0
0.01
0.07
0
0
0
0
0
0
0
0
0
0.16
0
0
0
0
0
0
0
0
0
0
1.12
4.95
4.93
2.47
1.91
3.98
1.6
2.06
9.81
11.27
8.99
5.33
6.01
3.13
15.1
20.24
15.27
3.28
0.3
2.06
1.62
0.79
0
5.63
3.27
0.7
0
2.65
2.32
0.05
0.19
0.09
1.88
1.88
0.16
0
0
0
0.8
0.02
0.73
1.22
2.55
0.81
0.02
0.16
2.94
3.82
6.2
2.24
0
0.01
0.03
0.47
0
2.25
2.59
0.39
0.95
2.16
2.72
6
4.34
10.93
5.82
26.24
6.86
2.53
3.3
17.83
5.61
0.41
0.01
0.03
7.31
4.05
0
0
0
0
0.02
0
0.01
0.08
0
0
0
0
0
0
0
0.03
0.39
3.52
2.06
0.02
0
0.01
0
0
0
0.04
0
0
0.56
0
0.01
0
0
0
0
0
0
0
0
0
0.01
0.32
0.88
0
0
0
0.02
0
0
0.07
0
0
0
0
0.04
0.02
0
0
0
0.02
0
0
0
0
0
0
0.52
0.19
2.07
0
0.01
0.02
0
0.02
0.29
2.5
0
0
0
0
0
0
0
0
0
0
0.08
0.03
0.03
1.34
6.13
17.6
7.71
0
0
0
0
0
0
0.02
0.03
0
0.2
1.59
9.65
20.66
10
1.51
1.57
1.84
9.21
7.93
0.1
3.79
11.31
10.68
1.8
0
0.04
0.06
11.48
13.25
11.37
4.14
1.2
5.2
2.15
4.59
3.16
0.05
0.17
11.63
9.74
2.49
0.13
0.03
0.07
0.27
0
0.01
1.54
0.98
5.81
16.34
12.69
8.53
12.43
4.8
1
0.08
0.02
0.02
0.13
0
0
0.12
0.16
0.05
0.04
0.18
0.23
0.08
0.31
0
0
0
0.06
0.19
1.53
6.12
4.5
0.51
0.02
0
0.04
0
0
0
0
0.28
0.6
0.05
0
0.02
0
0
0
0
0
0
0
0
0
0
0
0.04
0.01
0
0
0
0
0
0.1
0.09
0.08
0.22
1.4
3.57
8.44
14.34
4.65
0.57
0
0.14
0.17
0.01
0
0
5.29
4.23
10
4.89
6.45
0.95
0.09
0.08
0
0
0.06
0.02
0.02
0
0
0
0
0.05
0.48
0.13
0
0
0.02
1.92
0.55
2.34
4.02
12.25
20.49
18.83
7.57
0.02
0.1
0.02
0
0
0.09
1.71
0.31
0.09
0.34
0
0
0.02
0
1.81
0.76
1.09
16.49
8.46
0
0
0
0
0
0.68
0.04
0.01
0.16
0.07
0
0
0
0
0
0
0.02
0.58
8.45
3.9
0.12
0
0
0
0
0
0
0
4.55
8.57
9.45
4.04
1.14
1.3
1.74
5.13
2.58
1.45
0.01
0.91
1.1
0.2
0.17
0
0.03
0.02
0.01
0.04
0
0.42
0.1
0.3
1.85
0.92
0
0.08
3.35
2.99
1.18
1.61
3.2
3.08
6.97
6.43
5.47
5.72
6.64
6.26
6.59
3.16
0.61
0
0.01
0.01
0.01
0.02
0
0
0
0
0
0
0
0
0.06
0.18
0.49
1.89
13.82
10.52
1.7
0.03
0
0.11
0.02
0.07
0.19
0.67
0.59
0.91
1.45
1.88
0.02
0
0
0
0.01
0
0
0.01
0.01
0
0.05
0
0
0
0
0
0
0
0
0
0.01
0.05
0.09
0.07
0
0.02
0.04
0
0
0
0.01
0
0
0
0
0
0
0.01
0.06
0
0
0
0
0
0.01
1.79
0
0.04
0
0.12
0
0
0
0
0
0.01
0
0
0
0
0.02
0
0.02
0.01
0
0.11
0
0
0
0
0
0
0
0.02
4.11
2.17
0.07
0.05
0.02
0
0.26
0
0
0.01
0
0
0
0
0
0.01
0
0
0.03
0.77
0.05
0
0
0
0
0.02
0
0
0
0
0
0
0
0
0
0.04
0.01
0
0
0
0.11
4.24
1.14
0
0
0.01
0
0
0.18
1.86
0.33
9.8
4.16
0.04
0
0.01
0.02
0
0
0.09
0.02
7.12
3.94
4.08
3.3
0
4.81
13.94
3.81
0
0
0.02
0.96
5.4
27.41
20.38
18.69
9.25
0.09
0
0.51
0
0
0.67
5.07
6.47
2.46
0.81
0.06
1.13
0.12
0
0.02
0
0
0
0.02
0.22
0.49
0.54
0
0.02
0
0
0.01
0
0
0.02
0.09
0.52
0.01
0
0.24
0.9
0.33
0.64
0.41
0.04
0.44
0.11
0
0.16
0
0.01
0.02
0
0.01
0
0
0
0.05
0
0
0
0
0.01
0
0
0
0
0.01
0
0
0
0
0
0
0
0.95
0.15
0.32
0
0.13
0
0.16
0.3
5.13
6.39
6.76
10.57
1.68
1.73
5.2
5.22
11.05
7.99
2.91
0.79
0.96
8.15
2.02
5.82
16.08
6.05
6.18
6.15
10.1
6.64
2.35
6.48
1.11
7.16
0.98
1.2
4.13
3.18
0
1.03
7.66
1.39
1.58
0.01
0
0
0
0.03
0.21
0
0
5.25
6.09
1.16
0.02
0
1.48
7.51
2.07
0.03
5.31
15.61
5.32
0.52
0
0.01
0.02
2.25
9.66
1.17
0
0
0
0.32
1.36
5.88
17.46
6.58
0.67
0.13
0
0.05
0
2.66
1.71
13.98
2.33
0
0.22
0.65
0.76
2.35
2.81
0.21
0
0
0.03
2.92
13.75
2.33
1.19
8.83
5.44
0.04
0
0
0.06
0.01
0
0
0
0.72
7.33
1.74
0.43
0.07
0.75
4.56
1.69
0.61
1.94
1.43
1.02
0.01
0
0
0.86
1.22
1.51
0
0
0.05
0.04
0.02
0.61
4.3
0.27
0
7.16
2.42
0
0
2.26
0.76
0
0
0
0
0
0
0
0.02
0
0
0
0.01
0.01
0
0
0
0
0.34
6.9
0.12
0.09
0
0
0
0
0
0
0
0.01
0.01
0
0
0
0.01
0
0
0
0
0.17
0.05
0
0
0
0
0
7.4
1.63
1.36
0.01
1.02
0.03
0
0
0.58
0
0
0
0.01
0
0
0.15
5.04
0.09
0.01
0
0
0.03
0.14
0.16
11.35
2.27
0.88
0.32
3.98
1.39
0.62
0.01
0
0
0
0
0
0.01
0.45
0.82
2.17
3.55
1.09
1.36
1.9
0.59
0
0
0.08
0.43
0.03
0
0
0
0
0
0
0
0
0
0
0
0
0
0
0
0
0.01
0
0
0
0
0
0
0
0
0
0
0.18
0
0.02
0
0
0.02
1.18
0.58
0.2
1.37
9.88
14.14
11.91
4.21
2.18
9.34
2.39
12.2
10.58
1.09
0.32
0.57
0.01
2.7
2.3
18.52
3
0.64
0
0.02
0.05
0.03
0.48
0.2
0
0.02
0
12.05
6.42
3.3
0.52
2.62
5.75
0.25
0
0.2
0.83
2.78
1.17
0.24
5.75
1.05
0
15.44
5.76
15.34
15.72
15.23
4.3
0.88
1.33
1
0.09
0
0.07
0.07
0.31
0.61
0
0
0
0
0
0.07
0
0.05
0.46
2.82
0.98
0.27
10.91
1.42
7.22
7.24
14
6.28
10.4
1.38
1.88
0.96
0.17
1.74
0
0
0
0
0
0
0.02
0.01
3
1.27
0.57
0.01
9.93
4.57
0.02
0
0
0
0.01
0
0.84
0
0
1.64
3.93
3.36
2.45
5.93
12.23
6.39
2.14
12.5
28.13
1.93
2.99
2.59
0.05
5.82
23.75
3.68
7.47
7.86
6.22
3.73
0.71
5.77
0.42
2.1
0.13
0.86
33.45
34.65
8.8
8.54
38.67
8.29
3.78
0.16
0.43
7.23
4.51
0.17
0
0.04
0.08
0.08
0.01
0.02
0
0.02
0.23
11.71
3.21
0.14
0.08
0.25
5.91
1.42
0
0
0
0
0
0
0
0.02
0.04
0.01
0
0
0.4
0.16
0
1.15
6.75
8.18
39.18
15.21
0
0.06
1.75
3.52
4.95
4.52
0.7
4.02
5.36
15.7
0.22
3.11
0
0
0
0.01
0
0.38
1.48
26.27
0
0
0.01
0.09
1.16
4.33
3
0.89
5.96
5.83
0.59
0
0.07
0
0
0
0
0
0
0
6.83
7.38
15.96
4.84
4.21
5.62
3.57
0.12
0.02
0.07
0.14
0
0.1
0.17
0.85
3.29
0.18
0
0
0.02
0.17
0
0.01
0
5.79
3.02
0.01
1.13
0
0
0
0
1.28
0
0.02
1.36
0
0
0
0
0
0
0
0
0.12
0
0.08
0
0
0
0.02
0
0
0
0.01
0
0.02
0
0.4
0.08
0
0
0.81
0
0.02
0.01
0.06
0.02
0
0
0
0
0
1.49
0.01
0
0
0
0
1.74
0.47
0
0
4.98
10.7
27.52
10.45
6.84
4.64
3.16
0.86
2.89
0.37
2.41
0.07
1.02
5.45
8.7
6.5
6.88
2.64
1.68
6.45
0
0.02
0.01
0
0
0
0
0.01
0.28
0.02
2.59
1.43
0.19
0.04
0
1.37
8.67
1.33
0
0.02
0
0
0
1.88
6.7
0.16
0
0
12.3
10.14
7.93
0.3
0
0.14
0.01
0.01
0.06
0.01
4.75
0.01
0
0
0
0
0
0.07
0.02
0
0.18
3.31
0.39
0
0.04
30.93
31.97
2.54
1.35
0.24
0.04
0.01
0.34
0
4.04
4.28
14.14
3.77
14.44
4.19
0.48
0.13
0.66
0.05
0.02
0.07
0.05
0.17
0
0
0.78
0.62
0.68
0.03
0.31
0
0
0.02
0
0.01
0.14
5.04
0.83
0.02
0
0
0.54
0.33
2.44
16.66
3.75
3.25
6.9
8.26
2.27
9.2
1.13
14.64
21
9.02
3.92
1.87
19.14
18.12
17.32
13.53
25.38
5.98
3.8
7.84
4.7
1.58
1.24
1.37
0.86
7.07
0.59
0.2
0.2
0.14
6.87
2.66
0.25
2.27
1.28
0.16
1.49
4.21
0.12
0
3.53
1.9
6.36
1.34
0
0
0
0.09
3.91
1.56
0.81
1.43
0.09
0.08
0.07
0
0
0.2
0
0
0.31
0.08
0.37
0.02
0
0
0
0
0.01
0
0.18
0
0.03
0.95
0.16
0.14
0.09
3.22
2.9
0.33
0.05
0
0
0.02
0.05
0.47
11.62
0.95
0.44
4.09
2.62
2.2
0.03
0.1
1.51
2.79
4.37
0.12
0
0
0
0.44
9.2
0
0.01
0.06
0.87
4.97
0.11
0
0
0
0
0
0
0
0
0
0.48
0.85
0.08
0
0
0.53
0.02
0
0.03
0
0
2.82
1.65
8.14
2.28
6.5
1.45
3.43
3.48
3.61
0.35
5.6
1.76
0.43
0
0
0
0
0
0
0
0
0.05
0.02
0.04
0
0
0
0
0
0.07
0.02
0
8.38
3.21
10.21
4.67
0.28
1.81
3.27
0.16
0.02
0
0.02
0.02
5.55
0.58
0.08
0
0
6.59
0
0
0
0
0.14
0
0
0
0.01
0
0.01
0
0
0.08
0
0
0
0
0
0.05
0.01
0
0.02
0
0
0.11
0.16
0
0
0
0
0
0
0
0.41
0
0.64
3.52
14.46
0.26
14
0.29
0
0
0
0
0
0
0
0
0
0
0
0
0
0
0
0
0
0
0.01
0
0
0.01
0.06
0.01
0
0.05
0
0
0
0
0.05
0.01
0
0
0
0
0
0
0
0
0
0
0
0
0
0
0
0
0
0
0
0
1.01
0
0.49
0.09
0
0
0
0
0
0.04
0
0
0.41
7.05
1.16
3.68
2.18
0.7
0.05
0.01
0
0
0.01
0.01
0
0
0
0
0
0
0
0
0
0
0
0
0
0
0
0
0
0
0
3.08
0.73
0
0
0.21
13.18
6.88
2.53
0.99
0.72
0.23
6.17
1.76
16.05
1.71
0
0.17
2.83
0.95
0.23
1.72
2
2.16
0.04
0
0
0
0
0.04
0.02
0.02
16.7
11.35
1.88
0.36
0.08
0.07
0.01
0
0
0
0
0
0
0.12
0.2
0.09
0.09
3.3
3.52
1.36
5.72
2.09
2.24
0.26
0.01
0
0.01
0.45
1
0.14
0.27
0.12
0.02
0.05
4
2.55
3.05
0.46
0.34
1.62
11.7
9.14
20.5
10.6
3.69
9.93
4.95
2.38
3.58
1.3
0.09
0
5.35
2.11
0.8
0.06
0
0.04
0
0
0
0.01
0
8.77
3.77
0.19
0.02
0
0.11
6.13
0.36
0.1
0.02
0
0
0
0
0
0
0
0
0
0
0
0
0
0
0.01
0
2.45
15.38
2.08
1.3
0.05
0.28
0.62
5.2
1.44
3.28
9.47
22.65
12.82
3.65
2.06
0.2
0.04
0
0
0
0.01
0.05
0.43
1.33
0.51
9.25
15.56
8.84
9.4
2.5
11.58
11.25
1.95
1.59
0.19
0.16
0
7.66
1.58
0.09
0.44
0
0
0
0
0
39.32
11.71
1.59
0
0.37
0.27
6.17
2.05
17.68
9.22
1.36
0.41
0.07
1.32
22.79
9.61
1.66
0.35
0.27
7.48
32.4
3.44
1.89
2.78
11.42
4.52
6.18
6.63
1.83
2.64
15.61
7.16
19.7
12.82
7.16
2.84
0.53
0.45
0.22
0
0.68
0.64
11.28
16.45
2.03
2.12
2.49
10.54
6.82
7.46
1.05
0.25
8.8
1.41
0.08
0.14
0.06
0.07
0
0
0
0.23
0.09
1.68
1.52
0.73
0
0
0
0.01
1.05
4.64
2.84
13.2
0.08
0.01
0.01
0.01
0
0
0.27
0.64
3.57
0
0
29.59
0.36
0.02
0
0
0
0
0.01
0
0.03
4.2
0.15
0.05
0.04
0.28
0
0
0
0
0.01
0
0
0.16
0
0.06
0.02
0.08
7.23
1.82
0
0.05
0
0
0
0
0
0
0
0.07
0
0
0
0
0.29
2.28
0.28
0
0
0
0
0
0.16
0.33
0
6.06
0.63
0.04
0
1.27
1.64
7.82
1.12
0.24
0
0
0.01
0.04
0.07
1.89
6.88
2.67
0
0
0
0
0
0
0
0
0.01
0
0.01
0.72
0.54
22.88
3.49
0.09
4.04
2.34
1.27
0
0
0.04
0.01
0.02
0
0
0.03
0.2
0
0.05
0.05
7.98
0.01
0.03
0.24
2.41
0.12
0
0.07
0
0.57
1.49
10.84
2.78
1.11
0.09
0.05
0.24
0
0
0
0
0
0
0
0.02
0
0.01
0.24
0.11
0.66
0.22
0
0.31
2.89
2.66
1.16
0.64
11.95
3.02
0
0.64
2.27
0.32
0
0.01
0
0
0.06
0
0.02
0.01
0.62
0.15
0
0
0
0
0.03
3.59
7.65
1.66
1.24
2.82
7.53
8.96
4.77
0.78
13.7
1.17
0.18
0.09
0.19
0.36
0.91
6.04
5.77
0.34
2.91
1.71
4.46
10.05
5.9
6.29
3.02
1.09
1.96
8.64
0.83
0
0.01
0.7
0
0.01
0.06
0.05
0.02
0.34
7.6
12.2
22.38
15.36
9.89
6.34
4.58
3.45
1.72
11.04
7.82
15.55
1.06
0.36
0.42
0.23
2.33
3.1
1.43
0.89
0.3
0.23
0.31
0.05
0
0.06
0.96
0.94
0.07
0.66
3.58
1.84
7.17
16.42
1.65
1.18
5.52
1.3
0.05
0.15
1.21
2.7
1.32
9.33
3.16
1.43
1.27
0.01
2.8
0.74
0
0.01
0
0.01
0.01
0
0.01
0
0.06
0.07
0
0
0
0
0
0.01
0.01
0.3
0.52
2.97
0.26
0.36
0.02
0
0
0
0
0
0
0.03
0.19
0.05
0
0.14
0.37
0
0.62
0.02
0
0.1
1.61
6.09
4.39
3.05
0.2
2.14
0.61
1.38
0.27
0
0
0.13
3.46
4.77
4.13
1.11
0.27
0.67
0.42
2.3
0.52
0.4
0.52
0.02
0
0
0
0
0
1.04
1.01
6.39
0.02
0
0.78
0.45
0.07
0.01
0
0.43
0
0.31
0.21
2.6
12.83
10.72
0.66
0.38
0
1.27
0.89
0.01
8.9
0.31
0
0
1.11
0.26
0
0.79
0.05
0
0
0
0
0.05
0
1.05
0
0
0
0
0
0
0.01
0
0
0
0
0.01
0
0.02
0
0.01
0.04
0
0.87
0.28
0
35.03
0.17
0
0
0.09
2.09
0.59
0
0.34
7.32
0
0
0
0.04
5.21
0
0.02
0
0
0
0.01
0
0
0
0
0
0
0
0.01
0
0
0.03
0.06
0.14
9.06
0
0.46
7.72
10.38
12.22
7.74
5.46
0.55
3.67
0.3
0
0.54
0
0.07
0
0
0
0
2.21
40.63
46.68
34.6
1.42
0.02
1.06
12.55
1.25
0
0.01
1.61
3.38
0.28
0.14
0.58
7.09
2.79
4.8
0.86
0.28
3.22
3.31
17.48
0.91
0.77
0.16
0.49
2.89
3.34
7.13
2.64
0
0.03
0.12
0.41
0.89
15.32
6.13
0.17
0.02
0.43
6.5
1.88
12.2
23.94
19.41
2.17
8.58
1.33
0.68
1.02
0.09
0.04
0
0
0
0
0
1.05
0.13
4.02
7.53
0.91
0.39
0.05
0.09
0.2
0.06
0.02
0.15
1.4
3.05
1.04
6.73
3.41
0.1
0.05
0.32
6.49
6.09
0.42
0.68
0.32
0
0
0
0.02
0.01
0.01
0
0
0
0.01
0
0
0
2.98
9.2
11.61
1.48
0.07
0.02
0
0.01
0
0
0
0
0
0
0
0
0
0.02
0.92
10.15
5.45
2.21
18.33
7.58
1.56
3.64
5.5
5.69
0.77
0
0.16
0
0
0
0
0
0
0.8
2.27
0.1
0.01
0
0
0
0
0
0.08
0
0.01
0.07
0.97
3.1
1.27
0.93
0.03
0.02
0.05
0
0
0
0
0
0
0
0.04
0
0
0
0.01
0
0
0
0.01
0.01
0
0.02
0
0
0
0
0.01
0.02
0.12
0
0.01
0
0.2
0.29
0.3
5.17
3.43
0.48
2.14
5.18
0
0
0
0
0
0
0.01
0
0
0
6.05
2.63
0.63
0
0
0
0.23
0.15
0
0.01
0
0.04
0.02
0.14
2.55
12.02
0
1.2
0.08
2.02
0.08
0.17
0.1
4.05
0.3
1.27
0.58
0.06
0.01
0
0.01
0.01
0.01
0.01
0.14
0
0
0
7.99
4.6
15.05
10.38
8.18
1.69
1.09
0
0
0
0.02
0.08
0
0
0
0.4
0
0
6.68
17.7
12.8
3.9
6.01
2.14
1.91
15.68
5.8
6.3
3.84
0.54
0
0.75
0
0
0.03
0
0
0
0
0
0
0.03
0.03
0.01
0.05
0
0.02
0
0
0
0
0
0.45
2.24
0.19
0
0
0
1.64
0
1.19
0.41
0.01
0
0
0
0
0
0
0
0
0
1.04
17.2
2.62
0.98
0.07
0
0
0
0.01
0
0
0.02
0
0.02
0
12.85
1.89
0.18
0
0
0.14
0.05
0
0.16
0
1.15
0.4
0
0
0
0
0
0
0
0
0
0
0
0
0
0.15
0.25
2.98
0.02
0.02
0
0.59
0
0
0
0
0
0.08
0
0
0.07
0.01
0
0
0
0
0
0
0
0.06
3.13
0.63
0
0
0
0.01
0
0
0
0
0.38
0.23
3.45
5.35
4.63
6.74
4.84
0.7
4.22
12.88
5.37
0.27
0
0
0.05
0
0
0
0.02
0
8.56
3.74
0.87
10.72
6.57
4.68
20.14
3.74
0.02
0
0
0
0.05
0
0
0
0
0
0
0.05
0.13
0.44
0
0.01
0
0.07
0.15
0
0
0
0
0
0.21
1.2
0.17
0
0
0
0
0.04
0
0
0
0
0
0
0
0
0
0.82
13.71
20.2
7.56
16.79
12.52
8.44
4.58
0.16
0
0
0.04
0.07
0.09
0.14
0.16
2.36
0.91
15.02
8.59
4.87
4.04
7.15
0.68
0.03
0.04
0
0.01
0.08
0.39
0.03
0
0
0
0.39
0
0
0.35
1.79
5.09
1.29
2.77
0.8
3.03
3.55
3.46
9.5
1.88
1.88
0.07
7.14
1.32
0.3
0
0
9.68
8.58
5.35
3.87
5.95
4.66
1.36
0.48
2.47
0.05
0
0.01
0
0
0
0.01
0.01
0
0.13
2.04
0.76
0.23
0.05
0
0
0
4.67
8.97
0.72
4.2
3.48
0
0.22
0.71
0
0.23
3
9.61
1.68
12.54
1.99
1.49
0.39
2.06
0.36
5.36
0.23
0.05
0
0.19
14.74
0.9
1.11
0
0
0
0.32
10.27
6.72
3.18
2.12
4.45
4.38
0.13
0.03
0.66
0.08
0.01
0
3.47
0.49
0.2
0.77
3.78
6.52
5.65
9.3
6.49
1.63
0.39
12.5
5.25
1.31
0.05
0.03
0
0
0
0.11
0.09
0
0
0.02
0.7
0.03
0
0
6.86
0
0.07
0.02
0.02
0.1
0.52
0.03
0
0.08
0.03
0.06
0
0
0
0.45
0.09
0.17
0.02
0
0.15
0
0
0.05
0.06
5.89
11.31
6.52
2.15
0
0
4.75
0.2
0.09
0
0.08
1.47
11.5
0.62
0.81
0.52
0.06
0.02
0
0.59
0
2.59
2.98
1.02
0
0
0
0
0
0
13.57
14.52
6.04
0.88
0
0
0
0
0
0
0
0
0
0.01
0.01
0
0
0
0
0
0
0.08
0
0
0
0
0
0
0.18
0.06
0
0.15
0.05
0.02
2.23
1.86
2.43
4.05
5.73
0.43
0
0.01
0.03
0.52
0.05
0
0
0.01
0
0
0
0.03
0.02
0
0.19
0
0
0
0
0
0
0
3.05
0.22
0
0.33
0
0.02
0
0
0
0
0
0
0
0
0.02
0.02
0
0
0
0
0.11
0.06
0.29
0.05
0
0
0
2.4
7.08
1.3
0.69
0
0
1.7
7.2
0
0
0
2.39
7.34
0.1
0.02
0.88
0.33
0.03
0.01
0
0
0
0
0
0
0.08
0.01
0.02
0
0
0
0
0.32
0
0.05
0.06
11.68
4.06
7.52
3.23
2.19
0.76
0
3.04
11.34
2.02
0.09
0
0
0
0
0
0
0
0
0
0
0
0
0
0
0
0.01
0.03
0.01
0.01
0
0
0
0
0
0
0
0
2.4
13.86
1.34
0.02
0
0
0
0
0
0
0
0
0
0
0
0
0
0
0
0
0
0.06
0.94
3.93
6.59
15.6
2.77
0.16
0.92
1.19
0.05
2.24
0.88
0.02
0
0.01
0
0
0.13
0.1
0
0
0
0.67
8.22
15.55
2.65
4.73
14.04
2.8
6.02
0.74
4.13
5.06
1.05
0
0
0
0.2
0
0.01
0
0
0
0.95
0.22
0.13
0.87
7.85
9.91
2.76
1.66
0.64
0.08
0.16
2.8
0.36
2.59
0.73
1.8
0.76
0.12
0
3.04
2.3
1.3
6.11
0.96
0
0.01
0
0
0
0
0.01
0.09
18.97
2.14
0.68
0.67
0.17
0.27
5.69
1.02
0
0
0
0
0
0
0
0
0
0.05
0.05
0.48
31.32
4.7
1.04
0.27
24.9
0.87
3.14
1.91
3.36
0.22
0.05
0
0.04
0.36
0
0
0
0.02
0.03
2.37
0.2
0.24
11.46
0.44
0.38
0
0
0.56
0.76
0.34
5.29
32.21
6.35
8.82
5.78
0.27
0
0.46
3.89
12.44
1.4
0.52
1.91
8.32
8.55
0.48
1.05
0.01
0.26
0.11
1.14
3.64
7.44
10.18
1.17
0.15
4.02
2.04
4.81
4.7
0.71
0.01
0.01
0.61
0
1.63
0
0
0
0
0
0
0
0
0
0
0
0
0
0
0
0
0.05
0.06
0
0
0
0.01
0
0.01
0
0
0
0.03
0.23
0.03
0
0
0.01
0.08
0
0
0
0
0.04
0.08
1.89
4.46
0
0.02
0.13
1.01
0
0.41
0
0.02
0
2.57
8.64
0.09
0
0
0.04
0.09
0
0.19
0.8
0
0
0
0.02
0
0.04
0
0
0
0
0
4.68
1.77
0.39
1.08
0.95
0.04
2.75
1.82
0
0
0
0.68
6.59
4.7
1.48
0.01
0.06
0.01
0
0.01
0
0.02
0
0.41
0.03
0.73
8.35
3.05
0
0
0
0
0
0
0
0.01
0.13
0.01
0.02
0.01
0.04
2.27
1.39
0.12
0
0.03
0
0
0
0
0
0
0.39
1.2
0.06
0.03
0
0.03
2.77
1.46
0.07
0
0
0
0.04
0.01
0
0.04
0.02
0
0.23
0
0
0.01
0.26
0.05
0
0
0.04
0.36
0.27
0
1.26
0.98
0.04
0.01
0
3.18
0.45
0.16
4.87
6
0.22
0.08
0
0
0
0.46
0.06
8.06
15.05
11.63
3.54
6.27
0.42
2.07
0.07
0.25
0.01
0
0.45
0
0
0
0
0
0
0
0
0.14
0
0
0
0
0
0
0
0
0
0
0
0
0
0
0
0
0
0
0
0
0
0
0
0
1.17
1.05
0.87
0.86
11.86
7.38
8.43
3.03
4.7
16.13
11.25
6.33
1.24
0
0
0.17
0.05
0
0
0
0
0.02
0
2.7
5.88
2.56
0.36
0.01
0
0
0
0
0.01
0
0
0
0
0
0.01
0.59
0.76
0
3.61
2.03
0.07
0.02
0
8.63
1.35
0.43
2.57
0.21
0.04
0.04
0
0.04
0.24
0
0.01
0
0
0
0
0.01
0.02
0.01
0
0
0.52
11.1
21.52
5.6
1.47
0.6
0
0.09
0.32
0.29
0.43
0
0
1.67
4.57
11.89
9.23
4.03
0.85
1.14
8.2
1.81
0.11
0
0.34
3.98
0.8
0.13
2.36
0.09
0.01
0
0
0
0.02
0.05
0.93
9.22
4.61
1.69
0.04
1.82
0.59
0.09
0.05
0
1.33
0
0
0
0.01
0
0.8
2.88
0
0.39
11.91
8.25
0.61
0
0
0.16
0.17
0
0.93
0.59
0
1.88
0.3
0.01
0.48
0
1.15
0.3
0.4
0.51
0.85
9.93
2.38
6.74
0.09
0.71
1.39
1.59
1.23
2.52
1.7
0
2.58
0.84
1.08
2.59
18.19
2.52
0.71
0.06
0.04
0
0.07
5.5
0.07
0.01
0
0.06
0
1.73
0.27
0.74
0
0.66
3.84
0
0.13
0.27
5.31
0.95
0
0
0
0
0
0.04
0.02
0
0
0
0
0
0
0
0.01
0
0
0.38
0.52
0
0
0
0
0
0
3.45
0.29
0.64
6.45
2.63
5.63
17.01
2.95
1.52
0.04
0
0
0
0.02
0
0
0
0.15
0.35
0.01
0.01
0.22
5.65
0.21
0
0
0
0
0
0.27
0.6
0.11
1.78
0.01
0.27
3.49
1.73
10.21
0.81
0.16
6.21
6.47
0.4
0.99
0.24
0.04
0
0
0
0.14
10.31
23.33
18.46
1.52
4.04
1.05
1.5
4.45
6.2
2.77
1.59
0.06
0.33
1.66
15.68
1.45
1.76
6.3
1.08
0.26
0
0.04
3.89
3.88
3.36
1.18
0.12
3.72
0.37
12.88
13.02
5.48
4.44
0.73
0
0
0
0
0
0
0
0.85
0
0
0
0
1.22
0
0
0
0
0.47
3.57
5.4
4.66
1
10.65
19.21
2.6
0.14
0
0
1.04
0
0
0
0
0
5.31
14.1
21.85
3.23
0.22
0.33
0
2.78
7.42
1.53
1.05
0.09
3.58
15.05
18.6
10.11
7.5
1.63
0.71
0.48
0.21
0.59
0.37
0.46
15.05
7.84
4.89
9.99
11.49
2.06
0.07
0
0.4
1.36
16.09
12.99
7.04
3.68
0.84
1.69
10.78
11.73
9.19
3.49
7.06
5.58
1.65
9.89
12.91
4.06
1.14
0
0.2
0.48
1.82
6.14
8.68
4.3
6.77
0.59
0.59
0
1.97
6.05
14.78
10.39
5.93
5.55
5.09
2.61
1.77
1.54
1.48
0.17
0
0
0
0
0.74
0
0
0
0.21
2.45
10.12
3.13
1.1
0
0
0
0
0.29
7.7
1.19
1.55
17.16
8.43
2.43
0
0
1.01
4.53
0.18
0
0
0.01
0
0.25
0
0.04
0.16
0.64
0.14
0.21
0
0.01
0
0.14
0.24
0.83
1.36
2.47
0.11
0.05
0
0
0
0
0.32
0.01
0.07
0.01
0.45
6.47
8.58
1.47
0.43
2.11
6.82
4.03
0.38
0.34
0
0
0
0.03
4.97
1.29
0.03
2.05
9.91
1.88
1.06
2.64
0.48
1.66
2.76
1.21
2.41
0.61
0.2
0
0.23
4.9
17.74
7.7
10.63
6.41
1.45
0.17
0.47
0.42
0
0.21
3.06
2.14
5.68
25.12
2.31
0.02
0.37
0.02
0.29
0
4.37
3.35
0.64
6.05
0.3
0
0
0.8
0
0.46
0
0
0.11
0.02
0
0
0
0.13
0.84
0.57
1.81
0.02
0
0
0.39
0.3
1.14
0.59
0
0.03
0
0
0
0.52
1.88
1.96
0.14
0.02
0.01
1.73
2.65
0.09
0
0
0.13
0
1.33
0.04
0
0
0
0.46
0
0.04
0
0
0.4
0
0
0.87
0.13
1.13
5.59
3.26
0.71
0
0
0
0.02
5.87
4.51
0
0
0
0
0
0.04
0
0
0.02
0
0
0
0
0
0
0
0
0.04
0
0.61
17.46
1.15
0
0
0
0.52
1.14
0.34
0
0
0
0
0.57
0.56
0
0.37
0.41
0.5
21.98
8.64
12.26
8.24
0.44
0
0
0
0
0
0.71
3.68
20.42
1.02
13.73
2.18
1.84
2.75
1.95
0.84
0.68
0.07
0.13
0
0
0.33
0.12
0
0
0.39
0.33
0
0.14
0
0
0
0
0
0
0
0.01
0
0.16
1.86
5.84
14.54
1.2
0.01
0
0
0
0.18
0.45
5.62
5.55
10.95
4.81
0.12
0.74
6.66
6.19
4.39
24.55
10.29
2.89
0.95
0.5
1.96
0.5
0.44
2.32
4.75
0.75
0.4
3.89
3.97
6.36
1.85
0.82
0.02
0
0.13
0.42
4.38
1.15
0.97
0.44
1.14
1.68
0.94
0
0.09
1.83
0
0
0
0.69
2.07
3.43
2.45
3.75
6.65
0.72
0.65
2.52
7.24
2.04
6.08
2.04
0.66
2.54
2.35
0.5
1.5
17.05
1.41
1.13
1.18
0.38
0.52
0
0
0
0.66
0.67
1.81
5.39
12.31
1.3
0.46
0
0.19
3.65
8.44
1.82
0.8
4.84
3.93
1.84
0.64
5.99
11.44
22.76
11.41
19.18
9.03
8.99
19.47
17.52
5.68
0.06
0.86
0
0
0
0
0.53
1.92
0.51
0.36
0.22
2.77
3.9
0.87
0
0
0
0
0
0.46
0
0
0
0.66
7.79
1.61
0.34
8.22
2.55
0.57
10.92
1.61
1.25
3.45
0.61
2.1
1.05
7.67
4.49
0
0
0.82
0
0.05
0.6
0.99
0
0
0
2.36
2.22
20.22
19.48
2.04
8.52
14.84
6.5
4.79
0.62
5.01
5.96
2.77
0.09
0
0
0.45
0.13
0
0
0
0
0
0
0
0.63
0.24
12.19
12.94
10.13
14.9
1.9
1.14
0.71
1.56
4.48
8.61
5.79
0.61
0
0
0.11
0.04
0.2
0.43
0.42
0.95
12.33
1.26
2.31
0
1.26
1.05
0.35
3.79
0
0.64
2.56
2.42
0.05
0.22
0
0.01
0
0
0.4
0.06
0.63
1.8
0
0
1.17
0
0
0.01
0
0
0.01
0
0
0
0
0
0
0
0
0
0
0.03
0.19
0.02
0.05
0.01
0
0
0
0
0.07
0.04
0
0
0.04
0
0
0.02
0.02
0
0
0
0
0
0.85
0
1.24
0.08
0.01
0.02
0.07
0
0
0
0.12
0.59
2.86
0.01
0.05
0
0
0
0.01
0.02
1.4
0.68
2.1
8.75
1.77
0
0
0
0
0
0
0
0
0
0
0
0
0.48
0
0.38
0
0
0
0
0
0
0
0
0
0.08
1.69
0.64
0.02
0
0
0
0
0
0
0
0
0.04
0.05
1.02
0.44
0.05
0.27
0.04
0
0
0
0
0
0
0
0
0
0
0
0
0
0
0
0.04
0
0.02
0.41
1.02
3.74
0.54
0.27
1.52
0.31
0
0
0
0
0
0
0
0
0
0
0.01
0
0
0.24
0.96
0.08
0.01
0
0.37
12.85
14.38
5.32
0.62
2.5
12.92
6.83
2.09
1.88
7.44
7.65
10.47
6.27
6.71
1.41
1.25
1.31
2.39
2.71
0.71
0.77
2.33
9.15
18.02
3.19
6.61
1.65
1.75
6.03
2.48
0.9
1.64
9.27
3.94
0.02
3.71
3.06
2.1
1.29
1.59
0.25
0.14
0
0
0
0
2.92
17.31
16.25
1.33
6.57
1.14
0
0.8
2.87
15.91
22.18
9.77
2.54
0.5
0.48
4.01
13.8
3.25
11.88
10.13
8.29
10.51
2.29
4.95
13.18
12.92
9.11
7.26
9.36
4.13
1.21
0
0.02
0.01
0
0.06
0.02
0.2
0
0.04
0.08
0.09
5.12
1.5
0
0.33
0
0.26
1.03
4.2
1.48
0.21
0.78
0.36
0
0.91
4.61
2.27
0.6
3.76
12.6
10.37
3.84
4.31
1.8
3.24
3.67
12.59
5.05
1.28
1.57
0.4
0.62
0.46
0.05
0.44
2.16
9.02
2.91
0.2
0.16
5.99
9.99
6.62
1.89
0.3
6
10.81
2.19
0.22
0.88
0
0.05
0.03
0.09
0.81
0
0.02
0
0.01
0.02
0.01
0
0
0
0
0
0
0.08
0.85
4.69
4.16
2.36
0
0.02
0
0
0
0.02
0
0.02
0
0
0
0
0.02
0.03
0
0.1
0.97
0.96
1.54
3.58
15.93
48.75
16.89
4.95
0.63
3.76
1.07
0.71
0.59
9.88
2.52
0.09
0
0
0.06
0
0
0.04
0.01
0
0
0
0.01
0
0
0
1.24
8.52
7.08
6.91
1.43
1.95
10.88
2.01
0.85
0.64
1.2
0.04
0
0.01
0
1.03
0.85
0.82
0.09
0.18
0.51
0.07
0.18
0.4
0
0.11
0
0.69
0.06
0
0
0
0
0
0
0
0
0
0
0
0
0
0.01
0.09
0
0
0
0
0
0
0
0
0.01
0
0
0
0
0
0
0
0
0
0.76
0
0
0.58
0
0
4.18
1.41
0.07
2.16
1.48
3.37
0.99
2.16
0.27
0.15
0.09
5.81
3.11
10.48
1.86
5.38
3.23
7.98
20.31
2.98
0.36
3.07
0.07
0.97
0
0.8
1.3
0
0.41
0.23
0
0
0.08
1.9
0.62
7.13
2.44
1.12
29.69
11.39
7.16
17.2
13.6
15.63
13.97
5.2
0.29
0
0.11
0.52
6.66
6.45
1.73
1.14
4.73
19.32
20.61
2.88
1.04
0.24
0
0
0
0
0
0
0
0
0.05
0.59
0.02
0.05
2.21
12.86
20.32
4.18
1.36
1.59
0.57
0
0
0
0
0
0
0
0
0
0
0
0
0
0
0
0
0
0
0
0.52
0.13
0.15
0.14
0.01
0
0
0.07
0.52
0.42
0
0.19
0.04
0.15
0.76
4.62
7.98
7.41
1.06
0.8
0.21
0.23
0.44
0.41
0
0
0
0
0
0
0.1
2.85
2.98
5.25
1.52
0.14
0.25
0.04
0
2.02
0.35
0.3
3.11
1.7
0.05
0.77
0.25
0.57
0.45
0
0
0
0.01
0.77
4.5
0.38
0
0
0
0
0
0.06
0
1.59
0.7
0
0
0
0.04
1.23
0.64
0.02
0.16
2.58
0.52
0.24
1.35
0.56
2.11
5.18
8.99
3.33
0
0.11
0.27
0.94
2.71
3.81
3.29
0.28
0
0
0
0.13
0.43
0.02
0
0.8
0.34
0.26
0
1.84
8.99
6.84
14.8
9.16
1.63
0.18
0.2
0.09
1.83
1.21
1.78
1.3
0.01
0
0
0
0.29
0
0
0
0.04
0.04
0.04
0
0.04
0.13
5.53
4.01
1.3
1.89
1.49
0.43
0.55
0
0
0
0
0
0.36
1.2
3.21
4.6
3.1
1.79
2.47
18.16
10.98
19.42
10.45
0.88
0
0
0.04
0
21.1
8.59
0.52
0.2
0.11
0.25
0
0.03
0
0.02
0.2
0
0.02
15.43
3.48
1.06
1.2
1.14
0.75
0.09
0.07
0.25
0.82
0.16
0.96
0
3.26
12.8
5
1.3
9.35
12.87
6.14
2.45
0
0
0
0
0
0
0
0
0
0
0.34
0
0
0
0
7.03
3.38
0
0
0
0
0
0.8
0.43
0.2
0
0
0
0.17
1.77
0.81
0.76
0
0
0
0.26
0
0
0
0
0
0
0.13
0
0
0.09
0
0
0
0
0.03
0
0
0
0
0.1
0
0
0
0
0.27
0.75
0
0.1
0.09
0
0
0
0.43
3.19
3.64
0.78
0
0
0.02
0
0
0
0.05
0
0
0
3.08
0
0.3
6.61
4.13
0
0
0
0
0.01
0
0.46
1.95
1.41
1.38
1
1.09
0
0.52
0.01
0.77
0.14
3.1
1.28
0
0.25
0
0
0.19
0
0.08
0
0.72
0.91
1.55
0.22
0.13
0.01
0.91
2.42
5.18
11.57
4.25
0.18
0
1.77
0
0.02
2.82
10.07
3.67
1.63
0.17
0.19
0.31
0
0
0.06
1.42
1.51
5.95
2.4
2.33
4.1
26.55
12.66
1.46
3.02
9.83
2.97
0.29
0
0
0.23
0.57
0
0.01
0
0.02
0
0
2.8
5.11
0.85
0.32
0.31
0.4
0.01
0.04
0.02
0.01
0
0
0
0
0.25
0.02
0.01
0.05
0
0.5
1.31
0.65
0.14
0.12
3.64
2.51
0.29
0
0.01
0
0
0
0.38
0.01
0
0
0
0
0
0
0
0
0.02
0
0
0
0.38
0.34
1.12
0.24
0.02
0.01
0.01
0
0
0.63
0.07
0.05
0
0
0
0.05
0.01
0
0
0
0.07
0
0
0
0
0.02
0
0
0
0.17
1.66
15.09
5.12
2.95
0.4
0.01
0
0
0
0.05
0.55
0.29
0.13
0.12
0
0
0.02
2.3
3.09
6.81
0.76
0
0.02
0.02
0.5
0.56
0
1.17
0.06
0.02
0
0.73
0.01
0
0
0.73
0.22
0.04
0.08
0.98
0.59
1.06
0.01
0
0.02
0.33
4.36
5.94
8.37
3.04
0
0.81
7.45
4.61
2.11
0
0.72
0.21
0.08
2.02
6.86
1.34
3.02
6.96
1.27
4.1
2.69
0.16
0.37
0.03
0.62
0.84
6.83
5.5
7.79
4.91
0.54
11.39
2.34
0.09
0.85
0
0.13
0
0
0
0
6.16
6.73
11.38
7.2
18.02
5
0.05
0
0.05
0
0
0
0
0.05
0
0.01
0
2.79
6.07
1.58
0
0
1.17
2.02
0
0
0.02
0.22
0
0
0
0
0
0.01
0
0
0.12
0.02
0.05
0.01
0
0
0
0
0
0.01
0
0.73
0.23
0
1.17
2.95
1.24
0.77
0.13
0.02
6.38
1.35
0
0
0
0
0
0
0.06
0
0
0
0
0.02
0
0
0
0.01
0
0
0
0.04
0.02
0
0
0
0
0
0.01
0
0.1
3.2
1.1
1.91
0
0.95
5.73
1.83
0
0.02
0.11
0
0
0
0
0.04
0
0
0
0
0.29
0.45
0
0
0
0
2.47
0
0.7
3.37
2.46
0
0
0
0
0
0.04
0
0
7.01
1.79
0
0
0
0
0
0.04
0.67
1.85
0
0.02
5.94
6.95
4.45
0.23
2.18
5.72
10.36
1.9
0.02
0.47
4.8
0.09
1.96
0.66
0.01
0.01
0
2.75
2.23
0
0
0
0
0
0
0
0.01
0.09
0
0
0.3
0.06
0
0
0
0.04
0
0
0
0
0
0
0
0
0
0
0
0
0
0
0
0
0
0
0
0
0
0
0
0
0.59
0.01
0.15
0.02
0.17
0
0.01
0
0
0
0
0
0
0.04
0
0
0
0
0.05
2.71
3.76
2
0.65
3.25
2.55
0.64
3.47
9.59
3.28
1.95
6.32
18.06
11.52
12.3
6.13
2.24
9.41
17.24
32.04
17.98
12.12
9.27
1.86
0
0
0
0
0.07
0.01
0
0.07
3.32
8.55
1.29
0.63
0.64
1.51
2.67
0.72
1.16
0.5
0.03
0.03
0.02
0.02
0.16
0.44
0.12
0
0
0
0
0
0
0
0.26
0
0
0
0
0
0
0
0
0.45
6.37
1.23
15.69
5.09
1.02
2.46
1.19
0.16
9.86
1.95
0.52
4.16
3.72
0.42
0.41
0.01
0
0
0
0.01
0
0
0.02
0
0
0
0
0
0
0.01
0.01
0
0
0
0
0
0
0
0
0.12
0.43
0
0.01
0
6.63
7.91
11.75
6.04
1.08
0.41
2.87
2.33
0.95
0.01
0
0
0
0.02
0.02
0.12
0
0.72
6.38
15.82
9.72
12.43
1.3
0.01
0.23
0
0
0.01
0.02
0
1.01
0.01
0
0
0.27
0.51
0.23
0.04
0
0
0
0.24
0.37
0
0.02
0
0.02
7.22
5
3.01
0.86
0.02
1.59
0.32
0.04
0
0.21
2.97
3.66
15.55
11.64
7.09
3.93
3.17
0.07
39.4
17.27
1.59
0
0
0
21.15
5.55
0.16
0.04
0.03
0.03
0.02
0.23
0
0
0
0
0
0.01
0
0.01
0
0.25
0.63
0
0
0.35
3.43
0.12
1.08
9.66
1.7
1.16
0.67
3.29
3.64
0
0.01
0
0
0
0
0.01
0
0
0.04
0
0
0
0
0
0.01
0
0
0.01
0.25
3.02
3.9
0.45
1.46
0.13
0.75
0
0
0
0
0
0
0
0
0
0
0
0.22
0
0
0
0
0.7
0
0.03
0
0.08
0
0.25
0.97
0
0
0
0
0
0
0.08
1.53
0.17
0
0
0
0.02
1.34
5.39
5.02
0
0.01
0.27
0
1.25
0.91
9.84
2.32
0.25
0.11
0
0.78
12.55
4.26
0
0
4.2
1.52
0
0.01
0.01
0.02
0.02
0.02
0.01
0
0
0
0
0.14
8.48
1.25
0
0.11
0.64
9.53
6.86
9.56
5.25
8.64
3.98
0.3
0
0
0
0
0
0
0
0.01
0
0
0.12
0
17.7
44.82
10.07
2.59
0
0.13
2.07
7.14
1.94
2.19
0.48
0
0
0
0
0.07
0
0.01
0.02
10.38
14.15
4.93
0.11
0.06
0
0
0
0
0
0.02
0.01
0
1.09
0.63
0.65
0.68
9.52
5.71
0.21
0.01
0.02
0.81
0.35
0.16
3.38
2.65
0.22
0
0.14
0.2
0
0
0
0
0
0
0
0
0
0
0
0.01
0.02
0
0
0
0
0
0
0.01
0
0
0
0
0
0
0
0
0
0
0
0
0
0
0
0
0
0
0
0
0
0
0
0.04
0
0.03
0.12
0
0
0.09
0
0.11
0.01
0
0
0
0
0.16
0.02
0.06
0.06
9.54
4.94
0.1
0.18
0
0
0
0
0
0
0
0
0
0
0
0
0
0
0.05
0
0
0
0.01
0
0.02
0
0.07
0.47
0
0.21
0.55
0.27
0.04
0
0.84
0.38
0.09
0.13
0.02
0.01
0
0
0.01
0
0
0
0
0
0
0
0.34
1.63
3.41
1.81
3.66
1.33
6.4
5.28
14.68
9.45
2.26
0.32
0.98
0.3
5.2
1.79
0.19
0
0
0
0.02
0
0.02
0.02
0.05
0.12
0.13
1.89
1.76
0.27
5.25
2.13
0.16
0
0.11
2.48
2.15
0
0
0
0
0
0
0
0
0.02
0.01
0
0.22
0.01
0
0.13
0
0.24
0
0.11
0.06
0
0
0
0
0.01
0
0.02
0.01
0.11
3.91
3.45
5.38
3.84
1.44
0.06
0
0
0
0.03
0.2
0.98
2.23
2.47
3.81
0.88
0
0
0
0
0
0
0
0
0
0
0
0
0
0
0.03
0.09
0.03
0
0
0.02
0.01
0
0
0
0
0.03
0.06
3.48
6.12
3.67
0.74
0.23
1.15
0.19
0.02
0.01
0.01
0.02
0
0
0
0
0.09
0
0.03
0.21
28.7
2.89
0
0.07
5.98
3.05
0.8
0.1
0.08
15.44
4.37
0
0
0
0
0
0
0.01
0.01
0
0
0
0
0
0
0.01
0.01
0
0
0
0
0
0
0
0.02
0
0
0.03
0.49
0
0
0
0
0
0
0.01
0
0
0
0
0
0.02
0.37
0.19
0.02
0.29
0.02
0
0
0
0
0
0.02
0
0.01
0
0.37
1.71
5.3
0.34
0
0
0.01
0.73
0.55
2.68
0.95
0.08
0.45
4.53
1.61
0.15
0.23
0.54
3.76
3.66
3.99
17.54
3.66
3
13.93
14.67
3.25
0.39
0
0.26
0.01
0.01
0
0
0
0
0
0
0
0
0
0
0
0.39
0.06
0.05
0.28
0.33
7.25
8.87
8.07
6.14
23.09
10.88
23.8
10.61
2.92
0.46
0
0
0
0
0.01
0
0
0
0
0
0.07
0.17
0.04
0.16
1.55
6.63
1.74
0
0.03
0
0.01
0
0
0
0.07
1.7
3.91
7.2
10.14
4.4
2.95
2.19
0.11
1.98
0.45
0.03
0.46
1.81
1.45
0.77
1.57
0
0
0
0
0.01
0.02
0.01
0
0.01
0
0
0.01
0
0
0.01
0.66
0.59
0.1
0.13
4.3
2.37
0.9
1.18
0.88
7.09
13.56
1.74
0.73
0.28
0.12
0.04
0
0
0
0.31
0
0.16
0.79
0.5
4.4
3.72
6.32
4.14
2.66
0.9
5.48
5.09
9.23
8.59
2.54
14.03
5.38
0.93
0.32
9.4
3.26
1.16
12.84
4.71
1.84
8.74
2.13
1.03
0.92
0.02
0
0.01
0.02
0.14
1.16
1.11
2.71
2.78
0.05
0
0
0
0
0
0
0.03
0.26
1.24
0.02
0
0.15
0.19
1.14
8.93
4.98
0.95
1.1
7.48
7.2
16.02
9.88
1.89
0.29
1
1.26
17.58
17.88
8.94
7.95
13.2
9.52
2.02
9.35
12.55
7.61
2.61
7.78
1.46
1.71
1.34
1.28
3.14
0.76
0.51
0.63
2.91
11.95
23.49
5.66
1.29
0.34
0
0
0
0.77
0
0.01
0.02
0
0
5.08
2.99
0
0
0.1
0
0.01
0
0
0.03
0
0
0
0
0
0
0
0
0
0
0
0
0
0
0
0
0
0.01
0
0
0
0.01
0
0
0.01
0
0.03
0
0
0
0
0
0
0.01
0
0
0
0
0
0.03
0
0
0
0
0
0.01
0.43
0.85
0.37
0
0
0.04
0
0
0
0.06
3.41
2.31
0
0
0
0.09
0
0
0
0
0
0
0
0
0
0
3.25
1.94
0
0
0
0
0
0
0
0
0
0
0
0
0
0
0.12
0
0
0
0.06
11.52
3.92
0.01
2.78
7.7
5.63
6.22
1.49
0.09
0.13
0
0
0
0
0
0
0.02
0
0
0
0
11.43
3.74
0.02
0
0
0
0.03
8.29
2.58
0
0
0
0.01
3.55
3.54
0.7
9.47
6.07
5.51
15.25
31.91
10.52
13.23
1.51
4.94
21.66
11.25
12.25
6.94
2.07
9.13
5.02
0.84
0.94
0.89
0.23
0.13
0
0
0
0.05
0.56
16.68
8.5
0.98
2.34
0
0
0
0
0
0
0
0
0.78
1.58
0.09
0
0
0.08
0.71
0.2
0.31
0
0
0
0
0.02
0.46
0.22
0.7
0
0
0
0
0
1.7
5.36
6.16
3.18
0.66
0.06
0.34
0
0
0.02
0.14
0.08
0.67
2.62
6.47
4.55
2.04
15.7
17.36
9.85
4.73
2.73
7.63
4.18
1.88
1.02
0
0
0
0
0
0
0
0
0.07
2.41
6.04
10.41
18.77
12.07
5.66
2.3
1.27
0.02
2.3
10.01
2.15
1.19
0.73
6.89
3.25
0
0.1
1.4
0.18
0.23
0.71
5.56
1.38
0.45
0.39
0.13
0.01
0.01
0
0.01
0
0.16
0.13
0.09
0
0
0.01
0.01
2.25
7.15
7.65
9.69
5.64
0.57
0.01
0
0
0.21
0.07
0
0
0
0
0
0.3
4.64
8.14
3.63
1.84
3.68
0.88
0.43
0.28
0.15
0
0.13
0.02
0.13
0
0
0.01
1.46
10.29
8.14
3.54
6.18
2.84
1.25
1.16
0.82
0
0
0.03
0.16
11.35
3.7
1.01
1.23
0.61
0.07
0.06
0
0.14
0.67
1.62
2.59
9.92
8.42
0.21
0.08
1.51
0.2
0.24
0
5.12
1.92
0
0.48
2.62
2.04
0.21
0.06
0.16
11.45
2.44
0
0.01
0
0
0.02
0
0
0
0
0
0.01
0.01
0
0.02
0
0.33
0.61
0
0
0
0
0
0
1.36
0.13
0
0.17
0
0.04
3.5
2.83
0
0
0.01
0.01
0
0
0.02
0.02
0
0
0.03
1.01
0.02
0
0.01
0
0
0.01
0.04
0
0
0
1.05
0.07
0
0.02
0.01
0.45
5.05
2.51
0
0
0
0
0
0
0
0
0
0.02
0
0
0
0
0
0
0
0
0
0
0
0.17
0.19
0
0
0
0
0
0
0
0
0
0.01
0
0
0.21
0.19
0.03
0.12
1.17
0.33
0
0
0
0
0
0
0
0
0
0
0.02
1.05
0
0.05
1.08
0.99
0
0
0.01
0.01
0
1.09
0.49
0
0
0
0
0
0
0
0
0
0
0
0.22
0.04
0
0
0
0
0
0
0.47
0.06
0.01
0
0.01
0.02
0
0.19
4.16
9
14.64
5.3
1.45
0.01
0
0.01
0.07
1.57
3.89
1.93
0.32
0.32
0.21
0.03
0
0
0.01
0
0
0.01
0.41
10.65
17.2
6.3
0.02
0.04
0
0
0
0
0.22
10.71
1.85
0.41
5.47
0.75
0.15
0.02
0.09
0
0
0.05
0
0
0
0.02
0
0.17
4.96
8.95
13.36
5.06
2.75
11.33
13.57
5.2
3.52
3.25
6.9
5.48
5.21
1.54
4.51
0.53
4.74
2.11
0
0
0
0.01
0
0
0.01
0
0.02
0
0
0
0.03
0.03
0.02
0.02
0
0
0.01
5.44
11.78
6.2
4.31
2.1
0.76
1.88
3.29
1.52
0.47
5.21
2.22
0.25
0.14
0.04
2.5
18.22
26.1
13.71
11.46
10.98
9.48
2.47
9.92
3.48
1.45
1.65
10.02
2.13
0.36
0
4.97
6.23
2.7
0.06
0.08
0.16
1.1
4.47
0.58
0.13
1.7
0.38
2.77
8.76
0.65
0
0.02
0
1.73
0.56
0.73
0.2
0
0
0.02
0.11
0
0
0
0.01
0.01
0
1.01
5.16
2.89
1.02
2.48
8.99
2.49
2.48
0.71
1.38
3.9
2.13
0.8
3.39
2.38
2.7
1.12
0.57
0.75
0.54
5.77
2.48
3.86
9.12
14.69
4.96
4.99
2.67
0.01
0
0
1.23
0.65
2.59
16.08
8.29
1.46
0
0
0.02
0
0
1.41
0.38
0.01
0.48
0.31
0
0.02
0.16
0.2
0
0.05
0.03
1.56
0.01
0
0.54
0
0.04
0
0
0
0.02
0
0.01
0
0.05
0
0
0.44
0
0
0.21
0.24
0.8
1.66
0.16
1.07
6.14
10.07
4.6
0
0
0
0.02
0.05
0
0
0
0
0.08
0.3
0.08
0.03
0
0
0
0
0
0
0
3.55
0
0
0.65
0.11
0
0
0
0
0
0
0
0.15
4.95
2.16
0.02
0
0
0
0
0
0
0
0
0
0
0.01
0
0
0
0
0.03
0
0
0
0
0
0
0
0
0
0
0
0
0
0
0.08
0.01
0.08
3.07
7.2
1.66
0.01
0.01
0.09
2.34
0.02
0
1.16
2.45
0.05
14.32
4.43
0
0
0.02
0
4.52
13.38
2.15
4.25
1.08
1.29
0
0
0
0
0
0
0.01
0.07
0.06
0.22
1.87
1.05
1.84
2.19
0.23
0.16
0
0.13
0.38
8.58
2.52
1.79
3.29
7.7
4.01
0.15
0
0
0
0.41
2.87
10.18
1.09
0
0
0
0
0
0
0
0
0
0.01
0
0.01
0
0
0
0
0.01
0.59
4.96
16.31
3.71
0.06
0.39
0.38
0
0
1.98
1.08
0.13
0.01
0
0
2.25
0
0
0
0
0
0
0
0.39
0
0.05
7.84
1.13
0.02
0
0.02
19.4
3.2
0.41
0.21
0
0
0.01
0.09
1.67
0.53
0.47
0.23
0.07
0.32
0.68
0.75
0.04
0.05
0.08
0
0
0.01
0
0
0
0.01
0.44
27.89
10.63
1.89
15.3
16
3.57
1.38
0.43
0.07
0
0.05
0
0.03
1.34
0.99
0
1.64
7.45
7.51
5.5
12.83
7.84
1.75
0.62
6.12
2.1
0.39
0.05
0
0
0.01
0.93
6.53
11.51
2.27
0.33
0
0.18
25.58
15.75
3.94
0.35
0.06
0
0.02
0.43
7.7
7.92
1.36
0.32
0.01
0
0
0
0
0
0
0
0.05
0.09
0
0.6
2.53
1.67
0
0
0
0
0
0
0
0.06
0
0.1
1.13
2.9
1.54
0.09
1.73
0.09
0.03
0
0.79
9.64
10.61
15.23
6.57
2.7
13.24
14.83
4.27
0.1
0.05
0.02
0
0
0
0
0
0
0
0
0
0
0.41
3.98
0.4
0
0
0
0.03
0
0
0
0
0
0.01
0
0
0
0.35
1.25
0.09
0.16
0
0
0.06
4.4
6.41
0.56
0
0
0.11
6.47
11.29
1.43
0.04
0.38
1.55
0.02
0
0
0
0
0
0.01
0
0
0.02
0.03
0
0
0
0
0.02
0.13
6.02
1.52
0
0
0
0
0
0
0
0
0.65
0.19
0
0
0
0
2.29
0.09
0.05
0
1.8
5.8
2.32
4.77
0.31
0
0.11
5.88
4.63
11.28
11.45
0.73
0
0.02
0
0
0
0
0
0
0.06
32.43
3.17
0
0.02
0
0
0
0
0
0.01
0
0
0
0.02
0
0
0
0
0.02
0.01
0
0.01
0.16
0
0
0
0
0.43
0
0
0.01
0
0.58
4.67
0.06
1.11
0.05
0.62
0
3.72
0
0.39
0.01
0
0.02
0
0.55
0.01
0
0
0.04
0
0
0.01
0
0.05
0
5.14
0.2
0
0
0.2
1.32
0.69
0
0.01
0.66
0.4
20.43
14.82
0.63
14.26
8.75
3.27
0
0.48
14.91
13.77
8.52
0.29
0.11
0.16
0.7
0.59
0
0.02
0.84
4.32
4.27
12.2
12.37
8.16
0.16
0.98
4.66
0.39
0.05
0.01
0
0.06
0.7
0.07
0.14
0
1.59
18.96
5.66
3.26
0.01
0.13
0.4
0.59
0.27
0
0
0
0
0
0
0
0.67
2.94
3.88
0.46
1.05
0
0
0
0
0.82
6.86
9.95
8.23
4.94
2.57
0.32
1.63
6.09
15.81
23.78
5.5
8.1
3.25
2.92
0.35
0.01
0
0
0
0
0
0
0
0
0
0
0
0
0
9.4
2.86
1.63
0.44
1.11
4.39
0.7
0.02
0.01
0
0.87
13.79
4.58
6.69
3.64
11.7
3.08
12.32
0.18
0.11
0.24
0
0
1.38
3.7
9.29
4.79
4.62
5.54
21.75
1.12
0.09
1.17
0.33
1.02
2.57
1.79
4.24
1
0.01
0
0
0.01
0
0
0
0
5.27
0.8
0.03
0
0
0
0
0.24
0.05
0
0.05
0.05
0.09
0
0
0
0.16
1.83
0.11
0
0
0
0
0
0
0
0.13
0
0
0
0
0
0
0.02
0.89
0
0
0
0
0
0
0
0.43
0.38
0.16
0.09
5.77
8.25
7.9
4.32
1.93
2.57
4.75
0.93
1.92
16.02
1.75
0.48
0.39
1.34
1.05
3.27
4.91
6.59
0.34
0
1.46
0.1
5.09
30.87
8.57
0.54
0.91
0.27
0.02
3.55
1.02
2.06
5.12
2.82
0.3
1.52
6.63
10.09
19.02
8.14
8.08
4.76
6.32
0.56
3.03
0
0.35
0
0.76
0
0.98
0.33
7.95
1.57
2.33
0.15
0.02
0
0.18
0
1.13
0
8.15
0.28
0.21
0
1.14
29.93
25.63
3.14
1.05
3.94
2.29
1.89
10.68
2.22
4.04
2.03
0
0
4.82
1.82
8.09
2.91
2.18
11.31
5.48
9.88
6.95
9.56
0.89
0.42
0.52
3.41
1.52
0
0.13
0
0.14
0
0
0.05
0
0
0
0
0.02
0
0.03
0
0
0
0
0
0
0
0
0
0
0.01
0
0
0.13
0
0
0
0.01
0
0
0
0
0
0
0
1.01
1.39
0
0
0
0
0
0
0
0
0
0
0
0
0
0
0
0.01
0.02
0.04
0
0
0
0
0
0.12
0.09
0
0.06
0.24
0
0
0
0.01
0
0
0
0
0
0
0
0
0
0
0
0
0
15.64
1.46
0.05
0
0.03
0
0.02
0
0
0.02
1.1
6.32
1.74
0.4
9.58
4.59
33.32
7.01
8.05
3.02
0
0
0
0
0
0
0
0
0
0.19
0.51
0.44
0.35
0.19
0.14
0.31
0.02
0.03
6.59
1.55
0.39
1.09
10.92
2.52
0
0.13
0
0
0
0.02
0.01
0.02
0.01
0
0
0
0.14
0.05
0
0
0.01
22.11
5.43
0.71
0.01
0
0
0.2
0
0
0
0
0
0
0
0
0
0
0
0
0
0.04
0
0
0
0
0
0
0
0
0
0
0
0
0
0.01
0
0.09
9.4
0.08
0
0
0.02
0
0
0
0
0
0
0
0.01
0.07
0.07
0
0
0
0
0
0.12
0.33
0.16
0
0
0.01
0
0
0
0.25
0.01
0.17
1.17
4.43
1.93
1.31
0
0
0
0.02
0.01
0
0
0
0
0.57
0.34
2.82
12.98
19.26
10.8
10.32
10.84
3.05
1.59
0.35
0
0
0
0.44
5.32
1.79
0.15
0
0
0
0.02
0
0
4.68
1.19
0.18
0
0
0
0
0
0
0
0
0.61
1.33
1.91
15.61
7.04
1.17
7.75
9.7
7.27
3.77
4.23
3.7
4.25
1.51
1.11
3.75
7.91
5.5
0.5
0.73
0.28
0
0
1.27
5.81
0.59
11.09
8.68
5.53
9.24
3.59
0.25
0.47
0.24
0
0
0
0
0
0.01
0
0.01
0.25
0.02
0
0.01
6.19
5.7
0.14
0.17
0
0
4.02
1.13
0.12
8.46
6.27
9.46
18.53
4.42
2.6
2.21
1.81
3.87
10.48
13.36
3.64
5.58
1.5
0.11
0
0.27
1.34
0
0.17
0.11
0
0.11
3.2
3.94
1.91
1.63
5.09
13.57
1.93
0
0.75
3.48
0
0.1
0
0.01
0
0
0
0.23
0.01
0
0
0.21
0.11
0
0.01
0
2.26
0.36
1.79
0.03
0
0
0
0
0
0.01
0
0.08
1.34
3.38
0.28
0
0
0.03
0
0
1.38
0.03
0.02
0
0.13
0.26
0.88
1.48
0
0.02
0
0.09
2.75
0.01
0.22
0
0
0
0.03
0
0
7.84
0
0
0.01
0.09
0.42
0.25
0.01
0
0
0
0.18
0
0.21
0
0
12.48
10.22
3.95
9.99
4.73
1.25
0.28
0
0.1
0
0
0.01
0.08
0
0
0.23
0.78
0.02
0
0.01
0
0
0
0
0
0
0
0
0
0
0
0
0
0
0
0
0
0
0
0
0
0.53
0.11
12.53
3.98
0.02
0
0.38
0
0
0
0.18
1.05
5.24
0.04
0.02
0.06
0
0
0.17
0.48
0
1.06
0.26
0
0
0
0.05
0
0
0.27
1.86
0.35
8.68
7.92
2.68
13.54
10.81
18.51
10.43
7.82
3.88
3.81
7.47
7.98
2.94
2.98
2.38
1.97
0.17
2.63
1
4.35
4.26
2.21
7.48
14.39
3.67
1.1
12.9
6.38
5.52
1.28
7.99
19.7
15.34
1.08
0.59
4.59
2.05
0.02
0
4.11
5.05
1.24
0.91
0.25
0.02
0
5.51
1.87
3.9
2.9
0.61
0.15
1.07
0.11
0.29
0.47
0.63
0
0
0.18
0.31
0
0.01
0
0
0.01
0
0
0
0.11
1.77
0.76
3.08
5.41
4.48
1.06
4.48
2
0.05
0.03
0
0
0.02
0
0
0
0
0.02
0.11
0.09
0
0
0
0
0.01
0
0.02
0
0
0
0
0
0
0
0
0
0.14
0.12
0.02
0
0.17
0.15
1.76
0.11
0
1.41
1.89
0
0
0
0
1.3
0
0
0
0
0.14
4.56
4.74
0
0.01
0.2
0
0
0.09
0.68
3.6
2.96
0.65
4.63
9.97
6.07
3.68
4.86
0.43
0.13
0
0.02
0.12
0
0
0
0.09
0
0.07
1.51
0.28
0.87
1.77
0.77
4.62
2
0
0.07
0.24
0.81
1.17
0.08
0.01
0.01
0
0.11
0.28
0.18
0
0
0
3.52
0.07
0
0
0
0.01
0.04
0.25
0
0.11
0.19
0.25
0.09
0.23
0.6
0.08
0
0.01
0.02
0
0
0
0.71
8.2
0.25
0.32
0
0
0
0.52
0.8
0.32
5.87
0.32
0
0
0
0
0
0.03
0
0
0
0
0.08
0
0.33
0.52
0
0
0
0
0
0
0
0
0.01
0
0
0
0
2.42
1.1
0.02
2.16
0
0.47
0
0.17
1.06
0.33
1.32
0.33
0
0
0
0
9.21
0
0.07
0
0.66
4.19
8.12
0
0.71
0
0
3.26
0
8.74
0
0.19
0
0
0
0
0
0.11
2.43
2.06
0
0.08
0
0
0
0
0.01
0
0.07
0.05
0.06
0.09
0.76
0.88
0
0
0
0
26.21
4.34
0
0
0
0
1.05
0.03
7.59
2.83
0.09
0.43
0
0
0
0
3.05
14.73
0.32
0
2.21
5.98
0.31
2.36
3.23
4.48
0.77
0
0.05
5.32
0.49
0.09
0.29
0
0
0
1.45
1.96
4.54
1.39
12.62
0.02
1.98
19.39
22.55
14.73
3.98
1.95
3.37
5.32
10.79
1.38
2.15
7.27
0
0
0.01
0.22
0.32
0.61
9.59
18.82
1.79
0.5
0.02
0.14
0.29
0.51
0
0.01
0
0
1.46
0.21
4
0.5
6.4
13.52
3.31
2.42
0.67
0.1
0.05
0.15
0.16
0.01
0
0
0
0.15
2.69
15.66
4.03
3.19
0.15
0.01
0
0.01
0
0.33
0
0
0
0.02
0.01
0
0
0.01
3.92
1.34
2.88
0.22
0.11
0.12
0.12
0.01
0.11
0
0.04
0
0.99
7.62
1.39
1.13
0.2
0.96
0.79
0.01
0
0.02
0.12
0.16
0.45
0
0
0.05
0.05
0.08
0.03
0
0.43
0.03
0.01
1.01
0
0.38
5.39
9.44
0.13
0.33
2.59
6.51
2.75
0.47
2.47
0.3
0
0.15
0.18
0.2
0.94
5.76
3.18
3.47
0.22
0
0.16
0.01
0
0.16
0.01
0.99
2.91
23.62
2.59
0.24
0.22
0.26
5.08
9.18
8.08
6.57
6.09
1.27
0.45
9.3
2.41
1.75
1.04
4.12
3.63
0.12
0.09
0
0.4
0
0.12
0.48
1.07
7.48
1.05
0
0.01
0.34
1.99
0.21
0.35
2.06
4.95
1.24
0.15
0.02
0
0.17
0.06
0.03
3.27
13.15
6.57
29.95
11.43
1.44
0.05
0.14
0.08
0
0.02
0.01
1.38
1.41
0.38
0.08
0.09
0
0
2.89
1.34
0.07
1.3
0.93
0
0.92
1.65
0.06
0
0
0
0
0.02
0
0
0
0
0
0
0
0.01
0
0
0
0
0.03
0
0.12
3.55
6.75
3.4
3.5
0
0.16
0.06
0.02
0.02
0.01
0
0.04
0.02
0
0.17
0
6.87
0.15
0
0.18
0
0.01
0
0.12
0
0
0
0
0
0
0
0
0.35
2.77
0
0.88
1.14
0
0
0.04
0
0
0.02
0.12
0
0
0
0
0
0
0
0.61
0.01
0
0.06
0
0
0
0.17
0.34
0
0
0
0
0
0
0
0.01
0
0
0.01
0
0.02
0
0
0
0
0.01
0.01
10.24
0.06
0
0.01
0
0
0.02
0.13
0.05
3.53
1.31
0.43
0.04
0
0
0.02
0.38
6.4
16.16
5.95
2.45
0.83
0
0
2.88
0.8
0
0
0
0
0
0.04
0
0.15
0
18.59
5.12
0
0.26
2.5
0.18
0.04
17.27
4.87
0
0.02
0
0
0.01
0
0
0
0.76
19.34
33.16
15.85
6.91
2.95
2.38
2.79
0
0.01
0
0.02
0
0
0.64
0.03
0.56
9.52
7.3
1.2
2.44
0
0
0
0
0
1.97
6.47
0.15
0
0
0
0
0
0
0.2
7.66
1.3
10.66
0
0.01
2.48
4.92
0.91
1.33
0
0
2.01
1.46
0
0.76
2.8
13.2
1.9
7.92
6.12
0.76
0
0
0.01
0.02
0
0.01
0
0.01
0.25
0.45
4.34
1.38
0.54
0
0
0
0
0
0
0
0
0
0
0
0
0
0
0
0
0
0
0
0
0.01
0.29
1.62
2.18
0
0.01
0.21
0
0
0
0
0
0
0
0
0
0.04
0.05
0
0
0
0.01
0.01
0
0.01
0
0
0
0
0
0
0
0
0
0
0
0
3.64
0.66
0.01
0
0.01
0.61
18.3
3.52
0
0.01
0
0
2.99
2.36
0
0
0
0.16
2.86
0.05
0.02
0.01
0
0
0
0
0
0
0
0
0
0
0
0
0
0
0
0
0
0
0.88
0.3
0.85
3.39
2.25
0
0.42
12.46
6.76
16.84
16.06
10.86
4.74
1
2.63
4.01
1.73
0
0
0
0
0
0
0
0
0
0
0
0
0
0
0
0
0
0
0
0
0
0
15.77
2.56
2.39
0
0.33
2.95
2.37
0
0
0
0.01
0.02
0
0.04
0.02
0.14
0.42
0.13
1.5
8.99
2.69
0.17
2.45
1.05
0
0.01
0.12
8.99
30.03
14.96
1.34
2.09
0.51
0.81
0.42
0.12
1.7
0
2.3
3.66
1.87
0.48
1.7
10.26
2.29
11.56
2.48
0.57
0.16
0
0.08
7.4
12.49
6.83
0.89
0.03
0
0
0
0
0.08
0
0.01
0
0
0
0.05
0
0
0
0
0.01
0
0.05
0
0
0.19
0.15
0
0
0.28
0.02
0
0.08
0.1
0.87
0.17
0.63
0.98
7.13
0.47
0.02
8.79
7.64
0.64
0.06
0.09
1.66
3.92
0.54
0
0
0
0
0
0
0
0
0.01
1.12
4.71
1.55
0
0
0.02
0.01
0.79
0.08
0.05
0.36
0.12
0
0.63
0.05
0
0
0
0
0
0
0
0
0
0
0.01
0.01
0
0
0.01
0
0
0
0
0
0
0
0.02
11.01
11.75
4.09
0
0.01
0.01
0
0
0.2
0.35
0.38
0
0
3.74
3.55
2.8
5.58
8.27
0.67
0.2
5.97
18.2
5.82
13.93
13.25
2
1.26
0.87
0.18
0.16
0.39
0.85
4.34
5.28
12.19
8.41
2.8
0
0
0
0
0.01
0
0.01
0
0
0
0
0
0
0.05
6.37
0.05
0
0
0
0
0
0
0
0
0
0
0
0
0
0
0.47
3.05
2.52
16.2
2.63
11.8
1.44
0.92
0.07
0
0
0
0.05
0.92
7.45
6.64
1.06
0.46
0
0.24
0.49
0.31
1.7
3.11
0.48
0.14
0
0
0
0
0
0
0
0
0
0
0
0
0
0
0
0
0.03
0
0
0
0
0
0
0
0
0
0
0
0
0
0
0
0.04
0
0.25
0.27
0.12
0
0.2
1.22
0.16
0.14
0.03
0.02
0.4
4.04
0.74
0.49
0.26
0.01
0
0
0
0
0
0
0
0
0
0
0.25
1.59
0.72
0.02
1.66
1.81
1.43
0
0
0
0
0
0
0.09
0
0.52
4.97
5.91
0.51
0
0.05
0
0
0
0
0.09
1.6
5.42
0
0
0
0
0
0
0
0
0
0.04
0.03
0
0
0
0
0.53
0.01
3.57
2.87
1.43
1.4
0.02
0.49
0
0
0.01
0.03
1.45
0.13
2.6
12.6
9
4.92
3.34
1.06
4.58
0.47
2.39
0.92
0.75
0.12
0
0.2
0
0.02
6.45
8.88
4.13
4.59
10.46
4.03
0.02
0.58
10.65
8.48
0.75
0
0.09
0.44
4.9
4.74
9.58
5.02
1.63
0.6
0.08
0.01
0
0.24
0
0.05
1.38
2.03
4.77
1.65
15.29
3.54
0.9
0
0.01
0.02
0.06
0.04
0.55
0.2
4.27
0.56
0.39
0.03
0.43
0.02
0.07
0.09
0
0
0
0.04
0
2.99
0.39
0
0.01
0.01
0
0
0
0.1
0
0
0
0
0
0
0
0
0
0
0
0
0
0
0
0
0
0
0
0
0
0
0
0
0
0.74
1.39
0.67
0
0.06
0
0.04
0
0.04
0.01
0
0
0
0
0
0
0
0
0
0.11
0
0
0
0
0.04
0
0
0
0
0
0.07
0
0
0.4
2.29
4.83
3.44
0
0
0
0
0.01
0.27
0.01
0
0.16
0
0.45
18.05
4.63
7.77
1.46
0
0
0
0.06
6.59
0.05
6.35
2.63
1.07
4.88
17.14
5.35
5.38
3.46
11.81
8.9
14.93
3.7
4.23
2.24
2.97
6.3
7.43
0.42
0.13
0.2
0
0.14
0.2
0.24
0.68
8
12.12
1.14
0.28
1.09
10.42
4.8
7.98
9.44
3.57
4.88
3.7
0.34
0.59
0.04
0
0.66
0.08
0
0
0
0.21
0.06
0
0
0
0
0
0.27
0
0.02
0.3
0.26
6.41
1.66
9.04
0.23
0.51
0.42
0
0.25
0
0
0
0
0
0
0
0
1.3
0
0
0
0.34
0.32
0
0
0.14
0.48
0.18
1.16
1.15
2.15
0.01
0.03
0.11
0.23
0.01
0.61
7.6
1.84
7.83
12.62
3.11
9.29
12.28
4.85
1.7
0.52
0
0.2
0.71
0.23
0
0.37
0
0
0
0.42
0.18
0
0.4
0.47
0
0
0
0
0
0.03
6.03
12.89
4.77
0.97
0.59
3.3
0.01
0.01
0
0.02
0.01
0
0.82
0.59
0.3
0.61
0.46
4.88
1.48
0.08
2.44
1.49
0.02
0.02
1.24
4.72
4.66
0.27
0.27
0
0
0
0
0
0
0
0
0
0.18
0
0
0
0.11
0.18
0.15
0
0
0
0
0
0
0
0.03
0
0.07
0.11
0.21
0
0.02
0
0
0.09
0.28
0.18
0
0.52
0
0
0
0
0
0.43
14.7
6.31
0
2.17
5.58
0.45
0.17
1.92
3.59
5.82
0.21
0.01
0
0.25
0
0
0
0.01
0.13
0.25
0
0.51
9.54
2.37
0.63
0.02
1.34
0.63
6.63
0.12
6.48
2.59
1.67
2.13
4.43
0.02
0.11
0.16
1.97
1.9
0.04
0
0
0
0
0
0.02
0.06
0.04
0
0
0
0.02
0.02
2.59
0.09
0
0
0
0
0
0
0.02
0
0
0
0
0
0
0
0
0.01
0
0
0
0
0
0
0
0
0
0
0
0
0
0
0
0
0
0
0
0.03
0.2
0
0
0
0
0
0
0
0
0.02
0
0
0
0.66
0.04
0
0.01
0
0
0.01
0
0
0
0
0
0
0
0
0.07
0.05
0
0
0
0
0.07
0.91
0.01
0.42
0
0
0
0
0
0
0.06
0
0
0
0
0
0
0.01
0
0
0
0
0
0.01
0.05
0.41
0
0
0
0
0
0.01
0.21
0.85
1.09
3.09
0.02
0.04
0
6.06
2.07
2.77
3.85
2.71
2.02
0.02
3.71
6.8
0
1.82
0.38
7.88
10.25
5.99
0.07
1.73
9.52
5.85
1.04
2.89
3.2
3.19
3.82
1.12
10.1
0.1
1.11
3.78
3.05
10.8
1.96
0
0
0.75
0.38
0.36
21.68
12.46
7.75
8.52
2.66
5.66
6.95
4.82
1.62
15.59
1.61
0.07
0
0
0.05
0
0
0
0
0
0
0
0
0
0
0.09
0.07
0
0.18
0.12
0.02
0.01
1
0.5
3.42
0
0.09
0.17
0
0
0.07
0
0.01
0
0.11
0.98
0.88
0
0.57
0.25
0.24
0.96
0
0.01
0.13
0.24
1.29
2
15.39
3.01
1.53
0.2
0.55
0.15
0
0
0.05
0
0
0.02
0
0.02
0
0
0
9.97
6.58
2.21
2.79
0.05
0.09
1.39
1.41
0.3
0.54
0.2
0.08
0.64
0
0
0
0
0
0
0.01
0
0
3.07
3.77
0.29
1.01
16.46
8.44
3.09
0.41
0.11
3.63
0.04
0.16
0.01
0.03
0.13
0
0.11
1.95
0.77
0.04
0.07
0
0.32
2.12
1.46
4.52
0.13
0
0
0
0.05
0.01
0.02
0
0
0
0
0
0
0
0
0
0
0
0
0
0.01
0
0
0
0
0
0
0
0
0
0.05
0
0
0
0
0
0
0
0
0
0.01
0
0
0
0.01
0.13
1.09
3.05
4.05
6.39
0.93
0.49
4.38
2.78
0.02
0
0.08
7.7
3.6
0
0
0.51
2.04
6.13
8.68
6.5
8.73
1.59
0.06
0.52
0
0.2
0
0.89
0.17
0
0
0
0
0
0
0
0
0
0
0
0
0
0.07
0.01
0
2.23
0.35
5.05
3.36
31.77
3.98
0
0
0
0
0.21
0.28
0
0
0.18
1.89
0
0.43
0.16
9.88
3.06
3.49
1.25
0
1.04
0.13
0
0.02
0
0
0
0
0
0
0
0.23
0
0
0
0
0
0
0
0
0.01
0.01
0
0
0.08
0.05
0.01
0
0
0
0.01
0
0
0.02
0
0.01
0.02
0.01
0
0.02
0
1.54
11.34
0.91
0.02
0
3.29
0
0
0
0.03
0.94
0.21
7.5
3
3.14
0.11
0
0
0
0
0
0
0
0
0.77
0.02
2.59
3.53
1.09
0.64
0
0
0
0.01
0.02
0
0
0
0
0.06
4.75
1.19
0.96
0
0
0.01
0
0
0
0
0
0
0.02
0
0
0
0.89
0.7
0.09
0
0
0
0
0.14
0
0
1.77
0.23
0
0
0.09
0.05
0
0
0
0.13
1.39
0.08
0
0.02
0.02
0
0
0
0.34
0.06
0
0
0.01
0
0
0
0.25
10.34
34.26
6.67
0.27
0.82
6.62
17.53
9.65
2.86
0.21
0.02
1.34
0.76
0.54
0.43
7.16
0.6
2.33
0.04
0
2.34
0.49
0
0.42
11.52
0.87
2.77
4.98
3.22
0.77
0.01
0
0
0
0.11
9.43
2.23
0.65
0.06
0.84
0.22
1.43
15.66
6.3
6.71
15.36
8.83
13.36
4.63
19.56
11.27
24.98
5.09
0.05
0.21
11.27
8.51
16.84
3.47
7.45
13.38
1.17
17.5
2.11
0.79
0.11
0.19
0.16
0.13
0.48
3.36
0.94
7.02
9.58
19.51
7.28
1
1.47
2.78
7.13
2.93
0.14
4.75
15.75
4.54
0.12
0.89
14.25
1.86
0.55
0
0.02
0.21
0
2.43
5.46
1.34
0
0.02
0
0.02
1.88
0.34
0.13
0
0
0.05
0.41
9.51
1.09
0.05
0
0
0.01
0
0.02
0
0
0
0.08
0.09
0
0
0
6.64
1.11
0.04
0
0.02
0.82
4.31
0.38
0
0
0
0.02
0
5.25
0.25
0.34
13.16
16.5
10.63
10.27
1.27
0.01
0.21
0.29
5.14
3.14
0.11
0
0
0.01
0
0
0
0.01
0.27
0.05
0
0
0
0.18
3.3
0.72
0
0.01
0.04
0.66
1.3
1.63
0.75
0.88
4.1
1.05
0
0.55
24.4
9.34
1.9
5.73
9.32
18.42
2.38
0
0
0.02
0.78
4.27
12.45
6.05
0.71
0
0
0
0
0
0
0
0.02
0
0.05
3.74
1.59
0.66
0
0.32
0.23
0
0.4
0
0.23
0.78
0.11
0.03
0.01
0.62
2.34
4.82
2.96
0.88
4.61
0.14
0
0.25
0
0
0
0
0
0
0
0
0
0
0
0
0
0.05
0.02
0
0
0
0
0.17
0.63
1.13
0.03
0
0
0
0.14
0
0
0.01
0.79
0
1.65
2.58
0
0
0
0
0
0
0.11
0
1.38
0
0.27
2.09
0
0
0.02
0.01
0.55
2.16
4.93
20.38
5.88
0
0.08
0.04
0
0
0
0
0
0
0.01
0
0.77
7.09
0.01
0
0
0
0.13
0.84
0.04
0
0.05
5.52
1.8
0.76
7.5
1.37
0.18
0
0.02
0.72
1.9
1.46
1.42
15.29
3.66
0
0
0
0
0
0
0
0
0
0
0
0.14
0.07
0
0.14
0.07
0.09
0.02
0
0
0
18.31
0.74
1.52
0
1.05
0.43
0
0
0
0
0
0
0
0
0
0
0
0
0
0
0
0.37
4.6
0.81
0.01
0
0.04
0
17
39.21
16.06
7.4
2.5
1.04
13.96
4.46
3.3
6.49
1.75
1.36
2.09
3.82
0.02
0.9
0.65
0.01
0
0
0
0
0
0
23.22
15.47
2.93
1.66
0.58
0
1.44
10.63
20.7
19.3
7.82
0
0.66
4.16
9.92
8.04
11.89
13.48
7.44
10.71
8.95
3.25
0.14
0.21
3.2
19.05
6.92
13.76
7.48
10.9
5.21
3.45
14.05
8.56
18.79
26
1.94
0.2
0
0
0.06
0.02
1.73
9.25
2.39
14.2
22.56
18.4
3.61
3.95
0.86
0.23
0.3
0.55
0.5
0.29
0.11
0
0
0
3.73
0.07
0.51
0
0
0
0
0
0
0
0.01
0.14
0.41
0.03
0
0
0
0
0
0.02
1.77
0
0
0
0
0
0
0.01
0.05
0.13
0
0
0
0
0
0
0
0
0
0
0
0
0
0
0
0
0
0
0
0
0
0
0
0
0
0
0
0
0
0.02
0.05
0
0
0
0.87
0.49
0.02
0.01
0
0
0
0
0
1.65
7.23
5.14
12.98
6.7
1.64
0.54
0
0
1.11
0.01
0
0
0
0
0.02
0
0.11
0.13
3.56
2.42
2.52
0.67
0
0
0.48
1.72
2.42
3.16
3.72
13.48
3.82
0
0.13
0.36
1.11
0.36
1.27
5.41
2.05
0.04
0
0
0.2
3.83
3.98
4.59
1.78
4.01
17.63
5.84
0.07
0.39
0
0.01
0.04
0.16
0.02
0
0
0
0
1.79
2.61
0
0
0
0
0
0
0
0
0
0.48
0.41
0.71
11.97
10.2
0
0
0
0
0
0
0.77
0
0.01
0
0.04
1.08
0.59
2.84
0
0
0
0.02
0.06
0.42
7.87
0.87
0
0.1
3.49
0
0.16
0
0
0
0
1.17
3.91
0.12
0
0.07
0.68
0.46
15.49
1.38
0
0
0
0.37
0.22
2.23
0.44
0
0.01
0
0.74
3.14
0.22
1.16
0.85
2.14
0.13
0.01
0
0
0
0
0.01
0
0
0
0
0
0
0.01
0
0
0.07
0.54
2.58
2.2
0.29
0.18
0.92
2.08
0.2
0
0.66
2.86
3.72
1.8
0.05
1.11
0.02
0
1.01
0
0.03
0
0.03
1.32
0.02
0
0
0
0
0
0
0
0
0
0
0
0.24
1.28
1.3
3.59
1.22
0.04
0
0.18
3
2.77
0
0
0
0.11
14.05
10.48
7.37
24.84
16.19
8.56
7.51
2.35
10.07
18.05
3.68
10.64
1.34
0.01
0
1.5
12.68
2.98
3.2
13.12
4.34
0.14
3.41
7.64
2.67
0.12
1.84
0.2
0.6
0.21
0.43
0.39
21.17
0.07
0
0
1.97
0.2
0.66
4.4
2.43
0
0
3.83
14.77
40.13
6.32
7.09
0.88
4.05
8.07
0.61
0
1.75
1.33
0.19
0.79
4.19
2.56
11.58
0
0.42
0.84
1.46
0
0.11
0
0
0.01
0
0.2
2.46
3.21
0.33
0
0.01
0
0.05
0
0
0
0.02
1.53
0.88
2.21
2.18
0.35
0.16
4.5
0.46
3.71
1.86
10.91
5.63
4.51
0.38
0
0
0.43
1.09
0
0
0
0
0
0
0
0
0
0
0
7.6
0.82
0
0
0
0
0
0
0
0
0.09
0
0
0
0
0
0
0
0.02
0.01
0.03
0
0
0
0
0
0
0
0
0
4.69
0.77
0.3
0
0
0.61
8.33
1.48
7.35
0.43
0.89
1.38
1.54
4.19
1.51
1.29
0.26
4.2
3.02
5.42
0.19
0
11.04
2.98
12.1
1.2
0.21
0.05
0.11
1.1
5.87
0.34
0
0.24
3.47
0.96
13.01
7.21
3.7
0.67
0.19
0.52
0.18
0.08
0.25
0.06
0.01
0
6.07
15.88
4.11
6.34
14.71
9.08
1.38
0.1
0.67
20.02
6.45
1.38
6.7
4.89
9.71
0.36
2.23
7.43
2.42
12.09
0.56
0.88
0.03
0.17
0.84
0.53
2.96
0
0
0
0
0
0
0
0
0.01
0.04
0
0
0
0
0
0
0
0
0
0
0
0
0
0.06
0.74
2.39
1.34
0
0
0
0
0
0
0
0
0
0
0.07
0
0
0
0
0
0
0
0
0
0
0
0
0.01
0
0
0
0
0.01
6.73
2.77
0.01
0
0
0
0
0
0
0.01
0.01
1.65
0.91
1.39
8.09
2.05
0
0.13
2.75
0.63
0.02
0
0
0
0.04
1.12
0
0
0
0
0
0.01
0
0
0
0
0
0.04
0
0
0.05
0.25
0
0
0
0
0
0
0
0.1
0.06
0.71
7.12
2.96
1.62
4.67
2.13
3.69
5.32
2
0.39
0
0
2.3
11.62
11.61
2.64
0
0.53
0.46
0.2
0
0
0
0
0
0
0
0.05
0
0
0
0
0
0.04
2.03
0
0
0
0
0
0
0.24
0.75
5.92
13.15
0
0.04
0
0
0.03
0.37
0
0
0.09
0
0
0
0
0
0
0
0
0
0
0.06
0.31
0.01
0
0.01
0
0
0
0.63
0.77
0
0.02
0
0
0
0
0.5
2.09
0
0
0
0
0.01
0
0
0
0.63
0
0
0
0
0
0
0
0.42
3.88
13.26
4.76
1
0
0.02
0
0
0
0
0.72
4.74
0.46
0.01
0
0
0
0.34
3.57
4.01
0
0
0.06
0.84
4.81
0.27
0
0
0.01
0
0
0
0
0
0
0
0
0
0
0
0
1.74
10.54
0.56
0
0
0
0
0
0
0
0
0
0
0
0
0
11.69
4.64
0.32
0
0.34
0.02
0.34
2.01
0.8
0.22
0
0
0
0
0.77
16.92
9.68
1.83
2.3
3.04
0
0.01
0
0
0
0
0.01
0.56
11.65
6.54
2.52
3.84
0.13
0
0
0.01
0.41
0
0
0.86
0
0
0
0
0
0
0
0
0
1.68
1.52
12.06
2.04
0.16
0.01
1.08
1.35
0
0.11
0
2.87
2.11
4.8
11.04
5.93
1.66
2.48
1.66
2.5
1.19
1.2
3.76
1.37
0.47
0
0
0
0
0
0
0
1.46
8.52
7.49
3.86
0
0
0
0
0
0
0.01
0
0
0.02
0.13
1.55
17.27
3.29
0
0
0
0
0
5.36
3.54
0.89
0.61
0
12.84
1.66
0.05
0.99
2.16
1.32
0.01
0
0.02
0.04
0.96
0.12
0
0
0
0.04
0
0
0
0
0
0.04
0
0
0
0
0
0.09
0.05
2.86
0
0
0
0.04
0
0
0
0
0
0
0
0.16
0.05
14.41
14.89
0.7
0
0.2
0
0
0
0
0
0
0
1.34
0
0
0
0
0.49
0
0
0
0
0
0.45
8.7
0
0
0
0.01
0.07
0.1
0.91
0.33
0
0
0.37
0.17
2.76
0.08
0.01
4.22
9.79
3.2
2.84
0.02
0
0
0.06
0
30.57
15.04
0
0
0.25
12.06
22.41
5.36
0.6
0.06
0.02
0
3.31
0.13
0
0
0.03
0.26
0
0
0
0
1.88
20.61
3.44
0
0.01
0
1.48
9.91
3.91
1.07
0.06
0.08
12.64
7.3
8.71
20.96
9.7
16.41
23.66
11.14
1.11
0.8
0
0.38
0.25
0.93
0
0.2
0.05
0
0.15
0.08
0.05
0.02
0.14
0
0.49
11.63
9.99
2.7
3.51
0.93
0
0.09
0
0.07
2.13
0.8
0.45
0
0
0
0
0.01
0
0.03
0.01
0
0
0
0.55
0
0.41
0
0.02
6.67
0.12
0.21
0.27
1.21
8.91
3.47
0.5
0.05
0
0.48
0
0
0
0
0.02
0.43
0
2.61
2.69
8.34
1.26
0
0
0
0
0
0
0
0.04
0.03
0.87
0.6
0.01
0.15
2.39
7.01
0
0
0.8
0
0
0
0
0
0
0
0
0
0
0
0
0
0.13
1.88
0.03
0
0
0
0
0
0
0
0
0
0
0
0
0
0
0
0
0
0
0
0
0
0
0
0
0
0
0
0
0
0.02
0
0
0
0
0
0
0.04
0.34
0
0.41
0.02
0
0
0
0
0
10.98
3.82
8.12
5.33
0.5
0.86
0
0.52
0
0
4.94
1.43
1.31
3.85
4.74
5.36
1.32
0
1.34
7.35
9.37
7.13
2.43
0.43
5.16
8.33
17.97
12.25
1.28
12.35
8
1.51
1.05
7.16
1.24
0
0.09
1.43
7.8
2.51
0.65
0.18
1.23
0.02
0.25
4.28
4.64
2.5
9.39
3.99
4.96
4.43
0
0
0
0
0
2.21
1.46
0.18
0
0
2.95
1.29
4.44
1.71
0.12
0.39
0
0.05
0
0.05
0
0.06
0
0.48
11.74
1.23
0.03
0
0.04
0.47
0.21
0
0
0
0
0
0
0
0
0
0
0
0
0.01
0
0
0.46
0.19
0
0
0
0
0
0.01
0.01
0
0
0
0
0.04
0.75
0.19
0
0
0
0.02
0
3.69
0
0
0
0.2
0
0.02
0.02
0
0.01
0
0
0
0.01
0.01
0.07
0
0
0
0
0
0
0
0
0
0
0
0
0
0
0
0
0
0.01
0.02
0
0.06
0.09
0.03
0
0
0
0.01
0.75
0
0
0
0
0
0
0
0
0
0
0.14
0.38
0.11
0
0.94
0
0
0
0.09
1.03
3.77
0.79
0
0
0
0
0
1.5
0.16
5.52
2.25
0.05
0.43
0.27
0
0
0.2
0
0
0
0
0.96
8.34
0.96
1.02
0.43
0.64
0
0.01
0
0
14.82
11.4
1.09
1.59
0.73
0
1.76
0
0.01
0
11.38
1.61
0.78
20.66
2.18
1.74
19.67
1.51
3.52
0.45
0.02
0
0
8.72
5.48
0.42
0
0.07
0
0
0.23
0.43
5.02
22.34
4.98
3.8
0
1.03
0
1.34
8.41
2
8.39
1.94
0.11
0.83
7.27
11.39
5.45
1.73
0.17
0.02
0
0
0.23
7.14
0.02
0
1.27
0
0.21
0.42
1.03
9.59
6.05
9.12
10.08
8.23
7.17
10.03
20.74
4.9
0.57
6.56
2.62
5.01
1.75
7.88
3.11
2.12
0.67
3.77
3.84
6.01
1.3
1.6
2.23
3.41
5.18
3.09
8.84
1.26
0.04
0
1.56
4.76
6.56
3.93
24.46
9.26
4.56
0.24
0.02
0.02
0
0
0
1.05
0.68
0.48
4.16
8.77
1.05
0
0.01
0
0.01
0
0.19
0
0
0.62
0.01
0
0
0.01
2.55
4.78
1.78
0.85
1.79
0.14
23.24
22.17
8.09
15.1
2.19
0.15
23.49
5.49
0.84
0.91
0.24
0.98
0
0
0.07
6.68
0.74
0.02
0
0.02
0.01
0
0.16
1.39
2.27
4.16
1.86
1.2
2.36
0.93
0
0
0
0
0.02
0
0
0
0
0
0
0
0
0
0
0
4.18
10.56
3.9
0.48
0.14
0
0
0
0
0
0
0.31
0
1.19
0.65
4.8
2.61
2.93
3.72
0.39
0
0.13
0.25
1.41
0.66
0
0
0.02
0.6
1.56
0.01
0.44
15.27
13.37
4.22
13.33
3.3
0.2
0.39
0.04
0
0.01
0
0
0
0
0
0
0.02
0
0.01
0
0.02
0.27
4.59
2.16
0
0.01
0.01
0
0
0
0
0
0
0
0
0
0
0
0
0
0
0
0
0
0
0.2
0.09
0
0
0.06
0
0
0
0
0
0.04
0.02
0.04
0
0.02
0
0.02
0
0
0
0
0
0
0
0
0
0
0
0
0
0
0
0
0.02
0
0
0
0
0
0
0.09
1.54
14.23
1.13
2.11
3.93
0
0.01
0
0
0
0
0
0
0.03
0
0.01
0
0
0.01
0
0.01
0
9.68
2.69
0.08
4.86
0
0
0.01
0
0
0
0.01
0
0
0
0.3
0
1.73
1.33
14.26
6.8
13.37
1.18
0
1.05
1.21
10.18
1.66
0
0
0
0.01
0.13
0.15
9.16
0.88
3.81
0.46
0.42
0.48
18.06
1.8
0
0.01
1.07
6.37
16.48
13.12
5.16
0.79
0.95
0.15
0
0.01
0
0.01
0
0
0
0
0
0.01
0
0
0.11
0.11
0.06
0
0
0
0
0
0.48
0.34
1.42
0
0.27
0
0
0
0
0
0
0
0
0
0.01
0.01
0
0
0
0.01
0
0.01
0
0
0.01
0
0
0.02
0
0
0
0.02
0
0
0
0.01
0.01
0
0.15
3.09
8.94
0.06
0.01
0
0
0.02
0
3.4
2.75
1.47
5.67
6.29
0
0.04
0
0
0.03
1.41
0.03
0.09
0.17
2.39
0.33
0.16
0.09
0.45
0
0
0.13
3.03
1.26
10.32
0.98
0
0.02
0
0
0
0.01
0
0.05
0.02
0.16
0.05
6.6
0.28
0.72
0
0
0
0
0
0
0
0
0
0
0
0
0
0
0
0
0
0
0
0.75
2.64
3.49
0
17.48
7.49
1.18
0
0.01
0
0
0
0.01
2.44
9.62
10.23
17.47
11.23
2.12
1.54
0.02
0
0
0
0
0
0
0
0
4.48
0.97
0.06
0.08
0.62
4.66
1.98
0.35
6.41
4.43
7.57
0.71
1.84
18.86
14.67
6.21
0.2
0
0
0
0.01
0
0
0
0
0
0
0
0
0
0
0
0
0
0.11
1.65
0.53
5.73
6.25
8.22
14.5
19.82
4.05
3.79
4.15
0
0
0
0
0
0.01
0
0
0
0.38
1.16
0.2
0
0
0
0
0
0
0
0
0
0
0.84
4.05
4.84
5.89
3.22
0.41
0
0
0
0
0
0
0
0
0
0.01
0.01
0
0
0
0
0.01
0
0
0
0
0.03
4.89
1.22
0
0
0
0
0
0
0
0.01
0
0
0
0
0
0
0
0.02
0.01
0
0
0
0.03
0
0
0.02
0.01
0
0.01
0.02
0.2
0
0
0
0
0
0.02
0
0
0.02
0
3
0.68
0.41
0.38
0.64
6.44
0
0.27
1.77
0
0.13
6.89
2.15
0.32
10.29
0.8
6.66
3.64
0
0
0.09
0.05
1.63
0.71
0
0
0
0
0.11
0.33
0.02
0
0
0
0
0.75
5.73
4.66
1.66
1.2
0.02
11.48
3.84
2.43
0.52
0
0.27
0.08
0.01
0.34
0
0.06
2.66
2.55
0
0
0
0.01
0.84
11.82
11.27
21.59
1.45
0
0
0
0.66
3.55
0.27
0
0
9.96
11.38
5.5
0.54
0.02
0.03
0
0.09
0.21
0.64
4.33
0.09
0.01
0.02
0.02
0
0
0.3
0.05
0.02
0
0
0.23
0.68
9.87
7.77
4.52
7.69
2.55
2
14.05
8.29
5.59
10.66
3.62
6.61
0.76
0
3.22
1.84
6.66
0.32
5.27
0.95
0.2
0.15
0.25
0.45
0.01
0
10.59
8.52
5.23
1.05
5.09
0.96
0.56
3.61
4.56
4.59
6.04
1.41
0
0.13
0.59
2.04
1.54
6.44
10.04
0.17
0
3.53
1.13
1.85
6.63
1.84
3.18
17.3
4.88
15.37
5.58
5.07
0.14
0
0
0
0
0.01
0.02
0
5.12
5.45
10.88
3.43
8.23
1.3
0
0
0
0
0.01
0.65
0.51
1.07
0
0.01
0.02
0.16
0.02
0
0.07
0
0
0
0
0
0
0
0
0.05
0.18
5.24
12.54
4.32
0.74
3.09
0.62
13.98
29.7
15.16
5.2
0.21
0.01
0
0.01
0.07
3.12
0.67
0
0
0
0
0
0
0
0.03
0
0
0.01
0
0
0
0
0.03
0.46
0
0.51
3.2
15.7
3.77
10.41
30.04
3.47
0.43
0.01
0
0
0
0
0
0.01
0
2.73
1.9
2.08
9.86
7.5
3.52
0.2
0.02
0.3
15.13
1.56
0.03
0.04
0
0
0.15
0.52
0
0
0
0.19
0
0
0
1.01
0.43
14.64
8.15
3.48
0.73
0.04
0.2
0
0.02
0.39
5.14
11.91
0.49
0
0
0
0
0
0
1.05
0
0
0
0
0
0.01
10.04
10.25
2.38
0.57
13.76
1.37
0.29
0.34
0.75
0.08
0
0
0
0
0
11.79
0
1.59
0
0
0
0
0.02
0.33
0
0.02
0
0
0
0.01
0
0
0
0
0
0.05
0
0
0
0
0
0
1.52
0.27
0
0
0
0
0
0.01
0
0
0
0
0
0
0
0
0
0.03
0.02
0
0
0
0
0.35
0.11
0
0
0
0.3
0.1
0
0.01
0
0.02
0.12
0
4.64
0.65
0.45
0.56
4.15
29.8
3.02
0
0
0
0
0.02
0.01
0
0
0
0
0.88
10.94
2.16
4.8
0
0
0
0
0
0.01
0
0
0
0
0
0
0
0.24
0.07
0.16
0.43
0.01
0.01
0.5
0.33
0.64
1.97
17.6
4.1
2.54
1.59
0.01
0
0
0
0
0
0
3.79
6.45
25.9
10.48
2.3
12.81
8.84
17.01
11.42
1.94
2.16
0.3
0
0.24
12.47
10.27
7.5
11.64
3.09
12.46
13.92
0.32
0
0
0.01
0.06
0
0
8.27
1.11
0.98
0
0.02
0
0.16
8.18
4.59
0.61
0
0
0.02
0
4.42
7.32
0
0.02
8.71
0.55
0.01
1.88
4.59
3.56
0.09
0.08
0.24
0.81
5.32
2.44
1.05
1.78
0.07
0
0
0
0
0.29
0.05
0.3
3.59
0
0.05
0.05
0
0.09
0.04
0
0
2.9
0.07
2.81
1.31
0.25
0
0.18
0
0
0.01
0
0
0.22
0.35
0
0
0.03
0.13
0.7
0.65
0
0.09
0.03
0
0.18
0
0.27
0.02
0
0.65
5.86
2.8
0.09
0.14
2.82
4.75
0.06
0
0
0
0
0
0
0
0
0
0
0
0
0
0
0
0
0
0
4.16
5.74
6.38
4.73
20.23
14.4
1.86
1.05
1.15
0.56
0
0
0
0
0.09
0.57
0.05
0
3.46
1.79
0.26
6.17
3.22
0.01
0
0
0
0.21
0
0
0
0
1.29
0.76
0.13
5.04
8.64
6.77
5.6
17.81
4.08
10.35
4.14
0
0
0.09
0.23
0.04
1.04
0.01
0
0
0
0
0.01
24.9
12.37
3.3
4.21
0
0.16
3.16
2.48
0
0.01
0
0
3.48
28.75
10.25
3.22
7.15
20.95
0.72
5
17.4
2.91
0.05
0
0.56
5.2
4.58
0.82
0
0.06
0.01
0.03
1.32
0.19
0
0.02
0.71
6.95
9.59
6.7
4.3
8.96
1.16
1.2
0
0
0
0.02
0.02
0
0
0.02
4.16
0
0
0.19
0.27
1.3
10.38
0
0.01
0
0
0
4.77
0.27
0
0
0
0.01
0
0
0
0
0
0
0
0
0
0
0
1.31
11.38
0.39
0.01
0.01
0.01
0
0
0
0
0
2.14
0
0
0
0
0
0
0
0.12
0
0
0
7.54
0
0
0
7.17
0.15
0
3.09
0
0
0
0
4.41
0.23
0
0.01
0
0
0
0.1
0.18
0.16
0
0.05
0.03
0
0
0
0.07
0
0.17
0.06
0.03
0.01
0.01
1.67
5.53
17.32
2.55
13.6
2.38
0.05
0.04
0.06
0
0.03
0
0
0.01
0
0
0
0
0.03
0
0
0
0
0
0
0
0
0
0
0
0
0
0
0
0
0.1
0.07
0.02
0.01
0.06
0.57
0.05
0
0.01
0
0
0.09
4.91
4.4
5.69
4.26
1.36
0.02
1.07
14.14
2.91
26.49
9.49
5.77
2.68
1.71
2.48
0.35
0.48
16.37
2.37
0
0.01
0.04
0.01
0.34
0
0.01
0
0
0
0
0
0
0
0
0
0
0
0
0
0
0
2.05
2.52
0
18.32
3.29
6.75
0.56
0.45
0.07
0.04
0
0.01
0.29
0.01
0.08
0
0.03
1.21
0.41
0.01
0
0
0
0
0
0.01
0.01
0.46
0.65
0.35
0.05
0
0
0
0
0
0
0
0
0.04
0
0.01
0
0
0
0.01
0
0
0
0
0
0
0
0
0
0
0.01
0.53
1.8
0.65
0
0.01
0
0
0
0
0.01
0
0.01
0.2
2.07
0.09
0.33
0
0
0
0
0
0.14
0.59
0.3
0.01
0
0
0.73
1.06
10.25
12.85
2.02
0
0.09
0.01
0
0
0.7
0
0.01
0.01
0
0
0
0
0
0
0
0.7
0.52
0.78
0.11
0
0
0
0.03
1.39
0.98
3.32
1.15
0.7
3.03
0.98
2.7
0.52
0
0
2
8.19
6.44
3.32
1.55
0.03
0
0.52
0
0
0
0.02
0.67
1.46
0.7
0
0.02
0.02
0.02
0.14
0
0
0.01
0.13
0
0
0
0
0
0
0
0.05
0.01
0
0
0
0
0
0.97
0.02
0.16
1.16
8.03
0.93
0.01
4.25
3.67
0
0
0
0
0
0
0
0
0
0
0.33
1.13
1.41
1.14
0.47
0
0.02
0
0
0.05
0
0
0
0.16
0.22
2.69
0.11
0
0
0.21
0.53
0.02
0.16
8.58
2.61
0.01
15.09
3.02
0
0
8.05
2.07
0.01
0.13
0
0
0
0
0
0
0.03
2.16
5.89
0
0
0
0
0
0
0
0
0
0
0
0
0
0
0
0
0
0
0
0
0
0.08
0.06
0
0
0
0
0
0
0.02
0.03
0.08
0
0.01
0
0
0
1.65
0.53
0.02
0.11
0
0
0
0
0
0
0
0
0
0
0
0
0
0
0
0
3.48
11.54
7.39
2.95
0.69
0.1
0
0.28
0.3
0.01
0
2.41
0
0
0
0
0
0
0.18
0.07
0.08
0
0
0.02
0
0.01
0
0
0
0.01
0
0.01
0
0.01
0.02
0.36
0.75
6.16
0.59
2.69
0.12
0.06
11.77
5.29
0.17
1.37
1.19
14.55
0
1.37
0
0
0.59
9.54
1.85
3.89
1.58
0.01
0
0.14
0.08
0.02
0
0.18
1.63
0.68
0.22
0.79
11.72
14.81
20.27
5.55
1.05
0
0
0
0
0.01
0
0.09
0
3.2
0
0.28
0.28
0.27
0.03
10.8
15.07
0.98
1.52
0.76
0.02
0
0
0
0
0
0
0
0
0
0.01
0
0
0.03
0.11
0
0
0.07
0
0.14
16.08
3.7
0.1
2.72
0.37
0.77
0.01
0.73
0
0.54
1.3
1.28
3.08
0.97
7.38
0
0
0
0
1.55
2.13
2.67
0.14
0.73
0.2
0.01
0.08
0
0
0
0
1.18
0.07
0
0.22
0.53
0.1
0
0
0.09
0
0
0
0
0
0
0
0
0
0
0
0.14
0.16
0.28
5.05
3.15
3.77
3.09
3.05
7.48
3.71
12.47
5.89
0.24
0.79
0
0
2.04
14.02
0.43
0
0
0
1.55
0.03
0
0
0
0
0
0.02
1.12
10.58
5.66
4.97
3.76
3.53
4.53
0.17
0
0
0.12
0
0.01
0
0
0
0
0
0.97
7.78
7.6
2.88
0.14
0
0
0
0
0
10.8
5.32
2.26
7.52
1.88
0.03
0.06
13.32
1.25
0.28
0
0.01
0
0
0.01
0
0
0
0.3
1.89
4.47
0.57
0.57
0.39
0
0
0
0.13
2.01
0
0
0
0
0
0.09
0.68
0
0
0
0.1
0.02
0
0
0
0.23
2.3
0
0.06
0
0
0
0
0
0
0.05
3.25
13.88
1.66
0
0
0
1.54
16.35
2.99
4.82
0
0.75
6.67
0.27
0.35
3.86
3.97
1
0.17
2.04
0.94
0
0.06
0
0
0
0
0.02
0.01
0
0.64
0
0
0
1.74
1.25
2.35
1.38
3.17
0.14
3.23
4.65
0.64
0.03
0
0
0.02
0.02
0
0
0
0
0
0
0
0
0
0
0
0
0
0
0
0
0
0
0
0.01
0
0
0.2
0.02
0.02
0
0
0
0.03
0
0
0
0
0
0
0
0
0
0
0
0
0.68
0.03
3.7
1.67
3.63
1.49
0.02
16.48
17.69
9.35
0.3
0
0
0
0.03
0
38.8
4.46
0.13
1.59
0.05
0
0.01
0.03
0.01
0.01
0
0.86
0.38
0.21
0
0.01
0
0
0
0
1.11
0.03
0.23
0
0
0.07
24.35
12.82
17.3
31.48
4.2
4.06
18.88
4.43
1.46
0.15
0
0
0
0.01
0
0
12.09
10.41
2.25
0
0.68
4.66
0.25
0
0
0
0
0
0.05
3.12
11.93
0.05
0.18
0.14
0.01
0.13
0.24
1.54
1
7.47
0.77
0
0
0.02
0
0.01
0.02
4.88
1.38
14.85
1.93
17.82
0.97
0
0
0
0
0
0
0
0
0
0
0.01
0
0
0.44
0
0.01
0
0
0
0
0
0
0
0
0.02
0
0
0
0
0
0.02
0
0
0
0
0
0
0.73
0
0
0.01
0.54
0
0
3.43
1.18
2.61
4.1
2.78
0.04
0.18
1.64
0.3
0.09
0
6.19
3.84
3.13
1.38
0.15
10.98
20.55
4.68
2.11
4.34
3.23
0.27
1.54
0.09
2.48
2
2.19
0.29
6.16
1.41
0.56
3.7
0.7
4.95
0.73
0
0.01
0.01
0
0.01
0.05
0
10.9
6.89
1.32
0
0
0
0.01
0.01
0
0
0.86
0.11
0
0.03
0.56
0.01
0
0.02
0.38
0.08
4.13
18.74
8.96
0.36
2.55
8.88
7.21
2.76
4.63
3.5
2.07
6.89
10.27
2.45
0.86
3.41
2.8
17.12
0.78
0.08
0.2
0.73
1.04
0.01
0
0.02
0
0.23
0.04
0
3.69
17.51
6.3
10.43
1.34
3.6
2.07
3.71
4.42
1.14
0.73
0
0
0
0
0.04
0
0.57
0.84
0
0
0
0
0
23.95
18.57
2.32
2.49
3.52
3.7
2.23
2.33
0.16
0
0
0.01
0
0.01
0
0
0.05
0.12
0
0
0
0.16
0.02
0
0
0.01
8.49
8.98
17.47
2.03
0
0
0.01
0
0
0
0
0
0
0
0
0
0
0.03
0
0
0
0
0
0.18
0
0
0
0
0
0
0
0
0
0
0
0
0
0
0
0.01
0
0
0
0
0
0.02
0
0
0
0
0.02
0
7.53
2.03
0.2
0.05
0.03
0.03
0
6.63
0
0
0
0
0.02
0.01
0.02
0
0
0.03
0
0.27
0.22
0
0.01
0.13
0
0
0
0
0
0.05
0
0.01
0
0
0
0.7
4.71
1.25
1.2
0.59
11.48
2.48
0.02
0.05
0
0
0.21
1.34
1.7
5.29
0.74
0.02
0
0
5.84
4.35
0.22
0.02
5.79
5.23
9.64
3.54
0
0
0
0
0
0
0.02
0
0.02
0
3.58
0.55
0.02
0.02
0.02
0
0.37
3.8
0.55
0.04
0.02
0
0
0
0
0
0
0.03
0.01
0
0
0
0
0
0
0
0
0
0
0
0
0
0
0
4.48
16.15
2.52
2.51
0.1
0.08
0
0
0
0
0
0
0.42
0.07
0
0
0
0
0
0
0
0.01
0
0
0
0
0
0
1.94
1.59
0.09
0.29
0.7
1.76
0.02
0.03
0
0.01
0
0.01
0
0
0
0.85
8.63
9.49
1.34
0.63
0.64
1.05
0
0
0.57
7.91
1.59
6.79
1.18
5.97
2.15
0.01
0
0
0.03
0
0
0
0
0
0
0
0
0
0
0
1.87
1.69
6.81
0.49
0
0
0
0
0
0
0
0
0.02
0.18
0
0
1.71
2.82
12.72
3.19
0.07
0
0.55
5.02
1.3
0.13
2.46
2.37
0.02
0
0
0
0.04
0
0
0
0
0.08
0.54
0.17
0
0
0
0
0
0.48
0.07
0.07
1
0.95
9.08
1.52
0.56
0
3.56
0.7
0
0.02
4.22
0.14
0.11
0
0
0
0
0
7.16
16.91
4.46
15.06
9.16
0.21
0.69
0.19
0.55
13.08
23.47
11.61
19.8
10.82
1.4
0
0.26
0
0.02
0.02
0.04
0
0
0
0
0
0
0
0
0.02
0.38
4.01
10.86
10.66
3.13
2.55
8.53
4.16
4.41
6.42
3.19
5.79
3.46
0.33
3.24
0.92
9.71
2.74
3.46
0.95
2.05
1.25
0.66
3.49
12.91
6.53
6.77
2.53
1.95
3.03
0.25
0
8.38
13.3
13.01
3.65
0
1.05
0
0
3.56
1.13
0
0
0
0
0
8.16
0.1
0.4
0
0.01
0
0.34
0
0
0
0
0
0.02
0
0
0
0
0.01
0.06
1.28
0.25
5.11
0.95
0.83
2.64
0.01
0
0
0
0
0.07
0
0
0
0
0
0
0
0
0
0
0
0
0
0
0
0
0
0
0
0.01
0
0
0
0.01
0
0
0
0
0
0.08
0.07
0.01
0.01
5.93
10.7
0.1
0.04
0
0.02
0
0
0
0.63
1.99
2.77
0.55
0
0.4
20.05
2.47
0
0
0
0
0
0
0
0
0
0.98
5.35
9.77
1.56
7.13
2.18
1.22
0.1
0
0
0
0
0
0
0
0.02
0.66
0.05
0.89
0.46
8.4
10.03
3.01
0.37
0
0
2.45
2.52
0.18
0.09
6.43
7.21
6.02
4.26
0.63
0.03
7.69
12.7
2.69
13.12
25.7
12.38
5.54
0.48
0.03
0.1
0.51
2.81
1.46
0
0
0
0.07
0
0
0
0
0.02
0.05
0
0
0
0
0
4.19
0.28
0.04
0.17
7.75
3.95
1.72
5.2
1.46
2.76
2.79
1.18
2.08
16.46
6.52
0.48
0.36
0.09
2.28
7.52
1.67
2.89
0.87
1.09
0
0
0.02
0.01
0
0
0
0
0.01
0
0.07
0
0
0
2.63
0.55
7.13
2.18
0
1.42
0.01
1.86
4.17
0.38
0.52
0
1.34
0.27
0.05
1.12
0.21
1.95
12.34
2.36
4.06
18.22
5.76
0.39
3.73
0.71
0.33
2.23
1.56
2.23
6.25
7.89
5.44
5.41
8.33
8.96
7.72
1.88
0.22
4.18
0.51
0
0
0.01
0
0
0
0
0
0
0
0
0
0
0
0.01
0
0.07
0.96
3.27
1.34
2.41
9.16
4.95
2.38
0
0.04
0.04
0
0
0
0
0
0
0
0
0
0
0
0
0
0
0
0
0
0.04
15.9
4.99
3.43
0.01
0.01
0
0.04
0.34
0.36
3.98
0.86
0.05
0.47
14.84
9.84
0.16
0.02
3.82
3.91
4.77
3.52
10.72
4.71
2.55
1.66
0
0
0
0.01
0.13
0
0
0
0.84
0.15
0.01
0.02
0
0
0
0
0.23
7.67
2.11
0
0
0.71
0
0
0
0
0
0
0.47
0
0.05
1.28
0.95
0
0
0
0
0.01
2.26
0
0
0
0
0
1.8
1.74
1.27
1.08
0
0
0
0
0.27
0
1.45
0.54
0
0.14
3.43
1.27
0
0
0
0
0
0
0
0
0
0
0
0
0
0
0
0
0
0.02
0.01
0
0
0
0
0
0
0
0
0
0
0
0.13
0
0
0
0
0
0
0
0
0
0
0
0
0
0
0
0
0.05
1.05
0.07
0.29
0.89
1.13
0.12
1.32
0
0
0
0
0
0
0
0
0
0.01
0.05
0
0
0.09
0.01
0.02
0.05
0
0
0
0
0.4
0
4.06
0.84
0
0.07
0
3.38
0.11
0
0
4.74
17.06
3.92
0.43
0
0
0
0
0
0
0.01
0.01
1.01
0.95
3.07
3.8
0.14
0.06
0.1
0
0.12
1.13
0.23
0
0
0
0.24
0
0
0.02
0.4
0.29
0.3
0.07
10.78
19.61
2.58
0
0
0
0
0
0
0
0.05
0
0.11
0
0.01
0
0.21
0.26
0.54
0.22
0.14
0
0
0
0
0.18
0
0
0.01
0
0
0
0.51
0.04
0
0
0.13
1.62
0
1.63
7
3
2.38
17.31
1.01
0.08
0.21
0.15
1.57
0.17
0.17
0
0
0.32
11.66
1.76
1.14
5.65
4.83
0
0
3.57
16.65
21.16
20.61
10.51
13.84
10.7
3.68
13.52
32.03
15.2
7.75
3.71
0.17
8.25
9.75
3.75
2.4
10.93
0.39
0.14
4.04
0.46
14.02
13.98
2.57
1.21
1.62
1.59
0.51
2.07
0.85
0.5
0.26
0
0
1.44
0.97
0.18
0
0
0.01
1.21
0
0.41
1.58
9.14
1.23
0.01
0.15
15.34
0.55
0
0
0.02
0.05
0.46
10.23
10.16
6.29
2.09
0.57
0.63
12.05
9.97
10.69
4.94
9
5.45
1.8
2.88
0.34
3.51
6.85
0.13
14.74
3.2
10.08
0.4
0.63
0.24
0
0
0
0
0
0.01
0.01
0.02
0.61
0
8.39
0.91
0.79
11.05
6.82
0.48
0
0.65
3.73
0.04
0.2
0
0.23
3.1
0.11
0
0.01
2.51
0
0
0
0.31
6.9
6.59
4.88
7.98
11.07
10.35
9.15
3.07
0.01
5.47
4.79
0.81
0.52
1.11
0
0
0
0.03
0.83
0.19
1.92
1.38
0.02
0.14
0.82
5.52
3.94
4.38
8.33
5.44
6.87
2.93
1.36
0.34
0
0
0
0
0.03
0
0.04
2.93
0.23
0
0.24
8.32
1.59
0.04
0.04
0
0
0.31
0.22
0.02
0.19
0
0.01
3.91
28.14
8.49
7.66
8.3
5.35
7.82
1.43
0.98
1.31
3.96
0.39
0.23
0
0
0
0.23
6.64
5.31
0.15
0
0.87
0
2.93
6.5
7.09
0
0
0.02
0.02
0
0.12
0
0.09
0
0
0
0
0
0
0
0
0
0
0
0.02
0.02
0
0
0.03
0
0
0
0
0
0.01
0
0
0
0
0
18.52
2.24
0.25
0
0
7.77
0
0
0
0.09
0
0.07
0
0
0
0.01
0
0
0
0
0
0
0
0
13.6
4.37
0.28
0.01
0
0
0.08
0
0
0
0
0
0
0.01
0
3.76
8.71
1.78
0.09
2.8
0.35
0.19
1.78
0
0
0
0
0
0
0
0
0
4.53
0.36
0.25
0
0
0.83
21.07
9.11
0.57
4.57
0.98
0
0.01
0
0
0
0.01
0
0
0
0
0
0
0
0
0
3.4
13.2
6.15
0.77
0
0
0
0
0
2.73
20.98
1.51
0.21
1.37
0.91
0.06
6
1.28
0.55
3.98
0.1
2.14
4.61
6.41
0
0
0
0
0
0.03
0.51
1.57
3.77
2.09
4.6
0.5
0.35
3.91
7.95
10.2
7.31
0.35
0.31
0.27
0.01
0.59
0.46
0.02
0.16
0.49
3.38
2.93
6.13
14.49
7.39
3.16
0
0
0
0.01
0
1.14
3.55
3.07
0.07
0
0
1.15
2.64
1.56
0
8.05
5.1
4.42
0.99
0
0.01
0
0.02
0
0.01
0
6.93
1.58
0
0
0
0
0
0.35
3.94
7.03
4
2.86
0.1
0
0
0
0.01
0
0
0
0
0
0
0
0.13
2.48
5.59
14.78
10.01
5.91
1.2
11.95
1.66
0.36
0.03
0
0
0
0
0.16
0.34
0
0.13
4.52
2.56
0.02
0.69
0
0.05
0.23
0
5.12
2.58
3.2
8.94
8.07
14.46
2.55
0
0.48
0
0.45
0.01
3.56
0.37
0.79
3.9
2.49
0.05
0.22
0
0
0
0
11.5
1.53
0
0
0
0
0
0
0
0
0
0
0
0
0
0.1
2.19
0.25
23.6
5.1
2.31
0.77
3.8
0.68
0.16
3.65
6.2
3.24
0.9
2.69
7.96
1.6
9.46
1.68
14.93
4.47
0
0
0.01
1.34
0.02
14.71
1.3
0
0
4.61
0.75
0
0.41
1.46
0.41
0.02
0
0.55
0.01
0
20.23
6.38
0.07
0
0
0.01
2.04
2.19
13.65
20.34
0
1.15
0
0
0
0
0
0
0.01
0
0
0
0
0.19
0
0.01
0.01
0.19
0
0.01
0.01
0
0
0.01
0.11
0
0
0
0
0
0
0
0
0
0
0
0.01
0
0
0
0.01
0.01
0
0
0
0
0
0
0
0
0
0.17
0
0.16
0
0
0
0
0
0
0
0
0
0
0
16.45
0.37
0
0
0
0.22
0.02
0
0
0.09
0
0
0
0
0
0
0
0.01
0
0
0.05
0.43
0
0.01
0.01
0
0
0
0
0
0
0
0
0
0
0.02
0.01
0
0
0
0
0
0.38
0
0
0
0
0
0
0
0
0
0
0
0
0
0
0
0
0
0
0
0
0
0
0
0
0
0
0
0
0
3.67
17.24
0
12.46
7.57
1.93
0
0.48
0.01
0.06
12.36
20.84
16.52
19.45
4.55
1.88
0.03
0.07
0
0
0.01
0.27
2.09
0.29
0.07
0.88
0.42
1.34
1.31
0.67
3.45
0.09
0
0.02
0.07
0.39
0.05
0
0
1.31
3.67
0.4
0
0.03
0.61
0
0
0
0.47
0
0.19
0.67
0.25
0
0.8
0.17
0.4
0
0.01
0
0
0
0
0
0
0
0
0
0
0.08
0.54
0.51
0
0.01
0.04
0
0
0
0
0
0
0.01
0
0.25
7.13
2.99
0
0
0
0.02
0
0
0.01
0.01
0
0
0.19
0
0
0
0
0
0.07
0.01
0
2.27
0.41
0.35
0
0.01
0
0
0.09
0
0.55
0.08
0
0
0
0
0
0
0
0
0
0
0
0
0
0
0
2.27
0.16
0.31
0.01
0
0
0
0
0
0
0
0
0.01
0
0.1
0.01
0
0.25
2.58
0.33
0
0
0.02
0
0
0.03
0
0
0
0
0
6.64
9.68
7.91
7.35
1.31
1.31
0
0.17
1.59
1.71
8.31
3.02
8.14
1.39
0
0.37
3.01
2.84
0.34
0.24
0.01
0
0
0.06
0.85
9.49
16.65
17.07
4.14
1.18
0
1.46
5.3
2.94
0.41
0.02
0.07
0
0
0
1.27
0.25
0.23
0
0
0
0
5.72
2.5
0.1
0
0
0
0
0
0
0.02
0
0
0
0
1.14
0
0
0
0
0
0.05
0
0
0
0
0
0
0
0
0
4.38
11.86
0
0
0
0
0
0
0
0.27
0.01
0
0
0
0
0
0
0
0
0
0
0
0
0
0
0
0
0
0
0
0
0
0
0
0
0
0.02
3.48
1.49
7.57
0
0
0.01
0
0
0
0
0.01
0.62
0
0.32
0
0
0.06
0
0
0
0
0.01
0
0
1.33
0
0
0.01
0
0
0
0
0
0.01
0
0
0.01
0
0
0
0
0
0
0
0.89
0.34
0
0
0
0
0
0
0
0
0
0
3.27
0
0
0
6.52
1.56
4.84
4.38
5.02
34.21
0.59
0
0
0
0
0
0
0
0
0
0.01
0.27
7.77
6.43
0
4.45
0
0
0.76
5.62
19.91
19.86
11.49
0
0
3.09
9.13
4.44
1.41
0.07
0.98
10.11
0
0.14
3.62
26.72
17.77
0.18
0.09
2.19
26.34
8.11
10.09
0.38
0.07
0.27
0
0.11
0.04
2.5
0.7
0.02
0.02
0.64
0.05
0.02
0.02
0.1
4.65
0.34
0.16
0.11
0.02
0
0
0.13
0.25
0.03
0.03
0.1
0
0
0
0
0.01
0.35
7.71
0.87
3.98
0.1
0.01
0.07
0.36
0.24
0.03
0
0
8.02
0
0
0
0.6
0.08
1.07
0.35
0
0
0
0.01
0
0.09
0.03
0.23
0.2
0.54
5.41
2.06
0.24
0.56
11.93
4.61
10.44
12.54
3.84
3.33
13.27
11.4
0.03
0.62
0.46
5.67
0.19
0
0
0
4.92
1.16
0.01
0
0.96
0.41
0.26
0.15
0.78
7.27
1.42
0.04
0.09
0.01
0
0.29
2.13
1.26
2.46
0
9.71
10.58
0.3
0.21
0.16
0.24
0.42
1.05
0.09
0
0.06
2.23
8.36
6.68
12.4
15.93
8.15
4.46
2.15
1.66
1.52
0.54
0.42
5.42
8.13
0.03
11.77
0.05
0.04
1.96
3.62
6.58
16.45
28.96
7.46
4.58
16.57
0.6
17
1.35
0.52
4.61
8.45
1.89
0.33
3.15
1.08
0.21
0.38
0.28
0
0
0
0
0
0
0
0
0
0
0
0
0.02
0.25
8.73
5.3
12.68
2.83
6.21
0.03
0
0.4
0
0
0
0
0.02
0.05
0
0.29
0.11
0.45
1.32
3.57
4.09
6.65
2.3
2.1
0.91
0.03
0
0
0
0
8.05
3.15
0.27
10.89
1.29
0.01
0.01
0.01
0
0.02
0.46
0
1.19
1.21
1.11
0.01
0
0
0.06
0.02
0
0
0
0.61
0.04
0
0.66
0
0
0
0
0
0
0
0
0
0.66
0.02
0
0
0
0
0
0.01
4.3
0.46
0.14
0.02
0.06
0
0.04
0.06
0.1
0.02
0
0
0
0.02
0
0
0.01
0
0.02
0.01
0
0
0
0
0
0
0
0
0.05
0
0
0
0
0.08
4.43
0.48
0
1.59
0.41
0
0.02
0
0
0
0
0
0
0
6.41
3.38
26.22
9.88
0
0.01
0
0
0.05
0
10.41
0.45
0.37
1.73
0.02
0
0
0
0
0
0.02
0
0
0
0
0
0
0
0
0
0.01
0.01
1
11.34
1.12
2.49
0.29
2.13
3.81
5.16
0
0
0
0
0
0.02
0
0
0
0
0.02
0
0
0
5.17
0.22
0.02
12.99
0.03
0.04
0.53
0.64
0
0.02
0
0
0.11
0
0.02
0.43
3.06
0
0
0.34
2.24
0.01
0
0
0
0.02
0
0.02
1.33
10.21
6.54
1.48
0.01
0.12
0
0
0
0
0
0.29
0.16
0.08
0.16
0.06
0
0
0
0
0
0
0
0
0
0
0
0.96
0
0
0
0.01
5.89
16.27
0
0
0
1.07
21.78
10.39
0.73
3.18
1.34
0.02
0
0.97
5.79
15.56
15.05
14.51
2.09
0.23
0.02
0.04
0.01
0
0
2.91
6.99
6.54
5.3
2.88
2.18
7.23
1.55
2.03
6.11
4.24
0
0.01
0
0.24
0.21
5.65
6.53
2.9
2.39
0.23
1.45
2.95
12.93
0.77
8.47
4.02
7.64
21.28
1.59
12.27
3.55
5.5
1.02
2.98
0.19
0.67
0
0.16
2.56
0.24
0.02
0.12
2.2
0.13
1.31
1.89
0.86
19.9
4.19
0.32
0.16
0
0
0
0
0
0.06
0.1
0.02
0.36
0
0
0
0
0
0.01
5.19
1.3
2.16
0.01
0.71
4.94
1.69
0
0
0.73
0.48
0.05
0.39
5.32
3.32
1.33
0
0
0
0.02
0
0.74
0
5.79
0
0
1.19
0.19
0
0.06
2.06
3.43
8.86
0
0.02
5.82
0.79
0.16
0
0
0
0
0
0
0
0
0
0
0.01
0
0.09
0
0
0
0
0
0
0
0
0
2.05
0.2
5.66
1.16
0.98
3.41
0.54
0
0.87
2.61
0.03
0
0.84
0.13
0
0
0
0
2.37
0
0
0.55
4.5
1.54
1.19
0
0
0
2.76
0
0
0.02
0.07
0
1.3
6.38
8.69
0.03
0.49
0
0
0
0
0.04
9.73
15.89
0
0
0.02
0.19
0
0
0
0
0
0
0
0
0
0
0.01
0.04
0
0
0
0
0
0
0
0
0
0
0
0
0.02
0
0
0
0
0
0
0
0
0
0
0.02
0
0
0.04
0
0
0.07
0
0
0
0
0.01
0
0
0
0
0
0
0.63
0.05
0
0.06
0.39
0
0
0
0.03
0.05
0.01
0.55
0
0.01
0.04
0.02
0
0.15
2.7
1.52
0.55
0.54
25.53
4.72
1.34
8.25
0
0
1.05
12.48
0.04
0
0.37
1.22
0.12
0
0
0
0.01
4.82
9.91
13.79
5.59
4.71
6.8
2.91
1.15
0.21
0
0
0.01
0
0
0
0
0
0.02
0
0
0
0
0
0
0
1.11
13.74
5.57
1.26
0.64
2.32
11.13
1.6
11.09
16.13
0.85
9.42
8.16
5.05
0.3
0.56
0.01
0
0.02
0
0.01
0.27
0.55
6.78
3.82
5.48
24.17
7.42
2.03
1.84
0
0.95
0.23
0.03
2.77
0.03
0
0.02
0
0.24
0.3
12.51
9.41
1.39
0.98
0.15
0
0
0
0
0
0
0
0
0.1
1.46
2.89
0.4
0
0
0
0
0
0
0
0
0
0
0
0
0
0
0.01
0.09
8.39
0.93
0.02
2.61
0.12
0.16
3.26
1.82
0.03
0
0
0.01
0
0.24
2.55
25.35
2.48
0.14
10.95
12.17
1.86
2.93
0.21
0.12
0.02
0.07
0.02
4.23
1.23
0.42
3.88
3.09
0.31
0.09
0.01
0.32
3.88
2.08
0.01
1.15
0.27
0.03
0.07
0
0
0
0.2
0.1
0
0.01
0
0
0
0
0.02
0
0
0
0
0
0.01
2.64
9.29
0.76
2.21
5.77
8.05
7.21
0.02
0
0.07
0
0
0
0.02
0
0
0
0
0
0.09
0.02
0
1.38
3.66
0
4.27
0.05
0.02
0.02
1.17
2.19
0
0.1
0
0
0.14
0
0
0
2.17
17.86
0.22
0.24
0.09
0
0
0
0.01
0
0.01
0
0
0
0
0
0.01
0
0
0.01
0.02
0
0
0.01
2.54
0
0
0.02
0.03
0.62
0.02
0
0
0.01
0.08
0.19
0
0.01
0.09
2.39
1.25
0
0.06
0.02
0
3.24
4.57
19.66
0.14
0
0
5.18
0.05
0.01
0
0
0.01
0.19
2.99
0.36
0.72
0
0
0
0
0
0.11
0
0
0
0
0
0
0
0
0
0
0
0
0
0
0
0
0
0.49
0
0
0.02
0.58
0
0
0
0
0
0
0
0.36
4.61
0.02
0
1.92
0
0
0.02
0.2
0
0.09
0
0
0
0.01
0
0
0.29
0.14
0
0.01
0.02
21.5
0
0.24
0.47
0
0
0
0
0.02
1.79
7.07
1.82
0
0
0.53
0.4
2.09
3.63
0
0
0
0
0.02
0.05
0
0.09
5.37
0
0
0
0
0
0
0
0
0
0.04
0.68
2.68
0.57
0.48
0.03
0.02
0.51
3.58
1.57
0.22
0.02
1.9
0
0.09
1.68
1.63
1.46
0.09
0
0.01
4.01
5.73
0.31
1.48
0.02
0
0
0.45
0
2.73
2.46
1
0.08
0.02
0.01
7.91
20.2
4.82
0.54
0.01
0
0.01
0.01
0
0
0
0
0
0
0
0.01
0
0
0
0.34
2.29
0.2
0.03
0.41
0.09
0
0.21
0
0
0
0
0
0
0
0
0
0
0.02
0
0
0
0
0.12
0
0
0
0
0
0
0
0
0
0
0
0
0
0
0.63
0.14
1
1.71
8.48
0.98
14.11
18.25
0.64
3.15
2.29
5.85
3.99
12.29
1.2
0.01
0.7
5.31
0.05
0
0.02
0.47
0.01
0.05
0.17
0.38
0
0
0
0
0.07
0.88
0.57
0.28
0
0
0.05
0
0
0
10.77
0.21
0.15
3.49
8.08
5.54
32.02
21.23
9.63
0.08
0.02
1.34
1
0.01
0
0.01
0
0
4.18
0.5
19.11
6.82
1.39
0.15
0
0.01
0.01
2.34
1.26
2.24
6.2
0.72
3.21
0.29
0
0
0.33
0.26
0
0.02
0
5.89
12.97
6.16
10.9
0.29
0
0
0.06
1.91
0.77
0.1
0
0.39
0.49
0
0.01
3.86
34.94
0.09
0.63
0.24
0.04
0
7.45
5.52
10.75
0.79
0
1
11.92
0.3
0.21
5.91
4.42
0.4
1.02
3.79
0
0
0
0.06
2.86
5.19
0
0
0
0
0
1.57
8.2
12.78
11.64
5.53
11.23
3.3
2.7
6.31
0.39
0
0
0
0.15
0
0
0.17
0.75
0.26
0
0.01
0
0
4.14
2.13
0.08
0
0
0
3.52
3.02
0.02
0
0
0
0.48
0.01
0
0
0
0.01
0.87
1.21
0.02
0.09
0
0
0
0
0
0.01
0
0.01
0
0.17
7.7
0
0
0
0
0
0.16
0.2
0
1.5
0.02
0
0
0
0
0
0
0
0
0
0.01
0.05
0
0.02
0
0
0
0
0.03
0
0
0.01
0
0
0
0.01
0
0
0
0
0
1.71
0.22
0
0
0
0
2.16
0.08
0
0
0.03
0
0
0
0
0
0
0.02
0
0
0
0
0.03
3.66
0.07
0
0
0
0
0
0
0.02
0
0
0
12.25
8.27
0.15
0.01
0.01
0
0
0
0
0
0.33
0
0
0
0
0
0
0
0.01
0
0
0
0
0
0
0.01
0.04
0
0
7.54
6.54
0.31
0.02
0
1.84
1.12
9.88
9.8
4.16
7.62
9
10.16
0
0
0
0
0
0
0
0
0
1.06
9.32
20.35
0.34
0
1.83
0.04
0
0
0.06
0.07
0
0.01
0.02
0
0.01
0.78
26.27
4.78
8.59
5.84
2.79
5.26
7.26
1.73
0
0
0.02
0.16
0.14
3.53
3.14
0
0.1
0.04
0
0
0
0.07
0.2
0.02
0
0.1
0.7
0.32
0.44
0.33
0.07
0.37
0.09
0.01
0
0.01
0
0
0
0
0
0
0.02
0
0
0.01
0
0
0
0
0.44
0.25
0
0
0
0.01
0.04
0.32
0.01
0
0.08
0.13
0.04
0.01
0
0
0
1.63
7.99
0.13
2.84
1.36
0.04
3.17
5.11
11.91
11.03
3.48
0.03
1.17
0
0
0.1
2.04
4.1
3.54
0
0
0
0
0
0
0
0
0
1.25
0.75
0.17
0
0.02
0.01
0.99
0
14.45
0.7
0.08
0.03
0.99
0
0
0
0
2.77
1.2
0
0
0
0
0
0.01
0.13
0
4.18
1.9
1.52
5.7
4.47
4.05
0.38
0
0
0.54
0
0
0
0
0
0
0
0
0
0.01
0
0
0
0
0
0
0.07
0
0.05
0.01
0
0
0.05
1.31
3.88
0.75
0.14
1.98
4.21
2.77
0.27
0
0.05
1.17
1.42
0
0.16
0
0.02
9.11
5.03
3.06
0.98
0.01
0
0
1.13
9.04
1.14
0
0
0
0
0
0
0.05
0
0
1.3
1.09
0.96
0.15
8.74
3.55
23.01
0.35
0
0.06
0
0
0
0
0
0
0.05
5.58
1.45
1.07
1.55
13.24
0.62
0
0
0
0
2.21
0.21
0.73
1.04
0.02
0.02
0
0
0
0
0.23
1.95
25.54
0.24
0
0
0
0
0
0
0.03
0
0
2.7
0
0
0
0
0.02
0
0
0
0
0
0
0
0
0.21
0.03
0.03
0
0
0.12
0
0
0.03
0
0
0
0
0
0
0
0
0
0
0
0
0
0
0
0
1.28
7.77
19.59
5.78
0
0
0.02
0.1
0
0
0.02
0
0
0.07
0.03
0
0
0
0
0
0
1.37
0
0
0
0
0.07
6.91
0
0
0
0
0.2
0
0
0
0
0.01
1.39
0
0
0
0
0
0
0
0
0
0
0.01
0.01
0.41
6.17
17.09
0
0.03
1.28
0
0
0
0
0
0
0
0
0
0.13
0
0.01
0.21
1.59
0.23
0
0
0
0.01
0.01
0
0
0
0
0
0
0
0
0
0
0
0
0.01
0.01
0
0
0
9.85
0.23
0
1.14
0.1
0
0
0
0
0.01
1.07
0.83
13.35
5.11
0.69
0.12
2.55
2.49
0
0
0
0
0
0
0
0
0
3.73
10.47
1.43
0.68
4.03
0.93
1.89
0.43
0.17
0.15
0
1.84
10.47
2.47
1.69
2.21
2.08
0.06
0
3.86
0.66
0.02
0.01
0
0
0
0
0.01
0
0
0.19
13.48
6.98
0.02
0
0
0
0
1.33
0.44
4.61
5.56
4.24
0.3
1.05
1.25
1.47
0.03
3.14
0.81
0.2
0.03
0.01
0
0.01
0.01
0.25
0.29
0.11
0
0
0
0
1.06
23.71
20.36
14.01
19.32
8.7
9.78
6.9
4.94
2.02
4.57
8.89
15.2
7.2
2.77
3.56
21.09
5.16
4.99
12.5
0.03
10.7
0.26
0.87
0.45
11.78
1.6
1.91
0.22
0.43
0.01
0.66
4.85
2.72
0.09
0.97
1.61
1.32
0.06
8.34
8.18
7.72
13.66
28.33
24.13
7.92
1.79
0.23
9.1
0.25
0
1.41
0
0
0.14
0.26
0.07
0.25
0.05
0
0.02
2.74
5.26
0.43
0
0.01
0
0
3.05
2.26
2.32
2.57
0.33
0.06
0
0
0.01
0.01
0
0.18
0.48
0.85
7.52
4.04
5.76
2.89
0
0.2
0.15
0.7
13.44
5.39
17.37
7.79
0
0.54
6.18
0.28
0.12
3.01
2.7
0.36
3.08
6.3
1.15
1.15
1.55
0
0.87
0
0
0
0
0
0.38
0
0
0.01
0
0
1.24
1.88
0.21
0.5
3.76
0
0
0
0.01
0
0
0.01
0.03
0
0
0
0.01
0
0
0
0
0
0
0
0
0
0.01
0
0
0
0
0
0
0
0
0
0
0
0
0
0.02
0
0.08
0.61
0
0
0
12.13
1.04
0
2.26
1.07
0
0.81
0.07
0
0.23
3.17
5.33
0.02
0.01
0
0.05
7.78
0
2.59
0
0.02
2.32
0
0
0
0
4.27
0.06
5.08
5.75
10.11
0.12
0.92
0
2.94
0.14
5.19
1.54
0
0.08
0
0
0
0
0.18
0
0
0
0
0
0
0
0
0
0
0
0
0
0.21
0.31
0.27
0.05
0.11
4.71
0.11
0
0.32
24.84
7.14
0.96
0.88
0
0
0
1.46
4.45
9.59
1.39
4.21
13.7
15.82
0.54
0.38
0
4.54
15.84
0.78
1.13
7.18
1.13
2.82
0.91
0.43
0.63
0.92
0.1
1.07
0.69
1.68
9.96
7.11
3.34
3.1
3.25
3.52
14.42
1.72
0
0.42
3.78
0.03
0.04
0.13
0
0.02
0.01
0
0.01
0.01
0.01
0
0
7.34
15.49
0.47
1.28
3.97
0.63
2.19
0
0.02
0
0
0
0
0
0
0
0
0
0
0
0
0
0
0
0
0
0
0
0
0
0
0.05
0.01
0.27
0.14
0.17
0
0.04
13.11
0.16
0
2
1.09
0.34
0.02
0
0
0
2.38
8.69
11.28
4.83
0.39
0.02
0
0
0
0
0
0
0
0.01
0.02
0
0
0
0
0
0
0
0
0
0
0.03
0
0
0
0
0
0
0
0.01
0
5.12
6.5
0.09
1.43
0
0
0
0
0
0
0
0
0
0
0
0
0
0.06
0
0
0
0
0
0
0
0.02
7.28
3.31
4.14
0.19
3.08
9.72
6.61
2.06
4.31
3.45
2.45
0
0
0
0
1.03
0
4.36
25.22
16.28
5.23
3.56
1.62
5.39
13.75
6.05
1.76
0.07
0
0
0.92
2.71
3.2
0.02
0
0
0.01
0
0.02
0.38
0.13
0
0
0
0
0
0.25
0
0.03
0.03
0.01
0
0.05
0.12
0
0
0
0
0
0
0
0
0.14
0.01
0.04
0.25
0.3
0.05
0.02
0.02
0
0.01
0
0
0
0
0
0
0
0
0
0
0
0.01
0
0
0
0
0
0
0
0
2.93
1.29
0
0
0
0
0.02
9
0
0
0
0.13
0
0.01
0
0.98
0.02
0.01
0
0
0
0
0.04
0
1.52
0
0
0
0
0
0
0
0
0
0
0
0
0
0
0
0
0
0
0
0
0
0
0
0
0.09
0.62
22.52
0
0
0
0.01
5.06
0.5
0
0.59
9.41
0.16
0.59
0.84
0.08
0
0
0
0.02
0
0
0.25
0
0
4.84
4.42
11.16
1.13
4.23
0.12
5.02
7.7
1.25
1.38
0.19
0.01
0
0.23
0
0
0.02
0.89
0
0
0
0
0
0
0
0
0
0
0
0.05
0
3.72
0.25
0.16
0.49
0.16
12.94
3.73
1.12
8.44
4
1.03
0
0
0
0.07
0.09
0.1
0.2
3.22
5.38
2.58
6.5
2.41
1.33
0.48
0.06
3.36
1.28
1.43
11.62
7.3
9.81
1.44
0.16
4.81
0.45
0.12
2.9
3.12
15.62
1.19
1.2
0.27
2.78
1.44
5.05
2.42
4.94
2.3
0.41
0.88
0.44
0
0.03
1.02
1.37
0.05
0.07
0.34
10.59
0.05
0
0.05
0.16
1.84
0.84
34.31
36.38
13.2
2.6
0.13
0
0.01
0
0
0
0
0
0
0
0
0
0
0
0
0
0
0
0.27
0
0
0
0.01
0.02
0
0
4.5
0.38
0.31
8.19
0.19
0.03
2.28
7.03
0.08
1.25
1.75
0.12
1.13
2.09
0.71
0.13
0
0
0
0.07
0.02
1
0.02
0.12
0.01
0
0
0
0.03
0.01
0.02
0
0
0
0
0
0
0
0
0
0.01
0
0.55
17.12
2.6
1.33
0.03
2.95
0.42
0
0
0
0
0
0.79
0
2.35
34.84
11.41
1.5
0
0
0.03
4.95
5.42
1.47
0.38
3.11
1.42
1.91
0.03
0.69
13.92
14.38
3.19
0.73
0
0.01
0.44
5.94
2.55
0.88
4.88
2.76
0.43
0.05
0.69
1.81
11.28
0.3
2.7
9.16
1.03
1.16
3.56
0.83
0.27
1.12
3.75
3.74
2.55
0.2
0
0.02
0.02
0
0
0
0
0.38
0
0.47
0.88
0.03
1.83
18.53
5.41
8.28
11.65
0.41
0.23
0.01
0
0
0
0
0
0.03
0.19
1.08
0.08
0
0.03
0
0
0
0
3.19
12.94
0.03
0.03
5.22
0.2
0
0
0
0.64
0.02
0
0.02
0.48
0
0.01
0
0
0
0
0
0.08
0
0
0
0
0
0
0
0
0
0
0
0
0
0.92
14.98
0.46
0.02
1.47
0.08
1.27
0
0
0
0
0.09
0
0.52
0.06
0.2
0
0
0
0
0
0.01
0.13
0
0
0
0
0
0
0
0.02
0.03
0.28
0.15
39.88
0
0
0
0
0
0
0
0
0
0.03
0
0.02
0
0
0
0
0
0
0
0
0.01
0
0
0
0
0
0
0
0
0
0
0
0
0.33
0
0
5.73
14.56
0.05
0.19
0.03
0.03
0.41
1.67
0
0
0
0
0
0
0.22
17.31
0.19
0.3
0
0
0
0
0
0
0
0
0
0
0.01
0
0
0
0.05
1.94
0.25
0.84
3.15
0
6.06
0.01
0.05
0.01
0
0.01
0
0
0.12
3.16
1.5
6.12
14.58
6
0.05
0.23
0.46
0.02
0
0
2.8
0.15
0
0.01
0
0
0
0.04
0
0
0
0.09
0.06
6.34
0.28
0.02
0.02
0
0.06
3.44
4.92
0.08
3.61
12.95
0.73
5.81
9.25
12.88
0.07
0.2
2.74
0.91
0.05
0.04
0.02
7.48
0.06
0.09
0.03
0.14
0.94
0.06
0.01
5.48
0.48
1.45
0.15
6.12
2.53
1.14
0.34
0.56
0.22
1.03
6.72
14.59
2.75
0.41
0
0.06
0
0
0.09
0.12
0.11
0.17
0.27
9.16
14.62
2.29
16.67
1.53
11.12
3.3
0.14
0.6
2.59
4.48
1.81
0.23
0.25
0.06
0.08
8.16
13.56
17
15.67
25.44
0.78
1.72
1.53
0.16
0.01
0
0
0
0
0
0.66
10.8
0.47
0.01
0
0
0
0
0.01
1.02
0.03
0.05
1.48
0.06
0.19
4.34
10.61
0.31
0.01
0.02
0
0
0
0
0
0
0
2.7
0.2
0
0
0
0
0
0
0
0
0
0
0
0
4.06
1.07
0.61
0
0
0
1.74
1.95
7.97
8.61
0.05
0.43
2.3
2.16
0.34
0.02
0.21
0.51
7.25
10.83
4.7
2.38
11.72
0.72
11.62
3.44
11.62
1.73
0
2.72
0.4
2.17
0
0.63
0
0
1.26
5.69
0.38
0.34
0.05
0
0
0
0
0
0.01
0
0.17
0
0.01
10.06
0
0
0.05
0.13
0.02
0.33
0.31
1.73
13.61
0
0.08
2.38
9.25
0
0
0
0
0
8.27
0
0.02
13.16
0
4.25
1.69
0.62
0.53
1.16
0
0.88
0.12
0.2
0
0.05
0
0
0
0.15
0
0
0
0
0
1.51
0
0
0
0
0.04
0
0
0
0
0
0
0
0
0
0
0
0
0
2.88
0
0
0
0
0
0.84
0
0
0.02
0
0
0
0
0
0
0
0.66
0
0.04
0.56
0.01
0
0
0.08
0.05
0
0
0
1.88
7.47
0.11
0
0
0
0.47
0
9.44
19.25
0
0.03
0
0.04
0
0
0
0
0
0
0.04
6.28
42.53
3.19
1.62
0
0
0.01
0.33
0.97
0
0
2.98
0.11
0.17
0
0
0
0
0
0
6.62
0.03
0.02
0
0
0
0
0
0
0
0
0
0.02
0.1
0.44
0
0
0
0
0
0
0
0
0
0
0
53.19
28.56
53.94
0.3
7.66
0.02
0.02
0
0
0
0
0
0
0
0
0
0
0.31
0
0
0
0.12
1.03
1.8
25.5
3.06
5.81
1.28
0.28
2.64
0.12
0.03
0.02
6.61
0.89
0.23
0.33
1.67
0.02
5.55
0.25
0.44
0
0.16
0
0
0
0
0
0
0
0
0.12
0.08
0.03
2.44
4.75
4.47
16
0.42
0.02
0.04
0
0
0
0
0
9.45
2.53
0.02
0.01
0
0.06
0.06
0
0
0
0
0
0
0
0
0
0
0
0
0
0
0
0
0
0
0
0
0
0
0
0
0.01
0
0
0
0
0
0
0.21
0.69
3.39
0.2
0
0
0
0.37
1.55
0
0
0
0
0.55
1.12
0.35
0.7
0.01
0.06
0
8.86
0
0.09
1.03
2.25
0.22
0.23
2.05
22.06
14.22
3.22
2.41
0
0.03
0.12
0.02
1.19
1.12
2.75
0.44
1.22
0.44
0.88
0.06
0.04
0.56
3.69
11.61
0.59
0.04
0.02
0
0
0.08
0.05
0
0.06
0.12
0
1.03
0.75
0.16
0.04
0
0
0
0.55
5.97
2.03
0.03
17.31
5.66
1.43
0.03
7.24
6.3
4.3
0.56
4.49
0.12
0.09
0.12
0.11
0
0
0
0
0
0
0
0
0.01
1.11
0.05
0
0
0
0
0
0
0.06
0
0.66
0
0
0
0
0.01
0
0
0
1.16
0.02
0
0
0
0
0
0
0
0.01
0.11
0
0.01
1.26
0.28
0.2
0.52
0
0
0.55
0
0.02
0
0
0
0
0
0
0
0
0
0
0
0
0.23
0
0
0
0
0.05
0
0
0
0
0
0
0
0
0
0
0
0
0
0
0
0.02
0
0
10.14
0.14
0.95
0.15
0
0.03
0
0.02
0
0.01
0
0
0
0
3.77
0.25
0
0
0.78
0
0
0
0
0
0.02
0.94
0.53
1.42
0.34
1.13
0.19
0
0
0
0
0
0
0
0
0
0.01
0
0.05
1.15
0.88
1.62
0.52
0
0.39
0.81
0
2.91
12.82
1.83
0.45
0.38
0
10.69
0.24
0.8
0
2.12
0.01
0
0
0.02
0
0
0.19
0.59
1.99
0
10.09
5.27
0.15
0
0
0
1.09
0.13
0
4.78
5.56
1.5
0
9.09
0
0
0
0
0
0.02
0.06
1.88
0.28
0.04
2.62
0.05
0
0
0
1.34
3.78
0.94
0
1.97
0
3.22
8.09
5.2
6.39
8
0.45
3.58
12.88
12.5
4.34
4.31
0
0
6.33
0
0
0
0
0.31
1.18
3.98
1.22
1.52
3.38
16.22
16.62
10.44
10.59
38.5
37.38
11.84
3.86
0.85
2.45
1.86
0
4.78
0.14
0.34
0.06
0
0
0
0.03
0
0.42
0.01
0
