19510101
21.41
8.33
0.9
0
0
0.02
0
0
5.04
1.73
2.98
2.42
4.31
0.25
0
0
0.01
0.26
0.01
0.05
0.01
0.33
1.81
6.33
2.4
7.79
10.23
3.9
0
0
0
0
0.1
4.27
15.42
1.86
8.11
1.43
2.71
2.14
9.91
7.3
6.58
0.37
6.2
1.18
0.05
0.5
2.95
0.42
5.73
0.76
1.97
12.64
0
0
0
0.02
0
0
0
0.9
1.97
7.84
0.9
2.79
1.17
7.25
19.02
2.2
14.16
11.85
7.92
3.77
1.84
2.42
0.55
0
0
0
0
0
0
0
0
0
0.11
0
0.06
0
0
0
0
0
0
0.01
0
0.02
0.3
3.66
0
0
0
0
0
0
2.77
0.32
0.27
2.67
0
2.46
7.16
0.68
10.34
4.23
11.85
5.06
4.37
24.91
8.35
0.74
0
0.13
2.5
6.68
1.82
0.92
0.64
0.14
0.13
0.28
0
0.01
0
0
0.13
1.36
0.6
0.14
0.02
0
0
0.01
0.34
1.72
0
0.63
11.42
1.55
1.13
0.05
0.2
10.72
1.18
6.51
0.78
5.27
0.26
0
0.02
0
0
0
0.02
0.7
0.54
1.74
0.15
0
0
0.34
0
0.02
0
0
0.28
0
0.01
0.03
1.78
8.7
0
0
2.39
0
0.08
2.76
0.16
0.01
0
0.01
0
0.01
0.01
0
0
0
0
0
0
0
0
0
0
0
0
0.05
0.04
1.5
6.45
3.8
7.1
3.19
1.27
0.01
0
0
0
0
0
0
0
0
0
0
0.02
0
0
0
0
0
0
0
0.57
12.22
0
0
0
0
0
0
0
0
0
0
0.02
0.4
0.14
2.95
2.02
1.49
5.43
19.14
5.48
4.07
0.08
0
0
0
0
0
0
0.19
8.3
24.7
2.2
0
0
0
0.03
0
0.26
9.17
14.64
0.75
0
0
0
0
3.48
5.41
0.8
1.03
2.8
0.26
1.43
0.03
0
0
0.27
0.39
0.3
0
0
0
0
0
0
2.15
0.79
2.27
5.48
0.52
0
0
0.04
0.26
5.43
4.38
8.12
12.33
15.84
6.35
3.93
4.44
3.84
0.39
1.57
0.15
5.22
18.43
6.98
1.48
0
0
0.1
0
0.01
0
0
0
0
0
0
0
0.48
0.82
0
0.13
0
0
0
0
0
0.29
0
0
0.2
0
0.01
0
0
4.19
1.79
0
0.48
0.3
1.87
1.11
3.99
0.08
0
0.04
0.01
0.01
0
0
0
0
0
0.01
0
0
0.01
0.03
0.86
0.26
0
0
0
0
0.08
0.08
0
0.57
0.57
4.88
5.11
5.54
15.45
4.52
0.96
1.23
0.25
0.96
0.04
0
0.03
0
0
0.01
0
0
0
0.01
0.13
8.03
5.34
0.95
0.31
0
0
0.46
0.08
0
0
0
0.51
2.19
0
0
0.16
0
0.58
0.39
0.61
2.56
0.53
0.21
0
0
0
2.39
0.78
4.64
0.97
0.04
0.82
0.63
4.74
0.93
1.99
0.48
0.12
0.01
0.54
1.21
0.79
0
1.11
4.88
9.55
8.39
4.47
7.34
6.75
1.21
1.37
0
0
0
0
0
0.53
6
14.47
4.92
8.22
4.03
0.57
2.56
0.83
0
0
0.14
0
0.4
0
0.01
0
0
0
0
1.03
3.84
4.41
3.86
12.84
6.37
3.49
0
0
0.81
0.01
0.04
0.29
0
0
0.02
0.02
0
0.1
7.82
3.64
3.42
0.46
6.09
2.38
0.2
0.23
0.34
2.34
0.3
0.75
2.62
0
0
0
0
0
0
0
0.01
0.04
0.68
4.38
1.02
0.19
0
0.01
0.15
0.61
4.18
0.04
0
0
0.04
0.01
0
0.3
2.82
1
1.33
0.57
0.04
0
0.25
7.42
7.61
5.09
0.46
0
0
0
0
0
0
0
0.69
6.44
0.02
0
0.02
0.01
1.28
0.93
0
0.85
0.18
1.48
1.72
7.45
4.23
0.91
7.62
0
1.58
0.46
0.01
0.01
0
0.06
0.05
0
0
0
0.01
0
0
0.01
0
0
0
0.06
0.01
0
0
0.46
0
0
0.01
0
0.62
12.62
25.38
9.87
1.55
0
0
0
0
0
0
0.06
0
0
0.29
0
0.05
0.52
2.75
0.54
6.58
3.77
0
0
0.02
0
0
0
0
0
0
0.08
0.18
0
0.04
0.73
0
0.01
0
0.13
0.01
1.45
0
0
0
1.69
0
0.77
0.36
0.16
0.41
0
0
4.14
8.41
2.13
3.63
0.65
0
3.13
8.74
0.52
0.01
0.64
0.38
0.01
0
0
0.27
0
0
0
0
0
0
0
0
0
0
0
0.25
0.18
0.29
4.02
2.4
0.36
0.3
0
0
0
0.61
3.61
1.02
0.82
4.31
3.33
20.76
1.64
4.53
0.54
0
0
0
0
0.01
0.41
0.01
0
3.97
2.23
2.39
0
0.7
6.22
0.72
0
0
0
0.24
0.26
0.38
0.3
0.14
4.6
2.75
1.63
0
0.24
0.02
3.07
0.34
0
0.05
0
0
0.12
0
0.12
0.29
0
0
0
0
0
0.09
0
0
0
0
0
0.48
0.57
0
0
0
0
0
0
0.09
0
0
0.18
3.74
10.99
5.5
0
0
0.18
2.27
0.29
0
0.66
1.77
0.02
0.04
0
0.02
0
0.03
0
0
0
0
0
0
0.03
0
0
0.01
0
0
0
0
0
0
0
0
0
0
0
0.28
0.03
0.44
0.51
1.92
3.02
0.27
0.65
0.18
0
0.52
0
0
0
0.13
0.16
0
0.12
0.03
6.17
1.86
0.3
0
0.3
0
3.87
0.93
0.13
0
1.18
0.01
0.02
0
0
2.28
17.07
16.55
4.81
0.19
7.38
0.66
3.46
3.52
6.92
0.81
0
0
0
0
0
0
0
0
0.01
0
0.01
0
0
0
2.78
5.46
0
0
0
0
0
0
0
0
0
0.06
0.57
1
0.57
0
0
0
0
0
0
0
0
0
1.7
6.48
0.06
0.58
0.01
0
0.01
0.05
0.02
0.02
0.01
0.07
0.48
0.04
7.99
0
0.29
0.19
0
0.39
0
16.86
13.38
8.01
8.67
0.21
0
0.03
4.55
1.23
1.68
0
0
0
0.15
0
0
0
0
0
0.26
0
0
0
0
0
0
0
0
0.02
0
0.01
0
0.1
0.01
0
0
0.17
0.22
0
0
0
0
0
0
0
0
0
0.93
0.89
1.19
0.24
0
0
0
0
0.01
0
0
0.12
0
0
0.11
0
0
0
0
0
0
0
0
0
0.18
2.37
0
0.02
0
0.04
0
0
0.02
0
0
0
0
0
0
0
0
0
0
0
1.65
16.71
0
0
0
0
0.93
0
7.17
1.16
0.84
0
0.58
0
0.17
1.97
10.37
5.93
7.97
5.59
2.94
1.32
2.04
0
0.34
0
0.04
0.32
0.38
0.16
0.83
0.48
1.41
0.23
0.03
0
0.05
6.02
0.54
0
0.23
0
0
0
0
0
0
0.02
0.23
0.29
0.09
0.09
0.07
0.03
0.25
0
0.04
0
0
0
0
0.09
0.21
1.51
0
0.02
0.16
1.25
0.09
0.5
10.63
1.52
2.58
10.27
3.03
0
0
0.05
0
1.41
4.4
2.82
0.93
1.92
5.92
0.88
0.7
0
0
0
0
0
0
0
0
0.02
0
0
0
0
0
0.07
0
0.05
0.3
0
0
0
0
0
0.03
0
0
0.01
0.01
0
0
0
0
0
0
0
0
0
2.43
5.39
3.23
0.59
0
0.02
0
0.6
1.31
0.11
0.03
0.13
0.61
0.72
8.64
0.09
0.79
4.99
1.76
0.13
0
0
0
0
0
0
0
0
0
0.13
0.12
0.03
0
0
0
0.91
4.42
0
0.62
9.41
7.37
2.48
0.84
6.26
6.09
3.33
1.45
0.2
3.66
2.73
1.92
0.56
0.04
0.09
2.41
1.38
0
0.56
0.02
0.05
0
0.18
1.58
4.75
0
0
0
0
0.44
0.02
0
0
0
0.4
0.09
0
0
0.01
0
0
0
0
0
0.01
0
0
0
0.02
0.91
13.42
2.88
4.73
4.74
0.52
1.67
0
0
0
0
0
0
0
1.86
3.84
0
7.92
7.32
23.41
9.89
2.28
0.19
0
0
0
0
0.02
0
0
0
0
0
0
0
3.1
2.53
7.75
27.78
5.89
0.59
0
0
0
1.52
0
0
0
0
0.02
0
0
0
0
0
0
0
0
0
0
0
0
0
0.01
0.02
0
0
0.02
0
0
0
0
0
0
0
0
0.01
0
0
0
0
0
0
0
0
0
0.01
0.11
1.23
0.04
0
0
0
0
0
0
0
0
0
0
0
0
0
0
0
0
0
0
0
0
0
2.33
0
0
0
0
0
0
0.3
0.21
0
0
0
0
0
0
0
0
0
0
0
0.16
0.09
0.13
0
0.01
0
0.01
0
0
0
0.16
1.85
0.98
0
0
0
0
0
0
0
0
0
0
0
0
0
0
0
0
0
0
0.06
0
0
0
0
0
0
0
0
0
0.01
0.01
0
0.01
0
0.12
4.92
0.11
0
0
0.51
0.15
0
0
0.01
0
0.02
3
5.11
0.72
0.02
0
0
2.43
10.25
5.75
2.58
0.25
0
0
0.01
0
0
0
0
0
0
0.13
0.45
2.47
5.23
0
0.26
1.32
9.45
1.62
11.16
10.8
0.82
0
0
0
0
0
0.16
7.44
0.95
0.25
0
0
0
0
0
0
0
0.02
0
0.01
0
0
0
0
0
0
0
0
0
0
0
0.84
6.52
11.55
6.36
7.34
2.78
2.59
3.37
9.56
0
0.06
0
0
0.38
3.24
1.23
10.65
10.81
2.9
0.17
1.86
0.91
0.32
0
0.13
0.33
2.85
0.85
4.3
5.41
7.86
4.68
27.32
1.88
0
0
0
0
0
0.01
0
0.29
2.08
2.82
0
9.23
19.83
8.37
5.73
3.81
0
1.18
5.78
3.24
1.67
4.06
1.3
0.16
0.01
0
0
0
0.01
0
0
0.02
0
1.33
0.94
0.23
0.28
0.23
0
0
0
0
0.09
3.34
10.14
3.19
0.05
0
0
0
0
0
0
0
0.08
0.12
0
0
0
0
0
0.01
0.6
0.38
0
0
0
0
0
0.03
0
0
0
0
0.68
5.25
9.93
7.33
5.7
7.2
0.4
0
0
0.1
1.65
0.02
0.5
1.84
0.33
0.02
0.03
2.5
0.09
0
0
0
0
0.02
0.09
0.02
0
0.01
0
0.07
0
0.02
0.98
0.44
2.02
3.45
0.57
0.71
0
0
1.64
3.14
4.62
0.63
0.88
1.25
0.28
2.7
3.84
2.04
3.08
1.13
0
0
0
0
0
0.06
4.73
15.15
8.09
2.94
1.23
0
1.69
1
3.17
1.15
0.03
0
0
0
0
0
0
0
0
0
0
0
0
0.01
0.19
0
0.07
0
0
0
0
0.51
0.08
2.71
7.85
1.94
0.64
3.04
3.53
0
0
0
0
0
0.21
0
0
0.01
0.63
4.91
4.54
1.89
0
0
0.42
0.17
0.75
0
0.01
1.68
0
0.19
0
0
0.2
0.1
0
0
2.45
0
0.39
2.77
1.25
0.04
0
0
0
0
0.16
1.25
0.89
0
0
0
2.13
0
0
0
0.13
0
0
0.02
4.38
6.62
7
0.13
0.11
0
0.57
0.05
0
0
0
0
0.18
0
0.02
0.68
5.65
12.53
4.91
0.9
0
0
0
0
0
0
0
0.01
0.01
0
1.27
1.94
0
2.78
10.3
0.03
0
0
0
0
0.03
3.26
12.16
17.88
10.39
6.11
1.71
0.2
0.93
9.54
0
0
1.8
1.57
0
0.35
4.16
1.97
0
0
0
0.01
0
0
0
0.02
1.21
1.94
9.3
0.07
0.45
0.01
0
0.09
4.51
8.89
7.89
0
0
0.01
0
0
0
0
0.01
0
0.65
4.18
16.61
22.57
15.67
17.98
1.41
4.3
4.23
8.02
3
0
0.03
0.56
0
0.01
0
0
0.17
0.94
0
0
0
0
0
0
0
0.05
3
4.6
0
2.59
15.35
2.2
2.61
6.3
11.44
3.33
6.59
2.02
1.97
0.06
0.16
0
0
0.11
0.02
0
0
0.47
5.5
0
0
0
0
0
0
0
0
0
0
0.01
0
0.12
0
0
0
0
0
0
0
0.57
1.57
5.34
17.31
4.98
0.2
0.08
0.01
0
0
0
0
0
0
0
0
0
0
0.85
0.04
0
0
0
0
0
0
1.27
9.49
6.73
4.68
2.4
7.32
22.3
0.62
4.8
3.77
8.4
23.53
16.72
7.71
2.89
0
0.01
0
0
0
0
0
0.25
0.24
0.9
0.92
0.25
5.45
10.93
2.71
1.03
0.79
0
0.85
1.92
4.01
3.78
7.75
0.03
0.62
5.89
1.47
4.03
0.43
0
0
0
0
0
0
0
0
0
0
0
0
0
0
0.05
0
0
0.48
2.27
4.32
17.83
10.25
11.38
5.93
6.84
29
12.97
0
0
0.05
0.16
0
0
0
0
0.01
0.03
0
0
0
0.21
2.65
0
0
0.48
0
0
0.03
0
0
0
0.05
0
0.26
6.89
1.39
2.4
1.02
0.63
5.64
0
0.1
0
0
0
0
0
0
0
0
0
0.01
0
0
0
0
0
0.05
0
0
0
14.42
21.45
0.2
0
0
0
0
0
0.01
0.82
2.37
0
0
0.49
0.08
0.02
0
10.78
9.34
0
0
0
0
0.11
0.02
0
0
0.02
0.07
0.02
0
0.13
0
0
0
0
0
0
0.18
0
0
0
0
0
0
0.05
0
0
0.01
0.04
0
0
0
0
0
0
0
0.06
0.09
0
0
3
12.84
10.17
3.26
24.13
11.74
0.96
0
0
0
0
0
0
0
0
0.13
0
0
0.01
0.08
3.07
11.68
0.34
0
0.91
5.26
3.39
0.09
0
0
0
0
0.21
1.86
0
0
0
0
0.01
0
0.01
1.71
5.24
0.17
0.05
0.38
0
0
0.09
0.45
4.93
2.97
0.37
0.07
0.9
0.2
0
0.17
0.64
0.46
0
3
4.13
0.23
0
0
0.16
0.01
0.01
0.13
0
0.02
0
0
0
0
0
0
0
0
0.11
0
0
0
0
0.02
0
0
0
0
0
0
0
0.3
0.06
0
0.02
1.3
1.72
0.92
4.54
3.68
8.18
3.87
2.38
0.54
0
0
0
0
0
0.16
0.34
0.16
0
0
0
0.13
1.09
0.01
0
1.13
0.49
0
0
0.18
2.41
2.56
0.6
0.3
0
0
0
0
0
0.01
0
1.85
0.66
0.02
0.28
0.41
1.43
1
0.02
0
0
0.3
6.02
11.24
10.54
10.11
0.22
0
0.7
0.13
0.07
0
0
0
0
0
0
0
0
0.06
0.59
2.8
1.43
0
0
0.38
0.33
0.2
0
0
0
0.64
0.37
0.01
0.13
0.27
0.35
0.82
3.98
2.72
2.61
6.11
0.05
0
0.05
0
0.58
4.8
0.7
0
0
0.19
0.1
3.05
0.31
0
0
0.25
0
0.24
0
0
0.63
6.02
7.12
1.63
0
0
0
1.6
1.82
0.98
1.91
3.89
4.07
5.33
17.2
6.28
8.61
10.41
1.15
10.32
1.46
0
2.02
7.72
2.27
4.61
1.01
0
0.69
0.26
0
0
0
0.19
0
0.13
0
0.29
0.18
0.27
1.41
6.96
4.89
4.84
5.69
0.86
2.67
2.81
9.34
1.01
0.16
0.32
0.26
0
7.02
21.15
1.74
0
0
3.6
7.86
0.74
0.75
5.28
2.89
3.84
0.15
1.42
9.31
13.96
0
0.01
0
0.34
0.01
0
0
0
0.11
0
0.03
0.36
0.01
0.19
0
0.01
0
0
0.13
0
0
0
0.3
0
0
0.25
0
0
0
0.27
0
0
0
0.46
0
0
0
0
0.1
0.1
0.3
0
0.12
0.79
0.11
0
0.14
0
0.01
0.22
0
0.17
0
0.27
0
0
0
0
0
0
0.05
0
0
0
0.05
0.04
4.45
1.44
4.2
0.13
0.02
0
0.11
0.01
0
0.27
0.11
0.3
1.3
0.18
0.01
0
0.25
0
2.5
9.46
3.9
13.13
12.41
0.09
0
0
0
0.06
0
0
0
0.11
5.71
19.93
43.09
4.24
0
0
0
0.09
0
0
0.81
3.91
4.05
3.92
5.05
8.83
0
0
3
5.6
0.9
0
0.09
0
0
0
0.16
0
0
0.3
0
0.15
1.94
0.22
0.16
2.05
4.68
7.22
2.63
8.94
0
0
0.09
0.01
0
0
0
0
0.05
0
0
0
0
0.59
0.34
0.19
0.01
0.01
0.07
0
0.01
0
0.6
0.01
0
0
0.53
0
0
0
0.42
5.73
11.15
3.39
0.09
0
0.53
0
0
0
0.27
0.01
0
0.76
6.42
1.93
0.32
0.09
0
0
0.01
0.02
0.12
0.68
0.75
0
0.19
0
0
0.01
0
0.02
0
0.25
0
0
0
0
0
0
0
0
0
0.04
3.81
1.05
1.2
2.85
1.74
4
13.56
13.7
0.54
0.13
0
0
0
0
0
0
0
0.47
1.22
4.4
1.84
2.95
4.87
0.54
0
0
0
0
0
0
0
0.41
0.04
0.3
0.61
0
0
0
0
0.52
0.09
0
0
0
0.78
2.35
0.37
2.79
0.76
0.72
0
0
0
0.72
2.03
0.73
1.6
0
0.27
0.11
3.59
11.89
2.71
4.96
2.8
5.03
8.49
2.87
6.8
0.28
5.68
4.91
3.93
1.04
2.66
1.07
0
0
0
0.01
1.02
7.3
2.17
0
0
0
0
0
0.16
0.18
0.01
0
0
0
0
0.09
0
0
0
0.01
0
0
0
0
0
0
0.84
3.38
3.73
1.12
12.77
17.01
0.02
0
0
0
0
0
0
0.46
0
0
0
0
0.22
0.03
0
0
0
0
0.04
0.44
0
0
0.15
0
0.09
2.57
3.31
0
0
0
0
0
0
2.55
21.65
32.37
23.11
0
0.66
0.59
0.27
0.12
3.05
2.38
0
0.41
1.85
0.63
1.16
0
0
0
0.27
0.59
0
0.01
0
0
0
0.01
0
0
0.02
0
0
0
0
0
0
0
0
0
0
0
0
0
0
0
0
1.1
4.08
0
0.01
0.26
0.1
0
0
0
0
0
0
0
0
0.01
0
0
0
0
1.54
1.39
0
0
0
0
0
0.01
0
0
0.13
0.03
0.02
0.01
0
0
0
2.91
2.7
0.12
0.33
0.78
3.24
1.02
0.45
1.92
0
0
0
0.01
0
0
0
0
0
0
0
0
0
0
1.34
6.25
0
0.04
3.08
1.32
3
2.27
0.09
0
0.21
0
0.02
0
0
0.01
0
0
0
0
0
0
0
0
0
0
0.01
0.76
0.23
0.03
0.28
1.01
2.52
0.14
0
0.01
0
0
0
0
0
0.01
0.01
0
0.93
0.69
0
0
0
0.13
0.08
0
0
0
0
0.01
0
0.65
0
0.82
0.19
0.41
2.1
2.23
4.68
18.72
10.86
10.95
3.15
2.59
5.83
0.67
0.46
0.96
3.54
17.07
6.25
10.49
6.38
4.62
23.67
12.5
6.29
10.8
7.52
1.09
0.32
1.24
0.39
0.23
0
0
0
0
0.23
0
0
0
0
0
0
0.84
5.77
2.6
2.04
0.12
0.54
9.3
5.64
0
0
0.44
0.13
4.83
0.24
1.96
0.34
0
0
0
0.17
0.14
0
0
0.29
0.45
3.62
5.77
4.79
0.17
0
1.66
0
0
0.26
0.22
0
0
0
0.01
0
0
0
0
0
0
0
0
0.01
0.26
0
0
0.55
2.79
8.17
18.34
2.42
5.54
3.17
0.06
10.47
9.88
4.55
9.06
1.18
0
0
0
0
0.77
0.44
0.54
8.04
7
1.97
5.08
1.4
0.21
0
0
0.31
0.11
0
0
0
0.21
1.53
4.73
1.54
0.63
0.61
0.2
0
0
0.28
1.91
6.97
3.05
3.87
2.25
0
0.01
0
0.09
0.63
0.68
5.12
0.32
0
0
0.94
0.68
2.48
0
0
0.5
0.34
1.98
1.08
6.99
8.63
0.25
1.07
1.2
0.43
0
0
0
0
0
13.35
0.3
7
8.33
0.64
0.4
0
0.23
0
1.11
8.18
11.31
0
0
0.01
0
0
0.43
1.79
2.8
6.21
2.97
0
0
0
0
1.52
7.85
4.97
0.01
0
0
0
0
0
0
0
0
0.27
0.23
0.07
0
0
0
0
0
0
0
0
0.1
0.15
0.01
0
0.3
0
0.12
3.23
7.37
0.09
0
0.11
2.55
9.99
0.16
0
2.04
0
0
0
0
0
0.44
0
0
0
0
0.41
3.81
6.96
3.32
2.48
1.45
2.95
0.21
0
0.01
0
0
0
0
0
0.02
0
0
0
0
0
0
0
1.02
1.67
0
3.3
4.01
5.8
0.09
0.46
3.18
2.12
13.49
11.8
0.23
0
0.03
0.44
0.84
0.38
5.96
3.18
0.05
0.02
0
0.83
0.01
0.41
3.28
5.38
2.48
2.23
3.01
0.93
0.34
0.14
9.8
13.14
12.05
0.09
1.35
1.45
4.56
17.51
0.85
0
0
1
3.8
0.14
0
0
0.03
0.39
5.25
8.38
3.26
4.24
10.2
0.01
0
0
0
0
1.62
7.07
3.47
2.1
0.71
0.03
0.04
0.43
0.64
0
0
0.01
0
0
0
0
0
2.6
0.56
0.73
4.17
1.66
10.77
3.99
0.68
3.16
12.2
3.91
0
0.01
0
0.69
5.39
2.22
1.8
13.68
18.01
0.36
1.33
1.09
0.9
2.93
3.66
3.97
6.84
13.37
2.67
2.64
0.05
0
2.08
3.27
0.94
0
0.68
0.21
0
0
2.32
4.09
1.01
3.61
3.69
4.23
0.16
0.25
0.5
0.1
2.07
0.95
1.71
0
0
0.01
0
0.03
2.66
7.27
7.38
3.63
2.47
2.55
1.38
0.02
0.1
3.7
1.36
0.3
0.99
4.22
4.04
11.33
14.07
21.21
9.74
2.48
2.88
0.61
0.57
0.01
0.23
0.34
2.73
7.54
4.95
0
0.18
2.22
7.94
4.43
3.13
6.22
4.33
3.99
8.52
7.87
4.54
1.72
4.48
8.66
2.58
0
0.41
0.23
0.01
0
0.38
0
0.01
0
0
0
0
1.05
2.84
4.78
2.55
0.85
1.25
5.05
6.86
7.04
1.02
0
0.01
0
0
0.01
0
0.41
2.93
6.51
8.11
4.49
2.23
0.73
0.17
1.32
0
0
1.33
0.46
0
0.95
0.02
0.67
0.17
0.06
0
0
0
0
0
0
0
0
0
0.04
0.38
0.17
0
0
0
0.02
0.04
0.21
0
0.09
2.03
20.16
0.2
0.43
0
0
0.01
0.14
0
0
0
0
0
0
0.58
3.94
10.22
14.98
2.37
0.28
0.2
0
0.36
0
0
0.01
0
2.9
0
0.04
2.43
26.87
2.35
0.01
0.29
3.14
6.73
6.46
0.39
1.02
0.11
0
0
5.18
0.12
0
0
0
0
0.01
0
0
0.01
0
0.01
0
0
0
0.01
2.05
1.98
0.17
0.78
0.67
0.06
0
0
0
0.01
0
0
0
0
0
0.44
0
2.44
0.38
0.1
0
0
0.17
0.09
0.01
0
0.01
0
0.02
3.69
10.78
8.11
0.07
0
0
0
0
0
0
0
0
0
0.09
0
0.21
0
0
0
0
0.09
2.03
2.09
0
0
0
0
0
0
0
0
0
0
0
0
0
0.17
0
0.03
0.16
0
0
0
0
0
0
0
0.01
0.14
1.48
4.15
2.73
7.16
0.3
0
0
0.24
0.19
0.05
0.02
0.9
1.05
0
0.01
4.59
3.16
6.41
14.49
5.8
12.37
12.41
0.5
0.63
0.38
0.56
0
0.38
10.28
14.59
1.68
1.59
2.2
0.65
4.21
9.94
3.58
8.07
13.57
12.2
6.95
3.07
2.22
14.77
20.31
4.75
5.62
0.6
3.8
0.7
5.12
9.95
0.31
0
0
0
0.53
2.95
3.38
2.25
0.02
0
0.76
0.15
0
0.03
0
0.74
11.32
2.69
0.57
0
0.01
0
0
0.14
0
0
3.18
1.33
0.18
2.22
7.8
5.87
12.34
0.96
0.01
0.1
0
1.46
3.63
1.04
0.66
0
0.08
0.14
1.43
0.69
0.01
0
0.76
0.29
1.12
3.55
4.93
1.89
0.54
0.83
4.24
1.22
1.57
4.36
0.61
0.2
0.15
0.56
0.31
1.26
2.32
0.24
0.01
0.01
0.01
0.37
0.02
0.09
0.41
2.95
0.31
7.36
4.43
1.45
2.37
0.72
0.25
0
0.44
0.38
0.07
1.05
0.01
0.02
0.01
0.21
0
0
0
0.34
0
0
0
0
0.3
0
0
0
0.12
0.91
4.16
0.82
0
0
0.48
0.9
0.11
0
0.09
0
0
0
0
0
0
0
0
0
0
0
0
0
0
0
0
0
0.01
0.84
3.88
1.71
0.12
0.81
0.08
0
0
0.13
0
0
0
0.01
0
0
0
0
0.04
3.05
10.45
4.83
3.48
3.99
1.31
0
0
0
0
0.92
7.69
2.73
0.56
0.02
1.99
2.89
10.86
0.93
0.03
0.14
0.05
4.3
6.57
0.19
0
0
0
0.09
0.94
3.42
0.07
0
0
0
0
0
0
0
0
0.05
0
0.1
0
0
0
0
0.37
0.59
0.6
0.1
2.37
7
5.81
8.99
15.75
5.15
2.54
0.16
0.23
0
0.94
1.89
0.09
0
0
0.02
0
0.13
0
0
0.24
0
0.09
0.09
0
0.14
1.55
0.08
0.13
2.05
5.96
0.35
0.32
2.04
0
0
0.89
0
0
0.01
0.01
0
0
0
0
0.01
0
0
0
0
0
0
0.08
0
0
0
0.07
0.35
0
0
0.32
0.45
0.1
0
3.12
6.51
8.23
0.75
4.7
0
0.13
0
0
0.02
0
5.18
0
0.52
0
0.89
0.14
0
0
0
0
0.02
0
0
0.18
0
0
0.01
0.01
0
0.03
0
0.02
0
0.69
2.36
12.85
6.89
0
0.01
0
0
0
0.64
0.03
0
0
0.45
0.27
0.06
4.95
22.7
1.7
0.08
0
0
0
0
0.08
0.04
3.92
16.81
9.64
1.57
0.22
0.05
0.68
0
2.56
7.95
0.45
0
0
0.12
0
0.27
4.25
17.69
16.41
0.08
0.2
0.05
0
0.02
0
0.14
0
0.01
0.01
0
0
1.47
3.88
0.39
0.6
0.13
1.29
0.18
0.18
0.2
0.16
0.12
0.25
0.63
3.54
3.87
0.5
0.95
2.02
6.96
6.17
3.22
0.16
7.34
12.73
9.48
9.48
3.22
7.58
16.31
3.98
11.71
28.75
0.85
0.13
0
0.21
0.77
0.19
0.21
0.05
0.09
0
0
0.15
0
0
0
0
0
0
0.59
0.52
0.01
0.01
0.94
3.2
1.36
4.66
11.85
4.83
1.2
0.48
0.95
4.23
8.46
1.04
8.53
4.11
2.23
0.21
0.18
0.32
0.11
0.43
1.02
1.02
0.85
1.16
3.68
0.39
1.55
11.88
8.75
0.36
0
0
0
0
0.02
0.01
0
0
0
0
0
0
0
0
0.02
0
0.01
0.59
1.66
1.27
0
0.01
0
0
0
0.33
0.1
0.08
0
0
0
0
0
0
0.27
4.98
6.2
4.54
9.91
0.41
2.72
8.03
6.12
3
1.28
1.23
5.15
10.26
3.23
1.71
0.95
0.73
0.12
0
0
0
0.17
0.96
2.91
0.53
0
0
0.81
5.64
5.78
0.12
0.06
0.25
0
0
0.13
0
0.01
1.39
0
0
0.07
0
2.25
1.03
1.33
0.03
1.77
6.07
0
0.88
5.68
7.77
1.41
0.14
0.31
0.92
0.88
4.32
11.45
4.15
5.47
2.77
0.89
1.75
2.92
2.89
0.63
0.01
0
0
0
0
0
0
0
2.25
1.91
0.91
0.24
0
0
0.14
2.59
0.62
0
0.02
0.02
0
2.23
17.11
10.87
2.16
0.44
4.7
16.53
1.59
1.72
1.57
0.71
0.4
0.25
0.69
0
0
0
0
0.13
6.29
7.54
0.43
0.02
0
0.02
0.02
0.01
0
0
0
0.29
0
0.93
2.3
3.21
0.05
0
0
0
0.01
0
0
0
0
0
0
0
0
0
0
0
0
0
0
0
0
0.15
0
0
0
0
0
0
0
0
0.03
0
0
0.01
0.55
0
0.02
0
0
0
0
0
0
0
0
0
0.01
0
0
0
0
0
0
0
0
0
0
0
0
0
0
0
0
0
0
0
0
0
0
0
0
0
0
0.07
0
0
0
0.11
0
0.42
0.05
0.29
1.14
1.08
0.52
0
0.18
0
4.09
11.29
6.17
1.24
1.12
0.23
0.01
0
0.01
0.21
0.02
0
0
0.01
0
0.29
0.87
0.86
2.5
10.77
8.7
4.4
2.82
1.18
0.23
0
1.93
3.5
0
0.03
0.41
3.55
8.79
2.98
0.07
0
0
0
0
0
1.59
1.95
2.84
5.48
0.14
0.49
0.49
0.61
2.04
1.84
0.6
0.2
0.18
0.01
0.51
1.84
1.24
3.25
2.88
0.41
0
0
0
0
0
0.01
0
0.01
0
0.36
0.15
0.27
0.05
0.31
0.22
0.56
0.02
0.16
1.03
0.29
0.54
0.34
0.34
0
0.18
0.4
0.08
0.01
0
0
0.4
0.71
2.87
2.81
12.8
17.41
14.69
8.58
1.64
6.88
7.67
2.04
3.58
6.41
9.35
2.81
4.34
4.33
3.92
0
0.49
2.46
1.85
0.5
1.5
5.11
2.63
1.64
1.8
0.28
0.12
0
0
0
0
0
0
0
0
2.87
2.59
1.05
1.59
2.48
1.59
5.88
3.71
5.68
11.9
5.36
2.5
0.53
1.99
9.85
12.21
2.96
0.64
1.21
2.36
0.93
0.09
0.36
1.39
0.64
0.39
0.94
0.4
0.5
0.75
0.45
0.75
0.05
0
0.01
0.18
0.32
1.63
3
2.14
2.7
0.03
0.07
0.64
0.93
0
0.01
0.1
0.05
0
0.08
0
0.02
0.03
0
0
0
0.46
0.03
0
0
0.11
0.51
0.37
0.17
0.05
3.54
22.56
24.02
9.27
5.54
12.45
7.09
1.93
0.53
2.43
6.7
2.99
0.09
0
0
0
0
0
0
0.19
0
0.16
0.3
0
0
0
0
0.01
0.23
0.07
0
0.01
0.09
0
0
0
0
0
0
0
0
0
0
0
0
0.05
0
0.33
0.83
0.63
0.74
0.02
0.59
2.53
0.45
1.46
4.45
7.46
7.75
3.34
0.35
0.21
0.37
0.48
0
0
0
0
0.01
0
0
0
0
0
0.39
0.32
0.28
2.97
4.62
2.53
9.82
10.97
1.45
4.99
2.59
0.01
0
0
0
0
0
0
0
0.01
0.11
0
0
0
0
0
0.01
0
0
0.32
0.34
0
0.2
0.49
3.1
4.89
5.64
2.9
4.2
1.17
1.23
0.01
5.16
1.71
0
0
0
0
0
0
0
0
0
0.01
0
0
0
0
0
0
0
0
0
0
0
0
0
0
0.19
0.59
0.43
0
0
0.31
0.43
6.36
2.83
0.06
0
0
0.1
0.03
0.52
0.77
0.45
4.63
5.66
9.23
14.39
1.31
1.5
0
0
0.03
0
5.41
0.38
1.61
0
0
0
0
0
0
0
0
0.02
0.37
0
0
0.02
0
0.01
0.01
0.03
0
0
0
0
0
0.02
0
0.02
0.02
0
0
0
0.05
0.16
0
0.38
5.1
11.86
6.54
8.23
14
6.28
10.55
10.23
4.71
1.86
6.89
3.01
2.77
5.35
20.39
33
16.58
9.09
1.82
0.37
0.45
0.33
1.34
0
0.42
0.38
1.26
3.7
2.46
0.72
1.42
3.32
1.01
4.71
7.43
2.51
1.51
1.71
3.38
4.2
1.25
0.66
8.11
1.5
0.29
2.96
4.57
1.43
0.38
3.02
1.68
0.71
0.04
0.03
0.02
0.19
0.37
0.48
0.02
0.61
2.52
1.37
0.36
0.43
0.83
0
0
0
0
0
0
0
0
0
0.3
0.77
0.81
0.66
0
0
0
0
0
0
0
0
0
0
0
0
0
0
0
0.01
0
0.01
0
0
0
0
0
0.02
0
0.02
0.04
0.88
0.95
4.01
16.63
7.46
10.33
9.69
14.76
1.02
0.14
0.9
5.41
22.3
21.57
5.25
2.01
1.61
1.32
0
0.11
0.49
0.25
0.23
0.16
0.69
0.36
0
2.25
3.56
3.46
2.54
3.24
2.82
1.68
0.23
0.08
0.25
0.98
2.98
0.29
0.28
0.26
2.49
0.41
0.32
0
2.73
5.45
1.62
4.58
1.25
1.05
2.99
1.71
0.16
0.88
1.02
0.48
0
0.23
0.11
0
0
0
0.84
10.94
5.94
3.87
0.24
0
0
0
0
0
0
0
0.01
0.02
0
0
0
0
0
0
0
0
0
0
0.12
0
0
0.01
0.01
0
0.01
0.04
0
0.06
0
5.44
2.78
0.63
0.11
0
0
0
0
0
0.32
2.24
9.39
3.29
0.16
0
3.31
0.16
0
0
0
0
0
0.02
0
0
0
0
0.23
0
3.77
15.72
4.7
13.67
9.04
0.93
1.55
7.46
1.91
0
0
0.02
0
1.87
1.23
0
0
0.28
0
0
0
0
0
0
0
0
0
0.28
3.66
0.7
0.58
0.7
0
0
0.58
0.4
1.13
0
0.08
0.05
0
1.32
2.35
0.04
0
0
0
1.55
3.37
0.22
0
0
0
0
1.57
0
0.1
0
0
0
0
0
0
0
0
0
0
0
0
0
0
0
0.06
0.02
0
0
0
0.09
0
0
0
0
0
0
0.15
0
0.06
0
0.02
0.03
0
0
0
0
0
0
0
0
0
0.09
0.77
0
1.59
4.56
0.84
0.17
0
0
0
0
0.18
0
0
1.41
3.75
1.52
0.61
3.99
1.83
0.14
0
0
0
0
0
0.2
0.2
0
0
0
0
0
0
0
0
0
0
0
1.02
7.2
16.32
0.06
0
0
0
0
0.07
0
0
0
0
0
0
0
0
0
0
0
0
0
0
0
0.21
1.86
0
0.06
0.31
0
0
0.04
0.05
0
0
0.02
0.23
1.96
0.08
0
0.04
1.3
0.9
2.77
5.95
0.73
0.64
2.22
2.14
1.34
5.64
0.77
0.12
0.37
2.49
0.36
0
0.4
0.47
9.12
1.52
0.72
0.02
0
0
0
1.35
0.91
0.16
0.92
0.59
0.36
0.48
0
0.27
0.63
1.05
0.6
0.43
0.02
0
0
0
0.16
1.51
11.27
3.46
6.52
8.61
1.39
0.19
0.13
0.02
0
0
0
0.03
0
0
0.26
0.51
0.77
0.1
0.26
1.79
0.62
1.27
2.06
0.71
1.86
10.48
10.32
4.01
3.41
8.41
2
0.49
6.75
11.54
8.86
1.7
2.52
1.23
0.04
0
0.04
0.83
6
8.2
11.51
5.07
4.56
2.89
1.64
0.98
0.32
0
0.33
0
0
0
0
0
0
0
0
0
0
0
7.02
4.27
0
3.99
5.14
0.62
0
0.12
0
0
0
0
0
0
0
0
0
0
0.01
0
0
0
0
0
0
0
0
0
0
0
0.26
0.79
0
0
0
0
0
0
0
0.33
0.44
0
0
0.17
0.2
0
9.78
7.23
0
0.21
0
0
0
0.02
0
0.55
0
0.08
2.05
0.48
0
0.2
1.26
0
0
0.09
0.05
0.11
0
0
0
0
0
0
0
0.01
0
0.01
0
0
0
0
0
0
0.35
0
0.01
0.16
0.14
0.39
1.84
0
0
0
0.01
0
0
0
0
0
0
0
0
0
0
0
0
0
0
0
0
0
0
0
0
0
0.01
1.38
0.79
0
0
0
0
0
0
0
0.44
0
0
0
0
0
0
0
0
0
0
0
5.34
1.43
4.65
1.83
0.09
0
0
0
0
0
0.05
0
0
0
1.2
0
0.01
0
0
0
0
0
0
0.01
0.01
0
0
0
0
0
0
0.01
0
0
0
0
0.36
0.18
22.6
15
9.66
3.95
4.09
13.91
1.73
0
0.02
0
17
8.8
0.63
0.11
27.29
10.61
6.1
0
0.26
0.04
0.73
0.31
0.63
6.11
5.05
5.68
1.84
0
0
0
5.79
5.8
0
0.73
5.26
5.64
0.28
0
0
0.08
1.05
14.3
29.75
10.16
0.4
1.88
0.93
2.32
1.33
1.54
0.59
0.11
1.07
9.66
5.66
4.05
1.62
6.38
0.88
0.34
0.18
0.41
0
0.1
0
1.09
1.36
0
1.02
2.32
1.74
0
0
0.24
19.95
2.69
0.21
0
0
0
0.05
0.22
4.55
1.16
0.58
0
0.16
1.29
0
0.44
1.96
0.89
0.54
10.01
3.19
2.96
0.92
0.03
0.02
0.14
0
0.34
0.75
0.5
1.13
0.88
2.47
1.14
1.33
1.93
6.92
1.12
5.24
3.06
8.79
4.16
9.19
17.66
21.8
4.03
2.91
2.52
2.55
2.78
0.05
0.2
0.3
2.38
0.4
0
0.45
0.95
0.23
0.01
0
0
0
0
0
7.41
2.81
12.18
4.86
1.12
9.33
2.76
0
1.81
3.43
8.54
4.59
0.19
0
0.11
0
0.02
10.56
2.29
0
0
0.28
0.01
0
0.01
0
0
0
0
0
0
0
0
0
0
0
0.01
0
0.03
0
0.01
0.01
0
0
0.01
0
0.01
0
0.02
4.04
6.94
0
0.63
0.09
0.78
0.53
0.55
4
4
3.56
4.1
6.13
1.81
14.98
11.89
4.85
0.1
0
0.04
0
0
0.11
0.99
1.24
0.05
0.02
0.75
0
0.02
0.98
0.19
0.58
0.85
0
0.07
0
0
0.12
0
0.67
4.95
7.51
0
0
0.3
0.52
2.83
1.57
0
0
0
0.01
0.3
0
1.81
0.62
0
0
10.7
3.64
1.17
0.46
7.53
5.6
8.52
2.64
0.01
2.11
15.19
4.31
0
0.24
0.2
1.61
1.95
0
0
0
0
0.16
0
0.25
0.02
0
0
0
0
0
0
0
0
0.03
2.98
0.25
0
0
0.11
0
0
0
0.02
0.01
0
0.17
0.29
0
0
0.01
0
0
0
0
0
0
0
0
0.05
0.7
0
0
0
0
0
0
0.01
0
0
0
0
0
0
0.01
0
0
0
0.04
0.01
0.02
0
0
0
0
0
0
0
0
0
0
0
0.38
0
0
0
0
0
0
0
0
0
0
0
0
0
0
0.77
0.5
6.5
0.86
0.02
0
0
0
0
0
0
0.02
0.06
0.32
2.16
25.21
14.8
2.37
0.68
1.49
1.16
9.33
8.42
0
0.44
5.37
6.03
4.54
0
0.01
0
13.04
14.39
3.34
0.14
0.28
5.23
0.33
2.06
0.76
0.09
0
16.63
4.06
0.23
0.08
0
0
0.04
0
0
1.45
0.81
0
8.92
10.68
9.16
12.4
1.93
0.22
0
0
0
0
0.02
0.01
0.53
0
0.09
0
0.01
0
0.07
0
0
0
0
0.02
0
0
1.3
0
0
0.02
0.02
0.04
0
0
0
0
0
0
0
0
0
0
0
0
0
0
0
0
0
0
0
0
0
0
0
0
0.09
0
0
0.02
0.01
0.36
0.03
0.14
1.52
9.25
12.66
2.4
0.1
0.15
0.59
0.48
0
0.01
0.57
2.65
2.48
6.66
0.07
1.23
0.41
0.14
0.27
0
0
0.02
0
0
0
0
0
0
0
0.86
0.05
0
0
0.29
3.29
0.5
3.23
5.04
7.98
13.27
9.7
1.13
0.02
0.4
0
0
0
0.82
1.73
0.44
0.06
0
0
0
0.06
0
0
0
0
8.12
3.47
0
0
0.02
0.02
0.01
0
0
0
0
0
0
0
0
0
0
0
0
0
7.81
0.63
0
0
0
0
0
0.02
0.03
0.01
1.42
5.94
3.63
1.76
0.37
2.74
2.5
6.13
2.03
3.86
4.73
0
1.28
0
0.27
0
0.45
0.23
0.05
0
0
0.33
0.07
0.04
1.63
0
0
0.49
4.05
0.79
0.19
1.27
4.32
3.86
4.95
0.53
1.02
0.25
0.21
2.45
0.51
0.18
0
0.02
0.16
0
0
0
0
0
0
0
0
0
0
0
0
0.61
5.37
2.17
8.38
2.59
0
0.01
0
0.08
0.05
0
0.02
0
0.16
0.21
1.04
0.21
0
0
0
0
0
0
0
0
0
0
0.02
0
0
0
0
0
0
0
0
0
0
2.6
0
0.79
0
0
0
0
0
0.02
0
0
0
0
0
0
0
0
0
0.01
0
0
0
0
0.11
0.28
0.03
0
0
0.3
0.14
0.01
0
0
0
0
0
0
0
0
0
0
0.32
0
0
0
0
0.05
0
0
0.03
0
0
0.26
5.16
0.59
0.03
0
0.01
0
0
0
0
0
0
0.02
0.02
0
0
0
0
0
0.09
0.05
0
0.02
0
0
0
0
0
0
0.02
0.01
0
0
0
0
0
0
0
0
0.05
0
0
3.88
0
0
0
0
0
0
0.02
5.63
0.93
6.73
0.24
0.23
0.04
0
0
0
0
0.05
0
4.13
0.45
4.83
0
0.01
8.38
11.26
0.95
0.29
0.02
0
0.25
10.65
18.39
28.21
21.62
3.3
0
1.69
0.68
0
0.5
5.11
3.8
6.07
0
0
0
0.5
0
0
0
0
0
0
0.04
0.2
0.21
0
0
0
0
0
0
0
0.07
0
0.27
0
0.01
0
0.05
1.68
0
0
0
0
0
0
0
0
0
0
0
0
0
0
0
0
0
0
0
0
0
0
0
0
0
0
0
0
0
0
0
0
0
0.02
0.35
0.89
0.04
0.03
0
0
0
0
2.04
2.16
2.32
6.7
0.51
0.73
4.58
1.41
8.43
10.55
2.22
0.18
0.54
5.44
2.09
5.39
12.31
4.97
1.57
3.55
3.89
2.3
0.54
0.81
3.39
6.82
0.74
0.44
2.99
1.16
0
0.05
10.55
1.54
0.18
0
0.25
0.11
0
0
0.39
0.01
0.02
4.9
5.18
1.18
0
0
0.29
15.46
4.76
0.45
2.99
9.98
0.89
0.35
0.01
0
0.01
0
1.64
0.32
0
0
0.13
0.44
0.44
5.04
14.96
0.66
0.18
0.93
0
0
0
1.98
13.27
13.83
0.7
0.05
0
0.08
0
1.05
1
0
0.09
0
0
4.51
11.95
0.23
0.32
3.36
0.32
0
0
0
0
0
0
0
0
0
4.13
0.29
0.8
0
0.12
6.06
1.03
0.23
0.46
0.7
0
0
0
0
1.51
0
0.33
0
0.02
0.09
0
0
0
1.56
0
0.35
6.14
0
0
2.25
5.44
0.23
0
0
0
0
0
0
0
0
0
0
0
0
0
0
0
0
0
0.34
1.54
9.5
0.34
0
0
0
0
0
0
0
0
0
0
0
0
0
0
0
0
0.01
0.54
0
0
0
0
0
0
1.94
1.04
0
0
0
0
0
0
0.03
0
0
0
0
0
0.76
0
5.03
0.02
0
0
0
0
0.05
4.5
2.97
3.3
0.11
0.2
1.31
1.19
0
0
0
0
0
0
0
0
0
0.45
1.18
4.72
0.96
0.85
5.34
1.35
0
0
0
0
0
0
0
0
0
0
0
0
0.01
0
0
0
0
0
0
0
0
0
0
0
0
0
0
0
0
0
0
0
0
0.02
0.13
0.01
0.05
0
0
0
0
0
6.08
8.3
6.6
2.35
0.54
6.77
2.38
8.15
3.72
0
0.17
0
0.42
4.8
2.25
9.13
0.66
0
0
0
0.1
0.01
0.15
0.5
0.01
0.29
0
6.95
6.02
2.31
0.75
1.57
7.28
0.11
0.01
0.26
2.38
7.84
0.44
0.26
0.07
0
0.16
11.31
1.59
2.46
0.95
4.81
3.18
0.11
1.28
0.89
1.25
0.05
0.12
0
0.1
0.14
0
0.01
0
0
0
0.11
0.01
0.13
0.04
2
0.88
0
4.43
3.38
2.44
4.34
8.1
4.94
3.8
0.59
0.73
0.2
0
0.15
0.05
0.08
0.03
0.02
0
0
0.01
0.27
1.57
2.19
0.25
0
2.88
3.55
0
0
0
0
0
0.06
0
0
0.04
0.81
1.86
2.22
0.11
3.52
12.97
6.79
1.59
12.61
18.29
5.53
1.44
0.77
1.01
4.48
11.1
3.78
5.9
0.7
2.28
0.7
0.34
0.83
0.29
2.59
0.33
0
13.21
25.2
10.62
4.53
15.11
7.63
1.06
0
0.09
3.3
2.25
0
0
0.02
0.02
0.01
0
0
0
0.01
1.13
7.52
2.09
0.48
0.04
0.81
2.69
0.93
0.45
0
0
0
0.11
0
0
1.13
0.91
0.29
0.39
0.02
0.09
0.11
0
2.5
17.56
6.45
23.67
14.04
1.16
0.19
3.63
3.46
8.46
2.13
1.04
0.58
0.38
7.69
0.66
0.35
0.52
0
0.14
0.01
0
0.03
1.04
3.05
0.02
0.06
0
0.73
0
2.38
2.23
0.45
5.6
12.29
0.38
0
0
0
0
0
0
0
0
0
0.3
7.84
4.75
5.95
3.92
4.64
1.92
0.03
0
0
0
0.01
0.2
0
0.43
3.23
1.07
0
0.03
0.02
0
0.01
0
0
10.35
0.53
2.25
1.21
0.35
0
0
0
0
0
0
0
0
0
0
0
0
0
0
0
0.06
0
0
0.01
0
0
0
0
0
0
0
0
0
0
0.02
0.01
0
0
0.66
0
0
0
0
0
0
0
0
0
0
0
0
0
0
0
0
0
0
0
0
1.2
6.49
13.82
8.38
3.88
0
0.06
1.57
1.1
0.37
1.16
0.25
1.56
12.76
4.99
0.14
3.83
0.11
0.45
2.59
0.81
0.05
0
0
0
0
0
0
0.38
0
4.4
2.65
0.03
0
0.38
3.82
5.36
0.79
0.05
0
0
0.01
0.19
0.75
5.09
0.59
0
0.03
5.89
12.3
11
3.23
0
0
0
0
0
0
3.48
0
0
0
0
0
0
0.11
0
0.02
0
1.83
0.6
0.01
0.23
22.72
19.92
4.18
1.08
0.13
0
0.03
0.24
0.03
0.51
2.94
6.3
4.7
8.43
6.93
0.04
0.18
0.97
0
0
0.13
0
0.57
0.02
0
0
0
0
0
0
0
0
0
0.07
0.04
0.22
2.29
1.8
0
0.02
0.03
0
0.62
2.79
5.66
3.35
2.13
2.4
3.3
3.02
4.38
1.46
8.67
7.9
7.49
3.61
1.65
9.57
8.13
9.1
12.74
12.33
3.6
2.08
3.7
1.66
1.57
1.73
2.48
0.55
4.36
0.11
0.4
0.7
0.16
11.68
3.02
0.41
0.27
0.78
0
1.15
1.09
0.18
0.3
1.5
1.63
2.77
2.07
0.3
0.02
0
0.09
0.82
0.66
0.07
0.11
0.14
0.13
0
0
0
0
0
0
0.21
0
0
0
0
0
0
0
0
0
0
0
0
0.05
0.08
0.01
0.16
0.47
0.5
0
0
0
0
0
0.01
0.45
3.33
1.34
0.36
1.41
0.37
0.27
0
0
0.2
1.03
2.08
0.48
0
0
0
0
0
0.61
0.02
0.18
0.5
1.59
0.23
0
0
0
0.14
0
0
0
0
0
0.38
0.84
0.21
0
0
0.14
0
0
0.11
0
0
0
1.4
2.45
1.59
1.95
0.91
0.7
1.16
0.56
0.48
2.98
1.77
0
0.02
0
0
0
0
0
0.11
0
0.02
0.01
0
0
0
0
0
0
0
0
0
1.14
2.05
11.38
1.97
0.5
0.63
0.06
0.12
0
0.01
0.03
0.02
2.54
0.43
0.2
0
0
2.43
0.54
0.02
0.02
0.02
0
0
0
0
0
0
0
0
0
0
0
0
0
0
0
0
0
0.19
0
0
0
0.02
0
0
0
0
0
0
0
0
0
0.07
2.04
21.71
24.15
1.63
0.8
1.18
0.02
0
0
0
0
0
0
0
0
0
0
0
0
0
0
0
0
0
0
0
0
0
0
0.01
0.32
0
0
0.01
0
0
0
0
0
0
0
0
0.01
0.03
0.01
0
0
0
0
0
0
0
0
0
0
0
0
0.03
0
0.03
0
0
0
0
0
0
0
0.08
0
0
0.86
4.16
4.03
1.18
0.6
0.14
0.05
0
0
0
0
0
0
0
0
0
0
0
0
0
0
0
0
0
0
0
0
0
0
0
0.68
4.55
1.66
0.01
0.1
0
5.54
2.62
0.41
0.38
0.01
0.21
1.58
1.29
10.09
0
0.12
0.41
3.91
1.23
0.8
0.98
1.33
1.05
0.64
0
0.15
0
0.02
0.08
0.16
0.45
3.13
2.61
0.25
0.16
0.1
0
0
0
0
0
0
0
0
0.23
0.37
0.18
0.26
0.66
0.89
0.43
3.3
2.38
1.24
0.3
0
0.02
0.04
0.8
0.46
0.22
0.01
0.36
0
0.07
2.08
0.19
1.2
0.16
0.15
0.54
6.96
3.18
13.32
7
1.64
3.66
2.42
1.41
1.1
0.71
0.17
0
2.13
1.45
0.61
0.05
0.02
0.08
0
0
0
0
0.19
12.93
5.99
0.81
0
0
0.19
1.73
0.22
0
0
0
0
0
0.02
0.02
0.01
0.01
0
0
0
0
0
0
0
0
0.01
2
8.29
3.93
0.12
0
2.11
0.05
1.71
0.13
0.93
3.5
9.35
16.86
4.82
0.56
0
0
0
0
0
0
0
0.74
2.38
1.77
3.62
7.95
2.73
1.24
4.14
16.67
2.84
2.56
3.75
0.35
0.14
0.28
2.25
1.17
0.18
0.3
0.02
0.1
0
0.02
2.5
15.55
6.07
1.43
0.03
0.03
0.94
3.8
0.77
4.45
10.87
0
0.91
0.17
0.07
5.88
8.24
3.51
0.37
0.79
8.87
5.25
3.57
2.86
8.46
8.76
5.84
16.97
2.72
2.55
4.45
5.15
3.3
12.3
6.06
3.75
0.44
0.29
0.19
0.14
0
2.02
2.08
11.29
13.09
1.27
3.41
0
8.7
6.77
1.57
0.84
0
9.74
4.29
0
0.42
0.76
0.27
0
0
0
0
0
2.59
0.46
0
0
0
0.01
0
1.15
11.33
1.69
2.02
0.51
0
0
0
0
0
0
17.32
10.15
0.59
0.29
0
0
0
0
0
0
0
0.19
0
0
0
0.88
0.31
0
0
0
0
0
0
0
0
0
0.72
0.63
0.04
0
0
2
1.63
0
0.27
0
0
0
0
0
0
0
0.11
0.78
0.06
0
0.01
0.72
5.23
0.27
0
0
0
0
0.61
0.46
0.86
0.05
1.27
1.97
0
0
0
0.84
4.49
0.31
0.67
0
0.01
0
0
0.14
0.1
5.35
1.32
0.01
0
0.2
0
0
0
0
0.01
0.01
0
0
0.34
0.46
14.23
4.86
0.36
0
1.57
0.73
0.18
0
0.09
0
0
0
0
0.06
0.5
0
0.2
0.16
2.73
0.11
0
0.06
0
0
0
0
0
0
0.93
7.63
1.38
0.25
0.15
0.09
0.56
0.02
0
0.08
0
0
0
0.06
0.09
0
0.01
0.02
0
0.54
0.18
0.02
0
0.88
0.34
1.2
0.2
3.92
1.93
0.92
0.56
0.98
0.25
0
0
0
0
0.09
0
0
0.07
1.11
0.05
0
0
0
0.02
1.27
6.75
5
5.25
1.61
1.57
4.49
19.45
2.88
0.71
6.9
1.62
0.65
0.31
0.55
0.73
2.11
6.6
6.32
0.59
1.38
0.54
3.96
6.77
5.96
8.17
5.95
0.64
1.55
6.3
0.83
0
0
0.02
0
0
0.03
0.01
0.02
0.64
4.19
11.1
13.43
13.09
9.43
7.79
11.57
3.88
0.84
3.84
1.45
4.72
0.19
0.32
0.98
0.78
2.24
2.99
1.37
0.48
0.33
0.59
0.77
0.15
0.07
0.02
3.02
0.71
0.19
0.3
2.52
1.46
3.43
6.42
0.41
1.02
2.8
1.71
0.18
0.45
1.63
1.19
1.85
13.2
3.77
0.22
0.58
0
2.49
0.4
0.18
0
0
0.02
0.05
0.02
0
0
0.02
0
0.48
0.02
0.01
0
0
0
0
0
0.2
0.5
0.41
0.01
0.02
0
0.01
0
0
0
0
0.03
0
0
0.06
0.2
1.01
0
0.25
0.19
0
0.98
1.65
5.73
1.57
0.87
0.13
0.36
1.16
0.53
0.73
0
0
0.09
1.23
2.59
1.32
1.2
1.02
0.1
1.65
2.2
0.46
0
0.09
0
0.01
0
0
0
0
0
0
0.56
0.36
0
1.39
1.36
0.26
0.11
0
0.47
0
0
0.39
1.55
7.87
7.62
1.16
0.55
0.34
0.38
1.67
0
1.26
1.12
0.07
0
0
0.03
0
0
0.26
0
0
0
0
0
0
0
0
0.18
0
0
0
0
0
0
0
0.01
0
0.01
0
0.03
0.03
0.07
0
0
0.14
0.3
0
14.79
1.18
0
0
0
0.25
0
0.08
0.14
1.09
0
0
0
0.29
0.49
0.09
0
0
0
0
0
0
0
0
0
0
0
0.15
0
0
0.01
0.38
0.05
0.17
3.26
0
1.98
25.88
4.9
8.75
8.23
3.12
0.16
0.91
0.81
0
0
0
0.01
0
0
0.01
0
0.72
5.12
24
27.71
2.16
0.15
1.65
6.83
1.17
0.3
1.09
7.38
12.16
4.2
0.71
3.18
6.73
9.25
1.75
0.86
0.45
1.07
1.82
13.34
3.11
0.46
0.42
0.66
2.36
7.38
15.07
4.1
0.25
0.32
0.39
1.4
6.01
8.76
7.97
0.98
0.01
0.13
2.89
6.51
7.63
40.59
12.3
3.11
4.79
1.91
0.28
0.38
1.26
0.26
0.01
0
0
0
0
0.62
0.2
1.52
0.59
0.86
0.81
0.04
0.8
0.5
0.14
0
8.29
17.39
2.55
0.73
3.83
3.22
0.21
0.03
0.35
4.78
5.76
0.24
0
0
0.09
0
0
0.15
0.11
0.01
0
0
0
0
0
0.04
0.02
4.93
10.44
7.44
0.02
0.01
0
0.05
0
0
0
0
0
0
0.05
0.01
0
0
0
1.1
8.24
2.16
1.19
6.75
5.28
1.22
1.8
1.51
2.82
0.57
0
0.19
0
0
0.01
0
0
0
0.02
0.04
0.06
0.07
0
0
0
0
0
0
0.05
0.01
0
0.15
0.98
0.21
0.11
0
0
0
0
0
0
0
0
0
0
0.01
0.02
0
0
0.08
0
0
0
0.04
0.01
0
0
0
0.01
0
0
0.04
0.01
0
0
0.05
0.14
0.86
0.66
1.29
1.7
1.01
0.42
2.91
3.96
0.3
0
0
0
0
0
0
0
0
0
3.13
1.58
0.26
0
0
0.01
0
0.04
0.04
0.07
0
0.19
0.19
0.08
0.43
6.01
0
0.01
0
3.55
1.87
0.23
0.05
3.59
0.45
1.56
0.24
1.09
0.16
0
0.01
0.01
0.01
0
0.27
0
0
0
7.44
6.06
14.57
8.19
9.19
1.64
0.06
0
0
0
0
0
0
0
0
0.03
0
0.26
8.45
10.6
7.45
5.89
0.66
0.57
0.23
12.22
7.03
1.84
2.8
0.14
0.11
1
0
0
0
0.02
0.19
0
0
0
0
0.02
0
0.01
0
0
0.03
0
0
0
0
0
0
0
0
0
0.01
0
3.09
0.79
0.14
0.61
0.02
0
0
0
0
0
0
0
0
0
0
6.78
2.92
0
0.07
0.02
0.39
0
0
0
0
0
0
0
0.2
5.86
0.7
0
0
0.25
0.41
1.92
2.8
1.04
0.01
0
1.16
0
0
0
0
0
0
0
0
0
0
0
0
0
0.17
0
0.82
0.3
0
0
0.01
0
0.01
0
0
0
0
0
0
0
0
0
0
0
0
0
0.01
0
0
0.02
0
0
0
0.01
0
0
0
0
0
0
0
3.2
2.41
2.66
2.18
3.27
0.29
7.56
9.04
4.07
0.15
0
0
0.42
0
0
0
0.11
0
2.9
3.38
2.11
7.21
5.72
4.05
14.71
8.88
1.51
0
0
0
0.32
0
0
0
0
0
0
0
0
0
0
0
0
0
0.31
0
0
0
0
0
0
0.53
0.14
0
0
0
0
0
0
0
0
0
0
0
0
0
0
0.45
7
8.59
2.57
8.4
11.98
12.2
3.5
0.28
0.21
0
0.04
0.09
0
0.29
0.4
4.15
1.81
8.33
5.65
2.39
0.61
3.23
0
0
0.02
0
0
0.44
0.25
0.02
0.03
0
0
0.02
0.01
0
0.16
1.88
2.27
0.58
1.41
0.2
1.95
1.34
2.24
8.83
1.62
0.83
0.91
1.5
0.15
0.02
0
0
6.31
5.42
2.36
1.24
3.91
0.97
0.25
0.19
4.79
0.1
0
0.08
0
0
0
0
0
0
0.02
2.04
0
0
0
0.01
0
0
2.51
9.42
1.62
0.77
0.59
0.01
0
0.04
0.03
0
0.13
9.44
5.84
8.56
4.04
1.97
2.38
3.95
0.64
2
0.7
0
0
0.14
8.44
1.96
2.6
0
0
0
0
6.06
4.73
4.25
0.26
3.07
1.44
0.12
0
0
2.68
0.78
0.39
2.57
2.81
0.05
0.81
1.7
4.76
4.66
9.44
4.96
1.29
0.43
4.51
8.72
0.15
0.06
0.26
0
0
0
0.61
0.2
0
0.01
0.2
2.74
1.25
0
0
0
0.03
0.3
0
0
0.09
4.66
0.56
0
0.2
0.01
0
0.01
0
0
0.02
0
0
0
0
0
0
0
0.43
0
1.27
15.8
7.78
8.5
0.14
0.07
12.41
2.73
0.23
0.11
0.41
1.58
4.18
1.25
0
0.39
0
0.02
0
0
0
6.64
4.68
1.72
0
0
0
0
0
0.17
4.95
12.05
1.5
0
0
0
0
0
0
0
0
0
0
0.09
0
0
0
0
0
0
0
0.02
0
0
0
0
0
0
0.03
0.01
0
0
0.01
0
0.09
1.34
0.8
25.5
3.74
0.17
0
0
0
0
0
0
0
0
0
0
0
0.01
0.02
0
0.01
0
0
0
0
0.02
0
0
0
0
0
0.07
0
0
0
0
0
0
0
0
0
0
0
0.02
0.02
0
0
0
0
0
0.24
0.29
0
0
0
1.71
3.3
0.15
0
0
0
3.3
5.39
0.22
0
0.02
0.57
0.94
0.08
0.18
1.33
0.67
0.09
0
0
0
0
0
0
0
0
0
0.44
0
0
0
0
0.51
0
0
0
12.32
4.12
13.23
7.76
1.42
1.46
0.16
1.63
10.46
0.04
0.02
0
0
0
0
0
0
0
0
0
0
0
0
0
0
0
0
0
0
0
0
0
0
0
0
0.01
0
0
1.78
6.84
0.52
0
0
0
0
0
0
0
0
0
0
0
0
0
0
0
0
0
0
0.2
1.89
4.18
3.04
9.44
1.39
0.02
1.66
2.52
0.21
1.4
0.3
0.18
0
0
0
0
0
0.73
0
0
0
0.04
10.68
15.63
0.93
3.81
3.76
1.29
4.56
0.67
0.79
2.17
0.29
0.01
0
0
0
0
0
0
0
0
0.3
0.05
0.37
0.4
6.7
3.15
1.27
1
0.73
0.07
0.05
1.9
0
2.79
4.51
0.76
0.42
0
0
2.03
4.4
2.29
4.02
0.22
0
0
0
0
0
0.04
0
0
9.38
0.75
0.96
0
0
0.43
3.84
1.06
0
0.01
0
0.01
0
0
0
0.01
0
0
0
0.51
29.18
16.46
1.41
0
27.54
8.38
14.31
3.02
2.2
0.3
0.16
0
0.14
0.13
0
0
0
0
0.12
0.67
0
0
8.76
1.5
0.16
0
0
0.25
0.12
2.86
3.47
6.6
4.24
3.14
3.29
0.31
0
0
4.19
7.29
1.42
0.36
0.96
3.22
6.93
0.68
0.03
0
0.26
0.25
1.02
1.41
1.63
5.27
0.75
0.5
0.21
0
3.81
5.32
1.43
0.01
0
0.11
0
0.23
0.8
0.19
0
0
0
0
0
0
0
0
0
0
0
0
0
0
0
0
0
0
0
0
0
0
0
0
0
0.03
0
0
0
0
0
0
0
0
0
0.01
0.26
0.05
1.53
0
1.29
0.22
0.13
0.16
0.13
0.13
0
0.01
0.04
4.01
25.5
0.51
0
0
0
0.05
0.66
1.2
0.91
0
0
0
0.01
0
0
0
0
0.1
0
0
0.28
0.73
0.25
3.28
4.58
17.45
1.79
0.16
0
0
0
0.64
6.7
1.3
0.3
0.02
0.39
0
0
0
0
0
0
0
0
0.36
3.41
1.84
0.34
0
0
0
0
0
0
0
0
0
0
0.43
0
0
0.3
0.34
0
0
0
0
0
0
0
0
0
0.1
0.03
0
0
0
0.54
0.75
0.14
0.01
0
0
0.11
0
0
0.1
0.16
0.11
1.46
0.13
0
0.02
0.02
0.02
0.03
0.11
0
0
0.07
0
0.25
3.98
1.07
0
0
3.56
0.83
0.14
2.76
2.92
1.46
0.52
0.16
0.01
0.02
0.03
0.98
4.98
9.51
6.95
2.39
7.15
1.71
3.6
0.29
0
0
0
0
0
0
0
0
0
0
0
0
1.43
0
0
0
0
0
0
0
0
0
0
0
0
0
0
0
0
0
0
0
0
0
0
0
0
0.14
0.15
0.18
0.79
4.88
6.07
6.06
0.52
2.02
9.76
7.07
0.72
0
0
0
0
1.13
1.09
0
0
0
0
0
4.01
6.41
4.25
2.16
0
0
0
0
0
0
0
0
0
0
0
0.09
0.01
0.29
0
4.02
2.39
0
0.04
0
4.63
0.92
0.33
1.25
0.02
0
0
0
0.01
0
0
0
0
0
0
0
0
0
0
0
0
0
13.27
15.99
8.73
2.79
0.02
0.01
0
0.02
0.15
0.78
0
0
1
1.36
9.87
9.15
4.16
0.91
0.65
4.76
0
0.18
0.03
1.75
2.09
0.53
0
0.77
0.06
0
0
0
0
0
0
0
17.23
6.38
0.48
0.36
5
1.04
0.17
0
0
0.03
0.02
0
0
0
0
0
0.17
0.01
4.38
8.82
2.32
0
0
0
0.26
0
0
0
0
0
0.96
1.63
0.09
0
0.01
0.15
3.08
1.66
1.69
0.77
1.14
1.97
2.71
3.2
1.1
1.06
0.72
0.53
1.66
2.27
0.07
1.44
0.02
0.4
1.15
7.22
4.71
7.61
0.16
0.01
0
0.28
2.71
4.73
0
0
0
0
3.57
0
0.26
0
0
0.68
0.13
0.1
0
8.68
0.17
0.06
0
0
0.01
0.71
0
0.04
0
0
0
0
0
0
0
0
0
0
1.47
7.96
0.01
0
0
0
0
0
4.58
0.39
0.14
10.6
0.78
0.78
13.76
9.71
1.34
0.01
0
0
0.02
0.04
0
0.09
0.01
0
0
0.12
0
0
7.81
0.61
0
0
0.01
0
0
0.01
0
0
0.16
0.01
0.95
6.21
5.04
14.63
1.57
0
2.83
5.88
0.45
0.92
0.82
0
0
0
0.01
0
14.57
18.8
9.9
0.77
4.73
0.45
0.13
0.97
3.13
1.35
2.12
0.02
0
0.32
7.81
0.72
0.2
5.55
2.8
0.11
0
0
3.18
3.1
0.09
0.03
0.05
4.18
0.66
6.5
7.91
2.55
4.94
1.09
0
0.02
0
0
0
0
0
0
0
0
0
0
0
0
0
0
0
0
0
1.09
4.07
0.12
4.12
12.57
2.68
0.27
0
0
0.09
0
0
0
0
0.34
3.96
7.89
17.7
3.12
0.94
0.23
0.49
3.57
4.8
0.4
0.14
0
6.16
10.78
23.37
4.1
9.28
0.93
0.35
0.11
3.52
0
0.02
0
5.86
4.17
0.54
3.4
4.27
0.02
0
0
0.32
0.39
19.21
3.68
5.48
1.96
0.48
1.53
3.38
10.02
6.96
0.27
2.96
2.91
0.39
3.98
11.25
0.53
0.03
0
0.04
0.02
0.92
2.58
7.07
1.76
5.93
0.22
0
0.06
0.8
4.03
6.46
5.2
2.34
2.16
5.29
2.93
1.12
0.48
0.4
0.05
0
0
0
0
0.09
0
0
0
0.01
1.13
6.19
2.41
0.05
0
0.01
0
0.01
0.05
1.88
0.3
0.06
17.25
6.95
1.92
0.13
0.15
0.04
4.28
0.02
0
0.01
0
0
0
0
0.16
0.09
0.64
0.52
0
0
0
0
0
0
1.12
6.57
3.68
0.36
0.16
0
0
0
0
0.01
0
0.12
0
0.15
0.75
3.93
0.91
0.47
0.43
2.52
4.59
0
0
0.31
0
0
0.01
4.48
0.77
0.06
1.24
3.29
0.11
2.42
0.66
0
1.51
3.36
0.45
1.72
0.92
0.2
0.01
0
4.04
15.04
8.82
2.39
4.41
0.86
0.05
0
0.69
0.06
0
2.84
4.43
0.71
14.63
1.45
0
0
0
0.32
0
3.74
0.55
0.3
2.79
0
0
0
0
0
0
0
0
0.18
0.19
0.01
0
0
1.82
0.26
0.02
3.01
0
0
0
0
0.41
8.39
1.98
0
0
0
0
0
0
2.07
2.51
0.34
0
0.14
0.06
0.06
0.11
0
0
0.11
30.02
0.79
0
0
0
0
0
0
0.09
0
0
0
0
0.04
0.13
0
1.05
5.54
1.09
0
0
0.27
0.01
0.02
0.39
1.19
0
0
0
0
0
0
0.03
0
0
0
0
0
0
0
0
0
0
0
0
0.24
12.67
0.2
0
0.02
0.06
0.29
2.11
0.95
0.02
0
0
0
0
0
0
0
0
0.8
19.48
4.12
5.59
8.39
0.35
0
0.01
0.01
0
0
0.04
9.46
24.3
1.79
2.25
1.34
9.28
0.38
0.29
3.59
0
0
0
0.02
0
0.13
0
0
0
0.25
0.23
0.38
1.22
0
0
0.18
0
0
0
0
0
0
0.14
1.63
1.55
11.51
1.89
0.01
0
0
0
0
0.97
3.34
6.3
13.18
2.67
0
1.87
5.78
3.4
1.84
24.53
7.83
1.4
2.1
0.04
0.48
0
0
0.19
1.96
0
0
2.66
5.34
4.3
0.57
0.13
0
0.01
0.72
0.14
12.02
6.65
0.98
0.05
0.72
0.3
0.28
0
0
0.21
0
0.02
0
0.08
1.07
0.85
1.04
3.8
7.04
2.29
0.54
0.29
1.39
0.98
3.21
1.92
0.16
0
0.02
0
0.46
12.92
1.18
0.01
0.14
0.15
1.82
2.34
0
0
0.04
0.12
1.7
5.7
5.06
1.79
0
0
0.88
3.18
3.21
0.55
1.15
6.44
1.23
0.63
0.18
6.66
5.54
18.87
5.63
14.62
6.73
4
14.35
11.67
1.62
0
0.07
0
0
0
0
0.03
7.6
0.25
0.05
1.12
1.3
1.24
0.13
0
0
0
0
0
0
0
0
0
0.19
1.13
0.02
0.26
2.81
0.59
0.02
12.98
2.55
0.09
0.67
0.29
0.15
1.23
2.71
0
0
0
0
0
0.39
0
0
0
0
0
1.11
1.22
13.91
13.69
4.12
3.2
4.74
1.48
1.31
0.61
8.09
7.7
0.65
0.01
0.01
0
0.07
0.01
0
0
0
0
0
0.02
0
0
0
3.06
6.81
7.74
13.53
2.11
0
0.25
0.2
5.54
9.38
2.45
0
0
0.01
0
0
0
0
0.03
0
7.58
5.42
0
0.29
0
0.56
0.15
1.98
0.25
2.14
6.31
9.93
0.31
0
0
0.03
0
0
0.01
0
0.25
0.95
0
0
0
0.01
0
0
0
0
0
0
0
0
0
0
0
0
0
0
0
0
0
0
0.02
0
0
0
0
0.01
0.01
0
0
0
0
0
0
0
0
0
0
0
0
0
0.22
0
0
0.04
0
0
0
0.01
0
0
0
0.19
0
0
0
0
0.04
0.29
0
0.01
0
0
4.57
10.54
0.21
0.52
0
0
0
0
0
0
0
0
0
0
0
0.02
0
0.01
0
0
0
0
0
0
0
0
0
0
0.07
0
0
0
0
0
0
0.01
0
0.01
0
0
6.17
1.92
0.02
0.63
0.3
0.35
0
0
0
0
0
0
0
0
0
0
0
0
0
0
0
0
0
0
0.03
0.02
3.98
0.45
1.6
1.67
0.01
0
0
0
0
0
0
0
0
0
0
0
0
0.01
0
0.41
0
0
0
0.94
11.92
6.61
0.89
0
2.18
10.36
3.69
0.55
0
4.83
1.97
2.98
2.13
4
0.95
0
0.06
1.31
1.11
0.54
0.21
1.5
3.87
15.17
4.9
5.15
0.73
0
4.34
2.06
0
0.44
6.33
2.16
0.01
1.38
5.11
1.54
0.04
0
0
0.09
0.01
0
0
0.23
4.55
18.68
9.64
1.23
5.97
2.41
0.06
1
2.33
13.22
21.51
5.16
0.35
0
0.05
2.47
9.3
0.18
5.66
3.5
3.04
5.31
1.36
7.04
10.76
9.29
4.88
5.41
4.29
0.48
0.14
0
0
0
0
0
0
0
0.01
0
0
0.12
3.59
0.3
0
0.02
0.01
0.03
0.13
6.03
1.65
0.13
0.07
0.04
0
0
2.74
0.48
2.84
3.73
7.53
4.21
2.59
0.61
1.34
1.93
1.79
11.9
2.23
0.45
0.87
0.16
0.05
0.06
0.2
0.21
1.06
5.85
2.99
0.35
0.05
1.39
8.91
5.51
0.76
0
12.91
15.57
1.5
1.27
0.04
0
0.32
0.16
0.48
0.04
0.01
0
0
0
0
0
0
0
0
0
0
0.01
0.19
3.13
0.83
0.38
0.44
0
0
0
0
0
0
0
0.15
0.02
0
0.02
0
0
0
0
0
0.84
0.14
2.33
6.23
13.8
14.12
4.8
0
0
0.19
0.18
0
0
4.25
9.58
0.71
0
0
0.02
0.02
0
0
0
0.01
0.01
0
0
0
0
0
0.05
0
7.59
12.63
0.48
1.71
1.77
0
1.02
0.12
0.04
0
0
0
0
3.38
8.66
0.77
0
0
0.05
1.62
0
0.02
0
0
0
2.21
0.02
0
0
0
0
0
0
0
0
0.01
0
0.01
0.05
0
0
0
0
0
0
0
0
0
0
0
0
0
0
0
0
0
0
0
0
0
0
0.2
0.27
0
0
6.37
0.48
0
0
0
1.83
6.29
0.26
0
0
0.23
0.27
2.2
14.2
4.22
1.33
0
1.26
8.93
15.91
1.46
0.24
0.46
0.08
0
0
0
0
0
0
0
0
0
0.96
0.79
0
11.28
1.15
0
8.91
7.23
1.23
8.36
10.33
13.01
13.38
3.13
0.05
0.02
0
1.08
0.59
2.3
0.84
1.07
5.39
11.43
6.38
0.45
0
0
0
0
0
0
0
0
0
0
0
0.13
0.05
0
2.18
5.51
14.09
0.36
0
0.07
0
0
0.01
0.01
0
0
0
0
0
0
0
0
0.01
0
0
0
0
0
0
0
0.61
0.27
0
0
0
0.08
0
0
0
0
0
1.07
0
0
0.17
1.4
11.57
3.15
0.12
0.43
0.32
0
0.12
0.14
0
0
0
0
0.02
0
0
2.63
1.56
0.22
0.24
0.01
0.27
0.07
0
4.15
0
0
2.25
0.05
0
0
0.03
0.13
0.51
0
0
0
0
0.59
1.7
0.02
0
0
0
0
0.01
0.02
0
2.08
0.94
0
0
0
0
3.13
0.41
0
0.09
2.36
1.75
4.05
8.61
1.14
0.34
3.88
7.71
4.94
0.06
0.04
0.31
1.31
6.1
2.86
0.32
0
0
0
0
0
0.22
0
0.02
0.32
1.2
0.02
0
4.9
4.69
4.54
12.74
4.02
0.62
0
0
0
1.61
0
0
0.23
0
0
0
0.01
0
0.01
0
0
0
0
0.01
0.03
0
0.54
15.51
0.88
0.2
3.67
1.39
0
0
0.01
0
0
0
0
0.13
0.16
5.4
4.37
1.48
0
1.56
10.51
6.63
13.68
4.84
0.93
0.2
0
0
0
23.1
0.77
0
0.07
0.04
0
0
0
0
0.51
0
0
1.24
13.65
2.09
1.8
1.36
0
0.09
0.1
0
0
0
0
0
0.01
3.54
12.71
1
0.19
4.94
14.12
15.54
2.7
0
0
0
0
0
0
0
0
0
0
0
0
0.01
0
0.22
3.98
0
0
0
0
0
0
0
0
0.38
0
0
0
0
0
0.05
0.13
0
0
0
0
0
0
0
0
0
0
0
0
0
0
0
0
0
0
0
0
0
0
0
0
0
0
0
0
0.14
0
0
0
1.55
0.41
0
0
1.22
2.54
0.21
0.04
0.27
0
0
0
0
0
0
0
0
0
1.11
0
0.28
1.75
5.83
0.22
0
0
0
0
0
1.01
0
0.72
2.13
3.39
0.3
0.01
0.19
0.01
0.29
0
3.09
4.7
0.42
0
0
0
0.1
1.28
0.3
0.12
0.27
1.06
0.13
0
0
0
0.35
0.36
9.38
11.5
2.8
0
0
0.02
0
0
2.68
8.62
0.48
0.61
0
0
0
0
0
0
1.63
1.43
2.83
0.55
4.02
1.67
33.95
5.69
1.29
2.34
7.91
0.09
0
0
0
0.11
0.28
0
0
0
0
0
0
0.8
0.31
0.07
0.02
0.06
0
0
0.01
0
0
0
0
0
0
0.12
0
0.01
0.26
0.01
0.19
1.07
0
0.17
0.02
0
1.75
0.38
0
0
0
0
0
0.16
0.02
0.02
0.02
0
0
0
0.01
0
0
0
0
0
0.01
0.03
0.64
2.17
0.39
0
0
0.09
0
0
0
0
0
0
0
0.01
0
0
0
0.01
0
0
0
0
0
0.02
0.09
0
0
0
0
2.04
13.04
2.83
4.98
0.32
0
0
0
0.01
0
0.14
0.06
0
0
0
0
0.09
2.07
1.54
1.23
0.02
0
0
0.02
0.52
0
0
0.5
0
0
0.02
0.18
0.01
0
0
0.2
0
0.01
0.41
0.46
0.17
0
0
0.01
0
0
5.17
7.55
4.13
2.04
0.32
1.01
3.28
1.24
0
0
1.85
0.12
0.12
3.51
12.22
2.11
15.02
5.8
1.46
3.2
2.09
0.02
0
0.02
0.02
4.38
14.73
10.06
2.64
5.55
0.15
10.35
2.84
0.69
0.05
0
0
0
0
0
0
7.18
9.48
10.89
6.7
11.37
0.24
0
0
0
0
0
0
0
0
0
0
0
0.77
7.55
0
0
0.02
2.57
4.52
3.22
0
0.1
0.37
0.01
0.01
0
0
0
0
0
0
0
0
0
0
0.02
0
0
0
0
0
0
0
0
0.23
0.29
1.06
1.17
7.72
0.3
0.15
2.16
0.75
0
0
0
0
0
0
0
0
0
0
0
0.01
0.02
0.02
0
0.02
0
0
0
0
0.11
0
0
0
0
0
0
0
0.04
4.98
2.8
2.34
0.66
0.13
1.45
0.53
0.01
0.01
0
0.05
0
0
0
0.09
0
0
0
0.01
0.14
0
0.02
0
0
0
0
0.01
0.49
4.79
0.02
0
0
0
0
0
0.02
0
0.1
5.95
1.08
0
0
0
0
0
0.04
0.09
0.46
0
0.2
1.7
6.39
0
0.34
3.89
6.77
4.51
0.07
0.01
0.02
3.68
0
0.89
0.07
0
0.01
0
0.13
0.55
0
0
0
0
0
0
0
0
0.03
0.01
0.09
0.58
0
0
0
0.09
0.11
0
0
0
0
0
0
0
0
0
0
0
0
0
0
0
0
0
0
0
0
0
0
0
0
0
0
0
0
0
0
0
0
0
0
0.19
0
0
0.02
0
0
0
0
0
0.57
0.48
0
0
0
0.75
0
2.37
8.86
1.3
0.4
5.63
13.42
2.47
5.14
1.7
0.3
10.07
12.15
23.72
4.41
14.32
6.95
0.17
0.01
0
0
0
0
0
0.01
0.05
1.46
7.21
0.12
0.36
0.29
2.06
6.66
1.51
1.16
0.2
0
0
0
0.01
0
0
0
0.01
0
0
0
0
0
0
0.03
0
0
0
0
0
0
0
0
0.27
6.34
2.23
14.84
3.58
0.16
1.95
1.31
0.13
4.38
0.3
0.2
2.84
3.6
0.05
0.09
0
0
0
0
0
0
0
0
0
0
0
0
0
0
0
0
0
0
0
0
0
0
0
0
0.27
0.18
0
0.04
0.25
3.23
2.44
14.87
3.47
0.43
0.85
6.74
2.57
0.2
0
0
0
0
0.26
0.2
0.94
0.41
0.28
2.19
7.63
16.28
3.02
0
0
0
0
0
0
0
0
0.36
0
0
0
0.09
0.2
0.13
0
0
0
0
0.07
0
0
0
0.01
0.29
7.54
24.89
0.04
0.04
0
0.23
0
0.02
0
0.22
0.95
3.31
5.88
11.76
9.64
7.73
2.09
1.78
10.19
30.44
0.57
0.01
0
0
5.4
1.55
1.27
0
0
0
0
0.07
0
0
0
0
0
0
0
0
0
0.08
0.16
0
0
0.1
0.02
0
0.7
25.67
0.88
0.34
0.01
4.29
0.23
0
0
0
0
0
0
0
0
0.01
0
0
0
0
0
0
0
0
0
0
0.32
3.51
4.04
0.3
0.22
0.12
0.64
0
0.01
0
0
0
0
0
0
0
0
0.05
0
0
0
0
0
0
0
0
0.27
0
0
0.34
0.97
0.34
0
0.02
0.03
0
0
0
0
0
0
0
0.01
0.01
8.54
0.42
0
0.01
0.02
1.43
0
0.67
1
4.87
1.29
0.15
0.01
0.01
1.41
17.24
1.74
0
0.13
4.34
0
0
0
0
0
0
0
0
0
0.03
0
0.2
0.34
8.13
0.02
0
0.06
0.8
11.75
1.14
8.37
0
4.3
0.26
0.05
0.01
0.01
0
0
0.01
0
0
0
0
0
0
1.12
15.05
30.09
4.49
0.15
0.02
0.64
1.15
3.37
0.86
0.34
0
0
0
0.02
0
0
0
0
0.29
7.7
3.78
1.55
0
0.25
0
0
0
0
0
0
0.15
0.45
0.06
0
0.05
0
3.8
0.52
0
0
0.09
0.71
0
0.34
2.39
1.28
0.11
0
0
0
0
0
0
0
0
0
0
0
0
0
0
0
0
0
0
0
0
0
0.01
0
0
0
0
0
0
0
0
0
0
0
0
0
0
0
0
0
0
0
0
0
0
0
0
0.07
1.86
0
0
0.01
0.07
0
0.01
0
0
0
0
0
0.01
0.13
0.17
0.28
0.27
7.08
1.29
0.01
0
0
0
0
0
0
0
0
0
0
0.01
0
0
0
0.03
0
0.01
0
0
0
0
0.66
0
0.15
0
0.01
0.08
0.44
0
0.01
0.19
0.66
0.34
0.13
0
0
0
0
0
0
0
0
0
0
0
0
0
0.59
4.86
5.63
1.88
7.96
2.5
8.41
4.52
10.84
1.49
0.6
0.39
0.06
0.28
7.07
0.85
0.05
0
0.02
0
0
0.01
0
0.05
0.09
0.37
0.31
0.8
1.31
1.02
3.64
0.3
0
0
0
0
0
0.02
0
0
0
0
0
0
0
0.05
0.01
0
0.06
0
0
0
0
0.02
0.38
0.21
0
0
0
0
0
0
0
0
0
0.35
6.21
6.16
4.55
1.41
0.04
0
0
0.3
0
0
0.38
8.39
1.18
1.77
1.54
0
0
0
0
0
0
0
0
0
0
0
0
0
0
0
0.01
0
0
0
0
0
0
0
0
0
0
0.03
0.05
2.45
19.55
0.35
0.1
1.21
7.43
0.64
0.01
0
0
0
0
0
1.17
0
0.02
0
0.04
0.57
9.38
0.21
0
0.01
3.05
7.43
0
0
0.67
16.63
3.52
0
0
0
0
0
0
0
0
0
0
0
0
0
0
0
0
0
0.01
0.01
0.01
0
0
0
0
0
0.01
0.03
0.68
0.9
0
0
0
0
0.01
0
0
0
0
0
0
0.52
0.67
0.32
0
0.02
0.01
0
0
0
0
0
0
0.01
0
0
0.26
1.65
4.41
0.38
0
0
0
0.66
2.32
7.1
4.3
0.51
0.14
4.84
1.28
0
0.01
0.55
5.64
3.82
7.83
15.68
0.36
3.01
12.75
4.02
0
0
0
0
0
0
0
0
0
0
0
0
0.02
0
0
0.02
0
0.18
0
0
0.02
0.21
3.28
6.48
2.36
2.81
13.22
6.18
12.68
2.66
0.29
0.16
0
0
0
0
0
0
0
0
0.01
0
0
0
0.02
0.27
1.84
6.51
0.82
0
0.02
0
0
0
0
0
0.23
0.76
1.93
5.8
3.8
1.16
0
0.3
0.02
0.7
0.06
0.18
0.74
1
1.09
0.66
0
0.13
0
0
0
0
0
0
0
0
0
0
0
0
0
0
0.07
0.2
0.15
0.1
1.35
0
0.04
0.04
2.02
17.3
10.57
0.17
0
0
0
0
0
0
0
0
0
0
0
0.21
4.66
6.04
10.02
6.13
1.63
0.76
6.54
12.86
4.82
2.24
1.53
10.83
0.56
0.57
0.57
9.49
0.67
0.63
9.24
0.46
0.43
2.82
0
0
0.08
0.23
0
0
0.1
0.16
3.06
1.3
7.42
2.45
0
0
0
0
0
0
0
0
0
0.91
0
0.16
0.46
2.74
4
6.73
2.8
1.07
0.44
5.54
6.33
1.41
4.13
0
0.33
0
1.75
12.26
13.77
2.2
3.31
7.91
7.27
1.34
6.39
5.42
4.39
0.63
3.48
0.21
1.32
0.61
0.92
2.46
0.09
0
0
1.75
10.55
16.05
0.98
0.31
0.16
0.05
0
0.48
0
0
0
0
0
0.12
6.11
6.48
0.18
0.02
0
0.01
0
0
0
0
0.01
0.02
0
0
0
0
0
0
0
0
0
0
0
0
0
0
0
0
0
0
0
0
0
0
0
0
0
0
0.01
0
0
0
0
0
0.63
0
0
0
0
0
0
0
0
0
0
0.01
0.44
0.13
0
0
0
0
0
0
0
0.41
2.26
2.43
0
0
0
0
0
0
0
0
0
0
0
0
0
0
0
0
0
0
0
0
0
0
0
0
0
0
0
0
0
0
0
0
0
0
0.48
6.88
6.96
0.02
0.96
3.15
1.95
3.64
0
0
0
0
0
0
0
0.02
0
0
0
0
0.02
0.64
7.86
1.52
0.01
0
0
0.01
0.29
5.7
0.99
0
0
0
0.05
0.67
2.66
0.3
11.23
1.1
6.73
16.3
16.05
2.67
5.63
0.08
8.32
26.81
3.85
7.11
2.09
0.79
3.81
1.19
0.3
0.23
0
0
0
0
0
0
0.02
2.68
13.14
1.44
0.32
1.13
0
0
0
0
0
0
0
0.07
0.46
0.14
0
0.88
0.05
0.03
0
0.14
0.54
0.34
0
0
0
0
0
0
0
0
0
0
0
0
0.23
4.24
7.94
1.24
0
0
0
0.03
0
0
0
0
0.51
2.34
4.1
0.63
1.7
12.45
13.18
6.3
4.53
0.55
6.86
2.54
0
0
0
0
0
0
0
0
0
0.01
0
1.49
3.6
10.23
9.45
12.36
1.23
1.8
1.63
0.26
3.05
9.16
1.24
0.48
0
1.62
0.61
0
0.16
0.74
0.03
0.05
0.37
1.98
0.21
0.18
0.12
0
0
0
0
0
0
0.01
0.17
0.02
0
0
0
0.04
0.36
4.69
2.99
2.21
0.59
0.04
0
0
0.03
0.11
0
0
0
0
0
0
0.4
5.02
4.1
2.91
2.93
9.9
1.02
0.33
0.03
0.07
0.01
0.05
0
0.04
0
0
0.07
2.55
17.27
8.9
4.05
7.76
1.52
0.13
1.63
0.02
0
0
0
0.39
5.96
0.9
4.27
0.69
0
0.02
0
0
0.02
0.25
1.48
3.04
8.57
5.95
0.12
0.07
0.88
0.21
0.02
1.08
2.58
0.63
0.05
0.11
1.74
0.2
0.04
0.22
2.47
16.11
8.32
0
0.4
0
0
0
0
0
0
0
0
0
0
0
0
0.01
0
0.1
0
0
0
0
0.03
5.41
0.06
0
0
0.45
0
0.25
1.57
1.63
0
0
0.07
0
0
0
0
0.02
0
0.91
0
0.42
0
0
0
0
0
0
0
0.01
0
0.13
0
0
0
0
0
1.66
1.16
0
0
0
0
0
0
0
0
0
0
0
0
0
0
0
0
0
0
0
0
0
0
0.05
0
0
0
0
0
0
0
0
0
0
0
0
0
0.34
0.18
0
0
0.07
0
0
0
0
0
0
0
0
0
0
0
0.04
0.73
0
0.08
0.17
0.32
0
0
0
0
0
0
0
0
0
0
0
0
0
0
0
0
0
0
0
0
0
0
0
0.01
0.02
0
0.03
0.01
0.01
0.01
0
0
0.09
0.57
4.09
3.21
8.96
2.12
1.45
0.01
0
0
0.16
0.07
2.86
0.47
0.05
1.39
1.13
0.01
0
0
0
0
0
0
0.14
8.33
12.84
2.95
0
0
0
0
0
0.27
2.2
6.86
0.87
2.16
2.34
0.05
1.5
0
0
0
0
0
0
0
0
0
0
0.96
4.29
5.63
6.52
2.62
1.9
11.02
6.94
4.32
2.42
2.93
3.4
3.34
1.74
0
0.89
0.11
3.13
0.48
0
0
0
0
0
0
0
0
0
0
0.01
0
0
0.01
0
0
0
0
0.16
2.84
8.53
2.59
0
0.29
0.39
2.44
5.76
0.48
0.3
4.24
2.19
0.03
0.06
0.23
4.74
14.96
13.02
7.07
7.85
6.5
2.31
2.13
7.16
2.59
0.16
0.15
5.58
0.48
0
0
3.16
4.95
1.61
0
0.01
0
0.26
2.33
2.71
0.2
0.5
0.17
4.46
4.02
0.35
0
0
0
1.05
0
0.32
0.27
0
0
0
0.04
0.07
0
0
0
0
0
0.34
11.94
0.7
0.1
5.76
13.34
0.48
0.22
0.12
2.6
3.16
1.01
0
0.72
1.6
1.48
0.6
0.54
0
0.16
3.41
0.81
1.6
7.54
7.29
6.77
1.2
0.09
0.01
0
0
0
0
2.23
5.59
3.01
0
0
0
0
0.02
0
1.05
0
0
0.02
0
0
0
0.01
0
0.33
0.21
0.04
2.25
0.34
0.01
0.27
0.02
0.01
0
0
0
0
0
0
0
0
0
0
0
0.01
0
0
0
0
0
0.03
0.15
4.13
0
0
0
0
0
0.38
0
0
0
0
0
0.01
0.16
0.06
0.58
0
0
0
0
0
0
0
0
0.01
0
0.04
0
0
0
0.02
0.03
0
0
0.01
0.27
4.66
0
0
0
0
0
0
0
0
0
0
0
0
0
0
0
0
0
0
0
0
0
0
0
0.04
0
0
0
0
0
0
0
0
0
0
0.24
5.62
13.07
0.15
0
0
0
0
0
0.94
0.01
0
0.36
16.73
1.7
0
0.01
0
0
2.05
4.85
0.76
5.11
0.32
2.86
2.3
0
0.02
0
0
0
0
0
0
0
0.08
1.89
3.05
5.63
5.53
1.15
0.01
0.02
2.53
3.18
1.09
6.01
10.52
4.34
3.99
4.26
0.36
0
0.02
0.13
3.16
7.5
2.73
0.02
0
0
0
0
0
0
0
0
0
0
0
0
0
0
0
0
0.36
6.65
9.62
3.81
0.43
0.06
0.07
0
0.03
0.56
0.39
0
0
0
0
0.23
0
0
0
0
0.01
0.01
0
0
0
0.39
3.58
0.34
0.01
0.02
0.41
12.78
4.13
0.2
0.16
0.01
0
0.01
0.28
2.6
0.49
0
0.02
0
0
0
0
0
0
0
0.01
0.01
0
0
0
0
0.05
1.1
21.97
12.09
1.43
13.12
8.08
2.32
0.52
0
0
0
0.3
0.07
0.3
2.63
0.7
0.21
2.53
6.79
3.27
4.96
10.41
3.96
0.01
0.63
5.77
1
0.53
0.07
0
0
0
0.23
5.38
8.06
0.36
0.01
0.01
0.79
14.65
7.74
1.59
0
0
0
0
0.58
4.18
4.93
0.18
0.02
0
0
0
0
0.13
0
0
0.02
0.28
0
0.01
0.13
0.34
0.21
0
0
0
0
0.02
0
0
0.01
0
0.02
0.87
3.34
0.58
0.01
0.66
0.04
0.17
0
0.24
6
5.32
9.31
5.97
2.82
14.56
9.64
1.95
0.54
0
0
0
0.46
0
0
0
0
0
0
0.02
0.04
0.3
3.9
0.64
0.02
0
0.02
0.09
0
0
0.09
0
0
0
0
0
0
0.32
0.25
1.81
0.03
0.01
0
0.48
5.18
7.27
0.92
0
0.01
0
8.08
15.57
0.57
0
0.04
0.83
0.71
0
0
0
0
0
0
0
0
0
0
0
0
0
0
0.05
0.14
1.22
0.03
0
0
0
0
0
0
0
0
0
0.63
0
0
2.05
0.99
3.23
2.02
0.09
0.68
0.75
2.35
2.27
5.45
0.41
0
0.19
8.17
6.05
21.47
12.93
0.25
0
0
0
0
0
0
0
0
0.47
31.98
0.92
0
0.01
3.03
0.02
0
0
0
0
0.01
0
0.46
0
0
0
0.25
0
0
0
0
0
0
0
0
0
0
0
0.05
0
0
0
0
3.42
1.53
0.83
1.04
0.4
0.01
0.02
0
0
0
0
0
0
0.01
0
0
0
0
0
0
0
0
0.22
0
2.7
2.16
0.07
0.55
0.77
4.79
1.75
0.04
0.03
0.57
0.23
12.3
0.76
2.72
2.8
7.03
0.29
0.04
0.17
10.38
19.41
4.2
0
0.06
0.53
0.14
0.24
0.09
0.16
3.21
5.59
2.04
16.78
7.64
4.98
1.14
0.96
5.06
0.28
0.2
0
0
0.02
0.75
0.88
1.37
0.59
4.18
26.77
4.06
0.25
0
0
0.02
0.27
0
0
0
0
0
0
0
0.03
0.46
0.45
0.63
0.36
0.16
0
0
0.01
0
1.77
6.98
10.28
8.33
3.71
0.9
0.27
1.12
3.02
6.87
20.88
8.53
2.67
1.57
0.63
0
0.25
0
0.01
0
0
0
0
0
0
0
0
0
0
0.39
10.73
0.36
0.13
0.02
0.11
2.83
0.28
0
0
0
0.04
9.24
2.48
7.16
7.65
6.97
4.46
10.91
0.89
0
0
0
0
0.19
0.46
2.64
2.07
4.86
1.15
4.88
1.25
0
0.59
0
0.13
0.66
0.13
4.65
0.71
0
0
0
0
0
0.15
0
0.1
4.99
3.93
0.28
0.02
0
0
0
1.02
0
0.01
0.03
0.2
0
0.01
0
0.02
0
0.76
0
0
0
0
0
0
0
0
0.03
0
0
0
0
0
0
0.15
1.12
0.07
0
0
0
0
0
0
0.05
0.01
0
0
7.9
12.35
25.1
3.3
3.6
0.53
0.46
0.05
3.99
8.25
4.93
0.07
0
2.72
2.13
2.54
2.79
2.66
1.13
0.01
0.88
0
1.14
16.38
10.94
0.68
0.37
0.48
0
3.23
0.51
1
7.56
1.78
0.62
0.53
1.75
1.97
7.49
6.13
9.84
2.61
3.95
0.65
1.35
0.03
0
0
0.12
0.04
0.05
0
4.48
2.25
0
0.13
0
0
0.05
0
0.02
0
11.58
0.17
0.04
0
1.13
29.66
21.81
4.2
2.17
3.21
5.34
2.23
3.77
2.27
4.97
0.25
0
0
4.55
0.48
7.13
1.04
0.02
7.58
7.93
0.06
10.3
9.8
0.01
0.13
0.86
2.85
1.57
0
0.01
0
0.01
0
0
0
0.4
0
0
0
0
1
0.08
0
0
0
5.77
0.02
0
0
0
0
0
0
0
0.01
0.19
0
0
0
0
0
0
0
0
0
0
0
0
0.61
0
0
0
0
0
0
0
0
0
0
0
0
0
0
0
0.02
0
0
0
0
0
0
0
0
0.59
0.01
0
0
0.01
0
0
0
0
0
0
0
0
0
0
0
0
0
0
0
0.4
1.52
1.16
0
0
0
0
0
0
0.01
0.48
1.26
2.25
0.09
0
17.36
19.98
17.14
6.29
4.38
0.86
0
0
0.02
0
0
0
0
0
0
0.23
1.26
0.04
0
0.06
0
0.16
0
0
2.71
1.05
0.09
0.13
7.61
6.37
1.43
0.06
0
0
0
0
0
0
0
0
0.01
0
0.25
0.16
0.38
0
0
13.99
5.82
0.23
0.04
0
0
0
0
0
0
0
0.01
0
0
0
0
0
0
0
0
0
0
0
0
0
0
0
0
0
0
0
0
0
0
0
0.01
0.49
4.32
0.21
0
0
0
0.11
0.01
0
0
0
0
0.01
0.02
0.13
0.07
0
0
0
0
0
0
0.01
0.02
0
0
0
0.01
0.02
0
0
0
0
3.53
3.33
2.75
0.59
0
0
0
0.19
0.07
0.01
0
0
0
0.05
0
3.2
8.27
7.26
2.46
2.65
1.41
0
0
0.02
0
0
0
0.19
1.87
0.65
0.07
0
0
0
0
0
0
2.4
4.56
0
0.02
0
0
0
0
0
0
0.11
0
6.59
0.58
8.13
5.55
0.53
3.16
5.67
3.93
1.66
1.48
5.07
3.37
1.74
0.07
2.37
3.2
2
0.58
0.08
0.52
0
0
3.2
1.43
0.95
8.29
6.22
15.06
16.13
2.08
0.75
0
0.2
0
0
0
0
0
0
0
0
0.93
0
0.01
0.15
2.71
3.7
0.25
0.25
0
0
0.54
0.2
0.07
6.24
5.91
10.7
24.48
3.06
3.98
1.83
6.05
5.66
9.36
10.15
1.62
1.24
0.41
0.05
0.01
0.06
0
0.01
0
0.17
0
0
0.64
15.76
1.25
0.14
5.8
5.04
1.51
0.07
0
0
0.15
0
0.01
0
0
0
0
0.13
0
0
0.13
0.09
0.32
0.01
0
0
0.11
0
0.97
0
0
0
0.01
0.24
0
0
0.18
0.84
0.3
0
0.04
0
0
0
0
0
3.52
0
0.11
0
0.3
0.13
0
0.12
0
0.05
0
0.41
1.89
0
0
0.01
0
0
0
0
0.06
0
0.05
0
0.08
0
0.47
0.04
0.01
0
0
0
0.71
0.04
0
0
1.52
4.38
0.44
1.14
10.81
6.32
1.71
1.93
0.65
0.04
0
0
0
0.02
0.95
0.05
0
0
0
0
0
0
0
0
0.14
0
0
0
0
0
0
0
0
0
0.39
0.06
0
0
0
0
0
0
0.46
0
28.2
5.14
0.02
0
0.41
0.14
0.02
0.01
0.06
0.03
2.42
0.24
0
0
0
0.06
0.61
0.28
0
0
0
0
0.01
0
0.03
0
0.02
0
1.63
2.04
2.34
4.33
5.55
18.43
7.08
8.2
8.77
3.05
2.36
4.43
7.43
7.77
2.3
2.37
2.5
3.97
0.37
2.12
1.31
4.08
2.2
2.83
4.48
6.23
0.7
0.22
7.86
4.39
1.67
0.61
12.41
13.15
7.67
0.66
0.12
3.79
0.74
0
0
5.2
8.39
1.54
0.02
0
0.47
0
4.29
4.16
5.65
0.86
0
0.02
0
0.16
0.27
0.21
0.23
0
0
0.07
0.13
0.02
0.02
0.01
0
0
0.01
0
0.01
0.27
0.27
0
3.46
4.41
1.64
0.69
4.5
0.33
0
0
0
0
0.02
0
0
0
0
0
0
0.03
0
0
0
0
0
0
0
0.03
0
0
0
0
0
0
0
0
0.03
0
0
0
0.05
0.2
4.08
0.02
0
0.82
0.16
0
0.01
0
0
0.07
0
0.01
0
0
0
4.84
2.55
0.74
0
0.06
0
0
0
0.02
3.34
0.9
0.09
2.17
10.27
5.25
1.52
4.66
1.3
0.11
0
0
0.76
0.05
0
0
0
0
0
0.25
0
0.16
0.71
0.48
3.58
2.47
0.16
0
0.57
0.23
0.91
0.14
0.01
0
0
0.04
0
0
0
0.09
0
4.25
0.45
0
0.12
0.98
0.03
0.63
1.66
1.02
0.23
0.02
0.2
0
0
0.84
0.89
0.05
0
0
0
0
0
0
0.8
0.02
0.08
0
0
0
0.24
0
0.31
2.1
3.2
0
0
0
0.02
0.02
0
0
0.24
0
0.01
0.08
0
0
0
0
0
0
0
0
0
0
0.01
0
0
0
0
0
0
0
0
0.09
0
0
0
0
0
0.02
0.75
1.06
0.85
0
0
0.86
6.91
0.5
0
0
0
2.7
0
0
0
0
0.05
0.04
1
0.76
0
0
0.84
0
0
0
0.48
0
0.43
20.38
3.52
0.17
0.62
0.31
0
0.03
0
0
0
0
0
0.04
0.02
0.65
0
0
0
0.93
21.38
12.05
0
0.02
0
0
0
0.03
14.86
2.23
0
0.43
0
0
0
0.02
0.09
1.88
0.07
0
0
2.83
0.41
2.05
0.88
0
0
0.01
0
2.9
0.17
0
0.05
0.01
0
0
0.3
1.28
0.69
1.41
10.55
1.38
1.39
8.35
21.49
7.09
2.51
0
0.3
3.18
3.18
0.02
0.01
3.14
0.4
0.59
0.01
0.09
0.09
0
8.2
16.21
4.41
0.52
0
0.05
0.13
0.16
0.05
0
0
0.35
0.15
0.23
3.91
0.46
4.24
8.59
1.38
0.18
0.12
0.05
0.02
0.02
0.01
0
0
0
0
0
0.59
9.98
1.59
0.14
0
0
0.01
0
0
0
0
0
0
0
0
0
0
0
1.88
0.18
0.73
0.25
0.5
0.13
0.25
0.05
0
0
0
0
0.59
4.17
0.33
0
0.3
0.53
1.46
0.02
0
0.03
0.09
0.18
0.04
0
0
0
0
0
0
0.06
0.11
0
0
0.3
0.1
0.31
4.58
6.29
0.14
0
0.21
0.61
1.25
0.59
1.41
0.7
0
0.06
0.03
0.09
0
9.05
3.22
10.63
0.51
0.03
0
0
0
0.06
0
0.3
2.2
15.55
1.54
0.63
1.02
0.13
5.11
7.53
8.06
2.35
1.47
0.84
0.55
2.6
3.65
0.58
0
2.33
4.62
0.17
0.05
0
0.02
0.03
0.24
0
0.61
5.06
1.36
0.01
0
0.07
0
0
0.08
1.85
3.24
0
0
0
0
0
0
0.08
2.12
1.04
9.1
17.6
0.77
0.96
0
0.03
0.03
0
0
0
0.09
1.1
0.41
0
0.03
0
0
0
0
0
0
0.3
0
0.04
1.05
0
0
0
0
0
0
0
0
0
0
0
0
0
0
0
0
0
0
0
0.01
0.55
1.02
3.73
4.41
0.71
0.43
0.2
0
0
0
0
0
0
0
0
0
1.27
5.05
0.11
0.01
0
0.02
0
0
0
0
0
0
0
0
0
0
0
1.72
0.36
0.52
0.15
0
0
0
0
0
0
0
0.02
0.01
0
0
0
0
0
0
6.04
0.11
0
0
0
0
0
0
0.04
0
0
0
0
0
0
0
0
0
0
0
0
0
0
0
0
0
0
0
0
0
0
0
0
0
0
0.01
0
0
0.12
0.44
0
0
0
0
0
14.86
13.51
21.09
1.32
0.02
0
0
0.14
0.96
0
0
0
0
0
0.02
0
0.06
3.52
17.05
1.18
0
0.09
0
0
0
15.2
0.86
1.81
0.06
0
0.02
0
0.01
0
0
0
19.23
23.87
6.53
3.46
1.12
1.68
1.36
0.01
0
0.01
0
0
0
0.28
0.46
0.11
10.32
7.45
0.42
0.5
0
0
0
0
0.23
2.55
3.2
0
0.01
0.01
0
0
0
0
0.39
3.8
0.63
1.52
0.01
0
1.21
0.73
0
0
0.01
0
0.38
0.13
0
0.08
0.43
22.04
4.87
4.2
4.49
0.39
0
0
0.02
0
0.18
0.03
0
0
0.02
0.63
4.83
1.29
0.08
0
0
0
0.04
0
0
0
0
0
0
0
0
0.01
0
0
0
0
0
0
0
0
0.7
2.45
2.04
0.01
0
0.04
0
0
0
0
0
0
0
0
0
0.11
0
0.01
0
0
0
0
0
0
0
0
0
0
0
0
0
0
0.07
0
0
0
1.09
0.4
0.01
0.02
0
0
5.93
3.49
0.5
0
0
0.25
2.53
2.54
0.47
0
0
0
1.77
0.57
0
0
0.1
0
0
0
0
0
0
0
0
0
0
0
0
0.02
0
0
0
0
0.38
0
0
0.29
0
0.01
0.07
7.34
3.18
2.2
9.16
8.21
7.02
0.55
0.74
0.72
0.2
0.05
0
0
0
0
0.02
0.01
0
0
0
0
0
0
0
0
0
0
0
0
0
0
0.57
9.55
4.76
0.08
0
0
5.01
0.29
0
0
0
0
0
0
0.05
0.02
0
0
0
0
3.14
1.05
0.5
4.41
0.37
0.02
0
0.19
3.89
17.29
15.7
2.61
0.59
0.89
0
0
0
0.45
0.12
1.08
0.88
0
0
5.2
12.02
5.04
15.88
5.6
0
0
0
0
1.41
16.75
1.06
0
0
0
0
0.01
0.01
0
0
0
0
0
0
0
0
0
0
0
0
0
0
0
0.21
0.27
0
0
0
0.13
0
0
0.01
0
0.33
0.01
0
0.2
9.44
10.44
0.09
1.64
5.97
0.18
0.34
1.34
0.69
1.37
0.39
0
0
0
0
0
0
0
0
0
0
8.56
0
0
0
0
0.08
0.45
0
0
0.21
0.21
0
0.2
0
0
0
0
0
0
0
0.08
0
0
0
0
0
0
0
0
0
0
0
0
0
0
0
0
11
6.92
1.94
0.38
0
0
0
0.02
0
0
1.63
0
0.09
4.5
3.99
6.98
10.24
4.73
0.52
0.08
2.81
13.53
2.71
8.86
14.59
0
0
0.08
0
0.01
0.2
0.11
2.84
0.3
7.96
8.46
1.06
0.06
0.01
0
0
0.08
0
0
0
0
0.01
0
0
0
0
1.91
0
0
0
0
0
0
0
0
0
0
0
0
0
0
0
0.79
0.94
0.41
11.59
1.04
7.6
1.07
0.03
0.01
0
0
0
0
0.48
4.41
4.96
0.29
0.02
0
0.12
0
0.2
1.8
0.53
0.96
0.38
0.02
0.01
0
0
0
0
0
0
0
0
0
0
0
0
0
0
0.15
0.02
0
0
0
0
0
0
0
0
0
0
0
0
0
0
0.01
0
0.23
0.22
0
0.02
0.02
0.61
0
0.32
0.01
0
0.33
2.92
3.44
0.26
0.05
0
0
0
0
0
0
0
0
0
0
0
0.01
1.48
0.42
0.05
0.6
0.57
0.19
0
0
0
0
0
0
1.97
0.89
0.21
3.34
3.59
0.05
0
0.52
0
0
0.45
0
0
3.34
2.51
0.69
0
0
0
0
0
0.01
0
0
0
0.05
0.01
0
0
0
0
0
1.8
2.25
0.21
1.16
0.6
0.39
0
0
0
0
1.38
0
1.02
12.43
10.23
5.12
6.07
1.41
2.8
1.15
4.99
0.38
0.06
0.61
0.02
0.29
0.39
0.11
6.94
5.83
1.47
1.03
6.24
0.2
0
0.03
9.26
4.32
0.48
0.07
0
0.11
8.67
26.01
16.63
5.94
1.58
0.05
0.02
0
0
0
0
0.43
0.44
16
4.92
4.4
2.44
13.35
2.19
0
0
0
0.01
0.01
0
0.22
0
0.02
0.05
0
1.85
0.07
0.01
0.02
0
0
0.01
0
0
2.48
0.2
0.7
0.06
0
0
0
0
0
0.02
0.02
0
0
0
0
0
0
0
0
0
0
0
0
0
0
0
0
0
0
0
0
0
0
0
1.18
1.34
1.97
0.09
0.06
0
0
0.08
0
0
0
0
0
0
0
0
0.01
0
0.01
0.27
4.12
0
0
0
0
0
0
0
0.01
0
0
0.75
0
1.27
1.97
4.91
0
0
0
0
0
0.15
0.33
0
0.01
0.05
0
0
8.58
6
1.01
0
0
0
0.03
0
6.22
0.96
1.84
0.96
0.24
4.52
7.68
3.77
3.06
4.89
11.25
5.65
14.91
4.73
2.81
1.26
2.77
3.61
2.39
0.12
0.17
0.06
0
0.02
0.06
0.08
1.18
9.03
18.9
0.84
0
1.52
4.98
1.14
2.92
10.04
3.61
3.79
3.9
1.08
0
0.01
0.03
0
0.01
0
0
0
0.08
0.02
0
0
0
0
0
0.03
0
0
0.12
0.23
3.78
0.35
5.74
0.52
0
0
0
0
0
0
0
0
0
0
0.01
0
1.2
0.1
0.02
0
0
0.01
0.11
0.11
0.04
0.07
0
0
0
1.16
0.09
0
0.38
0.31
0
0.66
2.71
0.16
6.61
10.7
0.84
4.72
7.89
2.42
0.4
0.51
0
0.07
0
0
0
0
0
0
0
0
0
0
0.02
0.03
0
0
0
0
0
0
2.55
7.9
0.58
0.5
0.07
2.18
0
0
0
0.01
0
0
0
0
0.99
0.37
0.31
2.3
0.74
0
1.46
0.52
0
0
2.37
6.26
3.47
0.05
0.08
0
0
0.02
0.01
0
0
0.02
0
0.05
0.07
0
0
0
0.04
0.06
0.05
0
0
0
0
0
0
0
0
0
0.02
0.1
0.1
0
0.01
0
0
0.03
0.09
0.05
0
0.12
0
0
0
0
0
0.07
2.88
1.23
0.05
0.47
7.08
0.97
0
0.73
4.43
3.2
0.22
0
0
0
0
0
0
0
0
0.03
0.05
0.19
2.36
0.59
0
0
0
0
4.91
1.63
5.3
5.95
3.45
0.03
2.66
0
0
0
1.11
0.01
0
0
0
0
0
0
0
0.73
0.02
0
0
0
0.14
0.43
0.79
0
0
0
0
0
0
0
0
0
0
0
0
0
0
0
0
0
0
0
0
0
0
0
0
0
0
0
0
0
0
0
0
0
0
0
0
0
0
0
0
0
0
0
0
0
0
0
0
0.01
0
0.96
0.63
0
0.01
0
0
0
0
0
0
0
0
0
0
0
0.04
0.23
0
0
0
0
0
0
0
0
0
0
0
0
0
0
0
0
0
0
0
0
0.01
0.06
0
0.02
0
0
0
0
0.06
0.36
0.88
0
0
0
0
0
0
0.11
0.36
9.91
0
0
0.01
0
6.36
1.43
2.02
7.31
2.27
0.24
1.21
6.63
0
0.45
0
7.38
0.28
0.1
0
0
11.63
10.59
2.53
0.9
2.23
2.14
3.25
0.04
8.82
0.39
0.23
3.25
0.66
9.32
0.51
0
0
0.14
0
0
11.12
11.4
1.56
6.32
3.54
5.32
3.64
0.04
0.84
5.26
0.7
0
0
0
0
0
0
0
0
0
0
0
0
0
0
0.03
0.02
0
0.07
0.04
0.17
0.02
0.7
0.11
2.63
0.14
0.42
0.05
0
0.01
0.03
0
0.01
0.02
0.02
0.74
0.08
0
0
0
0
0
0
0
0
0
0.12
0
6.13
4.13
0.09
0.08
0
0.02
0
0
0
0.01
0
0
0
0
0
0.01
0.03
2.5
2.84
0.12
1.43
0
0
0
0.13
0.1
0
0.01
0.02
0.85
0.1
0
0
0
0
0
0
0
0
0.24
0.66
0.41
0
19.35
5.34
0
0
0
2.83
0.28
0
0
0
0
0
0
0.73
0.24
0
0.02
0.01
0
0.68
0.38
0
0
0.01
0.01
0
0.95
0
0
0
0
0
0
0
0
0
0
0
0
0
0
0
0
0
0
0
0
0
0
0
0
0
0
0
0
0
0
0
0
0
0
0
0
0.05
0
0.01
0
0.12
2.56
6.22
1.21
2.89
0.46
0.04
3.95
2.11
0
0
0.08
8.24
0.38
0.42
0
0.13
1.56
11.31
4.22
3.15
6.96
0.49
0
0.09
0.03
0.04
0.01
1.48
0
0
0
0
0
0
0.04
0.09
0
0
0.01
0
0
0
0.02
0.01
0
5.95
2.19
3.26
6.09
6.63
3.53
0
0
0.02
0
0
0
0.03
0.04
0.01
0
0.01
0
0.04
24.29
15.62
0.68
2.95
11.39
1.82
0
0.07
0
0
0
0
0
0
0.02
0.2
0
0.04
0
0
0
0
0.01
0
0
0
0
0
0
0
0
0.11
0
0
0
0
0.05
0
0
0
0
0
0
0
0
0.91
19.39
2.76
0.06
0
0
0
0.01
0
0.01
0
0
2.74
5.14
0
9.14
0.48
0
0
0
0
0
0
0
0.03
2.18
0
0.09
0.5
0
0
0.01
0
0
0.01
0.13
0
0
0
0
0.14
7.85
1.52
0
0
0.02
0
0
0
0
0
0
0
0
0
0
0
0
0.04
0
0
0
0.02
0.02
0.21
0.16
0.07
4.04
0.56
0
0.14
0
0.21
0
0
0
0.3
1.35
0.37
0
0.02
0
0
0
0.02
0
0
0
0
0
0
0
0
0.33
15.04
19.66
4.75
0.25
1.05
2.61
13.66
4.93
1.71
0.27
0
0.24
0
0
0
6.02
0.42
1.59
0.05
0
3.15
0.15
0.03
0.23
5.18
0.13
1.02
4.34
1.91
0.42
0
0.05
0
0
0.35
15.48
2.34
0.25
0.38
0.21
0.07
0.58
7.08
1.58
1.25
6.34
2.3
7.47
2.41
9.76
13.13
15.23
4.28
0.41
0.5
9.05
6.27
7.45
0.95
7.52
3.53
1.34
7.61
0.7
0
0.07
0.07
0.1
0.08
0.03
2.12
0.94
7.27
3.88
14.43
3.52
0.22
1.75
1.09
6.15
1.33
0.13
5.88
11.96
2.32
0.82
0.49
5.15
1.2
0.1
0.2
0.19
0.07
0.17
0
1.45
0.71
0.01
0
0
0
1.43
0.13
0.05
0
0
0.04
1.26
6.69
0.39
0.16
0
0.03
0
0
0
0
0
0
0
0.02
0.01
0
0.13
3.44
2.73
0.57
0.02
0.15
0.22
2.86
0.26
0
0.01
0.25
0.02
0
1.19
0.07
0
8.46
6.93
6.3
7.12
0.8
0
0
0.2
1.32
0.99
0.55
0
0
0
0
0
0
0
0
0
0
0
0
0.35
8.79
0.51
0
0
0
0.09
0.17
1.7
0.3
1.25
3.02
0.12
0
1.88
18.07
5.39
0.93
5.34
25.62
18.21
0.41
0
0
0.29
0.71
9.7
6.88
5.95
1.17
0
0
0
0
0
0
0
0
0
0
3.11
0
0
0
0
0
0
0
0
0
3.25
0.02
0
0
0
0
0
4.45
0.81
0.41
0.04
0
0
0
0
0
0
0
0
0
0
0
0
0
0
0
0
0
0
0
0
0
0
0.01
0.01
0
0.04
0
0
0.04
0
0
0
0.12
1.27
0
0.34
0.07
0
0
0
0
0
0
0
0.02
0
0
0.7
0.08
0
0
0
0.02
4.82
0
6.03
0.13
0.01
0
0
0.01
0
0
0
0
0
0
0.01
0.6
0.55
0
0
0
0
0
0
0
0
0
1.22
0.36
1.07
2.09
0.06
0
0.05
0.05
0
0.67
1.54
3.37
10.98
1.58
0
0
0
0
0
0
0
0
0.02
0
0
0
0
0
0
0
0
0
0
0
0
8.6
0.95
0.3
0
0.2
0.09
0
0
0
0
0
0.05
0
0
0
0
0
0
0
0
0
0.04
1.99
0.5
0.07
0
0.39
0.09
17.2
26.05
9.14
9.22
1.48
0.13
4.14
2.25
0.25
2.2
0.33
0.18
1
0.64
0.07
0
0.04
0
0
0
0
0
0
0.03
12.59
5.97
3.14
0.55
0.54
0.15
1.23
14.71
12.8
11.79
0.86
0.04
0.72
3.42
6.72
6.06
12.42
9.18
3.66
7.72
7
1.81
0
0.38
0.69
7.42
3.48
15.53
0.91
8.28
4.3
1.73
10.64
3.92
12.52
14.16
2.34
0.38
0.1
0.14
0.27
0.39
2.91
8.65
3.44
9.84
17.88
9.91
2.95
6.74
0.73
0.59
0.52
0.29
0.14
0
0
0
0
0
2.72
1.27
0.13
0
0
0
0
0
0.03
0
0
0.05
0.07
0
0
0
0
0
0
0
1.5
0.59
0.01
0
0
0
0
0
0
0.01
0
0
0
0
0
0
0
0
0
0
0
0
0
0
0
0
0
0
0
0
0
0
0
0
0
0
0
0
0
0.14
0.05
0
0
0
0.88
0
0.01
0
0
0
0
0
0
1.55
6.33
9.54
11.02
6.75
1.16
0
0
0
0
0
0
0.01
0
0
0
0
0.17
0.44
1.92
0.88
2.24
0
0.01
0
0.26
1.04
3.04
4.21
7.23
6.05
3.2
0
0
0.01
0.19
0.16
4.43
6.56
2.87
0.65
0.15
0.03
0
10.28
8.2
1.73
0.37
6.71
14.63
1.36
0
0
0
0.06
0
0
0
0
0
0
0.03
2.3
0.77
0.04
0
0
0
0
0
0.02
0
0
1.05
0.14
0
9.96
10.21
0.04
0
0
0
0
0.2
0.7
0.07
0
0
0
0.08
1.24
0.68
0.01
0
0
0
0.52
2.86
6.94
1.1
0.03
0
1.34
0
0
0
0.03
0
0
2.45
0.85
0.87
0.01
0.53
15.42
0.35
1.7
0.15
0
0
0
0
0.01
0
0.01
0
0
0
0
1.43
0
7.33
0.39
0.95
0.17
0
0
0
0
0
0
0
0
0
0
0.1
0
0
0
0
0
1.2
1.37
1.26
0
0
0.16
0.37
0
0
0.69
4.77
6.1
4.07
0.33
0.73
0
2.3
0
0
0.33
0
0.75
1.06
0
0.01
0
0
0
0
0
0
0
0
0
0
0.24
2.37
1.93
2.67
0.98
0.3
0.66
1.86
3.7
5.43
0.02
0
0
0.02
9.77
8.46
6.14
22.79
8.72
5.5
5.58
3.59
7.55
10.34
1.74
12.91
0.22
0
0.08
0.36
9.01
0.77
1.6
23.52
5.83
0.3
1.06
10.32
1.63
0.21
2.22
0.07
0
0
0
0
14.48
0.02
0
0.02
1.54
0.23
0.31
2.9
4.07
0.02
0.02
6.59
8.68
16.22
5.63
1.24
0.43
3.26
6.19
0.75
0.17
2.01
1.13
0.15
0.8
1.96
2.39
7.27
0.04
0.18
0.07
0.29
0.02
0.11
0
0
0
0
0.13
3.43
1.17
0
0
0
0
0.09
0
0.04
0
0
0
0
0.63
5.29
0.63
0.66
3.36
0.56
1.29
1.99
20.75
4.09
5.54
0
0.06
0
0.5
2.81
0.22
0
0
0
0
0
0
0
0
0.01
0.25
3.53
0.09
0
0
0
0
0
0
0
0
0
0
0
0
0
0
0
0
0
0
0.02
0
0
0
0
0
0
0.24
0.09
0.05
1.03
0.06
0
0
0.02
0.01
7.6
0.34
4.14
0.02
0.09
1.59
0.8
3.67
1.25
0.73
0
4.09
3.11
1.68
0.01
0.03
6.7
2.98
5.94
0.4
0.01
0
0
0.13
1.87
0
0
0
2.61
0
9.27
6.69
5.18
0.56
4.32
0.93
0.37
0.04
0
0
0
0.09
7.66
12.85
2.34
3.46
11.05
9.02
0.05
0.13
0.13
7
4
0.41
1.34
3.82
6.2
0
4.86
11.57
0.64
9.7
2.79
1.71
0.89
0.03
0.52
0.86
7.57
0.15
0
0
0
0
0
0
0
0
0.06
0
0
0
0
0
0
0
0
0
0
0
0
0
0
8.26
4.34
0
0
0
0
0
0
0
0
0
0
0
0.03
0
0
0
0
0
0
0
0
0
0
0
0
0
0
0
0
0
0
0.46
0.02
0
0
0
0
0
0
0
0
0
0.07
0
0
6.44
4.46
0
0
4.29
0.67
0
0
0
0
0
0
1.4
0
0
0
0
0
0.01
0
0
0
0
0
0
0
0
0
0.02
0
0
0
0
0
0.04
0.4
0.07
4.59
15.55
2.42
3.25
8.03
5.7
1.85
9.05
0.38
0.81
0.02
0.13
2.11
4.95
8.94
1.93
0.02
0.48
0.86
0.12
0
0
0
0
0
0
0
0.02
0
0
0
0
0
0
0.38
0
0
0
0
0
0
0.14
0.56
8.37
10.43
0.35
0.33
0
0
0
0.11
0.01
0
0
0
0
0
0
0
0
0
0
0
0
0
0.09
0
0
0
0
0
0
0
0
0.13
0.02
0.02
0
0.23
0
0.18
0
0.04
0.05
0.17
0
0
0.03
0.01
0.01
0.8
0
0
0
0
0
0
0.07
0.4
8.32
8.76
2.9
0.54
0.01
0
0
0
0
0.02
0.36
2.59
0
0
0.01
0
0
0
3.29
1.3
0.01
0
0.11
0.51
3.54
0.59
0
0
0
0
0
0
0
0
0
0
0
0
0
0
0
0.35
4.56
0.73
0
0
0
0
0
0
0
0
0
0
0
0
0
10.41
3.8
0.23
0.78
0.08
0.09
0.09
1.07
0.03
0
0
0
0
0.06
0
11.15
4.09
0.49
0.52
4.11
0.27
0.05
0
0
0
0
0
0.1
6.41
6.3
1.37
1.14
0.17
0
0
0
0.3
0
0
0
0
0
0
0
0
0
0
0.1
0.01
0.88
0.77
6.45
1.13
0.22
0
0.7
0.18
0
0
0
0.63
7.27
29.46
7.79
3.18
1.97
6.87
2.93
4.04
0.16
0.32
3.36
4.56
0.02
0.05
0
0
0
0
0.05
0
0.25
2.91
9.24
1.95
0.3
0
0
0
0.02
0
0
0
0
0
0
2.16
11.72
0
0
0
0.01
0
0
6.21
5.47
0.12
0.26
0
18.05
0.18
0
0.82
0
0.21
0
0
0
1.34
0
0
0
0.03
0.01
0
0
0.02
0.01
0
0
1.06
0
0
0
0
0
0
0.13
0.46
0.27
0
0
0.02
0
0
0.01
0
0
0
0
0
0.24
4.94
3.72
0.77
0
0.16
0
0
0
0
0
0
0.04
2.04
0
0
0
0
0
0
0
0
0
0
0.02
0
0
0
0
0.01
0.31
0.54
0
0
0
0
0
0
10.14
0
0
2.33
2.23
0
0.47
0.82
0
0
0
0.02
0
0
0
0.06
0
7.13
27.46
2.69
0.02
0
0
1.28
4.04
0.42
0
0
0
0
0.13
0
0
0
0.38
4.64
5.2
0
0
0.2
4.06
10.52
0.76
0
0
0.2
12.84
3.19
10.24
13.01
7.2
10.93
15.98
9.57
5.51
19.72
9.2
0.03
0.99
0.17
0
0.03
0.13
0
0
0
0
0
0.01
0
1.12
20.58
10.41
2.32
2.29
1.78
0
0.04
0
0
1.31
0.29
0.02
0
0
0
0
0
0
0.18
0
0
0
0
0.81
0.01
0.07
0
0.23
4.84
0.51
0
0
0.62
3.77
1.05
0.2
0.1
0.08
0.1
0.02
0.04
0
0.02
0.15
0
0
0.34
5.3
10.23
0.72
0.15
0
0
0
0
0
0
0
0.04
2.54
0.61
0.01
0
4.47
8.5
0.3
0.87
0.15
0
0
0
0
0.01
0
0
0.01
0
0
0
0
0
0.07
1.39
0.23
0
0
0
0
0
0.01
0.01
0
0
0
0
0
0
0
0
0
0
0
0
0
0
0
0
0
0
0
0
0
0
0
0
0
0
0
0
0
0
0
0
0
0
0
0
0
0.01
0.03
9.43
3.01
6.14
1.65
0.3
0.17
0
0.08
0.04
0
4.22
2.91
1.04
10.34
3.25
1.66
0.23
0
3.27
4.23
3.12
5.14
0.52
0.04
1.82
6.92
17.34
8.55
0
4.1
0.63
0
0
8.47
0.44
0.02
0.93
3.03
6.53
0.51
0.27
0.39
0.83
0.1
1.96
4.42
0.9
5.29
13.79
5.56
0.98
0.99
1.61
0.04
0
0.03
0.01
3.21
13.95
0
0.05
0.82
5.39
0.7
0.78
0.4
0
3.88
0.05
0
0
0
0.06
3.93
0.29
1.98
17.1
0
0
0
0
0
0
0.01
0
0
0
0
0
0
0
0
0
0
0
0
0
0
1.05
0.06
0
0
0
0
0
0
0.02
0
0.02
0
0
0
0.13
0
0.01
0
0.02
0
0
7.6
0.99
0
0
0
0
0
0.04
0.19
0
0
0
0
0
0.02
0.02
0
0
0
0
0.01
0
0
0
0.01
2.03
0
0
0.01
0
0
0
0
0
0
0
0
0
0.01
0.02
0
0
0
1.37
0.01
0
0
0
0.01
0
0
0
0
0
0
0
0
0.01
0
0
0
0
0.03
0.21
8.45
0.95
0
0.01
0.01
0
0
2.09
0.08
2.49
0.32
0
0.01
0
0
0
0
0
0
0
0
1.89
6.28
0.11
0
0
1.17
0
0
0
0
2.77
1.07
0.54
0.36
0.16
0.22
0.38
0
0
0
6.63
1.09
1.57
14.16
0
3.25
16.43
2.42
0
0.16
0
0
0
2.51
2.01
0.03
0
0.45
0.13
0
0
0
0.56
15.53
3.84
7.39
0.33
1.08
0.07
0.23
7.87
0.73
10.49
1.8
0.14
0
7.59
14.64
2.08
1.56
0
0
0
0
0.06
3.41
0.25
0
0.06
0
0
0.02
0.74
10.85
9.66
6.84
4.36
11.26
1.3
7.43
15.31
2.21
0
4.26
0.26
2.69
1.57
5.92
0.81
0
0.27
2.58
2.61
7.54
1.12
0.75
0.43
0.64
3.04
3.26
9.21
0.23
0
0
0.35
1.91
5.08
2.26
17.87
2.66
0.67
0.08
0
0
0
0.01
0
0.23
1.05
0.69
1.46
6.03
0.54
0.29
0.01
0.01
0
0
0.74
0.08
0.1
0.19
0.17
0
0
0
3.32
0.38
0.42
0.35
0
0
14.89
10.71
5.8
11.09
2.02
1.65
7.55
0.87
0
0.96
0.02
0.59
0.07
0
0.01
2.38
0.04
0
0.13
0.18
0
0
0.04
0.62
0.79
5.44
0.38
0
0.02
0.21
0
0
0.15
0
0
0
0
0
0
0.38
0
0.12
0
0
0
0
0.73
32.31
2.8
0.1
0
0
0
0.02
0.06
0.01
0.04
1.58
0.02
1.46
0.15
2.58
2.46
0.22
1.29
0.14
0.07
0
0.1
6.89
1.77
0
0
0
0.74
0.57
0.02
0.16
17.74
8.67
4.71
2.93
1.8
0
0.12
0
0
0
0
0
0.01
0
0
0
0
0.01
0
0
0.02
0.48
6.71
1.83
0.02
0
0
0
0
0
0
0
0
0
0
0
0
0
0
0
0
0
0
0
0
0
0.21
0.02
0.81
0.57
0
1.05
1.09
0
0
0.23
0
0
0
0
0
0
0
0
0
0
0
0
0
0
0
0.17
0
0
0
0.01
0
0
0
0
0
0
0
0
0.04
0.03
0.36
4.79
0.55
0.16
0.11
0
0.06
0
0
0
0
0
0
0
0.15
0
0.01
0
0
0
0
0.09
2.73
0.73
0
9.93
0.08
0
0
0
0
0
0
0
0
0
0
0.01
0.55
2.25
19.77
11.62
2.91
1
0
0
0.04
10.3
0
0.01
0
0
0.02
0
0
7.74
0.37
4.33
0.05
0.05
0
12.44
2.69
0
0.04
3.2
6.81
19.29
17.55
4.51
0.69
1.82
0.73
0
0
0
0
0
0
0
0
0
0.01
0.2
0.09
0.19
0.2
0
0.02
0.07
0
0
0.02
0.2
0.19
2.59
0.14
0
0.01
0
0
0.02
0
0
0
0.01
0.06
0.03
0.01
0
0.04
0
0
0
0
0
0
0
0
0
0
0
0
0
0
0
0
0
0
0
0
0
2.15
7.62
1.1
0
0.02
0
0
0.09
4.79
2.6
3.81
7.77
11.89
0.3
0
0
0.02
0.01
0.1
0
0
1.65
2.47
0.07
0.61
0
1.51
0
0
0
1.74
1.06
6.98
0.03
0.22
0
0
0
0
0
0
0
0
0.95
0.28
6.71
0.39
0.1
0
0.02
0
0
0
0.02
0
0
0
0
0
0
0
0
0
0
0
0
0
0.09
1.59
1.72
0
18.31
3.13
0.3
0
0.08
0.01
0
0
0
0.06
5.96
6.88
12.63
4.97
0.5
0.43
0.01
0.01
0.01
0.01
0
0
0
0.01
0.18
0.89
0.1
0
0
0.12
1.97
1.1
0
7.01
9.18
3.08
0.32
0.33
12.27
8.7
5.01
0
0.11
0.01
0
0
0.04
0
0
0
0
0
0
0
0
0
0
0
0
0.14
0.37
0.3
0.57
4.45
5.01
22
19.75
1.41
2.3
1.09
0
0.01
0
0
0.01
0
0
0
0
0.51
1.09
0.02
0
0
0
0
0
0
0
0.45
0.02
0.01
4.13
7.55
3.85
6.53
1.11
0
0
0.24
0
0
0
0
0
0
0
0
0
0
0
0
0
0
0.02
0.05
0.01
0
0
3.25
0.27
0
0
0
0
0
0
0
0
0.01
0
0
0
0
0
0
0
0
0
0
0
0
0.02
0
0
0
0
0
0.02
1.54
0
0
0
0
0
0
0
0
0
0
2.31
0
0
0
0.8
0.67
0.02
0
2.06
0.03
0
0
0.04
2.14
4.76
0
3.48
0
0.13
0
0.14
0
2.09
4.84
0
0
0
0
0
0.09
0
0.09
0
0
0
0.02
0.63
2.29
7.68
3.35
0
7.14
2.01
2.55
4.52
0.39
0
0
0
0
0.01
0
3.77
0.01
0
0.01
0
0
0
11.74
15.77
7.39
0.2
0.02
0
0
0.04
0
0.12
0.03
0
5.16
7.04
1.13
0.27
0
0
0.04
0
0
0.74
1.52
0.03
0
0
0.01
0.01
0
0
0
0
0
0
0.04
0
8.6
5.07
2.49
8.41
0.97
1.04
9.26
2.06
3.56
6.86
2.73
4.75
0.31
0.03
2.64
2.47
4.12
0
2.25
0
0
0.08
0.07
0.18
0
0
8.04
6.26
1.71
0.32
4.08
2.48
0
3.21
3.77
3.73
6.51
0.43
0
0.25
0.11
1.78
0.7
2.28
2.45
0.01
0.18
1.86
0.45
1.09
2.61
0.74
0.52
9.55
0.99
12
2.84
5.34
0
0
0
0
0.06
0
0.29
0
3.3
1.46
3.27
0.97
6.85
0.38
0
0.2
0
0
0
0
1.07
1.34
0.1
0
0.01
0
0.01
0
0
0.05
0
0.01
0.13
0
0
0
0
0.02
0
8.72
9.16
3.21
0.01
3.11
0.37
1.52
24.57
8.55
1.89
0.07
0
0.11
0
0.46
1.32
0.1
0
0.02
0
0
0
0
0
0.1
0.22
0
0
0.01
0
0
0.01
0
0
0
0
4.24
16.59
5.7
7.69
12.84
1.83
0
0
0
0
0
0
0
0
0
1.36
1.55
1.52
11.39
9.46
1.01
0.04
0
2.59
11.59
0
0
0.91
0
0
0
0.43
0
0
0
0.09
0
0
0
0
1.33
13.84
4.72
3.23
0
0.04
0.95
0
0
0
2.02
8.93
0.06
0.01
0
0
0
0
0
0.03
0
0
0
0
0
0.1
10.6
3.5
0.05
0
2.64
0
0.28
0.46
0.05
0
0
0
0
0
0
3.07
0.14
0.2
0.04
0
0
0
0
1.46
0.08
0
0
0
0
0
0.12
0
0
0
0
0
0
0
0
0
0
0
1.8
0
0.18
0
0
0
0
0.21
0.03
0
0
0
0
0
0
0
0
0
0
0
0
0
0
0
0.83
0.1
0
0
0.06
0
0
0
0
0.01
0.12
0.01
0.1
0.01
0
0
2.06
3.55
0
0
0
0
0
0
0
0
0.01
0
0.07
0
1.6
0
1.66
0
0.01
0
0
0
0
0
0
0
0
0
0
0
0
0.05
0.86
0
0
0
0.11
0
0.07
3.57
13.59
7.95
6.36
0.77
0
0
0
0
0
0.01
0
2.46
9.07
5.98
1.66
0
10.34
1.65
16.65
14.48
0.39
1.36
0
0
0.52
12.98
9.35
1.5
9.01
0.48
10.18
14.57
0
0
0
0
0
0
0
4.25
2.38
1.3
0
0
0
0
9.86
7.31
0.09
0
0
0
0
5.98
6.12
0
0
4.19
2.18
0.02
0
4.1
0.56
0.39
0.26
0.38
2.46
4.39
0.97
1.13
7
0.94
0
0
0
0
0
0.02
1.08
1.09
0
0.02
0.01
0
0
0
0
0.01
1.39
0.38
0.2
0.42
0
0.02
0
0
0
0
0
0
0
0
0
0
0.08
0.16
0.13
0
0
0.01
0
0
0
0
0.05
0
0
0.14
1.27
0.67
0.01
0.07
4.08
3.78
0.75
0
0
0
0.39
0.66
0.41
0.15
0
0
0
0
0
0
0
0
0
0
0.03
4.36
7.57
4.44
4.7
20.34
8.17
0.96
0.27
0
0.4
0
0
0
0.1
0.66
0.44
0
0.02
1.43
0.13
0
11.68
5.03
0.01
0
0.02
0
0.03
0
0
0
0.03
0.65
0.52
0.14
4.94
4.91
11.89
9.05
9.75
1.45
8.9
1.2
0.12
0
0.05
0.05
0
0.56
0
0
0
0
0
0
12.59
10.03
1.6
1.33
0.02
0.03
0.26
0.66
0
0
0
0.01
1.99
20.13
5.2
2.78
7.58
20.87
8.5
0.8
7.88
3.3
0
0.13
6.16
8
3.59
0.52
0
0.02
0
0.01
0.93
0.01
0
0
0.41
1.56
2.13
5.08
6.12
3.04
0.48
0
0.01
0
0.45
0
0
0
0
0
24.44
8.14
0
0.3
0
0
2.64
0.17
0
0.01
0
0.01
0.17
1.3
0.02
0
0
0
0.01
0.01
0.01
0
0.01
0.03
0
0
0
0
0
0.37
11.29
1.19
0
0
0.01
0
0
0
0
0.39
1.29
0.61
0.01
0
0
0
0
0
0.55
0
0
0.02
1.87
0
0
0
0.98
0.82
0
0.53
0
0
0
4.31
4.84
0.42
0
0
0
0
0
0
2.04
0.44
1.59
0
0
0
0
0
0
0
0
0
0
0
0
0.08
12.99
7.07
0.51
0.71
0.88
0.05
0
0
0
0
0
0
0
0.02
0.02
0
0
0.01
0
0
0
0
0
0
0
0
0
0
0
0
0
0
0
0.01
0
0
0
0.04
0.04
0.04
0
0
0
0
0
0.22
4.59
3.81
5.38
3.84
0.06
0
0.73
19.93
2.85
21.77
7.09
3.59
1.88
2.93
0.78
1.05
1.61
17.77
1.75
0
0
0
0.02
0.04
0.14
0
0
0
0.01
0
0.32
0
0
0
0.23
0
0
0
0
0
0.02
1.95
1.39
0.07
13.82
0.43
2.01
0.05
0
0
0
0.16
0.12
0
0
0.15
0.01
0.05
0.19
0.09
0
0.02
0
0
0
0
0
0
0
0
0
0.07
0.01
0
0
0.55
0
0
0
0
0
0
0
0
0
0
0
0
0
0
0
0
0
0
0
0
0
0.04
0
1.15
0.25
0
0
0
0
0
0
0
0
0.22
0.73
4.14
1.73
1.08
0.02
0.03
0
0
0.04
0
0
0
0
0
0
0
0.83
11.6
10.31
0.52
0
0
0
0
0
0.32
0
0
0.02
0
0
0
0
0
0
0.02
0.02
1.1
0.04
0
0
0
0
0
0.78
0.61
4.63
0.14
0.78
1.93
0.55
1.14
0.12
0
0
0.78
12.71
9.9
1.04
0.19
0.02
0
0.13
0
0
0
0
0
0
0
0.01
0
0
0
0.12
0
0
0.04
0.19
0.01
0
0
0
0
0
0
0
0
0
0
0
0
0
1.09
0.23
0.2
1.45
7.08
0.27
0
1.31
0.23
0.01
0
0
0
0
0
0
0
0
0
0
0.77
0.96
3.86
0.11
0
0
0
0
0
0
0
0
1.45
0
1.67
0
0
0
0
0
0
0
4.46
0.04
1.34
3.93
0.91
0
1.43
2.33
0.01
0
0
0
0
0
0
0
0
0.32
0
0
0
0
0
0
0
0
0
0
0
0
0
0
0
0
0
0
0
0
0
0
0
0
0
0
0
0
0
0
0
0
0.2
1.07
0
0
0
0
0.02
2.17
0
0
0
0
0
0
0
0
0
0
0
0
0
0
0
0.01
0.01
0
0.02
0
7.64
6.55
1.22
0.08
0
0
0
0.04
0
0
1.86
0.38
0.02
0
0
0
0
0.04
0
0
0
0
0
0
0
0
0
0
0.01
0
0
0
0
0.12
1.83
2.18
4.88
3.3
1.72
1.61
0.06
6.09
3.41
0.08
1.57
2.02
14.36
2.27
0.16
0
0
1.77
20.19
1.43
3.65
2.28
0
0
0.03
0.27
0
0
0.15
1.15
0.44
0
0.06
14.64
8.5
19.83
3.92
0
0
0
0
0
0
0.02
0
0
0.91
0
0.23
0.28
0
0.01
3.53
13.34
0.62
0.47
0.05
0.04
0
0.01
0
0
0.01
0
0
0
0
0
0
0.02
0
0.02
0
0
0.29
0
0.32
6.97
2.36
0
0.29
0
0.38
0.1
0
0
0.07
0.34
9.36
3.52
0.78
5.71
0.13
0
0.13
0
0.84
4.66
7.38
0.34
0.19
0.04
0
0
0
0
0
0
0
0.02
0.07
0.34
0
0
0
0
0.02
0
0
0
0
0
0
0
0.01
0.02
0
0
0
0.11
0.17
5.25
3.14
1.23
2.27
1.88
4.84
1.77
12.59
5.25
0.09
0.14
0
0.01
0.67
7.59
0.32
0
0
0
0.07
0
0
0.01
0
0
0
0
1.38
7.15
3.38
3.23
0.45
1.38
3.38
0.32
0.01
0
0.1
0
0.25
0
0
0
0
0
0
4.32
4.13
1.2
0.44
0
0
0
0
0
6.07
3.34
1.05
2.05
0.09
0.11
0.09
5.68
3.94
0.55
0
0
0
0
0
0
0.01
0
0.12
4.05
4.11
2.76
1.82
0
0
0
0
2.12
1.4
0
1.12
0
0
0
0
0
0
0
0
0
0
0
0
0
0.01
0.35
0
0
0
0
0
0
0
0
0
0.29
7.16
3.61
0
0.04
0.02
2.23
13.09
5.06
0.76
3.51
5.91
1.32
0.03
0
1.79
8.87
0.02
0
0.16
0
0
0
0
0
0
0
0
0
0
0
0
0
0
0
2.12
1.7
1.11
0.03
0.48
3.44
4.04
0.06
0
0
0
0
0
0
0.01
0
0
0
0
0
0
0
0
0
0
0
0
0
0
0
0
0
0
0
0
0.44
0.02
0
0
0
0
0
0.43
0
0
0
0
0
0
0
0
0
0
0
2.87
0.71
0
0.06
1.29
0
0.17
3.46
5.96
8.98
0.46
0.01
0.01
0
0
0
25.87
5.23
0
1.41
0.02
0
0
0
0
0
0.04
1.06
0.3
0.01
0
0
0
0.01
0
0.02
0.54
0
0
0
0
0.26
12.76
10.63
7.46
25.95
0.7
3.3
9.46
0
4.5
1.73
0.06
0
0
0
0
0
8.84
15.45
5
2.13
2.39
8.59
0.79
0
0
0
0
0
0.07
5.78
13.86
0.2
0
0
0
0
0
1.09
3.94
4.68
0
0.09
0.18
0.1
0
0
0
0.06
0.51
12.92
2.48
8.41
1.95
0
0
0
0
0
0
0
0
0
0
0
0
0
0
0
0
0
0
0
0
0.01
0
0
0.03
0.78
0.05
0
0.02
0
0.02
0.05
0
0.23
0.74
0
0.13
0
0.57
0.02
0.01
0
0.02
0
0.27
4.07
0.11
1.7
2.17
1.72
0
0
2.46
0.98
0.03
0
1.52
1.42
2.78
2.78
0.02
2.73
19.94
2.62
0.97
2.31
1.13
0
1.96
0
1.96
0
0
0.23
4.4
0.36
0.1
0.48
0.49
1
0.11
0.01
0.1
0
0
0
0
0
7.06
4.37
0
0
0
0
0
0
0.01
0
0.33
0.02
0
0.04
0
0.01
0
0
0
0.13
3.66
1.94
0.42
0
1.07
3.84
8.91
1.22
1.21
1.5
1.91
7.68
6.82
1.71
0.51
0.77
3.22
10.18
3.61
2.63
0.94
0.66
3.2
0.3
0
0.26
0
0.39
0.02
0.03
14.05
13.5
12.62
10.8
0.59
3.71
0.57
6
4.13
0.57
0.09
0
0
0
0
0
0
0.07
0
0.02
0
0.01
0
0
5.45
8.04
2.16
9.03
4.76
3.97
4.7
2.61
0
0
0
0.01
0
0
0
0
0.13
0
0.06
0.01
0.04
1.86
0.31
0
0.01
0.33
4.74
4.48
12
2.55
0.25
0.01
0
0
0
0.03
0.04
0.02
0
0
0
0
0
0
0
0
0
0
0
1.58
0
0
0
0
0
0
0
0
0
0
0
0
0
0
0
0
0
0
0
0
0
0
0
0
0
0
0
0.35
3.92
0
0
0
0
0
0
1.67
0.01
0
0
0
0
0
0
0
0
0
0.35
0.95
0.55
0.09
0
0
0
0
0
0
0
0
0
0
0.25
0
0.01
0
1.01
0.05
2.95
3.58
5.99
0.17
0
1.55
0
0
2.95
5.23
2.2
0.29
0.1
0
0.04
0.03
0
0.59
0.27
0.5
8.1
1.34
3.92
0.15
0
0
0.01
0.01
0
0
0.02
0
0
0
0.1
0
0
0
0
0
0.16
3.35
0
0
0
0
0
0
0
0
0
0
0
0
0
0
0
0
0
0
0
0
0.01
0.03
0
0
0
0
7.48
9.59
0.21
2.51
0
0.06
0
0
0
0
0
0
0.41
0
0
0
0
0
0
0
0.03
0.38
0
0
0
0
0
0
1.03
1.59
0.27
0.62
0.49
2.44
0.07
0.02
0
0
0
0
0
0
0
0
6.16
2.3
0.49
0.35
0.33
0.27
0
0.41
0.79
7.36
0
2.12
0.72
2.88
1.23
0
0
0
0
0
0
0
0
0
0
0
0
0
0
0.01
0.67
0.62
5.63
0.06
0
0
0
0
0
0.07
0.01
0
0
0.09
0
0
2.48
1.71
11.79
0.39
1.13
0.19
0.68
4.45
0.5
0
3.32
2.99
0.05
0.02
0
0
0
0
0
0
0
0
0
0.06
0
0
0
0
0
0.66
0
0.02
0.11
0.3
8.17
0
0.11
0.05
0.61
0
0
0
2.7
0
0
0
0
0.01
0
0
10.7
11.32
5.11
4.22
4.38
0.05
0.56
0
0.89
7.05
12.98
6.48
14.13
3.34
0
0
0
0
0
0
0
0
0
0
0
0
0
0.12
0
0.08
1.9
9.24
14.46
15.04
0.05
7.57
7.2
2.24
4.47
2.45
2.57
1.39
0.16
0
5.76
0.3
9.43
0.98
2.3
0.45
0.44
2.66
0
2.6
10.85
2.61
3.04
0.08
0
1.53
0
0
10.13
14.94
2.77
1.91
0.09
0
0.05
0.37
4.92
0.34
0
0
0
0
0.15
5.44
2.27
0.04
0.23
0
0
0
0.01
0
0
0
0
0.01
0
0
0
0
0
0
0.86
0
1.16
2.06
1.18
0
0
0.03
0.13
0.01
0
0
0
0
0
0
0
0
0
0
0
0
0
0
0.04
0.01
0
0
0
0
0
0
0
0
0
0
0
0
0
0
0
0.34
0
0
0
1.76
0
0
0
0
0
0.01
0
0
0
0.25
1.14
0
0.19
0.62
4.12
0.13
0.01
0
0
0
0.29
0
0
0
0
1.02
1.74
2.48
0.07
1.54
0.28
1.14
0
0
0
0
0
0
0
0
0.02
1.66
0
0
0
4.94
8.93
0
0
0
0.05
0.35
5
0.79
0.49
5.94
7.03
1.16
0.77
0.02
0
8.29
9.52
0.78
4.05
13.9
2.93
1.7
1.25
0.01
0.05
0
1.92
0.14
0
0
0.03
0
0
0
0
0
0
0
0.01
0
0
0
0
2.09
0.1
0
0.11
5.09
1.28
0.28
1.46
0.57
3.14
0.13
0.16
1.94
22.21
4.05
2.46
0.18
0
0.54
10.35
0.25
0
0
0
0.01
0
0
0
0
0
0
0.01
0.32
0
0
0
0
0.02
0.22
1.61
8.09
0.44
0
0.02
0
4.11
2.32
0.13
0.91
0.13
1.64
0
0.24
0
0
1.42
3.15
0
1.57
8.21
0
0
2.78
0.39
0.03
0.98
0.6
1.57
1.95
10.84
4.51
2.92
5.45
5.23
5.01
0.01
0.05
1.32
0.34
0
0
0
0
0
0
0
0
0
0
0
0
0
0
0
0
0.14
0.81
2.55
3.77
1.45
7.27
1.63
0.2
0
0
0
0.01
0.01
0
0
0
0
0
0
0
0
0
0
0
0
0.02
0
0
0
6.08
1.91
2.24
0.14
0
0.01
0
0
0.01
3.58
0.84
0
1.56
7.57
1.25
0.05
0
5.72
2.73
2.26
0.48
8.49
2.37
0.32
0.33
0
0
0.09
0
1.13
0.42
0
0.01
2.51
0
0.01
0
0
0
0.02
0
0.92
4.32
0.16
0
0
0
0
0
0.06
0
0.1
0
1.26
0
0
0
0.53
0.3
0.01
0
0
0.35
1.21
0
0
0
0
0.14
0.37
1.8
0.01
1.07
0
0
0
0.01
0.49
0.5
0.77
0.54
0
0.02
1.27
0
0
0
0
0
0.06
0.16
0
0
0
0.01
0
0
0
0
0
0.01
0
0
0.02
0.01
0
0
0
0
0
0
0
0
0
0
0.06
0
0
0
0
0
0
0
0
0
0.01
0
0
0
0
0.01
0.08
0
0
0
7.46
0
0.03
0.2
1.06
0
0
0
0
0
0
0
0
0
0
0
0
0
0
0
0
0.05
0
0
0
0
1.11
0.11
1.09
0.06
0
0.89
0
1.19
0
0.22
0
0
12.46
1.98
0.09
0.11
0
0
0
0.02
0
0
0.05
0.13
3.36
2.22
1.2
0
0.28
0.3
0
0.55
1.93
0.34
0
0
0
0
0
0
0
0
0
0
0.48
8
8.56
1.87
0
0
0
0
0.01
0
0
0
0
0
0
0
0
0.32
0
0
0
0
0
0
0
0
0.04
0
0
0.15
0
0
0
0.24
0
0.01
0.01
0.05
2.41
0.45
1.31
8.19
0
0.48
9.59
1.41
0
0.2
0.4
1.12
0.02
0.15
0.01
0
0.75
4.44
3.02
0
1.91
0.65
0
0
3.32
10.13
18.25
15.71
11.17
15.73
5.44
1.98
11.03
24.69
8.02
5.85
0.02
0
8.12
5.76
2.96
4.16
9.8
0.82
0.94
3.76
1.47
7.39
8.57
2.72
0.09
0.79
0.35
0.25
1.52
0.07
0.01
0.2
0.16
0
2.93
1.63
0.44
0
0
0
0.02
0
0
1.16
3.96
0.78
0
0.23
6.63
1.36
0
0.06
0
0
0
13.32
11.94
1.88
1.7
0.19
0.89
8.3
5.5
6.54
0.98
7.1
4.04
0
1.56
0.84
4.76
3.24
0.2
21.91
5.59
5.41
0
0
0
0.01
0
0
0
0
0
0
0.1
0.49
0.08
1.22
0.08
0.25
16.03
5.19
0
0
0.13
3.07
1.59
0.25
0
0
2.54
0
0
0.36
0.54
0
0
0.03
0.03
1.87
6.88
8.35
6.82
6.2
7.69
6.04
0.27
0
2.34
1.32
0.47
0
0.57
0
0
0.01
0.12
1.61
3.42
0.1
4.68
0
0.55
0.16
3.18
8.95
1.09
7.92
2.12
4.55
0
0
0.15
0.02
0.01
0.04
0
0
0.02
0
8.76
0.52
0
0
1.8
0
0
0
0
0
0
0.01
0
0
0.02
0
5.48
24.45
3.82
3.77
13.95
1.27
3.48
0.57
0
0.71
2.12
0
0.08
0
0
0.04
4.61
15.09
8.67
0.3
1.23
0.61
0
0
8.07
7.18
0
0
0
0.04
0.46
0
0
0.05
0
0
0
0
0
0
0
0
0
0
0
0
0
0
0
0
0
0
0
0
0
0
0
0
0.01
0
0.02
2.38
1.36
0.09
0
0
0
0
0.01
0.02
0
0
3.57
0
0
0
0
0
0
0
0
0
0
0.01
0.02
23.88
1.55
0
0
0.02
0
0.17
0
0
0
0
0.09
0
0
0
7.32
7.47
0.17
0
5.13
0.07
0
0
0
0
0
0
0
0
0
0
0
1.98
0.27
0.03
0
1.96
4.04
21.12
2.33
0.13
1.85
0
0
0
0
0
0
0
0
0
0
0
0
0
0
0
0.11
2.42
9.03
1.6
0.04
0
0
0
0
0.01
0.29
7.84
1.04
0.11
0
0.34
0
5.33
0.04
1.69
2.23
0
1.46
2.71
1.81
0
0
0.18
0.18
0
0
0
3.29
2.2
0.61
1.08
0.03
0
2.5
5.66
5.44
3.63
0.58
0
0
0.02
0.33
0.38
0
0.14
0.18
2.49
1.61
4.79
13
5.32
2.24
0
0
0
0.13
0
0.47
4.14
0.88
0
0
0
0.31
1.05
0
0
8.22
5.65
2.73
0.16
0.01
0.01
0
0
0
0
0
2.29
0.56
0
0
0
0
0
0.46
6.6
5.54
3.33
2.32
0
0
0
0
0
0
0
0
0
0
0
0
0.06
2.15
2.61
11.66
6.95
2.1
0.29
10.47
0.7
0
0.04
0
0
0
0
0
0
0
0
3.72
4.27
0.01
0.2
0
0.07
0.02
0
7.95
0.79
1.18
4.11
1.92
6.32
0.87
0
0
0
0
0
1.01
0.06
2.41
3.54
2.22
0.14
0
0
0
0
0
6.98
0.18
0.05
0
0
0
0
0.02
0.02
0
0.01
0
0
0
0
0.16
1.32
1.19
19.92
6.35
0.43
0.75
0
0.04
0.27
0.67
1.66
1.48
2.59
1.19
1.99
0.18
1.66
0.89
22.3
0
0.07
0
0
0.32
0.13
12.3
0.34
0.02
0
3.71
0
0.02
0
1.27
0.16
0
0
10.58
8.86
0.25
20.86
5.53
0
0.02
0.01
0
1.26
4.83
13.57
11.84
1.02
0
0.02
0
0
0.01
0
0
0
0
0
0
0
0
0.01
0
0
0
0
0.04
0.01
0
0
0.01
0.33
0.29
0.5
0
0
0
0
0
0
0
1.49
0.08
0
0
0
0.01
0
0
0
0
0
0
0
0
0
0
0
0
0
0
0.22
0
0
0
0
0
0
0
0.01
0
0.01
1.39
0.21
0
0
0.01
0.07
0.3
0.01
0
0
0.01
0.02
0.02
0
0
0
0
0
0
0
0.1
0.59
0.21
0
0
0
0
0
0
0
0
0.04
0
0
0
0
0
0
0
0
0.01
0
0
0
0
0
0
0
0
0
0
0
0
0
0
0
0
0
0
0
0
0
0
0
0
0
0
0
0
0
0
0
3.22
9.62
0.34
8.71
20.16
0.91
0.02
0
0.09
0.02
6.58
13.98
15.36
11.41
0.94
1.05
0.19
0
0
0
0
0.19
8.88
0.34
0
0.07
0.23
1.18
0.8
0.29
5.12
0.13
0.02
0
0
0
0
0
0.05
1.56
2.45
0
0
0
0.2
0.02
0
0
0.04
0
0.01
0
0
0
0.73
0.06
0
0.01
0.02
0
0
0.02
0
0
0
0
0
0
0
0
0
0.22
0
0
0
0
0.02
0.16
0.02
0
0
0
0
0.41
2.22
3.13
0
0
0.01
0
0
0
0
0
0
0.05
1.98
0
0
0
0
0.31
0.05
0
0
0
0
0
0
0
0
0
0
0.05
0.05
0
0
0
0
0
0
0
0
0
0.01
0
0
0
0
0
0
4.74
0.02
0
0
0
0
0
0
0
0
0
0
0
0.01
0.07
0.01
0
0.01
4.23
2.2
0
0
0
0
0
0
0
0
0
0
0.07
1.33
7.73
6.49
10.05
2.39
0.09
0.05
0
1.04
0.76
6.93
1.39
2.43
0.01
0
0
0
0.14
0.1
0.18
0
0.03
0
0
0
0.73
6.09
11.33
3.14
1.35
0
4.85
3.69
2.61
0
0
0
0
0.02
0.3
0.44
0
0
0
0
0
0.02
3.55
1.45
0.12
0.03
0
0
0
0
0
0
0.01
0
0
0
0.31
0.07
0.01
0
0
0
0.16
0
0
0
0
0
0
0.05
0.16
0.03
2.71
6.09
0
0
0
0
0
0
0
0
0
0
0
0
0
0
0
0
0
0
0
0.01
0.01
0.01
0.02
0
0
0
0
0
0.23
0
0
0
0
0
0
0.2
0
1.09
0.04
0
0
0
0
0
0
0
0
0
0.02
0
0
0
0
0
0
0
0
0
0
0
0.02
0
0
0
0
0
0.01
0.01
0
0
0.01
0.2
0
0
0
0
0
0
0.08
0
0.09
0.03
0.01
0
0
0
0
0
0
0
0
0.8
0.01
0
0
4.25
0
3.57
3.86
0
26.25
1.41
0.18
0.05
0
0.02
0
0
0
0
0.01
0
0.22
3.63
2.25
0.04
3.51
0
0
0.52
13.93
10.29
7.07
12.13
0
0.06
4.52
3.06
2.27
0.13
0.04
0
12.01
0
0.01
4.16
17.05
10.5
0
0
3.24
16.88
6.48
3.16
0.75
0.05
0.07
0
0
0
0.82
0.08
0
0
0.02
0.01
0.01
0
0.17
5.23
0.13
0
0
0.07
0.01
0
0
0
0
0.04
0.3
0.01
0
0
0
0
0.16
4.18
0.28
0.93
0.03
0.22
0.11
0.39
0.04
0
0
0
2.72
0.03
0
0.01
0
0
1.64
0.3
0
0
0
0
0
0.05
0.03
0.05
0.01
0.65
3.29
2.21
0
0
3.31
0.16
3.1
5.87
1.71
0
8.82
3.14
0
0.04
0
2.25
0.49
0
0
0
2.03
0.32
0.02
0
0.27
0
0
0.05
0
6.05
0
0
0
0
0
0.11
1.01
0.43
0.26
0.04
3.8
7.28
0.8
0.32
0.04
0
0
0
0
0
0.05
9.84
2.84
2.34
6.57
14.64
4.51
1.68
0.71
0.71
0.23
0
0.04
2.74
7.62
0.09
4.53
0.01
0
2.71
2.92
3.32
6.09
17.7
3.05
2.27
7.76
0.68
12.91
2.64
0.57
5.48
3.38
2.38
0.05
1.34
0.14
0
0
0.17
0
0.05
0
0
0
0
0
0
0
0
0
0
0
0.02
4.48
2.9
11.25
6.77
2.85
0.99
0.02
0.09
0
0
0
0.01
0
0
0
0
0
0.59
2.8
4.02
3.6
6.36
6.23
0.76
1.16
0
0
0.01
0
0
7.28
0.9
0.02
7.91
0.29
0
0
0
0.01
0.13
1.01
0.14
0.64
0
0
0
0
0
0
0
0
0
0.11
0.47
0.47
0.01
0
0.07
0
0.02
0
0
0.01
0
0
0
0.05
0.02
0
0
0
0
0
0
0.06
0.27
0.07
0
0
0
0
0
0
0
0
0.35
4.41
0
0
0
0
0
0
0
0
0
0
0
0
0.01
0
0
0
0.3
0.07
0
0
0.07
0
0
0
0.12
0.69
0.01
0
0
0
0
0
0
0
0
0
0.47
2.27
0
0.05
0
0.14
0
0
0.07
0.53
0.16
0.58
0.11
0
0.01
0
0
0
0
0
0
0
0
0
0
0
0
0
0
0
0.01
0.17
7.58
0
2.09
1.07
0.93
1.38
0.48
0.03
0
0
0
0
0
0.02
0
0
0
0
0
0
0.01
7.01
0
0
15.17
0
2.41
2.34
0.22
0.02
0
0.01
0
0
0
0
0.36
0
0
0
0.02
0.64
0
0.03
0
0.01
0
0
0
2.55
10.78
2.26
0.05
0
0
0.03
0.01
0.01
0.01
0.01
0
0.13
0
0.06
0.02
0
0
0
0
0
0
0
0
0.01
0.01
0
3.41
0.01
0
0
0.03
5.63
10.59
0
0
0
0
14.98
2.25
0
4.71
0
0
0.04
0
3.87
10.02
9.98
6.52
1.35
0
0
0
0
0
0
3.27
1.35
0.83
3.05
0.75
6.01
4.52
1.55
0.63
8.17
2.48
0.09
0
0
0
0
3.07
5.21
0.8
0.47
0.1
0
1.07
4.41
0.06
2.45
2.15
2.75
12.86
0.77
9.84
2.77
1.06
0.57
0.95
0.54
0.41
0
0
0.89
0.14
0
0.13
1.05
0
0.5
0.11
0
6.71
0.59
0
0
0
0
0
0
0
0
0
0
0.06
0
0
0
0
0.01
0.09
1.48
0.42
1.18
0.04
0.02
1.46
0.15
0.04
0
1.12
0.43
0
0.2
10.04
0.84
0.23
0
0.01
0
0
0
0.15
0.38
4.24
0
0
0.51
0
0
0
0.72
1.84
6.3
0.04
0
3.27
0.13
0
0
0
0
0
0
0
0
0
0
0
0
0
0
0
0
0
0
0
0
0
0
0.02
0.79
0.3
2.91
0.07
1.42
0.44
0.48
0.09
0.64
2.17
0.05
0
4.41
0.4
0
0
0
0
0
0.01
0.01
0
0
2.95
0
0.15
0
0
0
0.05
0
0
0.1
0
0.07
1.57
13.95
0.37
0.75
0
0
0
0
0
6.6
15.92
0
0
0.07
0
0
0
0
0
0
0
0
0
0
0
0
0
0
0.01
0
0
0
0
0
0
0
0
0
0
0
0
0
0
0
0
0
0
0
0
0
0
0
0
0
0
0
0
0
0.01
0
0
0
0
0
0
0
0
0.02
0
0.27
0
0
0
0
0
0.02
0
0
0
0
0
0
0
0.88
0
0
0.7
0.8
0.17
0
5.66
0.39
0.66
8.05
0.24
0
0
4.73
0
0.04
0
0
0.11
0
0
0
0
2.93
11.45
10.28
11.33
8.71
8.91
1.46
0.02
0
0
0
0
0
0.03
0.05
0.04
0
0
0.01
0.01
0
0.01
0
0
0
0.79
7
3.79
0.76
0.43
1.03
5.93
0.55
10.68
14.82
0
4.61
4.12
1.45
0
0
0
0
0
0
0
0
0
8.23
3.01
5.7
25.33
8.08
0.54
0
0
0.38
0.08
0
0.27
0
0
0
0
0
0
10.84
9.21
0.4
0.47
0.04
0.02
0
0
0
0
0
0
0.02
0.02
0.13
0.51
0
0
0
0
0.01
0
0
0
0
0
0
0
0
0
0
0
0.72
3.56
1.04
0.01
2.82
1.43
0
0.59
0.19
0
0
0
0
0
0.19
0.49
12.09
2.57
0
6.35
6.11
0.52
0.73
0.04
0.03
0
0
0
2.69
1.18
0
3.59
0.26
0
0.07
0
0.11
2.38
0.33
0.16
1.15
0.34
0
0
0
0
0
0.03
0.12
0
0
0
0
0
0
0.02
0
0
0
0
0.02
0.02
1.57
10.8
0.82
1.52
3.4
5.04
18.54
0
0
0
0
0
0
0
0.01
0
0
0
0
0
0.07
0
0.21
5.48
0.05
1.81
0.26
0.38
0.04
4.44
0.99
0
0
0
0
0
0
0
0.02
6.62
14.36
0.15
0.03
0.01
0
0
0
0.04
0.03
0
0
0
0
0
0
0
0
0
0
0
0
0
0
0.16
0
0.07
0
0
0.04
0
0
0
0.01
0.07
0.29
0.02
0
0
0
0.35
0
0
0.13
0.44
1.44
4.76
7.4
0.68
0.11
2.2
7.36
0.85
0
0
0
0
0.08
1.03
0
0
0
0
0
0
0
0
0.23
0
0
0
0
0
0
0
0
0
0
0
0
0
0.03
0
1.7
0.48
0
0.02
0
4.48
0
0
0
0
0
0
0
0
0.98
0
0
2.2
0
0
0.07
0.77
0.92
0.05
0
0
0
0
0.01
0
0.05
0
0.01
0
0
1.26
0.1
0.14
0.53
0
0
0
0
0
4.67
1.34
0.35
0.12
0
0
0
0.23
2.33
0
0.02
0
0.2
0.02
0
0
0
11.53
0.09
0
0
0
0
0
0
0
0
0
0.28
0.74
1.06
0.06
0
0.02
0.1
1.13
2.77
0.52
0
0
0
0.77
0.88
0.69
0.27
0
0.03
0
4.12
4.84
1.25
0.18
0.02
0
0
0.15
0.02
1.32
1.12
0.5
0
0
0.02
10.8
14.61
3.22
0.08
0
0
0
0
0
0
0.01
0
0
0
0
0
0
0
0
0.31
2.93
0.04
0
0
0.04
0
0.08
0
0
0
0
0
0
0
0
0
0.01
0
0
0
0
0
0.13
0
0
0
0
0
0
0
0
0
0
0
0
0
0
0.93
0
0.12
0.66
6.35
0.17
5.26
10.45
0.76
0.88
0.09
3.8
2.29
11.23
2.83
0.04
0.12
4.09
0
0
0
0
0
0.02
0.21
0
0
0
0
0
0
1.62
0.7
0.02
0
0
0.04
0
0
0
9.34
1.91
0.76
1.18
0.32
3.92
16.36
6
3.73
0
0
1.1
0.84
0.03
0
0.02
0
0
2.46
0.2
11.86
2.61
0.05
0
0
0
0
2.98
0.67
2.71
4.59
0
0.34
0
0
0
0
0.1
0
0.22
0
13.78
7.45
0
12.03
0.55
0
0
0
0.29
0
0
0.01
0.71
0.2
0
0
3.67
28.06
0
0.23
0.01
0.07
0.37
5.48
2.53
7.99
1.28
0
0.46
7.54
0.02
0
16.97
8.1
1.84
1.01
2.13
0
0
0.05
0
0.76
6.05
0.4
0
0
0
0
0.63
9.77
7.6
18.77
6.24
5.77
3.71
1.92
2.01
0
0.02
0
0
0.09
0
0
0
0.33
0.09
0
0
0
0.04
1.82
0.55
0
0
0
0
0.17
0
0
0
0
0
0.13
0
0.02
0
0
0.05
3.69
1.45
0
0.03
0
0
0
0
0
0.03
0
0.04
0
0
2.25
0.03
0
0
0
0
0
0
0.23
0.13
0
0
0
0
0
0
0
0
0
0
0.13
0.14
0.04
0
0.02
0
0
0
0
0
0
0
0
0
0
0
0
0
0
0
0
1.08
0.06
0
0
0
0
0
0
0
0.01
0
0.01
0
0
0
0
0
0.75
0.06
0
0.03
0
0.02
0
0
0
0
0
0
0
0
0
0
0
0.83
8.72
2.27
0.05
0
0
0
0
0
0
0
0
0
0.04
0
0.02
0
0
0
0
0
0
0
0.01
0
0
0
0
0
0.77
15.62
0.95
0
0
0
2.27
1.16
6.46
7.85
3.29
9.52
14.23
1.86
0.09
0.04
0
0
0
0
0
0
0
2.11
5.55
16.5
0.75
0.02
0.11
0
0.02
0
0.02
0
0
0
0
0
0
1.73
14.55
3.58
6.73
6.41
1.75
3.97
11.01
3.64
0
0.51
0
0.06
0.2
4.13
3.98
0.13
0.06
0.03
0.01
0
0.01
0.02
0.48
0.01
0
0.18
1.7
0
0
0.16
0.01
0.02
0.02
0.01
0
0
0.02
0
0
0
0
0
0
0.02
0
0
0
0
0
0.02
0.26
0.92
0
0
0
0
0
0
0.04
0
0.06
0
0
0
0
0
0
3.74
6.47
0
1.48
0.54
0.02
4.27
2.86
1.82
4.81
2.12
0
0.29
0.02
0.05
1.52
1.16
1.58
0.57
0
0
0
0
0
0
0
0
0
0.39
0.06
0
0.01
0.01
0
0.37
0.01
8.6
0.03
0
0.21
0.38
0
0
0
0
0
0
0.02
0
0
0
0
0.03
0.03
0
3.16
2.88
0.41
3.23
2.32
1.28
0.01
0.2
0
0
0
0
0
0
0
0
0
0
0
0
0
0
0
0
0
0
0
0
0.11
0.26
0
0
0
2.17
0.94
0
0.24
0.89
5.18
1.14
0.51
0
0.02
0.23
2.35
0.04
0
0.01
0
5.72
5.18
2.42
0.24
0.01
0
0
2.55
3.18
0.21
0
0
0
0
0
0
0.04
0
0.36
0.5
0.16
2.05
0.67
4.65
1.46
8.31
0
0
4.39
0
0
0
0
0
0
0
1.59
0.42
0.22
0.14
3.68
0
0
0.02
0
0.02
6.45
0
0.34
1.02
0
0
0.01
0
0
0
1.04
9.38
10.99
2.84
0.02
0
0
0
0
0.01
0.01
0
0
0.34
0
0
0
0
0
0
0
0
0
0
0
0
0
0.04
0
0
0
0.01
0
0
0
0
0
0
0
0
0
0
0
0
0
0
0
0
0
0
0
0
0.12
0.95
0.73
1.21
0
0
0
0
0
0
0.08
0
0.02
0
0
0
0
0
0.01
0
0
0.45
0
0
0
0
0.01
0.72
0.01
0
0
0.01
0
0.14
0.04
0
0
0
0.08
0.01
0
0
0
0
0
0
0
0
0
0
0
0
3.22
13.66
0
0.23
0
0
0
0
0
0
0
0
0
0
0
0
0
0.37
3.46
0.13
0.02
0
0.07
0
0
0
0
0
0
0
0
0
0
0
0
0
0
0
0
0.01
0
0
6
0.33
0.03
0.34
0
0
0
0
0
0
0.18
0
9.72
1.92
0.01
0
0.64
0.71
0
0.04
0.02
0
0
0
0.02
0.02
0
1.97
4.29
0.73
0
0.63
0.04
0.75
0
0
0
0.08
8.17
19.09
2.2
1
1.73
0.93
0.06
0
3.89
0
0.03
0
0.02
0
0
0
0.35
0.02
0
0
10.93
1.83
0
0
0
0
0
0.43
0.02
1.75
7.39
5.8
2.19
0.7
0.38
0.53
0
0.75
0.18
0
0
0.02
0
0
0.01
0.02
0
0.05
0
0
0
0
0
21.9
7.97
11.04
13.8
6.2
4.26
2.88
2.68
1.55
1.75
8.16
14.3
1.99
1.52
0.44
17.26
1.33
3.27
9.95
0.47
10.49
0
0
0
7.25
0
0.09
0.05
0
0
1.35
2.73
0
0.03
1.73
1.17
0.59
0
9.73
4.67
3.81
7.57
18.11
11.78
5.4
0.46
0
4.12
0.28
0
0.32
0.01
0
0
0.66
0.02
0.01
0.17
0
0.03
0.53
3.08
0
0
0
0
0
2.18
1.16
3.02
4.09
0
0
0
0
0
0
0.01
0.03
1.14
3.44
6.59
1.9
2
1.09
0
0
0.84
0.59
2.34
4.87
11.05
2.4
0
10.91
5.73
0
0
4.27
2.87
0.28
6.01
3.64
0
0
0
0
0
0
0
0
0
0
0
0
0
0
0.01
1.82
0.03
1.24
1.29
0.5
2.35
0
0
0
0
0
0
0
0
0.01
0.01
0.01
0
0
0
0
0
0
0.01
0
0.09
0.17
0
0
0
0.01
0.01
0
0
0
0
0
0
0
0
0.01
0
0.07
0
0.05
0.01
0
0.02
5.34
0
0
0.34
0.1
0.09
0.11
0
0
0
2.11
1.25
0
0.14
0
0
1.45
0.01
0.29
0.01
0.04
1.64
0.44
0.1
0.05
0
5.01
0
0
4.19
5.58
0.81
0
0.05
3.35
0.25
22.35
0.11
0
0
0
0
0
0
0.06
0
0.01
0
0
0
0
0
0
0
0
0
0
0.02
0
0
0.59
0
1.75
2.79
0.2
0
0.33
7.32
3.52
0.06
0.97
0.46
0
0
0
1.91
5.61
0.09
0.05
11.11
10.48
0
0.11
0
6.43
7.24
0
0.52
3.8
0
1.94
0.48
0
0
0.14
0.3
0
0
3.45
3.07
5.16
1.81
2.89
1.39
0.46
10.8
2.84
0
0
3.05
0.21
0
0
0
0
0
0
0
0
0
0.02
0
5.52
8.3
0.43
0.57
0.68
0.18
0.87
0.01
0
0.01
0.01
0.02
0
0
0
0
0
0
0
0
0
0
0
0
0.01
0.01
0.01
0
0
0
0
0
0
0
0
0
0
0
8.36
0.67
0
0
0
0
0
0
0.03
0.05
0.77
5.16
5.91
2.47
0
0
0
0
0
0
0
0
0
0
0
0
0
0
0
0
0
0
0
0
0
0
0
0
0
0
0
0.02
0
0
0
0
7.25
0
0.52
0
0
0
0
0
0
0
0
0
0
0
0
0
0.03
0
0
0
0
0
0
0
0
4.72
2.38
2.65
0
0.77
9.02
4.56
2.14
2.5
1.11
1.98
0
0
0
0
0
0
18.5
15.84
10.75
3.41
2.69
0.06
4.78
12.88
2.44
0.66
0.43
0
0.01
0.34
0
2.2
0.3
0
0
0
0.01
0
0
0.06
0
0
0
0
0
0
0.02
0
0
0
0
0
0
0.06
0
0
0
0
0
0
0
0.05
0
0.1
0.36
0.04
0.48
0.36
0
0
0
0
0
0.02
0
0
0
0
0
0
0.05
0
0
0
0
0.1
0
0.27
0
0
0
0.8
0.18
0
0.01
0
0
0
0
0.03
0
0.01
0
0.03
0
0.01
0.05
0.14
0
0
0
0.02
0
0
0
0.52
0.02
0
0
0
0
0
0
0
0
0
0
0
0
0
0
0.01
0
0
0.01
0
0
0
0
0
0
0
2.45
4.39
0
0
0
9.55
5.59
0
0
1.73
0
0
0.14
0
0
0
0
0
0
0
0.19
0
0
2.69
10.14
53.72
3.62
1.97
0.59
0.98
0.94
2.25
1.67
0
0
0
0.1
0
0
0
0.39
0
0
0
0
0
0
0
0
0
0
0
1.94
0
2.12
0.19
0.09
0.99
1.03
8.38
2.48
0
12.5
5.34
0.05
0.04
0
0
0
0.02
0
0
0
0
1.08
4.26
2.09
0.69
0.41
0
1.83
0.94
0.1
4.19
3.8
6.06
0.41
0
2.8
0
0
2.99
2.72
7.34
0.19
0.28
0
1.08
0.33
0
1.89
6.34
0
0.06
3.19
1.38
0.33
0.07
0.01
1.62
0.48
0.44
0.19
0
0.03
0.06
0.16
0
0.36
1
24.12
21.75
4.3
0
0.14
0
0.01
0
0
0
0
0
0
0
0
0
0
0
0
0
0
0
0.09
0
0
0
0
0
0
0.07
2.73
0.12
0
2.94
0
0
2.62
5.86
0
0.34
0
0
0.08
0.84
0.45
0.28
0
0.02
0
0
0
0
0
0
0
0.03
0
0
0
0.02
0.02
0
0
0
0
0
0
0
0
0
0
0
0.11
4.31
1.63
0.22
0
1.34
0
0.01
0.01
0
0
0
0
0
0
23.28
8.5
0.55
0
0.05
0
3.11
7.44
4.06
0
0.4
0.89
2.14
0.01
0.16
7.67
26.12
1.06
0
0.11
0
0.67
10.41
1.44
0.29
4.31
4.67
2.88
1.73
0.08
2.52
7.39
2.41
1.49
7.38
3
0.91
3.44
0
0.21
0
5.69
1.06
1.3
0.19
0.03
0.09
0
0
0.02
0.01
0
0
0
1.61
0.86
0.12
0
17.55
1.84
5.52
6.3
1.64
0
0
0.01
0
0
0
0.01
0
2.98
0
0.8
0
0
0
4
0.14
0.02
4.09
6.31
0.07
0.05
7.36
0
0
0
0
1.05
0.38
0
0
0.55
0.15
0
0.01
0
0
0.01
0.39
0.72
0
0
0
0
0
0.04
0
0
0
0
0
0
0
0.9
2.45
0.04
0.5
4.72
0.2
0
0
0.04
0
0
0
0
0.38
0.62
0
0
0
0.02
0
0.01
0
2
0.15
0
0
0
0
0
0
0
0
0
2.39
17.58
0
0
0
0
0
0
0
0
0
0
0
0
0
0
0
0
0
0.03
0
0
0
0
0
0
0
0
0
0
0
0
0
0
0
0
0
0
3.5
8.44
0
0.03
0.02
0.05
0.73
4.05
0
0
0
0
0
0
0
14.59
0
0
0
0
0
0
0
0
0
0
0
0
0
0
0
0.01
0.86
6.94
3.88
1.14
1.6
0
6.31
0
0
0
0
0
0
0
0.06
3.23
2.12
17.75
8.23
2.41
0.89
0.52
0.16
0
0.01
0
0.96
0.01
0
0.02
0.16
0
0
0
0
0
0
0.09
0
6.5
0.09
0
0.03
0
0.15
2.19
1.59
0
0.89
6.11
0.61
2.72
3.16
1.98
0.01
0.22
1.29
0.16
0.22
0
0
4.21
0.16
0.02
0
0.01
1.8
0.07
0.11
1.39
0.83
0.25
0
5.19
1.56
0.29
0
0.02
0.03
0.34
4.75
18.22
10.03
2.06
0.28
0
0.03
0.04
0
0
0
0
0
4.05
9.56
1.38
7.34
1.75
2.41
0.12
0.12
0.16
2.97
2.36
1.86
0.16
0.41
0
0
5.94
8.73
9.92
9.58
15.03
1.75
2.62
0.41
0.15
0.02
0
0.02
0
0
0
0
14.64
0.97
0
0
0
0
0
0
0
0
0
0.14
0.19
0.22
3.62
7.16
0.2
0.12
0
0
0
0
0
0
0
0
2.39
0
0
0
0
0
0
0
0
0
0
0
0
0.08
6.49
1.01
0
0
0
0
4.68
3.02
12.62
6.14
0
0.12
6.27
1.73
0.25
0
0.07
0.42
5.27
7.72
1.89
0.64
2.48
2.02
4.94
4.66
6.25
1.12
0
0.97
0.65
5.53
0
0
0
0.1
0.44
5.33
0
0.23
0.06
0
0
0
0.27
0
0
0
0.02
0.02
0
7
0.02
0
0.02
1.72
0.02
0
0.15
8.48
3.15
0.2
11.97
4.19
18.84
0
0
0
0.01
0.01
22.23
0.07
0
1.83
0
4.67
0
12.75
0
0.45
0.01
0.17
0
0
0
0
0
0
0
0
0
0
0
0
0.02
0.72
0.02
0
0
0
0
0
0
0
0
0
0
0
0
0.03
0
0
0
0
3.25
0.05
0
0
0
0
1.66
0
0.18
0
0
0
0.02
0
0
0
0
4.36
0.01
0
0.09
0
0.02
0.01
0
0
0
0
0.02
0.84
4.81
0
0
0
0.03
0
0.17
40.81
32.25
0
0
0
0
0
0
0
0
0
0.03
0.29
2.94
22.66
1.97
0.94
0
0
0
0.33
2.31
3.88
0.28
23.78
0
0
0
0
0
0
0
0
6.53
0
0
0
0
0
0
0
0
0
0
0.01
0.04
0.69
0
0
0
0
0
0
0
0
0
0
0
0
46.94
17.19
32.62
0.84
7.05
0.09
0.02
0.02
0
0
0
0
0
0
0
0
0.02
0
0
0
0.02
0.06
0
1.28
12.09
1.03
0
0.34
0
1.08
0
0
0.07
4.23
0.2
0.08
0
0.11
0
1.91
0
0
0
0.08
0.03
0.02
0
0
0
0
0
0.01
0
0
0
2.84
3.16
4.06
10.44
0
0
0
0.02
0
0
0
0
5.59
3.34
0
0
0
0
0
0
0
0
0
0
0
0
0
0.16
0
0
0
0
0
0.01
0
0
0
0
0
0
0
0
0
0
0.01
0
0
0
0
0
0.08
0.76
2.73
0.27
0
0
0
0.04
1.83
0.01
0
0
0
0.16
1.67
1.28
0
0
0
0.01
11.19
0.38
0
3.05
1.98
0
0.67
1.45
17.38
9.78
2.97
4
0.36
0.16
0
0
0
2.69
5.44
3.5
0.84
1.19
1.36
1.12
0.04
0
0.38
7.06
0.61
0.14
0
0
0
0.28
0
0.03
0
0
0
6.7
2.5
0
0
0
0
0
0.25
9.38
0.06
0
14.47
2.72
0.33
1.4
8.23
3.44
3.15
0.01
0.91
0
5.69
1.56
0
0
0
0
0
0
0
0
0
0
1.15
0.36
0
0.26
0.01
0
0
0.02
0
0
0.19
0.02
0
0
0
0
0
0
0
1.71
0.19
0
0
0
0
0
0
0
0
0
0
0
0.51
3.02
0.04
0.12
0
0
0
0.11
0
0.02
0
0
0.27
0
0
0.4
0
0.01
0.05
0
0.02
0.34
0
0
0
0
0
0.02
0
0
0
0
0
0
0
0.02
0
0
0
0.01
0
0
0
0.02
0
1.78
0
0
1.73
0
0.53
0
0.34
0
0
0.01
0
0
0
0.03
0
0
0
9.03
0
0
0
0
0.03
0
0
0
0
0
0.04
0.03
0
0
0
0
0
0
0
0
0
0
0
0
1.41
5.53
3.23
0.45
0
0.39
0
0.16
9.98
2.57
0.18
0
0
0.03
5.12
0.78
0.13
0.02
0.78
0.05
0
0
0
0
0
0.06
0
0
0
11.34
6.52
0.01
0
0
0
2.98
0.39
0
4.38
7.06
0.22
0
1.3
0
0
0
0
0
0.11
0
1.73
0.36
0
1.45
0.41
0
0.03
0
2.92
2.31
0.38
0.12
4.94
0.58
1.67
5.78
2.88
2.08
2.31
0
1.81
9.2
4.56
0
2.76
0.19
0.12
5.36
0
0
0
0
0
1.17
4.11
2.03
0.03
1.91
13.28
9.19
8.06
5.25
25.84
35.16
9
1.02
1.9
0.3
0.7
0
5.03
0
0.23
0.09
0.06
0
0
0
0
0
0
0
