19510101
23.09
8.88
0.94
0
0
0.02
0
0
5.55
1.28
2.97
2.88
4.54
0.36
0
0
0.01
0.42
0
0.05
0.01
0.18
1.82
6.6
3.23
7.99
9.85
5.45
0
0
0
0
0.14
5.1
19.2
0.9
8.72
1.74
3.03
2.41
9.8
7.46
6.83
0.6
6.04
1.88
0.05
0.82
3.19
0.66
5.8
0.62
2.96
13.32
0
0
0
0.01
0
0
0
0.9
1.71
7.2
1.09
2.7
1.27
7.59
21.73
2.89
15.76
12.66
8.66
4.51
1.18
2.22
0.53
0
0
0
0
0
0
0
0
0
0.19
0
0.03
0
0
0.01
0
0
0
0
0
0.02
0.22
6.01
0
0
0
0
0.01
0
2.19
0.31
0.12
2.54
0
2.1
6.31
0
9.08
3.88
13.55
5.19
4.63
26.98
7.52
1.73
0
0.31
3.39
7.77
2.02
2.05
0.45
0.05
0.27
0.15
0
0.02
0
0
0.15
1.47
0.42
0.3
0.02
0
0
0
0.21
2.09
0
1.01
11.82
1.6
0.44
0.07
0.13
14.29
0.75
6.44
0.39
6.24
0.02
0
0.02
0
0
0
0.04
1.3
0.77
1.98
0.15
0
0
0.27
0.2
0.04
0
0.01
0.55
0
0.02
0.2
3.7
5.81
0
0
1.98
0
0.29
2.36
0
0.01
0
0.01
0
0.02
0.02
0
0
0.01
0
0
0
0
0
0
0
0
0
0.22
0.06
1.1
6.19
4.91
6.75
4.77
0.2
0.02
0
0
0
0
0
0
0
0
0
0
0.03
0
0
0
0
0
0
0.01
1.17
15.34
0
0
0
0
0
0
0
0
0
0
0.02
0.35
0.6
5.42
2.56
1.02
3.93
16.87
6.37
4.08
0
0
0
0
0
0
0
0.13
8.22
29.98
0.67
0
0
0
0.05
0
0.44
9.74
13.73
0.37
0
0
0
0
3.67
7.31
0.46
0.85
4.14
0.38
1.71
0
0
0
0.22
0.2
0.57
0.16
0
0
0
0
0
1.88
1.12
3.14
5.98
0
0
0
0.06
0.08
5.61
6.75
7.86
12.64
17
6.06
4.57
5.21
3.13
0.26
1.45
0.35
4.23
19.27
7.72
1.53
0
0
0.1
0
0
0
0
0
0
0
0
0
0.88
1.58
0
0.2
0
0
0
0
0
0.44
0
0
0.57
0
0
0
0
3.51
1.73
0
1.24
0.42
2.08
1.37
3.95
0.32
0
0.05
0.01
0.01
0
0
0
0
0
0.01
0
0
0.01
0.02
1.05
0.33
0
0
0
0
0.15
0.05
0
0.87
0.65
5.31
5.72
6.74
17.35
5.84
1.23
1.41
0.22
0.85
0.19
0
0.03
0
0
0.01
0
0
0
0.02
0.07
9.41
5.61
1.02
0.39
0
0
0.55
0.08
0
0
0
0.45
2.34
0
0
0.36
0
0.43
0.28
0.42
1.97
0.38
0.15
0
0
0
3.1
1.03
5.77
1.34
0
1.59
0.65
5.58
1.66
1.88
0.34
0.07
0.01
0.39
0.84
0.63
0
1.45
5.69
10.7
9.46
4.81
7.48
7.02
0.7
0.85
0
0.08
0
0.01
0
0.52
10.04
16.32
3.92
12.01
2.2
0
1.55
0.29
0
0
0.12
0
0.81
0
0.01
0
0
0
0
0.88
4.5
4.59
3.8
14.7
6.97
4.28
0
0
0.75
0.02
0
0.45
0
0
0.1
0.15
0
0.4
9.52
3.26
3.58
1.58
8.06
4.03
0.89
0.14
0.3
2.07
0.43
1.78
4.19
0
0
0
0
0
0
0
0.01
0.3
1.13
5.25
0.53
0.06
0
0.02
0.33
0.95
4.25
0.05
0
0
0.24
0.01
0
0.27
3.29
2.77
1.04
0.41
0.05
0
0.58
7.43
7.68
9.34
0.84
0
0
0
0
0
0
0
1.73
7.76
0
0.01
0.05
0.01
1.07
1.43
0
3.07
0.04
0
2.55
5.82
8.14
0.88
9.5
0.34
5.25
0.55
0.02
0.01
0
0.13
0.14
0
0.01
0.11
0.02
0
0
0.01
0
0
0
0.21
0.31
0
0
0.68
0
0.2
0.02
0
0.35
10.84
28.5
9.21
0.96
0
0
0
0.01
0
0
0.54
0
0
0.62
0
0
0.84
2.72
0.56
8.1
5.07
0
0
0.05
0
0
0.01
0
0
0
0.63
0.66
0
0.09
0.77
0
0.01
0
0.16
0.01
2.86
0
0
0
1.53
0
1.4
0.42
0.48
1.13
0
0
4.68
9.51
1.78
3.61
2.04
0
2.55
8.75
0.99
0.02
1.27
1.03
0.01
0
0
0.7
0
0
0.01
0
0
0.02
0
0
0
0
0
0.48
0.35
0.4
4.05
3.17
0.63
1
0
0
0
0.8
3
0.61
0.85
3.67
3.87
20.97
0.76
4.71
0.16
0
0
0
0
0.01
0.88
0.02
0
3.45
3.27
2.43
0
1.11
6.41
1
0
0
0
0.58
0.18
0.46
0.43
0.16
3.97
2.46
1.52
0
0.19
0.06
2.73
0.75
0
0.17
0.02
0
0.39
0
0.19
0.46
0
0
0
0
0
0.07
0
0
0
0
0
0.39
0.38
0
0
0
0
0
0
0.05
0
0
0.4
3.65
11.28
5.95
0
0
0.17
3.5
0.11
0.01
0.8
1.7
0
0.01
0
0.04
0
0.07
0
0
0.01
0
0
0
0.05
0
0
0.01
0
0
0
0
0
0
0
0
0
0
0
0.46
0.01
0.28
0.3
1.02
1.67
0
0.19
0.2
0
0.54
0
0
0
0.2
0.27
0
0
0.04
8
1.33
0.35
0
0.37
0.25
3.22
0.73
0.05
0
0.79
0
0.02
0.01
0
2.78
21.1
16.85
4.76
0
8.17
0.56
4.28
2.77
8.93
0.03
0
0
0
0
0
0
0
0
0.01
0.01
0.01
0
0
0
2.28
7.18
0
0
0
0
0
0
0
0
0
0.06
0.58
1.07
0.55
0
0
0
0
0
0
0
0.02
0
0.55
7.51
0
0.46
0
0.01
0.01
0.39
0.02
0.02
0.01
0.02
0.7
0
11.14
0
0.89
0.58
0
1.18
0
18.05
11.81
8.73
9.61
0
0
0.4
4.3
1.24
1.32
0
0.01
0
0
0
0
0
0
0
0.81
0
0
0
0
0
0
0
0
0.01
0
0.01
0
0.19
0.01
0
0
0.57
0.47
0
0
0
0
0
0
0
0
0
1.38
0.52
1.4
0.03
0
0
0
0
0.01
0.01
0
0.15
0.25
0
0.12
0
0
0
0
0
0
0
0
0
0.22
4.3
0
0
0
0.06
0
0
0.02
0
0
0
0
0
0
0
0
0
0
0
3.14
17.05
0
0
0
0
0.96
0
7.36
3.24
1.22
0
1.44
0
0.49
2.2
11.25
5.71
8.09
6.18
3.91
0.65
0.71
0
1.09
0
0.07
0.85
0.45
0.46
1.81
0.98
1.93
0.06
0.04
0
0.43
6.41
0.2
0
0.12
0
0
0
0
0
0
0.02
0.13
0.15
0.05
0.07
0.05
0.04
0.14
0
0.06
0
0.01
0
0
0.05
0.15
1.27
0
0.03
0.15
1.02
0
0.65
10.82
0.62
1.94
10.05
3.09
0
0
0.11
0
1.33
3.84
2.25
0.42
2.02
4.38
0.68
0.41
0
0
0
0
0
0
0
0
0.02
0
0
0
0
0
0.13
0
0.16
0.34
0
0
0
0.01
0
0.05
0
0
0.02
0.01
0
0
0
0
0
0
0.01
0
0
2.55
5.48
3.96
1.02
0
0.05
0
0.86
1.28
0.09
0.05
0.35
0.5
0.94
9.5
0
1.13
5.02
2.24
0.09
0
0
0
0
0
0
0
0
0
0.34
0.25
0.07
0
0
0
0.7
4.49
0
0.61
10.12
9.27
3.16
0.71
6.68
6.69
5.22
2.48
0.18
3.35
2.9
1.8
1.03
0
0.06
2.84
1.97
0
0.88
0
0.02
0
0.16
2.23
4.45
0
0
0
0
0.37
0.02
0
0
0
0.17
0.19
0
0
0
0
0
0
0
0.01
0.02
0
0.01
0.01
0.02
0.43
14.8
3.2
4.89
4.4
0
2.1
0
0
0
0
0
0
0
1.3
4.52
0
7.77
7.34
28.54
10.9
2.3
0.14
0
0
0
0
0.02
0
0
0
0
0
0
0
4.39
3.62
11.51
36.45
2.25
0
0
0
0
1.52
0
0
0
0
0.04
0.01
0
0
0
0
0
0
0
0
0
0
0
0
0.01
0.03
0
0.02
0.01
0
0
0
0
0
0.02
0
0
0
0
0
0
0
0
0
0
0
0
0.07
0.58
0.31
0.05
0
0
0
0
0
0
0
0
0
0.01
0
0
0
0
0
0
0
0
0
0
0
2.64
0
0
0
0
0.06
0
0.54
0.46
0
0
0
0
0
0
0
0
0
0
0
0.18
0.28
0.19
0
0.01
0
0.02
0
0
0
0.04
1.8
1.33
0
0
0
0
0
0
0
0
0
0
0
0
0
0
0
0
0
0
0.14
0.02
0
0
0
0.01
0
0
0
0
0.01
0.01
0
0.01
0
0.02
3.61
0.02
0
0
0.4
0.19
0
0
0
0
0.03
2.53
3.36
0.43
0.03
0
0
1.71
11.11
5.71
2.33
0.25
0
0
0.01
0
0
0
0.01
0
0
0.23
0.43
2.99
5.2
0
0.39
2.63
10.55
0.59
11.68
11.46
0.19
0.02
0
0
0
0
0.02
8.3
1.13
0.4
0
0
0
0
0
0
0
0.02
0
0.01
0
0
0
0
0
0
0
0
0.01
0
0
0.37
6.44
13.81
7.54
8.25
3.15
3.44
2.86
10.48
0
0.28
0
0.03
0.4
3.68
1.58
11.75
10.39
3.22
0.47
2.28
1.39
0.53
0
0.27
0.32
1.92
0.82
3.43
6.07
8.09
4.92
30.76
0.98
0
0
0
0
0
0.02
0
0.21
2.21
2.89
0
11.11
22.42
8.04
5.35
3.34
0
0.86
5.95
3.39
2.8
4.13
1.52
0.23
0.01
0
0
0
0.02
0
0
0.06
0
1.87
1.13
0.23
0.29
0.46
0
0
0
0
0.08
3.11
9.52
4.33
0.1
0
0
0
0
0
0
0
0.08
0.14
0
0
0
0
0
0.01
1.88
1.21
0
0
0
0
0
0.03
0
0
0
0
0.22
6.26
9.29
6.39
6.65
7.65
0.06
0
0
0.09
1.73
0
0.39
2.26
0.23
0.01
0
2.31
0.07
0.01
0
0
0
0.02
0.12
0.01
0
0.01
0
0.24
0
0.07
1.47
0
1.95
3.51
0.97
1.13
0
0
1.2
2.88
6.71
2.04
0.44
0.8
0
2.6
4.9
2.05
4.29
1.48
0
0
0
0
0
0.18
4.91
12.95
9.7
1.84
1.73
0
2.71
0.71
6.13
1.29
0.02
0.02
0
0
0
0
0.01
0
0
0
0
0
0
0
0.23
0
0
0
0
0
0
0.54
0.14
2.25
5.69
3.71
1.83
2.48
2.5
0
0
0.4
0.02
0
1.41
0
0
0.01
0.46
5.08
5.85
2.52
0
0
0.21
0.03
0.48
0
0.05
6.15
0
0.53
0
0
0
0.21
0
0
1.95
0
0.23
3.41
2.69
0
0
0.01
0
0
0.25
1.37
0.73
0
0
0
2.27
0
0
0
0.3
0
0
0.04
5.16
4.34
12.18
0
0
0
1.22
0
0
0
0
0
0.26
0
0
0.75
7
11.52
4
0.14
0
0.01
0
0
0
0
0
0.02
0.03
0
1.41
2.31
0
2.79
10.04
0
0
0
0
0
0.03
3.13
13.32
19.04
12.26
6.63
1.49
0
1.35
11.1
0
0
2.42
2.11
0
0.37
4.33
1.8
0
0
0
0.01
0
0
0
0.02
1.28
1.71
9.93
0
1.09
0.02
0
0
5.11
11.07
8.83
0
0
0.02
0
0
0
0
0.02
0
0.67
3.51
16.16
23.79
17.19
17.55
1.31
4.94
4.56
8.96
3.68
0.02
0.11
1.25
0
0.02
0
0
0.07
0.99
0
0
0
0
0
0
0
0
2.81
5
0
1.97
14.58
3.11
3.12
6.39
11.8
2.85
6.77
2.09
2.14
0
0.09
0
0
0.09
0.02
0
0.02
0.16
5.84
0.02
0
0
0
0
0
0
0
0
0
0
0
0.19
0
0
0
0
0
0
0
0.64
1.7
4.05
13.82
3.91
0.42
0.15
0
0
0
0
0
0
0
0
0
0
0.01
1.05
0.04
0
0
0
0
0
0
0.83
9.94
7.16
5.25
3.16
8.89
23.67
0.36
5.83
3.14
8.77
25.65
19.57
8.78
3.81
0
0
0
0
0
0
0.01
0.7
0.84
0.73
1.1
0
5.04
10.15
4.24
1.38
2.22
0
0.61
2.59
5.05
2.83
8.55
0.34
0.69
5.74
2.09
6.18
1.2
0
0
0
0
0
0
0
0
0
0
0
0
0
0.01
0
0
0
0.4
2.11
3.27
21.79
11.78
12.75
5.72
6.66
36.13
21.38
0.68
0
0.02
0.23
0
0
0
0
0.01
0.03
0
0
0
0.15
3.68
0.03
0
0.62
0
0
0.04
0
0
0
0.11
0.01
0.13
9.33
1.3
2.95
1.67
0.56
7.48
0
0.13
0
0
0
0
0
0
0
0
0
0.01
0
0
0.01
0
0
0.2
0
0
0.04
12.29
23.77
0.4
0
0
0.01
0
0
0.02
0.68
5.48
0
0
0.13
0.02
0.04
0
15.23
9.27
0
0
0
0
0
0
0.01
0
0.01
0.24
0.04
0
0.14
0
0
0
0
0
0
0.67
0
0
0
0
0
0
0.11
0
0
0.01
0.05
0
0
0
0
0
0
0
0
0.4
0
0
2.71
14.88
10.48
2.46
28.21
13.83
1.18
0
0
0
0
0
0
0
0
0.37
0
0
0.01
0.01
2.9
8.52
1.08
0
0.82
4.41
3.56
0.5
0
0
0
0
0.1
2.94
0.03
0.02
0
0
0
0
0.01
1.21
5.64
0.11
0.09
0.33
0
0
0.23
1.01
4.8
3.19
0
0.13
0.7
0.11
0
0.07
0.54
0.64
0
2.74
5.05
0.46
0
0
0.14
0.01
0.01
0.1
0.02
0.04
0
0
0
0
0
0
0
0
0.09
0
0
0
0
0
0
0
0
0
0
0
0
0.33
0.13
0
0
1.46
1.64
1.15
4.93
4
8.66
4.57
2.74
0.26
0
0
0.01
0
0
0.38
0.77
0.35
0
0
0
0.17
1.9
0
0
0.83
0.94
0
0
0.15
2.84
3.28
0.8
0.5
0
0
0
0
0
0.01
0
1.24
0.87
0
0.43
0.56
1.22
0.77
0.05
0
0
0.22
5.4
12.53
12.83
11.98
0.24
0
1.38
0.16
0
0
0
0
0
0
0
0
0
0
0.46
2.35
2.67
0
0
0.32
0.78
0.45
0
0
0
0.5
0.3
0
0.11
0.24
0.17
0.74
3.98
2.88
2.01
5.78
0.15
0
0.23
0
0.59
4.59
0.61
0
0
0.15
0.11
3.57
0.48
0
0
0.48
0
0.2
0
0
0.55
5.54
8.07
2.37
0
0
0
1.02
0.91
1.57
2.02
4.14
4.38
5.59
16.09
6.73
11.09
10.83
1.11
11.73
2.12
0
2.65
9.15
3.62
4.09
1.86
0
0.88
0.79
0
0
0
0.14
0
0.47
0
0.21
0
0.84
2.73
8.04
5.97
5.18
7.02
1.8
2.52
3.83
8.23
2.91
0.2
0.27
0.06
0
5.6
22.6
1.78
0
0
3.47
10.13
1.54
1.47
6.92
7.01
7.43
0.15
0.84
7.34
12.39
0.11
0.01
0
0.21
0.01
0
0.01
0.01
0.04
0
0.06
0.49
0.18
0.07
0.02
0.03
0
0
0.05
0
0
0
0.11
0
0
0.09
0
0
0
0.1
0
0
0
0.16
0
0
0
0.01
0
0.26
0.56
0
0.11
0.37
0.08
0
0.04
0
0.02
0.08
0
0.8
0
0.1
0
0.02
0
0
0
0.02
0.02
0
0
0
0.16
0
5.59
1.09
3.1
0.65
0.06
0.01
0.08
0.02
0
0.8
0.34
0.26
1.02
0.02
0.01
0
0.18
0
2.22
10.63
3.83
10.97
11.75
0.55
0.01
0
0
0.04
0
0
0.01
0
6.8
18.26
44.41
5.87
0.05
0
0
0.02
0.01
0
0.57
3.1
2.11
4.33
6.09
8.42
0.03
0
2.62
5.5
1.01
0
0.07
0.01
0
0
0.12
0
0
0.34
0
0.24
2.18
0.45
0.53
2.05
4.7
9
2.85
7.45
0
0
0.06
0.02
0
0.02
0.01
0.01
0.02
0
0
0
0
0.7
0.35
0.16
0.02
0.02
0.06
0
0.01
0.01
0.5
0.01
0
0
0.45
0.01
0
0
0.34
6.25
11.63
4.43
0.11
0
0.46
0
0
0
0.21
0.01
0
1.32
6.12
1.74
0.58
0
0
0.01
0.02
0.02
0.16
0.7
0.71
0.02
0.34
0
0
0.01
0
0.05
0.11
0.65
0
0
0.01
0
0.01
0
0
0
0
0
3.66
2.13
1.07
2.54
1.66
4.26
12.7
14.04
0.93
0.43
0
0
0
0
0
0
0
0.5
1.21
4.54
3.12
3.05
5.48
0.83
0
0
0
0
0
0
0
0.73
0.13
0.42
0.43
0
0
0
0
0.75
0.17
0
0
0
0.34
2.43
0.5
2.92
0.72
1
0
0
0
0.85
2.4
0.79
2.16
0
0.47
0
2.98
13.89
2.79
4.79
2.09
5.15
8.83
3.61
7.25
0.38
5.52
5.78
4.68
1.27
3.2
0.71
0.02
0
0.01
0
0.88
5.89
3.27
0
0.02
0
0
0.01
0.34
0.33
0.01
0
0
0
0
0.19
0
0
0
0.01
0
0
0
0
0
0
0.7
4.58
5.13
1.7
10.32
16.83
0.43
0
0
0
0
0
0
1.16
0.02
0
0
0
0.2
0.02
0.01
0
0
0.01
0.05
0.45
0
0
0.07
0
0
3.32
4.61
0
0
0
0
0
0
1.79
23.73
33.48
20.57
0
0.8
0.66
0.67
0.34
2.72
2.84
0
0.37
1.59
0.7
1.8
0
0
0
0.22
0.35
0
0.02
0
0
0
0.02
0
0
0.03
0
0
0
0
0
0
0
0
0
0
0
0
0
0
0
0
0.7
4.96
0
0.03
0.23
0
0
0
0
0
0
0
0
0
0.02
0
0
0
0
1.06
1.77
0
0
0
0
0
0.01
0
0.08
0.37
0
0.1
0.02
0
0
0
2.61
2.7
0.07
0.64
0.86
4.14
1.51
0.46
1.12
0
0
0
0.01
0
0
0
0
0
0
0
0.01
0
0
1.58
8.39
0
0
3.64
1.18
3.49
3.66
0.24
0
0.14
0
0.07
0
0
0.01
0
0
0
0
0
0
0
0
0
0
0.01
0.98
0.23
0.1
0.25
1.11
3.5
0.02
0
0.01
0
0
0
0.02
0
0.02
0.01
0
0.98
0.73
0.1
0
0
0.34
0.16
0
0
0
0.01
0
0
1.1
0
1.6
0.46
0.38
1.38
3.84
6.23
18.85
11.87
10.32
3.94
2.9
4.39
1.33
0.89
1.14
4.1
17.55
6.77
11.5
6.67
7.14
22.4
12.2
6.84
9.41
7.01
1.19
0.47
1.77
0.43
0.16
0
0
0
0.01
0.23
0
0
0.01
0
0
0
0.63
6.16
2.93
2.16
0.14
0.74
9.97
6.37
0
0
0.41
0.23
4.83
0.4
2.26
0.16
0.02
0
0
0.3
0.24
0
0
0.18
0.52
2.77
5.83
3.57
0.35
0
1.71
0.1
0
0.47
0.37
0
0
0
0.01
0
0
0
0
0
0
0
0
0.02
0.29
0
0
0.49
2.77
7.61
19.93
2.12
5.69
4.27
0.06
11.62
11.27
5.32
10.58
2.66
0
0
0.02
0
0.97
0.51
0.52
9.83
7.5
1.42
5.93
2.06
0.48
0
0
0.4
0.31
0
0
0
0.43
1.38
4.05
0.57
1.04
1.3
0.43
0
0.01
0.32
1.66
8.68
3.38
4.64
2.49
0
0.04
0
0.38
1.31
1
5.67
0.96
0
0
1.8
0.35
3.2
0
0
1.14
0.76
3.01
2.41
8.73
10.15
0.13
0.98
1.3
0.42
0
0
0
0
0
11.81
1.14
7.56
8.26
1.16
0.99
0
0.85
0.02
1.04
7.77
11.24
0
0.05
0
0
0
1.11
4.69
5.94
7.76
3
0
0
0
0
1.31
8.14
4.88
0
0
0
0
0.01
0
0
0
0
0.83
0.89
0.36
0
0
0
0
0
0
0
0
0
0.45
0
0.01
0.93
0.06
0.26
2.98
10.88
0.06
0
0.3
3.82
9.84
0.52
0
1.03
0.11
0
0
0
0
1.34
0
0
0
0
1.15
4.48
7.34
2.98
2.8
1.41
1.47
0
0.02
0.01
0
0
0
0
0
0
0
0
0
0
0.02
0.01
0
0.79
2.95
0
2.96
3.96
5.07
0.18
1.29
2.86
3.45
12.69
11.65
0.84
0
0.01
0.47
0.4
0.8
6.73
3.54
0
0
0
1.82
0
0.98
1.85
5.08
3.38
2.23
3.81
1.11
0.61
0
10.02
13.71
13.51
0.69
0.38
1.14
3.22
16.97
1.15
0
0.06
1.45
3.24
0.07
0
0
0
0.1
5.51
10.89
4.26
4.86
9.04
0.38
0
0
0.04
0
2.04
7.44
5.14
3.55
1.44
0
0.12
0.84
1.21
0.01
0
0.02
0
0
0
0
0
4.1
1.05
1.09
5.34
3.23
12
4.42
1.34
4.69
15.27
3.85
0
0
0
1.34
6.43
2.73
1.71
14.58
18.75
0
1.67
0.94
0.44
2.38
4.7
5.2
7.64
15.07
5.89
3.89
0
0.03
1.54
3.79
0.77
0
1.09
0.21
0
0
2.95
3.76
1.76
4.52
3.91
4.72
0.17
0.42
0.86
0.3
1.38
0.62
1
0
0
0
0
0.07
3.86
8.29
7.07
3.13
2.2
2.02
0.59
0
0.31
4.14
1.51
0.37
1.79
3.04
4.26
10.88
16.63
21.03
11.63
3.91
3.39
0.67
0.33
0.01
0.41
0.11
3.08
8.86
6.61
0
0.17
2.39
8.93
4.8
3.61
7.05
5.77
3.16
9.18
7.17
4.34
2.05
3.2
9.34
3.8
0
0.43
0.36
0.02
0
0.61
0
0.01
0
0
0
0
1.77
2.54
6.36
2.92
1.16
1.33
5.07
6.36
8.07
2.73
0
0
0
0
0.03
0
0.32
3.25
6.9
7.19
4.72
2.5
1.28
0.31
1.76
0
0
1.46
0.36
0.02
1.18
0.04
0.3
0.19
0.06
0
0
0
0
0.01
0
0.01
0
0
0.07
0.28
0
0
0
0
0.06
0.11
0.35
0
0.52
0.54
16.02
0.13
0.48
0
0.02
0.02
0.27
0
0
0
0
0
0
0.63
4.52
7.4
15.08
2.37
0.09
0.52
0.01
0.94
0
0
0
0.24
3.21
0
0.09
3.99
30.84
2.73
0
1.27
4.32
6.47
7.04
0.92
1.52
0.5
0
0
5.52
0.18
0.22
0.02
0
0.02
0.01
0
0
0
0
0.03
0
0.02
0
0.11
1.23
1.64
0.06
0.42
1.02
0
0
0
0
0
0
0
0
0
0
0.59
0.18
3.59
0.39
0.39
0.01
0
0.45
0.42
0.02
0
0.02
0.01
0
4.71
9.66
8.16
0.35
0.02
0
0
0
0
0
0
0
0
0.18
0
0.1
0
0
0
0.01
0
1.88
2.2
0
0.01
0
0
0
0
0
0
0
0
0.02
0
0
0.23
0
0.02
0.11
0
0
0
0
0
0
0
0.01
0.04
1.59
4.27
2.21
6.04
1.17
0
0
0.61
1.05
0.14
0.28
2.17
1.84
0
0.01
4.52
2.97
5.2
16.55
9.22
15.3
14.8
0.93
1.3
0.63
0.71
0
0.34
9.05
14.31
1.38
0.57
1.28
0.25
3.73
11.65
4.78
7.73
13.75
13.57
7.06
2.34
1.91
14.16
22.04
6.65
7.17
0.84
3.51
0.89
5.08
8.68
1.36
0
0.02
0
0.79
3.36
3.45
2.07
0
0
0.62
0
0
0.05
0
0.47
11.99
3.48
0.57
0
0.02
0
0
0.3
0
0
2.73
1.35
0.35
2.34
7.14
6.25
12.97
0.55
0.09
0.18
0.02
1.72
3.08
1.78
1.04
0
0
0.24
1.13
1.08
0
0
0.59
0.46
1.58
2.17
6.27
2.41
1.34
0.66
5.2
1.57
1.45
4.66
1.33
0.38
0.27
0.51
0.19
1.15
2.53
0.13
0.01
0.01
0.04
0.29
0
0.02
0.34
2.8
0.73
6.7
4.72
1.68
2.64
1.2
0.53
0
0.34
0.48
0.11
1.18
0.04
0
0.01
0.18
0
0
0
0.29
0
0.01
0
0
0.26
0
0
0
0.09
0.89
3.59
1.27
0
0
0.43
0.79
0.15
0
0.07
0
0
0
0
0
0
0
0
0
0
0
0
0
0
0
0
0
0.01
0.72
2.72
1.22
0
1.36
0.25
0
0
0.11
0
0
0
0.02
0
0.01
0
0.01
0.07
2.23
9.52
6.78
4.28
3.92
2.68
0
0
0
0
0.75
8.72
3.31
1.63
0
1.04
2.5
10.82
2.25
0.08
0.1
0.06
4.13
6.8
0.84
0
0
0
0.03
1.04
3.83
0.3
0
0
0
0
0
0
0
0
0.12
0.01
0.02
0
0
0
0
0.37
0.71
0.85
0.05
2.63
5.83
6.36
10.02
14.56
5.13
2
0.53
0.16
0
0.85
1.98
0.09
0.01
0
0.06
0
0.46
0.01
0
0.67
0
0.4
0.23
0
0.48
2.43
0.3
0.09
2.25
7.96
1.17
0.34
2.1
0
0
0.43
0
0
0.01
0.02
0
0
0
0
0.02
0
0
0
0
0
0
0.02
0
0
0
0.02
0.21
0
0
0.99
0.86
0.45
0
3.13
8.41
7.78
0.7
5.65
0
0.09
0
0
0.02
0
0.2
0
0
0
0.17
0.95
0
0
0
0
0.03
0.01
0
0.07
0
0
0
0.01
0
0
0
0
0
1.01
4.43
12.73
5.48
0
0.02
0
0
0
0.97
0.11
0
0
0.31
0.06
0
4.48
29.16
4.46
0.43
0
0
0
0
0
0
3.51
18.06
9.83
2.38
0.27
0
1.3
0.02
1.64
8.05
1.57
0
0
0.02
0
0.02
1.21
12.26
15.82
0.9
0
0
0
0
0
0.09
0
0
0
0
0.02
1.11
4.36
1.55
1.13
0.3
0.95
0.15
0.11
0.13
0.11
0.09
0.27
0.8
3.59
6.09
1.52
0.97
1.4
8.38
7.21
5.51
0.46
4.95
15.08
13.67
12.77
4.78
6.96
17.43
6.09
9.5
35.02
2.21
0.01
0
0.16
0.83
0.18
0.2
0.01
0.03
0
0.08
0.28
0
0
0
0
0
0
0.8
0.74
0.01
0
0.82
2.65
1.77
4.41
10.92
5.3
1.54
0.25
1.33
5
7.63
0.77
9.8
4.52
1.79
0.38
0.08
0.48
0.06
0.96
1.17
1.02
1.71
1.18
4.76
1.11
1.03
10.47
9.78
0.59
0
0
0
0
0.04
0.02
0
0.01
0
0
0
0
0
0
0.02
0
0.01
0.42
2.04
2.15
0.01
0
0
0
0
0.16
0.05
0.07
0
0
0
0
0
0
0.41
5.95
6.63
4.38
10.01
1
1.63
7.81
6.41
3
1.71
0.85
4.42
8.9
3.38
2.41
1.04
0.78
0.09
0
0
0
0.32
0.16
2.38
0.24
0
0
0.96
7.6
6.14
0.08
0.02
0.31
0
0
0
0
0
1.34
0
0
0.05
0
0.53
0.25
0.44
0.09
1.57
5.16
0
0.24
5.46
7.89
1.72
0.25
0.48
1.32
0.62
3.9
10.52
3.37
3.7
2.46
0.92
2.7
4.64
2.7
0.41
0.06
0
0
0
0.01
0
0
0
1.95
1.97
0.91
0.2
0
0
0.11
3.78
2.1
0
0.02
0.02
0
3.55
18.4
13.37
3.2
1.07
5.37
11.1
1.99
0.97
1.13
0.73
1.02
0.02
0.53
0
0
0
0
0
6.56
8.02
0.32
0
0
0.06
0.05
0.04
0
0
0
0.25
0
1.76
2.04
4.76
0.47
0
0
0
0.01
0
0
0
0
0
0.02
0
0
0
0
0
0
0
0
0
0
0.13
0
0
0
0
0
0
0
0
0.08
0.01
0
0.03
0.67
0
0.06
0
0
0
0
0.01
0
0
0
0
0
0
0.02
0
0
0
0
0
0
0
0
0
0
0
0
0.01
0
0
0
0
0
0
0
0
0
0
0
0.09
0
0.01
0
0.11
0
0.66
0.15
0.02
1.87
1.34
0.68
0
0.63
0
2.94
12.89
5.51
1.46
1.4
0.56
0.01
0
0
0.87
0.04
0.03
0
0.01
0
0.2
0.46
0.76
2.19
10.21
9.54
4.51
2.2
1.64
0.77
0
1.69
2.47
0
0.09
0.32
2.7
8.39
3.62
0.16
0
0
0
0
0
3.24
3.61
2.7
5.03
0.14
0.33
0.57
0.8
2.34
1.79
1.11
0.53
0.61
0
0.68
1.64
1.26
2.81
2.86
0.87
0
0
0
0
0
0.01
0
0.01
0
0.31
0.13
0.24
0.04
0.27
0.21
0.5
0.02
0.16
0.96
0.23
0.78
0.07
0.28
0
0.14
0.34
0.07
0.01
0.01
0
0.29
0.41
2.28
2.67
14.26
18.06
13.98
8.55
1.45
5.94
8.84
1.5
2.75
7.28
8.77
2.69
3.6
4.45
4.41
0
0.49
2.42
2
0.17
1.56
4.38
2.34
1.68
2.46
0.48
0.29
0
0
0
0
0
0
0
0.02
2.68
2.59
1.05
1.67
1.94
2.12
5.22
3.32
6.19
11.63
7.15
3.53
0.59
2.22
9.25
12.77
4.8
0.67
1.32
3.33
1.06
0
0.36
1.43
0.66
0.32
0.9
0.46
0.59
0.75
0.41
0.57
0
0
0
0.14
0.3
1.59
3.43
2.1
2.93
0.2
0.08
0.49
1.34
0
0.01
0.22
0
0
0.1
0
0.06
0.02
0
0
0
0.38
0
0
0
0
0.49
1.16
0.27
0
2.69
22.35
25.78
9.81
5.45
10.4
7.62
2.17
0.19
1.29
6.74
3.25
0.06
0
0
0
0
0
0
0.56
0.01
0.47
0.89
0
0
0
0
0.01
0.39
0.03
0
0.02
0.11
0
0
0
0
0
0
0
0
0
0
0
0
0.1
0
0.72
0.88
0.85
1.17
0.07
0.59
1.63
0.74
1.79
4.71
6.25
8.06
2.88
0.28
0.02
0.22
0.8
0
0.02
0
0
0.02
0
0
0
0
0
0.2
0.28
0
2.88
3.29
2.82
9.27
11.06
2.94
2.58
1.64
0.02
0
0
0
0
0
0
0
0.01
0.23
0
0
0
0
0
0.03
0.03
0
0.2
0.37
0
0.2
0.3
1.45
7.02
4.89
5.09
2.87
1.93
1.55
0.23
4.09
1.88
0
0
0
0
0
0.01
0
0
0
0.02
0.06
0
0
0
0.01
0
0
0
0
0
0
0
0
0
0.21
0.52
1.88
0.01
0
0.64
0.51
5.71
3.23
0.24
0.03
0
0.32
0.19
0.33
0.73
0.62
5.08
5.63
7.04
11.57
0.61
1.51
0
0.13
0.08
0.02
6.16
0.91
0.63
0
0
0
0
0
0
0
0
0.05
0.2
0
0
0.02
0
0.01
0.01
0.02
0
0
0.01
0
0
0
0
0.01
0.01
0
0
0
0.04
0.15
0
0.16
5.59
11.2
7.28
8.1
16.26
5.9
8.2
9.53
3.62
2.31
6.96
3.46
2.77
5.55
19.01
28.98
15.23
8.94
3.57
0.36
0.48
0.41
0.38
0
0.53
0.48
1.18
3.52
2.59
1.18
1.21
3.21
0.87
3.78
5.77
3.33
2.56
1.26
3.43
3.38
1.16
1.09
7.16
1.74
0.27
3.13
4.72
2.35
0.64
3.11
2.33
1.05
0
0.03
0.02
0.18
0.31
0.41
0.05
0.47
2.14
1.12
0.23
0.34
0.71
0.01
0
0
0
0
0
0
0
0
0.28
0.79
0.91
0.91
0
0
0
0
0
0
0
0
0
0
0
0
0
0.01
0
0.01
0
0.01
0
0
0
0
0
0.04
0
0
0
0.39
0.41
2.71
15.44
8.46
11.37
8.64
15.11
2.1
0.02
0.84
5.22
22.19
22.63
5.46
1.46
1.68
1.23
0
0.13
0.91
0.55
0.16
0.18
0.84
0.44
0
2.5
3.06
3.6
2.3
2.46
2.19
0.79
0.12
0.02
0.01
0.51
2.32
0.32
0.29
0.28
1.79
0.38
0.37
0.06
2.6
6.36
1.61
4.48
1.27
1.27
2.7
1.83
0.28
1.21
1.24
0.64
0
0.35
0.41
0
0
0
1.16
11.74
7.65
3.94
0.61
0
0
0
0
0
0
0
0.02
0.03
0
0
0
0
0
0
0
0
0
0
0.12
0.01
0
0.01
0.01
0.02
0.06
0.08
0
0.01
0
6.18
2.55
0.8
0.28
0
0
0
0
0.07
0.44
2.26
7.38
4.87
0
0
2.89
0.35
0
0
0
0
0
0.03
0
0
0
0
0.15
0
4.19
15.43
4.46
18.02
7.97
0.78
0.07
5.56
2.63
0
0
0.03
0
1.32
1.55
0
0
0.63
0
0
0
0
0
0
0
0
0
0.15
2.86
0.24
0
1.52
0.01
0
1.18
0.32
1.29
0.07
0.06
0.05
0
0.44
0.69
0
0
0
0.08
1.57
3.59
0
0
0
0
0
1.79
0
0
0.01
0.02
0
0
0
0
0
0.01
0
0
0
0
0
0
0.02
0.29
0.05
0
0
0
0.09
0
0
0
0
0
0
0.16
0
0.16
0
0
0
0
0
0.01
0
0
0
0
0
0
0.05
0.73
0.18
2.26
8.09
1.11
0.59
0
0
0.07
0
0.11
0
0
1.31
4.05
1.66
0.12
5.21
1.69
0.1
0
0
0
0
0
0.59
0.73
0
0
0
0.01
0
0
0
0
0
0
0
1.52
8.76
17.3
0
0
0
0.01
0
0.2
0
0
0
0
0
0
0
0
0
0
0
0
0
0
0.01
0.23
2.35
0
0
0.48
0
0.02
0.01
0
0
0
0.03
0.21
1.58
0.13
0
0
1.63
0.86
3.07
6.85
0.45
0.51
2.11
2.49
1.21
4.88
0.58
0.13
0.46
3.18
0.6
0.02
0.09
0.21
8.75
1.61
0.39
0
0
0
0
1.48
1.04
0.31
0.46
0.47
0.27
0.59
0
0.33
0.65
1.63
0.82
0.12
0.16
0
0
0
0.15
1.55
12.32
2.74
5.96
9.12
0.91
0.28
0.13
0
0
0
0
0.03
0
0
0.35
0.7
1.06
0.14
0.36
0.9
0.26
0.88
2.92
0.66
2.2
12.23
10.39
3.89
2.55
9.6
1.68
0.3
8.39
12.2
7.99
1.73
2.98
1.12
0
0
0
0.8
7.31
9.48
12.53
5.26
5.67
2.84
1.1
0.87
0.28
0
0.08
0
0
0
0
0
0
0
0
0
0
0
5.65
3.8
0
5.74
5.09
0
0
0.23
0
0
0
0
0.02
0
0
0
0
0
0.01
0
0
0
0
0
0
0
0
0
0
0
0.19
0.84
0
0
0
0
0
0
0
0.16
0.21
0
0
0.08
0.29
0
9.83
7.73
0
0.13
0
0
0
0.09
0
0.83
0
0
3
0.41
0
0.2
0.48
0
0
0.04
0.14
0
0
0
0
0
0
0
0
0
0
0.01
0
0
0
0
0
0
0.2
0
0.02
0.22
0.01
0.48
2.02
0
0.02
0
0
0
0
0
0
0
0
0
0
0
0
0
0
0
0
0
0
0
0
0
0
0
0.01
1.23
0.72
0
0
0
0
0
0
0
0.22
0
0.01
0
0
0
0
0
0
0
0
0
5.09
1.45
3.82
1.88
0.47
0
0.01
0
0
0
0.07
0.02
0
0
1.59
0.01
0
0
0
0
0
0
0
0
0.02
0
0
0
0
0
0
0.01
0
0
0
0
0.07
0
25.28
14.77
8.62
2.34
3.51
14.04
1.23
0
0.07
0
14.95
7.2
1.3
0.16
30.02
8.46
6.55
0
0.06
0
0.79
0.23
0.59
4.32
4.14
4.9
1.38
0.22
0
0
5.83
5.26
0
1.02
5.93
5.76
0
0
0
0
1.72
17.8
28.78
7.98
0.01
1.17
0.27
2.01
1.39
1.49
0.24
0.35
0.5
8.23
5.26
4.26
1.13
6.55
0.66
0.2
0.1
0.38
0
0.24
0
1.16
1.25
0.02
1.13
2.62
1.6
0.02
0
0
20.73
4.22
0.32
0
0
0
0
0.22
4.56
1.43
0.63
0
0.14
1.21
0
0.61
2.11
1.22
0.77
9.82
3.21
2.71
0.9
0.01
0.01
0.28
0
0.55
0.99
0.65
1.12
1.2
2.56
1.33
1.15
1.79
6.5
0.84
5.06
3.45
9.07
4.54
9.72
18.3
22.17
3.94
3.33
2.32
2.87
2.93
0.25
0.17
0.29
2.29
0.45
0
0.49
0.86
0.16
0.01
0
0
0
0
0
5.92
2.92
11.83
5.37
1.75
9.12
2.96
0
2
3.39
7.46
4.2
0.12
0
0.03
0
0.27
12.66
2.36
0
0
0.34
0.03
0
0.02
0.01
0
0
0.01
0
0
0
0.01
0.01
0
0
0.02
0
0.04
0
0.01
0.01
0
0.01
0.01
0
0.01
0
0
4.41
7.39
0
0.13
0.06
0.53
0.55
0.46
5.88
3.58
3.36
3.62
5.22
1.3
14.48
12.69
4.34
0
0
0.23
0
0
0.03
1.77
1.3
0.13
0.02
1.73
0.07
0.08
0.2
0.22
0.64
1.92
0
0.1
0
0
0.37
0
1.05
3.54
6.37
0
0
0.38
1.12
3.04
3.23
0
0
0
0
0.67
0
2.93
1.22
0
0.01
9.85
3.58
1.66
0.78
6.69
5.01
12.97
1.24
0
1.43
17.11
2.92
0
0.35
0.29
2.7
2.13
0
0.01
0
0
0.1
0
0.16
0.01
0.01
0
0
0
0
0
0
0
0.09
4.02
0.73
0
0
0.06
0
0
0
0.02
0.01
0
0.2
0.16
0
0.02
0.02
0
0
0
0
0
0
0
0
0.2
0.94
0
0
0
0
0
0
0.03
0
0
0
0
0
0
0.01
0
0
0
0.1
0.02
0.03
0
0
0
0
0.01
0
0
0
0
0
0
0.47
0
0
0
0
0
0
0
0
0
0
0
0
0
0
1.14
1.26
8.64
2.45
0.02
0.01
0
0
0
0
0
0.04
0.12
0.57
1.1
23.66
15.75
2.36
0
1.33
1.2
7.83
9.88
0
0.61
4.21
5.63
4.16
0
0.05
0
10.37
13.33
3.86
0.28
0.3
4.41
0.02
1.72
0.77
0.15
0
15.13
3.78
0
0.11
0
0
0.09
0
0
1.95
0.23
0.61
8.99
9.61
7.94
11.46
1.93
0.21
0
0.01
0
0
0
0
0.53
0
0.16
0
0
0
0.09
0.02
0
0
0
0.02
0
0
1.79
0
0
0.02
0.02
0.04
0.01
0
0
0
0
0
0
0
0
0
0
0
0
0
0
0
0
0
0
0
0
0
0
0
0.08
0
0
0.07
0
0.3
0.12
0.1
1.69
10.93
13.63
2.47
0.02
0
0.73
0.47
0.01
0.02
0.41
2.98
2.36
7.82
0.26
1.84
0.21
0.07
0.35
0.01
0.01
0.08
0
0
0
0
0
0.01
0
0.86
0.14
0.01
0
0.21
3.43
0.23
3.04
5.3
8.07
14.55
10.29
1.21
0.02
0.5
0
0
0
0.73
1.85
0.29
0.07
0
0
0
0.05
0
0
0
0
9.91
3.67
0
0.01
0
0
0
0
0
0.01
0
0
0
0
0
0
0
0
0
0
7.63
0.72
0
0
0
0
0
0
0.04
0
1.3
6.84
3.79
1.51
0.14
2.75
2.2
5.92
2.26
3.3
3.63
0
1.55
0
0.41
0
0.32
0.16
0.03
0
0
0.41
0.02
0.19
2.19
0
0
0.52
4.45
0.7
0.27
1.74
4.1
3.61
3.13
0
1.05
0.3
0.5
3.14
0.48
0.15
0
0.02
0.11
0
0
0
0
0
0
0
0
0
0
0
0
0.74
4.45
2.69
9.19
1.59
0
0.06
0
0.18
0.05
0
0
0
0.14
0.05
0
0.47
0
0
0
0
0
0
0
0
0
0
0.07
0
0
0
0
0
0
0
0
0.02
0
2.98
0
1.09
0
0
0
0
0
0.02
0
0.01
0
0
0
0
0
0
0
0.01
0
0
0
0
0.12
0.63
0.02
0.05
0
0.56
0.18
0.01
0
0
0
0
0.01
0
0
0
0
0
0.37
0
0.01
0
0
0.02
0.04
0.02
0.03
0.01
0.02
0.13
5.11
1.26
0.07
0
0
0
0
0.01
0
0
0
0.02
0.01
0
0
0
0.02
0
0.05
0
0
0.03
0.01
0
0
0
0
0
0
0.02
0
0
0
0
0
0
0
0
0.08
0
0
4.09
0
0
0
0
0
0
0.04
4.19
0.76
7.8
0
0.12
0
0
0
0
0
0.1
0
4.7
0.43
4.36
0
0.03
8.7
11.28
0.19
0.28
0
0
0.52
8.5
18.78
26.43
21.32
4.7
0
1.45
0.81
0
0.23
4.04
4.52
5.65
0
0
0
0.45
0
0
0.01
0
0
0
0.07
0.34
0.25
0.04
0
0
0
0
0
0
0.05
0
0.25
0
0.01
0
0.01
1.59
0
0
0
0
0.05
0
0
0
0.01
0
0.01
0
0
0
0
0
0
0
0
0
0
0
0
0
0
0
0
0
0
0
0
0
0
0.02
0.51
0.75
0.06
0.01
0
0
0
0
2.55
2.03
2.8
6.89
0
0.66
4.41
1.32
8.41
10.49
2.23
0.28
0.59
5.2
2.66
5.68
13.5
4.88
1.69
3.7
5.18
2.64
0.84
2.03
2.76
7
0.74
0.59
3.79
1.29
0
0
10.56
1.46
0.5
0
0.11
0.02
0
0
0.48
0
0
4.8
5.23
0.75
0
0
0.56
14.16
3.89
0.58
3.7
11.75
1.45
0.52
0.02
0
0.02
0
1.8
0
0
0.01
0.26
0.76
0.49
4.82
15.88
0.03
0.21
0.67
0
0
0
3.3
8.91
13.75
0.08
0.06
0
0.09
0
1.11
1.39
0
0.04
0
0.06
5.11
12.16
0
0.64
3.39
0.67
0
0
0
0.01
0
0.01
0
0.01
0.16
4.12
0.38
0.24
0
0.23
5.95
0.88
0.54
1.1
0.95
0
0
0
0
1.59
0
0.76
0
0.04
0.15
0
0
0
0.35
0
0
6.44
0
0.01
2.42
5.4
0.52
0
0.01
0
0
0
0
0
0
0
0
0
0
0
0
0
0
0
0.11
0.55
8.02
0
0.01
0
0
0
0
0
0
0
0
0
0
0
0
0
0.01
0
0.02
0.92
0
0
0
0
0
0
2.17
2.64
0
0
0
0
0
0
0
0
0
0
0
0
0.84
0
5.73
0.04
0
0
0.01
0
0.02
3.18
3.05
0.81
0
0.2
1.31
1.38
0
0
0
0
0.01
0
0
0
0
0.51
0.55
3.12
1.19
1.19
5.55
1.77
0
0
0
0
0
0
0
0
0
0
0
0
0
0
0
0
0
0
0.01
0
0
0
0
0
0
0
0
0
0
0
0
0
0
0.02
0.1
0
0.03
0
0
0
0
0
5.61
8.66
6.64
2.16
0.32
6.86
1.66
8.66
3.14
0
0.11
0.05
0.15
4.58
2.75
9.95
0.7
0
0
0
0.1
0.01
0.41
0.63
0
0.15
0.01
5.87
5.55
2.34
1.05
1.77
7.65
0
0.02
0.27
1.95
7.29
0.13
0.11
0.36
0
0.08
12.56
1.24
1.84
1.27
5.03
3.01
0
1.4
0.87
1.4
0.01
0.2
0.02
0.13
0.25
0.01
0
0
0
0
0.19
0.01
0.2
0.12
1.77
1.05
0
4.66
3.08
3.33
4.8
7.88
4.27
4.09
0.28
0.87
0.22
0
0.45
0.02
0.06
0.04
0
0
0
0
0.25
1.64
1.98
0.45
0
4.17
3.7
0
0
0
0
0
0.07
0.06
0
0.04
1.2
1.86
2.12
0.29
4.29
11.98
5.5
1.12
12.29
17.74
5.42
1.28
0.89
0.97
6
11.91
4
6.23
1.6
2.64
1.21
0.62
1.23
0.39
2.61
0.31
0
13.39
24.51
9.32
4.4
16.68
6.75
1.02
0
0.07
3.49
1.89
0.04
0
0.04
0.05
0.02
0
0
0
0.01
1.25
6.84
2.78
0.5
0
0.86
2.94
0.71
0.23
0
0
0
0.08
0
0
0.41
0.3
0.11
0.21
0.02
0.12
0.17
0
2.49
15.14
7.84
25.88
16.45
1.41
0.38
2.8
3.46
7.54
2.11
1.02
0.81
0.83
6.36
0.89
0.95
0.56
0
0.14
0
0.02
0
1.85
5.51
0
0.03
0
0.95
0
2.27
2.72
0.81
6.22
10.55
0
0
0
0
0
0
0
0
0
0
2.43
6.38
6.16
6.73
6.85
3.54
1.06
0.1
0
0
0
0.01
0.48
0
0.77
3.18
1.45
0
0.03
0.02
0
0.01
0
0.02
13.32
2.66
1.77
0.42
0.48
0
0
0
0
0
0
0
0
0
0
0
0
0
0
0
0.03
0.02
0
0.01
0
0.02
0
0.01
0
0
0.09
0
0
0
0.01
0
0.02
0
0.85
0
0
0
0
0
0
0
0
0
0
0
0
0
0
0
0
0
0
0
0
1.55
6.52
14.24
8.52
6.82
0.17
0
1.48
0.86
0.34
1.14
0.47
2.35
11.29
4.99
0.04
4.21
0.2
0.36
1.96
0.69
0.05
0
0
0
0
0
0
0.86
0
2.54
0.77
0.01
0
0.26
4.61
5.42
1.11
0
0.01
0
0.01
0.1
0.49
6.07
0.22
0
0.01
6.89
11.74
9.78
1.96
0
0
0
0
0
0.01
8.01
0.01
0
0
0
0
0
0.16
0
0
0
1.68
0.85
0
0.34
21.11
19.63
3.92
0.57
0.13
0
0
0.27
0.04
0.7
2.54
6.75
3.21
9.98
5.35
0
0.3
1.73
0
0
0.23
0
0.21
0
0
0
0
0
0.01
0
0
0
0.02
0
0
0.27
2.34
1.22
0
0.01
0.02
0
0.79
2.79
8.17
4.31
3.37
2.52
3.63
2.87
5.96
1.44
10.13
8.44
7.4
2.94
0.89
10.09
8.02
9.23
13.62
13.58
3.99
2.17
4.79
1.93
1.42
1.63
2.57
0.49
4.37
0
0.66
0.94
0.09
10.15
2.66
0.54
0.58
1.02
0
1.47
0.61
0.22
0.33
2.23
1.46
3.47
2.07
0.21
0
0
0.05
0.9
0.69
0
0.22
0.24
0.22
0
0
0
0.03
0
0
0.44
0
0
0
0
0
0
0
0
0
0
0
0.02
0
0.13
0
0.26
0.59
0.81
0.03
0
0
0
0
0
0.34
4.15
2.09
0.54
2.3
0.72
0.5
0
0
0.16
1.15
2.55
0.82
0
0
0
0
0
1.06
0.02
0.34
0.3
2.13
0.43
0
0
0
0.09
0
0
0
0
0
0.8
1.78
0.35
0
0
0.14
0
0
0.17
0
0
0
1.48
3.03
1.6
2.85
0.71
0.14
1.25
0.81
0.61
2.86
1.91
0
0.01
0
0
0
0
0
0.08
0
0.02
0
0
0.01
0
0
0
0
0
0
0
1.08
1.39
10.3
4.19
0.14
0.88
0.55
0.31
0
0
0
0.04
0.89
0.27
0.13
0
0
4.55
1.24
0.05
0.08
0.03
0
0
0
0
0
0
0
0
0
0
0
0
0
0
0.01
0
0
0.03
0
0
0
0
0
0
0
0
0
0
0
0
0.02
0.1
2.89
17.6
24.52
3.01
1.14
2.78
0.01
0
0
0
0
0
0
0
0
0
0
0
0
0
0
0
0
0
0
0
0
0
0
0.02
0.35
0
0
0.01
0
0
0.01
0
0
0
0
0
0.01
0.03
0.01
0
0
0
0
0
0
0
0
0
0
0
0
0.02
0
0.05
0
0
0
0
0
0
0
0.14
0
0
0.84
3.96
3.5
1.64
0.92
0.11
0.11
0
0
0
0
0
0
0
0
0
0
0
0
0
0
0
0
0
0
0
0
0
0
0
0.63
3.62
2.04
0
0.02
0.05
7.46
2.47
0.24
0
0
0.03
1.29
1.02
9.42
0
0.02
0.29
3.69
1.11
0.14
0.69
1.04
0.7
0.63
0
0.08
0
0
0.13
0.04
0.47
4.95
3.24
0.24
0.3
0.11
0
0
0
0
0
0
0
0
0.37
0.59
0.28
0.44
1.11
1.02
0.77
3.57
2.11
1.3
0.36
0
0
0
0.54
0.3
0.15
0.04
0.39
0
0
2.04
0.05
0.98
0.03
0.16
0.66
7.42
3.09
13.91
5.61
0.61
3.29
2.74
1.23
1.13
0.52
0.01
0
1.88
1.92
0.94
0.05
0.04
0.13
0
0
0
0
0.38
11.45
4.67
0.2
0
0
0.32
1.7
0.15
0
0
0
0
0
0.01
0.01
0.01
0.01
0
0
0
0
0
0
0
0
0
2.29
10.09
3.77
0.16
0
1.51
0.06
2.3
0.09
0.77
4.04
11.5
16.51
6.86
0.13
0
0
0
0.01
0
0
0
1.21
2
1.81
4.13
7.05
3.02
1.13
4.08
15.63
4.88
2.52
4.14
0.44
0.16
0.12
3.09
2.36
0.01
0.05
0.02
0.25
0
0.01
3.6
16.93
7.63
3.03
0.06
0
0.91
3.07
0.56
6.18
10.55
0.24
1.37
0.17
0.11
6.64
8.36
2.67
0.78
0.62
11.31
7.76
1.62
2.84
7.91
10.06
8.07
15.59
2.18
3.2
4.49
4.61
3.06
13.82
7.13
4.86
0.57
0.3
0.53
0.13
0.03
1.16
2.22
10.26
15.45
1.5
3.93
0.23
8.79
7.39
1.59
0.2
0
10.04
4.04
0.01
0.15
0.77
0.52
0
0.01
0
0
0
3.64
0.47
0
0
0
0.01
0
0.8
5.48
1.05
1.16
0.52
0
0
0
0
0
0.01
13.41
7.83
1.32
0
0
0
0
0
0
0
0
0.17
0
0
0.09
1.95
0.71
0
0
0
0
0
0
0
0
0
0.19
0.59
0.39
0
0
3.81
1.3
0
0
0
0
0
0
0
0
0
0.01
0.27
0.07
0.02
0
0.84
5.06
0.45
0
0
0
0
0.59
0.84
1.56
0.15
3.14
1.81
0
0
0.12
1.68
4.15
0.5
1.22
0
0.01
0
0
0.28
0.15
4.3
1.05
0.04
0
0.23
0
0
0
0
0
0
0
0
0.58
0.42
17.45
8.51
0.62
0.06
1.24
0.68
0.25
0
0.16
0
0
0
0
0
0.86
0
0
0
2.58
0.03
0
0.05
0
0
0.01
0
0
0.09
0.88
8.71
2.27
0.56
0.13
0.11
0.79
0.02
0
0.08
0
0
0
0.08
0.02
0
0.01
0.01
0
0.82
0.29
0
0
1.2
0.09
0.98
0
4.61
2.03
1.11
0.64
1.66
0.3
0.01
0
0
0
0.16
0
0
0.02
0.94
0.09
0
0
0
0.01
1.09
6.61
5.52
5.14
2.29
0.43
4.57
18.46
4.13
1
8.9
1.77
0.96
0.21
0.31
0.84
1.99
5.39
6.98
0.71
1.41
0.2
3.78
6.86
6.9
8.23
6.02
0.66
1.4
6.69
1.04
0
0
0.15
0
0
0.03
0
0.01
0.32
4.64
11.07
10.15
13.71
10.57
8.54
10.71
4.43
1
4.41
1.64
5.52
0
0.52
1.52
1.2
2.3
2.84
1.86
0.77
0.55
0.88
1.19
0.21
0.05
0.02
2.59
0.88
0.3
0.3
2.91
2.04
3.77
6.27
0
0.79
3.44
1.88
0.15
0.51
1.6
1.43
0.9
11.13
3.37
0.44
0.91
0
1.98
0.64
0.04
0
0
0
0.02
0.02
0
0
0.05
0
0.47
0.02
0.01
0
0
0.01
0
0
0.13
0.59
0.59
0
0.02
0
0.01
0
0
0
0
0.04
0
0.02
0
0.2
0.79
0
0.38
0.08
0
0.91
1.82
4.82
1.7
0.9
0
1.06
2.07
0.72
1.06
0
0
0.21
1.22
3.11
2.59
2.05
0.94
0.19
1.85
1.74
0.81
0.02
0
0
0
0
0
0
0
0
0.05
0.46
0.52
0
2.23
2.47
0.51
0.23
0
0.72
0
0
0.6
2.25
9.57
8.59
2.45
0.69
0.35
0.38
2.57
0
0.85
0.63
0
0
0
0.06
0.02
0
0.5
0
0
0
0
0
0
0
0
0.05
0
0
0
0
0
0
0
0
0
0.01
0
0.03
0
0
0
0
0.56
0
0.03
24.03
0.25
0
0.1
0.01
0.17
0
0
0.46
1.72
0.01
0.01
0
0.12
0.36
0
0
0
0
0
0
0
0
0
0
0
0
0.11
0
0
0
0.17
0
0
2.59
0
1.07
23.84
5.04
11.34
8.64
4.02
0.44
0.92
0.36
0
0
0
0
0
0
0
0
1.03
10.9
32.75
30.38
1.74
0.08
1.21
7.97
1.26
0
1.26
7.16
11.89
3.29
1.37
2.75
4.55
7.81
2.29
1.38
0
0.88
1.7
14.43
3.83
1.11
0.75
1.06
2.88
6.88
13.83
4.7
0.18
0.05
0.48
1.34
5.66
9.11
8.68
0.4
0
0
3.78
5.57
8.59
37.7
15.47
4.67
5.32
2.81
0.04
0.49
0.12
0.04
0.01
0
0
0
0
0.61
0.04
1.94
0.89
1.17
1.04
0
0.08
0.73
0.23
0
5.24
14.88
2.2
1.11
4.63
3.29
0.33
0
0.24
3.31
5.42
0.41
0
0
0.04
0
0
0.04
0.02
0
0
0
0
0
0
0.04
0.03
4.23
10.73
7.3
0.25
0
0
0.03
0
0
0
0
0
0
0
0
0
0
0
1.07
8.35
2.28
0.65
7.36
4.12
1.39
1.8
1.82
2.74
0.46
0
0.34
0
0
0
0
0
0
0.06
0.04
0.05
0.02
0
0
0
0
0
0
0.04
0
0
0
1.16
0.42
0.21
0
0.01
0
0
0
0
0
0
0
0
0.02
0.02
0
0
0.02
0
0
0
0
0
0
0
0
0
0
0
0
0.02
0
0
0
0.05
0.37
0.45
1.27
1.96
1.13
0.38
2.39
4.37
0.34
0.01
0
0
0
0
0
0
0
0
3.59
2.7
0.29
0
0.01
0.01
0
0
0.02
0.01
0
0
0.04
0.23
0.66
6.66
0
0.21
0
2.97
1.94
0.31
0.07
2.49
0.55
0.69
0.29
0.84
0.2
0
0
0
0
0
0.57
0
0
0
6.72
5.68
14.98
10.21
9.71
2.21
0.18
0
0.01
0.01
0
0
0
0
0
0
0
0.32
9.11
12.32
7.03
4.64
0.95
0.62
0.19
10.66
8.61
2.63
3.03
0.16
0.19
1.59
0.19
0
0
0.02
0.25
0
0
0
0.01
0
0.04
0
0
0
0.09
0
0
0
0
0
0
0
0
0
0.03
0
2.05
1.16
0.05
0.72
0
0
0
0
0
0
0
0
0
0
0
11.75
2.54
0
0
0.09
0.46
0
0
0
0
0
0
0
0.2
5.88
0.31
0.03
0.01
0
0
0.66
0.61
0
0.01
0
0.66
0
0
0
0
0
0
0
0
0
0
0
0
0
0.37
0
1.8
0.39
0
0
0
0
0.01
0
0
0
0
0
0
0
0
0
0
0
0
0
0.01
0
0
0.08
0.01
0
0.02
0.01
0
0
0
0
0
0
0.14
2.17
2.91
3.08
2.05
2.8
0.16
5.76
7.7
5.95
0.18
0.01
0
0.05
0
0
0
0.02
0
3.54
3.5
2.36
6.89
5.21
4.23
15.02
9.34
1.69
0
0
0
0.07
0
0
0
0
0
0
0
0
0
0
0
0
0
0.3
0
0
0
0
0
0
0.66
0.05
0
0
0
0
0
0
0
0
0
0
0
0
0
0
0.22
7.88
9.8
3.31
8.61
11.25
12.2
4.07
0.34
0.25
0
0.02
0.14
0.05
0.41
0.56
3.74
1.47
8.32
5.69
2.11
0.52
3.96
0
0
0
0
0
0.2
0.2
0.04
0.02
0
0
0.11
0
0
0.3
1.49
1.74
0.41
0.94
0.19
1.75
1.2
2.34
9.02
1.8
0.98
0.93
1.35
0
0
0
0
6.2
5.11
2.38
1.36
3.84
1.18
0.23
0.11
5.13
0.08
0.01
0.09
0
0
0
0
0
0
0
1.64
0
0
0
0.01
0
0
2.66
11.08
1.98
0.98
0.87
0
0
0.18
0
0
0.22
10.69
4.48
9.28
3.89
2.09
1.95
3.84
0.49
1.74
0.67
0
0
0.06
9.58
1.19
3.82
0
0
0
0.01
6.85
5.09
3.46
0.3
2.49
1.86
0.28
0
0
2.64
0.76
0.22
1.7
2.6
0.05
0.82
2.55
4.67
4.03
9.92
6.02
0.79
0.86
4.64
8.66
0.36
0.05
0.05
0
0
0
0.41
0.31
0
0.01
0.25
1.9
1.64
0
0
0
0.03
0
0
0
0.07
3.8
1.54
0
0
0.03
0
0
0
0
0.15
0
0
0
0
0
0
0
0
0
0.48
15.64
6.77
9.09
0.33
0
14.08
2.7
0
0.13
0
0.47
5.22
0.79
0
1.36
0
0.05
0
0
0
9.07
5.61
1.41
0
0
0
0
0
0
8.29
15.42
2.41
0
0
0
0
0
0
0
0
0
0
0.02
0
0
0
0
0
0
0
0.02
0
0
0
0
0
0
0.02
0.01
0
0
0.02
0.01
0.49
0.94
0.32
20.95
5.21
0.02
0
0
0.04
0
0
0
0
0
0
0
0
0
0.01
0
0
0
0
0
0
0.05
0
0
0.12
0
0
0.07
0
0
0
0
0
0
0
0
0
0
0
0
0
0
0
0
0.02
0
0.15
0.15
0.01
0
0
1.95
3.25
0.68
0
0
0.01
3.04
5.67
0.29
0
0.02
0.37
1.8
0
0.23
0.94
0.2
0.02
0
0
0
0
0
0
0
0
0
0.57
0
0
0
0
0.9
0
0
0
14.58
4.52
12.44
8.2
1.04
1.68
0.09
1.76
11.23
0
0
0
0
0
0
0
0
0
0
0
0
0
0
0
0
0
0
0
0
0
0
0
0
0
0
0.01
0
0
1.73
6.45
0.64
0
0
0
0
0
0
0
0
0
0
0
0
0
0
0
0
0
0
0.23
1.74
3.49
3.98
10.67
1.42
0
1.38
3.51
0.09
1.38
0.5
0.09
0
0
0
0
0
0.79
0
0
0
0.18
8.23
15.44
1.41
3.39
5.82
1.5
4.71
0.57
0.83
2.01
0.43
0.05
0
0
0
0
0
0
0
0
0.48
0.12
0.32
0.28
7.05
4
1.46
0.78
0.43
0.08
0.09
1.86
0
3.16
4.18
1.04
0.3
0
0
1.79
3.69
2.09
4.46
0.47
0
0
0
0
0
0.03
0
0
11.49
0.91
1.03
0
0
0.05
4.18
1.08
0
0.02
0
0
0
0
0
0.01
0
0
0
0
27.69
15.22
1.05
0
30.84
7.9
12.32
3.49
3.23
0.45
0.16
0.01
0.07
0.3
0
0
0
0
0.19
1.11
0
0
8.35
1.71
0.19
0
0
0.21
0.29
3.55
2.95
9.57
5.61
3.46
4.75
0.19
0.01
0.23
3.41
6.85
1.84
0
0.47
3.85
7.46
1.38
0.24
0
0
0
0
2.09
2.39
5.61
0.54
0.15
0.08
0
4.73
6.09
2.9
0
0
0.43
0
0.11
0.92
0
0
0
0
0
0
0
0.02
0
0
0
0
0
0
0
0
0
0
0
0
0
0
0
0
0
0
0.11
0
0
0
0
0
0
0
0
0
0.01
0
0.2
2.24
0
0.93
0.34
0.42
0.31
0
0
0
0.02
0
4.11
21.18
0.75
0
0
0
0.02
0.46
0.85
1.56
0
0
0.02
0
0
0.01
0
0
0.11
0
0
0.69
0.62
0.29
3.38
3.9
14.79
1.46
0.62
0
0
0
0.43
7.4
2.27
0.33
0.01
0.03
0
0
0
0
0
0
0
0
0.2
3.37
1.98
0
0
0
0
0
0
0
0
0
0
0
0.07
0
0
0.47
0.42
0
0
0
0
0
0
0
0
0
0.23
0.11
0
0
0.08
1.06
0.82
0.07
0
0
0
0.03
0
0
0.15
0.04
0.09
1.14
0.02
0
0
0
0.02
0
0.02
0
0
0.07
0
0.39
4.1
0.66
0
0
3.21
0.67
0.16
2.8
3.5
1.04
0.24
0.04
0.01
0
0.02
0.48
5.4
10.98
8.01
2.74
7.13
0.98
3.76
0.2
0
0
0
0
0
0
0
0
0
0
0
0
1.67
0
0
0
0
0
0
0
0.01
0
0
0
0
0
0
0
0
0
0
0
0
0
0
0
0
0.39
0.43
0.4
0.69
5.39
6.11
7.33
0.87
1.89
9.54
6.64
1.18
0
0
0
0
0.71
0.99
0
0
0
0
0
4.07
6.21
3.54
1.91
0
0
0
0
0
0
0
0
0
0
0
0.02
0.07
0.37
0.01
3
2.31
0
0.12
0
4.67
1.22
0.14
1.52
0.07
0
0
0
0.03
0
0
0
0
0
0
0
0
0
0
0
0
0
13.86
17.59
8.66
2.41
0.08
0.01
0
0.04
0.16
0.8
0
0
1.03
2.07
10.57
8.99
4.45
0.85
0.32
4.52
0
0.33
0
1.39
2.2
0.72
0.05
1.2
0.01
0
0
0
0
0
0
0
17.41
6.03
1.22
0
3.68
0.78
0.17
0
0
0.07
0
0
0
0
0
0.04
0.79
0.01
3.47
10.23
2.91
0.25
0
0
0.18
0
0
0
0
0.01
1.92
1.51
0
0
0.01
0
2.6
1.52
1.35
1.45
0.58
2.71
3.5
2.38
1.79
0.44
0.73
1.18
0.55
2.06
0
1.6
0
0.64
1.86
14.35
4.34
6.38
0.34
0
0
0.41
3.14
3.84
0
0
0
0
2.63
0
0.76
0
0
0.93
0.52
0.18
0
13.04
0.77
0
0
0
0.01
0.73
0
0.11
0
0
0
0.01
0.01
0
0
0
0
0
1.38
6.93
0
0
0
0
0
0
3.98
0.7
0.07
11.37
1
2.53
15.42
6.27
1.39
0
0
0
0.04
0.07
0
0.13
0.06
0
0
0.22
0
0
7.36
0.84
0
0
0.03
0
0.02
0.05
0.15
0
0.6
0
0.8
6.03
3.21
16.5
1.84
0
5.24
6.01
0.36
0.78
0.8
0
0
0
0.02
0
14.32
19.24
11.01
0.93
4.22
0.57
0
0.08
3.23
1.57
2.58
0
0
0.16
9
0.95
0.16
5.84
2.46
0.04
0
0
2.7
2.55
0
0
0
4.27
0.42
7.14
7.94
2.56
4.9
0.82
0
0.04
0
0.02
0
0
0
0.02
0
0
0
0
0.06
0
0
0
0
0
0
1.34
4.3
0.02
4.42
13.64
2.36
0.12
0.03
0
0.27
0
0
0
0
0.45
3.83
8.38
19.68
3.23
0.54
0.17
0.19
2.89
5.5
0.77
0.41
0
5.66
11.02
21.74
3.73
8.68
1
0.17
0.23
2.91
0
0.12
0
7.52
4.5
1
3.13
4.84
0
0
0
0.4
0.45
19.61
5.01
5.43
1.88
0.52
1.46
4.27
9.17
7.26
0.56
3.36
3.73
0.57
4.34
10.41
0.71
0.21
0
0.02
0
0.87
3.02
7.61
1.72
5.71
0.33
0
0.02
1.31
4.17
6.17
4.46
2.48
2.73
4.93
3.23
1.43
0.59
0.51
0
0
0
0
0
0.29
0
0
0
0.05
1.3
6.78
2.44
0.23
0
0
0.01
0.01
0.08
2.41
0.34
0.23
17.82
7.66
3.31
0.05
0.08
0.22
4.67
0.03
0
0
0
0
0
0
0.02
0.24
0.89
0.37
0
0
0
0
0
0
1.24
5.34
3.16
0.26
0.11
0
0
0
0
0.06
0
0.21
0
0.44
1.99
5.25
0.8
0.59
0.53
2.46
4.89
0
0
0.32
0
0
0.03
4.2
0.99
0.03
1.48
4.04
0.13
2.21
1.7
0
1.2
2.54
0.88
1.55
0.69
0.36
0.01
0
4.9
14.38
9.2
3.46
4.92
1.67
0.1
0.05
0.43
0
0.07
2.2
4.03
2.21
14.68
2.24
0
0
0
0.44
0
6.13
0.1
0.56
2.98
0
0
0
0.02
0.07
0
0
0.03
0
0.21
0.01
0
0
1.75
0.78
0.11
5.25
0
0
0
0
0.54
7
4.52
0
0
0
0
0
0.31
3.28
5.09
0.78
0.04
0.21
0.44
0.16
0.14
0
0
0.13
24.43
1.65
0
0
0
0
0
0.02
0.13
0
0
0
0
0.19
0.52
0
0.41
5.09
1.4
0
0
0.45
0.01
0.05
1.73
2
0
0
0
0
0
0
0.04
0
0
0
0
0
0
0
0
0
0.01
0
0
0
12.62
0.41
0
0
0.01
0.38
1.86
1.41
0.05
0
0
0
0
0
0
0
0
0.52
18.63
4.88
4.16
7.43
0.48
0
0.02
0.03
0
0
0.19
5.52
25.9
2.74
4.04
1.34
7.87
0.76
0.34
3.18
0.01
0
0
0.02
0
0.35
0
0
0
0.39
0.27
0.23
1.59
0
0
0.23
0
0
0
0
0
0
0.08
2.02
1.63
11.2
2.2
0.01
0
0
0
0.01
0.88
3.77
5.63
12.66
3.41
0
2.2
5.41
3.36
2.16
21.3
9.72
1.06
1.86
0
1.08
0
0
0.52
3.18
0.01
0
2.55
5.05
4.31
0.89
0.41
0.02
0.01
0.9
0.11
9.09
6.65
1.45
0.16
0.61
0.54
0.31
0
0.04
0.66
0
0
0
0.25
1.22
0.98
1.34
3.72
6.28
2.32
0.7
0.52
1.46
1.02
4.84
2.11
0.19
0
0.22
0
0
13.02
1.13
0.21
0.41
0.22
1.91
2.3
0
0
0.18
0.29
1.3
6.45
5.38
2.16
0.05
0
0.76
3.35
3.34
0.63
0.73
5.75
1.18
0.43
0.13
6.32
5.6
21.13
5.87
14.59
7.12
3.96
13.99
12.37
1.45
0
0.23
0
0
0
0
0.13
6.9
0.39
0.02
1.44
1.38
1.32
0.26
0
0
0
0
0
0.02
0
0
0
0.25
2.07
0
0.02
3.38
0.34
0
13
2.63
0.4
1.57
0.34
0.51
1.1
4.11
0.39
0
0
0.02
0
0.44
0
0
0
0
0
1.12
1.39
13.18
14.89
3.36
2.79
4.82
1.37
1.4
0.2
6.68
7.19
1.57
0.05
0.02
0
0
0.03
0
0
0
0
0
0.05
0
0
0
3.66
8.09
7.73
13.23
3.36
0
0.77
0.27
5.34
8.82
3.34
0.06
0
0
0
0.04
0
0.05
0.09
0.03
8.45
5.88
0
0.05
0
0.39
0.26
2.23
0.16
1.77
3.02
8.68
0.68
0
0
0.02
0
0
0.05
0
0
0.17
0
0
0
0
0
0
0
0
0
0
0
0
0
0
0
0
0
0
0
0
0
0
0
0
0
0
0
0.01
0
0
0
0
0
0
0
0
0
0
0
0
0
0
0.43
0.01
0
0.04
0
0
0
0
0.02
0.02
0
0.37
0
0
0
0.01
0.11
0.12
0
0
0
0.06
2.23
11.41
0.55
0.07
0
0
0
0
0
0
0
0
0
0
0
0.11
0
0.08
0
0
0
0
0
0
0
0
0
0
0.02
0
0
0
0
0
0
0.01
0
0.01
0
0
2.31
1.45
0
0.57
0.44
0.48
0
0
0
0
0
0
0
0
0
0
0
0
0
0
0
0
0
0
0.13
0.09
4.64
0.19
1.37
0.91
0.07
0
0
0
0
0
0
0
0
0
0
0
0
0.01
0
0.33
0
0
0
0.68
11.79
6.78
0.98
0.04
1.63
9.8
4.22
0.88
0.3
4.45
1.82
3.52
1.88
4.12
1.3
0
0.09
0.88
1.33
0.82
0.33
1.14
3.94
15.74
3.91
4.29
0.59
0
4.05
2.07
0
0.9
6.35
1.7
0
2.07
4.14
1.42
0.07
0
0
0.23
0
0
0
0.12
4.07
17.27
10.43
1.87
5.07
2.48
0.04
0.53
1.89
12.5
21.95
5.54
0.43
0
0.14
2.15
9.8
0.21
5.34
3.79
2.66
5.32
1.27
6.48
9.49
9.75
4.13
5.55
4.52
0.55
0.22
0
0
0
0
0
0
0
0
0
0.02
0.13
3.75
0.59
0
0.09
0
0.04
0.05
5.76
1.91
0.32
0.22
0.12
0
0
2.85
0.56
2.21
2.91
7.74
5.06
2.2
1.13
1.21
1.64
1.68
11.63
3.14
0.86
0.61
0.23
0
0.14
0
0.14
1.09
6
3.86
0.08
0
1.61
8
5.1
1.13
0
10.09
15.94
1.96
1.19
0.21
0
0.41
0.2
0.61
0.2
0.01
0
0
0
0
0
0
0
0
0
0
0
0
3.25
0.41
1.04
1.16
0
0
0
0
0
0.01
0
0.13
0.01
0
0.01
0
0
0
0
0
0.73
0.05
1.78
6.82
15.94
23.79
5.34
0.57
0
0.55
0.96
0
0
5.05
7.95
0.87
0
0
0.01
0.07
0
0
0
0.02
0.01
0
0
0.01
0
0
0
1.48
7.34
14.8
0.3
1.98
4.92
0
1.59
0.78
0.04
0.18
0
0
0
1.38
7.18
0.78
0
0.01
0.22
2.73
0.03
0.05
0
0
0
1.87
0.02
0
0
0
0
0
0
0
0
0.02
0.01
0.02
0.05
0
0
0
0
0
0
0
0
0
0
0
0
0
0
0
0.01
0.01
0
0
0
0
0
0.21
0
0.06
0
5.27
0.55
0
0
0
2
6.78
0.21
0.14
0
0.35
0.2
1.96
14.89
5.32
2.1
0
0.99
8.52
19.23
2.87
0.29
0.32
0.11
0
0
0.03
0
0.01
0
0
0
0
0.39
0.45
0
10.66
1.12
0
14.92
7.7
0.97
7.68
11.5
12.89
12.66
3.65
0
0.02
0
0.92
3.08
2.89
0.81
0.83
5.02
11.59
6.39
0.8
0
0
0
0
0
0
0
0
0
0
0
0.2
0.07
0
1.53
5.57
14.22
1.32
0
0.29
0
0
0
0.02
0
0
0
0
0
0
0
0
0.02
0
0
0
0.01
0
0
0
0.6
0.26
0.02
0
0
0
0
0
0.07
0.03
0
1.09
0
0
0
0.96
9.27
4.68
0.29
0.27
0.23
0.01
0.14
0.04
0
0
0
0
0.02
0
0
2.82
1.89
0.6
0.55
0.01
0.05
0.07
0.01
3.18
0.03
0
1.99
0.26
0
0
0.09
0.06
0.61
0
0
0
0
0.45
1.53
0.13
0
0
0
0
0
0.06
0
2.16
1.17
0
0
0
0
2.73
0.49
0
0.07
2.28
1.57
2.41
6.65
0.95
0.51
4.26
7.66
4.49
0.03
0.11
0.52
1.4
6.59
2.91
1.01
0
0
0
0
0
0.27
0
0.01
0.11
1.07
0
0
4.31
5.61
4.81
11.59
5.31
0.81
0
0
0
1.96
0
0
0.5
0
0
0
0.02
0
0.03
0
0
0.04
0.03
0.03
0.07
0
0.23
12.84
1.86
0.24
3.34
1.81
0
0
0.01
0.01
0
0
0.02
0.12
0.07
4.91
3.9
1.71
0
1.95
11.03
9.06
13.94
5.9
1.08
0.11
0
0
0
22.64
0.84
0
0.17
0
0
0
0
0
0.55
0
0
0.95
13.85
2.9
1.86
1.21
0.01
0
0.04
0
0
0
0
0
0
4.04
11.71
1.45
0.3
6.55
14.52
13.72
3.47
0
0
0
0
0
0
0
0
0
0
0
0
0.02
0
0.23
6.32
0
0
0.01
0
0
0
0
0
0.35
0
0
0
0
0
0
0.35
0.01
0
0
0
0.01
0
0
0
0
0
0
0
0.01
0
0
0
0
0
0
0
0
0
0
0
0
0
0
0
0.2
0.01
0
0
0.98
0.45
0
0.02
2.98
3.37
0.23
0
0
0
0.01
0
0
0
0
0
0.01
0
2.83
0
0.08
3.38
4.49
0.09
0
0
0
0
0.01
0.14
0.02
1.61
1.43
2.48
0.34
0
0.48
0.02
0.72
0
4.42
4.72
0.18
0.18
0
0
0.1
0.96
0.19
0.05
0.66
0.84
0.28
0
0
0
0.82
1.02
8.32
9.43
2.81
0
0.01
0.25
0
0
1.98
8.45
1.63
1.43
0
0
0
0
0
0
1.81
1.52
3.35
1.06
3.71
1.55
33.56
6.17
1.23
2.48
6.48
0.42
0
0
0
0.23
0.6
0
0
0
0
0
0
1.02
0.61
0.21
0.09
0.15
0.08
0
0
0
0
0
0
0
0.01
0.25
0
0.02
0.32
0.01
0.33
1.03
0.07
0.21
0
0
1.99
0.28
0
0
0
0
0
0.34
0
0
0.02
0
0
0
0.01
0
0
0
0.01
0
0.02
0
0.25
2.08
0.6
0.01
0
0.11
0
0
0
0
0
0
0
0.02
0
0
0
0.01
0
0
0
0
0.01
0.01
0.12
0
0
0
0
1.89
14.36
3.29
3.21
0.35
0
0
0
0.01
0
0.32
0.16
0
0
0
0
0.04
1.68
1.58
1.3
0
0
0
0
0.48
0
0
0.69
0
0
0.02
0.33
0.01
0
0
0.36
0
0.02
0.3
0.41
0.23
0
0
0.02
0
0.05
4.3
6.48
4.22
2.06
0.15
0.7
3.76
2.38
0
0
1.58
0.15
0.1
3.19
10.36
2.64
14.18
4.72
1.11
2.74
1.66
0
0.01
0.06
0.13
3.77
14.28
10.24
2.55
4.96
0.07
9.47
2.64
0.07
0.21
0
0
0
0
0
0
7.93
8.45
10.43
6.12
12.05
0.29
0
0
0
0
0
0
0
0.01
0
0
0
0.98
7.66
0
0
0
2.91
5.63
2.71
0
0.02
0.29
0
0
0
0
0
0
0
0
0
0
0
0
0.02
0
0
0
0
0
0
0
0.04
0.45
0.45
1.23
1.99
6.4
0.45
0
3.7
0.55
0
0
0
0
0
0
0
0
0
0
0
0
0.01
0.03
0
0
0
0
0
0
0
0
0
0
0
0
0
0
0.04
5.66
3.05
1.8
0.48
0.43
1.12
1.32
0
0.02
0
0.09
0
0
0
0.24
0
0
0
0
0.57
0
0
0
0
0
0.08
0.01
0.45
7.38
0
0
0
0
0
0
0.04
0
0.01
5.89
1.33
0
0
0
0
0
0.02
0.21
0.99
0
0.01
2.51
6.55
0.46
0.08
4.22
6.28
4.37
0.17
0
0.1
3.2
0
0.93
0
0
0
0
0.52
0.74
0
0
0
0
0
0
0
0
0.09
0.04
0.13
0.7
0
0
0
0.09
0.14
0
0
0
0
0
0
0
0
0
0
0
0
0
0
0
0
0
0
0
0
0
0
0
0
0
0
0
0
0
0.01
0
0
0
0
0.04
0
0
0.03
0
0
0
0
0
0.62
0.54
0
0
0
1.2
0.02
2.34
8.09
1.07
0.95
5.41
14.16
3.05
4.82
1.52
0.81
10.31
11.29
23.19
4.48
12.44
5.84
0.09
0.01
0
0
0
0
0
0.01
0
1.48
7.22
0.33
0.48
0.04
1.63
5.78
1.21
0.87
0.04
0
0
0
0.02
0.04
0
0.01
0.01
0
0
0
0
0
0
0.09
0
0
0
0
0
0
0
0
0.1
6.22
1.7
15.08
3.62
0.24
2.19
1.26
0.09
4.93
0.36
0.08
2.64
3.75
0.17
0.32
0
0
0
0
0
0
0
0
0
0
0
0
0
0
0
0
0
0
0
0
0
0
0
0
0.27
0.18
0
0.02
0.11
3.38
3.51
14.91
4.3
0.63
0.34
3.71
2.27
0.65
0
0
0
0
0.13
0.17
0.77
0.29
0.5
2.62
9.48
16.64
4.87
0.07
0
0
0
0
0
0
0
0.9
0
0
0
0.25
0.45
0.09
0
0
0
0
0.21
0.01
0
0
0
0.04
6.99
22.16
0.26
0.08
0
0.59
0.01
0
0
0.17
0.45
4.05
8.14
10.32
7.24
7.34
1.66
0.49
6.38
30.41
0.95
0.02
0
0
7.48
1.03
1.91
0
0
0
0
0.2
0
0
0
0
0
0
0
0
0
0.03
0.52
0
0
0.32
0.55
0
0.86
26.09
0.7
0.96
0.08
5.14
1.1
0.01
0
0.01
0
0
0
0
0
0
0
0
0
0
0
0
0
0
0
0
0
3.95
6.03
0.01
0.47
0.34
1.87
0
0.01
0
0
0
0
0
0
0
0
0
0.16
0
0
0.01
0
0
0
0
0.36
0
0
0
0.56
0.21
0
0.03
0.02
0
0
0
0
0
0
0
0
0.02
7.71
0.98
0
0.01
0
1.33
0
0.9
0
8.77
1.78
0.1
0
0.01
1.74
17
1.37
0
0.08
4.46
0
0
0
0
0
0
0
0
0
0
0
0.08
0.1
6.93
0
0
0.04
1.05
11.8
1.44
8.46
0.01
4.58
0.4
0.28
0.01
0
0
0
0.01
0
0
0
0
0
0
0.27
14.27
29.39
4.2
0.15
0.01
0.72
1.25
2.52
0.79
0.5
0.01
0
0
0.01
0
0
0
0
0.11
9.17
3.93
1.73
0.01
0.31
0
0
0
0
0
0
0.07
0.3
0.03
0
0.05
0
4.2
1.07
0
0
0.02
0.59
0
0.13
1.89
1.02
0.05
0
0
0
0
0
0
0
0
0
0
0
0
0
0
0
0
0
0
0
0
0
0
0
0
0
0
0
0
0
0
0
0
0
0
0
0
0
0
0
0
0
0
0
0
0
0
0
1.56
0
0
0
0.09
0
0.02
0
0
0
0
0
0.01
0.12
0.13
0.13
0.12
7.54
1.64
0.07
0
0
0
0
0
0
0
0
0
0
0.01
0
0
0
0.04
0
0.01
0
0
0
0
0.57
0
0
0
0
0.18
0.15
0
0.01
0.1
0.6
0.31
0.1
0
0
0
0
0
0
0
0
0
0
0
0
0
0.14
3.11
5.26
1.1
6.61
1.78
7.83
4.3
10.95
1.89
0.73
0.44
0.27
0.32
6.57
0.72
0
0.01
0.02
0
0
0.01
0
0.02
0
0.4
0.25
0.6
1.16
0.72
3.59
0.42
0
0
0
0.22
0.03
0.01
0
0
0
0.01
0
0
0
0.05
0.01
0
0.2
0.01
0
0
0
0
0.25
0.26
0
0
0
0
0
0
0
0
0
0.08
9.17
4.7
3.2
1.72
0.46
0
0
0.01
0
0.03
0.73
8.25
0.67
1.88
1.13
0
0
0
0
0
0
0
0
0
0
0
0
0
0
0
0.02
0
0
0
0
0
0
0
0
0
0
0.09
0
5.19
22.38
0.89
0.09
0.35
5.02
0
0.01
0
0
0
0
0.01
0.98
0
0
0
0
0.08
9.13
0.2
0
0
4.9
9.3
0
0
0.07
19.53
3.57
0
0
0
0
0
0
0
0
0
0
0
0
0
0
0
0
0
0.01
0
0.01
0
0
0
0
0
0
0
1.21
0.77
0
0
0
0
0.02
0
0
0
0
0
0
0.49
0.72
0.24
0
0
0.01
0
0
0
0
0
0
0.01
0
0
0.3
1.79
4.39
0.23
0.01
0
0
0.91
1.82
6.89
3.75
0.61
0
5.41
1.13
0
0.02
0.46
5.84
4
7.71
17.75
0.73
2.76
12.82
3.64
0
0
0
0
0.01
0
0
0
0
0
0
0
0.01
0
0.01
0.01
0
0.23
0
0
0.11
0.13
3.77
6.81
2.51
2.63
14.18
6.5
13.99
3.44
0.93
0.4
0
0
0
0
0
0
0
0
0
0
0
0
0
0.27
1.95
6.5
0.76
0
0.03
0
0
0
0
0
0.09
0.71
1.71
6.05
4.5
1.07
0.12
0.71
0.08
0.7
0.16
0.05
0.68
1.04
1.23
0.77
0.16
0.14
0
0
0
0
0
0
0
0
0
0
0
0
0
0
0.07
0.15
0.2
0.11
1.54
0
0.19
0.24
0.88
15.5
11.47
0.45
0
0
0
0
0
0
0
0.02
0
0.01
0.05
0.13
4.67
5.51
10.03
5.62
1.87
0.82
7.14
12.42
5.73
2.88
1.25
11.49
0.58
0.93
0.14
9.52
0.77
0.44
10.2
0.27
0.35
3.1
0.08
0.02
0.05
0.08
0
0
0.15
0.19
2.72
1.08
6.39
2.84
0
0
0
0
0
0
0
0
0
1.38
0
0
0.09
1.97
3.97
5.7
2.75
0.81
0.14
5.59
4.98
2.61
5.23
0
0.07
0
0.4
14.38
13.38
1.97
3.84
8.4
6.9
0.95
7.78
6.35
4
0.57
3.45
0.22
1.31
0.5
1.52
2.82
0
0
0
0.86
10.13
17.96
0.56
0.54
0.09
0
0
0
0
0
0
0
0
0.18
6.65
5.06
0.02
0
0.06
0.02
0
0
0
0
0.01
0.01
0
0
0
0
0.02
0
0.01
0
0
0
0
0
0
0
0
0
0
0
0
0
0
0
0
0
0
0
0
0
0
0
0
0
0.41
0
0
0
0
0
0
0
0
0
0.01
0.01
0.55
0.29
0
0
0
0
0
0
0
0.66
2.43
2
0
0
0.01
0
0
0
0
0
0
0
0
0
0
0
0
0
0
0
0
0
0
0
0
0
0
0
0
0
0
0
0
0
0
0.01
0.14
8.05
5.9
0
1.25
3.24
1.92
3.95
0.13
0
0
0
0
0
0
0.01
0
0
0
0
0.02
0.2
7.99
2.16
0
0
0
0
0.21
5.97
0.88
0
0
0
0.01
0.74
2.23
0.02
10.69
1.14
5.99
17.18
18.14
3.36
7.3
0
6.75
27.24
4.95
6.85
1.28
0.61
4.17
0.87
0.2
0.18
0
0
0
0
0
0
0
1.31
13.82
1.7
0.25
1.03
0
0
0
0.01
0
0
0
0.02
0.4
0
0
0.59
0.02
0
0
0.14
0.37
0.25
0
0
0
0
0
0
0
0
0
0
0
0
0.66
4.45
8.17
1.15
0
0.03
0.03
0.01
0.01
0
0.01
0
0.4
2.35
4.43
1.37
1.48
11.71
12.63
6.48
4.24
0.88
6.63
2.26
0.08
0.09
0
0
0
0
0
0
0
0.01
0
1.37
3.47
10.12
9.55
12.16
1.24
1.88
1.65
0.2
2.65
9.69
0.98
0.61
0
2.18
1.02
0
0.14
1.16
0
0.05
0.25
2.26
0.57
0.17
0.11
0
0
0
0
0
0
0.05
0.16
0.01
0
0
0
0.01
0.13
4.14
2.39
2.44
1.06
0.05
0
0.01
0.01
0.17
0
0
0
0
0
0
0.6
4.34
4.1
2.93
2.3
8.03
0.63
0.34
0.15
0.18
0.01
0.15
0
0.14
0
0
0.02
2.21
17.31
7.77
3.41
7.82
1.05
0.28
1.69
0.03
0
0
0
0.23
7.19
1.29
3.52
0.62
0
0.02
0
0
0.01
0.34
1.7
1.91
9.23
5.75
0
0.16
0.73
0.21
0
1.41
3.2
0.71
0.02
0
2.29
0.4
0.04
0.04
0.71
17.05
6.15
0.03
0.66
0
0
0
0
0.01
0
0
0
0
0
0
0
0
0
0.26
0
0
0
0
0
5.2
0.37
0
0
0.34
0
0.09
1.99
1.52
0
0
0.04
0
0
0
0
0.02
0
0.78
0.01
1.34
0.04
0
0
0
0
0
0
0
0
0.13
0
0
0
0.01
0
1.75
2.77
0
0
0
0
0
0
0
0
0
0
0
0
0
0
0
0
0
0
0
0
0
0
0.12
0
0
0
0
0
0
0
0
0
0
0
0
0
0.35
0
0
0
0.14
0.03
0
0
0
0
0
0
0
0
0
0
0
0.88
0.09
0.09
0.24
0.48
0
0
0
0
0
0
0
0
0
0
0
0
0
0
0
0
0
0
0
0
0
0
0
0
0.07
0
0.13
0.01
0.01
0.01
0
0
0.03
0.44
3.76
3.6
9.73
1.8
1.36
0.01
0
0
0.16
0.11
2.44
0.69
0.03
1.1
0.71
0
0
0
0
0
0
0
0
9.99
13.83
3.07
0
0
0
0
0
0.12
1.31
7.42
1.07
1.88
3.01
0
1.25
0
0
0
0
0
0
0
0
0
0
0.79
4.35
6.06
6.34
2.86
1.34
9.61
8.26
4.12
2.27
2.77
3.34
3.18
2.2
0
1.18
0
3.78
0.45
0
0
0
0
0
0
0
0
0
0
0.01
0
0
0
0
0
0
0
0.07
2.83
9.6
2.58
0
0
0.33
2.09
5.63
0.69
0.09
4.45
2
0.11
0.15
0.08
4.04
15.51
13.41
7.75
7.92
6.46
3.13
2.43
7.63
2.42
0
0
5.62
0.79
0
0
3.49
4.92
1.79
0.02
0.05
0
0.17
2.72
2.01
0.02
0.8
0.11
3.77
4.35
0.56
0
0
0
1.24
0
0.2
0.17
0
0
0
0
0.01
0
0
0
0
0
0.43
10.91
1.06
0
5.88
12.35
0.91
0.41
0.09
2.57
3.12
0.62
0
1.25
1.85
1.14
0.49
0.7
0
0.16
3.74
0.94
1.21
9.2
7.81
6.89
1.54
0.38
0.01
0
0
0
0.05
2.18
7.27
3.01
0
0
0
0
0.01
0
1.11
0
0
0.11
0
0
0
0.03
0
0.51
0.1
0.03
3.25
0.26
0
0
0.05
0.01
0
0
0
0
0
0
0
0
0
0
0
0.01
0.01
0
0
0.05
0.08
0.04
0.27
5.04
0
0
0
0
0
0.51
0
0
0
0
0
0
0
0
0.35
0
0
0
0
0
0
0
0
0.01
0
0.21
0.01
0
0
0.01
0.02
0
0
0.02
0.51
2.81
0
0
0
0
0
0
0
0
0
0
0
0
0
0
0
0
0.01
0
0
0
0
0
0
0.05
0
0
0
0
0
0.01
0
0
0
0
0
4.24
14.3
0.42
0
0
0.01
0.05
0
0.73
0.04
0.06
0
14.59
2.18
0
0.01
0
0.04
3.56
9.66
1.11
4.77
0.06
2.82
1.78
0
0.02
0
0
0
0
0
0
0
0.43
1.48
2.32
5.77
4.74
0.48
0.04
0
2.39
3.58
1.06
6.71
9.63
4.32
3.7
3.73
0.05
0
0.02
0.02
2.98
7.66
1.77
0.03
0
0
0
0
0
0
0
0
0
0
0
0
0
0
0
0.05
0.06
6.06
10.11
3.8
0.39
0.38
0.37
0
0.01
0.98
0.62
0
0
0
0
0.75
0
0
0
0
0.01
0.01
0
0.03
0
0.22
4.23
0.53
0.01
0.02
0.06
11.94
4.17
0.27
0.14
0
0
0.01
0.11
2.73
0.4
0
0.05
0.01
0
0.09
0.09
0
0.01
0.01
0.01
0
0
0
0
0
0.05
0.55
23.72
11.61
0.78
13.88
8.98
1.93
0.82
0
0
0.01
0.39
0.09
0.21
2.71
0.91
0.1
2.17
6.36
3.23
4.06
11.41
5.27
0.05
0.26
5.13
0.85
0.27
0.03
0
0
0
0.17
5.97
9.36
0.61
0.02
0.01
0.26
16.79
8.13
1.42
0
0
0
0
0.38
4.43
4.65
0.27
0.1
0
0
0
0
0.07
0
0
0.01
0.13
0
0.02
0.25
0.63
0.44
0
0
0
0
0.01
0.01
0
0.04
0
0
1
2.85
0.68
0
0.62
0.02
0.22
0
0.05
5.55
5.28
10.29
5.39
2.1
12.94
9.4
1.5
0.5
0
0
0
0.15
0
0
0
0
0
0
0.02
0.02
0.39
3.37
1.02
0.02
0
0.02
0.08
0
0
0.13
0
0
0
0
0
0
0.44
0.27
1.55
0.05
0.01
0
0.22
4.16
6.31
0.7
0
0.01
0
9.05
14.46
0.46
0
0.11
1.38
0.61
0
0
0
0
0
0
0
0
0
0
0
0
0
0
0.08
0
0.91
0.2
0
0
0
0
0
0
0
0
0
0.59
0
0
1.55
0.86
3.53
0.82
0
0.59
0.72
2.3
3.18
7.84
0.48
0.02
0
8.2
8.03
18.88
12.37
0.32
0
0
0
0
0.01
0
0
0
0.27
29.85
0
0
0.02
4.89
0.05
0
0
0
0
0.01
0
0.36
0
0
0
0.26
0.01
0
0
0
0
0.01
0
0
0
0
0
0
0
0
0
0.04
3.15
1.11
0.25
1.14
0.19
0.02
0.12
0
0
0
0
0
0
0.09
0
0
0
0
0
0
0
0
0.1
0
3.66
1.91
0.02
0.37
0.48
3.55
1.33
0.03
0
0.7
0.19
12.33
0.44
2.51
3.97
7.05
0.15
0.04
0
10.81
18.18
4.25
0
0
0.34
0.21
0.31
0.12
0.01
2.77
6.43
2.88
16.88
10.21
7.14
0.8
0.24
3.77
0.27
0.28
0
0
0.01
0.65
0.93
0.94
0.35
3.13
27.8
3.88
1
0
0.01
0.09
0.17
0
0
0
0
0
0
0
0.02
0.17
0.56
0.8
0.41
0.31
0
0
0.01
0
1.52
6.55
10.09
8.04
3.68
1.06
0.19
1.02
2.44
7.18
21.98
7.05
3.1
1.84
0.89
0
0.31
0
0
0
0
0
0
0
0
0
0
0
0
0.12
11.04
0.81
0.12
0
0.36
2.82
0.25
0
0
0
0.07
10.54
2.83
7.42
6.88
6.25
4.67
11.03
0.66
0.02
0
0
0
0.5
0.34
3.07
2.43
4.3
0.88
5.97
1.72
0.03
0.47
0.06
0.1
0.35
0.02
4.18
0.63
0
0
0
0
0
0.19
0
0.14
5.27
3.63
0.24
0.04
0
0.02
0.01
0.99
0.01
0.01
0.06
0.07
0.01
0.02
0
0.04
0
1.09
0
0
0
0
0
0
0
0
0.11
0
0
0
0
0
0
0.05
0.93
0.01
0.01
0
0
0
0
0
0.15
0.06
0
0
7.3
10.79
22.82
2.5
3.73
0.81
0.87
0
4.35
7.95
4.37
0.14
0
3.25
2
2.56
2.76
1.44
1.14
0.01
0.71
0
2
17.33
11.92
0.81
0.3
0.07
0
2.66
0.12
1.23
8.43
1.74
0.81
0.8
3.49
3.43
9.23
8.41
9.59
3.42
1.76
0.88
1.82
0.04
0.31
0
0.5
0.08
0.26
0
6.84
2.38
0
0.26
0
0
0.2
0
0.18
0
11.03
0.22
0.23
0
0.2
34.84
26.88
2.34
1.62
1.98
4.21
2.53
5.55
2.49
5.36
0.43
0.01
0.03
3.64
0.32
7.58
1.19
0
5.68
7.23
0
11.36
11.22
0
0
0.94
2.02
1.97
0
0.19
0
0.2
0
0
0.07
0.11
0
0
0.02
0
0.44
0.25
0
0
0
5.5
0
0
0
0
0
0
0
0
0.01
0.04
0
0
0
0
0
0
0
0
0
0
0
0
0.53
0.01
0
0
0
0
0
0
0
0
0
0
0
0
0
0
0
0
0
0
0
0
0
0
0
0.36
0
0
0
0.01
0
0
0
0
0
0
0
0
0
0
0
0
0
0
0
0.19
3.03
1.2
0
0
0
0
0
0
0.01
0.34
0.81
2.46
0
0.16
13.81
18.27
19.52
6.39
5.37
1.24
0
0
0
0
0
0
0
0
0
0.45
1.1
0
0
0.06
0
0.05
0
0
2.96
0.9
0.28
0.1
8.04
5.24
0.79
0.18
0
0
0
0
0
0
0
0
0.01
0.01
0.3
0.16
0.2
0
0
13.68
5.03
0.35
0.05
0
0
0
0
0
0
0
0.01
0
0
0
0
0
0
0
0
0
0
0
0
0
0
0
0
0
0
0
0
0
0
0
0.01
0.55
4.9
0.07
0
0
0
0.05
0.01
0
0
0
0
0
0.02
0.16
0.07
0.01
0
0
0
0
0
0.08
0.04
0
0
0
0.01
0.02
0
0.01
0
0
3.32
2.75
2.6
0.55
0
0
0
0.06
0.02
0
0
0
0
0.14
0.02
3.09
8.91
8.67
3.08
3.02
1.72
0
0
0.08
0
0
0
0.42
2.6
1.2
0.19
0
0
0
0
0
0
2.65
4.02
0
0.03
0
0
0
0
0
0
0.01
0
6.21
0.41
9.34
5.91
0.66
4.15
5.75
3.86
2.13
1.82
4.4
1.89
1.63
0.15
2.46
3.2
2.26
0.79
0.05
0.57
0
0
2.73
1.71
1.8
9.25
6.8
12.85
15.22
1.76
1.04
0
0.24
0
0
0
0
0
0
0
0
1.44
0
0.02
0.11
3.11
3.69
0.24
0.63
0.01
0
1.29
0.18
0.04
7.3
3.92
10.43
23.03
1.63
2.77
2.29
2.56
4.86
10.04
10.68
2.15
1.96
0.15
0.05
0.04
0.33
0.11
0.09
0
0.5
0
0
1.35
16.2
1.97
0.55
6.13
7.74
1.2
0.03
0
0
0.1
0
0.01
0
0
0
0
0.35
0
0.01
0.31
0
0.05
0.01
0
0.01
0.25
0
0.63
0
0.01
0.01
0.01
0.06
0
0
0
0.82
0.11
0
0.14
0
0
0
0
0.03
2.88
0
0
0
0.25
0.05
0
0.09
0
0.02
0
0.13
1.63
0
0.01
0.02
0.01
0
0
0
0.1
0.11
0.14
0.02
0.03
0
0.79
0
0
0
0
0
1.13
0
0
0
2.24
8.46
1.78
1.92
7.76
5.61
1.11
1.71
0.34
0.14
0
0
0
0.08
0.64
0.03
0.01
0
0
0
0
0
0
0
0.09
0
0
0
0
0
0
0
0
0
0.28
0.05
0
0
0
0
0
0
0.56
0
27.95
5.43
0.01
0
0.65
0.21
0.02
0.01
0.2
0.18
1.73
0
0
0
0
0.02
0.51
0.3
0
0
0
0
0.01
0
0.07
0
0.02
0.1
1.11
1.16
3.31
5.36
4.67
17.22
7.65
8.96
8.11
3.16
1.96
4.45
7.37
8.2
2.33
3.25
2.55
3.7
0.36
1.97
1.32
3.88
2.43
2.85
3.58
6.02
0.87
0.37
7.41
3.77
1.53
0.57
11.23
16.25
7.83
0.65
0.28
3.33
0.56
0
0
4.11
8.19
1.05
0.15
0.03
0.35
0
4.51
3.66
5.5
0.93
0.02
0.05
0
0.21
0.5
0.5
0.59
0
0
0.18
0.31
0.02
0.02
0.01
0
0
0.01
0
0.01
0.34
0.57
0
3
4.03
1.86
0.73
3.96
0.57
0
0
0
0
0.03
0
0
0
0
0
0
0.09
0
0
0
0
0
0
0
0.05
0
0
0
0
0
0
0
0
0.04
0
0
0
0.14
0.18
3.9
0
0
1.08
0.15
0
0.02
0
0
0.26
0
0.01
0
0
0
3.83
2.38
0.36
0
0.18
0
0
0
0
2.82
1.2
0
2.28
9.3
4.75
1.38
4.64
0.86
0.1
0
0
0.63
0
0
0
0
0
0
0.71
0
0.17
0.95
0.71
3.85
2.63
0.1
0
0.66
0.39
0.84
0.13
0.01
0
0
0.13
0
0
0.05
0.05
0
4.21
0
0
0.04
0.8
0.01
0.74
1.45
1.17
0.36
0.04
0.35
0
0
0.54
0.73
0
0
0
0
0
0.01
0
1.46
0
0.27
0.01
0
0
0.39
0
0.82
2.77
2.42
0
0.04
0
0.02
0
0
0
0.41
0
0
0.31
0
0.09
0
0.01
0
0
0
0
0.01
0
0.02
0
0.01
0
0
0
0
0
0
0.28
0
0
0
0
0
0.16
0.54
0.67
0.66
0.01
0
0.39
7.19
0.95
0.09
0
0
1.68
0
0
0
0.01
0.05
0.43
0.8
1.77
0
0
0.55
0
0
0
0.92
0
0.63
23.61
2.86
0.59
0.31
0.61
0
0.03
0
0
0
0
0
0.04
0.13
0.9
0
0
0
1.43
27.12
9.82
0
0
0
0
0
0.02
15.21
1.97
0
0.57
0
0
0
0.03
0.24
3.59
0.31
0
0
2.48
0.29
1.37
1.02
0
0
0
0
3.08
0.05
0
0.21
0.02
0.01
0
0.76
1.72
1.33
1.84
10.29
0.72
1.79
8.28
20.21
8.06
2.52
0
0.2
2.93
3.01
0
0.22
3.13
0.5
0.62
0.01
0.25
0.29
0.09
8.31
16.18
5.02
0.83
0
0.16
0.3
0.52
0.03
0
0
0.47
0.47
0.26
3.7
0.34
3.93
9.07
1.38
0
0.1
0.07
0.04
0.05
0.03
0
0.01
0
0
0
0.63
9.77
1.45
0.27
0
0
0.01
0
0
0
0
0
0
0
0
0
0
0
2.18
0.13
0.88
0.27
0.47
0.13
0.27
0.01
0
0
0
0
0.47
3.5
0.15
0
0.37
0.38
1.27
0
0
0.04
0.16
0.3
0.04
0
0
0
0
0
0
0
0.3
0
0
0.43
0.04
0.2
4.71
7.34
0.04
0
0.67
0.3
1.61
0.71
1.05
0.91
0
0.17
0.12
0.23
0.04
8.77
2.42
8.77
0.76
0.02
0
0
0
0.17
0
0.39
2.02
14.7
2.16
0.9
1.4
0.13
4.99
7.49
6.95
2.23
1.12
1.1
0.75
2.17
2.93
0.74
0.17
2.7
4.4
0.13
0.11
0
0.11
0.01
0.16
0
0.47
5.36
1.18
0.01
0
0.13
0
0
0.29
2.32
3.35
0
0
0
0
0
0
0.05
2.89
0.46
9.96
19.11
1.17
1.2
0
0.16
0.1
0.01
0
0
0.39
1.13
0.28
0
0.08
0
0
0
0
0
0.02
0.63
0.01
0.06
1.09
0
0
0
0
0
0
0
0
0
0
0
0
0
0
0
0
0
0
0
0
0.68
0.94
2.65
4.8
0.46
0.25
0.11
0
0
0
0
0
0
0
0
0
1.15
5.57
0.1
0.01
0
0.02
0
0
0.01
0
0
0
0
0
0
0
0
0.77
0.27
0.13
0.1
0
0
0
0.07
0
0
0
0.01
0.01
0
0
0
0
0
0
4.05
0.11
0
0
0
0
0
0
0.2
0
0
0
0
0
0
0
0
0
0
0
0
0
0
0
0
0
0
0
0
0
0
0
0
0
0
0.02
0.04
0.43
0.48
0.69
0
0
0
0
0
13.94
16.3
17.67
1.28
0.09
0.01
0
0
0.82
0
0.01
0
0
0
0.07
0
0.24
2.2
21.26
0.96
0.04
0
0
0
0
13.26
1.63
2.64
0.1
0
0.02
0
0.01
0
0
0
18.95
22.63
7.21
3.22
1.33
1.2
1.29
0.02
0
0.01
0
0
0
0.33
0.53
0.15
9.85
6.39
0.37
0.63
0
0
0
0
0.12
2.25
3.58
0
0.02
0.01
0
0
0
0
0.14
3.89
0.74
2.1
0
0
1.5
1.1
0
0
0.01
0
1.16
0.46
0
0.25
0.65
20.75
3.95
4.23
4.51
0.04
0
0
0
0
0.11
0
0
0
0.05
0.36
4.97
1.29
0.23
0
0
0
0.02
0
0
0
0
0
0
0
0
0.01
0
0
0
0
0
0
0
0.01
0.55
2.6
1.95
0
0
0.07
0
0
0
0
0
0
0
0
0
0.13
0
0.02
0
0
0
0
0
0
0
0
0
0
0
0
0
0
0.04
0
0
0
1.41
0.16
0.02
0.02
0
0.04
9.12
3.3
0.42
0
0
0.12
2.76
2.63
0.46
0
0
0.05
2.74
0.48
0
0
0.11
0
0
0
0
0
0
0
0
0
0
0
0
0.02
0
0
0
0
0.61
0
0
0.57
0
0.02
0.06
8.09
3.07
2.36
9.4
6.91
5.55
0.51
1.25
1.06
0.34
0.02
0
0
0
0
0.02
0.01
0
0
0
0
0
0
0
0
0
0
0
0
0
0
0.19
11.88
4.2
0.53
0
0
4.52
0.19
0
0
0
0
0
0
0.04
0
0
0
0.32
0
3.07
0.93
0.48
4.02
0.28
0
0
0.34
4.13
18.09
16.77
2.56
0.8
1.39
0.11
0
0
0
0.06
1.36
1.19
0.25
0
3.47
10.85
4.33
16.2
4.66
0
0.02
0
0
2.3
17.89
0.88
0.12
0.02
0
0
0.01
0.01
0
0
0
0
0
0
0
0
0
0
0
0
0
0
0
0.5
0.23
0.02
0
0
0.15
0
0
0.11
0
0.43
0.13
0
0
13.08
9.48
0
1.41
7.42
0.02
0
0.81
0.86
2.78
0.5
0.01
0
0
0
0
0
0
0
0
0
8.09
0.12
0
0
0.04
0.1
0.69
0
0
0.03
0
0
0.05
0
0
0.01
0
0
0.01
0
0.07
0
0
0
0
0
0
0
0.03
0.01
0
0
0
0
0
0
0
14.17
6.88
2.57
0.51
0
0.01
0
0.02
0
0
1.29
0
0.14
4.55
3.99
6.26
8.83
6.27
0.29
0.3
2.92
13.07
3.01
9.84
14.9
0.17
0.1
0.29
0.03
0.04
0.45
0.36
2.48
0.24
7.25
8.63
1.5
0.07
0.02
0
0
0.09
0
0
0
0
0.02
0
0
0
0
1.89
0
0
0
0
0
0
0
0
0
0
0
0
0
0
0
0.68
0.7
0.18
11.52
0.91
7.41
1.38
0.32
0.05
0.01
0
0
0
0.66
4.65
4.32
0.37
0.13
0
0.2
0.08
0.25
2.19
1.04
0.85
0.41
0.07
0
0.01
0
0
0
0
0.01
0
0
0
0
0
0
0
0
0.15
0.01
0
0
0
0
0
0
0
0
0
0
0
0
0
0
0.04
0
0.26
0.28
0
0.02
0.09
0.82
0
0.37
0.02
0
0.45
2.95
2.67
0.17
0.14
0
0
0
0
0
0
0
0
0
0
0
0.05
1.7
0.38
0.1
0.7
0.7
0.52
0
0
0
0
0
0
1.62
0.98
0.2
2.71
3.73
0.19
0
0.5
0
0
0.28
0
0
3.35
2.75
0.55
0
0
0
0
0
0
0
0
0
0.02
0
0
0
0
0
0.01
2.22
2.09
0.13
1.52
0.45
0.45
0
0
0
0
1.28
0
1.72
13.73
9.19
5.28
7.33
1.46
2.78
0.66
5.75
0.52
0.28
0.61
0.08
0.41
0.56
0.04
7.47
6.55
1.76
1.55
6.94
0.41
0
0.19
9.93
4.15
0.66
0.02
0
0.1
8.91
17.39
14.2
6.02
2.04
0.23
0.07
0
0
0
0
0.66
0.34
11.84
3.85
3.81
3.86
11.26
1.06
0
0
0.02
0.08
0.05
0
0.33
0
0.07
0
0.03
1.7
0.06
0.06
0.11
0
0
0.01
0
0
4
0.3
0.63
0.11
0
0
0
0
0
0
0.02
0
0
0
0
0
0
0
0
0
0
0
0
0
0
0
0
0
0
0
0
0
0
0
1.16
0.91
1.42
0
0
0
0.01
0.05
0
0
0
0
0
0
0
0
0.01
0
0
0.77
3.39
0
0
0
0.03
0
0
0
0
0
0
0.27
0.01
1.95
2.26
5.34
0
0
0
0
0
0.2
0.48
0
0.02
0
0
0.19
12.39
5.45
1.51
0.27
0
0
0.06
0.11
7.86
0.61
1.93
1.09
0.35
5.2
8.39
3.75
3
4.4
11.21
5.68
13.55
4.44
2.86
1.41
2.95
3.76
2.65
0
0.12
0.21
0
0.13
0.22
0.27
1.06
9.09
17.1
0
0.13
1.17
6.67
1.39
2.54
9.02
3.86
3.83
3.64
1
0
0
0.03
0
0
0
0
0
0.23
0.07
0
0
0
0
0
0.13
0
0
0.33
0.35
4.08
0.36
5.66
0.32
0
0
0
0
0
0
0
0
0
0.01
0.01
0
0.95
0.09
0.02
0
0
0.05
0.09
0.06
0.13
0.01
0
0
0
1.54
0.06
0
0.38
0.46
0
0.55
2.11
0.16
5.93
10
0.95
5.21
8.13
2.06
0.27
0.46
0
0.18
0.1
0
0
0
0
0
0
0
0
0
0.1
0.12
0
0
0
0
0
0
2.72
7.76
0.86
0.74
0.23
2.33
0
0
0
0.02
0
0
0
0
0.76
0.37
0.34
1.92
0.64
0
1.14
0.36
0
0
1.93
4.83
3.27
0.18
0.21
0
0
0.03
0.01
0
0
0
0
0.03
0.07
0
0
0
0.1
0.17
0.13
0
0
0
0
0
0
0.01
0
0
0.07
0.15
0.21
0
0.01
0
0
0.1
0.29
0.2
0
0.52
0
0.01
0
0
0
0.05
4.51
2.58
0
0.99
7.14
1.18
0
0.73
3.82
2.86
0
0
0
0
0
0
0
0
0.03
0.2
0.08
0.16
1.93
0.98
0
0
0.07
0
3.01
0.65
5.76
5.47
2.94
0.16
2.18
0.04
0
0
1.25
0
0
0
0
0
0
0
0
0.7
0
0
0
0
0
0.23
1.11
0
0
0
0
0
0
0
0
0
0.01
0
0
0
0
0
0
0
0
0
0
0
0
0
0
0
0
0
0
0
0
0
0
0
0
0
0
0
0
0
0
0
0
0
0
0
0
0.01
0
0.01
0
0.8
0.39
0
0.01
0
0
0
0
0
0
0
0
0
0
0
0.09
0.21
0
0
0
0
0
0
0
0
0
0
0
0
0
0
0
0
0
0
0
0
0.02
0.09
0
0.02
0
0
0
0
0.09
0.57
0.79
0
0
0
0
0
0.03
0.31
0.55
7.77
0
0
0
0
5.87
2
2.41
7.12
1.8
0.2
1.59
7.46
0
0.7
0.2
7.31
0.96
0.41
0
0
12.27
8.44
2.15
0.75
2.81
2.7
3.25
0
7.25
0.08
0.27
3.4
0.81
10.38
0.68
0
0
0.37
0
0
13.73
10.68
1.74
5.97
3.19
6.12
2.67
0.41
1.07
7.07
0.74
0
0
0
0
0
0
0
0
0
0
0
0
0
0
0.11
0.07
0
0.19
0.11
0.18
0.01
0.79
0.35
2.72
0.03
0.55
0.15
0
0.02
0.07
0
0.02
0.02
0.02
0.78
0.2
0
0
0
0
0
0
0
0
0
0.13
0
5.75
3.48
0.05
0.19
0
0.07
0
0
0
0.01
0
0
0
0
0
0.01
0
3.46
2.33
0.18
1.58
0.04
0
0
0.17
0.07
0
0
0.05
0.72
0.01
0
0
0
0
0
0
0
0
0.29
0.64
0.13
0
18.55
4.31
0
0
0
3.08
0.1
0
0
0
0
0
0
0.88
0.09
0
0.06
0.01
0
0.81
0.34
0
0
0.01
0
0
0.91
0
0
0
0
0
0
0
0
0
0
0
0
0
0
0
0
0
0
0
0
0
0
0
0
0
0
0
0
0
0
0
0
0
0
0
0
0.02
0
0.01
0
0.12
3.18
6.18
1.75
2.98
0.74
0.07
3.34
2.35
0.02
0
0
7.78
0.72
0.46
0
0.13
2.23
12.15
5.23
4.17
7.05
0.59
0
0.13
0
0.02
0.02
1.34
0
0
0
0
0
0
0.01
0
0
0
0.02
0
0
0
0
0
0.01
4.3
1.74
2.93
5.49
7.84
3.96
0.01
0.01
0.05
0
0
0
0.04
0.01
0
0.13
0.04
0
0.02
30.88
13.79
1.03
2.16
9.6
0.57
0.31
0.02
0
0
0
0
0.01
0
0
0.22
0.05
0.07
0
0
0
0
0.02
0
0
0
0
0
0
0
0
0
0
0
0
0
0.03
0
0
0
0
0
0
0
0
0.85
22.94
4.01
0.48
0
0.01
0
0.05
0
0.01
0
0
4.36
4.27
0
8.19
0
0
0
0
0.01
0.01
0
0
0.03
1.82
0
0.04
0.21
0
0
0.01
0
0
0
0.18
0
0
0
0.03
0
5.9
1.7
0.02
0
0.02
0
0
0
0
0
0
0
0
0
0
0
0.11
0
0
0
0
0.02
0.02
0.06
0.14
0.03
3.55
0.32
0
0.06
0
0.29
0
0
0.01
0.07
1.49
0.07
0
0.02
0
0
0
0.02
0
0
0
0
0
0
0
0
0.58
13.72
22.42
5.02
0.16
1.19
3.05
14.15
4.88
1.27
0.36
0.01
0.07
0
0.04
0.05
6.98
0.33
1.73
0.07
0.04
2.79
0.04
0.04
0.38
6.95
0
1.32
4.34
1.8
0.57
0
0.02
0
0
0.05
13.99
1.31
0.2
0.43
0.32
0.18
0.35
7.65
1.6
1.2
5.23
2.04
7.55
2.41
9.32
11.82
15.3
4.2
0.48
0.54
8.72
6.46
8.16
0.92
7.73
4.6
1.46
8.73
0.74
0
0.16
0.2
0.22
0.16
0.08
2.3
0.89
6.54
4.32
16.96
4.28
0.57
1.8
1.31
6.76
1.56
0.05
5.79
10.79
1.87
0.69
0.91
4.99
1.04
0.04
0.17
0.16
0.21
0.14
0
1.48
0.84
0
0.02
0
0
1.36
0.13
0.08
0
0
0
0.63
7.89
0.41
0.16
0
0.02
0
0
0
0
0
0
0
0.02
0.01
0
0.04
4.18
2.4
0.6
0.02
0.17
0.2
2.86
0.2
0
0
0.22
0.01
0
2.01
0.07
0
8.16
8.3
6.25
6.55
0.48
0
0
0.23
2.06
1.65
0.71
0
0
0
0
0
0
0
0
0
0
0
0
0.23
8.69
0.39
0
0
0
0
0.24
1.57
0.42
0.84
3.08
0.07
0.02
1.63
19.93
4.88
0
4.83
23.05
17.41
0.45
0
0
0.4
0.95
8.09
6.75
5.6
1.16
0
0
0
0
0
0
0
0
0
0.04
3.73
0.14
0
0
0
0
0
0
0
0
2.49
0.05
0
0
0
0.12
0.09
3.89
0.15
0.7
0.06
0
0
0
0
0
0
0
0
0
0
0
0
0
0
0
0
0
0
0
0
0
0
0
0.34
0
0.03
0
0
0.05
0
0
0
0.18
1.52
0
1.84
0.1
0
0
0
0
0
0
0
0.25
0
0
1.09
0
0
0
0
0.13
8.5
0
9.38
0.66
0
0
0
0.02
0
0
0
0
0
0
0.02
0.41
1.8
0
0
0.01
0
0
0
0
0
0
1.01
0
0.79
3.27
0.17
0
0.05
0.06
0
0.73
1.05
3.2
11.43
1.75
0
0.01
0
0
0
0
0
0
0.02
0
0
0
0
0.01
0
0
0
0
0
0
0
10.37
0.91
0.68
0
0.32
0.22
0
0.01
0
0
0
0
0
0
0
0
0
0
0
0
0
0
2.3
0.45
0.09
0
0.34
0
16.02
26.92
9.29
8.86
1.6
0.27
5.63
2.47
0.82
2.32
0.02
0
0.77
0.75
0.07
0
0
0
0
0
0.01
0
0
0
15.5
7.57
3.64
0.74
0.52
0.18
1.48
14.47
13.41
12.07
1.38
0
0.91
3.52
7.36
6.76
12.36
9.85
3.84
7.22
6.73
2
0.09
0.52
0.88
10.57
2.96
15.13
0.95
8.4
4.09
2.09
11.89
4.65
13
15.82
1.71
0.5
0.11
0.16
0.27
0.35
2.76
8.48
2.87
10.61
19.95
11.21
4.04
6.34
0.86
0.62
0.66
0.27
0.14
0
0
0
0
0
3.16
1.1
0.23
0
0
0
0
0
0
0
0
0.05
0.05
0
0
0
0
0
0
0
1.7
0.53
0.04
0
0
0
0
0
0.02
0.04
0
0
0
0
0
0
0
0
0
0
0
0
0
0
0
0
0
0
0
0
0
0
0
0
0
0
0
0
0
0.2
0.05
0
0
0
0.95
0
0
0
0
0
0
0
0
1.3
6.34
8.16
9.96
5.79
0.81
0.01
0
0.01
0
0
0
0.01
0
0
0
0
0.17
0.61
1.52
1.02
2.31
0
0.03
0
0.05
1.07
3.63
3.81
6.51
8.65
2.84
0
0.01
0
0.05
0.04
4.43
6.25
3.29
0.43
0.12
0
0.25
9.32
7.46
2.03
0.42
7.55
15.23
1.6
0
0
0
0
0
0
0
0
0
0
0
2.48
0.27
0.02
0
0
0
0
0
0.01
0
0.01
0.77
0.25
0
11.65
11.45
0
0
0
0
0
0.22
1.45
0.15
0
0
0
0.48
0.15
0.34
0.02
0
0
0
0.45
2.34
7.87
1.54
0.05
0
2.34
0
0
0
0
0
0
2.48
0.44
0.07
0.02
1.03
9.72
0
5.88
0.31
0
0.02
0.01
0
0
0.01
0.08
0
0
0
0
0.25
0
9.32
0.46
0.44
0.09
0
0
0
0
0
0
0
0
0
0
0.23
0
0
0
0
0
1.52
2.36
1.67
0
0.02
0.29
0.33
0
0
0.84
4.16
3.02
2.8
0.2
0.98
0
1.3
0
0
0.28
0
1.01
1.45
0
0.01
0
0
0
0
0
0
0
0
0
0
0.09
1.89
2.14
2.53
1.58
0.24
0.46
1.42
3.78
5.07
0.02
0
0
0.05
9.6
7.02
6.04
22.16
9.23
4.54
4.64
3.46
7.56
10.45
1.66
12.39
0.35
0
0.08
0.65
9.11
1.53
1.53
20.99
6.39
0.31
1.12
9.03
2.09
0.19
2.05
0.03
0
0
0
0
17.48
0
0
0
1.48
0.18
0.41
3
3.64
0.01
0
7.02
8.73
18.94
5.64
1.44
0.47
3.08
6.25
0.84
0.16
1.92
1
0.17
0.88
2.63
2.09
7.42
0.02
0.12
0.05
0.34
0.04
0.2
0
0
0
0
0.25
2.75
1.32
0
0
0
0
0.13
0
0.02
0
0
0
0
0.95
4.39
0.52
0.63
3.55
0.53
1.63
1.82
18.38
3.73
5.86
0.05
0.06
0
0.79
2.8
0.14
0
0
0
0
0
0
0
0
0
0.21
4.05
0.28
0.01
0
0
0
0
0
0
0
0.02
0
0
0
0
0
0
0
0
0
0.04
0
0
0
0
0
0
0.02
0.02
0.08
1.22
0.21
0.02
0
0.02
0
7.53
0.61
4.73
0
0.27
1.42
0.79
3.39
1.01
0.64
0
4
2.95
1.98
0.04
0.07
8.5
2.68
6.7
0.3
0
0
0.04
0.11
3.34
0
0
0
2.3
0
11.12
6.48
4.48
0.6
3.93
1.17
0.41
0.11
0.04
0
0
0
7.66
13.13
2.31
4.68
11.31
8.47
0.27
0.23
0.22
8.18
4.02
0.97
2.59
2.81
7.01
0
3.74
13.52
0.79
10.31
2.41
1.72
0.72
0.1
0.32
0.09
6.2
0
0
0
0
0
0
0
0
0
0.01
0
0
0
0
0
0
0
0
0
0
0
0
0
0
5.55
3.77
0.16
0
0
0
0
0
0
0
0
0
0
0.09
0
0
0
0
0
0
0
0
0
0
0
0
0
0
0
0
0
0
1.55
0.47
0
0
0
0.01
0
0
0
0
0
0.13
0
0
5.5
4.14
0
0.17
7.44
0.75
0
0
0
0.01
0
0
1.73
0
0
0
0
0
0.02
0
0
0
0
0
0
0
0.01
0
0.01
0
0
0
0.01
0
0.01
0.44
0.13
3.03
13.45
1.46
2.64
7.55
5.48
1.14
8.59
0.51
0.61
0.02
0.06
1.66
6.09
8.06
2.05
0.02
0.68
0.98
0.15
0
0
0
0
0
0
0
0
0
0
0
0
0
0
0.25
0
0
0
0
0
0
0.16
0.32
6.57
10.96
0.32
0.28
0
0
0
0.16
0.02
0
0
0
0
0
0
0
0
0
0
0.01
0
0
0.18
0
0
0
0
0
0
0.02
0
0.09
0.03
0.02
0
0.2
0
0.18
0
0.01
0.04
0.15
0
0
0.03
0.01
0.01
0.67
0
0.01
0
0
0
0
0.05
0.36
6.98
10.13
3.01
0.45
0.01
0
0
0
0
0.02
0.55
2.08
0
0
0.01
0
0
0
3.09
1.72
0.01
0
0.16
0.56
3.57
0.54
0
0
0
0
0
0
0
0
0
0
0
0
0
0
0
0.56
5.4
0.47
0
0
0
0
0
0
0
0
0
0
0
0
0.01
10.55
4.29
0.3
0.37
0.22
0.1
0.19
1.27
0.1
0
0
0
0
0.02
0
13.83
5.53
0.45
0.77
3.75
0.05
0.06
0
0
0
0
0
0
6.22
6.32
1.75
1.25
0.06
0
0
0
0.19
0
0
0
0
0
0
0
0
0
0.01
0.13
0.01
0.86
0.77
6.88
1.46
0.04
0
0.61
0.23
0
0
0
0.89
6.86
22.23
9.32
3.66
1.76
6.52
3.16
2.94
0.16
0.45
3.44
4.79
0.11
0.02
0
0
0
0
0.05
0
0.69
3.32
8.3
2.32
0.38
0
0
0
0.02
0
0
0
0
0
0
2.2
10.92
0.02
0
0
0.01
0
0
5.82
4.49
0.26
0.11
0.14
20.25
0.5
0
0.78
0
0
0
0
0
0.87
0
0
0
0.05
0.01
0
0
0.05
0.01
0
0
0.23
0
0
0
0
0
0
0.34
1.24
0.61
0
0
0.05
0
0
0.02
0.01
0
0
0
0
0
7.38
4.09
0.66
0
0.04
0
0
0
0
0
0
0
2.02
0
0
0
0
0.03
0
0
0
0
0
0.09
0.34
0.01
0
0
0.02
0.25
0.8
0
0
0
0
0
0.21
6.24
0
0
3.25
1.66
0.52
0.93
0.64
0
0
0
0
0.96
0.39
0
0.1
0
8.17
26.71
1.63
0
0
0
1.05
4.57
0.3
0
0
0
0
0.08
0
0
0
0.84
6.55
5.53
0
0
0.11
4.21
11.13
1.76
0.02
0
0.23
13.63
3.73
10.89
13.96
7.32
11.63
16.66
8.65
3.69
15.88
7.29
0.29
0.77
0.18
0
0.08
0.11
0
0
0
0
0
0.02
0
0.75
20.46
10.02
1.96
2.39
1.75
0
0.08
0
0
1.41
0.36
0.05
0
0
0
0
0
0
0.16
0
0
0
0.01
0.84
0
0.17
0
0.26
5.09
0.23
0
0
0.46
3.69
1.56
0.36
0.13
0.01
0.18
0.02
0.04
0
0.02
0.14
0
0
0.45
4.95
9.73
0.95
0.13
0
0
0
0
0
0
0
0.05
2.02
0.51
0.02
0
3.32
7.7
0.46
0.43
0.34
0
0
0
0
0
0
0
0.02
0
0
0
0
0
0.15
1.2
0.2
0
0
0
0
0
0
0.01
0
0
0
0
0
0
0
0
0
0
0
0
0
0
0
0
0
0
0
0
0
0
0
0
0
0
0
0
0
0
0
0
0
0
0
0
0
0.01
0
8.66
2.79
5.07
2.59
0.45
0.37
0.01
0.16
0.01
0
3.56
2.5
1.38
7.58
3.57
1.47
0.4
0
3.06
5.73
3.4
4.76
0.68
0.12
2.29
7.31
17.46
9.11
0
4.04
1.05
0
0
8.42
0.28
0.02
0.84
2.51
7.48
0.48
0.1
0.35
0.86
0.17
1.23
4.25
1.37
6.39
13.02
3.75
0.95
1.22
1.08
0.02
0
0.02
0.02
2.17
11.45
0
0.05
0.89
4.48
1.4
1.72
0.72
0.05
2.95
0
0
0
0.03
0.03
2.39
0.22
2.66
16.91
0.1
0
0
0
0
0
0.01
0
0
0
0
0
0
0
0
0
0
0
0
0
0
0.63
0.31
0
0
0
0
0
0
0
0
0.03
0
0
0
0.26
0
0.01
0
0.04
0
0
6.14
0.79
0
0
0
0
0
0.02
0.14
0
0
0
0
0
0
0.02
0
0
0
0
0
0
0
0
0.01
1.82
0
0
0
0.01
0
0
0
0
0
0
0
0
0
0.02
0.01
0
0
1.93
0.03
0
0
0
0.01
0
0
0
0
0
0
0
0
0.01
0
0
0
0
0.04
0.44
7.52
0.73
0
0.02
0.02
0.01
0
1.96
0.24
2.39
0.69
0
0.07
0
0
0
0
0
0
0
0
1.21
7.2
0.39
0
0
0.68
0
0
0
0
2.77
1.37
0.29
0.56
0.41
0.19
0.8
0
0
0
6.83
1.09
1.24
14.86
0.07
2.48
15.86
2.7
0
0.3
0
0
0
3.6
1.97
0.04
0
0.25
0.02
0
0
0
2
14.64
3.92
6.51
0.15
0.97
0.05
0.52
8.28
0.75
9.99
1.77
0.13
0
7.8
14.84
2.13
1.27
0
0
0
0
0.02
4.13
0.12
0
0.22
0
0.02
0.05
1.03
9.37
8.69
6.56
4.9
10.64
1.99
7.43
14.91
2.57
0
4.43
0.15
2.48
1.84
5.48
1.2
0.01
0.47
2.92
2.78
7.43
0.66
0.82
0.7
0.63
3.46
2.94
10.17
0.3
0
0
0.3
2.44
4.47
2.05
18.44
3.5
0.97
0.19
0
0
0
0.02
0
0.18
1.25
0.42
0.98
6.24
0.68
0.09
0.01
0
0
0
0.57
0.08
0.06
0.22
0.14
0
0
0
3.5
0.98
0.89
0.44
0
0
16.37
11.77
5.17
10.13
2.34
0.95
9.81
1.29
0
0.83
0.13
0.37
0.04
0
0
3.05
0.19
0
0.09
0.11
0
0
0.11
0.71
0.84
5.5
0.79
0.02
0.14
0.45
0
0
0.01
0
0
0
0
0
0
0.03
0
0.06
0
0
0
0
1.52
29.02
3.38
0.19
0
0
0
0.03
0.07
0.01
0.09
1.66
0.03
1.38
0.13
2.3
2.23
0.2
1.54
0.22
0.05
0.04
0.28
5.95
1.77
0.01
0
0
0.49
0.8
0.01
0.38
18.86
10.68
7.39
6.14
2.51
0
0.24
0
0
0
0
0
0.01
0.01
0
0.01
0
0.01
0
0
0.02
0.32
7.99
1.98
0.03
0
0
0
0
0
0
0
0
0
0
0
0
0
0
0
0
0
0
0
0
0.05
0.29
0.02
0.55
0.34
0
1.11
0.66
0
0
0.48
0
0.05
0
0
0
0
0
0.01
0
0
0
0
0
0
0
0.3
0
0
0
0.01
0
0
0
0
0
0
0
0
0
0
0
4.2
0.88
0.53
0.61
0
0
0
0
0
0
0
0
0
0.13
0
0.01
0
0
0
0
0.06
3.8
1.15
0
7.47
0.03
0
0
0
0
0
0
0
0
0
0
0.01
1.2
2.66
20.4
10.46
3.69
0.83
0
0.01
0.01
11.07
0
0.01
0
0
0.01
0
0
8.09
0.47
3.96
0
0
0
12.82
2.54
0
0.07
3.05
6
18.42
16.73
4.53
0.52
1.95
0.52
0
0
0.01
0
0
0
0
0
0
0.03
0
0.01
0.18
0.25
0
0.02
0.09
0
0
0.01
0.25
0.13
2.68
0.06
0
0
0
0
0.02
0
0
0
0.01
0.04
0
0
0
0.02
0
0
0
0
0
0
0
0
0
0
0
0
0
0
0
0
0
0
0
0
0
2.46
8.09
0.73
0
0.05
0
0
0
3.97
3.03
2.93
7.71
11.64
0.16
0
0
0.03
0
0.36
0
0.01
1.11
2.94
0.06
0.6
0.02
1.28
0
0
0.01
1.85
1.01
6.99
0.3
0.18
0
0
0
0
0
0
0.01
0
0.64
0.15
5.49
0.16
0.27
0
0.02
0
0
0
0.02
0
0
0
0
0
0
0
0
0
0
0
0
0
0.07
1.56
1.98
0
20.64
4.23
0.51
0
0.08
0.01
0
0
0
0.36
5.97
6.77
12.17
6.84
0.77
0.31
0.02
0.01
0.01
0.02
0
0
0
0
0.11
1.24
0.14
0
0
0.08
2.2
1.25
0
6.44
9.13
4.1
0.38
0.11
13.59
8.45
5.11
0
0.04
0
0
0
0.06
0
0
0
0
0
0
0
0
0
0
0
0
0.14
0.65
0.38
1.73
5.39
4.4
19.41
20.18
1.35
1.88
1.68
0
0
0
0
0
0
0
0
0
0.26
0.95
0
0
0
0
0
0
0
0
0.32
0.02
0.02
4.73
7.19
3.35
6.43
1.45
0
0
0.02
0
0
0
0
0
0
0
0
0
0
0
0
0
0
0.01
0.02
0.01
0.01
0
2.56
0.08
0
0
0
0
0
0
0
0
0.01
0
0
0
0
0
0
0
0
0
0
0
0
0.41
0
0
0
0
0
0
2.73
0.02
0.02
0
0
0
0
0
0
0
0
2.97
0.1
0
0.1
0.98
0.76
0.05
0
2.17
0.02
0.01
0.54
0.41
1.91
8.13
0
6.94
0
0.03
0
0.08
0
2.4
4.71
0
0
0
0
0
0.02
0
0.03
0
0
0
0.11
1.3
2.38
6.62
3.33
0.05
7.21
1.93
2.73
4.23
0
0
0
0
0
0.01
0
3
0.26
0
0.01
0
0
0.11
10.8
15.82
9.61
0.58
0.01
0
0
0.04
0
0.12
0.05
0
7.04
7.3
1.8
0.19
0
0
0.03
0
0
0.91
1.34
0.01
0
0.02
0.02
0.01
0.01
0
0
0
0
0
0
0
8.25
4.93
2.85
8.82
1.56
1.19
8.59
2.45
2.6
5.09
2.58
3.86
0.42
0.05
2.93
1.95
4.1
0
2.41
0
0
0.15
0.13
0.38
0
0
8.07
5.77
2.64
0.32
4.27
2.45
0
3.2
4.14
3.99
6.34
0.47
0
0.36
0.02
1.7
0.77
2.49
2.34
0
0.06
2.14
0.67
1.13
3.02
0.68
0.45
9.98
1.05
11.96
3.09
5.73
0
0
0
0
0.07
0
0.29
0
3.2
1.53
3.98
0.84
7.41
0.38
0
0.15
0
0
0
0
0.88
1.57
0.09
0
0
0
0.02
0
0
0.02
0
0.02
0.1
0
0.02
0
0
0
0
7.81
10.52
3.12
0
3.15
0
1.87
26.08
10.07
2.4
0.11
0
0.07
0
0.6
1.31
0.15
0
0.02
0
0
0
0
0
0.07
0.05
0
0
0.01
0
0
0.01
0
0
0
0.02
3.37
16.51
4.7
9.03
14.41
2.12
0
0
0
0
0
0
0
0
0
1.14
1.17
1.82
9.74
10.04
1.45
0.13
0
2.05
11.33
0.35
0
0.81
0
0
0
0.43
0.01
0
0
0.14
0
0
0
0
1.23
15.01
4.52
3.77
0
0
0.47
0.01
0
0
1.7
12.63
0.21
0.01
0.01
0
0
0
0
0.09
0
0
0
0
0
0
11.5
6.4
0.59
0
3.79
0
0
0.64
0
0
0
0
0
0
0
2.89
0.14
0.64
0.11
0
0
0
0
2.81
0
0
0
0
0
0.01
0.03
0
0
0
0
0
0
0
0
0
0
0.01
1.86
0
0
0
0
0
0
0
0.02
0
0
0
0
0
0
0
0
0
0
0
0
0
0
0
1
0.01
0
0
0
0
0
0
0
0.01
0.17
0
0.18
0.12
0
0
2.11
3.41
0.54
0.01
0.01
0
0.01
0
0
0
0.01
0
0.08
0
5.23
0.3
3.91
0
0.02
0
0
0
0
0
0
0
0
0
0
0
0
0.22
0.77
0
0
0
0.09
0
0.21
3.77
13.5
7.79
5.9
0.84
0
0
0
0
0
0.01
0
2.43
8.9
9.13
3.09
0.02
13.15
3.03
18.28
14.98
0.79
1.66
0
0
0.54
12.13
10.32
2.2
9.17
0.22
9.45
14.19
0
0
0
0
0.01
0
0
5.3
1.69
1.24
0
0
0
0
9.14
6.7
0.25
0
0
0
0.01
5.5
4.73
0
0
3.65
1.95
0
0.05
3.83
0.61
0.43
0.28
0.38
1.48
3.73
1.36
0.91
5.27
0.86
0
0
0
0.01
0.01
0.05
0.91
0.96
0
0.05
0.05
0
0
0
0
0.01
1.69
0.4
0.14
0.68
0
0.01
0.02
0
0
0
0
0
0
0
0
0
0.11
0.12
0.14
0
0
0
0
0
0
0
0.11
0
0
0.09
1.33
0.92
0.03
0.05
3.97
4.04
0.64
0.01
0
0
0.27
0.45
0.28
0.1
0
0
0
0
0
0
0
0
0
0
0.09
4.17
6.27
4.47
4.81
20.99
9.18
1.45
0.24
0
0.52
0
0
0
0.08
0.48
0.42
0
0
1.66
0
0
9.86
4.95
0
0
0.03
0
0.11
0
0
0
0
0.74
0.46
0.06
5.3
6.02
9.52
7.57
10.25
1.89
8.43
1.19
0.13
0
0.09
0.14
0
0.69
0
0
0
0
0
0
17.66
13.25
1.76
1.9
0
0.08
0.25
1.04
0.01
0
0
0.01
2.3
21.66
5.95
3.06
8.05
20.92
6.46
1.53
8.29
3.21
0
0.03
4.97
6.6
4.15
0.39
0.02
0.02
0
0.02
1.09
0.04
0.01
0
0.14
3.62
3.37
4.98
5.73
3.53
0.43
0.07
0
0
0.21
0
0
0
0
0
29.59
6.99
0
0.45
0
0
4.56
0.15
0
0
0
0.01
0
1.14
0.05
0
0
0
0.02
0.01
0.02
0
0.01
0.02
0.01
0
0
0
0
0.26
11.04
1.02
0
0
0
0
0
0
0
0.67
1.41
0.58
0.01
0.01
0
0
0
0
0.63
0
0
0.02
3.76
0
0
0
2.08
0.68
0.04
1.53
0
0
0.01
3.38
3.92
0.34
0
0
0
0
0
0
1.33
0.41
1.16
0
0
0
0
0
0
0
0
0
0
0
0
0.42
16.05
8.65
0.94
2.94
1.91
0
0
0
0
0
0
0
0
0.03
0.03
0
0
0.02
0
0
0
0
0
0
0
0
0
0
0
0
0
0
0
0.02
0
0
0
0.03
0.04
0.14
0
0
0
0
0
0.35
5.01
2.88
3.91
4.48
0.33
0
0.58
17.77
2.41
23.96
6.98
3.62
1.92
2.64
1.45
1.03
1.96
18.28
2.41
0
0
0
0
0
0.06
0
0
0
0.01
0
0.25
0
0
0
0.19
0
0
0
0
0
0.03
2.07
1.71
0
12.54
0.84
3.32
0.21
0
0
0
0.12
0.2
0
0
0.12
0
0.09
0.41
0.18
0
0.03
0
0
0.01
0
0
0
0
0
0.02
0.09
0.01
0
0
0.13
0
0
0
0
0
0
0
0
0
0
0
0
0
0
0
0
0
0
0
0
0
0.04
0.04
1.52
0.17
0
0
0
0
0
0
0
0
0.13
0.59
3.67
0.8
0.96
0.03
0.04
0
0
0.04
0
0
0
0
0
0
0
0.98
10.31
10.56
1.05
0
0
0
0
0
0.54
0
0
0
0
0
0
0
0
0
0.02
0.1
1.71
0.15
0
0
0
0
0
0.79
0.7
4.59
0.15
0.63
2.07
0.63
1.39
0.12
0
0
0.58
12.51
10.14
1.66
0.2
0.06
0.01
0.21
0
0
0
0
0.05
0
0
0
0
0
0
0.12
0
0
0.03
0.16
0
0
0
0
0
0
0.01
0
0
0
0
0
0
0
1.23
0.21
0.11
1.37
8.98
0.84
0
2.1
0.49
0.02
0
0
0
0
0
0
0
0
0
0
0.89
0.99
3.23
0.22
0
0
0
0
0
0
0
0
1.41
0
1.47
0
0
0
0.02
0
0
0
5
0.29
1.5
3.98
1.53
0
1.41
3.64
0.3
0.01
0
0
0
0.01
0.01
0
0
0.8
0
0
0
0
0
0
0
0
0
0
0
0
0
0
0.01
0
0
0.01
0
0
0
0
0
0
0
0.01
0
0
0
0
0
0
0
1.22
0
0
0
0
0.16
1.98
0
0
0
0
0
0
0
0
0
0
0
0
0
0
0
0.02
0.01
0
0.02
0
8.84
6.11
1.45
0.23
0.02
0
0
0.21
0
0
1.47
0.29
0.02
0
0
0
0
0.1
0
0
0
0
0
0
0
0
0
0
0.01
0.01
0
0
0
0.11
1.17
1.77
4.48
2.52
0.62
1.48
0.02
6.78
4.11
0.11
1.57
1.38
13.64
2.16
0.51
0
0
0.67
19.52
1.16
3.06
2.44
0
0
0.06
0.34
0
0
0
0.75
0.45
0
0.2
13.92
10.15
19.38
4.76
0
0
0
0
0
0
0.01
0
0
1.07
0
0.33
0.27
0
0.02
4.38
11.85
0.58
0.43
0.11
0.07
0
0.01
0
0
0.01
0
0
0
0
0
0
0.02
0.01
0.05
0
0
0.36
0
0.17
7.02
2.23
0
0.52
0
0.38
0.07
0.02
0
0.16
0.45
7.09
3.89
0.91
6.49
0.14
0
0.13
0
1.11
3.31
7.08
0.34
0.39
0.09
0
0.01
0
0.01
0
0
0.03
0.01
0.11
0.23
0
0
0
0
0
0
0
0
0
0
0
0
0.01
0.02
0
0
0
0.03
0.2
4.19
3.02
1.5
2.94
1.51
4.93
1.91
12.47
5.02
0.17
0.34
0
0.02
0.81
7.95
0.23
0
0
0
0.13
0
0
0.02
0
0
0
0
1.22
6.8
3.37
3.04
0.6
1.66
3.45
0.19
0.01
0
0.09
0
0.24
0
0
0
0
0.01
0.06
4.91
4.45
1.55
0.52
0
0
0
0
0
6.27
3.88
1.29
2.6
0
0.23
0.13
3.98
3.62
0.98
0
0
0
0
0
0
0.01
0
0.26
3.96
4.35
2.91
0.82
0.06
0
0
0
1.01
1.33
0
0.84
0
0
0
0
0
0
0
0
0
0
0
0
0
0.12
0.69
0
0.02
0.01
0
0
0.01
0
0
0
0.92
7.15
4.48
0
0.06
0.02
1.58
12.52
4.39
0.2
2.7
5.76
1.88
0.15
0
0.77
6.64
0.11
0
0.54
0
0.01
0
0
0
0
0
0
0
0
0
0
0
0.04
0
2.35
2.13
1.42
0.19
0.88
5.41
3.77
0.3
0
0
0.01
0
0
0
0.01
0
0
0
0
0
0
0
0
0
0
0
0
0
0
0
0
0
0
0
0
0.69
0.02
0
0
0
0
0
0.29
0
0
0
0
0
0
0
0
0
0
0
2.07
0.24
0.09
0.29
1.23
0
0
4.61
8.43
10.32
0.43
0.01
0.01
0
0
0
26.33
6.04
0
1.14
0
0
0
0
0
0
0.02
0.79
0.25
0.01
0
0
0
0.01
0
0.03
0.55
0
0
0
0
0.19
12.66
10.05
9.06
25.43
1.05
3.6
10.31
0.07
3.57
1.37
0.02
0
0
0
0
0
9.21
14.53
3.27
1.79
1.9
6.74
0.79
0
0
0
0
0
0.17
5.73
13.17
0.03
0
0
0
0
0
0.97
3.12
5.21
0.11
0.07
0.19
0.13
0
0
0
0.18
0.63
13.07
2.3
8.88
1.88
0
0
0
0
0
0
0
0
0
0
0
0
0
0
0
0
0
0
0
0
0.01
0
0
0.03
0.5
0.03
0
0.01
0
0.02
0.03
0
0.15
0.46
0
0.08
0
0.5
0
0
0
0.08
0
0.19
4.11
0.05
1.92
2.82
2.74
0
0
2.14
0.96
0.03
0
1.86
2.33
2.41
2.51
0.1
2.61
18.22
3.38
1.56
2.2
0.63
0
1.88
0
2.21
0
0
0.11
4.73
0.8
0.09
0.48
0.73
1.41
0.29
0.02
0.02
0
0
0
0
0
6.77
5.07
0.12
0
0
0
0
0
0.02
0
0.36
0.02
0
0.05
0
0.05
0
0
0.08
0.15
4.23
4.37
1.47
0
0.93
3.99
9.06
1.13
1.48
1.64
1.46
7.49
7.91
2.27
0.62
1.07
2.25
11.41
3.25
2.66
0.73
1.09
2.27
0.27
0
0.14
0
0.39
0.02
0
10.12
14.91
12.93
8.9
0.66
3.63
0.73
5.43
4.52
0.41
0.27
0
0
0
0
0
0
0.18
0.11
0.03
0
0.01
0
0
10.82
10.13
2.04
7.92
4.33
2.16
4.85
1.68
0
0
0
0
0
0
0
0
0.09
0
0.08
0.01
0.03
0.95
0.33
0
0.02
0.14
4.95
6
11.46
2.94
0.25
0.01
0
0
0
0.03
0.05
0.02
0
0
0
0
0
0
0
0
0
0
0
0.51
0
0
0
0
0
0
0
0
0
0
0
0
0
0
0
0
0
0
0
0
0
0
0
0
0
0
0
0.33
4.64
0.12
0
0
0
0
0
3.12
0.01
0
0
0
0
0
0
0
0
0
0.21
0.3
0.56
0.11
0
0
0.01
0
0
0
0
0
0
0
0.25
0
0.02
0
1.46
0
2.45
2.66
7.9
0.64
0.05
0.58
0
0
2.36
5.49
2.26
0.99
0.3
0
0.06
0.02
0
0.24
0.2
0.39
7.45
1.45
4.47
0.62
0
0
0.02
0
0
0
0.02
0
0
0
0.53
0
0.01
0
0
0
0.19
3.56
0
0
0.07
0
0
0
0
0
0
0
0
0
0
0
0
0
0
0
0
0
0
0
0
0
0.01
0
7.34
9.06
0
2.97
0
0.11
0
0
0
0
0
0
0.46
0
0
0
0
0
0
0
0.05
0.39
0
0
0
0
0
0
1.57
1.28
0.41
0.2
0.51
2.37
0.02
0.03
0
0
0
0
0
0
0
0
6.11
3.09
0.45
0.41
0.47
0.56
0
0.16
0.57
7.48
0.11
2.46
0.7
2.6
1.25
0
0
0
0
0
0
0
0
0
0
0
0
0
0
0.02
0.91
0.58
6.21
0
0
0
0
0
0
0.02
0
0
0
0.12
0
0
2.35
2.2
14.3
0.98
0.96
0.14
0.53
4.55
0.65
0
3.3
3.54
0.04
0.02
0
0
0
0
0
0
0
0
0
0.09
0
0
0
0
0
0.7
0
0.02
0.26
0.59
9.04
0
0.16
0.03
0.8
0
0
0
2.73
0
0
0
0
0.01
0
0
9.41
11.34
4.04
4.8
6.14
0
0.59
0
0.4
7.6
13.37
6.91
14.18
3.85
0
0
0
0.01
0.04
0.05
0.1
0.01
0
0.01
0
0
0
0.16
0
0.01
1.59
7.36
13.05
15.08
0.19
7.86
7.96
1.83
4.36
2.45
3.15
1.98
0.59
0
5.07
0.44
8.46
1.86
2.41
0.55
0.89
3.12
0
2.14
12.78
4.35
4.02
0.27
0.05
1.77
0
0
9.13
17.22
4.83
1.48
0
0
0.08
0.21
4.63
0.19
0
0
0
0
0
7.58
2.26
0.14
0.2
0
0
0.02
0.05
0
0
0
0
0
0
0
0
0
0
0
1.35
0
2.88
0.82
1.07
0
0
0
0.05
0.01
0
0.01
0
0
0
0
0
0
0
0
0
0
0
0
0.04
0.02
0
0
0
0
0
0
0
0.01
0
0
0
0
0
0
0
0.3
0.12
0
0
1.88
0
0
0
0
0
0.02
0
0
0
0.35
1.55
0
0.16
0.07
9.48
0.13
0.02
0
0
0
0.16
0
0
0
0
0.53
2.56
3.7
0.23
3.14
0.73
1.35
0
0
0
0
0
0
0.01
0
0.01
1.27
0
0
0
6.69
5.04
0
0
0
0
0.81
5.52
0.65
0.4
6.13
8.09
2.02
1.66
0.01
0
7.47
9.67
1.55
4.75
13.84
5.13
2.08
0.75
0.02
0.07
0
2.32
0.37
0
0
0.05
0
0
0
0
0
0
0
0.01
0
0
0
0
1.84
0.19
0
0
5.47
1.7
0.2
1.91
0.73
2.95
0
0.42
2.63
20.99
3.94
1.66
0.28
0
1.05
10
0.22
0.23
0.08
0.02
0.02
0
0
0
0
0
0
0.01
0.36
0
0
0
0
0.03
0.45
1.66
7.95
0.79
0
0.11
0
3.5
1.59
0.15
0.84
0.11
1.93
0
0.13
0.01
0.05
1.55
3.7
0
2.28
9.69
0
0
2.52
0.57
0.02
1
0.58
1.6
2.11
9.3
4.8
3.24
5.53
5.89
4.66
0.05
0
1.75
0.2
0
0
0
0
0
0
0
0
0
0
0
0
0
0
0
0
0.21
1.01
2.56
2.94
1.48
7.54
2.16
0.55
0
0
0
0.01
0.01
0
0
0
0
0
0
0
0
0
0
0
0
0.01
0
0
0
8.34
1.98
2.56
0.24
0
0.01
0
0
0.01
4.09
0.96
0
1.89
9.16
2.12
0.11
0
5.29
2.55
2.39
0.98
9.3
2.7
0.75
0.77
0
0
0.06
0
0.86
0.29
0
0.01
2.02
0
0.01
0
0
0
0.02
0
0.86
6.11
0.05
0
0
0
0
0
0.01
0
0.16
0
1.02
0
0
0
1.04
0.28
0.01
0
0
0.34
1.42
0
0
0
0
0.14
0.63
1.91
0.23
0.87
0
0
0
0
0.77
0.46
1.09
0.82
0
0.04
1.73
0
0
0
0
0
0.07
0.03
0
0
0
0.02
0
0
0
0
0
0.02
0
0
0.03
0.02
0
0
0
0
0
0
0
0
0
0
0.13
0
0
0
0
0
0
0
0
0
0.01
0
0
0
0
0.01
0.14
0
0
0.01
5.24
0
0.2
0
1.93
0
0
0
0
0
0
0
0
0
0
0
0
0
0
0
0
0.04
0
0
0
0
1.73
0.19
2.3
0.22
0
0.85
0
0.71
0
0.35
0
0
13.52
1.78
0.15
0.09
0
0
0
0.03
0
0
0
0.28
2.34
1.91
1.72
0
0.41
0.44
0
0.64
1.3
0.42
0
0
0
0
0
0
0
0
0
0
0.45
8.21
9.7
2.21
0
0.01
0
0
0
0
0
0
0
0
0
0
0
0.33
0
0
0
0
0
0
0
0
0.07
0
0.01
0.06
0
0
0
0.4
0
0.02
0.03
0.09
2.22
0.34
1.88
7.15
0
0.68
9.56
2.16
0
0.27
0.41
1.02
0.08
0.25
0.01
0
1.05
5.59
3.09
0
2.82
0.82
0
0
3.48
9.81
17.09
15.95
10
15.82
6.95
2.42
11.13
25.77
9.24
6.03
0.34
0
8.13
6.34
3.01
3.8
9.97
0.82
0.96
3.65
1.23
8.48
9.53
3.1
0.24
0.87
0.58
0.26
1.59
0.09
0.07
0.29
0.11
0
2.84
1.44
0.46
0
0
0
0.09
0
0.01
1.36
4.55
1.14
0
0.11
7.88
1.69
0
0.05
0
0
0
12.63
9.21
2.08
1.75
0.28
0.68
8.71
5
5.88
1.05
6.88
4.55
0.11
1.4
0.78
4.1
3.7
0.16
21.61
5.37
6.27
0
0
0.01
0
0
0
0
0
0
0
0.07
0.53
0.02
1.89
0.23
0.43
16.62
5
0
0
0.3
3.23
1.54
0.32
0
0.02
2.59
0
0
0.35
1.02
0
0
0
0.08
2.95
6.34
6.94
7.14
7.32
8.4
6.2
0.67
0
2.41
1.68
0.7
0
0.66
0
0
0
0.1
1.51
3.57
0
4.79
0
0.87
0.41
3.25
6.88
1.68
8.78
3.09
5.13
0
0.02
0.26
0.02
0.01
0.05
0
0
0.02
0
9.93
0.46
0
0
0.67
0
0
0
0
0
0
0.03
0
0
0.02
0.02
5.13
25.84
4.82
4.84
12.85
1.39
5.3
0.97
0
0.94
2.31
0
0.19
0
0
0.05
2.37
13.3
9.97
0
0.89
0.89
0.01
0
7.94
7.52
0
0
0
0.03
0.16
0.07
0.01
0
0
0
0
0
0
0
0
0
0
0
0
0
0
0
0
0
0
0
0
0
0
0.01
0.01
0
0.01
0
0.04
4.73
1.63
0.08
0
0
0
0
0.02
0
0
0
2.36
0.01
0
0
0
0
0
0
0
0
0
0.01
0.01
20.85
1.43
0
0
0.02
0
0.17
0
0
0
0
0.2
0
0.01
0
6.88
9.82
0.2
0
5.57
0.22
0
0
0
0
0
0
0
0
0
0
0
1.77
0.34
0.07
0
1.64
3.09
22.82
4.96
0.11
2.81
0
0
0
0
0
0
0
0
0
0
0
0
0
0
0
0.14
1.71
8.41
2.09
0.17
0
0
0
0
0.02
0.66
9.49
0.77
0.19
0.04
0.61
0
4.76
0.24
1.63
2.27
0
1.26
2.59
2.79
0
0
0.22
0.21
0
0
0
2.89
2.3
0.81
1.38
0
0
2.41
5.66
5.44
3.88
0.22
0
0
0.02
0.29
0.65
0
0.23
0.29
2.3
1.75
4.49
12.65
5.33
2.5
0
0.01
0
0.16
0.01
0.66
3.88
1.27
0
0
0
0.4
1.1
0
0
7.79
5.56
2.91
0.34
0
0.01
0
0
0
0
0
4.11
1.03
0
0
0
0
0
0.36
5.68
6.13
3.4
2.54
0
0
0
0
0
0
0
0
0
0
0
0
0.11
2.04
3.05
11.85
6.89
2.45
0.44
10.09
1.11
0
0.04
0
0
0
0
0
0
0
0
3.8
4.06
0.04
0.38
0
0.08
0.06
0
7.01
0.8
0.77
4.27
3.08
7.8
1.65
0.02
0.05
0
0
0
1
0.04
2.33
3.58
2.39
0.13
0
0
0
0
0
7.5
0.38
0.03
0
0
0
0
0.03
0.03
0
0.01
0
0
0
0
0.14
0.93
0.43
19.59
4.79
0.34
0.97
0
0
0.3
0.78
2.52
1.2
1.76
1.41
2.66
0.42
3.62
1.23
19.96
0.37
0.07
0
0
0.36
0.25
12.14
0.79
0.03
0
3.21
0
0.01
0.05
1.21
0.36
0
0
6.25
5.58
0
21.2
5.28
0
0.02
0
0
2.69
4.41
12.92
10.74
0.75
0
0.03
0
0
0.01
0
0
0
0
0
0
0.01
0
0
0
0
0
0
0.08
0.02
0
0.01
0.02
0.54
0.28
0.27
0
0
0
0
0
0
0
0.76
0.02
0
0
0
0.01
0
0
0
0
0
0
0
0
0
0
0
0
0
0
0.14
0
0
0
0
0
0
0
0.01
0
0.02
3.98
0.63
0
0
0.01
0
0.14
0.01
0
0.02
0.01
0.02
0.02
0
0
0
0
0
0
0
0.08
0.43
0.17
0
0
0
0
0
0
0
0
0.02
0
0
0
0
0
0
0
0
0.01
0.01
0
0.01
0
0
0
0
0
0
0
0
0
0
0
0
0.01
0
0
0
0
0
0
0
0
0
0
0
0
0
0
0
3.97
11.3
0.32
8.8
20.19
1.21
0.02
0
0.1
0.01
6.78
14.04
16
12.06
1.38
1.15
0.18
0
0
0
0
0.28
8.3
0.38
0
0.29
0
0.59
0.43
0.21
4.75
0.07
0.02
0
0
0
0
0
0.05
1.34
2.91
0
0
0
0.38
0.03
0
0
0.16
0
0.06
0.07
0
0
0.69
0.12
0
0
0.02
0
0
0.02
0
0
0
0
0
0
0
0
0.01
0.37
0
0
0.01
0
0.01
0.12
0.02
0
0
0
0
0.56
2.98
2.93
0
0
0
0
0
0
0
0
0.01
0.03
1.61
0
0
0
0
0
0
0
0
0
0
0
0
0
0
0
0
0.02
0.08
0
0
0
0
0
0
0
0
0
0.01
0
0
0
0
0
0
5.04
0.05
0
0
0
0
0
0
0
0
0
0
0
0.01
0.06
0.01
0
0.05
3.5
2.19
0
0
0.01
0
0
0
0
0
0
0
0.05
1.85
8.28
6.01
9.54
2.55
0
0.02
0
0.89
1.2
7.16
1.49
2.58
0.2
0
0
0
0
0.21
0.08
0
0.03
0
0
0
2.45
5.83
12.43
4.3
1.64
0
3.84
3.65
1.95
0
0
0.02
0
0.03
0.18
0.56
0
0
0
0
0
0.02
3.54
1.98
0.13
0.02
0
0
0
0
0
0
0.01
0
0
0
0.34
0.09
0.01
0
0
0
0.29
0
0
0
0
0
0
0.02
0.05
0.02
3.91
5.8
0
0
0
0
0
0
0
0
0
0
0
0
0
0
0
0
0
0
0
0.01
0.01
0.01
0.01
0
0
0
0
0
0.1
0
0.01
0
0
0
0
0.58
0.19
0.85
0.05
0
0
0
0
0
0
0
0
0
0.05
0
0
0
0
0
0
0
0
0
0
0
0.02
0
0
0
0
0
0.02
0.01
0
0
0.01
0.2
0
0
0
0
0
0
0.13
0
0
0.05
0.01
0
0
0
0
0
0
0
0
1.87
0.01
0
0
4.98
0
2.37
4.66
0.46
27.25
1.41
0.15
0.04
0
0.02
0
0
0
0
0.01
0
0.21
4.33
2.18
0
3.5
0
0
0.98
9.86
13.94
10.61
13.3
0
0.07
5.01
4.55
3.6
0.49
0.07
0
12.08
0
0.03
3.54
19.33
10.16
0
0
2.11
18.89
7.48
4.48
0.85
0.07
0.14
0
0
0
1
0.06
0
0
0.08
0.03
0
0
0.13
5.19
0.12
0
0
0.06
0.01
0
0
0
0
0.05
0.29
0
0
0
0
0
0.14
4
0.37
1.17
0.03
0.17
0.12
0.48
0.01
0
0
0
3.38
0.02
0
0.01
0.02
0
1.35
0.4
0
0
0
0
0
0.06
0.03
0.05
0.02
0.59
3.52
2.5
0
0
3.76
0.55
2.82
6.71
1.79
0
9.88
4.28
0
0.13
0.08
2.52
0.41
0
0
0
2.13
0.54
0.02
0
0.5
0
0
0.06
0.08
6.03
0
0
0
0
0
0.21
1.2
0.38
0.5
0.05
4.96
7.55
0.85
0.21
0.03
0
0
0
0
0
0.1
7.96
3.35
2.83
6.23
14.62
4.7
1.92
0.95
1.14
0.48
0
0.08
3.55
7.97
0.04
5.27
0
0
2.82
3.37
4.23
6.47
18.96
3.06
2.21
7.78
0.32
13.86
1.87
0.34
4.37
4.65
2.7
0
1.7
0.26
0.04
0
0.19
0
0.03
0
0
0
0
0
0
0
0
0
0
0
0.09
5.25
4.44
12.77
6.64
3.85
0.79
0
0.2
0
0
0
0.02
0
0
0
0.01
0.08
0.46
2.27
4.16
3.34
5.83
6.13
1.84
1.11
0
0
0.01
0
0
7.59
1.44
0
9.05
0.18
0
0
0
0.01
0.16
1.1
0.17
0.82
0
0
0
0
0
0
0
0
0
0.24
0.22
0.44
0.02
0
0
0
0.03
0
0
0.02
0
0
0
0.04
0.01
0
0
0
0
0
0
0.54
0.5
0.2
0
0
0
0
0
0
0
0
0.45
2.9
0.01
0
0
0
0
0
0
0
0
0
0
0
0.01
0
0
0
0.27
0.02
0
0
0.16
0
0
0.07
0.13
1.15
0
0
0
0
0
0
0
0
0.01
0
1.22
8.3
0
0.14
0
0.07
0
0
0.09
1.62
0.37
0.96
0.16
0
0.02
0
0
0
0
0
0
0
0
0
0
0
0
0
0
0
0
0.45
7.45
0
2.09
0.74
1.41
1.73
0.97
0.06
0
0
0
0
0
0.02
0
0
0
0
0
0
0.02
7.29
0
0.01
15.75
0
0.95
1.55
0.06
0.02
0
0
0
0
0
0
0.63
0
0
0
0.02
1.02
0
0.02
0
0.01
0
0
0
2.01
11.43
2.82
0.24
0
0
0.03
0.01
0.01
0.02
0.01
0.04
0.2
0
0.04
0.04
0
0
0
0
0
0
0
0
0.02
0.01
0
3.06
0
0
0
0.02
6.11
11.05
0
0
0
0
15.74
2.88
0
4.02
0
0
0.05
0.05
3.39
11.3
10.8
6.55
1.71
0
0
0
0
0
0
3.08
1.96
1.08
3.42
0.63
4.56
4.88
1.73
1.1
7.4
3.61
0.04
0
0
0.03
0
3.38
5.91
1.56
0.71
0
0
1.46
4.57
0.07
2.5
2.74
2.93
12.28
0.72
11.22
3.18
1.45
0.2
0.86
0.6
0.59
0
0
0.98
0.19
0
0.18
1.39
0
0.55
0.24
0
7.91
1.04
0
0
0.01
0
0
0
0
0
0
0
0.15
0
0.01
0
0
0
0.13
2.33
0.55
1.49
0.05
0.02
2.23
0.21
0
0
0.29
0.3
0
0.34
8.5
1.8
0.64
0
0.01
0
0
0.01
0.06
0.26
4.36
0
0
0.78
0
0
0
0.74
2.33
7.28
0
0
3.08
0.31
0
0
0
0
0
0
0
0
0
0
0
0
0
0
0
0
0
0
0
0
0
0
0.02
1.42
0.47
3.59
0
1.33
1.28
0.54
0.08
0.88
2.16
0.15
0
3.33
0.18
0
0
0
0
0.02
0.02
0.02
0
0
2.62
0
0.16
0
0
0
0.02
0
0
0.05
0
0.32
2.41
15.13
0.23
1.38
0
0
0
0
0
8.51
19.41
0
0.02
0.3
0
0
0
0
0
0
0
0
0
0
0
0
0
0
0.01
0
0
0
0
0
0
0
0
0
0
0
0
0
0
0
0
0
0.01
0
0
0
0
0
0
0
0
0
0
0
0.01
0
0
0
0
0
0
0
0
0.01
0
0.12
0
0
0
0
0
0.01
0
0
0
0
0
0
0
0.71
0
0
1.13
0.89
0.29
0
9.36
0.8
0.92
9.08
0.11
0
0.45
8.28
0
0.08
0
0
0.09
0
0
0
0
5.36
10.76
11.61
10.32
7.8
7.85
1.1
0.25
0
0
0
0
0
0.04
0.07
0.05
0
0
0
0.01
0.01
0.01
0
0
0
0.87
6.84
5.49
1.25
0.44
1.1
7.52
0
9.79
15.43
0
4.88
4.69
1.84
0
0
0
0
0
0
0
0
0
6.85
3.49
5.3
26.52
10.39
0.53
0
0.02
0.56
0.13
0.02
0.61
0
0
0
0
0
0
10.71
9.8
0.64
0.51
0.07
0.02
0
0
0
0
0
0
0.02
0.04
0.2
1.05
0.03
0
0
0
0.01
0
0
0
0
0
0
0
0
0
0
0
0.61
4
0.88
0
2.39
1.29
0
0.7
0.44
0
0
0
0
0
0.32
0.86
12.9
2.98
0
6.81
6.89
0.71
1.52
0.12
0.07
0
0
0
3.42
1.33
0
3.37
0.09
0
0.11
0
0.21
2.29
0.8
0.14
0.94
0.24
0
0
0
0
0
0.05
0.11
0
0
0
0
0
0
0.04
0
0
0.01
0
0.05
0.04
1.98
10.91
1
1.55
4.32
5.5
16.26
0
0
0
0
0
0
0
0.01
0
0
0
0
0
0.08
0
0.33
5.34
0.03
2.79
0.24
0.39
0.06
3.93
1.42
0
0
0
0
0
0
0
0.04
4.71
15.91
0.37
0.06
0.05
0
0
0
0.02
0.01
0
0
0
0.01
0
0
0
0
0
0
0
0
0
0
0
0
0.1
0
0
0.07
0
0
0
0.02
0.11
0.39
0.03
0
0
0.11
0.76
0
0
0.13
0.21
2.08
5.42
9.86
0.37
0.06
1.35
6.14
0.89
0
0
0
0
0.1
1.7
0
0
0
0
0
0
0
0
0.23
0
0
0.01
0
0
0
0
0
0
0
0
0
0
0.01
0.01
0.43
0.55
0.01
0.03
0
3.25
0
0
0
0
0
0
0
0.04
1.77
0
0.01
3.86
0
0
0.09
0.52
0.95
0.09
0
0
0.01
0.01
0.02
0
0.13
0
0.02
0
0.03
3.21
0.2
0.13
0.55
0
0
0
0
0
5.17
2.91
0.69
0.12
0
0
0
0.31
2.3
0
0.02
0
0.11
0.02
0
0
0
10.25
0
0
0
0
0
0
0
0
0
0
0.46
0.99
1.48
0.24
0
0.02
0.09
1.19
1.5
0.84
0
0
0
0.48
0.94
1.43
0.24
0
0.04
0
4.86
4.79
1.31
0.22
0.02
0
0
0.3
0.02
1.52
1.2
0.46
0
0
0.04
10.08
16.42
3.82
0
0
0
0
0
0
0
0.01
0
0
0
0
0
0
0
0
0.21
2.7
0.13
0
0
0.05
0
0.16
0
0
0
0
0
0
0
0
0.01
0.01
0
0
0
0
0
0.1
0
0
0
0
0
0
0
0
0
0
0
0
0
0
0.65
0.03
0.24
0.7
6.55
0.23
6.59
11.1
0.78
1
0.09
3.59
2.73
10.11
2.58
0.03
0.24
4.36
0
0
0
0
0
0.02
0.22
0
0
0
0
0
0.03
1.17
0.73
0.05
0
0
0.1
0.01
0
0
9.3
1.85
0.82
1.25
0.87
3.63
18.24
7.63
5.11
0
0
1
1.02
0.04
0
0.03
0.01
0
2.21
0.5
12.97
3.19
0
0
0
0
0
2.83
1
2.24
5.57
0
0.77
0
0
0
0.03
0.21
0
0.26
0
11.6
8.8
0.36
10.55
0.41
0
0
0
0.29
0
0
0.01
0.72
0.34
0
0
3.36
29.87
0
0.52
0.02
0.07
0.26
6.13
2.53
8.04
1.45
0
0.47
8.33
0
0
13.97
8.45
1.61
1.05
2.7
0
0
0.04
0
0.6
4.92
0.46
0
0
0
0
1.28
10.12
9.3
18.44
6.56
5.47
3.32
1.94
3.15
0
0.01
0
0
0
0
0
0.01
0.48
0.2
0
0
0.02
0.04
1.7
0.41
0
0
0
0
0.46
0
0
0
0
0
0.3
0
0.02
0
0
0.09
2.87
1.09
0
0.09
0
0
0
0
0
0.03
0
0.09
0
0
5.02
0.03
0.01
0
0
0
0
0.34
0.09
0
0
0
0
0
0
0
0
0
0
0
0.09
0.13
0.02
0
0.02
0
0
0
0
0
0
0
0
0
0
0
0
0
0
0
0
1.48
0.1
0
0
0
0
0.05
0
0
0.01
0
0.02
0
0
0
0
0
0.68
0.06
0
0.04
0
0.05
0
0
0
0
0
0
0
0.01
0
0
0
0.48
10.27
3.97
0.22
0
0.01
0
0
0
0
0
0
0.01
0.06
0
0.02
0
0
0
0
0
0
0
0.02
0
0
0
0
0
0.8
13.57
1.67
0
0
0
2.42
1.11
6.98
8.85
3.59
8.94
13.64
3.68
0.07
0.04
0
0
0
0
0
0
0
1.7
6.11
16.73
0.84
0
0.23
0
0.01
0
0.04
0
0
0
0
0
0
1.27
16.5
4.07
8.09
7.05
1.71
4.17
10.97
3.38
0
0.27
0
0.05
0.23
3.74
3.91
0.07
0.09
0.03
0.01
0
0.01
0.04
0.4
0.01
0
0.09
1.49
0
0.13
0.37
0.01
0.05
0.04
0.01
0
0
0.03
0
0
0
0
0
0
0.02
0
0
0
0
0
0.02
0.28
0.95
0
0
0
0
0
0
0.03
0
0.02
0
0
0
0
0
0
2.83
7.11
0
1.75
0.86
0.03
3.84
2.98
3.08
4.93
2.54
0
0.31
0.03
0
1.23
0.83
1.2
0.89
0.01
0
0
0
0
0
0
0
0
0.69
0.15
0.01
0.01
0.02
0
0.69
0.02
9.47
0.13
0
0.24
0.69
0
0
0
0
0.06
0.29
0.02
0
0
0
0
0.03
0.1
0
3.66
3.02
0.87
3.77
2.58
1.88
0.07
0.16
0
0
0
0
0
0
0
0
0
0
0
0
0
0
0
0
0
0
0
0
0.07
0.27
0
0
0
1.87
1.42
0
0.3
0.8
4.12
1.3
0.61
0
0.04
0.54
2.25
0.02
0
0.01
0
5.9
5.54
2.24
0.48
0
0
0
1.91
6.02
0.57
0
0
0
0
0
0
0
0
0.23
1.05
0.53
2.37
1.18
5.58
1.74
11.69
0
0
4.64
0
0
0
0
0
0
0
3.27
0.89
0.47
0
5.86
0
0
0.02
0
0.01
7.98
0
0.72
1.86
0
0
0.02
0
0
0
1.21
5.93
12.4
1.77
0.04
0
0
0
0
0
0.01
0
0
0.75
0
0
0
0
0
0
0
0
0
0
0
0
0
0.12
0.11
0
0
0
0
0
0
0
0
0
0
0
0
0
0
0
0
0
0
0
0.01
0
0
0
0.18
2.13
2.52
2.73
0.05
0
0.02
0
0
0
0.14
0.12
0.03
0
0
0
0
0
0.01
0.01
0
0.95
0
0
0
0
0.02
1.95
0.01
0
0
0
0
0.04
0.02
0
0
0
0.2
0.01
0
0
0
0
0
0
0
0
0
0
0.03
0
2.93
12.91
0
0.14
0
0
0
0
0
0
0
0
0
0
0
0
0
0.17
3.14
0
0.02
0
0.06
0
0
0
0
0
0
0
0
0
0
0
0
0
0
0
0
0
0
0
6.79
0.3
0.03
0.47
0
0
0
0
0
0
0.32
0
8.79
2.55
0
0
0.58
1.32
0
0.04
0.02
0
0
0
0.02
0.02
0
1.74
4.73
0.77
0
1.34
0.05
0.54
0
0
0
0.09
6.31
18.08
2.52
1.34
1.82
1
0.11
0
3.72
0.07
0.02
0
0.02
0
0
0
0.16
0.02
0
0
12.2
2.43
0
0
0
0
0
0.71
0.07
1.96
7.46
5.78
2.13
1.04
0.68
0.92
0
0.97
0.29
0
0
0.02
0
0
0.02
0.05
0
0.08
0
0
0
0
0
21.84
7.88
11.38
13.74
6.29
4.33
2.99
2.66
1.48
2.01
7.7
13.38
2.52
1.51
0.72
16.34
1.63
3.49
11.09
0.02
10.95
0
0
0.05
7.81
0
0.43
0.13
0.03
0
1.3
3.47
0
0.04
1.5
1.11
0.85
0
9.77
5.34
4.59
8.35
17.96
12.29
5.45
0.84
0
4.87
0.31
0
0.61
0.01
0
0
0.68
0
0.09
0.27
0
0.04
0.53
2.98
0
0
0
0
0
3.02
0.86
3.21
3.91
0
0
0.01
0
0
0
0
0
1.16
2.87
6.15
2.92
2.14
1.77
0
0
0.73
0.34
4.75
4.65
13.8
2.91
0
9.3
7.09
0
0
4.27
2.99
0.45
6.05
5.2
0.1
0
0
0
0
0
0
0
0
0
0
0
0
0
0.01
1.14
0
2.08
1.46
0.72
3.41
0
0
0
0
0
0
0
0
0.01
0
0.03
0.01
0.01
0
0
0
0
0.01
0
0.11
0.1
0
0
0
0
0.01
0
0
0
0
0
0
0
0
0
0.04
0.12
0
0.19
0.01
0
0.02
7.91
0
0
0.89
0.27
0.25
0.52
0
0
0
3.55
2.93
0
0.28
0
0
2.09
0.04
0.8
0.02
0.03
2.55
0.22
0.12
0.05
0
5.7
0
0
4.32
7.33
0.64
0.05
0.13
3.79
0.17
17.02
0
0
0
0
0
0
0
0.09
0
0.01
0
0
0
0
0.01
0
0
0
0
0
0.02
0
0
0.43
0
1.3
3.3
0.28
0
0.57
9.47
4.09
0
0.88
0.29
0
0
0
2.02
6.85
0.02
0.45
10.98
12.84
0
0.18
0
5.38
9.25
0
0.39
4.3
0
2.05
0.81
0
0.01
0.14
0.36
0
0.05
2.6
3.21
5.56
1.83
2.54
1.74
0
10.6
3.63
0
0
3.43
0.2
0
0
0
0
0
0
0
0.01
0
0.02
0
6.15
9.46
0.3
0.76
1.09
0.33
0.88
0
0
0.01
0
0.01
0
0
0
0
0
0
0
0
0
0
0
0
0.01
0
0
0
0
0
0
0
0
0
0
0
0
0
9.61
0.69
0
0
0
0
0
0
0.03
0.06
1.06
5.5
5.19
3.19
0
0
0
0
0
0
0
0
0
0
0
0
0
0
0
0
0
0
0
0
0
0
0
0
0
0
0
0.02
0
0
0
0.22
7.16
0
0.98
0
0
0
0
0
0
0
0
0
0.01
0
0
0
0.05
0
0
0
0
0
0
0
0
5.59
3.31
3.34
0
1.14
9.45
4.8
1.7
2.73
1.3
2.18
0
0
0
0
0
0
14.15
17.03
11.94
4.53
3.5
0.38
4.56
10.78
3.39
0.95
0.43
0
0.02
0.75
0
2.7
0.31
0
0
0
0.02
0
0
0.1
0
0
0
0
0
0
0.05
0
0
0
0.01
0
0
0.05
0
0
0
0
0
0
0
0.12
0
0.2
0.22
0.09
0.25
0.44
0
0
0
0
0
0.01
0
0
0
0
0
0
0.03
0
0
0
0
0.11
0
0.29
0
0
0
2.45
1.21
0
0
0
0
0
0
0.06
0
0.02
0.03
0.08
0
0.02
0.12
0.19
0
0
0
0.05
0
0
0
1.46
0.05
0
0
0
0
0
0
0
0
0
0
0
0
0
0.01
0
0
0
0.01
0
0
0
0
0
0
0
3.52
4.71
0
0
0
1.94
6.31
0
0
1.97
0
0
0.42
0
0
0
0
0.01
0
0.02
0.38
0
0
2.34
7.94
40.5
3.76
3.02
0.52
2.27
2.27
2.19
1.69
0
0
0
0.21
0
0
0
0.83
0
0
0
0
0
0
0
0
0
0
0
1.48
0
2.06
0.31
0.16
0.49
0.94
8.25
2.56
0.28
10
5.91
0.11
0.03
0
0
0
0.03
0
0
0
0
1.27
4.39
1.91
0.75
0.28
0
2.12
0.94
0.45
4.41
4.78
6.28
0.45
0
2.78
0
0
2.77
2.5
7.53
0.53
0.41
0.01
0.88
0.44
0.16
1.95
5.8
0
0.12
2.5
1.38
0.3
0.07
0.09
1.45
0.48
0.45
0.12
0.44
0.05
0.06
0.28
0
0.73
1.12
23.25
23
5.14
0
0.12
0
0.01
0
0
0
0
0
0
0
0
0
0
0
0
0
0
0
0.16
0
0
0
0
0
0
0.04
2.8
0.12
0
3.5
0
0
2.31
6.59
0
0.39
0
0
0.15
1.14
0.53
0.34
0
0.02
0
0
0
0.05
0
0
0
0.04
0
0
0.01
0.03
0
0
0
0
0
0
0
0
0
0
0
0
0.14
5.5
2.09
0.42
0
1.62
0
0
0
0
0
0
0
0
0.04
25.52
10.06
0.94
0
0.04
0
3.83
7.17
4.12
0
0.93
0.94
2.03
0.01
0.35
8.56
24.25
1.78
0
0.07
0
0.62
9.72
1.88
0.7
3.68
4.3
2.82
1.39
0.11
2.12
7.41
1.75
2.53
6.69
3.53
0.91
3.66
0
0.2
0.02
6.88
1.7
1.5
0.05
0.02
0.09
0
0
0.01
0.02
0
0
0
2.09
1.02
0.12
0
17.91
1.77
6.59
8.16
0.83
0
0
0.01
0
0
0
0.02
0
2.45
0
1
0
0
0
1.66
0.09
0.02
4.16
7.81
0.13
0.11
6.09
0
0
0
0
1.2
0.39
0
0
0.66
0.15
0
0.02
0
0
0
0.24
0.88
0
0
0.01
0
0
0.04
0
0
0
0
0
0
0
1.05
4.97
0
0.55
3.17
0.2
0
0
0.03
0
0
0
0
0.27
0.68
0
0
0
0.02
0
0
0
1.91
0.09
0
0
0
0
0
0
0.02
0
0
2.49
23.55
0
0
0
0
0
0
0
0
0
0.01
0
0
0
0
0
0
0
0.03
0
0
0
0
0
0
0
0
0
0
0
0
0
0
0
0
0
0
2.36
6.47
0
0
0
0.06
0.8
2.16
0
0
0
0
0
0
0
13.97
0.03
0
0
0
0
0
0
0
0
0
0
0
0
0
0
0.01
0.7
5.06
2.59
1.12
1.29
0.03
6.27
0
0
0
0
0
0
0
0.08
3.55
1.44
18.12
8.98
3.41
0.33
0.49
0.32
0
0.01
0
1.33
0.02
0
0.02
0.16
0
0
0
0
0
0
0
0
6.44
0.12
0
0.02
0
0.27
1.97
2.3
0
1.17
7
0.83
3.48
3.72
3.25
0
0.24
1.38
0.34
0.12
0
0
4.62
0.16
0.03
0
0
1.95
0.1
0.09
1.8
0.98
0.31
0
4.97
1.67
0.41
0.06
0.09
0.09
0.47
5.72
18.38
9.06
2.16
0.25
0
0.03
0.04
0
0
0
0
0
4.89
9.97
1.37
8.12
1.94
3.52
0.25
0.13
0.21
2.39
2.75
1.92
0.23
0.47
0
0.03
6.97
10.03
10.81
9.16
17
1.72
2.66
0.44
0.15
0.01
0
0
0
0
0
0
15.75
1.16
0
0
0
0
0
0
0.11
0
0
0.38
0.22
0.25
4.34
8.61
0.32
0.1
0.01
0
0
0
0
0
0
0
2.8
0
0
0
0
0
0
0
0
0
0
0
0
0.1
6.57
1.21
0
0
0
0
4.42
2.23
10.73
7.89
0
0.12
5.33
2.28
0.24
0
0.15
0.46
6.05
6.73
2.05
1.45
2.95
1.81
6.66
3.25
7.3
1.38
0
1.88
0.91
4.43
0.01
0.04
0
0.09
0.52
5.39
0
0.28
0.06
0
0
0
0.19
0
0
0
0
0.02
0
6.16
0.02
0
0
1.67
0
0
0.12
8.02
2.36
0.42
11.88
4.94
21.62
0
0
0
0.01
0.01
23.05
0
0
3.23
0
2.84
0
14.19
0
0.66
0.02
0.11
0
0
0
0
0
0
0
0
0
0
0
0
0.02
1
0.02
0
0
0
0
0
0
0
0
0
0
0
0
0.03
0
0
0
0
3.66
0.05
0
0
0
0
1.33
0
0.3
0
0
0
0.01
0
0
0
0
4.21
0.01
0
0.32
0
0.03
0
0
0
0
0
0.02
0.89
8.03
0
0
0
0.03
0.03
0.19
39.81
28.69
0
0
0
0
0
0
0
0
0
0.04
0.36
3.97
28.34
1.62
1.69
0
0
0
0.28
2.94
2.34
0
24.35
0
0
0
0
0
0
0
0
6.38
0
0
0
0
0
0
0
0
0
0
0.01
0.07
0.48
0
0
0
0
0
0
0
0
0
0
0
0
48.44
18.53
33.91
1.06
6.84
0.08
0.02
0.02
0
0
0
0
0
0
0
0
0.02
0
0
0
0.03
0.12
0
1.33
13.56
1.88
0
0.53
0.03
1.42
0
0
0.13
5.11
0.38
0.16
0
0.3
0
2.2
0
0
0
0.13
0.03
0.02
0
0
0
0
0
0.01
0.05
0
0
2.75
3.31
4.3
10.84
0
0
0.01
0.02
0
0
0
0
6.36
3.09
0
0
0
0.06
0.03
0
0
0
0
0
0
0
0
0.12
0
0
0
0
0
0.01
0
0
0
0
0
0
0
0
0
0
0.01
0
0
0
0
0
0.08
1.02
2.67
0.27
0
0
0
0.1
2.19
0
0
0
0
0.25
1.62
0.83
0
0
0.01
0.01
10.8
0.27
0
2.47
2.16
0.01
0.23
2.33
19.02
10.72
3.56
3.41
0.3
0
0
0
0.02
2.16
3.94
2.47
0.75
1.03
1.3
1.06
0.08
0
0.67
8.53
0.58
0.06
0
0
0
0.38
0
0.02
0
0
0
4.69
2.38
0
0
0
0
0
0.3
9.22
0.03
0
14
3.36
0.75
1.22
7.95
4.07
3.31
0.07
1.81
0
3.28
1.78
0
0
0
0
0
0
0
0
0
0
1.43
0.48
0
0.24
0.01
0
0
0.01
0.02
0
0.33
0.03
0
0
0
0
0
0
0
2.15
0.07
0
0
0
0
0
0
0
0
0
0
0
0.52
3.08
0.12
0.28
0
0
0.03
0.12
0
0.02
0
0
0.36
0
0
0.4
0
0.01
0.08
0
0.03
0.36
0
0
0
0
0
0.01
0
0
0.01
0
0
0
0
0.03
0
0
0
0.01
0
0
0
0.02
0
2.75
0.02
0
0.98
0
0.56
0
0.24
0
0
0
0
0
0
0.66
0
0
0
10.91
0
0
0
0
0.02
0
0
0
0.09
0
0.14
0.06
0
0
0
0
0
0
0.01
0
0.01
0
0
0
1.65
4.77
4.47
0.59
0
0.23
0.06
0.36
9.09
5.71
0
0
0
0.03
6.25
0.52
0.28
0.02
0.97
0.05
0
0
0
0
0
0.06
0
0
0
15.33
6.44
0.07
0
0
0
2.78
0.17
0
4.62
6.38
0
0
2.55
0.01
0
0
0
0
0.14
0
1.72
0.4
0
1.52
0.34
0
0.02
0
2.75
2.25
0.56
0.12
6.28
0.44
2.23
5.19
2.77
2.44
3.62
0
2.47
9.78
6.03
0
2.86
0.19
0.09
5.5
0
0
0
0
0
0.88
4.3
1.69
0.26
1.88
13.75
11.41
8.12
5.25
26.5
37.66
9.52
1.55
2.07
0.59
1.17
0
5.05
0
0.25
0.09
0.06
0
0
0.01
0
0
0
0
