19510101
20.8
12.66
0.52
0.01
0.01
0
0
0
5.29
2.15
3.35
4.69
4.81
1.3
0.01
0.04
0
0.58
0.01
0
0.01
0.01
1.92
8.43
3.82
8.69
9.65
7.36
0
0.01
0.01
0.02
0.21
7.31
24.66
2.21
8.29
2.76
2.88
3.3
7.45
7.67
8.51
1.86
6.06
2.89
0
1.14
3.3
1.02
4.99
0.94
3.86
14.14
0.21
0
0
0.01
0.01
0
0
0.8
1.85
4.25
1.24
3.11
3.27
7.76
24.16
5.13
18.12
13.55
9.34
7.28
0.43
1.17
0.23
0.01
0
0
0
0
0
0
0
0.02
0.2
0
0
0
0
0
0
0.01
0
0
0
0
0.02
8.58
1.44
0
0
0
0
0
1.47
0.8
0.59
1.73
0
1.41
4.61
0.54
6.31
5.12
14.5
9.08
4.56
21.25
6.71
5.1
0
0.6
6.52
9.16
3.45
5.52
0.65
0.98
0.84
0.13
0.01
0.03
0
0
0.05
2.25
1.05
1.09
0.08
0.02
0.03
0
0
3.32
0
2.16
8.04
1.76
0
0.06
0.02
18.02
1.84
8.56
0.07
6.05
0
0.01
0.02
0
0.07
0
0.07
1.34
0.8
1.1
0.05
0
0.21
0.08
1.6
0
0
0
0.64
0
0
1.12
6.91
2.44
0
0
0.43
0
0.45
0.78
0
0
0.01
0
0
0
0
0
0
0
0
0
0
0
0
0
0
0
0
0.34
0
0.11
4.93
5.1
5.7
8.19
0
0
0
0
0.03
0.01
0
0
0
0
0.04
0.03
0.02
0
0.01
0
0
0
0.01
0.01
1.13
20.52
0.11
0
0
0
0
0
0
0
0
0
0
0
1.5
9.47
3.08
0.14
2.56
10.04
11.96
3.7
0
0
0
0.02
0
0
0
0.02
2.45
37.85
0
0
0.02
0
0.02
0
0.67
10.33
9.73
0.34
0
0
0
0
2.36
9.06
0.16
0.06
5.48
1.97
1.42
0
0.02
0
0.05
0
0.63
0.89
0.04
0.01
0
0.02
0.01
0.8
1.76
4.02
6.23
0
0
0.08
0
0.35
5.82
13.19
9.29
11.68
21.19
4.32
6.25
7.16
1.78
0.32
2.34
0.71
2.65
16.76
6.3
2.12
0.55
0.29
0.04
0.04
0.02
0.01
0.12
0
0.04
0.1
0
0
1.36
2.55
0.01
0.25
0.03
0.04
0.02
0
0.02
1.32
0.05
0
1.84
0
0.02
0.02
0.02
1.47
2.79
0.47
4.71
0.91
2.32
2
2.52
1.48
0
0.03
0
0
0
0
0
0
0
0
0.01
0
0
0.02
1.36
0.64
0.06
0
0
0
0.28
0
0.39
1.27
0.82
5.81
5.88
7.86
17.2
7.97
2.26
1.48
0.33
0.66
0.94
0
0
0
0
0.01
0
0
0
0
0
12.73
5.81
0.57
0.52
0.01
0.03
0.59
0.08
0
0
0
0.14
1.5
0.3
0.19
0.52
0
0.07
0.05
0.07
0.82
0.06
0.02
0
0
0.14
4.14
2.03
6.44
3.41
0.07
2.64
0.25
7.09
5.33
1.22
0.16
0.03
0
0.06
0.12
0.24
0
1.91
7.14
12.64
11.05
6.32
7.16
11.42
0.98
0.31
0
0.13
0.02
0
0
0.23
15.73
17.24
3.04
18.98
1.04
0
0.18
0.34
0
0.02
0.03
0.02
1.21
0.7
0.01
0.01
0
0
0
0.38
4.83
4.8
3.99
17.28
6.33
5.76
0
0
0.23
0.01
0
0.55
0
0.02
0.63
0.8
0
1.1
9.28
3.11
4.85
4.75
12.49
8.98
3.88
0.03
0.05
1.43
1.06
3.25
7.6
0.13
0.06
0.02
0
0
0
0
0
1.76
1.73
4.29
0.02
0
0
0
0.41
1.34
3.52
0.06
0
0
1.45
0
0
0.03
2.5
5.61
0.25
0.16
0
0
0.65
3.71
7
12.24
0.58
0
0
0
0
0
0.15
0
3.53
9.28
0.03
0.1
0.12
0
0.55
3.44
0.5
5.18
0
0
2.11
3.44
10.55
1.02
7.07
1.77
16.16
0.87
0
0
0
0.06
0.18
0
0
0.84
0.01
0
0
0
0
0
0
0.25
2.49
0.01
0.01
0.38
0
1.41
0
0.03
0
9.73
20.26
6.18
1.91
0
0
0
0.01
0.02
0
0.95
0
0
0.84
0
0
1.72
1.57
0.46
9.65
7.96
0
0
0
0
0
0.01
0.01
0
0.01
1.12
2.15
0
0.34
0.82
0.04
0
0
0.09
0.01
4.2
0
0
0
0.89
0.32
2
0.49
1.51
3.16
0
0
4.91
10.27
0.81
3.01
6.69
0.04
0.81
6.48
1.46
0.01
1.83
2.83
0
0
0
1.8
0
0
0.01
0
0
0.01
0.01
0.01
0
0
0
0.78
0.51
0.43
2.2
4.51
2.52
3.34
0
0.24
0
1.13
2.08
1.04
1.43
2.25
4.25
18.65
2.06
5.16
0.72
0.05
0
0
0
0
1.95
0.01
0.01
2.15
7.5
3.87
0.31
1.91
5.76
1.61
0.01
0.04
0
1.56
0.04
0.49
0.48
0.54
3.26
2.11
2.27
0.96
0.13
1.05
2.54
2.52
0.12
0.46
0.32
0.49
1.55
0
0.29
0.65
0
0
0
0
0
0.05
0.02
0
0
0
0
0.05
0.14
0.02
0
0
0
0
0
0
0.01
0
0.79
3.35
9.89
6.47
0.66
0
0.09
4.84
0.57
0.57
1.09
1.09
0.05
0
0
0.05
0
0.08
0.01
0
0.01
0
0
0
0.08
0
0
0
0
0
0
0
0.01
0
0
0
0
0
0
0.69
0
0
0.01
0.27
0.78
0.38
0.24
0.12
0
0.27
0
0
0
0.28
0.38
0
0.04
0.02
11.51
1.2
0.14
0
0.22
1.24
2.43
1.27
0.18
0.03
0.2
0.01
0
0
0
3.66
21.35
14.46
7.88
0.03
7.45
0.93
3.78
0.82
12.07
0.16
0.01
0
0
0.01
0
0
0.01
0
0
0
0
0
0.02
0
0.55
11.6
0
0
0
0.02
0
0
0
0
0
0.01
0.22
0.86
0.5
0
0
0
0
0
0
0
0.11
0.06
0.05
10.37
0
0.18
0
0.05
0
1.45
0
0
0
0
1.09
0
18.14
0
2.89
1.83
0
3.78
0
13.32
9.17
8.38
7.96
0
0
1.72
2.3
0.48
2.99
0
0
0
0
0.13
0
0.01
0
0
1.11
0
0
0
0
0
0
0
0
0
0
0
0
0
0
0
0.02
1.34
0.9
0.11
0
0
0
0
0
0
0
0
3.16
1.34
0.92
0
0.01
0.03
0
0
0
0
0
0.11
0.03
0.09
0.07
0
0
0
0
0
0
0
0
0.02
0.39
6.01
1.36
0
0.33
0
0
0
0.01
0.05
0.04
0
0
0
0
0.01
0
0
0
0
4.87
14.01
1.19
0.02
0
0
0.48
0.33
5.77
11.23
1.35
0.11
2.37
0
1.21
3.23
12.91
7.86
8.88
9.03
8.02
0.16
0
0
3.6
0.06
0.05
2.38
0.43
1.89
5.48
2.3
2.32
0.04
0
0
1.5
6.05
0.3
0
0
0
0
0
0
0
0
0
0
0
0
0
0
0
0
0
0.03
0
0
0
0
0
0.04
0.95
0
0
0.02
0.32
0
0.99
8.99
1.76
0.95
8.92
5.31
0.18
0.03
0.16
0
0.87
1.7
0.97
0.26
2.25
1.99
1.1
0.06
0
0
0
0
0
0
0
0
0
0
0
0.13
0
0
0.55
0.42
0.77
0.51
0.02
0.01
0
0
0
0.02
0
0.01
0.01
0.01
0
0
0
0
0
0
0
0.02
0.04
1.88
4.6
6.3
3.37
0
0.21
0
1.51
0.95
0.52
0.17
1.28
0.63
1.42
9.74
0.65
1.95
5.58
3.19
0.59
0.09
0.01
0
0
0
0
0
0
0
0.89
0.41
0.12
0
0
0
0.59
4.82
0
0.34
10.96
14.15
4.06
0.63
7.26
7.73
9.29
3.66
0.07
2.4
4.8
1.55
1.97
0
0.04
3.24
4.21
0
1.22
0
0
0
0.06
2.97
2.59
0
0
0
0
0.16
0.03
0
0
0
0.04
0.41
0
0
0
0
0
0
0
0
0
0
0
0
0.01
0
15.13
2.27
3.2
3.98
0
2.2
0.84
0.04
0.01
0
0
0
0
0.17
2.97
0
4.37
5.13
41.03
13.2
2.91
0.11
0
0
0
0
0
0.03
0
0
0.05
0.07
0
0
6.15
5.21
17.9
42.91
0
0
0
0
0
0.88
0.3
0
0
0
0.02
0
0
0
0
0
0
0
0
0
0.02
0
0.16
0
0.02
0.01
0.12
0.05
0.03
0
0
0
0
0
0
0
0.16
0.01
0
0
0
0
0.01
0
0
0
0
0
2.72
0.33
0
0
0
0
0
0
0
0
0
0
0
0
0
0
0
0
0
0
0
0
0
0
1.87
0
0
0
0
0.11
0
1.63
0.59
0
0
0
0
0
0
0.03
0
0
0
0
0.08
1.27
0.21
0
0
0.05
0.04
0
0
0
0
1.91
0.95
0
0.01
0
0
0
0
0
0
0.28
0.05
0.01
0
0
0
0
0
0
0.02
0.23
0.2
0
0
0
0
0.02
0
0.01
0
0
0
0
0
0
0
2.37
0
0
0
0.44
0.12
0.01
0
0
0.13
0
0.74
0.69
0.25
0.03
0
0.06
2.24
13.7
4.13
1.74
0.16
0
0
0.01
0
0
0
0
0
0
0.49
0.19
3.42
7.49
1.06
0.55
5.91
10.26
0.88
12.33
12.92
1.55
0.88
0
0
0
0.01
0
7.7
4.2
0.77
0.05
0.07
0
0
0
0
0
0
0
0
0
0
0
0
0
0
0
0
0.01
0
0
0.05
6.77
17.43
10.98
10.21
4.91
5.8
1.52
13.03
1.34
0.96
0.45
0.65
0.72
4.41
2.94
12.59
12.42
8.49
2.87
3.5
2.8
1.08
0.04
0.46
0.13
0.42
0.5
2.3
6.25
7.71
6.96
33.61
2.88
0.23
0
0.2
0.02
0
0.01
0
0.07
1.93
3.6
0
14.96
29.19
11.05
7.11
5.08
0.44
1
5.38
3.83
6.46
5.05
2.36
0.43
0.02
0.01
0.02
0.02
0.01
0
0
0.2
0
3.62
1.21
0.26
0.64
1.41
0
0
0
0
0.03
3.26
9.05
5.63
0.25
0
0
0
0
0
0
0
0.04
0.07
0
0
0
0
0
0
5.61
3.63
0
0
0
0.01
0
0.02
0.1
0
0
0
0
7.52
10.05
4.58
7.23
7.04
0
0
0
0.04
0.81
0
0.38
3.6
0.04
0.04
0
0.68
0
0.01
0
0
0
0
0.1
0
0
0
0
0.81
0
0.39
1.51
0
1.63
3.44
2.43
2.21
0
0
0.22
2.18
7.56
4.2
1.22
2.56
0
2.31
6.47
1.08
6.35
0.83
0
0
0
0
0
0.3
4.13
10.17
8.84
2.21
0.92
0.01
2.18
0.13
10.79
0.5
0
0.19
0.02
0
0
0
0
0
0
0
0
0
0
0
0.07
0.03
0
0
0.01
0
0.11
0.61
0.13
0.63
1.55
4.31
5.14
0.71
1.69
0.01
0
2.29
0.05
0
4.15
0
0
0
0.34
3.45
5.96
3.12
0
0
0
0
0
0
0
19.12
0
0.75
0
0.01
0
0.88
0
0
0.19
0
0
5.85
6.86
0
0
0.08
0
0
1.04
1.57
0.19
0
0
0
4.07
0.48
0.2
0
0.49
0
0
0
3.54
1.64
21.82
0
0
0
2.23
0
0
0
0
0
0.22
0
0.22
0.41
6.4
8.76
2.78
0
0
0
0
0
0
0
0
0.03
0
0
1.15
4.39
0
1.59
10.78
0
0
0
0
0
0
1.22
11.96
20.62
15.38
8.44
2
0
2.34
10.59
0.15
0
3.6
3.39
0.44
0.29
4.63
2.01
0
0
0
0.02
0
0
0
0.07
1.02
1.71
10.72
0.76
2.39
0.05
0
0
6.27
15.56
11.3
0.46
0.2
0.02
0
0
0
0
0
0
0.66
2.78
13.09
25.44
21.91
18.31
6.01
5.41
5.8
10.57
6.43
0.8
0.48
2.76
0
0.02
0
0
0.09
0.85
0.1
0
0.02
0.09
0
0
0
0
1.86
4.59
1.21
0.79
10.61
5.73
3.42
5.73
11.13
3.58
5.71
2.77
1.79
0.24
0.05
0.09
0
0.01
0.02
0
0
0
6.2
1.93
0.26
0.11
0
0
0
0
0
0
0
0
0
0.25
0
0
0
0
0.14
0.05
0
0.85
1.7
2.7
7.3
2.09
0.78
0.19
0
0
0
0
0
0
0
0
0
0
0
0.87
0.05
0
0
0
0
0
0
0.19
9.41
9.96
7.12
6.37
11.48
23.02
5.16
8
3.41
9.24
24.97
30.52
13.41
5.48
0
0
0
0
0
0.08
0.05
1.68
2.2
0.38
1.3
0.22
4.68
9.43
8.46
2.98
5.42
0
0.11
3.11
7.34
3.84
6.3
2.79
1.21
5.03
4.97
9.8
3.66
0
0
0
0
0
0
0
0
0
0
0
0
0
0.03
0
0
0
0.13
1.15
0.84
24.58
14.01
12.96
6.01
5.48
38.23
40.72
7.84
0.02
0
0.53
0
0
0
0.01
0.01
0
0
0
0
0.05
5.34
0.94
0
0.62
0
0
0
0
0
0
0.02
0.01
0
16.81
3.47
3.77
2.96
0.46
8.99
0
0.14
0.05
0
0
0
0
0
0
0
0.05
0.01
0.01
0
0
0.01
0
0.48
0
0
0.03
4.93
20.71
3.05
0
0
0
0
0.02
0.01
0.18
7.49
0
0
0
0
0
0
15.98
12.02
0.7
0
0
0
0
0
0
0
0
1.02
0
0
0.07
0
0
0
0
0
0
2.17
0
0
0
0
0
0
0.15
0
0.01
0
0.02
0.01
0.01
0
0
0
0
0
0
1.84
1.78
0.02
1.82
12.63
10
1.55
22.88
17.8
5.05
0.19
0
0
0
0
0
0
0
0.9
0
0
0
0.02
2.07
3.36
2.88
0.02
0.68
2.19
5.67
1.98
0
0
0
0
0
3.92
0.29
0.06
0
0
0
0.02
0.05
0.25
3.46
0
0.14
0.09
0
0
0.5
1.72
3.84
2.48
0.31
0.13
0.7
0.14
0
0
0.33
0.25
0.02
1.12
6.16
2.14
0.18
0.01
0.05
0
0
0.04
0.02
0.09
0.25
0.09
0
0
0
0
0
0
0.04
0
0
0
0
0
0
0
0
0
0
0
0.03
0.27
0.38
0
0
1.34
1.27
1.58
5.05
4.75
9.03
7.45
4.04
0.45
0
0.01
0
0
0
0.83
1.66
0.75
0
0
0
0.66
2.88
0
0
0.13
1.59
0
0
0.03
3.31
4.08
1.53
0.61
0
0
0
0
0
0
0
0.22
1.06
0.17
0.54
0.58
0.89
0.46
0.41
0
0
0.51
4.59
15.96
16.66
16.06
1.98
0
2.32
0.35
0
0
0
0
0
0
0
0
0
0
0.13
1.53
5.13
0.23
0
0.08
1.77
1.02
0
0
0
0.03
0.06
0
0.03
0.11
0
0.69
4.41
4.59
2.22
6.41
1.54
0
0.8
0
0.54
3.04
1.3
0
0
0.03
0.05
3.04
0.66
0
0
0.66
0
0.02
0
0
0.92
2.89
5.36
2.74
0.05
0.08
0
0.28
0.14
1.66
2.49
5.42
5.49
6.96
9.18
4.77
10.77
8.06
1.71
11.75
4.84
0
2.27
10.82
9.77
4.77
3.99
0.74
1.42
2.13
0
0
0
0
0
1.38
0
0
0
2.45
4.93
8.93
7.5
4.87
7.52
4.75
3.32
7.93
10.2
7.13
0.63
0.07
0
0
2.78
23.14
9.79
1.03
0.04
4.05
10.35
6.59
1.88
5.6
14.46
17.63
0.72
0.19
2.57
8.21
1.26
0
0
0
0
0
0
0
0
0
0.02
2.04
2.11
0
0.01
0.05
0
0
0
0
0
0.05
0
0
0
0
0
0
0
0
0
0
0
0
0
0
0
0
0
0.42
0.38
0.18
0.05
0
0
0
0
0
0.01
0
0
2.78
0
0
0
0
0
0
0.01
0
0.05
0.01
0
0
0.13
0.14
6.3
1.49
2.28
3.03
0.02
0
0
0.01
0
2.13
0.38
0.1
0.38
0.02
0
0
0
0
1.56
8.96
2.86
6.21
10.75
2.38
0
0
0
0
0
0
0
0
7.81
11.64
34.99
11.95
0.17
0
0
0
0
0
0
1.43
1.61
5.98
7.48
6.02
0.61
0
0.96
4.45
1.83
0.03
0
0
0.01
0
0.01
0
0
0.25
0.02
0.3
2.67
1.29
0.93
2.21
4.79
12.39
5.09
7.13
1.89
0
0
0
0
0
0.06
0
0
0
0
0
0
0.69
0.53
0.04
0.01
0
0.01
0
0
0
0.12
0
0
0
0.1
0.01
0
0
0.4
7.32
12.09
7.64
0.89
0.09
0.24
0
0
0
0.06
0.01
0.02
1.67
5.75
2.14
1.61
0.16
0
0
0.01
0.01
0.11
0.62
0.61
0.19
0.5
0
0.02
0.01
0
0.15
1.09
1.88
0
0.02
0.06
0.04
0
0
0
0
0.01
0
3.62
4.53
0.73
1.47
3.05
4.4
9.28
13.73
2.48
1.3
0.06
0.03
0
0
0
0
0.07
0.61
1.23
5.27
7.61
3.57
5.48
1.41
0
0
0
0
0
0
0
0.94
0.18
0.63
0.75
0.19
0
0
0
0.84
0.26
0
0
0
0
2.33
0.97
2.96
1.76
1.1
0.05
0
0
1.52
3.41
0.99
3.35
0.46
0.6
0
1.88
17.36
5.28
4.55
2.63
5.46
9.89
5.45
7.46
1.28
5.5
7.36
7.21
2.84
4.06
0.7
0.39
0
0
0
0.7
4.48
5.08
0.5
0.12
0.07
0.01
0.01
0.43
0.29
0
0
0
0
0
0.26
0
0
0
0
0
0
0.01
0
0
0
0.14
4.57
4.63
2.61
4.84
15.92
3.66
0.02
0
0
0
0
0
2.47
0.26
0
0
0
0.06
0.01
0
0
0
0.02
0.06
0.2
0
0
0
0.01
0
2.99
7.73
0
0.01
0
0
0
0
0.35
17.38
28.14
12.55
0.61
0.4
0.21
0.93
0.5
1.51
2.92
0
0.09
1.17
0.94
4.73
0
0
0
0.02
0
0
0
0
0
0
0.04
0
0
0.01
0
0
0
0
0
0.01
0
0
0
0
0
0
0
0
0
0
0.02
5.32
1.62
0
0.85
0.14
0
0
0
0
0
0
0.01
0
0.01
0
0
0
0
0.27
2.53
0
0.01
0
0
0
0.01
0
0.27
1.15
0.03
0.51
0.01
0
0
0
0.87
1.79
0.04
0.98
0.84
2.74
1.75
0.21
0.32
0
0
0
0
0
0
0
0
0
0
0
0.02
0
0
1.49
11.13
2.35
0
3.25
1.25
3.53
6.72
1.29
0
0.3
0.15
0
0
0
0
0
0
0
0
0
0
0
0
0
0
0.01
1.18
0
0.22
0.07
0.62
3.49
1.25
0.05
0.01
0
0
0
0
0
0.01
0.01
0
0.8
1.19
1.4
0
0
0.5
0.14
0
0
0
0.01
0
0.07
1.36
0.05
2.46
1.35
0.15
0.34
5.16
6.69
15.85
12.52
9.07
6.66
4.35
3.2
2.58
1.53
2.95
5.59
17.62
10.48
13.68
9.52
10.35
21.07
17.23
9.23
7.48
6.55
2.81
0.63
2.3
1.1
0.44
0.51
0.23
0
0.01
0.19
0
0.02
0.02
0
0
0
0.43
5.88
3.67
2.41
0.55
1.8
10.98
8.51
0.32
0.01
0.18
0.3
4.86
1.28
2.79
0.33
0.18
0
0
0.38
0.31
0
0
0.07
0.55
1.21
4.27
1.98
0.49
0.03
1.91
0.77
0.03
0.59
0.49
0
0
0
0.01
0
0
0
0
0
0
0
0
0
0.21
0
0.01
0.2
1.94
5.13
19.65
2.57
6.45
6.3
1.85
14.39
15.57
7.46
13.1
6.55
0
0
0.01
0
0.67
0.3
0.33
11.56
9.16
0.95
6.28
3.21
1.23
0
0
0.42
0.77
0
0
0
0.57
0.53
1.55
0.37
1.34
1.88
0.58
0
0.01
0.4
0.52
10.23
6.58
7.13
3.22
0.02
0.15
0
1.07
1.78
1.57
4.94
3.36
0
0
2.21
0
3.61
0.41
0
1.56
1.05
2.27
6.14
13.32
12.28
3.79
0.93
2.42
1.26
0.93
0
0
0.01
0
7.43
4.98
6.92
7.38
3.48
2.57
0.07
2.59
0.54
1.23
6.54
10.79
1.71
2.14
0.01
0
0
1.54
9.1
12.79
13.53
3.06
0
0
0
0
0.38
4.63
2.59
0
0
0.05
0
0
0
0.01
0
0.02
2.07
2.98
1.61
0.46
0
0
0
0
0
0
0
0
0.66
0.04
0.01
1.34
1.12
0.85
2.45
7.05
0.27
0
0.48
2.7
9.98
3.85
0
0.19
0.38
0
0
0.02
0
1.93
0
0
0
0
1.65
2.5
6.13
3.21
3.5
0.23
0
0
0.26
0.02
0
0
0
0
0
0.02
0
0
0.02
0
0
0
0
0.21
3.82
0
2.77
2.86
4.95
1.49
1.84
2.1
3.29
7.64
9.64
3.36
0
0
0.16
0.23
1.87
5.82
4.38
0
0
0
2.52
0
1.27
0.42
2.31
4.12
2.73
5.51
2.02
1.39
0
9.11
9.9
9.81
4.05
0
1.01
0.92
13.12
3.13
0.83
0.27
1.62
2.17
0.1
0
0
0
0
3.98
12.68
7.54
7.38
6.26
3.89
0
0
0.31
0
2.6
6.09
8.71
6.19
1.98
0
0.28
1.09
1.6
0.01
0
0.04
0
0
0
0
0
10
5.18
1.25
5.89
5.92
10.59
6.17
2.75
6.29
12.34
3.95
0
0
0
2.09
7.42
3.81
2.54
15.37
21.73
2.53
2.87
1.38
0.55
1.62
8.77
8.85
9.75
17.5
14.05
6.91
1.26
0.51
0.45
3.17
0.54
0.26
1.38
0.63
0
0.14
3.85
5.46
4.97
5.24
5.54
6.5
0.48
0.54
1.08
0.39
0.54
0.37
0.3
0
0
0
0
0.15
4.38
10.96
7.8
4.08
1.55
1.18
0
0.09
0.84
4.8
1.88
0.46
3.7
1.63
4.16
9.71
19.3
20.79
19.29
7.85
4.18
0.66
0.06
0
0.54
0
3.27
8.8
9.98
1.81
0.16
2.13
9.65
7.04
4.75
9.03
8
3.05
9.32
8.93
6.51
6.37
2.75
10.13
8.12
1.32
0.59
0.56
0.01
0
0.76
0
0
0
0
0
0.05
3.52
3.97
11.59
5.96
2.48
2.21
4.38
7.28
11.42
9.95
0.77
0
0
0
0.15
0
0.04
2.14
5.52
6.3
6.48
4.46
2.98
1.71
2.89
0.26
0
2.23
0.8
0.41
0.73
0.06
0.01
0.24
0
0
0
0
0
0
0
0.01
0
0
0.06
0
0
0
0.35
0.04
0.23
0.18
0.41
0.36
1.88
2.35
6.72
0.48
0.23
0
0.06
0.09
0.39
0.01
0
0
0.05
0.14
0.17
0.95
5.02
3.03
8.9
4.59
0
1.17
0
1.77
0
0.02
0
1.2
2.97
1.17
0.13
4.12
30.25
5.79
0.2
3.75
7.43
6.57
10.66
2.81
4.29
1.55
0.07
0
1.41
1
2.02
2.15
0
0.07
0.02
0
0
0.02
0.02
0.05
0
0
0
0.46
0.16
0.23
0
0.01
0.6
0
0
0
0
0.02
0.01
0
0
0
0.01
0.32
1.74
0.87
1.8
1.36
0.04
0
0.99
1.09
0.06
0
0.02
0.02
0
4.95
6.04
6.98
1.74
0.03
0
0
0
0
0
0
0
0
0.18
0
0
0.01
0
0
0.08
0
0.98
1.81
0
0.03
0
0
0
0
0.02
0
0
0.01
0.11
0
0
0.04
0
0
0.02
0
0
0.01
0
0
0
0
0.02
0.21
2.18
3.86
1.47
1.07
6.42
0
0
1.19
4.66
1.64
1.62
4.59
5.49
0
0.03
4.77
3.6
5.48
21.05
24.96
23.08
19.08
3.62
2.79
1.48
1.69
0.05
0.95
5.59
13.26
7.02
0
0.1
0
2.25
13.34
9.43
9.03
18
16.58
8.81
4.56
2.44
11.45
23.24
16.54
9.06
2.53
3.1
1.87
3.99
6.96
5.34
0
0.02
0
1.64
4.39
3.65
2.64
0.04
0
0.34
0.03
0
0.19
0
1.8
11.52
8.26
1.1
0.02
0.02
0.06
0
0.66
0
0
1.38
1.12
0.73
2.05
4.92
8.29
11.53
2.94
0.41
0.38
0.4
1.7
1.89
3.77
2.17
0
0
0.37
1.29
2.27
0
0
0.41
0.81
2.31
1.25
8.81
4.14
3.63
0.75
7.03
2.38
2.91
6.66
3
0.66
0.4
0.2
0.21
1.1
3.32
0.28
0
0.01
0.05
0.11
0.02
0
0.2
2.08
1.61
5.75
5.2
3.12
3.91
2.46
1.16
0
0.48
0.44
0.14
1.04
0.15
0
0
0.05
0
0
0
0.07
0
0.01
0
0
0.07
0
0
0
0.02
0.7
3.03
3.04
0
0.11
0.13
0.56
0.18
0
0.02
0
0
0
0
0
0
0
0
0
0.01
0
0
0
0
0
0
0
0.01
0.27
1.28
0.82
0
4.04
1
0
0
0.03
0
0
0
0
0
0
0.01
0.02
0.06
1.08
8.06
12.3
5.4
5.95
6.18
0.09
0.04
0
0.05
0.45
8.95
4.77
4.09
0
1.09
1.77
13.54
7.52
0.13
0.48
0.09
2.84
7.64
2.52
0.09
0.01
0
0
0.74
4.93
1.23
0
0
0
0
0
0
0
0
0.33
0
0
0
0
0
0
0
1.09
1.97
0.98
1.64
2.39
8
9.82
14.8
6.54
3.25
2.31
0.02
0
0.37
1.9
0.36
0.01
0
0.27
0
1.24
0.01
0.05
0.88
0.16
1.86
0.25
0
1.41
1.29
1.01
0
2.15
10.44
3.83
0.38
2.08
0
0
0.02
0
0
0.02
0.05
0
0
0
0
0.04
0
0
0
0
0
0
0
0
0
0
0.02
0.18
0
0.02
1.67
2.01
1.3
0.1
0.95
10.03
11.73
2.85
6.76
0.95
0
0
0
0.01
0
0
0
0
0
0.77
3.44
0
0
0
0
0.02
0
0
0
0
0
0.01
0.03
0.01
0
0
0
0
1.75
7.85
12.66
5.93
0.23
0
0
0
0
1.72
0.2
0
0
0
0
0
6.29
35.16
17.38
1.99
0
0
0
0
0
0
2.91
17.8
11.98
5.39
0.76
0
2.13
0
1.01
8.94
4.57
0
0
0
0
0
0
4.64
13.55
3.82
0
0
0
0
0
0.13
0
0
0
1.23
0.86
0.7
6.3
5.01
1.29
0.42
0.11
0.11
0
0
0.01
0.02
0.3
2.5
4.63
11.98
9.22
3.34
2.16
11.4
8.66
8.57
0.88
2.29
19.09
20.27
16.47
8.78
6.18
19.67
9.78
7.16
38.88
6.81
0
0
0.38
1.14
0.08
0.14
0
0
0.04
2.23
1.43
0.31
0
0
0
0
0
0.99
0.88
0
0
0.27
2.1
4.16
4.56
10.63
6.79
2.11
0
2.97
8.56
8.73
1.82
13.75
8.02
1.62
0.77
0
0.7
0.13
2.87
2.67
2.62
4.31
1.58
7.87
3.69
0.39
6.85
11.35
1.59
0
0
0
0
0.01
0.01
0
0.01
0
0
0
0
0
0
0
0
0.01
0.07
2.47
3.7
0.1
0
0
0
0
0
0
0.02
0
0
0
0
0
0
1.08
8.06
8.9
6.61
11.58
3.77
0.84
9.78
11.64
4.93
2.95
0.49
5.96
9.41
5.04
4.26
2.11
0.85
0.07
0
0
0
0.37
0.31
2.1
0.07
0
0.02
1.15
10.77
6.69
0.3
0.23
0.93
0.22
0
0
0
0
1.45
0.34
0
0
0
0
0
0
0.28
0.47
2.47
0
0
6.17
8.37
3.14
0.8
0.41
0.83
0.28
2.37
7.04
3.94
1.34
1.29
0.67
3.04
9.07
4.38
0
0.32
0
0
0
0
0.02
0
0
1.13
1.58
0.45
0.07
0
0
0.35
7.7
7.16
0
0
0
0
7.44
23.11
20.7
5.84
1.91
4.59
6.23
4.31
0
0.11
0.77
2.94
0
0.15
0.01
0
0
0
0
4.74
10.35
2.9
0.34
0.05
0
0.02
0
0.01
0
0
0.23
0
2.73
0.65
6.68
2.7
0
0
0
0.05
0
0
0
0
0
0
0
0
0
0
0
0
0
0
0
0
0.04
0
0
0
0
0
0
0
0.1
0.14
0.01
0
0.01
3.53
0.31
0
0
0
0
0
0.01
0.09
0.04
0
0.02
0
0
0.04
0
0
0
0
0
0
0.01
0.01
0
0
0
0.03
0.02
0
0
0
0
0
0
0
0
0
0
0
0.06
0.13
0
0
0.21
0
0.98
0.32
0.02
3.17
1.61
1.59
0.1
1.88
0.2
2.79
18.34
6.92
1.96
1.78
1.58
0.02
0
0
3.95
0.23
0.05
0
0
0.05
0.16
0.35
0.78
1.5
8.65
13.14
4.44
2.15
4.05
3.42
0.61
1.37
0.73
0
0.27
0.09
0.88
7.03
4.17
0.36
0.02
0
0
0
0.23
12.77
12.12
4.19
4.86
0.82
0.58
2.2
2.44
2.43
2.33
2.14
1.27
1.59
0
1.05
0.95
1.49
2.98
2.21
1.7
0
0
0.01
0
0
0.01
0
0
0
0.09
0.04
0.07
0.02
0.07
0.05
0.12
0.01
0.08
0.49
0.16
1.55
0
0.07
0
0.04
0.09
0.01
0.01
0
0
0.02
0
0.64
1.72
15.06
21.95
19.3
12.55
3.79
8.4
11.64
2.19
2.47
9.91
10.85
3.21
3.25
5.66
7.33
1
1.44
2.77
2.47
0
1.92
3.93
2.25
2.56
4.44
0.94
0.52
0
0
0.01
0
0
0
0
0.01
2.06
2.53
1.79
1.48
1.02
2.73
4.27
3.5
5.59
12.36
15.18
6.27
0.64
2.27
6.3
17.37
11.43
2.16
3.24
5.63
1.6
0
0.5
1.11
0.94
0.27
0.57
0.66
0.61
0.55
0.45
0.51
0
0
0
0.09
1.14
2.55
5.52
3.58
4.41
1.09
0.03
0.5
2.95
0.17
0
0.72
0.06
0
0.07
0
0.13
0.01
0
0
0
0.27
0
0
0
0
1.36
3.34
1.07
0
1.32
25.69
30.34
14.91
5.3
10.73
7.89
3.16
0.01
0.17
7.73
5.02
0.47
0
0
0
0
0
0
1.48
0
1.23
2.4
0
0
0.19
0.01
0
0.08
0
0
0.02
0.04
0
0
0
0
0
0
0
0
0
0
0.01
0
0.05
0
0.91
0.44
0.97
1.41
0
1.4
2.64
1.59
3.17
3.94
3.34
10.18
4.22
0.6
0
0
0.67
0
0.01
0
0
0.06
0
0
0
0
0
0
0.11
0
1.86
0
3.49
4.91
7.17
6.06
0.85
0.55
0
0
0
0
0
0
0
0
0
0.09
0
0
0
0
0
0.01
0.12
0
0.04
0.72
0
0.36
0.18
0.71
4.47
4.95
6.77
2.19
2.56
3.73
1.06
2.81
0.72
0
0
0
0
0
0
0
0
0.1
0.01
0
0
0.01
0.03
0.01
0
0
0
0
0
0
0
0
0
1.27
0
6.85
0
0
1.52
0.54
2.71
4.2
0.29
0.9
0
0.88
0.61
0.2
0
1.54
4.76
3.08
3.71
6.64
1.13
0.45
0.04
0.95
0.13
0.76
4.74
1.26
0
0
0
0
0
0
0
0
0
0.1
0
0
0
0
0
0.01
0
0
0
0
0
0
0
0
0
0
0
0
0
0
0
0.02
0.7
0.08
4.95
12.74
11.13
9.49
19.77
7.66
8.2
11.25
4.82
3.27
4.93
6.75
2.52
4.39
19.89
34.53
18.11
14.32
8.06
0.05
0.23
0.12
0
0
0.36
0.31
0.41
4.59
4.89
2.27
0.76
3.18
0.69
4.2
7.13
6.46
5.35
1.46
6.03
3.32
0.7
1.14
6.99
5.16
1.34
2.09
9.03
5.22
0.68
2.95
4.88
2.25
0.01
0.02
0
0.16
0.13
0.14
0.07
0.02
0.48
0.07
0
0.05
0.2
0.02
0
0
0
0
0
0
0
0
0.18
0.89
1.44
1.33
0.01
0.02
0.01
0.02
0.07
0.03
0
0.01
0.02
0.01
0.01
0
0
0
0
0
0
0
0
0
0
0
0
0.09
0
0
0
0.02
0.05
0.79
11.97
13.84
13.19
8.52
18.66
5.48
0.06
1.33
5.56
23.41
28.28
8
2.56
4.16
2.31
0
0.3
2.96
1.86
0.31
0.22
0.62
0.25
0
2.37
4.58
6.75
3.34
2.77
2.52
0.01
0.03
0.05
0
0.6
2.3
2.27
1.29
0.51
1.88
0.98
0.29
0.23
2.58
7.64
1.4
6.29
1.5
1.39
1.51
1.2
0.42
1.74
0.75
0.49
0.59
0.67
1.66
0.16
0
0
1.77
12.46
8.61
5.17
2.45
0.07
0
0
0
0.03
0.02
0
0.02
0.02
0.01
0
0
0
0.01
0
0
0
0
0
0.04
0.01
0
0
0
0.18
0.12
0.08
0
0
0.24
6.29
3.28
2.07
0.7
0.04
0
0
0
0.29
1.5
2.55
7.75
6.3
0
0
1.74
0.67
0
0
0
0
0.02
0
0
0
0
0
0.13
0.05
3.11
11.01
8.24
29.83
5.46
2.22
0.46
9.18
4.05
0
0.27
0.02
0
0.07
0.85
0.02
0.02
0.8
0
0
0
0
0
0
0
0
0
0
0.27
0
0
1.94
0.39
0.7
0.75
0.57
1.12
0
0.14
0
0.02
0.03
0
0.12
0
0
0.26
0.7
1.73
0
0.12
0
0
0
2.27
0
0
0.05
0.06
0
0
0
0
0
0.01
0
0
0
0
0
0
0.05
0.49
0.05
0
0
0
0.04
0
0
0
0
0
0
0
0
0.23
0.07
0
0
0
0
0.01
0
0
0.02
0
0
0
0.14
0.6
0.8
4.26
18.04
4.86
2.59
0
0.58
0.16
0
0.05
0
0.15
2.13
5.05
4.97
0.77
6.16
2.16
0.05
0
0
0
0
0
1.64
3.09
0.35
0
0
0
0.01
0
0.01
0
0
0
0.02
2
11.02
22
0.46
0
0
0.03
0
0.51
0
0.01
0
0
0
0
0.01
0.02
0
0.01
0.02
0
0.02
0.01
0.03
0.35
3.93
0.54
0
0.72
0
0.13
0
0
0
0
0.02
0.09
0.86
0.3
0
0.02
1.77
1.18
2.91
6.45
0.91
0.16
1.77
2.89
1.13
5.69
1.27
0.21
0.46
6.39
1.8
0.12
0
0
7.73
1.69
0.01
0
0
0
0
1.45
0.74
0.82
0.55
0.6
0.17
0.44
0
0.5
0.64
4.58
3.49
1.41
0.8
0
0.81
0.05
0.07
2.2
11.91
2.68
6.03
9.75
0.66
0.11
0.33
0
0
0
0
0
0.02
0
0.25
0.5
0.75
0.1
0.25
0.11
0
0.16
5.2
1.34
1.78
13.09
11.24
6.04
2.76
11.43
3.5
1.13
10.21
13.41
6.27
2.02
4.11
1.46
0
0.06
0
0.86
9.87
12.47
16.09
7.12
9.31
4.22
0.89
1.22
0.18
0.01
0
0
0
0
0
0
0
0
0.01
0
0
0
2.59
1.8
0
8.24
4.14
0
0
0.38
0.02
0
0
0
0.08
0
0
0
0
0
0
0
0
0
0
0
0
0
0.01
0
0
0
0.29
1.43
0
0
0
0
0
0
0
0
0
0
0
0
0.15
0.25
6.7
8.29
0
0.02
0
0
0
0.14
0.42
0.91
0
0
6.16
1.27
0
0
0
0
0
0
0.53
0.07
0
0
0.01
0
0
0
0
0
0
0
0
0
0
0
0
0
0
0
0.05
0.37
0
0.7
1
0
0.01
0.01
0.09
0
0
0
0
0.01
0
0
0
0
0
0
0
0
0
0.09
0
0
0
0
0
0.01
0.04
0.58
0.22
0
0
0.01
0
0
0
0
0
0
0.01
0
0
0
0.01
0
0
0
0
0
8.13
6.25
0.3
1.07
2.2
0
0.01
0
0
0
1.43
1.77
0
0
1.11
0.05
0
0
0
0
0
0
0.01
0
0.01
0
0
0
0
0
0
0
0
0.06
0
0.01
0
0
28.66
10.16
8.4
3.45
6.69
16.18
2.71
0
0.03
2.6
16.34
5.1
2.62
0.22
30.47
8.12
6.7
0
0
0
0.77
0
0.16
1.22
4.09
5.33
1.32
0.89
0
0
3.95
3.38
0.23
2.24
6.95
3.35
0.3
0
0.07
0
2.37
23.19
25.86
6.77
0.21
0.38
0
1.59
4.71
3.23
0
0.89
0
6.45
5.76
5.73
0.09
7.21
0.52
0
0
0.44
0
0.52
0.23
1.26
1.49
0.34
1.04
4.57
1.8
0.5
0
0.61
22.11
7.2
0.38
0
0
0
0
0.14
5
2.74
0.13
0
0.11
0.92
0
0.76
1.88
2.06
1.48
10.83
4.57
4.3
2.09
0
0
0.69
0.03
0.73
0.68
0.46
0.62
1.81
3.66
1.48
0.88
7.29
7.96
1.32
5.89
6.61
13.28
8.77
15.32
28.14
22.13
5.08
3.88
2.47
3.18
4.61
0.59
0.14
0.45
2.61
0.34
0
0.32
0.35
0.08
0
0
0
0.02
0
0.39
6.57
4.31
15.42
6.99
2.3
10.42
3.93
0
4.77
5.12
8.93
5.53
1.51
0
0
0
1.5
21.58
1.91
0
0
0.49
0.19
0
0
0.01
0
0.01
0.05
0
0
0
0
0
0
0
0
0
0.09
0
0.01
0
0.01
0
0.01
0
0.02
0
0
2.95
6.51
2.49
0.17
1.06
1.5
0.99
1.34
10.32
5.02
5.38
3.63
4.88
1.65
15.43
15.82
6.76
0.55
0
1.58
0
0.2
0
4.45
1.75
0.41
0.02
3.36
1.07
0.25
0
0.21
1.5
3.1
0
0.05
0
0
1.06
0
1.27
1.81
3.47
0
0
0.23
2.39
2.49
6.3
0
0
0
0
0.94
0
4.1
3.18
0.1
0.75
5.85
3.84
5.54
2.76
9.23
4.71
24.14
0
0.3
2.16
18.55
1.85
0
0.2
0.18
5.72
1.62
0
0
0
0
0.03
0
0.03
0.01
0
0
0.01
0
0
0
0
0
0.35
4.7
1.65
0.01
0
0.01
0
0
0
0.02
0
0
0.55
0
0
0.02
0.09
0
0
0
0
0
0
0
0
0.56
1.2
0
0
0
0.01
0
0
0.1
0
0
0
0
0.01
0
0
0
0
0.04
0.09
0
0
0
0
0
0.2
0
0.41
0
0
0.01
0
0
0.44
0
0
0
0
0
0
0
0
0
0
0
0
0
0
1.48
4.59
13.47
6.43
0
0
0
0
0
0
0.01
0.04
0.08
0.53
1.24
13.79
19.04
5.74
0.02
1.28
1.96
9.73
10.32
0
1.58
7.49
6.52
1.52
0
0.09
0
10.17
11.65
7.67
1.62
0.55
3.91
0.57
2.42
1.29
0.12
0
12.89
6.29
0.41
0.11
0.01
0
0.26
0
0
2.41
0.02
4.91
14.79
10.41
7.37
9.57
2.79
0.6
0
0.03
0.02
0.05
0
0
0.29
0.1
0.2
0
0.06
0.12
0.07
0.16
0
0
0
0.1
0
0.73
3.9
0.57
0.02
0.02
0
0
0
0
0
0
0
0.12
0
0
0
0
0
0
0.01
0
0
0
0
0
0
0
0
0
0
0
0.02
0
0
0.2
0.02
0.12
0.35
0.54
2.48
11.78
14.42
3.54
0.3
0
0.52
0.48
0.01
0
0.09
4.72
2.85
10.16
2.23
4.38
0.27
0.01
0.26
0
0
0.17
0
0
0
0
0
0
0
0.77
0.23
0
0
0.04
2.87
0.35
3.31
5.45
11.22
17.76
13.68
2.87
0.02
0.31
0.01
0
0
0.36
2.05
0.15
0.09
0.06
0
0
0.03
0
0.05
0.13
0
16.66
4.31
0
0
0
0
0
0
0
0.01
0
0
0
0
0
0
0
0
0
0.96
8.07
1.85
0
0
0
0
0
0
0.01
0
4.06
8.71
6.3
1.74
0.17
1.8
1.47
5.72
2.77
2.32
1.5
0.41
1.53
0.05
0.48
0
0.09
0.05
0
0.01
0
0.78
0
0.45
2.95
0.38
0
0.25
4.46
1.66
0.57
2.71
3.95
2.41
3.92
2.17
2.2
1.84
3.54
5.03
2.28
0.98
0
0.01
0.02
0.01
0
0.01
0
0
0
0
0
0
0
0
0
0.48
1.84
2.75
14.24
6.04
0.09
0.08
0
0.23
0.03
0
0
0
0.41
0
0
1.41
0.04
0
0
0
0.01
0
0
0.02
0
0
0.17
0
0
0
0
0
0
0
0
0
0.01
1.3
0
1
0
0
0.02
0
0
0.01
0
0
0
0
0
0
0
0.05
0.04
0
0.01
0
0
0
0.04
1.97
0
0.21
0
0.63
0.07
0
0
0
0
0
0.01
0
0
0
0.01
0
0.13
0.01
0
0.08
0
0.02
0.25
0.08
0
0.02
0.08
0
4.38
2.21
0.13
0
0.02
0
0
0
0
0.01
0
0.01
0
0
0
0
0.01
0
0
0
0
0.02
0
0
0
0.01
0
0
0
0
0
0
0
0
0
0
0.01
0
0
0
0.27
4.03
0.34
0
0
0.01
0
0
0.47
2.74
0.31
10.07
0.61
0.05
0
0
0.02
0
0
0.16
0.01
5.93
1.8
3.7
0.87
0.02
8.32
10.98
0.7
0.02
0
0.01
1.2
5.65
25.98
20.57
18.15
7.63
0.06
0.41
0.73
0
0
1.41
6.32
5.79
0.38
0.21
0
0.21
0.04
0
0.02
0
0
0
0.08
0.45
0.39
0.24
0
0.01
0
0
0
0
0
0
0.18
0.19
0.01
0
0.14
1.19
0.04
0.09
0
0
0.28
0.02
0
0.09
0
0
0.01
0
0.01
0
0
0
0
0
0
0
0
0.01
0
0
0
0
0
0
0
0
0
0
0
0.01
1.13
0.23
0.19
0
0
0
0
0.13
4.24
3.2
4.75
8.36
0.14
1.61
4.21
4.44
10.07
9.11
2.86
0.61
1.09
5.94
2.88
6.36
15.16
5.24
3.95
5.48
8.12
4.19
1.84
5.58
2.04
7.17
0.96
1.02
4.28
2.35
0
0.31
9.05
1.01
1.41
0
0
0
0
0
0.32
0
0
5.35
5.24
0.21
0
0
1.32
10.56
2.69
0.32
5.28
14.45
3.64
0.66
0.02
0.01
0.03
1.04
4.55
0
0
0
0.21
1
1
5.23
16.21
1.8
0.34
0.3
0
0.02
0
4.87
3.63
15.92
0.62
0
0.06
0.34
0.3
2.15
2.5
0.04
0
0
0.12
5.37
11.11
0
1.55
5.46
3
0.03
0
0
0.06
0
0
0
0
0.73
5.08
0.66
0
0
0.43
5.23
0.77
1.05
2.32
1.13
0.2
0.01
0
0.01
1.2
0.34
1.26
0
0.02
0.1
0.02
0
0
0
0
0
6.31
0.84
0.02
0.42
2.68
0.64
0
0.02
0
0
0
0
0
0
0
0
0
0
0.01
0
0
0
0
0.35
2.63
1.99
0.14
0
0
0
0
0
0
0
0
0
0
0
0
0
0
0
0
0.02
0.63
0
0
0
0
0
0
4.35
3.51
0.14
0
0.63
0.02
0
0
0
0
0
0
0
0
0.15
0.14
5.22
0
0
0
0
0.02
0
1.27
7.98
0.38
0.05
0.06
2.41
1.05
0.12
0
0
0
0
0
0
0
0.25
0.42
0.35
1.05
1.57
1.91
3.6
1.37
0
0
0.01
0.11
0
0
0
0
0
0
0
0
0
0
0
0
0
0
0
0
0
0
0
0
0
0
0
0
0
0
0
0
0
0
0.01
0
0
0.01
0
0
0
1.09
7.26
11.54
8.89
2.86
1.27
8.3
1.13
11.75
5.11
0.31
0.22
0.43
0
3.1
2.46
13.96
1.26
0.09
0
0
0.08
0.02
0.9
0.52
0
0.01
0
8.17
4.3
2.88
1.08
2.29
6.98
0
0
0.22
1.35
4.66
0.4
0.06
2.9
0.17
0
14.62
3.32
6.43
6.81
8.27
2.39
0.24
1.21
0.52
0.68
0
0.24
0.06
0.34
0.52
0
0
0
0
0
0.24
0
0.19
0.28
1.85
1.17
0
8.57
1.94
6.16
5.51
10.05
4.01
6.58
0.35
1.41
0.43
0
1.41
0
0.01
0.02
0
0
0
0
0.11
2.83
1.05
0.7
0
7.12
4.1
0
0
0
0
0
0.05
0.52
0
0
1.87
2.77
2.58
1.43
6.4
10.66
4.54
2.03
12.66
22.06
2.7
1.98
1.54
0.3
7.72
17.38
3.45
6.6
5.11
4.43
2.92
0.88
3.7
0.52
2.25
0.09
0.26
23.12
26.25
7.69
5.82
24.9
5.09
2.07
0
0.33
5.5
2.32
0.03
0
0.07
0.09
0.07
0
0.01
0
0.02
0.86
7.69
4.24
0.14
0.01
0.38
4.18
1.05
0
0
0
0
0
0
0
0
0
0
0
0
0.18
0.13
0
1.67
9.57
9.29
33.22
18.63
0.85
0.36
2.24
3.94
5.86
2.55
0.71
1.95
3.55
8.68
0.71
2.52
0.15
0
0.03
0
0
0
2.43
15.48
0
0
0.01
0.6
0.17
2.78
2.52
1.37
7.15
5.52
0
0
0.02
0
0
0
0
0
0
0.01
8.06
7.86
11.1
6.28
9.21
4.54
2.21
0.35
0
0.04
0.25
0
0.57
0.16
1.18
2.84
1.06
0
0
0
0.08
0.01
0
0
9.14
6.54
0.05
0
0.41
0
0
0
0.49
0
0.01
0.52
0
0
0
0
0
0
0
0
0.03
0
0.03
0
0
0
0.02
0
0.01
0
0.33
0
0.01
0
0.18
0
0
0
0.8
0
0.02
0.01
0.04
0.02
0
0
0
0
0
0.66
0.01
0
0
0
0
0.77
0.21
0
0.05
1.27
7.42
21.88
8.78
9.05
2.54
0.75
0.78
1.23
0.66
1.25
0.51
1.77
7.07
6.48
2.6
6.24
1.3
0.63
4
0
0.07
0
0
0
0
0
0.01
1.12
0.02
1.66
0.11
0.05
0
0.05
3.89
6.38
1.86
0
0.01
0
0
0
1.04
7.37
0
0
0
9.82
10.68
7.06
0.47
0
0
0
0
0.05
0.01
13.09
0.02
0.01
0
0
0
0
0.22
0
0
0.07
2.44
0.77
0
0.17
27.43
22.54
2.44
0.81
0.19
0.05
0
0.3
0
1.74
2.51
10.56
1.82
13.44
2.42
0.15
0.29
1.95
0.03
0
0.25
0
0.09
0
0
0.03
0
0
0.01
0.14
0
0
0.02
0
0
0.23
3.47
0.3
0.01
0
0
0.01
0.86
2.84
14.23
4.57
4.91
4.65
5.66
2.32
9.22
0.93
12.86
14.55
8.12
2.8
0.81
15.12
11.73
12.54
14.88
20.55
4.91
3.05
6.92
2.89
1.43
1.42
1.97
0.73
5.39
0.04
0.66
0.72
0.12
8.44
2.66
0.57
1.77
1.52
0
1.94
1.38
0.16
0.13
3.9
1.26
5.19
1.73
0
0
0
0.04
1.92
1.09
0.19
0.74
0.26
0.27
0
0
0
0.16
0
0
0.7
0
0.01
0
0
0
0
0
0
0
0.08
0
0.07
0.27
0.13
0
0.26
1.67
1.64
0.32
0.07
0
0
0.02
0
0.38
7.84
2.14
0.77
3.95
1.9
1.22
0
0.04
0.86
1.73
3.55
0.71
0.01
0
0
0.19
4.37
0.77
0.02
0.32
0.32
3.86
0.41
0
0
0
0
0
0
0
0
0
1.29
2.5
0.33
0
0
0.36
0
0
0.16
0
0.02
1
1.62
5.49
1.34
4.84
0.84
0.56
1.97
1.68
0.61
3.34
1.85
0.25
0
0
0
0
0
0
0
0
0.05
0.01
0
0
0
0
0
0
0.02
0
0.01
4.29
2.82
8.93
6.48
0
1.83
2.27
0.39
0.02
0
0
0
3.11
0.23
0.09
0
0
7.77
1.38
0
0.1
0
0.17
0
0
0
0
0
0.02
0
0.01
0.07
0
0
0
0
0
0.04
0
0
0.02
0
0
0
0.07
0
0
0
0
0
0
0
0.29
0.14
4.34
10.12
12.67
3.11
4.81
2.71
0
0
0
0
0
0
0
0
0
0
0
0
0
0
0
0
0
0
0
0
0.02
0.01
0.04
0.04
0.04
0.01
0
0
0
0
0.03
0
0
0
0
0
0
0.01
0
0
0
0
0
0
0
0
0
0
0
0
0
0
0.1
0
0
0
0
0
0
0
0
0.14
0
0
0.67
4.99
1.95
2.2
1.4
0.07
0.16
0
0
0
0
0
0
0
0
0
0
0
0
0
0
0
0
0
0
0
0
0
0
0
0.12
3.45
1.94
0
0
0.28
12.2
4.18
0.58
0.27
0.21
0
3.18
0.6
12.09
0
0
0.27
3.24
0.64
0.08
1.02
1.23
0.77
0.19
0
0
0
0
0.13
0
0.17
12.27
7.03
0.61
0.53
0.07
0
0.01
0
0
0
0
0
0
0.38
0.6
0.29
0.41
2.63
1.84
1.38
4.38
1.31
1.91
0.34
0
0
0
0.2
0.35
0.07
0.21
0.24
0.04
0
2.85
0.65
1.55
0
0.06
1.05
10.29
5.11
16.73
6.73
0.89
5.55
3.91
1.64
2.07
0.63
0
0
3.53
2.41
1.06
0.01
0.02
0.12
0
0
0
0
0.38
9.29
2.77
0
0
0
0.45
2.98
0.09
0.05
0
0
0
0
0
0
0
0
0
0
0
0
0
0
0
0.01
0
3.06
14.13
2.23
0.76
0
0.49
0.43
4.59
0.32
1.66
6.84
17.72
14.37
7.68
0.72
0
0
0
0
0
0.01
0
1.25
1.62
1.3
6.13
8.64
6.38
4.66
4.15
13.45
10.38
2.27
2.65
0.05
0.14
0
5.82
3.24
0.02
0.12
0.01
0.07
0
0
1.43
26.48
11.28
4.61
0
0
0.5
3.4
0.93
13.82
9.8
1.04
1.35
0.07
1.27
13.58
7.48
0.99
0.98
0.34
9.16
22.16
0.71
2.77
5.92
11.36
9.91
10.8
3.5
3.61
3.39
8.02
5.39
18.16
10.54
6.02
1.33
0.55
1.1
0.02
0.16
0.63
1.71
7.08
18.8
0.96
3.45
1.27
9.33
7.6
3.81
0.64
0.04
13.42
1.71
0.03
0.21
0.51
0.47
0
0
0
0.28
0.04
2.25
1.08
0.43
0
0
0
0.13
0.71
1.56
1.3
6.77
0.63
0
0.01
0.01
0
0
0.24
6.71
4.44
1.17
0
8.89
0.04
0
0
0
0
0
0.02
0
0
2.8
1.65
0.62
0
0.02
0
0
0
0
0
0
0
0.14
0.11
1.16
0.01
0.19
4.15
1.98
0
0.02
0
0.01
0
0
0
0
0
0
0
0.05
0
0
0.36
3.22
0.62
0
0
0
0
0.09
0.79
1.5
0.24
5.7
0.79
0
0
0.96
2.21
4.42
0.61
1.16
0
0
0.01
0
0.24
0.99
3.17
1.2
0.06
0
0.09
0
0
0
0
0
0
0
0.01
1.26
0.63
23.8
9.52
0.6
1.41
1.3
0.66
0.07
0
0.17
0.01
0.02
0
0
0
0.83
0
0.01
0
4.68
0
0
0
0.33
0
0
0
0
0.48
1.05
10.14
3.84
1.5
0.23
0.07
0.68
0
0
0.04
0
0
0
0.03
0
0
0.01
0.08
0
0.9
0.29
0
0.16
2.41
0.96
0.5
0.16
8.29
1.99
0.5
0.71
2.53
0.32
0
0
0
0
0.19
0
0.01
0.01
0.68
0.1
0
0
0
0
0.45
4.96
6.7
3.93
2.71
0.66
6.07
12.95
6.03
1.14
12.89
1.65
0.84
0.17
0.17
0.7
1.75
5.05
7.52
0.54
2.2
0.23
3.7
8.51
7.42
7.02
4.87
1.35
1.66
8.3
1.31
0.01
0
0.63
0
0.01
0.04
0.02
0.02
0.36
6.7
12.82
13.86
13.53
11.45
8.54
7.43
4.48
1.55
7.4
4.16
8.83
0
0.6
1.45
1.08
1.98
2.67
2.1
1
0.7
0.83
1.12
0.19
0.01
0.03
1.3
0.88
0.28
0.42
3.38
2.48
5.48
9.95
0
0.76
4.86
1.72
0.13
0.33
1.07
2.11
0.99
9.39
2.91
0.95
1.07
0
2.65
0.98
0
0
0
0
0
0.01
0
0
0.08
0
0.09
0
0
0
0
0.02
0.01
0.03
0.18
1.62
0.55
0.04
0.01
0
0
0
0
0
0
0.04
0.07
0.13
0
0.15
0.16
0
0.67
0.04
0.01
0.39
2.17
3.54
3.27
1.98
0.03
2.06
2.13
1.4
0.89
0
0
0.28
1.63
4.56
3.76
2.27
0.37
0.25
1.38
1.18
1.29
0.21
0
0
0
0
0
0
0
0.24
0.51
1.3
0.16
0
2.3
2.24
0.45
0.19
0
1.25
0
0.09
0.47
3.35
13.3
10.04
2.56
0.71
0.06
0.94
1.8
0
5.79
0
0
0
0.39
0.18
0.03
0
0.46
0
0
0
0
0
0
0
0
0
0
0
0
0
0.01
0
0
0
0
0.01
0
0.04
0
0
0.01
0
1.04
0.05
0.26
31.82
0
0
0
0.08
0.43
0.33
0
0.79
5.65
0.07
0
0
0.01
1.27
0
0.03
0
0
0
0
0
0
0
0
0
0
0.02
0.01
0
0.01
0.02
0.02
0.04
4.63
0
0.49
10.03
8.34
14.4
8.89
5.34
0.87
2.34
0
0
0
0
0
0
0
0
0
2.14
27.37
50.08
33.29
2.13
0.1
1.4
9.3
0.57
0
0.57
4.49
8.19
1.41
1.18
1.66
4.62
2.93
3.47
1.41
0
2.14
2.47
17.12
2.58
1.95
0.74
1.18
3.54
4.71
10.63
4.09
0.09
0
0.43
1.17
3.2
13.92
6.72
0.21
0
0.14
6.56
3.08
11.47
30.52
19.09
4.95
6.81
2.98
0
0.6
0
0
0
0
0
0
0
0.8
0
3
3.76
1.38
0.96
0.01
0
0.7
0.23
0
1.07
6.7
2.09
1.63
6.79
3.23
0.3
0
0.34
4.5
6.33
0.49
0.29
0
0
0
0
0
0
0
0
0
0
0.01
0
0
0
4.24
11.2
8.18
0.76
0.05
0.01
0
0
0
0
0
0
0
0
0
0
0
0.02
1.02
9.42
3.77
0.72
13.19
3.3
1.48
2.39
3.82
3.28
0.55
0.01
0.45
0
0
0
0
0
0
0.37
0.9
0.02
0
0
0
0
0
0
0.04
0
0
0
0.23
1.88
0.94
0.65
0
0.02
0
0
0
0
0
0
0
0
0.02
0
0
0
0
0
0
0
0
0
0
0.01
0
0
0
0
0
0.06
0
0
0
0
0.14
0.43
0.86
4.14
2.16
0.46
1.86
5.37
0.13
0
0
0
0
0
0.01
0
0
0
5.4
3.37
0.3
0
0
0
0.08
0
0
0
0
0
0
0.56
1.93
7.6
0
1.06
0
2.8
0.91
0.28
0.06
2.94
0.36
0.98
0.24
0.3
0.09
0
0.01
0
0
0.01
0.62
0
0
0
8.06
6.12
14.34
11.66
8.98
1.95
0.72
0
0
0.02
0.02
0.04
0
0
0
0
0
0.01
6.38
18.11
9.77
2.15
2.58
0.8
1.31
13.07
10.23
6
3.16
0.13
0.13
2.76
0
0
0.01
0
0.1
0.01
0
0
0
0.01
0.17
0
0.02
0
0.13
0
0
0
0
0
0.41
0
0.02
0
0
0
1.37
0.23
0.39
0.84
0
0
0
0
0
0
0
0
0
0
0.29
17.41
2.09
0
0
0.11
0.11
0
0
0
0
0.01
0
0.02
0.02
9.55
0.39
0.17
0
0
0
0
0
0
0.01
0
0.68
0
0.02
0.03
0
0
0
0
0
0
0
0
0
0
0.49
0.05
3.8
0.2
0.02
0
0
0
0
0
0
0
0.02
0
0
0.03
0
0
0
0
0
0
0
0
0
1
0.26
0
0.09
0
0.01
0
0
0
0
0.13
0.59
2.19
4.13
4.14
3.42
2.17
0.09
3.53
8.56
6.95
0.17
0
0
0
0
0
0
0
0
6.91
3.4
1.88
9.96
6
4.84
18.48
5.88
0.64
0
0
0
0
0
0
0
0
0
0
0
0
0.02
0
0.01
0
0.02
0.15
0.01
0
0
0
0
0.05
1.07
0.09
0
0
0
0
0
0
0
0
0
0
0
0
0
0
0.46
12.11
15.27
5.47
13.54
10.92
10.11
4.73
0.26
0.11
0
0.02
0.13
0.2
0.37
0.46
3.02
1.24
11.27
6.66
2.8
1.82
5.3
0
0
0
0
0
0.12
0.42
0.12
0
0
0
0.36
0
0
0.59
1.2
2.94
0.19
1.71
0.26
2.15
1.88
3.13
9.02
2.01
1.54
0.52
3.57
0
0.09
0
0
7.69
5.68
3.23
2.68
4.2
2.79
0.57
0.32
4.71
0.09
0.02
0.04
0
0
0
0
0
0
0.01
1.32
0.09
0
0.02
0.01
0
0
4.23
10.74
1.48
2.75
2.12
0
0.11
0.65
0
0.16
1.76
11.56
2.44
11.98
1.86
2.49
0.74
2.66
0.34
3.46
0.55
0
0
0.02
13.57
0.09
3.71
0
0
0
0.19
9.16
5.47
2.5
1.1
2.95
3.89
0.34
0.04
0.28
0.98
0.26
0
2.3
0.86
0.11
0.88
3.7
5.04
4.03
9.54
7.07
1.32
1.05
9.32
4.9
0.82
0.09
0.05
0.01
0
0
0.13
0.3
0
0
0.1
0.82
0.84
0
0
0.95
0
0
0
0.02
0.16
0.92
1.99
0
0
0.1
0.02
0
0
0
0.59
0.43
0
0.01
0
0.21
0
0
0
0
3.85
10.63
10.56
7.21
0.12
0.05
8.48
1.33
0
0.06
0
1.13
9.99
0.23
0
1.85
0
0.08
0
0.16
0
8.73
4.52
0.59
0
0
0
0
0
0
15.19
15.84
5.21
0
0
0
0
0
0
0
0
0
0
0
0.01
0
0
0
0
0
0
0.02
0
0
0
0
0
0
0.13
0.04
0
0.13
0.05
0.03
2.37
1.47
0.97
5.29
8.02
0.3
0
0.02
0.08
0.14
0.02
0
0
0
0
0
0
0.02
0
0.01
0
0
0
0
0
0.02
0
0
1.15
0
0
0.1
0
0.01
0
0
0
0
0
0
0
0
0
0
0
0
0
0
0.12
0
0
0.14
0
0
0
1.73
3.99
1.72
0.3
0
0
2.05
6.73
0.19
0.01
0
0.54
5.59
0
0.15
0.48
0.12
0.02
0.01
0
0
0
0
0
0
0
0
0.31
0
0
0
0
0.97
0
0
0
16.33
4.7
11.94
5.86
1.45
1.22
0.01
2.71
11.83
0.37
0
0
0
0
0
0
0
0
0
0
0
0
0
0
0
0
0.01
0
0
0
0
0
0
0
0
0
0
0
2.73
8.55
0.83
0
0
0
0
0
0
0
0
0
0
0
0
0
0
0
0
0
0
0.15
1.51
4.04
5.96
13.66
1.59
0
1.17
3.34
0.01
1.95
0.87
0.04
0
0
0
0
0.05
0.42
0
0
0
0.59
6.42
14.88
2.6
4.08
10.95
2.17
5.19
0.48
2.37
3.21
0.84
0.02
0
0
0.09
0
0
0
0
0
1.12
0.2
0.24
0.5
7.6
7.51
1.78
0.7
0.43
0.14
0.19
2.05
0
3.43
2.23
1.83
0.61
0.01
0
2.25
2.58
1.4
5.22
0.77
0
0
0
0
0
0.01
0
0.03
16.59
1.43
0.74
0.12
0
0
4.65
1.2
0
0.01
0
0
0
0
0
0
0
0
0.03
0
29.41
8.42
1.03
0
29.29
3.88
6.55
3.52
4.75
0.48
0.17
0
0
0.5
0
0
0
0
0.16
2.07
0.12
0.11
9.32
1.54
0.46
0
0
0.44
0.8
2.24
3.46
21.07
6.66
6.36
6.45
0
0.09
1
3.56
9.45
0.9
0
0.66
5.45
7.32
1.52
1.03
0
0.04
0.02
0
3.44
5.31
6.66
1.2
0
1.81
0.91
4.16
6.09
3.14
0.01
0
1.66
0.05
0.93
0.43
0
0
0
0
0
0
0
0.01
0
0.01
0
0
0
0
0
0.03
0.04
0
0
0
0.01
0
0.01
0
0
0
0.16
0.16
0.03
0
0
0.01
0.06
0
0
0
0.01
0
0.3
2.63
0.34
0
0.19
0.61
0.7
0
0
0
0.03
0
2.23
12.82
0.92
0
0
0.02
0.01
0
0
1.05
0
0
0.01
0.02
0
0.04
0
0
0.02
0
0
2.7
0.5
0.18
2.47
2.33
3.67
1.98
1.96
0
0
0
0.62
7.09
3.79
1.05
0.01
0
0
0
0.01
0
0.01
0
0.16
0.02
0.6
5.19
2.36
0
0
0
0
0.01
0
0
0
0.05
0
0.01
0
0.03
0.72
1.44
0.34
0
0.02
0
0
0
0
0
0
0
1.05
0.24
0.01
0
0.23
2.55
1.01
0
0
0
0
0.01
0
0
0.15
0
0.01
0.57
0
0
0
0
0.05
0
0
0
0
0.22
0
0.96
2.57
0.11
0
0
3.28
0.57
0.39
3.72
4.52
0.3
0.04
0
0.02
0
0.25
0.09
6.23
13.85
10.23
3.45
6.37
0.33
2.81
0.12
0.1
0
0
0.24
0
0
0
0
0
0
0
0
0.89
0
0
0
0
0
0
0
0
0
0
0
0
0
0
0
0
0
0
0
0
0
0
0
0
1.13
1.18
1
0.95
9.28
6.74
8.97
2.3
2.82
11.36
7.87
3.56
0
0
0
0
0.21
0.3
0
0
0
0
0
3.74
6.11
2.96
0.87
0
0
0
0
0
0
0
0
0
0
0
0
0.36
0.65
0
2.95
1.89
0.03
0.22
0.01
5.29
1.91
0.09
1.98
0.18
0
0.02
0
0.09
0.09
0
0
0
0
0
0
0
0.01
0
0
0
0.02
12.82
22.08
6.76
1.26
0.38
0
0
0.18
0.22
0.64
0
0
1.53
3.73
12.75
8.38
4.37
0.45
0.47
5.29
0.64
0.38
0
0.84
2.2
1.37
0.21
2.24
0.03
0
0
0
0
0.02
0.01
0
12.81
5.14
2.23
0
2.9
0.54
0.07
0
0
0.34
0
0
0
0.01
0
0.4
2.32
0
1.19
13.66
6.13
1.02
0
0
0.13
0.13
0
0.27
0.15
0.02
3.36
0.88
0
0.05
0.02
0
1.56
0.58
1.19
2.9
0.7
3.09
7.59
0.37
1.96
0.42
0.8
2.3
0
1.78
0
2.11
0.46
0.91
2.58
22.07
5.41
2.71
0.38
0.03
0
0.35
5.87
1.4
0
0
0.1
0
1.71
0.13
1.48
0
0.32
2.77
0.51
0.14
0
9.23
2.07
0
0
0
0.01
0.7
0
0.13
0
0
0
0.01
0.02
0
0
0
0
0
0.5
3.25
0
0
0
0
0
0
5.73
0.9
0.42
8.34
1.09
6.2
19.64
4.27
1.5
0
0
0
0
0.08
0
0.08
0.15
0
0
0.24
0.01
0.13
6.37
0.9
0
0
0
0
0.01
0.21
0.6
0
1.93
0
0.67
5.73
2.56
15.99
1.52
0
8.04
7.25
0.54
0.82
0.25
0.06
0
0
0
0.09
11.34
19.73
14.71
1.1
4.23
1.09
0.27
1.2
3.93
2.36
1.61
0.01
0.21
0.95
12.24
1.05
0.87
7.02
1.5
0.15
0
0.02
3.33
2.54
1.59
0.44
0
4.38
0.43
10.61
9.76
3.23
4.8
0.56
0
0
0
0
0
0
0
0.44
0
0
0
0
0.64
0
0
0
0
0
0.65
2.21
3.41
0.52
7.11
15.29
1.72
0.02
0
0
0.88
0
0
0
0
0.2
4.16
10.78
22.7
3.33
0.17
0.3
0
1.87
6.98
1.71
1.03
0
4.25
13.95
17.49
5.95
7.45
1.39
0.33
0.56
1.09
0.01
0.38
0
11.49
5.72
3.55
4.85
7.64
0.04
0.05
0
0.54
1
19.89
9.52
6.73
2.21
0.76
1.64
7.46
9.83
7.52
1.89
5.32
5.41
1.15
7.4
9.55
2.45
0.88
0
0.09
0.04
1.3
4.93
8.81
2.78
5.74
0.57
0.23
0
2.32
5.07
9.2
5.81
3.96
4.2
5.04
3.07
1.95
1.09
1.04
0.04
0
0
0
0
0.7
0
0
0
0.18
1.95
8.93
2.21
0.78
0
0
0
0
0.23
5.29
0.57
1
17.18
8.69
4.63
0
0
0.84
4.55
0.08
0.03
0
0.01
0
0.08
0
0.01
0.37
0.91
0.15
0.02
0
0.01
0
0.02
0.04
0.93
2.93
2.41
0.16
0.08
0
0
0
0
0.25
0
0.25
0.01
0.95
5.12
7.5
1.05
0.59
1.86
4.65
4.29
0
0
0.11
0
0
0.1
4.5
1.33
0
1.78
7.32
1.05
1.25
3.36
0
1.2
2.39
1.78
2.46
0.55
0.59
0
0
5.45
13.21
8.56
7.2
5.88
2.48
0.23
0.38
0.28
0
0.23
2.58
2.34
5.14
18.48
2.73
0.01
0
0.01
0.42
0
7.1
1.17
0.81
4.82
0.05
0
0
0.35
0
0
0
0.07
0.06
0.08
0
0
0
0.38
1.41
0.43
3.47
0.05
0
0
0.07
0.12
2.33
4.52
0
0
0
0
0
1.34
3.77
3.86
0.84
0.39
0.07
1.41
1.45
0.19
0
0
0.34
6.95
2.13
0.04
0
0
0
0.21
0.02
0.09
0
0
0
0
0.39
1.66
0.08
0.3
4.23
2.1
0.55
0
0.23
0
0.1
4.31
2.75
0
0
0
0
0
0.02
0
0
0
0
0
0
0
0
0
0
0.01
0
0
0.42
13.86
0.37
0
0
0
0.7
1.62
1.48
0.07
0
0
0
0.09
0.1
0
0.07
0.07
0.2
20.02
8.14
6.98
6.75
0.67
0
0
0
0
0
0.68
3.55
23.55
3.09
10.21
2.06
3.55
1.75
1.11
1.46
0.22
0
0.09
0
0
0.7
0.05
0
0
0.45
0.23
0
0.93
0
0
0.11
0
0
0
0
0
0
0.1
2.36
3.69
11.7
2.24
0
0
0
0
0.14
0.52
4.59
5.27
11.41
5.27
0.04
1.51
5.86
4.87
3.13
19.91
11.59
1.47
0.98
0.14
2.33
0
0
1.79
4.95
0.33
0.19
3.2
4.08
5.37
1.73
1.09
0.02
0
0.52
0.12
5.34
3.91
1.52
0.43
1.06
1.51
0.81
0
0.07
1.73
0
0
0
0.71
1.72
2.21
2.14
4.02
5.76
1.25
0.96
1.51
3.55
1.34
7.52
1.96
0.44
1
1.71
0.27
0.1
14.28
1.35
0.85
1.05
0.38
1.13
0.73
0
0
0.61
0.7
1.4
5.7
8.41
2.48
0.35
0
0.5
3.59
5.5
1.35
0.58
5.04
2.5
0.44
0.45
4.95
8.73
22
9.02
15.95
9.08
6.29
16.67
15.21
2.72
0
0.77
0
0
0
0
0.47
4.42
0.62
0.11
0.91
2.02
2.51
0.66
0
0
0
0
0
0.28
0
0
0
0.62
5.63
0.52
0
5.99
0.16
0.36
11.27
2.64
1.32
3.14
0.56
1.71
0.77
5.98
2.68
0
0
0.35
0
0.19
0
0.37
0
0
0
1.66
1.89
17.27
18.11
1.71
4.89
8.62
3.21
3.05
0.38
5.11
6.16
3.41
0.17
0.01
0
0
0.2
0
0
0
0
0
0
0
0.03
0
7.41
11.14
8.78
13.37
4.13
0.35
1.17
1.02
3.54
8.43
4.77
0.46
0
0
0
0.14
0
0.21
0.36
0.57
14.89
3.81
0
0
0.09
0.35
0.41
2.86
0
0.95
1.54
4.16
0.77
0.08
0
0.02
0
0
0.3
0
0
0.63
0
0
0
0
0
0
0
0
0
0
0
0
0
0
0
0
0
0
0
0
0
0
0
0
0
0
0
0
0
0
0
0
0.01
0
0
0.01
0
0
0
0.01
0
0
0.85
0
0.56
0.1
0
0.01
0
0
0
0
0.1
0.87
0.64
0
0.02
0
0
0
0.09
0.02
0.36
0.52
1.23
9.56
1.41
0
0
0
0
0
0
0
0
0
0
0
0
0.44
0
0.34
0
0
0
0
0
0
0
0
0
0
0.55
0.23
0
0
0
0
0
0
0
0
0
0.01
0
1.86
0
0.22
0.43
0.34
0
0
0
0
0
0
0
0
0
0
0
0
0
0
0
0
0
0.01
0.42
0.67
5.14
0.52
0.8
0.99
0.29
0
0
0
0
0
0
0
0
0
0
0
0
0.01
0.07
0.33
0.05
0
0
0.36
11.17
9.68
2.67
0.25
1.48
10.02
6.5
1.82
1.53
5.25
4.24
6.41
2.75
5.04
1.52
0.45
0.61
1.33
2.3
1.07
0.64
1.17
6.53
16.38
3.3
4.47
0.7
0.84
4.42
1.96
0.08
1.93
7.56
1.66
0
3.82
2.74
1.86
0.55
0.36
0
0.43
0
0
0
0
3.18
16.02
13.88
2.07
4.65
2.03
0.02
0.66
2.25
13.88
22.23
7.35
1.17
0
0.42
2.18
12.15
1.21
6.77
6.26
5.21
7.09
1.34
6.42
9.78
10.85
5.93
6.33
6.87
1.94
0.78
0
0
0
0
0.06
0.01
0.11
0
0
0.06
0.23
4.52
1.34
0
0.3
0
0.13
0.39
4.6
2.29
0.56
0.73
0.34
0
0.41
3.79
1.16
1.33
2.71
9.01
7.77
2.48
3.27
1.69
1.73
2.57
10.52
5.45
1.75
1.07
0.47
0.26
0.38
0
0.38
1.64
7.73
3.96
0.14
0
3.62
6.75
5.02
1.96
0.17
6.07
14.1
2.91
0.61
0.8
0
0.23
0.12
0.35
0.74
0
0
0
0
0.01
0.01
0
0
0
0
0
0
0
2.24
0.68
3.38
2.51
0
0
0
0
0
0.02
0
0.05
0
0
0.01
0
0.01
0.03
0
0.02
0.59
0.43
1.26
5.15
18.18
42.43
6.29
3.95
0.16
1.64
2.3
0
0.11
7
3.39
1.22
0
0
0.05
0.05
0
0.02
0.01
0.02
0.02
0.01
0.01
0
0
0
0.13
6.91
5.3
12.45
0.36
3.36
6.91
0.18
1.66
2.03
0.62
0.71
0
0
0
0.74
2.72
1.32
0.02
0.11
0.8
1.32
0.19
0.1
0
0
0
0.55
0.02
0
0
0
0
0
0
0.01
0
0.02
0.01
0.03
0
0
0
0.05
0
0
0
0
0
0
0
0
0
0
0
0
0.01
0.01
0
0
0
0
0
0.05
0
0.45
0
0.54
1.79
0
0.02
0.21
1.59
3.8
0.87
1.27
0
0.18
0.17
3.01
6.39
9.21
3.25
1.28
1.33
6.88
18.23
4.59
0.46
0.65
0.09
0.41
0
0.4
0.54
0
0.17
0.1
0
0
0.02
1.06
0
8.78
1.99
0.04
29.94
10.09
3.16
10.39
12.77
12.52
11.58
4.5
0
0
0
0.48
7.96
4.24
1.34
1.03
4.86
15.23
10.35
2.44
0.1
0
0
0
0
0
0
0
0
0
0
0.69
0.08
0
1.82
8.14
14.43
4.09
0.66
1.07
0.07
0
0
0
0
0
0
0
0
0
0
0
0
0
0
0
0
0
0
0
0.74
0.24
0.12
0.07
0
0
0
0
0.3
0.21
0
0.63
0
0.02
0.18
2.07
6.62
7.52
0.77
0.52
0.08
0.21
0.32
0.03
0.01
0
0
0
0
0
0
3.05
2.7
2.92
1.4
0.07
0.17
0.07
0.01
2.09
0.21
0.02
2.04
1.12
0
0
0.26
0.38
0.65
0
0
0
0.01
0.59
2.5
0.41
0
0
0
0
0
0.13
0
2.23
1.21
0
0.01
0
0.01
1.75
0.55
0.01
0.15
2.72
1.16
0.73
3.03
0.91
1.2
5.73
7.27
3.8
0
0.25
0.61
1.23
4.7
3.61
3.05
0.14
0.01
0
0
0.05
0.29
0
0
0.29
0.64
0.08
0
2.61
7.89
5.85
12.14
8.14
1.44
0.06
0
0.05
2.35
0.2
0.32
1.16
0
0
0
0
0
0
0
0
0.14
0.1
0.08
0.02
0.03
0.21
6.95
3.78
1.13
2.05
2.04
0.14
0.06
0
0.01
0
0
0
0.31
0.87
3.66
3.76
2.55
0.75
2.27
13.4
11.97
16.6
8.41
1.09
0
0
0
0
22.35
4.1
0
0.32
0.02
0
0
0.01
0
0.31
0.09
0
0.17
13.61
4.15
1.25
0.85
0.73
0.18
0
0
0
0
0
0
0
5.41
12.86
3.55
0.96
9.97
12.77
8.53
4.02
0
0
0
0
0
0
0
0
0
0
0
0
0
0
0.05
9.27
0.98
0
0
0
0
0
0
0
0.08
0
0
0
0
0.25
0.3
0.68
0
0
0
0.11
0
0
0
0
0
0
0.07
0
0.03
0
0
0
0
0
0.02
0
0
0
0
0
0
0
0
0
1.04
0.34
0
0
0.48
0.13
0
0
3.22
4.21
1.53
0.26
0
0
0.07
0
0
0
0.02
0
0
0
5.64
0
0.12
6.32
1.9
0
0
0
0
0.01
0
0
0.89
2.29
1.23
1.33
0.73
0
0.95
0.02
1.42
0.08
4.9
2.98
0
0.64
0
0
0.29
0.24
0.13
0
1.23
0.69
0.86
0.02
0.01
0
1.55
2.79
6.4
8.67
3.2
0.1
0
1.23
0
0
1.64
9.17
4.27
2.68
0.05
0.04
0.06
0
0
0.06
1.77
1.79
4.29
2.24
2.38
3.24
29.84
9.42
1.49
2.92
6.23
1.95
0.07
0
0
0.42
1.01
0
0.01
0
0
0
0
1.57
2.28
0.71
0.29
0.34
0.63
0
0
0
0
0
0
0
0
0.43
0
0.02
0.2
0
0.61
1.11
0.45
0.22
0
0.95
2.59
0.21
0
0
0
0
0
0.62
0
0
0
0
0
0
0
0
0
0
0
0
0
0.15
0.21
1.52
0.62
0.05
0
0.06
0
0
0.19
0
0.01
0
0
0
0
0
0
0
0
0.01
0
0
0
0
0.08
0
0
0
0.11
1.75
15.26
4.44
2.57
0.52
0
0
0
0
0
0.75
0.43
0
0.04
0
0
0.02
1.76
2.15
2.88
0.22
0
0.01
0
0.42
0.11
0
1.11
0.02
0.01
0.01
0.92
0
0
0
0.73
0.01
0.05
0.2
0.52
0.52
0.14
0.01
0.01
0
0.3
4.35
5.24
5.61
2.46
0
1.05
5.75
4.34
0.94
0
0.57
0.2
0.12
2.77
6.84
2.22
7.08
6.46
0.49
3.09
2.22
0
0.19
0.14
0.37
2.01
9.38
7.7
5.54
3.81
0.1
10.92
1.93
0
0.81
0
0
0
0
0
0.02
7.78
7.8
9.77
6.06
13.37
2.42
0.03
0
0.05
0
0
0
0
0.03
0
0
0
2.57
6.23
0.7
0
0
1.87
5.28
0.8
0
0
0.17
0
0
0
0
0
0
0
0
0.03
0.01
0
0.01
0.01
0
0
0
0
0.01
0
0.06
0.16
0.62
0.75
2.46
2.25
2.8
0.65
0
4.88
0.29
0
0
0
0
0
0
0.18
0
0
0
0
0.01
0
0.01
0
0.01
0
0
0
0.02
0
0
0
0
0
0
0
0
0.06
2.97
1.87
1.63
0.06
1.34
3.18
2.08
0
0.02
0
0.13
0
0
0
0.28
0
0
0
0.01
0.66
0.06
0
0
0
0
1.35
0
0.83
7.95
1.34
0
0
0
0
0.01
0.08
0
0
5.13
1.57
0
0
0
0
0
0.02
0.63
2.07
0
0
4.91
4.63
3.47
0.02
4.35
4.98
6.65
1.21
0.02
0.44
3.33
0.08
1.37
0
0
0.01
0
1.83
1.48
0
0
0
0
0
0
0
0
0.21
0
0.07
0.8
0
0
0
0.02
0.12
0
0
0
0
0
0
0
0
0
0
0
0
0
0
0
0
0
0
0
0
0
0
0
0
0
0
0.04
0.02
0
0
0
0
0
0
0
0
0
0.06
0
0
0
0
0.06
1.45
1.56
0.65
0.26
1.14
2.28
0.55
2.72
8.05
1.92
2.23
5.84
15.15
7.41
6.61
2.7
2.29
10.14
13.13
24.41
11.67
9.97
5.8
0.77
0
0
0
0
0.03
0
0
0
2.29
7.58
1.1
0.79
0.28
1.77
4.05
0.88
0.53
0.18
0
0
0
0.05
0.14
0.05
0.07
0
0
0
0
0
0
0
0.26
0
0
0
0
0
0
0
0
0.16
6.16
1.34
14.94
4.96
0.85
2.52
1.38
0.15
7.11
1.18
0.28
3.58
3.3
0.53
0.85
0.01
0
0
0
0
0
0
0
0
0
0
0
0
0
0.01
0
0
0
0
0
0
0
0
0
0.18
0.34
0
0
0
4.42
6.4
12.84
5.85
0.76
0.31
2.67
1.99
1.52
0
0
0
0
0.01
0.09
0.28
0.02
1.03
4.84
13.27
11.58
11.73
0.71
0
0.06
0
0
0.01
0.02
0
1.83
0
0
0
0.54
0.96
0.06
0
0
0
0
0.46
0.3
0
0.01
0
0
5.8
9.09
1.48
0.29
0.03
1.15
0.16
0.04
0
0.55
1.27
4.66
13.88
10.11
7.84
5.62
0.71
0
17.4
18.14
2.03
0.01
0
0.02
14.49
1.74
0.86
0.03
0.02
0.02
0.01
0.47
0
0
0
0
0
0.01
0
0
0
0.06
1.22
0
0
0.74
3.12
0
1.95
15.08
2.08
2.31
0.57
4.74
4.02
0.01
0
0.13
0.02
0
0
0.01
0
0
0
0
0
0
0
0
0
0
0
0.01
0.01
4.59
5.04
0.62
1.47
0.48
2.84
0
0.01
0
0
0
0
0
0
0
0
0
0.65
0
0
0.01
0
0.07
0
0
0.04
0
0
0
0.01
0
0
0.02
0
0
0
0
0.45
0.09
0
0
0
0.04
3.39
3.36
1.64
0.01
0
0.58
0.01
2.09
0.09
12.25
2.42
0
0.03
0
2.38
14.02
2.98
0
0.01
4.32
0.21
0
0
0.01
0.01
0.02
0
0.01
0
0
0
0
0.04
5.71
0.51
0
0.06
1.81
9.66
4.29
7.64
1.89
5.84
2.02
0.81
0
0
0
0
0
0
0
0.01
0
0
0.05
0
17.62
31.72
6.07
1.01
0
0.44
1.96
2.99
1.23
1.34
0.32
0
0
0
0
0.04
0
0.01
0.01
10.9
7.97
3.63
0.07
0.21
0
0
0
0
0
0
0.01
0
0.29
0.16
0.2
0.29
5.59
3.57
0
0
0.02
0.47
0.11
0.12
2.24
1.24
0.13
0
0
0.05
0
0
0
0
0
0
0
0
0
0
0
0
0
0
0
0
0
0
0
0
0
0
0
0
0
0
0
0
0
0
0
0
0
0
0
0
0
0
0
0
0
0
0
0
0.47
0
0
0
0.02
0
0
0
0
0
0
0
0
0.09
0.03
0
0.05
8.23
3.58
0.21
0
0
0
0
0
0
0
0
0
0
0
0
0
0
0.03
0.05
0
0
0
0
0
0.2
0
0
0.06
0
0.38
0.16
0.04
0.02
0
0.7
0.27
0.01
0.01
0.01
0
0
0
0.01
0
0
0
0
0
0
0
0.05
1.71
3.95
1.16
3.8
0.95
7.28
4.69
12.32
5.4
1.42
0.46
1.02
0.65
5.37
0.83
0.01
0
0.02
0
0.01
0
0
0.01
0
0.33
0.17
0.91
1.76
0.72
3.95
1.19
0.07
0
0.02
1.38
1.04
0
0
0
0
0
0
0
0
0.04
0.02
0
0.46
0.01
0
0
0
0
0.05
0.14
0
0
0
0
0
0
0
0.01
0
0.05
6.97
2.22
2.42
3.9
1.86
0
0
0
0
0.12
0.91
4.77
1.9
1.43
1.43
0.28
0
0
0
0
0
0
0
0
0
0
0
0
0
0
0.03
0.03
0.02
0
0
0.01
0.01
0
0
0
0
0.13
0
4.53
11.85
2.88
0.51
0.11
3.81
0.21
0.02
0.01
0
0.01
0
0.02
0.13
0
0.01
0
0.02
0
14.88
1.16
0
0.02
5.8
5.66
0
0.05
0
24.25
6.36
0
0
0
0
0
0
0.01
0.01
0
0
0
0
0
0
0
0
0
0
0
0
0
0
0
0.02
0
0
0
1.32
0.19
0
0
0
0
0
0
0
0
0
0
0
0.22
0.85
0.27
0.01
0.01
0.02
0
0
0
0
0
0
0
0
0
0.59
2.02
4.29
0.27
0
0
0
1.18
1.18
4.3
1.69
0.45
0.03
5.77
0.86
0
0.14
0.57
5.48
4.93
5.68
19.43
2.76
3.09
12.89
6.89
0.85
0
0
0
0.02
0
0
0
0
0
0
0
0
0
0
0
0
0.41
0
0.01
0.37
0.24
6.46
8.05
4.52
3.56
18.28
7.89
17.91
6.83
2.87
0.89
0
0
0
0
0.01
0
0
0
0
0
0
0.06
0
0.32
2.17
5.81
1.37
0
0.04
0
0
0
0
0
0
1.11
1.98
6.94
8.04
2.32
1.77
1.88
0.21
1.4
0.38
0
0.6
1.4
1.27
0.8
1
0.05
0
0
0
0
0.01
0
0
0
0
0
0
0
0
0
0.31
0.27
0.22
0.16
2.6
0.45
0.75
0.89
0.58
10.48
13.22
1.49
0.09
0.1
0.04
0.01
0
0
0
0.18
0
0.07
0.43
0.28
4.83
4.11
8.38
4.46
2.52
1.15
7.25
8.09
8.35
4.87
1.83
11.99
2.34
1.19
0.09
9.03
2
0.55
12.22
1.86
0.91
5.09
0.98
0.46
0.43
0
0
0.01
0.1
0.17
1.19
1.13
3.51
3.16
0
0
0
0
0
0
0
0
0.25
1.94
0
0
0.11
0.73
2.66
5.27
3.84
0.7
0.5
6.61
2.78
8.98
7.72
0.79
0.02
0.41
0.3
18.48
13.7
3.88
6.13
11.52
6.68
1.13
9.04
9.78
4.77
0.96
4.82
0.8
1.5
1.17
1.84
2.7
0.18
0.21
0.15
1.74
11.12
20.9
2.73
0.93
0.14
0
0
0
0.27
0
0
0.01
0
0.16
5.41
3.22
0
0
0.35
0
0.01
0
0.01
0
0
0
0
0
0
0
0.02
0
0.07
0
0
0
0
0
0
0
0
0
0
0
0
0
0
0
0.01
0
0.01
0
0
0
0
0
0
0.01
0.03
0
0
0
0
0.01
0
0
0
0
0.01
0.01
0.7
0.66
0.03
0
0
0.01
0
0
0
0.65
3.48
0.93
0
0
0.05
0.04
0.01
0
0
0
0
0
0
0
0
0
0
0.84
0
0
0
0
0
0
0
0
0
0
0
0
0
0
0.05
0
0
0
0
11.27
2.91
0
2.67
5.21
3.25
5
0.98
0.02
0
0
0
0
0
0
0
0
0
0
0
0
8.71
3.94
0.01
0
0
0
0.32
7.11
1.88
0
0
0
0.01
1.89
2.22
0.11
9.16
3.86
5.54
17.72
26.81
7.12
10.14
0.18
5.28
24.34
10.01
9.14
2.2
1.18
6.55
1.68
0.59
0.41
0.21
0.11
0.07
0
0
0
0
0.84
15.79
4.63
0.35
1.3
0
0
0
0
0
0
0
0
0.5
0.45
0.09
0.1
0
0.02
0.13
0.15
0.35
0.05
0.01
0
0
0
0.23
0
0.31
0
0
0
0
0
1.79
5.26
7.01
1.74
0.35
0.11
0.2
0
0
0
0.09
0.1
0.41
2.45
5.5
3.41
1.52
12.02
15.06
8.89
4.1
2.1
7.53
2.28
0.97
0.6
0
0
0
0
0
0
0
0
0.07
1.65
4.89
9.41
12.53
11.11
2.61
2.1
1.51
0.12
2.41
9.31
1.54
0.98
0.17
3.76
2.45
0
0.1
1.61
0.05
0.16
0.25
3.76
1.48
0.32
0.18
0.04
0
0
0
0
0
0.13
0.1
0.04
0
0
0
0
1.07
5.26
3.99
5.09
3.54
0.27
0
0.01
0
0.3
0.07
0
0
0
0
0
0.75
3.39
5.03
3.64
2.03
4.63
0.31
0.36
0.43
0.39
0
0.32
0.01
0.32
0
0
0
1.81
13.7
7.24
3.59
6.18
1.57
0.87
1.39
0.2
0.02
0
0.01
0.34
9.56
3.52
1.68
0.72
0.02
0
0
0
0
0.91
1.71
0.98
10.57
6.92
0
0.3
0.63
0.06
0
0.72
4.7
1.98
0.01
0
2.47
1.59
0.11
0.02
0
14.54
2.92
0.17
0.49
0.02
0
0
0
0
0
0
0
0.01
0.01
0
0
0
0
0.71
0
0
0
0
0
1.25
1.57
0.01
0
0.13
0
0.01
1.56
1
0
0
0.01
0.01
0
0
0
0.02
0
0.13
0.07
2.27
0.13
0.02
0.01
0
0
0
0.02
0
0
0.02
0.01
0
0
0.02
0
0.56
7.29
0.51
0
0
0
0
0
0
0
0
0
0.01
0
0
0
0
0
0
0
0
0
0
0
0.16
0.06
0
0
0
0
0
0
0
0
0
0.01
0
0
0.26
0
0
0.07
0.63
0.19
0
0
0
0
0
0
0
0
0
0
0
0.83
0.13
0.06
0.55
0.77
0
0
0
0
0
0.55
0.1
0
0
0
0
0
0
0
0
0
0
0
0
0.02
0
0
0
0
0.06
0
0.47
0.05
0
0
0.01
0
0
0.39
3.39
6.4
11.47
2.75
1.06
0
0
0.01
0.21
0.93
1.86
1.53
0.14
0.52
0.2
0.01
0
0
0
0
0
0
0
11.75
15.65
4.03
0.02
0.04
0
0
0
0
0.3
8.77
1.59
1.16
4.26
0.25
0.56
0
0
0
0
0.01
0
0
0
0
0
0.35
4.29
7.92
9.41
3.45
1.61
10.07
11.78
4.97
2.27
2.9
4.71
3.41
3.7
0.15
2.68
0.09
4.83
0.95
0
0
0
0
0
0
0.01
0
0.01
0
0
0
0.01
0.01
0.01
0.01
0
0
0
4.08
11.23
3.46
1.29
0.54
0.43
1.72
4.27
1.44
0.15
4.43
1.55
0.27
0.3
0.01
3.2
16.75
17.65
11.02
9.09
7.98
6.09
3.21
9.68
2.48
0
0.66
6.43
1.82
0.09
0
5.03
5.38
2.2
0.12
0.13
0
0
3.73
0.89
0
1.44
0.25
3.14
6.16
0.91
0
0
0
1.37
0.24
0.33
0.11
0
0
0.01
0.06
0
0.01
0
0
0
0
1.18
6.9
2.53
0.36
3.95
9.83
2.38
1.47
0.44
2.52
3.61
0.56
0.2
2.73
2.16
1.43
0.66
0.73
0.2
0.52
5.04
1.68
2.2
10.84
10.55
6.12
3.41
1.71
0
0
0
0.81
0.47
2.39
11.12
4.66
0.55
0
0
0.03
0
0
1.21
0.12
0
0.46
0.13
0
0
0.15
0.02
0.09
0.07
0.02
4.07
0.34
0
0.02
0
0.03
0
0
0
0
0
0
0
0.03
0
0
0
0
0.02
0.09
0.08
0.3
1.18
0
0.44
7.16
1.8
1.09
0
0
0
0.25
0.09
0
0
0
0
0
0.48
0
0.05
0
0
0
0
0
0
0
0.73
0
0
0.85
0.11
0
0
0
0
0
0
0.07
0.77
1.71
0.27
0.01
0
0
0
0
0
0.01
0
0
0
0
0
0
0
0
0.01
0
0
0
0
0
0
0
0
0
0
0
0
0.02
0
0
0
0.01
0
4.93
10.38
1.63
0
0
0.11
0.65
0
0.18
0.32
0.92
0
13.38
5.14
0
0
0.01
0.05
5.33
17.16
1.85
4.13
0.12
2.54
0.71
0
0
0
0
0
0.03
0.03
0
0.1
1.78
1.12
1.82
4.63
1.57
0
0.05
0.07
1.61
5.35
1.63
4.09
5.55
4.82
3.23
1.27
0
0
0
0.13
2.95
9.21
0.65
0
0
0
0
0
0
0
0
0
0
0
0
0
0
0
0
0.06
0.28
4.88
13.11
2.98
0.21
1.02
0.99
0
0
1.93
0.98
0.04
0
0
0
2.29
0
0
0
0
0
0
0
0.29
0
0
6.19
0.89
0.02
0
0
13.3
4.41
0.43
0.05
0
0
0.02
0
2.42
0.56
0.39
0.2
0.06
0.11
0.58
0.64
0.03
0.05
0.07
0
0
0.01
0
0
0
0.03
0.27
27.64
10.53
0.89
13.25
12.64
1.7
1.29
0.08
0.02
0.01
0.26
0.06
0.1
2.05
1.27
0
1.87
6.71
5.85
3.18
12.43
7.7
0.83
0.46
4.64
1.77
0.13
0
0
0
0.01
0.52
7.38
11.03
1.41
0.05
0
0.03
21.65
10.5
2.24
0
0
0
0
0.35
6.79
5.06
1.13
0.36
0
0
0
0
0
0
0
0
0
0
0
0.54
1.55
1.22
0
0
0
0
0
0
0
0.1
0
0.01
1.39
2.56
1.04
0.08
1.04
0.04
0.16
0
0.34
6.83
7.45
12.89
5.55
2.98
11.82
9.65
2
0.2
0.03
0.01
0
0
0
0
0
0
0
0
0
0
0.88
3.28
1.14
0
0
0
0.06
0
0
0.07
0
0
0.01
0
0
0
0.38
0.56
0.51
0.11
0
0
0.07
3.34
4.34
0.68
0
0
0
7.54
10.23
1.23
0.02
0.3
1.62
0.1
0
0
0
0
0
0.01
0
0
0.02
0
0
0
0
0
0.1
0.13
3.34
1.35
0
0
0
0
0
0
0
0
0.33
0.37
0
0.05
0.25
0
1.5
0
0
0.13
1.67
2.74
2.31
7.87
1.23
0.16
0
6.55
7.5
15.85
10.26
0.42
0
0
0
0
0.02
0
0
0
0.08
21.27
3.9
0
0
2.11
0.05
0.05
0
0
0
0
0
0.03
0.01
0
0
0.1
0.02
0.05
0.01
0
0
0.1
0
0
0
0
0
0
0
0
0
0.39
5.53
0.37
0.56
0.26
0.39
0.05
0.52
0
0.09
0.02
0
0.01
0
0.41
0.01
0
0
0
0.01
0
0
0
0.05
0
5.7
0.9
0
0.07
0.28
1.77
1.16
0
0
0.9
0.38
15.66
4.77
1.21
10.41
7.21
1.65
0
0.07
13.63
13.38
7.55
0.13
0
0.29
0.45
0.27
0.07
0
1.38
5.93
4.61
13.88
13.96
10.09
0.14
0.28
2.26
0.14
0.16
0
0
0.03
0.59
0.66
0.5
0.05
2.4
22.98
3.69
3.16
0
0.09
0.37
0.27
0.12
0
0
0
0
0
0
0
0.03
1.43
2.02
0.45
0.82
0
0
0
0
1.01
6.45
9.95
8.42
4.17
1.51
0.12
1.02
2.99
11.24
23.58
4.79
5.48
2.53
2.03
0.24
0.23
0
0
0
0
0
0
0
0
0
0
0
0
0
10.09
2.41
0.77
0.08
1.07
3.46
0.18
0
0
0.02
0.52
13.13
4.71
6.83
5.08
8.3
4.2
10.43
0.16
0.09
0.07
0
0
1.34
1.3
5.21
3.74
4.2
1.87
11.59
2.17
0.11
0.8
0.3
0.5
0.82
0.52
3.55
0.82
0.01
0
0
0
0
0.11
0
0.07
5.77
2.04
0.12
0.01
0
0.01
0.02
0.68
0.05
0.01
0.1
0.04
0.05
0
0
0.01
0.12
1.62
0
0
0
0
0
0
0
0
0.2
0
0
0
0
0
0
0
1.04
0
0
0
0
0
0
0
0.42
0.3
0
0.22
7.16
7.69
12.98
2.8
2.15
1.99
2.71
0.16
4.02
11
2.42
0.24
0.18
3.45
1.12
2.63
3.27
2.41
1.08
0
0.56
0
4.52
23.93
10.43
0.94
0.56
0
0.02
2.48
0.04
1.7
8.18
3.3
0.65
1.36
7.5
7.65
14.22
8.88
8.22
5.13
2.09
0.98
2.38
0
0.97
0
1.4
0.04
0.8
0
11.11
1.78
0.62
0.55
0.01
0
0.52
0
1.03
0
8.96
0
0.64
0
0
33.68
30.45
2.52
1.15
2.12
2.24
2.98
7.7
1.12
3.34
2.12
0.01
0.02
3
1.13
6.84
2.35
0
7.96
7.37
2.25
9.37
11.6
0.38
0
1.03
1.97
2.3
0
0.63
0
0.7
0
0
0.25
0
0
0
0.1
0.02
0.03
0.29
0
0
0.01
1.15
0
0
0
0
0
0
0
0
0.01
0
0
0
0
0
0
0
0
0
0
0
0
0
0
0
0
0
0
0
0
0
0
0
0
0
0
0
0
0
0
0
0
0
0
0
0
0
0.06
0
0
0
0.02
0
0
0
0.01
0
0
0
0
0
0
0
0
0
0
0
0
0
8.01
0.98
0.09
0
0.04
0
0
0
0
0.12
0.84
3.65
0.64
0.88
10.43
8.17
28
7.67
6.96
2.75
0
0
0
0
0
0
0
0
0
0.52
0.56
0.16
0.06
0.11
0.02
0
0.01
0
3.96
0.73
0.67
0.5
8.89
3.68
0.04
0.32
0
0
0
0
0
0.02
0
0
0
0
0.31
0.13
0
0
0.05
17.5
4.17
0.66
0.03
0
0
0.07
0
0
0
0
0
0
0
0
0
0
0
0
0
0
0
0
0
0
0
0
0
0
0
0
0
0
0
0
0.01
0.39
7.28
0.03
0
0
0
0
0
0
0
0
0
0
0.01
0.29
0.02
0
0
0
0
0
0
0.23
0.12
0
0
0
0
0.01
0
0.15
0
0.11
2.13
3.21
2.3
0.96
0.02
0
0
0
0
0
0
0
0
0.41
0.17
2.93
11.46
14.15
5.82
6.08
4.93
0.61
0.18
0.3
0
0
0
0.77
4.47
2.16
0.36
0
0
0
0
0
0
3.32
2.32
0
0
0
0
0
0
0
0
0
0.42
3.09
0.77
12.84
6.36
0.85
6.55
7.05
5.77
3.06
2.68
3.85
1.94
1.09
0.56
3.02
4.67
3.14
0.84
0.36
0.48
0
0
2.06
3.55
2.16
11.34
9
8.29
10.56
2.59
0.71
0.16
0.23
0
0
0
0
0
0
0
0.01
1.45
0
0
0.04
2.63
4.52
0.54
0.82
0
0
3.68
1.04
0.07
9.03
5.34
11.71
18.94
2.91
2.79
2.58
2.3
6
10.09
12.18
2.46
4.17
0.53
0.24
0.05
0.91
0.63
0
0
0.7
0
0
3.15
8.05
3.14
2.26
5.41
10.24
0.23
0
0.29
1.92
0
0.03
0
0
0
0
0
0.51
0
0
0.59
0
0
0.02
0.02
0.01
1.14
0.2
0
0
0.02
0.02
0
0
0
0
0
0.3
0.34
0.61
0.23
0
0
0.02
0
0.08
0.27
0
0
0
0.07
0.11
0
0.27
0
0.01
0
0
0.87
0.01
0.15
0.02
0.02
0
0.01
0
0.05
3.23
0.09
0.04
0
0.04
0.51
0
0
0
0
0
0.96
0
0.08
0.01
0.54
13.05
6.96
3.34
7.31
5.22
0.15
0.7
0
0.31
0
0
0.01
0.2
0
0
0.18
0.36
0
0
0.01
0
0
0
0
0
0
0
0
0
0
0
0
0
0.03
0
0
0
0
0
0
0
1.16
0.12
18.46
5.17
0.02
0
0.61
0.13
0
0
0.45
0.83
2.89
0
0
0.01
0
0
0.28
0.5
0
0.2
0.01
0
0
0
0.11
0
0
0.38
1.7
0.73
6.92
8.19
4.01
14.63
8.97
12.54
8.18
5
2.04
4.07
7.05
8.57
2.66
3.93
2.96
2.73
0.43
2.1
1.34
4.05
3.62
2.63
4.37
7.66
2.46
0.89
8.82
4.09
3.11
1.13
9
21.63
10.08
0.92
0.78
3.79
1
0
0
3.82
6.05
0.71
0.84
0.34
0.09
0
4.91
2.56
4.81
1.8
0.24
0.14
0.27
0.17
0.72
0.86
1.23
0
0
0.36
0.61
0
0.02
0.01
0
0.01
0
0
0
0.24
1.45
0.23
2.7
4.39
3.41
1
3.6
1.41
0
0
0
0
0.04
0
0
0
0
0
0
0.19
0
0
0
0
0
0
0
0
0
0
0
0
0
0
0
0
0.11
0.04
0.01
0
0.28
0.16
2.3
0
0
1.87
0.79
0.01
0
0
0
0.96
0
0
0
0
0.03
3.66
2.81
0
0
0.4
0
0
0
0.15
2.59
2.12
0.14
3.37
8.84
4.31
2.21
4.57
0.35
0.04
0
0.02
0.19
0
0
0
0
0
0.05
1.85
0.17
0.39
1.82
1.06
4.69
2.75
0.01
0
0.68
0.7
0.98
0.16
0.01
0.01
0
0.32
0
0
0.09
0
0
4.35
0
0
0
0.2
0.05
0.35
0.82
0.38
0.21
0.13
0.34
0.05
0.01
0.37
0.22
0
0.01
0
0
0
0
0.37
4.07
0
0.66
0
0
0
0.29
0
1.13
4.23
0.37
0
0.14
0
0
0
0.02
0
0.18
0
0
0.41
0
0.52
0
0
0
0
0
0
0.01
0.01
0.04
0.01
0.01
0
0
0
0.39
0.33
0
0.8
0
0.07
0
0.05
0.37
0.55
0.25
0.27
0.07
0.04
0
0
8.15
0.72
0.31
0
0
3.58
3.04
0.02
0.12
0
0
2.48
0.11
5.2
0
0.01
0.05
0
0
0
0.34
0
2
13.46
0.38
0.58
0
0.24
0
0
0
0
0.05
0.06
0
0
0.49
1.13
0
0
0
0.79
33.41
6.27
0
0
0
0
0.38
0
13.13
2.36
0.02
0.69
0
0
0
0
1.72
9.03
0.71
0
0.65
3.29
0
0.95
1.94
1.71
0
0
0
3.87
0.09
0.04
0.51
0.01
0
0
1.41
2.51
3.25
2.02
11.57
0
2.01
11.64
17.92
12.71
2.92
0.7
1.24
3.47
5.82
0.47
1.74
4.14
0.27
0.23
0.02
0.51
0.65
0.47
9.46
16.2
3.69
0.97
0.02
0.32
0.63
1.13
0
0.01
0
0.27
1.44
0.27
3.77
0.47
4.46
10.78
2.29
0.6
0.39
0.09
0.06
0.13
0.12
0.01
0.01
0
0
0
1.24
11.58
2.59
1.42
0
0.01
0
0.01
0
0.17
0
0
0
0.02
0
0
0
0
3.48
0.64
1.59
0.29
0.33
0.14
0.21
0
0
0
0.01
0
0.47
4.69
0.43
0.25
0.44
0.54
0.8
0
0
0.03
0.25
0.38
0.21
0
0
0.03
0
0.05
0.04
0
0.5
0
0.01
0.92
0
0.27
4.53
8.53
0.03
0.06
2.2
2.05
2.58
0.58
1.29
0.95
0
0.35
0.3
0.47
0.49
7.1
2.13
5.59
0.87
0
0.01
0
0
0.35
0.01
0.61
2.07
17.55
3.02
0.86
1.13
0.23
5.47
7.92
5.58
4.13
2.81
1.41
0.8
4.56
1.85
1.62
0.75
3.2
3.81
0.12
0.21
0.02
0.45
0
0.07
0.05
0.5
5.98
0.92
0
0
0.32
0.26
0
0.77
2.55
4.11
0.38
0
0.02
0
0
0
0.04
4.27
3.51
9.46
26.8
5.77
1.29
0.01
0.37
0.21
0
0.01
0
1.21
1.55
0.14
0.05
0.18
0
0
0.97
0
0.02
0.54
1.14
0.01
0.38
1.29
0
0.01
0
0
0
0.02
0
0
0
0
0
0
0
0.01
0
0
0
0.01
0.02
0
0.54
2.14
3.49
4.25
1.48
0.06
0.02
0.02
0
0
0.01
0
0.02
0
0
0
0.7
8.04
0.04
0
0
0.01
0.01
0
0.08
0
0.01
0
0
0
0
0
0
0.76
0.63
0
0.76
0.3
0.01
0
0.27
0
0
0
0
0
0
0
0
0
0
0.03
0.89
0.04
0
0.03
0
0
0
0.04
0.56
0
0
0
0
0
0
0
0
0
0
0.01
0
0.02
0
0
0
0
0
0.05
3.49
0.05
0
0
0
0
0.03
0.01
0.15
1.79
1.16
0.79
0.02
0
0
0.01
0.32
10.11
18.41
9.99
0.91
0.42
0.02
0
0.84
0.43
0
0
0
0
0
0.11
0
0.38
0
23.54
3.57
0
0.09
0
0.52
0
13
4.54
1.44
0.08
0
0
0
0
0
0
0
18.09
24.33
12.25
4.08
2.15
1
1.98
0.01
0
0
0.01
0
0
0.42
0.34
0.33
9.2
5.93
0.77
1.3
0
0
0
0
0
1.79
4.62
0
0
0
0
0
0
0
0
4.91
1.36
5.73
0
0
1.65
3.06
0.27
0.19
0
0
2.85
1.45
0
0.76
1.54
15.1
2.83
5.82
5.07
0.34
0
0
0
0
0.02
0
0.01
0
0.17
0.08
5.33
1.33
0.61
0.01
0
0
0
0
0
0
0
0
0
0
0
0
0
0
0
0
0
0
0
0.01
0.4
2.65
1.96
0
0
0.13
0
0
0
0
0
0
0
0
0
0.1
0
0
0
0
0.01
0
0
0
0
0
0
0
0
0
0
0
0
0
0
0
2.72
0.01
0.02
0.02
0
0.45
15.7
2.99
0.17
0
0
0
2.91
2.16
0.16
0
0
0.16
3.75
0.2
0.01
0
0.04
0
0
0.01
0
0
0
0
0
0
0
0
0
0
0
0
0
0
1.11
0
0.16
1.89
0.81
0.04
0.2
11.13
3.86
7.66
12.73
7.43
3.63
0.64
2.69
2.6
0.74
0.01
0
0
0
0
0
0
0
0
0
0
0
0
0
0
0
0
0
0
0
0
0
17.37
1.66
2.25
0
0.02
2.25
1.16
0.01
0
0
0
0
0
0.05
0.01
0
0
0.63
1.22
4.82
1.61
0.2
2.62
0.94
0
0
0.37
7.4
23.75
18.47
2.56
2.58
1.23
0.53
0.17
0
0
0
1.91
1.72
1.34
0.14
1.98
10.23
3.2
12.43
3.04
0.07
0.16
0.01
0
5.6
14.06
3.51
0.94
0.06
0
0
0
0
0
0
0
0
0
0
0
0
0
0.02
0.04
0.01
0
0.02
0.05
0.17
0.43
0.09
0
0
0
0
0
0.36
0
0.19
0.49
0
0
14.58
2.69
0
3.81
7.45
0.22
0
0.68
1.46
4.36
0
0
0
0
0
0
0
0
0
0
0.36
6.47
1.18
0
0
0.1
0.05
1.15
0.04
0
0
0
0
0.05
0
0
0
0
0
0
0
0
0
0
0
0
0
0
0
0.04
0
0
0
0
0
0
0
0
16.2
9.92
4.32
0.29
0.01
0.01
0
0
0
0
0.54
0
0.09
4.48
4.02
4.55
5.78
7.94
0.14
0.64
5.35
14.67
4.63
12.79
13.23
1.34
0.73
0.78
0.15
0.13
0.97
0.96
3.11
1.93
8.18
7.96
2.71
0.02
0
0
0
0.05
0
0
0
0
0
0
0
0
0
3.82
0
0
0
0
0
0
0
0
0
0
0
0
0
0
0
0.55
1.41
1.11
12.14
1.44
8.64
1.34
0.94
0.09
0.03
0.01
0
0.05
0.93
6.19
4
0.79
0.46
0
0.27
0.33
0.29
2.46
2.28
0.59
0.41
0.08
0
0
0
0
0
0
0.01
0
0
0
0
0
0
0
0
0.11
0
0
0
0
0
0
0
0
0
0
0
0
0
0
0
0.08
0
0.3
0.34
0.05
0.02
0.28
1.04
0.09
0.33
0.03
0.02
0.61
3.79
1.2
0.31
0.33
0
0
0
0
0
0
0
0
0
0
0
0.19
1.64
0.42
0.13
1.32
1.39
1.43
0
0
0
0
0
0
0.53
0.58
0.38
3.43
4.43
0.52
0
0.24
0
0
0
0
0
2.89
3.46
0.06
0
0
0
0
0
0
0
0
0.02
0
0
0
0
0
0.02
0.02
3.55
1.82
0.39
1.52
0.13
0.55
0
0
0
0
1.33
0.11
3.13
14.34
7.8
5.84
6.58
1.37
3.49
0.39
4.6
1.16
0.69
0.35
0.11
0.34
0.33
0
7.64
7.25
3.23
3.72
7.98
2.47
0
0.96
11.43
5.82
0.95
0
0
0.27
8.61
7.82
9.89
5.98
2.04
0.75
0.2
0.01
0
0.08
0
0.39
1.24
3.52
4.26
3.14
9.71
7.48
0.83
0
0
0.07
0.2
0.13
0.05
0.21
0
0.5
0
0.08
0.48
0.12
0.2
0.27
0
0
0
0.02
0.12
3.66
0.76
0.14
0.06
0.01
0
0
0
0
0
0.01
0
0
0
0
0
0
0
0
0
0
0
0
0
0
0
0
0
0
0
0
0
0
0
0.86
0.91
0.81
0
0
0
0.13
0
0.03
0.04
0
0
0
0
0
0
0
0
0
0.89
0.59
0
0
0
0.13
0
0
0
0
0
0.01
0
0
1.55
2.79
5.16
1.79
0
0
0
0
0.11
0.7
0.01
0.03
0.02
0.03
0.64
20.96
3.69
4.27
1.51
0
0
0
0.24
9.42
0.08
3.46
1.2
0.78
6.36
12.34
4.17
3.38
3.76
12.25
7.88
13.33
4.09
3.13
1.81
3.52
4.77
4.67
0
0.25
0.48
0
0.33
0.48
0.62
1.24
9.22
12
0.21
0.43
1.19
9.6
2.79
4.2
8.92
3.04
4.29
3.45
0.62
0
0
0.03
0.09
0
0
0
0
0.48
0.13
0
0
0
0
0
0.34
0
0
0.68
0.61
5.41
0.75
7.07
0
0.05
0.1
0
0.09
0
0.01
0
0
0
0
0
0
0.7
0.03
0.01
0
0.12
0.24
0.03
0
0.21
0.16
0
0.29
0
1.95
0.03
0.02
0.3
0.59
0
0.55
3.55
0.73
5.83
9.75
2.32
7.29
10.24
2.38
0.67
0.43
0
0.38
0.59
0.06
0
0.11
0
0
0
0.13
0.05
0
0.39
0.47
0
0
0
0
0
0.03
4.45
9.2
2.79
1.05
0.67
2.56
0
0
0
0.02
0
0
0.14
0.27
0.47
0.41
0.34
3.1
0.59
0
1.65
0.53
0.04
0
1.58
4.03
3.75
0.45
0.41
0
0
0
0
0
0
0
0
0.01
0.11
0
0
0
0.21
0.36
0.29
0
0
0
0
0
0
0
0.03
0
0.14
0.23
0.43
0
0.02
0
0
0.23
0.68
0.45
0
1.27
0
0.02
0
0
0
0.15
9.15
5.62
0
2.15
5.79
1.11
0
1.01
3.29
3.45
0
0.01
0
0.04
0
0
0
0
0.24
0.55
0.03
0.37
4.19
1.86
0.26
0
0.73
0.2
2.98
0.29
7.31
3.59
1.52
1.23
3.06
0.02
0
0.14
1.48
0.27
0
0
0
0
0
0
0
0.3
0
0
0
0
0
0.06
2.21
0
0
0
0
0
0
0
0.02
0
0
0
0
0
0
0
0
0
0
0
0
0
0
0
0
0
0
0
0
0
0
0
0
0
0
0
0
0.03
0.11
0
0
0
0
0
0
0
0
0.03
0
0.01
0.05
0.57
0
0
0.01
0
0
0
0
0
0
0
0
0
0
0.01
0.1
0.11
0
0
0
0
0
0.29
0.02
0
0
0
0
0
0
0
0.04
0
0
0
0
0
0
0.05
0
0.01
0
0
0
0.02
0.1
0.69
0.2
0
0
0
0
0
0.23
0.79
1.32
2.98
0
0.05
0
0.23
2.34
2.84
3.03
3.95
1.21
0.06
2.74
8.94
0
1.83
0.64
5.74
6.08
2.78
0.08
0
12.35
5.14
0.92
2.24
4.12
3.38
3.61
0.36
5.98
0
1
2.8
2.63
10.78
1.4
0
0
0.84
0.09
0.04
19.48
10.68
5
7.57
2.34
6.92
2.93
2.56
1.52
11.36
1.64
0.02
0
0
0.01
0
0
0
0
0
0
0
0
0
0
0.23
0.16
0
0.38
0.23
0.12
0.02
0.87
0.81
3.16
0
0.38
0.27
0
0.03
0.15
0
0.02
0.01
0.08
0.86
0.65
0.02
0.13
0
0.03
0.32
0
0.01
0.04
0.12
0.52
0.35
8.75
2.48
0.75
0.31
0.12
0.25
0
0
0
0
0
0.01
0.01
0.01
0
0
0
6.79
3.55
1.15
2
0.11
0.02
0.31
0.71
0.16
0.07
0.02
0.1
0.69
0
0
0
0
0
0
0.01
0
0
1.39
1.91
0
0.17
18.73
4.81
0.68
0.04
0
3.61
0
0.01
0
0
0
0
0
1.47
0.08
0
0.14
0
0.13
1.34
0.7
1.8
0
0
0
0
0.39
0.02
0
0
0
0
0
0
0
0
0
0
0
0
0
0
0.01
0
0
0
0
0
0
0
0
0
0.02
0
0
0
0
0
0
0
0
0
0.01
0
0
0
0.01
0.16
2.95
4.59
3.63
4.73
1.12
0.23
3.56
2.81
0.05
0
0
7.2
2.54
0.18
0
0.18
2.86
10.31
7.54
6.27
7.61
1.28
0.04
0.41
0
0
0.03
0.88
0
0
0
0
0
0
0
0
0
0
0
0
0
0
0.05
0.01
0
1.84
0.64
5.24
2.81
19.34
2.52
0.09
0
0.02
0
0
0.15
0
0
0
1.08
0
0
0.15
30.65
6.09
2.48
1.66
2.45
0.42
0.47
0
0.04
0
0
0
0.02
0
0
0.1
0.86
0
0
0
0
0
0
0
0
0
0
0
0
0.06
0
0
0
0
0.01
0.01
0
0
0.01
0
0
0.01
0
0
0.01
0.22
15.52
4.95
1.52
0
0
0.15
0.16
0
0
0.02
0.27
2.21
5.63
0.95
4.86
0
0
0
0
0.01
0.02
0
0
0
0.75
0
1.13
0.74
0
0
0
0
0
0.01
0.11
0
0
0
0
0
3.63
1.11
0.42
0
0.01
0.01
0
0
0
0
0
0
0.01
0
0
0
0.64
0
0
0
0
0
0
0
0.04
0
1.99
0.09
0
0
0
0.26
0
0
0.01
0.06
1.74
0
0
0.01
0.04
0
0
0
0.08
0
0
0
0
0
0
0
0.7
11.71
30.24
6.79
0.19
1.3
5.39
15.33
7.32
1.3
0.35
0.02
0.27
0.05
0.35
0.26
7.31
0.61
1.85
0.17
0
2.51
0.13
0.01
0.53
10.54
0.32
2.5
4.56
2.58
0.81
0.08
0
0
0
0
10.72
1.11
0.35
0.26
0.65
0.3
0.71
10.72
3.36
3.43
8.27
3.64
9.43
3.23
11.74
9.91
19.33
3.8
0.29
0.28
9.56
7.32
11.22
2.04
8.7
8.7
1.37
12.3
1.36
0.3
0.21
0.32
0.29
0.23
0.28
2.92
1.1
6.13
7.08
20.52
6.41
1.2
1.64
2.63
7.44
2.5
0
5.46
11.25
2.04
0.27
1.26
7.57
1.07
0.09
0.05
0.07
0.34
0.05
0.16
2.93
1.13
0
0.04
0
0.01
1.4
0.26
0.16
0
0
0
0
9.41
1.03
0.13
0
0
0
0
0
0.01
0
0
0.04
0.05
0
0
0
5.76
1.66
0.4
0.02
0.1
0.4
3.62
0.34
0
0
0.07
0.02
0
4.51
0.18
0.16
9.11
12.14
7.98
7.28
0.6
0
0.05
0.25
3.82
3.09
0.46
0
0
0
0
0
0
0
0
0
0
0
0
0.19
5.72
0.65
0
0.01
0
0.01
0.84
1.8
0.51
0.79
3.05
0.56
0
0.91
22.33
6.66
0.57
3.75
15.4
16.54
2.34
0
0
0.34
1.25
6.25
8.38
6.23
0.92
0
0
0
0
0
0
0
0.02
0
0.08
3.7
1.24
0
0
0.03
0.01
0
0
0
0.17
0.11
0.09
0.07
0
0
1.7
1.86
2.79
0
1.57
0.23
0
0.1
0
0
0
0
0
0
0
0
0
0
0
0
0
0.02
0
0
0
0
0
0
0
1.2
0.07
0.01
0
0
0.09
0
0
0
0.69
0.88
0.94
2.96
0.01
0
0.03
0
0
0
0.06
0
1.32
0
0.09
2.31
0
0
0
0
0.63
9.18
1.73
13.85
3.59
0
0
0.02
0
0
0
0
0
0
0
0
0.3
5.94
0
0
0
0
0.05
0
0
0
0.02
3.27
0.08
0.72
6.01
0.8
0
0
0.02
0.16
1.12
0.83
1.87
12.81
2.79
0
0
0
0
0
0
0
0
0
0
0
0
0
0
0
0
0
0
0
0
0
15.22
0.85
1.61
0
0.77
0.42
0
0
0
0
0
0
0
0
0
0
0
0
0
0
0
0.24
3.45
0.39
0.05
0
0.14
0
15.85
32.94
12.37
8.7
2.28
0.66
10.04
2.96
2.52
3.82
0.4
0.07
1.2
2.23
0.06
0.23
0.02
0
0
0
0
0
0
0
20.21
12.39
3.74
1.74
0.43
0.1
1.73
12.04
17.22
14.05
4.9
0
0.88
3.96
9.16
8.27
12.51
12.47
5.51
8.27
6.75
2.41
0.23
0.42
2.31
16.86
3.28
14.53
2.84
9.05
3.81
2.91
14.01
6.54
15.7
21.23
0.71
0.39
0.07
0.08
0.15
0.13
2.22
9.08
1.86
12.64
22.56
15.18
5.16
4.92
1.02
0.42
0.55
0.38
0.22
0.08
0
0
0
0
4.02
0.35
0.53
0
0
0
0
0
0
0
0
0.11
0.21
0
0
0
0
0
0
0
2.02
0.14
0.04
0
0
0
0
0.01
0.05
0.11
0
0
0
0
0
0
0
0
0
0
0
0
0
0
0
0
0
0
0
0
0
0
0
0
0
0
0
0
0
0.13
0.06
0
0
0
0.91
0.28
0
0
0
0
0
0
0
1.75
6.84
6.48
10.68
4.53
0.85
0.29
0
0.01
0
0
0
0.02
0
0
0.01
0
0.01
0.34
1.99
2.13
2.13
0.17
0.01
0
0.11
0.49
4.07
3.38
4.45
15.07
1.79
0
0.13
0.12
0.33
0.04
3.5
5.09
3.16
0.26
0
0
0.53
7.49
4.52
3.4
1.23
6.88
14.79
4.31
0.02
0
0
0
0
0
0
0
0
0
0.03
1.72
0
0.06
0
0
0
0
0
0
0.01
0
0.46
0.29
0.31
15.07
11.45
0
0
0
0.02
0
0.18
1.79
0.49
0.02
0
0
1.17
0.14
1
0
0
0
0.01
0.35
0.52
9.38
1.77
0
0.04
2.04
0
0.14
0
0.01
0
0
1.5
0.48
0
0
0.67
0.63
0
14.73
1.27
0
0
0
0.04
0.07
0.61
0.4
0
0
0.05
0.46
0.71
0.03
6.09
0.93
1.33
0
0
0
0
0
0
0
0
0
0
0
0.09
0
0
0
0
0
0.87
2.41
2.39
0
0.13
0.56
0.64
0
0.03
1.19
3.41
0.54
1.3
0
1.32
0
0.07
0.21
0
0.1
0
0.61
1.55
0.02
0
0
0
0
0
0
0
0
0
0
0
0
1.31
1.91
2.88
2.11
0.09
0.11
0.41
3.65
3.46
0
0
0
0.04
10.63
6.95
6.64
23.86
11.54
4.54
5.79
2.63
7.96
13.1
2.82
10.51
1.22
0
0.03
1.18
10.68
3.15
2.11
17.5
5.6
0.21
2.13
7.09
2.53
0.11
1.89
0.02
0.06
0.11
0.18
0.09
21.88
0
0
0
1.47
0.07
0.59
4.12
2.33
0
0
6.09
11.75
29.39
5.45
3.62
0.49
3.51
6.95
0.66
0.06
1.96
0.69
0.14
0.88
3.69
1.99
9.34
0
0.18
0.33
0.74
0.01
0.24
0
0
0
0
0.33
2.3
1.97
0.07
0
0
0
0.1
0
0.01
0
0
0.48
0.11
1.76
2.84
0.47
0.59
4
0.48
2.43
1.67
12.2
4
5.2
0.25
0.01
0
0.86
1.82
0
0
0
0
0
0
0
0
0
0
0.09
6.05
0.79
0
0
0
0
0
0
0
0
0.09
0
0
0
0
0
0
0
0
0
0.08
0
0
0
0
0
0
0
0
0.05
2.18
0.72
0.2
0
0
0.3
7.43
1.47
6.03
0
0.8
1.61
1.04
3.36
1.19
0.71
0.03
4.18
2.82
3.57
0.17
0.03
12.08
1.94
8.7
0.48
0
0
0.14
0.54
5.27
0.24
0
0
2.2
0.38
12.79
5.77
3.6
0.63
1.73
1.34
0.5
0.23
0.21
0
0.01
0
7.27
13.14
3.09
6.48
13.64
5.85
1.11
0.3
0.49
13.95
4.65
1.46
6.66
4.3
8.74
0
2.37
13.64
1.8
12.37
0.9
1.73
0.29
0.26
0.66
0.17
3.35
0
0.01
0
0
0
0
0
0
0
0
0
0
0
0
0
0
0
0
0
0
0
0
0
0
2.07
3.13
1.21
0
0
0
0
0
0
0
0
0
0
0.2
0
0
0
0
0
0
0
0
0
0
0
0
0
0
0
0
0
0
5.08
2.62
0.01
0
0
0.01
0
0
0
0.03
0
1.11
0
0.38
7.16
2.64
0
0.71
6.26
0.52
0.01
0
0
0.01
0.04
0
1.5
0
0
0
0
0
0
0
0
0
0
0
0
0
0.05
0.12
0
0
0
0
0
0
0
0.3
0.15
1.79
8.84
1.78
2.57
5.98
3.78
1.75
6.27
1.27
0.48
0
0.01
1.47
8.74
9.23
2.63
0.02
0.84
0.87
0.16
0
0
0
0
0
0
0
0.02
0
0
0
0
0
0.03
0.72
0
0
0
0
0
0
0.27
0.45
6.61
11.17
0.05
0.11
0
0
0.03
0.3
0.02
0
0.01
0
0
0
0
0
0
0
0
0
0
0.03
0.34
0
0
0
0
0
0
0.44
0.55
0
0.02
0
0
0.05
0
0.4
0.78
0
0.01
0.05
0
0
0.01
0
0
0.37
0
0
0
0
0
0
0.01
0.3
5.61
12.85
3.7
0.33
0
0.01
0
0
0
0
0.78
2.64
0.03
0
0
0
0
0.16
3.75
2.86
0
0
0.18
0.95
3.27
0.27
0
0
0
0
0
0
0
0
0
0
0
0
0
0
0
1.5
8.24
0.13
0
0
0
0.01
0
0
0
0
0
0
0
0
0
11.49
4.72
0.48
0
0.34
0.04
0.4
1.8
0.35
0
0
0
0
0
0.25
18.55
8.16
0.46
1.98
3.81
0
0.04
0
0
0
0
0
0
8.27
6.05
2.67
2.39
0
0
0.01
0
0.34
0
0
0
0
0
0
0
0
0
0.02
0.08
0
1.49
0.96
9.22
1.48
0
0
0.68
0.59
0
0.04
0
1.65
4.52
10.03
10.21
5.5
1.41
5.32
2.66
1.73
0.67
0.84
3.41
3.48
0.45
0
0
0
0
0
0.02
0.01
1.71
6.15
6.31
2.95
0.1
0
0
0
0
0
0
0.01
0
0
0
1.88
13.71
2
0
0
0
0
0
5.16
2.64
0.98
0.08
0
17.76
1.67
0
0.96
0.06
0.19
0
0
0.01
0.16
0
0.05
0
0.01
0
0
0.01
0.01
0
0
0
0
0.01
0
0
0
0
0
0.37
2.23
0.7
0
0
0.12
0.01
0.01
0
0.01
0
0
0
0
0
16.25
8.69
0.68
0
0
0
0
0
0
0
0
0
1.94
0
0
0
0
0.3
0
0
0
0
0
0.42
2.93
0.06
0
0
0.03
0.21
0.49
0.55
0.2
0
0
0.1
0.73
2.18
0
0.01
3.55
3.04
2.5
2.38
0.16
0
0
0.04
0
16.05
7.11
0
0
0
10.44
21.99
4.2
0.25
0
0
0.17
4.18
0.19
0
0
0
0.02
0
0
0
0
2.13
12.3
5.11
0
0
0
2.92
11.67
3.94
0.51
0.04
0.27
14.28
5.71
12.04
16.62
9.73
14.17
18.41
7.64
1.3
6.14
1.85
1.05
0.45
0.49
0
0.21
0.05
0
0
0
0
0
0.1
0
0.39
17
9.57
2
3.25
1.38
0
0.14
0
0.02
1.63
0.56
0.26
0
0
0
0
0
0
0.11
0
0
0
0.01
0.67
0
0.42
0
0.13
5.79
0.07
0.12
0.04
0.78
5.67
2.57
0.63
0.11
0
0.4
0
0.02
0
0
0.06
0
0
1.48
3.9
7.94
1.51
0.03
0
0
0
0
0
0
0.03
0.03
1.32
0.59
0.01
0
2.29
6.38
0.32
0.02
0.83
0
0
0
0
0
0
0
0
0
0
0
0
0
0.25
1.3
0.05
0
0
0
0
0
0.01
0
0
0
0
0
0
0
0
0
0
0
0
0
0
0
0
0
0
0
0
0
0
0
0
0
0
0
0
0
0
0
0
0
0
0
0
0
0
0
0
8.22
3.29
5.56
4.81
0.7
0.9
0
0.41
0
0
3.65
1.54
2.09
4.48
4.05
2.92
0.93
0
2.1
7.24
5.95
5.46
1.38
0.21
3.8
8.2
17.51
11.62
0.16
7.14
4.54
0.26
0.26
7.86
0.77
0
0.44
2.06
8.89
1.77
0.14
0.3
0.88
0.17
0.34
4.08
3.45
5.63
10.72
2.63
2.42
2.72
0.23
0
0
0
0
0.99
3.38
0.09
0.02
0.45
2.76
1.96
2.98
1.65
0.2
1.49
0
0.03
0
0.09
0
0.39
0.05
2.34
13.38
1.15
0.02
0
0.02
0
0
0
0
0
0
0
0
0
0
0
0
0
0
0
0
0
0.5
0.91
0
0
0
0
0
0
0
0
0.03
0
0
0
0.61
0.09
0
0
0
0
0
2.69
0.11
0
0
0.09
0
0
0.01
0.01
0.01
0
0
0
0.01
0
0
0.03
0
0
0
0
0
0
0
0
0.32
0
0
0
0
0
0
0
0.01
0
0
0.04
0
0
0
0
0
0.01
1.8
0.07
0
0
0
0
0.01
0
0
0
0
0
0
0.04
0
0.42
0
0
0
0.09
1.02
4.55
0.5
0
0
0.01
0
0
1.46
0.5
2.93
2.12
0
0.34
0.05
0
0
0.04
0
0
0
0
0.6
8.99
1.05
0.5
0.13
0.24
0
0
0
0
7.07
5.71
0.2
0.91
0.98
0
1.63
0
0
0
9.07
1.18
0.81
17.78
1.27
1.58
15.91
2.36
1.57
0.42
0
0
0
7.11
3.05
0.2
0
0.07
0
0
0
0
5.83
16.34
4.44
4.09
0
1
0.01
1.16
8.9
1.52
9.59
1.95
0.11
0.27
8.02
14.28
3.7
1.25
0.02
0
0
0
0.13
6.08
0
0.01
0.89
0
0.13
0.13
1.5
8.64
7.22
7.09
7.86
9.24
4.9
7.82
15.66
3.8
0.21
5.72
1
3.34
2.24
6.57
2.4
1.03
0.73
3.71
3.64
7.05
0.78
1.45
1.61
1.66
4.59
2.77
10.32
0.81
0.01
0
0.6
4.21
4.49
2.78
20.95
6.68
2.7
0.39
0.01
0
0
0
0
0.55
1.3
0.73
2.25
7.73
1.14
0
0
0
0
0
0.29
0.04
0
0.3
0.03
0
0
0.01
2.91
3.3
1.97
0.73
0.58
0
20.41
16.79
6.29
11.09
2.38
0.13
17.12
3.92
0
0.72
0.31
0.45
0
0
0.02
5.18
0.64
0
0
0.03
0
0
0.21
1.05
1.43
4.84
1.99
0.77
1.01
1.02
0
0
0
0
0
0
0
0
0
0
0
0
0
0
0
0
3.94
18.48
4.13
0.24
0.06
0
0
0
0.01
0
0.07
0.84
0
1.27
0.23
3.17
2.52
1.35
2.98
0.41
0
0.17
0.42
4.03
1.26
0
0
0.01
0.48
1.27
0
0.7
18.6
13.19
7.28
11.56
4.4
0.11
0.35
0.01
0
0
0
0
0
0
0
0.01
0
0
0
0
0.02
0.33
7.54
2.39
0
0
0
0
0
0
0
0
0
0
0
0
0
0
0
0
0
0
0
0
0
0.26
0.32
0
0.09
0.1
0
0.64
0.05
0
0
0.45
0
0
0.1
0
0
0
0
0
0
0
0
0
0
0.01
0
0.18
0
0
0
0
0
0
0.01
0
0
0
0
0
0
0
0
5.87
1.7
1.99
3.3
0
0
0
0
0
0
0
0
0
0.03
0
0
0
0
0
0
0.02
6.9
2.27
0.03
2.68
0
0
0
0
0
0
0
0
0
0
0
0
2.27
2.82
19.85
5.55
7.72
1.01
0
0.55
0.41
10.48
0.66
0
0
0
0.01
0
0
8.67
0.96
3.3
0.27
0.05
0.13
14.39
2.09
0
0
1.82
5.57
17.24
15.59
4.82
0.79
1.83
0.11
0
0
0
0
0
0
0
0
0
0.03
0
0
0.04
0.19
0.03
0
0.04
0
0
0
0.34
0.25
1.96
0
0.06
0
0
0
0
0
0
0
0
0
0
0
0
0
0
0
0
0
0
0
0
0
0
0.02
0
0
0
0
0
0
0.02
0
0
0
0.07
2.99
8.02
0.14
0
0.02
0
0
0
3.11
3.45
1.93
7
8.66
0
0.02
0
0.01
0
1.05
0
0.04
0.4
3.01
0.2
0.48
0.08
0.7
0
0
0.09
2.55
1.1
8.77
0.98
0.01
0.02
0
0
0
0
0
0.04
0.01
0.16
0.05
5.27
0.07
0.71
0
0
0
0
0
0
0
0
0
0
0
0
0
0
0
0
0
0
0
0.38
2.36
2.77
0
20.35
6.89
1.29
0.02
0.04
0
0
0
0
1.58
7.31
8.38
13.99
9.97
1.65
0.72
0.02
0
0
0
0
0
0
0
0
1.98
0.33
0
0.06
0.3
3.3
1.66
0
7.09
7.02
7.01
0.5
0.71
16.18
9.94
5.52
0.03
0
0
0
0
0.02
0
0
0
0
0
0
0
0
0
0
0
0
0.14
1.54
0.34
5.66
6.34
6.7
15.52
20.19
2.04
2.54
3.76
0
0
0
0
0.01
0.01
0
0
0
0.22
0.81
0
0
0
0
0
0
0
0
0.03
0
0.01
2.82
4.47
3.99
5.65
2.25
0.1
0
0
0
0
0
0
0
0
0
0
0.02
0
0
0
0
0
0
0.01
0
0
0
2.54
1
0
0
0
0
0
0
0.02
0
0
0
0
0
0
0
0
0
0.01
0
0
0
0.01
0.34
0
0.01
0
0
0
0.02
1.55
0
0
0
0
0
0
0
0
0.03
0
3.41
0.63
0.12
0.45
1.05
2.7
0.09
0
1.96
0
0.08
4.08
1.55
0.99
11.25
0.4
9.21
0.95
0
0.01
0.17
0
2.73
2.19
0
0
0
0
0.08
0.01
0.01
0
0
0
0
0.54
3.07
3.01
4.19
2.39
0.13
8.34
2.74
2.2
1.77
0
0
0
0.01
0
0
0.04
2.18
1.2
0
0
0
0.01
0.74
11.19
14.32
15.62
1.61
0
0
0
0.23
1.76
0.23
0.02
0
10.02
8.41
3.86
0.21
0
0
0.01
0
0
1.11
1.77
0.04
0
0.05
0.04
0
0
0
0.01
0
0
0
0
0.06
8.48
6.08
3.86
8.61
2.68
1.92
9.92
5.34
3.47
5.89
2.54
4.39
0.66
0.02
3.27
1.38
4.9
0.06
3.59
0.43
0
0.25
0.23
0.66
0
0
9.16
7.21
4.72
0.92
4.9
1.39
0.21
3.45
4.63
4.66
5.38
0.96
0
0.3
0.19
1.68
1.24
4.62
5.07
0.09
0
2.63
1.28
1.37
4.7
1.34
1.63
13.11
2.73
12.89
4.38
5.7
0
0
0
0
0.02
0
0.13
0
4.16
3.2
7.51
1.54
8.14
0.77
0
0.02
0
0
0.01
0.27
0.45
1.32
0.02
0
0
0
0.03
0
0
0
0
0.02
0.04
0
0.02
0
0
0.01
0
6.13
11.98
3.88
0
3.09
0
7.06
27.67
14.38
4.14
0.22
0
0
0
0.38
1.78
0.5
0
0
0
0
0
0
0
0.05
0
0
0
0
0
0
0
0
0.25
0.03
0.29
3.11
15.98
3.37
11.33
21.55
3.43
0
0.01
0
0
0
0
0
0
0
1.38
0.95
2.24
9.22
8.41
2.7
0.26
0.05
0.79
11.68
1.41
0
0.41
0
0
0.12
0.54
0
0
0
0.25
0
0
0
0.73
0.64
15.71
6.13
4.8
0.22
0
0.07
0
0.01
0.15
2.96
14.6
0.62
0
0
0
0
0
0
0.5
0
0
0
0
0
0
10.57
10.95
2.54
0
7.54
0.97
0
0.58
0.21
0
0
0
0
0
0
6.55
0
1.86
0
0.01
0
0
0
2.64
0
0
0
0
0
0.01
0
0
0
0
0
0.02
0
0
0
0
0
0
1.46
0
0
0
0
0
0
0
0
0
0
0
0
0
0
0
0
0.02
0
0
0
0
0
0
0.37
0
0
0
0.08
0.02
0
0
0
0.04
0.32
0.01
1.41
0.71
0
0
1.19
11.02
3.01
0
0
0
0
0.01
0.01
0
0
0
0
0.34
12.31
1.86
7.59
0
0
0
0
0
0
0
0
0
0
0
0
0
0.04
0.25
0.32
0
0.02
0.01
0.31
0.13
0.78
3.08
13.9
6.43
3.96
1.48
0
0
0
0
0
0
0
2.77
6.59
19.24
7.96
1.2
16.18
7.52
20.63
12.05
1.88
2.27
0.05
0
0.48
12
10.16
4.91
9.86
1.38
10.21
12.38
0.19
0.01
0
0
0.07
0
0
8
1.06
0.83
0
0
0
0
8.26
5.87
0.66
0
0
0.01
0
4.91
4.84
0
0
5.24
1.14
0
0.88
3.82
2
0.33
0.25
0.25
0.73
4.42
2.31
0.99
2.79
0.3
0
0
0
0
0.15
0.08
0.59
1.48
0
0.09
0.07
0
0.01
0
0
0
2.45
0.2
1.21
1.15
0
0
0.13
0
0
0
0
0
0
0.15
0
0
0.1
0.06
0.35
0.27
0
0.03
0
0
0.05
0
0.25
0
0
0.23
3.25
2.25
0.05
0.1
3.01
4.78
0.34
0
0
0
0.05
0.09
0.05
0.02
0
0
0
0
0.02
0
0
0
0
0
0.12
3.77
5.06
5.25
4.88
20.07
12.7
2.04
0.66
0.45
0.58
0
0
0
0.02
0.07
0.44
0
0
2.55
0.41
0
7.53
3.85
0
0
0.02
0
0.3
0
0
0
0
0.99
0.48
0.09
5.13
8.08
6.32
5.76
12.79
3.35
9.16
2.33
0
0
0.13
0.3
0
0.61
0
0
0
0
0
0
25.21
16.13
2.75
2.83
0
0.2
1.24
2.09
0
0
0
0
3.18
25.45
8.03
3.52
8
23.06
2.33
4.24
11.55
3
0.03
0
2.17
5.39
4.91
0.63
0.02
0.04
0
0.04
1.2
0.14
0
0.01
0.09
7.94
7.04
6.55
5.27
6.22
0.49
0.54
0
0
0
0.01
0.01
0
0
0
16.13
1.37
0
0.5
0
0.52
8.9
0
0
0
0
0
0.48
0.28
0
0
0
0
0
0
0.01
0
0
0.02
0
0
0
0
0
0.31
9.32
0.6
0
0
0
0
0
0
0
0.39
1.95
0.04
0
0
0
0
0
0
0.2
0
0
0
6.31
0.06
0
0
5.34
0.23
0.02
3.8
0
0
0
0.73
4.35
0.14
0
0
0
0
0
0.04
0.36
0.24
0.27
0
0
0
0
0
0
0
0
0
0
0
0
1.16
10.91
14.34
2.8
10.64
3.27
0
0
0
0
0
0
0
0
0
0
0
0
0.04
0
0
0
0
0
0
0
0
0
0
0
0
0
0
0
0.01
0.04
0.03
0
0.02
0.07
0.5
0.02
0
0.01
0
0
0.38
5
3.27
3.66
4.45
1.3
0
0.79
14.51
2.8
25.63
7.48
4.65
2.23
2.13
2.57
0.79
1.59
17.75
3.48
0
0
0
0
0
0
0
0
0
0.01
0
0.07
0
0
0
0.06
0
0
0
0
0
0
2
2.33
0
13.32
2.5
6.15
0.62
0.32
0
0
0.02
0.17
0
0
0.08
0
0.1
1.12
0.41
0
0
0
0
0
0
0
0
0.07
0
0.21
0.09
0
0
0
0
0
0
0
0
0.02
0
0
0
0
0
0
0
0
0
0
0
0
0
0
0
0
0.02
0.37
2.16
0.32
0
0
0
0
0
0
0
0
0.03
0.29
2.6
0.2
0.65
0.02
0.01
0
0
0.03
0
0.06
0
0
0
0
0.28
1.35
8.49
10.39
2.43
0
0.04
0
0
0
0.67
0
0
0
0
0
0
0
0
0
0
0.37
1.45
0.67
0.04
0
0
0
0
1.16
0.61
4.55
0.82
0.57
2.6
0.78
2.21
0.21
0
0
1.18
8.94
7.31
3.39
0.49
0.09
0
0.41
0
0
0
0
0.32
0.31
0.15
0
0
0
0
0.18
0
0
0.02
0.23
0
0
0
0
0
0
0
0.02
0.01
0
0
0
0
0
0.98
0.09
0.09
0.84
10.05
1.51
0.01
3.77
2.05
0
0
0
0
0
0
0
0
0
0
0.03
1.42
1.38
2.02
0.22
0
0
0
0
0
0
0
0
0.74
0
1.39
0
0
0
0.14
0.15
0
0
6.9
1.79
1.07
7.14
3.82
0
0.41
6.53
1.45
0.02
0
0
0.02
0
0.01
0
0
0.91
0
2.18
0
0
0
0
0
0
0
0
0
0
0
0
0
0
0
0
0
0
0
0
0
0.06
0.05
0
0
0
0
0
0
0
0
0.66
0
0.01
0
0
0.15
1.21
0.27
0
0
0
0
0
0
0
0
0
0
0
0
0
0
0.02
0
0
0
1.42
10.17
6.82
2.57
0.75
0.1
0
0
0.33
0.01
0
1.62
0.05
0.01
0
0
0
0
0.25
0
0.03
0
0
0
0
0
0
0
0
0.01
0
0
0
0
0.04
0.52
1.28
4.18
1.01
0.1
0.69
0
9.39
4.84
0.22
1.64
0.95
13.45
0.68
1.5
0
0
0.15
16.14
1.63
3.57
1.95
0
0
0.15
0.29
0.01
0
0.02
1.04
0.43
0.02
0.58
13.23
12.26
20.53
6.49
0.45
0
0
0
0
0
0.01
0.02
0
2.15
0
0.3
0.29
0.01
0.02
8.03
12.12
0.75
0.74
0.41
0.07
0
0
0
0
0
0
0
0
0
0.01
0
0
0.02
0.12
0
0
0.24
0
0
11.13
2.66
0.06
1.64
0
0.58
0.02
0.35
0
0.44
0.95
2.99
3.84
1.07
7.32
0.02
0.02
0.05
0.01
1.59
1.92
4.91
0.26
0.83
0.23
0.01
0.04
0
0
0
0
0.57
0.06
0.08
0.09
0.13
0
0
0
0
0
0
0
0
0
0
0
0
0.01
0
0
0.12
0
0.18
3.89
2.73
2.42
3.41
2.55
6.33
2.91
13.36
5.38
0.3
0.87
0
0
1.38
10.29
0.1
0.01
0
0.01
0.74
0
0
0
0
0
0
0
1.56
7.96
4.71
3.96
1.72
2.78
3.93
0
0
0
0.08
0
0.1
0
0
0
0
0
0.55
6.61
5.83
2.2
0.21
0
0
0
0
0
9.78
3.99
1.68
4.63
0.9
0.2
0.13
6.3
2.02
1.09
0
0
0
0
0
0
0
0
0.52
3.16
3.84
1.91
0.05
0.17
0
0
0
0.33
0.84
0
0.2
0
0
0
0
0.14
0
0
0
0
0
0
0
0
0.31
1.63
0
0.07
0
0
0
0
0
0
0
2.59
9.01
4.2
0
0.02
0
0.7
10.85
3.54
0.95
0.27
3.09
4.45
0.45
0.1
1.66
3.56
0.54
0
1.53
0
0
0.05
0
0
0
0
0
0
0
0.13
0
0
0
0.37
0.91
2.21
2.3
1.4
0.97
6.01
2.56
0.99
0.01
0
0
0
0
0
0
0
0
0
0
0
0
0
0
0
0
0
0
0
0
0
0
0
0
0
0.02
0.71
0
0.01
0
0
0
0.02
0.05
0
0
0
0
0
0
0
0
0
0
0
0.75
0.08
1.95
1.18
2.46
0.48
0
9.98
14.36
10.45
0.3
0
0
0
0.02
0
31.68
5.88
0
1.32
0
0
0
0.02
0.01
0
0
0.87
0.21
0.05
0
0.01
0
0
0
0
0.84
0
0.09
0
0
0.4
16.73
10.78
14.54
26.25
3.52
4.56
12.54
1.82
2.43
0.44
0
0
0
0
0
0
11.05
12.52
2.21
0.52
0.97
4.89
0.52
0
0
0
0
0
0.16
5.36
11.91
0
0.02
0.05
0
0.03
0
1.28
2
6.44
0.5
0.04
0.11
0.09
0
0
0
2.15
1.13
14.75
1.89
13.35
1.03
0
0
0
0
0
0
0
0
0
0
0
0
0
0.09
0
0
0
0
0
0
0
0
0
0.01
0.12
0
0
0
0
0.01
0.02
0
0.02
0.07
0
0.02
0
0.56
0
0
0.01
0.34
0
0
3.89
0.51
2.37
3.88
4.1
0
0.05
1.82
0.64
0.05
0
4.19
3.71
2.41
1.6
0.11
6.05
17.11
4.72
2.66
2.58
1.14
0
1.41
0.01
2.73
0.59
0.41
0.01
5.95
1.63
0.29
1.77
0.98
3.52
0.71
0.01
0
0
0
0
0
0
8.32
6.11
0.72
0
0
0
0
0
0.02
0
0.52
0.05
0
0.05
0.14
0.06
0
0
0.23
0.13
4.6
12.13
5.41
0.09
1.68
5.73
7.3
1.7
2.98
2.52
2.01
6.63
9.75
2.95
1.19
2.18
2.19
14.93
1.89
1.16
0.36
1.45
1.08
0.07
0
0.01
0
0.31
0.03
0
4.75
15.88
9.84
5.85
1.04
4.07
1.52
5.04
4.78
0.43
0.79
0
0
0
0
0.04
0
0.49
0.64
0
0
0
0
0
22.77
17.42
2.01
4.55
3.16
2.61
3.02
1.59
0.02
0
0
0.01
0
0.01
0
0
0.03
0
0
0
0
0.2
0.17
0
0
0
6.98
7.85
12.37
3.23
0.07
0
0
0
0
0
0.01
0
0
0
0
0
0
0
0
0
0
0
0.01
0
0
0.01
0
0
0
0
0
0
0
0
0
0
0
0
0
0
0
0
0
0
0
0.01
0
0
0
0
0.01
0.04
6.54
0.85
0.1
0.01
0
0
0
7.99
0
0
0
0
0
0.01
0.01
0
0.01
0.01
0
0.02
0.3
0
0.01
0
0
0
0
0
0
0.05
0
0
0.09
0
0
0
2.63
0
1.12
1.39
9.63
1.95
0.11
0
0
0
0.88
2.84
1.6
3.66
0.84
0
0.04
0
2.26
1.05
0.2
0.28
6.41
2.96
7.25
2.59
0
0
0
0
0
0
0.04
0
0.01
0
2.3
0.01
0.02
0.01
0.01
0
0.32
4.13
0
0
0.09
0
0
0
0
0
0
0.01
0
0
0
0
0
0
0
0
0
0
0
0
0
0
0
0
7.09
11.74
0.37
3.27
0
0.14
0
0
0
0
0
0
0.45
0.02
0
0
0
0
0
0
0.04
0.17
0
0
0
0
0
0
2.16
1.05
0.42
0
0.55
2.08
0.01
0.05
0
0
0
0
0
0
0
0.57
6.87
6.05
0.65
0.63
0.7
1.18
0
0
0.43
7.97
0.96
4.19
0.83
3.73
1.02
0
0
0
0.05
0
0
0
0
0
0
0
0
0
0
0.01
1.65
1.03
7.51
0
0
0
0
0
0
0
0
0
0
0.27
0
0
1.98
2.86
15.75
2.66
0.43
0
0.4
4.77
1.2
0.05
3.27
3.72
0.01
0.03
0
0
0
0
0
0
0
0.04
0.15
0.15
0
0
0
0
0
0.69
0.04
0.06
0.73
1.16
9.71
0.04
0.58
0
2.13
0
0
0
3.37
0.09
0.02
0
0
0
0
0.05
8.83
13.3
3.37
9.7
8.59
0
0.8
0
0.28
10.91
17.87
8.31
16.64
6.63
0.8
0
0.03
0
0.09
0.1
0.17
0.01
0
0.01
0
0
0
0
0.02
0.04
1.09
5.2
11.61
13.19
1.45
5.88
9.17
2.39
5.11
2.97
3.61
3.81
2.14
0
4.27
1.02
8.16
3.03
3.16
0.69
1.59
2.79
0.41
2.09
13.85
6.98
5.55
1.75
0.89
2.84
0
0
8.64
16.5
10.49
1.81
0
0.28
0.05
0.05
4.12
0.12
0
0
0
0
0
11.06
0.73
0.44
0.05
0
0
0.23
0.1
0
0
0
0
0
0
0
0
0
0
0.03
1.9
0
4.83
0.62
0.41
0.19
0
0
0
0
0
0.05
0
0
0
0
0
0
0
0
0
0
0
0
0
0.02
0
0
0
0
0
0
0
0
0
0
0
0
0
0
0
0.21
0.22
0.01
0
4.97
3.38
0
0
0
0.01
0.01
0
0
0.09
1.12
2.22
0
0.03
0.15
21.14
1.01
0
0
0
0
0
0
0.02
0.01
0
0.56
4.43
6.72
0.89
5.92
1.91
1.84
0
0
0
0
0
0
0
0
0
0.71
0
0.34
0.11
9.65
2.65
0.91
0
0
0
2.02
4.13
0.24
0.27
7.7
9.04
4.51
3.8
0.14
0.01
7.63
12.28
2.75
8.32
19.54
10.53
3.67
0.2
0.05
0.14
0.2
3.14
1.11
0
0
0
0.02
0
0
0
0
0
0.03
0
0
0
0
0
2.49
0.3
0.05
0.07
7.04
2.37
0.84
3.71
1.29
2.73
1.22
1.1
3.09
19.38
4.6
0.71
0.38
0
2.29
8.49
0.56
1.62
0.46
0.54
0
0
0.02
0
0
0
0
0
0.18
0
0.04
0
0
0.01
1.65
1.38
7.14
1.52
0
0.72
0.01
2.49
2.23
0.16
0.72
0.02
1.97
0
0.05
0.54
0.16
1.87
7.24
0.92
3.95
14.26
1.63
0.05
2.82
0.84
0.11
1.6
1.08
1.9
4.02
7.48
5.81
4.33
6.53
7.55
5.38
0.78
0.02
3.03
0.03
0
0
0
0
0
0
0
0.01
0.01
0
0
0
0
0.01
0.01
0
0.2
1.09
3
1.71
1.78
8.79
3.3
2.09
0
0.07
0.05
0
0
0
0
0
0
0
0
0
0
0
0
0
0
0
0
0
0.01
13.85
2.71
3.1
0.29
0
0
0
0.05
0.16
4.73
0.95
0
1.3
13.88
6.02
0.13
0
4.43
3.07
3.66
2.46
12.18
3.06
2.18
1.88
0
0
0.01
0
0.41
0.02
0
0
1.13
0
0.01
0.02
0.02
0
0
0
0.36
8.42
0.54
0
0
0
0
0
0
0
0.1
0
0.64
0
0
0
1.25
0
0
0
0.02
0.15
1.65
0
0
0
0
0
1.2
2.18
0.95
0.88
0
0
0
0
0.72
0.13
1.56
1.03
0
0.05
2.99
0
0
0
0
0
0.03
0
0
0
0
0
0
0
0
0
0
0
0
0.01
0.01
0
0
0
0
0.01
0
0
0
0
0
0
0.16
0
0
0
0
0
0
0
0
0
0
0
0
0
0
0
0.07
0.01
0.46
0
1.44
0.5
0.95
0
2.61
0
0
0
0
0
0
0
0
0
0.01
0
0
0
0.13
0.01
0
0.02
0
0
0
0
1.77
0.17
4.67
0.62
0
0.35
0
1.21
0.09
0.26
0
0.32
16.39
2.68
0.46
0.04
0
0
0
0.01
0
0.01
0
1.06
1.47
1.79
2.82
0
0.37
0.43
0
0.56
0.84
0.3
0
0
0
0
0
0
0
0
0
0
0.1
10.04
14.9
2.72
0
0
0
0
0
0
0
0
0
0.06
0
0
0
0.31
0.04
0.21
0.06
0
0
0
0
0
0.23
0
0
0
0
0
0
0.65
0.02
0.01
0.01
0.21
1.8
0.09
2.35
6.28
1.86
1.71
12.56
2.23
0
0.31
0.36
1.45
0.2
0.35
0
0
1.08
8.7
2.93
0.35
4.94
2.5
0
0
3.52
12.11
17.95
18.73
8.91
15.59
9.66
3.4
11.9
27.94
13.3
6.78
1.99
0
7.88
8.21
3.15
2.91
10.53
0.61
0.49
3.54
0.66
11.94
12.7
2.88
0.81
1.25
1.35
0.41
1.82
0.44
0.3
0.43
0.02
0
2.18
0.95
0.31
0
0
0
0.67
0
0.19
1.45
6.73
1.76
0
0.04
12.18
1.54
0
0
0.01
0.02
0
11.5
8.01
3.79
1.95
0.43
0.58
10.71
6.82
7.01
2.6
7.52
5.32
1.02
2.15
0.43
3.16
4.82
0.09
18.57
4.47
8.37
0.2
0.26
0.13
0
0
0
0
0
0
0
0.04
0.66
0
5.02
0.71
0.72
15.59
6.36
0
0
0.8
3.72
0.63
0.41
0
0.18
3.06
0
0
0.2
2.21
0
0
0
0.24
4.95
5.79
5.64
8.26
9.63
9.74
6.77
2.41
0
3.8
3.02
1.2
0
0.84
0
0
0
0.05
1.3
1.55
0.42
2.9
0
0.85
1.03
3.95
5.3
4.3
8.91
4.77
6.06
0.3
0.83
0.46
0
0
0
0
0.01
0
0
6.85
0.41
0
0.1
1.05
0.02
0
0.02
0
0
0.13
0.15
0.01
0
0
0.04
4.61
22.7
8.39
7.44
9.91
3.23
7.05
1.55
0.21
1.64
3.13
0.08
0.34
0
0
0.03
0.62
9.59
8.31
0
0.42
1.43
0.02
0.63
9.96
6.78
0
0
0
0.04
0
0.2
0.01
0
0
0
0
0
0
0
0
0
0
0
0
0
0.01
0
0
0.02
0
0
0
0
0
0.01
0.01
0
0
0
0.07
12.75
1.98
0.28
0
0
0.56
0
0.02
0
0
0.11
0.59
0.03
0
0
0
0
0
0
0
0
0
0
0
15.47
2.2
0.23
0
0
0
0.17
0
0
0
0
0.39
0
0.01
0
6.01
11.01
0.81
0
4.74
0.47
0.06
0.16
0
0
0
0
0
0
0
0
0
2.79
0.18
0.2
0
0.51
1.73
25.68
10.46
0.27
4.05
0
0
0
0
0
0
0
0
0
0
0
0.01
0
0
0
0.02
1.5
9.84
4.14
0.64
0
0
0
0
0.01
1.83
15.44
0.59
0.16
0.7
1.15
0.02
5.36
0.98
1.08
3
0
1.54
3.3
5.21
0
0
0.1
0.09
0
0.01
0.21
2.17
2.98
1.39
2.95
0
0
3.16
6.87
6.24
5.3
0
0
0
0.02
0.41
0.91
0
0.32
0.56
2.23
1.96
5.49
13.61
6.23
2.89
0
0
0
0.09
0
1.1
3.63
2.43
0.04
0
0
0.89
1.84
0.22
0
8.16
4.64
3.59
0.86
0
0.01
0
0
0
0
0
7.61
1.89
0
0
0
0
0
0.16
4.02
7.34
3.79
2.94
0
0
0
0
0
0
0
0
0
0
0
0
0.18
2.09
4.28
11.98
7.95
4.24
0.97
10.31
1.92
0.16
0.02
0
0
0
0
0.02
0.08
0
0
4.17
3.69
0.04
0.8
0
0.11
0.27
0
5.73
1.8
1.41
6.21
6.45
11.88
3.24
0
0.28
0
0.25
0
2.2
0.28
1.54
3.94
2.7
0.09
0.12
0
0
0
0
9.32
1.07
0
0
0
0
0
0.02
0.04
0
0.02
0
0
0
0
0.03
1.39
0.04
20.79
4.94
1.02
1
0.3
0.17
0.11
1.66
4.87
1.89
1.08
2.54
4.45
1.23
8.48
1.68
15.27
2.78
0
0
0
0.43
0.36
12.52
1.79
0
0
3.26
0.23
0
0.25
1.22
0.55
0
0
1.75
1.07
0
21.41
6.8
0
0.01
0
0
4.52
4.24
11.43
14.38
0.27
0.47
0.02
0
0
0
0
0
0
0
0
0
0.01
0
0
0.01
0.01
0.08
0
0.09
0.02
0
0.04
0.03
0.48
0.1
0.03
0
0
0
0
0
0
0
0.07
0
0
0
0
0
0.01
0.01
0
0
0
0
0
0
0
0
0.01
0.07
0
0.05
0.04
0.02
0
0
0
0
0
0
0
0
0
11.75
1.08
0
0
0
0.2
0
0
0
0.07
0
0
0
0
0
0
0
0.01
0
0
0.13
0.46
0.09
0
0
0
0
0
0
0
0
0
0
0
0
0.01
0
0
0
0
0
0
0
0
0
0
0
0
0
0
0
0
0
0
0
0
0
0
0
0
0
0
0
0
0
0
0
0
0
0
0
0
5.09
14.33
0.2
11.04
14.84
2.24
0
0
0.07
0.03
9.71
16.8
17.27
15.3
3.48
1.51
0.09
0.07
0
0.01
0
0.44
4.63
0.5
0
0.8
0.18
0.78
0.73
0.22
3.61
0.07
0
0
0
0
0
0
0.01
1.14
3.61
0.18
0.02
0
0.74
0
0
0
0.47
0
0.18
0.5
0.05
0
0.87
0.25
0.16
0
0.02
0
0
0
0
0
0
0
0
0
0
0.07
0.33
0.58
0
0
0.03
0
0
0.03
0
0
0
0
0
0.62
5.2
2.48
0
0
0
0
0
0
0
0
0
0.01
0.64
0
0
0
0
0
0
0
0
0.52
0.06
0.14
0
0
0
0
0
0
0.32
0.02
0
0
0
0
0
0
0
0
0
0
0
0
0
0
0
3.48
0.13
0.22
0
0
0
0
0
0
0
0
0
0
0
0.08
0.01
0
0.19
2.67
1.07
0
0
0.03
0
0
0
0
0
0
0
0
3.86
9.66
7
8.72
2.05
0.19
0
0.11
0.89
1.94
7.99
2.14
4.75
0.95
0
0.06
0.87
0.82
0.43
0.13
0
0.01
0
0
0.27
7.79
10.16
14.77
5.46
1.86
0
2.32
4.38
1.7
0.14
0
0.1
0
0.01
0
1
0.12
0.12
0
0
0
0
4.54
2.52
0.05
0
0
0
0
0
0
0
0
0
0
0
0.47
0
0
0
0
0
0.3
0
0
0
0
0
0
0
0
0
6.69
8.81
0
0
0
0
0
0
0
0
0
0
0
0
0
0
0
0
0
0
0
0.01
0.01
0
0
0
0
0
0
0
0
0.01
0.01
0
0
0
0
2.09
1.55
2.47
0
0.01
0
0
0
0
0
0.01
0.09
0
0.22
0
0
0.04
0
0
0
0
0.01
0
0
0
0
0
0
0
0
0
0.01
0.01
0
0
0
0.05
0
0
0
0
0
0
0.09
0.58
0
0
0
0
0
0
0
0
0
0
0
3.28
0
0
0
7.13
0.41
2.58
5.09
3.14
30.9
0.8
0.04
0.01
0
0
0
0
0
0
0
0
0.03
6.91
3.57
0
4.09
0
0
1.53
5.73
20.28
17.79
14.42
0.02
0
4.72
8.13
5.18
1.38
0.11
0
12.17
0
0.13
3.75
24.7
12.03
0.03
0
1.07
25.46
7.64
8.26
0.74
0.02
0.26
0
0
0
2.25
0.27
0
0
0.4
0.04
0
0
0.13
5.13
0.2
0
0
0.02
0
0
0
0
0
0.04
0.21
0
0.02
0
0
0
0.32
5.98
0.5
2.68
0.07
0.05
0.11
0.48
0.12
0
0
0
5.88
0
0
0.01
0.37
0.04
1.13
0.51
0
0
0
0
0
0.09
0.03
0.16
0.1
0.53
4.62
2.59
0.01
0.1
7.54
2.63
5.68
9.69
2.95
0.63
12.28
8.11
0
0.46
0.25
4.2
0.2
0
0
0
3.23
0.97
0.01
0
0.93
0.09
0
0.07
0.45
6.52
0.33
0
0
0
0
0.39
1.8
0.63
1.68
0
8.23
9.23
0.58
0.13
0.04
0.05
0.21
0.5
0.09
0.02
0.16
4.06
5.65
4.85
8.38
15.76
6.17
3.09
1.84
1.79
1.17
0.23
0.22
5.18
8.34
0
8.27
0
0
2.77
4.06
6.01
11.27
23.9
4.41
3.21
11.32
0.04
15.58
0.7
0.19
3.11
7.62
2.59
0
3.13
0.76
0.12
0.14
0.18
0
0
0
0
0
0
0
0
0
0
0
0
0
0.34
8.12
6.22
14.53
4.05
5.92
0.34
0
0.47
0
0
0
0.02
0.01
0.09
0
0.12
0.25
0.44
1.69
4.46
3.16
6.34
3.61
3.19
1.07
0
0
0
0
0
6.68
2.91
0.16
11.2
0.53
0
0
0.01
0
0.08
0.86
0.11
1.01
0.39
0.28
0
0
0
0.04
0.02
0
0.01
0.16
0.12
0.29
0.01
0.16
0
0
0
0
0
0
0
0
0
0.2
0.02
0
0
0
0
0
0.01
2.34
0.57
0.36
0
0.02
0
0.04
0.05
0.03
0
0
0.18
1.69
0.05
0
0
0.01
0
0.01
0
0
0
0
0
0
0
0
0
0
0.13
0
0
0
0.26
0.73
0.3
0.03
0.54
0.94
0
0
0
0
0
0
0
0
0.02
1.4
3.54
25.63
4.45
0.12
0
0
0
0.03
0.04
6.68
0.75
1.09
0.57
0
0
0
0
0
0
0.01
0
0
0
0
0
0
0
0
0
0
0
1.12
9.83
0.38
2.34
0.33
2.55
3.02
3.14
0.05
0
0
0
0
0.01
0.01
0
0
0
0
0
0
0
6.38
0.07
0.02
16.06
0
0.11
0.93
0.27
0.01
0.02
0
0
0
0
0.02
0.9
0.53
0
0
0.16
1.81
0
0
0
0
0.01
0.01
0
1.34
12.27
5.09
0.96
0
0.06
0
0
0
0
0
0.21
0.23
0
0.07
0.07
0
0
0
0
0
0.01
0
0
0
0
0
2.09
0
0
0
0.02
7
13.78
0
0
0
0.5
19.68
6.33
0.1
3.56
0
0
0.03
0.53
4.16
14.16
13.86
9.93
2.17
0.03
0
0.02
0
0
0
2.91
4.38
3.45
4.56
1.19
2.6
5.74
1.89
2.09
6.2
5.2
0
0.01
0
0.14
0
4.54
6.68
3.14
1.71
0
0.52
2.28
8.36
0.32
5.02
3.79
4.94
14.6
1.05
13.27
3.57
3.29
0.46
1.29
0.38
0.86
0
0
1.73
0.27
0.01
0.2
2.04
0
0.8
0.98
0.2
12.9
2.8
0.05
0.1
0.02
0
0
0
0
0
0
0
0.28
0
0
0
0
0
0.11
4.35
1
2.13
0.05
0.33
3.99
0.91
0
0
0.2
0.34
0
0.51
6.03
3.59
1.58
0
0
0
0
0.01
0.22
0
3.94
0
0
1.49
0.08
0
0
1.39
3.23
9.01
0
0.02
4.48
0.8
0.08
0
0
0
0
0
0
0
0
0
0
0
0
0.08
0
0
0
0
0
0
0
0
0
2.63
0.52
4.9
0.2
1.45
3.83
0.52
0.01
1.3
2.16
0.15
0
1.42
0.01
0
0
0
0
1.07
0.01
0.02
0
0
2.79
0.5
0.08
0
0
0
0
0
0.01
0.07
0.01
0.8
4.2
16.71
0.06
1.7
0
0
0
0
0.02
12.38
26.63
0
0.04
0.4
0.04
0
0
0
0
0
0
0
0
0
0
0
0.05
0
0
0
0
0
0
0
0
0
0
0
0
0.01
0
0
0
0
0
0
0
0
0
0
0.02
0
0
0.01
0
0
0.05
0
0
0
0
0
0
0
0
0
0
0
0.4
0.04
0
0
0
0
0
0
0
0
0
0
0
0
0
0.37
0
0.13
2.08
1.18
0.48
0.01
20.38
3.88
0.96
8.58
0
0
1.41
13.64
0
0.1
0.22
0
0.02
0
0
0
0
8.54
12.38
13.37
7.45
5.39
6.62
2.2
0.95
0
0
0
0
0
0.01
0.02
0.01
0
0
0
0
0.02
0
0
0
0
1.25
10.14
7.11
1.76
0.59
1.45
10.73
0
9.62
15.58
0
7.29
6.88
3.23
0.14
0.23
0.02
0
0.02
0
0
0.03
0
7
3.54
4.4
26.09
10.13
1
0.41
0.05
0.82
0.22
0.04
1.73
0
0
0
0
0
0
11.98
9.63
1.27
0.75
0.14
0.01
0
0
0
0
0
0
0
0.09
0.76
2.38
0.21
0
0
0
0
0
0
0
0
0
0
0
0
0
0
0
0.29
6.9
0.55
0
2.23
0.6
0.06
1.89
1.37
0.05
0
0
0.01
0
0.46
1.82
17.13
3.02
0
9.07
9.56
1.38
3.18
0.27
0.14
0
0
0
4.31
1.34
0
3.45
0.75
0
0.18
0
0.4
2.75
1.75
0.06
0.77
0.1
0
0
0
0
0
0.13
0.1
0
0
0
0
0
0
0.04
0
0
0
0
0.03
0.04
2.81
10.78
0.94
1.98
6.07
6.79
10.02
0
0
0.02
0
0
0
0.03
0
0
0
0
0
0.02
0.05
0
0.77
4.64
0.02
3.98
0.19
0.18
0.06
2.34
2.05
0.02
0
0
0
0
0
0
0.01
2.63
18.07
0.49
0.16
0.11
0
0
0
0.01
0
0
0
0
0
0
0
0
0
0
0
0
0
0
0
0
0
0.04
0.01
0.02
0.18
0.01
0.01
0
0.01
0.11
0.32
0.02
0
0
1.24
1.65
0
0
0.07
0
2.84
5.85
17.85
0.14
0
0.15
3.91
0.39
0
0
0
0.02
0.16
2.35
0.24
0.16
0.01
0
0
0
0
0.02
0.08
0.01
0.01
0.03
0
0
0
0
0
0
0
0
0
0
0
0.02
0
0.52
0
0
0.04
0.54
0.09
0
0
0
0
0
0
0.27
3.45
0.04
0
4.27
0
0
0.13
0.38
0.53
0.16
0
0
0
0.01
0.02
0.01
0.3
0
0.01
0.01
0.05
11.75
0.09
0.12
0.33
0
0
0.02
0
0
3.84
7.47
1.72
0
0
0.02
0
0.73
2.63
0
0
0
0
0.02
0.07
0
0.05
7.7
0
0
0
0
0
0
0
0
0
0.01
0.69
2.16
1.51
0.29
0
0.04
0.16
2.48
0.35
0.84
0.01
0
0
0.18
1.14
2.5
0.84
0
0.02
0.02
4.96
5.41
0.76
0.61
0.04
0
0
0.6
0
2.1
1.88
0.73
0
0
0.02
8.93
19.3
4.31
0.16
0
0
0
0
0
0
0
0
0
0
0
0
0
0
0
0.27
2.29
0.27
0
0.22
0.06
0
0.28
0
0
0
0
0
0
0
0
0.01
0
0
0
0
0
0
0.13
0
0
0
0
0
0
0
0
0
0
0
0
0
0
0.61
0.16
0.8
1.06
7.84
0.52
11.34
14.62
0.61
2.13
0.9
4.8
3.4
10.66
1.46
0.01
0.56
5.18
0.02
0
0
0.15
0.02
0.04
0.23
0
0
0
0
0
0.07
0.82
0.57
0.18
0
0
0.12
0
0
0
10.41
0.93
0.46
2.27
4.45
3.68
25.48
14.3
8.58
0.02
0
1.18
1.25
0.07
0
0.06
0
0
2.9
0.73
16.43
5.03
0.42
0
0
0
0
2.63
1.53
1.91
6.48
0.39
2.25
0
0
0
0.19
0.38
0
0.14
0
8.52
11.16
2.92
10.8
0.31
0
0
0
1
0.19
0.08
0
0.62
0.56
0
0
3.27
33.53
0
0.92
0.1
0.04
0.02
7.61
4.33
9.78
1.23
0
0.71
9.55
0.04
0
9.29
6.59
0.82
1.34
3.84
0.01
0
0
0.02
0.6
4.9
0.21
0
0
0
0
2.15
9.68
13.49
15.7
7.04
7.37
3.08
2.21
6.19
0.1
0
0
0
0
0
0
0.17
1.06
0.45
0
0.01
0
0
1.85
1.3
0
0
0
0
2.03
0.47
0
0
0
0
0.7
0
0
0
0
0.05
1.64
1.19
0
0.15
0
0
0
0
0
0.01
0
0.15
0
0
10.8
0.02
0.01
0
0
0
0
1.05
0.2
0
0
0
0
0
0
0
0
0
0
0
0.02
0.09
0
0
0.01
0
0
0
0
0
0
0.01
0
0
0
0
0
0
0
0
0
1.84
0.12
0
0
0
0
0.86
0.01
0
0
0.02
0
0
0
0
0
0
0.23
0.02
0
0.02
0
0.12
0.22
0.01
0
0
0
0
0
0.02
0
0
0
0.07
12.43
8.05
0.34
0.01
0.02
0
0
0
0
0.01
0
0.01
0.05
0
0
0
0
0
0.01
0
0
0
0
0
0
0
0.02
0
0.45
8.98
4.31
0
0
0
2.48
1.13
8.41
10.23
4.67
8.02
10.84
8.06
0
0.02
0
0
0
0
0
0
0
1.3
8.57
19.56
0.61
0
1.24
0.05
0
0
0.07
0
0
0
0
0
0.01
0.88
22.98
4.53
9.32
7.38
2.2
4.74
8.74
2.29
0
0
0.01
0.05
0.2
3.65
3.77
0
0.12
0.05
0
0
0
0.07
0.25
0
0
0.13
0.92
0.28
0.5
0.45
0
0.23
0.09
0.01
0
0.01
0.02
0
0
0
0
0
0.02
0
0
0.01
0
0
0
0.01
0.39
0.6
0
0
0
0.01
0.02
0
0.02
0
0.02
0
0.02
0.01
0
0.02
0.01
1.68
7.97
0.11
2.52
1.5
0.04
3.45
3.89
8.06
7.3
3
0
0.63
0.02
0
0.52
1.27
2.79
2.02
0.02
0
0
0
0
0
0
0
0
1.32
0.49
0.09
0
0.02
0
1.27
0
11.72
0.52
0
0.14
1.27
0
0
0
0
1.39
1.13
0
0
0
0
0
0.02
0.17
0
4.25
2.5
1.79
5.27
3.71
3.06
0.3
0.04
0
0.24
0
0
0
0
0
0
0
0
0
0
0
0
0
0
0
0
0
0
0.07
0.14
0
0
0.07
1.34
2.85
0
0.37
1.16
3.2
2.46
0.53
0
0.08
1.27
1.73
0.02
0.09
0
0
7.81
5.31
2.27
0.72
0.01
0
0
1.16
10.43
1.21
0
0.01
0
0
0
0
0.03
0
0.05
1.95
1.06
1.66
1.14
8.77
2
21.16
0
0
1.9
0
0
0
0
0
0
0.04
6.2
1.95
1.11
0
11.96
0.02
0
0
0
0
5.77
0
1.23
2.06
0
0.01
0.01
0
0
0
0.79
2.26
16.95
0.59
0.01
0
0
0
0
0
0.02
0
0
2.05
0
0
0
0
0.01
0
0
0
0
0
0
0
0
0.23
0.33
0.02
0
0
0
0
0
0.03
0
0
0
0
0
0
0
0
0
0
0
0
0
0
0
0
0.77
4.93
10.48
6.04
0.06
0
0.05
0.04
0
0
0.11
0.32
0.02
0.05
0.09
0
0
0
0
0
0
1.91
0
0
0
0
0.07
5.5
0
0
0
0
0.08
0
0
0
0
0.01
0.71
0
0
0
0
0
0
0
0
0
0
0
0.06
0.16
4.07
14.91
0
0.05
0.44
0
0
0
0
0
0
0
0
0
0
0
0
0.13
1.98
0
0.02
0
0.01
0
0
0
0
0
0
0
0
0.01
0.02
0
0
0
0
0.02
0
0
0
0
8.11
0.13
0.01
0.82
0.02
0
0
0
0
0.02
0.83
0.16
9.83
3.74
0.23
0.14
1.26
2.79
0
0.02
0.02
0
0
0
0.01
0.01
0
2.17
7.51
0.88
0
3.33
0.36
0.92
0.2
0.1
0.09
0.02
3.28
14
2.73
2.1
2.08
1.54
0.16
0
3.56
0.48
0
0
0.01
0
0
0
0.02
0.02
0
0.07
13.57
5.13
0
0.03
0.01
0
0
1.29
0.3
3.52
6.97
5.26
1.11
1.46
1.23
1.71
0
2.1
0.64
0.1
0
0.01
0
0
0.01
0.19
0
0.13
0
0
0
0
0
22.21
12.52
12.85
15.13
7.7
6.9
4.43
3.28
1.69
3.28
8.15
13.47
5.01
1.92
1.9
17.34
3.16
4.31
12.96
0
10.86
0
0.31
0.26
9.71
0.2
1.38
0.27
0.23
0
1
4.63
1.21
0.07
1.1
1.03
1.27
0
9.25
6.91
6.54
11.56
22.09
16.07
6.83
1.77
0
6.94
0.34
0
1.27
0
0
0.02
0.41
0.05
0.26
0.2
0
0.04
1.54
3.66
0.06
0
0
0
0
3.66
1.27
2.71
2.43
0
0.03
0.02
0
0
0
0
0.02
0.99
1.62
6.32
4.75
4.73
3.44
0
0
0.57
0.28
9.35
4.68
19.58
6.2
0
3.65
9.72
0.2
0
3.87
2.66
0.51
5.38
6.69
0.89
0.4
0.74
0
0.24
0
0
0
0
0
0.06
0
0
0
0
0
0.34
3.25
1.16
0.77
5.45
0
0
0
0.02
0
0
0
0.02
0
0
0.03
0.01
0
0
0.01
0
0
0
0
0.05
0.1
0
0
0
0
0
0
0
0
0
0
0
0
0
0
0.13
0.08
0
0.66
0
0
0.02
11.8
0
0
2.34
1.02
0.27
1.3
0.05
0
0
5.33
6.18
0
0.27
0
0
4.23
0.06
2.34
0.01
0
3.49
0
0.06
0.02
0
5.66
0
0.23
4.84
9.7
0.52
0.52
0.11
3.55
0.01
6.5
0
0
0
0
0
0
0
0.18
0
0
0
0
0
0
0
0
0
0
0
0
0
0
0.27
0.34
0.03
0.5
4.23
0.25
0
0.63
18.04
5.8
0.45
1.02
0.09
0
0
0.63
3.23
8.93
0.39
2.56
12.52
15.05
0.13
0.32
0
4.59
13.62
0.5
0.71
5.06
0.07
2.21
1.3
0.17
0.31
0.52
0.46
0.59
0.38
1.8
5.87
6.64
2.96
2.29
2.82
0.48
11.46
3.47
0
0.17
4.09
0.14
0
0
0
0
0
0
0
0.02
0
0.01
0
7.38
13.05
0.33
1.21
2.62
0.55
1.5
0
0
0
0
0
0
0
0
0
0
0
0
0
0
0
0
0
0
0
0
0
0
0
0
0
0
0
0
0
0
0
12.34
0.36
0
0.94
0.38
0.22
0
0
0.02
0.05
1.92
6.91
6.75
4.48
0
0
0
0
0
0
0
0
0
0
0.01
0
0
0
0
0
0
0
0
0
0
0.02
0
0
0
0
0
0.01
0
0
0.01
2.69
7.02
0.03
1.85
0
0
0
0
0
0
0
0
0
0
0
0
0
0.08
0
0
0
0
0
0
0
0
6.69
4.18
3.88
0
2.55
10.38
5.73
1.7
3.84
2.38
2.51
0
0
0
0
0.36
0
7.25
21.12
14.91
5.97
3.88
1.2
4.88
11.22
4.81
1.46
0.19
0
0
1.29
0
2.98
0.12
0
0
0
0.02
0
0.14
0.14
0
0
0
0
0
0
0.09
0.03
0
0
0.01
0.04
0
0
0
0
0
0
0
0
0
0.24
0
0.18
0
0.26
0.06
0.25
0
0
0.01
0.01
0
0
0
0
0
0
0
0
0
0
0
0
0
0.04
0
0.12
0
0
0
5.91
2.78
0
0
0
0
0
1.12
0.06
0
0.02
0.19
0.01
0
0.02
0.61
0.11
0
0
0
0
0
0.02
0
3.02
0.09
0
0
0
0
0
0
0
0
0
0
0
0
0
0.02
0
0
0
0
0
0
0
0
0
0.09
0
12.88
2.02
0
0
0
0
3.19
0
0.02
5.99
0.05
0.03
0.83
0
0
0
0
0.05
0
0
0.38
0
0
3.34
4.83
21.44
2.08
5.27
0.16
5.17
5.81
1.7
1.28
0.06
0.01
0
0.35
0
0
0
1.35
0.02
0
0
0
0
0
0
0
0
0
0
0.55
0
3.25
0.41
0.22
0.19
0.72
9.88
3.47
0.88
6.56
6.03
0.52
0.01
0
0
0
0.08
0.05
0
1.28
1.92
1.98
5.09
2.09
1.02
0.23
0
2.58
0.81
1.48
7.22
7.19
7.66
0.72
0
3.88
0.07
0.08
2.74
2.53
10.59
1.22
0.91
0.24
1.5
0.88
2.55
2.36
5.23
0.78
0.22
1.38
0.94
0.09
0.05
0.55
1.48
0.27
0.27
0.12
5
0.08
0.02
0.3
0
1.83
1.06
27.44
28.06
8.83
1.38
0.13
0
0.01
0
0
0
0.01
0
0
0
0
0
0
0
0
0
0
0
0.32
0
0
0
0.01
0
0
0.02
3.72
0.19
0
5.06
0.25
0.25
2.22
7.16
0
0.66
0.55
0
0.77
1.88
0.59
0.27
0
0.01
0
0
0
0.56
0
0
0
0.03
0
0
0.03
0.02
0
0
0
0
0
0
0
0
0
0
0
0
0.38
11.75
2.62
1.17
0.02
2.55
0.17
0
0
0
0
0
0
0
0.83
32.09
11.5
1.5
0
0.01
0
5
6.22
2.66
0.2
2.43
1.27
1.75
0.02
0.77
11.19
19.81
3.31
0
0
0
0.62
7.27
2.9
1.32
4.21
3.3
1.27
0.53
0.27
2.09
8.61
0.97
3.67
8.64
2.47
1.16
4.06
0
0.17
0.73
6.39
3.18
2.24
0
0
0.05
0.02
0
0
0.02
0
0.02
0
1.59
1.17
0.28
0
18.8
3.27
8.2
10.97
0
0
0
0
0
0
0
0
0.02
0.91
1.04
0.59
0
0
0
0
0
0.01
4.28
12.73
0.14
0.09
5.89
0
0
0
0
1.23
0.15
0
0
0.46
0.05
0
0.01
0
0
0
0.02
0.52
0
0
0
0
0
0
0
0
0
0
0
0
0
0.9
11.5
0.03
0.27
1.53
0.19
0
0
0.01
0
0
0
0
0.31
0.34
0
0
0
0
0
0
0
0.84
0
0
0
0
0
0
0
0.03
0
0
1.17
36.59
0
0
0
0
0
0
0.01
0
0
0.05
0
0.01
0
0
0
0
0
0
0
0
0
0
0
0
0
0
0
0
0
0
0
0
0
0
0
0.01
2.55
8.69
0
0
0
0.06
0.88
1
0
0
0
0
0
0
0.03
14.94
0.11
0.15
0
0
0
0
0
0
0
0
0
0
0
0.01
0
0
0.38
3.5
1.09
0.86
1.79
0.03
6.3
0.01
0.03
0.01
0
0
0
0
0.09
3.39
1.12
12.62
12.61
5.16
0
0.31
0.6
0
0
0
2.04
0.09
0
0.01
0.07
0
0
0
0.01
0
0
0.03
0
5.72
0.27
0.02
0
0
0.3
2.31
4.16
0.03
2.45
9.83
0.89
5.12
6.59
7.58
0.02
0.27
2.17
0.72
0.08
0.02
0
6.21
0.16
0.09
0.02
0.11
1.46
0.11
0.03
3.66
0.94
0.75
0
4.92
2.09
0.76
0.31
0.39
0.23
0.78
6.62
17.78
5.42
1.3
0.03
0.02
0.02
0.02
0.01
0
0
0
0
7.2
11.59
1.44
12.03
1.75
7.58
1.55
0.13
0.56
2.22
3.44
1.67
0.3
0.44
0.08
0.09
8.72
12.83
14.5
11.38
22.59
0.91
2.28
0.98
0.08
0
0
0
0
0
0
0
14.22
1
0
0
0
0
0
0.01
0.8
0
0
1.23
0.12
0.28
5.41
10.54
0.44
0.04
0.03
0
0
0
0
0
0
0
3.2
0
0
0
0
0
0
0
0
0
0
0
0
0.1
5.3
1.5
0
0
0
0
3.02
2.28
9.03
8.7
0.02
0.3
3.25
2.62
0.13
0
0.27
0.69
6.72
7.62
3.55
2.96
6.74
1.03
10.03
2.53
11.66
2.05
0
3.38
0.88
2.59
0.03
0.32
0
0.02
0.87
5.14
0
0.38
0.05
0
0
0
0
0
0
0
0.13
0
0
5.88
0.03
0
0
0.85
0
0.08
0.09
4.75
6.53
0.42
5.12
4.41
16.06
0
0
0
0
0
16.61
0
0
9.45
0
3.12
0
7.05
0
1.09
0.03
0.23
0
0
0
0
0
0
0
0.01
0.01
0
0
0
0
1.72
0.01
0
0
0
0.02
0
0
0
0
0
0
0
0
0
0
0
0
0
3.58
0
0
0
0
0
1.73
0
0.2
0
0
0
0
0
0
0
0
2.07
0
0
1
0
0.01
0
0.25
0
0
0
0.02
0.89
9.78
0.09
0
0
0.02
0.42
0.08
23.03
24.69
0
0
0
0
0
0
0
0.05
0
0
0.21
5.92
41.12
1.88
1.81
0
0
0
0.2
2.28
0.28
0
13.49
0
0
0
0.01
0
0
0
0
6.64
0.03
0.01
0
0
0
0
0
0
0
0
0
0.05
0.19
0
0
0
0
0
0
0
0
0
0
0
0
51.25
22.25
45.69
0.95
7.56
0.08
0.03
0
0
0
0
0
0
0
0
0
0
0
0
0
0
0.19
0.47
1.89
18.94
3.09
2.19
1.12
0.33
2.33
0
0.02
0.14
6.27
0.84
0.27
0.27
1.05
0
4.36
0
0
0
0.2
0.01
0.01
0.01
0
0
0
0
0
0.11
0.05
0.02
2.66
4
4.72
13.16
0.31
0.01
0.04
0.01
0
0
0
0
8.16
2.67
0.03
0
0
0.06
0.06
0.01
0
0
0
0
0
0
0
0.03
0
0
0
0
0
0
0
0
0
0
0
0
0
0
0
0
0
0
0
0
0
0
0.1
1.16
2.64
0.27
0
0
0
0.31
2.12
0
0
0
0
0.56
1.36
0.45
0
0
0.04
0
10.14
0.05
0
1.38
2.44
0.17
0
2.91
22.05
13.38
3.91
2.84
0.12
0
0
0
0.62
1.41
2.75
1.09
1
0.75
1.34
0.56
0.12
0.07
1.97
11.23
0.67
0.05
0
0
0
0.23
0
0
0
0.09
0
1.62
1.55
0
0.02
0
0
0
0.06
8.22
0.66
0.06
14.84
4.61
1.71
0.42
7.34
5.88
4.55
0.35
4.12
0.18
0
1.03
0
0
0
0
0
0
0
0
0
0
2.15
0.32
0
0.07
0
0
0
0
0.05
0
0.77
0.05
0
0
0
0
0
0
0
2.28
0.07
0
0
0
0
0
0
0
0
0.02
0
0
1.11
1.57
0.29
0.62
0
0
0.41
0.05
0
0.01
0
0
0.28
0
0
0.13
0
0
0.06
0
0.04
0.42
0
0
0
0
0.17
0
0
0
0.02
0
0
0
0
0.02
0
0
0
0
0
0
0
0
0
7.05
0.23
0.21
0.28
0
0.23
0
0.06
0
0
0
0
0
0
2.23
0
0
0
5.97
0.03
0
0
0
0
0
0.06
0
0.3
0.28
0.65
0.18
0
0
0
0
0
0
0
0
0.02
0
0
0.01
1.39
2.02
4.48
0.83
0
0.09
0.47
0.39
5.22
13.16
0.29
0
0
0
8.75
0.23
0.65
0
1.84
0.04
0
0
0
0
0
0
0.28
0.8
0
16.75
4.42
0.2
0
0
0
1.89
0
0
5
6.28
0.62
0
6.3
0.02
0
0
0
0
0.09
0.1
2.04
0.42
0.02
2.04
0.13
0
0
0
1.91
3.06
0.94
0
4.84
0.08
3.05
5.78
3.66
4.45
7.09
0
3.23
11.3
9.91
1.77
3.85
0.14
0.02
6.17
0
0
0
0
0
0.64
4.16
1.56
1
2.41
14.78
16.38
9.66
6.72
30.72
38.19
12.02
3.02
1.66
1.75
2.05
0
5.39
0.03
0.38
0.06
0.03
0
0
0.01
0
0.14
0.01
0
