19510101
18.59
13.89
0.35
0.01
0
0
0
0
4.7
2.35
3.61
4.98
4.56
1.61
0
0.09
0
0.49
0.01
0
0.01
0
2.02
8.77
3.2
8.93
9.51
7.31
0
0.02
0.01
0.01
0.19
7.86
24.74
3.14
7.74
2.86
2.64
3.45
6.31
7.48
8.7
2.24
5.86
2.76
0
0.96
3.19
1.02
4.54
1
3.33
14.09
0.39
0
0
0.01
0.01
0
0
0.77
2.08
3.73
1.38
3.23
3.97
7.44
23.4
5.56
17.69
13.41
9.14
8.38
0.38
0.79
0.13
0.01
0
0
0
0
0
0
0
0.01
0.17
0
0
0
0
0
0
0
0
0
0
0
0
8.16
2.03
0.05
0
0
0
0.01
1.41
0.95
0.84
1.59
0.2
1.2
3.79
0.6
5.27
5.78
14.5
9.88
4.37
18.38
7.34
6.03
0
0.49
6.99
9.22
3.81
5.95
0.71
1.52
0.91
0.15
0.01
0.02
0
0
0.04
2.73
1.43
1.41
0.06
0.02
0.03
0
0
3.38
0
2.46
7.11
1.58
0
0.05
0
17.96
2.83
9.36
0.06
5.32
0
0.01
0.02
0
0.07
0
0.06
1.04
0.86
0.75
0.02
0
0.32
0.12
2.13
0
0
0
0.48
0
0
1.45
6.74
2.33
0
0.04
0.16
0
0.34
0.41
0
0
0.01
0
0
0
0
0.01
0
0
0
0
0
0
0
0
0
0
0
0.23
0
0.1
4.01
5.73
5.88
7.95
0.26
0
0
0
0.03
0.01
0
0
0
0
0.03
0.05
0.01
0
0.02
0
0
0
0.01
0
0.78
21.71
1.99
0.05
0
0
0
0
0
0
0
0
0
0
1.56
9.63
2.88
0.21
2.32
8.94
13.62
4.16
0
0
0
0.02
0
0
0
0
1.28
37.79
0
0
0.02
0
0.02
0
0.6
10.3
8.94
0.36
0
0
0
0
1.83
8.79
0.11
0
5.39
2.75
1.1
0
0.02
0
0.01
0
0.56
1.05
0.28
0
0
0.02
0.09
0.48
1.87
3.84
5.99
0
0
0.16
0
0.21
5.02
13.88
8.77
10.79
21.83
3.76
6.65
7.24
1.57
0.46
2.76
0.68
2.13
15.13
5.52
2.34
1.04
0.61
0.02
0.03
0.02
0.01
0.38
0
0.13
0.05
0
0
1.26
2.4
0.01
0.22
0.2
0.3
0.15
0
0.09
1.36
0.09
0
2.21
0
0.02
0.02
0.38
1.11
2.77
0.66
5.51
1.01
2.15
1.95
1.91
1.84
0
0.02
0
0
0
0
0
0
0
0
0.01
0
0
0.02
1.25
0.71
0.08
0
0
0
0.23
0
0.45
1.15
0.7
5.57
5.51
7.65
16.29
8.68
2.48
1.27
0.36
0.56
1.12
0
0
0
0
0.01
0
0
0
0
0
13.22
5.73
0.34
0.44
0
0.1
0.51
0.05
0
0
0
0.05
1.16
0.72
0.27
0.47
0
0.02
0.01
0.01
0.64
0.02
0
0
0
0.14
4.1
2.35
6.08
3.99
0.07
2.5
0.15
7.3
6.6
0.95
0.17
0.01
0
0.01
0.02
0.16
0
1.7
6.63
12.15
10.48
6.17
6.79
12.58
1.33
0.21
0
0.12
0.01
0
0
0.09
15.33
16.39
3.16
19.46
1.22
0
0
0.76
0
0.01
0.01
0.06
1.15
1.71
0.01
0.01
0.03
0
0.02
0.23
4.2
4.83
3.91
16.73
5.83
5.96
0.02
0
0.11
0.01
0
0.44
0
0
0.73
1.01
0
1.14
8.33
3.21
5.13
5.27
13.21
10.07
4.84
0.04
0
1.07
1.28
3.26
7.95
0.23
0.06
0.02
0
0.03
0
0
0
2.23
1.8
3.51
0
0
0
0
0.31
1.26
3.57
0.04
0
0.13
1.79
0
0
0
2.02
5.68
0.3
0.13
0
0
0.42
3.14
6.23
11.03
0.45
0
0
0
0
0.04
0.27
0
3.8
8.84
0.15
0.04
0.08
0
0.34
4.2
0.7
4.24
0
0
1.98
3.9
9.62
0.92
7.15
1.75
18.07
1.13
0
0
0
0.03
0.14
0
0
1.14
0
0
0
0
0
0
0
0.15
3.39
0.01
0.01
0.23
0.46
1.78
0
0.02
0
9.05
15.37
5.53
2.58
0
0
0.07
0
0.02
0
0.85
0
0
0.68
0
0
1.96
1.13
0.34
9.44
8.79
0.55
0
0
0
0
0
0
0
0
1
2.51
0
0.36
0.74
0.29
0
0
0.06
0.01
3.53
0
0
0
0.76
0.41
1.66
0.41
1.77
3.63
0
0
4.58
9.77
0.72
2.95
7.81
0.04
0.45
5.75
1.23
0.01
1.54
3.26
0
0
0
2.05
0
0
0
0
0
0.01
0.01
0
0
0
0
0.67
0.44
0.36
1.55
4.55
3.14
3.98
0
0.51
0
1.11
1.93
1.25
1.47
1.7
3.7
16.92
2.77
5.07
1.1
0.11
0
0
0
0
2.16
0.01
0
1.72
8.73
4.54
0.78
1.95
5.41
1.44
0
0.02
0
1.81
0.02
0.41
0.41
0.59
3
2.14
2.33
1.25
0.09
1.32
2.52
2.98
0.18
0.45
0.32
0.61
1.76
0
0.24
0.57
0
0
0
0
0
0.03
0.02
0
0
0
0
0.02
0.09
0.01
0
0
0
0
0
0
0.01
0
0.83
3.27
8.91
6.3
1.11
0
0.05
4.16
0.77
0.73
1.05
0.89
0.05
0
0
0.05
0
0.08
0
0
0.01
0
0
0
0.08
0
0
0
0
0
0
0
0
0
0
0
0
0
0
0.63
0
0
0
0.1
0.52
0.7
0.38
0.09
0
0.21
0
0
0
0.25
0.34
0
0.1
0.01
11.69
1.78
0.09
0
0.15
1.48
2.33
1.49
0.27
0.02
0.14
0.2
0
0
0
3.91
19.01
12.38
8.86
0.16
6.62
1.11
3.11
0.58
11.93
0.64
0.02
0
0
0.01
0
0
0.01
0
0
0
0
0
0.02
0
0.25
12.38
0.61
0
0
0.04
0
0
0
0
0
0
0.14
0.87
0.46
0
0
0
0
0
0
0
0.11
0.05
0.3
10.3
0
0.21
0
0.04
0
1.43
0
0
0
0
1.1
0
19.11
0.45
3.38
2.14
0
4.42
0
10.97
8.97
7.73
7.1
0
0
1.98
1.76
0.58
3.34
0
0
0
0
0.25
0
0.01
0
0
0.77
0
0
0
0
0
0
0
0
0
0
0
0
0
0
0
0.02
1.33
0.91
0.15
0
0
0
0
0
0
0
0
3.69
2.3
0.76
0
0.01
0.02
0
0
0
0
0
0.07
0
0.05
0.05
0.01
0
0
0
0
0
0
0
0.15
0.5
5.29
2.42
0
1.13
0
0
0
0
0.09
0.05
0
0
0
0
0.01
0
0
0
0
4.75
13.28
2.15
0.23
0
0
0.32
0.39
5.17
13.46
1.27
0.21
2.18
0
1.3
3.37
12.42
8.55
8.81
9.43
9.19
0.13
0
0
4.13
0.12
0.05
2.75
0.34
2.26
6.59
2.48
2.01
0.12
0
0
1.63
5.91
0.51
0
0
0
0
0
0
0
0
0
0
0
0
0
0
0
0
0
0.02
0
0
0
0
0
0.02
0.71
0
0
0
0.2
0
0.8
7.95
2.38
0.76
7.95
5.79
0.48
0.03
0.16
0
0.71
1.14
0.72
0.29
1.89
1.42
0.95
0
0
0
0
0
0
0
0
0
0
0
0
0.27
0
0.01
0.59
0.6
0.95
0.52
0.04
0.02
0
0
0.01
0.01
0
0.01
0
0
0
0
0
0
0
0
0
0.01
0.11
1.53
4.41
6.92
3.98
0
0.22
0
1.39
0.86
0.53
0.17
1.52
0.69
1.44
9.23
1.44
2.02
5.69
3.1
0.79
0.14
0.01
0
0
0
0
0
0
0
1.03
0.39
0.11
0
0.02
0.02
0.62
4.94
0
0.26
10.85
14.74
3.71
0.55
6.88
7.84
9.88
3.29
0
2.31
5.43
1.26
2.09
0
0.02
3.41
4.91
0
1.05
0
0
0
0.04
2.92
2.16
0
0
0
0
0.13
0.02
0
0
0.03
0
0.47
0
0
0
0
0
0
0
0
0
0
0
0
0
0
13.96
1.92
2.91
3.88
0
2.1
1.89
0.21
0.01
0
0
0.01
0
0
2.38
0
3.37
4.46
43.31
12.95
3.08
0.06
0
0
0
0
0
0.02
0
0
0.34
0.05
0
0
6.6
4.89
18.17
41.58
0.43
0
0
0.05
0
0.78
0.38
0.01
0
0
0.02
0
0
0
0
0
0
0
0
0
0.12
0.06
0.25
0
0.02
0
0.17
0.04
0.03
0
0
0
0
0
0
0.04
0.13
0.02
0
0
0
0
0
0
0
0
0
0
3.2
1.66
0
0
0
0
0
0
0
0
0
0
0
0
0
0
0
0
0
0
0
0
0
0
1.45
0
0
0
0
0.09
0
1.92
0.48
0
0
0
0
0
0
0.03
0
0
0
0
0.06
1.63
0.2
0
0
0.04
0.05
0
0
0
0
1.79
0.74
0
0
0
0
0
0
0
0
0.6
0.04
0.01
0
0
0
0
0
0
0.07
0.21
0.28
0
0
0
0
0.01
0
0.01
0
0
0
0.06
0
0
0
2.3
0
0
0
0.51
0.09
0.01
0
0
0.13
0
0.44
0.18
0.14
0.02
0
0.14
2.34
14.21
3.33
1.59
0.09
0
0
0
0
0
0
0
0
0
0.48
0.14
3.47
7.68
1.84
0.5
6.57
9.27
1.41
12.45
13.34
2.51
1.12
0
0
0
0
0
6.9
5.41
0.8
0.09
0.18
0
0
0
0
0
0
0
0
0
0
0
0
0
0
0
0
0
0
0
0.1
6.46
17.73
11.3
10.39
5.3
6.03
1.15
13.59
1.92
1.07
0.7
0.76
0.91
4.33
3.35
12.4
13.56
10.52
3.68
3.83
3.15
1.12
0.07
0.45
0.1
0.2
0.38
2
5.94
7.36
7.18
32.61
4.6
0.56
0
0.37
0.03
0
0.01
0
0.05
1.75
3.82
0.22
15.44
29.83
11.98
7.79
5.79
0.73
0.97
5.02
3.89
7.22
5.43
2.54
0.39
0.02
0.01
0.02
0.02
0
0
0
0.22
0.02
3.95
0.99
0.19
0.86
1.69
0
0
0
0
0.01
3.4
8.88
5.65
0.21
0
0
0
0
0
0
0
0.02
0.05
0
0
0
0
0
0.01
6.43
4.16
0
0
0
0.01
0
0.02
0.27
0
0
0
0
7.46
10.27
3.96
6.93
6.55
0
0
0
0.04
0.59
0
0.34
3.69
0.05
0.03
0
0.38
0
0
0
0
0
0
0.07
0
0
0
0
0.94
0.03
0.38
1.55
0
1.55
3.52
2.64
2.34
0
0
0.1
2.02
6.32
3.81
1.56
2.98
0.02
2.14
7.11
0.69
6.76
0.57
0
0
0
0
0
0.24
3.55
10.2
8.72
2.79
0.61
0.01
1.61
0.07
10.45
0.36
0
0.16
0.02
0
0
0
0
0
0
0
0
0
0
0
0.02
0.04
0
0
0.02
0
0.1
0.54
0.1
0.38
1.63
3.55
5.74
0.43
1.66
0
0
2.31
0.04
0
4.34
0
0
0
0.27
3.04
5.45
3.02
0
0
0
0
0
0
0
21.88
0
0.57
0
0.01
0
1.16
0.14
0.5
0
0
0
6.5
7.65
0
0
0.04
0.02
0.07
1.44
1.71
0.16
0
0
0
4.95
0.87
0.14
0
0.41
0
0
0
2.9
1.7
22.5
0
0
0
2.28
0
0
0
0
0
0.18
0
0.35
0.29
5.64
7.93
2.3
0
0
0
0
0
0
0
0
0.03
0
0
1.07
4.81
0
1.19
10.53
0
0
0
0
0
0
0.81
10.99
19.27
14.91
8.93
2.31
0
2.41
9.09
0.45
0
3.7
3.52
0.62
0.21
4.46
2.33
0
0
0
0.01
0
0
0
0.05
0.79
1.71
10.43
1.09
2.57
0.05
0
0
6.5
16.33
11.82
1.13
0.18
0.02
0
0
0
0
0
0
0.59
2.82
11.92
25.21
22.75
19.35
7.25
5.34
5.92
10.7
7.26
0.89
0.58
3.02
0
0.02
0
0
0.12
0.77
0.22
0
0.09
0.13
0
0
0
0
1.56
4.31
1.44
0.55
9.43
6.14
2.89
5.09
10.3
3.97
5.16
2.86
1.64
0.28
0.04
0.21
0
0
0.01
0
0.01
0
5.96
2.56
0.32
0.13
0.02
0
0
0
0
0
0
0
0
0.2
0
0
0
0
0.13
0.06
0
0.85
1.7
2.57
5.69
1.37
0.64
0.16
0
0
0
0
0
0
0
0
0
0
0
0.68
0.03
0
0
0
0
0
0
0.06
8.94
10.52
7.38
7.2
11.42
21.98
6.5
8.19
3.89
8.47
23.5
33.49
14.55
5.41
0
0
0
0
0.01
0.09
0.04
1.82
2.41
0.34
1.26
0.53
4.61
9.09
9.1
3.4
5.84
0
0.03
3.07
7.42
4.52
5.59
3.53
1.52
4.9
5.86
9.92
4.02
0
0
0
0
0
0
0
0
0
0
0
0
0
0.01
0
0
0
0.07
0.88
0.53
24.22
14.09
12.12
6.21
4.36
36.1
43.73
9.9
0.02
0
0.53
0
0
0
0.01
0.01
0
0
0
0
0.03
5.53
1.11
0
0.52
0
0
0
0
0
0
0.02
0.01
0
17.45
4.36
3.78
2.93
0.56
8.56
0
0.11
0.11
0
0
0
0
0
0
0.01
0.05
0.01
0.01
0
0
0.01
0
0.39
0
0
0.02
3.94
18.72
3.98
0
0
0
0
0.02
0
0.1
6.23
0.19
0
0
0
0
0
14.59
12.63
1.27
0
0
0
0
0
0
0
0
1.1
0
0.01
0.05
0
0
0
0
0
0
2.32
0
0
0
0
0
0
0.12
0
0.01
0
0.01
0.01
0.01
0
0
0
0
0
0
2.48
2.29
0.37
1.65
11.24
9.59
2.07
19.46
18.05
6.16
0.28
0
0
0
0
0
0
0
0.98
0
0
0
0.03
1.69
2.46
2.81
0.01
0.64
1.73
6.21
2.38
0
0
0
0
0
3.7
0.36
0.05
0
0
0
0.04
0
0.13
2.5
0
0.11
0.02
0
0
0.52
1.61
3.41
2.12
0.64
0.11
0.83
0.19
0
0
0.21
0.09
0.04
0.76
6.11
2.55
0.13
0.04
0.03
0
0
0.01
0
0.15
0.25
0.19
0
0
0
0
0
0
0.02
0
0
0
0
0
0
0
0
0
0
0
0.02
0.23
0.45
0
0
1.3
1.08
1.63
4.99
4.91
8.91
8.1
4.4
0.6
0
0
0
0
0
0.91
1.82
0.82
0
0
0
0.82
2.68
0
0
0.01
1.4
0
0
0
3.32
4.08
1.61
0.46
0
0
0
0
0
0
0
0.13
0.99
0.24
0.45
0.48
0.91
0.46
0.45
0
0
0.62
4.35
17.52
16.95
16.43
2.55
0
2.29
0.41
0
0
0
0
0
0
0
0
0
0
0.05
1.46
5.39
0.31
0
0.04
1.95
1.13
0
0
0
0
0.02
0
0.02
0.07
0
0.75
4.82
5.23
2.48
6.51
1.89
0
0.89
0
0.45
2.65
1.69
0.03
0
0.02
0.04
2.97
0.66
0
0.03
0.57
0
0
0
0
1.3
2.4
4.11
2.62
0.07
0.2
0
0.14
0
1.27
2.63
5.5
5.98
7.24
7.45
4.16
9.3
7.07
1.82
11.04
5.43
0.1
1.73
11.58
11.45
5.07
4.35
0.8
1.55
2.38
0
0
0
0
0
1.55
0
0
0
2.77
5.05
8.43
7.07
4.45
6.99
5.13
3.29
9.26
10.83
7.63
0.79
0.04
0
0
2.33
22.99
11.55
1.35
0.03
4.28
10.33
7.9
1.38
4.54
15.25
18.93
0.84
0.14
1.84
6.82
1.51
0
0
0
0
0
0
0
0
0
0.02
2.99
2.89
0
0
0.03
0
0
0
0
0
0.06
0
0
0
0
0
0
0
0
0
0
0
0
0
0
0
0
0
0.32
0.19
0.27
0.04
0
0
0
0
0
0
0
0
3.14
0
0
0
0
0
0
0.01
0
0.04
0
0
0
0
0.25
6.04
1.84
2.88
3.15
0.02
0
0
0.01
0
2.37
0.32
0.02
0.38
0.02
0
0
0
0
1.54
7.82
2.79
5.67
10.15
2.65
0
0
0
0
0
0
0
0
7.37
9.74
31.66
12.88
0.2
0
0
0
0
0
0
0.97
1.56
7.09
7.18
5.32
0.5
0.01
0.63
4.17
1.87
0.03
0
0
0.01
0
0
0
0
0.18
0.01
0.24
2.97
1.59
0.8
2.19
4.78
12.31
5.74
7.57
2.39
0
0
0
0
0.01
0.05
0
0.02
0
0
0
0
0.58
0.56
0.01
0.01
0
0
0
0.01
0
0.04
0
0
0
0.04
0.01
0
0
0.35
7.13
12.38
8.29
1.02
0.13
0.23
0
0
0
0.02
0.01
0.02
1.34
5.88
2.27
1.7
0.11
0
0
0.01
0.01
0.08
0.62
0.69
0.21
0.45
0
0.02
0.01
0
0.19
1.51
2.18
0
0
0.07
0.04
0
0
0
0
0.04
0
3.73
4.68
0.54
1.43
3.38
3.9
8.33
13.07
2.63
1.24
0.07
0.07
0
0
0
0
0.05
0.63
1.18
5.65
8.37
3.53
4.89
1.43
0
0
0
0
0
0
0
0.78
0.13
0.66
1.19
0.32
0
0
0
0.71
0.24
0
0
0
0
2.2
0.96
2.99
1.96
0.95
0.09
0
0
1.69
3.21
0.92
3.64
0.59
0.51
0
1.67
17.73
5.4
4.23
2.86
5.44
9.94
5.29
7.41
1.51
5.4
7.26
7.38
2.91
3.99
0.8
0.52
0
0
0
0.45
3.75
5.03
0.71
0.14
0.11
0
0.01
0.34
0.19
0
0
0
0
0
0.21
0
0
0
0
0
0
0.01
0
0
0
0.07
3.74
4.13
2.66
3.48
15.67
4.44
0.02
0
0
0
0
0
2.68
0.26
0
0
0
0.04
0.01
0
0
0
0.01
0.07
0.13
0
0
0
0
0
2.62
8.44
0
0.01
0
0
0
0
0.1
14.61
25.09
10.68
0.62
0.27
0.13
0.75
0.4
1.19
2.6
0
0.05
1.02
1
5.26
0.03
0
0
0
0
0
0
0
0
0
0.03
0
0
0.01
0
0
0
0
0
0.01
0
0
0
0
0
0
0
0
0
0
0
5.85
2.2
0
1.41
0.11
0
0
0
0
0
0
0.01
0
0.01
0
0
0
0
0.23
2.89
0
0
0
0
0
0.01
0
0.27
1.16
0.02
0.68
0.01
0
0
0
0.57
1.69
0.01
0.92
0.84
2.19
1.66
0.15
0.23
0
0
0
0
0
0
0
0
0
0
0
0.02
0
0
1.39
12
3.33
0
2.93
1.37
3.39
7.41
1.48
0
0.35
0.15
0
0.01
0
0
0
0
0
0
0
0
0
0
0
0
0.01
0.95
0
0.23
0.05
0.5
3.24
1.63
0.06
0.01
0
0
0
0
0
0.01
0
0
0.69
1.52
1.74
0
0
0.45
0.22
0
0
0
0
0
0.05
1.1
0.06
2.36
1.39
0.1
0.16
4.34
5.8
14.28
11.6
8.29
7.13
4.87
3.11
2.53
1.46
3.65
5.67
17.68
11.77
14.07
10.41
9.67
21.77
19.63
9.48
6.82
6.45
3.16
0.54
2.21
1.02
0.34
0.39
0.19
0
0.01
0.19
0
0.02
0.01
0
0
0
0.33
5.45
3.69
2.51
0.66
2.19
11.68
9.39
0.34
0
0.13
0.25
4.57
1.43
2.66
0.3
0.2
0
0
0.33
0.27
0
0
0.05
0.55
1.25
3.38
1.48
0.44
0.1
2.14
0.99
0.08
0.49
0.41
0
0
0
0.01
0
0
0
0
0
0
0
0
0
0.16
0
0.02
0.15
1.54
4.04
18.11
2.5
6.43
6.39
2.39
15.55
16.43
7.94
13.17
6.74
0
0
0.02
0
0.55
0.22
0.29
11.41
9.38
0.85
6.04
3.44
1.34
0
0
0.38
0.77
0
0
0
0.47
0.34
1.09
0.99
1.31
1.65
0.48
0
0.01
0.32
0.33
10.46
7.68
7.78
3.42
0.16
0.18
0
0.98
1.48
1.42
4.3
3.95
0
0
1.78
0
3.16
0.57
0
1.28
0.86
1.61
6.29
14.33
13.34
4.96
0.98
3.01
1.63
1.2
0
0
0.01
0
6.12
6.16
6.58
7.51
3.73
2.65
0.13
2.92
0.68
1.26
5.91
10.16
2.65
2.92
0
0
0
1.25
8.33
14.47
15.23
3.57
0
0
0
0
0.23
3.57
2.04
0
0
0.05
0
0
0
0
0
0.02
2.11
3.45
1.98
0.68
0
0
0
0
0
0
0
0
0.52
0.04
0
1.06
1.73
1.16
2.3
5.41
0.51
0
0.38
1.93
8.71
4.93
0
0.47
0.48
0
0
0.02
0
1.52
0
0
0
0
1.32
1.63
5.26
4.12
3.84
0.01
0
0
0.35
0
0
0
0
0
0
0
0
0
0.02
0
0.01
0
0
0.13
3.64
0
2.11
2.36
4.72
1.82
1.46
1.59
2.77
5.89
9.48
3.81
0
0
0.11
0.2
1.59
5.11
4.77
0
0
0
2.05
0
1.06
0.35
1.81
4.21
2.89
5.19
2.42
1.35
0
8.48
8.61
8.71
4.55
0
0.74
0.45
11.88
3.39
1.16
0.26
1.23
1.96
0.11
0
0
0
0
3.04
12.47
8.29
8.12
6.03
4.98
0
0
0.4
0
2.78
5.58
9.38
6.21
1.64
0
0.31
0.91
1.34
0.01
0
0.04
0
0
0
0
0
12.57
6.44
1.04
5.69
5.57
9.59
6.84
2.71
5.1
10.38
4.06
0
0
0
1.78
7.29
3.88
2.63
16.15
23.05
4.17
2.85
1.34
0.6
1.13
9.62
9.08
9.76
18.04
14.82
7.41
1.77
0.48
0.25
2.65
0.59
0.27
1.12
0.44
0
0.34
3.52
6.58
5.85
4.89
6.26
7.13
0.49
0.43
0.85
0.27
0.34
0.29
0.2
0
0
0
0
0.16
3.72
11.88
8.01
4.13
1.23
0.98
0
0.19
0.83
4.79
2.08
0.41
4.17
1.14
3.76
9.34
18.64
20.79
20.71
8.48
3.92
0.56
0.02
0
0.45
0
3.05
7.95
10.27
2.61
0.09
1.69
9.78
7.27
4.78
9.72
7.92
3.15
9
9.65
7
7.64
2.94
9.8
9.2
1.97
0.47
0.5
0.01
0
0.63
0
0
0
0
0
0.04
3.88
4.38
13.05
7.14
2.8
2.46
4.13
7.52
11.83
12.04
1.18
0
0
0
0.2
0
0
1.68
4.61
6.11
6.76
4.92
3.35
2.27
3.09
0.47
0.08
2.25
1.06
0.54
0.53
0.05
0
0.27
0
0
0
0
0
0.01
0
0.01
0
0
0.02
0
0
0
0.52
0.06
0.27
0.16
0.38
0.43
2.23
3.56
5.21
0.64
0.14
0
0.05
0.08
0.3
0.01
0
0
0.03
0.07
0.13
0.96
4.55
2.23
7.42
4.9
0
1.05
0
1.54
0
0.02
0
1.47
2.96
1.95
0.07
3.95
28.25
8.15
0.22
4.19
8.98
7.73
11.35
3.22
4.97
1.8
0.04
0
0.72
1.08
3.18
2.72
0
0.07
0.01
0
0
0.02
0.09
0.04
0
0
0
0.59
0.67
0
0.02
0
0.38
0
0.04
0
0
0.02
0.02
0
0
0
0.01
0.22
2.54
0.05
2.22
1.43
0.04
0
0.91
1.08
0.05
0
0.01
0.01
0
4.69
6.13
7.02
2.08
0.03
0
0
0
0
0
0
0
0
0.13
0
0.01
0.01
0
0
0.09
0
0.6
1.7
0
0.03
0
0
0
0
0.02
0
0
0.01
0.12
0
0
0.01
0
0
0.02
0
0
0
0
0
0
0
0.01
0.25
2.11
3.82
1.8
0.38
7.68
0
0
1.05
5.8
2.19
2.13
4.75
6.59
0
0.02
4.49
3.94
6.11
20.59
29.04
24.55
19.23
4.37
2.7
1.8
1.7
0.04
1.2
4.62
14.46
8.63
0
0
0
2.02
12.88
10.2
9.04
18.83
16.34
9.25
5.4
2.37
10.09
23.09
18.55
8.59
2.95
2.73
2.1
3.61
6.55
6.55
0
0.02
0
1.84
4.39
3.79
2.91
0.04
0
0.27
0.01
0.03
0.24
0
2.4
10.86
9.27
1.3
0.02
0.02
0.06
0
0.66
0
0
1
1.16
0.76
2.03
4.55
9.08
10.86
3.82
0.56
0.37
0.52
1.61
1.75
4.26
2.3
0
0.01
0.47
1.48
2.57
0
0
0.39
0.88
2.49
1.5
9.21
4.6
3.99
0.76
7.12
2.65
3.61
7.29
3.18
0.59
0.36
0.13
0.23
1.02
3.59
0.42
0
0.01
0.08
0.07
0.02
0
0.18
1.95
1.75
5.61
5.4
3.58
4.14
2.69
1.19
0
0.48
0.37
0.14
1.03
0.18
0
0
0.02
0
0
0
0.03
0
0.01
0
0
0.03
0
0
0
0
0.63
2.7
3.27
0
0.15
0.1
0.44
0.19
0
0.01
0
0
0
0
0
0
0
0
0
0.01
0
0
0
0
0
0
0
0
0.2
0.98
0.72
0
4.76
1.08
0
0
0.02
0
0
0
0
0
0
0.01
0.03
0.04
0.73
7.88
13.4
5.3
6.61
6.66
0.13
0.09
0
0.04
0.32
8.51
5.13
4.33
0
1.35
1.47
15.41
9.09
0.1
0.65
0.09
2.51
8.3
2.74
0.12
0.02
0
0
0.64
5.26
1.45
0
0
0
0
0
0
0
0
0.36
0
0
0
0
0
0.01
0
1.08
2.15
1.28
1.32
1.9
8.58
9.41
14.95
7.3
3.31
2.53
0
0
0.26
2.04
0.45
0.01
0
0.34
0
1.3
0.02
0.05
0.75
0.69
2.16
0.16
0
1.52
0.77
1.09
0
1.92
11.01
4.27
0.37
2
1.33
0
0
0
0
0.02
0.05
0
0.01
0
0
0.03
0
0
0
0
0
0
0
0
0
0
0.09
0.15
0
0.02
1.66
2.55
1.29
0.17
0.52
9.94
13.82
3.47
7.23
1.65
0
0
0
0.01
0
0
0
0
0.16
1.21
3.59
0
0
0
0
0
0
0
0
0
0
0
0.02
0
0
0
0
0.04
1.69
7.86
13.49
7.07
0.59
0
0
0
0
1.88
0.3
0
0
0
0
0
7.29
35.64
21.11
2.49
0
0
0
0
0
0
3.15
16.48
12.09
6.45
0.94
0
1.86
0.01
0.89
9.54
5.16
0
0
0
0
0
0
3.74
14.7
4.73
0
0
0
0
0
0.14
0.01
0
0
1.8
1.3
0.76
6.93
6.08
1.03
0.33
0
0.11
0
0
0
0
0.21
2.88
5.15
13.41
12.01
4.33
2.48
11.55
8.38
8.37
0.92
1.35
18.03
19.66
16.07
9.25
6.09
19.85
9.99
6.34
38.28
7.98
0
0
0.43
1.27
0.08
0.14
0
0.01
0.09
3.01
1.86
0.39
0
0
0
0
0
0.84
0.75
0
0
0.16
2.01
5.02
4.72
10.66
7.12
2.23
0
3.39
9.12
9.45
1.78
14.96
9.23
1.52
0.86
0
0.62
0.13
3.47
3.35
3.13
4.83
1.66
8.72
4.18
0.21
5.95
11.57
1.68
0
0
0
0
0
0
0
0
0
0
0
0
0.09
0
0
0
0
0.01
2.6
3.74
0.13
0
0
0
0
0
0
0
0
0
0
0
0
0
1.13
8.29
9.67
6.93
12.13
4.51
0.55
10.86
13.23
5.57
2.88
0.36
6.53
9.98
5.43
4.66
2.52
0.8
0.04
0
0
0
0.29
0.15
1.84
0
0
0.03
1.25
11
6.58
0.31
0.27
1.06
0.27
0.01
0
0
0
1.49
0.54
0
0
0
0
0
0
0.34
0.27
1.89
0
0.01
6.54
8.53
3.37
0.85
0.28
0.52
0.27
2.07
6.01
3.88
0.91
1.01
0.57
2.94
10.3
5.22
0
0.42
0
0
0
0
0.01
0
0
1.04
1.59
0.26
0.05
0
0
0.25
8.77
8.38
0
0
0
0
8.38
25.18
22.26
6.25
1.8
3.63
5.33
4.65
0.38
0.06
0.79
3.28
0
0.07
0.01
0
0
0
0
3.98
11.17
3.69
0.38
0.04
0
0.07
0
0.01
0
0
0.23
0
2.34
0.15
6.93
3.34
0.02
0
0
0.04
0.01
0
0
0
0
0
0
0
0
0
0
0
0
0
0
0
0.02
0
0
0
0
0
0
0
0.12
0.1
0.01
0
0
4.56
0.42
0
0
0
0
0
0.02
0.09
0.05
0
0.02
0
0
0.06
0
0
0
0
0
0
0.01
0.01
0
0
0
0.01
0.01
0
0
0
0
0
0
0
0
0
0
0
0.03
0.13
0
0
0.14
0
1.15
0.37
0.02
2.93
1.78
1.68
0.26
2.13
0.16
2.8
20.5
7.76
2
2.02
1.68
0.02
0
0
5.04
0.25
0.17
0
0
0.04
0.13
0.3
0.82
1.16
8.89
14.14
4.16
1.97
4.57
4.49
0.88
1.37
0.48
0.26
0.33
0.03
0.53
6.78
3.79
0.44
0.01
0
0
0
0.17
16.03
15.06
4.68
4.83
1.21
0.76
2.96
3
2.48
2.47
2.28
1.44
1.77
0
1.13
0.91
1.5
3.45
1.97
1.69
0
0
0.01
0
0
0
0
0
0
0.06
0.02
0.05
0.01
0.05
0.04
0.09
0.01
0.06
0.44
0.13
1.82
0.05
0.04
0
0.02
0.06
0
0
0
0
0
0
0.35
1.29
14.95
22.27
20.88
13.84
4.69
8.78
12.46
2.43
2.58
10.65
12.13
3.58
3.43
5.99
8.07
1.54
1.81
2.96
2.66
0
2.07
3.52
2.18
2.8
4.88
1.06
0.56
0
0
0.01
0
0
0
0
0.01
2.09
2.49
1.78
1.32
1.01
2.86
4.14
3.58
4.8
13.11
17.07
6.97
0.75
2.19
5.6
18.39
13.86
2.91
3.87
6.05
1.82
0
0.55
1.04
1.05
0.35
0.52
0.59
0.61
0.41
0.43
0.48
0.02
0
0
0.05
1.45
3.04
5.84
4.05
4.97
1.5
0.02
0.54
3.2
0.55
0
0.82
0.1
0
0.07
0
0.13
0
0
0
0
0.27
0
0
0
0
1.58
3.88
1.36
0
0.76
26.05
31.67
17.1
5.45
11.29
7.8
3.26
0
0.13
7.77
5.63
0.76
0
0
0
0
0
0
1.62
0
1.36
2.67
0
0
0.36
0
0
0
0
0.15
0.02
0.03
0
0
0
0
0
0
0
0
0
0
0.01
0
0.03
0
0.73
0.34
0.9
1.3
0
1.7
3.42
1.86
3.38
3.57
2.69
11.21
5.07
0.71
0
0
0.52
0
0.01
0
0
0.05
0
0
0
0
0
0
0.05
0
1.55
0
3.69
3.84
6.28
6.21
1.08
0.64
0
0
0
0.01
0
0
0
0
0
0.02
0
0
0
0
0
0.01
0.09
0
0.02
0.8
0
0.41
0.38
1.12
3.21
4.98
5.55
3.06
2.31
4.62
0.98
2.77
0.4
0
0
0
0.1
0
0
0
0
0.11
0
0
0
0.01
0.08
0
0
0
0
0
0
0
0
0
0
1.98
0
7.73
0
0
1.66
0.58
2.49
4.42
0.26
1.3
0
0.98
0.67
0.16
0
1.64
4.2
2.45
3.36
6.59
1.93
0.28
0.19
1.32
0.09
1.14
4.5
1.11
0
0
0
0
0
0
0
0
0
0.09
0
0
0
0
0
0.01
0.01
0
0
0
0
0
0
0
0
0
0
0
0
0
0
0.01
1.02
0.1
4.63
14.11
12.06
10.16
19.79
8.25
8.38
12.12
6.04
3.32
4.31
7.38
2.59
3.34
20.23
38.52
19.52
16.7
9.33
0
0.14
0.07
0
0
0.25
0.2
0.22
4.66
5.77
2.7
0.69
3.01
0.78
4.29
7.48
6.83
5.7
1.66
6.55
3.34
0.64
0.88
6.89
6.37
1.85
1.52
10.86
6.3
0.61
2.8
5.7
2.62
0.03
0.01
0
0.13
0.06
0.08
0.05
0
0.28
0
0
0
0.13
0.02
0
0
0
0
0
0
0
0
0.12
0.88
1.54
1.38
0
0.01
0
0.01
0.09
0.04
0
0.01
0.01
0
0
0
0
0
0
0
0
0
0.01
0
0
0
0
0.11
0
0
0
0
0
0.54
11.01
15.28
13.7
8.9
20.27
6.54
0.13
1.38
5.42
23.65
30.33
8.72
2.93
4.65
2.74
0
0.33
3.54
2.22
0.37
0.26
0.44
0.23
0
2.04
4.95
7.43
3.93
3.04
2.68
0.01
0.02
0.04
0
0.61
2.59
3.02
1.76
0.52
2.16
1.3
0.23
0.21
2.61
7.76
1.32
6.91
1.63
1.49
1.26
0.99
0.39
1.77
0.57
0.4
0.86
0.71
1.85
0.22
0
0
1.8
11.54
8.16
5.47
3.16
0.11
0
0
0
0.03
0.01
0
0
0.02
0.01
0
0
0
0.01
0
0
0
0
0
0.02
0.01
0
0
0
0.24
0.16
0.12
0
0
0.45
5.75
3.49
2.49
0.73
0.04
0
0
0
0.35
1.87
2.81
7.69
6.13
0
0
1.76
0.59
0.08
0
0
0
0.02
0
0
0
0
0
0.11
0.05
2.73
9.13
9.45
32.38
6.27
2.73
0.66
11.13
4.27
0
0.27
0
0
0
0.39
0.02
0.02
0.61
0
0
0
0
0
0
0
0
0
0
0
0
0
1.95
0.67
1.07
0.48
0.53
0.98
0
0.13
0
0.02
0
0
0.02
0
0
0.27
0.52
1.37
0
0.13
0
0
0
2.43
0
0
0.04
0.04
0
0
0
0
0
0.01
0
0
0
0
0
0
0.03
0.37
0
0
0
0
0.03
0
0
0
0
0
0
0
0
0.2
0.08
0
0
0
0
0.01
0
0
0.02
0
0
0
0.17
0.49
0.77
4.83
19.38
6.27
3.01
0
0.84
0.12
0
0.03
0
0.31
2.48
5.57
6.08
1.51
6.46
2.56
0.13
0
0
0
0
0
1.75
3.86
0.8
0
0
0
0.01
0
0
0
0
0
0.02
1.98
10.36
23.41
1.86
0
0
0.03
0
0.57
0
0
0
0
0
0
0
0.01
0
0
0.01
0
0.01
0.01
0.04
0.41
4.24
0.85
0
0.64
0
0.16
0
0
0
0
0.02
0.07
0.65
0.29
0
0.02
1.67
1.27
2.59
5.8
1.04
0.06
1.64
2.61
1.06
5.88
1.79
0.28
0.32
7.02
2.15
0.1
0
0
7.13
1.91
0
0
0
0
0
1.38
0.66
0.87
0.8
0.76
0.16
0.37
0
0.5
0.46
5.54
4.49
2.44
1.12
0
1.27
0.13
0.05
2.46
10.97
2.69
5.6
9.5
0.77
0.05
0.32
0
0
0
0
0
0.02
0
0.19
0.36
0.55
0.08
0.18
0
0
0.02
5.45
1.6
1.39
11.99
11.06
7.15
3.03
11.1
4.59
1.52
9.45
13.93
6.45
2.23
4.46
1.77
0
0.07
0
0.68
9.93
12.64
16.78
8.26
9.98
4.89
1.02
1.41
0.18
0
0
0
0
0
0
0
0
0
0.01
0
0
0
1.96
1.37
0
8.59
4.19
0
0
0.33
0.07
0
0
0
0.11
0
0
0
0
0
0
0
0
0
0
0
0
0
0.01
0
0
0
0.36
1.54
0.04
0
0
0
0
0
0
0
0
0
0
0
0.11
0.19
5.32
8.68
0.07
0
0
0
0
0.1
0.61
1.02
0
0
7.19
1.92
0
0
0
0
0
0
0.59
0.3
0.02
0
0.01
0
0
0
0
0
0
0
0
0
0
0.02
0
0
0
0
0.02
0.34
0
0.58
0.73
0.02
0
0
0.09
0
0
0
0
0.01
0
0
0
0
0
0
0
0
0
0.08
0
0
0
0
0
0
0.02
0.31
0.16
0
0
0.01
0
0
0
0
0
0
0
0
0
0
0
0
0
0
0
0
10.13
9.41
0.09
0.77
2.48
0
0.02
0
0
0
2.24
2.77
0
0
0.79
0.08
0
0
0
0
0
0
0
0
0.02
0
0
0
0
0
0
0
0
0.06
0
0.01
0
0
26.49
10.43
8.41
4.13
6.82
16.38
4.45
0
0
3.7
15.06
5.27
2.34
0.29
28.27
9.4
6.5
0
0
0
0.62
0.02
0.05
0.77
3.84
5.24
1.34
0.92
0.02
0.1
2.81
2.91
0.48
2.47
6.66
2.88
0.44
0
0.13
0
2.14
22.97
25.19
7.64
0.4
0.26
0
1.67
5.74
4.35
0
0.91
0
5.42
6.25
6.1
0.45
7.15
1.04
0
0
0.44
0
0.51
0.26
1.23
1.59
0.58
0.78
4.92
1.98
0.64
0
0.63
21.84
7.89
0.45
0
0
0
0
0.09
4.95
3.46
0
0
0.08
0.87
0
0.66
1.72
2.11
1.65
10.46
5.27
4.73
2.38
0
0
0.78
0.05
0.65
0.5
0.35
0.44
1.94
4.08
1.46
0.8
9.51
8.58
1.43
6.12
7.83
14.96
10.09
16.73
31.16
23.28
5.58
4.1
2.59
3.11
5.35
0.62
0.14
0.5
2.66
0.33
0
0.25
0.21
0.05
0
0
0
0.02
0.04
0.71
7.21
4.66
16.67
6.88
2.32
10.21
4.1
0
5.34
5.27
9.23
5.98
2.29
0.08
0
0
1.89
23.55
1.92
0
0
0.51
0.3
0
0
0.01
0
0.01
0.06
0
0
0
0.01
0
0
0
0
0
0.08
0
0
0
0.01
0
0.01
0
0.02
0
0
2.34
6.06
3.17
0.52
1.45
2.23
1.15
1.73
10.28
6.43
6.02
3.98
4.86
1.81
15.34
16.49
8.7
1.15
0
1.93
0.04
0.35
0
4.77
2.06
0.5
0.02
3.14
1.45
0.25
0
0.15
1.81
2.82
0
0.02
0
0
1.17
0
1.2
1.54
2.88
0
0
0.13
2.45
2.65
6.54
0.38
0
0
0
0.72
0
3.77
3.62
0.12
0.8
4.53
3.36
6.66
3.49
11.11
5
25.62
0.72
0.64
2.45
18.87
2.42
0
0.13
0.11
6.29
1.87
0
0
0
0
0.02
0
0.01
0.05
0
0
0
0
0
0
0
0
0.33
4.59
1.73
0.01
0
0
0
0
0
0.01
0
0
0.68
0
0
0.01
0.08
0
0
0
0
0
0
0
0
0.55
1.23
0
0
0
0.01
0
0
0.11
0
0
0
0
0.01
0.01
0
0
0
0.04
0.07
0
0
0
0
0
0.37
0.08
0.7
0
0
0.01
0
0
0.37
0.16
0
0
0
0
0
0
0
0
0
0
0
0
0
1.5
4.84
14.47
7.28
0
0
0
0
0
0
0
0.05
0.03
0.36
1.45
11.29
19.72
7.08
0.36
1.39
1.8
9.64
9.77
0
2.1
9
7.25
1.26
0
0.09
0
10
12.04
8.76
2.07
0.66
4.29
1
2.81
1.72
0.07
0
12.53
7.16
0.91
0.07
0.01
0
0.29
0
0
2.23
0.09
5.78
15.09
10.76
6.84
9.53
3.18
0.71
0
0.03
0.01
0.03
0
0
0.18
0.09
0.16
0
0.12
0.19
0.05
0.2
0
0
0
0.1
0
0.94
4.17
1.35
0.15
0.01
0
0
0
0
0
0
0.05
0.24
0
0
0
0
0
0
0.01
0
0
0
0
0
0
0
0
0
0
0
0.02
0
0
0.21
0.04
0.13
0.34
0.76
2.78
10.81
14.61
3.86
0.42
0
0.35
0.46
0.01
0
0.03
5.2
3.34
10.24
2.87
5.28
0.38
0.03
0.19
0
0
0.17
0
0
0
0
0
0
0
0.72
0.26
0
0
0.02
2.47
0.32
3.13
5.14
11.38
18.5
14.55
3.85
0.02
0.19
0.01
0
0
0.22
2.05
0.12
0.07
0.13
0
0
0.02
0
0.15
0.15
0.05
16.8
5.37
0
0
0
0
0
0
0
0.01
0
0
0
0
0
0
0
0
0.01
1.05
8.13
2.48
0
0
0
0
0
0
0.01
0
4.33
8.94
7.12
2.08
0.38
1.48
1.39
5.35
2.61
2
1
0.63
1.48
0.09
0.4
0
0.04
0.02
0
0
0.01
0.8
0
0.51
2.89
0.53
0
0.11
4.2
2.04
0.69
2.65
3.72
2.14
4.91
3.4
3.03
2.51
4.83
5.57
3.38
1.38
0.04
0
0.01
0.01
0
0.01
0
0
0
0
0
0
0
0
0
0.29
1.19
2.48
15.38
7.57
0.36
0.06
0
0.17
0.03
0
0
0
0.51
0.05
0.09
1.55
0.03
0
0
0
0
0
0
0.02
0
0
0.12
0
0
0
0
0
0
0
0
0
0
0.78
0
0.81
0
0
0.02
0
0
0
0
0
0
0
0
0
0.01
0.05
0.03
0
0.01
0
0
0
0.02
2.32
0
0.21
0
0.47
0.04
0
0
0
0
0
0.01
0
0
0
0.02
0
0.06
0.01
0
0.09
0
0
0.23
0.05
0
0.01
0.05
0
4.47
2.13
0.11
0
0.01
0
0.02
0
0
0.01
0
0
0
0
0
0
0.01
0
0
0.2
0
0
0
0
0
0.01
0
0
0
0
0
0
0
0
0
0.02
0.01
0
0
0
0.27
4.11
0.52
0
0
0.01
0
0
0.48
2.44
0.2
10.67
1.23
0.02
0
0
0.01
0
0
0.13
0
6.05
2.32
3.45
1.45
0
7.16
11.48
1.23
0
0
0
1.29
5.41
27.11
18.59
16.98
8.02
0.02
0.26
0.66
0
0
0.98
6.39
5.85
0.83
0.27
0
0.21
0.04
0
0.02
0
0
0
0.07
0.39
0.39
0.32
0
0.01
0
0
0
0
0
0
0.2
0.25
0.01
0
0.22
1.05
0.09
0.19
0.06
0
0.33
0.06
0
0.08
0.01
0
0.01
0
0.01
0
0
0
0
0
0
0
0
0.01
0
0
0
0
0
0
0
0
0
0
0
0.01
1.21
0.16
0.22
0
0.02
0
0
0.16
4.54
3.86
5.11
8.63
0.34
1.7
4.14
5
10.65
8.67
2.88
0.66
1.16
6.48
2.51
6.35
15.36
5.33
4.74
5.84
8.63
4.82
2.15
6.14
1.66
7.25
0.84
1.11
4.09
2.5
0
0.53
8.39
0.74
1.55
0
0
0
0
0
0.2
0
0
5.4
5.48
0.26
0
0
1.38
9.86
2.27
0.2
5.44
15.07
4.15
0.59
0.02
0.01
0.02
1.4
5.35
0.11
0
0
0.11
0.9
1.14
5.48
16.56
2.5
0.41
0.18
0
0.04
0
4.34
2.7
16.29
0.94
0
0.05
0.43
0.45
2.41
2.67
0.05
0
0
0.11
4.88
11.07
0
1.7
6.47
3.52
0.03
0
0
0.06
0.01
0
0
0
0.8
5.8
0.77
0
0
0.46
4.96
0.81
0.98
2.47
1.12
0.36
0.01
0
0.01
1.3
0.53
1.25
0
0.02
0.05
0.02
0
0
0.05
0
0
6.31
1.16
0
0
2.4
0.53
0
0
0
0
0
0
0
0
0
0
0
0
0.01
0
0
0
0
0.39
4.16
1.16
0.19
0
0
0
0
0
0
0
0
0
0
0
0
0
0
0
0
0.01
0.4
0
0
0
0
0
0
5.02
2.74
0.34
0
0.86
0.02
0
0
0
0
0
0
0
0
0.04
0.16
4.73
0
0
0
0
0.02
0
0.91
9.55
0.98
0.29
0.15
2.75
0.9
0.23
0
0
0
0
0
0
0
0.32
0.39
0.51
1.21
1.45
1.96
2.91
1.04
0
0
0.03
0.18
0
0
0
0
0
0
0
0
0
0
0
0
0
0
0
0
0
0
0
0
0
0
0
0
0
0
0
0
0
0
0
0
0
0.01
0.21
0.11
0.04
1.35
7.92
12.49
9.82
3.16
1.55
8.73
1.24
12.44
6.56
0.48
0.22
0.51
0
2.63
2.39
15.3
1.7
0.2
0
0
0.03
0.02
0.9
0.45
0
0
0
9.18
4.55
3
0.83
2.58
6.8
0
0
0.22
1.04
3.63
0.47
0.13
3.9
0.3
0
15.05
4.06
8.52
8.85
9.89
2.38
0.38
1.23
0.45
0.45
0
0.18
0.06
0.35
0.54
0
0
0
0
0
0.19
0
0.14
0.3
1.93
1.16
0
9.14
1.67
6.66
5.68
11.09
4.2
7.8
0.34
1.44
0.47
0.02
1.59
0
0
0.02
0
0
0
0
0.06
3.15
0.97
0.66
0
7.7
4.11
0
0
0
0
0
0.03
0.64
0
0
1.91
2.9
2.86
1.75
6.09
10.48
4.7
2.12
12.92
23.18
1.97
2.29
1.95
0.13
7.09
19.17
3.38
6.71
6.02
4.86
3.25
0.81
4.72
0.58
2.13
0.08
0.28
26.34
27.91
7.66
6.11
27.62
5.57
2.39
0
0.41
5.84
2.88
0.07
0
0.05
0.09
0.06
0
0
0
0.02
0.59
8.77
4.27
0.04
0.04
0.29
4.69
1.27
0
0
0
0
0
0
0
0
0
0
0
0
0.11
0.09
0
1.43
8.52
8.8
35.34
17.4
0.53
0.25
2.03
3.8
5.58
2.95
0.58
2.55
4.42
10.63
0.5
2.69
0.06
0
0
0
0
0
2.4
18.88
0
0
0.01
0.37
0.3
3.23
2.31
1.32
6.74
4.71
0.13
0
0.02
0
0
0
0
0
0
0
8.09
8.27
12.72
5.63
8.16
4.92
2.71
0.34
0
0.08
0.29
0
0.41
0.19
1.09
3.02
0.75
0
0
0
0.1
0.01
0
0
6.84
6.14
0
0
0.25
0
0
0
0.73
0
0.01
0.78
0
0
0
0
0
0
0
0
0.05
0
0.04
0
0
0
0.02
0
0.01
0
0.34
0
0.01
0
0.24
0
0
0
0.93
0
0.02
0.01
0.05
0.01
0
0
0
0
0
0.91
0
0
0
0
0
1.07
0.29
0
0.05
1.57
7.61
23.89
9.29
8.16
3.3
1.38
0.7
1.8
0.61
1.41
0.34
1.36
6.13
6.57
3.68
6.4
1.66
0.86
5.17
0
0.06
0
0
0
0
0
0.01
0.86
0.02
1.77
0.2
0.06
0
0.03
3.06
6.79
1.65
0
0.02
0
0
0
1.14
7.12
0
0
0
10.32
10.53
6.79
0.2
0
0
0.01
0
0.05
0.01
11.52
0.01
0
0
0
0
0
0.17
0
0
0.11
2.89
0.63
0
0.07
29.56
24.66
1.91
0.89
0.21
0.04
0
0.33
0
2.03
2.58
10.91
2.33
13.97
2.66
0.22
0.23
1.58
0.02
0
0.19
0
0.09
0
0
0.16
0.04
0.08
0.01
0.22
0
0
0.02
0
0
0.16
3.86
0.3
0.01
0
0
0.13
0.69
2.57
15.44
3.9
4.45
5.27
6.35
2.05
9.45
0.77
13.45
16.48
7.79
2.77
0.85
16.24
12.96
13.51
14.22
22.04
5
3.3
7.02
3.24
1.33
1.26
1.68
0.69
5.95
0.2
0.51
0.52
0.11
7.93
2.83
0.46
2.01
1.5
0
1.81
2
0.11
0.07
4
1.49
5.44
1.65
0
0
0
0.04
2.33
1.26
0.3
0.88
0.19
0.22
0
0
0
0.19
0
0
0.65
0
0.05
0
0
0
0
0
0
0
0.13
0
0.07
0.44
0.15
0.09
0.2
2.13
1.91
0.4
0.07
0
0
0.01
0
0.31
8.89
1.81
0.73
3.95
2.18
1.34
0
0.07
1.11
1.9
3.52
0.51
0
0
0
0.23
6.05
0.44
0.01
0.23
0.4
4.35
0.3
0
0
0
0
0
0
0
0
0
1.15
2.13
0.24
0
0
0.38
0
0
0.11
0
0.02
1.51
1.53
6.27
1.27
5.12
0.87
0.98
2.09
2
0.5
3.93
1.75
0.38
0
0
0
0
0
0
0
0
0.04
0
0
0
0
0
0
0
0.02
0
0.01
5.54
2.91
8.8
5.75
0
1.91
2.6
0.27
0.02
0
0
0
4.31
0.39
0.07
0
0
7.98
0.93
0
0.08
0
0.21
0
0
0
0
0
0.02
0
0
0.07
0
0
0
0
0
0.04
0
0
0.02
0
0
0
0.08
0
0
0
0
0
0
0
0.34
0.06
3.2
7.04
11.72
2.29
6.9
1.7
0
0
0
0
0
0
0
0
0
0
0
0
0
0
0
0
0
0
0
0
0.02
0.01
0.06
0.04
0
0.02
0
0
0
0
0.02
0
0
0
0
0
0
0.01
0
0
0
0
0
0
0
0
0
0
0
0
0
0
0.6
0
0
0
0
0
0
0
0
0.1
0
0
0.53
5.59
1.82
2.61
1.53
0.14
0.13
0
0
0
0
0
0
0
0
0
0
0
0
0
0
0
0
0
0
0
0
0
0
0
0.05
3.41
1.54
0
0
0.33
12.93
4.7
0.88
0.41
0.34
0.02
3.85
0.55
13.46
0
0
0.24
2.98
0.61
0.09
1.34
1.3
0.97
0.06
0
0
0
0
0.1
0
0.1
14.29
8.56
0.88
0.51
0.05
0.01
0.01
0
0
0
0
0
0
0.29
0.47
0.23
0.33
2.91
2.07
1.34
4.57
1.31
2.03
0.25
0
0
0
0.17
0.46
0.09
0.27
0.15
0.03
0
3.09
1.03
1.86
0
0.04
1.13
10.87
6.1
18.02
7.7
1.51
6.68
4.05
1.6
2.59
0.65
0
0
3.98
2.34
0.94
0
0.02
0.09
0
0
0
0
0.26
8.59
2.8
0
0
0
0.42
3.62
0.13
0.06
0
0
0
0
0
0
0
0
0
0
0
0
0
0
0
0
0
2.81
14.18
2.13
1.02
0
0.29
0.46
5.16
0.53
1.98
7.24
19.34
14.11
6.48
0.89
0
0
0
0
0
0.01
0.01
0.98
1.23
0.9
6.64
10.21
7.2
5.98
3.4
12.75
11.02
2.1
2.04
0
0.09
0
6.38
2.84
0.03
0.21
0.01
0.04
0
0
0.83
29.69
11.95
4.01
0
0
0.3
3.88
1.29
15.98
9.34
1.12
1.01
0.02
1.56
16.21
7.36
0.8
0.84
0.2
7.91
25.93
1.06
2.54
5.24
11.41
8.51
9.24
4.88
3.2
3.09
10.23
6
18.82
11.41
6.16
1.66
0.55
1.01
0
0.2
0.73
1.39
7.37
18.13
1.02
2.94
1.34
9.9
7.3
4.99
0.75
0.14
13.7
1.18
0.04
0.22
0.39
0.32
0
0
0
0.33
0.02
1.76
1.45
0.58
0
0
0
0.14
0.76
1.64
1.69
9.31
0.45
0
0.01
0.01
0
0
0.34
4.61
3.69
0.68
0
14.56
0.03
0
0
0
0
0
0.01
0
0.01
3.72
1.02
0.39
0
0.07
0
0
0
0
0
0
0
0.12
0.04
1.16
0.01
0.22
4.18
1.94
0
0.01
0
0.01
0
0
0
0
0
0
0
0
0
0
0.27
2.39
0.56
0
0
0
0
0.03
0.57
1.07
0.25
5.61
0.81
0.02
0
1.18
1.87
5.42
0.61
0.83
0
0
0
0
0.16
1.22
4.12
1.29
0.04
0
0.04
0
0
0
0
0
0
0
0
1.09
0.52
24.53
7.71
0.44
2.14
1.48
0.77
0.01
0
0.13
0
0.02
0
0
0
0.61
0
0
0
5.43
0
0
0
0.66
0
0
0
0
0.53
1.11
10.41
3.77
1.59
0.2
0.07
0.5
0
0
0.03
0
0
0
0.02
0
0
0.01
0.09
0
0.81
0.25
0
0.2
2.66
1.35
0.64
0.23
9.41
2.21
0.16
0.51
2.33
0.32
0.01
0
0
0
0.15
0
0.01
0.01
0.66
0.13
0
0
0
0
0.22
4.47
6.73
3.42
2.23
1.01
6.28
11.49
5.79
1.04
13
1.5
0.63
0.13
0.13
0.55
1.54
4.8
7.44
0.47
2.42
0.38
3.73
8.93
6.85
6.48
4.33
1.41
1.76
8.3
1.27
0.01
0
0.71
0
0
0.05
0.02
0.01
0.35
6.75
13.34
16.14
13.48
11.11
7.48
6.38
4.24
1.73
8.19
4.95
9.89
0
0.48
1.1
0.81
2.04
2.76
1.89
0.91
0.58
0.63
0.85
0.14
0
0.05
1.02
0.76
0.21
0.45
3.52
2.37
5.85
11.29
0
0.71
5.15
1.57
0.09
0.25
0.92
2.2
0.83
9.13
3.12
0.94
1.06
0
2.83
0.94
0
0
0
0
0
0.01
0
0
0.05
0
0.03
0
0
0
0
0.01
0.01
0.03
0.27
2.05
0.43
0.08
0
0
0
0
0
0
0
0.03
0.11
0.13
0
0.12
0.08
0
0.68
0.02
0.01
0.25
1.79
4.11
3.61
2.38
0.09
2.04
1.79
1.33
0.64
0
0
0.23
2.03
4.86
3.6
1.87
0.34
0.32
1.01
1.3
1.22
0.31
0.02
0
0
0
0
0
0
0.47
0.7
1.98
0.09
0
2.08
1.5
0.29
0.13
0
1.12
0
0.1
0.31
3.15
14.05
10.58
2.02
0.66
0
1.13
1.43
0
7.69
0.15
0
0
0.51
0.2
0.04
0.06
0.31
0
0
0
0
0
0
0.1
0
0
0
0
0
0
0.01
0
0
0
0
0.01
0
0.02
0
0
0.02
0
0.97
0.05
0.21
31.73
0
0
0
0.08
0.82
0.54
0
0.7
6.94
0.04
0
0
0.01
1.73
0
0.03
0
0
0
0.01
0
0
0
0
0
0
0
0.01
0
0
0
0.02
0.02
5.16
0
0.64
8.02
9.43
13.97
8.8
5.3
0.88
2.65
0
0
0
0
0
0
0
0
0
2.37
31.29
50.58
33.7
2.07
0.06
1.61
10.23
0.8
0
0.3
3.32
6.61
0.88
0.85
1.07
5.06
2.17
3.34
1.17
0
2.44
2.48
17.31
2.23
1.81
0.54
0.91
3.18
4.12
9.25
3.71
0.07
0
0.32
0.84
2.26
14.96
6.51
0.13
0
0.2
6.96
2.63
11.46
28.01
18.69
4.34
7
2.5
0
0.68
0
0
0
0
0
0
0
0.77
0.01
2.91
4.39
1.24
0.77
0.02
0
0.53
0.17
0
0.44
4.75
2.21
1.63
6.68
3.13
0.22
0
0.32
4.93
6.35
0.49
0.38
0
0
0
0
0
0
0
0
0
0
0.01
0
0
0
3.88
10.87
8.55
0.95
0.04
0.01
0
0
0
0
0
0
0
0
0
0
0
0.02
0.86
9.66
3.91
1.09
14.22
3.74
1.57
2.62
4.28
3.84
0.56
0
0.35
0
0
0
0
0
0
0.51
1.25
0.04
0
0
0
0
0
0
0.02
0
0
0
0.4
2.04
1.04
0.75
0.01
0.02
0
0
0
0
0
0
0
0
0.02
0
0
0
0
0
0
0
0
0
0
0.01
0
0
0
0
0
0.05
0
0
0
0
0.06
0.3
0.63
4.53
2.55
0.52
1.82
5.37
0.08
0
0
0
0
0
0
0
0
0
5.77
3.05
0.35
0
0
0
0.12
0
0
0
0
0
0
0.59
2.27
8
0
1.26
0.02
2.69
0.68
0.25
0.06
3.47
0.3
1.15
0.11
0.18
0.05
0
0
0
0
0.01
0.44
0
0
0
8.24
5.7
13.84
11.05
8.88
1.86
0.85
0
0
0.01
0.02
0.02
0
0
0
0
0
0.04
5.68
18.59
10.45
1.98
2.93
0.91
1.78
14.08
9.18
6.76
3.52
0.19
0
2.16
0
0
0.01
0
0.05
0
0
0
0
0
0.17
0
0.02
0
0.09
0
0
0
0
0
0.52
0
0.05
0
0
0
1.37
0.01
0.56
0.7
0
0
0
0
0
0
0
0
0
0
0.59
17.24
2
0.18
0
0.08
0.03
0
0
0
0
0.02
0
0.01
0
11.2
0.76
0.21
0
0
0
0
0
0
0.01
0.22
0.55
0
0
0.02
0
0
0
0
0
0
0
0
0
0
0.38
0
3.9
0.13
0.02
0
0.08
0
0
0
0
0
0
0
0
0.02
0
0
0
0
0
0
0
0
0.02
1.53
0.38
0
0.09
0
0.01
0
0
0
0
0.18
0.72
2.28
4.31
4.07
3.77
2.46
0.27
3.12
9.94
6.43
0.17
0
0
0
0
0
0
0
0
7.55
3.61
1.74
10.67
6.13
4.9
19.07
5.15
0.36
0
0
0
0
0
0
0
0
0
0
0.02
0.05
0.18
0
0
0
0
0.06
0.01
0
0
0
0
0.12
1.09
0.09
0
0
0
0
0
0
0
0
0
0
0
0
0
0
0.45
11.96
16.61
6.03
14.49
11.48
9.56
4.58
0.23
0.07
0
0.01
0.11
0.21
0.31
0.38
2.89
1.26
11.85
7.06
3.14
2.16
5.48
0
0
0
0
0
0.11
0.46
0.12
0
0
0
0.41
0
0
0.66
1.2
3.35
0.4
1.91
0.35
2.41
2.28
3.29
9.04
2.04
1.72
0.33
4.19
0
0.21
0
0
7.92
6.11
3.8
3.02
4.64
3.43
0.75
0.41
4.08
0.04
0.02
0.02
0
0
0
0
0
0
0.02
1.41
0.27
0.02
0.02
0
0
0
4.45
10.2
1.2
3.19
2.57
0
0.16
0.75
0
0.2
2.32
10.84
2.19
11.92
1.72
2.2
0.34
2.42
0.25
4.16
0.51
0
0
0.04
14.48
0.12
2.8
0
0
0
0.25
9.4
5.95
2.4
1.46
3.39
4.21
0.24
0.04
0.47
0.57
0.14
0
2.37
0.54
0.1
0.88
3.85
5.18
4.22
9.63
6.5
1.39
0.96
10.01
4.59
0.99
0.07
0.04
0
0
0
0.07
0.21
0
0
0.05
0.73
0.54
0
0
2.71
0
0
0
0.02
0.23
0.32
1.67
0
0.02
0.09
0
0
0
0
0.7
0.47
0
0.01
0
0.23
0
0
0
0
4.47
9.89
10.77
5.8
0.04
0.06
6.46
0.8
0
0.04
0
1.34
10.77
0.3
0.01
1.55
0.05
0.06
0
0.3
0
7.08
3.82
0.67
0
0
0
0
0
0
15.49
15.39
5.49
0.24
0
0
0
0
0
0
0
0
0
0
0.01
0
0
0
0
0
0
0
0
0
0
0
0
0
0.11
0.04
0
0.19
0.04
0.03
2.67
1.69
1.6
3.48
7.82
0.34
0
0.01
0.07
0.2
0.03
0
0
0
0
0
0
0.02
0
0.01
0.01
0
0
0
0
0.02
0
0
1.76
0
0
0.17
0
0.01
0
0
0
0
0
0
0
0
0
0
0
0
0
0
0.09
0
0
0.1
0
0
0
1.46
4.82
1.8
0.48
0
0
1.72
7.09
0.16
0.01
0
0.59
6.38
0
0.11
0.32
0.18
0.01
0.01
0
0
0
0
0
0
0
0
0.21
0
0
0
0
0.75
0
0.02
0
14.77
4.3
10.69
5.15
1.66
1.11
0
2.83
11.53
0.72
0
0
0
0
0
0
0
0
0
0
0
0
0
0
0
0
0.01
0
0
0
0
0
0
0
0
0
0
0
2.89
9.71
0.91
0
0
0
0
0
0
0
0
0
0
0
0
0
0
0
0
0
0
0.1
1.17
3.75
6.21
13.96
1.66
0.05
1.05
2.66
0.01
2
0.91
0.02
0
0
0
0
0.1
0.22
0
0
0
0.61
6.2
15.08
2.73
4.14
11.84
2.4
5.37
0.51
3.16
3.77
0.98
0.02
0
0
0.15
0
0
0
0
0
1.21
0.2
0.19
0.52
7.41
8.11
2.16
0.83
0.47
0.12
0.22
2.09
0
3.09
1.4
1.84
0.64
0.05
0
2.33
2.41
1.36
5.34
0.83
0
0
0
0
0
0
0
0.02
17.72
1.66
0.54
0.21
0
0
4.91
1.18
0
0.01
0
0
0
0
0
0
0
0
0.02
0
29.7
7.12
1.11
0
27.52
2.66
4.71
3.45
4.85
0.43
0.13
0
0
0.45
0
0
0
0
0.13
2.14
0.16
0.14
9.66
1.16
0.48
0
0
0.51
0.91
1.54
3.72
24.73
6.65
7.36
6.4
0.05
0.09
1.03
3.49
10.84
0.7
0.16
1.1
5.94
7.52
1.2
1.17
0
0.13
0.01
0
3.13
5.69
7.45
1.44
0
2.65
1.2
3.98
6.06
2.29
0
0
1.73
0
1.21
0.25
0
0
0
0
0
0
0
0
0
0
0
0
0
0
0
0.03
0.04
0
0
0
0.01
0
0
0
0
0
0.12
0.23
0.03
0
0
0.01
0.05
0
0
0
0.01
0
0.23
2.53
1.34
0
0.11
0.46
0.71
0
0.16
0
0.03
0
1.95
11.56
0.68
0
0
0.02
0.04
0
0
0.85
0
0
0
0.01
0
0.04
0
0
0.01
0
0
3.18
0.85
0.27
2.11
1.98
1.62
2.27
2.17
0
0
0
0.57
6.95
3.92
1.28
0
0
0
0
0
0
0.01
0
0.28
0.01
0.69
5.66
2.61
0
0
0
0
0
0
0
0
0.08
0
0.01
0
0.04
1.08
1.72
0.2
0
0.01
0
0
0
0
0
0
0
1.32
0.23
0.02
0
0.23
2.96
1.22
0
0
0
0
0.02
0
0
0.11
0
0
0.45
0
0
0
0
0
0
0
0
0
0.24
0
0.88
1.95
0.07
0
0
3.2
0.55
0.41
3.8
4.64
0.15
0.03
0
0.02
0
0.35
0.04
6.41
14.57
10.71
3.56
5.94
0.23
2.55
0.1
0.17
0
0
0.35
0
0
0
0
0
0
0
0
0.41
0
0
0
0
0
0
0
0
0
0
0
0
0
0
0
0
0
0
0
0
0
0
0
0
1.27
1.3
1.08
0.95
9.9
7.1
9.03
2.68
3.24
11.87
8.4
4.36
0.27
0
0
0
0.16
0.19
0
0
0
0
0
3.36
6.06
2.89
0.72
0
0
0
0
0
0
0
0
0
0
0
0
0.38
0.74
0
2.82
1.9
0.01
0.22
0
5.68
1.95
0.11
2.11
0.18
0
0.01
0
0.09
0.14
0
0
0
0
0
0
0
0.01
0
0
0
0.14
11.98
22.66
6.3
1.2
0.41
0
0.02
0.19
0.21
0.6
0
0
1.68
3.92
11.98
8.62
4.09
0.39
0.58
5.98
0.8
0.29
0
0.7
2.4
1.34
0.2
2.21
0.05
0
0
0
0
0.02
0
0
11.25
5.07
2.13
0
2.93
0.55
0.03
0
0
0.56
0
0
0
0
0
0.51
2.68
0
0.72
13.38
6.92
1.06
0
0
0.13
0.11
0
0.57
0.34
0.02
3.18
0.8
0
0.23
0.02
0.06
1.45
0.5
1
3.13
1.36
2.9
7.99
0.15
1.62
0.46
0.98
2.5
0.13
1.64
0
2.45
0.77
0.93
2.16
20.44
5.04
2.11
0.24
0.03
0
0.21
6.02
0.89
0
0
0.13
0
1.56
0.13
1.44
0
0.48
3.24
0.33
0.09
0
7.32
1.88
0
0
0
0.01
0.62
0
0.09
0
0
0
0.01
0.02
0
0
0
0
0
0.38
2.45
0
0
0
0
0
0
6.2
0.71
0.59
6.99
1.51
6.68
18.81
3.73
1.29
0
0
0
0
0.06
0
0.04
0.15
0.12
0
0.27
0.01
0.16
6.25
0.68
0
0
0
0
0
0.24
0.69
0
2.17
0
0.52
5.35
2.42
14.24
1.26
0
7.81
7.55
0.54
0.73
0.14
0.06
0
0
0
0.05
10.63
20.27
15.69
1.14
4.39
1.05
0.45
1.95
4.52
2.39
1.37
0.02
0.24
1
12.9
1.35
1.14
6.98
1.12
0.14
0
0.01
3.62
2.84
2.24
0.48
0
4.25
0.37
11.01
10.8
3.59
4.51
0.52
0
0
0
0
0
0
0
0.66
0
0
0
0
0.96
0
0
0
0
0.01
1.36
2.48
2.88
0.65
7.5
15.66
1.47
0.02
0
0
0.97
0
0
0
0
0.11
4.06
11.49
22.23
2.96
0.12
0.32
0
1.93
7.12
1.84
1.06
0
3.84
13.93
16.38
6.62
7.43
1.43
0.54
0.65
0.69
0.02
0.44
0.1
11.95
6.23
4.37
5.51
8.08
0.66
0.05
0
0.57
1.17
19.09
10.75
6.9
2.64
0.76
1.65
8.15
10.11
7.93
2.22
5.86
5.78
1.4
8.18
9.52
3.08
1.02
0
0.15
0.16
1.39
5.31
8.92
3.16
5.8
0.6
0.44
0
2.43
5.16
10.19
6.71
4.41
4.58
4.77
2.98
1.9
1.19
1.11
0.07
0
0
0
0
0.74
0
0
0
0.21
2.06
9.28
2.34
0.93
0
0
0
0
0.24
6.05
0.7
1.12
16.97
9.03
4.03
0
0
0.93
4.58
0.09
0.02
0
0
0
0.16
0
0
0.31
0.9
0.14
0.05
0
0.02
0
0.04
0.08
0.86
2.42
2.42
0.16
0.07
0
0
0
0
0.29
0
0.19
0.02
0.92
5.64
8.01
1.27
0.53
2.24
5.12
4.22
0.05
0.05
0.06
0
0
0.1
4.67
1.32
0
1.57
8.04
1.21
0.81
3.12
0.06
1.3
2.82
1.75
2.8
0.64
0.48
0
0
5.07
13.22
7.73
7.8
6.02
2.11
0.23
0.44
0.35
0
0.3
2.66
2.06
4.93
20.13
2.22
0.02
0.12
0.01
0.39
0
6.45
1.95
0.77
5.21
0.23
0
0
0.48
0
0
0
0.08
0.07
0.05
0
0
0
0.21
1.35
0.47
2.75
0.05
0
0
0.14
0.05
1.78
2.97
0
0
0
0
0
1.54
3.38
2.72
0.57
0.4
0.02
1.63
1.88
0.14
0
0
0.32
3.34
1.82
0.04
0
0
0
0.27
0.01
0.05
0
0
0.11
0
0.38
1.63
0.07
0.32
4.38
2.34
0.73
0
0.13
0
0.09
4.26
2.77
0
0
0
0
0
0.01
0
0
0
0
0
0
0
0
0
0
0.01
0
0
0.4
14.57
0.39
0
0
0
0.77
1.7
1.16
0.05
0
0
0
0.3
0.27
0
0.18
0.2
0.14
20.32
8.52
8.32
7.09
0.57
0
0
0
0
0
0.78
3.48
22.34
2.34
11.66
2.24
2.64
1.94
1.4
0.99
0.16
0
0.12
0
0
0.67
0.07
0
0
0.44
0.24
0
0.62
0
0
0.06
0
0
0
0
0
0
0.11
2.13
4.21
11.8
2.16
0
0
0
0
0.18
0.39
4.76
5.02
11
5.56
0.03
1.3
5.6
5.21
3.36
19.93
11.64
1.78
0.88
0.17
2.64
0.2
0.13
1.98
4.95
0.43
0.23
3.24
3.7
5.51
2.01
1.18
0.02
0
0.38
0.13
4.72
3.08
1.44
0.5
1.24
1.73
0.87
0
0.11
1.89
0
0
0
0.81
1.85
2.32
2.39
3.95
5.88
0.97
0.93
1.86
4.31
1.57
7.64
1.97
0.45
1.41
1.97
0.38
0.16
14.91
1.34
0.92
1.1
0.41
0.98
0.45
0
0
0.7
0.85
1.63
5.32
9.59
2.25
0.49
0
0.41
3.52
6.28
1.64
0.53
4.68
2.95
0.65
0.4
4.4
9.09
21.65
9.6
16.93
9.33
6.98
17.29
15.9
3.47
0
0.89
0
0
0
0
0.55
3.77
0.58
0.2
0.67
2.16
2.9
0.81
0
0
0
0
0
0.4
0
0
0
0.71
6.46
0.67
0
6.57
0.55
0.43
11.16
2.4
1.47
3.25
0.6
1.88
0.8
6.16
3.63
0
0
0.59
0
0.11
0.11
0.56
0
0
0
1.84
2
18.37
18.76
1.74
5.61
10.21
3.88
3.67
0.42
4.71
6.07
3.34
0.13
0.01
0
0
0.2
0
0
0
0
0
0
0
0.15
0.01
8.77
11.55
9.23
13.38
3.57
0.27
1.01
1.1
3.22
8.33
4.94
0.45
0
0
0
0.14
0
0.24
0.36
0.68
15.73
3.09
0
0
0.55
0.66
0.4
2.79
0
0.99
1.58
3.24
0.55
0.16
0
0
0
0
0.36
0
0.03
1.03
0
0
0.14
0
0
0
0
0
0
0
0
0
0
0
0
0
0
0
0
0
0
0
0
0
0
0
0
0
0
0
0
0
0.01
0
0
0.01
0
0
0
0
0
0
0.92
0
0.89
0.09
0
0.01
0
0
0
0
0.11
0.94
1.23
0
0.02
0
0
0
0.08
0.01
0.68
0.56
1.66
9.05
1.65
0
0
0
0
0
0
0
0
0
0
0
0
0.52
0
0.4
0
0
0
0
0
0
0
0
0
0.01
0.8
0.38
0.01
0
0
0
0
0
0
0
0.01
0.01
0
1.71
0
0.14
0.3
0.23
0
0
0
0
0
0
0
0
0
0
0
0
0
0
0
0
0
0.01
0.48
0.85
4.85
0.48
0.67
1.13
0.34
0
0
0
0
0
0
0
0
0
0
0
0
0
0.06
0.36
0.03
0
0
0.32
10.8
10.58
3.4
0.32
1.58
10.2
6.75
2.03
1.84
5.5
4.98
7.22
3.43
4.94
1.45
0.71
0.86
1.69
2.45
0.97
0.7
1.41
7.38
16.39
3.04
4.63
0.87
1.25
4.41
2.25
0.32
1.98
7.57
2.14
0
3.75
2.7
1.95
0.65
0.66
0
0.43
0
0
0
0
2.8
15.15
14.48
1.94
4.46
1.95
0.02
0.69
2.43
14.23
22.29
8.38
1.31
0
0.49
2.11
12.82
1.72
7.03
7.15
5.95
7.93
1.38
6.22
9.75
11.25
6.66
6.55
7.7
2.63
0.91
0
0
0
0
0.04
0
0.12
0
0
0.07
0.22
4.55
1.49
0
0.36
0
0.21
0.51
4.29
2.34
0.55
0.82
0.4
0
0.61
3.98
1.38
1.09
2.7
9.66
8.53
2.71
3.84
1.79
1.95
2.64
10.59
5.82
1.8
1.29
0.48
0.36
0.41
0
0.44
1.7
7.68
3.77
0.13
0.05
4.18
6.64
5.14
2.07
0.27
5.39
13.03
2.72
0.5
0.93
0
0.11
0.05
0.17
0.86
0
0
0
0
0
0.01
0
0
0
0
0
0
0
1.8
1.12
4.04
2.76
0
0
0
0
0
0.02
0
0.02
0
0
0
0
0.01
0.02
0
0.04
0.69
0.52
1.15
4.46
17.32
43.8
8.48
4.88
0.3
2.02
2.38
0
0.3
6.99
2.75
1.03
0
0
0.04
0.03
0
0.02
0
0
0
0
0
0
0
0
0.45
7.66
5.04
10.09
0.8
3.12
6.3
0.58
1.69
1.85
0.68
0.74
0
0
0.01
0.89
1.75
1.3
0.03
0.13
0.8
0.71
0.25
0.16
0
0
0
0.45
0.03
0
0
0
0
0
0
0.01
0
0
0
0
0
0
0
0.07
0
0
0
0
0
0
0
0
0
0
0
0
0
0
0
0
0
0
0.08
0.02
0
0.58
0
0.17
2.42
0.05
0.02
0.81
1.41
2.86
1.23
1.55
0
0.22
0.16
3.67
4.49
9.99
3.1
2.48
1.59
6.84
17.84
4.35
0.43
1.11
0.11
0.62
0
0.5
0.83
0
0.27
0.14
0
0
0
1.3
0.07
7.86
2.37
0.3
30.59
11
4.05
11.17
13.29
12.48
11.73
4.91
0
0
0
0.42
7.93
4.87
1.63
0.95
4.45
16.36
13.09
2.9
0.39
0
0
0
0
0
0
0
0
0
0.01
0.72
0.05
0
1.92
9.14
14.44
4.7
0.89
1.15
0.21
0
0
0
0
0
0
0
0
0
0
0
0
0
0
0
0
0
0
0
0.71
0.2
0.11
0.09
0
0
0
0
0.4
0.31
0
0.42
0
0.04
0.29
2.77
6.88
7.88
0.9
0.59
0.09
0.25
0.36
0.07
0.01
0
0
0
0
0
0.04
3.01
2.81
3.7
1.63
0.02
0.1
0.04
0
1.93
0.26
0.07
2.2
1.36
0
0.09
0.29
0.44
0.65
0.01
0
0
0
0.59
2.95
0.5
0
0
0
0
0
0.14
0
2.14
1.11
0
0.01
0
0.02
1.38
0.52
0
0.14
2.79
0.96
0.44
2.21
0.8
1.34
5.8
7.51
3.78
0
0.26
0.53
1.01
4.07
3.66
3.46
0.16
0
0
0
0.07
0.27
0
0
0.39
0.53
0.13
0
1.93
8.17
6.2
12.61
8.79
1.57
0.05
0
0.04
2.27
0.49
0.62
1.36
0
0
0
0
0.13
0
0
0
0.16
0.1
0.09
0
0.02
0.06
5.51
4.02
1.37
1.92
1.93
0.25
0.26
0
0
0
0
0
0.34
1.02
3.28
3.7
2.75
1.07
2.19
14.68
12.18
16.68
9.75
0.92
0
0
0
0
20.94
5.76
0
0.3
0.04
0.1
0
0.02
0
0.21
0.1
0
0.04
13.5
4.01
1.34
0.93
1.06
0.24
0
0.02
0.08
0.26
0.05
0.29
0
4.77
14.19
4.24
1.12
9.85
12.65
7.63
3.89
0
0
0
0
0
0
0
0
0
0
0.1
0
0
0
0.01
8.88
1.89
0
0
0
0
0
0.26
0.14
0.06
0
0
0
0.05
0.56
0.38
0.88
0
0
0
0.16
0
0
0
0
0
0
0.09
0
0.02
0.03
0
0
0
0
0.01
0
0
0
0
0.02
0
0
0
0
1.07
0.47
0
0.01
0.41
0.04
0
0
2.12
3.76
1.92
0.29
0
0
0.07
0
0
0
0.02
0
0
0
5.5
0
0.21
6.32
2.18
0
0
0
0
0
0.01
0
1.3
2.05
1.24
1.19
0.97
0
0.92
0.02
1.38
0.1
4.15
2.42
0
0.66
0
0
0.3
0.1
0.09
0
1.2
0.73
1.09
0.06
0.02
0
1.52
3.13
5.68
9.16
3.33
0.1
0
1.45
0
0
1.65
9.7
4.67
2.64
0.07
0.05
0.11
0
0
0.05
1.52
1.87
4.66
2.31
1.96
3.63
27.8
11.13
1.54
2.89
7.16
2.49
0.12
0
0
0.41
0.99
0
0
0
0
0
0
1.73
2.97
0.82
0.36
0.37
0.6
0
0
0
0
0
0
0
0
0.43
0
0.02
0.13
0
0.61
1.11
0.55
0.14
0
1.46
2.77
0.2
0
0
0
0
0
0.59
0
0
0
0
0
0
0
0
0
0
0
0
0
0.21
0.18
1.44
0.51
0.06
0
0.04
0
0
0.36
0.01
0
0
0
0
0
0
0
0
0
0.02
0
0
0
0
0.05
0
0
0
0.2
1.71
15.14
4.57
2.84
0.46
0
0
0
0
0
0.8
0.44
0
0.04
0
0
0.01
1.75
2.38
3.55
0.39
0
0.01
0
0.42
0.19
0
1.2
0.02
0.01
0
0.99
0.01
0
0
0.79
0.06
0.06
0.15
0.59
0.54
0.36
0
0
0
0.43
4.23
5.17
6.09
2.64
0
1.02
5.96
4.42
1.17
0
0.46
0.16
0.09
2.39
6.78
1.9
5.42
6.88
0.58
3.45
2.42
0
0.24
0.1
0.4
1.13
7.93
6.29
6.47
3.73
0.16
11.32
2.02
0
0.98
0
0.01
0
0
0
0
7.26
7.62
9.98
6.28
14.14
3.54
0.03
0
0.03
0
0
0
0
0.03
0
0
0
2.73
5.72
0.99
0
0
1.53
4.36
0.55
0
0
0.2
0
0
0
0
0
0
0
0
0.03
0.01
0
0
0
0
0
0
0
0
0
0.2
0.21
0.41
0.84
2.86
2.18
2.29
0.61
0
4.8
0.46
0
0
0
0
0
0
0.2
0
0
0
0
0.01
0
0
0
0.01
0
0
0
0.02
0
0
0
0
0
0
0
0
0.04
2.23
1.41
2.05
0.02
1.3
4.36
2.07
0
0.02
0.02
0
0
0
0
0.2
0
0
0
0
0.53
0.16
0
0
0
0
1.77
0
0.9
6.75
2.18
0
0
0
0
0.01
0.08
0
0
5.11
1.8
0
0
0
0
0
0
0.63
2.08
0
0
5.19
4.94
4.54
0.07
3.65
4.74
7.68
1.55
0
0.54
3.7
0.07
1.5
0.13
0
0.01
0
2.11
1.82
0
0
0
0
0
0
0
0
0.21
0
0.04
0.7
0
0
0
0.01
0.1
0
0
0
0
0
0
0
0
0
0
0
0
0
0
0
0
0
0
0
0
0
0
0
0
0.13
0
0.09
0.02
0.01
0
0
0
0
0
0
0
0
0.06
0
0
0
0
0.05
1.69
2.11
1
0.36
1.45
2.48
0.58
2.61
8.09
2.45
2.43
5.67
14.9
8.87
7.31
3.82
2.71
9.4
13.8
25.77
13.65
9.72
6.02
1.18
0
0
0
0
0.05
0
0
0
2.34
7.83
1.3
0.78
0.33
1.66
3.35
0.83
0.59
0.27
0
0
0
0.04
0.15
0.13
0.09
0
0
0
0
0
0
0
0.3
0
0
0
0
0
0
0
0
0.24
5.95
1.31
14.21
5.43
1
2.63
1.56
0.14
7.38
1.51
0.3
3.7
3.29
0.56
0.86
0.01
0
0
0
0
0
0
0
0
0
0
0
0
0
0
0
0
0
0
0
0
0
0
0
0.12
0.37
0
0
0
4.9
6.63
12.2
6.21
0.87
0.34
2.72
2.04
1.56
0
0
0
0
0
0.06
0.05
0
1.03
5.3
13.38
10.33
13.49
0.96
0.01
0.14
0
0
0.01
0.01
0
1.79
0
0
0
0.53
0.94
0.07
0
0
0
0
0.45
0.39
0
0
0
0
5.13
7.47
1.95
0.54
0
1.24
0.2
0.02
0
0.55
1.79
4.7
14.81
10.52
7.96
4.88
1.08
0
21.6
16.29
2.1
0.01
0
0.01
16.14
2.43
0.47
0.02
0.02
0.01
0.01
0.45
0
0
0
0
0
0
0
0
0
0.11
1.2
0
0
0.72
3.99
0.02
1.91
12.09
2.48
2.31
0.75
4.42
4.27
0
0
0.13
0.02
0
0
0
0
0
0.01
0
0
0
0
0
0
0
0
0
0.1
4.28
4.33
0.71
1.63
0.36
2.16
0
0
0
0
0
0
0
0
0
0
0
0.71
0
0
0
0
0.05
0
0.07
0.02
0
0
0
0.05
0
0
0.01
0
0
0
0
0.72
0.1
0
0
0
0.04
2.79
3.74
2.27
0
0
0.41
0
2.07
0.23
11.93
2.38
0.04
0.05
0
2.23
13.28
3.39
0
0
4.16
0.56
0
0
0
0.01
0.01
0
0
0
0
0
0
0
5.59
0.74
0
0.06
1.66
9.23
5.23
6.62
2.69
6.53
2.73
0.83
0
0
0
0
0
0
0
0
0
0
0.07
0
16.95
34.2
6.64
1.56
0
0.3
1.83
3.76
1.37
1.66
0.45
0
0
0
0
0.03
0
0.01
0
10.75
9.86
4.07
0.07
0.15
0
0
0
0
0
0
0
0
0.4
0.23
0.25
0.41
6.3
4.35
0
0
0
0.4
0.17
0.13
2.38
1.57
0.12
0
0.05
0.1
0
0
0
0
0
0
0
0
0
0
0
0
0
0
0
0
0
0
0
0
0
0
0
0
0
0
0
0
0
0
0
0
0
0
0
0
0
0
0
0
0
0
0
0
0.23
0
0
0
0
0
0
0
0
0
0
0
0
0.09
0
0
0.01
8.31
4.38
0.21
0
0
0
0
0
0
0
0
0
0
0
0
0
0
0
0.04
0.01
0
0
0
0
0.09
0
0
0.17
0
0.4
0.28
0.08
0.02
0
0.71
0.25
0
0.04
0
0
0
0
0
0
0
0
0
0
0
0
0
1.48
3.8
1.21
3.37
1.01
6.8
4.88
12.38
6.88
1.72
0.48
1.2
0.56
5.12
1.14
0.06
0.01
0.01
0
0.01
0.01
0
0
0
0.21
0.13
1.09
1.94
0.67
4.06
1.53
0.1
0
0.02
1.64
1.3
0
0
0
0
0
0
0
0
0.03
0.02
0
0.45
0.01
0
0
0
0
0.05
0.09
0
0
0
0
0
0
0
0.01
0
0
5.41
1.88
2.84
3.94
2.23
0
0
0
0
0.12
0.69
3.6
2.46
1.31
2.3
0.6
0
0
0
0
0
0
0
0
0
0
0
0
0
0
0.03
0.03
0.01
0
0
0.01
0
0
0
0
0
0.1
0
3.17
8.94
3.4
0.74
0.05
3.12
0.45
0.02
0.01
0
0.01
0
0
0.04
0
0
0
0.01
0
18.19
1.84
0
0
6.17
3.63
0
0.05
0
22.47
7.09
0
0
0
0
0
0
0.01
0.01
0
0
0
0
0
0
0
0
0
0
0
0
0
0
0
0.02
0
0
0
0.99
0.09
0
0
0
0
0
0.01
0
0
0
0
0
0.12
0.77
0.29
0
0.07
0.01
0
0
0
0
0
0
0
0
0
0.58
1.93
4.61
0.34
0
0
0
0.97
0.98
3.22
1.34
0.34
0.09
5.04
1.14
0
0.2
0.61
4.93
4.6
5.04
19.34
3.33
2.92
12.59
9.2
1.67
0
0
0
0.02
0
0
0
0
0
0
0
0
0
0
0
0
0.41
0
0.01
0.38
0.19
6.7
8.12
5.28
3.96
19.28
8.41
18.77
8.37
3.37
0.92
0
0
0
0
0
0
0
0
0
0
0.01
0.1
0.02
0.27
2.03
5.65
1.6
0
0.04
0
0
0
0
0
0
1.2
2.29
7.05
8.73
3.15
2.27
2.32
0.21
1.6
0.46
0
0.55
1.43
1.35
0.66
1.37
0
0
0
0
0
0.01
0
0
0
0
0
0
0
0
0.01
0.39
0.32
0.18
0.13
2.87
0.96
0.73
1
0.51
8.38
13.8
1.78
0.2
0.13
0.05
0.01
0
0
0
0.23
0
0.09
0.58
0.36
4.67
3.82
7.7
4.09
2.66
1.28
6.58
6.99
8.57
5.48
2.05
11.96
3.18
1.08
0.06
8.65
2.47
0.53
12.16
2.85
1.07
6.07
1.37
0.68
0.62
0
0
0.01
0.05
0.21
0.91
1.07
2.89
3.24
0.02
0
0
0
0
0
0
0
0.29
1.99
0
0
0.1
0.48
2.13
5.68
4.23
0.75
0.59
6.57
3.17
10.33
8.49
1.16
0.11
0.64
0.61
17.84
14.45
4.79
6.83
11.64
7.23
1.37
8.64
10.75
5.55
1.2
5.5
1.05
1.56
1.42
1.81
2.6
0.3
0.32
0.31
2.12
10.88
21.58
4.09
0.97
0.16
0
0
0
0.45
0
0
0
0
0.11
4.94
3.07
0
0
0.36
0
0.01
0
0
0
0
0
0
0
0
0
0
0
0.08
0
0
0
0
0
0
0
0
0
0
0
0
0
0
0
0.01
0
0.01
0
0
0
0
0
0
0.01
0.01
0
0
0
0
0.01
0
0
0
0
0
0.01
0.65
0.72
0.06
0
0
0.01
0
0
0
0.43
3.35
1.09
0
0
0.04
0.05
0
0
0
0
0
0
0
0
0
0
0
1.2
0
0
0
0
0
0
0
0
0
0
0
0
0
0
0.05
0
0
0
0
11.3
2.97
0
3.06
5.59
4.07
5.29
1.2
0.05
0
0
0
0
0
0
0
0
0
0
0
0
9
4.39
0
0
0
0
0.29
7.91
2.33
0
0
0
0
2.19
2.39
0.2
8.66
4.78
5.11
16.56
28.43
8.77
10.55
0.36
4.79
23.1
11.32
9.45
3.58
1.3
7.09
2.45
0.63
0.52
0.37
0.16
0.09
0
0
0
0
0.59
15.59
5.94
0.4
1.5
0
0
0
0
0
0
0
0
0.46
0.63
0.07
0
0
0.03
0.23
0.14
0.26
0.02
0
0
0
0
0.28
0
0.45
0
0
0
0
0
2.05
5.34
6.56
2.2
0.44
0.1
0.27
0
0
0
0.1
0.12
0.4
2.34
5.68
4.02
1.53
12.14
15.98
9.68
4.17
2.43
7.57
2.84
1.28
0.78
0
0
0
0
0
0
0
0
0.05
1.72
5.25
9.21
13.37
11.32
3.07
2.02
1.48
0.03
2.19
9.38
1.84
1.19
0.28
4.29
2.84
0
0.09
1.54
0.09
0.17
0.28
4.24
1.72
0.33
0.2
0.06
0
0
0
0
0
0.14
0.09
0.04
0
0
0
0
1.38
5.63
4.73
6.2
4.49
0.29
0
0
0.01
0.25
0.05
0
0
0
0
0
0.61
3.24
5.68
3.75
2.01
4.21
0.37
0.34
0.47
0.42
0
0.34
0
0.34
0
0
0
1.57
12.48
7.64
3.63
5.89
1.92
1.01
1.29
0.34
0
0
0
0.3
9.65
4
1.34
0.84
0.08
0.01
0.01
0
0.01
1
1.46
1.02
10.14
7.54
0
0.29
0.66
0.01
0
0.42
4.67
2.25
0
0.07
2.33
1.82
0.18
0
0
13.34
2.95
0.2
0.34
0.01
0
0
0
0
0
0
0
0.01
0.01
0
0
0
0.05
0.78
0
0
0
0
0
0.43
1.68
0.03
0
0.12
0
0.01
1.65
1.38
0
0
0.01
0.01
0
0
0
0.02
0
0.05
0.08
2
0.14
0.03
0.01
0
0
0
0.02
0
0
0.01
0.27
0.02
0
0
0
0.6
7.79
0.9
0
0
0
0
0
0
0
0
0
0
0
0
0
0
0
0
0
0
0
0
0
0.18
0.09
0
0
0
0
0
0
0
0
0
0
0
0
0.3
0
0
0.09
0.6
0.22
0
0
0
0
0
0
0
0
0
0
0
0.67
0.11
0.04
0.61
0.88
0
0
0
0
0
0.73
0.2
0
0
0
0
0
0
0
0
0
0
0
0
0.02
0
0
0
0
0.05
0
0.64
0.04
0
0
0.01
0
0
0.32
3.58
7.01
12
3.27
1.09
0
0
0
0.2
1.2
1.93
1.77
0.18
0.38
0.19
0
0
0
0
0
0
0
0.2
10.63
16.18
4.81
0.02
0.03
0
0
0
0
0.19
9.07
1.8
0.91
4.68
0.39
0.43
0
0.01
0
0
0.01
0
0
0
0
0
0.28
4.28
8.09
10.29
3.84
1.71
9.87
12.73
4.99
2.45
2.85
5.32
3.66
4.19
0.49
3.27
0.16
4.85
1.24
0
0
0
0
0
0
0
0
0.01
0
0
0
0.01
0.01
0.01
0
0
0
0
4.27
11.25
3.94
2.1
0.95
0.51
1.63
3.9
1.6
0.19
4.14
1.56
0.29
0.31
0
2.84
16.86
19.63
11.76
9.85
8.84
7.06
3.09
9.9
2.78
0.05
0.95
6.88
2.13
0.2
0
5.15
5.75
2.54
0.1
0.1
0
0.13
4.02
0.68
0
1.58
0.29
2.95
6.72
0.91
0
0
0
1.39
0.32
0.37
0.11
0
0
0
0.05
0
0
0
0
0
0
1.14
6.12
3.04
0.49
3.04
9.68
2.56
1.78
0.57
2.36
3.71
0.89
0.41
2.98
2.18
1.66
0.76
0.67
0.33
0.63
5.15
1.98
2.53
10.44
11.78
5.94
3.8
2.21
0
0
0
0.95
0.55
2.34
11.74
5.82
0.87
0
0
0
0
0
1.15
0.18
0
0.57
0.2
0
0.01
0.17
0.07
0
0.03
0.02
3.37
0.42
0
0.17
0
0.02
0
0
0
0
0
0
0
0.02
0
0
0
0
0
0.09
0.09
0.36
1.48
0
0.47
7.05
3.91
2.39
0
0
0
0.13
0.06
0
0
0
0
0.01
0.61
0
0.02
0
0
0
0
0
0
0
1.45
0
0
0.89
0.11
0
0
0
0
0
0
0.02
0.52
2.26
0.72
0.01
0
0
0
0
0
0.01
0
0
0
0
0
0
0
0
0
0
0
0
0
0
0
0
0
0
0
0
0
0
0
0
0.02
0
0
4.36
9.4
2.01
0
0
0.1
0.86
0
0.05
0.39
1.41
0
14.31
5.71
0
0
0
0.05
5.11
16.96
2.16
4.08
0.34
2.25
0.58
0
0
0
0
0
0.01
0.05
0
0.16
2.14
0.94
1.68
3.69
1.05
0.05
0
0.11
1.13
5.67
2.24
2.97
4.94
4.98
3.09
0.97
0
0
0
0.17
2.88
9.42
0.79
0
0
0
0
0
0
0
0
0
0
0
0
0
0
0
0
0.03
0.29
4.53
13.48
3.33
0.15
1.03
1.02
0
0
1.96
1.07
0.07
0
0
0
2.7
0
0
0
0
0
0
0
0.46
0
0
6.46
1.08
0.02
0
0
13.84
4.73
0.41
0.08
0
0
0.01
0
2.03
0.69
0.5
0.32
0.09
0.19
0.89
0.96
0.04
0.07
0.1
0
0
0
0
0
0
0.03
0.27
27.34
11.32
1.09
12.7
13.73
2.2
1.41
0.18
0.07
0.01
0.18
0.05
0.06
1.68
1.24
0
1.65
6.72
6.52
3.32
12.3
8.34
1.11
0.54
4.65
2.09
0.19
0.02
0
0
0.01
0.67
7.2
11.08
1.83
0.07
0
0
21.62
12.05
2.81
0
0
0
0
0.27
7.13
5.34
1.37
0.37
0
0
0
0
0
0
0
0
0.02
0
0
0.59
1.63
1.57
0
0
0
0
0
0
0
0.11
0
0.03
1.3
2.64
1.27
0.07
1.21
0.03
0.1
0
0.49
7.11
8.21
12.91
6.12
2.97
11.72
10.35
2.72
0.13
0.05
0.01
0
0
0
0
0
0
0
0
0
0
0.79
3.3
1.06
0
0
0
0.05
0
0
0.04
0
0
0
0
0
0
0.32
0.74
0.34
0.14
0
0
0.03
3.25
4.16
0.78
0
0
0
6.73
10.24
1.56
0.02
0.34
1.33
0.05
0
0
0
0
0
0.01
0
0
0.01
0
0
0
0
0
0.08
0.09
4.23
1.74
0
0
0
0
0
0
0
0
0.46
0.29
0
0
0.08
0
1.07
0
0
0.02
1.79
3.27
1.98
7.65
1.34
0.11
0
6.25
6.79
15.54
11.51
0.55
0
0
0
0
0.01
0
0
0
0
21.18
5.16
0
0
1.11
0.04
0.05
0
0
0.01
0
0
0
0.01
0
0
0.07
0
0.04
0
0
0
0.12
0
0
0
0
0
0
0
0
0
0.44
5.7
0.22
0.64
0.1
0.45
0.02
1.13
0
0.14
0
0
0.01
0
0.46
0.01
0
0
0
0.01
0
0
0
0.02
0
5.56
0.76
0
0.03
0.2
1.41
1.15
0
0
0.86
0.28
17.18
7.72
1.01
11.59
7.58
2.35
0
0.22
13.3
12.9
8.55
0.17
0
0.24
0.47
0.35
0.04
0
1.05
5.51
4.59
12.73
14.48
10.32
0.13
0.4
2.52
0.18
0.11
0
0
0.04
0.62
0.57
0.35
0
1.84
20.73
4.07
3.69
0
0.1
0.41
0.26
0.13
0
0
0
0
0
0
0
0.09
1.66
2.3
0.45
0.91
0
0
0
0
0.83
6.16
9.35
8.18
4.33
1.78
0.16
0.98
3.39
12.48
23.16
4.64
6.27
2.86
2.44
0.32
0.2
0
0
0
0
0
0
0
0
0
0
0
0
0
9.46
2.91
0.96
0.14
1.27
3.63
0.23
0
0
0.01
0.66
13.26
5.19
6.52
4.45
9.12
3.61
10.27
0.09
0.13
0.14
0
0
1.59
1.73
5.75
3.78
4.23
2.44
13.63
2.14
0.11
0.85
0.34
0.68
1.19
0.74
3.51
1.02
0.01
0
0
0
0
0.07
0
0.04
5.49
1.56
0.07
0.01
0
0.01
0.02
0.57
0.05
0
0.07
0.02
0.06
0
0
0.01
0.14
1.61
0
0
0
0
0
0
0
0
0.15
0
0
0
0
0
0
0
1.01
0
0
0
0
0
0
0
0.48
0.31
0
0.22
6.71
7.38
10.79
3.19
1.79
2.36
3.21
0.31
3.57
11.8
2.35
0.23
0.31
3.05
1.09
2.77
3.36
3.57
1.05
0
0.71
0
5.39
25.05
9.88
0.82
0.71
0.06
0.01
2.54
0.21
1.73
7.38
3.73
0.52
1.6
7.91
8.16
15.88
8.56
8.05
5.19
3.27
1.04
2.52
0.02
1.04
0
1.57
0
0.94
0
10.91
1.85
0.89
0.58
0.01
0
0.55
0
1.3
0
8.59
0
0.73
0
0
30.62
29.1
3.2
1.06
2.68
1.96
2.94
7.56
1.17
3.19
2.64
0
0.05
3.3
1.29
7.08
2.84
0
9.41
7.67
3.82
8.82
11.23
0.58
0.07
0.89
2.16
2.4
0
0.68
0
0.75
0
0
0.27
0
0
0
0.09
0.02
0
0.19
0
0
0
0.54
0
0
0
0
0
0
0
0
0
0
0
0
0
0
0
0
0
0
0
0
0
0
0.22
0
0
0
0
0
0
0
0
0
0
0
0
0
0
0
0
0
0.02
0
0
0
0
0
0.13
0.03
0
0
0.05
0
0
0
0.01
0
0
0
0
0
0
0
0
0
0
0
0
0
9.41
1.19
0.12
0
0.04
0
0
0
0
0.01
0.88
4.11
0.89
0.93
9.68
6.2
29.39
7.96
7.09
3.17
0
0
0
0
0
0
0
0
0
0.4
0.39
0.23
0.14
0.11
0.06
0
0.01
0
4.13
0.75
0.72
0.69
9.08
3.27
0
0.34
0
0
0
0
0
0.01
0
0
0
0
0.2
0.09
0
0
0.02
18.7
4.48
0.72
0.02
0
0
0.13
0
0
0
0
0
0
0
0
0
0
0
0
0
0
0
0
0
0
0
0
0
0
0
0
0
0
0
0
0.01
0.38
7.75
0
0
0
0
0
0
0
0
0
0
0
0
0.27
0.05
0
0
0
0
0
0
0.25
0.13
0
0
0
0
0
0
0.26
0
0.11
1.48
3.35
2.07
1.05
0
0
0
0
0
0
0
0
0
0.48
0.21
2.63
11.88
15.23
6.87
7.24
5.85
1.37
0.6
0.36
0
0
0
0.76
4.84
2.42
0.38
0
0
0
0
0
0
3.39
1.8
0
0
0
0
0
0
0
0
0
0.41
2.22
0.88
13.28
6.65
0.86
6.84
7.5
6.28
3.42
2.87
3.8
2.45
1.13
0.75
3.16
5.45
3.48
0.81
0.49
0.47
0
0
1.83
4.3
1.7
11.23
9.49
7.11
9.68
3.12
0.48
0.26
0.21
0
0
0
0
0
0
0
0.01
1.14
0
0
0.02
2.63
4.7
0.6
0.64
0
0
3.98
1.29
0.1
9.08
6.13
11.39
18.14
3.79
3.04
2.69
2.77
5.86
10.04
12.95
2.79
4.7
0.86
0.25
0
0.97
0.82
0
0.02
0.49
0
0
3.34
5.49
3.33
2.7
5.28
9.95
0.48
0
0.41
2.62
0
0.04
0
0
0
0
0
0.41
0
0
0.47
0
0
0
0.01
0
1.51
0.23
0
0
0
0.01
0
0
0
0.01
0
0.18
0.54
1
0.23
0
0
0.02
0
0.03
0.09
0
0
0
0.03
0.27
0.02
0.49
0
0.01
0
0.02
1.01
0.01
0.17
0
0
0
0.01
0
0.03
4.52
0.02
0
0
0.03
0.39
0.09
0.01
0
0
0
0.63
0
0.13
0
0.11
13.32
8.17
3.83
7.44
5.21
0.4
0.45
0
0.34
0
0
0.01
0.21
0
0
0.19
0.42
0
0
0.01
0
0
0
0
0
0
0
0
0
0
0
0
0
0
0
0
0
0
0
0
0
1.25
0.13
15.57
5.31
0.05
0
0.52
0.07
0
0
0.48
1.05
3.41
0
0
0.03
0
0
0.22
0.56
0
0.41
0.06
0
0
0
0.07
0
0
0.39
1.38
0.7
7.74
8.2
3.63
13.34
9.62
13.41
8.71
5.8
2.42
3.92
6.88
8.53
3.16
3.73
2.6
2.38
0.38
1.97
1.29
4.1
3.59
2.72
4.93
8.79
2.92
0.93
9.51
4.55
3.63
1.27
8.17
21.5
11.23
1.07
0.79
3.85
1.44
0
0
3.5
5.18
0.86
0.94
0.3
0.02
0
4.86
2.16
4.57
2.01
0.34
0.12
0.39
0.17
0.7
0.84
1.3
0
0
0.38
0.65
0
0.01
0
0
0
0
0
0
0.18
1.66
0.28
2.42
4.67
3.88
1.04
3.48
1.56
0
0
0
0
0.02
0
0
0
0
0
0.02
0.2
0
0
0
0
0
0
0
0
0
0
0
0
0
0
0
0
0.1
0.04
0
0
0.29
0.17
1.92
0
0
1.77
1.18
0
0
0
0
1.12
0
0
0
0
0.06
3.76
3.16
0
0
0.42
0
0
0
0.29
2.74
2.26
0.3
3.64
8.77
4.4
2.75
4.62
0.28
0
0
0.02
0.13
0
0
0
0
0
0.09
2
0.23
0.52
1.95
1.05
4.42
2.68
0
0
0.61
0.68
0.96
0.11
0.01
0.01
0
0.34
0.03
0.02
0.05
0
0
4.23
0
0
0
0.07
0.09
0.19
0.66
0.16
0.12
0.08
0.31
0.07
0.08
0.46
0.1
0
0
0
0
0
0
0.38
4.65
0
0.63
0
0
0
0.16
0.18
0.88
4.47
0.21
0
0.12
0
0
0
0.02
0
0.09
0
0
0.3
0
0.55
0
0
0
0
0
0
0
0
0.01
0
0
0
0
0
0.99
0.57
0
1.09
0
0.15
0
0.08
0.44
0.71
0.48
0.16
0.03
0.03
0
0
8.11
0.52
0.34
0
0.22
3.78
4.73
0
0.25
0
0
2.47
0
6.16
0
0.09
0.02
0
0
0
0.14
0.04
2.18
8.89
0.1
0.43
0
0.09
0
0
0
0
0.05
0.05
0
0.02
0.61
1.13
0
0
0
0.49
32.85
6.34
0
0
0
0
0.53
0.01
11.98
2.77
0.04
0.64
0
0
0
0
2.42
10.39
0.79
0
1.16
3.2
0
1.25
2.42
2.03
0
0
0
4.13
0.12
0.04
0.57
0.01
0
0
1.39
2.59
3.34
1.76
11.36
0
1.93
12.87
17.73
14.59
3.22
1.11
1.8
3.78
6.73
0.62
1.89
4.48
0.14
0.13
0.02
0.55
0.7
0.54
8.87
16.14
2.94
0.86
0.01
0.34
0.68
1.21
0
0.01
0
0.18
1.71
0.23
3.65
0.5
4.48
11.45
2.7
1.14
0.47
0.09
0.04
0.14
0.13
0.01
0.01
0
0
0.04
1.54
12.55
2.87
1.79
0
0
0
0
0
0.21
0
0
0
0.01
0
0
0
0
3.59
0.81
1.76
0.2
0.27
0.12
0.2
0
0
0
0.01
0
0.61
5.3
0.63
0.42
0.45
0.66
0.74
0
0
0.02
0.24
0.33
0.25
0
0
0.01
0
0.03
0.03
0
0.45
0
0.01
1.02
0
0.3
4.51
8.3
0.1
0.12
2.56
2.75
2.91
0.5
1.3
0.94
0
0.33
0.33
0.49
0.68
6.52
2.22
4.45
0.64
0
0.02
0
0
0.37
0
0.82
2.07
18.84
3.05
0.74
0.91
0.16
4.8
7.53
5.51
4.81
3.41
1.43
0.83
5.35
1.79
1.88
0.91
3.17
3.55
0.14
0.22
0
0.52
0
0
0
0.58
6.17
0.93
0
0
0.36
0.46
0
0.82
2.48
4.13
0.7
0.04
0.02
0
0
0
0.02
4.39
5.48
8.46
27.21
7.8
1.2
0
0.39
0.23
0
0.01
0
1.4
1.49
0.25
0.05
0.17
0
0
1.23
0.23
0.01
0.75
1.11
0
0.55
1.38
0
0
0
0
0
0.01
0
0
0
0
0
0
0
0
0
0
0
0
0.02
0
0.39
2.53
4.3
4.17
1.92
0
0.05
0.02
0
0
0.01
0
0.02
0
0
0
0.42
8.36
0.05
0
0.01
0.01
0.01
0
0.09
0
0.01
0
0
0
0
0
0
0.5
1.16
0
0.82
0.45
0.01
0
0.28
0
0
0
0
0.01
0
0
0
0
0
0
0.54
0.02
0
0.04
0
0
0
0.08
0.55
0
0
0
0
0
0
0
0
0
0
0.01
0
0.01
0
0
0
0
0
0.08
4.46
0.05
0
0
0
0
0.03
0.02
0.13
1.78
1.21
0.8
0.04
0
0
0
0.46
8.75
17.66
8.41
0.9
0.65
0.01
0
1.19
0.53
0
0
0
0
0
0.09
0
0.31
0
22.41
4.64
0
0.16
0
0.59
0
13.41
5.34
0.88
0.06
0
0
0
0
0
0
0
16.83
25.79
14.56
4.5
2.55
1.19
2.49
0
0
0
0.02
0
0
0.38
0.19
0.31
8.5
6.33
0.98
1.6
0
0
0
0
0
1.56
4.73
0
0
0
0
0
0
0
0
5.1
1.44
6.85
0
0
1.44
3.67
0.38
0.38
0
0
3.18
1.73
0
0.91
1.8
13.81
2.41
6.21
5.54
0.5
0
0
0
0
0
0
0
0
0.14
0.05
5.07
1.31
0.67
0
0
0
0
0
0
0
0
0
0
0
0
0
0
0
0
0
0
0
0
0.01
0.38
2.57
2.04
0
0
0.11
0
0
0
0
0
0
0
0
0
0.07
0
0
0
0
0.01
0
0
0
0
0
0
0
0
0
0
0
0
0
0
0
2.8
0.14
0.02
0.02
0
0.48
16.57
3.02
0.09
0
0
0
2.66
1.97
0.11
0
0
0.18
3.6
0.13
0
0
0
0
0
0.01
0
0
0
0
0
0
0
0
0
0
0
0
0
0
1.13
0
0.28
2.2
1.13
0.04
0.24
11.88
4.27
10.11
14.02
7.95
3.59
0.68
2.95
3.13
0.81
0
0
0
0
0
0
0
0
0
0
0
0
0
0
0
0
0
0
0
0
0
0
17.46
1.47
2.77
0
0.08
2.25
1.57
0
0
0
0
0
0
0.04
0.01
0.02
0.05
0.6
1.68
5.8
2.03
0.2
2.32
1.18
0
0
0.23
8.15
24.87
18.55
2.42
2.99
1.07
0.56
0.38
0
0.21
0
1.87
1.97
1.53
0.25
1.61
9.46
3.07
11.17
2.98
0.22
0.14
0.01
0
6.35
12.59
4.48
1.04
0.04
0
0
0
0
0
0
0
0
0
0
0
0
0
0.01
0.07
0.01
0
0.02
0.03
0.03
0.4
0.11
0
0
0
0
0
0.38
0
0.28
0.53
0.09
0.02
12.83
1.58
0
5.3
7.54
0.33
0
0.63
1.35
4.34
0
0
0
0
0
0
0
0
0
0
0.58
5.77
1.6
0
0
0.11
0.02
1.14
0.07
0
0
0
0
0.05
0
0
0
0
0
0
0
0
0
0
0
0
0
0
0
0.03
0
0
0
0
0
0
0
0
14.2
11.04
4.84
0.08
0.01
0.01
0
0
0.03
0.03
0.42
0
0.02
4.09
4.09
4.16
5.4
7.97
0.25
0.68
5.7
15.11
5.47
12.98
13.25
1.67
0.93
0.82
0.16
0.14
1.04
1.05
3.25
2.82
8.36
7.73
2.95
0
0
0
0
0.02
0
0
0
0
0
0
0
0
0
4.51
0
0
0
0
0
0
0
0
0
0
0
0
0
0
0
0.51
1.66
1.59
12.63
1.7
9.16
1.06
1.07
0.07
0.01
0
0
0.03
0.87
6.53
4.13
0.91
0.54
0
0.26
0.38
0.25
2.21
2.61
0.52
0.31
0.03
0
0.01
0
0
0
0
0.01
0
0
0
0
0
0
0
0
0.07
0
0
0
0
0
0
0
0
0
0
0
0
0
0
0
0.09
0
0.23
0.29
0
0
0.27
0.95
0.09
0.28
0.02
0.01
0.58
3.82
0.98
0.3
0.33
0
0
0
0
0
0
0
0
0
0
0
0.2
1.52
0.41
0.1
1.43
1.61
1.66
0
0
0
0
0
0
0.32
0.41
0.4
3.67
4.88
0.63
0
0.13
0
0
0
0
0
2.62
3.69
0
0
0
0
0
0
0
0
0
0.02
0
0
0
0
0
0.07
0.01
3.74
1.81
0.6
1.23
0.07
0.54
0
0
0
0
1.25
0.09
3.11
13.67
7.73
5.74
5.88
1.2
3.57
0.39
3.95
1.31
0.71
0.3
0.08
0.32
0.19
0
6.99
7.58
3.38
4.3
8.19
3.35
0
1.13
11.38
6.56
0.88
0
0
0.31
7.78
6.39
9.53
5.82
1.85
0.86
0.21
0.01
0
0.12
0
0.15
1.57
2.55
4.32
3.18
11.13
6.05
0.91
0
0
0.07
0.21
0.14
0.13
0.13
0.54
0.45
0.12
0.07
0.35
0.13
0.22
0.29
0.01
0
0
0.02
0.01
3.05
0.71
0.06
0.01
0.01
0
0
0
0.09
0
0
0
0
0
0
0
0
0
0
0
0
0
0
0
0
0
0
0
0
0
0
0
0
0.01
0.71
1.01
0.66
0
0.01
0
0.13
0
0.04
0.02
0
0
0
0
0
0
0
0
0
0.62
0.26
0
0
0
0.14
0
0
0
0
0
0.02
0
0
1.21
2.67
4.98
2.71
0
0
0
0
0.04
0.66
0
0
0
0.01
0.56
21.44
3.9
4.99
2.09
0
0
0
0.18
9.18
0.01
4.07
1.38
0.78
6.09
13.87
4.37
3.66
3.57
12.53
8.44
13.25
4
3.09
1.82
3.51
4.82
5.4
0.02
0.25
0.51
0
0.35
0.51
0.66
1.23
8.59
11.25
0.5
0.45
1.35
9.59
3.08
5
8.67
2.86
4.25
3.32
0.5
0.09
0
0.01
0.2
0
0
0
0
0.5
0.14
0
0
0
0
0
0.35
0
0
0.72
0.62
5.68
0.86
7.55
0
0.21
0.22
0
0.16
0
0
0
0
0
0
0
0
0.76
0.02
0.01
0
0.21
0.27
0.02
0
0.17
0.27
0
0.52
0.23
1.95
0.02
0
0.24
0.53
0
0.55
4.22
0.99
5.59
10.23
2.8
7.61
10.75
2.98
0.82
0.38
0
0.4
0.75
0.12
0
0.21
0
0
0
0.25
0.11
0
0.48
0.57
0
0
0
0
0
0.02
4.84
9.99
3.35
1.02
0.75
2.58
0
0
0
0.03
0
0
0.2
0.4
0.45
0.44
0.37
3.42
0.76
0
1.78
0.78
0.04
0
1.42
4.05
3.91
0.46
0.45
0
0
0
0
0
0
0
0
0
0.1
0
0
0
0.23
0.38
0.3
0
0
0
0
0
0
0
0.02
0
0.15
0.23
0.45
0
0.04
0
0
0.24
0.71
0.48
0
1.34
0
0
0
0
0
0.17
9.86
6.23
0
2.38
5.39
0.87
0.04
1.07
3.12
4.05
0.04
0
0
0.13
0
0
0
0
0.25
0.57
0
0.32
5.19
2.27
0.39
0
0.99
0.44
3.5
0.23
7.01
3.25
1.49
1.57
3.44
0.01
0
0.13
1.58
0.56
0
0
0
0
0
0
0.01
0.15
0.03
0
0
0
0
0.02
2.31
0
0
0
0
0
0
0
0.01
0
0
0
0
0
0
0
0
0
0
0
0
0
0
0
0
0
0
0
0
0
0
0
0
0
0
0
0
0.02
0.15
0
0
0
0
0
0
0
0
0.02
0
0
0.03
0.5
0
0
0.01
0
0
0
0
0
0
0
0
0
0
0
0.07
0.07
0
0
0
0
0
0.3
0.01
0.04
0
0
0
0
0
0
0.04
0
0
0
0
0
0
0.02
0
0
0
0
0
0.02
0.09
0.64
0.11
0
0
0
0
0
0.23
0.87
1.3
2.57
0.07
0.06
0
0.83
1.98
2.77
3.14
3.16
1.17
0
3
8.28
0
2.16
0.72
5.4
8.07
3.89
0.11
0
11.41
4.74
0.84
2.77
4
3.32
3.8
0.54
6.46
0
1.18
2.79
3.12
10.16
1.69
0
0
0.91
0.2
0.16
20.13
11.04
6.23
8.01
2.26
6.52
3.35
3.2
1.55
12.39
1.92
0.04
0
0
0.03
0
0
0
0
0
0
0
0
0
0
0.23
0.16
0
0.4
0.25
0.09
0.01
0.83
0.87
3.19
0
0.27
0.21
0
0
0.16
0
0.02
0.01
0.09
0.85
0.7
0.01
0.23
0
0.1
0.55
0
0
0.08
0.18
0.7
0.58
9.63
2.62
1.06
0.27
0.26
0.24
0
0
0
0
0
0
0
0.01
0
0
0
7.48
4.02
1.45
2.1
0.11
0.03
0.63
0.88
0.16
0.13
0.08
0.1
0.66
0
0
0
0
0
0
0.01
0
0
1.69
2.38
0
0.46
18.44
5.61
1.18
0.12
0.01
3.68
0
0.06
0
0
0
0
0
1.5
0.18
0
0.14
0
0.18
1.42
0.75
2.53
0
0
0
0
0.23
0
0
0
0
0
0
0
0
0
0
0
0
0
0
0
0
0
0
0
0
0
0
0
0
0
0.03
0
0
0
0
0
0
0
0
0
0.01
0
0
0
0.02
0.18
2.34
4.25
4.11
4.96
1.08
0.33
3.66
2.76
0.04
0
0
7.26
3.11
0.04
0
0.24
2.84
8.97
7.77
6.67
7.64
1.46
0.07
0.48
0
0.03
0.03
0.71
0.02
0
0
0
0
0
0
0
0
0
0
0
0
0
0.05
0.01
0
1.73
0.53
5.41
2.29
23.11
2.36
0.04
0
0
0
0
0.16
0
0
0.02
1.25
0
0.05
0.15
26.01
5.05
2.77
1.63
1.41
0.32
0.3
0
0.05
0
0
0
0
0
0
0.03
0.82
0
0
0
0
0
0
0.01
0
0
0
0
0
0.07
0
0
0
0
0
0.01
0
0
0
0
0
0.01
0
0
0.01
0.09
11.23
5.81
1.45
0
0
0.75
0.05
0
0
0.02
0.48
1.15
5.42
1.58
4.09
0
0
0
0
0
0.01
0
0
0
0.45
0
1.57
1.09
0.07
0
0
0
0
0.01
0.05
0
0
0
0
0
3.55
0.94
0.57
0
0
0
0
0
0
0
0
0
0.01
0
0
0
0.78
0.02
0
0
0
0
0
0.02
0.02
0
1.8
0.03
0
0
0.03
0.2
0
0
0.01
0.12
1.63
0
0
0.01
0.04
0
0
0
0.17
0
0
0
0
0
0
0
0.57
10.46
31.45
7.09
0.18
1.25
5.87
15.44
7.8
1.68
0.34
0.02
0.49
0.2
0.46
0.32
7.13
0.68
1.92
0.16
0
2.39
0.23
0
0.41
10.8
0.53
2.79
4.71
2.91
0.74
0.07
0
0
0
0
9.42
1.31
0.48
0.15
0.71
0.24
0.88
11.85
3.94
3.81
9.88
4.77
9.91
3.6
12.61
9.75
20.48
3.8
0.18
0.2
9.69
7.53
12.1
2.5
8.25
9.91
1.2
13.17
1.6
0.51
0.18
0.25
0.23
0.18
0.3
2.79
0.91
5.65
7.75
19.89
6.86
1.17
1.5
2.58
7.13
2.58
0
4.95
11.82
2.16
0.12
1.05
8.73
0.93
0.16
0.01
0.03
0.27
0.01
0.53
3.46
1.27
0
0.03
0
0
1.41
0.25
0.14
0
0
0
0.05
9.29
1.17
0
0
0.01
0
0
0
0
0
0
0.03
0.06
0
0
0
5.82
1.44
0.26
0
0.06
0.53
3.93
0.38
0
0
0.04
0.02
0
5.07
0.21
0.13
9.22
13.16
8.61
7.85
0.77
0
0.12
0.25
4.28
3.22
0.29
0
0
0
0
0
0
0
0
0
0
0
0
0.16
4.9
0.77
0
0
0
0.1
0.87
1.84
0.47
0.83
3.16
0.79
0
0.56
22.32
7.57
0.8
4.09
13.01
16.72
2.79
0
0
0.25
1.2
5.7
9.18
6.4
0.96
0
0
0
0
0
0
0
0.01
0
0.05
3.6
1.69
0.09
0
0.14
0.09
0
0.13
0
0.23
0
0.09
0.07
0
0
2.35
2.61
2.46
0
2.05
0.34
0
0.15
0
0
0
0
0
0
0
0
0
0
0
0
0
0.06
0
0
0
0
0
0
0
1.18
0.04
0
0
0
0.09
0
0
0
0.79
0.61
1.33
3.1
0
0
0.01
0
0
0
0.13
0
1.67
0
0.15
2.52
0
0
0
0
0.77
7.45
3.18
14.83
4.63
0
0
0.02
0
0
0
0
0
0
0
0
0.57
6.41
0
0
0
0
0.09
0
0
0
0.01
4.28
0.31
0.72
6.21
0.94
0
0
0
0.28
1.21
0.89
1.64
12.84
2.81
0
0
0
0
0
0
0
0
0
0
0
0
0
0
0
0
0
0
0
0
0
15.5
0.73
1.83
0
0.8
0.33
0
0
0
0
0
0
0
0
0
0
0
0
0
0
0
0.36
3.79
0.38
0.03
0
0.07
0
16.09
34.98
13.24
8.43
2.25
0.63
10.8
2.84
2.9
4.41
0.64
0.23
1.35
2.83
0.04
0.38
0.07
0
0
0
0
0
0
0
20.49
14.02
3.44
1.95
0.34
0.05
1.55
10.97
17.79
14.72
6.09
0
0.63
3.84
9.36
8.22
12.02
12.63
6.19
8.71
6.92
2.41
0.15
0.27
2.64
17.84
3.69
14.34
3.77
9.3
3.69
3.12
14.03
6.91
16.58
22.87
0.57
0.17
0.04
0.04
0.1
0.06
1.93
8.72
1.87
13.05
22.32
15.95
5
4.31
0.74
0.3
0.43
0.42
0.23
0.12
0
0
0
0
3.95
0.21
0.61
0
0
0
0
0
0
0
0.01
0.13
0.25
0
0
0
0
0
0
0
2
0.09
0.03
0
0
0
0
0.01
0.05
0.11
0
0
0
0
0
0
0
0
0
0
0
0
0
0
0
0
0
0
0
0
0
0
0
0
0
0
0
0
0
0.08
0.09
0
0
0.01
0.91
0.32
0
0
0
0
0
0
0
1.87
6.95
5.9
11.03
4.9
1.13
0.37
0
0.01
0
0
0
0.02
0
0
0.01
0
0
0.21
2.33
2.34
2.09
0.38
0
0
0.18
0.58
3.8
3.32
4.17
15.91
1.97
0
0.15
0.17
0.51
0.11
2.97
4.7
2.83
0.13
0
0
0.5
6.74
4.04
3.63
1.58
6.02
14.83
5.38
0.02
0
0
0
0
0
0
0
0
0
0
1.32
0
0.01
0
0
0
0
0
0
0
0
0.41
0.29
0.45
14.91
12.02
0
0
0
0
0
0.12
1.52
0.5
0.01
0
0
1.08
0.43
1.41
0
0
0
0.01
0.33
0.75
9.02
1.55
0
0.05
2.2
0
0.13
0
0
0
0
1.3
1.4
0
0
0.42
0
0
14.98
1.67
0
0
0
0.13
0.05
1.07
0.54
0
0
0.03
0.52
1.17
0.05
4.42
1.18
1.59
0.01
0
0
0
0
0
0
0
0
0
0
0.03
0
0
0
0
0
0.67
2.56
2.44
0
0.23
0.63
0.84
0
0.01
1.12
3.18
0.93
1.27
0
1.39
0
0
0.36
0
0.04
0
0.39
1.4
0
0
0
0
0
0
0
0
0
0
0
0
0.02
1.27
1.61
2.99
2.05
0.04
0.02
0.29
3.3
3.04
0
0
0
0.05
10.93
7.53
6.65
24.1
12.29
5.06
6.26
2.49
8.25
14.35
3.22
9.85
1.47
0
0
1.21
11.17
3.36
2.34
16.23
5.55
0.12
2.4
6.43
2.52
0.09
1.82
0.05
0.17
0.17
0.29
0.21
21.6
0
0
0
1.57
0.03
0.64
4.29
2.08
0
0
5.47
12.34
32.04
5.32
4.35
0.53
3.48
6.87
0.59
0.02
1.84
0.77
0.09
0.79
3.69
2.05
10.06
0
0.19
0.38
0.88
0
0.21
0
0
0
0
0.26
2.13
2.2
0.13
0
0
0
0.07
0
0
0
0
0.75
0.24
1.73
2.36
0.36
0.42
4.08
0.48
2.58
1.51
10.98
4.3
4.89
0.29
0
0
0.74
1.5
0
0
0
0
0
0
0
0
0
0
0.05
6.42
0.94
0
0
0
0
0
0
0
0
0.08
0
0
0
0
0
0
0
0
0
0.08
0
0
0
0
0
0
0
0
0.03
2.48
0.85
0.25
0
0
0.42
7.39
1.75
6.32
0.02
0.98
1.52
1.2
3.47
1.31
0.77
0.14
4.21
2.77
4.08
0.18
0
12.23
2.03
9.29
0.6
0.06
0
0.11
0.78
5.25
0.35
0
0.07
2.46
0.56
12.25
6.09
3.57
0.7
1.16
1.23
0.52
0.24
0.29
0.01
0.01
0
6.73
13.41
3.59
6.53
13.84
5.91
1.41
0.27
0.63
15.61
5.2
1.32
7.2
4.42
8.59
0.18
2.27
11.93
2.18
12.54
0.67
1.54
0.23
0.3
1.01
0.2
2.96
0
0
0
0
0
0
0
0
0
0
0
0
0
0
0
0
0
0
0
0
0
0
0
0
1.4
2.93
1.7
0
0
0
0
0
0
0
0
0
0
0.18
0
0
0
0
0
0
0
0
0
0
0
0
0.01
0
0
0
0
0
5.57
3.34
0.01
0
0
0
0
0
0
0.02
0
1.27
0.02
0.71
7.32
2.79
0
0.74
4.9
0.46
0.01
0
0
0
0.09
0.15
1.2
0
0
0
0
0
0
0
0
0
0
0
0
0
0.08
0.15
0
0
0
0
0
0
0
0.24
0.13
1.54
7.85
1.86
2.4
5.36
3.27
2.21
5.74
1.36
0.45
0
0
1.64
9.36
9.61
2.8
0.02
0.77
0.79
0.17
0
0
0
0
0
0
0
0
0
0
0
0
0
0.04
0.92
0
0
0
0
0
0
0.27
0.53
6.73
11.32
0.01
0.05
0
0
0.04
0.34
0.01
0
0.02
0
0
0
0
0
0
0
0
0
0
0.05
0.32
0
0
0
0
0
0
0.43
0.64
0
0.02
0
0
0.01
0
0.43
1.05
0
0
0.01
0
0
0.01
0
0
0.31
0
0
0
0
0
0
0
0.34
4.83
13.38
3.62
0.32
0
0
0
0
0
0
0.74
2.84
0.12
0
0
0
0
0.22
3.83
3.21
0
0
0.14
0.94
3.37
0.2
0
0
0
0
0
0
0
0
0
0
0
0
0
0
0
1.84
8.74
0.13
0
0
0
0
0
0
0
0
0
0
0
0
0
11.64
4.73
0.5
0
0.27
0
0.43
1.95
0.37
0
0
0
0
0
0.4
18.68
8.55
0.7
2.27
3.71
0
0.02
0
0
0
0
0
0
9.04
6.12
2.86
2.75
0
0
0
0
0.4
0
0
0.29
0
0
0
0
0
0
0.01
0.05
0
1.79
1.05
9.94
1.54
0.01
0
0.75
0.69
0
0.07
0
1.75
3.72
8.03
9.97
5.92
1.41
4.85
2.21
1.87
0.91
0.9
3.25
3
0.56
0
0
0
0
0
0.01
0
1.76
6.95
6.24
3.31
0.04
0
0
0
0
0
0
0.01
0
0
0
1.56
14.66
2.95
0
0
0
0
0
4.99
2.3
1.12
0.25
0
16.33
2.08
0.01
0.99
0.41
0.5
0.01
0
0.01
0.09
0.07
0.06
0
0
0
0
0
0
0
0
0
0
0
0
0
0
0
0
0.27
2.25
0.53
0
0
0.11
0.01
0
0
0
0
0
0
0.05
0.03
16.38
10.87
0.84
0
0.05
0
0
0
0
0
0
0
1.86
0
0
0
0
0.31
0
0
0
0
0
0.37
4.08
0.04
0
0
0.02
0.23
0.33
0.59
0.21
0
0
0.18
0.74
1.98
0
0.02
3.8
4.94
2.95
2.89
0.08
0
0
0.04
0
19.77
10.38
0
0
0
11.03
20.89
5.3
0.36
0
0
0
3.95
0.2
0
0
0
0.09
0
0
0
0
2.27
13.5
4.59
0
0
0
2.48
11.32
4.25
0.73
0.04
0.17
13.96
6.44
11.5
17.33
10.3
14.95
18.74
8.16
1
3.66
0.93
1.07
0.45
0.66
0
0.21
0.04
0
0
0
0
0
0.12
0
0.41
15.19
9.93
2.27
3.39
1.3
0
0.13
0
0.03
1.62
0.6
0.35
0
0
0
0
0
0
0.07
0
0
0
0.01
0.64
0
0.49
0
0.07
5.91
0.04
0.16
0.1
0.81
6.11
3.08
0.63
0.09
0
0.46
0
0
0
0
0.05
0.04
0
1.8
3.36
7.69
1.6
0.01
0
0
0
0
0
0
0.02
0.02
1.27
0.55
0.01
0
2.32
5.58
0.23
0
0.95
0
0
0
0
0
0
0
0
0
0
0
0
0
0.23
1.35
0.02
0
0
0
0
0
0
0
0
0
0
0
0
0
0
0
0
0
0
0
0
0
0
0
0
0
0
0
0
0
0
0
0
0
0
0
0
0
0
0
0.01
0
0
0
0
0
0
8.28
3.61
6.12
5.15
0.73
0.98
0
0.42
0
0
3.96
1.48
1.99
3.83
4.22
3.57
1.11
0
1.61
7.17
6.8
5.81
1.79
0.24
4.14
8.44
17.34
12.05
0.41
8.44
5.67
0.67
0.44
7.67
1
0
0.3
1.91
8.82
2.23
0.26
0.28
0.89
0.12
0.23
4.06
4.01
4.82
10.34
2.75
2.85
3.33
0.11
0
0
0
0
1.08
2.37
0.12
0
0.34
2.55
1.91
3.2
1.64
0.17
0.99
0
0.02
0
0.06
0
0.14
0.01
1.66
12.23
1.51
0.01
0
0.02
0.01
0
0
0
0
0
0
0
0
0
0
0
0
0
0
0
0
0.53
0.91
0
0
0
0
0
0
0
0
0.02
0
0
0.02
0.6
0.13
0
0
0
0
0
2.73
0.03
0
0
0.13
0
0
0
0
0.01
0
0
0
0
0
0
0.02
0
0
0
0
0
0
0
0
0.09
0
0
0
0
0
0
0
0
0
0
0.05
0
0.02
0
0
0
0
1.49
0.06
0
0
0
0
0
0
0
0
0
0.04
0.07
0.05
0
0.62
0
0
0
0.09
1.06
3.89
0.45
0
0
0
0
0
1.46
0.48
3.36
2.48
0
0.4
0.03
0
0
0.02
0
0
0
0
0.69
9.38
1.2
0.67
0.18
0.28
0
0
0
0
9.29
7.31
0.36
1.2
1.12
0
1.7
0
0
0
9.71
1.39
0.87
18.29
1.66
1.49
16.08
2.34
2.13
0.37
0
0
0
8.03
3.43
0.3
0
0.07
0
0
0
0
5.99
17.81
4.67
3.55
0
0.98
0
1.18
8.69
1.77
9.36
2.13
0.08
0.39
7.82
13.7
4.19
1.36
0.05
0
0
0
0.14
6.42
0
0
1.12
0
0.14
0.2
1.37
8.09
6.82
7.45
8.55
8.86
5.67
8.09
16.16
4.27
0.27
5.81
1.34
3.73
2.18
6.88
2.7
1.35
0.71
3.78
3.47
6.59
0.87
1.6
1.79
2.08
4.84
2.75
9.88
0.92
0
0
0.75
4.4
4.74
3.03
21.23
7.38
3.12
0.39
0
0
0
0
0
0.7
1.12
0.5
2.71
8.36
1.15
0
0
0
0
0
0.23
0.01
0
0.29
0.01
0
0
0.01
2.46
3.77
2.23
0.79
0.86
0
21.11
18.63
6.86
11.66
2.29
0
18.69
4.79
0.03
0.7
0.34
0.57
0
0
0.02
5.66
0.76
0
0
0.01
0
0
0.21
1.15
1.57
4.69
2.16
0.94
1.31
1.09
0
0
0
0
0
0
0
0
0
0
0
0
0
0
0
0
4.23
15.63
4.48
0.27
0.09
0
0
0
0
0
0.04
0.67
0
1.25
0.25
3.48
2.73
1.96
3.38
0.45
0
0.14
0.43
3.28
1.14
0
0
0
0.46
1.38
0
0.66
18.08
13.33
6.15
12.05
4.35
0.11
0.35
0.01
0
0
0
0
0
0
0
0.01
0
0
0
0
0.02
0.29
6.74
2.62
0
0.01
0
0
0
0
0
0
0
0
0
0
0
0
0
0
0
0
0
0
0
0.33
0.33
0
0.04
0.11
0
0.45
0.02
0
0
0.3
0
0
0.1
0.01
0
0
0
0
0
0
0
0
0
0
0
0.07
0
0
0
0
0
0
0.01
0
0
0
0
0
0
0
0
7.97
1.69
2.38
4.29
0
0
0
0
0
0
0
0
0
0.01
0
0
0
0
0
0
0.02
7.58
2.66
0
2.49
0
0
0
0
0
0
0
0
0
0
0.05
0
2.37
2.65
18.53
4.91
9.46
1.05
0
0.7
0.64
10.09
0.96
0
0
0
0.01
0
0
8.79
1.09
3.23
0.36
0.09
0.28
14.8
2.12
0
0
1.52
5.57
17.11
15.05
4.85
0.8
1.69
0.1
0
0
0
0.01
0
0
0
0
0
0.05
0
0
0.02
0.13
0.02
0
0.01
0
0
0
0.41
0.3
1.54
0
0.12
0
0
0
0
0
0
0
0
0
0
0
0
0
0
0
0
0
0
0
0
0
0
0.02
0
0
0
0
0
0
0.01
0
0
0
0.12
2.9
7.65
0.11
0
0.02
0
0
0
2.94
3.54
1.66
6.56
7.72
0
0.01
0
0
0
1.21
0
0.06
0.26
2.85
0.25
0.41
0.09
0.56
0
0
0.09
2.78
1.03
9.23
1.13
0
0.01
0
0
0
0
0
0.04
0.02
0.14
0.01
5.77
0.04
0.83
0
0
0
0
0
0
0
0
0
0
0
0
0
0
0
0
0
0
0
0.45
2.54
3.01
0
18.88
7.29
1.51
0.01
0.03
0
0
0
0
1.9
7.76
8.9
14.78
10.44
1.95
0.88
0.02
0
0
0.01
0
0
0
0
0
2.24
0.37
0.01
0.07
0.42
3.59
1.66
0
6.84
6.37
7.28
0.54
0.97
16.15
10.89
5.59
0.07
0
0
0
0
0
0
0
0
0
0
0
0
0
0
0
0
0
0.13
1.74
0.34
6.8
6.09
7.77
14.48
19.69
2.66
2.87
3.99
0
0
0
0
0
0
0
0
0
0.26
0.8
0.04
0
0
0
0
0
0
0
0
0
0.01
2.05
3.75
4.23
5.59
2.43
0.21
0
0
0
0
0
0
0
0
0
0
0.01
0
0
0
0
0
0
0
0
0
0
3
1.27
0
0
0
0
0
0
0.05
0
0
0
0
0
0
0
0
0
0.01
0
0
0
0.03
0.2
0
0.01
0
0
0
0.01
0.98
0
0
0
0
0
0
0
0
0.04
0
3.3
0.81
0.21
0.5
0.95
3.46
0.05
0.09
1.97
0
0.09
5.05
1.68
0.61
10.95
0.41
8.66
1.89
0
0
0.2
0
2.77
1.88
0
0
0
0
0.09
0.06
0.02
0
0
0
0
0.63
3.44
3.36
3.47
2.05
0.02
8.36
3.24
2.43
1.21
0
0.02
0.02
0.01
0.05
0
0.01
2
1.52
0
0
0
0.01
0.87
11.32
13.38
17.16
1.89
0
0
0
0.34
2.65
0.23
0.02
0
10.16
8.91
4.16
0.27
0
0
0
0.02
0.05
1.02
1.98
0.05
0
0.03
0.03
0
0
0.09
0.02
0
0
0
0
0.22
8.56
6.32
3.93
8.33
2.81
1.96
10.57
6.32
4.1
6.75
2.64
4.64
0.77
0
3.09
1.43
5.07
0.11
3.75
0.6
0
0.23
0.25
0.66
0
0
9.25
7.58
5.06
1.02
4.85
1.14
0.31
3.42
4.52
4.61
5.23
1.17
0
0.25
0.26
1.75
1.33
5.22
6.29
0.11
0
2.73
1.36
1.46
5.16
1.54
2.09
13.96
3.37
13.07
4.69
5.52
0.02
0
0
0
0
0
0.07
0
4.32
3.88
8.32
1.95
8.11
0.91
0
0
0
0
0
0.36
0.34
1.19
0.02
0
0
0
0.03
0
0
0
0
0.01
0.02
0
0.01
0
0
0
0
5.53
11.91
4.14
0.08
2.9
0
8.51
28.01
15.09
4.63
0.24
0
0
0
0.27
1.98
0.61
0
0
0
0
0
0
0
0.07
0
0
0
0
0
0
0
0
0.35
0.03
0.36
2.82
15.3
3.47
10.86
23.79
3.76
0.03
0.01
0
0
0
0
0
0
0
1.57
1.03
2.14
9.23
7.6
2.95
0.3
0.03
0.49
11.98
1.64
0.02
0.27
0
0
0.12
0.53
0
0
0
0.28
0
0
0
1
0.45
14.46
6.68
4.72
0.45
0
0.04
0
0
0.25
3.48
13.42
0.8
0
0
0
0
0
0
0.61
0
0
0
0
0
0
9.92
11.14
3.1
0
8.47
1.63
0
0.5
0.31
0
0
0
0
0
0
7.79
0
1.93
0
0
0
0
0
1.91
0
0
0
0
0
0.01
0
0
0
0
0
0
0
0
0
0
0
0
1.34
0
0
0
0
0
0
0
0
0
0
0
0
0
0
0
0
0.02
0
0
0
0
0
0
0.2
0
0
0
0.11
0.03
0
0
0
0.04
0.32
0
1.91
0.71
0
0
1.34
14.95
3.89
0
0
0
0
0
0
0
0
0
0
0.56
12.63
2.26
7.7
0
0
0
0
0
0
0
0
0
0
0
0
0
0.11
0.16
0.21
0
0.01
0.01
0.39
0.23
1.05
2.41
14.07
5.87
3.43
1.6
0
0
0
0
0
0
0
2.82
6.05
21.27
9.11
1.47
15.36
8.69
19.84
11.8
2.05
2.33
0.11
0
0.36
11.71
10.06
5.52
10.09
1.67
10.64
12.25
0.27
0.01
0
0
0.08
0
0
8.22
0.98
0.77
0
0
0
0.04
8.01
5.35
0.75
0
0
0.01
0
4.33
5.24
0
0
5.75
1.01
0
1.14
3.85
2.56
0.24
0.18
0.16
0.37
4.59
2.44
1
2.16
0.2
0
0
0
0
0.18
0.05
0.48
1.73
0
0.07
0.05
0
0.04
0.02
0
0
2.62
0.11
1.55
1.11
0.05
0
0.14
0
0
0
0
0
0
0.19
0
0
0.08
0.07
0.43
0.38
0
0.03
0
0
0.1
0
0.28
0
0
0.29
3.73
2.51
0.07
0.12
2.73
4.98
0.25
0
0
0
0.03
0.05
0.03
0.01
0
0
0
0
0.01
0
0
0
0
0
0.11
3.55
4.89
5.45
4.75
19.31
13.41
2.07
0.69
0.55
0.54
0
0
0
0
0
0.38
0
0
2.65
0.71
0.02
7.18
3.77
0
0
0.02
0
0.41
0
0
0
0
1.02
0.51
0.11
4.95
8.17
5.84
5.25
13.71
3.6
9.46
2.84
0
0
0.11
0.26
0
0.58
0
0
0
0
0
0
25.09
15.3
3.03
2.93
0
0.2
1.73
2.13
0
0
0
0
3.12
25.75
8.68
3.49
7.87
22.59
1.59
4.82
13
3.09
0.03
0
1.45
5.23
4.52
0.74
0
0.06
0
0.04
1.09
0.16
0
0
0.13
7.94
7.65
6.27
4.87
7.09
0.69
0.8
0
0
0
0
0.01
0
0
0
10.88
0.59
0
0.44
0
0.79
9.06
0
0
0
0
0
0.81
0.2
0
0
0
0
0
0
0
0
0
0.01
0
0
0
0
0
0.32
9.62
0.64
0.01
0
0
0
0
0
0
0.23
2.02
0.02
0
0
0
0
0
0
0.09
0
0
0
6.24
0.03
0
0
5.91
0.24
0.01
3.88
0
0
0
0.33
4.35
0.16
0
0
0
0
0
0.02
0.18
0.15
0.14
0
0
0
0
0
0
0
0
0
0
0
0
1.16
8.8
15.43
3.29
12.03
3.02
0
0
0
0
0
0
0
0
0
0
0
0
0.04
0
0
0
0
0
0
0
0
0
0
0
0
0
0
0
0.01
0.07
0.04
0
0.01
0.04
0.57
0.04
0
0.01
0
0
0.29
4.69
3.33
3.96
4.45
1.52
0
0.9
13.77
2.94
25.42
7.46
4.98
2.58
2.05
2.59
0.67
1.29
16.99
3.52
0
0
0.01
0
0
0
0
0
0
0.01
0
0.04
0
0
0
0.04
0
0
0
0
0
0
1.92
2.41
0
13.77
2.83
6.52
0.66
0.44
0
0
0.01
0.17
0.04
0
0.06
0
0.07
1.22
0.47
0
0
0
0
0
0
0
0
0.08
0.01
0.29
0.06
0
0
0
0
0
0
0
0
0.02
0
0
0
0
0
0
0
0
0
0
0
0
0
0
0
0
0.01
0.42
2.11
0.32
0
0
0
0
0
0
0
0
0.01
0.22
2.41
0.05
0.55
0.01
0.01
0
0
0
0
0.18
0.08
0.01
0
0
0.35
1.38
8.27
9.99
2.59
0
0.05
0
0
0
0.64
0
0
0
0
0
0
0
0
0
0
0.42
1.16
0.8
0.07
0
0
0
0
1.26
0.59
4.39
1.05
0.55
2.78
0.84
2.29
0.23
0
0
1.3
7.97
6.79
3.57
0.72
0.09
0
0.41
0
0
0
0
0.38
0.45
0.26
0
0
0
0
0.16
0
0
0.02
0.22
0
0
0
0
0
0
0.01
0.02
0
0
0
0
0
0
0.91
0.05
0.14
0.93
9.59
1.61
0
3.95
2.36
0
0
0
0
0
0
0
0
0
0
0.12
1.41
1.53
1.74
0.25
0
0
0
0
0
0
0
0
0.58
0
1.38
0
0
0
0.17
0.23
0
0
7.43
2.24
0.86
8.98
4.24
0
0.22
7.24
1.86
0.01
0
0
0
0
0.01
0
0
0.62
0.18
2.66
0
0
0
0
0
0
0
0
0
0
0
0
0
0
0
0
0
0
0
0
0
0.03
0.03
0
0
0
0
0
0
0.01
0
0.45
0
0.01
0
0
0.09
1.28
0.4
0
0
0
0
0
0
0
0
0
0
0
0
0
0
0.02
0
0
0
2.14
9.67
7.05
3.14
0.92
0.11
0
0
0.27
0
0
1.7
0
0
0
0
0
0
0.25
0
0.02
0
0
0
0
0
0
0
0
0.01
0
0
0
0
0.02
0.41
1.01
4.32
0.84
0.45
0.37
0
9.98
5.25
0.2
1.56
0.73
13.4
0.43
1.76
0
0
0.2
14.12
1.86
3.77
1.97
0
0
0.18
0.22
0
0
0.05
1.19
0.45
0.05
0.64
12.52
12.62
20.88
6.62
0.61
0
0
0
0
0
0
0.05
0
2.45
0
0.28
0.23
0.03
0.02
9.19
12.72
0.85
0.85
0.48
0.06
0
0
0
0
0
0
0
0
0
0.01
0
0
0.02
0.09
0
0
0.14
0
0
12.49
3.15
0.05
1.88
0
0.6
0
0.45
0
0.48
1.05
2.21
3.56
1.03
7.37
0
0
0.04
0.01
1.63
1.8
4.27
0.22
0.93
0.26
0.01
0.05
0
0
0
0
0.72
0.03
0.07
0.04
0.14
0
0
0
0.02
0
0
0
0
0
0
0
0
0
0
0
0.14
0
0.14
3.99
2.76
2.73
3.3
2.81
6.66
3.24
12.99
5.42
0.36
0.97
0
0
1.45
10.77
0.07
0.02
0
0.01
0.92
0
0
0
0
0
0
0.01
1.43
8.11
5.02
4.31
2.2
2.98
4.03
0
0
0
0.09
0
0.07
0
0
0
0
0
0.77
6.71
6.31
2.38
0.09
0
0
0
0
0
10.52
4.22
1.73
5.32
1.23
0.17
0.11
8.21
1.69
0.83
0
0
0
0
0
0
0
0
0.46
2.7
3.82
1.55
0.09
0.27
0
0
0
0.2
0.77
0
0.1
0
0
0
0
0.24
0
0
0
0
0
0
0
0
0.25
1.7
0
0.05
0
0
0
0
0
0
0
2.87
9.83
3.73
0
0
0
0.7
12.02
3.75
1.39
0
2.39
5.02
0.53
0.21
2.47
3.63
0.71
0
1.72
0.11
0
0.04
0
0
0
0
0
0
0
0.28
0
0
0
0.62
0.49
2.14
2.16
2.06
0.7
4.91
2.94
1.09
0.03
0
0
0
0
0
0
0
0
0
0
0
0
0
0
0
0
0
0
0
0
0
0
0
0
0
0.01
0.51
0
0.02
0
0
0
0.01
0.02
0
0
0
0
0
0
0
0
0
0
0
0.79
0.16
2.77
1.44
2.99
0.85
0
11.3
15.2
10.23
0.37
0
0
0
0.01
0
33.58
6.38
0
1.35
0
0
0
0.02
0
0
0
0.81
0.23
0.11
0
0.01
0
0
0
0
0.95
0
0.13
0
0
0.28
18.21
11.35
15.52
26.88
4.32
4.4
13.05
2.74
2.05
0.31
0
0
0
0
0
0
11.25
11.79
1.98
0.29
0.81
4.48
0.38
0
0
0
0
0
0.14
4.69
11.84
0
0.04
0.04
0
0.05
0
1.24
1.54
6.58
0.61
0.02
0.08
0.06
0
0
0
2.73
1.22
14.84
2.04
14.38
1.01
0
0
0
0
0
0
0
0
0
0
0
0
0
0.09
0
0
0
0
0
0
0
0
0
0.01
0.07
0
0
0
0
0
0.01
0
0.01
0.03
0
0.01
0
0.64
0
0
0.01
0.42
0
0
3.59
0.63
2.4
3.76
3.83
0
0.06
1.73
0.56
0.05
0
4.74
3.77
2.75
1.3
0.13
7.27
17.26
5.18
2.63
2.61
1.52
0
1.35
0.05
2.64
0.82
0.77
0.01
6.13
1.83
0.3
2.24
0.88
4.05
0.84
0.01
0
0
0
0
0
0
8.73
6.13
0.86
0
0
0
0
0
0
0
0.57
0.04
0
0.02
0.21
0.02
0
0
0.28
0.11
4.36
14.29
6.42
0.16
1.84
6.61
6.93
2.01
3.41
2.71
2.04
6.2
9.81
3.03
1.21
2.5
2.49
15.51
1.59
0.76
0.19
1.3
1.03
0.05
0
0
0
0.28
0.03
0
3.7
15.79
8.7
6.4
1.17
4.11
1.58
4.58
4.88
0.6
0.93
0
0
0
0
0.03
0
0.53
0.75
0
0
0
0
0
24
18.93
2.29
3.66
3.03
2.94
2.42
1.59
0
0
0
0
0
0.01
0
0
0.04
0
0
0
0
0.04
0.13
0
0
0
7.43
8.18
13.19
3.24
0.05
0
0
0
0
0
0.01
0
0
0
0
0
0
0
0
0
0
0
0
0.04
0
0
0
0
0
0
0
0
0
0
0
0
0
0
0
0
0
0
0
0
0
0.01
0
0
0
0
0.01
0
6.47
1.31
0.11
0.01
0
0
0
8.14
0
0
0
0
0
0
0.01
0
0
0
0
0.04
0.19
0
0
0
0
0
0
0
0
0.04
0
0
0.04
0
0
0
2.6
0.29
1.03
1.05
9.9
2.29
0.05
0
0
0
0.38
1.96
1.33
4.29
0.98
0.01
0.02
0
3.47
1.75
0.18
0.19
5.64
3.25
8
3.22
0
0
0
0
0
0
0.04
0
0.01
0
2.69
0.14
0.02
0.01
0
0
0.28
4.19
0
0
0.05
0
0
0
0
0
0
0.02
0
0
0
0
0
0
0
0
0
0
0
0
0
0
0
0
6.44
12.48
0.88
3.23
0.03
0.15
0
0
0
0
0
0
0.43
0.04
0
0
0
0
0
0
0.03
0.12
0
0
0
0
0
0
2.09
1.05
0.26
0
0.51
1.99
0.01
0.03
0
0
0
0
0
0
0
0.77
7.07
6.79
0.78
0.58
0.74
1.33
0
0
0.44
7.9
1.26
4.62
0.89
4.24
1.16
0
0
0
0.05
0
0
0
0
0
0
0
0
0
0
0.01
1.77
1.14
7.38
0.1
0
0
0
0
0
0
0
0
0
0.22
0
0
1.76
2.69
14.97
3.27
0.31
0
0.39
4.78
1.34
0.07
3.11
3.34
0.02
0.02
0
0
0
0
0
0
0
0.05
0.24
0.16
0
0
0
0
0
0.66
0.05
0.07
0.87
1.27
9.22
0.32
0.66
0
2.49
0.11
0
0
3.47
0.14
0.02
0
0
0
0
0
8.77
14.02
3.34
10.95
8.86
0
0.8
0.03
0.29
11.55
19.01
9.07
16.95
7.73
1.09
0
0.13
0
0.05
0.05
0.1
0.01
0
0.01
0
0
0
0
0.03
0.05
0.83
4.8
11.11
12.13
2.08
4.7
9.21
2.95
5.18
3.3
3.57
4.23
2.75
0
3.87
1.05
8.43
3.23
3.17
0.81
1.7
2.34
0.54
2.13
13.43
7.34
6.03
2.3
1.2
2.97
0.01
0.01
7.95
15.52
11.8
2.24
0
0.42
0.03
0.05
3.8
0.31
0
0
0
0
0
11.02
0.48
0.53
0.02
0
0
0.24
0.13
0
0
0
0
0
0
0
0
0
0
0.02
1.76
0
4.63
0.64
0.4
0.61
0
0
0
0
0
0.05
0
0
0
0
0
0
0
0
0
0
0
0
0
0
0
0
0
0
0
0
0
0
0
0
0
0
0
0
0
0.22
0.23
0.01
0
5.97
5.12
0
0
0
0
0.01
0
0
0.16
1.36
2.26
0.07
0.02
0.09
22.39
1.42
0
0
0
0
0
0
0.01
0
0
0.75
4.8
7.43
1.16
6.19
2.29
1.56
0
0
0
0
0
0
0
0
0
0.63
0
0.41
0.17
9.43
4.07
1.34
0
0
0
1.73
3.77
0.13
0.26
8
8.97
5.29
4.43
0.26
0.01
7.57
12.23
2.92
9.23
20.91
11.54
4.37
0.25
0.02
0.13
0.27
3.14
1.39
0
0
0
0.03
0
0
0
0
0
0.05
0
0
0
0
0
2.91
0.27
0.03
0.13
7.27
2.86
1.07
4.14
1.41
2.59
1.55
1.31
2.85
18.23
5.3
0.63
0.37
0
2.38
7.84
0.85
2.1
0.64
0.74
0
0
0.03
0
0
0
0
0
0.1
0
0.05
0
0
0
1.98
1.09
6.95
1.91
0
0.86
0
2.3
2.74
0.23
0.72
0.01
1.77
0.05
0.04
0.67
0.17
1.88
8.34
1.29
4.37
15.12
2.65
0.18
2.91
0.79
0.07
1.64
1.22
1.95
4.63
7.03
5.85
4.6
6.84
7.82
5.78
1.13
0.02
3.27
0.12
0
0
0
0
0
0
0
0.01
0.01
0
0
0
0
0.01
0.01
0
0.17
1.05
2.95
1.49
1.91
8.88
3.43
2.34
0
0.07
0.05
0
0
0
0
0
0
0
0
0
0
0
0
0
0
0
0
0
0.01
15.02
3.14
2.91
0.2
0
0
0
0.16
0.2
4.66
0.86
0
0.92
14.11
7.21
0.17
0
4.12
3.25
3.95
2.82
12.14
3.52
2.59
2.16
0
0
0
0
0.34
0
0
0
0.99
0.02
0.01
0.02
0.03
0
0
0
0.21
8.3
0.91
0
0
0
0
0
0
0
0.07
0
0.61
0
0.01
0
1.04
0
0
0
0.02
0.08
1.7
0
0
0
0.01
0
1.27
2.06
1.2
0.94
0
0
0
0
0.5
0.07
1.5
0.94
0
0.03
3.09
0.13
0
0
0
0
0.02
0
0
0
0
0
0
0
0
0
0
0
0
0.01
0
0
0
0
0
0
0
0
0
0
0
0
0.16
0
0
0
0
0
0
0
0
0
0
0
0
0
0
0
0.04
0
0.8
0
1.09
0.79
1.24
0
2.23
0
0
0
0
0
0
0
0
0
0.01
0
0
0
0.13
0.01
0
0.02
0
0
0
0
1.39
0.16
5.09
0.7
0
0.18
0
1.57
0.16
0.16
0
1.04
17.17
2.86
0.54
0.02
0
0
0
0
0
0.01
0
1.21
1.27
1.96
3.08
0.03
0.29
0.33
0
0.44
0.84
0.27
0
0
0
0
0
0
0
0
0
0
0.05
10.37
16.38
2.91
0
0
0
0
0
0
0
0
0
0.06
0
0
0
0.25
0.03
0.31
0.11
0
0
0
0
0
0.24
0
0
0
0
0
0
0.61
0.03
0.01
0
0.2
1.79
0.05
2.15
6.42
2.32
1.93
13.59
1.81
0
0.28
0.29
1.46
0.24
0.34
0
0
0.87
8.98
2.64
0.48
5.52
3.23
0
0
3.16
12.97
18.69
19.43
8.84
14.79
9.91
3.33
11.79
27.84
14.14
6.89
2.48
0
7.78
8.66
3.17
2.56
10.25
0.43
0.27
3.54
0.47
12.66
13.31
2.77
0.94
1.36
1.53
0.42
1.8
0.54
0.35
0.4
0.01
0
1.84
0.87
0.19
0
0
0
0.84
0
0.23
1.37
7.27
1.91
0
0.03
13.35
1.23
0
0
0
0.01
0.09
10.81
8.23
4.38
1.91
0.48
0.53
10.97
7.62
7.75
3.19
7.3
5.41
1.23
2.38
0.39
2.96
5.16
0
17.3
4.18
8.83
0.29
0.32
0.15
0
0
0
0
0
0
0
0.02
0.63
0
6.12
0.81
0.71
14.77
6.77
0.02
0
0.84
3.8
0.43
0.37
0
0.2
3.09
0
0
0.12
2.49
0
0
0
0.27
5.17
5.71
5.3
8.41
9.66
9.95
7.09
2.79
0
4.14
3.46
1.21
0.09
0.87
0
0
0
0.04
1.22
1.01
0.86
2.2
0
0.63
1
4.47
4.96
4.95
8.94
4.77
6.52
0.76
1.04
0.52
0
0
0
0
0
0
0
5.37
0.38
0
0.12
2.14
0.39
0.01
0.02
0
0
0.2
0.19
0
0
0
0.02
4.34
22.17
9.16
7.88
9.21
4.02
6.86
1.57
0.36
1.86
3.45
0.13
0.28
0
0
0.02
0.34
8.56
7.48
0.23
0.23
1.55
0.02
1.05
9.25
7.16
0
0
0
0.02
0
0.13
0.01
0.05
0
0
0
0
0
0
0
0
0
0
0
0
0.01
0
0
0.02
0
0
0
0
0
0.02
0.01
0
0
0
0.01
14.12
2.25
0.33
0
0
2.03
0
0
0
0
0.04
0.21
0.02
0
0
0
0
0
0
0
0
0
0
0
14.73
2.71
0.32
0
0
0
0.16
0
0
0
0
0.31
0
0
0
5.27
10.89
1.09
0
4.05
0.48
0.08
0.55
0
0
0
0
0
0
0
0
0
3.14
0.15
0.22
0
0.29
1.39
24.46
11.12
0.31
4.01
0.03
0
0
0
0
0
0
0
0
0
0
0
0
0
0
0
1.69
10.27
4.79
0.74
0
0
0
0
0
2.05
16.8
0.87
0.16
0.86
1.26
0.02
5.6
1.16
0.89
3.25
0
1.58
3.57
5.54
0
0
0.04
0.05
0
0
0.27
1.9
3.29
1.57
3.19
0
0
3.27
7.14
6.74
5.62
0
0
0.02
0.02
0.51
0.86
0.01
0.3
0.55
2.32
2.13
5.68
13.63
6.38
2.81
0
0
0
0.05
0
1.12
3.48
2.8
0.04
0
0
0.96
1.97
0.39
0
8.1
4.52
3.69
1
0
0
0
0
0
0
0
7.93
2
0
0
0
0
0
0.09
3.52
7.47
3.94
2.91
0
0
0
0
0
0
0
0
0
0
0
0
0.18
2.12
4.45
11.87
8.26
4.75
1.09
10.31
1.99
0.12
0
0
0
0
0
0.02
0.11
0
0
4.06
3.22
0.03
0.88
0
0.06
0.34
0
5.16
2.03
1.63
6.57
7
12.75
3.54
0
0.37
0
0.36
0
2.31
0.23
1.3
3.95
2.78
0.03
0.1
0
0
0
0
9.65
1.3
0
0
0
0
0
0.01
0.02
0
0.01
0
0
0
0
0.01
1.55
0.06
20.97
5.43
1.2
0.88
0.94
0.28
0.04
2.09
5.49
2.29
0.96
2.55
5.02
1.37
9.13
1.67
14.55
3.53
0
0
0
0.48
0.25
12.57
2.02
0
0
3.54
0.46
0
0.31
1.23
0.55
0
0
1.36
0.39
0
21.54
7.36
0.01
0
0
0
4.17
3.89
11.83
16.82
0.16
0.66
0.01
0
0
0
0
0
0
0
0
0
0.01
0.11
0
0.01
0.01
0.12
0
0.06
0.02
0
0.04
0.02
0.38
0.06
0.01
0
0
0
0
0
0
0
0
0
0
0
0
0
0
0
0
0
0
0
0
0
0
0
0.01
0.11
0
0.09
0.02
0.01
0
0
0
0
0
0
0
0
0
13.96
0.94
0
0
0
0.31
0
0
0
0.07
0
0
0
0
0
0
0
0
0
0
0.11
0.38
0.05
0
0
0
0
0
0
0
0
0
0
0
0
0.01
0
0
0
0
0
0
0
0
0
0
0
0
0
0
0
0
0
0
0
0
0
0
0
0
0
0
0
0
0
0
0
0
0
0
0
0
4.72
14.63
0.16
11.18
12.98
2.5
0
0
0.05
0.01
10.27
17.55
17.2
15.98
4.02
1.56
0.05
0.04
0
0.02
0
0.39
3.23
0.49
0
0.86
0.16
0.72
0.74
0.3
3.41
0
0
0
0
0
0
0
0
1.12
3.61
0.23
0.02
0
0.81
0
0
0
0.53
0
0.18
0.56
0.08
0
0.82
0.25
0.14
0
0.02
0
0
0
0
0
0
0
0
0
0
0.08
0.4
0.57
0
0
0.04
0
0
0.02
0
0
0
0
0
0.53
5.71
2.46
0
0
0
0.01
0
0
0
0
0
0
0.38
0
0
0
0
0
0
0
0
0.95
0.14
0.19
0
0
0
0
0
0
0.39
0.05
0
0
0
0
0
0
0
0
0
0
0
0
0
0
0
3.05
0.11
0.21
0
0
0
0
0
0
0
0
0
0
0
0.09
0.01
0
0.21
2.36
0.83
0
0
0.04
0
0
0
0
0
0
0
0
4.55
9.66
7.51
8.22
1.74
0.4
0
0.14
1.02
1.91
8.26
2.34
5.44
1.11
0
0.17
1.4
1.23
0.34
0.15
0
0
0
0
0.45
8.72
12.01
15.48
5.15
1.71
0
2.04
4.52
1.91
0.21
0
0.07
0
0.01
0
1.03
0.21
0.2
0
0
0
0
4.78
2.6
0.05
0
0
0
0
0
0
0
0
0
0
0
0.6
0
0
0
0
0
0.23
0
0
0
0
0
0
0
0
0
6.61
9.8
0
0
0
0
0
0
0
0
0
0
0
0
0
0
0
0
0
0
0
0
0
0
0
0
0
0
0
0
0
0.01
0
0
0
0
0
2.31
1.81
3.44
0
0
0
0
0
0
0
0
0.21
0
0.26
0
0
0.04
0
0
0
0
0
0
0
0.11
0
0
0
0
0
0
0.01
0
0
0
0
0.02
0
0
0
0
0
0
0.07
0.75
0.08
0
0
0
0
0
0
0
0
0
0
2.92
0
0
0
7.48
0.67
3.09
4.96
3.8
31.3
0.43
0.03
0.01
0
0
0
0
0
0
0
0
0.07
7.69
4.28
0
4.34
0
0
1.47
5.57
21.03
18.88
14.23
0.02
0
4.11
8.56
4.78
1.49
0.1
0
11.5
0
0.13
3.7
25.16
12.93
0.04
0
1.04
26.34
7.53
8.89
0.67
0.03
0.27
0
0
0
2.3
0.37
0
0
0.52
0.03
0
0
0.11
5.13
0.17
0
0
0.01
0
0
0
0
0
0.02
0.14
0
0.01
0
0
0
0.35
6.4
0.47
2.96
0.1
0
0.08
0.41
0.14
0
0
0
6.68
0
0
0.01
0.47
0.05
1.09
0.49
0
0
0
0
0
0.09
0.03
0.11
0.12
0.51
4.89
2.48
0.04
0.14
8.5
3.2
6.79
10.28
3.17
0.98
12.52
9.02
0
0.49
0.29
4.57
0.16
0
0
0
3.63
1
0.02
0
0.96
0.09
0
0.04
0.52
6.63
0.43
0
0
0
0
0.39
1.9
0.66
1.74
0
9
9.56
0.5
0.08
0.03
0.05
0.15
0.45
0.07
0
0.14
2.9
6.34
5.12
9.34
15.99
6.51
3.48
2.13
1.77
1.24
0.28
0.18
5.39
8.27
0.01
9.15
0
0
2.55
3.88
6.2
12.84
25.01
4.97
3.42
12.65
0.09
15.18
0.53
0.17
3.16
8.08
2.34
0
3.44
0.86
0.12
0.19
0.11
0
0
0
0
0
0
0
0
0
0
0
0
0
0.3
8.38
6.05
13.81
3.27
5.94
0.18
0
0.54
0
0
0
0.02
0.01
0.06
0
0.19
0.19
0.44
1.46
4.27
3.21
6.4
3.14
3.2
0.99
0
0
0
0
0
6.15
3.14
0.2
11.08
0.77
0
0
0.01
0
0.05
0.72
0.05
0.95
0.5
0.48
0
0
0
0.04
0.02
0
0
0.07
0.27
0.24
0
0.4
0
0
0
0
0
0
0
0
0
0.25
0.02
0
0
0
0
0
0
2.75
0.66
0.51
0
0.02
0
0.03
0.04
0.01
0
0
0.08
1.55
0.03
0
0
0.01
0
0.01
0
0
0
0
0
0
0
0
0
0.01
0.13
0
0
0
0.23
1.69
0.44
0
0.92
0.68
0
0
0
0
0
0
0
0
0.02
2.27
4.11
26.99
5.48
0.05
0
0
0
0.02
0.02
7.96
0.71
1.07
0.7
0
0
0
0
0
0
0
0
0
0
0
0
0
0
0
0
0
0
1.2
10.42
0.61
2.27
0.3
2.62
3.18
3.55
0.05
0
0
0
0
0
0.01
0
0
0
0
0
0
0
5.77
0.06
0.01
15.37
0
0
0.78
0.33
0
0.01
0
0
0
0
0.01
0.84
1.07
0
0
0.2
1.94
0
0
0
0
0.01
0.01
0
1.28
11.88
5.55
1.18
0
0.11
0
0
0
0
0
0.22
0.22
0
0.07
0.07
0
0
0
0
0
0.01
0
0
0
0
0
1.8
0
0
0
0.02
6.8
14.26
0
0
0
0.64
19.95
7.5
0.24
3.37
0
0
0.02
0.63
4.56
14.73
14.13
10.88
2.13
0.07
0
0
0
0
0
2.93
4.98
4.22
4.77
1.41
2.22
5.87
1.79
2.18
5.98
5.14
0
0
0
0.14
0
4.77
6.57
3.26
1.93
0
0.66
2.35
9.65
0.42
5.86
3.98
5.56
16
1.01
13.23
3.5
3.74
0.49
1.56
0.3
0.88
0
0
1.81
0.29
0.01
0.13
2.02
0
0.84
1.19
0.3
14.65
3.05
0.08
0.12
0.02
0
0
0
0
0
0
0
0.31
0
0
0
0
0
0.09
4.63
1.07
2.19
0.04
0.37
4.26
1.2
0
0
0.23
0.4
0
0.41
5.52
3.7
1.71
0
0
0
0
0.01
0.29
0
4.13
0
0
1.52
0.12
0
0
1.72
3.24
9.25
0
0.02
4.77
0.92
0.07
0.01
0
0
0
0
0
0
0
0
0
0
0
0.11
0
0
0
0
0
0
0
0
0
2.75
0.37
5.12
0.29
1.41
4.52
0.55
0
1.23
2.22
0.11
0
0.98
0.04
0
0
0
0
1.53
0
0.01
0.02
0.99
2.89
0.66
0.05
0
0
0
0
0
0.01
0.04
0.01
0.91
4.81
15.49
0.02
1.44
0
0
0
0
0.01
12.39
24.07
0
0.01
0.32
0.07
0
0
0
0
0
0
0
0
0
0
0
0.03
0
0
0
0
0
0
0
0
0
0
0
0
0.01
0
0
0
0
0
0
0
0
0
0
0.01
0
0
0.01
0
0
0.04
0
0
0
0
0
0
0
0
0
0
0
0.72
0
0
0
0
0
0
0
0
0.01
0
0.11
0
0
0
0.25
0
0.13
2.24
1.29
0.42
0
22.19
4.53
1.09
8.29
0
0
1.43
13.83
0.02
0.08
0.29
0
0.05
0
0
0
0
8.32
12.13
13.77
6.52
4.96
6.34
2.32
1.03
0.03
0
0
0
0
0
0.01
0.01
0
0
0
0
0.01
0
0
0
0
1.3
11.09
7.04
1.79
0.59
1.65
11.14
0
9.65
15.43
0
7.88
7.28
3.63
0.18
0.3
0.01
0
0.02
0
0
0.07
0
7.13
3.46
4.02
25.03
9.59
1.02
0.72
0.05
0.82
0.2
0.03
1.96
0
0
0
0
0
0
12.16
9.23
1.29
0.8
0.15
0
0
0
0
0
0
0
0
0.11
1
2.66
0.25
0
0
0
0
0
0
0
0
0
0
0
0
0
0
0
0.17
7.88
0.48
0
2.17
0.43
0.05
2.1
1.55
0.04
0
0
0.01
0
0.44
1.98
18.16
2.82
0
9.75
10.09
1.38
3.48
0.23
0.13
0
0
0
4.41
1.33
0
3.3
1.08
0
0.12
0
0.43
2.98
1.8
0.02
0.9
0.08
0
0
0
0
0
0.14
0.1
0
0
0
0
0
0
0.03
0
0
0
0
0
0.03
2.94
10.39
0.81
2.1
6.07
7.03
8.52
0
0
0.03
0
0
0
0.02
0
0
0
0
0
0.05
0.03
0
0.91
4.26
0.02
3.85
0.14
0.13
0.03
1.79
2.03
0.03
0
0
0
0
0
0
0.01
2.36
18.48
0.43
0.2
0.09
0
0
0
0
0
0
0
0
0
0
0
0
0
0
0
0
0
0
0
0
0
0.02
0.01
0.01
0.27
0
0
0
0.01
0.07
0.24
0.02
0
0.01
1.71
1.79
0
0
0.05
0
2.84
5.34
18.83
0.1
0
0.05
3.7
0.26
0
0
0
0.01
0.17
2.36
0.27
0.17
0.01
0
0
0
0
0.02
0.05
0
0
0.03
0
0
0
0
0
0
0
0
0
0
0
0.02
0
0.56
0
0
0.04
0.25
0.09
0
0
0
0
0
0
0.34
3.41
0.04
0
3.61
0
0
0.14
0.34
0.32
0.16
0
0
0
0.01
0.01
0
0.31
0
0.02
0.01
0.02
14.97
0.12
0.1
0.34
0
0
0.02
0
0
3.5
8.19
1.96
0
0
0.13
0
0.85
3.05
0
0
0
0
0.03
0.05
0
0.01
6.88
0
0
0
0
0
0
0
0
0
0
0.68
2.47
1.36
0.26
0
0.04
0.24
2.77
0.46
0.69
0.02
0.17
0
0.14
1.2
2.47
1.01
0
0.02
0.01
4.67
5.22
0.55
0.88
0.04
0
0
0.65
0
2.24
1.98
0.74
0
0
0.02
7.88
19.57
4.19
0.2
0
0
0
0
0
0
0
0
0
0
0
0
0
0
0
0.26
2.27
0.23
0
0.26
0.05
0
0.3
0
0
0
0
0
0
0
0
0.01
0
0
0
0
0
0
0.14
0
0
0
0
0
0
0
0
0
0
0
0
0
0
0.63
0.17
0.9
1.17
8.16
0.61
12.38
15.86
0.5
2.45
1.12
5.08
3.55
11.12
1.26
0
0.62
5.34
0.03
0
0
0.22
0.01
0.03
0.21
0.03
0
0
0
0
0.07
0.78
0.51
0.22
0
0
0.08
0
0
0
10.6
0.67
0.28
2.38
5.48
3.88
27.38
15.92
9.1
0.02
0
1.28
1.2
0.05
0
0.05
0
0
3.22
0.68
17.13
5.32
0.5
0.02
0
0
0
2.52
1.52
1.94
6.4
0.49
2.66
0
0
0
0.23
0.34
0
0.07
0
7.86
11.91
3.88
11.04
0.17
0
0
0
1.18
0.25
0.05
0
0.56
0.52
0
0
3.33
34.25
0
0.81
0.15
0.04
0.01
7.69
4.65
10.19
1.02
0
0.71
9.66
0.06
0.02
7.82
5.9
0.64
1.32
3.99
0.01
0
0
0
0.9
5.08
0.13
0
0
0
0
1.98
9.13
13.38
14.06
6.8
8.45
3.23
2.46
6.66
0.15
0
0
0
0
0
0
0.22
1.16
0.54
0
0.01
0
0
2.14
1.62
0
0
0
0
2.45
1
0
0
0
0
0.75
0
0.01
0
0
0.04
1.41
1.34
0
0.13
0
0
0
0
0
0.01
0
0.19
0
0.03
11.83
0.01
0.01
0
0
0
0
0.88
0.13
0
0
0
0
0
0
0
0
0
0
0
0.01
0.09
0
0
0.02
0
0
0
0
0
0
0.01
0
0
0
0
0
0
0
0
0
1.85
0.16
0
0
0
0
1.26
0.05
0
0
0.02
0.01
0
0
0
0
0
0.15
0.02
0
0.03
0
0.09
0.68
0
0
0
0
0
0
0.02
0
0
0
0.04
12.65
8.8
0.25
0.01
0.01
0
0
0
0
0
0
0.01
0.05
0
0
0
0
0
0.01
0
0
0
0
0
0
0
0.02
0
0.33
8.14
5
0
0
0
2.27
1.09
8.54
10.34
4.84
7.87
10
8.68
0
0.01
0
0
0
0
0
0
0
1.26
8.9
20.02
0.54
0
1.56
0.03
0
0
0.07
0.01
0
0
0
0
0.01
0.81
24.6
4.3
9.21
7.26
2.18
4.5
7.71
1.93
0
0
0
0.04
0.16
3.34
3.37
0
0.13
0.05
0
0
0
0.08
0.24
0.01
0
0.09
0.63
0.13
0.36
0.37
0.01
0.27
0.09
0.01
0
0.01
0.02
0
0
0
0
0
0.02
0.01
0
0.01
0
0
0
0.01
0.42
0.41
0
0
0
0.01
0.01
0.02
0.02
0
0
0
0.02
0
0
0
0.01
1.49
7.89
0.12
2.61
1.62
0.04
3.39
4.11
9.49
8.26
3.04
0
0.7
0.02
0
0.31
1.28
2.9
2.21
0.02
0
0
0
0
0
0
0
0
1.34
0.55
0.11
0
0.02
0
1.36
0
12.27
0.52
0
0.09
1.36
0
0
0
0
1.78
1.08
0
0
0
0
0
0.01
0.15
0
4.31
2.21
1.72
5.53
3.93
3.22
0.32
0.02
0
0.23
0
0
0
0
0
0
0
0
0
0
0
0
0
0
0
0
0
0
0.06
0.11
0
0
0.08
1.26
3.2
0.02
0.27
1.27
3.27
2.72
0.46
0
0.08
1.34
1.67
0.01
0.13
0
0
8.42
4.96
2.24
0.7
0
0
0
1.02
10.93
1.21
0
0.01
0
0
0
0
0.02
0
0.03
1.92
1.05
1.27
0.84
9.15
2.22
22.54
0
0
1.24
0
0
0
0
0
0
0.04
6.3
2.13
1.15
0
12.68
0.14
0
0
0
0
4.48
0
1.27
1.77
0
0.01
0.01
0
0
0
0.52
1.79
19.32
0.3
0.01
0
0
0
0
0
0.02
0
0
2.03
0
0
0
0
0.02
0
0
0
0
0
0
0
0
0.21
0.22
0.02
0
0
0
0
0
0.03
0
0
0
0
0
0
0
0
0
0
0
0
0
0
0
0
1.01
5.47
12.91
6.38
0.05
0
0.05
0.05
0
0
0.08
0.2
0.01
0.06
0.07
0
0
0
0
0
0
2.05
0
0
0
0
0.11
6.46
0
0
0
0
0.11
0
0
0
0
0.01
0.95
0
0
0
0
0
0
0
0
0
0
0
0.06
0.27
4.59
15.38
0
0.03
0.7
0
0
0
0
0
0
0
0
0
0
0
0
0.05
1.81
0.02
0.01
0
0
0
0
0
0
0
0
0
0
0
0.01
0
0
0
0
0.01
0
0
0
0
8.31
0.08
0
0.84
0.02
0
0
0
0
0.01
0.93
0.29
10.7
4.18
0.28
0.12
1.57
3.14
0
0.02
0.01
0
0
0
0.01
0.01
0
2.46
8.5
0.91
0
3.86
0.46
1.02
0.27
0.09
0.1
0.02
2.75
13.09
2.61
2.18
2.11
1.66
0.12
0
3.64
0.53
0
0
0.01
0
0
0
0
0.02
0
0.11
13.59
5.98
0
0
0
0
0
1.32
0.34
4.03
6.79
4.88
0.71
1.53
1.24
1.85
0
2.41
0.71
0.15
0
0.01
0
0
0.01
0.15
0
0.12
0
0
0
0
0
22.25
14.02
13.15
15.63
7.98
7.68
4.8
3.43
1.7
3.62
8.29
13.88
5.61
2
2.17
17.95
3.57
4.55
13.27
0
10.61
0
0.43
0.28
10.41
0.48
1.48
0.25
0.28
0
0.93
4.78
1.55
0.09
1.02
1.02
1.35
0
8.92
7.14
7.09
12.29
23.48
17.26
7.38
1.93
0
7.21
0.31
0
1.37
0
0
0.04
0.31
0.05
0.25
0.16
0
0.03
1.91
3.86
0.13
0
0
0
0
3.45
1.65
2.44
2.34
0
0.02
0.01
0
0
0
0
0.06
0.91
1.31
6.45
4.81
5.29
3.71
0
0
0.34
0.32
9.93
4.7
19.67
7.19
0
2.3
10.42
0.35
0
3.8
2.42
0.38
4.59
6.89
1.01
0.56
0.93
0
0.37
0
0
0
0
0
0.16
0
0
0
0
0
0.59
3.21
1.06
0.82
5.63
0
0
0
0.02
0
0
0
0.01
0
0
0.02
0.01
0
0
0
0
0
0
0
0.04
0.08
0
0
0
0
0
0
0
0
0
0
0
0
0
0
0.09
0.05
0
0.75
0
0
0.02
12.55
0.09
0
2.55
1.25
0.22
1.08
0.05
0
0.09
4.85
6.28
0
0.2
0
0
4.95
0.04
2.64
0.01
0
3.35
0
0.05
0.02
0
5.63
0
0.96
4.8
10.41
0.46
0.62
0.05
3.39
0.01
5.21
0.02
0
0
0
0
0
0
0.2
0
0
0
0
0
0
0
0
0
0
0
0
0
0.07
0.33
0.28
0.02
0.38
4.31
0.18
0
0.57
20.34
6.39
0.59
1.02
0.05
0
0
0.82
3.6
9.09
0.55
3.09
12.57
15.46
0.2
0.34
0
4.52
14.48
0.5
0.8
5.45
0.34
2.27
1.33
0.22
0.38
0.58
0.46
0.69
0.46
1.39
6.86
7.1
3.46
2.41
3.04
1.02
11.59
3.3
0
0.21
4.15
0.11
0
0
0
0
0
0
0
0.02
0
0.01
0
7.53
13.81
0.3
1.29
2.98
0.55
1.69
0
0
0
0
0
0
0
0
0
0
0
0
0
0
0
0
0
0
0
0
0
0
0
0
0
0
0
0
0
0
0
12.86
0.27
0
1.06
0.5
0.22
0
0
0.02
0.03
2.11
7.25
7.38
4.91
0
0
0
0
0
0
0
0
0
0
0.01
0
0
0
0
0
0
0
0
0
0
0.02
0
0
0
0
0
0
0
0
0
3.28
6.83
0.05
1.97
0
0
0
0
0
0
0
0
0
0
0
0
0
0.07
0
0
0
0
0
0
0
0
7.09
4.23
3.94
0.03
2.86
10.44
5.94
1.72
4.23
2.78
2.59
0
0
0
0
0.45
0
6.03
22.38
15.34
5.84
3.62
1.38
5.12
12.16
4.73
1.47
0.13
0
0
1.14
0.12
2.67
0.09
0
0
0
0.01
0
0.23
0.16
0
0
0
0
0
0
0.08
0.03
0
0
0.02
0.04
0
0
0
0
0
0
0
0
0
0.23
0
0.12
0
0.3
0.03
0.18
0
0
0.01
0
0
0
0
0
0
0
0
0
0
0
0
0
0
0.03
0
0.08
0
0
0
5.66
2.59
0
0
0
0
0
3.25
0.08
0
0.01
0.21
0.01
0
0.01
0.84
0.06
0
0
0
0
0
0.02
0
2.81
0.08
0
0
0
0
0
0
0
0
0
0
0
0
0
0.02
0
0
0
0
0
0
0
0
0
0.06
0.16
16.34
1.31
0
0
0
0.64
1.88
0
0.32
7.2
0.03
0.14
0.69
0
0
0
0
0.04
0
0
0.31
0
0
3.59
4.66
17.53
1.71
5.34
0.08
5.48
6.16
1.47
1.28
0.09
0
0
0.3
0
0
0
1.16
0.02
0
0
0
0
0
0
0
0
0
0
0.36
0
3.53
0.41
0.22
0.19
0.58
10.44
3.58
0.84
6.44
5.59
0.61
0
0
0
0
0.09
0.05
0
1.61
2.5
2.11
5.32
2.16
1.03
0.2
0
2.62
0.75
1.45
8.12
7.59
8.16
0.86
0.02
4.14
0.12
0.09
2.82
2.44
11.91
1.19
1.03
0.26
1.78
1.02
3.22
2.41
5.22
1.14
0.22
1.06
0.72
0.03
0.04
0.66
1.44
0.19
0.18
0.16
6.59
0.08
0.02
0.25
0
2.05
0.91
28.69
29.44
10.11
1.8
0.14
0
0.01
0
0
0
0.01
0
0
0
0
0
0
0
0
0
0
0
0.35
0
0
0
0
0
0
0
3.89
0.25
0
5.31
0.25
0.22
2.16
7.19
0
0.73
0.77
0.03
0.88
2
0.53
0.24
0
0.01
0
0
0
0.72
0
0.03
0
0.02
0
0
0.03
0.02
0
0
0
0
0
0
0
0
0
0
0
0
0.41
13.62
2.61
1.22
0.02
2.69
0.25
0
0
0
0
0
0
0
1.03
33.2
12.03
1.58
0
0.01
0
5.02
5.62
2.19
0.28
2.67
1.31
1.64
0.02
0.84
11.66
18.25
3.59
0.03
0
0
0.52
6.56
2.98
1.22
4.48
2.95
0.97
0.3
0.33
2.09
9.03
0.67
3.66
9.64
2.12
1.16
3.91
0
0.16
0.87
6.11
3.56
2.37
0
0
0.02
0
0
0
0.02
0
0.08
0
1.3
1.14
0.28
0.28
18.53
3.93
8.22
11.01
0
0
0
0
0
0
0
0.01
0.01
0.68
1.49
0.42
0
0
0
0
0
0.02
4.23
13.31
0.12
0.08
5.84
0.02
0
0
0
1.12
0.11
0
0
0.4
0.03
0
0.02
0
0
0
0
0.34
0
0
0
0
0
0
0
0
0
0
0
0
0
0.84
13.06
0.1
0.18
1.45
0.12
0
0
0
0
0
0
0
0.37
0.2
0.02
0
0
0
0
0
0
0.54
0
0
0
0
0
0
0
0.03
0.03
0
0.77
37.55
0
0
0
0
0
0
0.01
0
0
0.03
0
0
0
0
0
0
0
0
0
0
0
0
0
0
0
0
0
0
0
0
0
0
0
0
0
0.01
3.25
9.81
0
0.09
0
0.06
0.86
1.41
0
0
0
0
0
0
0.06
15.72
0.14
0.19
0
0
0
0
0
0
0
0
0
0
0
0.01
0
0
0.25
2.81
0.69
0.78
2.17
0.03
6.14
0.01
0.05
0.01
0
0
0
0
0.11
3.22
1.19
10.19
13
5.53
0
0.26
0.64
0
0
0
2.12
0.08
0
0.01
0.05
0
0
0.01
0.01
0
0
0
0
4.88
0.28
0.02
0
0
0.27
2.39
4.48
0.02
2.91
10.39
0.89
5.38
7.47
8.72
0.02
0.26
2.34
0.78
0.05
0.02
0
6.6
0.12
0.09
0.02
0.11
1.23
0.11
0.02
4.28
0.91
0.89
0.02
5.14
2.16
0.82
0.38
0.48
0.24
0.88
6.47
17.19
4.38
1.14
0
0
0.01
0.01
0.03
0
0
0
0.02
7.67
12.03
1.52
13.22
1.72
8.61
1.92
0.13
0.66
2.3
3.62
1.59
0.28
0.38
0.03
0.08
8.75
13.17
15.52
12.7
23.97
0.66
2.09
1.17
0.07
0
0
0
0
0
0
0
13.03
0.84
0
0
0
0
0
0.01
0.98
0
0
1.48
0.09
0.28
5.47
10.58
0.4
0.03
0.01
0
0
0
0
0
0
0
3.05
0.02
0
0
0
0
0
0
0
0
0
0
0
0.09
4.9
1.41
0.01
0
0
0
2.64
2.28
8.97
8.56
0.02
0.36
3.03
2.59
0.12
0
0.25
0.68
6.91
8.55
3.81
2.95
8.13
0.94
10.69
2.73
12.77
2.05
0
3.19
0.82
2.24
0.04
0.43
0
0.01
1.04
5.25
0
0.34
0.03
0
0
0
0
0
0
0
0.14
0
0
6.53
0.02
0
0
0.62
0
0.2
0.15
3.7
8.98
0.34
3.23
4.23
13.66
0
0
0
0
0
14.34
0.03
0
11.05
0
3.59
0
4.61
0
1.17
0.02
0.22
0
0
0
0.02
0
0
0
0.02
0
0
0
0
0
1.8
0.01
0
0
0
0.02
0
0
0
0
0
0
0
0
0
0
0
0
0
3.36
0
0
0
0
0
1.91
0
0.1
0
0
0
0
0
0
0
0
1.5
0
0
1.23
0
0.01
0
0.23
0
0
0
0.01
1.22
8.69
0.09
0
0
0.02
0.58
0.11
18.03
23.69
0
0
0
0.01
0
0
0
0.06
0
0.01
0.13
6.38
42.38
2.31
1.73
0
0
0
0.16
1.78
0.12
0
9.98
0
0
0
0
0
0
0
0
6.75
0.03
0.01
0
0
0
0
0
0
0
0
0
0.04
0.13
0
0
0
0
0
0
0
0
0
0
0
0
51.62
23.19
49.22
0.83
7.92
0.05
0.03
0
0
0
0
0
0
0
0
0
0
0
0
0
0
0.19
0.62
2.09
21
2.94
3
1.16
0.31
2.52
0
0.02
0.12
6.16
0.94
0.26
0.34
1.19
0
5.02
0
0
0
0.18
0.01
0
0.01
0
0
0
0
0
0.11
0.05
0.02
2.53
4.16
4.72
13.78
0.41
0.01
0.04
0.01
0
0
0
0
8.61
2.57
0.03
0
0
0.06
0.06
0
0
0
0
0
0
0
0
0.02
0
0
0
0
0
0
0
0
0
0
0
0
0
0
0
0
0
0
0
0
0
0
0.12
1.08
2.77
0.25
0
0
0
0.36
2.01
0
0
0
0
0.6
1.24
0.3
0
0
0.05
0
9.72
0
0
1.14
2.42
0.2
0
2.64
22.47
13.81
3.72
2.44
0.09
0
0
0
0.77
1.09
1.88
0.66
0.91
0.56
1.19
0.44
0.12
0.18
2.31
11.58
0.66
0.05
0
0
0
0.22
0
0
0
0.12
0
1.23
1.28
0.03
0.02
0
0
0
0.02
7.62
0.53
0
15.22
4.48
1.88
0.23
7.16
6.23
4.7
0.44
4.32
0.22
0
0.66
0
0
0
0
0
0
0
0
0
0
1.99
0.22
0
0.04
0
0
0
0
0.05
0
0.84
0.05
0
0
0
0
0
0
0
2.03
0.07
0
0
0
0
0
0
0
0
0.04
0
0
1.45
0.84
0.29
0.62
0
0
0.59
0.05
0
0.01
0
0
0.27
0
0
0.07
0
0
0.05
0
0.03
0.28
0
0
0
0
0.17
0
0
0
0.02
0
0
0
0
0.02
0
0
0
0
0
0
0
0
0
8
0.31
0.38
0.22
0
0.17
0
0
0
0
0
0
0
0
2.7
0.02
0
0
4.25
0.03
0
0
0
0
0
0.28
0
0.22
0.48
0.84
0.25
0
0
0
0
0
0
0
0
0.02
0
0
0.01
1.29
1.39
4.09
0.81
0
0.17
0.41
0.3
4.55
14.16
0.68
0
0
0.03
9.62
0.26
0.72
0
2.06
0.03
0
0
0
0
0
0.06
0.25
0.76
0
15.47
4.17
0.23
0
0
0
1.58
0
0
4.97
6.12
0.75
0
7.11
0.02
0
0
0
0
0.06
0.1
2.01
0.42
0.05
2.1
0.09
0
0
0
1.69
3.36
1.03
0
3.62
0.02
3.14
6.09
3.98
5.03
7.84
0
3.19
11.19
10.62
2.47
3.95
0.12
0.02
6.34
0.03
0
0
0
0.06
0.7
4.19
1.47
1.22
2.44
15.03
17.12
10
7.27
32.62
37.19
12.05
3.3
1.45
2.14
2.06
0
5.2
0.05
0.38
0.06
0.03
0
0
0.02
0
0.14
0.01
0
