19510101
11.41
17.37
0.09
0.01
0
0
0
0.02
3.16
3.35
4.97
5.68
3.48
2.88
0.01
0.35
0
0.22
0.02
0
0.01
0
2.04
10.16
1.29
9.08
8.68
7.09
0.29
0.07
0.01
0
0.08
8.32
20.97
8.11
5.82
2.47
1.92
3.82
3.76
6.58
10.4
3.13
4.64
1.95
0
0.39
2.53
0.72
4.16
1.08
1.39
12.87
1.5
0
0
0.01
0
0
0
0.7
3.37
3.41
2.73
3.69
6.64
5.68
19.67
6.95
15.92
13.99
8.32
11.72
1.04
0.1
0
0.01
0
0
0
0
0
0
0
0
0.05
0
0
0.01
0.01
0
0
0
0.01
0
0.05
0
0
5.37
4.16
0.31
0
0
0
0.01
1.45
1.44
1.47
1.37
1.73
1.02
2.45
2.28
3.44
8.01
12.9
10.6
3.85
11.48
11.98
9.23
0.47
0.52
6.89
8.95
5.47
5.93
1.12
4.27
1.86
0.37
0.02
0
0
0
0.01
4.18
2.9
2.14
0.04
0.03
0
0
0
3.77
0.09
2.6
4.71
2.7
0.05
0.02
0
14.82
7.56
9.66
0.17
2.6
0.09
0.02
0
0.05
0.05
0
0.02
0.3
1.29
0
0
0.37
0.54
0.63
3.2
0
0.01
0
0.07
0
0.04
1.93
3.76
2.5
0
0.54
0
0.61
0
0
0.09
0
0
0
0.01
0
0
0.09
0
0
0
0
0
0
0
0
0
0
0
0
0
0.41
0.88
9.2
5.94
6.92
2.93
0
0.01
0
0.04
0
0.01
0
0
0
0
0.09
0
0
0.04
0
0
0
0.01
0
0.01
19.66
12.85
1.6
0
0
0
0
0
0
0
0.01
0
0
1.46
7.97
2.77
1.26
2.19
10.59
17.85
6.98
0.05
0.04
0
0.02
0
0
0.01
0
0
31.85
0
0
0.01
0
0
0
0.2
9.17
7.45
0.66
0.29
0
0
0
0.63
6.33
0.01
0
4.14
4.99
0.26
0.32
0
0
0
0
0.31
1.31
2.35
0
0
0.02
0.77
0
1.79
2.3
4.6
1.93
0.02
0.9
0
0.12
2.65
13.71
6.91
9.94
21.51
3.32
7.16
6.91
1.5
1.41
3.35
0.39
0.92
9.56
3.16
2.71
3.54
2.22
0
0.02
0.02
0.01
2.51
0
0.83
0
0
0
0.69
1.34
0
0.1
1.49
2.35
1.17
0
0.66
2.48
0.35
0
2.74
0.03
0.02
0.02
3.09
0.46
3.65
2.09
6.92
1.04
1.37
1.7
0.83
2.48
0.23
0.01
0
0
0.01
0
0
0
0
0.01
0.02
0
0
0.03
0.8
0.8
0.15
0
0
0
0.07
0
1.06
0.68
0.47
4.12
3.81
6.3
12.75
11.43
3.95
0.65
0.4
0.37
1.39
0
0
0
0
0.01
0.01
0
0
0.01
0.01
11.92
5.59
0
0.23
0
0.74
0.24
0
0
0.01
0.01
0
0.16
2.76
1.1
0.12
0
0
0
0
0.25
0
0
0
0
0.09
3.27
2.89
4.38
6.63
0.11
1.53
0
7.16
10.01
0.46
0.31
0
0
0
0
0
0
1.04
5.38
10.7
9.54
6.64
6.14
14.91
3.04
0.04
0
0.07
0
0
0
0
11.27
13.71
4.88
19.33
3.23
0.05
0
3.25
0
0
0
0.6
1.18
5.67
0.01
0
0.63
0
0.64
0
2.56
5.43
3.71
14.71
6
5.83
0.88
0
0
0
0
0.13
0
0
2.17
1.33
0
0.77
4.96
3.55
4.89
5.67
12.41
10.71
6.38
0.08
0
0.2
1.64
2.2
7.3
0.59
0.06
0.01
0.31
0.79
0
0
0
2.82
1.59
2.11
0.19
0
0
0
0.06
0.56
4.75
0
0
1.21
2.24
0
0
0
0.66
4.8
1.51
0.1
0
0.04
0
1.99
3.89
7.66
1.16
0
0
0
0
1.11
0.43
3.94
3.91
5.98
0.47
0
0
0.04
0
5.06
1.76
1.68
0.78
7.86
2.21
8.91
9.38
1.47
12.65
3.5
17.97
1.79
0.02
0.02
0.11
0
0
0
0
1.65
0
0
0.01
0.03
0
0
0
0
4.92
0
0.01
0
4.24
2.18
0
0.01
0
6.52
5.15
6.57
4.3
0
0.05
0.58
0
0.01
0.01
0.34
0
0
0.21
0
0
2.04
0.26
0.05
7.77
11.49
4.23
0
0
0
0.05
0
0
0
0.01
0.41
2.74
0.03
0.29
0.49
1.59
0
0
0
0
1.27
0
0.01
0.05
0.68
0.8
0.55
0.27
2
3.71
0.01
0.01
3.2
7.48
1.27
3.55
8.68
0.05
0
3.31
0.48
0
0.55
3.34
0
0
0
2.11
0
0
0
0.03
0.13
0
0.02
0.01
0
0
0.03
0.3
0.15
0.12
0.39
4.26
5.37
5.09
0
1.82
0.57
1.08
1.83
2.91
2.51
0.61
2.33
10.8
7.49
5.46
2.77
0.4
0
0
0
0
2.13
0
0.01
1.68
11.82
7.13
2.88
1.88
3.73
0.94
0
0
0
2.05
0
0.17
0.17
0.94
3.79
3.16
3.52
2.09
0.05
2.55
3.23
4.47
0.74
0.27
0.19
1.64
2.23
0
0.1
0.27
0
0
0
0
0.01
0
0
0.02
0
0
0
0
0.03
0.02
0
0
0
0
0
0
0
0
0.68
2.34
5.87
6.32
3.05
0.09
0
2.19
2.27
1.26
0.95
0.6
0.2
0
0
0.02
0
0.02
0
0
0
0
0
0
0.04
0
0
0
0
0
0
0
0
0
0
0
0
0
0
0.44
0
0
0
0.54
0.58
2.79
1.18
0
0
0.07
0.02
0
0.01
0.13
0.18
0
0.3
0
9.45
5.49
0
0.01
0.01
1.81
2.92
2.59
0.96
0
0.45
1.13
0
0.01
0
3.62
10.69
7.68
11.23
1.29
3.95
1.66
1.73
0.61
10.27
3.06
0.07
0
0.05
0.01
0.03
0.05
0
0
0
0
0
0
0.02
0.02
0
12.8
4.25
0
0
0.21
0.69
0.17
0
0
0
0
0.04
0.8
0.3
0
0
0
0
0
0
0
0.09
0.02
0.95
8.1
6.32
0.82
0.04
0.02
0
0.75
0
0
0
0
1.2
0.7
17.21
6.1
3.42
2.16
0.02
4.48
0
4.87
11.57
7.65
6.35
0.82
0
1.95
1.42
2.29
4.2
0.5
0.03
1.98
0
0.7
0.1
0.02
0
0
0.01
0
0
0
0
0
0
0
0
0
0
0
0
0
0.02
0
0
0.84
0.6
0.23
0
0
0
0
0
0
0
0
4.41
6.95
1.08
0
0
0
0
0
0
0
0
0.05
0
0
0
0.16
0
0
0
0
0
0
0
0.84
1.59
3.03
7.02
0.1
5.13
0
0
0
0
0.33
0.1
0
0
0
0
0.03
0.01
0
0
0.01
3.41
11.32
6.52
1.36
0
0.03
0
0.31
4.72
16.69
1.07
0.61
0.86
0
1.08
2.92
10.89
14.07
10.47
11.1
12.3
0.54
0.03
0.58
4.27
0.43
0
2.85
0.11
2.88
8.31
2.57
1.1
0.58
0
0
1.45
4.84
1.52
0
0
0
0
0
0
0
0
0
0
0
0
0
0
0
0
0
0
0
0
0
0
0
0
0.23
0.19
0
0
0.04
0.08
0.31
4.96
4.33
0.76
6.45
8.04
2.02
0.06
0.08
0
0.54
0.13
0.48
0.77
1.95
0.46
0.63
0
0
0
0
0.13
0
0
0
0
0
0
0.03
1.04
0
0.07
0.82
1.54
1.43
0.67
0.17
0.05
0.67
0
0.04
0
0
0
0
0
0.41
0
0
0
1.1
0
0
0.01
0.77
0.49
4.02
8.99
6.44
0.17
0.19
0.29
0.86
0.76
1
0.13
2.13
1.59
1.78
7.77
5.23
1.86
5.96
3.3
1.65
0.41
0
0.7
0.13
0
0
0
0
0.34
1.07
0.19
0.04
0.14
0.12
0.14
1.34
6.32
1.07
0.49
9.72
15.63
2.29
0.7
5.09
9.16
10.73
2.11
0
3.06
6.75
0.5
2.11
0.12
0.05
4.73
6.88
0.34
0.67
0.01
0.07
0
0
2.56
1.87
0
0
0
0.11
0.21
0
0.17
0.41
0.25
0.52
0.54
0.23
0.03
0
0
0
0
0
0
0
0
0.01
0
0
0
9.52
1.95
4.17
4.84
0.49
2.27
7.27
1.29
0.04
0
0
0
0
0
0.79
0
2.24
2.97
41.51
12.09
3.77
0
0.05
0
0
0.01
0.06
0.02
0.04
0.01
1.93
0
0
0
8.13
3.36
14.64
29.66
9.5
3.44
0
0.41
0
1.45
0.8
0.1
0
0
0.02
0
0
0
0
0
0
0
0.05
0
0.54
2.25
0.61
0
0.01
0
0.61
0
0.02
0
0
0
0
0
0.02
0.96
0
0.04
0.08
0
0
0
0
0.02
0
0
0
0
3.16
11.07
0
0
0
0
0
0
0
0
0
0
0
0
0
0
0
0
0
0
0
0
0
0.01
1.09
0.27
0
0
0
0.01
0.02
2.27
0.2
0
0
0
0
0
0
0
0
0
0
0
0
2.82
0.15
0
0
0
0.02
0
0
0
0.53
1.65
0.25
0
0
0
0
0
0
0
0
2.16
0
0.02
0
0
0
0
0
0
0.28
0.13
0.57
0
0
0
0
0
0
0.01
0
0
0
0.48
0
0
0
2.88
0.32
0.05
0.18
1.23
0
0
0
0
0.09
0
0
0
0
0.02
0
0.68
2.18
15.45
1.77
1.44
0.07
0
0
0
0
0
0
0
0
0.01
0.26
0.06
4.07
8.15
5.41
0.37
6.64
6.77
5.96
14.41
16.59
7.34
2.27
0
0
0
0.01
0
5.28
10.01
0.88
0.29
0.61
0.01
0.11
0
0
0
0
0
0.02
0
0
0
0
0
0
0
0
0
0
0
0.36
5.14
15.66
11.91
10.34
6.7
6.02
0.6
15.08
4.54
1.38
2.02
1.59
1.7
4.25
4.36
13.95
20.02
17.09
6.45
5.63
4.5
1.5
0.17
0.25
0.02
0
0.11
1.89
4.61
5.94
7.21
25.55
13.82
2.26
0.73
1.29
0.09
0
0
0.01
0
1.48
5.38
3.3
14.58
32.2
18.79
11.69
9.9
2.11
0.86
4.25
4.23
8.47
6.53
3.53
0.73
0.01
0.01
0.01
0.01
0
0
0
0.22
0.23
5.35
0.56
0.01
2.44
2.3
0
0.08
0
0
0
3.06
10.25
6.64
0.12
0
0.01
0
0.05
0
0
0
0
0
0
0
0
0
0
0.06
6.3
4.1
0
0
0
0.01
0
0.01
0.79
0
0.13
0
0.91
6.25
9.49
2.99
6.18
6.36
0.5
0.01
0
0.09
0.06
0
0.3
4.25
0.47
0.02
0
0.07
0
0
0
0
0
0
0
0
0.01
0
0
0.93
0.26
0.26
3.28
0
0.97
5.52
2.58
2.63
0
0
0
2.6
2.41
2.36
3.77
3.41
1.35
2.14
9.98
0
7.13
0.98
0.39
0
0
0
0
0.05
1.69
10.52
10.29
5.63
0
0.02
0.19
0
6.95
0.7
0
0.03
0
0
0.11
0
0
0
0
0
0.01
0
0
0
0
0.12
0.1
0
0.04
0
0.05
0.34
0.03
0
6.25
1.76
5.21
0.09
1.96
0
0.14
1.32
0.01
0
3.05
0
0
0
0.07
1.51
5.09
2.79
0.55
0
0.13
0.16
0.7
0.41
0
26.23
5.88
0.05
0
0.01
0.28
2.27
1.52
4.31
0
0.05
0.05
7.05
7.9
0.59
0.04
0.54
0.04
0.59
3.42
1.9
0.32
0
1.49
0.17
7.02
2.38
0
0.16
0.25
0
0.01
0
1.95
3.9
18.08
0.87
0
0
2.29
0.13
0.03
0
0.34
0.14
0.14
0
0.67
0.02
2.55
5.51
1.77
0.64
0.2
0
0
0
0
0.09
0.25
0.02
0
0
0.71
4.45
0.66
0.2
10.25
0.92
0.02
0.23
0.28
0
0
0
7.64
13.7
15.34
11.16
4.23
0.63
2.48
4.41
1.8
0
3.45
3.69
1.23
0.05
4.18
4.69
0.55
0
0
0
0
0
0
0
0.17
1.54
8.12
2.29
2.01
0.01
0
0.1
7.05
16.57
14.09
4.92
0
0
0
0
0.01
0
0.03
0.02
0.47
3.38
9.98
24.78
26.29
25.92
12.18
4.99
6.48
10.25
9.96
1.07
0.8
2.66
0.05
0.01
0
0
0.3
0.93
0.77
0.07
0.41
0.35
0
0
0
0
0.74
3.49
2.86
0.2
6.7
7.22
1.13
2.86
7.13
5.82
4.4
3.5
1.54
0.37
0.08
0.74
0.59
0.02
0
0
0
0
6.34
4.57
0.74
0.33
0.14
0.14
0
0
0.01
0
0
0
0
0.03
0
0
0
0
0.16
0.13
0.04
1.16
2.15
2.95
2.31
0.42
0.07
0.09
0
0.01
0.01
0
0.01
0
0
0
0
0
0
0.14
0.01
0
0
0.06
0.07
0.02
0
0
7.86
11.88
9.18
10.07
10.22
22.36
12.55
8.35
6.14
5.2
19.89
41.42
17.03
4.7
1.39
0.61
0
0.47
0.42
0.02
0
1.34
1.79
0.31
1.04
2.3
4.87
8.66
9.27
4.61
4.49
0
0
2.47
6.96
6.95
4.99
5.71
2.75
6.11
8.25
8.23
4.12
0.19
0.01
0
0
0
0
0.01
0
0
0
0
0
0
0
0.02
0
0
0
0.85
0.07
19.2
15.42
8.83
7.84
1.55
24.94
40.02
14.19
0
0
0.31
0.8
0.01
0
0
0
0
0
0
0
0.01
5.31
1
0.01
0.22
0
0
0
0
0
0
0.02
0
0.02
14.81
8.54
3.95
1.98
0.88
5.69
0.34
0.01
0.3
0
0
0
0
0
0.01
0.02
0.02
0
0
0
0
0
0
0
0
0
0.01
2.11
10.43
5.62
0
0
0
0
0
0
0
1.28
0.56
0
0
0
0.08
0.04
12.7
12.76
2.98
0
0
0
0
0
0
0
0
0.78
0
0
0
0.01
0
0
0
0
0
1.26
0
0
0
0
0
0
0.02
0
0
0
0
0
0
0
0
0
0
0
0.17
4.47
2.94
2.09
1.02
9.24
9.41
5.16
11.36
18.81
9.51
0.67
0
0
0
0
0
0
0
0.73
0.03
0
0
0
0.79
1.09
1.88
0.01
0.28
2.15
7.2
2.85
0
0
0
0
0
2.65
0.51
0
0
0.1
0.05
0.13
0
0
0.34
0
0.01
0
0
0
0.33
0.76
2.88
1.57
2.22
0.02
1.7
0.65
0
0
0
0
0.1
0.09
5.23
3.22
0.09
0.09
0
0
0
0
0
0.41
0.47
0.63
0
0
0
0
0
0
0
0
0
0
0
0.01
0.02
0
0.09
0.1
0
0.01
0.02
0.2
0.65
0
0
1.27
0.67
1.38
4.73
6.36
8.61
9.25
5.83
1.8
0.37
0
0
0
0
0.77
1.53
0.68
0
0
0.02
1.24
1.5
0
0
0.02
0.48
0
0
0
2.8
3.91
1.9
0.06
0
0
0
0
0
0
0.07
0.47
1.02
0.5
0.23
0.16
1.24
1.61
0.7
0.02
0.01
1.37
5.65
24
18.41
16.68
4.92
0.24
2
0.84
0
0.02
0
0
0
0
0
0
0
0
0
2.36
5.94
0.99
0
0
1.61
0.93
0
0
0
0
0
0.01
0
0
0
1.21
7.28
7.98
4.02
7.5
3.17
0.58
0.79
0
0.15
2.6
3.27
0.84
0
0
0.02
2.23
0.53
0.02
0.27
0.64
0.04
0
0
0
3.05
2.29
1.73
2.3
0.11
0.67
0.06
0.01
0
0.19
2.34
5.15
8.29
7.08
4.36
2.88
4.37
3.71
2.01
8.38
6.91
0.63
0.83
18.91
19.66
9.37
5.09
0.72
1.15
1.74
0
0
0
0
0
1.16
0
0
0
2.22
4.02
5.83
5.09
2.83
4.91
5.08
2.29
10.34
10.93
8.44
1.27
0.01
0
0.01
1.14
23.02
15.23
2
0
3.08
13.68
9.58
0
1.47
12.71
15.96
1.02
0
0.38
4.16
1.64
0
0
0
0
0.2
0
0
0
0
0.03
5.7
4.56
0
0
0
0
0
0
0
0
0
0
0
0
0
0
0
0
0
0
0
0
0
0
0
0
0
0.21
0
0.12
0.55
0
0.33
0.01
0.01
0
0
0
0
0
2.23
0
0
0
0
0
0
0
0.02
0
0.01
0
0
0
0.49
4.11
2.52
5.29
2.27
0
0
0
0
0
1.91
0.11
0
1.27
0
0
0
0
0
2.16
5.03
4.47
5.59
7.25
3.48
0
0.01
0
0
0
0
0
0.02
6.05
6.92
22.8
13.07
0.09
0
0
0
0
0
0.51
0.2
2.38
12.88
7.34
2.61
0.01
0
0.22
3.6
1.96
0.07
0.04
0
0
0
0
0
0
0.02
0
0.05
3.38
2.84
0.5
2.49
5.84
12.63
8.91
8.81
4.68
0.05
0.01
0.04
0
0.01
0
0
0.2
0.36
0.16
0
0
0.4
0.54
0
0
0.02
0
0
0.01
0.01
0
0.03
0
0
0
0
0
0.08
0.33
6.39
14.84
10.97
1.64
0.27
0.28
0
0
0
0
0
0
0.22
7.08
4.23
1.34
0.31
0.02
0
0
0
0.01
0.86
1.43
0.4
0.28
0
0.04
0
0.01
0.27
3.18
2.58
0
0
0.07
0.03
0
0
0
0
0.14
0
5.37
4.21
0.46
3.11
4.57
2.27
6.55
11.26
2.56
0.55
0.12
0.22
0.02
0
0
0.2
0.09
1.31
1.2
8.43
8.91
2.78
3.49
1.42
0
0
0
0
0.08
0.02
0
0.22
0
0.95
3.61
0.98
0.04
0
0
0.31
0.12
0
0
0
0
1.77
0.79
3.67
2.38
0.58
0.28
0.03
0.08
2.27
2.5
0.72
5.51
1.04
0.16
0
1.91
19.87
7.79
4.96
4.43
5.8
10.46
4.38
7.42
2.25
5.2
8.36
8.81
3.4
3.33
1.44
0.73
0
0
0
0
1.87
4.32
1.78
0.32
0.16
0
0
0.07
0
0
0
0
0
0
0.06
0
0
0
0
0
0
0
0.54
0
0.02
0.14
1.29
2.95
2.15
1.2
17.3
6.23
0
0
0
0
0
0.51
2.96
0.61
0
0
0
0.01
0.02
0
0
0
0.01
0.01
0.01
0
0
0
0
0
2.02
10.52
0.8
0
0
0.01
0
0
0
8.16
15.46
7.25
0.16
0.04
0
0.16
0.08
0.84
2.62
0
0
1.21
1.83
4.88
0.19
0.09
0
0.01
0.28
0.36
0
0
0
0.06
0
0
0
0
0
0
0
0
0
0
0
0
0
0
0
0
0
0
0
0
0
9.8
3.42
0
4.18
1.12
0.01
0
0.23
0
0
0
0
0
0
0
0
0
0
0.74
4.98
0.19
0
0
0
0
0
0
0.06
0.84
0
1.05
0.01
0
0
0.01
0.16
1.28
0
0.52
0.59
1.45
1.25
0.01
0.18
0.85
0
0.02
0
0
0
0
0
0
0
0
0
0
0
1.34
14.42
8.02
0.7
2.27
1.89
3.18
8.63
1.95
0
0.36
0.24
0
0.02
0
0
0
0
0
0
0
0
0
0
0
0
0.01
0.23
0
0.09
0.04
0.5
2.72
3.18
0.05
0
0
0
0
0
0
0
0
0
0.32
2.93
2.53
0
0
0.08
0.58
0
0
0
0
0
0.04
0.17
0.14
1.88
1.36
0.07
0
1.38
2.82
11.96
8.64
7.61
8.45
5.61
3.45
1.93
1.04
7.59
8.16
21.93
18.3
16.39
13.8
7.75
29.41
30.79
10.77
6.65
6.63
3.82
0.17
1.78
0.77
0.09
0.1
0.02
0
0
0.13
0
0
0
0
0
0.09
0.21
4.05
3.45
3.12
0.88
3.21
14.59
13.13
0.49
0.02
0.02
0.1
3.78
2.05
2.25
0.54
0.21
0
0
0.12
0.09
0
0
0.02
0.43
3.72
1.83
0.38
0.19
0.46
2.94
1.57
0.22
0.16
0.11
0
0
0
0
0
0
0
0
0
0
0
0
0.03
0.02
0
0.02
0
0.77
1.57
13.8
3.63
6.45
6.95
3.66
17.96
18.2
9.8
13.32
6.45
0.02
0
0
0
0.27
0.09
0.2
10.14
9.35
0.79
4.66
3.68
1.37
0.17
0.01
0.23
0.57
1.86
0.41
0.04
0.13
0.02
0.16
4.42
2.64
0.77
0.14
0
0
0.09
0.02
9.91
10.83
10.83
5.41
1.01
0.22
0
0.41
0.36
0.55
3.13
4.97
0.2
0
0.96
0.55
2.38
1.14
0.02
0.32
0.21
0.12
4.21
16.61
18.16
8.04
1.17
4.89
2.7
2.3
0
0
0
0.17
4.48
8.53
5.77
8.45
3.88
2.13
1.05
3.44
1.27
1.99
5.37
6.96
4.95
4.93
0
0
0
0.45
3.36
17.49
19.36
5.06
0
0
0
0
0
1.17
0.63
0
0
0.09
0
0
0
0
0
0
1.18
3.57
2.96
1.3
0
0
0
0
0
0
0
0
0.1
0
0
0.19
3.18
2.17
1.13
1.93
1.35
0
0.07
0.2
5.62
6.08
0
1.14
1.38
0.27
0
0
0
0.26
0.07
0.02
0
0
0.22
0
3.21
8.7
3.86
0
2.44
0
0.55
0
0
0
0
0
0
0
0
0
0
0
0
0
0
0
2.46
0.6
0.23
1.05
4.47
2.55
0.26
0.71
1.54
3.46
10.63
4.09
0.72
0
0
0.05
0.25
4.09
5.45
0
0.02
0
0.48
0
0.27
0.53
1.53
4.98
4.27
2.9
4.36
2.09
1
7.77
5.23
5.84
4.12
0
0.13
0
7.32
3.13
2.05
0.45
0.2
1.86
0.37
0
0
0
0
1.12
10.84
9.81
11.5
7.68
7.03
0
0
0.68
0
3.36
5.9
12.18
6.17
0.51
0.26
0.36
0.32
0.4
0
0.05
0
0
0
0
0
0.01
20.13
10.08
0.81
6.05
3.94
8.3
9.14
3.3
1.07
4.53
3.97
0.21
0
0
0.54
6.94
4.22
2.71
19.81
26.3
12.74
2.63
0.99
0.79
0.18
11.41
9.93
10.25
20.52
15.59
9.65
3.96
0.45
0
0.85
1.51
0.24
0.32
0
0.64
1.97
2.93
11.38
8.49
4.32
9.49
10.05
0.77
0.12
0.16
0.03
0.07
0.19
0.16
0
0
0
0.01
0.13
1.33
13.14
10.07
3.86
0.46
0.59
0.21
0.98
0.54
4.27
3.33
0.2
5.34
0.21
2.4
10.48
16.85
21.66
25.38
10.15
3.28
0.21
0
0
0.14
0
2.01
5.3
9.93
5.14
0
0.82
10.87
8.26
5.1
12.33
7.86
4.15
8.77
13.55
10.53
12.57
4.98
9.4
12.47
4.55
0.39
0.4
0
0
0.2
0
0
0
0.01
0
0
4.89
5.32
17.46
13.6
4.4
3.38
4.52
9.21
13.92
17.47
3.2
0
0
0
0.37
0
0
0.64
2.2
6.29
7.83
5.93
4.21
4.37
3.25
1.65
0.81
2.75
2.8
0.9
0.09
0.01
0
0.25
0
0
0
0
0
0.01
0
0.01
0
0
0
0
0.19
1.07
1.14
0.17
0.31
0.01
0.35
0.41
3
7.32
5
1.19
0
0
0
0
0
0
0
0
0
0
0
0.8
2.58
1.99
5.28
6
0.3
0.66
0
0.43
0
0
0
1.88
2.55
3.98
0
3.68
18.35
20.25
0.79
4.32
13.83
13.13
13.04
3.44
6.05
2.17
0
0.95
0.5
1.52
6.69
3.69
0.23
0
0
0
0
0.02
0.45
0
0
0
0
0.71
1.76
0
0
0.01
0.07
0
0.37
0
0.01
0.02
0.01
0
0
0
0
0.03
4.84
2.63
5.01
0.62
0
0.02
0.36
0.64
0
0
0
0
0
3.5
9.2
8.95
1.96
0
0
0
0
0
0
0
0
0
0
0
0.09
0.01
0
0
0.01
0
0
1.59
0
0
0
0
0
0
0.01
0
0
0
0
0.01
0
0
0
0
0.05
0.01
0
0
0
0
0
0
0
0.39
2.55
5.03
3.39
1.38
9.41
0
0
0.34
7.57
3.81
3.58
5.08
8.47
0.49
0.01
3.47
5.42
9.11
19.28
37.46
28.17
17.65
6.97
1.93
2.75
2
0.05
1.58
2.94
21.4
13.65
0
0
0
1.41
10.7
12.93
12.86
22.31
15.67
13.39
8.81
2.15
7.85
22.95
21.42
6.46
3.91
2.7
2.52
2.51
8.25
8.66
0
0.02
0.21
2.11
4.62
5.15
3.41
0.04
0
0.21
0.21
1.01
0.66
0
5.01
11.64
10.97
1.64
0.05
0.01
0.05
0.11
0.45
0
0
0.55
1.24
0.54
1.81
4.73
10.13
8.91
6.11
0.97
0.48
0.94
1.15
2.77
5.16
1.88
0.04
0.74
0.57
2.65
3.05
0
0
0.53
0.84
2.49
3.61
9.66
5.68
3.9
1.58
6.53
3.19
6.96
9.04
3
0.24
0.11
0.01
0.2
0.67
4.07
1.17
0
0.02
0.11
0.02
0
0
0.04
2.02
1.77
6.48
5.74
4.58
4.06
3
1.12
2.52
0.91
0.34
0.12
1.25
0.28
0
0.01
0
0
0
0
0
0
0.01
0
0
0
0
0
0.01
0
0.3
1.89
2.84
0.62
0.3
0.21
0.16
0.19
0
0
0
0
0
0
0
0
0
0
0
0
0
0
0
0
0
0
0
0
0.14
1.11
1.29
0.13
6.44
1.21
0
0
0
0
0
0
0.01
0
0
0.01
0.02
0.05
0.23
9.58
14.23
4.68
7.73
5.9
0.31
0.36
0.02
0
0.03
7.36
6.08
3.59
0
1.96
0.63
24.62
13.64
0.05
1.23
0.2
1.85
11.07
2.8
0.13
0.04
0
0
0.54
5.5
1.79
0
0
0
0
0
0
0
0
0.44
0
0
0
0
0
0.01
0.1
0.91
3.19
2.37
1.09
1.91
10.24
9.24
18.17
10.1
3.98
2.89
0
0
0.04
2.52
0.73
0
0
0.41
0.2
0.71
0.01
0
0.53
3.97
2.64
0
0.01
0.95
0.23
0.74
0
0.75
10.65
3.21
1.34
1.61
9.07
0
0
0
0
0
0.01
0
0
0
0
0.01
0
0
0
0
0
0
0
0
0
0
0.5
0.36
0.45
0.01
1.25
3.82
0.82
0.49
0.29
8.07
20.91
4.19
10.36
4.84
0
0
0
0
0
0
0.17
1.27
3.82
3.05
1.52
0
0
0
0
0
0
0
0
0
0
0
0
0
0
0
0
3.43
0.89
4.86
15.73
10.39
1.7
0
0
0
0.08
2.55
1.34
0
0
0
0
0
9.61
33.59
26.95
3.86
0
0
0
0
0
0
4.14
12.48
11.01
9.04
1.53
0
0.62
0.02
0.6
12.04
5.89
0.06
0
0
0
0
0.26
2.38
21.87
7.19
0.2
0.03
0.07
0
0
0.19
0
0
0
4.21
2.95
1.51
8.84
7.93
0.22
0
0
0.1
0
0
0
0
0
3.81
6.82
16.67
21.2
9.22
4.18
10.7
7.28
5.57
1.19
0
13.07
14.77
13.71
9.61
6.07
20.16
11.46
5.86
32.77
10.48
0
0
0.7
1.85
0.18
0.13
0.03
0.22
0.38
5.5
3.35
0.75
0
0
0
0
0
0.29
0.24
0
0
0
2.11
7.95
6.84
11.89
9.23
2.55
0.53
5.3
11.09
13.06
1.94
20.03
13.61
2.05
0.99
0
0.24
0.14
4.7
6.77
5.45
5.41
2.02
10.76
5.45
0
3.9
10.48
1.77
0.02
0
0
0
0
0
0
0
0
0
0
0
0.91
0
0
0
0
0
2.84
3.46
0.16
0
0
0
0
0
0
0
0
0
0
0
0
0
1.14
8.67
12.3
7.72
14.16
6.17
0.44
15.31
19.5
9.42
2.27
0.04
9.21
14.15
7.78
5.26
4.23
0.8
0
0
0
0
0
0.13
1.09
0
0
0.07
1.83
10.22
5.45
0.26
0.37
1.21
0.41
0.16
0
0.27
0.11
2.18
1.45
0
0
0
0
0
0
0.41
0
1.23
0.52
0.63
7.1
9.21
3.28
0.73
0
0
0.7
1.54
4.07
3.28
0.08
0.23
0.5
2.76
12.07
8.36
0.79
0.66
0.07
0
0
0
0
0
0.14
1.11
2.01
0
0
0
0.01
0
10.26
10.36
0
0.01
0
0
10.01
32.11
25.36
7.81
1.3
0.75
4.21
3.55
4.61
0.69
0.84
3.98
0.84
0.05
0.08
0.84
0
0
0.02
3.3
15.56
5.65
0.55
0.02
0
0.67
0
0
0
0
0.48
0.1
0.65
0
7.67
4.47
0.24
0
0.01
0
0.02
0
0
0
0
0
0.09
0
0
0
0
0
0
0
0
0
0
0
0
0
0
0
0
0.01
0.03
0
0.01
0.01
0
5.49
0.59
0
0
0
0
0
0
0.05
0.02
0
0.01
0.01
0.02
0.29
0
0
0
0
0
0
0
0.01
0
0.01
0
0
0
0
0
0
0
0
0
0
0
0
0
0
0
0.03
0
0
0
0.83
1.73
0.32
0.22
1.79
2.9
1.69
0.84
1.6
0
2.85
27.23
12.3
2.52
2.86
1.32
0
0
0
6.79
0.14
0.88
0.07
0
0.01
0.06
0.24
2.49
1.43
11.23
17.53
3.35
1.17
5.3
7.92
1.63
1.11
0.45
2.01
0.53
0.09
0.82
6.8
2.49
0.69
0
0
0
0.1
0
23.08
22.88
7.63
5.79
2.71
1.52
5.49
4.22
2.75
2.36
2.06
1.37
1.41
0
0.93
2.11
1.78
4.87
2.05
1.23
0
0
0
0
0
0
0
0
0.03
0.01
0
0
0
0
0.06
0.06
0
0
0.31
0.41
2.9
0.56
0
0
0
0
0
0
0
0.06
0.02
0.14
0.2
0.3
14.54
23.75
25.97
18.27
8.55
10.95
15.04
4.89
4.64
12.17
18.27
5.96
4.98
6.96
9.93
3.93
2.98
3.46
3.14
0.56
2.37
2.62
2.64
3.69
5.91
1.57
0.39
0
0
0
0
0
0
0
0
2.22
2.46
2
1.33
1.83
3.27
4.81
4.08
2.59
16.15
23.46
9.75
2.09
1.79
5.89
23.26
21.56
6.04
6.22
7.41
2.89
0.23
0.81
0.9
1.17
0.71
0.53
0.28
0.5
0.19
0.3
0.78
0.1
0
0
0
2.49
4.66
7.43
7.14
7.18
2.96
0
1.13
3.98
2.5
0
0.98
0.25
0.15
0.07
0.42
0.08
0
0
0.11
0.21
0.6
0
0.05
0
0
1.27
4.48
2.43
0.13
0
27.03
36.96
24.42
7.41
11.72
6.85
2.94
0
0.52
8.11
9.25
2.41
0.11
0.01
0
0
0
0
1.19
0
1.03
2.04
0
0
1.01
0
0
0
0
1.43
0.05
0
0
0
0
0
0
0
0
0
0
0
0
0
0.09
0
0.14
0.29
0.76
0.81
0
2.37
5.7
2.7
3.83
4.67
2.5
14.61
11.02
2.36
0
0
0.27
0.66
0.01
0.01
0
0
0
0
0
0
0
0
0
0
1
0.94
2.68
2.3
3.4
4.63
3.12
1.37
0
0.01
0
0
0
0.55
0
0
0
0
0
0
0
0
0
0
0
0
0.04
0.5
0
0.34
1.58
2.95
1.28
4.01
1.41
10.85
1.12
6.7
1.35
2.28
0.23
0.28
0.03
0.23
0.76
0
0
0
0
0
0
0
0
0
0.33
0
0
0
0
0
0
0
0
0
0.08
4.83
1
4.96
0
0
1.52
1.52
2.98
3.66
0.02
2.3
0
0.71
0.48
0.3
0.16
1.64
1.27
0.87
2.9
8.84
5.7
0.52
0.99
2.36
0.03
2.16
3.73
0.73
0
0.01
0
0
0
0.77
0.28
0.02
0
0.01
0
0
0
0
0
0
0
0
0.17
0.06
0
0.91
0.09
0.02
0
0
0
0
0.17
0
0
0
1.8
0.34
4.04
17.98
15.04
12.3
18.71
12.27
10.58
16.88
12.81
4.01
3.07
9.38
4.28
1.68
22.35
52.33
28.23
26.16
12.71
0.05
0
0
0
0
0
0
0.45
5.84
9.76
4.23
0.94
2.32
1.51
4.64
8.7
7.99
5.84
2.86
6.88
3.64
1.01
0.13
7.06
10.22
3.93
1.11
17.01
9.73
0.32
2.86
7.18
3.29
0.21
0
0
0.05
0
0
0
0.19
0
0
0
0
0.01
0
0
0
0
0
0
0
0
0
0.01
0.92
2.1
1.58
0
0
0
0
0.14
0.06
0
0
0
0
0
0
0
0
0.02
0
0
0
0
0
0
0
0.01
0.25
0
0
0
0
0
0.53
9.36
18.66
16.8
11.95
26.51
10.23
0.48
1.46
5.79
24.03
36.91
11.8
5.09
6.41
4.79
0.12
0.6
5.38
3
0.77
0.61
0
0.64
0
0.85
6.36
9.68
6.75
5.06
4.14
1.14
0.01
0.01
0
0.84
4.31
5.89
3.92
0.57
3.89
2.77
0.07
0.05
3.15
7.99
1.1
8.76
2.17
2.04
0.61
0.44
0.21
1.16
0.42
0.16
1.56
0.58
1.9
0.36
0.08
0.01
1.15
8.48
7.21
7.55
5.11
0.3
0
0
0
0
0
0
0
0
0
0
0.3
0.06
0
0
0
0
0
0
0
0
0
0
0
0.35
0.25
0.48
0.14
0
0.88
4.32
4.16
3.48
0.46
0.02
0.02
0
0
0.53
3.8
4.26
8.48
5.94
1.98
1.77
2.06
0.48
0.54
0
0
0
0.01
0
0
0
0
0
0
0
1.98
6.37
10.38
34.91
11.32
3.86
0.91
18.55
6.43
1.98
0.61
0
0
0
0.07
0
0.01
0.09
0.02
0
0
0
0
0
0.21
0.11
0
0.03
0.24
0
0.11
2.15
1.76
1.69
0
0.4
1.55
0.63
0.15
0
0.01
0.11
0.72
0.1
0
0
0.15
0.19
0.82
0.06
0
0
0
0
2.52
0
0
0.02
0
0
0
0
0
0
0
0
0
0
0
0
0
0
0.04
0
0
0.39
0
0.01
0.12
0.03
0.01
0
0
0.03
0
0
0.06
0.08
0
0.1
0
0
0
0
0
0
0
0
0
0.21
0.32
0.57
5.36
18.59
9.79
3.11
0.11
1.61
0
0
0
0.03
0.81
4.23
7.8
10.53
5.59
8.7
5.02
0.77
0
0.01
0
0
0
1.15
6.7
2.59
0
0.01
0
0.01
0
0
0
0
0
0.02
1.38
6.12
27.07
8.68
0
0
0
0
0.45
0
0
0
0
0
0
0
0
0
0
0
0
0
0
0.06
0.56
4.68
1.92
0.29
0.4
0.46
0.21
0
0
0
0
0
0.01
0.21
0.24
0.01
0.02
1.22
1.5
1.33
3.91
1.76
0
1.44
2.06
1.14
8.38
5.12
0.71
0
8.31
2.91
0.02
0
0
4.79
3.27
0
0
0
0.01
0
0.92
0.59
0.8
2.49
1.47
0.14
0.12
0
0.28
0
9.98
9.15
8.27
2.51
0.2
2.97
0.43
0
3.36
7.75
4.43
4.77
8.51
1.31
0
0.28
0.1
0
0
0
0
0
0
0.02
0.04
0.06
0.01
0.02
0
0
0
5.18
2.16
0.49
7.67
9.7
10.25
4.02
9.56
9.21
2.76
6.54
15.63
9.79
3.13
6.09
3.12
0
0.2
0.21
0.17
8.3
11.97
18.38
12.07
11.21
7.69
2.23
3.09
0.36
0
0
0
0
0
0
0
0
0
0
0
0.02
0.28
0.73
0.66
0.13
7.93
6.3
2.19
0.01
0.33
0.31
0
0
0
0.18
0.01
0
0
0
0
0
0
0
0
0
0
0
0
0.01
0
0.02
0.05
0.87
2.98
0.32
0
0
0
0
0
0
0
0
0
0.56
0.22
0.21
0
2.01
9.91
3.32
0
0
0
0
0.14
1.22
1.95
0.69
0.01
11.07
4.59
0
0
0
0.44
0
0.02
1.49
1.49
0.27
0
0.01
0
0
0
0
0
0
0
0
0
0.01
0.31
0
0
0
0
0
0.09
0.1
0.29
0.29
0
0
0
0.22
0
0
0
0
0
0
0
0
0
0
0
0
0
0.02
0.05
0
0
0
0
0
0
0
0
0.25
0
0
0
0
0
0
0
0
0
0
0
0
0
0
0
0
0
0.01
0
17.26
19.01
1.7
0.15
1.6
0
0.02
0
0
0
4.81
5.95
0
0
0.34
0.14
0
0
0
0
0
0
0
0
0
0
0
0
0
0
0
0
0
0
0
0
0.27
0.23
18.25
14.85
9.86
7.53
9.03
19.32
12.89
0
0
5.23
11.03
9.09
1.7
1.2
19.31
15.73
5.66
1.73
0.02
0.03
0.37
1.07
0
0.15
2.3
3.99
1.79
0.41
0.09
0.48
0.55
2.03
1.48
2.39
4.96
2.8
0.95
0
0.3
0
1.18
21.1
26.06
12.52
1.23
0.41
0.23
2.34
10.08
8.91
1.39
0.86
0
4.29
10.19
9.05
4.23
9.04
4.34
0.04
0.09
0.31
0
0.43
0.32
1.09
3.23
1.58
0.1
5.66
3.39
1.05
0.18
0.64
20.07
10.28
0.63
0.37
0.05
0
0
0
4.23
6.13
0
0
0
1.36
0.19
0.23
1.36
2.29
2.26
10.03
8.98
6.07
2.51
0
0
0.86
0.09
0.43
0.08
0.08
0.02
2.25
5.27
1.74
1.44
17.46
10.6
1.91
7.7
12.01
20.43
13.78
22.22
41.45
29.06
8.98
5.77
3.09
2.83
7.98
0.52
0.12
0.49
2.6
0.4
0.03
0.15
0
0
0
0
0.07
0.04
0.3
2.54
10.75
6.71
21.55
8.39
3.3
8.93
4.99
3.39
7.29
6.18
11.96
9.05
6.73
0.79
0.14
0
2.45
28.74
4
0.06
0
0.7
0.84
0.04
0.02
0
0
0
0.1
0
0
0
0
0
0
0.02
0.04
0
0.15
0.06
0
0.04
0
0
0
0
0
0
0
0.91
4.87
5.32
2.34
2.86
5.39
2.01
2.7
9.23
12.96
8.18
6.87
6.13
3.7
14.91
19.71
17.55
3.57
0.3
2.44
2.41
0.92
0
5.22
3.33
0.65
0.01
1.64
2.15
0.09
0.32
0.09
2.23
1.55
0.29
0.02
0.04
0
0.83
0
0.73
1.33
2.2
0.98
0.05
0.04
2.18
4.32
4.99
2.09
0
0
0.16
0.25
0.7
1.75
3.11
0.27
0.74
1.15
1.36
6.8
6.25
16.16
7.21
24.03
8.8
1.5
3.59
17.81
6.47
1.07
0
0
6.66
4.1
0.72
0
0
0
0
0
0
0.21
0
0
0
0
0
0
0
0
0.08
3.21
1.55
0.01
0
0
0
0
0
0.01
0
0
0.77
0.1
0
0
0
0
0
0
0
0
0
0
0
0.25
0.54
0
0
0
0
0
0
0.07
0
0
0
0
0.01
0
0
0
0
0
0
0
0
0
0
0
0.94
0.56
1.84
0
0
0
0
0.2
0.51
2.59
0.07
0
0
0
0
0
0
0
0
0
0.22
0.06
0.09
1.34
4.65
16.09
8.08
0
0.04
0
0
0
0
0
0
0
0
2
8.29
21.52
11.67
2.33
2.37
1.61
8.76
6.86
0.38
4.71
13.61
11.51
2.54
0.03
0
0.11
10.42
14.24
10.44
3.24
1.78
7.02
2.85
5.82
3.59
0.04
0.41
11.95
9.72
3.02
0.12
0.07
0.05
0.27
0
0
1.62
1.29
7.42
16.77
13.37
7.42
12.02
5.26
1.03
0.22
0
0
0
0
0
0
0.05
0.05
0.02
0.4
0.44
0.07
0.23
0
0
0
0.06
0.26
1.77
6.53
5.33
0.72
0
0
0
0
0
0
0
0.46
0.9
0.09
0
0
0
0
0
0
0
0
0
0
0
0
0
0.05
0
0
0
0
0
0
0.15
0.16
0.48
0.2
2.05
3.8
6.87
14.43
4.38
0.71
0
0
0.24
0
0.01
0
6.4
5.16
9.38
4.73
7.95
0.96
0.25
0.04
0.01
0.02
0.09
0
0.01
0
0
0
0
0
0.55
0.19
0
0
0
1.16
0.12
2.05
3.99
11.55
20.02
18.56
7.92
0
0
0
0
0
0
2.07
0.14
0.05
0.44
0
0
0.02
0
2.26
0.65
1.24
15.79
10.27
0
0
0
0
0
0.63
0.02
0.01
0.05
0.07
0
0
0
0
0
0.01
0.02
0.86
9.39
4.73
0.4
0
0
0
0
0
0.01
0
4.16
9.89
11.05
4.39
1.27
1.05
0.9
4.14
1.61
1.09
0
1.26
1.17
0.17
0.11
0
0
0
0.02
0
0
0.71
0.11
0.43
2.59
1.05
0
0
3.9
3.1
1.09
1.77
3.14
2.61
7.54
7.14
7.3
5.59
9.04
7.98
8.86
3.71
0.52
0
0
0.01
0
0
0
0
0
0
0
0
0
0.01
0.14
0
0
1.92
14.18
9.41
1.63
0
0
0.04
0.02
0
0.22
1.18
0.89
1.11
0.86
0.88
0
0
0
0
0
0
0
0.02
0
0
0
0
0
0
0
0
0
0
0
0
0
0
0
0.26
0
0.01
0.01
0
0
0
0
0
0
0.05
0
0
0.15
0
0
0
0
0
0
0
0
2.27
0
0.06
0
0.04
0.01
0
0
0
0
0
0
0
0
0
0
0
0
0
0
0.02
0.52
0
0
0
0.01
0
0.03
0.13
4.19
1.96
0.02
0
0.01
0
0.03
0
0
0
0
0
0
0
0
0
0
0
0.04
1.71
0.06
0
0
0
0
0
0
0
0
0.01
0
0
0
0
0
0.18
0
0.01
0
0
0.05
4.12
0.98
0
0
0.01
0
0
0.23
2.17
0.51
10.59
3.8
0
0
0
0
0.29
0.19
0.02
0
7.45
4.55
4.73
3.9
0
3.72
14.15
5.02
0
0.09
0
1.06
6.33
27.72
16.51
17.26
8.22
0
0.02
0.41
0
0
0.83
6.21
6.91
3.05
0.54
0.21
1.34
0
0.01
0
0
0
0
0.02
0.13
0.35
0.6
0
0
0
0
0
0
0
0.01
0.22
0.54
0.01
0
0.31
0.73
0.34
0.78
0.59
0.07
0.48
0.24
0
0.02
0
0
0.01
0
0.01
0
0
0
0.02
0
0
0
0
0
0
0
0
0
0.01
0
0
0
0
0
0
0
1.27
0.23
0.25
0.01
0.16
0
0.17
0.27
6.98
7.8
6.97
11.68
2.14
1.75
5.41
6.66
12.77
8.56
3.4
0.8
1.19
8.48
1.64
5.65
15.54
5.71
6.32
6.77
10.2
7.49
2.82
5.07
0.68
7.95
0.76
1.07
3.02
2.46
0
1.09
6.29
0.88
1.23
0
0
0
0
0.03
0.05
0
0
5.52
7.24
1.45
0.01
0
1.07
7.97
1.58
0
5
15.75
6.24
0.63
0
0
0
2.42
10.58
1.3
0
0
0
0.34
1.62
6.14
19
6.67
0.96
0.01
0
0.02
0
1.63
0.95
14.24
1.98
0
0.01
0.77
1.11
3.23
3.34
0.18
0
0
0.05
2.89
14.33
2.42
1.11
10.35
3.93
0
0.01
0
0
0.02
0
0.01
0.07
0.49
8.77
2.03
0.44
0.1
0.84
4.38
1.27
0.68
2.53
1.41
0.68
0
0
0
1.8
2.23
1.87
0
0.02
0
0
0.02
0.38
4.89
0.34
0.13
7.03
1.67
0
0.24
3.49
1.1
0.13
0
0.04
0.1
0
0
0
0
0.01
0
0
0
0
0
0
0
0
0.12
7.91
0.38
0.24
0.03
0
0
0
0
0
0
0
0
0
0
0
0
0
0
0
0
0.37
0.07
0
0
0
0
0
7.26
1.98
0.82
0
0.79
0.01
0.02
0.03
0.46
0
0
0
0
0
0
0.05
4.12
0.02
0.01
0
0.02
0.01
0.2
0.48
12.01
3.59
1.53
0.67
4.03
1.8
0.54
0
0
0
0
0
0
0
0.31
0.67
1.98
3.58
0.96
1.85
1.1
0.44
0
0
0.15
0.65
0.1
0
0
0
0
0
0
0.02
0
0
0
0
0
0
0
0
0
0
0
0
0
0
0.04
0
0
0
0
0
0.21
0.04
0.05
0
0
0
1.7
0.85
0.3
1.5
10.58
16.04
13.48
4.15
2.77
9.83
2.91
13.52
13.26
1.22
0.2
0.48
0
1.55
2.63
19.1
4.58
0.73
0
0.01
0
0.02
0.44
0.16
0
0
0.11
12.41
8.18
3.45
0.3
3.52
5.76
0.42
0
0.18
0.45
1.3
0.93
0.45
6.89
0.95
0
15.64
5.69
18.91
18.5
19.03
5.05
1.09
1.69
0.82
0.02
0
0.03
0.05
0.31
0.61
0
0
0.01
0
0
0.04
0.02
0.02
0.4
2.61
1.15
0.33
9.22
1.78
7.25
8.27
16.21
7.33
13.22
1.98
1.95
1.25
0.28
1.52
0
0
0
0
0
0
0
0
3.3
1.78
0.52
0
8.76
4.56
0
0
0
0
0
0
0.64
0
0
2.09
3.43
4.03
2.43
4.71
12.07
7.55
2.36
14.21
27.46
3.25
3.15
3.29
0.01
4.53
24.44
4.24
7.42
8.24
6.37
4.22
0.72
6.59
0.77
2.12
0.31
0.32
33.75
37.59
11.71
8.38
41.09
11.67
3.99
0.47
0.43
6.98
6.65
0.54
0
0.01
0.04
0.04
0
0
0.05
0
0.16
12.69
3.54
0.04
0.12
0.36
6.09
2.04
0.01
0.02
0
0
0
0
0
0
0
0
0
0
0.39
0.38
0.01
1.26
6.75
7.09
40.13
12.26
0.03
0.02
1.75
3.82
5.64
5.44
1.12
5.48
5.58
17.31
0.71
1.95
0
0
0
0.01
0
0.48
2.75
27.86
0.89
0.24
0
0
1.51
5.36
3.67
1.3
6.48
6.18
0.84
0.01
0
0.02
0
0
0
0
0
0
4.1
9
14.74
4.98
3.81
4.52
3.83
0.08
0.01
0.13
0.34
0
0.02
0.06
0.87
3.98
0.5
0
0.29
0
0.06
0
0
0
8.29
2.84
0
1.3
0.04
0
0
0
0.7
0
0
0.75
0
0
0
0
0
0
0
0.11
0
0
0.03
0
0.01
0
0
0
0
0
0.13
0
0
0
0.22
0.52
0
0.01
0.89
0
0.01
0
0
0
0
0
0
0
0
0.86
0
0
0
0
0
1
0.27
0
0.02
4.69
9.46
24.98
11.86
7.17
3.85
3.93
0.69
4.18
0.28
2.64
0.02
1.2
5.77
7.85
8.43
7.8
2.8
2.3
8.51
0.43
0.05
0.01
0
0
0
0
0
0.25
0
3.44
0.42
0.09
0
0.03
0.54
8.41
0.66
0.02
0.02
0
0
0
1.8
5.82
0.68
0
0.01
10.32
10.95
7.26
0.54
0.02
0.23
0
0
0
0
3.36
0
0
0
0
0
0
0.02
0.01
0
0.24
3.9
0.55
0
0
33.21
34.83
3.49
1.99
0.39
0
0.01
0.3
0.04
3.86
4.5
12.05
5.41
14.4
5.79
0.7
0.15
0.38
0
0.01
0.03
0.08
0.13
0
0
0.9
0.61
0.86
0.04
0.41
0.03
0.01
0.01
0
0
0
4.74
1.02
0.01
0
0
0.81
0.19
1.54
15.99
2.92
2.41
7.09
9.44
3.07
9.64
1.25
14.82
22.54
8.67
3.8
1.45
18.71
18.91
17.73
12.21
25.03
6.3
4.16
7.5
6.21
1.63
0.98
1.05
0.39
8.06
0.9
0.08
0.06
0
6.63
3.48
0.3
2.31
1.68
0.3
1.16
4.89
0.04
0
3.45
2.84
5.58
1.56
0
0
0
0.15
4.01
1.91
1.16
1.41
0.02
0.06
0.19
0
0.01
0.2
0
0
0.26
0.02
0.32
0.11
0.08
0
0
0.09
0
0
0.23
0
0.05
1.36
0.39
0.68
0.04
3.95
3.41
0.63
0.03
0.01
0
0
0.16
0.08
11.17
1.17
0.68
3.58
2.88
1.61
0.05
0.2
1.92
3.05
3.27
0.04
0
0
0
0.26
9.89
0.19
0
0
0.86
5.55
0.04
0
0
0
0
0
0
0
0
0
0.37
0.57
0.02
0
0.01
0.37
0.07
0
0.01
0
0.01
2.84
1.43
8.21
2.12
6.07
1.95
3.7
3.49
4.54
0.66
6.8
2.57
1.01
0.1
0
0
0
0
0
0
0
0
0.01
0.07
0
0.01
0
0
0
0.05
0.01
0
8.75
2.52
8.21
4.49
0.49
1.95
2.37
0.04
0
0.07
0
0
5.25
1.45
0.21
0
0
7.91
0.25
0
0
0
0.18
0
0
0
0
0.02
0
0
0
0
0
0
0
0
0
0.01
0
0.01
0
0
0
0.15
0.05
0
0
0
0
0
0
0
0.03
0
0.13
0.49
16.08
2.05
16.44
0
0.01
0
0
0
0
0
0
0
0
0
0
0
0
0
0
0
0
0
0
0
0.01
0
0.11
0.02
0.11
0.02
0
0
0
0
0
0
0
0
0
0
0
0
0
0
0
0
0
0
0
0
0
0
0
0
0
0.02
2.74
0
1.58
0.47
0
0
0
0
0
0.01
0
0
0.27
7.34
1.46
5.35
2.59
0.71
0
0
0
0
0.01
0.01
0
0
0
0
0
0
0
0
0
0
0
0
0
0
0
0
0
0
0
2.26
0.36
0
0
0.33
12.73
6.11
3.06
1.34
0.94
0.32
6.57
2.38
17.22
3.39
0
0.1
2.73
1.45
0.15
2.4
1.79
2.75
0
0
0
0
0
0.02
0
0.03
17.66
14.63
2.51
0.32
0.11
0.07
0
0
0
0
0
0
0
0.05
0.09
0.04
0.09
3.23
3.17
1.19
5.21
2.61
2.25
0.11
0
0
0.05
0.34
1.2
0.23
0.38
0
0.01
0.02
4.22
2.74
3.29
0.74
0.65
1.6
12.03
9.89
20.82
12.67
5.07
10.83
5.27
2.52
4.76
1.38
0.19
0
5.09
1.98
0.72
0.04
0
0.02
0
0
0
0
0
5.95
4.03
0.33
0.04
0
0.19
6.89
0.87
0.11
0.02
0
0
0
0
0
0
0
0
0
0
0
0
0
0
0.01
0.01
1.31
12.76
2.95
1.57
0
0
0.56
6.07
2.15
3.45
9.3
25.79
14.96
2.38
1.68
0.34
0.02
0
0
0
0
0.02
0.2
0.41
0.05
9.19
17.16
8.86
11.06
1.59
9.53
9.38
1.95
1.28
0.09
0.12
0
6.54
1.42
0.07
0.5
0
0
0
0
0
38.07
14.29
1.1
0
0.23
0.05
5.75
2.96
19.9
7.25
0.64
0.23
0.02
1.71
22.7
9.82
2.27
0.28
0.01
7.69
35.34
5.02
2.15
2.29
11.45
3.51
5.02
8.23
1.84
2.78
18.23
8.87
20.89
14.58
7.23
3.45
0.46
0.33
0.48
0.63
1.45
1.25
11.11
15.38
3.86
2.96
2.79
11.28
6.8
8.39
1.17
0.39
11.16
2.57
0.29
0.11
0.09
0
0
0
0
0.33
0.01
1.4
2.03
0.59
0
0
0
0.05
1.94
3.76
3.54
13.04
0.23
0
0
0
0
0
0.33
0.23
4.3
0
0
22.51
0
0.01
0
0
0
0
0
0
0
3.67
0
0
0.02
0.31
0
0
0
0
0
0
0
0.1
0
0.39
0.02
0.1
10.25
0.93
0
0.01
0
0
0
0
0
0
0
0
0
0
0
0
0.26
1.61
0.38
0
0
0
0.01
0
0.04
0.08
0
4.2
0.96
0.12
0
1.04
1.93
10.48
1
0.06
0
0
0
0
0.05
1.66
11.3
3.14
0
0
0
0
0
0
0
0
0
0
0
0.39
0.04
22.09
3.02
0
4.5
2.49
1.49
0.09
0
0
0
0
0
0
0
0.06
0
0.02
0.04
7.74
0
0.05
0.23
1.97
0.11
0
0.09
0
0.42
1.34
11.81
2.79
0.94
0.05
0.11
0.12
0
0
0
0
0
0
0
0
0
0
0.27
0.06
0.85
0.3
0
0.26
3.15
3.52
2.1
0.75
12.11
4.29
0.15
0
1.27
0.2
0
0
0
0
0.02
0
0
0.01
0.91
0.24
0
0
0
0
0
3.34
6.47
2.13
0.68
2.62
6.77
7.79
4.17
0.72
12.71
1
0.1
0.04
0.05
0.33
0.78
5.48
7.17
0.53
2.85
2.22
4.69
10.41
5.02
5.87
2.99
1.2
2.35
7.46
1.39
0
0
0.63
0
0
0.13
0
0.01
0.3
7.12
13.91
28.17
17.95
10.77
5.5
4.13
3.59
2.41
10.99
9.06
17.19
2.65
0.34
0.2
0.11
3.04
3.91
1.47
0.79
0.19
0.1
0.13
0.01
0.03
0.09
0.59
0.81
0.09
0.73
4.1
2.35
7.74
18.15
3.14
1.6
6.06
1.47
0.03
0.16
1.06
2.58
0.93
8.06
3.97
0.72
1.46
0
2.81
0.96
0
0
0
0
0
0
0.03
0
0
0.1
0
0
0
0
0
0
0
0.22
0.73
3.59
0.34
0.5
0.02
0
0
0
0.02
0.01
0
0.02
0.25
0.05
0
0.12
0.52
0.11
0.67
0
0
0
1.29
7.3
3.92
3.21
0.3
1.64
0.64
0.69
0.06
0
0
0.09
4.25
6.04
4.02
0.89
0.49
1.07
0.27
2.7
0.79
0.65
0.64
0.18
0
0
0
0
0
2.05
1.5
6.42
0.29
0.05
1.61
0.23
0.02
0.01
0
0.34
0
0.01
0.28
1.88
14.59
13.1
1.41
0.47
0
1.48
1.2
0.03
11
1.88
0
0
0.73
0.31
0.05
1.56
0
0
0
0
0
0.02
0
0.45
0
0
0
0
0
0
0
0
0
0
0
0
0
0
0
0.01
0.01
0
0.94
0
0
30.23
0.7
0.16
0
0.05
3.83
0.99
0
0.35
8.69
0
0
0
0.01
5.11
0.08
0
0
0
0
0
0
0
0
0
0
0
0
0
0
0
0
0.04
0.04
5.52
0.4
1.19
9.25
11.05
9.67
8.52
5.88
0.82
3.2
0.69
0
0.18
0
0.02
0
0
0
0
2.28
40.21
41.58
33.51
1.49
0
1.85
15.5
2.81
0
0
0.84
2.52
0.04
0.03
0
6.77
3.23
3.36
0.94
0.5
3.37
3.18
16.88
2.16
0.63
0.07
0.23
1.53
2.8
4.96
3.03
0
0.01
0.04
0.1
0.5
16.63
7.89
0.12
0.05
0.55
6.21
2.15
10.05
21.84
15.92
2.39
7.74
0.88
0.8
1.06
0
0
0
0
0
0
0
0.8
0.22
3.89
7.63
1.25
0.32
0.11
0
0.08
0.02
0
0
0.81
3.47
1.11
6.27
4.25
0.06
0
0.24
6.65
6.57
0.62
0.8
0.37
0
0
0
0
0
0
0
0
0
0
0
0
0
2.5
9.8
11.52
1.71
0
0
0
0
0
0
0
0
0
0
0
0
0
0.01
0.58
10.5
5.14
3.07
19.57
9.38
2.1
3.88
5.66
6.89
1.05
0
0.07
0
0
0
0
0
0
0.93
2.99
0.2
0
0
0
0
0
0
0
0
0
0.02
1.43
3.59
1.81
0.97
0.09
0
0.22
0
0
0
0
0
0
0
0.04
0
0
0
0
0
0
0
0
0
0
0
0
0
0
0
0
0
0.15
0
0
0
0
0
0.29
5.53
4.42
0.57
1.98
5.02
0
0
0
0
0
0
0
0
0
0.01
7.21
2.52
0.65
0
0
0
0.19
0.35
0
0
0.01
0
0
0.33
2.9
10.75
0
1.07
0.1
1.99
0.33
0.14
0.19
5.1
0.29
1.38
0.6
0.17
0
0
0
0
0
0
0
0
0
0
7.89
5.36
15.84
11.35
10.7
2.25
1.2
0.03
0
0
0
0
0
0
0
0.6
0.13
0.41
6.81
15.51
11.2
3.7
4.13
0.97
2.03
15.08
4.94
8.07
5.27
0.53
0
0.1
0
0
0.01
0
0
0
0
0
0
0
0.06
0
0.01
0
0
0
0
0
0
0
0.61
1.38
0.11
0
0
0.07
1.32
0.2
1.16
0.43
0.01
0
0
0
0
0
0
0
0
0
1.56
15.12
1.79
2.08
0.02
0
0
0
0
0
0
0.01
0
0
0
16.16
3.32
0.15
0
0
0.02
0
0.03
0.22
0
1.62
0.19
0
0
0
0.19
0
0
0
0
0
0
0
0
0.01
0.05
0.08
2.61
0
0
0
0.77
0
0
0
0
0
0
0
0.01
0
0
0
0
0
0
0
0
0
0.16
3.78
0.74
0
0
0
0
0
0
0
0.01
0.27
1.04
3.58
5.45
5.43
6.89
6.09
1.16
3.74
14.16
5
0.16
0
0
0
0
0
0
0
0
8.65
3.88
1.34
10.86
6.68
4.69
21
5.21
0
0
0
0
0
0
0
0
0
0
0
0.13
0.33
1.05
0
0
0
0.02
0
0
0
0
0
0
0.44
0.89
0.09
0
0
0
0
0
0
0
0
0
0
0
0
0
0
0.74
11.18
21.87
8.84
17.61
14.5
8.18
4.16
0.13
0
0
0
0
0.13
0.1
0.11
2.57
1.24
14.89
10.86
6.22
5.27
7.3
0.98
0
0.05
0
0
0.08
0.38
0.07
0
0
0
0.37
0
0
0.5
1.7
5.12
1.97
3.25
1.06
3.25
4.14
3.65
9.72
2.41
2.09
0
8.34
2.14
0.54
0
0
10.01
10.24
7.03
4.09
7.52
5.69
1.53
0.61
2.06
0.04
0
0
0
0
0
0
0
0
0.11
3.03
1.29
0.29
0
0
0
0
4.1
8.67
0.9
4.21
3.89
0
0.31
0.7
0
0.27
3.54
8.05
1.87
10.54
3.08
1.08
0.12
2.3
0.48
5.63
0.39
0.14
0
0.2
15.71
1.53
0.45
0.01
0
0
0.29
9.17
9.01
3.5
2.9
4.82
4.13
0.04
0
1.04
0
0.01
0
2.06
0.55
0.07
0.58
4.41
6.15
5.46
9.26
5.46
1.62
0.48
11.25
7.89
2.06
0.04
0.02
0
0
0
0.19
0.05
0
0
0
0.77
0
0
0
10.99
0
0.15
0.09
0
0.56
0
0.35
0
0.08
0.07
0
0
0
0
0.52
0.16
0.01
0
0
0.37
0
0
0.01
0.35
3.83
11.09
7.5
2.55
0
0
3.35
0
0.6
0
0.01
1.06
11.44
1.23
0.95
1.2
0.23
0
0
0.6
0
2.56
2.57
1.96
0
0
0
0
0
0
12.09
15.33
8.49
2.34
0
0
0
0
0
0
0
0
0
0
0
0
0
0
0
0
0
0.03
0
0
0
0
0
0
0.04
0.01
0
0.27
0.01
0.01
2.36
2.44
3.52
6.3
4.32
0.14
0
0
0.01
0.29
0.02
0
0
0
0
0
0
0
0.01
0
0.23
0.02
0
0
0
0
0
0.05
4.15
0.72
0
1.13
0
0
0
0
0
0
0
0
0
0
0
0.01
0
0
0
0
0
0
0.25
0
0
0
0
1.05
8.09
1
1.07
0
0
1.67
6.87
0.04
0
0
2.2
7.32
0.09
0.02
0.06
0.17
0
0
0
0
0
0
0
0
0.13
0.03
0.02
0
0
0
0
0.09
0
0.14
0
10.49
4.31
6.36
3.39
2.32
1.23
0
2.64
11.09
2.48
0.15
0
0
0
0
0
0
0
0
0
0
0
0
0
0
0
0
0.01
0.01
0
0
0
0
0
0
0
0
0
3.12
15.96
1.6
0.02
0
0
0
0
0
0
0
0
0
0
0
0
0
0
0
0
0
0
0.62
2.99
7.02
16.47
2.95
0.23
0.68
0.55
0.01
1.86
0.8
0
0
0
0
0
0.21
0
0
0
0
0.38
7.17
16.13
2.48
3.81
13.38
3.65
7.17
1.15
5.7
6.36
1.41
0
0
0
0.31
0
0
0
0
0.02
1.07
0.21
0.09
0.77
7.16
9.78
4.46
1.87
0.47
0.01
0.34
3.08
0.75
1.38
0.15
1.35
0.68
0.29
0
2.77
2.7
2.05
5.56
1
0
0
0.01
0
0
0.01
0.02
0
19.54
2.44
0.65
0.7
0.24
0.69
6.81
1.02
0
0
0
0
0.01
0
0
0
0
0.09
0.04
1.29
27.53
5.53
1.55
0.56
24.02
1.54
0.88
2.06
3.77
0.41
0.02
0.01
0.07
0.27
0
0
0
0.01
0
1.73
0.2
0.21
11.7
0.61
0.29
0
0.01
0.56
0.71
0.29
6.77
34.57
7.7
8.46
7.12
0.33
0.05
0.41
3.54
14.73
2.65
1.18
3.17
8.29
9.32
0.38
0.8
0
0.43
0.02
1.65
3.22
5.94
11.97
1.74
0.25
4.66
2.62
4.81
6.85
0.86
0
0
1.2
0
1.57
0
0.14
0
0
0
0
0
0
0
0
0
0
0
0
0
0
0.02
0.02
0
0
0
0
0
0
0
0
0
0
0.3
0
0
0.01
0
0.02
0
0
0
0
0.01
0.17
3.28
5.37
0.2
0
0.03
1.24
0.01
0.81
0
0
0
2.51
8.72
0.38
0
0
0.01
0.11
0
0.45
0.61
0
0
0
0
0
0.05
0
0
0
0
0
4.7
2.46
1.1
1.52
1.72
0
3.38
1.59
0
0
0
0.27
6.6
5.44
2.1
0
0
0
0
0
0
0
0
0.67
0
0.49
8.73
3.53
0
0.03
0
0
0
0
0
0
0.17
0
0
0.01
0.01
2.61
2.7
0.09
0
0
0
0
0
0
0
0
1.15
1.62
0.09
0.04
0
0.11
3.58
2.34
0.13
0
0
0
0.03
0.02
0
0.02
0
0
0.18
0
0
0
0.74
0
0
0
0.09
0.68
0.29
0
0.55
0.33
0.07
0
0
4.09
0.35
0.25
4.24
5.34
0.09
0
0
0
0
0.66
0
7.36
15.3
11.82
3.82
5.52
0.27
1.85
0.11
0.39
0
0
0.67
0
0
0
0
0
0
0
0
0
0
0
0
0
0
0
0
0
0
0
0
0
0
0
0
0
0
0
0
0
0
0
0
0
1.08
1.07
0.86
0.88
10.59
9.27
8.18
3.27
4.42
15.74
11.45
7.69
1.66
0
0
0.25
0.11
0
0
0
0
0.02
0
2.02
6.41
3.36
0.52
0
0
0
0
0
0
0
0
0
0.01
0
0
0.23
0.71
0
3.27
2.61
0
0.15
0
8.61
1.62
0.42
2.83
0.26
0
0
0
0.07
0.38
0
0
0
0
0
0
0
0
0
0
0
0.71
9.96
23.39
6.68
1.67
0.3
0
0.1
0.16
0.12
0.58
0
0.01
1.88
4.13
8.05
9.85
3.09
0.88
0.93
9.48
1.39
0.02
0
0.32
4.37
0.59
0.11
1.1
0.05
0
0
0
0
0
0
0.92
7.39
6.2
1.83
0.46
2.17
0.57
0.18
0.12
0.16
1.89
0
0
0
0
0
0.83
3.89
0.05
1.03
10.93
7.71
0.5
0
0
0.09
0.02
0
1.69
1.04
0.01
1.83
0.79
0.19
0.94
0.03
2.09
0.88
0.79
0.56
2.43
10.29
3.48
5.84
0.06
0.21
0.78
1.8
2.19
3.2
1.46
0.24
3.37
1.89
2.04
2.49
17.3
2.99
1.34
0.02
0.01
0
0
3.45
0.2
0
0
0.04
0.05
1.15
0.19
0.52
0
0.36
3.04
0
0.06
0.18
4.71
0.63
0
0
0
0
0.21
0.09
0
0
0
0
0
0
0
0
0
0.01
0.01
0.46
0.66
0
0.01
0.01
0
0
0
5.04
0.16
0.52
4.22
4.55
4.94
11.68
2.4
1.95
0.09
0
0
0
0.01
0
0
0
0.62
0.98
0.34
0
0.09
6.46
0.07
0
0
0
0
0
0.17
0.52
0.21
1.62
0
0.13
3.95
2.08
7.88
1.33
0.33
6.12
5.75
0.7
0.82
0.51
0.04
0
0
0
0
10.46
26.27
20.1
2.58
4.43
0.89
1.53
4.92
7.95
2.73
2.07
0.02
0.18
0.99
15.84
3.01
1.79
6.98
0.82
0.06
0
0
4.24
3.7
4.24
1.09
0.21
4.1
0.55
12.66
17.01
7.15
4.18
0.82
0
0
0
0
0
0
0
1.19
0
0
0
0
1.72
0
0
0
0
0.7
5.3
5.34
3.13
1.03
9.06
19.33
2.87
0.3
0
0
0.77
0
0.02
0.02
0
0
5.07
15.34
19.59
2.3
0.11
0.23
0
3.57
7.18
1.62
0.59
0.38
3.07
15.01
18.01
11.05
8.36
1.82
1.16
0.69
0
0.55
0.45
0.56
13.19
8.75
6.28
11.27
11.63
4.5
0.03
0
0.41
1.25
14.82
13.84
7
4.64
0.65
1.82
10.79
11.84
11.23
3.54
6.63
5.78
2
9.59
12.49
5.45
1.11
0
0.34
0.63
2.16
6.76
9.96
5.3
6.5
0.87
1.05
0
1.91
5.71
15.84
13.3
7.64
6.16
4.65
3.42
1.66
1.72
1.29
0.32
0
0
0
0
0.46
0.01
0
0
0.2
2.83
9.91
3.65
1.1
0
0
0
0
0.18
7.94
1.53
1.24
17.66
9.77
1.53
0
0.05
0.82
5.45
0.19
0
0
0
0
0.25
0.01
0
0.06
1.14
0.16
0.19
0
0.01
0
0.16
0.26
0.96
1.39
2.73
0.11
0.05
0
0
0
0
0.23
0
0.03
0.02
0.45
6.99
8.1
1.72
0.6
3.05
6.62
4.06
0.46
0.38
0
0
0
0.05
5.5
1.16
0.04
1.04
8.77
1.29
0.76
1.78
0.54
1.68
4.23
1.23
2.86
0.79
0.11
0
0.55
3.92
16.55
6.91
8.54
6.07
0.9
0.1
0.28
0.48
0
0.25
3.46
1.18
4.82
27.14
2.46
0.01
0.7
0
0.2
0
3.79
4.11
0.98
4.87
1.02
0
0
0.68
0
1.02
0
0.04
0.05
0
0
0
0
0.08
0.88
0.2
1.8
0
0
0
0.33
0.62
2.49
1.05
0
0.01
0
0
0
1.2
5.48
2.12
0.01
0.11
0
2.38
1.95
0.02
0
0
0.08
0
1.48
0.01
0
0
0
0.09
0
0.02
0
0
0.81
0
0.1
0.52
0.02
0.82
6.23
3.5
0.59
0
0
0
0.02
3.75
2.75
0
0
0
0
0
0
0
0
0
0
0
0
0
0
0
0
0.01
0.08
0
0.16
17.7
1.49
0
0.22
0
0.89
2.16
0.08
0
0
0
0
1.15
0.95
0
0.64
0.71
0.39
20.98
9.68
14.67
10.55
0.59
0
0
0.01
0
0
0.64
2.69
16.93
0.37
12.48
2.79
1.97
2.36
1.71
0.33
0.35
0.19
0.16
0
0
0.26
0.16
0
0
0.37
0.53
0.03
0
0
0
0
0
0
0
0
0
0.05
0.09
1.18
4.73
13.38
2
0
0
0
0
0.23
0.26
5.3
4.56
10.26
5.87
0.06
0.85
4.9
6.6
4.46
24.34
12.7
3.47
1.11
0.09
2.77
0.9
0.71
1.95
3.63
0.79
0.27
3.15
3.26
5.98
3.16
0.95
0.02
0.01
0.21
0.44
3.71
0.89
0.9
0.45
1.31
1.7
0.59
0
0.1
1.43
0
0
0
0.76
2.21
3.3
3.03
3.22
6.05
0.63
0.49
2.72
7.9
3.09
6
2.36
0.86
3.31
2.61
0.72
2
17.81
2.02
0.88
0.74
0.37
0.52
0
0
0
0.63
0.77
2.09
5.7
12.92
1.17
0.73
0.13
0.2
3.63
9.86
2.63
0.84
4.88
4.48
2.11
0.21
5.76
11.67
22.88
12.79
21.82
9.62
9.8
19.38
18.77
7.24
0
0.8
0
0
0
0.01
0.49
1.98
0.54
0.34
0.19
2.84
4.17
0.93
0
0
0
0
0
0.5
0
0
0
0.63
7.95
1.44
0.38
8.58
3.65
0.42
11.95
2.74
1.14
2.63
0.45
1.76
1.48
7.04
5.57
0
0
1.07
0
0.1
0.75
1.19
0
0
0.04
2.68
2.43
21.88
22.1
3.52
8.62
16.91
7.24
4.93
0.59
4.26
5.62
2.09
0.05
0.01
0.04
0.86
0.05
0
0
0
0
0
0
0
0.7
0.4
12.5
11.29
11.77
14.84
2.01
0.41
0.38
1.34
4.26
7.26
4.9
0.06
0
0
0
0.11
0.26
0.45
0.3
0.79
12.04
1.77
2.73
0.05
2.6
2.56
0.61
2.59
0.13
1.21
1.77
1.98
0.02
0.17
0
0
0
0
0.26
0
0.63
2.72
0.02
0
2.54
0.15
0
0
0
0
0.05
0
0
0
0
0
0
0
0
0
0
0.13
0.5
0.09
0.25
0.05
0
0
0.02
0.02
0.23
0.06
0
0
0.01
0
0
0
0
0
0
0
0
0
0.49
0
1.53
0.04
0
0
0
0
0
0
0.13
0.8
2.9
0.13
0.02
0
0
0
0
0
1.5
0.31
2.53
9.33
2.91
0
0
0
0
0
0.01
0
0
0
0
0
0
0.44
0
0.34
0
0
0
0
0
0
0
0
0
0.24
2.04
0.86
0.07
0
0
0
0
0
0
0
0
0
0.55
1.13
1.35
0.05
0.04
0
0
0
0
0
0
0
0
0
0
0
0
0
0
0
0.02
0
0
0
0.39
1.07
3.07
0.23
0.34
1.26
0.3
0
0
0
0
0
0
0
0
0
0
0
0
0
0.15
0.94
0
0
0
0.43
11.42
16.36
7.31
0.73
2.52
13.27
8.05
3.14
2.52
8.14
9.23
13.11
7.59
6.14
1.95
1.36
1.57
2.92
2.55
0.68
0.78
3.56
11.02
17.27
3.45
7.09
2.35
2.85
7.21
4.3
1.34
1.68
10.18
4.72
0
2.21
3.71
1.96
0.98
2.14
0.18
0.3
0
0
0
0
2.3
14.94
17.5
1.62
5.1
1.63
0
0.59
2.97
17.86
25.39
13.11
2.61
1.01
0.52
3.18
14.73
3.97
12.99
13.01
9.28
12.47
2.86
5.96
13.26
14.44
10.64
8.59
11.4
5.71
1.14
0
0
0
0
0
0
0.12
0.2
0.02
0.02
0.13
4.21
1.73
0
0.32
0
0.47
1.33
4.56
2.55
0.31
0.73
0.38
0.01
1.16
4.56
2.42
0.65
3.71
12.84
11.32
4.1
4.82
2.01
3.69
3.46
14.74
5.61
1.57
1.89
0.52
0.74
0.39
0.03
0.41
1.88
8.08
3.43
0.04
0.32
6.73
10.06
6.56
2.46
0.7
6.24
9.78
1.48
0.24
0.8
0
0
0
0
0.73
0
0.02
0
0
0.01
0
0
0
0
0
0
0
0
0.47
4.1
6.65
3.1
0
0
0
0
0
0
0
0
0
0
0
0
0
0
0
0.06
1.4
0.91
1.4
3.1
13.5
43.66
21.18
4.49
0.66
4.63
1.7
1.07
1.1
7.84
3.18
0.2
0
0
0.02
0
0
0.02
0
0
0
0
0
0
0
0
2.05
8.12
8.04
5.75
2.84
1.73
7.87
1.76
1.67
1.18
0.95
0.3
0
0
0
1.26
0.73
1.14
0.05
0.09
0.29
0.05
0.22
0.88
0.3
0.05
0
1
0.03
0
0
0
0
0
0
0
0
0
0
0
0
0
0
0.05
0
0
0
0
0
0
0
0.01
0
0
0
0
0
0
0
0
0
0
0.89
0
0
0.49
0
0.62
5.54
2.3
0
3.66
1.45
3.38
1.63
1.61
0
0.43
0.02
7.31
3.85
11.48
1.87
8.04
2.6
8.53
21.13
2.82
0.16
3.52
0.18
1.05
0
0.69
1.41
0
0.44
0.25
0
0
0
2.27
0.9
6.34
3.41
1.39
22.78
13.01
7.51
17.49
16.59
15.23
15.37
6.57
0.18
0
0
0.33
5.47
7.05
2.38
0.67
4.24
21.36
25.14
3.81
1.74
0.26
0
0
0
0
0
0
0
0
0.08
0.68
0
0
2.23
15.66
21.36
4.61
1.27
1.23
0.34
0
0
0
0
0
0
0
0
0
0
0
0
0
0
0
0
0
0
0
0.54
0.18
0.16
0.16
0
0
0
0
0.58
0.48
0
0
0
0.11
0.9
6.98
10.69
7.94
1.23
0.74
0.33
0.27
0.59
0.45
0.01
0
0
0
0.02
0
0.24
2.82
3.02
5.88
1.91
0
0
0
0
1.5
0.29
0.28
3.01
2
0
1
0.24
0.68
0.49
0.02
0
0.01
0
0.78
5
0.69
0
0
0
0
0
0.11
0
1.79
0.64
0
0
0.01
0.02
0.85
0.62
0
0.1
2.57
0.37
0.09
0.98
0.6
1.86
5.15
8.66
3.63
0
0.17
0.18
0.41
2.51
3.84
3.37
0.17
0
0
0
0.1
0.38
0
0
1.11
0.33
0.29
0
0.6
9.15
8.07
15.32
10.86
2.05
0.08
0.19
0.04
1.59
2.1
2.63
2.13
0.01
0
0
0
0.73
0
0.01
0
0.14
0.07
0.05
0
0
0
3.7
4.23
1.49
2.38
1.59
0.76
1.13
0
0
0
0.01
0
0.21
1.04
3.09
4.58
2.78
2.13
1.95
19.05
12.47
17.81
14.57
0.41
0.02
0
0
0
16.93
10.2
0.82
0.16
0.14
0.56
0
0.02
0.01
0
0.12
0
0
12.89
3.23
2.57
2.08
1.94
0.71
0.24
0.16
0.56
1.86
0.36
2.13
0
2.4
18.82
5.19
1.14
6.7
16.18
5.34
2.9
0
0
0
0
0
0
0
0
0
0
0.76
0
0
0
0
6.24
5.5
0
0.01
0
0.23
0
2.09
1.05
0.4
0
0
0
0.45
1.26
0.37
1.93
0.05
0
0
0.16
0
0
0
0
0
0
0.09
0
0
0.24
0
0
0
0
0
0
0
0
0
0.23
0
0
0
0
0.53
0.64
0
0.2
0.34
0
0
0
0
1.89
2.91
0.27
0
0
0.03
0
0
0
0
0.01
0
0
2.71
0
0.58
5.08
4.47
0
0
0
0
0
0.01
0.09
2.62
1.31
1.52
1.3
1.8
0
0.45
0.02
0.68
0.09
1.73
1.3
0
0.41
0
0
0.16
0
0.01
0.12
0.61
1.46
1.95
0.29
0.07
0
0.77
2.68
6.13
13.27
3.63
0.05
0.01
1.35
0
0
2.03
12.43
4.31
1.39
0.07
0
0.15
0
0
0.02
1.34
1.69
6.09
1.84
1.86
4.88
25.48
15.61
1.48
2.86
11.5
3.7
0.17
0.02
0.01
0.2
0.54
0
0
0
0
0
0.02
2.87
6.25
0.83
0.43
0.38
0.34
0
0.04
0.04
0.03
0
0
0
0
0.28
0.02
0
0
0
0.4
1.55
0.67
0.03
0
3.82
3.06
0.2
0
0
0
0
0
0.3
0
0
0
0
0
0
0
0
0
0.02
0
0
0
0.52
0.13
1.38
0.12
0.05
0
0
0
0
1.07
0.09
0
0
0
0
0.02
0.01
0
0
0
0
0
0
0
0
0
0
0
0
0.4
1.69
14.07
4.27
2.89
0.31
0
0
0
0
0.08
0.68
0.31
0.02
0.05
0
0
0
2.57
4.23
7.19
1.16
0.01
0
0
0.5
0.59
0
1.23
0.06
0
0
1.04
0.02
0.01
0.01
0.94
0.25
0.07
0.01
0.88
0.72
1.64
0
0
0
0.69
4.07
6.06
8.6
3.27
0.09
0.38
7.28
4.19
1.48
0
1
0.09
0.02
1.88
7.45
1.62
2.57
7.12
1.57
4.12
2.18
0.04
0.47
0
0.54
0
5.41
3.41
6.52
5.49
0.53
11.8
2.63
0.01
0.99
0
0.28
0
0
0
0
6.64
7.5
11.95
7.95
19.96
7.11
0.01
0
0
0
0
0.01
0
0.03
0
0
0
2.19
6.24
1.55
0
0
1.47
1.33
0.16
0
0
0.45
0
0
0
0
0
0
0
0.01
0.02
0
0
0
0
0
0
0
0
0
0
0.42
0.21
0
2.35
3.71
1.99
0.98
0.27
0
5.7
1.14
0
0
0
0
0
0
0.13
0
0
0
0
0
0
0
0
0
0
0
0
0
0.01
0
0
0
0
0
0
0
0
0.73
0.57
2.4
0
0.39
8.7
2.8
0
0.02
0.27
0
0
0
0
0.01
0.02
0
0
0
0.06
0.38
0
0
0
0
1.77
0
0.98
3
3.54
0.16
0.02
0
0
0
0.04
0
0
7.14
2.46
0
0
0
0
0
0.03
0.52
1.93
0
0
4.7
8.76
6.45
0.33
2.09
6.56
11.17
1.84
0
0.55
6.39
0
2.63
1
0
0.02
0
2.82
2.7
0
0
0
0
0
0
0
0
0.13
0
0
0.27
0.13
0
0
0
0.08
0
0
0
0
0
0
0
0
0
0
0
0
0
0
0
0
0
0
0
0
0
0
0
0
0.7
0.03
0.27
0.04
0.34
0
0
0
0
0
0
0
0
0.03
0
0
0
0
0.02
3.03
4.93
2.52
0.94
3.32
2.82
0.64
3.18
10.25
4.48
2.21
5.68
15.66
14.2
13.54
8.61
2.75
7.53
18.8
34.01
20.39
12.43
9.77
2.78
0
0.01
0
0.01
0.07
0
0
0.1
2.67
9.63
1.64
0.52
0.63
1.18
1.52
0.63
1.26
0.68
0
0.05
0
0.02
0.21
0.57
0.11
0.02
0
0
0
0
0
0
0.3
0
0
0
0
0
0
0
0
0.79
6.33
1.59
12.31
5.84
1.1
3.08
1.84
0.08
8.62
2.43
0.57
3.77
3.72
0.47
0.54
0
0
0
0
0
0
0
0
0
0
0
0
0
0
0
0
0
0
0
0
0
0.01
0
0
0
0.3
0
0
0
6.87
6.47
11.8
7.17
1.46
0.36
2.78
2.12
0.96
0
0
0
0
0.04
0
0
0
0.67
7.71
13.63
8.89
12.58
1.44
0
0.49
0
0
0
0
0
0.91
0
0
0
0.25
0.44
0.2
0.09
0
0
0
0.21
0.41
0
0
0
0
6.52
5.98
3.16
1.64
0
1.66
0.16
0
0
0.3
3.28
4.52
16.23
13.04
7.22
3.63
4.03
0
37.6
17.08
1.39
0
0
0
18.35
4.52
0.24
0
0
0
0
0.19
0
0
0
0
0
0
0
0
0
0.37
0.53
0
0
0.31
4.18
0.14
1.22
10.46
1.85
1.12
0.79
3.28
2.55
0
0.01
0.04
0.01
0
0
0
0
0
0.13
0.37
0
0
0
0
0.01
0
0
0
0.18
3
4.86
0.45
1.28
0.02
0.1
0
0
0
0
0
0
0
0
0
0
0
0.46
0
0
0
0
0.61
0.05
0.36
0.28
0.29
0
0.68
2.48
0
0
0
0
0
0
0.1
2.08
0.11
0
0
0
0.03
2.68
3.96
4.33
0
0
0.22
0
1.13
0.43
10.56
1.82
0.37
0.14
0
1.22
14.36
3.94
0
0
4.17
1.62
0
0
0
0.02
0
0
0
0
0
0
0
0
8.16
1.5
0
0.05
0.7
9.3
7.54
4.52
5.04
9.37
4.37
0.48
0
0
0
0
0
0
0
0
0.01
0
0.19
0
15.14
47.37
10.16
3.65
0
0.03
1.21
8.93
1.75
2.59
0.71
0
0
0
0
0.01
0
0
0
10.74
16.39
4.7
0.08
0
0.01
0
0
0
0
0
0
0
1.3
0.68
0.88
0.8
10.43
6.77
0.38
0
0
0.76
0.52
0.13
3.65
3.1
0.11
0
0.33
0.34
0
0
0
0
0
0
0
0
0
0
0
0
0
0
0
0
0
0
0
0
0
0
0
0
0
0
0
0
0
0
0
0
0
0
0
0
0
0
0
0
0
0
0.01
0
0
0.09
0.08
0
0
0.04
0.01
0.13
0
0
0
0
0
0.16
0
0.05
0
10.05
5.82
0.14
0.4
0
0
0
0
0
0
0
0
0
0
0
0
0
0
0.05
0.01
0
0
0
0
0
0
0
0.66
0
0.31
0.97
0.3
0.02
0
0.78
0.51
0.14
0.25
0
0
0
0
0
0
0
0
0
0
0
0
0.26
1.84
3.95
1.82
4.06
2.01
6.01
6.06
15.85
11.57
2.86
0.45
1.13
0.23
6.55
3.32
0.29
0.01
0
0
0
0.01
0
0
0.05
0.01
0.12
2.45
2.03
0.33
5.87
2.58
0.11
0
0.09
1.82
1.36
0
0
0
0
0.02
0.01
0
0
0.01
0.01
0
0.19
0
0
0.3
0.09
0.49
0.1
0.11
0.1
0
0
0
0
0.16
0
0
0
0
3.34
3.37
5.19
3.59
1.95
0
0
0.01
0
0.06
0.11
1
2.71
3.77
6.91
2.49
0
0
0
0
0
0
0
0
0
0
0
0
0
0
0.01
0.02
0
0
0
0
0
0
0
0
0
0
0.14
0
6.52
4.46
1.14
0
0.76
0.35
0
0
0
0
0
0
0.06
0.01
0.13
0
0
0.93
34.56
4.7
0
0.05
6.61
2.23
1.2
0.15
0.05
12.14
6.25
0
0.01
0
0
0
0
0
0
0
0
0
0
0
0
0
0
0
0
0
0
0
0
0
0.02
0
0
0.07
0.35
0
0
0
0
0
0
0
0
0.01
0
0
0
0
0.43
0.22
0
0.47
0
0
0
0
0
0
0
0
0
0
0.31
1.77
6.64
0.3
0
0
0
0.34
0.4
1.63
0.9
0.1
0.45
3.36
2.8
0.25
0.29
0.55
3.09
3.12
3.97
17.54
3.89
2.11
13.3
19.26
4.8
0.71
0
0.63
0
0
0
0
0
0
0.01
0
0
0
0
0
0
0.34
0.1
0.01
0.35
0.21
6.61
8.55
8.57
7.22
23.87
11.75
24.41
14.02
4
0.71
0
0
0
0
0
0
0
0
0
0
0.08
0.23
0.08
0.09
1.36
5.9
1.8
0
0.01
0
0
0
0
0
0.07
1.87
4.21
7.88
10.1
6.15
4.13
3.74
0.14
2.42
0.66
0
0.42
1.66
1.57
0.75
2.64
0
0
0
0
0
0
0
0
0.01
0
0
0
0
0
0.02
0.68
0.52
0.09
0.02
4.71
3.37
0.42
0.97
0.25
4.27
14.11
2.06
0.84
0.28
0.11
0
0
0
0
0.34
0
0.13
0.86
0.51
3.65
3.61
5.87
3.66
3.06
1.13
4.72
4.64
7.55
7.09
2.98
14.57
6.3
0.89
0.25
9.48
4.07
1.19
13.21
6.71
1.8
9.51
2.34
1.18
1
0
0
0
0
0.38
1.41
0.89
1.93
2.97
0.05
0
0
0
0
0
0
0
0.37
1.77
0.04
0.01
0.05
0.05
0.99
9.75
5.96
1.41
0.9
6.6
8.12
12.44
10.59
2.04
0.34
1.13
1.38
15.8
19.81
9.23
8.98
12.22
11.07
2.1
8.94
14.74
9.01
3.46
8.84
1.54
2.17
1.47
2.07
2.8
0.81
0.56
0.78
3.8
13.34
26.36
8.68
1.09
0.18
0.01
0
0
0.87
0
0
0
0.01
0
5.06
2.78
0.02
0
0.17
0.01
0
0
0
0.01
0
0.02
0
0
0
0
0
0.01
0.04
0
0
0
0
0
0
0
0
0
0
0
0
0.01
0
0
0
0
0.02
0
0
0
0
0
0
0
0
0
0
0
0
0
0
0
0
0
0
0
0.38
0.99
0.39
0
0
0.02
0
0
0
0
2.78
2.38
0
0
0
0.04
0
0
0
0
0
0
0
0
0.01
0
3.05
1.93
0
0
0
0
0.01
0
0
0
0
0
0
0
0
0
0.03
0
0
0
0
10.64
5.38
0
3.4
7.27
8.09
7.11
1.53
0.23
0
0
0
0
0
0
0
0
0
0
0
0
11.41
3.84
0
0
0
0
0.1
10.82
3.2
0.01
0
0
0
3.46
3.54
0.95
9.14
7.18
4.49
14.02
33.13
13.57
11.63
1.42
4.11
20.91
12.58
13.74
11.34
2.05
9.34
6.98
0.66
1.21
1.28
0.25
0.13
0
0
0
0
0.17
16.11
10.54
1.07
2.65
0
0
0
0
0
0
0
0
0.74
1.63
0.02
0
0
0.04
0.7
0.12
0.09
0
0
0
0
0
0.36
0.28
0.82
0
0
0
0
0
1.94
5.94
5.97
3.33
0.55
0.03
0.38
0
0
0
0.08
0.09
0.72
2.53
7.06
5.52
1.97
15.28
20.48
12.05
5.03
3.27
8.3
5.95
1.97
1.1
0
0
0
0
0
0
0
0
0
3.1
7.24
11.1
19.52
14.02
5.38
1.98
1.48
0
2.26
11.21
3
1.7
0.63
5.55
3.29
0.01
0.04
1.14
0.27
0.13
0.75
5.88
1.73
0.42
0.41
0.17
0.01
0
0.01
0
0
0.1
0.1
0.04
0
0
0
0
2.89
8.66
8.32
12.37
8.07
0.43
0
0
0
0.11
0
0
0
0
0
0
0.13
4.86
9.64
4.61
2.43
4.99
1.28
0.31
0.42
0.29
0
0.23
0
0.23
0
0
0
0.88
10.45
9.82
3.62
5.63
3.28
1.31
1.05
0.95
0
0
0
0
8.62
3.59
1.71
1.67
0.68
0.15
0.06
0.07
0.45
1.18
1.45
2.47
8.97
9.1
0.17
0.08
1.47
0.16
0.26
0
5.11
1.81
0
1.02
2.24
2.17
0.37
0
0.21
10.03
2.82
0.02
0.13
0
0
0
0.01
0.02
0
0
0
0
0
0
0.05
0
0.45
1.25
0.02
0
0
0
0.09
0
1.17
0.08
0
0.09
0
0.04
4.59
4.41
0.05
0
0
0
0
0
0.01
0.01
0
0
0.08
1.46
0.08
0.01
0
0
0
0
0.01
0
0
0
1.82
0.11
0
0
0
1.57
4.97
1.72
0
0
0
0
0
0
0
0
0
0
0
0
0
0
0
0
0
0
0
0
0
0.34
0.23
0
0
0
0
0
0
0
0
0
0
0
0.02
0.4
0.48
0.05
0.07
0.5
0.22
0.01
0
0
0
0
0
0
0
0
0
0.01
1.24
0.04
0.02
1.19
1.13
0
0
0
0
0
1.18
0.59
0
0
0
0
0
0
0
0
0
0
0
0.19
0
0
0
0
0
0
0
1.18
0.03
0
0
0.02
0.02
0
0.1
5.09
9.77
15.7
6.33
1.88
0
0
0
0.12
2.11
3.76
2.02
0.25
0.07
0.16
0
0
0.02
0.01
0
0
0
1.1
6.84
17.65
7.88
0.01
0
0
0
0
0
0.11
11.57
1.8
0.28
5.61
0.92
0.14
0
0.01
0
0
0.01
0
0
0
0
0
0.13
5.59
8.52
13.86
6.34
2.84
11.06
16.1
5.26
3.52
3.15
8.11
6.59
5.88
2.18
5.1
0.66
4.84
2.36
0
0
0
0
0
0
0
0
0
0
0
0
0.03
0.03
0
0
0
0
0
4.77
11.72
7.19
5.62
2.76
1.05
1.79
3.26
1.63
0.35
4.24
2.09
0.41
0.22
0
2.33
18.68
26.98
14.46
13.06
13.85
10.92
2.41
10.12
4.26
2.13
1.95
10.8
2.75
0.66
0.04
4.31
6.91
3.69
0.06
0.07
0.12
1.46
4.78
0.29
0.15
1.78
0.29
2.52
9.24
0.68
0
0
0
1.49
0.43
0.59
0.12
0
0
0
0
0
0
0
0
0
0
0.54
6.61
3.85
0.73
1.91
8.53
2.88
2.84
1.05
1.53
4.04
3.17
1.26
3.64
2.73
2.81
1.16
0.67
1.06
0.62
6.18
3.63
3.81
9.34
15.66
5.54
4.55
3.34
0
0
0
1.23
0.48
2.1
13.91
10.37
1.69
0
0
0
0
0
0.89
0.35
0
0.58
0.34
0
0.12
0.22
0.3
0.02
0
0.04
1.02
0.64
0.38
0.8
0.1
0
0
0
0
0.13
0
0
0
0.02
0.01
0
0.43
0
0
0.04
0.16
1.19
1.6
0
1.35
6.37
14.75
8.11
0
0
0
0
0
0
0
0
0
0.12
0.41
0.14
0
0
0
0
0
0
0
0
3.65
0
0.01
0.43
0.02
0
0
0
0
0
0
0
0.04
6.45
2.52
0.01
0
0
0
0
0
0
0
0
0
0
0
0
0
0
0
1.15
0
0
0
0
0
0
0
0
0
0
0
0
0
0
0.22
0
0.02
1.78
7.33
2.05
0
0
0
1.89
0
0
0.57
2.93
0
18.44
5.11
0
0.01
0
0.01
4.25
13.47
2.75
4.51
1.63
1.13
0.33
0
0
0
0
0
0
0.05
0.06
0.42
2.17
0.45
1.43
0.67
0.17
0.23
0
0.22
0.18
7.46
4.2
1.4
3.71
6.32
3.65
0.63
0.04
0
0
0.43
2.84
10.04
2.02
0
0
0
0
0
0
0
0
0
0
0
0
0
0
0
0
0
0.38
5.65
15.52
6.01
0.07
0.61
0.66
0
0
1.68
1.22
0.21
0
0
0
2.69
0
0
0
0
0
0
0
0.89
0
0.13
8.11
1.83
0.03
0
0
18.95
4.48
0.28
0.39
0
0
0
0.14
0.95
0.93
0.75
0.63
0.17
0.46
1.6
1.73
0.07
0.13
0.19
0
0
0
0
0
0
0.02
0.39
24.33
14.1
2.16
12.81
18.47
5.55
2.16
0.68
0.29
0
0
0
0
0.48
0.82
0
1.36
7.57
8.47
6.17
12.2
9.37
1.99
0.74
6.1
2.32
0.61
0.09
0
0
0
1
6.23
10.82
3.19
0.36
0
0.18
20.77
18.02
5.05
0.46
0.07
0.09
0
0.08
7.58
7.66
1.92
0.31
0.01
0
0
0
0
0
0
0
0.17
0.3
0
0.52
1.88
2.2
0
0
0
0
0
0
0
0.12
0
0.17
0.82
3.03
1.96
0.07
1.94
0.03
0
0
0.84
10.76
11.92
14.33
8.69
2.2
13.36
16.35
5.46
0.12
0.09
0.03
0
0.07
0
0
0
0
0
0
0.01
0.01
0.36
3.83
0.69
0
0
0
0.04
0
0
0
0
0
0
0
0
0
0.39
1.59
0.26
0.14
0
0
0
4.61
5.88
0.73
0
0
0.39
8.72
13.62
1.6
0
0.22
0.22
0.12
0
0
0
0
0
0
0
0
0
0
0
0
0
0
0.01
0
6.86
1.87
0
0
0.02
0
0
0
0
0
1.07
0
0
0
0
0.2
2.67
0.16
0.02
0
1.27
7.57
2.04
8.02
0.75
0
0.7
5.6
5.91
12.66
13.24
1.03
0
0
0
0
0
0
0
0
0
29.9
4.66
0
0
0
0
0.02
0
0
0
0
0.01
0
0
0
0
0
0
0
0
0
0.01
0.07
0
0
0
0
0.03
0
0
0
0
0.23
3.25
0
1.11
0.25
0.33
0
4
0
0.38
0
0
0
0
0.34
0
0
0.01
0.01
0
0
0
0
0
0
4.67
0.53
0
0
0.16
1.09
0.99
0
0.15
0.74
0.2
21.77
19.08
1.09
12.13
11.51
4.76
0.04
0.87
15.37
13.96
8.59
0.27
0.23
0.12
0.59
1.06
0
0
0.43
4.54
3.8
12.3
14.45
9.08
0.44
0.69
5.45
0.44
0.02
0
0
0.09
0.79
0
0
0
0.52
16.31
7.55
3.59
0
0.1
0.41
0.47
0.18
0
0
0
0
0.01
0
0
0.64
3.49
3.41
0.66
0.85
0
0
0
0
0.57
6.07
8.47
8.25
5.67
2.7
0.51
1.58
5.84
16.81
22.26
6.22
10.63
4.55
3.63
0.57
0.08
0
0
0.03
0
0
0
0
0
0
0
0
0
0.04
7.82
3.64
1.89
0.7
1.32
5.34
0.83
0
0
0
1.08
13.05
5.47
6.56
3.16
12.88
2.16
11.28
0.06
0
0.43
0.01
0
1.64
4.1
8.44
4.36
4.8
6.27
25.4
1.61
0.09
1.28
0.31
1.37
3.61
2.16
5.61
1.99
0
0
0
0
0
0
0
0
3.73
0.46
0
0
0
0
0
0.24
0
0
0
0.02
0.09
0
0
0
0.25
1.49
0.13
0
0
0
0
0
0
0
0
0
0
0
0
0
0
0
1.19
0
0
0
0
0
0
0
0.58
0.38
0.34
0.05
4.05
7.02
6.68
5.05
1.85
2.93
4.96
1.36
1.91
16.7
2.99
0.41
0.61
1.54
1.74
3.24
4.72
9.18
0.61
0
2.06
0.24
6.4
26.91
9.13
0.35
1.12
0.32
0
3.82
1.55
2.07
5.2
3.49
0.16
1.9
7.12
10.25
19.16
9.09
8.6
4.56
8.8
1.09
3.51
0.12
0.68
0
1.21
0
1.45
1.2
7.41
1.73
2.29
0.36
0
0
0.36
0
1.35
0
7.51
1.29
0.57
0.06
1.61
24.68
22.78
3.78
1.16
4.26
2.33
2.7
9.65
3.34
5.53
2.55
0
0.13
6.43
1.88
11.15
3.85
4.16
14.74
6.7
11.95
7.83
10.14
0.48
1.09
0.43
5
1.94
0.12
0.39
0
0.42
0
0
0.16
0
0.02
0
0
0.01
0
0
0
0
0
0.21
0
0
0
0
0
0
0.04
0
0
0.26
0
0
0
0
0
0
0
0
0
0
0
1.74
3.5
0
0
0
0
0
0
0
0
0
0
0
0
0
0
0
0
0
0.08
0
0
0
0
0
0.32
0.55
0
0.18
0.3
0.02
0
0
0
0
0
0
0.02
0
0
0
0
0
0
0.01
0
0
12.79
2.41
0.09
0
0.01
0
0.01
0
0
0
1.16
6.16
1.34
0.64
10.13
5.37
29.25
7.56
8.21
3.55
0
0
0
0
0.01
0
0
0
0
0.08
0.45
0.34
0.41
0.13
0.1
0.75
0.01
0.02
6.27
1.83
0.67
1.07
11.46
1.8
0
0.22
0
0
0
0.01
0
0
0
0
0
0
0
0
0
0
0
23.64
6.84
0.81
0
0
0
0.34
0
0
0
0
0
0
0
0
0
0
0
0
0
0.07
0
0
0
0
0
0
0
0
0
0
0
0
0
0
0.01
0.25
9.01
0
0
0
0
0
0
0
0
0
0
0
0
0.08
0.18
0
0
0
0
0
0.12
0.2
0.11
0
0
0
0.02
0
0
0.59
0.01
0.05
0.25
2.89
1.45
1.45
0
0
0
0
0
0
0
0
0
0.59
0.27
1.88
13.05
20.45
14.75
11.95
11.88
5.41
2.76
0.44
0
0
0
0.43
5.7
2.66
0.3
0
0
0
0.09
0
0
4.19
0.98
0
0
0.01
0
0
0
0
0
0.01
0.23
0.55
1.77
13.7
7.88
0.8
8.07
9.91
8.79
5.12
4.36
4.34
5.09
1.95
1.18
4.72
9.65
6.49
0.59
1.01
0.32
0
0
1.17
6.1
0.33
10.96
9.13
5.5
9.21
4.08
0.08
0.8
0.35
0
0
0
0
0
0.01
0.01
0
0.16
0
0
0
4.55
5.94
0.42
0.02
0
0
4.75
1.31
0.07
8.48
7.76
8.3
17.52
5.38
4.41
3.66
2.86
5.52
9.94
13.93
4.47
5.61
1.97
0.16
0
0.62
1.13
0.17
0.36
0
0
0
2.88
2.23
2.57
3.85
4.46
10.51
2.08
0
0.67
3.94
0
0.07
0
0
0
0
0.01
0.14
0
0
0
1.09
0.08
0
0
0
3.42
0.08
0.9
0.03
0
0
0
0
0
0
0
0.05
1.03
3.41
0.11
0.01
0
0
0
0
4.84
0
0.09
0
0.16
0.79
1.49
2.59
0
0
0.12
0.05
2.04
0
0.1
0
0
0
0.01
0
0
9.42
0
0
0
0
0.47
0.25
0.01
0
0
0
0
0
0.23
0
0
13.43
9.45
4.34
8.79
5.17
2.83
0.3
0
0.23
0
0
0
0.13
0
0.39
0.09
0.42
0.05
0.2
0.02
0
0
0
0
0
0
0.01
0
0
0
0
0
0
0
0
0
0
0
0
0
0
0.94
0.26
9.45
5.27
0.13
0
0.21
0
0
0
0.34
1.28
5.99
0.09
0
0.11
0
0
0.14
0.71
0
1.56
0.38
0
0
0
0
0
0
0.23
0.66
0.41
9.14
7.24
2.67
12.14
11.7
17.1
12.59
8.91
4.67
3.94
7.45
9.34
4.86
2.77
1.22
1.4
0.12
2.05
0.93
4.3
3.54
2.77
8.33
16.53
4.27
1.11
14.26
7.36
6.01
1.43
7.76
19.78
16.62
1.73
0.68
5.37
3.59
0.13
0
3.02
3.51
1.51
0.85
0.14
0
0
4.54
1.59
3.81
2.63
0.82
0.03
1.03
0.23
0.44
0.47
1
0
0
0.3
0.51
0
0
0
0
0
0
0
0
0.1
1.86
0.96
2.91
6.21
5.33
1.46
3.86
1.87
0.02
0.05
0
0
0
0.01
0
0
0
0.05
0.21
0.15
0
0
0
0
0
0
0
0
0
0
0
0
0
0
0
0
0.09
0.05
0
0.01
0.21
0.25
1.48
0.27
0
0.97
2.32
0
0.02
0
0
1.09
0.01
0.01
0
0
0.1
5.05
4.16
0
0
0.32
0
0
0.09
0.94
3.96
2.88
0.82
5.08
10.09
6.57
4.83
4.81
0.39
0.18
0
0
0.05
0
0.01
0
0.07
0
0.19
1.6
0.4
0.95
1.87
0.72
3.88
1.97
0
0.04
0.25
0.44
0.51
0
0
0
0
0.23
0.55
0.38
0
0
0
3.93
0
0
0
0
0.09
0
0.55
0
0.02
0
0.25
0.07
0.42
1.11
0.24
0
0
0
0
0
0
0.33
5.72
0.6
0.26
0
0
0
0.3
2.17
0.09
5.8
1.25
0.02
0
0
0
0
0
0
0
0
0.01
0
0
0.37
0.84
0
0
0
0
0
0
0
0
0
0
0
0
0
3.02
1.16
0.13
2.99
0.01
0.33
0
0.25
0.38
0.97
1.69
0
0.03
0.07
0.01
0
7.81
0.01
0.2
0
1.64
3.27
9.98
0
1.04
0
0
1.03
0
6.88
0
0.55
0.11
0
0
0
0
0.44
2.75
1.08
0
0.15
0
0
0
0.02
0
0.02
0.02
0
0
0.05
1.29
0.89
0
0
0.02
0
26.74
6.24
0
0
0
0
0.77
0.05
8.73
2.74
0.05
0.43
0
0
0.01
0
4
12.77
0.76
0
3.02
4.32
0.73
3.07
4.98
3.14
1.13
0
0
5.99
0.44
0.06
0.44
0
0
0
1.05
2.36
4.16
1.6
11.17
0.44
2.43
21.29
26.84
18.26
5.61
2.43
3.62
5.38
10.54
1.23
2.14
7.77
0
0
0
0.41
0.54
0.56
8.79
19.36
1.15
0.38
0
0.25
0.5
0.89
0
0
0
0
1.74
0.09
4.13
0.39
6.2
13.81
3.67
4.02
0.89
0.02
0.02
0.11
0.12
0
0
0
0
0.27
3.45
17.57
4.21
3.74
0.25
0
0
0
0
0.27
0.01
0.12
0
0
0
0
0
0.01
3.58
1.22
2.56
0
0.09
0.05
0.13
0
0.21
0
0.01
0
1.6
9.23
1.93
1.28
0.31
0.95
0.81
0.02
0
0.01
0.16
0.14
0.34
0
0
0
0
0
0
0
0
0
0
1.03
0
0.48
5.12
7.2
0.39
0.28
2.73
7.45
3.74
0.65
2.58
0.61
0
0.17
0.27
0.33
1.24
5.57
3.18
2.2
0
0
0.13
0
0
0.27
0
1.88
2.76
24.43
2.59
0.3
0.27
0
3.64
7.64
8.63
7.52
6.43
1.2
0.91
8.97
2.21
1.94
1.25
4.01
3.3
0.19
0.16
0
0.66
0
0
0.11
1.23
7.33
1.25
0
0
0.33
1.75
0.48
0.64
2.28
5.14
2.16
0.32
0
0
0.3
0.13
0
4.06
18.7
4.59
24.65
13.7
1.41
0
0.26
0.16
0
0
0
1.82
1.13
0.91
0.02
0.02
0
0
2.63
1.85
0.01
1.35
0.91
0
1.32
2.07
0.08
0
0
0
0
0
0
0
0
0
0
0
0
0
0
0
0
0
0.02
0
0.04
4.27
9.24
4.07
3.07
0
0.34
0
0
0.04
0
0
0
0
0
0.18
0
8.23
0.19
0
0.51
0
0
0
0.06
0
0
0
0
0
0
0
0
0
6.47
0.16
0.4
0.86
0
0
0.12
0
0
0
0.27
0.02
0
0
0
0
0
0
0.55
0
0
0.04
0
0
0
0.19
0.23
0
0
0
0
0
0
0
0
0
0
0
0
0
0
0
0
0.07
0
0.04
7.02
0.06
0
0
0
0
0
0.23
0
1.95
1.68
0.83
0.08
0
0
0.01
0.84
6.74
14.61
5.49
2.52
1.18
0
0
2.39
1.13
0
0
0
0
0
0.02
0.03
0.08
0.14
16.98
5.52
0
0.27
2.25
0.37
0
18.63
5.26
0
0
0
0
0
0
0
0
1.84
16.52
31.6
20
7.27
3.97
2.3
3.58
0
0
0.01
0.01
0
0.03
0.17
0
0.73
8.43
7.41
1.89
2.5
0.06
0
0
0
0
1.77
5.45
0
0
0
0
0
0
0
0.42
6.77
1.91
12.48
0
0
1.38
5.27
0.9
1.72
0
0
2.75
1.77
0
0.93
2.5
10.75
1.75
6.99
7.65
1
0
0
0
0
0
0
0
0
0.09
0.37
4.07
1.19
0.57
0
0
0
0
0
0
0
0
0
0
0
0
0
0
0
0
0
0
0
0
0.01
0.38
2.15
2.7
0
0.03
0.07
0
0
0
0
0
0
0
0
0
0
0
0
0
0
0
0
0
0
0
0
0
0
0
0
0
0
0
0
0
0
3.47
0.92
0.01
0
0
0.44
16.67
3.44
0
0
0
0
2.31
1.7
0
0
0
0.14
2.39
0
0
0
0
0
0
0
0
0
0
0
0
0
0
0
0
0.03
0
0
0
0
0.94
0.24
0.89
3.27
2.09
0
0.54
14.84
7.03
22.17
19.98
11.48
5.02
0.8
2.85
4.63
1.63
0
0
0
0
0
0
0
0
0
0
0
0
0
0.01
0
0
0
0
0
0
0
0
15.11
4.22
2.86
0
0.28
4.48
2.33
0
0
0
0
0
0
0
0
0.34
0.61
0.45
3.4
10.15
2.68
0.45
2.78
1.22
0
0
0
11.11
29.46
17
1.55
3.13
0.7
0.69
0.98
0.09
2.51
0
2.04
4.4
1.18
0.5
0.6
8.3
2.13
9.83
2.15
0.71
0.03
0
0.43
7.31
9.47
7.09
0.67
0
0
0
0.02
0.02
0
0.06
0
0
0
0
0
0
0.01
0
0.13
0.01
0
0
0
0
0.08
0.09
0
0
0.23
0.06
0
0.21
0.4
1.45
0.35
1.07
0.98
5.41
0.67
0.19
9.72
7.81
0.52
0
0.26
1.01
4.05
1.07
0.02
0
0
0
0
0
0
0
0
1.21
4.92
2.23
0
0
0.06
0
0.68
0.2
0.13
0.09
0
0
0.42
0.19
0
0
0
0
0.01
0
0.09
0.01
0
0
0
0
0
0
0
0.05
0
0
0.03
0
0
0
0
6.97
14.38
5.05
0
0
0
0
0
0.38
0.43
0.51
0
0
3.27
4.23
4.09
6.04
7.38
0.89
0.46
5.84
21.55
7.88
14.63
16.16
2.01
1.18
0.57
0.1
0.1
0.72
0.9
4.87
7.29
11.75
9.45
3.36
0
0
0
0
0
0
0
0.01
0
0
0
0
0
0.18
7
0.16
0
0
0
0
0
0
0
0
0
0
0
0
0
0
0.39
3.48
3.64
17.39
2.84
12.48
1.15
1.02
0
0
0
0
0
0.66
8
6.76
0.96
0.54
0
0.15
0.35
0.24
1.05
3.56
0.33
0
0
0
0.06
0
0
0
0
0
0
0
0.01
0
0
0
0
0
0
0
0
0
0
0
0
0
0
0
0
0
0
0
0
0
0.06
0
0.07
0.02
0
0
0.12
0.86
0.05
0.13
0
0
0.38
3.64
0.84
0.3
0.21
0
0
0
0
0
0
0
0
0
0
0
0.17
1.24
0.6
0
1.61
2.23
1.66
0
0
0
0
0
0
0.04
0
0.58
4.93
6.91
0.65
0
0
0
0
0
0
0.25
2.02
5.02
0.01
0
0
0
0
0
0
0
0
0.04
0
0
0
0
0
0.39
0.01
3.8
3
2.13
0.75
0.05
0.47
0
0
0
0
1.04
0.03
2.59
11.53
9.45
4.54
3.05
0.6
4.27
0.37
1.76
1.22
0.94
0.22
0
0.59
0
0.05
4.39
9.64
2.9
5.52
12.17
6.23
0.23
1.18
9.62
9.5
0.5
0
0.09
0.39
4.69
3.5
9.61
5.6
1.41
0.78
0.14
0.01
0
0.18
0
0
1.62
2.43
3.89
3.12
14.47
4.14
0.8
0
0
0.05
0.14
0.09
0.2
0.16
2.8
0
1.02
0.02
0.72
0.12
0.14
0.18
0.01
0
0
0
0
2.58
0.24
0
0
0
0
0
0
0.41
0.13
0
0
0
0
0
0
0
0
0
0
0
0
0
0
0
0
0
0
0
0
0
0
0
0.07
0.5
1.32
0.36
0
0
0
0.07
0
0.02
0
0
0
0
0
0
0
0
0
0
0
0
0
0
0
0.09
0
0
0
0
0.03
0.06
0
0.01
0.26
2.33
4.32
4.89
0
0
0
0
0
0.36
0
0
0.27
0
0.16
17.23
7.03
7.23
3.08
0
0
0
0
7.56
0.09
8.05
3.02
0.67
4.2
20.83
6.21
5.91
3.25
14.09
10.59
14.91
4.59
4.01
2.5
3.18
5.68
7.84
0.91
0.18
0.36
0
0.25
0.35
0.47
0.95
6.33
11.83
1.53
0.29
1.88
8.5
4.95
9.17
7.26
2.87
4.93
3.25
0.34
0.57
0.07
0
0.55
0.06
0
0
0
0.36
0.1
0
0
0
0
0
0.25
0
0.02
0.51
0.41
6.35
1.33
9.79
0.38
1
0.77
0
0.45
0
0
0
0
0
0
0
0
0.92
0
0
0
0.6
0.34
0
0
0
0.77
0.28
1.52
1.75
2.1
0.02
0
0.06
0.26
0
0.75
8.16
2.24
7.27
14.17
3.66
8.77
12.4
6.52
1.64
0.3
0
0.3
1.2
0.35
0
0.64
0
0
0
0.74
0.32
0
0.68
0.79
0
0
0
0
0
0
6.05
14.29
5.07
0.96
0.82
2.52
0.02
0
0
0.02
0
0
0.7
0.96
0.38
0.75
0.52
4.91
1.94
0.16
2.75
2.12
0.04
0
1.1
4.74
4.79
0.27
0.44
0
0
0
0
0
0
0
0
0
0.15
0
0
0
0.16
0.27
0.22
0
0
0
0
0
0
0
0
0
0.11
0.16
0.32
0
0.08
0.09
0
0.16
0.48
0.32
0
0.92
0
0
0
0
0
0.26
12.82
6.1
0.18
2.41
4.74
0.2
0.2
1.84
3.41
6.55
0.27
0
0.01
0.51
0
0
0
0
0.1
0.34
0
0.01
10.09
2.82
0.7
0
1.67
1.31
6.63
0
5.5
3.07
2.35
2.23
5.78
0.13
0
0.14
2.52
2.13
0.04
0
0
0
0
0
0.05
0.02
0.15
0
0
0
0.01
0
2.76
0.26
0.01
0
0
0
0
0
0
0
0
0
0
0
0
0
0
0
0
0
0
0
0
0
0
0
0
0
0
0
0
0
0
0
0
0
0
0
0.22
0
0
0
0
0
0
0
0
0
0
0
0
0.57
0.15
0
0.01
0.04
0
0
0.01
0
0
0
0
0
0
0
0.15
0
0
0
0
0
0.05
0.33
0
0.61
0
0
0
0
0
0
0
0.02
0
0
0
0
0
0
0
0
0
0
0
0.01
0.07
0.49
0
0
0
0
0
0.04
0.24
0.69
0.93
3.66
0.32
0.04
0
5.44
3.25
2.3
3.54
2
3.09
0
3.93
5.34
0
2.16
0.65
7.46
13
7.61
0.06
2.08
8.59
5.9
1.43
3.48
3.09
3.78
3.96
1.41
11.91
0
1.14
3.93
3.27
9.25
2.31
0
0
1.04
0.7
0.74
20.72
14.05
9.73
9.69
3.09
5.4
7.15
5.42
1.66
15.63
1.87
0.13
0
0
0.09
0
0
0
0
0
0
0
0
0
0
0.16
0.11
0
0.29
0.2
0.02
0
0.78
0.7
3.34
0
0
0.01
0
0
0.12
0
0
0
0.08
0.91
0.66
0
0.83
0.4
0.45
1.46
0
0
0.23
0.35
1.68
1.65
15.03
4.46
2.54
0.05
0.92
0.1
0
0
0.06
0
0
0
0
0
0
0
0
10.8
6.73
2.45
2.66
0.07
0.04
2.29
1.84
0.31
0.57
0.38
0.09
0.77
0
0
0
0
0
0
0
0
0
3.16
4.23
0.19
1.86
17.61
9.52
3.69
0.54
0.02
3.69
0.13
0.32
0
0.03
0.11
0
0.1
1.82
0.97
0.03
0.09
0.01
0.31
2.14
1.18
5.7
0.11
0.01
0
0
0
0
0.01
0
0
0
0
0
0
0
0
0
0
0
0
0
0
0
0
0
0
0
0
0
0
0
0.04
0
0
0
0
0
0
0
0
0
0
0
0
0
0.03
0.16
0.77
3.64
4.68
5.18
1.38
0.83
4.46
2.21
0
0
0.05
8.27
4.09
0
0
0.73
2.54
5.48
7.12
6.88
9.07
1.89
0.16
0.59
0.03
0.43
0
0.72
0.39
0
0
0
0
0
0
0
0
0
0.01
0
0
0
0.05
0
0
2.08
0.63
4.37
3.59
28.96
3.09
0
0
0
0
0.34
0.11
0
0
0.32
1.5
0
1.05
0.09
11.73
3.74
3.08
1.37
0.76
0
0
0
0.05
0
0.01
0
0
0
0
0
0
0
0
0
0
0
0.01
0.02
0
0
0
0
0
0
0
0
0
0
0
0
0
0
0
0
0
0
0
0
0
0
1.06
11.8
0.49
0
0.02
4.73
0
0
0.01
0
1
0
6.81
2.88
2.18
0.02
0
0
0
0
0
0
0.04
0.03
0.26
0
3.47
3.31
0.77
0.36
0
0
0
0
0
0
0
0
0
0
4.68
1.09
0.98
0
0
0
0
0
0
0
0
0
0
0
0
0.09
1.2
0.52
0.16
0
0
0
0
0.34
0
0.01
2.14
0.16
0
0
0.16
0.02
0
0
0
0.33
1.19
0.03
0
0.02
0.02
0
0
0
0.56
0.02
0
0
0
0
0
0
0.13
8.54
33.07
7.53
0.34
1.14
7.01
16.48
9.03
4.09
0.46
0
2.09
1.17
0.75
0.49
6.71
0.99
2.51
0.07
0
2.2
0.62
0
0
10.67
1.54
2.9
5.28
4.3
0.44
0.03
0
0
0
0
7.27
3.05
1.09
0
1.01
0.07
1.66
17.63
7.08
7.46
20.41
11.7
12.43
5.63
17.91
12.57
25.03
5.2
0
0.15
11.48
8.68
17.06
4.38
6.67
13.48
0.84
17.67
2.55
1.38
0.02
0
0.02
0
0.42
2.45
0.61
6.01
10.11
16.71
7.94
0.77
1.2
2.16
6.31
2.98
0.06
3.27
16.52
4.56
0.02
0.33
15.23
1.69
0.69
0
0
0
0
2.63
5.71
1.62
0
0
0
0
1.65
0.26
0.09
0
0
0.16
0.98
9.01
1.18
0
0
0.02
0
0
0.02
0
0
0
0
0.08
0.01
0
0
6.03
1.16
0
0
0
0.96
5.11
0.45
0
0
0
0.02
0
5.69
0.35
0
9.32
16.47
11.68
10.71
1.82
0
0.41
0.41
5.51
2.85
0
0
0
0
0
0
0
0
0.11
0.17
0
0
0
0.09
3
0.89
0
0
0.03
0.93
1.14
1.77
0.86
1.14
4.23
1.14
0
0
23.22
10.85
1.96
6.37
8.28
18.96
2.57
0
0
0.03
0.97
4.05
13.21
6.73
0.93
0
0
0
0
0
0
0
0.01
0
0
3.58
2.26
1.66
0
0.68
0.52
0
0.88
0.02
0.39
1.45
0.16
0
0.02
1.34
3.67
3.96
1.86
1.39
6.32
0.52
0
0.28
0
0
0
0
0
0
0
0
0
0
0
0
0
0.19
0.11
0
0
0
0
0.12
1.39
0.8
0
0
0
0
0.14
0
0
0
0.75
0
1.81
4.1
0
0
0
0
0
0
0.29
0.21
1.67
0
0.29
3.2
0
0
0.16
0
0.61
2.93
10.6
17.74
7.55
0
0
0.02
0.05
0.02
0.01
0
0
0
0
0
1.36
5.75
0.07
0
0
0
0.21
1.06
0.11
0
0
6.12
1.26
0.73
5.85
1.41
0.45
0
0.07
0.8
1.98
1.21
1.38
13.81
3.76
0.1
0
0
0
0
0
0
0
0
0
0
0.38
0.19
0.01
0.35
0.15
0.24
0.05
0
0
0.01
16.14
0.41
1.73
0
0.89
0.14
0
0
0
0
0
0
0
0
0
0
0
0
0
0
0
0.69
4.32
0.77
0
0
0
0
19.12
42.29
16.39
6.95
2.45
0.56
13.22
3.42
3.41
7.82
2.7
1.96
2.38
4.61
0
1.1
0.73
0.15
0
0
0
0
0
0
21.09
17.06
2
2.11
0.3
0
0.83
10.13
20.7
21.11
9.57
0
0.05
3.78
10.83
8.54
11.78
12.87
8.4
11.64
9.49
3.5
0
0
3.03
18.08
6.31
13.65
7.79
11.61
4.81
3.65
13.39
7.76
19.67
27.63
1.73
0
0
0
0
0
1.27
8.41
2.97
14.99
21.39
18.61
3.52
2.82
0.34
0.02
0.13
0.65
0.47
0.29
0
0.01
0
0
2.95
0.09
0.61
0.02
0
0
0
0
0
0
0.04
0.25
0.55
0.05
0
0
0
0
0
0
1.76
0.01
0
0
0
0
0
0.01
0.03
0.07
0
0
0
0
0
0
0
0
0
0
0
0
0
0
0
0
0
0
0
0
0
0
0
0
0
0
0
0
0
0
0.16
0
0
0.04
1.2
0.27
0
0
0
0
0
0
0
1.73
7.14
5.59
13.08
9.13
1.94
0.53
0
0
1.9
0
0
0
0
0
0
0
0.16
0.04
4.67
2.63
2.83
1.28
0
0
0.34
3.02
2.7
3.82
4.82
15.91
4.19
0
0.16
0.27
0.87
0.29
1.33
4.52
1.52
0
0
0
0.39
4.13
4.54
5.41
2.38
3.64
17.54
7.46
0
0.39
0.02
0
0.03
0
0
0
0
0
0
1.65
3.21
0
0
0
0
0
0
0
0
0
0.89
0.8
0.77
12.15
12.66
0
0
0
0
0
0.03
0.33
0.13
0
0
0.04
0.61
0.89
3.3
0
0.01
0
0.02
0.05
1.66
6.67
0.96
0
0.11
5.4
0
0.07
0.21
0
0.01
0
1.3
6.43
0.31
0
0
1.28
0.05
12.4
1.81
0
0
0
0.41
0.05
4.08
0.65
0
0
0
0.53
2.06
0.16
1.45
1.02
2.34
0.38
0
0.01
0
0.02
0
0
0
0
0.43
0
0
0
0
0
0
0.25
0.79
4.25
2.42
0.37
0.5
0.69
2.12
0.52
0
0.5
2.8
3.85
2.21
0.14
1.53
0.07
0
0.82
0
0
0
0.01
1.19
0
0
0
0
0
0
0
0
0
0
0
0
0.35
1.5
0.99
3.11
1.29
0
0
0.36
3.1
3.2
0.02
0
0
0.08
12.99
12.14
6.77
26.75
17.28
8.98
8.99
2.49
10.98
19.31
3.96
9.49
1.59
0
0
1.27
12.76
3.28
3.45
12.77
4.59
0
4.1
6.02
2.38
0.1
1.73
0.33
0.81
0.41
0.7
0.77
18.32
0.45
0
0
2.34
0.04
0.7
4.09
2.13
0
0
3.71
16.05
43.64
5.94
7.93
1.2
3.55
7.41
0.59
0
1.45
1.57
0.08
0.65
3.43
2.89
11.75
0.2
0.42
0.76
1.62
0
0.07
0
0
0
0
0.04
2.6
3.5
0.32
0
0.01
0
0
0
0
0
0.02
1.55
1.13
1.45
1.46
0.12
0
4.37
0.42
3.16
1.23
10.3
5.41
4.14
0.35
0
0.03
0.25
0.61
0
0
0
0
0.01
0
0
0
0
0
0.03
7.42
1.05
0
0
0
0
0
0
0
0
0.02
0
0
0
0
0
0
0
0.02
0
0.05
0
0
0
0
0
0
0
0
0
4.58
0.82
0.32
0
0
0.63
7.6
2.19
7.24
0.9
1.13
1.41
1.55
4.5
2.11
1.27
0.57
4.39
3.6
5.82
0.32
0
11.82
3.74
12.92
1.34
0.42
0.01
0
1.27
5.81
0.46
0
0.57
4.67
1.14
10.56
9.07
4.05
1.02
0.04
0.65
0.38
0.15
0.54
0.15
0
0
5.97
14.92
4.73
6.35
13.22
9.27
2.45
0.14
1.09
20.52
7.72
0.82
6.36
4.09
7.26
1.14
3.64
7.81
3.11
12.8
0.5
0.77
0.07
0.43
2.09
0.22
2.91
0
0
0
0
0
0
0
0
0
0.02
0
0
0
0
0
0
0
0
0
0
0
0
0.01
0.08
0.24
3.24
2.12
0.01
0
0
0
0
0
0
0
0
0
0.07
0
0
0
0
0
0
0
0
0
0
0
0
0
0
0
0
0
0
6.8
3.45
0
0
0
0
0
0
0
0
0
1.12
0
1.54
8.59
2.94
0
0.55
1.7
0.45
0
0
0
0
0.21
2.89
0
0
0
0
0
0
0
0
0
0
0
0
0
0
0.13
0.35
0
0
0
0
0
0
0
0.1
0.13
1.09
6.84
2.81
1.91
4.39
2.24
3.93
4.8
1.98
0.53
0
0
2.51
11.18
12.21
2.74
0.07
0.48
0.53
0.22
0
0
0
0
0
0
0
0
0
0
0
0
0
0.07
1.89
0.08
0
0
0
0
0
0.22
1.07
8.78
12.67
0.01
0
0
0
0.05
0.5
0
0
0.09
0
0
0
0
0
0
0
0
0
0
0.12
0.21
0.05
0
0.01
0.04
0
0
0.25
1.03
0
0.01
0
0
0
0
0.55
2.17
0
0
0
0
0
0.01
0.01
0.01
0.42
0
0.01
0
0
0
0
0
0.46
2.82
14.2
3.72
0.8
0
0
0
0
0
0
0.78
4.52
0.64
0
0
0
0
0.35
4.13
4.76
0
0
0.04
0.61
4.32
0.17
0
0
0
0
0
0
0
0
0
0
0
0
0
0
0
2.1
10.39
0.73
0
0
0
0
0
0
0
0
0
0
0
0
0
12.32
4.56
0.39
0
0.1
0
0.38
2.47
0.75
0.29
0
0
0
0
1.15
16.2
9.21
2.47
2.46
2.86
0
0
0
0
0
0
0
0.61
12.17
7.54
2.84
3.99
0.2
0
0
0
0.54
0
0
2.28
0
0
0
0
0
0
0
0
0
2.5
1.8
12.05
2.84
0.28
0
1.08
1.25
0
0.16
0
2.24
1.84
4.35
10.8
6.45
1.5
2.96
1.97
3.36
1.59
1.43
3.62
1.87
0.58
0
0
0
0
0
0
0
1.34
10.64
9.17
5.22
0
0
0
0
0
0
0
0
0
0.03
0.14
0.82
17.98
5.32
0
0
0
0
0
4.59
4.06
0.87
1.19
0
12.75
2.28
0.02
1.2
3.4
2.15
0.02
0
0
0.07
0.58
0.02
0
0
0
0.06
0
0
0
0
0
0
0
0
0
0
0
0
0.02
1.99
0
0
0
0.04
0
0
0.01
0
0
0
0
0.41
0.42
12.62
14.59
0.86
0.03
0.45
0.05
0
0
0.09
0
0
0
1.61
0
0
0
0
0.11
0
0
0
0
0
0.1
6.62
0
0
0
0
0.29
0.19
0.27
0.08
0
0
0.39
0.12
2.65
0
0.03
6.68
15.19
3.06
4.08
0
0
0
0.02
0
27.06
19.17
0.33
0
0.16
12.81
23.6
6.38
0.75
0
0
0
4.02
0.2
0
0.07
0.01
0.47
0
0
0
0
1.63
17.04
3.14
0
0.01
0
1.55
9.89
4.04
1.17
0
0
12.75
9.04
9.97
21.08
11.23
18.24
25.75
12.93
1.06
0
0
0.61
0.41
1.16
0
0.13
0.07
0
0.06
0.04
0
0
0.11
0
0.42
9.72
11.55
3.27
3.79
1.18
0.05
0.02
0
0.08
1.75
0.89
0.51
0
0
0
0
0
0
0
0
0
0
0
0.59
0
0.51
0
0
6.16
0.03
0.24
0.44
1.17
9.95
4.52
0.41
0.01
0
0.74
0
0
0
0
0.06
0.53
0.04
3.2
1.79
6.84
1.52
0
0
0
0
0.01
0
0
0
0.02
1.22
0.4
0.02
0.27
2.48
4.57
0
0
0.95
0
0
0
0
0
0
0
0
0
0
0
0
0
0.12
1.95
0.01
0
0
0
0
0
0
0
0
0
0
0
0
0
0
0
0
0
0
0
0
0
0
0
0
0
0
0
0
0
0.02
0
0
0
0
0
0
0.07
0.61
0
0.69
0.04
0
0
0
0.02
0
9.62
3.95
8.11
5.12
0.6
1.1
0
0.43
0
0
6.08
1.93
1.08
2.97
5.98
6.13
1.48
0
0.64
6.66
9.82
7.73
3.23
0.87
5.15
9.94
18.57
13.91
2.3
14.91
9.29
2.82
1.2
7.4
1.77
0
0
1.48
8.11
2.63
1.16
0.18
0.8
0
0.18
4.34
4.86
2.92
10.69
4.07
4.98
5.24
0
0
0
0.01
0.02
2.14
2.36
0.12
0
0.05
3.04
1.51
4.73
1.46
0.01
0.09
0
0
0
0
0
0
0
0
11.56
1.59
0
0
0
0.7
0.4
0
0
0
0
0
0
0
0
0
0
0.01
0
0.01
0
0
0.65
0.42
0
0
0
0
0
0
0
0
0
0
0
0.08
0.5
0.15
0
0
0.02
0
0
3.51
0
0
0
0.13
0
0
0
0
0
0
0
0
0
0
0.04
0
0
0
0
0
0
0
0
0
0
0
0
0
0
0
0
0
0
0
0
0.03
0.18
0.1
0.05
0
0
0
0.61
0.02
0
0
0
0.01
0
0.01
0
0
0
0.29
0.68
0.06
0.02
1.04
0
0
0
0.04
0.89
4.25
0.4
0
0
0
0
0
2.32
0.17
6.15
2.55
0.12
0.52
0
0
0
0
0
0
0
0
1.21
10.71
1.13
1.04
0.61
1.35
0
0
0
0
16.56
12.29
2.3
3.27
0.88
0
1.81
0
0
0.01
12.24
1.88
1.22
20.62
2.32
1.82
20.33
1.9
3.66
0.33
0.02
0
0
10.96
5
0.48
0.01
0.11
0.01
0
0.23
0.19
5
27.88
5.02
3.02
0
1.17
0
1.43
8.4
2.66
9.33
2.64
0.07
0.71
7.25
12.07
6.17
2.14
0.3
0.01
0
0
0.19
7.34
0.04
0
1.41
0
0.12
0.44
0.78
7.34
6.48
10.36
11.19
9.23
7.74
11.01
20.27
5.65
0.39
6.57
3.44
5.93
2.02
9.32
3.65
1.97
0.54
4.25
3.42
5.47
1.07
1.6
2.05
4.01
5.66
2.72
8.52
1.27
0
0
1.9
5.06
7.49
5.24
24.73
9.07
4.97
0.32
0
0
0
0
0
1.61
0.58
0.03
5.72
10.48
0.98
0
0
0
0
0
0.21
0
0
0.38
0
0
0
0
1.48
4.26
2.11
1.05
1.98
0.08
24.87
27.44
10.07
16.91
2.38
0
23.07
7.38
0.84
1.02
0.28
1.29
0
0
0
7.09
0.85
0.04
0
0
0
0
0.12
1.61
2.25
4.71
1.8
1.25
3.02
0.9
0
0
0
0
0
0
0
0
0
0.01
0
0
0
0
0
0
3.29
9.9
4.74
0.68
0.11
0
0
0
0
0
0
0.57
0
1.6
0.45
5.22
3.69
3.58
4.11
0.43
0
0.02
0.35
1.02
0.62
0
0
0
0.59
2.16
0
0.31
14.64
12.4
3.75
11.51
2.72
0.2
0.32
0.01
0.01
0
0
0
0
0
0
0
0.01
0.01
0
0
0.01
0.07
4.72
2.85
0
0.05
0
0
0
0
0
0
0
0
0
0
0
0
0
0
0
0
0
0
0
0.46
0.55
0
0
0.2
0
0
0
0
0
0
0
0
0
0
0
0.06
0
0
0
0
0
0
0
0
0
0
0
0
0
0
0
0
0
0
0
0
0
0
0
0
1.81
19.8
0.78
2.34
4.73
0
0
0
0
0
0
0
0
0
0
0
0
0
0
0
0.04
0
9.66
3.01
0
4.78
0
0
0
0.02
0
0
0
0
0
0
0.68
0
2.02
1.53
13.41
7.39
15.98
1.26
0
0.87
1.25
10.2
1.65
0
0
0
0.01
0.04
0.16
10.1
0.96
4.32
0.58
0.26
0.64
16.67
1.97
0.07
0.16
1.42
6.88
16.5
13.33
5.15
0.66
1.16
0.34
0
0.01
0
0.02
0
0
0
0
0
0
0
0
0.05
0
0
0
0
0
0
0.02
0.65
0.43
0.85
0.18
0.34
0
0
0
0
0
0
0
0
0
0
0
0
0
0
0
0
0
0
0
0
0
0
0
0.01
0
0
0.05
0
0.01
0
0
0
0
0.25
2.56
6.92
0.25
0
0
0
0
0.11
3.25
3.18
1.43
5.27
5.38
0
0
0
0
0.04
1.36
0.03
0.11
0.08
1.95
0.34
0.23
0.15
0.25
0
0
0.05
3.24
1.15
11.59
1.05
0
0
0
0
0
0
0
0.04
0.04
0.31
0
9.03
0.09
0.86
0
0
0
0
0
0
0
0
0
0
0
0
0
0
0
0
0
0
0
0.84
3.29
4.25
0
13.1
6.72
1.8
0
0
0.01
0
0
0
2.54
10.38
11.38
18.21
11.44
2.74
1.54
0
0
0.01
0.01
0
0
0
0
0
3.84
0.71
0.05
0.11
0.66
4.81
1.97
0.77
6.29
4.83
6.5
0.57
1.34
17.62
16.33
5.38
0.22
0
0
0
0
0
0
0
0
0
0
0
0
0
0
0
0
0
0.12
2.34
0.73
7.13
6.13
9.41
12.38
19.58
5.79
3.91
3.44
0
0
0
0
0
0
0
0
0
0.27
1.3
0.38
0
0
0
0
0
0
0.01
0
0.01
0
0.82
4.24
5.51
6.46
3.67
0.44
0
0.01
0
0
0
0
0
0
0.01
0
0
0
0
0
0
0
0
0
0
0
0
5.65
1.35
0
0
0
0
0
0
0
0
0
0
0
0
0
0
0
0
0
0
0
0
0.09
0
0.01
0
0
0
0
0.02
0.41
0
0
0
0
0
0
0
0
0.02
0
3.25
0.84
0.46
0.41
0.41
6.52
0
0.72
2.41
0.02
0.08
6.36
1.63
0
10.34
0.22
7.36
4.77
0
0
0.14
0.16
2.73
1.35
0.02
0
0
0
0.06
0.52
0.06
0
0
0
0.01
0.54
5.41
5.65
1.98
1.01
0
9.83
4.54
4.1
0.14
0.02
0.37
0.19
0
0.71
0
0.01
2.68
2.69
0
0
0
0
0.88
12.56
10.2
22
1.88
0
0
0
0.91
5.57
0.21
0.04
0
11.02
12.68
4.71
0.45
0.02
0.01
0
0.18
0.47
0.79
4.06
0.06
0
0
0
0
0
0.61
0.07
0
0
0
0.26
0.98
10.38
7.68
4.34
7.4
2.73
2.08
13.89
9.48
7.7
12.57
4.2
6.71
0.91
0
2.82
2.17
5.55
0.36
4.72
1.12
0.09
0.12
0.38
0.48
0.04
0
10.38
9.51
5.38
1.13
4.55
0.87
0.58
3.63
4.46
4.81
5.5
1.57
0
0.07
0.55
2.34
1.73
7.07
12.44
0.18
0
3.82
1.35
2.2
8.03
2.36
4.07
17.81
5.59
14.77
5.28
5.17
0.29
0
0
0
0
0
0
0
5.63
6.3
11.74
4.33
8.12
1.51
0
0
0
0
0
0.76
0.51
1
0
0
0
0.21
0.03
0
0.11
0
0
0
0
0
0
0
0
0.02
0.3
4.66
11.72
4.39
0.85
2.26
0.41
14.59
28.31
15.3
4.88
0.22
0
0
0
0.02
3.36
0.77
0
0
0
0
0
0
0
0.16
0
0
0
0
0
0
0
0
0.71
0
0.44
2.46
14.84
4.73
9.16
32.03
3.92
0.29
0
0
0
0
0
0
0
0
2.89
1.88
1.85
10.26
6.04
2.8
0.37
0
0.09
15.45
1.82
0.08
0.01
0
0
0.07
0.58
0
0
0
0.39
0
0
0
1.72
0.66
12.54
6.76
3.85
1.43
0
0.14
0
0
0.45
5.16
11.32
0.91
0
0
0
0
0
0
0.77
0
0
0
0
0
0.23
9.16
9.72
2.95
0.88
11.82
2.45
0.96
0.7
0.39
0.03
0.01
0
0
0
0.04
12.02
0
1.5
0
0
0
0
0.01
0.16
0
0.02
0
0
0
0
0
0
0
0
0
0
0.02
0
0
0
0
0
1.32
0.52
0
0
0
0
0
0.01
0
0
0
0
0
0
0
0
0
0
0
0
0
0
0.05
0.98
0.11
0
0
0
0.52
0.05
0
0
0
0.02
0.17
0
4.2
0.22
1.04
1.33
4.81
29.48
4.02
0
0
0
0
0
0
0.02
0
0
0
1.37
11.36
2.19
5.21
0
0
0
0
0
0
0
0
0
0
0
0
0
0.28
0.02
0
0.47
0
0
0.82
0.6
1.82
1.3
17.45
4.14
2.97
1.58
0
0
0
0
0
0.01
0
3.16
5.06
25.39
10.41
2.8
10.01
10.08
17.31
13.71
2.1
2.93
0.46
0
0
12.25
9.85
7.69
12.13
3.08
14.16
15.76
0.65
0
0
0
0.14
0.02
0.01
8.44
1.13
0.7
0
0.03
0
0.41
8.51
3.82
0.68
0
0
0.01
0
3.17
7.23
0
0
9.17
0.62
0
2
5.11
4.75
0.04
0.02
0.07
0.13
5.5
2.26
0.91
0.91
0
0
0
0
0
0.23
0
0.27
4.2
0
0
0
0
0.18
0.07
0
0.02
3.35
0.05
3.2
0.91
0.48
0
0.18
0
0
0
0
0
0.27
0.29
0
0
0.02
0.16
0.72
0.7
0
0.14
0.04
0
0.29
0
0.27
0
0
0.85
7.09
3.23
0.24
0.23
2.49
4.95
0.06
0
0
0
0
0
0
0
0
0
0
0
0
0
0
0
0
0
0.01
3.52
5.55
6.65
4.48
18.02
14.16
2.08
1.08
1.16
0.46
0
0
0
0
0
0.44
0
0
3.17
2.26
0.45
6.64
3.71
0
0
0.01
0
0.61
0
0
0
0
0.94
0.66
0.03
4.03
7.73
5.77
5.15
17.64
3.82
12.01
4.99
0
0
0.03
0.07
0.01
0.68
0
0
0
0
0
0
21.12
10.04
3.34
3.59
0
0.11
3.67
2.38
0.02
0
0
0
2.71
27.45
10.66
3.13
8.23
18.59
0.38
5.42
20.62
2.94
0
0
0.05
4.74
2.76
0.97
0
0.12
0
0
1.05
0.13
0
0
0.75
6.04
8.21
4.89
3.27
8.55
1.78
2.21
0
0
0
0
0
0
0
0
2.57
0
0
0.42
1.21
2.25
8.32
0.03
0.02
0
0
0
4.73
0.63
0
0
0
0
0.02
0
0
0
0.13
0
0
0
0
0
0
0.66
13.31
0.66
0.01
0
0
0
0
0
0
0
2.1
0.06
0.01
0
0
0
0.01
0
0.43
0
0
0
6.7
0
0
0
6.89
0.36
0
2.87
0
0
0
0
3.68
0.3
0
0
0
0
0
0
0.25
0.05
0
0
0
0.02
0
0
0
0
0
0
0
0
0.04
1.4
5.69
17.93
3.17
11
1.43
0
0
0
0.03
0.02
0
0
0.02
0
0.01
0
0
0.02
0
0
0
0
0
0
0
0
0
0
0
0
0
0
0
0.01
0.17
0
0
0.01
0.02
0.75
0.12
0
0
0
0
0.05
4.41
4.6
6.45
4.8
1.5
0
0.83
13.55
2.65
27.09
9.55
6.21
4.1
2.12
2.02
0.34
0.33
15.24
2.73
0
0
0.06
0
0.37
0
0
0
0
0
0
0
0
0
0
0
0
0
0
0
0
0.01
1.82
2.59
0
17.01
3.59
6.19
0.59
0.78
0.12
0.04
0
0.03
0.39
0
0.08
0
0
1.12
0.52
0.01
0.01
0
0
0
0
0
0
0.43
0.69
0.49
0.01
0
0
0
0
0
0
0
0
0.07
0
0.02
0
0
0
0
0
0
0
0
0
0
0.01
0
0
0
0
0.61
1.66
0.31
0
0.01
0
0
0
0
0.01
0
0
0.23
2.36
0
0.27
0
0
0
0
0
0.19
0.95
0.52
0.02
0
0
0.75
1.23
10.06
9.58
2.05
0
0.08
0
0
0
0.46
0
0
0
0
0
0
0
0
0
0
0.42
0.16
1.14
0.21
0
0
0
0
1.79
1.06
3.66
1.51
0.57
3.98
1.03
2.38
0.47
0
0
1.61
7.58
6.1
3
1.71
0.05
0
0.36
0
0
0
0.04
0.57
1.35
0.93
0
0
0
0
0.13
0
0
0
0.24
0
0
0
0
0
0
0.02
0.02
0
0.01
0.02
0
0
0
1.07
0
0.38
2.06
8.1
1.21
0
4.27
3.37
0
0
0
0
0
0
0
0
0
0
0.55
0.98
1.84
1.76
1.29
0
0
0
0
0.17
0
0
0.03
0.24
0.42
2.52
0.34
0
0
0.14
0.67
0.07
0.09
8.08
3.02
0.64
16.89
3.2
0
0
9.75
2.62
0
0.48
0
0
0
0
0
0
0
2.32
3.09
0.01
0
0
0
0
0
0
0
0
0
0
0
0
0
0
0
0
0
0.08
0
0
0
0.02
0
0
0
0
0
0
0.01
0.07
0.1
0
0
0
0
0
2.09
0.65
0
0.04
0
0
0
0
0
0
0
0
0
0
0
0
0.02
0.02
0
0
3.77
8.7
8.21
4.35
0.95
0.07
0
0.2
0.05
0
0
2.4
0
0
0
0
0
0
0.14
0.06
0.03
0
0
0.01
0
0
0
0
0
0.01
0
0
0
0
0
0.16
0.52
5.88
1.05
3.6
0
0.21
11.07
6.21
0.18
1.6
0.98
13.66
0.01
1.68
0
0
1.02
8.01
2.05
4.87
2.29
0
0
0.21
0.04
0
0
0.11
1.99
0.89
0.25
0.65
10.46
14.65
21.05
4.99
1.05
0
0
0
0
0.01
0
0.2
0
3.41
0
0.23
0.07
0.16
0.02
14.91
18.32
1.27
1.69
0.59
0.02
0
0
0
0
0
0
0
0
0
0
0
0
0.01
0
0
0
0
0
0.16
18.15
5.36
0
2.6
0.43
0.73
0
0.59
0
0.46
1.18
1.18
2.8
1.04
7.49
0
0
0
0
1.71
2.1
2.36
0.11
0.87
0.25
0.01
0.09
0
0
0
0
0.97
0
0
0.15
0.46
0.06
0.01
0
0.17
0
0
0
0
0
0
0
0.02
0
0
0
0.25
0.14
0.3
5.48
3.65
4.3
2.88
2.63
8.4
4.18
12.03
5.82
0.39
0.88
0
0
2.1
14.79
0.3
0.02
0
0.01
1.34
0.04
0
0
0
0
0
0.05
1.21
9.38
5.91
5.41
4.24
3.76
5.75
0.33
0.02
0
0.19
0
0
0
0
0
0
0.01
1.23
6.75
8.01
3.09
0.15
0
0
0
0
0.02
11.94
5.52
1.84
8.98
1.77
0.01
0.06
15.63
1.35
0.13
0
0
0
0
0.01
0
0
0
0.16
1.6
5.03
0.56
1.25
0.66
0
0
0
0.02
1.14
0.22
0
0
0
0.11
0.28
0.62
0
0
0
0.43
0.09
0
0
0
0
1.89
0.11
0
0.01
0
0
0
0
0
0.18
3.09
12.88
1.86
0
0
0
2.82
18.41
3.57
4.34
0
0.5
5.76
0.42
0.48
5.11
5.13
1.55
0.14
1.84
0.86
0
0
0.02
0
0
0
0
0.01
0
0.72
0
0
0
2.08
1.54
3.63
1.05
3.87
0
2.01
5.71
0.77
0.1
0
0.03
0.01
0
0.01
0
0
0
0
0
0
0
0
0
0
0
0
0.01
0
0
0
0
0
0
0
0
0.21
0.02
0.05
0
0
0
0
0
0
0
0
0
0
0
0
0
0
0
0
1.57
0.35
5.6
1.98
3.7
1.89
0.26
15.48
17.06
9.31
0.52
0
0.02
0
0
0
39.08
6.49
0.13
1.64
0.04
0
0
0
0
0
0
0.83
0.69
0.46
0.02
0
0
0
0
0.01
1.84
0.06
0.16
0
0
0
24.25
14.77
18.35
31.73
5.47
4.31
18.47
5.88
1.19
0.24
0.01
0
0
0
0
0.37
11.99
9.83
1.69
0
0.67
3.5
0
0
0
0
0
0
0.02
2.84
13.38
0.05
0.16
0.1
0
0.21
0.32
1.86
0.62
6.95
0.86
0
0
0.01
0
0
0
4.73
1.63
14.82
2.78
18.38
1.59
0
0
0
0
0
0
0
0
0
0
0
0
0
0.19
0
0.05
0
0
0
0
0
0
0
0
0
0
0
0
0
0
0.01
0
0
0
0
0
0
0.79
0
0
0.01
0.58
0
0
3.05
1.3
2.74
3.44
2.45
0
0.11
1.43
0.39
0.03
0
6.36
3.43
4.24
1.09
0.21
10.62
20.32
6.68
3.18
4.93
3.92
0.41
2.1
0.16
2.84
2.1
2.65
0.41
6.08
1.83
0.56
4.13
0.57
6.05
0.96
0
0
0
0
0
0
0.01
10.5
6.43
1.05
0
0
0
0
0
0
0.02
0.91
0.06
0
0
0.9
0
0
0.02
0.3
0.07
3.25
20.15
8.7
0.49
2.82
10.07
8.15
2.81
4.49
2.8
1.41
6.61
8.78
2.55
0.88
3.41
4.25
15.5
0.82
0
0
0.81
1.59
0.07
0
0.01
0
0.2
0.02
0
2.84
17.31
5.01
11.3
1.85
4.27
1.95
3.67
5.4
1.33
0.91
0
0
0
0
0
0
0.44
1.26
0
0.01
0
0
0.13
23.28
19.63
3.52
1.84
3.65
3.8
2.37
1.94
0
0
0
0
0
0
0
0
0.33
0.16
0.07
0
0.01
0
0
0
0.02
0
9.09
8.81
18.61
2.34
0.02
0
0
0
0
0
0
0
0
0
0
0
0
0
0
0
0
0
0
0.32
0
0
0
0
0
0
0
0
0
0
0
0
0
0
0
0
0
0
0
0
0
0.01
0.01
0
0
0
0
0
5.52
2.99
0.03
0
0
0
0
4.39
0.02
0
0
0
0.01
0
0
0
0
0
0
0.3
0.01
0.04
0
0.17
0.01
0
0
0
0
0
0
0.01
0
0
0
0.49
3.16
1.88
2.51
0.44
9.76
3.14
0
0
0
0
0
0.9
1.34
4.93
0.92
0.02
0
0
6.55
5.23
0.28
0
3.4
4.21
10.16
4.51
0
0
0
0
0
0.04
0
0
0
0
3.01
0.81
0
0
0
0
0.12
4.78
0.45
0.07
0
0
0
0.02
0
0
0
0.06
0
0
0
0
0
0
0
0
0
0
0
0
0
0
0
0
4.93
17.98
3.15
2.34
0.19
0.13
0
0
0
0
0
0
0.45
0.11
0
0
0
0
0
0
0.01
0
0
0
0
0.04
0
0
1.6
1.56
0
0.22
0.86
1.42
0
0
0
0.01
0
0.05
0
0
0
1.38
9.39
9.63
1.5
0.38
0.74
1.25
0
0.09
0.77
8.34
1.92
6.15
1.5
6.57
2.73
0.02
0
0
0.02
0
0
0
0
0
0
0
0
0
0
0.01
1.95
1.6
7.26
0.75
0
0
0
0
0
0
0
0
0
0.06
0
0
1.23
2.2
11.91
4.36
0.05
0
0.41
4.71
1.66
0.14
2.15
1.82
0.1
0
0
0
0.06
0
0
0
0
0.05
0.67
0.2
0
0
0
0
0
0.58
0.1
0.05
1.01
1.1
7.48
2.18
0.64
0
3.76
0.96
0
0
4.06
0.38
0.12
0.02
0
0.01
0
0
9.61
18.16
5.38
16.61
9.16
0.1
0.7
0.34
0.31
12.86
24.62
13.54
21.19
11.91
1.88
0
0.56
0
0
0
0
0
0
0
0
0
0
0
0.03
0
0.11
3.45
10.38
9.99
3.72
1.71
8.7
5.24
4.63
6.69
4
5.63
4.21
0.48
2.41
0.79
10.99
3.27
3.38
1.38
2.5
1.06
1.04
2.8
11.6
7.46
7.28
3.02
1.66
2.94
0.49
0.18
5.57
12.71
13.24
4.36
0
0.68
0
0
3.09
1.3
0
0
0
0
0
7.88
0.34
0.51
0
0.01
0
0
0
0
0
0
0
0
0.02
0
0
0
0
0
1.59
0.54
3.65
0.66
0.88
2.43
0.01
0
0
0
0
0.04
0
0
0
0
0
0
0
0
0
0
0
0
0
0
0
0
0
0
0
0
0
0
0
0.02
0
0
0
0
0
0.46
0.35
0
0
7.09
10.04
0.05
0
0
0
0.01
0
0
0.44
1.94
2.52
0.99
0
0.02
18.6
2.84
0
0
0
0
0
0
0
0
0
1.7
5.38
9
1.95
5.14
2.59
0.28
0.19
0
0
0
0
0
0
0
0.02
0.73
0.17
0.38
0.3
8.05
14.22
3.06
1.09
0.15
0.1
0.8
3.18
0.05
0.27
7.66
7.69
7.61
5.3
0.79
0
6.95
10.8
2.89
12.64
27.45
12.76
6.98
0.77
0
0.1
0.41
2.56
1.91
0
0
0
0.05
0
0.01
0
0
0
0.13
0.01
0
0
0
0.05
4.73
0.13
0
0.3
8.04
5.5
1.99
5.32
1.81
2.55
3.22
1.63
1.83
14.17
7.78
0.77
0.32
0.07
1.92
7.48
2.2
3.05
1.05
1.22
0
0
0.05
0
0
0
0
0
0
0
0.11
0.01
0
0
2.61
0.38
6.77
2.76
0
1.14
0
1.88
4.93
0.59
0.62
0
1.05
0.31
0
0.88
0.16
2.05
13.3
2.94
4.57
18.48
7.91
0.66
3.98
0.7
0.1
2.18
2.07
1.98
6.57
6.71
5.98
5.73
8.66
8.89
8.17
2.38
0.17
4.24
0.86
0
0
0
0
0
0
0
0
0
0
0
0
0
0
0.01
0
0.07
1
2.62
1.23
2.48
9.52
4.75
2.2
0
0.03
0.02
0
0.01
0
0
0
0
0
0
0
0
0
0
0
0
0
0
0
0
17.09
4.89
2
0
0
0.01
0.05
0.73
0.25
4.52
0.88
0.02
0.05
13.39
10.73
0.38
0
3.96
4.77
5.51
3.54
9.14
5.4
2.78
2.01
0
0
0
0
0.2
0
0
0
1.06
0.23
0
0
0
0
0
0
0.01
6.89
2.69
0.04
0.01
1.13
0
0
0
0
0
0
0.53
0.02
0
1.64
2.03
0
0
0
0
0
2.34
0
0.02
0
0
0.03
1.42
2.25
1.54
1.39
0.01
0
0
0
0.14
0
1.02
0.47
0.05
0.08
2.93
2.04
0
0
0
0
0
0.01
0
0
0
0
0
0
0
0
0
0
0
0
0
0.01
0
0
0
0
0
0
0
0
0
0
0.08
0
0
0.02
0
0
0
0
0
0
0
0
0
0
0
0
0
0
2.12
0.03
0.91
1.39
1.53
0.63
0.92
0
0
0
0
0
0
0
0
0
0
0
0
0
0
0
0.02
0.07
0.01
0
0
0
0.32
0.11
5.28
1.05
0
0
0
2.78
0.32
0
0
4.5
17.25
3.54
0.54
0
0
0
0
0
0
0
0
1.01
0.47
3.18
3.76
0.19
0.06
0.05
0
0.07
1.3
0.2
0.04
0
0
0.16
0
0
0
0.23
0.19
0.2
0.09
10.62
20.97
2.84
0.02
0.05
0
0
0
0
0
0.04
0
0.07
0
0
0
0.09
0.09
0.86
0.41
0.12
0
0
0
0
0.22
0
0
0
0
0
0
0.43
0.06
0
0
0.08
2
0
1.38
8.21
3.24
2.28
17.34
0.92
0.14
0.19
0.14
1.47
0.32
0.16
0
0
0.2
9.63
1.45
0.88
7.02
6.04
0
0.02
2.84
17.89
24.19
23.3
11.7
12.8
11.07
3.45
13.98
30.45
16.8
8.17
5.17
0
7.63
9.95
3.61
1.67
9.25
0
0
4.09
0.13
14.7
14.94
3
1.16
2.04
1.84
0.55
2.09
0.7
0.42
0.19
0
0
0.77
0.7
0
0
0
0
1.51
0
0.31
1.12
9.69
1.66
0
0.08
16.45
0.25
0
0
0
0
0.54
8.39
11.2
7.23
1.91
0.68
0.5
12.11
12.38
13.09
5.59
8.43
5.45
2.04
3.37
0.43
3.28
6.92
0.02
13.14
3.18
9.97
0.53
0.41
0.19
0
0.01
0
0
0
0
0
0
0.51
0
9.81
0.98
0.58
12.09
8.36
0.54
0
0.83
4.28
0.06
0.25
0
0.28
3.27
0.05
0
0
3.17
0
0
0
0.23
5.79
6.81
4.58
7.92
9.47
10.29
7.83
2.89
0
4.63
5
0.86
0.59
0.95
0
0
0
0.02
1.02
0.25
2.84
0.98
0
0
0.44
7.41
4.59
4.91
9.4
3.83
9.51
2.75
1.77
0.45
0
0
0
0
0
0
0.03
1.27
0.17
0
0.2
8.06
1.64
0.03
0.01
0
0
0.39
0.28
0
0.18
0.1
0
3.67
27.1
9.75
8.93
7.64
5.4
7.18
1.2
1.07
1.65
4.34
0.23
0.03
0
0
0
0
7.48
4.71
1.66
0
2.4
0
2.05
6.11
9.41
0
0
0
0
0
0
0
0.54
0
0
0
0
0
0
0
0
0
0
0
0.08
0
0
0
0
0.06
0
0
0
0
0
0
0
0
0
0
14.87
2.92
0.91
0
0
6.31
0
0
0.02
0.27
0
0.02
0
0
0
0
0
0
0
0
0
0
0
0
14.3
4.9
0.38
0
0
0
0.15
0
0
0
0
0
0
0
0
2.83
9.71
1.81
0
2.4
0.32
0.12
3.27
0
0
0
0
0
0
0
0
0.07
4.96
0.63
0.19
0
0.02
0.48
18.76
9.06
0.76
3.08
1.04
0
0
0
0
0
0
0
0
0
0
0
0
0
0
0
3.91
14.12
7.86
0.95
0
0.01
0
0
0
2.64
22.62
3.12
0.32
1.04
1.09
0.01
6.37
1.29
0.41
3.89
0
2.18
4.81
5.89
0
0
0
0
0
0
0.44
1.41
4.57
2.76
4.54
0.45
0.27
4.05
8.52
10.32
7.37
0.28
0.21
0.19
0.04
1.01
0.43
0.02
0.15
0.34
2.9
2.85
6.07
15.38
7.91
2.78
0
0
0
0
0
0.86
3.23
3.62
0.09
0
0.02
1.11
2.69
1.87
0.1
8.33
5.12
4.61
1.12
0
0
0.01
0.01
0
0.01
0
6.64
1.64
0
0
0
0
0
0.24
3.14
7.8
4.27
2.59
0.13
0
0
0
0
0
0
0
0
0.01
0
0
0.11
2.86
5.57
13.12
10.82
6.37
1.13
11.13
1.76
0.16
0.02
0
0
0
0
0.09
0.41
0.02
0.1
3.91
1.71
0.02
0.77
0
0
0.48
0
4.38
2.61
2.9
8.84
9.01
15.53
3.23
0
0.54
0
0.98
0
3.01
0.25
0.68
4.24
3.32
0
0.1
0.02
0
0
0
11.22
1.8
0
0
0
0
0
0
0
0
0
0
0
0
0
0.09
1.61
0.18
21.81
5.96
2.06
0.43
3.83
0.55
0.06
3.24
7.45
3.81
0.99
3.09
6.8
1.23
9.68
1.63
15.16
4.08
0
0
0.01
1.37
0
14.11
1.73
0
0
4.23
1.09
0
0.38
1.3
0.56
0.1
0
0.7
0
0
21.21
8.13
0.18
0
0.05
0
1.59
2.42
14.65
24.12
0
1.04
0
0
0
0
0
0
0
0
0
0
0
0.83
0.03
0
0
0.21
0
0.02
0
0
0
0.01
0.16
0
0
0
0
0
0
0
0
0
0.04
0.01
0
0
0
0
0
0
0
0
0.02
0.01
0
0
0
0
0
0.26
0
0.18
0.01
0
0
0
0
0
0
0
0
0
0
18.66
0.13
0
0
0
0.57
0.12
0.01
0
0.05
0
0
0
0
0.01
0
0
0
0
0
0
0.09
0
0
0
0
0
0
0
0
0
0
0
0
0
0
0
0
0
0
0
0
0.45
0.02
0
0
0
0
0
0
0
0.01
0
0
0
0
0
0
0
0
0
0
0
0
0
0
0
0
0
0
0
0
2.97
16.52
0.01
10.92
8.54
2.35
0.02
0.45
0
0.01
12.08
20.97
16.01
18.52
4.88
2
0
0
0
0.01
0
0.1
1.52
0.56
0.07
0.96
0.21
0.56
0.67
0.46
3.37
0
0
0.05
0.15
0.82
0.09
0
0
1.35
3.45
0.29
0
0
0.73
0
0
0
0.52
0
0.16
0.79
0.26
0.07
0.78
0.14
0
0
0
0
0
0
0
0
0
0
0
0
0
0.13
0.66
0.49
0.01
0.01
0.04
0
0
0
0
0.01
0
0.02
0
0.19
6.64
3.09
0
0
0
0.03
0
0
0.01
0.01
0
0
0
0
0.01
0.01
0
0
0.02
0
0
3.04
0.52
0.24
0
0
0
0
0.05
0
0.63
0.13
0
0
0
0
0
0
0
0
0
0
0
0
0
0
0
2.03
0.08
0.2
0
0
0
0
0
0
0
0
0
0
0
0.09
0
0
0.21
1.96
0.54
0
0
0.05
0
0
0
0
0
0
0
0
6.77
8.42
9.07
6.84
1.44
1.58
0
0.26
1.91
1.46
8.51
3.71
8.3
1.33
0
0.67
4.5
3.82
0.29
0.25
0
0
0
0
0.95
9.35
18.43
17.39
4.07
1.27
0.03
1.6
5.34
3.03
0.32
0
0
0
0.02
0
1.21
0.49
0.46
0
0
0
0
6.57
2.98
0.13
0
0
0
0
0
0
0.01
0.02
0
0
0
1.84
0
0
0
0
0
0.03
0
0
0
0
0
0
0
0.02
0
4.45
11.52
0
0
0
0
0
0
0
0.26
0
0
0
0
0
0
0
0
0
0
0
0
0
0
0
0
0
0
0
0
0.01
0
0
0
0
0
0
3.12
1.55
5.55
0.04
0
0
0
0
0
0
0
0.47
0
0.21
0
0
0.05
0
0
0
0
0
0
0
1.6
0
0
0.01
0.01
0
0
0
0
0
0
0
0.03
0
0
0
0
0
0
0.01
0.97
0.55
0
0.01
0
0
0
0
0
0
0
0
1.66
0
0
0
6.99
1.58
5.07
4.49
5.01
30.71
0
0
0.01
0
0
0
0
0
0
0
0
0.7
8.8
7.23
0
5.22
0
0
0.73
5.93
19.41
18.82
10.52
0
0
2.58
9.2
4.23
1.42
0.04
2.11
8.91
0.03
0.18
3.66
25.39
17.79
0.18
0.16
2.07
26.08
7.7
10.33
0.39
0.11
0.2
0
0.06
0
2.09
0.57
0.06
0.03
0.87
0.05
0.04
0.05
0.11
5.24
0.16
0.07
0.08
0.02
0
0.01
0.16
0.42
0.05
0.02
0
0
0
0
0
0.02
0.55
8.59
0.73
4
0.24
0
0.02
0.2
0.25
0.03
0.01
0
8.85
0
0
0
0.8
0.13
1.1
0.34
0
0
0
0.01
0
0.09
0.03
0.04
0.18
0.48
5.86
2.06
0.28
0.5
12.39
5.3
13.48
13.13
4.27
2.8
12.99
12.16
0.2
0.49
0.38
6.43
0.13
0
0
0
6
1.02
0.02
0
0.89
0.31
0.24
0.06
0.55
7.58
1.51
0.18
0.08
0
0
0.24
2.12
0.88
1.77
0
10.64
10.81
0.47
0.21
0.08
0.05
0
0.79
0.02
0
0
1.02
7.98
6.23
14.42
16.95
8.04
4.84
3.33
1.74
1.34
0.39
0.17
5.69
8.84
0.11
12.63
0.09
0.01
1.72
2.98
6.44
18.63
29.7
8.25
4.7
19.01
0.95
13.95
1.53
0.64
4.98
8.95
1.7
0.66
3.84
1.25
0.21
0.27
0.08
0
0
0
0
0
0
0
0
0
0
0
0
0
0.18
9.09
4.86
9.63
1.82
5.34
0
0
0.48
0
0
0
0.01
0.01
0
0
0.37
0
0.38
1.41
3.37
4.27
6.96
3.25
2.48
0.95
0.04
0.01
0
0
0
6.67
3.5
0.47
9.27
1.47
0
0.01
0
0
0
0.64
0
1.14
1.09
1.33
0.02
0
0
0.06
0
0
0
0
1.16
0.13
0
1.41
0.04
0
0.02
0
0
0
0
0
0
0.55
0
0
0
0
0
0.01
0
4.14
1.93
1.32
0.02
0
0
0
0
0
0.02
0.02
0
1.87
0
0.01
0
0
0
0
0
0
0
0
0
0
0
0.01
0
0.14
0.11
0
0
0
0.08
5.8
0.88
0
2.02
0.41
0.1
0
0
0
0
0
0
0
0
3.5
3.96
21.79
7.7
0
0.04
0
0
0
0
11.43
0.42
0.8
1.37
0.02
0
0
0
0
0
0
0
0
0
0
0
0
0
0
0
0
0.04
1.38
11.88
1.86
2.19
0.44
2.37
3.54
5.13
0.01
0.01
0.01
0.01
0.01
0
0
0.01
0
0
0
0.01
0
0
4.24
0.11
0
12.91
0.01
0
0.36
0.45
0.01
0
0
0.01
0.27
0
0
0.37
4.07
0
0
0.26
2.55
0
0
0
0
0.02
0
0
1.39
9.7
6.69
1.64
0
0.31
0
0
0
0
0
0.39
0.18
0.06
0.16
0.02
0
0
0
0
0
0
0
0
0.01
0
0
0.86
0.01
0
0
0
5.47
15.93
0
0
0
1.16
22.91
11.87
0.88
3.28
1.93
0
0
0.97
7.42
17.05
15.16
14.71
1.83
0.36
0
0.01
0
0
0
3.49
7.21
7.13
5.38
3.02
2.05
7.11
1.23
1.8
5.94
3.65
0
0
0
0.1
0.18
6.27
6.48
3.14
2.78
0.19
1.27
2.77
15.81
0.97
9.77
4.79
8.46
23.8
1.53
11.8
3.5
5.3
0.8
3.34
0.21
0.79
0
0.11
2.48
0.22
0
0
1.82
0.2
1.36
1.93
0.93
21.38
4.34
0.26
0.14
0
0
0
0
0
0.05
0.08
0.01
0.35
0
0
0
0
0
0.01
4.63
1.57
2.24
0
0.63
5.19
2.28
0
0
0.37
0.58
0
0.25
5.19
3.6
1.58
0
0
0
0
0
0.55
0
6.23
0
0.06
1.18
0.21
0
0.04
2.78
3.25
9.52
0.01
0.01
6.58
0.96
0.14
0
0.01
0.01
0
0
0
0
0
0
0
0
0
0.18
0
0
0
0
0
0
0
0
0.02
2.41
0.02
6.79
0.98
1.25
5.16
0.75
0
0.66
2.88
0
0
0.42
0.1
0
0
0
0
2.49
0
0
0.3
5.66
3.59
1
0
0
0
1.39
0
0
0
0
0.02
1.36
6.56
8.16
0
0.38
0
0
0
0
0
12.15
12.13
0
0
0.17
0.33
0
0
0
0
0
0
0
0
0
0
0
0
0
0
0
0
0
0
0
0
0
0
0
0
0
0
0
0
0
0
0
0
0
0
0
0
0
0
0
0
0
0
0
0
0
0
0.01
0
0
0
0
0
0.13
2.27
0
0.11
0.02
0.27
0
0
0
0.2
0.15
0.3
0.8
0
0
0.06
0
0.01
0.05
2.76
1.87
0.39
0
24.49
5.55
1.29
7.87
0.02
0
0.95
10.92
0.09
0
0.59
1.44
0.13
0
0
0
0.01
4.96
9.27
16.02
5.08
5.33
6.21
2.41
1.14
0.22
0
0
0
0
0
0
0
0
0
0
0
0
0
0
0
0
1.25
15.89
5.56
1.4
0.62
2.91
10.92
1.23
10.9
15.94
0.85
11.05
8.42
5.39
0.25
0.38
0
0
0.02
0
0
0.14
0.54
7.38
3.38
4.79
23.53
6.66
1.55
2.48
0
0.8
0.12
0
2.57
0
0
0.01
0
0.17
0.25
11.87
8.33
1.02
1.05
0.13
0
0
0
0
0
0
0
0
0.11
2.01
3
0.33
0
0
0
0
0
0
0
0
0.01
0
0
0
0
0
0.01
0
11.04
0.63
0.01
2.21
0.15
0.03
2.78
1.8
0
0
0
0
0
0.23
2.75
25.68
2.3
0
11.83
12.05
1.3
3.54
0.02
0.03
0.02
0.09
0
4.6
1.43
0.32
3.31
2.93
0.45
0
0
0.35
4.12
1.6
0
1.9
0.3
0
0
0
0
0
0.14
0.11
0
0
0
0
0
0
0
0
0
0
0.01
0
0
2.57
8.8
0.34
2.92
4.79
8.19
6.71
0
0
0.05
0
0
0
0
0
0
0
0
0
0.19
0.03
0
1.32
2.91
0.04
3.29
0.02
0.01
0
0.63
2.48
0
0
0
0
0.21
0
0
0.02
2.17
19.85
0.23
0.25
0.03
0
0
0
0
0
0
0
0
0
0
0
0
0
0
0
0
0
0
0
3.08
0
0
0
0
0.71
0
0
0
0.01
0
0.21
0
0.04
0.08
3.13
1.39
0
0.05
0
0
2.93
3.45
18.23
0.37
0
0.02
5.82
0
0
0
0
0
0.17
3.09
0.23
0.42
0
0
0.05
0.02
0
0
0.01
0
0
0
0
0
0
0
0
0
0
0
0
0
0
0.04
0
0.69
0
0
0.03
0.21
0
0
0
0
0
0
0
0.41
3.52
0
0
1.35
0
0
0.15
0.2
0
0.1
0
0
0
0
0
0
0.36
0
0
0
0
21.82
0.16
0.12
0.76
0
0
0
0
0
3.29
7.77
1.91
0
0
0.89
0.59
1.98
4.81
0
0
0
0
0.04
0
0
0
5.18
0
0
0
0
0
0
0
0
0
0.02
0.55
2.85
0.81
0.48
0.02
0.03
0.73
3.66
3.5
0.29
0.03
1.91
0
0.09
1.72
1.4
1.93
0.14
0.01
0
3.84
4.67
0.12
2.05
0.03
0
0
0.52
0
2.52
2.65
1.02
0.05
0
0
5.21
20.16
4.54
0.46
0
0
0
0
0
0
0
0
0
0
0
0
0
0
0
0.19
2.73
0.06
0.05
0.46
0.09
0
0.26
0
0
0
0
0
0
0
0
0
0
0.03
0
0
0
0
0.16
0
0
0
0
0
0
0
0
0
0
0
0
0
0
0.91
0.16
1.13
1.91
9.15
0.79
16.46
22.76
0.61
3.8
2.48
6.13
4.47
14.43
1.41
0
0.58
5.67
0.02
0
0
0.5
0.01
0.02
0.12
0.26
0
0
0
0
0.05
1.07
0.5
0.3
0
0.01
0
0
0
0
11.24
0.15
0.01
3.55
9.79
6.14
36.09
23.23
9.82
0.01
0
1.54
1.1
0
0
0
0
0
4.86
0.32
20.63
7.28
1.41
0.23
0
0
0.03
2.68
1.07
2.38
5.82
0.7
4
0.22
0
0
0.26
0.09
0
0
0
6.29
13.95
7.2
10.42
0
0
0
0.08
2.02
0.57
0
0
0.39
0.33
0
0
3.82
36.81
0
0.12
0.32
0.06
0
7.86
5.61
11.69
0.51
0
0.69
11.21
0.14
0.24
4.33
4.22
0.35
0.87
4.66
0
0
0
0
2.89
5.25
0
0
0
0
0
0.91
7.71
11.32
9.23
5.76
13
4.54
3.85
6.22
0.21
0
0
0
0
0
0
0.41
1.14
0.68
0
0.01
0
0
4.59
2.76
0.48
0
0
0
3.49
2.8
0
0.01
0
0
0.56
0
0
0
0
0
1.16
1.49
0
0.02
0
0
0
0
0
0
0
0.31
0
0.39
10
0.01
0
0
0
0.05
0.81
0.15
0
1.62
0
0
0
0
0
0
0
0
0
0
0
0.09
0
0
0.02
0
0
0
0.07
0
0
0.01
0
0
0
0
0
0
0
0
0
1.91
0.3
0
0
0
0
2.17
0.27
0
0
0
0.02
0
0
0
0
0
0.02
0
0
0.04
0
0
4.21
0
0
0
0
0
0
0
0
0
0
0
12.15
9.67
0
0
0
0
0
0
0
0
0.48
0
0
0.06
0.02
0
0
0
0
0
0
0
0
0
0
0
0
0
0
7.71
6.39
0.29
0
0
1.59
0.88
8.8
10.05
4.46
8.4
8.71
9.63
0.08
0
0
0
0
0
0
0
0
1.25
9.89
20.69
0.45
0
2.7
0
0
0
0.04
0
0
0.01
0
0
0.01
0.75
29.2
4.34
8.5
6.2
2.11
3.78
5.54
1.09
0
0
0
0.08
0.07
2.46
2.17
0
0.11
0.04
0
0
0
0.08
0.23
0.02
0
0.04
0.46
0
0
0.07
0.1
0.3
0.09
0.01
0
0.01
0.01
0
0
0
0
0
0.01
0.01
0
0.01
0
0
0
0
0.52
0
0
0
0
0
0
0.27
0
0
0
0
0
0
0
0
0
1.34
7.7
0.1
2.77
1.57
0.04
3.5
6.07
15.27
12.76
3.26
0
1.28
0.01
0
0
1.44
3.35
3.3
0
0
0
0
0
0
0
0
0.01
1.18
0.59
0.13
0
0.02
0
1.15
0
15.4
0.65
0
0
1.15
0
0
0
0
4.05
1.14
0
0
0
0
0
0
0.04
0
4.62
1.74
1.06
6.37
4.89
3.87
0.27
0
0
0.36
0
0
0
0
0
0
0
0
0
0.01
0
0
0
0
0
0
0.02
0
0.09
0.01
0
0
0.11
1.46
4.29
1.16
0.16
1.52
4.21
3.77
0.26
0
0.04
1.16
2.05
0
0.37
0
0
10.42
5.21
2.97
0.74
0
0
0
0.79
10.59
0.69
0
0
0
0.01
0
0
0
0.01
0
1.08
1.2
0.77
0.05
9.51
3.46
22.53
0.23
0
0.04
0
0
0
0
0
0
0
5.33
1.69
0.8
1.2
13.2
1.16
0.01
0.05
0
0
1.98
0.33
0.86
1.4
0
0.01
0
0
0
0
0.04
1.6
24.84
0
0
0
0
0
0
0
0.02
0
0
1.59
0
0
0
0
0.02
0
0
0
0
0
0
0
0
0.23
0
0
0
0
0.09
0
0
0.05
0
0
0
0.01
0
0.01
0
0
0
0
0
0
0
0.04
0
0.07
1.8
6.91
20.26
4.9
0.05
0
0
0.07
0
0
0.01
0
0
0.16
0.05
0
0
0
0
0
0.01
1.59
0
0
0
0
0.28
9.04
0.01
0
0
0
0.15
0
0
0
0
0.01
1.76
0
0
0
0
0
0
0
0
0
0
0.02
0.02
0.8
6.72
16.5
0
0
1.89
0
0
0
0
0
0
0
0
0
0.72
0
0
0.01
2.34
0.2
0
0
0
0
0
0
0
0
0
0
0
0
0
0
0
0
0
0
0
0
0
0
9.18
0.02
0
0.84
0.05
0
0
0
0
0
1.24
0.8
17.09
5.56
0.55
0.02
3.29
3.43
0
0
0
0
0
0
0
0
0.02
4.24
12.64
1.3
0.85
4.64
0.85
1.78
0.57
0.04
0.1
0.01
2.06
10.85
2.28
1.82
2.23
2.41
0
0
4.05
0.59
0
0
0
0
0
0
0
0
0
0.17
13.47
8.02
0.04
0
0
0
0
1.14
0.38
5.73
5.29
3.4
0
1.27
1
1.68
0.11
3.51
0.84
0.31
0
0
0
0.02
0
0.12
0.16
0.06
0
0
0
0
0.96
23.83
22.8
15.1
19.2
9.14
10.5
6.43
5.09
1.72
4.52
10.34
17.06
8.39
2.87
3.04
24.54
5.48
5.35
13.53
0
10.17
0.14
0.72
0.3
13.63
2.02
1.7
0.1
0.34
0
0.88
5.02
2.22
0.09
0.93
2.12
1.73
0.16
8.23
8.43
9.29
14.57
28.82
25.11
9.33
1.89
0.28
9.15
0.16
0
1.08
0
0
0.11
0.15
0.05
0.1
0.02
0.02
0.02
3.3
6.18
0.43
0
0
0
0
2.42
2.79
2.07
2.7
0.4
0
0
0
0
0
0
0.38
0.77
0.95
7.38
3.61
6.01
3.28
0
0.55
0
0.31
11.87
4.57
16.01
8.86
0
0.58
10.49
1.16
0
4.02
2.55
0.1
1.95
7.59
0.73
0.73
1.13
0
0.59
0
0
0
0
0
0.46
0
0.03
0
0.02
0
2.21
1.72
1.17
0.58
4.23
0
0
0
0
0
0
0
0
0.01
0
0
0.02
0
0
0
0
0
0
0
0.01
0
0.07
0
0
0
0
0
0
0
0
0
0
0
0
0.07
0
0
0.02
0.5
0
0
0.02
13.97
1.95
0
2.28
2.05
0.4
0
0
0
0.49
1.81
5
0.04
0.01
0
0.02
7.59
0
2.05
0.05
0
2.08
0
0.01
0.02
0
6.75
0
5.01
4.99
12.42
0.26
0.68
0
2.98
0.32
6.55
1.97
0
0.07
0
0
0
0
0.19
0
0
0
0
0
0
0
0
0
0
0
0
0.02
0.15
0.46
0.16
0.03
0.21
4.8
0
0.01
0.36
28.38
8.32
0.78
0.87
0
0
0
1.09
4.45
8.77
1.27
4.14
12.76
18.22
0.62
0.32
0
5.15
17.02
0.5
1.18
8.08
1.4
3.34
1.03
0.3
0.5
0.6
0.29
0.82
0.57
0.77
10.97
9.62
4.63
3.39
3.15
4.36
14.15
2.14
0
0.29
3.98
0.01
0.02
0.06
0
0
0
0
0
0
0
0
0
7.48
15.89
0.27
1.47
4.6
0.52
2.46
0
0
0
0
0
0
0
0
0
0
0
0
0
0
0
0
0
0
0
0.03
0
0
0
0
0
0
0.19
0.1
0.12
0
0
13.12
0.12
0
1.62
1.09
0.14
0
0
0
0
2.61
9.88
13.31
6.19
0.23
0.04
0
0
0
0
0
0
0
0
0.02
0
0
0
0
0
0
0
0
0
0
0.02
0
0
0
0
0
0
0
0
0
3.97
7.55
0.07
1.6
0
0
0
0
0
0
0
0
0
0
0
0
0
0.03
0
0
0
0
0
0
0
0
8.53
3.92
4.18
0.16
2.78
10.64
7.42
2.3
5.41
4.14
2.8
0
0
0
0
1.02
0
4.02
26.91
15.5
4.39
2.38
1.58
6.86
18.31
4.92
1.14
0.04
0
0
0.36
2.53
2.42
0.03
0
0
0
0
0.01
0.84
0.31
0
0
0
0
0
0.73
0
0
0.02
0.02
0
0.03
0.38
0
0
0
0
0
0
0
0
0.09
0
0
0.45
0.3
0.02
0.05
0
0
0
0
0
0.04
0
0
0
0
0
0
0
0
0
0
0
0
0
0
0
0
0
1.83
0.71
0
0
0
0
0.02
13.91
0.05
0
0
0.15
0.01
0.01
0
1.81
0.05
0
0
0
0.04
0
0.02
0
0.95
0
0
0
0
0
0
0
0
0
0
0
0
0
0
0
0
0
0
0.01
0
0
0
0
0
0
0.22
21.62
0
0
0
0
7.19
0
0
1.77
8.93
0
0.59
0.47
0.01
0
0
0.02
0
0
0
0.12
0
0
3.78
4.48
8.44
1.29
3.84
0.2
4.63
6.05
0.69
1.73
0.19
0
0
0.07
0
0
0
0.28
0
0
0
0
0
0
0
0
0
0
0
0
0.03
4.66
0.28
0.19
0.5
0.17
14.12
3.55
0.41
8.88
3.31
0.75
0.01
0
0
0.17
0.09
0.03
0.96
3.11
5.84
2.75
7.07
2.38
1.39
0.3
0.03
2.86
1.06
1.17
12.56
7.8
10.53
1.64
0.14
4.83
0.36
0.09
3
2.72
18.31
1
1.42
0.22
3.45
1.34
4.97
2.56
5.62
2.03
0.22
0.31
0.25
0
0.03
0.8
1.3
0.01
0.01
0.41
13.34
0.06
0
0.05
0.03
2.08
0.91
38.25
36.56
15.48
3.5
0.14
0
0.02
0
0
0
0.01
0
0
0
0
0
0
0
0
0
0
0
0.31
0
0
0
0
0
0
0
4.72
0.44
0
7.31
0.19
0.06
1.97
7.19
0.05
1.31
2.28
0.22
1.2
2.2
0.43
0.14
0
0
0
0.05
0.02
1.11
0
0.18
0.01
0
0
0
0.03
0.01
0
0
0
0
0
0
0
0
0
0
0
0
0.59
21.19
2.9
1.33
0.03
3.17
0.67
0
0
0
0
0
0.61
0
1.77
33.91
15.75
1.88
0
0
0
4.52
3.52
0.97
0.5
2.91
1.34
1.25
0.01
0.88
12.45
13.56
3.56
0.57
0
0.02
0.14
5.58
2.59
0.53
5.23
2.23
0.52
0
0.41
2.25
11.16
0
2.95
11.28
1.59
0.97
3.38
1.04
0.37
1.34
5.27
4.11
2.55
0.12
0
0.02
0
0
0
0
0
0.18
0
0.55
0.86
0.28
3.04
17.5
5.04
7.77
9.85
0.73
0.2
0.02
0
0
0
0
0.04
0
0.49
2.69
0.07
0
0.06
0
0
0
0.02
4.92
11.7
0.05
0.02
5.27
0.27
0
0
0
0.7
0.02
0
0
0.3
0
0
0.02
0
0
0
0
0
0.06
0
0
0
0
0
0
0
0
0
0
0
0
1.52
17.12
0.26
0.02
1.64
0
0.34
0
0
0
0
0.43
0
0.46
0
0.28
0
0
0
0
0
0
0
0
0
0
0
0
0
0
0.03
0
0.11
0.11
36.14
0
0
0
0
0
0
0
0
0
0
0
0
0
0
0
0
0
0
0
0
0.01
0
0
0
0
0
0
0
0
0
0
0
0
0.57
0
0
6.62
14.84
0.05
0.44
0
0.08
0.94
4.06
0
0.03
0
0
0
0
0.16
20.5
0.19
0.47
0
0
0
0
0
0
0
0
0
0
0.02
0.01
0.01
0
0
1.25
0
0.83
4.31
0
6.44
0.01
0.05
0
0
0.02
0.01
0
0.15
3.25
1.31
3.38
13.08
6.44
0.12
0.14
0.53
0.04
0
0
2.55
0.09
0
0
0.01
0
0
0.07
0.01
0
0
0
0
2.84
0.28
0.02
0.03
0
0.09
3.56
4.61
0
4.97
13.23
0.92
5.77
10.84
13.39
0.08
0.28
2.91
0.91
0
0.04
0
7.4
0.09
0.09
0.03
0.09
0.8
0.09
0
6.86
0.72
1.33
0.13
6.77
2.58
1.18
0.55
0.7
0.2
0.81
4.94
15.03
2.31
0.7
0
0
0
0
0.13
0.19
0.18
0.14
0.22
9.88
15.78
2.55
19.61
1.72
12.77
3.37
0.16
1.02
2.95
5.02
1.78
0.16
0.16
0
0.03
8.56
13.2
18.61
19.48
28.03
0.47
1.62
2.05
0.12
0.02
0
0
0
0
0
0.47
9.19
0.41
0
0
0
0
0
0.02
1.33
0.06
0.13
2.02
0.06
0.09
5.22
9.46
0.17
0
0
0
0
0
0
0
0
0
2.31
0.38
0.01
0
0
0
0
0
0
0
0
0
0
0.03
3.99
0.86
0.53
0
0
0
1.88
1.89
9.06
8.22
0.03
0.64
3.87
2.17
0.3
0.02
0.1
0.41
7.97
12.44
4.52
1.84
12.53
1.09
11.38
3.94
14.07
1.99
0
1.99
0.89
1.91
0.01
0.66
0
0
1.77
7.31
0.29
0.27
0.05
0
0
0
0
0
0
0
0.07
0.03
0
9.91
0
0
0.2
0.12
0.02
0.65
0.91
1.15
16.42
0.06
0
3.8
8.16
0
0
0
0
0.02
9.03
0.03
0
13.09
0
4.88
3.12
0.03
0.82
1.28
0
0.58
0
0.03
0
0.16
0
0
0
0
0
0
0
0
0
1.74
0.01
0
0
0
0
0
0
0
0
0
0
0
0
0
0
0
0
0
2.78
0.05
0
0
0
0
2.14
0.03
0
0
0
0
0
0
0.01
0
0
0.45
0
0.02
1.62
0
0.01
0
0
0
0
0
0.01
4.66
6.16
0
0
0
0.01
1.11
0.25
7.72
20.94
0
0
0
0.03
0.01
0
0
0
0
0
0
7.03
39.94
4.28
1.73
0
0
0
0.11
0.41
0
0
2.36
0.2
0.1
0
0
0
0
0
0
7.47
0.05
0
0
0
0
0
0
0
0
0
0
0.01
0.08
0.33
0
0
0
0
0
0
0
0
0
0
0
56.5
26.25
58.84
0.36
9.27
0
0.02
0
0
0
0
0
0
0
0
0
0
0.2
0
0
0
0.12
1.03
2.89
26.91
1.88
6.69
1.25
0.2
2.98
0
0
0.03
5.52
0.97
0.12
0.5
1.61
0
7.3
0.41
0.5
0
0.07
0
0
0
0
0
0
0
0
0.06
0
0.02
2.03
4.81
4.59
16.66
0.61
0.02
0.04
0
0
0
0
0
9.81
2.44
0.02
0
0
0
0.03
0
0
0
0
0
0
0
0
0
0
0
0
0
0
0
0
0
0
0
0
0
0
0
0
0.01
0
0
0
0
0
0
0.27
0.55
4.06
0.21
0
0
0
0.38
1.76
0
0
0
0
0.4
0.8
0.07
0.74
0
0.06
0.01
8.08
0
0.07
0.95
2.27
0.24
0.2
1.19
23.23
14.72
2.84
1.44
0.02
0.09
0
0
1.33
0.62
1
0
0.69
0.25
0.72
0.06
0.08
0.63
3.66
11.08
0.55
0.05
0.04
0
0
0.12
0
0
0
0.13
0
1.27
0.88
0.25
0
0
0
0
0.33
6.45
1.38
0
18.09
4.92
1.64
0
6.52
6.06
3.89
0.61
3.89
0.3
0.81
0
0.09
0
0
0
0
0
0
0
0
0
0.98
0
0
0
0.02
0
0
0
0.06
0
0.91
0.03
0
0
0
0
0
0
0
0.84
0.05
0
0
0
0
0
0
0
0
0.07
0
0
2.69
0
0.17
0.38
0
0
1.34
0.02
0
0.01
0
0
0.09
0
0
0
0
0
0
0
0
0
0
0
0
0
0.05
0.02
0
0
0
0
0
0
0
0.06
0
0
0
0
0
0
0
0
0
9.72
0.89
0.68
0.05
0
0.16
0
0
0
0
0
0
0
0
4.17
0.06
0
0
1.06
0
0
0
0.01
0
0
1.38
1.69
0.41
0.39
1.3
0.64
0
0
0
0
0
0
0
0
0
0
0
0.02
1.08
1.27
3.03
0.44
0
0.58
0.31
0
5.58
13.18
2.59
0.24
0.19
0.03
11.81
0.58
0.75
0
2.53
0.02
0
0
0
0
0
0.19
0.38
1.35
0
8.98
4.25
0.23
0
0
0
0.83
0.22
0.11
5.12
5.56
1.06
0
8.91
0.01
0
0
0
0
0
0.1
1.93
0.33
0.07
2.53
0.05
0
0
0
1.27
4.56
1
0
0
0
3.17
8.14
5.75
7.17
8.84
0.23
3.38
11.33
13
5.27
5
0.09
0
6.66
0.06
0
0
0
0.31
1.28
4.45
0.97
1.75
2.91
16.41
17.16
10.34
10.3
41.28
35.5
11
4.39
0.8
3.37
1.61
0
4.55
0.09
0.38
0.09
0
0
0
0.02
0
0.44
0
0
