19510101
9.89
18.52
0.2
0.01
0
0
0.01
0.01
3.16
4.1
5.45
6.25
3.26
3.45
0.07
0.55
0
0.21
0.02
0
0.01
0
1.79
11.55
1.3
8.82
8.46
7.54
0.73
0.13
0.09
0.05
0.05
7.89
18.36
10.74
5.18
2.15
1.7
3.95
3.59
6.49
12.47
3.25
4.06
1.75
0
0.39
2.25
0.58
4.99
1.16
1.14
12.28
2.25
0.11
0
0.02
0.03
0.01
0.05
0.63
4.09
3.52
3.46
3.96
7.88
5.07
19.2
7.54
16.5
15.14
8.32
12.28
1.83
0.14
0
0.04
0.02
0
0
0
0
0
0
0
0.01
0
0
0.02
0.01
0
0
0.01
0.02
0
0.2
0.02
0
4.46
5.07
0.39
0
0.01
0
0.01
1.44
1.58
1.5
1.17
3.01
1.42
3.41
4.09
4.14
8.57
11.41
10.72
3.77
10.36
14.61
10.39
0.66
1.01
6.53
8.77
6.68
5.91
1.6
5.46
2.77
0.57
0.04
0
0
0
0
4.37
3.27
2.07
0.07
0.05
0.02
0
0
4.34
0.19
2.22
3.55
4.1
0.1
0.01
0.03
12.81
9.13
8.58
0.32
1.87
0.19
0.02
0
0.06
0.12
0
0
0.14
1.27
0
0
0.67
0.66
0.95
3.12
0
0.02
0
0.06
0
0
1.76
2.48
2.57
0
1.09
0
1.27
0
0.05
0.16
0
0.01
0
0.02
0
0
0.15
0
0
0
0
0
0
0.01
0
0
0
0
0.01
0
0.43
0.47
10.67
5.12
8.02
4.23
0
0
0
0.07
0.02
0.01
0
0
0.01
0
0.16
0
0
0.06
0
0
0
0.02
0
0
15.85
17.86
3.18
0
0
0
0
0
0
0
0.01
0
0
1.47
7.12
3.3
1.75
2.12
13.32
18.99
7.53
0.33
0.04
0
0.03
0
0
0.02
0
0
28.31
0.23
0.02
0.02
0
0
0
0.08
8.3
6.53
1.13
0.6
0
0
0.04
0.42
5.05
0.04
0
3.3
5.2
0.24
0.59
0
0
0
0
0.15
1.41
4.48
0
0.05
0.04
1.46
0.03
1.54
1.55
3.79
2.9
0.02
1.73
0
0.49
2.46
13
7.06
11.06
20.51
3.91
6.88
7.13
1.64
1.89
3.03
0.31
0.84
7.83
2.52
2.63
4.81
2.9
0
0.04
0.03
0.01
4.68
0
1.56
0
0
0
0.53
0.98
0
0.09
2.8
4.41
2.2
0
1.25
4.15
0.59
0.02
2.52
0.06
0.02
0.05
5.84
0.32
5.02
3.28
7.06
1.12
1.33
1.9
0.97
2.41
0.43
0
0
0
0
0.02
0
0
0
0
0.04
0
0
0.02
0.79
0.77
0.16
0
0
0
0.22
0
1.81
0.67
0.64
3.58
3.15
5.88
12.07
11.95
4.95
0.59
0.36
0.47
1.37
0
0
0
0
0
0.02
0
0
0
0
10.34
5.66
0
0.27
0
1.54
0.2
0
0.01
0.02
0.02
0
0
3.7
2.01
0.02
0
0
0
0
0.13
0
0
0
0.01
0.08
2.88
2.81
3.86
7.92
0.19
1.23
0
6.87
10.76
0.55
0.34
0.01
0
0
0
0
0
1.23
6.23
11.11
10.86
7.93
6.17
15.39
3.74
0.1
0
0.04
0
0
0
0
10.34
13.85
5.69
19.64
4.54
0.11
0
4.38
0
0
0
1.24
1.46
6.89
0.01
0
1.08
0.02
1.34
0
2.86
5.92
3.81
15.03
7.23
5.48
1.33
0
0
0
0
0.13
0
0
3.77
1.27
0
0.59
3.87
3.73
4.18
5.71
10.75
9.67
5.89
0.07
0
0.18
1.51
1.51
6.92
0.72
0.09
0.02
0.42
1.55
0
0
0
2.59
1.25
2.66
0.59
0
0.01
0
0.03
0.34
5.53
0
0
1.83
2.2
0
0
0
0.34
4.25
2.09
0.11
0
0.07
0
1.48
3.62
7.18
2.11
0
0
0
0
1.7
0.48
6.01
3.48
5.05
0.5
0
0
0.02
0
4.4
2.54
1.57
1.87
12.3
2.27
12.29
11.63
2.68
15.55
6.33
16.23
1.7
0.01
0
0.03
0
0
0
0
1.49
0
0
0.01
0.02
0
0
0
0
4.48
0
0
0
7.02
1.95
0
0.05
0.02
6.32
4.79
7.85
4.51
0
0.08
0.83
0
0.02
0.1
0.17
0
0
0.19
0
0
1.7
0.25
0.07
7.02
12.05
6.83
0.06
0
0
0.07
0
0.01
0
0.01
0.21
2.4
0.05
0.29
0.51
2.21
0
0.02
0
0
1.13
0
0.02
0.08
0.76
1.02
0.54
0.42
1.77
3.05
0
0.02
2.95
7.04
1.67
3.96
7.79
0.12
0
2.4
0.46
0
0.47
2.73
0
0
0
1.75
0
0
0
0.09
0.41
0
0.02
0.02
0
0
0.07
0.28
0.1
0.12
0.64
4.13
6.66
4.98
0.07
2.34
1.41
1.38
1.91
3.8
3.66
0.91
2.51
9.03
10.76
6.35
3.45
0.5
0
0
0
0
1.79
0
0.02
2.99
12.25
7.92
3.73
2.05
2.83
1.1
0.17
0.02
0.01
1.89
0
0.14
0.13
1.55
5.4
3.91
5.35
2.33
0.13
3.54
4.19
5.14
1.39
0.26
0.25
3.07
2.74
0.02
0.12
0.26
0.01
0
0
0.01
0
0.02
0
0
0
0
0.01
0
0.1
0.1
0.01
0
0
0.01
0
0
0
0
0.5
1.67
5.19
6.77
3.77
0.3
0.01
2.7
3.47
1.49
1.16
0.68
0.49
0.02
0.01
0.02
0
0
0.04
0
0
0
0
0
0.02
0
0.01
0
0
0
0
0
0
0
0
0
0
0
0
0.45
0.04
0
0
1.52
1.3
3.98
1.66
0.01
0.01
0
0.02
0
0.01
0.11
0.16
0
0.38
0
7.98
6.96
0
0.02
0
1.96
3.61
3.18
1.45
0
0.88
1.45
0
0
0
2.92
8.69
7.68
11.54
2.31
3.31
1.71
1.87
0.71
10.23
3.97
0.1
0
0.08
0.02
0.13
0.09
0.01
0
0
0
0
0
0.06
0.05
0
12.87
5.71
0.01
0
0.3
1.26
0.27
0
0
0
0
0.01
0.62
0.26
0.02
0
0
0
0
0
0
0.07
0.1
0.94
7.43
9.39
1.12
0.09
0.02
0
0.6
0
0
0
0.05
1.28
1.04
15.39
8.46
2.74
1.71
0.04
3.59
0
3.7
14.55
8.63
6.78
1.31
0
1.62
1.95
2.89
4.52
0.74
0.01
3.53
0
0.83
0.25
0.08
0
0
0.24
0
0
0
0
0
0
0
0
0
0
0
0
0
0.01
0
0
0.6
0.47
0.25
0
0
0
0
0
0
0
0
4.33
8.59
1.44
0.2
0
0.01
0
0
0
0
0
0.08
0
0
0
0.23
0
0
0
0
0
0
0
1.27
2.31
3.22
8.6
0.45
6.54
0
0
0
0
0.46
0.14
0
0
0.01
0
0.03
0.01
0
0
0
2.43
10.31
8.83
1.77
0.03
0.1
0
0.35
5.45
15.7
1.19
1
0.34
0
0.82
2.47
12.33
17.57
12.2
12.82
13.25
0.92
0.16
2.06
3.73
0.59
0
2.36
0.08
2.86
7.81
2.7
1.12
0.77
0
0
1.19
3.99
1.96
0
0
0
0
0
0
0
0
0
0
0
0
0
0
0
0
0
0
0
0
0
0
0
0
0.32
0.6
0
0
0
0.46
0.46
4.33
4.4
1.13
7.24
9.32
2.9
0.07
0.04
0
0.76
0.09
0.59
1.17
3.93
0.66
0.97
0
0
0
0
0.32
0
0.03
0.01
0.03
0
0
0.04
1.53
0.02
0.14
1.18
2.21
1.58
0.8
0.3
0.07
1.59
0
0.05
0
0.04
0
0
0
1.15
0
0
0
2.45
0
0
0.04
1.49
0.28
3.98
9.72
8.21
0.34
0.2
0.84
1
0.71
2.09
0.14
2.47
2.37
2.18
7.64
7.02
1.8
6
3.86
2.04
0.59
0
1.53
0.38
0
0.01
0
0
0.48
0.88
0.1
0.03
0.36
0.15
0.21
2.02
7.25
2.38
0.98
8.95
16.31
2.16
1.21
4.52
9.84
10.91
2.48
0
3.47
6.86
0.51
2.01
0.27
0.13
5.37
7.33
0.89
0.97
0.32
0.32
0
0
2.42
2.11
0.02
0
0
0.33
0.27
0
0.62
1.3
0.28
1.7
0.5
0.84
0.42
0
0
0.01
0
0
0
0
0
0
0
0.01
0.06
8.43
2.45
5.27
6.09
1.25
2.7
9.19
1.86
0.09
0
0
0
0
0.23
0.4
0.03
2.53
2.66
36.51
12.27
4.43
0.12
0.22
0
0
0.01
0.05
0.23
0.15
0
2.54
0
0.01
0
8.37
3.09
12.55
22.91
15.5
4.72
0
0.67
0
1.91
1.05
0.14
0
0
0.01
0
0
0
0
0
0
0
0.06
0
0.63
3.09
0.71
0
0.02
0
1.19
0
0.03
0
0
0
0.01
0
0
1.47
0
0.05
0.24
0
0
0
0
0.03
0
0
0
0
2.61
14.98
0.2
0
0
0
0
0
0
0
0
0
0
0
0
0
0
0
0
0
0
0
0
0.05
1.35
0.35
0
0
0
0
0.08
2.11
0.18
0
0
0
0
0
0.83
0
0
0
0.01
0
0
3.22
0.12
0
0
0.05
0
0
0
0.02
0.81
1.88
0.16
0
0.01
0
0
0
0
0
0.01
2.77
0.01
0.04
0
0
0
0
0
0
0.41
0.08
0.59
0
0
0
0
0.01
0
0.02
0
0
0
0.63
0
0.01
0
3.16
1.58
0.12
0.71
1.67
0
0
0
0
0.09
0
0
0.02
0.14
0.02
0
1
2.18
15.55
2.15
1.85
0.31
0
0
0
0
0
0
0
0
0.02
0.19
0.04
4.42
9.16
6.92
0.41
5.75
6.73
9.58
16.05
19.07
9.82
3.1
0
0
0
0.02
0
5.88
11.64
0.95
0.39
0.77
0
0.38
0
0
0
0
0.01
0
0
0
0
0
0
0
0
0
0
0
0.01
0.45
4.84
13.66
12.51
10.35
7.59
5.91
0.98
15.46
6.07
1.58
2.89
2.47
1.95
4.54
4.38
16.36
23.9
18.99
7.49
6.82
5.01
1.94
0.25
0.16
0
0
0.11
2.43
3.95
5.34
7.72
22.66
18.02
2.95
2.64
1.66
0.11
0
0
0.02
0
1.64
6.41
5.55
13.38
34.59
24.28
14.24
12.7
2.79
0.94
4.21
4.46
8.63
6.7
4.16
1.4
0.01
0.02
0.02
0.02
0
0.02
0.05
0.19
0.53
6.3
0.88
0.09
3.47
2.4
0
0.33
0.01
0
0
2.53
11.63
7.81
0.2
0
0.01
0
0.09
0
0.01
0.1
0
0
0
0
0
0
0
0.05
5.05
3.31
0
0
0
0.01
0
0
0.79
0
0.19
0
1.88
5.24
8.33
3.14
5.95
6.61
1.62
0.05
0
0.12
0
0.04
0.34
5.05
0.74
0.03
0.01
0.13
0
0
0
0
0
0
0
0
0.01
0
0
0.74
0.41
0.3
4.36
0.23
0.64
7.18
2.45
2.95
0
0
0
3.56
2.05
2.23
4.81
3.59
2.27
2.19
11.27
0
6.55
1.89
0.66
0
0
0
0
0.01
1.21
10.21
11.9
6.69
0
0.05
0
0
5.68
0.98
0
0.09
0
0
0.19
0
0
0
0
0.01
0.01
0.01
0
0.01
0
0.16
0.27
0
0.07
0.01
0.09
0.33
0.02
0
8.2
2.07
4.26
0.05
2.02
0
0.33
1.07
0.01
0
2.2
0.01
0
0
0.08
0.76
5.55
3.1
0.83
0
0.29
0.34
1.03
0.85
0
26.39
11.24
0.03
0
0.02
0.58
2.57
2.22
5.49
0
0.13
0.12
6.55
7.02
0.94
0.2
1.43
0.07
0.83
4.31
1.68
0.46
0
1.61
0.37
6.91
3.12
0.12
0.27
0.32
0
0
0
2.02
5.27
14.84
1.95
0.03
0
2.31
0.43
0.09
0
0.53
0.24
0.17
0
0.63
0
1.36
4.83
2.58
1.2
0.51
0
0
0
0
0.21
0.47
0.02
0
0
0.62
4.05
1.38
0.02
10.71
2.44
0.03
0.36
0.5
0
0
0
6.56
12.77
17.79
12.38
5.55
1.04
2.52
3.72
2.5
0.2
3.13
3.79
1.48
0.02
4.08
6.07
1.03
0
0
0
0
0
0.02
0
0.12
1.32
6.95
2.8
1.62
0
0.01
0.16
6.77
15.82
15.21
7.25
0.1
0
0.01
0
0.01
0.05
0
0
0.55
3.43
9.94
25.03
28.54
29.05
15.62
4.73
7.06
10.02
10.85
1.53
0.81
2.05
0.42
0
0
0.01
0.36
1.23
1.2
0.14
0.59
0.58
0
0.01
0
0.02
0.55
3.23
4.25
0.27
6.03
8.09
1.15
2.36
6.09
6.76
4.87
4.36
1.64
0.51
0.15
0.89
0.84
0.01
0
0
0
0
7.5
5.36
1.15
0.57
0.2
0.23
0
0
0
0
0.05
0
0.01
0.02
0
0
0.02
0
0.29
0.3
0.37
1.51
2.45
3.68
1.96
1.29
0.16
0.03
0.08
0.02
0
0
0
0
0
0
0
0
0
0.06
0.01
0
0
0.17
0.13
0.14
0
0
7.79
12.33
10.67
11.3
10.12
24.33
16.34
8.46
6.82
4.53
18.97
43.07
17.8
4.95
2.97
1.2
0
0.91
0.66
0
0
0.87
1.14
0.31
0.93
3.27
5.28
9.01
8.86
5.13
3.2
0.01
0.13
2.1
7.12
7.48
5.28
6.65
3.13
6.91
8.82
7.45
4.2
0.33
0.02
0
0
0
0
0.02
0
0
0
0
0.01
0
0.05
0.05
0.02
0.02
0
1.26
0.03
16.13
16.16
7.93
9.06
1.89
20.3
34.52
14.91
0.01
0
0.23
1.39
0.05
0
0
0.01
0
0.01
0
0.01
0.03
5.02
0.96
0.02
0.18
0.01
0
0
0
0
0
0
0
0
12.37
9.91
4.29
2.08
0.73
5.06
1.24
0.03
0.26
0
0
0
0
0.02
0
0.03
0
0.01
0
0
0
0
0
0
0
0
0
1.3
7.36
5.33
0
0
0
0
0
0
0
0.53
0.65
0
0
0
0
0.14
13.05
12.9
2.99
0
0
0
0.01
0
0
0
0.02
0.63
0
0.02
0
0.02
0
0
0
0
0
0.59
0
0
0
0
0
0
0.02
0
0.01
0
0.02
0
0.01
0
0
0
0
0
0.45
4.52
2.82
2.42
0.78
9.76
9.95
6.01
9.92
19.82
10.93
0.94
0
0
0
0
0.04
0.02
0.04
0.46
0.06
0
0
0
0.61
1.13
1.66
0.05
0.13
2.91
7.25
2.58
0
0
0
0.04
0
2.31
0.58
0
0
0.3
0.69
0.16
0.18
0
0.15
0.15
0.13
0.06
0
0
0.21
0.46
3.02
1.81
3.05
0
2.15
0.98
0
0
0.02
0
0.3
0.01
4.61
3.46
0.63
0.19
0
0.09
0
0
0
0.49
1.05
0.87
0.01
0
0
0
0
0
0
0
0.05
0
0
0.01
0.05
0.09
0.05
0.02
0
0.02
0.04
0.21
0.67
0.05
0.01
1.2
0.85
1.17
4.45
7.17
8.36
9.36
6.42
2.59
0.61
0
0
0
0
0.53
1.07
0.48
0
0
0.12
1.33
1.17
0
0.2
0.11
0.52
0.17
0.27
0.07
2.52
3.82
2.25
0.26
0.17
0.16
0
0
0
0
0.14
0.73
1.21
0.6
0.27
0.1
1.47
2.73
1.16
0.06
0.15
1.92
7.45
25.96
19.46
16.95
6.13
0.44
1.89
1.24
0.82
0.05
0.05
0.07
0.1
0
0.05
0
0
0.01
0.02
3.09
6.5
1.91
0.21
0
1.13
0.65
0
0.01
0
0
0
0
0
0
0
1.34
8.38
9.5
4.97
8.16
3.94
1.19
0.71
0
0.1
3.07
3.91
1.27
0
0
0
1.64
0.48
0.03
0.31
0.93
0.22
0
0
0
3.33
2.37
1.74
2.27
0.12
0.74
0.16
0.08
0.16
0.09
1.97
5
9.43
6.82
4.09
2.66
3.12
2.8
2.37
7.6
7.61
0.91
1.14
23.12
23.81
12.5
5.37
1.19
0.73
1.06
0
0
0
0
0
0.72
0
0
0.02
1.5
3.32
5.1
5.23
2.73
4.7
5.32
2.11
9.61
10.8
8.98
1.39
0.02
0
0.02
0.87
22.87
17.32
2.29
0.02
2.01
15.66
9.6
0.13
0.73
10.2
12.95
1
0
0
3.81
1.58
0
0
0.01
0
0.5
0
0
0
0
0.02
5.55
4.39
0.01
0.06
0
0
0
0
0
0
0
0
0
0
0.01
0
0
0
0.01
0
0
0
0.02
0
0
0
0.02
0.23
0
0.47
0.67
0
0.36
0
0.02
0.02
0
0
0
0
1.34
0
0.02
0
0
0.01
0
0
0.02
0
0.02
0
0
0
0.41
3.38
2.77
5.44
2.32
0
0
0
0
0
1.3
0.06
0.01
1.66
0.03
0
0
0
0
2.3
4.36
5.89
5.41
6.12
4.14
0
0
0
0
0
0
0
0.02
5.67
7.88
19.94
13.07
0.18
0
0
0
0
0
1.38
0.31
3.52
14.34
9.75
1.79
0.13
0
0.27
3.34
2.47
0.2
0.06
0
0.01
0
0
0.01
0
0.02
0.02
0.03
2.99
3.39
0.68
2.86
6.71
13.71
10.95
8.48
6.78
0.71
0.06
0
0
0
0
0
0.28
0.74
0.25
0
0
0.52
0.49
0
0
0
0
0
0
0
0
0
0
0
0
0
0
0
0.55
6.33
15.5
12.52
2.21
0.41
0.29
0
0
0
0
0
0
0.13
7.16
6.35
1.27
0.95
0.03
0
0
0
0
0.98
1.82
0.56
0.31
0.24
0.03
0
0
0.23
3.85
2.62
0
0
0.09
0.02
0
0
0.01
0.01
0.2
0.09
6.33
4.35
0.99
4.56
5.36
2.13
6.19
11.33
2.79
0.45
0.2
0.3
0.07
0
0
0.31
0.22
1.82
1.43
9.87
9.19
2.49
3.82
1.54
0
0
0
0
0.13
0.03
0
0.14
0
1.17
4.55
1.59
0.26
0.22
0
0.25
0.09
0
0
0
0.01
1.6
0.86
4.14
2.86
0.66
0.38
0.15
0.2
2.54
2.68
0.94
6.58
1.66
0.1
0
2.23
20.8
11.28
6.57
5.63
6.13
10.79
4.88
7.1
2.83
5.19
9.75
10.58
4.33
3
1.88
0.72
0
0
0
0.02
1.92
4.35
2.75
0.45
0.15
0.01
0
0.11
0
0
0.01
0
0
0
0.03
0
0
0
0
0
0
0
1.22
0
0.07
0.26
1.19
2.76
1.88
1.2
18.88
7.34
0.02
0
0
0
0
0.97
2.94
1.06
0
0.02
0.01
0
0.04
0
0
0.01
0
0
0
0
0
0
0.01
0.03
2.37
10.75
1.91
0
0
0.06
0
0
0
7.1
12.55
7.19
0.39
0
0
0.07
0.04
0.88
3.59
0.57
0
1.76
2.57
4.41
0.25
0.53
0
0.04
0.82
1.39
0
0
0
0.16
0
0
0
0
0.01
0
0
0
0
0
0
0
0
0
0
0
0
0
0
0
0
10.59
3.82
0
5.06
2.49
0
0
0.53
0
0
0
0
0
0
0
0
0
0.02
1.1
5.54
0.29
0
0
0
0
0
0
0
1.05
0.25
0.97
0
0
0
0.02
0.13
0.9
0.05
0.38
0.41
1.47
1.21
0
0.13
1.88
1.13
0.95
0
0
0
0
0
0
0
0
0
0.07
0
1.32
14.37
11.05
2.01
2.17
2.07
3.23
8.62
2.54
0
0.41
0.43
0
0.01
0
0
0
0
0
0
0
0
0
0
0
0
0
0.23
0
0.02
0.02
0.59
2.55
4.31
0.02
0
0
0
0
0
0
0
0
0
0.27
3.27
2.91
0.05
0
0
0.5
0.25
0.07
0
0
0
0.13
0.11
0.23
1.88
1.69
0.11
0
0.98
2.24
12.56
8.78
8.58
9.15
5.33
3.78
1.78
0.94
9.64
10.91
25.41
21.94
18
15.91
8.69
33.84
36.84
12.17
7.94
7.4
4.23
0.13
1.65
1.38
0.34
0.67
0.09
0.01
0
0.05
0
0
0
0.01
0.02
0.16
0.38
3.72
3.4
3.48
0.91
3.21
15.03
15.14
1.03
0.02
0
0.07
3.92
2.58
2.47
1.02
0.2
0.01
0
0.08
0.06
0.01
0
0.02
0.34
5.41
2.59
0.53
0.1
0.63
3.02
1.83
0.42
0.09
0.09
0.04
0
0
0
0
0
0
0
0
0
0
0
0
0
0.05
0
0
0.83
1.42
13.72
5.86
6.57
7.72
4.21
16.98
18.64
10.55
13.74
7.02
0.17
0
0
0
0.18
0.09
0.2
9.28
9.24
1.12
3.98
3.41
1.28
0.37
0.02
0.16
0.5
3.05
1.21
0.08
0.07
0
0
5.54
3.88
0.59
0.08
0.05
0
0.07
0
8.65
11.78
12.82
7.46
1.51
0.22
0
0.31
0.19
0.39
3.2
5.09
0.8
0.16
1.27
1.16
2.85
1.59
0.04
0.17
0.12
0
3.32
16.76
19.89
9.46
1.17
5.28
3.01
2.94
0.07
0
0.01
0.53
4.78
8.7
5.09
8.66
4.05
2
1.84
3.46
1.86
2.97
5.57
5.57
5.26
5.19
0.01
0
0
0.37
2.1
16.47
20.36
5.02
0.08
0
0
0
0
0.56
0.15
0.01
0
0.1
0.03
0
0
0
0.02
0
0.74
2.84
3.21
1.28
0
0
0
0
0
0
0
0.09
0.05
0.03
0
0.08
2.83
2.43
1.06
1.13
1.39
0.05
0.04
0
5.11
5.34
0
0.95
1.92
0.88
0.01
0.02
0
0.1
0.11
0
0.01
0
0.05
0.07
3.13
9.55
3.42
0
5.16
0
0.61
0
0
0
0
0
0.01
0.02
0
0.01
0
0
0
0
0
0
2.04
0.94
0.14
0.75
4.71
2.8
0.09
0.95
1.48
4.37
11.04
4.02
1.09
0
0
0
0.13
4.3
5.63
0.1
0
0.01
0.23
0
0.09
0.48
1.52
5.27
5.55
2.12
5.17
3.18
1.92
7.77
4.48
4.47
3.69
0.16
0.32
0.14
5.3
2.84
2.09
0.93
0.66
2.23
0.96
0.23
0.17
0.2
0.04
1.26
9.58
9.75
12.72
8.87
7.3
0.14
0.07
0.92
0.23
3.49
7.08
13.91
6.88
0.4
0.54
0.39
0.24
0.25
0
0
0
0.03
0
0
0
0.04
20.52
11.8
1.29
6.53
4.24
8.41
10.05
4.45
1.22
2.7
3.73
0.33
0
0
0.45
6.74
4.8
2.96
20.17
27.31
17.1
2.76
1.02
0.93
0.52
11.49
10.89
11.21
21.22
16.52
10.83
5.14
0.69
0
0.32
2.2
0.33
0.41
0.66
1.36
3.26
3.43
13.2
9.34
4.69
10.81
11.75
1.36
0.2
0.35
0.37
0.14
0.27
0.24
0
0
0.01
0.04
0.1
0.88
12.09
11.97
4.14
0.47
0.62
0.97
1.7
0.61
3.94
4.05
0.2
5.2
0.36
2.16
12.22
18.09
22.63
28.75
11.09
3.63
0.14
0
0
0.09
0.06
1.72
4.64
9.59
5.72
0
1.56
11.1
9.7
5.6
13.03
8.62
4.98
9.26
16.25
13.43
15.34
6.32
10.22
13.68
5.81
0.84
0.5
0
0
0.13
0
0
0
0.01
0
0
5.16
5.6
19.07
17.27
5.62
4
5.27
10.7
16.05
18.77
4.63
0.05
0
0
0.36
0.01
0
0.42
1.92
6.91
8.32
6.27
4.64
5.24
3.09
2.34
1.11
3.6
4.36
1.02
0.01
0
0
0.21
0.18
0
0
0
0
0
0
0
0
0
0
0
0.25
1.58
1.53
0.26
0.26
0
0.41
0.43
2.95
8.07
6.81
1.39
0.02
0
0
0
0
0.01
0
0
0
0.02
0.04
0.79
2.26
2.83
4.93
7.35
0.77
0.92
0
0.23
0
0.02
0.01
1.61
1.9
4.73
0
3.1
14.6
24.3
1.29
4
13.88
13.85
14.07
3.3
6.05
2.08
0
1.87
0.44
2.37
6.66
4
0.7
0
0
0
0.11
0.04
0.55
0
0.01
0
0.01
0.49
1.21
0
0
0.01
0.2
0.01
0.5
0
0
0.02
0
0
0
0
0
0.01
4.77
4.89
7.63
0.33
0
0.1
0.38
0.57
0
0
0
0.02
0.03
2.57
10.87
10.26
1.78
0
0
0
0
0
0
0
0
0
0
0
0.14
0
0
0
0
0.03
0.18
1.53
0.07
0
0
0
0
0
0
0
0
0.02
0
0
0
0
0
0
0.05
0
0
0
0
0
0
0.01
0
0.41
3.21
6.3
3.71
2.54
9.7
0.02
0.01
0.22
6.75
4.19
3.73
5.29
8.28
1.14
0.02
3.34
6.48
10.2
20.23
38.49
29.54
17.92
8.4
2.06
2.95
2.63
0.15
1.34
2.84
23.3
16.54
0.12
0.02
0.02
1.07
10.34
14.7
17.05
24.83
16.98
17.04
10.91
2.3
8.41
23.18
22.79
6.16
4.36
3.68
2.59
2.16
11.25
8.3
0.01
0.01
0.93
1.97
5.16
5.93
3.59
0.09
0
0.27
0.61
1.71
0.95
0
6.13
14.32
12.04
1.65
0.05
0.01
0.05
0.23
0.45
0
0
0.81
1.15
0.41
1.46
5.18
9.51
8.09
6.83
1.02
0.66
1.14
0.89
3.82
5.15
1.68
0.17
1.39
0.42
3.2
3.05
0.24
0
0.68
0.7
2.04
4.59
9.52
5.8
3.75
2.54
6.2
2.99
8.56
9.35
2.9
0.23
0.04
0.04
0.2
0.59
3.85
1.66
0
0.01
0.02
0.02
0.01
0
0
2.16
1.55
7.39
5.66
4.57
3.77
3.09
1.13
3.7
1.67
0.62
0.11
1.32
0.3
0.01
0.01
0
0
0
0
0
0
0
0
0
0
0
0
0.02
0
0.18
1.95
2.46
0.94
0.31
0.32
0.17
0.16
0
0
0
0
0
0
0
0
0
0
0
0
0
0
0
0
0
0
0
0
0.13
1.72
2.04
0.62
6.59
1.36
0
0
0
0
0
0
0
0
0
0.01
0
0.12
0.57
10.79
13.77
4.78
7.73
5.2
0.42
0.53
0.09
0
0.02
7.16
6.59
3.05
0
1.86
0.57
28.32
15.26
0.04
1.45
0.29
1.75
11.96
2.97
0.09
0.02
0
0
0.55
5.03
1.84
0
0
0
0
0
0
0
0
0.48
0
0
0.02
0
0
0
0.35
0.94
3.91
2.97
1.52
2.29
10.41
9.86
21.2
11.89
5.42
3.5
0.01
0
0
2.7
0.86
0
0
0.34
0.76
0.25
0
0.01
0.48
5.9
2.99
0
0
0.57
0.3
0.52
0
0.46
8.96
2.38
2.62
1.67
11.38
0
0
0
0
0.01
0.01
0
0
0
0
0.02
0
0
0
0
0
0
0
0
0
0
0.56
1.07
0.89
0.03
0.84
3.78
1.06
0.53
0.55
8.27
21.55
4.23
11.33
5.82
0
0
0.01
0
0
0.18
1.49
4.04
6.09
3.8
0.46
0
0
0
0
0
0
0
0.01
0
0
0
0
0.01
0
0
0
4.51
0.67
3.26
14.99
10.75
2.3
0
0
0
0.44
2.94
1.99
0.04
0.01
0
0
0.02
9.23
29.34
26.14
4.3
0
0
0
0
0.04
0
3.84
11.81
10.7
9.14
1.77
0.04
0.4
0
0.6
12.92
5.98
0
0
0
0
0.01
0.69
2.24
24.02
8.32
0.39
0.44
0.2
0.02
0
0.23
0
0
0
5.35
3.43
1.79
9.34
7.48
0.19
0
0.08
0.11
0.01
0
0
0
0.03
4.13
7.27
16.66
24.21
11.55
5.33
10.34
7.3
4.23
1.45
0.21
12.45
13.6
13.05
9.73
5.89
20.54
13.41
7.21
29.26
10.87
0
0.08
0.89
2.08
0.23
0.1
0.06
0.38
0.58
6.15
3.8
1.07
0
0
0
0
0
0.21
0.16
0
0
0
2.37
8.87
8.4
13.17
10.55
2.45
1.21
6.24
12.87
14.9
2.83
22.42
15.4
3.05
0.92
0.16
0.18
0.19
4.47
8.34
6.9
5.21
2.23
11.06
6.25
0.03
3.47
9.28
2.05
0.02
0
0.01
0
0
0
0
0
0
0
0
0
1.3
0.16
0
0
0
0
2.8
3.42
0.17
0.01
0
0
0
0
0
0
0
0
0
0
0
0
1.21
8.87
12.92
8.36
14.63
6.58
1.34
16.61
22.75
12.08
2.68
0.09
10.63
16.73
9.76
5.07
4.96
1.05
0.02
0
0
0
0
0.65
1.13
0
0
0.11
2.11
9.84
4.77
0.28
0.46
1.21
0.48
0.26
0.02
0.72
0.36
2.61
1.76
0
0
0.02
0.07
0.02
0.01
0.34
0
1.65
1.46
1.3
6.69
9.27
3.06
0.71
0
0.14
1.02
1.5
3.87
3.31
0.06
0
0.61
2.76
11.21
9.09
1.68
0.67
0.09
0
0
0
0.02
0.03
0.31
1.23
2.18
0
0
0
0
0
9.59
10.17
0
0
0
0.04
9.69
32.91
26.28
9.45
1.34
0.4
4.94
2.79
6.71
1.04
0.73
4.26
1.31
0.13
0.16
1.61
0
0
0.19
4.16
18.59
6.28
0.73
0
0
1.23
0
0
0
0
0.66
0.17
0.34
0.4
8.06
4.38
0.23
0
0
0
0.01
0
0
0
0
0
0.13
0
0
0
0
0
0
0
0
0
0
0
0
0
0
0
0
0
0
0
0
0
0
4.41
0.65
0
0
0
0
0
0
0.08
0.04
0
0.02
0.05
0.09
0.41
0
0
0
0
0
0
0.01
0
0.06
0.17
0.07
0
0
0.02
0.04
0
0
0
0
0
0
0
0
0
0
0.08
0
0
0
2.47
1.91
0.21
0.51
1.79
3.41
1.9
1.17
0.95
0
3.16
27.49
14.13
3.06
2.95
1.13
0
0
0
5.92
0.16
1.09
0.13
0
0.03
0.1
0.38
3.88
2.22
11.45
19.95
3.77
1.45
5.21
8.52
1.77
0.97
0.82
2.69
0.58
0.25
1.59
6.91
2.55
0.7
0.02
0
0.01
0.33
0.24
23.22
24.31
9.66
6.72
3.26
1.82
6.04
4.29
2.78
2.08
1.8
1.06
0.94
0
0.69
3.2
2.04
4.87
2.37
1.06
0
0
0
0
0.01
0
0
0
0.06
0
0
0
0
0
0
0
0
0
0.23
0.77
3.31
1.23
0
0
0
0
0
0
0
0.13
0.15
0.44
0.44
0.41
14.18
24.71
28.33
20.02
10.3
12.66
15.95
7.67
6.99
12.04
21.23
7.6
6.26
7.41
10.13
4.9
3.39
3.5
3.13
1.01
2.38
3.05
3.38
4.07
6.02
1.79
0.24
0
0
0
0
0
0
0
0
2.04
2.45
2.55
1.73
2.34
3.31
5.68
4.42
2.57
16.92
26.63
10.7
2.89
1.73
7.05
26.75
23.07
7.08
7.63
8.31
3.39
0.75
0.97
0.87
1.13
0.76
0.59
0.25
0.43
0.27
0.24
1.1
0.15
0
0.01
0
2.85
4.96
8.68
9.56
8.13
3.3
0
1.62
4.49
3.38
0
1.03
0.34
0.43
0.06
0.77
0.06
0
0
0.18
0.32
1
0.07
0.07
0
0
0.87
4.25
2.82
0.23
0.18
28.42
38.49
26.42
8.59
11
6.25
2.63
0.04
0.87
8.58
11.84
3.14
0.34
0
0
0
0
0
0.76
0
0.66
1.32
0
0
1.2
0.08
0
0
0.05
1.83
0.04
0
0
0
0
0
0
0.02
0
0
0
0
0
0
0.16
0
0.04
0.41
0.77
0.59
0.13
2.35
6.15
2.67
4.2
6.24
3.43
15.3
15
3.74
0.04
0.03
0.34
0.91
0
0.13
0.06
0.01
0
0.01
0
0
0
0.05
0
0
1.24
1.78
1.81
1.99
2.44
3.62
4.41
1.57
0
0
0
0
1.6
1.1
0
0
0
0.01
0
0
0
0
0.01
0
0
0
0.04
0.27
0.12
0.27
1.81
3.62
1.31
4.2
1.12
15.01
0.7
7.25
2.2
2.27
0.48
0.31
0.03
0.55
0.96
0.16
0
0
0
0.01
0
0
0
0
0.5
0
0
0
0
0
0
0
0
0
0.58
5.81
1.57
2.67
0
0
1.54
2.16
3.19
3.05
0
2.22
0
0.43
0.3
0.44
1.14
1.97
0.99
0.45
2.98
9.83
6.52
1.11
1.45
2.28
0.14
2.08
3.04
0.71
0
0
0
0
0
2.11
0.72
0.08
0
0
0
0.01
0.01
0
0
0
0
0
0.42
0.15
0
2.3
0.2
0.07
0
0
0
0
0.43
0
0
0
1.84
0.54
3.71
18.22
15.82
12.79
18.8
14.98
12.8
19.64
16.25
5.02
3
10.61
5.45
2.83
24.85
56.46
33.09
30.3
13.05
0.05
0
0
0
0.01
0
0
0.99
7.43
11.75
4.4
1.13
2.37
1.65
4.77
10.16
8.98
6.02
3.41
6.49
4.25
1.27
0.03
7.55
11.52
4.65
1.9
19.04
10.41
0.2
3.2
6.98
3.04
0.3
0
0
0.09
0
0
0
0.38
0
0.04
0.39
0.05
0
0
0
0
0
0
0
0.01
0.01
0
0.01
1
2.54
1.63
0
0
0
0
0.15
0.07
0
0
0
0
0
0
0
0
0.23
0
0
0
0
0
0
0
0.01
0.3
0
0
0
0.05
0.04
0.92
9.38
19.3
18.84
13.82
29.41
11.29
0.54
1.65
6.61
23.98
38.9
13.36
6.57
7.8
5.78
0.47
0.73
6.09
3.13
1.11
0.78
0
0.98
0.07
0.58
7.17
11.05
8.08
6.59
5.33
2.02
0.02
0.01
0
1.04
5.33
7.17
4.88
0.62
5.06
3.41
0.05
0.04
3.55
8.03
1.02
9.22
2.39
2.24
0.48
0.32
0.2
0.81
0.48
0.12
1.55
0.48
2.08
0.36
0.09
0.02
0.75
8.52
8.11
9.54
5.34
0.39
0
0
0
0
0
0
0
0
0
0
0.43
0.02
0
0
0
0
0
0
0
0
0
0
0
0.31
0.33
0.66
0.41
0
0.8
4.26
4.91
3.8
0.28
0.03
0
0
0
0.52
5
4.77
10.38
6.47
3.91
2.65
1.9
0.61
0.71
0
0
0
0.02
0
0
0.01
0
0
0
0
2.2
6.65
9.98
32.37
12.87
3.78
1.35
21.86
7.92
4.42
1.02
0
0
0
1.08
0.02
0.02
0.04
0.07
0
0
0
0
0
0.41
0.22
0
0.03
0.61
0.12
0.49
2.16
2
1.6
0
0.55
2.91
1.34
0.26
0.01
0.02
0.54
2.15
1.06
0
0
0.07
0.17
0.59
0.32
0
0.01
0
0
2.39
0
0
0.04
0
0
0
0
0
0
0
0
0
0
0
0
0
0
0.14
0
0
0.79
0.03
0
0.34
0
0.06
0
0
0
0
0
0
0.14
0.01
0.17
0
0
0
0.01
0
0
0
0
0
0.23
0.41
0.6
4.85
17.66
10.26
2.79
0.55
1.76
0
0
0
0.05
0.79
5.16
9.02
12.91
7.7
9.68
6.02
1.01
0
0.01
0
0
0
0.74
7.8
3.02
0.03
0.01
0
0
0
0.01
0
0
0
0.03
0.93
5.06
28.13
11.48
0
0.01
0
0
0.3
0
0.01
0
0
0
0
0.01
0.02
0
0
0.02
0
0.01
0
0.05
0.53
4.91
2.25
0.5
0.42
0.87
0.22
0
0
0
0
0
0
0.2
0.3
0.02
0.03
1.09
1.59
1.14
3.39
2.53
0.05
1.47
2.33
1.38
10.83
6.59
0.78
0
8.57
3.18
0.02
0.01
0
3.92
3.88
0
0
0
0.04
0
0.66
0.6
0.71
3.37
1.65
0.12
0.02
0
0.16
0.12
12.21
11.54
11.47
3.03
0.37
3.32
0.48
0
3.48
6.99
6.01
5.11
8.41
1.41
0
0.42
0.14
0
0
0
0
0
0
0
0
0
0
0
0.04
0.02
0
5.02
2.28
0.56
6.71
9.55
10.54
4.34
9.66
10.82
2.97
6.66
16.23
12.07
3.3
6.82
3.82
0.12
0.34
0.54
0.24
7.2
11.69
18.44
12.75
11.24
8.64
3.03
4.22
0.48
0.02
0
0
0
0
0.01
0
0
0
0
0
0.01
0.95
0.57
0.7
0.23
6.77
7.94
3.12
0.11
0.51
0.39
0
0
0
0.2
0.05
0
0
0
0
0
0
0
0
0
0
0
0
0.02
0
0.05
0.13
1.18
4.48
0.41
0
0
0
0
0
0
0
0
0
1.13
0.79
0.27
0.06
1.55
10.61
4.13
0.01
0
0.01
0
0.3
1.31
2.45
0.73
0.05
12.44
5.33
0
0
0.36
0.92
0
0.25
2.35
1.84
0.35
0
0.01
0
0.01
0.02
0
0.01
0
0
0
0
0.1
0.4
0
0
0.11
0
0.04
0.08
0.2
0.52
0.2
0
0.07
0.01
0.35
0
0
0
0
0.02
0
0.01
0
0
0
0
0
0
0
0.16
0.01
0
0
0
0
0
0.02
0.13
0.4
0
0
0
0.01
0
0
0
0.02
0
0
0.02
0
0
0.02
0
0
0
0
0.07
19.85
19.72
2.67
0
0.96
0
0
0
0
0.01
4.75
5.88
0
0
0.59
0.14
0.02
0
0
0
0
0
0.01
0
0
0
0
0
0
0
0
0
0.01
0.01
0
0.01
1.37
1.59
18.14
16.54
11.34
9.35
11.59
22.34
15.75
0
0.06
4.39
12.22
11.57
2.63
1.61
17.28
17.75
5.95
2.38
0.07
0.05
0.66
1.57
0.06
0.13
2.1
3.95
2.37
0.2
0.06
0.63
0.91
1.92
1.7
2.28
4.27
3.39
1.67
0.17
0.34
0
1.14
21.59
27.88
14.7
1.56
0.8
0.68
2.75
12.36
10.6
2.08
0.88
0.43
5.96
12.84
11.2
6.09
11.92
5.45
0.11
0.13
0.23
0
0.54
0.41
1.03
5.07
1.77
0.11
5.86
4.33
1.24
0.58
1.23
20.05
10.61
0.61
0.74
0.09
0
0.01
0.02
3.93
6.83
0
0
0
1.89
0.24
0.15
1.37
2.75
2.54
11.18
10.95
6.87
2.34
0
0
0.76
0.13
0.46
0
0
0
2.38
5.55
2.02
2.13
19.93
11.07
2.44
8.94
13.38
21.98
15.08
25.41
45.72
31.24
10.97
6.98
3.19
2.96
8.92
0.46
0.07
0.43
2.7
0.38
0.04
0.18
0
0.05
0
0
0.02
0.09
0.42
3.64
12.95
8.02
24.08
10.71
4.19
8.84
5.7
5.8
8.42
7.13
14.66
11.41
9.14
1.15
0.22
0.02
2.12
30.12
5.37
0.15
0
0.91
1.04
0.06
0
0
0
0.01
0.1
0
0
0
0
0
0
0
0.01
0
0.29
0.15
0
0
0
0
0
0
0
0
0
0.66
4.72
6.33
3.29
3.31
6.46
2.41
2.95
9.84
14.93
9.57
8.58
7.8
5.22
15.57
22.72
20.58
4.23
0.48
2.4
3.6
1.05
0.01
5.81
3.75
0.63
0
1.55
2.05
0.02
0.59
0.23
1.98
1.39
0.85
0.01
0.05
0
0.5
0.02
0.54
1.32
2.51
1.58
0.16
0.19
2.39
5.18
4
2.7
0.01
0
0.33
0.45
1.86
1.11
2.33
0.45
0.86
0.52
1.11
5.41
7.46
16.69
8.88
21.99
11.2
2.07
4.55
16.42
7.98
1.5
0
0
6.73
5.12
1.8
0
0
0
0.02
0
0
0.26
0
0
0
0
0
0
0
0.02
0.13
2.34
1.56
0.02
0
0
0
0
0
0.07
0
0.01
0.61
0.22
0
0
0
0
0
0
0
0
0
0
0
0.15
0.1
0
0
0
0.01
0
0
0.04
0
0
0
0
0.02
0.02
0
0
0
0
0
0
0
0
0
0
0.92
0.77
2.27
0
0
0.01
0
0.57
0.79
4.12
0.17
0
0
0
0
0
0
0
0
0
0.38
0.1
0.13
1.1
5.55
15.83
7.73
0
0
0
0
0.02
0
0.01
0
0
0.04
2.25
9.74
21.5
12.87
3.27
2.91
2.18
8.85
5.81
0.61
5.56
14.93
14.25
3.5
0.29
0
0.15
12.04
15.04
10.56
3.52
2.48
8.52
3.61
7.58
4.21
0.08
0.7
12.51
11.06
3.68
0.24
0.14
0.11
0.23
0
0.01
1.55
2.2
7.77
19.46
15.01
9.81
14.91
6.42
1.13
0.54
0
0.02
0
0
0
0
0.06
0.02
0.04
0.51
0.56
0.11
0.22
0
0
0
0.05
0.55
2.27
9.02
7.06
0.91
0.02
0
0.08
0
0
0
0
0.75
1.32
0.14
0
0.01
0
0
0
0
0
0
0
0
0
0
0
0.1
0.02
0
0
0
0
0
0.11
0.21
0.66
0.14
2.83
4.04
6.02
13.84
4.2
0.71
0
0
0.13
0
0.02
0.01
6.7
5.35
9.01
5.22
8.45
1.19
0.35
0.03
0
0
0.05
0
0.02
0
0
0
0
0.07
0.51
0.08
0
0.02
0.01
0.79
0.18
1.88
3.59
12.36
20.12
21.11
9.05
0.02
0.05
0
0
0
0.02
2.22
0.3
0.08
0.52
0
0
0.04
0.01
4.55
1.07
2.03
17
11.74
0
0
0.02
0
0
0.98
0.04
0.01
0.25
0.11
0
0
0
0
0
0.01
0.02
0.82
10.69
5.16
0.92
0
0
0
0
0.01
0
0
4.66
10.87
12.85
5.55
1.54
1.18
0.63
4.04
1.47
1
0
1.45
1.07
0.18
0.05
0
0.02
0.01
0.07
0.01
0
0.72
0.32
0.3
2.52
1.21
0
0.05
4.4
3.34
1.19
1.45
3.15
3.38
7.66
7.7
9.26
7.04
9.96
9.17
11.02
5.27
0.82
0
0
0
0.01
0
0
0
0
0
0
0
0
0.02
0.34
0
0
1.9
12.01
9.05
1.97
0
0
0.11
0.02
0.01
0.63
1.98
1.05
1.8
1.22
0.43
0
0
0
0
0
0
0
0
0
0
0
0
0
0
0
0
0
0
0
0
0
0
0.07
0.31
0
0.02
0.02
0
0
0
0.01
0.07
0
0.23
0
0
0.07
0
0
0
0
0
0
0
0
1.75
0.02
0
0
0
0.02
0
0
0
0
0
0
0
0
0
0
0
0
0
0
0.02
1.35
0.02
0
0
0
0
0.11
0.26
3.63
2.28
0.05
0.02
0.01
0
0.09
0
0
0.01
0
0
0
0
0
0.01
0
0
0.17
2.7
0.2
0
0
0
0
0
0
0
0
0
0
0
0
0
0
0.23
0
0
0
0
0
3.75
1.05
0
0
0
0
0
0.11
2.34
0.9
9.45
4.82
0.05
0
0
0
0.88
0.61
0.02
0
9.13
5.57
6.97
4.8
0.02
3.47
15.62
7.3
0
0.32
0.01
0.78
7.23
27.21
19.45
20.38
8.1
0
0
0.45
0
0.04
1.34
6.16
8.2
4.04
0.82
0.5
2.31
0.01
0
0
0
0
0
0
0.09
0.39
0.66
0
0
0
0
0.01
0
0
0.02
0.2
0.73
0.01
0
0.26
0.7
0.52
1.3
0.98
0.14
0.55
0.33
0
0.05
0
0
0
0
0.01
0
0
0.01
0.09
0
0
0
0
0
0
0
0
0
0.01
0
0
0
0
0
0
0
1.27
0.34
0.24
0.01
0.27
0
0.39
0.38
9.05
9.64
8.26
14.68
3.48
2.06
7.11
7.86
13.64
9.18
4.11
0.92
1.1
8.82
1.88
5.29
15.33
5.84
6.54
6.84
10.96
8.33
2.82
4
0.63
8.29
1.05
0.9
2.45
2.44
0
1.13
5.71
1.67
0.9
0
0
0
0.02
0.1
0.18
0
0.01
5.82
7.95
2.44
0.08
0
0.88
7.07
1.83
0
4.51
15.28
7.43
0.84
0
0
0.01
2.84
14.61
2.02
0
0
0
0.15
1.83
6.1
19.68
9.8
1.26
0.09
0
0.01
0
0.93
0.86
12.38
2.4
0
0.06
0.88
1.37
3.54
3.83
0.34
0
0
0.05
2.97
17.31
3.71
0.6
11.77
3.86
0
0
0
0
0
0
0
0.07
0.25
10
3.03
0.77
0.28
1.09
4.45
1.52
0.72
2.47
1.8
0.71
0.01
0
0
1.84
3.48
2.18
0
0
0.03
0.02
0.04
1.17
6.27
0.61
0.26
7.63
1.84
0
0.58
4.29
1.92
0.57
0.02
0.09
0.42
0
0
0
0.01
0
0
0
0.01
0
0
0
0
0
0
7.84
0.48
0.31
0
0
0
0
0
0
0
0
0
0
0
0
0
0
0
0
0
0.84
0.21
0
0
0
0
0
8.08
2.51
0.8
0
0.54
0.02
0.04
0.1
0.84
0
0
0
0
0
0
0.08
4.45
0.07
0.02
0
0.11
0.02
0.31
0.5
11.77
4.36
1.88
0.73
4.63
2.85
0.56
0
0
0
0
0
0
0
0.23
0.85
2.95
4.94
0.98
2.03
0.91
0.41
0
0
0.16
1.05
0.16
0
0
0
0
0
0
0
0
0
0
0
0
0
0
0
0
0
0
0
0
0
0
0
0
0
0
0
0.78
0.22
0.09
0.05
0
0.02
2.07
1.03
0.34
1.45
12.33
17.57
15.02
4.55
3.38
10.13
3.91
13.31
15.67
1.59
0.28
0.39
0
1.45
2.48
20.65
5.61
0.95
0
0.03
0
0.02
0.21
0.07
0
0.02
0.19
13.25
10.25
3.84
0.29
3.38
5.22
0.8
0
0.14
0.64
1.8
1.4
0.53
7.37
1.45
0.16
15.28
6.01
24.37
23.84
24.22
7.16
1.36
1.89
1.35
0
0
0.02
0.03
0.32
0.66
0
0
0
0
0
0.02
0.01
0
0.54
3.08
1.15
0.44
9.07
2.34
7.38
10.62
18.66
9.88
15.2
3.89
2.75
1.93
0.4
1.25
0
0
0
0
0
0
0.01
0
3.11
2.48
0.55
0.02
8.58
5.09
0
0
0
0
0
0
0.51
0
0
2.35
3.94
4.37
2.52
4.77
14.81
9.53
2.72
14.62
30.35
5.63
3.33
3.42
0.2
4.38
25.63
4.93
7.95
8.84
7.04
4.59
0.85
6.15
0.8
2.32
0.43
0.59
34.59
43.18
15.03
10.38
48.57
15.57
5.52
0.76
0.32
8.02
8.91
0.74
0
0.01
0.02
0.06
0.01
0.02
0.07
0
0.27
13.25
3.23
0.25
0.14
0.47
6.29
2.39
0.04
0.02
0
0
0
0.01
0
0.05
0.04
0.01
0.02
0
0.92
0.68
0.02
1.38
6.63
7.33
39.86
11.26
0.19
0.04
2.13
4.57
6.29
6.32
1.7
6.48
5.49
18.58
1.18
1.36
0
0
0
0.02
0
1.36
2.98
29.38
1.41
0.78
0.01
0
2.37
6.76
5.1
1.46
6.98
8.63
1.23
0.07
0
0
0
0
0
0
0
0
3.04
8.86
13.55
5.27
2.66
4.89
4
0
0.02
0.09
0.36
0
0.02
0.04
0.88
4.41
0.7
0
1.08
0.09
0.07
0
0
0
13.03
1.87
0
2.46
0.09
0
0
0
0.45
0
0.01
0.48
0
0
0
0
0
0
0
0.17
0
0
0.05
0
0.01
0
0
0
0
0
0
0
0.01
0
0.16
1.02
0
0
0.5
0
0.02
0
0
0.02
0
0
0
0
0
0.57
0
0
0
0
0
0.66
0.18
0
0
6.46
10.3
24.04
12.96
7.64
3.38
4.73
0.79
4.67
0.58
3.22
0.04
1.41
6.91
9
10.13
8.91
3.52
3
8.98
1.05
0.06
0.01
0
0
0
0
0
0.3
0.01
4.38
0.57
0.2
0.04
0.03
0
9.09
0.67
0.04
0.01
0
0
0
2.28
5.71
1.1
0
0.46
9.41
11.89
7.57
1.27
0.03
0.49
0
0.01
0
0
1.16
0.01
0
0
0
0
0
0.02
0.02
0.02
0.31
3.88
0.67
0
0.03
33.8
38.77
5.52
3.04
0.48
0
0.02
0.25
0.05
5.25
6.2
13.8
6.59
13.81
7.07
1.04
0.16
0.14
0
0.02
0.01
0.17
0.22
0
0.08
1.3
1
1.3
0.05
0.38
0.01
0.01
0.01
0
0
0
4.91
1.41
0.01
0
0
1.1
0.19
1.46
15.12
3.95
2.39
7.64
10.87
4.42
10.13
1.82
14.55
24.87
11.21
4.96
1.97
19.26
22.77
19.77
12.38
25.43
7.69
4.47
8.35
8.14
2.16
1.18
1.01
0.33
8.8
1.12
0.01
0.02
0
6.54
3.72
0.4
2.3
1.93
0.43
1.03
6.01
0.15
0
3.1
3.32
5.49
1.53
0
0
0
0.24
4.74
2.13
1.84
1.77
0.02
0.02
0.39
0
0
0.15
0
0
0.13
0.1
0.49
0.18
0.11
0
0
0.17
0
0
0.22
0
0.06
1.89
0.46
0.89
0.03
4.58
4.19
0.73
0.06
0.01
0
0.01
0.31
0.14
11.67
1.15
0.74
3.64
2.94
1.76
0.14
0.25
2.16
3.88
3.41
0
0
0
0
0.28
10.49
0.59
0
0
1.06
5.74
0.03
0
0
0
0
0
0
0
0
0
0.15
0.2
0
0
0.04
0.42
0.14
0
0
0
0
3.1
1.64
8.55
3.05
6.7
2.78
5
4.85
5.98
0.96
7.77
3.67
1.27
0.17
0
0
0
0
0
0
0
0.02
0.03
0.12
0
0
0
0
0.01
0.09
0.05
0.01
9.63
2.78
8.65
5.3
0.98
1.8
2.02
0.14
0
0.07
0.01
0.02
4.57
1.86
0.33
0
0
7.39
0.67
0
0
0
0.18
0
0
0
0
0.02
0
0
0.01
0.01
0
0
0
0
0
0.02
0.01
0
0
0
0
0.22
0.13
0
0
0
0
0
0
0
0
0
0
0.19
19.55
3.68
19.41
0
0.02
0
0
0
0
0
0
0
0
0
0
0
0
0
0
0
0
0
0.01
0
0
0
0.11
0.04
0.24
0.03
0
0
0
0
0.01
0
0
0
0
0
0
0
0
0
0
0
0
0
0
0
0
0
0
0
0
0.04
3.21
0
2.7
1.36
0
0
0
0
0
0
0
0
0.46
7.8
1.36
6.21
3.52
1.01
0
0
0
0
0.01
0.01
0
0
0
0
0
0
0
0
0
0
0
0
0
0.01
0
0
0.01
0.01
0
1.62
0.24
0
0
0.3
11.73
6.79
4.55
1.91
1.25
0.52
8.25
4.23
18.41
4.93
0
0.09
3.14
2.01
0.21
2.52
2.28
3.96
0.07
0
0
0
0
0
0.03
0.08
17.44
17.07
2.97
0.25
0.15
0.12
0
0
0
0
0
0
0.01
0.02
0.03
0.01
0
3.17
3.95
1.54
5.36
3.56
2.31
0.3
0.01
0
0.13
0.48
1.58
0.27
0.36
0.01
0.02
0.09
4.82
3.52
4.09
1.52
1.25
1.9
12.36
10.85
20.68
14.96
6.88
12.18
6.65
3.92
5.57
2.1
0.41
0
5.46
1.88
0.8
0.15
0
0
0
0
0
0
0
5.33
4.52
0.54
0.05
0
0.09
8.53
1.43
0.14
0.02
0.01
0
0
0
0
0
0
0
0
0
0
0.01
0
0
0.01
0.01
0.89
12.58
3.54
1.39
0.06
0.01
0.76
6.06
3.11
4.26
11.1
28.44
15.55
1.95
2.38
0.77
0.12
0
0
0
0
0.02
0.07
0.62
0.18
10.29
19.7
9.23
13.13
2.31
8.12
8
2.18
1.47
0.22
0.28
0.07
6.06
1.12
0.1
0.54
0
0
0
0
0
39.41
15.89
0.4
0
0.46
0.2
6.43
3.61
19.84
6.62
0.34
0.16
0.07
1.47
22.98
11.79
4.1
0.08
0.18
8.77
38.25
7.17
2.27
1.42
11.18
3.13
4.1
7.92
1.67
2.68
20.11
10.71
22.73
15.63
7.75
4.23
0.52
0.17
1.16
1.09
1.56
1.35
12.82
14.95
5.45
3.96
3.98
11
7.36
9.19
1.37
0.34
9.57
4.89
0.52
0.13
0.02
0
0
0
0
0.31
0.07
1.7
1.83
0.45
0
0
0
0.01
2.3
5.36
3.99
12.42
0.34
0.01
0.01
0
0
0.01
0.18
0
4.17
0
0
19.35
0
0.02
0
0
0
0
0.01
0.01
0
3.17
0
0
0.05
0.41
0.01
0
0
0
0
0
0
0.15
0
0.01
0.02
0.05
13.67
1.12
0
0.03
0
0
0
0
0
0
0
0.06
0.17
0
0
0
0.24
2.25
0.33
0
0
0
0.01
0
0
0
0
3.8
0.89
0.17
0
0.76
2.82
12.72
1.27
0
0
0
0.01
0.06
0.11
2.05
13.48
4.49
0
0
0
0
0
0
0
0
0
0
0.02
0.41
0.03
19.63
2.86
0
4.88
3.1
1.87
0.25
0
0
0
0
0
0
0.03
0
0
0.05
0.09
8.46
0
0.08
0.56
2.55
0.38
0
0.17
0
0.31
1.46
12.18
2.67
0.49
0.04
0.17
0.15
0.05
0
0
0
0
0
0
0.01
0
0
0.59
0.2
1.04
0.41
0
0.39
3.27
4.84
3.08
1.1
12.32
5.32
0.85
0.44
0.98
0.11
0
0.01
0
0
0.02
0
0
0
1.19
0.25
0
0
0
0
0
3.11
6.41
1.87
0.52
3.33
7.29
6.88
3.83
0.75
12.91
1.07
0
0.05
0.1
0.44
0.56
7.17
7.22
0.6
2.91
3.63
5.43
11.16
4.8
6.27
2.9
1.15
2.84
7.38
1.65
0
0.01
0.48
0.02
0.01
0.18
0.02
0.02
0.34
7.91
13.84
34.35
21.8
11.35
6.24
3.88
3.41
2.49
12.33
11.61
22.25
3.91
0.48
0.05
0
3.63
4.59
1.57
0.86
0.17
0.02
0.03
0
0.08
0.09
0.58
1.13
0.08
1.02
4.28
2.59
8.71
22.21
5.54
2.46
6.45
1.63
0.02
0.18
1.49
2.96
1.54
7.46
3.89
0.75
1.58
0.04
2.64
1.19
0.02
0.01
0
0.01
0
0
0.07
0
0.03
0.16
0
0
0
0
0
0
0
0.39
0.9
4.16
0.43
0.89
0.07
0
0
0
0.02
0
0
0.04
0.35
0.02
0
0.27
1.03
0.14
0.75
0
0
0
1.71
8.35
4.22
3.3
0.38
1.16
0.51
0.61
0
0
0
0.05
5.14
6.59
4.66
0.86
0.56
1.39
0.25
3.51
0.67
0.73
1.21
0.27
0
0
0
0
0
2.85
1.97
8.27
0.43
0.11
1.59
0.43
0.05
0
0
0.11
0
0.02
0.4
1.81
13.79
13.93
1.9
0.39
0
1.37
1.68
0.16
10.95
2.55
0
0
0.89
0.45
0
2.66
0
0
0
0
0
0.1
0
0.35
0
0
0
0
0
0
0
0
0
0
0
0.01
0
0.01
0
0.01
0.02
0
0.93
0.02
0
27.47
1.76
0.16
0
0.07
5.24
1.07
0
0.23
8.03
0
0.16
0
0
7.04
0.05
0
0
0
0
0.01
0
0
0.01
0
0
0
0
0
0
0
0
0.05
0.14
6.16
0.66
1.19
11.13
10.57
7.86
8.69
6.56
0.81
3.48
0.93
0
0
0
0.05
0
0
0
0
2.06
42.33
36.7
31.7
1.39
0
1.82
16.76
3.3
0
0
0.59
1.94
0.13
0
0.07
7.52
4.8
3.94
1.24
0.84
4.02
3.88
16.77
2.08
0.2
0.01
0.14
1.07
2.6
3.96
3.01
0
0.03
0.01
0.1
0.45
17.31
8.98
0.23
0.08
0.81
5.46
2.27
9.8
21.34
14.69
1.73
7.83
0.5
1.56
1.21
0.11
0.03
0
0
0
0
0.01
1.05
0.38
5.71
10.45
1.53
0.33
0.16
0.09
0.02
0
0.02
0.03
0.57
4.33
0.75
6.68
5.18
0.13
0.04
0.31
8.12
6.83
0.73
1.18
0.68
0
0
0.01
0.02
0.01
0
0
0
0
0
0
0
0
2.42
9.92
13.76
2.06
0.05
0
0
0
0
0
0
0
0
0
0
0.01
0
0.01
0.81
10.6
6.57
3.98
24.07
13.19
2.2
4.73
6.33
8.33
1.62
0
0.06
0
0
0
0
0
0
1.02
3.87
0.27
0
0
0
0
0
0
0.02
0
0
0.12
1.95
5.11
2.46
1.17
0.13
0
0.4
0
0
0
0
0
0
0
0.06
0
0
0
0.01
0
0
0
0.01
0.01
0
0.01
0
0.01
0
0
0.04
0
0.32
0
0.01
0
0.15
0.07
0.55
6.34
5.27
0.52
2.2
5.17
0
0
0
0
0
0
0
0
0
0
8.29
2.76
0.77
0
0
0
0.19
0.58
0
0.01
0.01
0.03
0.02
0.13
2.88
12.32
0.01
0.74
0.13
1.88
0.24
0.09
0.29
5.37
0.29
1.4
1.83
0.38
0
0
0
0
0
0
0
0
0.01
0
7.93
5.73
18.24
13.23
12.25
2.46
1.28
0.05
0
0
0.02
0.1
0
0
0
1.21
0.21
0.37
8.59
13.61
11.25
5.38
5.02
1
1.48
15.25
4.6
8.86
5.8
0.61
0.04
0.25
0
0
0.02
0
0
0
0
0
0
0.01
0.02
0
0.03
0
0
0
0
0
0
0
0.61
2.08
0.12
0
0
0.05
1.71
0.43
1.28
0.7
0.02
0
0
0
0
0
0
0
0
0
1.41
14.47
2.23
2.48
0.05
0
0
0
0.01
0
0
0.01
0
0.01
0
17.02
3.96
0.08
0.01
0
0.1
0.02
0.19
0.69
0
1.91
0.26
0
0
0
0.71
0
0
0
0
0
0
0
0
0
0.05
0.44
1.95
0
0.02
0
0.96
0
0
0
0
0
0.05
0
0.02
0.01
0.01
0
0
0
0
0
0
0
0.23
4.71
0.82
0
0
0
0
0
0
0
0.02
0.3
0.96
4.97
6.24
7.26
9.69
8.23
1.62
4.79
14.72
4.76
0.16
0
0
0.02
0
0
0
0.01
0.04
8.62
3.77
1.13
10.15
7.36
4.54
22.43
5.52
0
0
0
0
0.03
0.01
0
0
0
0
0
0.17
0.45
1.41
0
0
0
0.22
0.27
0
0
0
0
0
0.55
0.81
0.1
0
0
0
0
0.11
0
0
0
0
0
0
0
0.01
0
1.16
12.98
24.47
10.31
19.96
15.3
7.74
4.47
0.09
0
0
0.02
0
0.09
0.03
0.02
2.48
1.06
17.46
13.9
8.49
7.8
8.93
1.48
0.02
0.07
0
0.02
0.07
0.29
0.04
0
0
0
0.27
0
0
0.3
2.2
6.2
2.55
4.39
1.47
3.39
4.8
3.74
10.34
2.46
1.99
0.05
12.06
3.06
0.53
0
0
12.04
12.95
8.58
4.78
8.88
6.48
1.92
0.67
1.99
0.16
0
0
0
0
0
0.01
0
0
0.15
4.25
1.68
0.53
0.02
0
0
0
3.88
8
1.23
4.49
4.13
0
0.32
0.54
0
0.3
3.43
7.97
1.77
10.41
3.72
1.21
0.82
2.55
0.88
5.67
0.36
0.2
0
0.32
15.88
2.46
0.25
0
0
0
0.19
9.2
10.34
4.29
3.28
4.84
3.77
0.06
0
1.04
0
0.04
0
2.49
0.8
0.19
0.39
4.63
6.77
6.07
8.55
5.68
1.87
0.3
12.42
9.89
2.56
0.07
0.03
0
0
0
0.45
0.09
0
0
0.07
0.86
0
0
0
13.77
0
0.24
0.12
0.01
0.59
0.88
0
0
0.08
0.05
0.03
0
0
0
0.29
0
0
0
0.01
0.52
0
0
0.04
0.61
3.49
12.77
7.34
1.95
0
0
3.43
0
1.04
0
0.05
0.76
11.68
1.54
2.23
1.98
0.25
0
0
0.51
0
1.81
2.55
2.29
0
0.01
0
0
0
0
11.73
16
11.02
2.95
0
0
0
0.01
0
0
0
0
0
0.01
0.01
0
0
0
0
0
0
0.31
0
0
0
0
0
0
0.12
0.04
0
0.23
0.03
0
2.17
2.41
3.75
11.84
2.97
0.05
0
0
0
0.3
0.03
0
0
0
0
0
0
0
0.03
0
0.39
0
0
0
0.01
0
0
0.18
4.67
1.07
0
1.9
0.03
0
0
0
0
0
0
0
0
0
0.01
0.06
0
0
0
0
0
0.02
0.5
0.03
0
0
0
1.3
8.82
0.45
1.1
0
0
2.07
6.16
0
0
0
4.11
7.52
0.05
0
0.16
0.07
0.02
0
0.02
0.01
0
0
0
0
0.29
0.04
0
0
0
0
0
0
0
0.13
0
10.85
5.15
5.68
3.26
2.61
1.5
0
2.4
11.8
3.43
0.58
0
0
0
0
0
0
0
0
0
0
0
0
0
0
0
0.01
0.09
0.08
0
0
0
0
0
0
0
0
0
3.41
18.86
1.97
0.22
0
0
0
0
0
0
0
0
0
0
0
0
0
0
0
0
0
0
0.93
3.27
7.5
18.37
4.02
0.27
0.71
0.17
0.02
1.87
0.66
0.01
0
0
0
0
0.21
0
0
0
0
0.34
8.39
16.51
2.09
3.66
13.96
4.26
8.53
1.58
5.97
7.72
1.44
0
0
0
0.31
0
0
0
0
0.09
0.93
0.21
0.14
1.12
7.59
10.71
5.37
2.57
0.51
0.03
0.42
4.31
0.89
1.1
0.85
1.21
0.97
0.4
0
3.21
3.25
2.44
5.56
1.04
0.02
0
0
0
0
0
0.04
0.01
19.52
2.62
1.23
1.13
0.5
1.21
7.48
1.04
0
0
0
0
0.01
0
0
0
0
0.16
0.07
1.9
26.59
5.15
1.6
1.2
24.33
1.96
0.61
1.16
2.92
0.47
0.02
0
0.25
0.26
0
0
0
0.02
0
1.47
0.16
0.29
12.9
0.72
0.18
0
0.02
0.52
0.47
0.4
9.57
36.26
8.13
8.06
8.49
0.32
0.02
0.14
4.33
14.92
4.3
1.51
3.61
9.29
10.02
0.23
0.47
0
0.46
0.09
2.83
4.58
6.86
13.91
1.77
0.43
4.5
3.59
5.63
7.59
1.19
0
0.01
1.19
0.2
1.68
0
0.02
0
0
0
0
0
0
0
0
0
0
0
0
0
0
0.04
0.05
0
0
0
0.01
0
0
0
0
0
0
0.27
0
0
0.01
0.01
0.06
0
0
0
0
0.02
0.23
4.1
6.5
0.7
0
0.02
1.81
0.19
0.87
0
0
0.01
2.7
7.8
0.45
0
0
0.01
0.1
0
1.03
0.6
0
0
0
0.02
0
0.07
0.01
0
0
0.01
0
5.77
2.64
1.48
1.74
2.06
1.12
3.96
1.06
0
0
0
0.25
6.67
6.89
2.22
0
0.05
0.01
0
0.01
0
0.01
0
0.68
0.01
0.24
11.16
3.7
0
0.03
0
0
0
0
0
0.01
0.19
0
0.01
0.06
0.01
3.22
3.21
0.42
0
0.01
0
0
0
0
0
0
3.27
1.47
0.05
0.04
0
0.05
3.36
2.65
0.18
0
0
0
0.04
0.03
0.03
0.02
0.02
0
0.15
0
0.01
0
1.52
0
0
0
0.13
1.12
0.29
0.02
0.69
0.08
0.14
0.01
0
5.16
0.34
0.14
4.94
5.71
0.38
0
0
0
0
0.67
0.05
8.16
14.58
12.07
3.79
6.19
0.45
1.59
0.14
0.4
0
0
0.67
0
0
0
0
0
0
0
0
0
0
0
0
0
0
0
0
0
0.01
0
0
0
0
0
0
0
0
0
0
0
0
0
0
0
0.8
0.81
0.74
0.99
11.18
10.3
7.57
3.07
4.59
18.84
13.64
9.22
1.97
0
0
0.59
0.09
0
0
0.03
0
0.05
0
1.86
6.9
3.83
0.47
0
0
0
0
0
0.01
0
0
0
0
0
0.01
0.2
0.55
0
4.16
3.01
0.1
0.08
0
10.04
1.38
0.66
3.3
0.37
0.01
0.02
0
0.06
0.5
0.02
0.01
0
0
0
0
0
0.01
0
0
0
0.88
9.96
23.81
7.14
1.88
0.2
0
0.11
0.13
0.08
0.58
0
0.06
1.92
4.38
7.64
9.71
3.02
1.2
1.1
10.59
2.07
0.01
0
0.3
5.52
0.3
0.13
0.64
0.02
0
0
0
0
0
0.02
1.61
6.67
6.92
2
0.96
1.54
0.66
0.49
0.14
0.28
2.52
0
0
0
0
0
1.01
4.4
0.34
2.34
10.59
7.47
0.2
0
0
0.06
0.1
0
1.75
1.1
0
1.61
0.84
0.33
1.03
0.02
3.01
0.57
0.88
0.65
1.66
15.32
4.62
4.68
0.22
0
1.76
2.02
1.48
4.68
1.68
0.34
3.57
1.93
2.56
3.1
19.15
2.45
1.68
0.14
0.03
0
0
2.46
0.38
0
0
0
0.2
1.25
0.54
0.04
0.17
0.21
3.22
0
0.23
0.76
4.36
0.48
0
0
0
0
0.1
0.14
0
0
0
0
0
0
0
0
0.01
0
0
0.52
0.21
0
0
0.01
0
0
0
3.63
0.04
0.25
4.19
5.52
3.59
9.31
2.99
2.51
0.14
0
0
0
0
0
0
0
0.84
1.68
0.27
0.01
0.09
6.66
0.02
0
0
0
0
0.02
0.12
0.34
0.41
1.01
0.01
0.16
3.59
2.09
6.74
1.7
0.5
5.31
4.09
0.99
1.25
0.85
0.04
0.04
0
0
0.1
11.48
30.1
21.77
3.56
4.34
0.98
2.29
5.94
9.66
3.19
2.97
0.04
0.14
1.29
17.61
3.25
1.88
7.41
1.22
0.09
0.02
0.02
4.29
3.79
5.02
1.75
0.45
4.21
0.91
14.23
20.43
9.73
4.91
1.16
0
0.11
0
0.06
0
0
0
1.06
0
0
0
0
1.53
0
0
0
0
1.11
7.43
7.42
4.62
1.42
10.7
22.18
4.74
0.7
0
0
0.55
0
0.03
0
0
0
6.59
17.48
19.59
3.17
0.18
0.12
0
4.47
7.14
1.31
0.3
0.57
3.3
17.51
22.27
14.05
8.41
2.05
1.21
0.61
0.19
1.3
0.46
0.64
14.05
10.02
6.8
15.83
14.97
6
0.06
0
0.26
1
13.46
14.06
7.11
5.07
0.76
2.11
12.25
13.32
12.95
4.27
6.45
5.02
1.96
9.82
14.95
6.17
1
0
0.34
0.75
2.96
7.72
11.13
6.64
6.96
0.92
1.03
0
1.44
6.41
19.64
17.62
9.63
6.85
5.45
3.79
1.72
2.13
1.53
0.46
0
0
0
0
0.26
0.02
0
0
0.15
3.39
10.02
4.22
0.98
0
0
0
0
0.19
8.57
1.93
1.37
18.09
9.8
1.01
0
0.1
0.7
5.86
0.21
0
0
0
0
0.21
0
0.01
0
1.27
0.19
0.27
0
0.01
0
0.17
0.3
1.12
1.27
2.8
0.16
0.08
0
0
0
0
0.16
0
0.02
0.02
0.23
7.5
7.16
1.94
0.73
3.33
7.43
3.72
0.52
0.45
0
0
0.01
0.03
5.85
1.13
0.21
1.3
8.58
1.74
2.18
1.66
0.72
1.89
4.27
1.13
2.5
0.68
0.08
0.11
0.88
3.87
19.1
7.87
9.09
6.07
0.81
0.06
0.14
0.46
0
0.09
4.27
0.82
5.84
30.46
3.43
0.02
0.8
0.01
0.12
0
3.02
4.18
1.16
4.03
1.27
0
0
0.62
0
1.77
0
0
0.05
0
0
0
0
0.05
0.66
0.07
1.66
0
0
0
0.33
0.99
3.49
1.87
0
0.03
0
0
0
0.78
7.31
2.97
0.03
0
0
2.73
1.48
0.05
0
0
0.01
0
1.52
0.02
0
0.02
0
0.03
0
0.03
0
0
0.92
0
0
0.2
0.03
1.36
7.33
3.78
0.33
0
0
0
0
3.54
2.89
0
0
0
0
0
0.03
0
0
0.01
0
0
0
0
0
0
0
0
0.14
0
0.38
18.7
2.2
0
0.4
0
0.86
2.24
0
0
0
0
0.03
1.18
1.03
0
0.69
0.77
0.81
22.77
10.86
18.22
12.3
0.86
0
0
0
0
0
0.45
2.16
14.59
0.57
11.35
2.96
2.3
2.5
1.47
0.39
0.89
0.36
0.15
0
0
0.12
0.18
0
0
0.31
0.72
0.08
0
0.01
0
0
0
0
0
0
0.01
0
0.09
0.99
4.38
15.15
1.89
0.01
0
0
0
0.2
0.3
5.4
4.98
10.52
5.54
0.11
0.66
5.62
7.48
4.84
29.2
13.56
4.18
1.26
0.13
2.26
0.87
0.76
1.9
2.98
0.91
0.22
3.22
3.77
6.69
3.54
0.67
0.02
0
0.23
0.81
3.71
0.28
0.55
0.32
1.06
1.37
0.39
0
0
0.95
0
0
0
0.57
2.48
4.38
3.05
2.92
5.8
0.68
0.23
2.82
9.99
4
5.02
2.63
1.49
4.3
3.31
0.79
4.18
18.37
2.84
0.94
0.55
0.28
0.28
0
0
0
0.46
0.41
1.89
6.36
13.62
1.01
0.61
0.21
0.13
4.11
11.74
2.87
1.53
6.44
5.12
2.86
0.35
8.65
14.68
25.63
15.66
23.89
9.71
11.25
20.8
20.06
9.02
0.02
0.59
0
0
0
0
0.36
1.5
0.65
0.25
0.09
3.16
4.59
0.72
0
0
0
0
0
0.32
0
0
0
0.47
7.94
2.23
0.96
9.73
5.12
0.36
12.3
3.34
0.8
2.08
0.37
1.61
1.8
7.48
5.19
0
0
0.87
0
0.2
0.97
1.3
0
0
0
3.11
2.99
23.95
24.35
4.62
10.24
19.41
9.52
4.92
0.93
4.89
5.59
1.77
0.13
0
0.04
1.55
0.03
0
0
0
0
0
0
0
0.82
0.53
12.95
10.89
12.95
15.76
1.99
0.92
0.33
1.84
5.71
7.1
4.83
0.03
0
0.03
0.3
0.14
0.29
0.61
0.48
0.81
8.71
1.33
3.86
0.62
3.32
3.25
0.73
2.99
0.25
1.12
1.85
1.84
0
0.01
0
0.04
0
0
0.16
0.08
1.18
3.25
0.06
0
3.11
0.41
0
0.01
0
0
0.13
0
0
0
0
0
0
0
0
0
0
0.33
0.8
0.22
0.63
0.11
0
0
0.04
0.05
0.57
0.16
0
0
0.03
0
0
0.01
0.01
0
0
0
0
0.01
0.2
0
1.4
0.08
0
0.02
0.07
0
0.02
0
0.14
0.66
3.16
0.2
0.04
0
0
0
0
0.01
1.49
0.17
2.33
10.51
3.45
0.12
0
0
0
0
0.01
0
0
0
0
0
0
0.3
0
0.23
0
0
0
0
0
0
0
0
0
0.32
2.57
0.97
0.08
0.01
0
0
0
0.04
0
0
0
0.02
0.73
1.39
2.29
0.08
0.22
0.03
0
0
0
0
0
0
0
0
0
0
0
0
0
0
0.02
0.04
0
0.01
0.28
0.94
2.36
0.26
0.24
1.2
0.21
0
0
0
0
0
0
0
0
0
0
0.01
0
0
0.46
1.59
0.13
0
0
0.55
13.2
19.95
9.45
1.06
3.08
15.88
8.88
3.79
2.74
10.64
12.34
17.7
9.57
8.58
2.62
1.41
1.68
3.08
2.48
0.75
0.82
4.97
12.7
18.15
4.79
9.28
3.26
3.52
10.55
5.02
1.74
1.58
13.3
5.79
0.08
1.91
4.38
1.84
1.28
3.14
0.43
0.22
0
0
0.19
0.09
2.63
17.25
19.73
1.61
6.75
1.3
0
0.53
3.1
20.93
28.75
14.54
4.17
1.56
0.48
4.74
15.34
4.88
18.55
16.96
11.24
14.62
4.26
6.5
17.2
16.22
13.18
10
13.41
6.99
1.15
0
0.03
0.29
0
0.01
0
0.19
0.15
0.07
0
0.08
4.09
1.63
0
0.2
0
0.48
1.95
5.22
2.52
0.15
0.55
0.26
0.01
1.2
4.9
2.91
0.7
4.71
14.04
12.37
4.84
4.76
2.08
4.7
4.39
17.89
4.92
1.43
2.13
0.72
0.94
0.48
0.1
0.29
2.27
9.4
3.39
0.05
0.45
7.76
13.33
7.71
2.85
1
7.76
8.96
1.22
0.11
0.56
0
0
0
0.01
0.52
0.1
0.04
0
0.04
0.04
0.01
0
0
0
0
0
0
0
0.28
5.77
7.79
2.93
0
0.01
0
0
0
0
0
0.07
0.06
0.04
0.08
0
0.02
0.01
0
0.07
1.89
1.38
1.92
3.07
12.85
43.8
26.3
3.3
0.66
6.31
1.52
1.7
1.48
9
4.16
0
0
0
0.05
0
0
0.03
0
0.08
0.05
0.11
0
0
0
0
2.63
8.58
11.51
6.2
3.35
1.53
8.49
2.23
1.74
1.23
1.25
0.04
0
0.01
0
1.34
1.07
1.16
0.04
0.05
0.13
0.16
0.12
1.33
0.73
0.05
0
1.33
0.02
0
0
0
0
0
0
0
0
0.14
0.07
0.2
0.01
0
0.01
0.03
0
0
0
0
0
0
0
0.02
0.01
0
0
0
0.05
0.07
0
0
0
0
1.08
0
0
0.27
0
0.57
6.84
2.97
0.01
4.51
1.73
4.45
1.27
1.5
0
0.33
0
8.43
5.03
12.06
1.6
10.04
2.96
10.13
22.38
2.34
0.06
4.21
0.18
0.94
0
0.86
1.26
0
0.36
0.23
0
0
0.04
2.89
1.31
6.82
3.76
1.66
19.77
12.7
8.79
22.33
17.76
17.07
17.01
6.81
0.3
0
0
0.27
5.05
7.4
2.38
0.72
5.53
23.62
28.76
3.82
2.15
0.76
0
0
0
0
0
0
0
0
0.15
0.76
0
0.03
2.49
19.61
27.49
3.76
1.21
1.43
0.1
0
0.02
0.05
0.08
0
0
0
0
0
0
0
0
0
0
0
0
0
0
0
0.5
0.23
0.29
0.26
0
0
0
0
0.51
0.41
0
0
0.02
0.15
1.24
9.13
12.62
7.65
1.23
0.82
0.45
0.24
0.84
0.75
0.01
0
0
0
0.02
0
0.28
2.75
3.22
6.36
1.7
0.15
0.1
0.01
0
1.39
0.24
0.38
3.27
2.12
0
1.8
0.19
0.92
0.34
0.01
0
0.01
0.01
1.03
5.93
0.66
0
0
0
0
0
0.07
0
1.73
0.45
0
0
0
0.01
1.02
0.81
0.01
0.15
2.41
0.23
0.23
1.25
0.91
2.11
4.72
8.58
3.23
0
0.11
0.06
0.33
2.02
4.04
2.76
0.19
0
0
0
0.11
0.51
0.19
0.02
1.71
0.31
0.31
0
0.78
9.98
8.87
17.06
11.46
2.23
0.26
0.81
0.11
1.44
2.79
3.74
2.32
0.02
0
0.01
0
0.9
0
0
0
0.1
0.05
0.04
0
0
0.13
4.59
4.22
1.33
2.59
1.52
0.95
1.42
0
0
0
0.02
0
0.14
0.99
3.48
5.62
2.57
2.48
2.05
19.95
12.01
19.75
15.45
0.36
0.01
0
0.02
0
17.05
10.88
1.26
0.11
0.2
0.71
0
0.02
0.04
0
0.17
0
0
12.86
2.93
3.1
2.51
2.01
0.99
0.35
0.2
0.72
2.41
0.46
2.77
0
2.97
20.29
4.89
0.96
5.32
17.95
4.68
2.31
0
0
0.01
0
0
0
0.01
0
0
0
0.98
0
0
0
0
5.58
6.47
0
0
0
0.21
0
2.71
1.38
0.76
0
0
0
0.59
1.22
0.33
2.38
0
0
0
0.12
0
0
0
0
0
0
0.06
0
0
0.31
0
0
0
0
0.02
0
0
0
0
0.31
0
0
0
0
0.3
0.56
0
0.28
0.22
0
0
0
0
1.34
3.2
0.68
0
0
0.02
0
0
0
0.05
0
0.07
0.01
1.5
0
0.6
4.93
4.99
0.01
0
0
0
0.01
0
0.92
2.83
1.21
1.86
1.5
1.91
0
0.26
0
0.38
0.08
1.34
1.09
0.01
0.25
0
0
0.09
0
0
0.23
0.32
1.98
2.12
0.38
0.09
0
0.43
1.92
7.33
15.97
3.98
0.09
0
1.05
0
0
2.41
13.42
3.65
0.77
0.05
0
0.11
0
0
0.07
1.65
1.37
6.11
1.79
2.68
5.46
27.62
15.6
1.42
3.09
13.38
3.66
0.13
0.06
0.02
0.11
0.3
0
0
0
0.01
0
0.02
3.5
7.56
0.68
0.36
0.39
0.42
0
0.18
0.09
0.05
0
0
0
0
0.18
0.04
0
0
0
0.31
1.99
0.64
0.21
0.09
5.07
2.92
0.2
0
0
0
0
0
0.23
0.01
0
0
0
0
0
0
0
0
0.16
0
0
0
0.73
0.3
1.31
0.04
0.03
0
0
0
0
1.33
0.16
0
0
0
0
0.09
0.05
0
0
0
0
0
0
0
0.06
0
0
0
0
0.34
1.57
13.11
3.91
2.41
0.42
0.03
0
0.01
0
0.07
0.57
0.3
0.06
0.12
0
0
0
3.36
5.52
9.35
1.41
0
0.01
0
0.55
0.8
0
1.15
0.1
0.01
0
1.07
0.03
0.01
0
1.08
0.32
0.06
0.01
0.95
0.94
2.37
0
0
0
0.6
4.46
6.94
9.99
3.47
0.12
0.19
8.75
4.25
1.63
0
1.7
0.1
0.05
2.25
7.53
1.92
2.24
6.94
2.04
4.03
1.75
0.17
0.55
0
0.66
0.1
5.61
3.65
5.45
6.85
0.62
11.81
2.66
0.1
0.76
0
0.44
0
0
0
0
7.22
7.79
12.59
9.02
22.49
7.79
0.02
0
0.02
0
0
0
0
0.06
0
0.01
0
1.85
7.16
1.47
0
0
1.81
0.69
0.04
0
0.02
0.51
0
0
0
0
0
0.01
0
0.01
0.07
0.01
0.04
0.01
0
0
0
0
0
0.01
0
0.34
0.1
0
3.76
3.85
2.05
0.76
0.22
0
6.54
1.28
0
0
0
0
0
0
0.07
0
0
0
0
0.01
0
0
0
0.01
0
0
0
0.02
0.01
0
0
0
0.01
0
0.01
0
0.04
0.06
0.53
1.83
0
0.22
10.75
3.21
0
0.02
0.35
0.1
0
0
0
0
0
0
0
0
0
0.29
0
0
0
0
1.27
0
1
2.35
2.96
0.1
0.01
0
0
0
0.03
0
0
8.93
2.28
0
0
0
0
0
0.1
0.75
2.2
0
0.02
4.1
10.07
6.3
0.42
2.48
8.51
12.44
1.61
0.03
0.41
7.48
0.04
3.52
1.33
0
0.02
0
3.12
2.8
0
0
0
0
0
0
0
0
0.08
0
0
0.16
0.21
0
0
0
0.1
0
0
0
0
0
0
0
0
0
0
0
0
0
0
0
0
0
0
0
0
0
0
0
0
0.92
0.04
0.34
0.03
0.62
0
0.01
0
0
0
0
0
0
0.02
0
0
0
0
0.03
3.85
6.16
3.38
1.44
5.08
2.93
0.91
4.31
12.25
5.32
1.88
6.07
17.69
16.39
18.18
9.86
2.04
7.85
21.94
38.15
23.9
16.1
12.82
3.22
0
0.01
0
0.02
0.05
0.01
0
0.22
3.12
10.63
1.61
0.42
0.96
1.15
1.59
0.63
1.7
0.88
0.24
0.11
0.03
0.09
0.3
0.78
0.12
0
0.04
0
0
0
0
0
0.23
0
0
0
0
0
0
0
0
1.03
7.18
1.86
12.84
5.22
1.09
3.32
1.61
0.1
9.63
2.67
0.87
3.84
4
0.45
0.39
0.01
0
0
0
0
0
0
0.02
0
0
0
0
0
0
0.01
0
0
0
0
0
0
0.02
0
0.05
0.03
0.27
0.15
0.06
0.2
7.54
6.59
12.56
7.22
1.57
0.35
3
2.1
0.59
0.01
0
0
0
0.07
0
0.11
0.07
0.59
9.16
14.55
8.96
9.42
1.36
0
0.59
0
0
0
0.01
0
0.51
0
0
0
0.13
0.23
0.3
0.16
0
0
0
0.11
0.32
0
0.01
0
0.01
8.43
6.22
3.39
1.87
0
2.08
0.17
0.01
0
0.2
3.44
4.25
16.48
13.82
6.97
4.22
5.08
0.23
43.3
17.6
0.98
0
0
0
18.22
4.99
0.43
0.03
0.02
0.02
0.01
0.1
0
0
0
0
0
0
0
0
0
0.47
0.27
0
0
0.15
2.96
0.16
0.88
12.07
1.08
0.59
0.56
3.27
1.66
0.01
0.02
0
0
0
0
0.01
0
0
0.16
0.25
0
0
0
0
0.02
0
0
0.01
0.14
2.95
6.18
0.25
0.9
0
0
0
0
0
0
0
0
0
0
0
0
0
0.24
0
0
0.02
0
1.25
0.02
0.28
0.52
0.4
0
1.2
4.03
0
0
0
0
0
0
0.15
2.73
0.09
0
0
0
0.04
2.73
3.81
5.11
0
0.01
0.25
0
0.74
0.5
10.19
1.59
0.45
0.14
0
0.72
16.06
3.97
0
0.01
4.54
1.65
0
0
0.01
0.01
0.02
0.02
0.01
0
0
0
0.01
0.19
10.37
1.76
0
0.05
0.37
9.66
7.71
5.79
5.66
10.65
4.31
0.3
0
0
0
0
0
0
0
0
0.01
0
0.24
0
17.07
53.14
12.98
4.08
0
0.01
1.28
11.72
1.99
2.77
0.66
0
0
0
0
0.04
0
0
0.02
11.53
18.32
4.63
0.07
0
0.01
0
0
0
0
0
0
0
2.03
1.07
1.5
0.98
12.63
7.54
0.73
0.02
0
1.32
0.71
0.18
4.7
3.56
0.21
0
0.44
0.48
0
0
0
0
0
0
0
0
0
0
0
0
0
0
0
0
0
0
0
0.02
0
0
0
0
0
0
0
0
0
0
0
0
0
0
0
0
0
0.01
0
0
0
0
0.02
0.11
0
0.2
0.27
0
0
0.19
0.02
0.22
0
0
0
0
0
0.2
0.1
0.18
0.05
11.65
5.42
0.11
0.82
0
0
0
0
0
0
0
0
0
0
0
0
0
0
0.09
0
0
0
0
0
0
0
0.14
0.95
0
0.2
1.34
0.45
0.02
0
0.86
0.83
0.28
0.36
0.02
0
0
0
0.01
0
0
0
0
0
0
0
0.9
2.76
4.18
2.48
5.28
2.6
6.73
6.86
19.67
12.62
3.1
0.38
0.84
0.25
8.63
4.43
0.37
0
0
0
0.01
0.01
0.02
0.01
0.19
0.1
0.2
3.25
1.93
0.32
7.4
2.77
0.09
0
0.13
1.66
1.16
0
0
0
0
0
0
0
0
0.01
0.01
0
0.09
0
0
0.52
0.29
1.24
0.07
0.23
0.13
0
0
0
0
0.47
0
0.01
0.07
0.16
3.63
4.66
6.38
3.78
1.32
0
0.09
0.02
0
0.04
0.07
0.58
2.24
7.49
8.4
3.1
0
0
0
0
0
0
0
0
0
0
0
0
0
0
0
0.05
0.02
0
0
0.01
0
0
0
0
0
0
0.53
0
7.26
4.56
0.98
0.24
0.24
0.17
0.01
0.01
0
0.01
0
0
0.13
0
0.45
0
0.02
2.36
38.99
5.43
0
0.25
6.23
4.28
1.37
0.37
0.08
9.27
4.81
0.01
0
0
0
0
0
0.01
0.01
0
0
0
0
0
0
0
0
0
0
0
0
0
0
0
0.01
0
0
0.1
0.34
0
0
0
0
0
0
0
0
0
0
0
0
0
0.38
0.16
0.02
0.72
0
0
0
0
0
0
0.01
0
0
0
0.22
1.96
7.4
0.16
0
0
0
0.32
0.34
2.57
1.43
0.21
0.64
4.06
3.37
0.43
0.24
0.43
2.84
3.04
4.16
16.34
3.68
2.14
14.94
22.51
5.62
1.54
0.01
1.27
0
0
0
0
0
0
0.01
0
0
0
0
0
0.02
0.37
0.14
0.07
0.48
0.62
6.97
9.2
10.38
9.33
26.06
13.67
28.66
15.49
3.82
0.57
0
0
0
0
0
0
0
0
0
0
0.19
0.3
0.1
0.14
1.17
6.29
1.61
0
0.05
0.03
0.01
0.01
0
0
0.21
2.38
5.1
8.76
10.63
6.81
5.08
3.89
0.1
2.9
0.65
0.02
0.41
2.01
1.49
1.42
2.91
0.05
0.01
0
0
0
0.01
0.01
0.01
0.02
0.01
0
0
0
0
0.01
0.79
0.61
0.09
0.05
6.05
4.16
0.48
0.94
0.43
5.21
13.32
1.84
1.14
0.39
0.15
0
0
0
0
0.31
0.04
0.22
0.79
0.49
3.25
3.81
5.6
4.13
3.2
0.77
4.74
4.26
7.01
7.34
3.55
17.46
7.33
0.98
0.67
11.3
4.54
1.97
15.52
7.77
2.22
10.32
2.41
1.06
0.92
0.02
0
0.01
0
0.35
2.09
0.89
2.05
2.64
0.06
0
0
0
0
0
0
0.07
0.49
1.59
0.07
0
0.09
0.19
1.11
12.39
6.82
1.88
1.23
7.38
10.94
13.18
11.02
2.07
0.32
1
1.31
16.81
23.14
11.47
9.54
13.96
12.81
2.29
10.34
16.54
10.21
5.11
10.15
1.55
2.52
1.12
2.26
3.01
0.98
0.51
0.81
4.67
16.67
29.53
9.35
1.17
0.18
0.01
0
0
0.78
0
0
0.01
0
0
5.68
2.71
0
0.01
0.09
0
0.01
0
0
0.03
0
0.01
0
0
0
0
0
0
0.02
0
0
0
0
0
0
0
0
0.01
0
0
0
0.02
0
0
0
0
0.03
0
0
0
0
0
0
0.01
0
0
0
0
0
0.02
0
0
0
0
0
0
0.44
1.3
0.69
0
0
0.05
0
0
0
0
3.15
2.74
0
0
0
0.03
0
0
0
0
0
0.01
0
0
0
0
4.38
1.81
0
0
0
0
0.02
0
0
0
0
0
0
0
0
0
0.04
0
0
0
0.05
10.93
6.81
0.01
3.17
8.54
9.85
8.26
1.55
0.27
0
0
0
0
0
0
0
0.01
0
0
0
0
12.82
2.72
0.02
0
0
0
0.1
10.96
3.01
0
0
0
0
4.21
4.21
1.42
10.65
7.75
5.1
14.91
36.04
13.95
12.71
2.74
4.41
21.28
12.1
18.3
14.94
2.86
11.37
9.22
0.84
1.68
1.64
0.22
0.12
0
0
0
0
0.48
18.25
12.02
1.82
3.18
0
0
0
0
0.11
0
0
0
1.27
2.44
0.14
0
0
0.09
1.19
0.13
0.33
0.01
0
0
0
0
0.42
0.64
0.88
0
0
0
0
0
1.46
6.53
6.09
3.44
0.56
0.04
0.35
0
0
0.01
0.07
0.11
1.15
3.08
8.46
5.66
2.35
18.35
23.14
12.77
5.55
3.62
9.35
7.07
1.98
1
0
0
0
0
0
0
0
0
0
4.36
8.59
13.36
24.25
15.31
6.79
2.2
1.45
0
3.02
12.6
3.33
1.68
0.89
5.62
3.18
0.01
0.02
1.11
0.32
0.13
1.06
6.44
1.34
0.5
0.63
0.24
0.02
0.01
0.01
0.01
0
0.07
0.2
0.1
0
0.04
0
0
3.93
11.21
10.38
16.13
9.18
0.79
0
0
0
0.19
0
0
0
0
0
0
0.04
6.72
11.65
5.18
2.8
6.27
1.96
0.44
0.33
0.16
0
0.13
0.01
0.13
0
0
0.01
0.92
10.71
10.78
3.63
5.55
3.74
1.39
1.06
1.16
0
0.01
0.02
0
7.82
2.94
2.34
2.15
1.14
0.22
0.09
0.15
0.73
1.33
2.19
3.6
9.29
9.57
0.42
0
2.3
0.35
0.67
0
6.47
1.55
0
1.45
2.36
2.32
0.33
0.02
0.43
9.15
2.4
0
0.19
0
0
0.01
0
0
0
0
0
0
0.01
0
0.05
0
0.57
1.91
0.01
0
0
0
0.08
0
0.97
0.09
0
0.1
0
0.02
5.98
5.51
0.01
0
0.01
0.01
0
0
0.01
0.01
0
0
0.05
1.43
0.02
0
0.01
0
0
0.01
0.03
0
0
0
2.38
0.13
0
0.05
0
1.75
3.01
1.68
0
0
0
0
0
0
0
0
0
0.02
0
0
0
0
0
0
0
0
0
0
0
0.34
0.29
0
0
0
0
0
0
0
0
0
0.01
0
0
0.36
0.8
0.12
0.07
0.7
0.21
0.02
0
0
0
0
0
0
0
0
0
0.03
2.15
0
0.01
1.71
1.09
0.01
0
0
0.01
0
1.38
0.67
0
0
0
0
0
0
0
0
0
0
0
0.05
0.02
0
0
0
0
0
0.21
1.16
0.13
0.05
0
0
0.02
0
0.08
5.81
11.71
18.04
8.07
2.44
0.09
0
0
0.07
2.57
5.05
1.79
0.26
0.15
0.11
0.03
0
0.01
0.03
0.07
0
0
1.3
6.95
17.85
8.71
0.02
0
0.01
0
0
0
0.12
13.19
1.43
0.18
5.51
1.07
0.05
0.01
0.01
0
0
0
0.06
0
0
0.01
0
0.07
6.65
9.26
16.39
7.57
3.81
13.34
17.79
5.98
4.08
3.49
9.6
8.88
6.47
2.81
5.45
1.04
5.07
2.64
0.2
0
0
0
0
0
0.01
0
0
0
0
0
0.05
0.05
0.01
0.01
0
0
0
5.45
12.56
9.34
7.11
3.45
1.45
2.25
3.2
1.5
0.44
5.41
2.49
0.59
0.21
0.03
2.57
20.58
28.85
15.77
13.95
16.44
12.27
2.27
10.53
4.89
3.65
2.21
13.45
2.72
0.82
0.06
3.75
7.11
3.74
0.13
0.27
0.33
2.12
4.93
0.37
0.35
1.72
0.26
2.49
10.85
0.7
0
0.05
0
1.45
0.37
0.83
0.13
0
0
0.01
0.03
0
0
0
0.01
0.01
0.02
0.56
8
3.52
0.74
2.59
7.38
3
3.32
1.16
1.22
4.41
4.13
1.55
4.07
3.25
3.69
1.32
0.8
1.45
0.47
7.33
4.38
4.41
9.69
16.6
5.38
5.02
3.28
0
0
0
1.49
0.41
2.13
15.24
11.54
1.7
0
0.01
0.04
0
0.02
1.07
0.4
0.01
0.43
0.31
0
0.1
0.36
0.37
0.13
0.04
0.07
0.71
0.59
0.39
1.16
0.01
0.02
0
0
0
0.33
0
0
0
0.07
0
0.09
0.93
0
0
0.15
0.4
2.05
1.5
0.38
2.21
7.02
18.76
9.31
0
0
0
0
0
0
0
0
0
0.15
0.16
0.34
0.04
0
0
0
0
0
0
0
3.83
0
0
0.26
0.03
0
0
0
0
0
0
0
0.37
8.23
3.25
0.01
0
0
0
0
0
0
0
0
0
0
0
0
0
0
0
1.45
0
0
0
0
0
0
0
0
0
0
0
0
0
0
0.29
0
0.06
1.59
6.35
1.46
0
0
0
2.39
0
0
0.82
3.05
0
19.55
4.19
0
0.02
0
0
4.3
12.67
2.45
4.78
2.08
0.85
0.16
0
0
0
0
0
0
0.03
0.2
0.51
1.63
0.46
1.41
0.36
0.04
0.16
0
0.29
0.22
9.07
4.16
1.69
3.23
6.99
4.19
0.38
0
0
0
0.73
3.04
10.61
2.29
0
0
0
0
0
0
0
0
0
0
0
0
0
0
0
0.01
0
0.62
7.27
17.42
6.69
0.09
0.38
0.4
0
0
1.67
1.14
0.27
0
0
0
2.07
0
0
0
0
0
0
0
0.79
0
0.35
9.6
2
0.03
0
0.01
22.91
3.35
0.29
0.55
0
0
0
0.31
1.02
0.91
0.95
0.55
0.15
0.66
1.38
1.5
0.06
0.11
0.16
0
0
0
0
0
0
0.01
0.41
23.91
13.85
2.91
14.52
20.93
7.02
2.69
0.92
0.27
0
0
0
0
0.4
0.59
0
1.77
8.9
9.63
8.19
12.66
8.97
2.2
0.77
7.43
2.04
0.86
0.12
0.06
0.02
0
0.95
6.37
10.66
3.36
0.74
0.05
0.52
21.66
19.46
5.63
0.83
0.17
0.19
0.12
0.22
7.78
9.35
1.95
0.35
0.01
0
0
0
0
0
0
0
0.2
0.48
0
0.44
2.32
1.95
0.07
0.04
0
0
0
0
0
0.13
0
0.28
0.77
3.21
1.99
0.1
2.28
0.17
0
0
0.77
14.04
13.77
16.6
9.5
2.11
15.03
19.79
5.93
0.18
0.08
0.05
0
0.16
0
0
0
0
0
0
0.01
0.01
0.32
4.26
0.54
0
0
0
0.04
0.01
0
0
0
0
0
0
0
0
0.54
1.75
0.31
0.09
0
0
0.03
6.07
7.25
0.47
0
0
0.51
12.45
14.91
1.17
0.02
0.09
0
0.14
0
0
0
0
0
0
0
0
0.01
0
0
0
0
0
0
0.05
7.75
1.39
0
0
0.02
0
0
0
0
0.01
1.28
0
0
0.19
0.08
1.36
4.24
0.21
0.04
0.04
1.02
9.77
2
7.6
0.3
0
0.8
6.03
5.25
11.33
12.15
1.01
0
0
0
0
0
0
0
0
0.01
33.17
3.09
0
0
0
0
0
0
0
0
0
0.01
0
0.02
0
0
0
0
0.01
0
0
0.02
0.04
0
0
0
0
0.02
0
0
0.01
0
0.12
2.31
0
1.52
0.54
0.23
0
4.43
0
0.45
0.02
0
0.02
0
0.22
0
0
0
0.04
0
0
0
0
0.02
0
4.65
0.57
0
0
0.33
1.37
0.92
0
0.12
0.84
0.45
22.7
22.6
1.48
11.6
14.13
5.54
0.06
1.21
18.98
14.97
7.38
0.34
0.46
0.12
0.69
1.41
0
0.02
0.34
4.45
3.63
13.9
13.04
8.35
0.61
0.74
7.16
0.45
0.04
0
0
0.09
0.79
0
0
0.07
0.66
16.48
9.7
2.79
0
0.08
0.34
0.8
0.33
0
0
0
0
0.01
0
0
0.97
4.78
4.07
0.84
0.72
0
0.06
0.08
0
0.73
6.88
9.54
9.21
6.51
2.81
0.68
2.36
7.48
18.86
22.81
7.75
13.17
5.5
3.8
0.68
0.01
0.07
0.06
0.03
0
0
0
0
0
0
0
0
0
0.08
7.76
3.44
2.45
1.11
1.02
6.41
1.16
0.08
0.01
0
1.18
13.17
4.97
7.1
3.16
14.8
2.49
12.85
0.35
0
0.53
0.01
0
1.32
5.54
10.41
5.2
5.23
8.93
32.41
1.48
0.08
1.65
0.26
1.67
4.97
3.02
7.5
2.29
0
0
0.07
0.02
0
0
0
0
3.06
0.49
0
0
0
0
0
0.15
0
0
0.03
0.13
0.09
0
0.02
0
0.33
1.59
0.24
0
0
0
0
0
0
0
0
0.01
0
0
0
0
0
0.01
1.44
0
0
0
0
0
0
0.04
0.6
0.48
0.61
0.05
3.18
6.97
6.32
6.06
2.24
2.72
5.71
1.97
1.48
20.35
3.16
0.6
0.67
1.33
2.13
3.41
5.64
11.61
0.34
0
2.77
0.59
5.59
28.5
9.41
0.16
1.11
0.48
0
4.8
2.29
2.27
5.04
2.86
0.1
1.74
6.7
11.71
18.7
9.57
9.34
4.38
10.2
0.92
3.83
0.02
0.36
0
0.74
0
1.62
1.87
6.07
1.3
3.14
0.17
0
0
0.2
0
1
0
7.69
1.87
0.32
0
2.88
25.55
21.04
3.27
1.41
4.32
3.01
3.22
11.87
4.29
6.66
1.84
0
0.04
7.93
2.3
13.95
3.87
7.36
17.4
5.72
16.07
7.48
10.12
0.46
1.48
0.4
7.04
1.41
0.21
0.16
0
0.18
0
0
0.06
0.01
0.05
0
0
0.02
0
0
0
0
0
0.33
0
0
0
0
0
0
0.07
0
0
0.34
0
0
0
0.01
0
0
0
0
0
0
0
3.09
5.32
0.04
0
0
0
0
0
0
0
0
0
0
0
0
0
0
0
0.02
0.1
0
0
0
0
0
0.28
0.86
0
0.44
0.41
0.02
0.02
0
0.01
0
0
0
0
0
0
0
0
0
0
0
0
0
13.28
2.82
0.05
0
0.02
0
0.02
0
0
0
1.34
7.17
1.33
0.38
11.71
6.64
27.56
7.29
9.07
3.23
0
0
0
0
0
0
0
0
0
0.02
0.7
0.33
0.48
0.15
0.13
1.34
0.01
0.06
7.94
2.96
0.61
0.93
13.53
1.61
0
0.11
0
0
0
0.01
0.01
0
0.01
0
0
0
0
0
0
0
0
25.82
7.99
0.89
0
0
0
0.43
0
0
0
0
0
0
0
0
0
0
0
0
0
0.18
0
0
0
0
0
0
0
0
0
0
0
0
0
0
0
0.11
9.66
0
0
0.02
0
0
0
0
0
0
0.01
0.05
0
0.09
0.13
0
0
0
0
0
0.15
0.16
0.08
0
0
0
0.04
0
0
0.57
0.01
0.08
0.46
2.51
1.48
1.88
0
0.01
0
0.01
0
0
0
0
0
0.58
0.3
2.13
13.93
24.46
20.4
14.41
16.23
7
3.53
0.39
0
0
0
0.26
5.95
2.26
0.18
0
0.05
0
0.11
0
0
4.96
1.33
0.02
0
0
0
0
0
0
0
0
0.25
0.34
2.76
14.06
8.13
0.86
8.85
11.16
10.64
5.88
5.34
4.82
6.45
2.53
1.11
5.7
11.59
8.4
0.41
1.2
0.33
0.01
0
0.98
6.29
0.17
11.49
8.38
6.14
9.36
3.95
0.3
1.07
0.55
0
0
0
0
0
0.01
0.01
0.01
0.02
0.02
0
0
6.12
6.73
0.17
0
0
0
5.3
1.02
0.02
8.27
8.34
6.7
18.6
5.25
5.11
3.95
2.2
5.64
10.1
13.51
4.92
5.57
2.18
0.11
0
0.31
0.93
0.88
0.55
0
0
0.27
2.5
4.18
1.77
4.09
3.73
12.5
2.77
0
0.68
3.85
0
0.08
0
0
0
0
0
0.15
0
0
0
1.59
0.13
0
0
0
4.45
0
2.38
0.05
0
0
0
0
0
0.01
0
0.05
1
4.6
0.04
0
0
0.02
0
0
8.27
0
0.08
0
0.31
0.66
2.55
4.01
0
0.01
0.23
0.05
2.34
0
0.05
0
0
0
0.02
0
0
11.18
0
0
0
0.04
0.65
0.31
0
0
0
0
0.07
0.02
0.22
0
0
13.36
9.64
3.5
9.54
4.92
3.97
0.46
0
0.11
0
0
0.01
0.07
0
0.39
0.07
0.42
0.06
0.24
0.02
0
0
0
0
0
0
0.01
0
0
0
0
0
0
0
0
0
0
0
0
0
0
0.57
0.39
8.82
4.58
0.08
0
0.11
0
0.03
0
0.19
1.07
7.36
0.24
0
0.14
0
0
0.17
0.78
0.01
2.12
0.56
0
0
0
0
0.02
0
0.18
1.2
0.47
9.36
7.1
2.69
13.95
12.11
19.16
14.54
10.09
5.73
4.09
8.67
10.02
4.91
2.51
1.14
1.36
0.09
2.5
0.82
4.38
3.88
2.5
10.03
20.91
4.95
1.66
16.91
8.94
7.45
1.46
9.39
19.65
19.24
2.16
0.81
6.7
4.54
0.26
0.16
3.5
3.97
1.91
0.78
0.23
0.02
0.04
4.48
1.76
3.53
2.94
1.05
0.12
1.43
0.21
0.27
0.26
0.65
0
0
0.19
0.33
0
0
0
0
0.01
0.02
0.03
0
0.12
1.82
1.76
4.21
7.3
5.84
1.84
4.64
1.92
0.3
0.13
0
0
0
0
0
0
0
0.09
0.3
0.09
0
0
0
0
0
0
0
0.26
0
0
0
0
0
0
0
0
0.12
0.16
0
0
0.14
0.25
1.66
0.49
0
0.77
2.41
0
0
0
0
0.88
0
0
0
0
0.08
5.99
4.27
0
0.01
0.2
0
0
0.17
1.21
4.69
3.36
0.86
5.84
11.5
8.37
5.43
4.83
0.63
0.42
0
0.01
0.1
0
0
0
0.13
0
0.16
1.28
0.44
1.09
1.74
0.59
4.38
1.58
0
0.1
0.12
0.35
0.34
0
0.01
0
0
0.12
0.78
0.63
0
0
0.02
3.85
0
0
0.01
0
0.03
0.04
0.73
0
0.21
0.11
0.3
0.05
0.57
1.36
0.74
0
0
0
0
0
0
0.64
6
0.93
0.13
0
0
0
0.82
3.11
0
7.16
1.95
0.05
0
0
0
0
0.02
0
0
0
0
0.04
0
0.34
1.11
0
0
0
0
0
0
0
0
0
0
0
0
0
3.21
1.16
0.16
3.62
0
0.32
0
0.32
0.39
0.81
1.86
0.07
0
0.18
0.01
0.04
7.82
0
0.09
0
2.14
3.35
10.45
0
1.43
0
0
0.8
0
5.98
0
0.38
0.12
0
0
0
0
0.46
3.41
0.95
0
0.11
0
0
0
0.01
0
0.01
0.02
0
0.19
0.09
1.79
0.69
0
0
0.01
0
23.68
4.99
0
0
0
0
0.75
0.03
7.96
2.03
0.05
0.34
0
0
0
0
3.77
13.04
0.58
0
3.22
6.52
1.02
3.56
5.95
3.98
1.67
0
0
7.46
0.84
0.14
0.21
0
0.02
0.01
0.9
2.03
5.41
1.94
12.16
0.66
2.81
26.13
34.55
17.97
7.05
2.58
4.02
5.96
12.84
1.77
2.89
10.33
0
0
0
0.23
0.36
0.55
10.61
22.55
1.05
0.24
0
0.14
0.3
0.53
0
0
0
0
1.34
0.09
4.94
0.35
7.96
14.51
3.95
5.12
1.1
0
0.05
0.07
0.1
0
0
0
0.04
0.43
4.48
20.28
5.26
5.02
0.48
0.01
0
0
0
0.27
0.02
0.16
0
0
0
0
0
0.01
3.63
1.33
3.09
0.07
0.05
0.05
0.11
0
0.39
0
0.04
0
2
11.52
2.58
1.76
0.18
1.02
0.96
0.03
0
0.02
0.13
0.18
0.41
0
0
0
0.05
0.01
0
0
0
0.01
0
0.96
0
0.62
5.57
7.16
0.47
0.32
2.41
10.64
3.88
0.99
4.14
0.32
0
0.27
0.21
0.18
1.31
5.79
3.79
2.68
0.31
0
0.23
0.01
0
0.17
0.01
2.16
3.34
27.27
2.18
0.16
0.09
0.13
4.56
8.96
11.89
8.91
8.23
0.99
0.77
11.03
2.62
1.53
1.23
4.84
3.56
0.14
0.09
0
0.67
0.1
0.09
0.84
1.64
7.84
1.53
0
0
0.27
2.7
0.71
0.44
2.33
6.27
2.65
0.41
0.01
0
0.61
0.19
0.01
3.74
27.17
3.7
24.04
14.63
1.79
0.03
0.15
0.09
0
0
0.01
2.02
1.13
1.18
0.02
0
0
0
4.13
2.66
0.12
1.41
1.04
0
1.55
2.37
0.18
0
0
0
0
0
0
0
0
0
0
0
0
0
0
0
0
0
0.01
0
0.01
5.23
11.99
3.88
3.46
0
0.46
0
0.01
0.1
0
0.01
0
0
0
0.28
0
8.27
0.34
0
0.68
0
0
0
0.06
0
0
0
0
0
0
0
0
0
10.09
0.35
0.41
0.97
0
0
0.03
0
0
0
0.93
0.02
0
0
0
0
0
0.02
0.84
0
0.04
0.03
0
0
0
0.17
0.17
0
0
0
0
0
0
0
0
0
0
0
0
0
0
0
0
0.07
0.01
0.01
8.54
0.13
0
0
0
0
0
0.34
0
2.88
2.01
0.78
0.07
0
0
0.03
0.9
6.56
13.87
5.75
3.94
1.01
0
0
3.13
1.31
0.06
0
0
0
0
0
0.01
0.02
0
15.23
4.42
0
0.19
3.36
0.15
0
22.68
4.05
0
0
0
0.04
0
0
0
0
2.73
19.24
33.84
20.36
8.9
4.49
2.94
3.5
0
0
0
0.01
0
0.02
0.39
0
1.38
10
7.57
2.06
2.68
0
0
0
0
0
2.61
6.29
0.03
0.01
0
0
0
0
0
0.78
8.01
2.36
15.8
0
0.01
1.88
5.61
1.37
2.82
0
0
1.89
1.34
0
0.7
2.6
10.11
2
7.13
8.45
1.05
0
0
0.01
0.02
0
0.01
0
0
0.21
0.79
3.93
1.16
0.41
0
0
0
0
0
0
0
0
0
0
0
0
0
0
0
0
0
0
0
0
0.01
0.41
1.91
3.08
0
0.03
0.16
0
0
0
0
0
0
0
0
0
0.02
0.21
0
0
0
0
0
0
0.01
0
0
0
0
0
0
0
0
0
0
0
0
4.56
1.2
0.01
0
0
0.5
16.32
3.7
0
0
0
0
2.8
1.89
0
0
0
0.09
1.86
0
0
0
0
0
0
0
0
0
0
0
0
0
0
0
0
0
0
0
0
0
0.94
0.69
1.3
3.97
2.35
0
0.71
16.59
8.7
28.25
22.7
13.91
6.36
0.87
2.52
5.1
2.38
0
0
0
0
0
0
0
0
0
0
0
0
0
0.02
0
0
0
0
0
0
0
0.02
14.5
6.34
2.11
0
0.29
5.57
2.15
0
0
0
0
0
0
0.01
0.01
0.46
1.02
0.5
4.09
12.23
2.19
0.55
3.51
0.9
0
0
0.01
12.56
32.09
16.14
1.19
2.79
0.55
0.83
1.09
0.12
3.93
0
2.39
6.16
0.8
0.45
0.78
9.09
1.73
10.52
1.32
0.79
0.19
0
0.68
6.86
9.25
7.82
0.44
0
0
0
0
0.02
0
0.11
0
0
0
0
0.01
0
0
0
0.11
0.01
0
0.02
0
0
0.09
0.05
0
0
0.41
0.13
0
0.09
1.1
1.89
0.21
1.47
1.65
3.63
0.9
0.27
9.89
7.28
0.53
0
0.14
1.16
3.84
1.6
0
0
0
0
0
0
0
0
0.01
1.1
5.35
2.01
0
0
0.03
0
0.53
0.25
0.17
0.46
0.11
0
0.98
0.34
0
0.02
0
0
0
0.01
0.05
0
0
0
0
0.02
0
0
0
0.01
0
0
0.02
0
0
0
0
5.8
15.34
4.59
0.02
0
0
0
0
0.57
0.79
0.73
0
0
3.48
4.1
4.59
6.93
7.03
1.05
0.18
5.98
27.06
8.25
16.6
18
2
1.04
0.44
0.07
0.07
0.41
0.69
6.45
9.78
14.95
11.43
3.46
0
0
0
0
0
0
0
0
0
0
0
0
0
0.39
8.06
0.23
0
0
0
0
0
0
0
0
0
0
0
0
0
0
0.36
4.8
4.53
20.67
3.41
14.52
2.06
0.84
0
0
0
0.03
0
0.64
8.91
8.74
0.85
0.42
0
0.1
0.3
0.39
0.91
3.7
0.3
0
0
0
0.02
0
0
0
0
0
0
0
0
0
0
0
0
0
0
0
0
0
0
0
0
0
0
0
0
0
0
0
0
0
0.04
0
0.14
0.05
0
0
0.13
1.2
0.11
0.08
0
0
0.32
3.62
0.88
0.38
0.15
0
0
0
0
0
0
0
0
0
0
0
0.2
1.32
0.94
0
1.74
2.39
1.27
0.02
0
0
0
0
0
0.05
0
0.77
5.62
7.61
0.48
0
0
0
0
0
0
0.51
2.12
5.93
0.11
0
0
0
0
0
0
0
0
0.07
0.05
0
0
0.02
0.14
0.6
0.08
3.8
4.29
2.99
0.98
0.17
0.39
0
0
0
0.01
1.1
0.09
2.71
11.3
10.89
4.1
1.95
0.45
4.8
0.29
1.18
0.91
1.16
0.23
0
0.88
0
0.12
3.69
10.64
2.55
5.53
14.5
6.85
0.31
1.04
8.62
10.57
0.54
0
0.14
0.35
4
3.34
9.63
5.72
1.48
0.59
0.08
0.01
0
0.17
0
0
1.22
2.84
3.7
3.09
15.18
5.13
0.79
0
0.01
0.02
0.07
0.05
0.11
0.32
3.68
0
1.19
0
1.06
0.15
0.08
0.1
0.01
0
0
0.01
0
3.24
0.16
0
0.01
0
0
0
0
0.38
0.25
0
0
0
0.01
0
0
0
0
0
0
0
0
0
0
0
0
0
0
0
0
0
0
0
0.06
0.49
1.53
0.35
0
0.01
0
0.05
0
0.03
0
0
0
0
0
0
0
0
0
0
0
0
0
0
0
0.04
0.01
0
0
0
0.01
0.09
0
0
0.03
2.41
4.33
4.88
0.01
0
0
0
0
0.3
0
0
0.64
0
0.09
14.53
8.82
8.37
2.59
0
0
0
0
6.85
0.32
10.41
3.96
0.75
3.61
23.99
7.8
7.48
3.25
15.16
11.82
16.83
5.22
5.41
3.45
2.88
6.72
8.86
1.43
0.18
0.22
0
0.16
0.2
0.27
0.92
6.33
13.16
1.91
0.23
1.84
8.59
6.43
11.43
6.85
3.23
5.84
3.48
0.46
0.66
0.09
0
0.62
0.08
0
0
0
0.21
0.06
0
0
0
0
0
0.2
0
0.01
0.3
0.29
6.55
1.68
10.93
0.71
1.22
0.95
0
0.54
0
0
0
0
0
0
0
0.11
0.87
0
0
0
0.74
0.38
0
0
0
0.95
0.58
2.19
2.66
2.27
0.05
0
0.04
0.16
0
0.88
10.71
2.79
9.84
16.5
3.49
9.68
13.31
8.09
2.24
0.45
0
0.21
1.28
0.47
0.02
0.79
0
0
0
0.91
0.4
0
0.68
0.8
0
0
0
0
0
0
6.53
16.37
6
1.07
0.81
2.58
0.09
0
0
0.02
0
0.04
1.2
1.2
0.3
0.94
0.54
5.91
2.6
0.23
3.61
2.63
0.06
0.02
1.15
5.42
5.53
0.22
0.31
0.01
0
0
0
0
0
0.04
0
0
0.2
0
0.04
0
0.11
0.18
0.14
0
0
0
0
0
0
0
0
0
0.07
0.1
0.21
0.01
0.06
0.17
0.01
0.09
0.29
0.19
0
0.56
0.01
0
0
0.01
0
0.39
15.36
5.02
0.22
2.16
4.76
0.14
0.29
2.53
4.09
7.34
0.26
0
0.01
0.65
0
0
0
0
0.08
0.2
0
0
13
2.24
0.63
0
1.8
1.51
8.27
0
5.39
3.32
2.92
2.32
7.21
0.3
0.05
0.21
2.98
2.83
0.03
0
0
0
0
0
0.04
0.11
0.15
0
0
0
0.02
0.11
3.38
0.37
0
0
0
0
0
0
0
0
0
0
0
0
0
0
0
0.01
0
0
0
0
0
0
0
0
0
0
0
0
0
0
0
0
0
0
0
0.02
0.22
0
0
0
0
0
0
0
0
0
0
0
0
0.77
0.26
0
0
0.03
0
0
0.01
0
0
0
0
0
0
0
0.27
0.02
0
0
0
0
0.12
0.37
0
0.86
0
0
0
0
0
0
0.03
0.04
0
0
0
0
0
0
0
0
0
0
0
0.01
0.13
0.55
0
0
0
0
0
0.1
0.45
0.46
1.01
4.6
0.28
0.03
0
8.92
4.28
2.09
3.89
1.97
4.98
0.13
4.39
5.06
0
1.62
0.43
9.91
13.34
8.57
0.01
3.3
8.64
7.18
1.77
3.11
2.99
4.76
3.86
1.69
15.8
0
0.86
4.84
2.76
10.39
2.27
0
0
1.04
0.9
0.99
21.23
15.7
10.45
10.61
3.79
5.77
9.8
6.27
1.83
16.87
1.36
0.16
0
0
0.12
0
0
0
0
0
0
0
0
0
0
0.08
0.07
0
0.18
0.14
0.01
0
0.82
0.51
3.59
0
0
0
0
0.12
0.07
0
0
0
0.07
1.02
0.66
0
1.43
0.71
0.55
1.64
0
0.01
0.28
0.4
2.18
2.33
19.21
5.41
3.14
0.02
1.16
0.11
0.17
0
0.15
0
0.01
0
0
0.01
0
0
0
12.94
8.66
2.88
3.06
0.05
0.04
3.15
2.51
0.53
0.91
0.47
0.07
0.98
0.01
0.03
0
0
0
0
0
0
0
4.03
5.03
0.77
2.6
17.88
11.05
4.99
0.73
0.07
3.66
0.2
0.4
0.05
0.24
0.23
0
0.26
2.32
1.5
0.04
0.06
0
0.33
2.67
1.68
7.14
0.41
0
0
0
0
0
0.08
0
0
0
0
0
0
0
0
0
0
0
0
0
0.01
0
0
0
0
0
0
0
0
0
0.04
0
0
0
0
0
0
0
0
0
0
0
0
0
0.03
0.14
0.67
3.49
4.51
5.83
1.65
0.97
5.21
1.94
0
0
0.09
9.17
3.85
0
0
0.98
2.45
5.31
6.72
6.57
10.77
2.02
0.14
0.64
0.04
0.68
0
1.16
0.54
0
0
0
0
0
0.01
0
0
0
0
0
0
0
0.06
0.01
0
2.25
0.8
3.97
4.65
28.41
3.88
0
0
0
0
0.58
0.13
0
0
0.48
1.69
0
1.42
0.09
9.22
3.52
2.95
1.36
1.21
0
0
0
0.04
0
0
0
0
0
0
0
0
0
0
0
0
0
0
0.02
0
0
0
0
0
0
0.03
0.01
0
0
0
0.01
0.38
0.11
0
0
0.01
0
0
0.01
0.02
0
0
13.49
0.41
0
0.01
6.53
0
0.01
0
0
0.89
0
8.35
2.78
2.3
0.06
0.01
0
0
0
0
0
0.01
0.01
0.52
0
4.45
4.58
0.98
0.84
0
0
0
0
0
0
0
0
0
0.05
5.23
1.38
1.08
0
0
0.01
0
0
0
0
0
0
0
0
0
0.08
1.46
0.95
0.23
0
0
0
0
0.45
0
0.01
2.38
0.34
0.01
0
0.22
0.02
0
0
0
0.37
1.19
0.08
0
0.06
0.03
0
0
0
0.66
0.1
0
0
0
0
0
0
0.08
9.59
33.66
7.92
0.54
1.17
7.56
17.74
10.01
5.48
0.51
0
2.98
1.88
0.77
0.58
6.7
1.17
2.89
0.08
0
2.36
0.7
0
0.02
10.97
2
2.58
5.42
4.89
0.6
0.04
0.01
0
0
0.13
8.69
4.2
1.34
0
1.18
0.09
2.18
20.72
9.32
11.2
27.01
15.7
14.44
7.13
21.28
15.45
27.5
6.52
0.02
0.16
13.41
9.54
20.95
5.01
6.97
14.68
0.98
20.6
2.88
1.66
0
0
0
0
0.52
2.82
0.97
7.96
11.42
16.36
8.31
0.62
1.34
2.46
6.53
3.46
0.15
3.18
19.89
6.77
0.19
0.3
19.02
2.97
0.98
0
0
0
0
4.08
6.86
1.53
0
0
0
0
1.9
0.51
0.18
0.19
0
0.21
1.26
9.41
1.1
0
0
0
0
0
0.03
0
0
0
0
0.08
0.01
0
0
6.45
1.46
0.13
0
0
1.03
5.53
0.41
0
0
0
0.03
0
5.48
0.39
0
9.73
17.37
13.49
12.57
2.42
0
0.51
0.56
5.66
2.55
0
0
0
0
0
0.02
0
0
0.52
0.22
0
0
0
0.11
2.64
0.77
0
0
0.05
1.45
1.54
1.89
1.26
1.4
5.04
0.93
0.05
0
24.49
12.07
3.07
6.83
8.48
19.81
1.85
0
0
0.05
1.05
4.03
15.35
6.74
0.75
0
0
0
0
0
0
0
0.02
0
0
3.77
1.88
2.24
0
0.88
0.66
0
1.16
0.02
0.52
2.73
0.26
0
0.02
1.91
3.6
3.73
1.98
3.37
9.32
0.37
0
0.25
0
0
0
0
0
0
0
0
0
0
0
0
0
0.17
0.18
0
0
0
0
0.33
2.63
0.82
0
0
0
0
0.15
0
0
0
0.67
0
1.58
4.02
0
0
0
0
0
0
0.27
0.31
1.22
0
0.26
3.34
0
0
0.39
0
0.33
2.17
13.27
18.41
8.33
0
0.05
0.03
0
0.04
0.01
0
0
0
0
0
1.16
5.82
0.2
0
0
0
0.28
1.8
0.21
0
0.04
5.76
1.7
0.64
6.18
1.63
0.59
0
0.14
0.96
2.51
1.48
1.19
15.13
4.99
0.43
0.02
0
0
0
0
0
0
0
0
0
0.73
0.35
0
0.68
0.3
0.46
0.09
0
0
0.01
17.46
0.43
1.29
0
1.01
0.26
0
0
0
0
0
0
0
0
0
0
0
0
0
0
0
0.71
4.3
1.15
0
0
0
0
21.78
45.84
17.84
6.38
2.88
0.89
14.59
4.58
3.23
9.93
4.17
3.3
3.2
5
0
1.61
1.26
0.28
0.01
0.01
0
0
0
0
22.07
16.42
1.6
2.08
0.63
0
0.76
11.72
23.43
26.38
10.62
0.07
0.2
4.23
12.14
9.42
13.16
13.27
8.82
13.45
11.69
4.61
0
0
3.09
17.31
7.92
13.61
9.44
13.05
6.23
3.65
13.25
8.09
20.59
29.19
2.98
0.2
0
0
0
0.04
1.43
9.41
3.77
16.14
21.98
20.11
2.93
3.08
0.79
0.08
0.1
0.81
0.66
0.34
0.06
0
0
0
2.57
0.14
0.46
0
0
0
0
0
0
0
0.04
0.29
0.78
0.09
0
0.02
0
0
0
0
1.68
0
0
0
0
0
0
0.01
0.02
0.05
0
0
0
0
0
0
0
0
0
0
0
0
0.04
0
0
0
0
0
0
0
0
0
0
0
0
0
0
0
0
0
0.12
0
0
0.06
1.48
0.27
0.03
0
0
0
0
0
0
1.57
7.02
6.69
14.38
11.25
1.79
0.5
0
0
3.18
0
0
0
0
0
0.01
0
0.3
0.13
6.11
2.77
3.7
1.51
0
0
0.36
4.98
2.52
4.3
5.68
15.64
5.32
0
0.16
0.26
0.84
0.28
0.92
5.1
1.34
0
0
0
0.4
3.46
5.59
6.85
2.43
3.14
19.73
7.21
0
0.63
0.04
0
0.12
0
0
0
0
0
0
2.89
5.59
0
0
0
0
0
0
0
0
0
1.51
1.31
0.76
11.54
11.82
0
0
0
0
0
0.11
0.02
0
0
0
0.03
0.71
0.77
3.97
0
0
0
0.02
0
1.3
5.84
0.67
0.01
0.13
7.34
0
0.15
0.42
0
0.01
0
1.39
7.85
0.55
0
0
3.7
0.59
12.27
1.27
0
0
0
0.38
0.37
5.44
0.45
0
0
0.04
0.59
2.27
0.33
1.42
0.59
2.81
0.54
0.01
0
0.01
0.04
0
0.01
0
0
0.56
0
0
0
0
0
0
0.37
1.09
4.72
2.44
0.6
0.47
0.58
3.03
0.79
0
0.32
3.18
4.79
2.97
0.26
1.61
0.11
0
0.94
0
0
0
0.16
1.39
0.01
0
0
0
0
0
0
0
0
0
0
0
0.52
1.73
1.1
3.15
0.85
0.01
0
0.45
3.84
4.3
0
0
0
0.04
14.1
14.95
7.22
29.41
20.87
11.36
10.88
2.77
12.68
21.71
3.89
10.24
1.27
0.02
0
1.4
13.13
3.1
4.05
12.09
3.85
0.04
5.34
7.48
2.27
0.12
1.81
0.57
1.29
0.5
0.92
0.93
17.34
0.72
0
0
2.73
0.09
0.6
3.8
2.51
0
0
3.44
19.23
50.01
7.22
10
1.64
3.89
8.78
0.58
0
1.48
2.03
0.24
0.81
3.41
3.6
11.76
0.2
0.7
1.1
2.05
0
0.03
0
0
0
0
0.04
3.47
4.29
0.41
0
0.01
0
0
0
0
0
0.02
1.77
1.74
1.6
1.66
0.21
0.21
4.5
0.38
3.62
1.44
11.44
5.75
4.19
0.37
0
0.02
0.09
0.37
0
0
0
0
0
0
0
0
0
0.03
0.05
7.8
0.83
0
0
0
0
0
0
0
0
0.01
0
0
0
0
0
0
0.01
0.09
0.01
0.03
0
0
0
0
0
0
0
0
0
6.05
0.57
0.3
0
0
0.59
7.82
1.99
7.72
1.31
0.92
1.7
1.52
5.23
2.62
1.66
0.7
4.48
4.56
6.53
0.55
0
11.66
4.94
15.18
1.77
0.55
0.01
0.01
1.14
6.63
0.35
0
0.7
6.02
1.29
10.42
11.02
4.61
1.16
0
0.4
0.25
0.08
0.58
0.2
0
0
6.34
15.72
5.09
6.49
13.01
11.07
2.65
0.08
1.28
22.5
8.41
0.69
5.4
4.41
7.48
1.5
4.82
8.16
3.2
13.04
0.55
0.67
0.01
0.43
2.13
0.39
3.74
0
0
0
0
0
0
0
0
0.01
0.02
0
0
0
0
0
0
0
0
0
0
0
0
0.01
0.08
0.23
4.04
1.52
0.01
0
0
0
0
0
0
0
0
0
0.04
0
0
0
0
0
0
0
0
0
0
0
0
0.01
0
0
0
0
0
7.71
2.51
0.01
0
0
0.02
0
0
0
0
0
1.02
0
1.4
10.42
2.35
0
0.32
1.3
0.66
0
0
0
0.01
0.16
4.09
0
0
0
0
0
0.01
0
0
0
0
0
0
0
0
0.11
0.54
0
0
0
0
0
0
0.01
0.09
0.13
1.03
7.38
3.82
1.98
4.96
2.26
4.44
4.52
2.55
0.77
0
0.03
2.85
11.89
14.09
2.41
0.16
0.48
0.5
0.2
0
0
0
0
0
0
0
0.09
0.04
0
0
0
0
0.07
2.47
0.11
0
0
0
0
0
0.23
1.48
10.57
13.88
0
0
0
0
0.05
0.54
0
0.07
0.13
0
0
0
0
0
0
0
0
0
0
0.13
0.25
0.07
0
0.01
0.08
0.05
0.17
0.47
1.41
0.01
0.01
0
0
0
0
0.72
2.75
0
0
0
0
0
0
0
0
0.6
0
0
0
0
0
0
0
0.43
3.02
14.19
4.49
1.43
0
0
0
0
0
0
0.93
6.15
1.05
0
0
0
0
0.33
4.57
5.52
0
0
0.02
0.5
4.57
0.23
0
0
0.01
0
0
0
0
0
0
0
0
0
0
0
0
1.66
11.33
1.16
0
0
0
0
0
0
0
0
0
0
0
0
0.02
12.69
4.44
0.27
0.04
0.19
0.12
0.32
2.67
1.13
0.58
0
0
0
0
1.39
14.93
9.3
3.28
2.36
2.44
0
0
0
0
0
0
0
0.84
13.55
8.59
2.58
4.6
0.48
0.2
0
0
0.54
0
0
3.12
0
0.1
0.08
0.07
0.03
0
0
0
0
2.47
2.39
12.73
3.66
0.48
0
1.2
1.55
0
0.19
0.04
2.69
1.64
3.87
11.8
6.45
1.57
2.23
2.45
3.98
1.8
1.82
4.6
1.58
0.41
0
0
0
0
0
0
0
1.2
12.37
11.67
5.95
0
0
0
0
0
0
0
0
0
0.05
0.3
0.95
19.02
5.52
0
0
0
0
0
4.74
6.13
0.8
1.5
0.33
12.41
1.86
0.02
1.51
5.45
2.91
0.02
0
0.01
0.09
0.93
0.04
0
0
0
0.18
0.02
0
0
0
0
0
0
0
0
0
0
0
0
1.92
0
0
0
0.02
0
0
0
0
0
0
0
0.55
0.5
12.97
13.66
0.65
0
0.66
0.26
0
0
0.08
0
0.02
0.03
1.57
0
0
0
0
0.05
0
0
0
0
0
0.43
6.73
0
0
0
0
0.27
0.27
0.22
0.03
0.01
0
0.38
0
3.17
0.05
0.03
8.49
19.86
2.82
4.05
0
0
0
0
0
28.43
19.7
0.73
0
0.38
13.06
27.52
5.81
0.91
0.07
0.01
0
4.43
0.17
0
0.17
0.11
0.59
0
0
0.01
0
1.22
18.54
3.27
0
0.01
0
1.31
9.83
3.5
1.06
0
0
12.62
10.38
10.3
23.32
11.36
20.17
32.16
15.48
1.62
0.3
0
0.34
0.33
1.18
0
0.11
0.09
0
0.29
0.17
0.07
0.03
0.09
0
0.42
8.55
11.91
3.43
4.12
1.16
0.03
0.01
0
0.11
2.02
1.18
0.43
0
0
0
0
0
0
0
0.01
0
0
0
0.56
0
0.39
0
0
6.24
0.11
0.27
0.73
1.63
13.3
4.52
0.3
0
0
0.9
0
0
0
0
0.08
0.89
0.18
3.93
1.7
6.33
1.27
0
0
0
0
0
0
0
0
0.03
1.23
0.42
0.01
0.46
2.26
6.13
0
0
0.73
0
0
0
0
0
0
0
0
0
0.01
0
0
0
0.07
2.47
0.05
0
0
0
0
0
0
0
0
0
0
0
0
0
0
0
0
0
0
0
0
0
0
0
0
0
0
0
0
0
0.05
0
0
0
0
0
0
0.1
0.85
0.01
0.96
0.05
0
0
0
0
0
10.62
3.62
8.81
4.84
0.48
1.17
0
0.51
0.09
0.02
7.31
2.37
0.75
3.48
7.14
7.28
1.44
0
0.84
6.71
10.86
8.72
3.63
1.3
5.53
11.07
20
15.39
3.38
18.42
10.78
3.55
1.43
7.47
1.95
0
0
1.45
7.96
2.24
1.54
0.12
0.63
0.02
0.25
4.5
4.8
2.65
11.54
5.32
6.57
5.89
0
0
0
0
0
2.45
3.27
0.06
0
0
3.49
1.12
5.81
2.05
0.05
0.3
0
0
0
0
0
0.05
0
0
12.84
1.2
0.01
0
0
1.31
0.77
0
0
0
0
0
0
0
0
0
0
0.01
0
0.01
0.01
0
0.68
0.17
0
0
0
0
0
0
0
0
0
0
0
0.11
0.67
0.12
0
0
0.33
0.01
0
3.56
0
0
0
0.09
0
0
0
0
0
0
0
0
0
0.01
0.16
0
0
0
0
0
0
0
0
0
0
0
0
0
0
0
0
0
0
0
0
0.02
0.33
0.12
0.11
0
0
0
0.49
0
0
0
0.01
0
0
0
0
0
0
0.4
1.07
0.12
0.01
0.93
0
0
0
0.02
0.88
5.39
0.59
0
0
0
0
0
2.61
0
7.41
2.23
0.2
0.6
0
0
0
0
0
0
0
0
1.22
11.45
0.95
1.05
1.1
2.26
0.07
0
0
0.07
18.02
14.08
3.7
4.28
0.67
0.17
2.13
0.03
0
0
13.5
1.9
1.31
22.34
2.29
2.11
23.77
1.55
3.98
0.49
0.02
0
0
12.09
5.93
0.41
0
0.14
0.02
0
0.41
0.67
5.1
32.98
5.2
3.59
0.04
1.45
0
1.71
8.95
3.06
9.83
2.75
0.24
0.76
7.33
11.94
7.34
2.69
0.45
0.02
0
0
0.25
7.78
0.17
0
1.22
0.02
0.13
0.53
0.82
8.31
6.94
12.16
12.61
10.27
8.41
13.1
22.64
6.21
0.48
7.81
4.73
7.14
2.05
11.38
4.14
1.98
0.5
4.61
4.13
5.76
1.24
1.54
2.09
5.09
5.99
2.72
8.27
1.5
0.01
0
2.74
5.73
9.63
7.04
28.28
9.59
6.29
0.35
0
0.02
0.01
0
0
2.08
0.54
0.39
7.85
11.07
1.01
0
0.06
0
0.02
0
0.36
0.02
0.08
0.62
0.03
0
0
0
1.45
4.09
1.57
1.25
2.64
0.56
27.1
31.82
11.96
21.04
2.66
0.57
24.62
8.38
1.56
1.41
0.2
1.82
0
0
0
7.61
0.73
0.07
0
0
0.01
0
0.08
1.86
2.76
4.85
1.4
1.29
4.06
0.73
0
0
0
0
0
0
0
0
0
0
0
0
0
0
0
0
2.62
9.03
4.2
0.95
0.07
0
0
0
0
0
0
0.67
0
1.88
0.6
6.27
3.97
3.7
4.16
0.34
0.02
0.01
0.25
0.41
0.4
0
0
0.01
0.85
2.51
0
0.19
13.36
11.66
3.51
10.87
2.46
0.43
0.41
0.03
0
0
0
0
0
0
0
0
0.02
0
0.01
0
0.01
0.02
4.75
2.57
0
0.07
0
0
0
0
0
0
0
0
0
0
0
0
0
0
0
0
0
0
0
0.45
0.75
0
0
0.2
0
0
0
0
0
0
0
0
0
0
0
0.09
0
0
0
0
0
0
0
0
0.01
0
0
0
0
0
0
0
0
0
0
0
0
0
0
0
3.23
23.84
0.49
1.89
3.49
0
0.01
0
0
0
0
0
0
0
0
0
0
0
0.01
0
0.04
0
10.73
2.62
0
5.93
0
0
0.01
0.01
0
0
0.01
0
0
0
0.9
0.02
1.65
1.02
12.09
9.95
18.47
1.73
0
0.8
1.35
10.97
1.96
0
0
0
0.01
0.02
0.09
10.92
0.72
5.38
0.8
0.47
0.64
17.27
1.88
0.31
0.34
1.62
8.05
16.16
13.23
5.76
0.63
1.04
0.45
0.05
0
0
0.02
0
0
0
0
0.01
0
0
0
0.11
0
0
0
0
0
0
0.02
0.7
0.52
1.3
0.32
0.4
0
0.03
0
0
0
0
0
0
0
0
0.01
0
0
0
0
0
0
0
0
0
0.06
0.06
0
0
0
0
0.09
0
0
0
0.02
0
0
0.31
2.75
7.62
0.23
0
0
0
0.01
0.15
3.81
2.73
1.65
5
5
0
0.02
0
0.03
0.11
1.19
0.05
0.13
0.15
1.54
0.3
0.24
0.15
0.26
0
0.03
0.05
3.29
1.49
12.98
0.79
0.07
0
0
0
0
0.01
0
0.04
0.05
0.43
0
10.49
0.34
0.67
0
0
0
0
0
0
0
0
0
0
0
0
0.01
0
0
0
0
0
0
1.1
3.8
4.88
0.11
11.59
5.84
1.66
0
0
0.01
0
0.01
0.01
2.5
11.88
12.85
19.79
11.86
2.82
1.89
0
0
0
0
0
0
0
0
0
4.77
1.05
0.09
0.14
0.59
5.41
2.6
1.2
6.61
4.6
5.91
0.55
1.31
19.53
19.08
5.73
0.27
0
0
0
0.01
0
0
0
0
0
0
0
0
0
0
0
0
0
0.15
2.53
0.99
5.62
7
8.99
12.66
21.23
6.76
4.02
3.06
0
0
0
0
0
0.02
0
0
0
0.24
1.76
0.52
0
0
0
0
0
0
0
0
0
0
0.9
5.76
6.34
6.95
4.82
0.38
0
0.02
0
0
0
0
0
0
0
0.01
0
0
0
0
0
0
0
0
0
0
0.02
7.63
1.01
0
0
0
0
0
0
0
0
0
0
0
0.01
0
0
0
0.01
0
0
0
0
0.11
0
0
0
0.01
0
0
0.03
0.52
0
0
0
0
0
0.01
0
0
0
0
3.4
0.59
0.41
0.28
0.33
7.66
0
1.02
2.36
0
0.05
6.2
1.38
0
11.47
0.37
7.43
5.07
0
0
0.07
0.26
2.42
0.78
0.02
0.02
0
0
0.09
0.76
0.06
0
0.01
0
0
0.41
6.87
6.72
1.74
0.82
0.25
11.71
4.62
4.48
0.09
0
0.55
0.25
0
0.96
0
0.17
3.38
3.21
0
0
0
0
0.71
13.14
9.54
23.59
1.3
0
0
0
1.2
6.02
0.3
0.02
0.01
11.71
15.13
4.97
0.48
0.04
0.04
0
0.23
0.61
0.88
5.78
0.04
0
0
0
0
0
0.8
0.09
0
0.01
0
0.46
1.26
12.11
9.05
5
7.14
2.57
2.28
15.69
10.53
9.95
16.36
5.63
8.19
0.8
0
3.03
2.69
5.98
0.59
5.79
1.27
0.3
0.15
0.53
0.44
0.15
0.04
11.27
10.8
5.3
1.16
4.46
1.07
0.67
3.96
4.83
5.2
5.76
1.56
0.06
0
0.68
2.66
1.97
7.67
15.74
0.31
0.34
4.64
1.31
2.54
9.77
2.82
5.03
19.92
6.61
16.16
5.45
5.39
0.44
0.01
0.01
0.01
0
0
0
0
6.64
7.21
13.82
5.78
8.34
1.71
0
0
0.08
0
0
1.1
1
1.19
0
0
0.03
0.76
0.03
0
0.13
0
0
0
0
0
0
0.04
0
0.17
0.56
5.09
11.96
4.14
1.15
2.13
1
17.52
27.31
14.7
4.34
0.16
0.02
0
0
0
4.19
0.77
0
0
0
0
0
0
0
0.18
0.2
0
0
0
0
0
0
0.03
0.82
0
0.44
3.16
15.92
5.25
9.47
35.49
3.39
0.45
0
0
0
0
0
0
0
0
3.55
2.36
1.86
10.93
6.17
2.63
0.28
0
0.16
17.89
1.77
0.13
0.02
0
0
0.07
0.68
0
0
0
0.41
0
0
0
2.14
1.35
14.71
6.56
3.42
1.73
0.02
0.31
0
0
0.4
5.98
12.2
0.52
0
0
0
0
0
0
0.77
0
0
0
0
0
0.37
9.49
8.42
2.11
1.5
13.26
1.7
1.31
0.89
0.24
0.02
0
0
0
0
0.04
13.37
0.77
1.45
0
0
0
0
0.02
0
0
0.02
0
0
0
0
0
0
0
0
0
0
0.01
0
0
0
0
0
1.42
0.8
0.03
0
0
0
0
0.02
0
0
0
0
0
0
0
0
0
0.01
0
0
0
0
0.1
2.05
0.16
0
0
0
0.96
0.13
0
0
0
0.01
0.07
0
5.52
0.2
1.57
1.94
7.5
33.25
2.68
0
0
0
0
0
0.01
0.03
0
0
0
1.71
10.65
1.59
4.16
0
0
0
0
0
0
0
0.01
0
0
0
0
0
0.23
0.03
0
0.84
0
0
0.97
0.66
1.78
1.77
20.53
3.67
3.52
1.41
0.01
0
0
0
0
0
0
3.45
5.02
26.48
9.89
3.41
8.13
9.46
17.02
14.91
2.34
3.44
0.66
0
0
13.1
9.89
8.99
13.64
4.04
16.57
19.13
0.8
0
0
0
0.22
0.04
0.01
8.54
1.47
0.79
0
0.05
0
0.52
9.46
3.71
0.49
0
0
0.02
0
3.31
8.37
0
0
11.63
0.4
0
2.34
6.16
5.61
0.13
0.02
0.19
0.73
6.29
1.97
0.83
0.99
0
0.08
0.05
0
0
0.23
0
0.26
6.2
0
0
0
0
0.23
0.09
0
0
3.71
0.18
4.05
1.04
0.64
0
0.23
0.17
0
0.01
0
0
0.47
0.33
0
0
0.01
0.19
0.84
0.8
0
0.33
0.11
0
0.41
0
0.23
0.07
0.04
1.28
9.64
3.78
0.32
0.27
2.75
4.52
0.06
0
0
0
0
0
0
0
0
0
0
0
0
0
0
0
0
0
0
4.04
6.43
7.33
4.64
18.38
13.8
2.13
1.65
2.06
0.55
0
0
0
0
0.25
0.68
0.13
0.01
3.89
3.11
0.7
6.48
3.44
0
0
0
0
0.48
0
0
0
0
0.9
0.7
0
3.62
8.08
6.61
6.45
18.96
3.84
13.38
6.14
0.11
0
0.02
0.03
0.01
0.66
0
0
0.02
0.01
0
0
19.72
8.61
3.1
4.04
0
0.08
4.38
2.84
0
0
0
0
2.94
28.73
11.27
2.98
8.77
16.95
0.77
5.57
23.59
3.23
0.02
0
0.18
4.63
2.92
1
0
0.09
0
0
1.3
0.1
0
0.01
1.45
5.59
8.41
5.04
2.89
8.31
2.27
2.81
0
0
0
0
0.01
0
0
0.01
2.08
0
0
0.51
1.81
3.16
8.5
0
0.05
0
0
0
8.12
1.15
0
0
0
0
0.01
0
0
0
0.1
0
0
0
0
0
0
1.14
14.72
0.48
0.02
0
0.01
0
0
0
0
0.04
2.29
0
0
0
0
0
0.01
0
0.84
0
0
0
7.59
0
0
0
7.26
0.3
0
2.6
0.02
0.01
0
0
3.3
0.34
0
0
0
0
0
0.04
0.52
0.15
0
0
0
0.07
0
0
0
0
0
0
0
0
0.03
1.8
5.7
19.16
2.45
8.8
0.97
0
0
0.02
0
0.04
0
0
0.02
0.02
0
0
0
0.02
0
0
0
0
0
0
0
0
0
0
0
0
0
0
0
0
0.23
0
0.01
0.02
0.09
0.87
0.16
0
0
0
0
0.02
4.98
6.23
8.22
4.84
1.24
0.01
0.64
14.33
2.36
29.07
11.78
6.81
4.48
2.28
1.82
0.25
0.04
15.92
2.11
0
0
0.1
0
0.9
0
0
0
0
0
0
0
0
0
0
0
0
0
0
0
0
0
2.02
2.59
0
19.57
4
5.66
0.7
0.96
0.13
0.07
0.01
0
0.52
0
0.14
0
0.01
1.02
0.43
0.02
0
0
0
0
0
0
0.01
0.96
1.4
0.52
0.03
0
0
0
0
0
0
0
0
0.09
0
0.02
0
0
0
0
0
0
0
0
0
0.08
0.01
0
0
0
0
0.77
1.62
0.46
0
0.02
0
0
0
0
0.03
0
0
0.36
2.48
0.14
0.26
0
0
0
0
0.02
0.51
1.4
0.73
0.02
0
0
1.18
1.17
12.09
10.24
1.6
0
0.1
0
0
0.04
0.39
0
0.02
0.02
0
0
0
0
0
0
0
0.35
0
1.27
0.27
0
0
0
0.04
2.15
1.54
3.45
1.53
0.67
4.72
1.06
2.45
0.63
0
0
1.79
8.56
6.19
2.76
2.02
0.02
0.02
0.34
0.02
0
0
0.07
0.67
1.98
1.31
0.08
0
0
0.01
0.14
0
0
0
0.3
0
0
0
0
0
0
0.01
0.06
0.01
0
0.01
0
0
0
1.24
0
0.45
2.65
7.86
0.71
0.04
4.5
4.05
0
0
0
0
0.01
0
0
0
0
0
0.69
0.91
1.76
2.3
2.21
0
0
0
0
0.3
0
0
0.08
0.05
1.01
3.73
0.64
0
0
0.1
0.84
0.13
0.24
8.24
3.31
0.82
19.85
2.1
0
0
10.27
2.7
0
0.84
0
0
0
0
0
0
0.17
2.66
2.98
0
0
0
0
0
0
0
0
0
0
0
0
0
0
0
0
0
0
0.11
0
0
0
0.07
0
0
0
0
0
0
0.02
0.07
0.04
0
0
0
0
0
2.27
0.55
0
0.02
0
0
0
0
0
0
0
0
0
0
0
0
0
0
0
0
3.53
9.46
8.96
4.16
0.71
0.08
0
0.48
0.03
0
0
3.14
0
0
0
0
0
0
0.09
0.08
0.07
0
0
0.02
0
0.01
0
0
0
0.01
0
0.01
0
0
0
0.14
0.63
6.85
1.37
5.49
0
0.55
11
6.03
0.24
1.84
2.04
13.54
0
1.22
0
0
1.52
7.25
1.89
5.27
2.47
0
0
0.18
0.02
0
0
0.14
2.55
1.32
0.49
0.62
10.27
16.38
20.99
3.71
1.32
0
0
0
0.01
0.02
0
0.27
0
3.9
0
0.19
0.12
0.28
0.03
17.72
22.69
1.7
2.37
0.58
0.01
0
0
0
0
0
0
0
0
0
0
0
0
0.01
0
0
0
0
0
0.27
20.77
6.29
0
2.92
0.73
0.85
0
0.6
0
0.43
1.12
1.35
2.77
1.29
7.58
0
0
0
0
1.8
2.48
1.7
0.07
0.65
0.19
0.01
0.11
0
0
0
0
0.98
0.01
0
0.34
0.98
0.29
0.01
0
0.24
0
0
0
0
0
0
0
0.02
0
0
0
0.3
0.26
0.58
6.63
4.34
5.01
2.9
2.29
9.88
4.45
12.52
6.74
0.23
0.66
0
0
2.82
17.55
0.71
0.01
0
0.01
1.43
0.09
0
0
0
0
0
0.06
1.42
10.48
6.32
5.8
5.07
4.31
7.24
0.87
0.02
0
0.27
0
0
0
0
0
0
0
1.12
6.82
8.56
3.42
0.3
0
0
0
0
0.01
12.18
6.12
1.81
10.89
1.73
0
0.05
17.81
1.77
0.06
0
0
0
0
0.02
0
0
0
0.26
1.65
5.89
0.46
2.09
0.63
0
0
0.01
0.09
1.8
0.54
0
0
0
0.21
0.46
0.73
0
0
0
0.7
0.2
0
0
0.02
0
2.49
0.75
0
0
0
0
0.06
0.04
0
0.34
3.02
13.52
1.2
0.01
0.05
0.05
4.3
19.52
2.94
6.27
0
0.03
5.61
0.16
0.42
5.38
6.18
2.15
0.24
1.75
1.09
0.01
0
0
0
0
0
0
0.02
0
0.68
0
0
0
2.9
3.07
4.38
1.22
4.3
0
1.97
6.47
0.47
0.13
0
0
0
0
0
0
0
0
0
0
0
0
0
0
0
0
0
0.01
0
0
0
0
0
0
0
0
0.42
0.02
0.07
0
0
0
0.01
0
0
0
0
0
0
0
0
0
0
0
0
1.82
0.28
6.21
2.08
3.27
1.89
1.23
17.44
17.71
8.88
0.36
0
0.01
0
0.02
0
39.78
5.37
0.33
1.92
0.09
0
0
0.02
0.01
0
0
1.12
1.01
0.66
0.05
0
0
0
0
0
2.43
0.11
0.16
0
0
0
26.46
16.73
20.11
34.73
4.99
4.86
22.6
6.31
1.07
0.3
0.01
0
0
0
0
0.66
12.31
9.54
2.11
0
0.68
3.59
0.1
0
0
0
0
0
0
2.69
14.74
0.28
0.23
0.25
0
0.33
0.7
2.73
0.79
7.04
0.95
0
0
0
0
0.01
0
5.67
1.84
15.04
2.85
20.84
1.88
0
0
0
0
0
0
0
0
0.04
0
0
0
0
0.42
0
0.06
0
0
0
0
0
0
0
0
0
0
0
0
0
0
0
0
0
0
0
0
0
0.73
0
0
0.01
0.54
0
0
3.37
1.79
3.14
3.91
2.11
0
0.1
1.33
0.33
0.07
0.02
7.02
3.27
4.58
1.51
0.18
11.54
22.53
7.16
3.94
7.43
5.36
0.78
2.89
0.13
3.43
3.04
3.71
0.81
5.98
1.48
0.84
5
0.73
6.92
0.87
0
0
0.01
0
0.02
0.08
0.1
11.36
7.07
1
0
0
0
0
0.01
0
0.01
1.18
0.16
0
0.13
1.53
0
0.06
0.06
0.25
0.06
2.9
21.33
9.51
0.73
3.71
10.96
9.57
3.05
4.77
2.58
1.23
7.91
8.48
1.99
0.7
3.68
4.8
14.97
0.55
0
0
0.83
1.94
0.09
0
0.09
0
0.21
0.03
0
3.84
18.74
3.78
12.89
2.07
4.5
2.51
3.93
5.35
1.51
0.66
0
0
0
0
0
0
0.37
1.71
0
0
0
0
1.52
22.66
18.38
3.87
1.48
4.08
4.13
3.24
2.48
0.04
0
0
0.01
0
0
0
0
0.5
0.33
0.24
0
0
0.08
0
0
0
0
9.87
8.63
21.26
1.64
0
0
0
0
0
0
0
0
0
0
0
0
0
0
0
0
0
0
0
0.45
0
0
0
0
0
0
0
0
0
0
0
0
0
0
0
0
0
0
0
0
0
0.02
0.01
0
0
0
0.01
0.01
5.46
3.21
0.07
0
0
0
0
3.31
0.02
0
0
0
0.02
0
0
0
0
0.02
0
0.47
0.07
0.03
0
0.48
0
0
0
0
0
0
0
0
0
0
0.16
1.07
4.41
2.31
3.85
0.68
9.46
3.27
0
0.03
0
0
0.02
1.41
1.71
4.57
0.66
0.02
0
0.1
6.98
6.6
0.33
0
3.23
4.81
10.8
4.39
0
0
0
0
0
0.06
0
0
0
0
2.84
0.99
0
0
0
0
0.1
5.18
0.71
0.09
0
0
0
0.01
0
0
0
0.07
0
0
0
0
0
0
0
0
0
0
0.01
0.01
0
0
0
0
5.09
22.09
3.98
1.7
0.22
0.14
0
0
0.01
0
0
0
0.5
0.11
0
0
0
0
0
0
0
0
0
0
0
0.02
0
0
1.63
1.99
0
0.98
1.27
1.09
0
0
0
0.02
0
0.04
0
0
0
1.67
11.26
11.09
1.75
0.41
0.65
0.94
0
0.26
1.04
9.13
1.84
6.84
1.84
7.88
3.66
0.01
0
0
0.03
0
0
0
0
0
0
0
0
0
0
0
2.04
1.92
7.98
0.93
0
0
0
0
0
0
0.01
0.02
0.01
0.12
0
0
1.2
2.38
11.32
3.92
0
0
0.39
4.74
1.71
0.23
1.82
1.73
0.09
0
0
0
0.26
0.01
0
0
0
0.06
0.95
0.22
0
0
0
0
0
0.57
0.1
0.04
0.88
0.79
7.41
3.27
0.52
0.04
4.34
1.47
0
0.03
4.56
0.45
0.2
0.03
0
0
0
0
10.66
20.58
7.79
20.16
8.91
0.31
0.68
0.38
0.34
13.53
27.93
15.92
25.45
13.54
2.02
0
0.83
0
0
0
0
0
0
0
0
0
0
0
0.02
0
0.06
3.06
11.01
10.49
3.55
1.62
8.4
5.84
4.37
9.01
4.23
6.35
4.07
0.93
2.02
0.69
12.12
2.84
3.69
1.45
3.05
1.04
1.37
3.44
11.02
6.89
7.07
2.67
1.47
3
0.61
0.23
5.41
12.38
12.52
4.77
0.05
0.67
0
0
3.16
1.61
0
0
0
0.01
0.01
5.97
0.32
0.36
0
0.02
0
0
0
0
0
0
0
0
0.02
0
0
0
0.01
0.03
2.06
0.68
3.48
0.91
1.02
2.79
0.02
0
0
0
0
0.03
0
0
0
0
0
0
0
0
0
0
0
0
0
0.03
0
0
0
0.01
0
0
0
0
0
0.02
0
0
0
0
0
0.61
0.47
0
0
6.38
10.59
0.56
0.01
0
0.02
0.01
0
0
0.63
2.09
2.72
1.21
0
0.23
15.37
3.22
0
0
0
0
0
0
0
0
0.11
2.18
5.19
9.2
2.13
4.05
2.1
0.04
0.25
0
0
0
0
0
0
0
0.03
0.96
0.23
0.52
0.34
8.91
19.63
4
1.63
0.21
0.17
1.34
2.95
0.13
0.3
6.98
6.93
8.22
5.1
0.91
0
6.68
10.61
2.73
14.7
31.48
12.5
7.63
0.87
0
0.09
0.42
2.29
1.73
0
0
0
0.09
0
0
0
0
0.01
0.14
0
0
0
0.02
0.02
5.35
0.09
0
0.38
8.45
6.7
2.47
5.87
2.11
2.77
4.21
1.44
1.64
13.28
8.14
0.87
0.41
0.15
1.79
8.67
2.64
2.97
0.95
1.2
0
0
0.05
0
0
0
0
0
0
0
0.13
0.04
0
0
2.55
0.46
6.88
2.5
0
1.24
0.11
1.84
6.1
0.65
0.47
0
0.96
0.4
0.01
0.89
0.13
2.28
16.01
3.74
4.03
20.48
10.58
0.84
4.86
0.87
0.37
2.79
2.7
1.94
7.33
7.2
6.19
6.22
9.7
9.57
9.49
2.75
0.39
4.8
1.19
0.02
0
0
0
0
0
0
0
0
0
0
0
0
0
0
0
0.02
1.03
2.77
1.33
2.66
10.13
6.01
1.98
0
0.04
0.04
0
0
0
0
0
0
0
0
0
0
0
0
0
0
0
0
0
0
17.45
5.29
2.14
0
0
0
0.08
0.93
0.25
4.75
1.02
0.06
0.04
13.63
11.91
0.36
0.02
4.46
5.87
6.54
3.44
7.83
5.64
2.31
1.46
0
0
0
0
0.14
0
0
0
1.24
0.28
0
0
0
0
0
0.04
0.02
6.25
3.4
0.02
0
2.21
0
0
0
0
0
0
0.44
0.03
0
3.27
3.59
0.58
0
0.06
0
0
2.88
0.16
0
0
0
0.1
1.44
2.71
1.37
1.69
0
0
0
0
0.34
0
0.83
0.37
0.04
0.43
3.09
2.58
0
0
0
0
0
0
0
0.01
0
0
0
0
0
0
0
0
0
0.01
0
0
0
0
0
0
0
0
0
0
0
0
0.04
0
0
0.01
0
0
0
0
0
0
0
0.02
0.01
0
0
0
0
0.02
2.98
0.67
0.93
1.25
1.25
1.17
0.63
0
0
0
0
0
0
0
0
0
0
0
0
0
0
0
0.03
0.13
0.01
0
0
0
0.18
0.08
4.73
1.16
0
0
0
3.11
0.26
0.03
0
5.82
15.82
3.94
0.54
0
0.05
0
0
0
0
0
0.05
0.81
0.45
4
3.81
0.19
0.01
0.02
0
0.02
1.7
0.25
0.02
0
0.04
0.39
0
0.01
0.02
0.6
0.46
0.48
0.11
10.5
22.09
2.72
0.01
0.01
0
0
0
0
0
0.09
0
0.13
0
0
0.01
0.13
0.25
1.18
0.58
0.24
0
0
0
0
0.25
0
0
0
0
0
0
0.42
0.07
0
0
0.07
2.05
0
1.28
9.35
3.49
2.34
18.89
1.03
0.22
0.19
0.15
1.66
0.26
0.08
0
0
0.12
10.85
1.17
1.2
7.1
7.16
0
0
3.6
20.75
27.8
26
14.49
13.34
11.86
4.33
16.92
33.99
18.27
9.52
6.91
0.18
7.72
10.27
4.08
1.74
9.48
0.06
0.13
4.73
0.29
15.48
15.84
3.49
1.27
2.47
1.8
0.71
2.48
0.7
0.41
0.13
0
0.01
0.54
0.69
0.06
0
0
0.03
1.91
0.05
0.35
1.11
11.11
1.18
0
0.13
17.17
0.05
0
0
0.02
0.02
0.79
7.96
13.21
8.8
2.05
0.75
0.73
13.34
15.57
16.52
6.79
10.81
5.3
2.53
3.98
0.41
3.87
7.95
0.57
11.82
2.91
10.16
0.53
0.48
0.19
0
0.11
0
0.06
0
0
0
0.01
0.55
0.21
10.94
1.11
0.62
11.41
9.13
1.16
0
0.92
4.56
0
0.29
0
0.33
3.46
0.16
0
0
3.23
0
0
0
0.2
5.89
7.84
4.54
7.5
10.09
10.19
7.73
2.55
0
4.59
5.45
0.68
0.79
1.02
0
0
0
0.03
1.02
0.25
3.34
1.29
0.18
0
0.38
8.64
4.95
4.21
9.61
3.51
10.86
3.69
2.06
0.3
0
0
0
0
0.02
0
0.09
0.44
0.27
0
0.2
10.56
2.08
0.04
0.02
0
0
0.37
0.25
0
0.34
0.04
0
3.64
31.68
9.35
9.19
7.34
5.31
8.07
1.05
1.31
1.14
4.33
0.27
0
0
0
0
0
8.91
3.8
2.35
0
2.8
0
2.21
6.14
9.45
0
0
0.02
0.01
0
0
0
0.75
0
0
0
0
0
0
0
0
0
0
0
0.08
0
0
0
0.02
0.02
0
0
0
0
0
0
0
0
0
0
13.88
3.24
1.39
0.02
0
6.71
0
0.05
0
0.55
0
0.39
0
0
0
0.01
0
0
0
0
0
0
0
0
14.84
5.73
0.29
0
0
0
0.13
0
0
0
0
0
0
0
0
2.29
9.07
2.1
0.04
2.61
0.21
0.13
4.84
0.13
0
0
0
0
0
0
0
0.12
5.96
1.16
0.14
0
0.01
0.3
17.97
6.89
1.08
2.91
1.33
0
0
0
0
0
0
0
0
0
0
0
0
0
0
0.38
5.39
17.06
9.66
1.06
0
0.01
0
0
0
2.9
26.12
4.39
0.46
0.99
0.78
0.04
6.66
1.14
0.3
4.05
0
2.96
5.4
5.96
0
0
0
0
0
0.02
0.55
1.55
5.06
3.46
5.81
1.17
0.6
4.43
9.63
12.38
8.73
0.89
0.45
0.39
0.05
1.23
0.24
0.02
0.08
0.25
3.13
3
6.17
17.12
9.09
3.17
0
0
0
0
0
0.73
3.34
3.59
0.13
0
0.02
1.19
3.28
2.96
0.31
8.8
5.91
5.59
0.96
0.02
0
0.01
0.02
0
0.01
0
5.51
1.21
0
0
0
0
0
0.54
3.89
7.98
4.3
2.62
0.22
0
0
0
0
0
0
0
0
0
0.08
0
0.07
3.44
6.35
14.34
12.6
7.09
0.98
11.93
1.52
0.5
0.11
0.13
0.11
0
0.18
0.25
0.73
0.11
0.16
4.49
1.63
0.02
0.58
0
0
0.41
0
5.19
2.78
3.79
10.65
10.62
16.66
2.53
0
0.49
0
1.27
0
3.87
0.6
0.48
4.52
3.64
0.11
0.3
0.55
0
0
0
12.19
1.86
0
0
0
0
0
0
0
0
0
0
0
0
0
0.21
1.5
0.25
22.57
5.3
2.69
0.51
5.02
0.55
0.21
3.29
8.01
4.32
1.17
4.38
7.22
1.05
9.64
1.68
15.98
3.33
0
0
0.01
2.13
0
15.42
1.14
0
0
4.05
1.34
0
0.31
1.28
0.67
0.19
0
0.45
0
0
19.64
8.07
0.34
0
0.09
0.01
0.75
2.07
15.65
24.73
0
1.03
0
0
0
0
0
0
0.01
0
0
0
0
0.8
0.53
0
0
0.19
0
0.02
0.01
0
0
0
0.19
0
0.01
0
0
0
0
0
0
0
0.08
0
0
0
0
0
0
0
0
0
0.06
0
0
0
0
0
0
0.33
0
0.16
0
0
0
0
0
0
0
0
0
0
0
19.13
0
0
0
0
0.57
0.19
0.02
0
0.04
0
0
0
0
0
0
0
0
0.01
0
0
0.14
0
0
0
0
0
0
0
0
0
0
0
0
0
0.01
0.01
0
0
0
0.01
0
1.08
0
0
0
0
0
0
0
0
0.01
0
0
0
0
0
0
0
0
0
0
0
0
0
0
0
0
0
0
0.2
0
2.77
17.68
0
10.65
7.81
1.88
0
0.83
0
0.06
12.93
22.91
15.22
20.09
4.94
2.52
0
0.04
0
0
0
0.06
2.88
0.71
0.14
0.98
0.45
0.73
0.77
0.4
3.59
0.04
0
0.06
0.22
1.22
0.14
0
0
1.63
3.41
0.29
0
0
0.54
0
0
0
0.43
0.02
0.18
1
0.41
0.1
1
0.11
0
0
0
0
0
0
0
0
0
0
0.01
0.02
0.01
0.15
0.86
0.49
0.03
0.02
0.04
0
0
0
0
0.02
0
0.03
0
0.13
6.76
3.64
0
0
0
0.03
0
0
0.08
0.02
0
0
0.05
0
0.15
0.03
0
0
0.09
0.19
0
4.07
0.69
0.26
0
0
0
0
0.13
0.11
0.84
0.16
0
0
0
0
0
0
0
0
0
0
0
0
0
0
0.03
1.8
0.15
0.35
0.16
0
0
0
0
0
0
0
0
0.2
0
0.12
0.01
0
0.18
2.64
0.4
0
0
0.04
0
0
0.01
0
0
0
0
0
7.5
7.52
9.48
6.8
1.77
2.1
0
0.36
2.49
1.38
8.24
4.51
9.83
1.29
0
0.91
6.29
5.7
0.58
0.34
0
0
0
0
1.1
8.93
20.65
17.54
4.19
1.3
0.05
1.69
5.98
3.26
0.33
0.01
0
0
0
0
1.56
0.67
0.56
0
0
0
0
7.95
3.14
0.15
0
0
0
0
0
0
0.04
0.02
0
0
0.02
2.69
0
0
0
0
0
0
0
0
0
0
0
0
0
0
0
4
11.65
0
0
0
0
0
0
0.01
0.41
0
0
0
0
0
0
0
0
0
0
0
0
0
0
0
0
0
0
0
0
0.01
0
0
0
0
0
0.01
3.61
1.16
5.79
0
0
0
0
0
0
0
0
0.52
0
0.14
0
0
0.1
0
0
0
0
0
0
0
2.67
0.13
0.01
0.02
0.01
0
0
0
0
0
0
0
0.11
0
0
0
0
0
0
0
0.92
0.61
0
0
0
0
0
0
0
0
0
0
1.75
0
0
0
6.32
1.89
5.63
4.55
4.75
29.25
0.69
0
0
0
0
0
0
0
0.05
0
0
1.23
8.55
8.13
0
5.51
0
0
0.38
5.86
17.6
17.88
7.92
0
0.12
2.56
9.54
4.99
1.3
0.02
3.29
8.27
0.2
0.27
4.22
25.71
20.07
0.29
0.24
2.93
25.14
8.08
10.98
0.28
0.14
0.22
0.18
0.16
0.05
2.19
0.62
0.1
0.05
0.94
0.07
0.05
0.06
0.18
5.28
0.43
0.3
0.14
0.05
0
0.01
0.3
0.67
0.09
0.04
0.02
0
0
0
0
0.04
0.66
10.28
1.14
4.82
0.27
0.04
0.03
0.2
0.33
0.04
0.01
0.03
9.22
0
0.01
0
0.94
0.16
1.2
0.25
0
0
0
0.01
0
0.09
0.03
0.2
0.23
0.49
6.26
2.01
0.48
0.79
14.3
6.26
17.78
14.71
5.09
4.15
13.43
13.46
0.35
0.54
0.46
7.62
0.12
0
0
0
7.46
1.09
0.01
0
0.84
0.59
0.47
0.25
0.55
8.41
2.47
0.58
0.18
0.01
0
0.17
2.22
1.2
1.98
0
10.68
11.44
0.59
0.5
0.21
0.24
0.32
1.9
0.15
0
0
1.6
8.16
7.18
17.01
17.5
8.99
5.38
3.79
1.92
1.44
0.5
0.43
5.95
9.57
0.11
14.27
0.14
0.14
1.55
2.8
6.51
20.64
31.78
10.26
5.71
22.45
1.62
14.45
2.92
1.13
6.24
9.38
1.77
1.29
3.88
1.54
0.3
0.27
0.23
0
0
0
0
0
0
0
0
0
0
0
0
0.06
0.27
9.78
4.98
8.45
1.95
5.29
0
0
0.34
0
0
0
0
0.02
0
0
0.32
0
0.49
1.98
3.3
4.91
7.6
3.84
2.02
1.05
0.07
0.01
0
0
0.14
8.38
3.56
0.7
8.64
1.47
0.02
0.01
0
0
0
1.04
0
1.56
1.57
1.62
0.02
0
0
0.11
0
0
0.02
0
1.55
0.11
0
1.63
0.04
0
0
0
0
0.05
0
0
0
0.84
0.02
0
0
0
0
0.01
0
4.95
2.79
1.46
0.03
0.02
0.05
0
0.03
0
0.05
0
0
2.27
0.09
0
0
0
0
0.01
0
0
0
0
0
0
0
0.01
0
0.2
0
0
0
0
0.06
6.86
1.01
0
1.87
0.5
0.11
0.01
0
0
0
0
0
0
0
3.12
3.1
20.73
8.07
0.06
0.08
0
0
0.02
0
12.5
0.38
0.58
1.82
0.04
0
0.19
0.06
0
0
0
0
0
0
0
0
0
0
0
0
0.01
0.12
1.47
12.34
2.61
2.42
0.57
2.29
3.77
6.33
0
0.02
0.01
0.02
0.01
0.01
0
0.01
0.01
0
0.02
0.01
0
0
4.11
0.23
0
12.55
0.09
0
0.28
0.46
0.01
0.02
0
0.01
0.43
0
0
0.2
5.95
0
0
0.27
3.06
0
0
0
0
0.02
0
0
1.77
8.75
7.16
1.58
0.01
0.38
0
0
0
0
0
0.63
0.17
0.14
0.25
0.02
0
0
0
0
0
0
0
0
0
0
0
0.59
0
0
0
0
4.91
16.93
0
0
0
1.51
26.67
13.72
1.1
3.65
3.11
0
0
1.13
9.16
18.13
16.3
16.91
1.75
0.62
0
0.05
0.02
0
0.05
3.84
8.28
8.27
5.62
4.15
2.48
7.99
1.02
1.47
5.96
2.86
0
0
0
0.11
0.39
7.33
6.76
3.2
3.23
0.39
1.8
3.12
19.02
1.27
11.77
5.18
9.94
27.56
2.34
11.09
3.64
6.02
1.11
4.43
0.27
0.71
0
0.24
3.18
0.15
0
0
1.83
0.41
1.77
2.25
1.37
23.73
5.5
0.48
0.16
0
0
0
0
0
0.09
0.16
0.01
0.29
0
0
0
0
0
0
4.59
2.07
2.3
0
0.89
5.77
2.71
0
0
0.48
0.57
0.01
0.39
5.52
3.69
1.24
0
0
0
0
0
0.61
0
7.2
0.02
0.03
1.05
0.2
0
0.08
3.02
3.37
9.42
0
0.02
8.03
0.82
0.3
0
0.01
0.01
0
0
0
0
0
0
0
0
0
0.19
0
0
0
0
0
0
0
0
0.04
2.09
0.13
7.91
1.52
1.34
4.48
0.76
0
0.54
3.28
0
0.01
0.62
0.08
0
0
0
0
2.25
0
0
0.76
7.51
3.84
1.16
0
0
0
2.74
0
0
0.01
0.02
0.01
1.52
6.73
5.98
0
0.11
0
0
0
0
0.01
12.8
11.64
0
0.05
0.23
0.52
0
0
0
0
0
0
0
0
0
0
0
0.02
0
0
0
0
0
0
0
0
0
0
0
0
0.01
0
0
0.01
0
0
0
0
0
0
0
0
0
0
0
0
0
0.02
0
0
0
0.01
0.01
0
0
0
0
0
0.11
2.82
0.09
0.18
0.13
0.65
0
0
0
0.45
0.22
0.77
0.98
0
0
0.13
0
0
0.05
2.95
2.03
0.68
0.57
24.35
5.75
0.98
7.69
0
0.02
0.72
9.08
0.11
0
0.79
2.57
0.09
0
0.06
0
0.01
3.3
8.3
17.17
5.28
6.14
6.35
2.73
1.26
0.3
0
0
0
0
0
0
0
0
0
0.02
0.01
0
0
0
0
0
1.2
18.66
4.61
1.03
0.66
3.47
10.25
2.28
11.98
16.54
1.3
12.92
9.3
6.29
0.34
0.39
0
0
0
0
0
0.22
0.84
7.23
3.59
6.23
24.22
5.34
2.54
3.69
0
0.88
0.12
0
2.89
0.04
0.02
0.02
0
0.39
0.57
11.37
8.55
0.99
1.28
0.1
0
0
0
0
0
0
0
0
0.1
2.4
2.91
0.32
0
0
0
0
0
0
0
0
0.01
0
0
0
0
0
0.02
0
11.81
0.96
0.05
2.51
0.12
0.09
3.22
1.83
0.01
0
0
0
0
0.13
3.31
31.05
2.63
0.05
12.32
13.4
1.53
3.21
0
0.02
0.17
0.14
0.11
4.61
1.45
0.59
3.79
4.03
0.83
0
0.01
0.25
4.54
1.57
0
2.32
0.59
0.04
0.09
0.01
0
0
0.13
0.1
0
0
0
0
0
0
0
0
0
0
0
0.01
0
2.13
8.43
0.25
3.36
4.36
9.01
7.32
0.28
0.08
0.06
0
0
0
0
0
0
0
0
0
0.25
0.04
0
1.45
2.74
0.03
3.3
0.01
0
0
0.57
3.07
0
0.12
0
0
0.41
0.09
0
0
2.23
20.29
0.25
0.23
0.02
0
0
0
0
0
0
0
0
0
0
0
0
0
0
0.02
0.02
0
0
0
4.62
0
0
0.01
0.01
0.86
0.02
0
0
0.01
0
0.3
0
0.09
0.11
3.36
0.95
0
0.1
0.01
0.16
3.16
3.01
17.48
0.72
0
0.01
7.67
0
0.01
0
0
0
0.15
3.81
0.28
1.11
0
0
0.04
0.02
0
0.04
0
0
0
0
0
0
0
0
0
0
0
0
0
0
0
0.01
0.08
0.52
0
0
0
0.52
0
0
0
0
0
0
0
0.27
4.09
0
0
0.78
0
0
0.17
0.16
0
0.07
0
0
0.01
0
0
0
0.39
0.29
0
0
0.03
20.91
0
0.17
1.02
0
0
0
0
0.02
3.2
6.6
1.58
0
0.13
1.32
1.01
2.93
5.22
0
0
0
0
0.02
0
0
0.02
5.27
0.12
0
0
0
0
0
0
0
0
0.06
0.53
2.63
0.68
0.8
0
0.05
1.01
4.16
5.88
0.23
0.03
2.28
0
0.09
2.03
0.85
2.52
0.2
0
0
3.67
4.84
0.15
2.41
0.03
0
0
0.36
0
2.5
3.16
1.37
0.05
0.02
0.01
6.07
20.17
5.22
0.68
0
0
0
0
0
0
0
0
0
0
0
0.01
0
0
0
0.19
3.07
0.03
0.11
0.69
0.18
0
0.19
0
0
0
0
0
0
0
0
0
0
0.05
0
0
0
0
0.2
0
0
0
0
0
0
0
0
0
0
0
0.02
0
0
1.15
0.14
1.23
2.37
9.55
0.78
18.56
26.87
0.99
4.46
3.43
6.78
5
16.43
1.84
0
0.5
5.65
0.04
0
0
0.68
0.01
0.02
0.11
0.52
0
0
0
0
0.03
1.42
0.58
0.3
0
0.01
0
0
0
0
11.74
0.16
0.09
4.76
12.01
7.55
40.53
27.27
10.09
0.09
0
1.51
1.23
0
0
0
0
0
5.54
0.18
22.73
8.89
2.16
0.36
0
0
0.06
3.05
0.87
2.54
5.58
0.75
4.45
0.5
0
0
0.24
0.01
0
0
0.01
5.88
14.09
8.18
9.6
0.08
0
0.01
0.19
2.51
0.88
0.05
0
0.34
0.3
0
0.01
3.89
37.83
0.14
0
0.39
0.07
0
8.33
6.16
12.41
0.5
0.01
0.68
12.44
0.24
0.16
3.83
3.91
0.35
0.72
5.04
0
0
0
0
3.9
5.19
0
0
0
0
0.04
0.79
7.49
10.95
8.68
5.93
14.4
5.15
4.28
5.44
0.26
0.01
0.08
0
0.17
0.02
0
0.44
0.99
0.55
0
0
0
0
6.04
3.21
0.67
0
0
0
3.66
3.08
0.15
0.01
0
0
0.38
0.01
0
0
0
0
1.29
1.32
0.02
0
0
0
0
0
0
0
0
0.22
0
0.62
7.46
0.02
0
0
0
0.04
1.26
0.13
0
2.58
0
0
0
0
0
0
0
0.03
0
0
0
0.11
0
0.02
0
0
0
0
0.13
0
0.02
0.01
0
0
0
0
0
0
0
0
0
2.11
0.28
0
0
0
0
2.08
0.25
0
0
0.01
0
0
0
0
0
0
0
0
0
0
0
0
6.53
0.05
0
0
0
0
0
0
0.02
0
0
0
11.43
9.43
0
0
0
0
0
0
0
0
0.73
0
0
0.05
0
0
0
0
0
0
0
0
0.1
0
0
0
0
0
0
8.29
6.39
0.54
0
0
1.45
0.78
8.84
9.74
4.23
8.93
8.65
10.2
0.21
0
0
0
0
0
0
0
0
1.24
10.6
21.07
0.5
0.01
3.1
0
0
0
0.04
0.03
0
0
0.01
0
0.01
0.8
30.36
5.13
8.29
5.62
2.39
3.96
5.5
0.88
0
0
0.03
0.17
0.09
2.51
2.11
0
0.08
0.04
0
0
0
0.07
0.2
0.01
0
0.13
1.23
0.02
0.06
0.05
0.13
0.28
0.08
0.02
0
0.02
0
0
0
0
0
0
0.02
0
0
0.01
0
0
0
0
0.57
0
0
0
0
0
0
0.59
0
0
0.26
0.41
0.02
0
0
0
0
1.47
7.7
0.1
2.8
1.36
0.03
3.6
7.52
18.03
14.63
3.33
0.01
1.73
0
0.01
0
1.79
4
4.14
0
0
0
0
0
0
0
0
0
1.2
0.54
0.13
0
0.02
0.01
0.84
0
17.16
0.91
0.13
0
0.84
0
0
0
0
5.67
1.73
0
0
0
0
0
0
0
0
4.77
1.81
1.16
6.71
5.33
4.24
0.23
0
0
0.62
0
0
0
0
0
0
0
0
0
0.01
0
0
0
0
0
0
0.05
0
0.14
0
0
0
0.1
1.65
4.64
1.71
0.61
1.63
4.66
4.33
0.18
0
0.02
1.09
2.27
0
0.49
0
0
10.96
6.43
3.7
0.93
0.01
0
0
0.75
9.93
0.43
0
0
0
0.02
0
0
0
0.02
0
0.8
1.75
1.11
0.12
9.97
3.76
21.72
0.57
0
0
0
0
0
0
0
0
0
5.02
1.18
0.66
2.93
13.73
2.13
0.05
0.01
0
0
1.77
0.53
0.55
1.69
0
0.01
0
0
0
0
0.2
1.85
22.93
0.17
0
0
0
0
0
0
0.02
0
0
2
0
0
0
0
0.03
0
0
0
0
0
0
0
0
0.29
0
0
0
0.13
0.24
0
0
0.08
0
0
0
0
0
0.01
0
0
0
0
0
0
0
0.04
0
0.06
2.04
7.05
21.98
3.77
0
0
0
0.07
0
0
0
0
0
0.2
0.09
0
0
0
0
0
0.05
1.09
0
0
0
0
0.34
9.45
0
0
0
0
0.14
0
0
0
0
0.01
1.88
0
0
0
0
0
0
0
0
0
0
0.02
0
1
7.57
16.91
0.02
0
2.41
0
0
0
0
0
0
0
0
0
1.59
0
0
0.25
2.89
0.29
0
0
0
0.01
0
0
0
0
0
0
0
0
0
0
0
0
0
0
0
0
0
0
9.52
0.1
0
0.95
0.14
0
0
0
0
0
1.39
1.04
20.97
5.96
0.82
0.04
4.1
3.04
0
0
0
0
0
0
0
0
0.07
5.17
14.25
1.7
1.93
4.32
1.04
2.51
0.7
0.1
0.13
0
2.18
10.05
2.27
1.45
2.3
2.9
0
0.04
4.13
0.63
0.01
0
0
0
0
0
0.01
0
0
0.16
13.3
8.52
0.06
0
0
0
0
1.14
0.35
6.39
4.23
3.19
0
0.93
0.88
1.39
0.17
3.94
0.92
0.37
0.07
0.01
0
0.02
0
0.35
0.47
0.06
0
0
0
0
1.39
24.99
28.84
16.41
21.61
9.96
11.75
7.32
6.5
1.89
4.69
11.88
19
10.17
3.66
3.52
29.26
6.77
5.78
13.35
0.14
10.33
0.38
0.8
0.33
14.97
2.84
1.95
0.07
0.33
0
0.9
5.07
2.37
0.08
1
3.19
1.9
0.31
8.12
9.2
10.04
15.38
30.85
30.22
9.58
1.63
0.45
10.8
0.12
0
0.8
0
0
0.13
0.18
0.07
0.06
0
0.05
0.04
3.9
7.96
0.7
0
0
0
0
2.13
2.84
2.13
2.59
0.75
0.04
0
0
0
0
0
0.55
0.96
1.14
7.82
3.07
5.86
2.77
0
0.75
0.2
0.27
13.41
4.44
14.54
8.41
0
1.03
8.43
1.57
0.24
4.02
2.95
0.17
1.52
7.54
0.47
0.69
1.07
0
0.56
0
0
0
0
0
0.49
0
0.05
0.01
0.01
0.05
2.99
1.05
1.65
0.21
3.14
0
0
0
0
0
0
0
0.02
0
0
0
0.02
0
0
0
0
0
0
0
0
0
0.03
0
0
0
0
0
0
0
0
0
0
0
0
0.31
0
0
0.06
0.2
0
0
0
13.67
3.39
0
2.12
2.3
0.96
0
0
0
0.63
1.1
4.71
0.06
0
0
0.08
8.45
0
1.3
0.03
0
1.54
0.09
0
0
0
7.45
0.06
7.34
4.99
12.28
0.18
0.63
0
2.84
0.59
8.84
3.15
0
0.14
0
0
0
0
0.16
0
0
0
0
0
0
0
0
0
0
0
0
0.02
0.16
0.46
0.19
0.05
0.22
5.26
0
0.01
0.29
32.68
8.79
0.8
0.79
0
0
0
1.04
4.61
8.28
1.68
4.56
12.93
19.68
1.02
0.28
0
5.57
18.14
0.7
1.45
9.72
1.8
4.18
0.77
0.34
0.51
0.63
0.14
0.89
0.55
1.38
12.8
11.16
4.76
3.91
3.02
6.24
16.45
1.36
0
0.33
3.92
0
0.07
0.2
0
0.01
0
0
0
0
0
0
0
7.16
16.61
0.39
1.55
5.62
0.61
2.79
0
0
0
0
0
0
0
0
0
0
0
0
0
0
0
0
0
0
0
0
0
0
0
0
0.02
0.01
0.42
0.21
0.27
0
0.02
12.41
0.16
0
2.12
1.5
0.23
0
0
0
0
2.84
11.53
17.84
6.42
0.66
0.07
0
0
0
0
0
0
0
0.01
0.01
0
0
0
0
0
0
0
0
0
0
0.02
0
0
0
0
0
0
0
0
0
3.88
8.78
0.07
1.2
0
0
0
0
0
0
0
0
0
0
0
0
0
0.02
0
0
0
0
0
0
0
0.02
8.62
3.6
4.22
0.09
2.34
10.86
8.34
2.73
5.67
4.45
2.74
0
0
0
0
1.47
0.01
3.82
28.78
15.16
4
2.06
1.58
7.81
21.09
5.78
0.98
0.05
0
0
0.18
3.06
3.12
0.02
0
0
0
0
0.16
1.22
0.39
0
0
0
0
0
1.2
0
0
0.08
0.03
0
0.03
0.55
0
0.01
0
0
0
0
0
0
0.05
0
0
0.73
0.23
0.03
0.06
0.01
0
0
0
0
0
0
0
0
0
0
0
0
0
0.01
0
0
0
0
0
0
0
0
0.75
0.19
0
0
0
0
0.02
17.44
0
0
0
0.1
0
0.01
0
2.2
0.05
0
0
0
0
0
0.04
0
0.44
0
0
0
0
0
0
0
0
0
0
0
0
0
0
0
0
0
0
0
0
0
0
0
0
0
0.12
19.66
0
0
0
0
10.31
0
0
2.18
8.48
0
0.91
0.75
0.07
0
0
0
0
0
0
0.25
0
0
3.72
4.09
6.72
1.5
3.3
0.44
3.99
6.02
0.47
1.96
0.25
0
0
0.03
0
0
0
0.11
0
0
0
0
0
0
0
0
0
0
0
0
0.14
5.38
0.16
0.19
0.77
0.11
16.5
3.44
0.22
10.5
2.53
0.77
0.01
0
0
0.31
0.08
0.07
2.41
4.33
7.89
3.14
8.24
2.5
1.72
0.52
0.06
3.09
1.53
1.34
14.69
7.34
11.56
2.2
0.23
5.03
0.47
0.14
2.89
3.19
21.5
1.06
1.5
0.19
4.41
1.34
5.42
2.64
5.92
2.36
0.16
0.44
0.56
0
0.02
0.78
1.37
0
0
0.56
16.03
0.05
0
0
0.22
1.78
1.12
45.5
40.62
18.09
4.39
0.12
0
0.01
0
0
0
0.01
0
0
0
0
0
0
0
0
0
0
0
0.23
0
0
0
0.01
0.02
0
0
5.28
0.56
0.62
9.44
0.19
0.12
1.97
7.05
0.12
1.67
3.58
0.34
1.38
2.19
0.53
0.08
0
0
0
0.11
0.02
1.14
0
0.28
0.01
0
0
0
0.03
0
0
0
0
0
0
0
0
0
0
0
0.01
0
0.7
24.97
3.55
1.53
0.06
3.42
1
0
0
0
0
0
1.19
0
2.22
33.3
18.47
2.05
0
0
0.03
4.33
2.95
0.81
0.59
2.95
1.34
1.09
0.02
0.85
12.92
12.31
3.19
0.97
0
0.02
0.12
5.92
2.3
0.47
5.52
2.27
0.47
0
0.38
2.28
12.23
0
2.41
10.52
1.62
0.81
3.66
2.12
0.69
1.66
4.59
4
2.67
0.27
0
0.06
0.02
0
0
0
0
0.15
0
0.38
0.72
0.28
4.81
17.38
4.57
7.52
9.33
0.94
0.41
0.03
0
0
0
0
0.02
0
0.58
2.74
0.05
0
0.09
0
0
0
0.02
5.58
10.59
0.03
0
5.17
0.41
0
0
0
0.57
0
0
0.02
0.26
0
0.01
0
0
0
0
0
0
0.09
0
0
0
0
0
0
0
0
0
0
0
0
2.11
17.7
0.29
0
1.69
0
0.31
0
0
0
0
0.86
0
0.42
0
0.35
0
0
0
0
0
0
0
0.01
0
0
0
0
0
0
0.02
0
0.16
0.07
34.3
0
0
0
0
0
0
0
0
0
0.02
0
0.01
0
0
0
0
0
0
0
0
0.01
0
0
0
0
0
0
0
0
0
0
0
0
0.95
0.07
0
7.56
17.16
0.16
0.62
0.02
0.06
0.97
5.17
0
0.16
0
0
0
0
0.25
22.88
0.19
0.65
0
0
0
0
0
0
0
0
0
0
0.06
0.01
0.01
0
0
1.44
0
1.02
5.3
0
7.03
0.01
0.06
0.01
0
0.03
0.02
0
0.14
3.64
1.19
1.94
13.11
6.62
0.11
0.12
0.38
0.05
0
0
2.83
0.16
0
0
0
0
0
0.08
0.01
0
0
0.03
0.16
3.38
0.28
0.02
0.04
0
0.02
4.62
4.38
0.02
5.92
15.02
0.94
5.7
12.16
15.81
0.11
0.3
3.16
0.88
0.04
0.04
0
7.36
0.06
0.08
0.03
0.12
0.86
0.07
0.01
8.03
0.52
1.5
0.16
7.67
2.98
1.45
0.62
0.73
0.17
0.66
4.31
14.91
2.34
0.45
0
0.04
0
0
0.16
0.28
0.26
0.25
0.39
11.22
18.44
3.37
23.27
1.73
14.78
4.08
0.16
1.17
3.25
6.08
2.02
0.13
0.09
0
0.03
8.62
12.97
19.31
22.78
29.31
1
1.59
2.5
0.21
0.03
0
0
0
0
0
1.02
8.2
0.28
0
0
0
0
0
0.01
1.34
0.11
0.18
2.02
0.06
0.03
4.94
8.68
0.09
0
0
0
0
0
0
0
0
0
2.23
0.59
0
0
0
0
0
0
0
0
0
0
0
0
3.99
0.78
0.75
0
0
0
1.7
1.69
8.84
8.25
0.06
0.78
4.84
1.87
0.51
0.04
0.05
0.29
8.25
13.61
4.92
1.41
13.73
1.2
10.84
4.39
13.29
2.17
0
1.77
0.98
2.18
0
0.6
0
0
1.99
8.61
0.55
0.27
0.08
0
0
0
0
0
0
0
0.04
0.02
0
11.09
0
0
0.38
0.04
0.12
0.86
1.45
0.68
17.2
0
0
3.37
7.06
0
0
0.01
0
0.02
7.91
0
0.01
12.48
0
5.22
4.88
0
2.6
1.23
0
1.25
0.47
0.17
0
0.2
0
0
0
0
0
0
0
0
0
1.7
0
0
0
0
0
0
0
0
0
0
0
0
0
0
0
0
0
0
2.7
0.02
0
0
0
0
1.94
0.05
0
0
0
0
0
0
0.01
0
0
0.23
0
0.01
1.37
0
0
0
0
0.01
0
0
0.01
6.88
6.34
0
0
0
0
1.2
0.17
5.78
20.38
0
0
0
0.02
0
0
0
0
0
0
0
6.53
37.78
4.88
1.7
0
0
0
0.23
0.19
0
0
1.06
0.2
0.27
0
0
0
0
0
0
7.88
0.05
0
0
0
0
0
0
0
0
0
0
0
0.12
0.69
0
0
0
0
0
0
0
0
0
0
0
59.69
27.25
61.66
0.11
9.81
0.06
0
0
0
0
0
0
0
0
0
0
0
0.46
0
0
0
0.09
1.25
3.14
28.06
1.66
8.84
1.44
0.22
3.11
0.22
0.02
0
5.42
0.84
0.09
0.53
2
0
8.27
0.78
1.12
0
0.05
0
0
0
0
0
0
0
0
0.05
0
0.02
2
5.22
4.45
18.22
0.62
0.02
0.04
0
0
0
0
0
10.08
2.47
0.02
0
0
0
0.03
0
0
0
0
0
0
0
0
0
0
0
0
0
0.01
0
0
0
0
0
0
0
0
0
0
0.01
0
0
0
0
0
0
0.35
0.35
4.73
0.28
0.02
0
0
0.34
1.75
0
0
0
0
0.27
0.66
0.18
1.17
0
0.05
0.01
7.61
0
0.11
1.2
2.19
0.23
0.34
0.69
23.31
15.06
2.53
1.56
0
0.62
0.22
0.02
1.64
0.88
3.06
0
0.97
0.44
0.77
0.12
0.05
0.78
4.42
10.38
0.53
0.06
0.05
0
0
0.05
0.02
0
0
0.11
0
1.75
0.86
0.47
0.02
0
0
0
0.73
7
3.38
0
19.91
6.08
1.25
0
6.27
5.46
3.35
0.56
3.7
0.39
2.62
0
0.08
0
0
0
0
0
0
0
0
0
0.8
0
0
0
0
0
0
0
0.06
0
1
0
0
0
0
0.01
0
0
0
0.49
0.03
0
0
0
0
0
0
0
0
0.11
0
0
2.91
0
0.1
0.33
0
0
1.59
0
0
0
0
0
0
0
0
0
0
0
0
0
0
0
0
0
0
0
0.04
0.03
0
0
0
0
0
0
0
0.03
0
0
0
0
0
0
0.01
0
0.01
10.1
1.33
0.65
0.02
0
0.17
0
0
0
0
0
0
0
0.01
4.61
0.04
0
0
0.75
0
0
0
0.03
0
0
1.72
2.55
1.42
0.14
1.28
0.91
0
0
0
0
0
0
0
0
0
0
0
0.02
0.96
2.16
2.58
0.25
0
0.7
0.56
0
7.11
11.83
3.55
0.74
0.62
0
11.94
0.69
0.76
0
2.59
0
0
0
0.01
0
0
0.12
0.75
2.26
0
6.86
4.08
0.16
0
0
0
0.81
0.35
0.2
5.59
5.53
1.12
0
9.3
0
0
0
0
0
0
0.1
2.05
0.24
0.05
2.84
0.07
0
0
0
1.22
5.17
0.88
0.25
0
0
3.08
9.33
6.66
8.16
8.84
0.62
3.88
12.09
14.09
6.67
5.97
0.06
0
6.7
0.03
0
0
0
0.41
1.71
4.47
0.81
1.75
3.59
17.34
16.5
10.22
12.12
44.97
36.59
10.89
5.08
0.66
3.63
1.39
0
4.73
0.14
0.4
0.09
0
0
0
0.02
0
0.83
0
0
