19510101
23.38
9.43
1.07
0
0
0
0
0
6.62
1.57
2.87
3.65
4.84
0.57
0
0
0
0.66
0
0.03
0.01
0.14
1.7
7.06
4.3
7.76
9.96
7.2
0
0
0
0
0.11
5.18
22.57
0.55
9.4
1.39
3.56
3.36
10.52
7.84
7.73
0.81
6.47
2.43
0.03
1.19
3.44
0.7
5.93
0.59
3.82
14.06
0
0
0
0
0
0
0
0.83
1.32
5.88
1.32
2.88
1.3
7.1
24.96
2.45
18.47
12.78
8.77
4.8
1.21
2.25
0.43
0
0
0
0
0
0
0
0
0.01
0.27
0.01
0.03
0
0
0
0
0
0
0
0
0.01
0.11
7.31
0.13
0
0
0
0
0
2.2
0.66
0.19
2.38
0
1.3
5.68
0
9.84
3.98
13.93
5.19
4.3
28.94
6.66
2.72
0
0.68
4.32
7.89
2.73
3.01
0.38
0.14
0.36
0.07
0
0.02
0
0
0.08
1.51
0.63
0.43
0.03
0
0
0
0.05
3.19
0
0.89
10.53
2.62
0.18
0.05
0.05
15.69
1.33
7.53
0.16
6.96
0
0.01
0.02
0
0
0
0.02
2.22
0.92
1.97
0.09
0
0
0.18
0.35
0.02
0
0.01
0.88
0
0
0.31
4.36
5.18
0
0
1.77
0
0.55
2.4
0
0.01
0
0.01
0
0.01
0.01
0
0
0
0
0
0
0
0
0
0
0
0
0.48
0
0.48
6.86
6.38
7.06
5.77
0
0.01
0
0
0
0
0
0
0
0
0
0
0.03
0
0
0
0
0
0
0.01
1.87
14.77
0
0
0
0
0
0
0
0
0
0
0
0.14
1.58
6.48
2.73
0.75
2.77
17.36
8.41
3.09
0
0
0
0
0
0
0
0.05
7.01
33.09
0.11
0
0
0
0.05
0
0.36
9.8
13.94
0
0
0
0
0
2.47
7.15
0.18
0.53
4.6
0.43
1.61
0
0.01
0
0.11
0
0.35
0.39
0
0
0
0
0
1.8
1.22
3.2
6.32
0
0
0
0.02
0.08
5.59
9.97
9.2
13.29
19.48
6.79
5.01
6.05
2.76
0.23
1.48
0.34
3.38
19.93
8.38
1.66
0
0
0.07
0.02
0
0
0
0
0
0.05
0
0
1.06
1.81
0
0.29
0
0
0
0
0
1.04
0
0
0.79
0
0.01
0
0
2.94
1.86
0
2.02
0.48
2.25
1.41
3.78
0.55
0
0.04
0
0
0
0
0
0
0
0.01
0
0
0.01
0.02
1.49
0.43
0
0
0
0
0.27
0.01
0.29
1.34
1
5.71
5.7
6.85
17.3
5.98
1.6
1.88
0.33
0.69
0.31
0
0.02
0
0
0.01
0
0
0
0.01
0
10.46
5.95
1.19
0.6
0
0
0.66
0.11
0
0
0
0.26
1.97
0
0
0.26
0
0.39
0.25
0.38
1.88
0.34
0.13
0
0
0.07
3.58
0.96
5.89
2.26
0
1.82
0.38
6.1
2.04
1.85
0.27
0.07
0.01
0.34
0.75
0.55
0
1.93
7.33
12.59
11.44
5.25
7.82
7.61
0.39
0.55
0
0.2
0.01
0.01
0
0.43
11.67
18.41
3.3
15.71
1.52
0
1.09
0.23
0
0
0.05
0
0.6
0
0
0
0
0
0
0.66
5.17
4.53
3.35
17.19
8.3
5.23
0
0
0.7
0.02
0
0.72
0
0.02
0.2
0.24
0
0.55
10.54
3.39
3.73
2.61
9.91
5.17
1.54
0.11
0.14
2.27
0.59
2.04
4.59
0
0
0
0
0
0
0
0.01
0.49
1.16
5.06
0.63
0.03
0
0.01
0.55
0.98
3.59
0.05
0.01
0
0.43
0
0
0.12
2.82
5.6
0.77
0.4
0.02
0
0.96
6.09
9.13
12.04
1.96
0
0
0
0
0
0
0
2.92
7.39
0
0.07
0.1
0
0.96
2.05
0
5.97
0
0
2.1
4.58
11.13
1.15
10.21
0.07
6.91
0.5
0.01
0
0
0.09
0.11
0
0.01
0.19
0.02
0
0
0
0
0
0
0.51
0.55
0
0
0.45
0
0.56
0.02
0
0.12
8.21
28.17
9.62
1.22
0
0
0
0.01
0.02
0
1.48
0
0
1
0
0
1.04
2.45
0.35
8.98
5.26
0
0
0.02
0
0
0.01
0
0
0
1.74
1.02
0
0.09
0.7
0
0.01
0
0.17
0.01
4.63
0
0
0
1.33
0
2.18
0.33
0.65
1.46
0
0
4.77
9.38
1.75
3.13
2.85
0
2.3
8.94
1.59
0.01
2.02
1.32
0.01
0
0
0.89
0
0
0
0
0
0
0
0
0
0
0
0.82
0.53
0.49
4.05
3.68
0.95
1.51
0
0
0
1.06
2.52
0.91
1.37
3.34
4.41
20.26
0.95
5.45
0.15
0
0
0
0
0.01
1.17
0.02
0
3.07
4.12
2.56
0
1.44
6.59
1.5
0
0
0
0.75
0.11
0.59
0.56
0.22
3.08
2.35
1.81
0.18
0.2
0.21
2.36
1.17
0
0.16
0.05
0
0.56
0
0.3
0.72
0
0
0
0
0
0.09
0
0
0
0
0
0.2
0.27
0
0
0
0
0
0
0.02
0
0
0.39
3.2
12.36
6.72
0
0
0.11
5.14
0.3
0.11
0.95
1.64
0
0
0
0.06
0.01
0.05
0
0
0.01
0
0
0
0.04
0
0
0
0
0
0
0
0.01
0
0
0
0
0
0
0.75
0.05
0.21
0.22
1.05
1.71
0
0.21
0.2
0
0.45
0
0
0
0.3
0.41
0
0
0.03
9.02
1.13
0.38
0
0.44
0.44
3.41
0.66
0.09
0.01
0.7
0
0.01
0
0
2.54
22.89
19.04
5.18
0
8.79
0.63
5.22
2.38
10.81
0
0
0
0
0
0
0
0
0
0.01
0
0.01
0
0
0
1.98
8.3
0
0
0
0
0
0
0.01
0
0
0.03
0.52
0.93
0.7
0
0
0
0
0
0
0
0.01
0
0.69
9.97
0
0.3
0
0.01
0.01
0.43
0.01
0.02
0
0
0.6
0
13.63
0
1.18
0.76
0
1.57
0
19.48
9.84
9.44
9.19
0
0
0.76
4.85
1.43
0.92
0
0
0
0
0
0
0
0
0
1.48
0
0
0
0
0
0
0
0
0.01
0
0
0
0.05
0
0
0
0.95
0.45
0
0
0
0
0
0
0
0
0
1.58
0.63
1.52
0
0
0
0
0
0
0
0
0.16
0.72
0.01
0.13
0
0
0
0
0
0
0
0
0
0.29
6.61
0
0
0
0.03
0
0
0.01
0
0
0
0
0
0
0
0
0
0
0
4.39
16.7
0
0
0
0
0.56
0
6.58
4.34
1.27
0
1.16
0
0.52
1.98
12.4
7
9.92
8.23
4.89
0.39
0.28
0
1.55
0
0.05
1.11
0.57
0.68
2.42
1.41
2.45
0.03
0.04
0
0.57
6.48
0.05
0
0.01
0
0
0
0
0
0
0
0.01
0.01
0.01
0.02
0.02
0.03
0.02
0
0.04
0
0
0
0
0
0.14
1.57
0
0.04
0.07
0.95
0
0.73
11.03
0.77
1.25
11.3
3.96
0
0
0.09
0
1.3
3.45
2.02
0.31
2.25
3.79
0.93
0.28
0
0
0
0
0
0
0
0
0.01
0
0
0
0
0
0.27
0
0.24
0.3
0
0
0
0
0
0.05
0
0.01
0.02
0.01
0
0
0
0
0
0
0.01
0
0
1.99
5.12
4.58
1.43
0
0.07
0
1.06
1.09
0.12
0.14
0.5
0.67
1.08
10.47
0
1.05
4.86
2.93
0.16
0
0
0
0
0
0
0
0
0
0.45
0.21
0.05
0
0
0
0.48
4.55
0
0.27
9.96
11.07
4.07
0.44
7.31
7.66
7.01
3.48
0.11
3.39
3.3
2.16
1.62
0
0.02
2.89
2.74
0
1.34
0
0
0
0.09
2.87
4.72
0
0
0
0
0.27
0.02
0
0
0
0.1
0.21
0
0
0
0
0
0
0
0
0.01
0
0
0
0
0.3
16.81
3.88
4.04
3.92
0
2.36
0
0
0
0
0
0
0
1.41
3.65
0
8.81
7.98
30.44
13.52
2.16
0.11
0
0
0
0
0
0
0
0
0
0.02
0
0
4.91
5.35
14.96
41.59
0.82
0
0
0
0
1.7
0
0
0
0
0.03
0
0
0
0
0
0
0.01
0
0
0
0
0.01
0
0.02
0.03
0
0.03
0.02
0
0
0
0
0
0
0
0
0
0
0
0
0
0
0
0
0
0
0.06
0.7
0
0.04
0
0
0
0
0
0
0
0
0
0
0
0
0
0
0
0
0
0
0
0
0
3.59
0
0
0
0
0.16
0
0.59
0.55
0
0
0
0
0
0
0
0
0
0
0
0.2
0.34
0.15
0
0
0
0.02
0
0
0
0.05
2.16
1.34
0
0
0
0
0
0
0
0
0
0
0.01
0
0
0
0
0
0
0
0.09
0.01
0
0
0
0
0
0
0
0
0.01
0.01
0
0.01
0
0.01
3.06
0
0
0
0.44
0.2
0
0
0.01
0.01
0.02
1.86
2.99
0.43
0.05
0
0
1.96
11
5.45
1.88
0.17
0
0
0.01
0
0
0
0
0
0
0.23
0.35
3.43
6.41
0
0.59
3.46
13.15
0.4
12.05
12.33
0
0.03
0
0
0
0
0
9.4
1.45
0.38
0
0
0
0
0
0
0
0.01
0
0
0
0
0
0
0
0
0
0
0
0
0
0.16
7.19
15.88
8.54
8.98
3.34
4.05
2.53
10.89
0
0.22
0
0.15
0.42
4.25
1.62
12.62
10.01
3.95
1
2.42
1.89
0.78
0
0.21
0.25
1.61
0.75
3.03
6.38
8.63
5.13
31.59
0.33
0
0
0.08
0
0
0.01
0
0.2
2.31
3.52
0
12.07
26.05
8.78
5.63
3.88
0
1.17
6.73
3.55
3.77
4.38
1.81
0.44
0.01
0
0
0.01
0.01
0
0
0.06
0
2.13
1.23
0.3
0.33
0.63
0
0
0
0.05
0.05
2.75
10.34
5.84
0.47
0
0
0
0
0
0
0
0.46
0.16
0
0
0
0
0
0
2.56
1.65
0
0
0
0
0
0.02
0
0
0
0
0.05
7.86
9.02
5.67
8.29
7.63
0.29
0
0
0.07
1.47
0
0.22
2.78
0.16
0.02
0
1.86
0.05
0.01
0
0
0
0
0.15
0.01
0
0.01
0.02
0.34
0
0.12
0.88
0
1.79
3.86
1.47
1.33
0
0
0.77
2.62
10.36
3.68
0.19
0.95
0
3.35
5.64
1.81
5.14
1.38
0
0
0
0
0
0.32
4.72
12.29
10.82
1.83
2.02
0
2.07
0.45
9.4
1.35
0
0.13
0.01
0
0
0
0.01
0
0
0
0
0
0
0
0.14
0
0
0
0
0
0.02
0.81
0.15
1.48
4.09
5.63
1.87
1.52
2.05
0.01
0
0.36
0.03
0
2.62
0
0
0.01
0.6
4.33
6.61
3.95
0
0
0.24
0
0.35
0
0.01
10.13
0
0.92
0
0
0
0.44
0
0
1.61
0
0.09
3.79
4.07
0
0
0.17
0
0
0.19
1.26
0.66
0.03
0
0
2.39
0
0.04
0
0.56
0
0
0
3.64
4.12
16.47
0
0
0
1.43
0
0
0
0
0
0.18
0
0
0.84
7.33
11.06
3.55
0
0
0
0
0
0
0
0
0.02
0.01
0
1.34
2.68
0
2.63
10.99
0
0
0
0
0
0.02
2.73
12.9
21.13
14.57
6.64
1.06
0
1.91
14.34
0
0
2.71
2.63
0
0.38
4.94
1.64
0
0
0
0.02
0
0
0
0.02
1.55
1.73
11.03
0.09
1.38
0.02
0
0
5.57
11.86
9
0
0.02
0.02
0
0
0
0
0
0
0.54
3.37
14.39
24.85
18.61
18.22
2.23
5.22
5.38
9.5
4.33
0.21
0.16
1.61
0
0.02
0
0
0.05
1.02
0
0
0
0
0
0
0
0
2.48
5.04
0.2
1.53
14.93
4.19
3.96
6.74
11.73
2.56
7.18
2.32
2.1
0.03
0.11
0.07
0
0.07
0.02
0
0.01
0
6.04
0.25
0
0
0
0
0
0
0
0
0
0
0
0.29
0
0
0
0
0.3
0
0
0.59
1.44
3.34
13.36
3.64
0.71
0.19
0
0
0
0
0
0
0
0
0
0
0.05
1.21
0.05
0
0
0
0
0
0
0.41
10.91
7.84
6.05
3.31
9.61
27.48
1.75
6.13
2.89
10.41
27.32
21.07
10.23
4.77
0
0
0
0
0
0
0.02
0.91
1.18
0.57
0.94
0
5.6
10.94
5.63
1.56
3.11
0.02
0.43
3.11
6.57
2.66
8.21
0.74
0.57
6.17
2.63
7.29
1.99
0
0
0
0
0
0
0
0
0
0
0
0
0
0.02
0
0
0
0.28
2.22
2.36
23.17
13.7
12.63
5.39
7.25
40.88
26.98
1.14
0.01
0.03
0.36
0
0
0
0
0
0.02
0
0
0
0.11
4.59
0.17
0
0.73
0
0
0.03
0
0
0
0.05
0.01
0
13.43
3.98
1.64
2.18
0.48
8.78
0
0.09
0
0
0
0
0
0
0
0
0
0.01
0
0
0.02
0
0
0.2
0
0
0.03
8.61
22.26
0.3
0
0
0
0
0
0.01
0.44
8.42
0
0
0
0
0
0
17.06
9.2
0
0
0
0
0
0
0
0
0
0.32
0.04
0
0.11
0
0
0
0
0
0
0.88
0
0
0
0
0
0
0.18
0
0
0
0.04
0
0
0
0
0
0
0
0
1.18
0.08
0
2.3
11.98
10.63
1.56
30.11
15.95
1.81
0
0
0
0
0
0
0
0
0.49
0
0
0
0
2.64
7.17
1.8
0
0.88
3.9
4.38
0.82
0
0
0
0
0.05
4.3
0.05
0.02
0
0
0
0
0
0.79
6.58
0.16
0.09
0.16
0
0
0.35
1.61
5.58
2.78
0
0.2
0.74
0.02
0
0.03
0.66
0.41
0
2.09
5.42
0.7
0
0
0.08
0
0.01
0.06
0.02
0.02
0.02
0
0
0
0
0
0
0
0.05
0
0
0
0
0
0
0
0
0
0
0
0
0.34
0.16
0
0
1.52
1.55
1.1
5.41
4.93
8.89
5.04
3.14
0.34
0
0
0.01
0
0
0.5
0.99
0.45
0
0
0
0.2
1.71
0
0
0.43
0.93
0
0
0.11
3.05
3.91
1.14
0.74
0
0
0
0
0
0.01
0
0.83
1.26
0.13
0.66
0.73
1.15
0.53
0.07
0
0
0.11
5.88
12.43
14.55
13.5
0.34
0
2.11
0.27
0
0
0
0
0
0
0
0
0
0
0.33
2.41
3.35
0
0
0.16
1.02
0.59
0
0
0
0.23
0.15
0
0.05
0.13
0.1
0.68
3.9
3.11
1.95
5.62
0.21
0
0.38
0
0.7
4.79
0.54
0
0
0.05
0.09
3.4
0.57
0
0
0.83
0
0.07
0
0
0.57
5.59
7.8
1.94
0
0
0
0.94
0.47
2.18
2.13
4.64
4.66
5.87
15.63
6.18
11.7
10.81
1.13
13.45
2.34
0
3.26
10.2
5.17
4.18
1.78
0.02
0.82
1.09
0
0
0
0.04
0
0.66
0
0.06
0
1.19
3.23
7.19
7.37
4.94
8.09
1.98
3.05
4.52
8.36
4.45
0.07
0.18
0
0
4.78
23.41
3.09
0
0
3.05
10.66
1.78
2.3
7.06
8.13
8.55
0.26
0.72
6.04
12.86
0.02
0.01
0
0.02
0.01
0
0
0.01
0
0
0.04
0.45
0.37
0
0.01
0.04
0
0
0
0
0
0.01
0
0
0
0
0
0
0
0
0
0
0
0
0
0
0
0.01
0
0.45
0.83
0
0.08
0.11
0.03
0
0
0
0.03
0
0
1.2
0
0
0
0
0
0
0
0
0.01
0
0
0
0.14
0
7.04
0.86
1.67
1.37
0.03
0
0.02
0.02
0
1.08
0.46
0.26
0.9
0
0
0
0.03
0
2.21
11.54
4.55
10.57
10.64
0.84
0
0
0
0.01
0
0
0
0
6.79
14.8
40.72
6.03
0
0
0
0
0
0
0.38
3.33
2.34
5.26
6.58
7.3
0.12
0
2.13
5.56
1.09
0
0.01
0
0
0
0.04
0
0
0.34
0
0.38
2.41
0.75
0.99
2.41
4.91
10.57
3.34
6.48
0.07
0
0.01
0
0
0.01
0.01
0
0
0
0
0
0.01
0.9
0.44
0.1
0.02
0
0.03
0
0.01
0
0.23
0
0
0
0.21
0.01
0
0
0.4
8.34
13.54
5.78
0.27
0
0.25
0
0
0
0.09
0.01
0
2.09
6.66
1.71
0.77
0
0
0.01
0.01
0.01
0.13
0.68
0.57
0.02
0.51
0
0.01
0.01
0
0.07
0.32
0.92
0
0
0.02
0
0
0
0
0
0
0
3.87
2.78
1.11
2.31
2.11
4.9
12.46
14.78
0.86
0.46
0
0
0
0
0
0
0
0.83
1.41
4.14
4.13
3.27
6.83
1.06
0
0
0
0
0
0
0
1.1
0.3
0.63
0.54
0
0
0
0
0.91
0.25
0
0
0
0.12
2.24
0.61
2.95
0.78
1.13
0
0
0
0.88
3.37
0.88
3.16
0
0.69
0
2.59
16.51
4.03
5.91
2.23
5.49
10.2
4.45
7.52
0.52
6.06
7.04
6.2
2.04
3.58
0.48
0.07
0
0
0
0.74
5.33
3.67
0
0.04
0
0
0.01
0.53
0.21
0.01
0
0
0
0
0.3
0
0
0
0.02
0
0
0
0
0
0
0.5
6.18
6.05
1.86
8.63
16.42
0.77
0.01
0
0
0
0
0
0.98
0
0
0
0
0.15
0.01
0.01
0
0
0.01
0.13
0.38
0
0
0.09
0
0
3.92
6.22
0
0
0
0
0
0
1.33
24.63
32.87
16.64
0
1.02
0.53
1.1
0.57
3.16
3.52
0
0.24
1.54
0.63
2.24
0
0
0
0.15
0.22
0
0.02
0
0
0
0.02
0
0
0.02
0
0
0
0
0
0
0
0
0
0
0
0
0
0
0
0
0.36
4.36
0.29
0.03
0.32
0.28
0
0
0
0
0
0
0.01
0
0.02
0
0
0
0
1.01
2.45
0
0
0
0
0
0.01
0
0.19
0.49
0
0.19
0.02
0.01
0
0
1.93
2.41
0.03
0.88
0.76
4.7
1.72
0.35
1.05
0
0
0
0.01
0
0
0
0
0
0
0
0.01
0
0
1.71
8.07
0.32
0
4.36
1.01
3.76
5.12
0.27
0
0.09
0
0.07
0
0
0.01
0
0
0
0
0
0
0
0
0
0
0.01
1.47
0.16
0.12
0.25
0.89
2.62
0.1
0
0.01
0
0
0
0
0
0.02
0
0
0.96
0.81
0.27
0
0
0.6
0.14
0
0
0
0
0
0.06
1.61
0
2.58
0.86
0.27
1.23
5.87
7.66
20.77
13.75
10.61
4.21
2.95
4.19
1.99
1.36
1.86
5.42
18
7.75
12.4
6.81
10.04
23.92
13.4
8.61
9.86
6.75
1.58
0.64
2.2
0.55
0.25
0
0.02
0
0.01
0.2
0
0
0.01
0
0
0
0.42
6.29
3.17
2.07
0.24
1
10.16
6.11
0
0
0.34
0.34
5.83
0.75
3.11
0.26
0.04
0
0
0.44
0.36
0
0
0.1
0.47
2.55
4.77
2.82
0.45
0
2.08
0.21
0
0.7
0.57
0
0
0.01
0.02
0
0
0
0
0
0
0
0
0
0.38
0
0
0.35
2.82
7.94
23.11
2.34
5.61
4.83
0.19
11.83
13.32
6.68
11.12
4.55
0
0
0.01
0
1.1
0.41
0.42
11.46
8.23
1.27
6.64
2.36
0.72
0
0
0.59
0.62
0
0
0
0.67
1.03
3.39
0.39
1.79
2.05
0.68
0
0
0.52
1.2
8.57
4.25
5.8
2.84
0
0.05
0
0.89
2.05
1.54
5.05
1.15
0
0.01
2.81
0.3
3.95
0
0
1.82
1.23
2.47
3.07
10.91
10.76
0.41
0.8
1.53
0.57
0.32
0
0
0
0
11.93
1.8
8.52
7.8
1.14
1.79
0
1.02
0.06
1.03
7.74
12.18
0
0.27
0.01
0
0
1.86
7.79
8.29
9.07
2.48
0
0
0
0
0.92
8.4
5.02
0
0
0
0
0.01
0
0
0
0.01
1.14
1.07
0.5
0.07
0
0
0
0
0
0
0
0
0.79
0
0.01
1.6
0.2
0.36
2.36
12.15
0.12
0
0.56
5.08
9.41
0.96
0
1.19
0.45
0
0
0
0
2.31
0
0
0
0
1.87
4.58
8.61
3.83
2.87
1.24
0.88
0
0.06
0.01
0
0
0
0
0
0.01
0
0
0
0
0.03
0
0
0.53
3.32
0
4.2
4.19
3.81
0.2
2.16
3.25
4.9
16.83
10.28
1.19
0
0
0.33
0.52
1.13
7.39
2.96
0
0
0
2.91
0
1.52
1.18
4.84
4.59
2.02
6.2
2.75
1.34
0
9.18
13.72
11.41
1.14
0
1.39
2.13
18.32
1.88
0.1
0.04
2.01
3.39
0
0
0
0
0.05
5.3
11.26
5.69
5.67
9.98
0.87
0
0
0.07
0
2.28
7.57
5.89
5.22
2.29
0
0.24
1.35
1.86
0
0
0.03
0
0
0
0
0
5.78
1.61
1.54
5.66
5.98
13.14
4.7
2.05
5.84
15.39
3.54
0
0
0
2.11
8.21
3.36
1.72
14.91
21.05
0
2.04
0.89
0.31
2.45
6.8
7.22
8.9
16.38
9.68
5.82
0.09
0.05
1.23
3.95
0.8
0
1.63
0.25
0
0
3.73
4.39
2.4
5.24
4.97
5.03
0.17
0.64
1.29
0.46
1.18
0.49
0.73
0
0
0
0
0.09
5.05
8.69
6.1
3.12
2.03
1.87
0.32
0
0.46
4.2
1.39
0.35
2.66
2.95
4.69
10.58
18.98
20.75
14.21
6.12
4.45
0.8
0.23
0.01
0.61
0.1
3.56
9.19
8.42
0.12
0.27
2.88
9.31
5.9
3.95
6.96
7.32
3.5
9.86
8.04
4.87
3.31
3.34
9.86
4.91
0
0.78
0.59
0.04
0
0.9
0
0.01
0
0
0
0
2.37
2.63
6.71
3.68
1.41
1.35
5
7.01
9.07
4.08
0
0
0
0
0.05
0
0.22
3.51
7.39
7.18
5.36
2.99
1.79
0.73
2.52
0
0
1.6
0.23
0.1
1.36
0.07
0.16
0.2
0.05
0
0
0
0
0.01
0
0.01
0
0
0.03
0.02
0
0
0
0
0.09
0.1
0.38
0.04
1.12
0.56
12.72
0.17
0.5
0
0.02
0.05
0.25
0
0
0
0
0
0.07
0.61
5.3
6.06
14.62
3.69
0.05
1.09
0
1.78
0
0
0
0.45
3.71
0
0.13
4.74
32.7
4.63
0.22
2.11
5.33
4.6
7.69
1.07
1.57
0.58
0.01
0
4.2
0.45
0.37
0.38
0
0.03
0.02
0
0
0.01
0
0.04
0
0
0
0.17
0.44
1
0
0.13
1.36
0
0
0
0
0.01
0
0
0
0
0
0.74
0.42
1.85
0.44
0.57
0.02
0
0.48
0.49
0.03
0
0.02
0.02
0
6.58
8.37
6.73
0.57
0.02
0
0
0
0
0
0
0
0
0.14
0
0.1
0.01
0
0
0.03
0
2.15
2.74
0
0.01
0
0
0
0
0.01
0
0
0
0.04
0
0
0.33
0
0.02
0.14
0
0
0
0
0
0
0
0.02
0.11
1.61
4.95
1.7
4.63
2.06
0
0
1.14
1.78
0.43
0.48
2.48
2.38
0
0.03
5.32
3.15
4.6
19.4
13.09
17.86
15.71
1.49
2.27
0.73
1.27
0
0.42
9.15
13.27
1.86
0.25
0.56
0.13
2.99
13.35
6.76
9.43
15.48
15.71
7.79
2.27
2.41
14.55
23.51
7.57
8.62
1.05
3.77
1.09
4.89
8.98
2.1
0
0.02
0
0.92
4.07
3.73
1.94
0.02
0.05
0.63
0.01
0
0.13
0
0.38
13.54
3.79
0.56
0
0.02
0.04
0
0.32
0
0
2.63
1.3
0.42
1.97
7
5.87
13.14
0.91
0.14
0.27
0.07
1.74
2.61
2.1
1.28
0
0.07
0.26
1.06
1.2
0
0
0.59
0.69
1.96
1.93
6.72
2.84
1.66
0.36
6.24
1.9
1.71
4.82
1.91
0.66
0.22
0.37
0.1
0.9
3.16
0.02
0
0.01
0.02
0.14
0.01
0
0.18
2.8
0.79
7.52
4.5
1.82
2.93
1.39
0.85
0
0.35
0.39
0.16
1.1
0.06
0
0.01
0.09
0
0
0
0.14
0
0
0
0
0.13
0
0
0
0.05
0.83
3.48
1.42
0
0.02
0.3
0.9
0.16
0
0.04
0
0
0
0
0
0
0
0
0
0
0
0
0
0
0
0
0
0
0.56
2.87
1.89
0.06
2.28
0.5
0
0
0.05
0
0
0
0
0
0
0
0.01
0.12
2.32
9.16
7.71
4.67
4.36
3.02
0.03
0
0
0
0.68
10.04
3.28
2.02
0
0.81
2.6
11.81
2.82
0.15
0.23
0.18
3.76
6.85
1.13
0
0
0
0
1.14
4.16
0.42
0
0
0
0
0
0
0
0
0.15
0
0
0
0
0
0
0.52
1
0.83
0.06
2.74
4.9
6.07
12.29
14.36
5.27
1.62
0.72
0.16
0
1.07
2.03
0.08
0.01
0
0.09
0
0.58
0.01
0.01
0.59
0
0.59
0.19
0
0.66
1.71
0.38
0
2.45
8.29
1.53
0.3
1.88
0
0
0.28
0
0
0.02
0.04
0
0
0
0
0.03
0
0
0
0
0
0
0
0.01
0.01
0.01
0
0.4
0
0.01
1.52
0.98
0.45
0
2.62
8.66
7.4
0.78
5.25
0
0.08
0
0
0.02
0
0
0
0.24
0
0.63
1.3
0
0
0
0
0.05
0
0
0
0
0
0.01
0.02
0
0
0
0
0
1.2
5.57
10.54
5.31
0
0.02
0
0
0
1.09
0.06
0
0
0
0
0
4.92
31.04
5.66
0.57
0
0
0
0
0
0
3.39
18.83
10.35
2.82
0.34
0
2.2
0.01
1.38
8.09
2.25
0
0
0
0
0
0.21
11.45
15.27
1.51
0
0
0
0
0
0.02
0
0.01
0.01
0.21
0.08
1.13
4.61
2.11
1.08
0.24
0.36
0.08
0.01
0.02
0.04
0.04
0.19
1.23
3.67
7.46
2.7
1.44
1.08
8.58
8.49
6.41
0.81
4.9
18.25
17.21
13.77
6.36
6.65
19.69
7.51
9.15
38.46
2.48
0
0
0.25
0.94
0.18
0.14
0
0
0
0.67
0.4
0.02
0
0
0
0
0
1.11
1.05
0.01
0
0.71
2.55
2.46
4.59
11.57
5.37
1.47
0.04
1.37
6.23
7.46
1.08
11.34
4.68
1.95
0.54
0
0.74
0.02
1.32
1.16
1.47
2.61
1.2
5.36
1.91
0.91
10.25
10.46
0.73
0
0
0
0
0.02
0.02
0
0.01
0
0
0
0
0
0
0.02
0
0.01
0.31
2.42
2.26
0.02
0
0
0
0
0
0
0.03
0
0
0
0
0
0
0.53
7.11
6.87
5.01
10.94
1.19
1.41
7.74
7.88
3.54
2.45
0.82
5.45
9.43
3.67
2.64
1.33
0.72
0.12
0
0
0
0.22
0.18
2.31
0.41
0
0.01
0.64
7.25
5.85
0.1
0.05
0.43
0.08
0
0
0
0
1.2
0
0
0.02
0
0
0
0
0.13
1.19
5.41
0
0.16
5.79
8.06
2.13
0.42
0.46
1.02
0.63
3.89
9.79
3.59
3.36
2.5
0.91
2.52
5.97
3.07
0.26
0.15
0
0
0
0.01
0.01
0
0
1.74
1.74
0.9
0.19
0.04
0
0
4.17
2.74
0
0.01
0.02
0
4.88
17.8
14.26
3.58
1.23
5.4
10.4
1.87
1.05
1.13
0.76
2.04
0.04
0.6
0
0
0.01
0
0
5.76
9.16
0.52
0.01
0.05
0.05
0.05
0.03
0
0
0
0.35
0
2.99
2.3
6.09
0.47
0
0
0
0.03
0
0
0
0
0
0
0
0
0
0
0
0
0
0
0
0
0.17
0
0
0
0
0
0
0
0.02
0.12
0
0
0.03
1.11
0.06
0.04
0
0
0
0
0
0.02
0.01
0
0
0
0
0.02
0
0
0
0
0
0
0
0.01
0
0
0
0
0.01
0
0
0
0
0
0
0
0
0
0
0
0.09
0.03
0
0
0.06
0
0.88
0.18
0.06
3.01
1.62
0.88
0
0.93
0
3.22
14.34
5.13
1.15
1.39
0.64
0.01
0
0
1.38
0.09
0.05
0
0.01
0
0.14
0.4
0.57
1.82
9.4
10.22
4.93
1.82
1.9
1.19
0
1.67
2.41
0
0.09
0.18
1.95
8.5
4.5
0.18
0
0
0
0
0
5.27
5.12
2.97
5.71
0.16
0.23
0.73
1.22
2.58
1.62
1.22
0.7
0.89
0
0.75
1.73
1.25
2.85
2.6
1.12
0
0
0
0
0
0.01
0
0.01
0
0.22
0.09
0.16
0.04
0.18
0.14
0.32
0.02
0.16
0.72
0.2
1.14
0
0.19
0
0.09
0.25
0.03
0
0
0
0.14
0.2
1.81
1.9
14.43
20.11
15.93
9.88
1.73
7.29
10.2
1.3
2.86
7.77
9.48
2.23
3.51
4.95
5.72
0
0.71
2.42
1.73
0
1.75
5.07
2.03
1.78
2.65
0.45
0.32
0
0
0.01
0
0
0
0
0.02
2.43
2.39
1.32
1.58
1.61
2.51
5.47
2.73
6.78
11.61
9.48
4.46
0.42
2.29
9.15
14.68
6.29
0.89
1.67
4.13
0.98
0
0.34
1.49
0.59
0.14
0.82
0.52
0.59
0.67
0.42
0.82
0
0
0
0.18
0.63
1.63
4.57
2.27
3.24
0.31
0.14
0.41
2.45
0
0.01
0.23
0
0
0.11
0
0.07
0.02
0
0
0
0.51
0
0
0
0
0.87
1.85
0.22
0
1.89
23.98
27.05
11.33
4.89
9.64
7.66
1.94
0
0.88
7.67
4.05
0.02
0
0
0
0
0
0
0.78
0
0.66
1.28
0
0
0.02
0
0
0.34
0.16
0
0.03
0.09
0
0
0
0
0
0
0
0
0
0
0.01
0.03
0.2
0
1.16
0.98
0.8
1.45
0.01
0.74
1.63
0.82
2.14
4.69
5.66
8.61
2.49
0.21
0
0.07
0.58
0
0.02
0
0
0.03
0
0
0
0
0
0
0.34
0
2.66
2.34
2.29
8.5
11.02
4.03
4.05
0.95
0.01
0
0
0
0
0
0
0
0.02
0.11
0
0
0
0
0
0.03
0.03
0
0.21
0.5
0
0.27
0.16
0.66
7.18
5.36
5.53
2.68
2.03
2.73
0.92
4.04
1.82
0
0
0
0
0
0.01
0
0
0.02
0.02
0.17
0
0.01
0
0.02
0
0
0
0
0
0
0
0
0
0.2
0.32
3.07
0
0
0.81
0.31
5.66
3.62
0.48
0.18
0
0.46
0.32
0.13
0.71
0.7
4.73
4.61
5.56
10.52
0.35
1.72
0
0.32
0.09
0.09
6.42
0.94
0.08
0
0
0
0
0
0
0
0
0.05
0.15
0
0
0
0
0.01
0
0
0
0
0
0
0
0
0
0
0
0
0
0
0
0.1
0.13
0.01
4.69
11.92
9.27
7.73
18.47
5.84
9.17
10.17
3.54
2.85
7.2
4.51
2.76
5.36
20.29
31.41
14.56
9.7
4.07
0.48
0.6
0.6
0.14
0
0.67
0.63
1.12
4.76
3.73
1.36
1.25
3.75
0.77
3.93
6.3
4.4
3.59
1.2
4.2
3.65
1.25
1.49
7.71
2.22
0.36
2.5
5.44
2.55
0.57
3.63
2.89
1.25
0
0.02
0
0.19
0.33
0.4
0.04
0.32
1.47
0.76
0.17
0.32
0.5
0.01
0
0
0
0
0
0
0
0
0.28
0.81
1.05
1.09
0
0.02
0
0.01
0.02
0
0
0
0.02
0.01
0
0
0
0
0
0
0
0
0
0
0
0
0
0.03
0
0
0
0.45
0.37
2.25
15.41
9.2
11.69
7.97
15.22
2.33
0
0.73
5.54
23.14
24.23
5.95
1.62
2.4
1.27
0
0
0.94
0.65
0.24
0.18
1.21
0.63
0
2.8
3.83
4.81
2.27
2.42
2.61
0.52
0.02
0
0
0.59
2.17
0.75
0.41
0.23
1.82
0.43
0.3
0.05
2.73
7.66
1.37
5.28
1.14
1.59
2.86
2.11
0.3
1.62
1.77
0.93
0.09
0.39
0.59
0.04
0
0
1.31
13.63
8.58
4.86
0.94
0
0
0
0
0.01
0.01
0
0.02
0.02
0
0
0
0
0
0
0
0
0
0
0.1
0.01
0
0
0
0.05
0.07
0.13
0
0
0
8.38
2.93
0.93
0.32
0
0
0
0
0.09
0.64
2.17
7.75
5.47
0
0
2.7
0.71
0
0
0
0
0.01
0.01
0
0
0
0
0.09
0
3.48
12.96
3.53
21.43
6.27
0.76
0
7.3
2.31
0
0
0.02
0
0.74
0.93
0.01
0
1.07
0
0
0
0
0
0
0
0
0
0.02
2.28
0.09
0
1.11
0.05
0
0.87
0.36
1.5
0.25
0.05
0.06
0
0.37
0.2
0
0
0
0.11
1.48
3.1
0
0.04
0
0
0
2.92
0
0
0.02
0.02
0
0
0
0
0
0.02
0
0
0
0
0
0
0.02
0.68
0.06
0
0
0
0.06
0
0
0
0
0
0
0.06
0
0.16
0.04
0
0
0
0
0.01
0
0
0
0
0
0
0.06
0.77
0.57
2.89
9.71
1.59
0.74
0
0
0.05
0
0.06
0
0
1.15
3.63
1.88
0.22
5.24
2.06
0.05
0
0
0
0
0
0.71
0.95
0
0
0
0
0
0
0
0
0
0
0
1.55
10.13
21.05
0
0
0
0.02
0
0.28
0.01
0
0
0
0
0
0
0
0
0
0
0
0
0
0.01
0.22
2.84
0.02
0
0.71
0
0.04
0
0
0
0
0.02
0.15
1.48
0.28
0
0
1.7
0.78
2.6
7.02
0.44
0.32
2.19
2.91
1.29
4.72
0.87
0.22
0.28
4.23
0.84
0.11
0
0.07
8.11
1.67
0.23
0
0
0
0
1.73
1.09
0.52
0.41
0.42
0.24
0.55
0
0.47
0.6
2.51
1.34
0.16
0.32
0
0.05
0
0.14
1.91
13.28
3.15
6.54
10.07
0.63
0.22
0.15
0
0
0
0
0.02
0.01
0
0.28
0.56
0.85
0.12
0.29
0.56
0.15
0.28
3.41
0.84
2.45
14.94
10.98
3.8
2.36
9.98
1.56
0.39
11.48
14.26
6.87
1.41
3.92
0.91
0
0.01
0
0.77
8
11.25
13.76
5.13
7.49
3.27
1.13
1.25
0.19
0
0.19
0
0
0
0
0
0
0
0
0
0
0
5.23
3.41
0
5.91
5.02
0
0
0.43
0
0
0
0
0.05
0
0
0
0
0
0.01
0
0
0
0
0
0
0
0
0
0
0
0.07
1.06
0
0
0
0
0
0
0
0.05
0.07
0
0
0.01
0.17
0
10.41
8.08
0
0.13
0
0
0
0.05
0
1.17
0
0
3.91
0.24
0
0.2
0.3
0
0
0.03
0.41
0.05
0
0
0
0
0
0
0
0
0
0.01
0
0
0
0
0
0
0.19
0
0.03
0.21
0
0.7
2.46
0
0.02
0
0
0
0
0
0
0
0
0
0
0
0
0
0
0
0
0
0
0
0
0
0
0
0.01
1.47
0.45
0
0
0
0
0
0
0
0.19
0
0.01
0
0
0
0
0
0
0
0
0
4.8
2.14
2.45
1.89
0.7
0
0.02
0
0
0
0.27
0.27
0
0
1.75
0
0
0
0
0
0
0
0
0
0.02
0
0
0
0
0
0
0
0
0.02
0
0.01
0
0
29.3
14.26
8.76
3.13
5.31
14.07
0.64
0
0.05
0
15.38
5.86
2.65
1.05
30.39
8.25
6.06
0
0.03
0
0.53
0.09
0.49
3.63
4.29
5.84
1.22
0.61
0
0
6.96
5.83
0
1.55
7.3
4.64
0
0
0
0
2.44
20.76
29.58
6.66
0
1.18
0.09
1.91
1.78
1.79
0
0.7
0.5
8.97
4.95
5.22
0.7
6.68
0.91
0.07
0.09
0.44
0
0.5
0.07
1.2
1.3
0.02
1.62
3.43
1.63
0.04
0
0
19.88
5.24
0.16
0
0
0
0
0.14
5.51
1.33
0.51
0
0.09
1.06
0
0.64
1.76
1.02
1.16
11.85
3.82
2.41
0.89
0
0
0.36
0
0.81
0.78
0.51
0.82
1.23
2.87
1.06
0.89
2.66
6.67
1.09
5.42
4.61
8.89
5.14
11.61
20.21
22.75
4.74
3.7
2.41
2.84
3.25
0.36
0.14
0.35
2.52
0.57
0.01
0.65
0.95
0.2
0.01
0
0
0
0
0
6.05
2.76
12.77
5.82
2.37
10.45
3.21
0
2.47
4.21
8.53
4.77
0.55
0
0
0
0.71
15.72
1.96
0
0
0.35
0.03
0
0.01
0.01
0
0
0.02
0
0
0
0.01
0
0
0
0
0
0.03
0
0.01
0
0
0
0.01
0
0.02
0
0
4.46
8.17
0.54
0
0.36
0.53
0.59
0.6
7.38
2.88
3.03
3.72
4.94
1.38
14.16
11.99
3.9
0
0
0.55
0
0
0.01
2.25
0.93
0.27
0.02
2.45
0.2
0.2
0.08
0.28
0.7
3.16
0
0.06
0
0
0.55
0
1.71
3.34
5.86
0
0
0.63
1.37
3.02
3.67
0
0
0
0
0.7
0
3.22
1.69
0.06
0.09
8.54
3.24
2.48
1.38
7.8
4.5
13.96
0
0
1.04
16.34
2.31
0
0.56
0.46
3.33
2.09
0
0
0
0
0.1
0
0.16
0
0
0
0
0
0
0
0
0
0.11
4.35
0.93
0
0
0.06
0
0
0
0.02
0.01
0
0.3
0.14
0
0.02
0.04
0
0
0
0
0
0
0
0
0.23
0.91
0
0
0
0
0
0
0.05
0
0
0
0
0
0
0.01
0
0
0
0.08
0
0
0
0
0
0.02
0
0
0
0
0
0
0
0.41
0
0
0
0
0
0
0
0
0
0
0
0
0
0
0.98
1.77
8.1
3.5
0.01
0
0
0
0
0
0
0.04
0.1
0.42
0.91
19.55
18.07
3.57
0.05
1.46
1.98
9.17
10.53
0
0.5
5.36
5.95
3.37
0
0.05
0
11.34
11.9
3.77
0.25
0.57
4
0.07
1.92
0.73
0.11
0
14.46
4.24
0
0.09
0
0
0.14
0
0
2.27
0.24
2.24
12.79
10.71
8.88
11.79
2.05
0.3
0
0.02
0.01
0
0
0
0.49
0.01
0.24
0
0
0
0.12
0.04
0
0
0
0.07
0
0.11
2.5
0
0
0.02
0.02
0.02
0
0
0
0
0
0
0
0.01
0
0
0
0
0.01
0
0
0
0
0
0
0
0
0
0
0
0.05
0
0
0.15
0
0.22
0.23
0.12
1.58
12.57
13.13
2.5
0.08
0
0.55
0.52
0.01
0.01
0.25
3.63
2.39
8.8
0.52
2.31
0.18
0.12
0.32
0
0.01
0.14
0
0
0
0
0
0
0
0.84
0.16
0
0
0.21
2.82
0.18
3.52
5.58
9.27
15.02
11.66
1.2
0.02
0.36
0
0
0
0.9
2.14
0.21
0.11
0
0
0
0.05
0
0
0
0
13.36
3.58
0
0
0
0
0
0
0
0
0
0
0
0
0
0
0
0
0
0.5
7.57
0.92
0
0
0
0
0
0
0.04
0
2.43
7.74
4.11
1.16
0.15
2.67
1.8
4.66
2.68
3.54
3.46
0
1.64
0
0.63
0
0.31
0.16
0.02
0
0
0.82
0
0.25
3.07
0.11
0
0.36
4.88
0.73
0.38
2.83
4.73
2.93
3.16
0
1.45
0.36
1.02
4.05
0.96
0.32
0
0.02
0.11
0
0
0
0
0
0
0
0
0
0
0
0
0.78
3.82
3.4
10.51
1.54
0
0.04
0
0.16
0.05
0
0
0
0.23
0.04
0
0.53
0.02
0
0
0
0
0
0
0.01
0
0
0.11
0
0
0
0
0
0
0
0
0
0
2.7
0
1.41
0
0
0
0
0
0.03
0
0
0
0
0
0
0
0.02
0
0
0.01
0
0
0
0.07
1.12
0
0.13
0
0.94
0.16
0
0
0
0
0
0.01
0
0
0
0
0
0.56
0
0
0.02
0
0.09
0.15
0.04
0
0.02
0.07
0.16
4.74
1.06
0.07
0
0.02
0
0
0.02
0
0.01
0
0.02
0
0
0
0
0
0
0.06
0
0
0.03
0
0
0
0
0
0
0
0
0
0
0
0
0
0
0
0
0.03
0
0
4.1
0
0
0
0.01
0
0
0.27
4.59
0.61
7.86
0
0.08
0.02
0
0.01
0
0
0.11
0
4.98
1.08
4.34
0
0.02
10.64
11.38
0.2
0.28
0
0
0.66
7.65
20.89
25.71
22.15
6.4
0.01
1.04
1.03
0
0.16
3.46
5.7
6.08
0
0
0
0.23
0
0
0.01
0
0
0
0.1
0.49
0.24
0.05
0.01
0
0
0
0
0
0
0
0.2
0.01
0.01
0
0
1.28
0
0
0
0
0.13
0
0
0.01
0
0
0.01
0
0
0
0
0
0
0
0
0
0
0.01
0
0
0
0
0
0
0
0
0
0
0
0.02
0.78
0.63
0.07
0
0
0
0
0
4.09
2.13
3.24
8.13
0
0.89
4.46
2.55
9.36
10.45
2.86
0.34
0.93
4.73
3.14
5.64
13.41
5.18
1.77
4.51
6
2.7
1.07
2.63
3.17
7.59
1.08
0.59
3.13
1.33
0
0
10.01
1.05
0.66
0
0.03
0
0
0
0.38
0
0
5.29
5.49
0.43
0
0
0.77
14.57
4.09
0.41
4.39
12.27
2.27
0.67
0.02
0
0.02
0
2.55
0
0
0.01
0.34
1.01
0.74
5.48
16.29
0.22
0.32
0.49
0
0
0
4.12
8.3
15.63
0
0.07
0
0.2
0.05
1.8
2.06
0
0
0
0.13
6.32
11.57
0
0.85
3.95
0.92
0
0
0
0.02
0
0
0
0.08
0.25
4.17
0.45
0.07
0
0.16
5.83
0.73
1.09
1.79
0.85
0
0
0
0
1.52
0.05
1.3
0
0.02
0.1
0.01
0
0
0
0
0
6.05
0.07
0.02
1.92
4.91
0.94
0
0.02
0
0
0
0
0
0
0
0
0
0
0.01
0
0
0
0
0.01
0.25
7.48
0.05
0
0
0
0
0
0
0
0
0
0
0
0
0
0
0
0
0.02
0.96
0
0
0
0
0
0
2.2
4.61
0
0
0.04
0
0
0
0
0
0
0
0
0
0.6
0.04
5.58
0.08
0
0
0
0
0.01
3.42
3.89
0.25
0
0.12
1.48
1.55
0
0
0
0
0
0
0
0
0.02
0.28
0.64
2.35
2
1.55
5.38
2.3
0
0
0
0
0
0
0
0
0
0
0
0
0
0
0
0
0
0
0
0
0
0
0
0
0
0
0
0
0
0
0
0
0
0
0.1
0
0.08
0
0
0
0
0.45
7.1
9.16
7.11
1.95
0.59
8.16
1.71
9.5
4.05
0.05
0.25
0.13
0
3.73
2.66
9.57
1.19
0
0
0
0.05
0.02
0.58
0.61
0
0.07
0
6.26
5.34
2.51
1.28
2.04
7.66
0
0.01
0.16
2.17
7.25
0.02
0.05
0.79
0
0
12.57
1.71
2.61
2.45
5.5
3.2
0
1.43
0.79
1.23
0
0.33
0.02
0.22
0.31
0
0
0
0
0
0.32
0
0.24
0.12
1.93
1.09
0
5.35
3.3
4.48
5.21
8.19
4.13
5.06
0.52
1.13
0.45
0
0.64
0.02
0.05
0.05
0
0
0
0.02
0.18
2.26
1.78
0.53
0
4.24
3.77
0
0
0
0
0
0.09
0.12
0
0.02
1.78
1.9
2.32
0.5
6.11
13.25
5.42
1.66
13.97
18.38
5.64
1.3
1.06
0.65
7.09
13.26
3.56
6.04
1.98
3.12
1.87
0.73
1.85
0.57
2.63
0.33
0
14.84
24.69
9.14
4.09
17.16
6.74
1.22
0
0.09
4.23
2.06
0
0
0.04
0.04
0.04
0
0
0
0.02
1.7
6.75
3.74
0.41
0
0.54
3.29
0.69
0.09
0
0
0
0
0
0
0.14
0.13
0.05
0.02
0.02
0.1
0.18
0
2.44
15.2
8.22
25.6
18.57
1.32
0.42
3.19
4.25
7.18
2.45
0.85
1.22
1.41
6.07
1.07
1.19
0.42
0
0.05
0
0.02
0
2.07
5.83
0
0
0.01
1.23
0.13
2.39
2.93
1.14
8.45
10.4
0
0
0
0
0
0
0
0
0
0.01
4.02
6.59
5.69
6.67
9.27
3.56
1.1
0.11
0
0
0.19
0
0.96
0.02
0.98
3.84
1.55
0
0
0.02
0
0.02
0
0
9.94
3.23
1.15
0.32
0.93
0
0
0
0
0
0
0
0
0
0
0
0
0
0
0
0.05
0.02
0
0.01
0
0.05
0.01
0
0
0
0.23
0
0
0
0.02
0
0
0
1.01
0
0.01
0
0
0.01
0
0
0
0
0
0
0
0
0
0
0
0
0
0
0.04
0.48
6.79
15.07
7.88
7.59
0.29
0.05
1.1
0.51
0.64
1.12
0.58
2.64
10.98
4.45
0.36
5.36
0.3
0.26
2.98
0.55
0.07
0
0
0
0
0
0
1.19
0
3.44
0.43
0.06
0
0.21
5.05
4.95
1.4
0
0.01
0
0.01
0.05
0.75
6.68
0
0
0.01
6.88
12.22
8.32
1.87
0.02
0
0
0
0.01
0.01
11.1
0.01
0
0
0
0
0
0.3
0
0
0
1.96
0.91
0
0.13
23.11
17.55
3.64
0.76
0.19
0.06
0
0.2
0.12
0.98
2.69
8.44
2.8
10.79
4.11
0.09
0.33
2.02
0
0
0.27
0
0.15
0
0
0
0
0
0
0.02
0
0
0.01
0.02
0
0.19
2.45
0.64
0
0
0.05
0
1.2
2.9
9.64
3.96
4.41
2.91
4.01
3.22
7.66
1.31
9.74
9.36
9.23
3.18
0.54
10.95
8.6
10.27
15.27
14.73
4.57
2.27
5.23
2.32
1.35
1.8
2.32
0.57
4.57
0.03
0.76
0.95
0
10.66
2.93
0.72
0.9
1.17
0
1.66
0.41
0.23
0.25
2.73
1.37
3.58
2.07
0.11
0
0
0
0.84
0.67
0.05
0.39
0.27
0.28
0
0
0
0.05
0
0
0.58
0
0
0
0
0
0
0
0
0
0.01
0
0.05
0.05
0.15
0
0.29
0.93
1.19
0.16
0
0
0
0
0
0.23
4.49
2.32
0.63
2.85
0.95
0.46
0
0
0.37
1.21
2.66
0.86
0.01
0
0
0
0.59
1.24
0.02
0.38
0.39
3.19
0.49
0
0
0
0
0
0
0
0
0
1.06
2.29
0.38
0
0
0.16
0
0
0.2
0
0.01
0
1.28
3.7
1.43
3.36
1.2
0.19
1.57
0.86
0.91
2.46
2.68
0.21
0.01
0
0
0
0
0
0
0
0.03
0.01
0
0
0
0
0
0
0.01
0
0
1.44
2.18
9.89
6.22
0
1.01
0.62
0.41
0
0
0
0.01
0.78
0.27
0.11
0
0
5.67
1.64
0.04
0.2
0.09
0.05
0
0
0
0
0
0
0
0
0
0
0
0
0
0
0
0.01
0
0.01
0
0
0
0
0
0
0
0
0
0
0
0.02
0.13
4.3
19.88
17.73
4.35
1.39
3.2
0
0.01
0
0
0
0
0
0
0
0
0
0
0
0
0
0
0
0
0
0
0.01
0
0
0.01
0.22
0
0
0.01
0
0
0.02
0
0
0
0
0
0
0.04
0.01
0
0
0
0
0
0
0
0
0
0
0
0
0
0
0.02
0
0
0
0
0
0
0
0.16
0
0.01
0.89
4.92
2.97
1.73
1.14
0.02
0.13
0
0
0
0
0
0
0
0
0
0
0
0
0
0
0
0
0
0
0
0
0
0
0
0.48
4.04
2.54
0
0
0.1
8.56
2.5
0.27
0
0
0
2.17
1.01
9.95
0
0.03
0.25
4.03
0.97
0.09
0.73
1.2
0.63
0.45
0
0.04
0
0
0.14
0.02
0.38
6.59
5.27
0.45
0.45
0.05
0
0
0
0
0
0
0
0
0.41
0.66
0.32
0.47
1.38
0.86
0.86
3.36
1.57
1.42
0.52
0
0
0
0.35
0.29
0.11
0.07
0.23
0
0
2.18
0.14
0.9
0
0.16
0.76
8.71
3.7
13.55
5.75
0.31
3.63
3.36
1.59
1.15
0.56
0
0
2.34
2.31
1.07
0.13
0.07
0.14
0
0
0
0
0.54
10.98
4.2
0.05
0
0
0.42
1.8
0.19
0
0
0
0
0
0.01
0.01
0
0
0
0
0
0
0
0
0
0
0
2.45
11.17
3.21
0.11
0
0.93
0.2
3.02
0.11
1.05
4.48
12.63
15.96
7.75
0.14
0
0
0
0.01
0
0.01
0
1.42
2.08
1.82
4.61
6.65
3.38
1.7
4.8
15.68
6.37
2.82
3.82
0.3
0.13
0.24
4.57
2.95
0.01
0.04
0.02
0.39
0
0.01
3.33
16.79
9.78
4.12
0.05
0
0.81
2.88
0.61
7.89
8.91
0.32
1.53
0.06
0.35
7.27
7.91
1.98
0.95
0.93
12.55
12.05
0.99
2.93
7.58
10.63
9.74
15.7
2.09
3.7
4.25
5.12
3.42
14.85
7.66
5.66
0.73
0.36
0.88
0.24
0.08
1.04
2.63
8.69
17.02
1.36
3.47
0.48
7.28
8.22
1.56
0.41
0
11.73
4.75
0.03
0.52
1.09
0.61
0
0
0
0.13
0
4.02
0.66
0.05
0
0
0.01
0.08
1.35
5.53
1.48
1.38
0.68
0
0.01
0
0
0
0.04
14.3
6.57
1.73
0
0
0
0
0
0
0
0
0.2
0
0
0.2
2.2
0.81
0
0
0
0
0
0
0
0
0
0.13
0.45
0.86
0
0.05
2.07
0.77
0
0
0
0
0
0
0
0
0
0.03
0.29
0.11
0.02
0
1.02
4.46
0.54
0
0
0
0
0.46
0.95
1.79
0.41
4.71
1.4
0
0
0.26
3.24
3.7
0.59
1.38
0.01
0
0
0.18
0.27
0.24
5.59
0.95
0.05
0
0.29
0
0
0
0
0
0
0
0
0.91
0.56
18.12
10.54
0.69
0.02
1.15
0.59
0.32
0
0.19
0
0
0
0
0.13
0.97
0
0
0
2.39
0.03
0
0.09
0
0
0
0
0
0.14
1.12
8.56
2.97
0.73
0.21
0.06
0.8
0.02
0
0.1
0
0
0
0.05
0.01
0
0.01
0.04
0
0.93
0.32
0
0
1.46
0.24
0.91
0
5.29
1.87
1.02
0.8
1.55
0.24
0
0
0
0
0.25
0
0
0
1.05
0.11
0
0
0
0
0.85
6.18
5.44
5.45
2.94
0.16
4.33
17.02
5.53
1.2
10.16
1.85
1.02
0.23
0.23
0.79
1.89
5.42
8.55
0.82
1.6
0.19
3.64
7.2
7.26
7.85
6.62
0.81
1.42
6.95
1.32
0
0
0.24
0
0
0.02
0.01
0.01
0.35
5.52
11.91
12.14
14.76
11.85
9.8
10.75
4.83
1.47
4.68
2.35
5.3
0
0.59
1.67
1.29
2.29
2.7
2.21
0.84
0.7
0.95
1.31
0.2
0.05
0
2.52
0.96
0.39
0.34
3.07
2.4
3.89
6.47
0
0.87
3.38
2.18
0.15
0.43
1.39
1.61
1.25
10.02
3.54
0.54
0.99
0
2.26
1.16
0
0
0
0
0
0.02
0
0
0.08
0
0.33
0
0.01
0
0
0.02
0
0
0.19
0.85
0.79
0
0.05
0
0.01
0
0
0
0
0.06
0
0.09
0.02
0.22
0.63
0
0.51
0.08
0
0.99
2.75
4.59
2.2
1.07
0
1.09
2.05
1.1
1.09
0
0
0.2
1.29
3.85
2.94
2.43
0.82
0.25
1.92
1.76
1.41
0.03
0
0
0
0
0
0
0
0
0.16
0
0.28
0
2.39
2.84
0.57
0.25
0
0.98
0
0
0.66
2.48
10.94
10.57
3.58
0.63
0.3
0.44
2.28
0
1.94
0.73
0
0
0
0.07
0.01
0
0.57
0
0
0
0
0
0
0
0
0.01
0
0
0
0
0
0
0
0
0
0.01
0
0.05
0
0
0
0
0.57
0
0.16
22.87
0.1
0
0.27
0.02
0
0
0
0.51
2.91
0.03
0.01
0
0.13
1.06
0
0
0
0
0
0
0
0
0
0
0
0
0.12
0
0
0.02
0.15
0
0
2.02
0
1.12
21.1
5.98
11.7
9.95
4.9
0.74
1.17
0.12
0.01
0
0
0
0
0
0
0
1.2
12.46
38.27
30.64
2.37
0.14
1.06
7.59
1.49
0
1.12
5.89
12.78
3.63
1.63
2.93
4.37
6.1
2.68
1.63
0
1.06
1.83
14.16
4.3
1.45
0.85
1.24
3.04
6.29
12.82
5.86
0.16
0
0.5
1.39
5.53
10.09
8.85
0.35
0
0
3.92
4.93
9.64
34.09
16.63
5.69
5.76
3.15
0
0.3
0
0.02
0.01
0
0
0
0
0.45
0
2.33
1.22
1.37
1.18
0.04
0.01
0.8
0.26
0
5.03
15.38
2.13
1.34
5.36
3.27
0.34
0.02
0.27
4.15
6.24
0.6
0
0
0.01
0
0
0.02
0
0
0
0
0
0.01
0
0.04
0.03
5.47
12.18
7.39
0.31
0.02
0
0
0
0
0
0
0
0
0
0
0
0
0
0.89
8.47
2.83
0.49
9.79
4.42
1.82
1.63
2.03
2.8
0.48
0
0.55
0
0
0
0
0
0
0.1
0.21
0.05
0.01
0
0
0
0
0
0.01
0.01
0
0
0.03
1.34
0.79
0.33
0
0.01
0
0
0
0
0
0
0
0
0.02
0.01
0
0
0.02
0
0
0
0
0
0
0
0
0
0
0
0
0.04
0
0
0
0.02
0.33
0.54
1.55
2.7
1.48
0.4
1.94
4.54
0.4
0
0
0
0.01
0
0
0
0
0
4.37
3.41
0.33
0
0.01
0.01
0
0
0
0
0
0
0.02
0.44
0.71
5.51
0
0.37
0
3.32
2.09
0.38
0.05
2.5
0.72
0.7
0.5
0.9
0.25
0
0
0
0
0
0.54
0
0
0
6.47
6.15
13.67
12.53
9.38
2.85
0.23
0
0.01
0.01
0.01
0
0
0
0
0
0
0.48
8.47
12.9
6.96
4.35
1.41
0.95
0.26
9.33
8.62
3.57
3.93
0.18
0.27
3.63
0.65
0.01
0
0.02
0.29
0.01
0
0
0
0
0.12
0
0
0
0.17
0
0
0
0
0
0.1
0
0
0
0.01
0
1.08
1.02
0.06
1.06
0
0
0
0
0
0
0
0
0
0
0
11.47
2.51
0
0
0.2
0.52
0
0
0
0
0
0
0
0
5.88
0.43
0.05
0.01
0
0
0.7
0.53
0
0.01
0
0.79
0
0.01
0.01
0
0
0
0
0
0
0
0
0
0
0.63
0
2.46
0.49
0
0
0
0
0.01
0
0
0
0.02
0
0
0
0
0
0
0
0
0
0.01
0
0
0.21
0.04
0
0.04
0.01
0.01
0
0
0
0
0
0.39
2.29
2.53
4.02
2.33
2.09
0.16
4.44
7
6.24
0.21
0.01
0
0
0
0
0
0.01
0
4.36
3.16
2.75
7.38
5.81
4.37
16.8
9.39
2.03
0
0
0
0.04
0
0
0
0
0
0
0
0
0
0
0
0.01
0.01
0.38
0
0
0
0
0
0
0.77
0.05
0
0
0
0
0.01
0
0
0
0
0
0
0
0
0
0.39
9.16
11.27
4.4
10.23
11.12
11.34
4.83
0.44
0.27
0
0.01
0.11
0.14
0.38
0.51
3.84
1.45
8.46
6.54
2.35
1.43
3.92
0
0
0
0
0
0.19
0.28
0.11
0.06
0
0
0.16
0
0
0.43
1.68
1.9
0.34
1.38
0.31
1.69
1.18
2.78
9.02
2.04
1.05
0.71
1.87
0
0
0
0
6.43
5.44
2.61
1.76
4.3
1.78
0.33
0.17
5.65
0.06
0.02
0.05
0
0
0
0
0
0
0
1.51
0
0
0
0.01
0
0
3.04
10.64
1.81
1.36
0.99
0
0.01
0.28
0
0.07
0.5
10.57
4.42
10.6
3.29
2.59
2.03
3.67
0.57
1.79
0.91
0
0
0
10.69
1.08
4.3
0.02
0
0
0.02
6.41
5.41
3.38
0.56
2.02
2.27
0.57
0.02
0
2.99
0.86
0.21
1.05
3
0.06
1
2.74
4.56
4.35
11.11
5.98
0.95
0.99
4.95
8.19
0.71
0.09
0.1
0
0
0
0.55
0.47
0
0
0.39
1.66
2.02
0
0
0
0.01
0
0
0.02
0.1
3.55
2.82
0
0
0.06
0
0
0
0
0.26
0.23
0
0
0
0.09
0
0
0
0
0.56
11.42
9.31
12.11
0.54
0.05
10.45
3.34
0
0.16
0
0.66
5.8
0.44
0
2.42
0
0.1
0
0
0
7.7
6.85
1.43
0
0
0
0
0
0
8.65
15.2
2.2
0
0
0
0
0
0
0
0
0
0
0.02
0
0
0
0
0
0
0
0.03
0
0
0
0
0
0
0.06
0.02
0
0.02
0.03
0.01
0.86
1.17
0.21
15.84
7.53
0.02
0
0.01
0.1
0
0
0
0
0
0
0
0
0.02
0
0.01
0
0
0
0
0
0.02
0
0
0.35
0
0
0.09
0
0
0
0
0
0
0
0
0
0
0
0
0
0
0
0
0.03
0
0.13
0.21
0
0
0
1.49
2.91
0.95
0.03
0
0.01
3.24
5.35
0.32
0.01
0.03
0.18
2.37
0
0.2
0.75
0.01
0.02
0
0
0.01
0
0
0
0
0
0
0.46
0
0
0
0
0.87
0
0
0
16.06
5.2
13.49
8.84
1.32
1.96
0.07
1.7
11.6
0
0
0
0
0
0
0
0
0
0
0
0
0
0
0
0
0
0
0
0
0
0
0
0
0
0
0
0
0
2.32
6.43
0.96
0
0
0
0
0
0
0
0
0
0
0
0
0
0
0
0
0
0
0.33
2.15
4.28
4.42
10.79
1.66
0
1.35
3.41
0.06
1.5
0.68
0.07
0
0
0
0
0
0.54
0
0.01
0
0.23
8.34
15.33
2.13
3.46
7.07
2.01
4.73
0.7
1.08
2.29
0.67
0.13
0
0
0
0
0
0
0
0
0.67
0.24
0.27
0.42
7.11
4.91
1.68
0.39
0.31
0.15
0.18
2
0
2.57
5.21
1.22
0.33
0
0
1.8
3.79
2.09
4.55
0.67
0
0
0
0
0
0.04
0
0
11.61
1.21
0.69
0
0
0
5.04
1.31
0
0.04
0
0
0
0
0
0
0
0
0
0
26.02
14.78
1.22
0
29.38
8.3
9.44
3.8
3.94
0.72
0.22
0
0.03
0.45
0
0
0
0
0.15
1.09
0
0
8.23
2.34
0.28
0
0
0.27
0.38
4.2
3.38
13.46
7.05
4.21
6
0.11
0.06
0.5
4.13
7.27
2.57
0
0.66
3.95
7.3
2.11
0.39
0
0
0
0
3.41
2.96
4.91
0.51
0.06
0.21
0
3.56
7.17
4.75
0.01
0
1.03
0.04
0.17
0.69
0
0.05
0
0
0
0
0
0.02
0
0.01
0
0
0
0
0
0
0
0
0
0
0
0
0
0
0
0
0.12
0.02
0
0
0
0
0.02
0
0
0
0.02
0
0.39
2.34
0
0.6
0.28
0.46
0.22
0
0
0
0.02
0
3.08
18.66
1.88
0
0
0
0.01
0.79
0.56
1.48
0
0
0.01
0.01
0
0.01
0
0
0.13
0
0
0.9
0.44
0.27
3.89
5.13
13.54
1.33
0.99
0
0
0
0.67
6.88
3.31
0.6
0.01
0
0
0
0
0
0.01
0
0
0.01
0.29
3.39
2.55
0
0
0
0
0.01
0
0
0
0
0
0
0.02
0
0
1.19
0.64
0
0
0
0
0
0
0
0
0
0.48
0.23
0
0
0.2
1.37
0.98
0.02
0.01
0
0
0.02
0
0
0.21
0.02
0.1
1.5
0
0
0
0
0.03
0
0.01
0
0
0.12
0
0.65
3.36
0.43
0
0
4.13
0.48
0.3
3.07
3.53
0.77
0.16
0
0.02
0
0.07
0.45
5.13
11.56
9.03
3.07
7.45
0.82
3.39
0.21
0
0
0
0.05
0
0
0
0
0
0
0
0
1.02
0
0
0
0
0
0
0
0.01
0
0
0
0
0
0
0
0
0
0
0
0
0
0
0
0
0.54
0.7
0.64
1
6.05
6.59
7.54
1.42
2.04
9.67
7.46
2
0
0
0.01
0
0.57
0.75
0
0
0
0
0
4.13
6.49
4.2
1.66
0
0
0
0
0
0
0
0
0
0
0
0.01
0.1
0.4
0.01
3.24
2.33
0
0.23
0
4
1.69
0.06
1.68
0.13
0
0
0
0.08
0.01
0
0
0
0
0
0
0
0
0
0
0
0
13.85
20.1
9.14
2.29
0.12
0.01
0
0.06
0.19
0.95
0
0
1.31
2.17
10.97
9.27
4.38
1.02
0.39
4.52
0
0.56
0
1.67
1.98
1.04
0.11
1.14
0
0
0
0
0
0.01
0
0
15.44
7.16
2.11
0
3.06
0.69
0.2
0
0
0.05
0
0
0
0.01
0
0.1
1.37
0
2.66
11.49
4.07
0.69
0
0
0.1
0.03
0
0
0
0.02
2.54
1.32
0
0
0.01
0
2.35
1.22
1.7
2.83
0.1
3.49
4.7
1.89
1.63
0.39
0.64
1.93
0.69
2.12
0
2.38
0.09
1.04
1.83
15.49
6.39
5.37
0.59
0.01
0
0.34
4.61
3.56
0
0
0
0
2.11
0
1.29
0
0
1.77
0.82
0.13
0
11.23
1.57
0
0
0
0.02
1.22
0
0.19
0
0
0
0.01
0.02
0
0
0
0
0
1.86
6.73
0
0.01
0
0
0
0
4.77
1.2
0.21
9.68
0.65
4.18
15.25
6.23
1.77
0
0
0
0.01
0.1
0
0.08
0.09
0
0
0.34
0
0
7.03
1.27
0
0
0
0
0.02
0.07
0.24
0
0.91
0
0.71
5.66
3.59
15.89
2.35
0
5.32
5.27
0.52
1.04
0.7
0
0
0
0
0
13.36
19.48
12.84
1.56
4.77
0.84
0
0.16
3.33
1.85
2.25
0
0.04
0.28
9.34
1.41
0.3
6.34
2.67
0.05
0
0
2.99
2.27
0.2
0.29
0
4.52
0.65
8.45
8.58
3.83
5.16
0.84
0
0.03
0
0.01
0
0
0
0.06
0
0
0
0
0.12
0
0
0
0
0
0
1.07
3.49
0.13
4.46
13.03
2.18
0.13
0.04
0
0.36
0
0
0
0
0.31
3.56
9.07
21
3.6
0.27
0.14
0.14
2.89
5.77
1.08
0.46
0
5.08
13.25
21.73
4.87
8.78
1.36
0.12
0.32
2.62
0
0.19
0
6.73
4.94
1.63
3.52
5
0
0.02
0
0.53
0.46
20.22
6.15
5.99
1.95
0.74
1.79
4.19
8.91
7.28
0.86
3.54
4.04
0.67
4.8
9.12
1.51
0.3
0
0.02
0
0.92
3.57
8.09
2.14
5.9
0.61
0
0
1.47
4.35
6.84
5.14
3.25
2.88
5.62
3.7
1.57
0.75
0.74
0.06
0
0
0
0
0.31
0
0
0
0.07
1.27
7.29
2.83
0.27
0
0
0.01
0.01
0.1
3.26
0.46
0.33
17.99
7.88
4.93
0.01
0.06
0.29
4.42
0.02
0.02
0
0
0
0
0
0.07
0.26
1.15
0.27
0
0
0
0
0
0
1.55
4.84
2.76
0.3
0.06
0
0
0
0
0.08
0
0.34
0
0.65
2.25
5.81
0.88
0.79
0.8
2.86
4.5
0
0
0.36
0
0
0.08
4.15
1.3
0
0.79
4.72
0.23
1.68
2.3
0
1.29
2.6
1.38
1.77
0.4
0.68
0
0
4.68
12.36
9.62
4.8
5.61
2.66
0.17
0.07
0.25
0
0.08
2.55
3.16
2.67
14.43
3.88
0
0
0
0.63
0
5.85
0.06
0.88
3.04
0
0
0
0.03
0.07
0
0
0.07
0
0.17
0.01
0
0
1.39
0.94
0.03
4.04
0.01
0
0
0
0.8
6.54
7.86
0
0
0
0
0
0.79
4.19
4.31
1.36
0.27
0.15
0.68
0.33
0.22
0
0
0.16
17.89
2.89
0
0
0.01
0
0
0.02
0.09
0
0
0
0
0.27
0.84
0
0.47
4.7
1.73
0.03
0
0.3
0
0.07
1.63
1.34
0
0
0
0
0
0
0.02
0
0
0
0
0
0
0
0
0
0.01
0
0
0
11.89
0.77
0
0.14
0.07
0.63
1.9
1.95
0.09
0
0
0
0
0
0
0
0
0.73
17.81
6.61
5.02
7.88
0.88
0
0
0.02
0
0
0.27
4.07
24.59
4.03
5.55
1.88
7.35
0.8
0.29
2.26
0.12
0
0.02
0
0
0.48
0
0
0
0.35
0.19
0.14
1.22
0
0
0.17
0
0
0
0
0
0
0.07
1.91
1.87
10.21
2.68
0.01
0
0
0
0.04
0.83
3.63
5.3
13.07
4.43
0
1.88
5.59
4.4
2.23
21.44
10.97
1
1.68
0.03
1.62
0
0
0.73
3.88
0.09
0.01
2.23
4.75
4.8
1.39
0.79
0.02
0.01
0.75
0.13
7.94
5.95
1.27
0.21
0.73
0.71
0.3
0
0.02
0.79
0
0
0
0.36
1.35
1.49
1.66
3.84
5.45
2.3
0.84
0.73
1.68
1.08
5.73
1.95
0.25
0.27
0.73
0.03
0.21
12.64
1.73
0.28
0.46
0.25
1.72
1.93
0
0
0.27
0.41
1.35
5.96
5.82
2.68
0.07
0
0.71
3.58
4.03
1.22
0.99
5.93
1.35
0.33
0.11
6.41
6.96
19.96
6.87
14.61
7.93
4.57
13.78
13.16
1.77
0
0.34
0
0
0
0
0.18
6.86
0.72
0
1.21
1.2
1.7
0.37
0
0
0
0
0
0.04
0
0
0
0.31
2.57
0.04
0.02
4.1
0.32
0
11.96
3.91
0.69
1.41
0.36
0.7
1
4.16
1
0
0
0.02
0
0.59
0
0.09
0
0
0
1.11
1.49
13.95
16.05
3.03
3.2
5.6
1.88
1.74
0.35
6.47
7.08
2.88
0.18
0.02
0
0
0.09
0
0
0
0
0
0.02
0
0
0
3.71
8.66
8.53
13.84
5.4
0
0.85
0.35
4.88
7.84
3.5
0.34
0
0
0
0.13
0
0.16
0.18
0.1
8.91
4.91
0
0
0
0.57
0.46
1.79
0.21
1.73
2.73
6.44
1.35
0
0
0.03
0
0
0.09
0
0
0.16
0
0
0
0
0
0
0
0
0
0
0
0
0
0
0
0
0
0
0
0
0
0
0
0
0
0
0
0.01
0
0
0
0
0
0
0
0
0
0
0
0
0
0
0.45
0
0
0.06
0
0
0
0
0.01
0.01
0.02
0.48
0
0
0
0
0.1
0
0.02
0.02
0
0.09
1.88
11.04
1.04
0
0
0
0
0
0
0
0
0
0
0
0
0.16
0
0.13
0
0
0
0
0
0
0
0
0
0
0.09
0
0
0
0
0
0
0
0
0
0.01
0
1.75
1.69
0
0.49
0.39
0.51
0
0
0
0
0
0
0
0
0
0
0
0
0
0
0
0
0
0
0.19
0.21
4.78
0.36
1.25
0.68
0.11
0
0
0
0
0
0
0
0
0
0
0
0
0.02
0
0.3
0.02
0
0
0.77
10.78
7.75
1.52
0.25
1.48
9.52
6.29
1.77
0.66
4.3
2.63
4.78
2.13
4.25
1.64
0.04
0.25
1.02
1.46
1.07
0.59
1.31
4.95
15.09
4.69
4.41
0.91
0.13
4.66
2.38
0
1.45
7.25
1.41
0
2.38
4.22
1.68
0.2
0
0
0.42
0
0
0
0.09
3.41
16.51
12.99
2.46
4.86
2.82
0.03
0.49
1.73
12.77
22.8
6.73
0.74
0
0.22
1.73
10.52
0.47
4.5
4.87
3.06
5.64
1.68
7.3
9.42
10.46
4.89
6.13
5.21
0.97
0.34
0
0
0
0
0.05
0.01
0
0
0
0.04
0.23
3.41
0.91
0.01
0.13
0.01
0.05
0.14
5.23
2.64
0.51
0.33
0.16
0
0
3.08
0.75
2.71
3.29
7.2
5.95
2.62
1.95
1.43
1.65
1.91
10.7
4.32
1.54
0.71
0.41
0.02
0.18
0
0.16
1.17
6.49
4.38
0.06
0
1.7
7.6
4.81
1.73
0.05
9.49
15.79
2.45
0.88
0.32
0
0.25
0.13
0.38
0.29
0.01
0
0
0
0
0
0
0
0
0
0
0
0.14
3.11
0.15
1.65
2.02
0
0
0
0
0
0.02
0
0.16
0
0
0.02
0
0
0.01
0
0
0.63
0.23
1.55
6.11
16.08
26.48
5.43
1.05
0
0.47
1.85
0
0
4.25
6.71
1.54
0
0
0.01
0.1
0
0
0.01
0.02
0.02
0
0
0.01
0
0
0
2.41
6.9
13.83
0.54
1.88
4.87
0
2.61
1.84
0.34
0.54
0
0
0.07
1.47
6.19
1.5
0
0.02
0.34
2.14
0.06
0.04
0
0
0
1.25
0.02
0
0
0
0
0
0
0
0
0.02
0.02
0.04
0.06
0
0
0.01
0
0
0
0
0
0
0
0
0
0
0
0
0.01
0.01
0
0
0
0
0
0.24
0
0.11
0.05
4.04
1.12
0
0
0
2.02
4.41
0.45
0.3
0
0.35
0.16
1.36
12.78
6.99
3.05
0
1.07
7.88
16.98
4.92
0.38
0.21
0.18
0.02
0
0.07
0.03
0.02
0
0.01
0
0
0.34
0.43
0
10.84
1.21
0
18.04
8.68
1.05
7.57
12.82
12.52
12.9
4.35
0
0.01
0
0.75
4.33
2.87
1.17
1.39
5.57
11.92
6.34
1.51
0
0
0
0
0
0
0
0
0
0
0
0.44
0.11
0
1.68
6.14
13.54
2.32
0.04
0.4
0
0
0
0.02
0
0
0
0
0
0
0
0
0.01
0
0
0
0
0
0
0
0.75
0.31
0.11
0.03
0
0
0
0
0.09
0.04
0
0.92
0
0
0
1.22
9.08
6.02
0.46
0.33
0.16
0.07
0.23
0
0.01
0
0
0
0
0
0
2.83
2.36
1.08
0.87
0.02
0.02
0.05
0
2.39
0.05
0
1.77
0.55
0
0
0.13
0.2
0.66
0
0.01
0
0
0.48
1.66
0.25
0
0
0
0
0
0.11
0
2.56
1.31
0
0.01
0
0
2.45
0.5
0
0.09
2.25
1.79
2.38
6.17
1.17
0.36
4.26
7.35
4.22
0
0.22
0.52
0.91
6.23
3.23
1.62
0.02
0.02
0
0
0.01
0.2
0
0.07
0.21
0.94
0
0
4.16
6.4
5.31
11.66
6.64
1.18
0
0
0
1.92
0
0
0.89
0
0
0
0.01
0
0.01
0
0.01
0.12
0.12
0.07
0.05
0.02
0.44
11.04
2.88
0.4
2.66
2.39
0
0
0.01
0.01
0
0
0
0.13
0.31
5.06
4.1
1.89
0.2
2.01
11.56
11.13
13.29
7.33
0.81
0
0
0.02
0
22.53
0.92
0
0.3
0
0
0
0
0
0.37
0
0
0.98
11.32
4.09
1.53
1.13
0.15
0
0
0
0
0
0
0
0
4.64
11.65
1.89
0.49
7.39
15.16
12.04
4.21
0
0
0
0
0
0
0
0
0
0
0
0
0.01
0
0.09
6.6
0
0
0
0
0
0
0
0
0.23
0
0
0
0
0
0
0.39
0
0
0
0
0.01
0
0
0
0
0
0.01
0
0.02
0
0
0
0
0
0
0
0
0
0
0
0
0
0
0
0.88
0.02
0
0
1.41
0.29
0.01
0.02
4.84
3.36
0.43
0
0.02
0
0.05
0
0
0
0
0
0
0
3.75
0
0.14
4.06
3.05
0
0
0
0
0
0.01
0.13
0.25
1.55
1.77
2.08
0.45
0
0.63
0.02
0.95
0
3.87
4.77
0
0.53
0
0
0.15
0.82
0.18
0
0.91
1.08
0.58
0
0
0.01
1.06
1.45
8.64
9.68
2.41
0.02
0
0.39
0.01
0
2.01
9.39
2.73
1.83
0
0
0
0
0
0.02
2.47
1.58
3.37
1.32
3.18
2.56
35.29
6.54
1.58
2.8
5.6
0.74
0
0
0
0.3
0.75
0
0
0
0
0
0
0.9
1.18
0.3
0.13
0.18
0.48
0
0
0
0.01
0
0
0
0
0.3
0
0.02
0.23
0
0.41
1.17
0.14
0.24
0
0
2.02
0.16
0
0
0
0
0
0.43
0
0
0.02
0
0
0
0.03
0
0
0
0
0
0.03
0
0.2
2.02
0.76
0.04
0
0.11
0
0
0
0
0.02
0
0
0.05
0
0
0
0.04
0
0
0
0
0.03
0
0.1
0
0
0.02
0
2.3
14.42
3.12
2.65
0.49
0
0
0
0
0
0.57
0.34
0
0
0
0
0.03
1.61
2
1.38
0
0
0
0.01
0.46
0
0
0.8
0
0
0.06
0.71
0.01
0
0
0.48
0
0.03
0.24
0.35
0.51
0
0
0.01
0
0.14
4.78
6.52
4.48
2.21
0.12
0.76
4.75
2.62
0.01
0
1.3
0.11
0.13
3.44
10.15
2.91
13.7
5.53
0.77
2.44
1.64
0
0.08
0.07
0.2
2.76
12.16
7.68
2.51
4.37
0
10.09
2.41
0
0.35
0
0
0
0
0
0.05
7.68
9.68
9.94
6.3
11.55
0.54
0.01
0
0.01
0
0
0
0
0.04
0
0
0
1.68
7.41
0.06
0
0
2.62
5.97
2.16
0
0.02
0.37
0
0
0
0
0
0
0
0
0
0
0
0
0.02
0
0
0
0
0.01
0
0
0.05
0.8
0.86
1.24
2.1
4.83
0.59
0
4.49
0.33
0
0
0
0
0
0
0.09
0
0
0
0
0.01
0.01
0.05
0
0
0
0
0.01
0.01
0
0
0
0
0
0
0
0
0.03
5.74
2.55
1.45
0.31
0.62
1.34
2.41
0
0.01
0
0.16
0
0
0
0.45
0
0
0
0.01
0.46
0
0
0
0
0
0.16
0.01
0.66
7.53
0
0
0
0
0
0
0.05
0
0
5.19
1.58
0
0
0
0
0
0.03
0.44
1.34
0
0
2.84
5.49
1.23
0.01
5.62
5.97
4.13
0.34
0.01
0.17
3.04
0.01
0.99
0
0
0
0
0.76
0.8
0
0
0
0
0
0
0
0
0.17
0.01
0.23
1.03
0
0
0
0.1
0.21
0
0
0
0
0
0
0
0
0
0
0
0
0
0
0
0
0
0
0
0
0
0
0
0
0
0
0
0.01
0
0
0
0
0
0
0
0
0
0.05
0.01
0
0
0
0.04
0.68
0.82
0
0
0.06
1.45
0.2
2.34
8.48
1.19
1.32
5.84
13.65
4.05
5.34
1.38
1.13
10.36
12.83
21.87
6.73
11.5
6.38
0.23
0.01
0
0
0.01
0
0
0.02
0
1.69
7.31
0.62
0.5
0.1
1.95
5.82
0.98
0.75
0.09
0
0
0
0.05
0.13
0
0.02
0
0
0.01
0
0
0
0
0.13
0
0
0
0
0
0
0
0
0.05
6.48
1.97
14.65
3.93
0.38
2.62
1.44
0.1
5.02
0.52
0.14
2.78
3.38
0.41
0.72
0
0
0
0
0
0
0
0
0
0.01
0
0
0
0.02
0
0
0
0
0
0
0
0
0
0
0.16
0.16
0
0.02
0.14
3.29
3.3
14.16
4.94
0.56
0.35
3.52
1.99
1
0
0
0
0
0.16
0.17
0.69
0.29
0.67
4.36
10.58
15.67
6.05
0.16
0
0
0
0
0.01
0
0
1.23
0
0
0
0.35
0.61
0.04
0
0
0
0
0.3
0.08
0
0
0
0.01
10
18
0.46
0.09
0
0.49
0.02
0.04
0
0.47
0.89
4.85
9.83
10.93
7.56
7.3
1.37
0.43
7.47
23.91
1.09
0.02
0
0.05
7.52
1.38
1.84
0.01
0
0
0
0.3
0
0
0
0.01
0
0
0
0
0
0.04
0.75
0
0
0.46
1.04
0
1.39
25.57
1.19
1.45
0.16
5.03
1.77
0.01
0
0.1
0.02
0
0
0
0
0.01
0
0
0
0
0
0
0
0
0
0
0
3.66
6.45
0.32
0.56
0.36
1.96
0
0.01
0
0
0
0
0
0
0
0
0
0.45
0
0
0.02
0
0.01
0
0
1.04
0
0
0
0.4
0.2
0.01
0.04
0.02
0
0
0
0
0.01
0
0
0
0.04
5.81
1.39
0.17
0.01
0
1.59
0
1.38
0
9.53
1.81
0.02
0
0
2.2
17.13
1.3
0
0.07
4.45
0
0
0
0
0
0
0
0
0
0
0
0.04
0.1
6.27
0.07
0
0.02
1.73
10.91
1.81
5.84
0.01
4.49
0.6
0.7
0.01
0
0
0
0
0
0
0
0
0
0
0.25
17.52
27.59
4.7
0.22
0.01
0.59
1.56
2.35
0.69
0.67
0.06
0
0
0.01
0
0
0
0
0.09
8.85
4.5
1.95
0
0.32
0
0
0
0
0
0
0.06
0.16
0.13
0
0.2
0.03
4.42
1.43
0
0
0.03
0.5
0
0.19
2.08
0.94
0.05
0
0
0
0
0
0
0
0
0
0
0
0
0
0
0
0
0
0
0
0
0
0
0
0
0
0
0
0
0
0
0
0
0
0
0
0
0
0
0
0
0
0
0
0
0
0
0.01
1.52
0
0
0
0.09
0
0
0
0
0
0
0
0
0.09
0.2
0.15
0.18
8
1.75
0.18
0
0
0
0
0
0
0
0
0
0
0.01
0
0
0
0.08
0.03
0.01
0
0
0
0
0.38
0
0
0
0
0.3
0.26
0
0.01
0.05
0.64
0.33
0.11
0
0
0
0
0
0
0
0
0
0
0
0
0
0.3
3.42
5.32
1.27
6.68
1.4
7.43
3.98
11.8
1.95
1.02
0.41
0.48
0.71
6.84
0.68
0
0
0.03
0
0
0
0
0
0
0.65
0.52
0.86
1.38
0.87
4.23
0.37
0
0
0.01
0.51
0.12
0
0
0
0
0
0
0
0
0.07
0.01
0
0.29
0.01
0
0
0
0
0.2
0.21
0
0
0
0
0
0
0
0
0
0.09
8.78
2.38
2.92
2.61
0.84
0
0
0
0
0.09
1.32
9.72
0.65
1.88
1.32
0.09
0
0
0
0
0
0
0
0
0
0
0
0
0
0
0.02
0
0
0
0
0
0
0
0
0
0
0.1
0
3.75
21.01
1.13
0.13
0.24
5.26
0
0.01
0.01
0
0
0
0.02
0.84
0
0.02
0.01
0.01
0
9.9
0.73
0
0
4.24
8.23
0
0
0.01
20.84
5.13
0
0
0
0
0
0
0
0
0
0
0
0
0
0
0
0
0
0
0
0.01
0
0
0
0
0
0
0
1.91
0.59
0
0
0
0
0
0
0
0
0
0
0
0.68
1.14
0.29
0
0
0.02
0
0
0
0
0
0
0.01
0
0
0.43
2.09
4.62
0.2
0.01
0
0
0.96
1.75
6.3
3.26
0.63
0
6.84
0.91
0
0.03
0.5
6.37
4.35
7.33
17.46
1.13
2.96
13.2
3.68
0
0
0
0
0.01
0
0
0
0
0
0
0
0.01
0
0
0
0
0.32
0
0
0.27
0.3
4.64
7.37
2.58
3.16
14.38
6.05
13.41
3.99
1.63
0.8
0
0
0
0
0
0
0
0
0
0
0
0
0
0.38
2.09
5.93
0.81
0
0.04
0
0
0
0
0
0.09
0.91
1.45
6.98
5.14
1.22
0.67
1.23
0.18
1.11
0.24
0.01
0.64
1.11
1.19
1.11
0.49
0.07
0
0
0
0
0
0
0
0
0
0
0
0
0
0
0.08
0.06
0.22
0.12
1.87
0
0.25
0.31
0.7
15.41
12.81
0.69
0
0
0
0
0
0
0
0.05
0
0.02
0.12
0.16
4.7
5.21
10.14
5.52
2.13
1
7.9
12.02
5.56
2.19
1.53
11.06
0.65
0.91
0.18
10.12
0.97
0.55
10.96
0.52
0.71
3.37
0.23
0.05
0.1
0.08
0
0
0.09
0.24
1.94
1.21
6.08
2.95
0
0
0
0
0
0
0
0
0.11
1.83
0
0
0.03
1.8
3.95
5.61
2.97
0.8
0.14
6.5
3.73
3.31
5.1
0.06
0
0.02
0.15
18.66
14
1.76
4.56
10.39
6.15
0.9
8.06
7.03
4.02
0.57
3.71
0.23
1.89
0.55
2.02
2.38
0
0.01
0
1.28
12.59
19.06
0.69
0.55
0.04
0
0
0
0
0
0
0
0
0.18
6.56
4.34
0
0
0.27
0
0
0
0
0
0.01
0.01
0
0
0
0
0.02
0
0.06
0
0
0
0
0
0
0
0
0
0
0
0
0
0
0
0
0
0.01
0
0
0
0
0
0
0
0.24
0
0
0
0
0
0
0
0
0
0.01
0.02
0.59
0.32
0
0
0
0
0
0
0
1.2
2.07
1.45
0
0
0.02
0
0.01
0
0
0
0
0
0
0
0
0
0
0.05
0
0
0
0
0
0
0
0
0
0
0
0
0
0
0
0
0
0
0.14
9.72
4.34
0
1.65
3.77
2.63
3.96
0.29
0
0
0
0
0
0
0.01
0
0
0
0
0.01
0.06
8.08
2.55
0
0
0
0
0.4
6.1
1.04
0
0
0
0.02
1.09
2.32
0
10.95
1.92
6.6
18.72
21.59
3.8
7.99
0
6.99
27.72
6.43
8.14
0.96
0.73
4.81
0.84
0.31
0.25
0.07
0
0.01
0
0
0
0
1.55
15.17
1.99
0.21
1.09
0
0
0
0
0
0
0
0.02
0.57
0
0.03
0.64
0.01
0
0
0.12
0.49
0.22
0
0
0
0
0.02
0
0.04
0
0
0
0
0
0.95
5
7.64
1.03
0.02
0.09
0.05
0
0
0
0.02
0.05
0.6
2.77
4.9
1.81
1.46
11.8
14.23
8.05
4.63
1.14
7.8
2.11
0.2
0.18
0
0
0
0
0
0
0
0.01
0.02
1.83
4.77
9.49
10.4
10.84
1.08
2.08
1.72
0.16
3.29
9.52
1.33
0.69
0
1.9
1.2
0
0.15
1.38
0
0.07
0.34
2.41
0.91
0.16
0.07
0
0
0
0
0
0
0.05
0.2
0
0
0
0
0.01
0.5
4.92
2.19
3.18
1.89
0.08
0
0.02
0
0.32
0.02
0
0
0
0
0
0.63
4.39
4.19
3.32
2.9
7.1
0.7
0.33
0.3
0.32
0
0.27
0
0.27
0
0
0.02
2.32
17.3
7.44
3.84
6.94
1.09
0.35
1.36
0
0.01
0
0
0.36
7.07
2.04
4.05
0.8
0
0.02
0
0.03
0.18
0.82
1.64
1.26
10.21
5.79
0
0.22
0.6
0.06
0
1.29
3.24
1.04
0.04
0.01
2.04
0.66
0.09
0.03
0.42
16.91
4.76
0.11
0.94
0
0
0
0
0
0
0
0
0
0
0
0
0
0
0.59
0
0
0
0
0
4.45
0.73
0
0
0.25
0
0.05
2.18
1.11
0
0
0.03
0.01
0
0
0
0.02
0
0.63
0.04
1.79
0.09
0.02
0
0.01
0
0
0
0
0
0.11
0
0
0
0.02
0
2.16
4.37
0
0
0
0
0
0
0
0
0
0
0
0
0
0
0
0
0
0
0
0
0
0
0.09
0
0
0
0
0
0
0
0
0
0
0
0
0
0.29
0
0
0.01
0.05
0.04
0
0
0
0
0
0
0
0
0
0
0
0.66
0.12
0.02
0.23
0.66
0
0
0
0
0
0
0
0
0
0
0
0
0
0
0
0
0
0
0
0
0
0
0
0
0.06
0
0.33
0.02
0.01
0.01
0
0
0.01
0.52
3.84
4.81
9.99
2
1.2
0.01
0
0
0.3
0.38
1.8
0.81
0.04
0.66
0.41
0.01
0.01
0
0
0
0
0
0
10.34
13.74
2.8
0
0.02
0
0
0
0.09
0.94
7.8
1.01
2.07
3.17
0
1.09
0
0
0
0
0
0
0
0
0
0
0.57
4.98
6.85
7.28
2.93
1.15
10.68
9.69
4.38
1.96
2.76
3.96
3.33
2.65
0
1.34
0
4.29
0.43
0
0
0
0
0
0
0
0
0
0
0
0
0
0.01
0.01
0
0
0
0.05
3.23
10.39
2.38
0
0
0.27
2.02
5.31
0.75
0.14
4.34
1.6
0.22
0.26
0.09
4.34
16.99
12.63
8.3
8.24
7.29
4.27
2.82
9.1
2.41
0
0
5.43
1.02
0
0
3.98
5.34
1.91
0.1
0.13
0
0.03
2.89
1.48
0
1.03
0.14
3.88
4.32
0.75
0
0
0
1.27
0.02
0.06
0.09
0
0
0
0
0
0
0
0
0
0
0.57
11.12
1.44
0
5.8
10.85
1.93
0.79
0.2
3.16
3.86
0.56
0
1.7
2.15
0.84
0.54
0.98
0
0.24
4.8
1.26
1.34
10.42
8
7.65
2.09
0.71
0.01
0
0
0.07
0.2
1.97
7.05
3.27
0.02
0
0.01
0.01
0.02
0
1.39
0
0
0.18
0.01
0
0
0.05
0
0.8
0.11
0.02
4.27
0.33
0
0
0.01
0.02
0
0
0
0
0
0
0
0.02
0
0
0
0.01
0.02
0
0
0.13
0.31
0
0.3
6.53
0
0
0
0
0
0.79
0.02
0
0
0
0
0
0.24
0
0.27
0
0
0
0
0
0
0
0
0
0
0.33
0.01
0
0
0.01
0.03
0
0
0.05
0.55
1.98
0
0
0
0
0
0
0
0
0
0
0
0
0
0
0
0
0.01
0
0
0
0
0
0
0.01
0
0
0
0
0
0.02
0
0
0
0
0
5.03
11.93
0.65
0
0
0.02
0.02
0
0.75
0
0.15
0
15.94
3.05
0
0
0
0.09
4.07
11.95
1.14
4.53
0
3.39
2.51
0
0.01
0
0
0
0.02
0
0
0.02
0.74
0.87
2.3
5.94
3.83
0.19
0.06
0
3.33
4.66
1.32
6.03
8.52
3.12
3.83
3.05
0
0
0.01
0.06
2.97
8.53
1.44
0.03
0
0
0
0
0
0
0
0
0
0
0
0
0
0
0
0.03
0.18
6.79
11.33
3.91
0.54
0.88
0.87
0
0
1.3
0.74
0
0
0
0
1.12
0
0
0
0
0.01
0.01
0
0.11
0
0.13
4.99
0.84
0.01
0.01
0.07
11.68
4.75
0.34
0.14
0
0
0.02
0.07
2.71
0.47
0.1
0.09
0.03
0
0.21
0.23
0.01
0.02
0.02
0.01
0
0
0
0
0
0.05
0.55
23.88
12.16
0.87
12.63
10.37
1.91
1.03
0
0
0
0.31
0.08
0.2
2.61
1.08
0.05
2.26
6.76
4.73
4.34
11.64
6.23
0.2
0.34
6.02
1.11
0.12
0
0
0
0.01
0.21
6.88
10.14
0.91
0.05
0.01
0.22
17.02
8.53
1.77
0
0
0
0
0.34
5.53
4.56
0.59
0.24
0
0
0
0
0.02
0
0
0.01
0.08
0
0.01
0.28
0.65
0.57
0
0
0
0
0
0
0
0.09
0
0
1.36
2.98
0.75
0.04
0.53
0.02
0.17
0
0.07
6.36
6.29
11.65
5.71
2.32
13.43
10.04
1.02
0.29
0
0
0
0.03
0
0
0
0
0
0
0.01
0
0.88
3.51
1.45
0.01
0
0.02
0.09
0
0
0.1
0
0
0
0
0
0
0.3
0.25
1.15
0.05
0
0
0.31
4.06
4.56
0.72
0
0.01
0
8.88
13.54
0.43
0
0.09
0.95
0.44
0
0
0
0
0
0
0
0
0
0
0.01
0
0
0
0.14
0.09
0.98
0.43
0
0
0
0
0
0
0
0
0.02
0.66
0
0
1.15
0.63
2.07
0.23
0
0.69
1.06
1.35
5.47
9.24
0.96
0.04
0
8.11
11.41
16.79
11.38
0.27
0
0
0
0
0.01
0
0
0
0.73
26.23
0.84
0
0.01
3.82
0.06
0.04
0
0
0
0
0
0.23
0
0
0
0.25
0.01
0.02
0.01
0
0
0.02
0
0
0
0
0
0
0
0
0
0.05
2.91
0.77
0.3
1.07
0.17
0.03
0.1
0.01
0
0
0
0
0
0.11
0
0
0
0
0
0
0
0
0.15
0
4.41
1.82
0.02
0.41
0.81
3.32
1.3
0.02
0
0.99
0.33
12.63
1.13
2.66
5.18
7.86
0.42
0.03
0
12.82
17.09
4.73
0
0
0.44
0.26
0.54
0.18
0.01
2.1
7.05
3.48
16.53
11.06
8.3
0.58
0.11
3.56
0.44
0.43
0
0
0
0.64
0.89
0.59
0.28
2.9
27.33
3.66
1.49
0
0.02
0.19
0.22
0
0
0
0
0
0
0
0.02
0.04
0.77
0.82
0.38
0.38
0
0
0
0
1.45
6.72
11.07
8.95
4.28
1.27
0.14
0.76
2.19
8.28
22.57
6.77
4.02
2.07
1.26
0.09
0.45
0
0
0
0
0
0
0
0
0
0
0
0
0
10.57
1.25
0.27
0
0.53
3.18
0.27
0
0
0.01
0.11
10.71
3.66
7.91
7.07
7.85
4.93
10.54
0.59
0
0
0
0
0.7
0.43
2.98
3.09
4.75
0.91
6.92
2.34
0.1
0.71
0.13
0.14
0.39
0.18
4.87
0.73
0
0
0
0
0
0.28
0
0.18
5.24
3.48
0.19
0.03
0
0.02
0.01
0.92
0.02
0.02
0.05
0.05
0.01
0.01
0
0.03
0.07
1.23
0.02
0
0
0
0
0
0
0
0.09
0
0
0
0
0
0
0.05
1.25
0
0
0
0
0
0
0
0.27
0.19
0
0.09
7.64
9.34
21.64
2.81
3.34
0.95
1.2
0
5.8
9.59
4.15
0.05
0
4.91
1.63
2.5
2.83
1.36
1.34
0
0.88
0
2.6
19.63
11.75
0.62
0.38
0
0
2.84
0.12
1.73
8.75
2.43
1.09
0.96
4.67
5.77
9.59
7.31
9.46
3.83
1.88
1.26
3.07
0
0.72
0
0.96
0.08
0.45
0
9.52
2.4
0
0.49
0
0
0.41
0
0.36
0
9.73
0.38
0.49
0
0.35
38.17
29.76
1.74
1.52
1.55
4.23
3.14
5.63
3.04
6.41
0.85
0.02
0.11
3.73
0.55
7.79
2.08
0
6.04
7.32
0
11.54
12.05
0
0
1.1
2.05
2.05
0
0.47
0
0.52
0
0
0.19
0
0
0
0.08
0
0.44
0.46
0
0
0
4.57
0
0
0
0
0
0
0
0
0.01
0
0
0
0
0
0
0
0
0
0
0
0
0
0.15
0.01
0
0
0
0
0
0
0
0
0
0
0
0
0
0
0
0
0
0
0
0
0
0
0
0.22
0
0
0
0
0
0
0
0
0
0
0
0
0
0
0
0
0
0
0
0.16
2.88
1.13
0.05
0
0.02
0
0
0
0
0.21
0.8
2.36
0
0.55
13.14
15.81
22.64
7.05
6.38
1.68
0
0
0
0
0
0
0
0
0
0.46
0.58
0.01
0
0.11
0
0
0
0
2.89
0.81
0.52
0.13
7.76
4.72
0.54
0.28
0
0
0
0
0
0.01
0
0
0.01
0
0.27
0.15
0.08
0
0.01
14.28
5.02
0.53
0.03
0
0
0
0
0
0
0
0.01
0
0
0
0
0
0
0
0
0
0
0
0
0
0
0
0
0
0
0
0
0
0
0
0
0.54
5.4
0.02
0
0
0
0.03
0.01
0
0
0
0
0
0
0.29
0.15
0.01
0
0
0
0
0
0.07
0.05
0
0
0
0
0.02
0
0.05
0
0.02
3.44
2.59
2.71
0.78
0.01
0
0
0.07
0.02
0
0
0
0
0.2
0.05
2.7
10.26
10.56
4.38
3.13
2.3
0
0
0.13
0
0
0
0.55
3.48
1.67
0.3
0
0
0
0
0
0
2.27
4.18
0
0.02
0
0
0
0
0
0
0
0
5.03
0.26
9
5.33
0.56
4.36
5.88
5.01
2.56
2.03
4.46
1.49
1.55
0.3
2.42
3.02
2.66
1.21
0.08
0.57
0
0
2.93
1.85
2.72
9.95
7.28
13.58
15.41
1.47
1.7
0.05
0.3
0
0
0
0
0
0
0
0
2.14
0
0.02
0.09
2.1
4.11
0.5
0.64
0.01
0
2.55
0.39
0.02
7.98
4.77
11.6
21.51
1.72
3.38
3.52
3.14
7.8
10.78
10.88
2.52
2.49
0.18
0.13
0.06
0.71
0.19
0.07
0
0.55
0
0.02
2.06
14.53
3.47
1.56
6.22
8.28
1.14
0.08
0.02
0.18
0
0
0
0
0
0
0
0.36
0
0.01
0.61
0
0.02
0.02
0.01
0.01
0.24
0
0.2
0
0.02
0.01
0.01
0
0
0
0
0.96
0.05
0.07
0.27
0
0
0
0
0.05
4.05
0.04
0
0
0.2
0.03
0
0.03
0
0.01
0
0
0.88
0
0.02
0.03
0.02
0
0
0
0.07
0.37
0.21
0.04
0
0.01
0.62
0
0
0
0
0
1.81
0
0
0
1.45
8.61
2.55
2.34
6.89
5.11
0.92
1.21
0.14
0.27
0
0
0
0.16
0.61
0.01
0.04
0
0
0
0.01
0
0
0
0.09
0
0
0
0
0
0
0
0
0
0.27
0.04
0
0
0
0
0
0
0.97
0.05
25.51
4.76
0
0
0.98
0.34
0.01
0
0.37
0.31
1.54
0
0
0
0
0.01
0.46
0.41
0
0
0
0
0.01
0
0.11
0
0.01
0.26
1.77
1.1
3.99
6.38
5.05
18.2
8.15
8.55
9.01
3.68
1.5
4.71
7.66
10
2.37
3.76
2.8
3.77
0.51
2.24
1.3
3.85
2.98
2.96
3.7
5.96
1.23
0.64
8.02
4.04
1.83
0.74
11.31
17.25
7.73
0.65
0.52
3.71
0.64
0
0
4.7
7.48
0.92
0.32
0.21
0.29
0
4.26
3.27
5.68
0.79
0.02
0.05
0
0.3
0.77
0.63
1
0
0
0.29
0.51
0.01
0.02
0.01
0
0
0
0
0
0.52
0.84
0.06
3.21
4.29
2.45
0.96
3.86
0.58
0
0
0
0
0.04
0
0
0
0
0
0
0.16
0
0
0
0
0
0
0
0.06
0
0
0
0
0
0
0
0
0.06
0
0
0
0.21
0.21
3.59
0
0
1.34
0.12
0
0
0
0
0.36
0
0
0
0
0
4.05
2.1
0.07
0
0.32
0
0
0
0
2.89
2
0
3.19
9.47
5.03
1.48
4.7
0.64
0.03
0
0
0.44
0
0
0
0
0
0.01
1.08
0.05
0.19
1.38
0.89
4.4
2.82
0.13
0
0.7
0.35
0.51
0.09
0.01
0
0
0.25
0
0
0.03
0
0
4.63
0
0
0
0.63
0.04
1.04
1.74
1.83
0.59
0.06
0.21
0
0
0.38
0.61
0
0
0
0
0
0.01
0.04
0.94
0
0.4
0
0
0.01
0.46
0
0.87
3.16
1.98
0
0.13
0
0.02
0
0
0
0.7
0
0
0.57
0
0.27
0
0.01
0
0
0
0
0.01
0.01
0.03
0
0.01
0
0
0
0
0
0
0.59
0
0
0
0
0.01
0.39
0.44
0.64
0.47
0.04
0
0.29
6.9
0.8
0.23
0
0
2.08
0.43
0
0
0.01
0.06
0.48
0.31
2.98
0
0.08
0.41
0
0
0
1.69
0
1.09
23.25
2.11
0.71
0.24
1.12
0
0
0
0
0.01
0.02
0
0.02
0.28
1.31
0
0
0
2.35
31.24
7.91
0
0
0
0
0
0.02
14.21
1.58
0
0.87
0
0
0.01
0.02
0.52
4
0.61
0
0.11
2.96
0.15
1.07
1.26
0
0
0
0
3.21
0
0.01
0.35
0.02
0
0
1.17
2.05
1.65
2.29
10.42
0.27
1.79
9.2
22.52
9.62
3.13
0.02
0.24
2.56
3.4
0
0.86
3.06
0.38
0.74
0.02
0.43
0.52
0.17
10.56
17.11
4.87
0.83
0
0.27
0.52
0.93
0.01
0
0
0.7
0.7
0.42
4.04
0.42
3.91
9.19
1.28
0
0.14
0.04
0.03
0.05
0.04
0.01
0.01
0
0
0
0.88
10.18
1.51
0.56
0
0
0.01
0
0
0.03
0
0
0
0
0
0
0
0
2.44
0.13
1.07
0.25
0.53
0.16
0.25
0.02
0
0
0
0
0.46
3.92
0.27
0
0.5
0.45
1.15
0
0
0.05
0.27
0.49
0.07
0
0
0.02
0
0
0.01
0
0.27
0
0
0.63
0.02
0.21
4.57
7.29
0.04
0
1.09
0.57
2.04
1.1
1.07
1.09
0
0.3
0.23
0.39
0.05
9.09
1.71
9.82
0.79
0
0
0
0
0.29
0
0.45
2.01
14.87
2.23
1.29
2.05
0.09
6.46
8.15
6.83
2.29
1.63
1.63
1.13
2.66
2.2
0.84
0.39
2.61
3.97
0.09
0.18
0
0.26
0
0.12
0
0.52
5.27
1
0.01
0
0.17
0
0
0.6
2.62
3.75
0.02
0
0
0
0
0
0.08
3.7
1.15
10.09
20.78
1.67
1.19
0
0.31
0.19
0.01
0
0
0.78
1.14
0.2
0
0.11
0
0
0.14
0
0
0.08
0.96
0.01
0.1
1.09
0
0
0
0
0
0
0
0
0
0
0
0
0
0
0
0
0
0
0.01
0.01
0.85
1.53
2.79
4.73
0.57
0.13
0.03
0
0
0
0
0
0
0
0
0
1.27
7.14
0.05
0.01
0
0.02
0.01
0
0.01
0
0.01
0
0
0
0
0
0
1.37
0
0.01
0.1
0
0.01
0
0.2
0
0
0
0
0.01
0
0
0
0
0
0
4.32
0.1
0
0
0
0
0
0
0.26
0
0
0
0
0
0
0
0
0
0
0
0
0
0
0
0
0
0
0.01
0
0.02
0
0
0
0
0.01
0.04
0.07
0.73
0.93
0.77
0
0
0
0
0.08
12.95
16.21
17.15
0.75
0.11
0.02
0
0
0.52
0
0.01
0
0
0
0.08
0
0.27
1.72
20.23
1.2
0.05
0
0
0.32
0
12.24
2.52
2.15
0.11
0
0.01
0
0.01
0
0
0
19.62
22.29
8.38
2.86
1.66
1.11
1.48
0.02
0
0
0
0
0
0.23
0.32
0.33
11.19
6.16
0.83
0.64
0
0
0
0
0.05
2.25
3.14
0
0.01
0.01
0
0
0
0
0.1
3.34
1.03
2.95
0
0
1.13
1.25
0
0
0.01
0
1.96
0.72
0
0.38
0.8
18.64
4.51
4.23
4.38
0
0
0.01
0
0
0.05
0
0
0
0.08
0.23
5.56
1.41
0.31
0.01
0
0
0.01
0
0
0
0
0
0
0
0
0
0
0
0
0
0
0
0
0.01
0.57
3.05
2.07
0
0
0.05
0
0
0
0
0
0
0
0
0
0.13
0
0
0
0
0
0
0
0
0
0
0
0
0
0
0
0
0.01
0
0
0
1.94
0.01
0.02
0.02
0
0.13
10.34
2.98
0.4
0
0
0.01
2.71
2.6
0.38
0
0
0.09
3.26
0.47
0
0
0.06
0
0
0
0
0
0
0
0
0
0
0
0
0.01
0
0
0
0
0.88
0
0
1.12
0.08
0.05
0.05
9.48
3.11
3.51
11.25
7.56
5.35
0.33
1.9
1.33
0.33
0.01
0
0
0
0
0.01
0
0
0
0
0
0
0
0
0
0
0
0
0
0
0
0
14.66
3.26
0.93
0
0
4.35
0.16
0.01
0
0
0
0
0
0.06
0
0
0
1.16
0.63
3.51
0.97
0.43
4.32
0.31
0
0
0.23
5.83
19.25
18.78
2.77
1.83
1.2
0.2
0
0
0
0.06
1.52
1.43
0.33
0.02
2.95
11.78
3.81
13.69
3.93
0
0.07
0
0
3.63
16.32
0.57
0.27
0.03
0
0
0
0.01
0
0
0
0
0
0
0
0
0
0.01
0.01
0
0
0
0
0.6
0.28
0.02
0
0
0.27
0
0
0.28
0
0.88
0.35
0
0
13.45
8.45
0
1.66
6.18
0
0
0.55
0.99
2.77
0.14
0.01
0
0
0
0
0
0.05
0
0
0
8.04
0.34
0
0
0.08
0.05
0.78
0
0
0.05
0
0
0.12
0
0
0.01
0
0
0
0
0.03
0
0
0
0
0
0
0
0.04
0
0
0
0
0
0
0
0
15.18
8.21
3.1
0.3
0
0.01
0
0.02
0
0
1.07
0
0.09
5.08
4.69
7.16
8.1
6.61
0.14
0.7
3.76
14.9
3.03
12.03
14.03
0.39
0.18
0.31
0.04
0.05
0.8
0.6
2.89
0.41
7.41
8.55
1.82
0.04
0.05
0
0
0.06
0
0
0
0
0.01
0
0
0
0
2.23
0
0
0
0
0
0
0
0
0
0
0
0
0
0
0
0.69
0.93
0.27
11.39
0.59
7.8
1.77
0.58
0.01
0
0
0
0
0.69
5.4
4.11
0.36
0.21
0
0.17
0.09
0.21
2.59
1.58
0.6
0.51
0.09
0
0
0
0
0
0
0.04
0
0
0
0
0
0
0
0
0.21
0.02
0
0
0
0
0
0
0
0
0
0
0
0
0
0
0.07
0
0.34
0.31
0
0.02
0.16
1.13
0
0.41
0
0
0.58
3.58
2.5
0.08
0.19
0
0
0
0
0
0
0
0
0
0
0
0.07
1.75
0.39
0.13
1.06
0.95
0.73
0
0
0
0
0
0
1.49
0.96
0.29
3.01
4.02
0.27
0
0.3
0
0
0.26
0.01
0
3.73
2.7
0.36
0
0
0
0
0
0.01
0
0
0
0.02
0
0
0
0
0
0.02
2.62
1.94
0.06
1.26
0.32
0.33
0
0
0
0
1.32
0
2.37
14.91
9.28
5.36
7.47
1.16
3.06
0.52
6.04
0.68
0.54
0.63
0.14
0.41
0.59
0
8.46
6.32
1.72
2.62
7.13
0.78
0
0.57
10.41
3.7
0.86
0
0
0.04
9.63
15.19
12.62
6.9
1.99
0.45
0.16
0
0
0
0
0.32
0.5
10.11
3.79
4.48
3.84
11.48
0.76
0
0
0.06
0.16
0.11
0
0.23
0
0.07
0
0.05
1.29
0.16
0.15
0.21
0
0
0.01
0
0
3.92
0.4
0.54
0.03
0
0
0
0
0
0
0.03
0
0
0
0
0
0
0
0
0
0
0
0
0
0
0
0
0
0
0
0
0
0
0
1.02
0.86
1.14
0
0
0
0.09
0.06
0.01
0.01
0
0
0
0
0
0
0.01
0
0
1.37
2.46
0
0
0
0.09
0
0
0
0
0
0.01
0
0
1.77
3.08
4.38
0.02
0
0
0
0
0.11
0.81
0
0.03
0
0.02
0.2
16.43
5.04
1.66
0.7
0
0
0.04
0.09
8.54
0.3
2.57
0.77
0.35
6.26
9.14
3.47
3.2
4.14
14.44
6.38
13.16
5.45
3.55
1.31
3.54
3.78
3.16
0
0.21
0.39
0
0.26
0.39
0.51
1.5
10.38
15.58
0
0.24
1.04
7.4
1.72
3.29
9.09
3.13
4.07
3.28
0.94
0
0
0.04
0
0
0
0
0
0.4
0.12
0
0
0
0
0
0.2
0
0
0.57
0.57
4.55
0.45
6.13
0.1
0
0
0
0
0
0.01
0
0
0
0
0.01
0
0.65
0.07
0.03
0.01
0
0.06
0.06
0.02
0.11
0.03
0
0
0
1.7
0.05
0
0.47
0.65
0
0.66
2.58
0.26
6.36
9.82
1.17
5.88
9.28
1.76
0.32
0.42
0
0.32
0.3
0
0
0
0
0
0
0
0
0
0.23
0.28
0
0
0
0
0
0.01
3.13
7.85
1.29
0.84
0.51
2.21
0
0
0
0.02
0
0
0
0.04
0.55
0.38
0.43
2.28
0.53
0
1.4
0.28
0.03
0
2.21
4.8
3.48
0.29
0.31
0
0
0.02
0.01
0
0
0
0
0.03
0.04
0
0
0
0.18
0.3
0.24
0
0
0
0
0
0
0
0.01
0
0.12
0.23
0.37
0
0.02
0
0
0.19
0.57
0.38
0
1.06
0
0.02
0
0
0
0.08
4.82
3.25
0
1.33
6.84
1.23
0
0.75
4.36
2.77
0
0
0
0
0
0
0
0
0.13
0.4
0.05
0.02
2.7
1.02
0.02
0
0.17
0
2.68
0.53
7.05
5.5
2.41
0.39
2.69
0.2
0
0
1.23
0
0
0
0
0
0
0
0
0.57
0
0
0
0
0
0.23
1.56
0
0
0
0
0
0
0
0
0
0.01
0
0
0
0
0
0
0
0
0
0
0
0
0
0
0
0
0
0
0
0
0
0
0
0
0
0
0
0
0
0
0
0
0
0
0
0
0.02
0
0.02
0
0.77
0.21
0
0
0
0
0
0
0
0
0
0
0
0
0
0.16
0.2
0
0
0
0
0
0
0.01
0
0
0
0
0
0
0
0
0
0
0
0
0
0.01
0.05
0
0.03
0
0
0
0
0.16
0.57
0.62
0
0
0
0
0
0.17
0.39
0.87
6.48
0
0.02
0
0
5.4
2.48
2.2
5.04
1.98
0.08
1.98
6.65
0
0.85
0.49
7.39
1.68
0.93
0
0
13.69
8.02
2
0.99
3.3
3.57
3.41
0
6.69
0
0.35
2.93
0.99
11.28
0.75
0
0
0.5
0
0
15.19
10.32
2.51
7.53
2.9
7.09
2.43
0.79
1.2
7.05
0.82
0
0
0
0
0
0
0
0
0
0
0
0
0
0
0.2
0.13
0
0.31
0.2
0.22
0
0.82
0.61
2.94
0
0.48
0.13
0
0.04
0.13
0
0.02
0.02
0.02
0.82
0.29
0.04
0
0
0
0
0
0
0
0
0.17
0
6.3
3.06
0.09
0.19
0
0.2
0
0
0
0
0
0
0
0
0
0
0
4.58
2.48
0.43
1.6
0.09
0
0
0.39
0.12
0
0
0.07
0.86
0
0
0
0
0
0
0
0
0
0.52
0.84
0.15
0
20.3
3.9
0
0
0
3.54
0.05
0
0
0
0
0
0
0.93
0
0
0.12
0.01
0.01
0.63
0.33
0.52
0
0
0
0
0.87
0
0
0
0
0
0
0
0
0
0
0
0
0
0
0
0
0
0
0
0
0
0
0
0
0
0
0
0
0
0
0
0
0
0
0
0
0
0
0.01
0
0.18
3.95
6.55
2.34
3.28
1.22
0.11
3.45
2.46
0.03
0
0
7.15
1.37
0.47
0
0.07
2.43
13.25
5.58
4.91
7.91
0.68
0
0.26
0
0.06
0.01
1
0
0
0
0
0
0
0.01
0
0
0
0.01
0
0
0
0
0.01
0.01
3.53
1.52
3.8
5.19
9.84
3.15
0.04
0.01
0.05
0
0
0
0.02
0
0
0.32
0.03
0
0.02
39.75
11.35
1.3
2.23
8.08
0
0
0.01
0
0
0
0
0.01
0
0
0.27
0.32
0.09
0
0
0
0
0.01
0
0
0
0
0
0
0
0
0
0
0
0.01
0
0
0.02
0
0
0
0
0
0
0
0.67
28.48
3.96
0.68
0
0
0
0.09
0
0.01
0
0
3.16
4.99
0.12
7.28
0
0
0
0
0.01
0.02
0
0
0.01
0.95
0
0.02
0.21
0
0
0
0
0
0
0.11
0
0
0
0
0
5.72
1.25
0.08
0
0.03
0
0
0
0
0
0
0
0
0
0
0
0.29
0.03
0
0
0
0.01
0.01
0
0.11
0.01
3.6
0.42
0
0
0
0.45
0
0.01
0.01
0.06
1.81
0.05
0
0.02
0.02
0
0
0.02
0
0
0
0
0
0
0
0
0.91
15.66
24.25
6.39
0.05
1.54
4.33
14.14
4.59
1.32
0.31
0.01
0.09
0
0.1
0.12
7.27
0.56
1.9
0.16
0.02
3.06
0.03
0.05
0.28
8.16
0.08
1.63
4.67
2.3
0.57
0.21
0.05
0.01
0
0
14.66
1.4
0.22
0.29
0.3
0.16
0.43
8.25
1.82
1.95
6.85
2.16
7.43
2.68
8.7
11.47
14.66
4.63
0.61
0.71
8.56
6.59
8.63
0.98
9.38
4.92
1.36
9.2
0.71
0
0.13
0.16
0.16
0.14
0.13
2.5
1
7.06
4.7
18.59
5.2
0.6
2.13
2.14
7.23
1.95
0
6.54
11.48
1.53
0.38
0.84
6
0.67
0
0.11
0.11
0.18
0.1
0
1.94
0.91
0
0.02
0
0
1.5
0.16
0.13
0
0
0
0.3
8.1
0.57
0.04
0
0
0
0
0
0
0
0
0
0.03
0
0
0.05
4.71
2.26
0.66
0.02
0.11
0.15
3.14
0.23
0
0
0.18
0.02
0
2.68
0.1
0
6.24
8.58
6.56
6.48
0.39
0
0
0.13
2.1
2.12
0.5
0
0
0
0
0
0
0
0
0
0
0
0
0.06
8.61
0.42
0
0
0
0
0.46
1.75
0.58
0.94
2.66
0.04
0
1.82
20.99
5.48
0
4.45
24.66
17.8
0.79
0
0
0.61
0.95
8.53
7.5
6.03
1.01
0
0
0
0
0
0
0
0
0
0.03
3.61
0.38
0
0
0
0
0
0
0
0.01
1.76
0.06
0.03
0
0
0.4
0.27
5.05
0.27
0.8
0.1
0
0
0
0
0
0
0
0
0
0
0
0
0
0
0
0
0
0
0
0
0
0
0
0.52
0
0.04
0
0
0.08
0.01
0
0
0.24
1.25
0.05
3.68
0.11
0.01
0.01
0
0
0
0
0
0.47
0
0
1.39
0
0
0
0
0.24
14.45
0
7.37
1.31
0
0
0
0.02
0
0
0
0
0
0
0.01
0.24
2.56
0
0
0.01
0.01
0
0
0
0
0
1.16
0
0.81
3.87
0.23
0
0.01
0.04
0
0.93
0.86
2.53
11.16
2.56
0
0.01
0
0
0
0
0
0
0.02
0
0
0
0
0
0
0
0
0
0
0
0
12.03
0.97
0.83
0
0.46
0.17
0
0.03
0
0
0
0
0
0
0
0
0
0
0
0
0
0.06
2.49
0.48
0.06
0
0.22
0
15.88
28.65
10.69
9.09
2.17
0.27
6.27
1.94
1.31
2.53
0
0
1.1
1.05
0.05
0
0
0
0
0
0
0
0
0
15.8
8.68
3.27
0.87
0.32
0.22
1.27
14.53
15.64
13.24
2.2
0
0.66
3.91
8.43
8.3
13.88
11.57
4.45
7.92
6.82
1.99
0.07
0.36
1.19
12.05
2.17
15.3
0.7
9.27
3.9
2.05
12.52
4.8
13.31
17.2
1.21
0.35
0.08
0.1
0.14
0.2
3
9.88
2.33
11.8
20.82
12.68
4.6
6.41
1.36
0.52
0.64
0.28
0.08
0
0
0
0
0
3.6
0.91
0.29
0
0
0
0
0
0
0
0
0.09
0.07
0
0
0
0
0
0
0
1.96
0.4
0.08
0
0
0
0
0
0.02
0.04
0
0
0
0
0
0
0
0
0
0
0
0
0
0
0
0
0
0
0
0
0
0
0
0
0
0
0
0
0
0.15
0.05
0
0
0
1.13
0.04
0
0
0
0
0
0
0
1.18
6.55
9.54
11.29
4.78
0.73
0.06
0
0.01
0
0
0
0.02
0
0
0
0
0.21
0.45
1.43
1.21
2.48
0
0.03
0
0
1.48
3.66
3.81
6.44
11.13
2.67
0
0.03
0
0
0
4.53
5.71
3.96
0.26
0.04
0
0.83
9.29
6.45
2.67
0.55
7.54
15.66
2.07
0
0
0
0
0
0
0
0
0
0
0
2.02
0
0.05
0
0
0
0
0
0
0
0.02
0.73
0.27
0.02
13.13
10.68
0
0
0
0
0.01
0.36
1.93
0.53
0.01
0
0
0.66
0.02
0.42
0.02
0
0
0
0.71
1.76
8.84
1.28
0
0
2.3
0
0.04
0
0
0
0
1.86
0.19
0
0.02
0.8
8.66
0
7.98
0.52
0
0.05
0.01
0.04
0
0.06
0.14
0
0
0.03
0.05
0
0
9.84
0.6
0.89
0.03
0
0
0
0
0
0
0
0
0
0
0.25
0
0
0
0
0
0.95
2.09
1.71
0
0.05
0.3
0.42
0
0.02
1.41
4.15
1.89
2.66
0.06
0.95
0
0.86
0
0
0.16
0
0.83
1.42
0.01
0.02
0
0
0
0
0
0
0
0
0
0
0.15
1.67
2.3
2.84
2.11
0.14
0.48
1.49
4.95
4.75
0
0
0
0.01
10.08
8.04
6.34
25.22
9.99
3.26
4.87
3.08
7.46
10.16
1.73
11.39
0.55
0
0.05
0.88
9.71
2.21
1.73
21.54
6.24
0.24
1.38
8.64
1.78
0.1
2.11
0.04
0
0
0
0
17.75
0
0
0
1.58
0.05
0.42
3.58
2.84
0
0
7.47
10.66
22.96
5.55
1.91
0.33
3.07
6.72
0.58
0.1
2.05
0.83
0.16
0.95
2.57
2.17
7.79
0
0.13
0.04
0.47
0.07
0.2
0
0
0
0
0.26
3.05
1.56
0
0
0
0
0.09
0
0.01
0
0
0
0
1.05
4.12
0.36
0.8
3.8
0.34
1.59
1.88
17.97
3.28
5.38
0.05
0.02
0
0.75
2.27
0.07
0
0
0
0
0
0
0
0
0
0.21
3.87
0.43
0
0
0
0
0
0
0
0
0.02
0
0
0
0
0
0
0
0
0
0.07
0
0
0
0
0
0
0
0
0.14
1.07
0.34
0.06
0
0.01
0
7.47
0.9
4.48
0
0.46
1.82
0.95
3.63
1.2
0.55
0
4.1
3.01
2.2
0.14
0.09
9.95
2.53
5.91
0.18
0
0
0.02
0.16
3.57
0.03
0
0
2.41
0.03
10.4
6.28
4.26
0.51
3.35
1.5
0.56
0.2
0.12
0
0.01
0
8.02
12.63
2.33
5.72
11.23
6.84
0.68
0.26
0.31
8.84
4.08
0.8
3.41
2.24
7.03
0
4.45
16.73
0.86
11.59
1.95
2.27
0.62
0.21
0.28
0.03
4.06
0
0
0
0
0
0
0
0
0
0
0
0
0
0
0
0
0
0
0
0
0
0
0
0
4.18
2.97
0.35
0
0
0
0
0
0
0
0
0
0
0.13
0
0
0
0
0
0
0
0
0
0
0
0
0
0
0
0
0
0
2.66
0.94
0
0
0
0.02
0
0
0
0
0
0.27
0
0
5.6
3.56
0
0.5
6.36
0.45
0
0
0
0.01
0.01
0
2.61
0
0
0
0
0
0.02
0
0
0
0
0
0
0
0.02
0.01
0
0
0
0
0.01
0
0
0.49
0.2
3.35
12.43
1.11
3.93
8.3
5.76
0.71
7.16
1.09
0.72
0.04
0.22
1.59
5.95
9.35
2.13
0.04
0.88
1.02
0.09
0
0
0
0
0
0
0
0
0
0
0
0
0
0
0.36
0
0
0
0
0
0
0.23
0.42
8.98
10.47
0.19
0.17
0
0
0.01
0.25
0.03
0
0
0.01
0
0
0
0
0
0
0
0
0
0
0.28
0
0
0
0
0
0
0.11
0.18
0.04
0.02
0.02
0.03
0.1
0
0.29
0.16
0
0.02
0.08
0
0
0.02
0
0
0.43
0
0
0
0
0
0
0.03
0.2
7.77
11.26
2.85
0.35
0.01
0
0
0.01
0
0.06
0.86
1.96
0
0
0.01
0
0
0
3.78
2.14
0
0
0.23
0.72
3.29
0.45
0
0
0
0
0
0
0
0
0
0
0
0
0
0.01
0
0.71
5.91
0.2
0
0
0
0.01
0
0
0
0
0
0
0
0
0
10.98
5.02
0.45
0.22
0.12
0.07
0.28
1.47
0.1
0
0
0
0
0
0.1
15.71
6.09
0.28
1.02
3.66
0
0.04
0
0
0
0
0
0
6.47
6.39
2.05
1.48
0.12
0
0
0
0.33
0
0
0
0
0
0
0
0
0
0.02
0.1
0.01
0.96
1
6.84
1.7
0.05
0
0.38
0.32
0
0
0
1.21
6.84
18.84
9.62
4.34
1.73
7.43
3.14
2.45
0.16
0.7
3.66
5.21
0.19
0.02
0
0
0
0
0.06
0.01
1.16
4.2
8.18
2.63
0.28
0
0
0
0.02
0
0
0
0
0
0
2
11.38
0.42
0
0
0
0
0
4.69
3.56
0.43
0
0.31
21.47
0.77
0
0.7
0
0
0
0
0
0.91
0
0
0
0.12
0.02
0
0
0.09
0.01
0
0
0.28
0
0
0
0
0
0
0.35
1.25
1
0
0
0.08
0
0
0.02
0.01
0
0
0
0
0
10.34
4.84
0.58
0
0
0
0
0
0
0
0
0
2.26
0
0
0
0
0.12
0
0
0
0
0
0.2
1.27
0.02
0
0
0.01
0.23
0.88
0
0
0
0
0
0.86
5.25
0
0
4.88
1.44
1.16
1.44
0.56
0
0
0
0
1.98
1.92
0
0.11
0
9.34
26.98
1.82
0
0
0
1.52
4.98
0.13
0
0
0
0
0.01
0
0
0
1.18
6.27
5.78
0
0
0
4.31
10.99
2.22
0.07
0
0.25
13.48
4.31
13.58
13.84
8.95
11.79
17.7
8.36
2.97
15.22
6.18
0.93
0.49
0.25
0
0.11
0.09
0
0
0
0
0
0.04
0
0.34
21.2
10.01
1.58
2.87
1.63
0
0.09
0
0
1.45
0.54
0.08
0
0
0
0
0
0
0.14
0
0
0
0.02
0.68
0
0.23
0.01
0.17
5.15
0.12
0.01
0
0.42
4.3
1.49
0.45
0.09
0
0.3
0.01
0.02
0
0.01
0.16
0
0
0.76
4.55
8.23
1.07
0.08
0
0
0
0
0
0
0
0.09
1.71
0.54
0.01
0
3.12
7.1
0.61
0.4
0.47
0
0
0
0
0
0
0
0.02
0
0
0
0
0
0.2
1.23
0.09
0
0
0
0
0
0.01
0.01
0
0
0
0
0
0
0
0
0
0
0
0
0
0
0
0
0
0
0
0
0
0
0
0
0
0
0
0
0
0
0
0
0
0
0
0
0
0
0
7.75
2.85
5.36
3.24
0.58
0.63
0.07
0.21
0.06
0
4.26
2.29
2.2
7.63
3.81
1.71
0.43
0
2.76
6.05
3.57
4.91
0.74
0.08
2.64
8.19
18.19
10.63
0
4.82
1.93
0
0
8.41
0.38
0.02
0.82
2.83
9.16
0.63
0.11
0.34
0.9
0.27
0.98
4.21
1.84
7.81
12.76
3.38
1.11
1.46
1.05
0
0
0
0
2
9.3
0
0.02
0.91
3.86
2.05
1.69
0.8
0.09
3.7
0
0
0
0.02
0.02
2
0.18
3.89
15.13
0.27
0
0
0
0
0
0
0
0
0
0
0
0
0
0
0
0
0
0
0
0
0.68
0.83
0
0
0
0
0
0
0
0
0.05
0
0
0
0.34
0
0.01
0
0.04
0
0
4.67
0.57
0
0
0.01
0
0
0.03
0.12
0
0
0
0
0
0
0.01
0.01
0
0
0
0
0
0
0
0
1.74
0
0.01
0
0
0
0
0
0
0
0
0.01
0
0
0
0
0
0
1.66
0.09
0
0
0
0
0
0
0
0
0
0
0
0
0
0.04
0
0
0
0.05
0.46
7.22
0.52
0
0.01
0.03
0.01
0
1.61
0.37
2.34
0.96
0
0.16
0
0
0
0
0
0
0
0
0.98
9.35
0.64
0.06
0
0.66
0
0
0
0
3.47
2.38
0.37
0.7
0.51
0.07
1.04
0
0
0
7.36
1.06
1.24
16.55
0.24
2.41
16.41
2.09
0.09
0.29
0
0
0
4.82
2.1
0.05
0
0.11
0
0
0
0
4.48
16.96
3.73
5.38
0
0.97
0
0.98
9.38
0.93
11.12
2.12
0.14
0
8.1
16.12
2.69
1.26
0
0
0
0
0.06
4.43
0.09
0
0.35
0
0.04
0.02
1.35
10.2
9.58
7.15
6.05
11.53
2.69
7.45
13.38
3.05
0
5.19
0.17
2.86
2.29
6.7
1.68
0.15
0.66
3.59
3.31
7.95
0.41
0.91
0.86
0.84
3.83
2.59
10.61
0.43
0
0
0.39
3.43
4.9
2.6
19.95
4.08
1.38
0.35
0
0
0
0.01
0
0.29
1.54
1.01
1.73
7.05
0.93
0.05
0.01
0
0
0
0.53
0.06
0.02
0.18
0.11
0
0
0
2.29
1.23
1.2
0.63
0.02
0
18.08
13.99
5.79
11.35
2.81
0.73
10.39
1.81
0
0.96
0.27
0.61
0.02
0
0
3.3
0.3
0
0.03
0.11
0
0
0.13
0.66
0.86
5.63
1.06
0.24
0.39
0.64
0
0
0
0
0
0
0
0
0
0
0
0
0
0
0
0
1.94
26.88
3.81
0.23
0
0
0
0.03
0.07
0.01
0.07
1.36
0.07
1.65
0.18
2.16
2.28
0.4
2.1
0.26
0.03
0.05
0.23
5.89
1.63
0
0
0
0.7
0.93
0.01
0.55
17.98
11.39
9.31
6.92
3.43
0.09
0.37
0
0
0
0
0
0.01
0.01
0
0.02
0
0.01
0
0
0.01
0.18
8.29
2.13
0.05
0
0
0
0
0
0
0
0
0
0
0
0
0
0
0
0
0
0
0
0
0.21
0.52
0
0.45
0.3
0
1.45
0.79
0
0
0.8
0
0.09
0.16
0
0
0
0
0
0
0
0
0
0
0.01
0
0.41
0
0
0
0.01
0
0
0
0
0
0
0
0
0
0
0.03
4.9
1.02
0.86
1.12
0
0
0
0
0
0
0
0
0
0.1
0
0
0
0
0
0
0.03
4.02
1.4
0
5.82
0
0
0
0
0
0
0
0
0
0
0
0
1.46
3.51
20.95
10.1
4.18
1
0
0.15
0.02
11.25
0
0
0
0
0.01
0
0
8.43
0.6
4.53
0
0
0
12.12
2.23
0
0.02
2.82
6.1
17.73
18.34
4.71
0.68
2.12
0.34
0
0
0
0
0
0
0
0
0
0.02
0
0
0.15
0.14
0
0.01
0.05
0
0
0
0.3
0.13
2.21
0.04
0
0
0
0
0.01
0
0
0
0
0.01
0.01
0
0
0.01
0
0
0
0
0
0
0
0
0
0.01
0
0
0
0
0
0
0.01
0
0
0
0
2.4
7.29
0.38
0
0.03
0
0
0
3.77
3.23
3.12
7.79
10.93
0
0
0
0.02
0
0.43
0
0.01
1.04
2.84
0.06
0.6
0.07
1.11
0
0
0.02
1.98
1.09
8.03
0.52
0.13
0
0
0
0
0
0
0.02
0
0.52
0.12
5.64
0.17
0.38
0
0.02
0
0
0
0.01
0
0
0
0
0
0
0
0
0
0
0
0
0
0.06
2.27
2.4
0
19.55
4.68
0.81
0.02
0.09
0.01
0
0
0
0.66
6.68
7.27
13.64
7.7
0.9
0.38
0.02
0.01
0.01
0.01
0
0
0
0.01
0.01
0.97
0.12
0
0.02
0.06
2.47
1.35
0
7.52
9.09
4.76
0.42
0
12.54
8.82
4.57
0
0.03
0
0
0
0.1
0
0
0
0
0
0
0
0
0
0
0
0
0.17
0.93
0.35
2.92
6.35
4.84
18.8
21.12
1.2
1.87
2.23
0
0
0
0
0.01
0.01
0
0
0
0.23
0.87
0
0
0
0
0
0
0
0
0.3
0.01
0.04
3.48
6.84
4.12
5.86
2.14
0
0
0
0
0
0
0
0
0
0
0
0.01
0
0
0
0
0
0.01
0.03
0.01
0
0
2.93
0.25
0
0
0
0
0
0.07
0
0
0.02
0
0
0
0
0
0
0
0.01
0
0
0
0
1.05
0.01
0
0
0
0
0
2.12
0
0.02
0
0
0
0
0
0.01
0.01
0.05
3.83
0.22
0
0.16
1.34
1.19
0.06
0
2.57
0
0.02
1.1
0.46
2.95
8.61
0
7.98
0
0
0
0.04
0
2.86
4.13
0
0
0
0
0
0.15
0
0
0
0
0
0.17
1.21
2.87
7.75
3.69
0.01
6.88
1.95
3.03
3.34
0
0
0
0
0
0
0
3.29
0.41
0
0
0
0.01
0.23
11.71
16.02
9.89
0.86
0
0
0
0.03
0.37
0.18
0.03
0
7.89
7.08
1.73
0.08
0
0
0.03
0
0
1.41
0.88
0
0
0.04
0.04
0
0
0
0
0
0
0
0
0
9.11
5.52
3.14
8.95
2.23
1.91
9.05
3.27
3.21
5.58
2.76
4.44
0.47
0.05
3.29
1.63
4.05
0
2.51
0.03
0
0.2
0.16
0.49
0
0
8.24
6.99
3.25
0.48
4.7
2.14
0
3.37
4.17
4.66
5.88
0.48
0
0.24
0.01
1.68
0.95
3.22
3.37
0.01
0.01
2.37
0.94
1.34
3.89
1.07
0.7
11.05
1.29
11.68
3
6
0
0.04
0
0
0.05
0
0.18
0.03
3.78
1.89
5.05
1.14
7.99
0.4
0
0.06
0
0
0
0
0.83
1.54
0.05
0
0
0
0.02
0
0
0
0
0.01
0.04
0
0.01
0
0
0.02
0
7.55
11.25
3.17
0
3
0
3.12
25.56
11.07
2.76
0.15
0
0.02
0
0.5
1.29
0.21
0
0.01
0
0
0
0
0
0.02
0
0
0
0
0
0
0.01
0
0.1
0.04
0.08
4.09
17.43
4.37
10.92
16.59
2.68
0
0
0
0
0
0
0
0
0
0.79
1.06
2.14
9.39
10.46
1.61
0.22
0
1.63
11.1
0.59
0
0.78
0
0
0.06
0.71
0
0
0
0.17
0
0
0
0.07
1.05
14.57
4.33
4.84
0
0
0.52
0
0
0
1.69
16.65
0.25
0
0
0
0
0
0
0.09
0
0
0
0
0
0
11.35
8.21
1.09
0
4.74
0.17
0
0.97
0
0
0
0.01
0
0
0
3.25
0.09
0.91
0.09
0.01
0
0
0
3.89
0
0
0
0
0
0.03
0
0
0
0
0
0
0
0
0
0
0
0.03
1.03
0
0
0
0
0
0
0
0.02
0
0
0
0
0
0
0
0
0
0
0
0
0
0
0
0.71
0
0
0
0
0
0
0
0
0.02
0.21
0.01
0.15
0.26
0
0
2.16
3.32
1.1
0
0.01
0
0
0
0
0
0.01
0
0.07
0
7.33
0.65
5.28
0
0.01
0
0
0
0
0
0
0
0
0.01
0
0
0
0.16
0.6
0
0
0
0.15
0
0.62
3.97
14.91
7.87
5.86
0.95
0
0
0
0
0
0.01
0
2.03
7.48
10.4
4.55
0.53
13.5
3.83
21.3
14.52
1.2
2.02
0
0
0.31
13.61
9.47
2.74
9.46
0.37
10.64
13.8
0.2
0
0
0
0.05
0
0
6.22
1.66
1.09
0
0
0
0
9.62
6.61
0.36
0
0
0
0
5.8
4.95
0
0
4.58
1.86
0.01
0.31
4.09
1.07
0.55
0.37
0.3
1.46
4.04
1.53
1.01
4.7
0.7
0
0
0
0
0.03
0.04
0.94
1.08
0
0.04
0.04
0
0
0
0
0
1.89
0.39
0.43
0.75
0
0
0.04
0
0
0
0
0
0
0.02
0
0
0.16
0.1
0.2
0.02
0
0.03
0
0
0
0
0.14
0
0
0.16
1.88
1.45
0.07
0.06
3.65
4.44
0.59
0
0.02
0
0.23
0.38
0.24
0.09
0
0
0
0
0.01
0
0
0
0
0
0.13
4.39
6.07
4.97
4.67
19.73
10.52
1.74
0.39
0
0.55
0
0
0
0.04
0.17
0.37
0
0
1.78
0
0
9.11
4.43
0
0
0.02
0
0.19
0
0
0
0
0.65
0.41
0.03
4.45
6.38
8.49
6.65
9.54
2.22
9.35
1.27
0.06
0
0.08
0.15
0
0.41
0
0
0
0
0
0
19.58
13.95
1.89
1.61
0
0.11
0.53
1.62
0
0
0
0.02
2.53
21.11
5.48
3.37
8.95
22.12
5.4
2.4
8.55
2.97
0
0
4.46
6.34
3.95
0.39
0.02
0.02
0
0.02
1.13
0.05
0
0
0.04
5.05
3.64
4.5
5.44
3.65
0.53
0.1
0
0
0
0
0
0
0
0
24.55
5.7
0
0.75
0
0
6.57
0.07
0
0
0
0.01
0.04
0.93
0.01
0
0
0
0
0.01
0.02
0
0
0.02
0
0
0
0
0
0.24
11.58
0.86
0
0
0
0
0
0
0
0.7
1.98
0.63
0.01
0
0
0
0
0
0.44
0
0
0.05
6.53
0.04
0
0
2.07
0.61
0.07
2.21
0
0
0
3.18
3.61
0.23
0
0
0
0
0
0
1.48
0.65
0.85
0
0
0
0
0
0
0
0
0
0
0
0
0.47
14.87
9.54
1.44
4
2.77
0
0
0
0
0
0
0
0
0
0.02
0
0
0.02
0
0
0
0
0
0
0
0
0
0
0
0
0
0
0
0.02
0
0
0
0.05
0.02
0.26
0
0
0
0
0
0.55
5.39
3.45
3.73
4.18
0.55
0
0.4
18.48
2.6
25.14
7.65
3.58
1.92
2.68
1.86
1.18
2.05
17.04
3.22
0
0.05
0.05
0
0
0.03
0
0
0
0.01
0
0.22
0
0
0
0.17
0
0
0
0
0
0.02
1.94
2.01
0
12.65
1.39
3.88
0.35
0.02
0
0
0.12
0.21
0
0
0.11
0.03
0.15
0.59
0.24
0
0.02
0
0
0
0
0
0
0
0
0.05
0.08
0
0
0
0
0
0
0
0
0
0
0
0
0
0
0
0
0
0
0
0
0
0
0
0
0
0.02
0.15
1.84
0.23
0.02
0
0
0
0
0
0
0
0.14
0.62
3.83
0.72
0.98
0.03
0.03
0
0
0.07
0
0
0
0
0
0
0.01
1.19
9.38
8.53
1.57
0
0
0
0
0
0.42
0
0
0.01
0
0
0
0
0
0
0.02
0.08
1.29
0.35
0
0
0
0
0
0.87
0.72
5.06
0.27
0.58
2.96
0.61
1.59
0.05
0
0
0.74
11.9
9.34
1.86
0.1
0.08
0.02
0.2
0
0
0
0
0.05
0
0.01
0
0
0
0
0.19
0
0
0.04
0.36
0
0
0
0
0
0
0
0
0
0
0
0
0
0
1
0.17
0.16
1.51
9.48
0.86
0
2.82
0.67
0
0
0
0
0
0
0
0
0
0
0
1.09
1.12
3.41
0.52
0
0
0
0
0
0
0
0
1.08
0
1.29
0
0
0
0.04
0.01
0
0
5.15
0.58
1.85
3.45
1.95
0
1.2
4.88
0.52
0.01
0
0
0
0.02
0.03
0
0
1.39
0
0
0
0
0
0
0
0
0
0
0
0
0
0
0.01
0
0
0.02
0
0
0
0
0
0
0
0.01
0
0
0
0
0
0
0
1.04
0
0
0
0
0.1
1.43
0.03
0
0
0
0
0
0
0
0
0
0
0
0
0
0
0.03
0
0
0.02
0.14
7.21
6.03
1.73
0.36
0.03
0
0
0.16
0
0
1.5
0.29
0.02
0
0
0
0
0.14
0
0
0
0
0
0
0
0
0
0
0.01
0
0
0
0
0.09
1.06
2.11
4.23
2.55
0.48
1.27
0
6.99
4.57
0.22
2.04
1.98
13.27
1.86
0.79
0
0
0.71
20.86
1.13
3.6
2.49
0
0
0.09
0.44
0
0
0
1.13
0.54
0
0.33
14.43
11.67
21.19
5.59
0
0
0
0
0
0
0.02
0
0
1.44
0
0.19
0.21
0
0.01
6.78
12.64
0.63
0.52
0.15
0.1
0
0
0
0
0
0
0
0
0
0
0
0.02
0.02
0.05
0
0
0.25
0
0.01
8.27
2.28
0
0.86
0
0.44
0.04
0.06
0
0.22
0.59
5.95
4.05
1.25
6.85
0.07
0.01
0.11
0.01
1.16
2.76
6.39
0.27
0.5
0.13
0
0.02
0
0
0
0
0.11
0.03
0.08
0.18
0
0
0
0
0.02
0
0
0
0
0
0
0
0
0.01
0
0
0.06
0.04
0.23
4.16
2.97
1.82
3.09
1.4
4.96
2.23
13.57
5.39
0.19
0.5
0
0
1.22
9.03
0.15
0
0
0.01
0.19
0
0
0.01
0
0
0.01
0
1.78
7.08
3.72
3.1
0.83
2.31
4.43
0.11
0.01
0
0.08
0
0.22
0
0
0
0
0
0.16
4.56
4.75
1.95
0.27
0
0
0
0
0
7.28
3.85
1.18
1.91
0.05
0.33
0.11
4
3.84
1.61
0
0
0
0
0
0
0
0
0.39
3.68
4.24
2.94
0.7
0.02
0
0
0
0.73
1.5
0
0.74
0
0
0
0
0
0
0
0
0
0
0
0
0
0.13
0.72
0
0.01
0
0
0.01
0.01
0
0
0
1.14
5.96
5.72
0
0.11
0.01
0.92
13.73
4.31
0
2.17
4.98
1.84
0.23
0
1.1
5.39
0.17
0
0.66
0.21
0.01
0.01
0
0
0
0
0
0
0
0
0
0
0
0
2.39
3.23
1.76
0.35
0.66
5.79
3.46
0.51
0
0
0.01
0
0
0
0
0
0
0
0
0
0
0
0
0
0
0
0
0
0
0
0
0
0
0
0.01
1.44
0.01
0
0
0
0
0
0.25
0
0
0
0
0
0
0
0
0
0
0
1.65
0.31
0.73
0.5
1.12
0
0
5.27
9.49
10.8
0.36
0
0
0
0
0
28.56
5.81
0
1.46
0
0
0
0
0
0
0
1.06
0.16
0.1
0
0
0
0.01
0
0.01
0.91
0
0
0
0
0.42
12.55
10.19
10.38
25.09
1.64
4.37
9.82
0.27
3.59
1.04
0
0
0
0
0
0
10.87
14.29
2.95
1.36
1.72
5.95
0.66
0
0
0
0
0
0.13
6.93
13.95
0
0
0
0
0
0
1.34
3.26
5.23
0.19
0.12
0.25
0.11
0
0
0
0.62
0.92
14.11
2.23
10.15
1.55
0
0
0
0
0
0
0
0
0
0
0
0
0
0
0
0
0
0
0
0
0.01
0
0
0.03
0.4
0.02
0
0.01
0
0.01
0.02
0
0.12
0.37
0
0.06
0
0.47
0
0
0
0.12
0
0.08
4.23
0.05
1.84
3.46
4.18
0
0
1.7
0.87
0.04
0
2.49
3.09
2.34
1.97
0.03
2.85
16.84
4.12
2.83
2.61
0.48
0
1.83
0
3.24
0
0
0.13
4.95
1.02
0.21
0.91
1.02
2.15
0.4
0.02
0.01
0
0
0
0
0
6.67
4.88
0.18
0
0
0
0
0
0.02
0
0.38
0.02
0
0.11
0.01
0.08
0
0
0.09
0.14
4.45
5.6
2.34
0
1.3
4.06
8.53
1.27
1.86
1.52
1.43
7.09
8.54
2.69
1.14
1.11
2.6
11.6
2.8
2.42
0.59
1.59
1.73
0.22
0
0.25
0
0.38
0.02
0
8.33
15.48
11.92
8.83
1.12
4.19
1.05
6.01
5.23
0.33
0.38
0
0
0
0
0
0
0.23
0.34
0
0
0
0
0
13.46
12.2
1.95
5.74
4.81
1.6
4.54
1.37
0
0
0
0.01
0
0
0
0
0.01
0
0.04
0
0
0.73
0.21
0
0.02
0.02
4.8
5.48
12.03
3.38
0.2
0
0
0
0
0.02
0.05
0.02
0
0
0
0
0
0
0
0
0
0
0.01
0.27
0
0.01
0
0
0
0
0
0
0
0
0
0
0
0
0
0
0
0
0
0
0
0
0
0
0
0
0
0.07
4.13
0.58
0
0
0
0
0
3.7
0
0
0
0
0
0
0
0
0
0
0.32
0.21
0.51
0.08
0
0
0
0
0
0
0
0
0
0
0.15
0
0.01
0
1.39
0
2.21
2.21
7.73
1.11
0.04
0.37
0
0
1.67
5.48
1.75
1.42
0.43
0
0.11
0.01
0
0.15
0.3
0.64
6.88
1.59
5.45
1.01
0
0
0
0.01
0
0
0.03
0
0
0
0.74
0
0.02
0
0
0
0.16
4.6
0
0
0.05
0
0
0
0
0
0
0
0
0
0
0
0
0
0
0
0
0
0
0
0
0
0.01
0
9.27
10.8
0
2.77
0
0.13
0
0
0
0
0
0
0.55
0
0
0
0
0
0
0
0.08
0.34
0
0
0
0
0
0
1.64
1.32
0.59
0.23
0.59
2.06
0
0.02
0
0
0
0
0
0
0
0.12
7.03
3.27
0.27
0.48
0.53
0.74
0
0.05
0.55
8.34
0.25
2.46
0.9
2.66
1.11
0
0
0
0.02
0
0
0
0
0
0
0
0
0
0
0.01
1.23
0.73
7.55
0
0
0
0
0
0
0
0
0
0
0.3
0
0
2.14
2.4
15.51
1.49
0.89
0.04
0.45
4.66
0.84
0
3.38
3.46
0.02
0.03
0
0
0
0
0
0
0
0
0
0.14
0
0
0
0
0
0.8
0.04
0.03
0.34
0.75
8.58
0
0.3
0.02
1.05
0
0
0
2.89
0
0
0
0
0
0
0
10.86
11.75
4.39
5.95
6.83
0
0.7
0
0.34
8.26
14.71
7.15
15.23
4.48
0.23
0
0
0
0.02
0.03
0.08
0
0
0
0
0
0
0.1
0
0
1.45
7.45
13.13
14.95
0.25
8
7.89
1.93
4.73
2.44
3.59
2.43
0.82
0
5.31
0.68
8.69
2.31
3.44
0.56
0.87
3.2
0.07
1.95
13.5
4.91
3.63
0.55
0.11
2.48
0
0
8.61
17.15
6.14
1.1
0
0
0.16
0.3
4.54
0.07
0
0
0
0
0
9.46
2.12
0.21
0.12
0
0
0.06
0.08
0
0
0
0
0
0
0
0
0
0
0
1.71
0.02
2.11
0.49
0.69
0
0
0
0.01
0.01
0
0.01
0
0
0
0
0
0
0
0
0
0
0
0
0.05
0.02
0
0
0
0
0
0
0
0
0
0
0
0
0
0
0
0.31
0.09
0
0
2.42
0
0
0
0
0
0.01
0
0
0
0.56
1.55
0
0.14
0.14
12.27
0.26
0.02
0
0
0
0.07
0
0.01
0.01
0
0.16
3.19
3.89
0.33
2.88
0.91
1.33
0
0
0
0
0
0
0
0
0
1.44
0
0
0
7.96
3.84
0
0
0
0
0.9
5.56
0.59
0.69
6.87
8.3
2.27
2.06
0.02
0
7.88
11.21
1.82
4.73
15.86
6.13
2.48
0.65
0.05
0.12
0
2.54
0.52
0
0
0
0
0
0
0
0
0
0
0
0
0
0
0
2.05
0.16
0
0.01
6.37
1.87
0.22
2.22
0.91
2.69
0.39
0.67
3.38
21.7
3.85
1.42
0.33
0
1.39
10.27
0.36
0.46
0.14
0.07
0.01
0
0
0
0
0
0
0.01
0.24
0
0.01
0
0.02
0.02
0.72
2.16
7.92
0.74
0
0.24
0
3.21
1.71
0.16
0.74
0.08
2.05
0
0.11
0.08
0.04
1.93
4.25
0.09
2.7
10.49
0
0
2.52
0.84
0.09
1.13
0.84
1.58
2.61
8.23
6.1
3.42
5.85
6.77
4.52
0.25
0
1.77
0.07
0
0
0
0
0
0
0
0
0
0
0
0
0
0
0
0
0.18
1.08
2.44
2.56
1.46
7.73
2.44
0.98
0
0.03
0.02
0.01
0.01
0
0
0
0
0
0
0
0
0
0
0
0
0.04
0
0
0
8.96
1.41
2.42
0.39
0
0
0
0
0.03
4.66
0.85
0
2.02
11.3
2.68
0.25
0
5.37
2.92
2.88
1.3
10.23
2.82
1.05
1.06
0
0
0.03
0
0.75
0.15
0
0
1.66
0
0.01
0
0
0
0.01
0
0.59
6.8
0.17
0
0
0
0
0
0
0
0.29
0
1.02
0
0
0
1.49
0.22
0
0
0
0.25
1.72
0
0
0
0
0.06
0.41
2.73
0.33
0.86
0
0
0
0
1.18
0.54
0.98
0.93
0
0.05
2.02
0
0
0
0
0
0.07
0
0
0
0
0.01
0
0
0
0
0
0.01
0
0
0.11
0.01
0
0
0
0
0
0
0
0
0
0
0.19
0
0
0
0
0
0
0
0
0
0.01
0
0
0
0
0.01
0.31
0
0
0
4.32
0.04
0.35
0
1.56
0
0
0
0
0
0
0
0
0
0
0
0
0
0.01
0
0
0.04
0
0
0
0
2.6
0.2
2.93
0.41
0
0.61
0
0.57
0
0.46
0
0
13.74
1.74
0.19
0.07
0
0.01
0
0.02
0
0
0
0.48
2.06
1.53
1.66
0
0.55
0.64
0
0.87
1.45
0.51
0
0
0
0
0
0
0
0
0
0
0.36
8.62
9.67
2.23
0
0
0
0
0
0
0
0
0
0.02
0
0
0
0.29
0
0
0
0
0
0
0
0
0.16
0
0.01
0.04
0
0
0
0.58
0.02
0.02
0.02
0.14
2.01
0.25
2.79
6.61
0.3
0.88
9.22
2.86
0
0.35
0.63
1.28
0.11
0.3
0.01
0
1.48
5.24
2.84
0
3.43
1.08
0
0
3.96
10.82
17.94
18.15
10.5
16.52
8.13
3.5
11.83
23.84
10.07
6.31
0.99
0
7.43
6.6
2.77
3.1
9.7
0.63
0.74
3.38
1.23
9.43
10.87
3.02
0.37
1.25
0.89
0.34
1.82
0.15
0.13
0.37
0.01
0
2.5
1.11
0.36
0
0
0
0.3
0
0.04
1.18
4.96
1.52
0
0.12
9.32
1.96
0
0.05
0.01
0
0
11.64
9.84
2.25
1.62
0.23
0.63
9.29
5.66
5.8
1.3
7.04
4.61
0.38
1.75
0.65
3.81
3.91
0.17
20.55
5.2
6.73
0
0
0.02
0
0
0
0
0
0
0
0.07
0.59
0
2.91
0.41
0.76
17.88
5.51
0
0
0.54
3.6
1.38
0.58
0
0.06
3.02
0
0
0.52
1.61
0
0
0
0.1
2.78
6.5
7.41
7.42
6.93
9.28
5.77
1.08
0
2.33
1.9
0.87
0
0.96
0
0
0
0.08
1.82
3.45
0.05
4.35
0
1.3
0.54
3.84
7.41
2.7
9.05
3.4
6.09
0
0.25
0.3
0.02
0.01
0.03
0
0
0.01
0
8.67
0.36
0
0
0.12
0
0
0
0
0
0.01
0.05
0
0
0
0.03
4.75
24.75
5.64
5.47
12.53
1.83
4.88
1.5
0.01
1.16
2.35
0
0.2
0
0
0.04
1.89
13.79
8.95
0.05
1.12
1.09
0.01
0
9.57
8.16
0
0
0
0.04
0.05
0.08
0.01
0.02
0
0
0
0
0
0
0
0
0
0
0
0
0
0
0
0.01
0
0
0
0
0
0
0.01
0
0
0
0.06
5.42
1.86
0.28
0
0
0
0
0.02
0
0
0.08
3.41
0
0
0
0
0
0
0
0
0
0
0
0
21.18
1.11
0.02
0
0.02
0
0.22
0
0
0
0
0.34
0
0.05
0
7.8
10.22
0.25
0.09
4.84
0.28
0
0
0
0
0
0
0
0
0
0
0
2.19
0.34
0.09
0
1.23
3.36
24.67
6.8
0.6
2.59
0
0
0
0
0
0
0
0
0
0
0
0
0
0
0
0.25
1.63
9.16
2.64
0.33
0
0
0
0
0.01
0.92
11.19
0.62
0.23
0.14
0.81
0
5.43
0.34
1.55
2.26
0
1.74
2.44
3.39
0
0
0.14
0.13
0
0
0.01
3.05
2.63
1.2
1.78
0
0
2.79
6.46
5.25
4.12
0.07
0
0
0.03
0.41
0.79
0
0.28
0.39
1.99
1.5
4.91
13.85
6.66
2.47
0
0
0
0.11
0.01
0.74
3.81
1.61
0
0
0
0.66
1.44
0
0
8.34
5.54
3
0.48
0
0.01
0
0
0
0
0
5.12
1.29
0
0
0
0
0
0.34
5.16
7
3.66
2.71
0
0
0
0
0
0
0
0
0
0
0
0
0.13
1.88
3.13
10.71
7.37
2.84
0.55
9.73
1.59
0.06
0.13
0
0
0
0
0
0
0
0
4.01
4.17
0.05
0.52
0
0.24
0.16
0
7.39
0.91
0.89
5
4.41
8.89
2.33
0
0.09
0
0.2
0
1.47
0.29
2.57
4.06
2.79
0.09
0.04
0
0
0
0
7.39
0.6
0.01
0
0
0
0
0.04
0.05
0
0.02
0
0
0
0
0.13
0.88
0
19.58
4.43
0.27
0.92
0
0
0.18
0.52
3.59
1.63
2.01
1.92
2.77
0.55
4.84
1.26
18.93
0.73
0.03
0
0
0.66
0.55
10.92
1.14
0.02
0
2.16
0
0
0.05
1.25
0.42
0
0
5.14
4.56
0.05
20.65
6.07
0
0.02
0
0
3.65
4.74
12.15
11.8
0.8
0.09
0.04
0
0
0.01
0
0
0
0
0
0
0.02
0
0
0
0
0
0
0.16
0.02
0
0.05
0.05
0.64
0.24
0.23
0
0
0
0
0
0
0
0.84
0
0
0
0
0.01
0
0
0
0
0
0
0
0
0
0
0.01
0
0
0
0.13
0.02
0
0
0
0
0
0
0.01
0
0.01
5.38
0.92
0
0
0
0.12
0.12
0
0
0.03
0
0.01
0.01
0
0
0
0
0
0
0
0.12
0.44
0.11
0
0
0
0
0
0
0
0
0.02
0
0
0
0
0
0
0
0
0.01
0
0
0
0
0
0
0
0
0
0
0
0
0
0
0
0
0
0
0
0
0
0
0
0
0
0
0
0
0
0
0
4.33
11.23
0.13
8.73
19.84
1.49
0
0
0.1
0.02
7.73
15.03
17.11
12.62
1.95
1.26
0.16
0.07
0.01
0.01
0
0.34
7.66
0.66
0
0.43
0.1
0.54
0.67
0.1
4.39
0.05
0
0
0
0
0
0
0.04
1.54
3.07
0.01
0.01
0
0.51
0.02
0
0
0.25
0
0.09
0.24
0
0
0.97
0.19
0
0
0.04
0
0
0.02
0
0
0
0
0
0
0
0.03
0.13
0.5
0
0
0.02
0
0.01
0.11
0.02
0
0
0
0
0.77
3.11
2.54
0
0
0
0
0
0
0
0
0
0.04
1.18
0
0
0
0
0
0
0
0
0
0
0
0
0
0
0
0
0
0.14
0
0
0
0
0
0
0
0
0
0.01
0
0
0
0
0
0
4.68
0.05
0.05
0
0
0
0
0
0
0
0
0
0
0
0.05
0.01
0
0.07
2.85
1.82
0
0
0.02
0
0
0
0
0
0
0
0.05
3.03
7.81
6.47
10.36
2.87
0
0
0.01
0.81
1.34
7.25
1.57
2.76
0.31
0
0
0
0.29
0.52
0.13
0
0.02
0
0
0
3.45
5.9
12.35
5.66
2.13
0
3.57
3.96
1.52
0
0
0.05
0
0.03
0.07
0.57
0
0
0
0
0
0.02
4.44
1.98
0.13
0.02
0
0
0
0
0
0
0
0
0
0
0.63
0.05
0.01
0
0
0
0.46
0
0
0
0
0
0
0
0
0
4.27
5.93
0
0
0
0
0
0
0
0
0
0
0
0
0
0
0
0
0
0
0
0.01
0.01
0
0.01
0
0
0
0
0
0
0.01
0.01
0
0
0
0
0.66
0.51
0.64
0.06
0.01
0
0
0
0
0
0
0
0
0.06
0
0
0.01
0
0
0
0
0
0
0
0
0
0
0
0
0
0
0.02
0.02
0
0
0.01
0.17
0
0
0
0
0
0
0.23
0.1
0
0
0.01
0
0
0
0
0
0
0
0
1.84
0.01
0
0
5.58
0.02
2.11
4.71
1.55
27.1
1.09
0.11
0.03
0
0.02
0
0
0
0
0
0
0.1
4.79
2.1
0
3.56
0
0
1.21
8.33
15.01
11.88
13.25
0
0.12
6.6
5.53
5.01
0.82
0.07
0
12.52
0
0.11
3.99
19.37
9.84
0
0
1.59
19.81
6.97
5.39
0.86
0.03
0.18
0
0
0
1.66
0.02
0
0
0.16
0.02
0
0
0.27
5.63
0.25
0
0
0.05
0
0
0
0
0
0.05
0.26
0
0.02
0
0
0
0.31
5.18
0.27
1.51
0.06
0.16
0.14
0.39
0.06
0
0
0
4.29
0.02
0
0.02
0.14
0.01
1.44
0.47
0
0
0
0
0
0.09
0.03
0.1
0.06
0.56
3.54
2.74
0
0
4.41
1.17
3.66
7.52
2.23
0
10.12
4.96
0
0.2
0.11
3.12
0.28
0
0
0
2.45
0.73
0.01
0
0.62
0.04
0
0.05
0.14
5.97
0
0
0
0
0
0.27
1.39
0.48
0.93
0.09
5.67
7.86
0.89
0.23
0.01
0
0
0.05
0.02
0.02
0.14
7.79
3.41
3.1
7.59
15.54
4.82
1.95
1.55
1.61
0.66
0.03
0.12
3.77
8.4
0.04
6.19
0
0
2.98
3.59
4.5
7.84
19.36
3.36
2.52
8.88
0.21
12.99
1.06
0.27
4.65
5.59
2.37
0
2.31
0.44
0.04
0
0.13
0
0.01
0
0
0
0
0
0
0
0
0
0
0
0.21
5.96
4.95
12.66
5.22
3.92
0.75
0
0.28
0
0
0
0.03
0
0.05
0
0.01
0.16
0.4
1.96
4.95
3.2
6.44
6.07
2.33
0.93
0
0
0.01
0
0
6.54
1.58
0.06
9.25
0.16
0
0
0
0
0.1
1.09
0.13
0.73
0.09
0.04
0
0
0
0.01
0.01
0
0.01
0.39
0.22
0.43
0.04
0
0
0
0.01
0
0
0.02
0
0
0
0
0.02
0
0
0.01
0
0
0
1.04
0.8
0.55
0
0
0
0.01
0.03
0
0
0
0.61
3.76
0.04
0
0
0
0
0
0
0
0
0
0
0
0
0
0
0
0.28
0.01
0
0
0.22
0
0.05
0.03
0.08
1.27
0
0
0
0
0
0
0
0
0.01
0
1.82
12.7
0.46
0.12
0
0.02
0
0
0.06
2.93
0.52
1.08
0
0
0
0
0
0
0
0
0
0
0
0
0
0
0
0
0
0
0
0.64
8.77
0.12
2.07
0.56
1.81
2.61
1.84
0.12
0
0
0
0
0.02
0.02
0
0
0
0
0
0
0.01
7.15
0
0.02
16.86
0
1.02
1.75
0.11
0.02
0
0
0
0
0
0.02
0.81
0
0
0
0.05
1.14
0
0.01
0
0
0
0.01
0
1.98
11.76
3.13
0.36
0
0
0.02
0
0.01
0.01
0
0.21
0.32
0
0.08
0.05
0
0
0
0
0
0.01
0
0
0
0.01
0
2.99
0
0
0
0.04
6.64
11.66
0
0
0
0
17.96
3.72
0
4.83
0
0
0.07
0.24
3.89
12.24
11.78
7.2
1.8
0
0
0
0
0
0
3.36
2.52
1.45
3.92
0.73
4.4
4.91
1.74
1.33
6.66
4.13
0.03
0
0
0.02
0
3.55
5.88
2.21
0.98
0
0.05
1.44
6.13
0.12
3.05
3.37
3.33
12.11
0.86
11.89
3.21
1.65
0.32
0.97
0.52
0.7
0
0
1.3
0.19
0
0.14
1.56
0
0.52
0.33
0
8.61
1.65
0
0.01
0.03
0
0
0
0
0
0
0
0.13
0
0
0
0
0
0.21
2.84
0.8
1.69
0.08
0.13
2.66
0.38
0
0
0.04
0.26
0
0.6
8.54
2.77
1
0
0
0
0
0.01
0
0.07
4.05
0
0
1
0
0
0
0.81
2.51
7.89
0
0
4.24
0.45
0.06
0.01
0
0
0
0
0
0
0
0
0
0
0
0.04
0
0
0
0
0
0
0
0
0.02
1.87
1.02
4
0.04
1.54
2.26
0.55
0.05
1.08
2.15
0.13
0
2.33
0.01
0
0
0
0
0.13
0.02
0.03
0
0
3.3
0
0.16
0
0.01
0
0.02
0
0
0.07
0
0.32
2.61
17.23
0.14
2.14
0
0
0
0
0
11.3
22.24
0
0.04
0.97
0
0
0
0
0
0
0
0
0
0
0
0
0.03
0
0.01
0
0
0
0
0
0
0
0
0
0
0
0
0
0
0
0
0
0.01
0
0
0
0
0
0
0
0
0
0
0
0
0
0
0
0
0
0
0
0
0
0.29
0.14
0
0
0
0
0
0.01
0
0
0
0
0
0
0
0.99
0
0.05
1.27
0.93
0.58
0
12.02
1.84
0.76
8.4
0
0
0.75
9.23
0
0.2
0.06
0
0
0
0
0
0
6.86
12.99
12.85
9.98
8.36
7.31
1.38
0.57
0
0
0
0
0
0.03
0.05
0.04
0
0
0
0
0.02
0
0
0
0
0.98
8.56
6.55
1.38
0.48
1.11
7.98
0
8.9
15.18
0
5.72
5.35
1.82
0
0
0
0
0
0
0
0
0
7.56
3.62
5.21
27.05
10.49
0.38
0
0.05
0.52
0.13
0.01
0.95
0
0
0
0
0
0
10.63
9.45
0.71
0.53
0.08
0.02
0
0
0
0
0
0
0.01
0.06
0.33
1.46
0.05
0
0
0
0
0
0
0
0
0
0
0
0
0
0
0
0.56
5.29
0.85
0
2.3
1.27
0
0.89
0.69
0.03
0
0
0.01
0
0.4
1.07
12.61
2.71
0
7.27
7.1
0.82
2.12
0.16
0.09
0
0
0
3.64
1.43
0
2.94
0.29
0
0.15
0
0.27
2.13
1.13
0.09
0.79
0.13
0
0
0
0
0
0.06
0.11
0
0
0
0
0
0
0.03
0
0
0.01
0
0.02
0.03
2.16
11.28
1.09
1.9
4.56
5.72
15.27
0
0
0
0
0
0
0.02
0.01
0
0
0
0
0
0.13
0
0.44
5.05
0.02
2.82
0.33
0.36
0.06
3.5
1.93
0
0
0
0
0
0
0
0.02
4.48
16.82
0.35
0.07
0.02
0
0
0
0.03
0.02
0
0
0
0
0
0
0
0
0
0
0
0
0
0
0
0
0.06
0
0
0.02
0
0
0
0.02
0
0.37
0.02
0
0
0.36
1.09
0
0
0.13
0
1.89
7
12.04
0.46
0
1.16
5.3
0.8
0
0
0
0.01
0.11
2.02
0.16
0.11
0.01
0
0
0
0
0
0.18
0
0
0.05
0
0
0
0
0
0
0
0
0
0
0
0
0.37
0.6
0.01
0.01
0
2.43
0.05
0
0
0
0
0
0
0.05
2.49
0
0
4.41
0
0
0.11
0.55
1.01
0.11
0
0
0.03
0.02
0.02
0.01
0.17
0
0.01
0
0.02
6.31
0.1
0.09
0.41
0
0
0
0
0
5.12
4.63
1.04
0.1
0
0
0
0.2
1.79
0
0.01
0
0.03
0.02
0.02
0
0
10.95
0
0
0
0
0
0
0
0
0
0
0.41
1.2
1.99
0.31
0
0.06
0.09
1.59
1.89
1.27
0
0
0
0.45
0.78
2.04
0.54
0
0.04
0
5.05
4.77
1.05
0.29
0.03
0
0
0.42
0.02
1.58
1.47
0.35
0
0
0.04
9.78
17.79
3.65
0.07
0
0
0
0
0
0
0.01
0
0
0
0
0
0
0
0
0.3
2.67
0.15
0
0.08
0.07
0
0.2
0
0
0
0
0
0
0
0
0.01
0.01
0
0
0
0
0
0.18
0
0
0
0
0
0
0
0
0
0
0
0
0
0
0.84
0.13
0.43
0.8
6.68
0.13
8.24
12.57
0.71
1.31
0.38
3.83
3.05
11.2
2.3
0.03
0.32
4.66
0
0
0
0
0.01
0.02
0.26
0
0
0
0
0.01
0.03
1.16
0.62
0.07
0
0
0.07
0
0
0
9.89
1.82
0.59
1.54
1.81
2.79
19.8
8.8
5.83
0
0
0.98
1.11
0.09
0
0.04
0.01
0
2.29
0.48
13.55
3.54
0.08
0
0
0
0
2.96
1.09
2.3
5.3
0.09
1.24
0
0
0
0.05
0.22
0
0.18
0
12.63
9.45
0.73
10.44
0.28
0
0
0
0.56
0
0.02
0.01
0.69
0.42
0
0
3.48
30.38
0
0.6
0.03
0.06
0.16
6.4
3.38
8.71
1.34
0
0.44
7.96
0
0
11.82
8.27
1.38
1.09
3.36
0
0
0.01
0
0.34
4.23
0.32
0
0
0
0
1.49
9.71
11.21
18.51
6.72
6.01
3.28
1.98
3.72
0
0
0
0
0
0
0
0.09
0.83
0.34
0
0
0
0.01
1.15
0.63
0
0
0
0
0.36
0
0
0
0
0
0.45
0
0.01
0
0
0.14
2.77
0.98
0
0.09
0
0
0
0
0
0.02
0
0.14
0
0
7.34
0.06
0
0
0
0
0
1.47
0.2
0
0
0
0
0
0
0
0
0
0
0
0.05
0.15
0
0
0.01
0
0
0
0
0
0.01
0
0
0
0
0
0
0
0
0
0
1.37
0.05
0
0
0
0
0.11
0
0
0
0
0
0
0
0
0
0
0.54
0.05
0
0.02
0
0.1
0
0
0
0
0
0
0
0.02
0
0
0
0.39
10.96
5.74
0.2
0
0.01
0
0
0
0
0.01
0
0.02
0.09
0
0
0
0
0
0
0
0
0
0.01
0
0
0
0.01
0
1.06
12.88
2.55
0
0
0
2.73
1.1
6.72
8.74
4.29
9.23
13.25
4.8
0.06
0.04
0
0
0
0
0
0
0
1.85
7.05
17.8
1.07
0
0.56
0.02
0.01
0
0.05
0
0
0
0
0
0
1.21
18.69
4.19
8.48
7.59
1.8
4.06
10.08
2.64
0
0.27
0
0.02
0.19
3.65
3.73
0.01
0.11
0.04
0.01
0
0.01
0.05
0.31
0.01
0
0.16
1.55
0.03
0.2
0.3
0
0.09
0.05
0.02
0
0.01
0.02
0
0
0
0
0
0
0.02
0
0
0
0
0
0.02
0.31
0.69
0
0
0
0
0.01
0
0.04
0
0.01
0
0
0
0
0.01
0.01
2.62
7.64
0.03
1.91
1.13
0.04
3.95
3.79
4.56
5.15
2.4
0
0.44
0.03
0
0.98
0.98
2.01
1.09
0.03
0
0
0
0
0
0
0
0
0.84
0.2
0.02
0
0.02
0
0.89
0.01
9.8
0.26
0
0.18
0.89
0
0
0
0
0.37
0.52
0.01
0
0
0
0
0.02
0.09
0
4.06
2.74
1.11
4.17
2.95
2.08
0.09
0.1
0
0.03
0
0
0
0
0
0
0
0
0
0
0
0
0
0
0
0
0
0
0.11
0.3
0
0
0.04
1.86
1.89
0
0.53
0.82
3.54
1.82
0.55
0
0.05
0.77
2.36
0.02
0
0
0
6.59
6.43
2.27
0.34
0
0
0
1.81
7.92
0.63
0
0
0
0
0
0
0
0
0.24
1.32
0.62
1.66
1.97
6.67
1.05
15.19
0
0
4.09
0
0
0
0
0
0
0.01
4.84
1.27
0.61
0
8.28
0
0
0
0
0
7.77
0
1.1
3.44
0
0
0.01
0
0
0
1.25
6.07
11.64
1.66
0.04
0
0
0
0
0
0.01
0
0
0.82
0
0
0
0
0
0
0
0
0
0
0
0
0
0.13
0.22
0
0
0
0
0
0
0.01
0
0
0
0
0
0
0
0
0
0
0
0
0.01
0
0
0
0.32
1.91
4.14
4.05
0.03
0
0.03
0
0
0
0.11
0.13
0.02
0.01
0
0
0
0
0.01
0
0
1.31
0
0
0
0
0.05
3.44
0
0
0
0
0
0.03
0.02
0
0
0
0.27
0
0
0
0
0
0
0
0
0
0
0
0.05
0
3.06
14.16
0
0.15
0.07
0
0
0
0
0
0
0
0
0
0
0
0
0.29
3.29
0
0.02
0
0.07
0
0
0
0
0
0
0
0
0.01
0.02
0
0
0
0
0.02
0
0
0
0
6.07
0.28
0.01
0.46
0
0
0
0
0
0
0.46
0
9.67
2.82
0.05
0.06
0.72
1.94
0
0.04
0.02
0
0
0
0.02
0.02
0
1.74
5.68
0.75
0
1.85
0.09
0.55
0.04
0
0.02
0.06
5.73
17.89
3.15
1.72
1.79
1.35
0.14
0
3.82
0.18
0.01
0
0.02
0
0
0
0.12
0.03
0
0
12.71
3.24
0
0
0
0
0
0.88
0.14
2.55
7.18
5.79
1.86
1.28
0.84
1.24
0
1.2
0.38
0.02
0
0.02
0
0
0.01
0.23
0
0.08
0
0
0
0
0
21.36
9.38
12.41
12.95
7.15
5.14
3.01
2.76
1.46
2.16
8.61
13.78
2.9
1.62
1.03
17.88
1.61
3.69
11.82
0.07
10.64
0
0
0.05
8.17
0
0.6
0.16
0.06
0
1.36
3.55
0.13
0.05
1.54
0.91
1.2
0
10.36
5.88
5.36
9.41
18.47
12.67
6.11
1.14
0
5.88
0.3
0.01
0.71
0.01
0
0
0.5
0.02
0.06
0.23
0
0.08
0.83
3.78
0
0
0
0
0
2.77
1.01
2.77
3.52
0
0
0.02
0
0
0
0.01
0
1.48
2.84
6.59
3.75
3.2
2.45
0
0
1.05
0.25
5.23
4.54
15.3
3.6
0
8.97
9.34
0.07
0
4.98
2.96
0.43
6.07
5.65
0.34
0
0.11
0
0
0
0
0
0
0
0
0
0
0
0
0.37
0.07
2.53
1.46
0.88
4.13
0
0
0
0.01
0
0
0
0
0
0
0.07
0.01
0
0
0
0
0
0.01
0
0.15
0.17
0
0
0
0
0
0
0
0
0
0
0
0
0
0
0.07
0.14
0
0.31
0
0
0.03
8.73
0
0.01
1.6
0.95
0.23
0.63
0.02
0
0
3.76
3.68
0
0.49
0
0
2.02
0.05
1.08
0.02
0
3.11
0.08
0.11
0.04
0
7
0
0
3.52
10.29
0.86
0.13
0.14
3.65
0.07
14.72
0
0
0
0
0
0
0
0.12
0
0.01
0
0
0
0
0.01
0
0
0
0
0
0
0
0.03
0.46
0
1.36
3.18
0.25
0
0.52
12.22
4.8
0.13
1.05
0.24
0
0
0.06
2.38
6.56
0.02
1.07
11.01
13.45
0
0.21
0.01
5.25
9.74
0.11
0.5
4.32
0
2.11
1.09
0
0.06
0.13
0.61
0.18
0.15
2.96
3.84
6.48
2.2
2.33
2.18
0.09
10
4.08
0
0.01
3.52
0.23
0
0
0
0
0
0
0
0.02
0
0.02
0
6.13
10.05
0.36
1.05
1.56
0.36
1.08
0.02
0
0.01
0.01
0.01
0
0
0
0
0
0
0
0
0
0
0
0
0
0
0
0
0
0
0
0
0
0
0
0
0
0
10.17
0.56
0
0.12
0
0.03
0
0
0.02
0.09
1.22
5.78
5.78
3.72
0
0
0
0
0
0
0
0
0
0
0
0
0
0
0
0
0
0
0
0
0
0
0
0
0
0
0
0.02
0
0
0
0.62
7.72
0
1.3
0
0
0
0
0
0
0
0
0
0
0
0
0
0.05
0.01
0
0
0
0
0
0
0
6
3.95
3.72
0
1.67
10.12
5.52
1.81
3.39
1.52
2.41
0
0
0
0
0
0
12.75
17.94
12.34
4.47
3.25
0.62
4.84
12.31
3.19
0.99
0.36
0
0.01
0.82
0
2.07
0.27
0
0
0
0.04
0
0
0.22
0
0
0
0
0
0
0.12
0.03
0
0
0
0.01
0
0.02
0
0
0
0
0
0
0
0.16
0
0.15
0.14
0.16
0.3
0.51
0
0
0.01
0
0
0
0
0
0
0
0
0
0.02
0
0
0
0
0.09
0
0.25
0
0
0
3.76
1.88
0
0
0
0
0
0
0.12
0
0.03
0.09
0.11
0
0.04
0.36
0.17
0
0
0
0.01
0
0
0
1.98
0.12
0
0
0
0
0
0
0
0
0
0
0
0
0
0.03
0
0
0
0
0
0
0
0
0
0
0
4.81
4.17
0
0
0
0
4.62
0
0
2.56
0
0
0.48
0
0
0
0
0.03
0
0
0.31
0
0
2.19
6.98
38
3.31
3.69
0.34
3.13
2.69
2
1.48
0
0
0
0.23
0
0
0
0.88
0.02
0
0
0
0
0
0
0
0
0
0
1.45
0
2.84
0.31
0.25
0.54
1.2
8.28
3.05
0.28
7.62
6.22
0.2
0.02
0
0
0
0.05
0
0
0
0.23
1.31
4.93
2
0.69
0.12
0
1.66
0.81
0.79
4.69
5.39
6.16
0.58
0
2.55
0
0
2.81
2.34
8.03
1.12
0.77
0.07
1.06
0.52
0.62
2.45
5.97
0
0.06
2.12
1.28
0.17
0.05
0.16
1.66
0.41
0.37
0.19
1.44
0.08
0.06
0.47
0
1.12
0.94
24.94
22.56
6
0.54
0.13
0
0.01
0
0
0
0.01
0
0
0
0
0
0
0
0
0
0
0
0.21
0
0
0
0.01
0
0
0.05
3.11
0.12
0
3.38
0.12
0.19
2.31
6.81
0
0.34
0
0
0.36
1.38
0.48
0.32
0
0.02
0
0
0
0.16
0
0
0
0.05
0
0
0.01
0.04
0
0
0
0
0
0
0
0
0
0
0
0
0.21
7.97
2.24
0.62
0
1.98
0.03
0
0
0
0
0
0
0
0.08
27.48
11.59
1.16
0
0.03
0
4.12
6.48
3.78
0.09
1.2
1.12
1.73
0.02
0.48
8.59
24.69
2.16
0
0.02
0
0.67
9.86
2.66
0.91
4.02
4.02
2.44
1.03
0.02
2.27
7.66
2.05
3.38
7.38
3.69
1.03
3.75
0
0.15
0.38
8.47
1.86
1.68
0.12
0.02
0.06
0
0
0.01
0.03
0
0
0
2.51
0.94
0.31
0
18.86
1.52
6.61
8.59
0
0
0
0.01
0
0
0
0.01
0
2.55
0.3
1.2
0
0
0
1.32
0.03
0.02
5.31
9.09
0.23
0.08
6.56
0
0
0
0
1.38
0.31
0
0
0.41
0.11
0
0.01
0
0
0
0.16
1.25
0
0
0.01
0
0
0.01
0
0
0
0
0
0
0
0.73
6.73
0
0.71
2.55
0.17
0
0
0.02
0
0
0
0
0.3
0.53
0
0
0
0.01
0
0
0
1.37
0.02
0
0
0
0
0
0
0.04
0
0
2.5
25.39
0
0
0
0
0
0
0
0
0
0.05
0
0
0
0
0
0
0
0.03
0
0
0
0
0
0
0
0.03
0
0
0
0
0
0
0
0
0
0
2.8
6.75
0
0
0
0.06
1.39
1.98
0
0
0
0
0
0
0
14.69
0.05
0.1
0
0
0
0
0
0
0
0
0
0
0
0.01
0
0.01
0.77
5.81
2.69
1.06
1.46
0.03
6.38
0
0
0.01
0
0
0
0
0.07
3.39
0.94
16.75
9.86
3.84
0.36
0.41
0.42
0
0.01
0
1.25
0.09
0
0.02
0.13
0
0
0
0
0
0
0
0
4.97
0.19
0
0.01
0
0.45
2.03
2.7
0
1.75
6.8
0.97
3.78
4.34
3.8
0.01
0.23
1.6
0.53
0.17
0
0
4.91
0.16
0.06
0
0.05
1.81
0.12
0.08
2.41
1.12
0.39
0
4.42
2.05
0.58
0.2
0.19
0.14
0.44
4.91
19.25
8.14
1.98
0.19
0
0.03
0.03
0
0
0
0
0
5.59
9.88
1.53
9.72
1.88
4.77
0.47
0.14
0.37
2.59
2.83
1.59
0.25
0.47
0.11
0.05
7.72
10.67
11.61
10.39
18.91
1.5
3.03
0.64
0.14
0
0
0
0
0
0
0
16.14
1.16
0
0
0
0
0
0
0.34
0
0
0.69
0.22
0.28
5.75
8.83
0.33
0.09
0.03
0
0
0
0
0
0
0
2.86
0
0
0
0
0
0
0
0
0
0
0
0
0.16
6.25
1.32
0
0
0
0
3.72
2.69
10.95
7.44
0
0.18
4.91
2.64
0.23
0
0.16
0.52
6.98
6.45
2.7
1.94
3.3
1.45
6.44
2.47
8.42
1.86
0
2.1
1.23
4.24
0.03
0.08
0
0.04
0.66
6.16
0
0.3
0.06
0
0
0
0.06
0
0
0
0
0
0
5.78
0.03
0
0
1.74
0
0
0.16
8.41
2.9
0.73
11.67
6.05
18.59
0
0
0
0.01
0.01
22.66
0
0
4.16
0
3.08
0
14.66
0
0.75
0.03
0.19
0
0
0
0
0
0
0
0
0
0
0
0
0.01
1.34
0.01
0
0
0
0
0
0
0
0
0
0
0
0
0.03
0
0
0
0
3.42
0.02
0
0
0
0
2.06
0
0.3
0
0
0
0.01
0
0
0
0
4.29
0.01
0
0.65
0
0.02
0
0.09
0
0
0
0.04
1.16
6.69
0
0
0
0.02
0.2
0.12
33.44
27.81
0.13
0
0
0
0
0
0
0.03
0
0.02
0.27
3.94
31.38
2.16
1.5
0
0
0
0.27
2.44
1.38
0
23.73
0
0
0
0.01
0
0
0
0
6.92
0
0
0
0
0
0
0
0
0
0
0.01
0.03
0.44
0
0
0
0
0
0
0
0
0
0
0
0
48.81
16.91
36.94
1.28
7.38
0.17
0.02
0.02
0
0
0
0
0
0
0
0
0
0
0
0
0.02
0.14
0.06
1.7
14.69
1.81
0.22
0.59
0.16
1.83
0
0
0.23
5.06
0.52
0.18
0.08
0.59
0
3.31
0
0
0
0.14
0.02
0.01
0
0
0
0
0
0
0.03
0
0
2.81
3.53
4.62
11.5
0.03
0
0.02
0.02
0
0
0
0
6.73
3.06
0
0
0
0.06
0.03
0
0
0
0
0
0
0
0
0.08
0
0
0
0
0
0.01
0
0
0
0
0
0
0
0
0
0
0
0
0
0
0
0
0.09
1.17
2.53
0.3
0
0
0
0.16
2.25
0
0
0
0
0.34
1.54
0.79
0
0
0.01
0
10.36
0.16
0
2.36
2.45
0.05
0.12
2.19
20.2
12.03
3.75
3.31
0.23
0
0
0
0.19
2.03
4.06
2.25
0.69
1.06
1.58
0.94
0.13
0
0.96
8.83
0.73
0.09
0
0
0
0.28
0
0.02
0
0.03
0
4.19
2.64
0
0
0
0
0
0.09
9.97
0.88
0
14.28
3.11
1.05
0.77
7.56
4.15
3.41
0.12
2.37
0.04
2.92
1.28
0
0
0
0
0
0
0
0
0
0
1.95
0.39
0
0.15
0
0
0
0
0.02
0
0.47
0.05
0
0
0
0
0
0
0
2.32
0.09
0
0
0
0
0
0
0
0
0
0
0
0.83
2.67
0.15
0.37
0
0
0.19
0.14
0
0.02
0
0
0.41
0
0
0.27
0
0.01
0.07
0
0.04
0.5
0
0
0
0
0.12
0
0
0
0.03
0
0
0
0
0.02
0
0
0
0
0
0
0
0
0
3.56
0.11
0
0.65
0
0.44
0
0.2
0
0
0
0
0
0
0.84
0
0
0
11.91
0
0
0
0
0
0
0
0
0
0
0.23
0.13
0
0
0
0
0
0
0
0
0.05
0
0
0
1.71
4.7
5.83
0.55
0
0.11
0.09
0.72
9.9
7.8
0
0
0
0.03
5.69
0.3
0.33
0
1.39
0.07
0
0
0
0
0
0
0
0
0
17.48
5.28
0.12
0
0
0
2.58
0.04
0
5.41
6.5
0.31
0
3.14
0.02
0
0
0
0
0.11
0.05
2.11
0.37
0
1.53
0.27
0
0.01
0
2.92
2.47
0.66
0
5
0.27
2.2
5.08
3.14
2.78
4.56
0
2.61
9.45
7
0.05
3.5
0.19
0.06
5.7
0
0
0
0
0
0.73
4.02
1.75
0.39
2.06
13.56
12.84
8.69
4.81
26.84
35.31
11.2
2.08
2.32
0.94
1.34
0
5.39
0
0.36
0.09
0.06
0
0
0
0
0
0.01
0
