19510101
20.27
12.64
0.5
0
0
0.02
0
0
5.45
1.77
3.23
4.76
4.63
1.01
0
0
0
0.63
0
0.02
0
0.01
2.11
7.98
3.71
8.45
9.35
8.02
0
0
0
0
0.12
6.98
26.19
1.23
8.64
1.95
3.28
3.59
7.3
7.32
8.01
1.79
6.39
2.79
0.02
1.1
3.45
0.95
4.61
0.71
3.62
14.41
0
0
0
0
0
0
0
0.8
1.49
3.53
1.33
2.94
2.69
6.73
25.45
3.46
18.46
12.16
8.71
6.86
0.41
1.12
0.19
0
0
0
0
0
0
0
0
0
0.27
0
0
0
0
0
0
0
0
0
0
0
0
8.81
1.2
0
0
0
0
0
1.83
1.08
0.79
1.73
0
0.59
3.33
0
6.49
5.16
15.07
8.05
4.14
21.7
6.34
5.22
0
0.58
6.39
8.49
3.31
5.42
0.29
0.71
0.36
0
0
0.01
0
0
0.05
2.81
1.37
1.32
0.01
0
0
0
0
3.88
0
1.89
7.68
1.95
0
0.05
0
18.36
2.01
10.11
0
6.45
0
0
0.01
0
0
0
0.02
2.01
0.86
1.29
0.05
0
0
0.05
1.49
0.03
0
0.01
0.75
0
0.02
1.09
6.54
2.32
0
0
0.64
0
0.51
0.76
0
0
0
0
0
0.01
0.01
0
0
0
0
0
0
0
0
0
0
0
0
0.44
0.04
0.06
4.14
5.94
6.66
7.22
0
0.01
0
0
0
0
0
0
0
0
0
0
0.02
0
0
0
0
0
0
0
1.55
20.05
0
0
0
0
0
0
0
0
0
0
0.02
0.06
2.41
9.29
2.59
0.26
1.7
10.85
12.15
2.79
0
0
0
0
0
0
0
0
3.39
38.12
0
0
0
0
0.04
0
0.39
10.23
11.21
0
0
0
0
0
1.43
7.68
0
0.11
5.58
1.85
1.02
0
0
0
0
0.07
0.41
0.96
0
0
0
0
0
0.73
1.73
3.91
5.85
0
0
0
0.04
0
4.11
13.64
8.57
11.03
21.77
4.59
6
7
1.66
0.2
2.45
0.43
1.65
17.39
6.78
2.18
0.14
0.14
0.04
0
0
0
0
0
0
0
0
0
1.15
2.04
0
0.28
0
0
0
0
0
1.05
0
0
1.91
0
0.01
0
0
1.68
1.26
0
4.47
0.81
2.06
1.44
2.35
1.54
0
0.03
0
0
0
0
0
0
0
0.01
0
0
0.01
0.01
1.48
0.69
0.04
0
0
0
0.23
0
0.35
1.26
0.79
5.84
5.47
7.41
16.8
7.23
1.95
1.67
0.37
0.4
0.77
0
0.02
0
0
0.01
0
0
0
0.02
0
13.32
5.8
0.68
0.5
0
0
0.52
0.02
0
0
0
0.07
1.19
0
0
0.27
0
0.09
0.06
0.08
0.91
0.08
0.03
0
0
0.1
4.08
1.79
5.97
3.14
0
2.09
0.24
7.24
4.75
1.09
0.14
0
0.01
0.08
0.17
0.21
0
1.68
6.8
12.12
10.77
4.76
6.81
10.76
0.46
0.13
0
0.28
0
0.01
0
0.1
14.54
17.52
2.98
19.25
0.73
0
0.06
0.11
0
0
0
0
0.55
0.05
0
0
0
0
0
0.22
4.41
4.76
3.19
17.43
6.8
6.1
0
0
0.28
0.01
0
0.63
0
0
0.27
0.74
0
1.04
9.66
3.25
4.85
4.9
13.43
9.6
4.63
0.02
0.02
1.64
1.13
3.15
7.55
0
0
0
0
0
0
0
0.01
1.67
1.76
3.54
0
0
0
0.02
0.51
1.27
3.25
0.04
0
0
1.3
0
0
0.01
2.19
8.16
0.23
0.07
0.02
0
0.83
4.63
6.76
11.84
1.82
0
0
0
0
0
0
0
4.04
7.78
0
0.05
0.07
0.02
0.31
5.51
0.08
6.05
0
0
1.77
4.16
10.65
0.84
7.75
0
15.73
0.93
0.02
0
0
0.11
0.08
0
0.01
0.87
0.02
0
0
0.01
0
0
0
0.44
2.57
0
0
0.26
0
2.03
0.01
0
0
7.95
19.24
6.39
1.69
0
0
0
0
0.02
0
1.92
0
0
0.92
0
0
1.83
1.07
0.14
9.88
7.58
0
0
0.03
0
0
0.01
0
0
0
2.27
2.33
0
0.14
0.49
0
0.01
0
0.1
0.01
4.63
0
0
0
0.77
0.02
2.12
0.16
1.54
3.27
0
0
4.45
9.88
1.03
2.41
6.64
0
0.77
7.52
1.58
0.01
2.03
2.95
0.01
0
0
1.88
0
0
0
0
0
0.01
0
0
0
0
0
0.84
0.54
0.44
2.32
4.66
2.3
3.41
0
0.2
0
1.2
1.92
0.67
1.3
1.98
3.74
17.8
1.09
5.04
0.46
0.05
0
0
0
0.01
2.08
0.02
0
1.34
7.85
3.66
0.11
1.91
6.05
1.33
0
0
0
1.63
0.03
0.54
0.51
0.41
1.99
1.83
1.62
0.86
0.1
0.71
2.09
2.17
0
0.22
0.09
0
1.14
0
0.28
0.71
0
0
0
0
0
0.02
0
0
0
0
0
0.14
0.04
0
0
0
0
0
0
0
0
0
0.64
3.34
10.75
6.51
0.22
0
0.04
4.81
0.3
0.49
0.99
1
0
0
0
0.06
0
0.06
0
0
0.01
0
0
0
0.05
0
0
0.01
0
0
0
0
0.01
0
0
0
0
0
0
0.77
0
0.03
0
0
0.3
0
0.13
0.11
0
0.3
0
0
0
0.32
0.42
0
0
0.02
11.63
0.98
0.2
0
0.25
1.18
2.7
0.81
0.07
0
0.17
0.05
0.01
0.01
0
3.73
20.94
13.85
7.61
0
7.42
0.89
4.18
0.89
12.32
0.05
0
0
0
0
0
0
0
0
0.01
0.01
0
0
0
0
0.67
11.45
0
0
0
0
0
0
0.01
0
0
0.01
0.26
0.84
0.55
0
0
0
0
0
0
0
0.04
0
0.5
11.12
0
0.15
0
0.02
0
0.63
0.02
0.01
0.02
0
0.86
0
17.29
0
2.93
1.87
0
3.84
0
15.89
7.3
8.55
7.2
0
0
1.73
2.5
0.88
1.26
0
0
0
0
0
0
0
0
0
1.32
0
0
0
0
0
0
0
0
0
0
0.01
0
0.14
0
0
0
1.59
0.65
0.01
0
0
0
0
0
0
0
0
3.03
1.55
1.13
0
0
0
0
0
0.01
0.01
0
0.04
1.01
0
0.05
0
0
0
0
0
0
0.01
0
0
0.13
6.62
1.42
0
0.2
0.03
0
0
0
0
0
0
0
0
0
0
0
0
0
0.01
5.76
14.7
0.6
0.02
0
0
0.29
0
5.13
10.74
1.15
0
1.46
0
1
2.56
12.64
6.92
9.44
9.27
8.07
0
0
0
3.48
0
0.07
2.48
0.48
1.66
5.7
2.3
2.09
0.03
0.04
0
1.23
6.48
0.06
0
0
0
0
0
0
0
0
0
0
0
0
0.01
0.01
0.04
0
0
0.05
0
0
0
0
0
0.02
0.99
0
0.02
0
0.43
0
0.56
8.4
1.79
0.35
8.22
4.76
0.02
0
0.12
0
0.88
1.66
0.94
0
1.38
1.68
0.61
0
0
0
0
0
0
0
0
0
0
0
0
0.02
0
0
0.35
0.19
0.65
0.3
0
0.01
0
0.01
0
0.05
0
0.01
0.02
0.01
0
0
0
0
0
0
0.01
0
0
1.34
4.42
6.08
2.64
0
0.11
0
1.02
0.8
0
0.16
1.12
0.39
1.09
9.96
0.38
1.58
4.93
3.01
0.39
0.02
0
0
0
0
0
0
0
0
0.95
0.27
0.06
0
0
0
0.28
4.35
0
0.05
10.38
13.78
3.83
0.12
6.93
7.82
9.57
3.41
0
2.73
4.68
1.57
2.33
0
0
3.16
4.38
0
1.24
0
0
0
0.04
3.3
2.89
0
0
0
0
0.11
0.01
0
0
0.01
0
0.44
0
0
0
0
0
0
0
0.01
0.01
0
0.02
0
0
0
16.47
2.34
2.48
3.45
0
1.8
1.2
0
0
0
0
0
0
0.28
2.38
0
5.91
6.17
41.76
13.65
2.37
0
0
0
0
0
0.01
0
0
0
0
0
0
0
6.42
5.82
19.86
44.13
0
0
0
0
0
1.07
0
0
0
0
0.02
0.01
0
0
0
0
0
0
0
0
0.02
0
0.13
0
0.01
0.03
0
0.03
0
0
0
0
0
0
0.03
0
0
0
0
0.01
0
0
0
0
0
0
0
0
2.18
0.49
0
0
0
0
0
0
0
0
0
0
0
0
0
0
0
0
0
0
0
0
0
0
2.14
0
0
0
0
0.22
0
1.41
0.55
0
0
0
0
0.01
0
0.01
0
0.01
0
0
0.11
1.09
0.16
0
0.01
0
0.06
0
0
0
0.1
2.15
0.97
0
0
0
0
0
0
0
0
0.25
0
0
0
0
0
0
0
0
0
0.11
0.11
0.01
0
0
0
0
0
0
0
0.01
0.01
0.05
0.02
0
0
1.92
0
0
0
0.28
0.12
0
0
0.01
0.07
0.03
0.78
0.26
0
0.01
0
0
2.29
12.15
3.55
1.43
0.01
0
0
0
0
0
0
0
0
0
0.31
0.2
3.56
7.24
1.04
0.54
6.41
10.93
0.05
12.05
12.8
0.74
0.34
0
0
0
0
0
7.79
3.58
0.51
0.04
0.12
0
0
0
0
0
0.02
0
0.02
0
0
0
0
0
0
0
0
0.01
0
0
0.09
6.86
18.61
9.86
9.89
4.41
5.38
1.52
12.25
0.73
0.52
0.18
0.25
0.85
4.34
2.8
12.11
11.21
7.8
2.68
3.15
2.69
0.95
0
0.29
0.17
0.5
0.45
1.68
6.53
8.25
6.38
32.81
1.34
0.06
0
0.27
0.01
0
0.02
0
0.1
1.84
3.84
0
14.98
28.27
9.09
6.52
4.7
0.42
1.2
5.88
3.8
6.48
5.36
2.3
0.39
0.01
0
0
0
0.01
0
0
0.14
0
2.88
0.84
0.16
0.45
1.23
0
0
0
0.02
0.02
3.25
9.25
6.32
0.43
0
0
0
0
0
0
0
0.4
0.09
0
0
0
0
0
0.02
5.69
3.68
0
0
0
0
0
0.02
0.32
0
0
0
0
8.98
10.29
3.94
8.91
6.46
0
0
0
0.04
0.81
0
0.21
3.88
0
0.01
0
0.95
0.01
0.01
0
0
0
0.02
0.07
0
0
0.01
0.01
0.81
0
0.13
0.81
0
2.03
3.41
1.95
1.91
0
0
0.35
1.3
9.66
4.22
0.4
2.31
0
3.16
6.92
0.94
7.18
0.54
0
0
0
0
0
0.34
4.31
10.19
8.7
1.68
1.13
0
1.55
0.19
12.2
0.54
0
0.13
0.01
0
0
0
0.02
0
0
0
0
0
0
0
0.05
0.01
0
0
0
0
0
0.71
0.1
0.57
2.26
4.33
4.01
0.64
1.73
0
0
0.77
0.02
0
5.12
0
0.01
0
0.32
3.17
7.15
4.09
0
0
0
0
0.06
0
0.01
21.09
0
0.86
0
0
0
1.09
0
0
0.34
0
0
6.85
7.35
0
0
0.03
0
0
0.66
1.36
0.16
0
0
0
3.93
0.07
0
0
0.57
0
0
0.02
2.58
1.87
23.86
0
0
0
1.88
0
0
0
0
0
0.15
0
0.12
0.5
6.89
8.88
1.84
0
0
0
0
0
0
0
0
0.03
0.02
0
1.23
4.34
0
1.54
10.93
0
0
0
0
0
0.02
1.49
11.98
20.3
14.45
7.84
1.21
0
2.78
11.92
0
0
3.49
3.23
0.14
0.27
4.8
1.71
0
0
0
0.01
0
0
0
0
1
1.89
11.66
0.51
2.55
0.02
0
0
6.64
15.43
10.32
0
0.08
0.04
0
0
0
0
0.02
0
0.43
3.17
11.79
25.58
21.52
18.87
3.77
5.63
5.85
10.84
5.6
0.45
0.43
3.02
0
0.02
0
0
0.08
0.84
0
0
0.02
0.02
0
0
0.02
0
1.8
4.76
0.18
0.73
11.89
5.49
3.47
5.83
10.85
2.77
5.85
2.34
1.75
0.06
0.04
0.32
0
0.04
0.02
0
0.02
0
5.74
1.16
0
0
0
0
0
0
0
0
0
0
0
0.26
0
0
0
0
0.31
0
0
0.68
1.33
2.34
7.64
1.3
0.67
0.2
0
0
0.01
0
0
0
0
0
0
0
0.05
0.93
0.02
0
0
0
0
0
0
0
10.45
9.53
6.55
5.23
10.87
25.49
3.37
7.64
3.33
9.76
25.73
27.92
12.89
5.27
0
0
0
0
0
0.01
0.04
1.82
2.4
0.43
1.04
0
5.23
9.78
8.94
2.66
5.85
0.02
0.13
3.79
8.22
3.63
6.78
2.35
1.08
5.62
4.8
9.89
3.47
0
0
0.01
0
0
0
0
0
0
0
0
0
0
0
0
0
0
0.11
1.26
0.81
26.32
13.23
13.59
5.12
5.4
42.81
41.9
4.6
0
0
0.59
0
0
0
0
0
0.02
0
0
0
0.02
6.23
0.54
0
0.59
0
0
0.01
0
0
0
0.08
0.01
0.02
20.51
4.52
2.23
3.2
0.92
10.13
0
0.05
0.07
0
0
0
0
0
0
0
0.02
0
0
0
0.03
0
0
0.2
0
0
0.04
5.15
19.85
1.64
0
0
0.01
0
0
0.01
0.16
9.06
0.66
0
0
0
0
0
17.02
10.68
0.26
0
0
0
0
0
0.01
0
0
0.57
0.05
0
0.06
0
0
0
0
0
0
1.94
0
0
0
0
0
0
0.16
0
0
0
0.02
0
0
0
0
0
0
0
0
2.59
1.39
0.03
2.14
11.41
9.85
0.86
24.38
17.39
3.99
0
0
0
0
0
0
0
0
0.99
0
0
0
0.03
2.16
3.05
2.23
0
1
1.93
6
2.13
0
0
0
0
0
5.15
0.22
0.02
0
0
0
0
0
0.29
4.48
0
0.05
0
0
0
0.63
2.09
4.64
1.86
0.01
0.2
0.64
0
0
0
0.29
0.16
0
1.06
6.02
1.82
0
0.02
0.03
0
0
0
0
0.12
0.02
0
0
0
0
0
0
0
0.02
0
0
0
0
0
0
0
0
0
0
0
0
0.3
0.36
0
0
1.56
0.93
1.47
5.63
5.07
9.09
6.93
3.91
0.08
0
0
0.01
0
0
0.95
1.88
0.85
0
0
0
0.54
1.95
0
0
0.02
0.96
0
0
0
3.57
4.41
1.33
0.57
0
0
0
0
0
0
0
0.13
1.17
0.2
0.55
0.63
1.08
0.05
0.07
0
0
0.12
4.8
16.04
15.87
15.48
0.96
0
2.73
0.33
0
0
0
0
0
0
0
0
0
0
0.05
1.58
4.76
0
0
0.04
1.98
1.15
0
0
0
0
0.03
0
0.02
0.04
0
0.87
4.47
4
1.95
5.85
0.68
0
0.88
0
0.66
3.49
0.98
0
0
0
0.06
3.82
0.88
0
0
0.75
0
0.02
0
0
1.09
3.43
5.33
1.92
0.03
0.1
0
0.15
0
1.84
2.97
5.02
5.38
7.01
9.39
4.45
10.86
8.29
1.25
13.72
3.04
0
2.46
11.68
8.53
3.41
2.65
0.09
1.54
2.42
0
0
0
0
0
1.54
0
0
0
2.73
5
7.05
7.38
4.25
8.97
3.6
3.31
8.81
9.93
6.88
0.26
0.05
0.02
0
2.52
24.77
7.28
0.4
0
4.34
10.89
4.84
1.76
6.29
15.02
15.26
0.46
0.49
3.2
8.73
0.65
0.01
0
0
0.01
0
0.01
0.01
0
0
0.05
2.08
1.29
0
0
0.03
0
0
0
0
0
0.04
0
0
0
0
0
0
0
0
0
0
0
0
0
0
0
0
0
0.39
0.48
0.04
0.04
0
0.04
0
0
0
0.04
0
0
2.97
0.01
0
0
0.01
0
0
0
0.01
0.01
0
0
0
0.02
0.01
7.04
1.05
2.23
2.5
0.06
0.01
0
0.02
0
2.34
0.48
0
0.28
0
0
0
0
0
1.65
8.75
3.33
7.17
10.62
1.88
0
0
0
0
0
0
0.02
0
7.1
9.29
32.88
8.44
0.09
0
0
0
0.01
0
0
1.73
0.91
7.67
6.48
6.55
0
0.02
1.05
4.72
0.98
0
0
0.01
0
0
0
0
0
0.24
0
0.34
3.28
1.39
0.91
2.08
4.74
11.68
4.44
6.98
0.85
0
0
0.04
0
0.04
0
0.01
0
0
0
0
0.02
0.77
0.5
0.02
0.02
0.02
0.02
0
0.02
0.01
0.03
0.02
0
0
0.04
0.01
0
0.01
0.44
8.9
13.34
7.56
0.34
0
0.19
0
0
0
0
0.01
0
1.91
7.13
1.11
1.32
0
0
0.02
0.02
0.02
0.1
0.66
0.52
0.05
0.52
0
0.02
0.01
0
0.18
1.21
1.94
0
0
0.03
0.01
0
0
0
0
0.01
0
3.75
3.83
0.29
1.48
2.71
4.3
9.93
13.54
1.27
0.58
0
0.04
0
0
0
0
0
0.67
1.3
4.54
6.8
3.6
6.07
1.17
0
0
0
0
0
0
0
1.05
0.24
0.67
1.07
0
0
0
0
0.86
0.27
0
0
0
0
2.05
0.73
3.05
1.2
1
0.04
0
0
1.34
3.5
0.82
4.1
0.11
0.67
0
1.61
18.62
3.81
4.56
2.09
5.34
10.48
4.49
7.55
0.74
5.88
7.43
7.25
2.4
4.16
0.4
0.33
0
0
0
0.3
3.55
4.36
0
0.08
0.04
0
0.01
0.48
0.14
0.02
0
0
0
0
0.3
0
0
0
0
0
0
0
0
0
0
0.15
5.92
5.75
2.41
4.84
15.48
2.12
0
0
0
0
0
0
1.74
0
0
0
0
0.09
0
0.01
0
0
0.02
0.2
0.16
0
0
0
0
0
3.45
9.1
0
0
0
0
0
0
0.06
19
25.16
10.71
0.02
0.59
0.32
1.09
0.57
1.95
3.07
0
0.09
1.25
0.88
4.39
0
0
0
0.03
0
0
0
0
0
0
0.03
0
0
0.03
0
0
0
0
0
0
0
0
0
0.02
0
0
0
0
0
0
0.09
6.53
1.16
0.04
1.22
0
0.02
0
0
0
0
0
0.01
0
0.02
0
0
0
0
0.45
3.23
0
0
0
0
0
0.01
0
0.36
0.71
0
0.66
0.02
0.01
0.01
0
0.9
2.48
0
1.25
0.83
3.48
1.8
0.21
0.53
0
0
0
0.01
0
0
0
0.01
0
0
0
0.02
0
0
1.57
10.98
1.51
0
3.93
1
3.44
7.8
0.64
0
0.24
0
0
0.01
0
0.01
0
0
0
0
0
0
0
0
0
0
0.01
1.27
0.02
0.22
0.1
0.59
2.73
0.41
0.01
0.02
0
0
0
0.02
0.01
0.03
0
0
0.76
1.27
0.88
0
0
0.72
0.37
0
0
0
0
0
0.07
1.45
0
3.06
1.24
0.12
0.34
5.67
7.17
16.87
12.45
8.05
5.44
4.21
2.51
2.46
1.55
2.96
5.52
17.65
9.68
14.12
8.32
10.69
23.28
16.43
9.69
6.77
6.1
2.04
0.55
2.45
0.23
0
0
0
0
0.02
0.22
0
0
0
0
0
0
0.11
5.77
3.59
2.11
0.51
1.96
11.69
7.43
0
0
0.2
0.33
5.86
1.14
3
0
0.1
0
0
0.43
0.35
0
0
0.04
0.5
1.23
2.95
1.19
0.49
0
2.48
0.66
0
0.69
0.53
0
0.01
0
0.02
0
0
0
0
0
0
0
0
0.03
0.28
0
0.02
0.24
2.01
5.33
21.77
1.49
6
5.66
1.16
15.15
15.83
7.8
12.34
5.96
0
0
0.03
0
0.81
0.28
0.27
12.33
9.25
0.75
6.7
3.48
1.16
0
0
0.59
0.94
0
0
0
0.66
0.47
1.68
0.53
1.54
2.17
0.67
0
0.01
0.41
0.55
10.62
5.95
7.38
2.81
0
0.1
0.01
1.3
2.03
1.91
4.06
2.6
0
0
2.49
0
3.66
0
0
1.82
1.21
1.82
5.59
14.52
11.7
2.18
0.85
2.49
1.02
1.21
0
0
0
0
7.75
4.4
8.32
7.25
1.98
2.79
0
2.28
0.24
1.01
6.52
12.22
1.31
1.5
0
0.02
0
1.88
9.57
14.7
12.71
2.7
0
0
0
0
0.38
5.29
3.6
0
0
0
0
0
0.01
0
0
0.01
1.85
2.67
1.39
0.57
0
0
0
0
0
0.01
0
0
0.77
0
0.01
1.6
1.61
0.82
1.89
8.65
0.23
0
0.55
3.29
9.02
3.23
0
0.92
0.95
0
0
0
0
2.29
0.02
0
0
0.02
1.89
2.63
6.88
4.93
3.85
0.08
0
0
0.27
0
0.02
0
0.01
0
0
0
0
0
0.02
0
0.08
0.02
0
0.19
3.72
0
3.05
3.07
3.45
0.72
2.17
2.15
4.4
11.51
8.8
2.66
0
0
0.2
0.44
1.43
5.59
3.61
0
0.01
0
2.83
0
1.61
0.31
2.66
4.9
1.66
7.22
3.22
1.16
0
8.84
10.45
10
2.74
0
0.89
0.34
15.08
2.65
0.78
0.01
1.64
2.58
0
0
0
0
0
3.3
12.76
7.78
6.47
6.41
3.6
0
0
0.29
0
2.66
5.98
7.77
6.39
2.3
0
0.42
1.31
1.8
0
0.03
0.07
0
0
0
0
0
11.96
3.88
1.23
5.81
6.24
10.76
5.94
2.09
4.63
12.9
3.55
0
0
0
2.1
8.95
3.59
1.7
16.48
23.8
1.3
2.28
0.87
0.19
1.04
10.12
9.34
9.62
18.86
14.07
7.63
0.48
0
0.41
3.34
0.45
0
1.42
0
0
0
3.33
6.43
4.47
5.02
6.39
6.46
0.01
0.56
1.11
0.35
0.39
0.14
0.14
0
0
0
0
0.15
4.64
11.88
5.77
2.99
1.29
1.36
0
0
0.7
4.43
1.48
0.28
4.18
1.34
4.06
8.77
19.12
20.57
18.9
8.59
4.24
0.65
0.01
0.01
0.6
0
3.38
8.5
10.29
1.62
0.06
2
10.02
6.46
4.2
8.91
7.88
3.16
9.65
8.93
5.69
5.77
2.57
9.89
7.94
0.98
0.6
0.52
0.04
0.01
0.84
0
0
0
0
0
0
3.59
3.31
10.82
5.44
1.97
1.75
4.14
6.98
10.63
9.52
0.41
0
0
0
0.18
0
0.04
2.31
5.66
6.12
6.12
4.1
3.01
1.69
3.57
0.11
0
1.92
0.11
0.33
0.84
0.08
0
0.35
0
0
0
0.01
0
0.02
0
0.02
0
0
0
0
0
0
0.11
0
0.22
0.13
0.36
0.14
2.34
2.93
5.38
0.36
0.26
0
0.04
0.07
0.21
0
0.01
0
0
0
0
0.68
5.27
2.32
10.2
4.51
0
1.3
0.01
2.27
0
0
0
1.25
3.73
0.42
0.14
4.56
31.61
7.5
0.32
4.13
9.31
6.85
8.26
2.49
3.27
1.33
0
0
1.41
0.56
2.66
1.19
0
0.06
0
0
0
0
0.05
0.04
0
0
0
0.57
1.71
0.26
0
0
0.69
0
0
0.01
0.01
0
0.03
0
0
0
0
0.39
1.98
0
0.63
1.11
0.04
0
0.61
0.88
0.04
0
0
0
0
6.07
6.91
6.79
1.52
0.06
0
0
0
0
0
0
0
0
0.12
0
0
0.01
0
0
0.07
0
0.6
2.29
0
0.02
0
0
0
0
0.02
0
0
0
0.11
0.01
0.01
0.18
0
0.02
0.07
0.02
0
0
0
0
0.01
0
0.01
0.09
1.52
3.99
2.05
1.2
5.21
0
0
1.4
5.03
1.79
1.69
4.09
5.02
0
0
5.06
3.41
4.63
21.38
23.92
22.39
18.01
3.02
2.77
1.8
1.48
0
1.05
5.94
14.99
4.67
0
0
0
2.14
14.7
9.38
8.98
16.84
16.82
8.12
2.89
2.18
11.11
24.66
12.41
9.58
1.88
2.86
1.71
3.91
6.41
5.82
0
0.04
0
1.57
4.23
3.86
2.3
0
0.02
0.35
0
0
0.14
0
1.22
11.51
6.63
0.87
0.02
0.03
0.07
0
0.46
0
0
1.29
1.38
0.65
2.07
5.5
7.7
12.12
2.36
0.54
0.3
0.26
1.77
1.53
3.63
1.9
0
0
0.6
1.25
2.05
0
0
0.42
1.03
2.67
1.01
8.4
4.18
3.2
0.09
7.02
2.83
2.45
6.41
3.09
0.74
0.22
0.16
0.06
0.82
3.75
0.16
0
0.01
0.09
0.04
0
0
0.18
2.19
1.46
6.36
5.3
3.05
3.63
2.21
1.18
0
0.12
0.27
0.18
0.98
0.14
0
0
0.02
0
0
0
0.02
0
0.01
0
0
0.03
0
0
0
0
0.63
2.48
2.3
0
0.11
0.13
0.57
0.24
0
0.01
0
0
0
0
0
0
0
0
0
0
0
0
0
0
0
0
0
0
0.31
1.35
0.93
0
4.44
0.87
0
0
0.02
0
0
0
0.03
0
0.01
0
0.04
0.09
1.07
7.57
11.5
4.82
5.33
5.54
0.13
0
0
0
0.37
10.12
4.38
3.41
0
1.01
1.71
14.71
6.79
0.16
0.62
0.15
3.05
8.1
2.09
0.05
0.04
0
0
1.01
5.22
0.99
0
0
0
0
0
0
0
0
0.28
0.02
0
0
0
0
0.01
0.08
0.93
1.26
0.52
1.8
2.29
8.05
10.82
14.32
6.52
2.04
1.2
0
0
0.59
2.22
0.22
0.02
0
0.3
0
1.09
0.04
0.03
0.89
0
1.25
0.18
0
1.27
0.91
0.75
0
1.91
11.76
2.94
0.04
1.84
0
0
0
0
0.01
0
0.04
0
0.02
0.01
0
0.02
0
0
0.01
0
0
0
0
0
0
0
0.03
0
0
0.01
2.09
2.82
0.85
0.11
1.21
8.77
10.72
1.48
6.75
0.91
0
0
0
0.02
0
0
0
0
0
1.02
2.43
0.05
0
0
0
0
0.05
0.01
0
0
0
0
0.02
0
0
0
0
0
1.34
7.59
12.74
5.45
0
0
0
0
0
2.16
0.26
0
0
0
0
0
6.54
37.55
15.02
1.6
0
0
0
0
0
0
3.34
18.03
11.71
5.4
0.69
0
2.5
0.06
0.62
9.43
3.96
0.01
0.01
0
0
0
0
5.42
14.95
3.29
0
0
0
0
0
0.05
0
0
0
1.45
0.69
0.59
6.36
4.83
1.01
0.2
0
0.05
0
0
0
0
0.01
2.43
4.45
12.81
8.33
2.42
1.2
9.92
8.62
8.23
0.85
1.2
18.58
19.87
15.7
8.23
5.64
21.36
8.59
5.18
41.5
5.61
0
0
0.37
1.13
0.12
0.17
0
0
0
2.46
1.18
0.09
0
0
0
0
0
1.08
1.03
0.01
0
0.33
1.92
4.33
4.3
11.23
6.15
1.98
0
2.09
8.04
8.21
0.71
13.89
6.89
1.37
0.87
0
0.81
0
3.16
2.08
2.23
4.33
1.43
8.2
2.92
0.12
7.36
11.95
0.96
0
0
0
0
0.05
0.02
0
0
0
0.01
0
0
0
0
0
0
0
0.03
3
3.21
0.06
0
0
0
0
0
0
0
0
0
0
0
0
0
0.98
8.05
8.45
5.85
12.32
2.94
0.07
9.43
11.03
4.34
2.84
0.4
5.98
9.28
4.52
4.01
1.96
0.51
0.02
0
0
0
0.24
0
1.48
0
0.05
0.07
0.75
8.97
6.01
0.13
0.09
0.79
0.2
0
0
0
0
1.42
0.27
0
0
0
0
0
0
0.31
0.52
2.87
0
0
7.03
8.6
2.84
0.61
0.29
0.52
0.17
2.49
7
3.01
1.16
1.82
0.75
2.74
9.92
4.55
0
0.35
0
0
0
0.01
0
0
0
1.22
1.43
0.38
0.07
0
0.01
0
8.05
6.05
0
0.03
0
0
8.18
23.07
19.07
4.54
1.55
4.33
5.99
3.56
0
0.18
0.79
3.41
0
0.13
0
0
0
0
0
3.89
9.95
2.47
0
0.05
0.07
0.16
0.05
0.01
0
0
0.24
0
3.27
0.46
7.49
1.96
0
0
0.02
0.02
0
0
0
0
0
0
0
0.01
0.01
0
0
0
0
0
0
0
0.05
0
0
0
0
0
0
0.01
0.07
0.16
0.03
0
0
3.49
0.27
0.08
0
0
0
0
0.02
0
0
0
0
0
0
0.09
0
0
0
0
0
0
0
0
0
0
0
0
0.03
0
0
0.01
0
0
0
0
0
0
0
0
0.07
0.01
0.02
0.01
0
0
1.67
0.41
0
3.54
1.98
1.4
0
2.23
0
3.09
18.98
5.71
0.95
1.97
1.11
0.02
0
0
4.14
0.09
0.41
0
0
0
0.06
0.01
0
0.56
8.89
11.41
4.2
1.21
3.43
3.3
0.39
1.48
0.61
0
0.25
0
0.21
7.51
4.49
0.4
0
0
0
0
0
13.68
12.07
3.11
5.09
0.64
0.53
2.16
2.46
2.44
1.91
2.04
1.44
1.81
0
1.22
0.92
1.33
3.3
1.96
1.53
0
0
0
0
0
0.01
0
0.01
0
0.13
0.05
0.07
0.02
0.11
0.12
0.23
0.02
0.09
0.59
0
1.7
0
0.11
0
0.04
0.14
0.03
0
0.02
0
0
0
0.55
1
15.28
20.55
18.24
12.08
3.08
7.51
12.29
1
2.06
9.94
11.64
2.43
3.02
5.75
7.76
0.55
1.52
2.67
2.14
0
2.14
3.72
1.57
2.23
3.89
0.71
0.54
0
0
0.02
0
0
0
0
0.03
2.15
2.25
1.3
1.2
0.98
3.13
4.14
2.78
5.77
12.29
14.05
6.09
0.37
2.16
6.26
17.09
12.27
2.32
3.18
5.55
1.42
0
0.34
1.19
0.89
0.16
0.57
0.55
0.62
0.24
0.36
0.52
0
0
0
0.06
1.29
2.63
5.58
2.72
4.2
1.06
0.11
0.27
3.41
0
0
0.52
0
0
0.1
0
0.12
0
0
0
0
0.19
0
0
0
0
1.57
3.63
0.71
0
0
24.53
30.18
15.6
4.67
10.73
8.24
2.6
0
0
7.88
5.08
0.3
0
0.01
0
0
0
0
1.63
0
1.4
2.73
0
0
0.58
0
0
0.08
0
0
0.05
0.05
0
0
0
0
0
0
0
0
0
0
0.01
0
0.16
0
1.1
0.49
0.74
1.54
0
1.76
2.73
1.55
2.47
2.78
3.3
10.35
2.63
0
0
0
0.42
0
0.03
0
0
0.02
0.01
0
0
0
0
0
0.03
0
1.96
0.33
3.66
5.31
8.63
6.18
1.42
0.57
0.02
0.01
0.01
0.02
0
0
0
0
0
0
0
0
0.01
0
0
0.05
0.04
0.02
0.02
0.79
0
0.42
0.17
0.19
5.12
4.55
5.62
1.67
1.78
4.77
1.23
3.18
1.06
0
0
0
0
0
0.01
0
0
0.05
0.03
0.19
0
0.02
0.1
0
0
0
0.01
0
0
0
0
0
0
1.02
0
7.71
0.01
0.01
1.52
0.81
4.13
4.75
0.45
1.09
0
1.02
0.69
0.01
0
1.09
4.11
3
3.63
6.88
0.76
0.88
0.03
1.3
0.06
0.96
6.36
1.12
0
0
0
0
0
0
0
0
0
0.05
0.02
0
0
0
0
0.01
0.01
0
0
0
0.02
0
0
0
0
0
0
0
0
0
0
0.05
1.2
0
4.12
14.29
11.56
9.16
19.81
5.61
8.34
10.55
4.26
2.82
5.5
6.86
2.29
3.03
19.93
36.71
15.02
14.03
7.13
0.2
0.3
0.4
0
0
0.38
0.3
0.3
4.87
4.84
2.21
0.72
3.33
0.78
3.89
6.14
5.46
5.25
1.17
5.71
2.93
0.75
1.24
7.04
4.64
1.2
0.98
9.42
4.92
0.62
3.41
5.12
2.36
0
0.01
0.01
0.07
0.11
0.16
0.04
0.04
0.75
0.22
0
0.06
0.27
0.02
0
0
0
0
0
0
0
0
0.15
0.88
1.41
1.3
0
0
0
0
0.08
0.03
0
0
0
0
0
0
0
0
0
0
0
0
0.01
0
0
0
0
0.07
0
0
0
0
0
0.78
12.75
12.97
12.38
7.75
18.64
4.55
0.06
0.95
4.65
23.71
28.79
6.76
1.94
3.53
2.02
0
0
2.38
1.42
0.2
0.19
0.7
0.23
0
2.4
4.63
6.41
2.98
2.13
2.5
0
0
0
0
0.67
2.1
2.07
1.13
0.27
1.75
0.81
0.23
0.07
2.74
8.3
1.18
6.74
1.03
1.65
1.91
1.55
0.36
2.07
0.99
0.6
0.8
0.62
1.33
0.21
0.01
0
1.66
12.55
8.4
5.66
2.69
0.04
0
0
0
0.02
0.01
0
0
0.02
0
0
0
0
0
0
0
0
0
0
0.05
0.01
0
0
0
0.19
0.21
0.2
0
0
0.25
8.39
2.48
1.7
0.55
0
0.02
0
0
0.27
1.63
2.26
6.52
4.95
0
0
2.03
0.76
0
0
0
0
0
0
0
0
0
0
0.05
0
2.8
9.02
7
29.41
4.88
1.91
0
10.4
2.6
0
0
0.02
0
0.12
0.24
0.01
0
0.92
0
0
0
0
0
0.01
0
0
0
0
0.2
0
0
1.59
0.45
0.2
0.63
0.51
1.29
0
0.04
0
0
0
0
0
0
0
0.26
0.81
1.97
0
0.09
0
0
0.04
3.93
0
0
0.03
0.02
0
0
0
0
0
0.02
0.01
0
0
0
0
0
0.02
0.66
0
0
0
0
0.04
0
0
0
0
0
0.01
0
0
0.19
0.11
0
0
0
0
0.01
0
0
0.01
0
0
0.01
0.15
0.48
0.84
4.88
16.34
3.61
2.12
0
0.32
0.05
0
0.01
0
0.27
1.72
4.49
3.61
0.81
6.44
2.17
0.04
0
0
0
0
0
1.35
2.63
0.14
0
0
0.01
0
0.01
0
0
0
0
0
2.13
11.32
22.7
0
0
0
0.04
0
0.59
0
0
0
0
0
0
0
0
0
0
0
0
0
0
0.04
0.38
3.81
0.54
0
0.7
0
0.09
0
0
0
0
0.02
0.11
0.81
0.28
0
0
1.8
0.89
2.21
5.91
0.52
0.04
1.74
2.38
1.09
4.25
0.96
0.42
0.16
6.65
1.63
0.09
0
0
7.02
1.74
0
0
0
0
0
1.77
1.02
0.93
0.26
0.47
0.17
0.49
0
0.69
0.14
4.59
3.21
1.45
0.95
0
0.73
0.08
0.07
2.43
11.88
2.02
5.37
10.16
0.45
0.14
0.09
0
0
0
0
0.02
0
0
0.2
0.41
0.61
0.09
0.21
0
0
0
4.45
0.95
1.7
13.9
10.63
5.65
2.27
9.97
2.87
1.13
11.65
15.41
5.41
2.13
4.88
1.12
0
0.03
0
0.56
9.46
12.41
15.96
6.68
9.87
4.23
0.77
1.34
0.1
0
0
0
0
0
0
0
0
0
0.01
0
0
0
2.9
2.29
0
8.45
3.72
0
0
0.4
0
0
0
0.01
0.15
0
0
0
0
0
0
0
0
0
0
0
0
0
0
0.01
0
0
0.08
0.89
0
0
0
0
0
0
0
0
0
0
0
0
0.07
0
6.77
9.2
0
0.01
0
0
0
0.02
0.63
1.16
0
0
5.82
0.84
0
0.02
0
0
0
0
0.5
0.05
0
0
0
0
0
0
0
0
0
0
0
0
0
0
0
0.01
0
0
0.01
0.25
0
0.67
1.34
0
0
0
0
0
0
0
0
0
0
0
0
0
0
0
0
0
0
0
0
0
0
0
0
0
0
0.59
0.14
0
0
0.01
0
0
0
0
0
0
0.01
0
0
0
0
0
0
0.02
0
0
8.07
6.63
0.57
1.25
1.75
0.01
0.05
0
0
0
1.74
2.17
0
0
1.13
0.04
0
0
0
0
0
0
0
0
0.04
0
0
0
0.01
0
0
0
0
0.02
0
0
0
0
29.3
11.91
9
3.55
5.3
15.26
1.88
0
0
3
13.76
4.06
2.73
0.7
29.55
8.35
6.19
0
0
0
0.25
0
0.15
1.34
3.71
6.28
1.01
1.29
0
0
3.8
4.2
0.24
2.73
7.78
3.41
0
0
0.08
0
2.98
22.99
24.76
5.85
0.37
0.3
0
1.73
3.4
3.6
0
1.21
0
5.69
5.12
5.58
0.22
6.96
0.87
0
0
0.42
0
0.79
0.21
1.34
1
0.38
1.04
4.54
1.36
0.27
0
0
20.06
6.65
0.23
0
0
0
0
0.01
5.69
2.45
0.17
0
0.02
0.7
0
0.6
1.39
1.24
1.64
11.16
4.38
3.26
1.51
0
0
0.69
0.02
0.78
0.57
0.41
0.47
1.76
3.97
1.03
0.43
7.09
7.32
1.18
5.27
7.08
12.5
7.89
14.29
26.13
23.43
4.86
4.13
2.39
3
4.71
0.67
0.12
0.56
2.68
0.53
0.01
0.37
0.38
0.05
0.01
0
0
0
0
0.07
5.96
3.22
14.74
5.77
2.73
10.12
3.77
0
3.98
4.51
8.43
5.41
1.52
0
0
0
2.2
21.09
1.8
0
0
0.43
0.17
0
0.02
0.01
0
0
0.05
0
0
0
0.02
0.01
0
0.01
0.02
0
0.01
0
0.01
0.02
0
0.01
0.01
0
0.02
0
0
3.15
7.27
2.2
0
1.33
1.4
0.88
1.61
9.5
4
4.05
3.8
4.3
1.33
14.52
13.59
6.3
0.52
0
1.65
0
0.18
0
3.59
1.32
0.57
0.02
2.93
0.91
0.41
0
0.2
1.71
3.52
0
0.03
0
0
1.18
0
1.58
1.58
3.68
0
0
0.2
1.98
2.42
5.59
0
0
0
0
0.58
0
3.98
3.67
0
0.41
5.44
2.84
6.3
3.24
11.13
4.31
21.55
0
0
1.64
18.05
1.69
0
0.29
0.22
4.97
1.46
0
0.01
0
0.01
0
0
0.02
0.05
0.01
0
0
0
0
0
0
0
0.11
4.52
1.17
0
0.01
0
0
0
0
0
0
0
0.69
0
0
0.03
0.07
0
0.01
0
0
0
0
0
0
0.48
1.2
0
0
0
0
0
0
0.11
0
0
0
0
0
0
0
0
0
0.03
0.1
0.01
0
0
0
0
0.3
0.12
0.11
0
0
0
0
0
0.42
0
0
0
0
0
0
0
0
0
0
0
0
0
0
1.32
3.21
11.21
6.69
0
0
0
0
0
0
0
0.08
0.05
0.24
1.34
12.02
19.72
6.17
0.21
1.45
1.74
9.34
10.56
0
1.19
8.3
6.35
1.69
0
0.18
0
9.12
11.55
6.61
0.86
0.61
4
0.48
2.2
1.21
0.07
0
12.76
5.66
0.36
0.01
0
0
0.28
0
0
2.42
0
5.44
14.02
10.42
6.12
9.23
2.7
0.56
0
0.02
0
0
0
0
0.18
0
0.23
0
0.11
0.14
0.08
0.11
0
0
0
0.12
0
0.56
3.15
0.09
0.02
0
0.01
0
0
0
0
0
0
0.09
0
0
0
0
0
0
0.01
0
0
0
0.01
0
0
0
0
0
0
0
0.03
0
0
0.28
0.03
0.16
0.41
0.44
2.27
11.91
14.23
3.19
0.35
0
0.3
0.68
0.01
0.01
0.05
5.09
3.03
9.87
1.74
4.5
0.14
0.06
0.23
0.02
0.01
0.25
0
0
0
0
0
0
0
0.83
0.37
0
0
0.04
2.29
0.03
3.55
5.49
10.4
16.95
12.58
2.29
0
0.13
0.01
0
0
0.35
2.3
0
0.06
0.05
0
0
0.02
0
0
0
0
16.31
4.71
0
0
0
0
0
0
0
0.01
0
0
0
0
0
0
0
0
0
1.34
7.7
1.97
0
0
0
0
0
0
0.02
0
3.71
9.45
5.71
1.32
0.14
1.73
1.16
4.53
2.65
2.55
1.84
0.53
1.72
0.02
0.55
0
0.05
0.03
0
0
0.01
1.2
0
0.57
3.63
0.41
0
0
4.85
1.41
0.43
3.29
4.24
1.64
4.04
1.69
2.04
0.95
3.78
5.34
2.48
0.72
0
0
0.02
0
0
0.01
0
0
0
0
0
0
0
0
0
0.28
1.48
2.96
14.68
4.78
0
0.04
0
0.13
0.04
0
0
0
0.39
0
0
1.07
0.01
0
0
0
0
0
0
0.04
0
0
0.1
0
0
0
0
0
0
0
0
0.04
0
1.36
0
1.34
0
0
0
0
0
0
0
0
0
0
0
0
0.09
0.03
0
0.02
0.01
0
0
0
0.02
2.34
0
0.34
0
0.79
0.13
0
0
0
0
0
0.01
0
0
0
0.01
0
0.16
0.01
0
0.05
0
0
0.41
0.04
0
0.02
0.13
0
4.6
1.53
0.07
0
0
0
0
0
0
0
0
0.02
0
0
0
0
0.02
0
0
0.01
0
0.03
0
0
0
0
0
0
0
0.04
0
0
0
0
0
0.01
0.01
0.02
0.05
0
0.29
4
0.3
0
0
0.01
0
0
0.66
3.04
0.07
10.68
0
0
0
0
0.01
0
0
0.09
0
5.28
1.81
3.55
0.52
0
8.42
10.96
0.07
0.02
0
0
1.29
5.75
25.29
17.84
17.16
7.69
0
0.52
0.81
0
0
1.56
7.09
5.87
0.28
0
0
0
0
0
0.02
0
0
0
0.09
0.48
0.27
0.21
0
0
0
0
0
0
0
0
0.29
0.07
0.01
0
0.21
1
0
0
0
0
0.28
0.02
0
0
0.02
0
0.02
0
0.01
0
0
0
0
0
0
0
0
0
0
0
0
0
0
0
0
0
0
0
0
0.01
1.28
0.25
0.14
0
0
0
0
0.01
4.95
2.79
4.07
8.39
0
1.41
3.68
4.65
10.99
9.34
3.13
0.52
1.3
5.44
2.81
6.43
14.54
4.9
3.48
5.56
7.87
3.86
2.01
4.91
2.02
7.88
0.83
0.89
3.4
1.75
0
0.35
8.47
0.16
1.27
0
0
0
0
0
0.13
0
0
5.66
5.6
0
0
0
1.07
12.05
2.54
0.22
5.09
14.36
3.73
0.68
0.02
0
0.01
0.78
3.59
0
0
0.01
0.25
1.23
1.16
5.4
16.7
0.59
0.4
0.14
0
0.01
0
4.77
3.63
17.63
0.07
0.01
0
0.34
0.32
2.61
2.67
0
0
0
0.21
6.25
9.99
0
1.74
5.53
2.05
0.01
0
0
0.04
0.01
0.01
0
0.1
0.65
5.7
0.54
0
0
0.23
5.23
0.38
1.32
2.91
0.85
0.05
0
0
0
1.67
0.5
1.38
0
0.04
0.02
0
0
0
0
0
0
6.11
0.88
0
0.5
3.56
0.77
0
0
0
0
0
0
0
0
0
0
0
0
0
0.01
0
0
0
0.22
2.55
2.8
0.43
0
0
0
0
0
0
0
0
0
0
0
0
0
0
0
0
0.02
0.6
0
0
0
0
0
0
3.84
4.07
0
0
0.51
0
0.01
0
0
0
0
0
0
0
0.13
0.15
4.89
0
0
0
0
0
0
1.65
8.01
0.84
0.1
0.11
2.02
1.03
0.04
0
0
0
0.01
0
0
0
0.17
0.1
0.04
0.93
2.06
2.44
3.97
1.6
0
0
0.01
0.01
0
0
0
0
0
0
0
0
0
0
0
0
0
0
0.01
0
0
0
0
0
0
0
0
0
0
0
0
0
0
0
0.01
0
0
0
0
0
0
1.24
7.2
11.51
9.03
2.55
1.12
8.88
1.03
12.14
5.6
0.34
0.21
0.39
0
2.21
2.43
12.41
1.84
0.04
0
0
0
0.01
1
0.54
0
0
0.04
7.14
4.73
3.03
0.94
2.66
7.59
0
0
0.18
1.29
4.49
0
0.15
2.8
0
0
14.23
3.16
5.21
5.73
8.09
1.96
0.13
1.25
0.27
0.66
0
0.27
0.04
0.32
0.42
0.01
0
0
0
0
0.28
0.01
0.17
0.2
1.76
1.24
0
7.17
2.3
6.25
5.24
9.93
3.55
7.21
0
1.21
0.34
0
1.29
0
0.01
0.02
0
0
0
0
0.08
3.29
1.1
0.63
0
5.96
3.87
0
0
0
0
0
0.07
0.41
0
0
2.25
2.05
2.76
1.22
5.93
11.13
4.32
1.92
14.13
20.16
3
1.77
1.64
0.13
7.34
17.66
3.1
6.31
4.55
4.07
2.99
0.84
4.18
0.77
2.26
0.14
0
21.63
25.23
8
4.38
21.77
5.6
1.73
0
0.32
5.02
2.44
0.01
0
0.04
0.05
0.03
0
0
0
0.01
1.04
7.69
4.69
0.05
0.07
0.25
4.05
1.18
0
0
0
0
0
0
0
0
0
0
0
0
0
0.05
0
1.74
10.92
8.95
32.02
18.1
0.84
0.31
2.55
4.15
6.15
2.55
0.52
1.91
3.4
8.18
0.82
1.9
0.13
0
0
0
0
0
2.98
12.97
0
0
0
0.61
0.13
3.02
2.38
1.46
8.42
5.71
0
0
0
0.01
0
0
0
0
0
0
7.38
8.66
9.39
5.75
10.54
4.17
2.14
0.35
0
0.09
0.47
0
0.76
0.13
1.04
3.35
1.18
0
0
0
0.04
0.01
0
0
6.77
5.93
0.13
0
0.65
0
0.01
0
0.25
0
0
0.27
0
0.01
0
0
0
0
0
0
0
0
0
0.01
0
0.14
0.02
0
0.01
0
0.63
0
0
0
0.07
0
0.01
0.01
1.05
0
0.02
0
0.03
0
0
0
0
0
0
0.39
0
0
0
0.01
0
0.45
0.12
0
0.11
0.11
6.39
19.88
8.53
8.27
1.9
0.69
0.59
1.14
0.93
0.9
0.42
1.86
7.38
5.03
2.23
6.2
0.91
0.41
4.89
0
0.1
0
0
0
0
0
0
1.2
0
2.09
0
0.11
0
0.08
4.02
5.54
1.37
0
0.02
0
0.01
0
0.64
7.1
0
0
0
7.93
11.89
6.23
0.49
0.02
0
0
0
0.02
0
14.11
0
0
0
0
0
0
0.25
0
0
0.05
2.95
0.77
0
0
28.49
20.64
2.02
0.71
0.27
0.04
0
0.27
0.11
1.16
2.08
8.85
2.44
13.11
2.64
0.08
0.27
1.89
0
0
0.23
0
0
0
0
0
0
0
0
0.16
0
0
0.02
0
0
0.07
3.08
0.1
0
0
0.02
0
0.98
2.18
14.09
3.32
4.8
4.14
5.45
2.35
9.75
0.7
11.9
13.97
8.26
2.38
0.18
13.89
10.43
11.6
14.66
19.2
4.66
2.96
6.15
2.93
1.11
1.39
1.7
0.45
5.5
0.17
0.64
0.65
0.03
8.8
3.34
0.65
1.72
1.55
0
1.81
0.91
0.12
0.08
3.9
1.61
4.65
1.88
0.02
0
0
0
1.42
1.07
0.11
0.62
0.21
0.3
0
0
0
0.15
0
0
0.76
0
0
0
0
0
0
0
0
0
0.09
0
0.11
0.27
0.22
0.07
0.24
1.7
1.63
0.53
0.07
0
0
0
0
0.05
6.81
2.21
0.83
3.54
1.81
0.72
0
0.04
0.9
1.38
2.87
0.68
0.01
0
0
0.04
4.06
0.83
0
0.3
0.2
4.66
0.38
0
0
0
0
0
0
0
0
0
1.38
2.6
0.31
0
0
0.23
0
0
0.14
0
0.05
0.63
1.23
5.28
0.92
4.34
0.83
0.06
1.59
1.18
0.7
3.1
2.06
0.62
0
0
0
0
0.01
0
0
0
0
0
0
0.02
0
0
0
0
0
0
0.02
3.97
2.73
8.43
6.46
0
1.5
1.68
0.37
0.02
0
0
0
2.69
0.57
0.08
0
0
8.34
1.8
0
0.22
0.05
0.24
0
0
0
0
0
0.01
0
0
0.03
0
0
0
0
0
0
0
0
0.01
0
0
0
0
0.02
0
0
0
0
0
0
0.16
0
4.47
9.53
10.27
4.21
4.45
2.26
0
0
0
0
0
0
0
0
0
0
0
0
0
0
0
0
0
0
0
0
0.04
0
0.04
0.02
0.05
0
0
0
0
0
0.01
0
0
0
0
0
0
0.02
0
0
0
0
0
0
0
0
0
0
0
0
0
0
0.68
0
0
0
0
0
0
0
0
0.13
0
0
0.57
5.49
2.19
2.45
1.44
0.01
0.13
0
0
0
0.01
0
0
0
0
0
0
0
0
0
0
0
0
0
0
0
0
0
0
0
0.18
3.5
1.92
0
0
0.35
11.92
3.19
0.35
0
0.13
0
3.2
0.17
12.03
0
0
0.23
3.45
0.59
0
1.13
0.97
0.64
0.04
0
0
0
0
0.12
0
0.18
12.14
8.4
0.64
0.56
0.01
0
0
0
0
0
0
0
0
0.36
0.57
0.27
0.43
2.39
1.22
1.17
3.73
1.05
1.81
0.27
0
0
0
0.05
0.24
0.07
0.25
0.05
0.04
0
2.43
0.43
1.17
0
0
0.87
10.57
4.92
16.27
6.57
0.63
5.15
3.78
1.2
2.18
0.23
0
0
3.1
2.46
0.97
0.05
0.07
0.11
0
0
0
0
0.43
7.91
2.84
0
0
0
0.61
2.27
0.16
0.03
0
0
0
0
0
0
0
0
0
0
0
0
0
0
0
0
0
2.46
12.52
2.57
0.73
0
0.22
0.41
4.94
0.21
1.36
5.43
17.08
15.21
7.45
0.11
0
0
0
0.01
0
0
0
1.19
0.96
1.05
4.9
7.97
5.79
4.15
3.75
13.13
10.05
2.44
2.3
0
0
0
5.82
3.33
0
0.07
0.02
0.39
0
0
2.17
22.23
12.69
5.01
0
0
0.32
2.85
1.31
14.21
8.39
0.66
1.2
0
1.5
12.06
6.5
0.82
0.98
0.3
9.48
22.54
0
2.83
6.64
11.4
10.14
11.38
4.09
3.88
3.38
7.62
5.07
17.95
10.41
6.11
1.18
0.45
1.25
0
0.38
0.88
1.83
6.08
18.57
1.09
3.35
0.83
8.69
7.93
3.68
0.49
0.11
15.68
2.45
0.07
0.46
0.76
0.44
0
0
0
0.39
0
2.63
1.59
0.38
0
0
0.01
0.26
0.81
2.4
1.54
5.66
0.72
0
0.01
0
0
0
0.3
9.15
4.23
1.14
0
4.38
0
0
0
0
0.01
0
0.02
0
0
2.42
1.44
0.58
0
0
0
0
0
0
0
0
0
0.02
0.14
2.04
0
0.35
1.63
1.07
0.01
0
0
0
0
0
0
0
0
0
0
0.07
0.03
0.01
0.39
2.3
0.65
0
0
0
0
0.17
0.74
1.36
0.84
5.42
1.2
0
0
0.87
2.85
4.55
0.51
1.08
0.02
0
0
0
0.2
0.7
4.27
0.68
0.04
0.01
0.17
0
0
0
0
0
0
0
0
0.95
0.41
23.23
10.32
0.57
1.22
1.12
0.58
0.18
0
0.16
0
0
0
0
0
0.77
0
0
0
3.53
0
0
0
0
0
0.01
0
0
0.37
0.95
10
3.84
1.62
0.27
0.08
0.57
0
0
0.08
0
0
0
0.02
0
0
0
0.06
0
0.86
0.28
0
0.09
2.43
0.71
0.79
0
7.89
1.84
0.44
0.29
1.71
0.27
0.02
0
0
0
0.21
0
0
0
0.8
0.18
0.01
0.01
0
0.02
0.27
4.98
5.64
4.83
2.62
0.14
4.98
12.74
6.22
1.18
11.9
1.71
0.84
0.12
0.05
0.58
1.7
3.87
9.39
0.62
2.12
0
3.44
8.09
6.98
6.54
5.66
1.39
1.62
7.55
1.65
0.02
0
0.57
0
0
0.06
0
0
0.27
5.84
13.97
14.3
13.84
12.31
7.92
7.57
4.85
2.02
6.37
3.59
6.98
0
0.5
1.38
1.05
2.23
2.71
2.14
0.81
0.69
0.78
1.08
0.16
0
0.05
1.23
0.67
0.31
0.36
3.47
2.72
4.57
8.35
0
0.53
4.5
1.78
0.11
0.31
0.88
1.93
0.4
8.32
3.64
0.49
1.02
0
2.63
1.28
0
0
0
0
0
0.03
0
0
0
0
0.14
0.01
0
0
0
0
0
0
0.17
1.87
0.62
0
0
0
0
0
0
0
0
0.03
0.05
0.21
0
0.13
0.11
0
0.72
0
0
0.39
1.9
4.32
2.88
1.85
0.02
1.6
2.19
1.05
0.83
0
0
0.23
1.26
4.93
3.16
2.16
0.52
0.27
1.29
0.98
1.89
0.23
0
0
0
0
0
0
0
0.23
0.58
0.14
0.08
0
3.34
2.05
0.41
0.2
0
1.37
0
0
0.46
2.77
14.53
11.88
3.45
0.69
0.04
0.83
1.61
0
6.4
0.41
0
0
0.06
0.13
0.05
0
0.44
0
0
0
0
0
0
0
0
0
0
0
0
0
0
0
0
0
0
0
0
0.01
0
0
0.01
0
0.86
0
0.49
26.52
0
0
0.26
0.01
0.23
0.42
0
0.7
6.48
0.05
0
0
0
1.04
0
0
0
0
0
0
0
0
0
0
0
0
0.02
0.01
0
0.01
0
0
0
2.9
0
0.78
10.52
8.95
12.79
10.76
5.35
1.13
1.87
0
0
0
0
0
0
0
0
0
1.98
23.66
48.55
32.33
2.7
0.05
2.02
9.13
1.41
0
0.47
3.49
9.43
1.63
1.35
1.22
4.07
2.77
2.46
1.47
0
1.67
1.98
16.09
3.95
2.11
0.67
1.02
2.77
4.42
9.61
5.26
0.14
0
0.38
0.88
3.23
13.76
8.1
0
0
0.05
6.02
3.32
10.3
28.53
17.55
5.55
5.95
2.88
0
0.47
0
0
0.01
0
0
0
0
0.44
0
2.21
2.44
1.43
0.93
0
0
0.65
0.21
0
1.18
8.69
2.02
1.84
6.09
2.98
0.27
0
0.23
4.29
6.61
0.63
0.14
0
0
0
0
0
0
0
0
0
0
0
0
0.02
0.02
4.55
12.34
7.1
0.7
0
0
0
0
0
0
0
0
0
0
0
0
0
0.01
0.61
9.11
2.98
0.68
12.19
3.19
1.77
1.99
3.32
3.19
0.48
0
0.47
0
0
0
0
0
0
0.36
0.79
0.02
0
0
0
0
0
0
0
0
0
0
0.17
1.56
1.14
0.57
0.01
0.01
0
0
0
0
0
0
0
0
0.01
0.01
0
0
0
0
0
0
0
0
0
0
0
0
0
0
0
0.04
0
0
0
0
0
0.26
0.96
4.02
2.18
0.54
1.55
5
0.23
0
0
0
0
0
0
0
0
0
5.8
3.34
0.27
0
0
0
0.05
0
0.01
0
0
0
0
0.93
1.81
5.26
0
1.02
0
2.95
1.44
0.3
0.02
3.38
0.42
0.97
0.11
0.46
0.08
0
0
0
0
0
0.45
0
0
0.02
7.41
5.96
13.12
12.06
9.97
2.3
0.58
0
0.01
0.01
0
0
0
0
0
0
0
0.38
6.05
15.57
8.53
2.18
1.27
0.29
1.31
11.96
9.53
6.63
3.6
0.07
0.14
3.68
0.4
0
0
0.02
0.13
0
0
0
0
0
0.28
0
0
0
0.15
0
0
0
0
0
0.59
0
0
0.01
0.01
0
0.94
0.28
0.1
1.05
0
0
0
0
0
0
0
0
0
0
0.37
14.43
2.35
0
0
0.23
0.1
0.02
0
0
0
0.01
0
0
0
9.64
0.66
0.17
0
0
0
0.02
0
0
0.01
0
0.66
0
0
0.02
0
0
0
0
0
0
0
0
0
0
0.54
0
3.84
0.28
0
0
0
0
0
0
0
0
0
0
0
0
0
0
0.02
0
0
0
0
0
0
0.91
0.25
0
0.13
0
0
0
0
0
0
0.07
1.13
1.58
3.3
3.8
2.2
1.76
0.2
2.27
8.6
6.7
0.13
0
0
0
0
0
0
0
0
6.2
3.84
2.69
9.88
6.09
4.66
18.52
7.16
0.88
0
0
0
0
0
0
0
0
0
0
0
0
0.01
0
0
0
0
0.05
0.01
0
0
0
0
0.09
0.93
0.01
0
0
0
0
0
0
0
0
0
0
0
0
0
0
0.18
9.64
14.95
5.74
13.07
11.81
10.03
4.73
0.36
0.15
0
0
0.1
0.26
0.37
0.45
3.45
1.57
9.41
6.92
2.59
1.61
4.46
0
0
0
0
0
0.12
0.45
0.2
0.01
0
0
0.36
0
0
0.84
1.1
2.26
0.26
1.56
0.35
2
1.63
3.27
8.84
2.27
1.64
0.45
2.67
0
0.18
0
0
6.89
5.67
3.4
2.49
4.59
3.09
0.52
0.32
4.98
0
0.02
0.01
0
0
0
0
0
0
0
1.26
0.18
0
0
0.01
0
0
3.71
10.58
1.41
2.34
1.97
0
0.11
0.66
0
0.17
1.75
10.19
2.93
11.28
2.05
2.5
0.59
3.01
0.23
3.45
0.81
0
0
0
14
0.13
3.37
0.02
0
0
0.2
8
6.14
2.29
1.22
2.62
3.8
0.46
0.02
0.38
1.14
0.31
0.04
1.2
1.05
0.01
0.85
3.61
4.3
3.92
10.8
5.63
1.14
1.39
6.97
5.66
1.16
0.05
0.05
0
0
0
0.1
0.34
0
0
0.13
0.9
1.1
0
0.01
0.74
0
0
0
0.01
0.27
0.68
3.47
0
0
0.12
0
0
0
0
0.71
0.73
0
0
0
0.3
0
0
0
0
2.18
8.74
11.89
9.78
0.41
0.2
6.5
1.66
0
0.09
0
0.78
9.5
0.2
0
2.89
0.07
0.09
0
0.14
0
8.95
5.44
0.82
0
0
0
0
0.02
0
13.86
15.27
3.98
0.02
0.02
0
0
0
0
0
0
0
0
0
0
0
0
0
0
0.01
0
0
0.01
0
0
0
0
0
0.02
0.01
0
0.16
0.01
0.02
2.19
1.5
1.13
6.34
8.34
0.12
0.01
0.01
0.11
0.01
0.02
0
0
0
0
0
0
0
0
0.01
0
0
0
0
0
0.03
0
0
1.58
0
0
0.18
0
0
0
0
0
0
0
0
0
0
0
0
0
0
0
0
0
0
0
0.11
0.01
0
0
0.88
3.84
1.89
0.37
0
0
1.8
6.49
0.37
0.01
0
0
4.94
0
0.14
0.03
0.02
0
0.01
0
0
0
0
0
0
0
0
0.3
0
0
0
0
0.77
0
0.01
0
15.25
4.56
11.81
7.13
1.39
1.68
0.04
2.27
11.54
0.34
0
0
0
0
0
0
0
0
0
0
0
0
0
0
0
0
0.01
0
0
0
0
0
0
0
0
0.01
0
0
3.46
7.55
0.85
0
0
0
0
0
0
0
0
0
0
0
0
0
0
0
0
0
0
0.15
1.24
3.32
5.55
12.13
1.27
0.01
1.02
2.93
0
1.77
0.86
0.03
0
0
0
0
0.08
0.13
0
0
0
0.45
5.52
15.38
2.82
3.53
10.22
2.51
5.16
0.6
2.61
3.27
1.02
0.12
0
0
0.13
0
0
0
0
0
1.25
0.23
0.18
0.34
6.82
6.81
2.38
0.38
0.3
0.13
0.29
1.89
0
2.5
2.26
1.62
0.46
0.02
0
1.93
2.98
1.79
4.81
0.84
0
0
0
0
0
0.02
0
0
15.67
1.63
0.22
0
0
0
5.33
1.3
0
0.04
0
0
0
0
0
0.01
0
0
0
0
26.5
10.19
1.35
0
27.42
5.19
4.57
4.27
5.2
0.66
0.18
0
0
0.47
0
0
0
0
0.15
1.52
0.1
0.09
8.65
1.73
0.48
0
0
0.42
0.78
2.71
3.29
21.76
7.41
6.13
6.95
0.07
0.19
1.22
3.45
10.04
1.36
0
0.8
4.66
7.55
1.92
1
0
0.02
0
0
3.22
4.3
5.77
1.38
0
1.8
0.91
3.76
7.54
3.86
0
0
2.61
0
0.68
0.31
0.19
0
0.02
0
0
0
0
0.05
0
0
0
0
0
0
0
0
0
0
0
0
0
0
0
0
0
0
0.13
0.19
0.02
0
0
0
0
0
0
0
0.01
0
0.35
3.39
0.56
0
0.14
0.48
0.29
0
0.03
0
0.02
0
1.68
13.46
1.7
0.02
0
0.01
0.02
0
0
1.27
0
0
0.04
0
0
0.03
0
0
0.06
0
0
2.09
0.62
0.45
3.17
3.35
4.3
2.21
1.95
0
0
0
0.32
7.11
4.07
1.08
0
0
0
0
0
0
0
0
0.2
0
0.41
4.23
2.88
0
0
0
0
0
0
0
0
0.05
0
0
0
0.01
0.42
2.34
0.35
0
0
0
0
0
0
0
0
0
1.29
0.35
0
0
0.4
2.9
1.29
0
0
0
0
0
0
0
0.16
0
0.02
0.78
0
0
0
0
0
0
0
0
0
0.19
0
0.52
2.16
0.18
0
0
3.73
0.48
0.57
3.08
3.71
0.14
0.04
0
0.02
0
0.27
0.09
5.24
14.15
10.31
3.61
6.08
0.02
2.81
0.13
0.12
0
0
0.28
0
0
0
0
0
0
0
0
0.13
0
0
0
0
0
0
0
0
0
0
0
0
0
0
0
0
0
0
0
0
0
0
0
0
1.1
1.34
1.11
1.02
7.91
7.39
8.75
2.4
2.5
10.04
7.6
3.79
0.01
0
0
0
0.25
0.44
0
0
0
0
0
3.68
6.34
3.53
1.1
0
0
0
0
0
0
0
0
0
0
0
0
0.17
0.63
0.02
2.51
2.21
0
0.4
0
3.97
2.34
0
1.97
0.19
0
0
0
0.14
0.09
0
0
0
0
0
0
0
0
0
0
0.01
0.01
12.21
23.71
7.47
1.37
0.23
0.01
0
0.09
0.17
0.82
0
0
1.55
3
10.31
8.96
3.86
0.48
0.3
5.12
0.09
0.43
0
1.06
1.81
1.56
0.23
1.51
0.01
0
0
0
0
0.02
0
0
12.14
6.34
2.38
0
3.07
0.59
0.07
0
0
0.34
0
0
0.01
0
0
0.3
2.7
0
1.14
12.96
6.15
1.38
0
0
0.07
0
0
0.38
0.18
0.06
3.57
1.13
0
0.09
0.04
0
2.33
0.64
1.34
5.19
0
3.84
6.79
0.61
1.62
0
0.6
3.32
0
1.48
0
3.41
0.82
1.04
1.61
20.23
6.7
3.37
0.43
0
0
0.17
5.53
2.06
0
0
0.1
0
1.28
0
1.71
0
0.07
2.73
0.73
0.04
0
8.17
2.15
0
0
0
0.02
1.37
0
0.16
0
0.01
0
0.02
0.01
0
0
0
0.02
0
0.82
4.2
0
0.01
0
0.01
0
0
7.89
1.09
0.46
7.05
1.18
6.69
16.71
4.6
1.21
0
0
0.01
0
0.09
0
0.01
0.19
0.17
0
0.56
0
0
6.88
1.06
0
0
0.02
0
0
0.17
0.6
0
1.96
0
0.59
5.88
2.93
15.16
1.82
0
7.3
6.95
0.72
0.54
0.3
0.03
0
0.01
0
0
11.38
19.5
15.41
1.56
4.81
0.91
0.03
0.7
4.12
2.09
1.5
0
0.15
0.32
11.25
1.83
0.74
7.19
1.51
0
0
0
3.49
2.3
1.5
0.25
0
4.58
0.41
9.96
10.79
3.95
4.68
0.59
0
0
0
0
0
0
0
0.54
0
0
0
0
0.8
0
0
0
0
0
0.51
1.03
1.84
0.44
5.21
13.81
1.02
0.03
0.07
0
0.73
0
0
0
0
0.16
3.05
10.48
21.85
2.84
0
0.25
0
1.9
6.71
1.8
0.8
0
4.02
13.88
16.75
5.2
7.9
1.47
0.48
0.67
1.13
0
0.43
0
8.46
5.83
4.02
3.61
5.78
0.45
0.05
0
0.68
0.97
19.98
9.34
6.61
2.5
0.77
1.77
5.94
8.9
7.88
1.53
4.83
5.63
1.27
6.86
7.72
2.8
0.77
0
0.13
0
1.05
4.78
9.04
2.79
5.29
0.73
0.39
0
2.32
4.44
8.13
5.67
4.06
3.88
4.59
3.6
1.82
1.01
0.86
0.05
0
0
0
0
0.56
0.01
0
0
0.17
1.66
8.54
2.62
0.69
0
0
0.02
0
0.15
5
0.6
0.74
17.19
9.34
4.87
0
0
0.66
4.53
0.05
0.07
0
0
0
0
0
0
0.29
1.25
0.14
0
0
0.02
0
0.01
0
1.19
3.24
2.62
0.26
0.05
0
0
0
0
0.2
0
0.29
0.02
1.11
4.65
7.46
1.25
0.69
2.05
3.82
4.44
0
0
0.14
0
0
0.16
4.34
1.45
0
0.58
6.63
0.55
0.48
2.98
0
1.13
3.39
1.98
2.59
0.71
0.7
0
0
4.59
10.2
8.04
6.34
5.48
2.43
0.23
0.27
0.22
0
0.3
2.64
1.93
3.59
16.96
2.95
0
0.03
0
0.49
0.03
6.62
1.23
0.94
3.75
0.19
0
0
0.24
0.23
0
0
0.19
0
0.07
0
0
0
0.43
1.47
0.16
3.01
0.06
0.01
0
0
0.09
3.18
5.87
0
0
0
0
0
2.36
4.04
2.92
1.04
0.84
0.02
1.51
1.01
0.19
0
0
0.33
5.72
2.65
0.03
0
0
0
0.11
0.01
0
0.02
0
0.03
0
0.54
1.58
0
0.14
3.84
2.21
0.54
0
0.14
0
0.11
2.54
1.33
0
0
0
0
0
0
0
0
0
0
0
0
0
0
0
0
0.01
0
0
0.07
12.51
0.66
0.01
0.26
0
0.97
2.2
1.73
0.1
0
0
0
0.23
0.16
0
0.1
0.12
0
18.68
8.81
6.5
7.54
0.77
0
0
0.07
0
0
0.64
2.3
22.61
3.46
9.83
2.64
3.72
1.41
0.89
1.01
0
0
0.09
0.02
0
0.75
0.03
0
0
0.4
0.16
0
0.72
0
0
0.11
0
0
0
0
0
0
0.05
1.9
2.77
10.16
3.19
0
0
0
0
0.16
0.35
3.89
4.33
11.23
6.17
0
1.62
4.68
5.09
2.78
18.3
12.84
1.2
1.07
0.02
3.23
0.14
0.03
1.38
4.8
0.27
0.11
2.29
3.35
5.01
2.36
1.45
0.03
0.02
0.5
0.03
4.56
4.27
1.45
0.45
1.2
1.5
0.59
0
0.13
1.55
0
0
0
0.77
1.64
1.66
2.48
3.7
4.99
1.47
0.97
1.54
2.78
1.56
7.98
1.98
0.29
0.95
1.64
0.27
0
13.69
1.7
0.59
0.8
0.38
1.27
0.98
0
0
0.6
0.98
1.69
5.27
7.89
2.74
0.44
0
0.52
3.49
5.27
1.93
0.52
4.74
2.44
0.26
0.06
4.14
7.59
20.54
8.83
16.13
9.4
5.86
15.26
15.16
2.9
0
0.76
0
0
0
0
0.45
5.01
0.73
0.16
0.85
1.66
2.28
0.74
0
0
0
0
0
0.35
0
0
0
0.61
5.11
0.11
0
5.57
0.45
0.2
11.17
3.58
1.45
2.38
0.49
1.41
0.77
5.13
3.3
0
0
0.46
0
0.24
0
0.39
0
0
0.04
1.57
1.67
16.26
18.71
2.48
3.98
8.1
3.04
2.9
0.44
4.51
6.3
3.76
0.16
0.05
0
0
0.18
0
0
0
0
0
0.05
0
0
0
5.93
9.95
9.08
13.05
5.37
0
1.1
0.66
2.55
7.91
4.11
0.46
0.01
0
0
0.27
0
0.15
0.32
0.35
14.52
3.88
0
0
0.21
0.7
0.49
1.9
0.09
1.37
0.71
3.46
1.08
0.15
0
0
0
0
0.23
0
0
0.55
0
0
0
0
0
0
0
0
0
0
0
0
0
0
0
0
0
0
0
0
0
0
0
0
0
0
0
0
0
0
0
0
0
0
0
0
0
0
0
0
0
0
0.7
0
0.56
0.02
0
0
0
0
0.02
0.02
0.07
0.92
0.18
0
0
0
0
0
0.04
0
0.3
0.31
1.46
9.79
1.84
0
0
0
0
0
0
0
0
0
0
0
0
0.43
0
0.33
0
0
0
0
0
0
0
0
0
0
0.41
0.19
0
0
0
0
0
0
0
0
0.01
0
0.09
2
0
0.18
0.19
0.32
0
0
0
0
0
0
0
0
0
0
0
0
0
0
0
0
0
0
0.42
0.65
4.88
0.31
0.97
0.74
0.3
0
0
0
0
0
0
0
0
0
0
0
0
0.01
0
0.09
0
0
0
0.41
9.22
9.28
2.97
0.45
1.08
8.69
7.5
2.59
1.75
4.27
3.66
6.36
2.43
3.78
1.74
0.45
0.77
1.37
2
1.06
0.72
1.3
6.89
15.05
3.7
3.72
1.02
1.08
3.77
2.81
0.16
2.14
6.92
1.55
0
2.99
3.07
1.84
0.25
0.04
0
0.66
0
0
0
0
2.26
13.44
14.77
2.61
3.17
2.82
0.02
0.41
1.89
12.84
23.51
8.97
0.96
0
0.49
0.89
12.77
1.14
3.82
6.4
4.56
6.73
1.41
7.41
7.82
11.14
5.91
6.52
7.08
2.24
0.67
0
0
0
0
0.01
0
0
0.07
0
0.04
0.34
3.72
1.43
0
0.33
0
0.21
0.18
4.45
3.18
0.81
0.7
0.37
0
0.38
3.42
1.05
1.69
2.3
8
7.96
2.56
3.73
1.65
1.49
1.8
9.93
6.31
2.26
1.13
0.58
0.17
0.3
0
0.34
1.36
6.43
4.75
0
0
2.82
5.41
4.63
2.59
0.39
5.55
14.18
2.81
0.57
0.78
0
0.04
0.02
0.05
0.71
0
0
0
0
0
0
0
0
0
0
0
0
0
2.16
0
4.09
3.42
0
0
0
0
0
0.01
0
0.02
0
0
0
0.01
0
0
0
0
0.63
0.26
0.74
4.78
16.5
36.06
8.04
3.65
0.13
1.21
3.69
0
0.11
4.58
3.54
1.88
0
0.01
0
0.13
0
0
0
0
0
0
0
0.02
0.01
0
0.16
6.1
5.47
11.19
0.89
2.66
4.66
0
2.34
2.9
0.48
1.43
0.01
0
0.17
0.72
2.31
2.01
0
0.06
0.66
1.02
0.23
0.09
0
0
0
0.36
0.02
0
0
0.01
0
0
0
0.02
0
0
0
0
0
0
0
0.04
0
0
0
0
0
0
0
0
0
0
0
0
0
0
0
0
0
0
0
0.08
0
0.44
0.04
1.57
2.16
0
0
0.25
1.16
2.16
1.72
0.94
0
0.38
0.16
2.68
6.36
9.79
4.02
1.26
0.99
6.43
16.48
5.9
0.39
0.34
0.19
0.38
0
0.27
0.51
0.02
0.2
0.08
0
0
0
0.73
0
8.32
2.41
0
27.11
10.91
2.58
8.22
14.34
11.36
11.88
5.34
0
0.01
0
0.36
7.22
4.18
1.82
1
4.14
14.51
10.2
3.14
0.1
0
0
0
0
0
0
0
0
0
0
0.79
0.07
0
1.82
7.55
11.76
4.99
0.48
0.69
0.09
0
0
0
0
0
0
0
0
0
0
0
0.01
0
0
0
0
0
0
0
0.78
0.24
0.1
0.05
0
0
0
0
0.31
0.24
0
0.45
0
0
0.03
2.01
7.32
8.24
0.82
0.41
0.09
0.2
0.29
0
0.02
0
0
0
0
0
0.03
2.91
2.83
2.91
1.7
0
0
0
0
1.63
0.18
0
1.6
1.21
0
0
0.25
0.34
0.75
0.01
0
0
0
0.4
2.18
0.63
0
0
0
0
0
0.2
0
2.39
1.31
0
0.01
0.01
0
1.31
0.41
0
0.11
2.64
1.3
0.76
3.17
1.09
0.62
5.22
7.03
4.04
0.03
0.38
0.57
0.7
4.84
3.38
3.37
0.06
0
0
0
0.04
0.13
0
0
0.27
0.6
0.07
0
1.93
7.72
5.95
11.83
8.92
1.56
0
0
0
2.21
0.29
0.21
1.59
0
0
0
0.01
0.02
0.02
0
0
0.28
0.18
0.13
0.05
0
0
5.33
4.06
1.12
2.05
2.5
0.13
0.07
0.01
0
0
0
0.02
0.24
0.88
3.45
4
2.63
0.88
1.86
13.36
13.55
13.77
10.62
0.61
0
0
0
0
20.13
3.8
0
0.39
0
0
0
0
0
0.25
0.03
0
0.23
10.95
4.47
1.63
0.9
0.97
0
0
0
0
0
0
0
0
5.13
15.8
3.45
0.96
8.41
14.46
8.4
5.02
0
0
0
0
0
0
0
0
0
0
0
0
0.01
0
0
8.37
1.12
0
0.02
0
0.05
0.01
0
0
0.04
0
0
0
0
0
0.02
1.03
0.02
0
0
0.05
0.03
0
0
0
0
0
0.05
0.01
0.01
0
0
0
0
0
0
0
0
0
0
0
0
0
0
0.01
1.93
0.24
0.01
0
0.87
0.08
0
0.04
3.59
3.26
0.8
0
0
0.02
0.12
0
0
0
0
0.02
0
0
5.93
0
0.16
5.49
1.75
0
0
0
0
0
0.02
0
1.13
1.93
1.45
1.29
1.08
0
0.98
0.03
1.48
0.05
3.39
3.41
0
1.04
0
0
0.31
0.24
0.04
0
1.3
1.02
1.02
0
0
0
1.63
3.05
6.1
9.1
2.48
0
0.02
0.98
0
0
0.95
10.23
5.3
2.83
0.01
0
0
0
0
0.05
1.76
2.08
3.92
2.05
1.82
3.48
29.65
10.69
1.7
2.72
5.98
2.17
0.02
0
0
0.46
1.1
0
0
0
0
0
0
1.14
2.39
0.69
0.36
0.34
0.78
0
0
0
0
0.01
0
0
0.01
0.48
0
0.02
0.1
0
0.55
1.08
0.42
0.09
0
0.45
2.78
0.1
0
0
0
0
0
0.62
0
0
0.01
0
0
0
0
0
0
0
0
0
0
0.07
0
1.66
0.68
0.09
0
0.06
0
0
0.18
0
0
0
0
0.01
0
0
0
0
0
0
0
0
0
0
0.07
0
0
0
0.2
1.89
15.05
3.84
2.64
0.45
0
0
0
0.01
0
0.99
0.55
0
0
0.01
0
0
1.22
2.29
2.23
0.22
0
0
0
0.4
0
0
1.14
0
0
0.01
1.2
0.01
0
0.01
0.79
0
0.06
0.13
0.34
0.61
0.07
0
0.01
0
0.52
4.29
5.2
5.19
2.46
0.01
0.84
5.3
3.95
0.4
0
0.54
0.06
0.04
2.5
7.64
2.5
7.87
6.66
0.38
3.27
2.1
0
0.22
0.05
0.26
0.62
8.03
5.65
4.8
3.09
0
10.67
2.22
0
0.92
0
0
0
0
0
0.01
7.12
8.42
9.48
6.34
12.81
2.67
0
0
0
0
0
0
0
0.02
0
0
0
2.41
5.62
0.74
0
0
1.94
5.29
1.18
0
0
0.2
0
0
0
0
0
0
0
0
0
0
0
0
0.01
0
0
0
0
0
0.02
0
0.23
0.74
1.06
2.6
2.86
3.27
1.02
0
4.16
0.16
0
0
0
0
0.01
0
0.32
0
0
0
0
0
0
0.02
0
0
0
0
0
0.01
0
0
0
0
0
0
0
0.02
0
2.97
1.49
1.95
0.09
1.07
3.21
3.04
0
0.02
0
0
0
0
0
0.38
0.04
0
0
0
0.54
0.02
0
0
0
0
0.96
0.01
0.98
7.96
1.82
0
0
0
0
0.01
0.08
0
0
3.88
2.22
0
0
0
0
0
0
0.68
2.09
0
0
3.99
4.72
4.62
0
4.59
4.29
6.11
1.17
0
0.5
3.22
0.02
1.21
0
0
0
0
1.6
1.57
0
0
0
0
0
0
0
0
0.3
0.05
0.09
1.01
0
0
0
0.05
0.15
0
0
0
0
0
0
0
0
0
0
0
0
0
0
0
0
0
0
0
0
0
0
0
0
0
0
0.04
0.03
0
0.01
0
0
0
0
0
0
0
0.06
0
0
0
0
0.02
0.98
1.55
0.43
0.19
0.47
2.27
0.42
2
7.61
2.24
2.42
5.27
12.59
7.8
5.16
3.04
2.68
8.79
12.65
23.14
11.21
8.96
5.11
1.05
0
0
0
0
0.02
0
0
0
1.68
7.66
1.35
0.71
0.11
1.68
3.83
0.84
0.43
0.21
0
0
0
0.06
0.2
0.02
0.05
0.01
0
0
0
0
0
0
0.29
0
0
0
0
0
0
0
0
0.09
5.77
1.57
12.66
5.48
0.83
2.8
1.96
0.06
5.53
1.3
0.2
3.12
3.07
0.71
1.23
0
0
0
0
0
0
0
0
0
0
0
0
0
0
0
0
0
0
0
0
0
0
0
0
0.04
0.24
0
0
0
3.83
4.77
12.58
6.59
0.77
0.16
2.6
1.83
1.78
0
0
0
0
0
0.06
0
0.03
1.05
5.38
11.78
11.69
12.25
0.71
0.01
0.09
0
0
0
0
0
1.96
0
0
0
0.59
1.01
0
0
0
0
0
0.49
0.32
0
0
0
0
6.33
11.19
1.5
0.55
0
0.88
0.06
0
0
0.86
1.27
5.48
13.01
10.66
8.76
6.06
0.77
0
11.07
16.92
2.08
0.02
0
0.03
11.2
1.2
0.81
0
0
0
0
0.5
0
0
0
0.01
0
0
0
0
0
0.04
1.29
0
0
0.79
3.65
0
2.34
15.74
3.41
2.52
0.62
4.41
3.71
0
0
0.28
0.06
0
0
0
0
0
0
0
0
0
0
0
0
0
0
0
0
4.1
5.13
1.03
1.29
0.36
2.17
0
0
0
0
0
0
0
0
0
0
0
1.14
0
0
0
0
0
0
0.19
0.5
0
0.01
0
0
0.05
0.01
0.02
0.02
0
0
0
0.23
0.05
0
0
0
0.05
3.73
2.74
0.84
0
0
0.68
0.07
2.21
0
12.07
2.08
0.01
0.03
0.01
3.11
14.39
2.29
0
0
3.84
0.13
0
0
0
0
0
0
0
0
0
0
0
0
4.07
0.67
0
0.01
2.23
9.19
3.86
3.74
1.19
5.55
1.9
1.3
0
0
0
0
0
0
0
0
0
0
0.02
0
16.25
28.59
5.2
1.18
0
0.31
1.3
2.49
0.88
1.34
0.41
0
0
0
0
0
0
0
0
9.84
7.84
3.3
0.02
0.21
0
0
0
0
0
0
0
0
0.23
0.02
0.2
0.23
4.96
3.25
0
0
0
0.13
0.05
0.13
2.04
1.05
0
0
0
0.05
0
0
0
0
0
0
0
0
0
0
0
0
0
0
0
0
0
0
0
0
0
0
0
0
0
0
0
0
0
0
0
0
0
0
0
0
0
0
0
0
0
0
0
0
0.55
0
0
0
0
0
0.01
0
0
0
0
0
0.01
0.08
0.02
0
0
7.72
3.85
0.3
0
0
0
0
0
0
0
0
0
0
0
0
0
0
0
0.03
0.01
0
0
0
0
0.08
0
0
0.02
0
0.52
0.3
0
0.02
0
0.61
0.2
0
0
0
0
0
0
0
0
0
0
0
0
0
0
0
1.93
4.53
0.9
3.92
0.99
6.35
4.63
11.55
5.36
1.53
0.52
1.2
0.77
5.61
1.21
0
0.01
0.02
0
0
0.01
0
0
0
0.29
0.2
0.97
1.79
0.98
4.03
1.14
0.04
0
0
1.02
0.59
0
0
0
0
0.01
0
0
0
0.03
0.02
0
0.49
0.01
0
0
0
0
0.13
0.07
0
0
0
0
0
0
0
0
0
0
6.11
0.66
2
3.69
2.39
0
0.04
0
0
0.18
1.18
6.31
2.25
1.41
2.48
0.72
0
0
0
0
0
0
0
0
0
0
0
0
0
0
0.01
0
0
0.01
0
0
0
0
0
0
0
0.1
0
2.08
11.64
3.04
0.65
0
4.07
0.72
0.01
0
0
0
0
0
0.24
0.01
0
0
0
0
14.2
1.63
0.01
0
5.42
3.91
0
0
0
22.75
9.92
0
0
0
0
0
0
0
0
0
0
0
0
0
0
0
0
0
0
0
0
0
0
0
0.01
0
0
0
1.52
0.21
0
0
0
0
0.01
0.01
0
0.01
0
0
0
0.27
1.16
0.35
0
0.02
0.01
0
0
0
0
0
0
0
0
0
0.57
1.85
4.98
0.35
0.04
0
0
0.82
1.23
3.35
2.07
0.5
0
5.36
1.26
0
0.14
0.58
5.48
4.66
5.97
19.05
2.85
2.53
11.75
7.4
0.99
0
0
0
0.03
0
0
0.01
0
0
0
0
0
0
0.01
0
0
0.42
0
0
0.48
0.2
5.91
7.52
3.8
3.25
16.63
6.95
15.23
7.55
3.59
1.33
0
0
0
0
0
0
0
0
0
0
0
0.03
0.01
0.32
2.09
5.07
1.35
0
0.03
0
0
0
0
0
0
0.89
1.48
7.36
7.43
2.75
1.95
2.68
0.3
1.53
0.51
0
0.57
1.09
1.38
0.67
1.53
0
0
0
0
0
0
0
0
0
0
0
0
0
0
0
0.22
0.1
0.2
0.09
2.16
0.54
0.4
0.68
0.04
9.44
14.84
1.7
0
0.02
0
0
0
0
0
0.17
0
0.03
0.42
0.23
4.45
4.14
8.7
4.21
2.88
1.52
6.92
8.88
7.09
3.41
1.92
10.52
2.24
0.98
0
8.88
2.05
0.32
11.29
2.4
0.69
4.9
1
0.44
0.4
0
0
0
0.01
0.29
0.77
0.92
3.61
3.57
0
0
0
0
0
0
0
0
0.3
2.61
0
0
0
0.66
2.9
4.79
3.8
0.78
0.11
6.2
2.27
5.84
7.62
0.72
0
0.4
0.14
19.02
13.99
2.57
6.54
10.83
6.68
1.02
7.95
10.01
4.93
0.52
4.65
0.7
1.66
1.2
2.42
2.46
0.07
0.2
0.13
1.53
11.2
21.25
3.63
0.73
0.03
0
0
0
0.25
0
0
0
0.01
0.14
6.09
3.05
0
0
0.61
0.02
0
0
0
0
0.01
0.01
0
0
0
0
0.02
0
0.17
0
0
0
0
0
0
0
0
0
0
0
0
0
0
0
0
0
0
0
0
0
0
0
0
0
0.05
0
0
0
0
0
0
0
0
0
0
0.01
0.63
0.63
0
0
0
0
0
0
0
0.9
2.27
0.98
0
0
0.03
0.01
0
0
0
0
0
0
0
0
0
0.01
0
0.66
0
0
0
0
0
0
0
0
0
0
0
0
0
0
0
0.01
0
0.01
0
10.55
3.13
0
2.89
4.15
4.09
4.97
0.84
0.03
0
0
0
0
0
0
0
0
0
0
0.02
0
7.81
4.52
0
0
0
0
0.5
8.04
2.13
0.01
0
0
0
1.57
2.07
0
8.93
4.19
5.05
16.96
26.84
8.18
9.11
0
4.7
25.02
11.12
8.6
3
0.81
5.98
1.59
0.38
0.3
0.2
0.11
0.05
0
0
0
0
0.5
14.86
4.84
0.14
1.26
0
0
0
0
0
0
0
0
0.36
0.05
0.07
0.11
0
0
0
0.08
0.18
0.06
0
0
0
0
0.12
0
0.28
0
0
0
0
0
2
5.23
6.68
1.85
0.22
0.13
0.2
0
0
0
0.05
0.15
0.37
2.34
5.39
3.73
1.24
10.38
16.45
10.45
4.26
2.17
7.74
2.8
0.84
0.58
0
0
0
0
0
0
0
0
0
1.56
5.38
8.67
10.96
11.27
1.66
1.79
1.69
0
2.34
9.43
1.98
1.19
0
2.96
2.32
0
0.09
1.52
0.05
0.09
0.14
3.52
1.91
0.18
0.07
0.02
0
0
0
0
0
0.09
0.06
0
0
0
0
0
0.98
5.11
2.95
4.97
4.38
0.1
0
0.01
0.01
0.24
0
0
0
0
0
0
0.59
3.02
4.8
3.84
2.41
5.05
0.27
0.21
0.63
0.63
0
0.52
0
0.52
0
0
0
1.56
14.05
7.78
3.84
5.56
1.52
0.8
1.16
0.21
0
0
0
0.38
8.16
4
2.16
0.78
0
0
0
0.02
0.13
1.42
1.2
0.3
9.79
7.35
0
0.37
0.34
0
0
0.65
3.73
2.33
0
0.02
1.89
1.5
0.22
0
0
14.26
3.99
0.26
0.71
0.02
0
0
0.02
0.01
0.01
0
0
0
0
0
0
0
0
1.07
0
0
0
0
0
1.39
1.61
0.02
0
0.08
0
0
1.31
1.13
0.02
0
0
0
0
0
0
0.01
0
0.18
0.14
2.12
0.24
0.06
0
0
0
0
0
0
0
0.03
0
0
0
0
0
0.97
9.37
0.06
0
0
0
0
0
0
0
0
0
0
0
0
0
0
0
0
0
0
0
0
0
0.16
0.04
0
0
0
0
0
0
0
0
0
0
0
0
0.35
0
0
0.04
0
0.13
0
0
0
0
0
0
0
0
0
0
0
0.48
0.2
0
0.31
0.9
0
0
0
0
0.01
0.39
0.09
0
0
0
0
0
0
0
0
0
0
0
0
0
0
0
0
0
0.12
0
0.94
0
0
0.01
0.01
0
0
0.37
3.64
5.91
10.81
2.52
1.06
0
0.01
0
0.36
1.02
1.16
1.54
0.07
0.33
0.19
0
0
0
0
0
0
0
0.15
9.1
15.66
4.27
0.02
0.01
0
0
0
0
0.18
8.38
1.74
1.3
4.33
0.18
0.63
0
0
0
0
0
0
0
0
0
0
0.31
4.68
7.48
8.63
3.76
0.92
9.11
13.13
4.64
1.98
2.41
4.86
3.01
3.83
0.06
2.61
0.03
4.84
0.8
0
0
0
0
0
0
0
0
0
0
0.01
0
0
0
0
0
0
0
0
3.52
10.68
2.96
1.2
0.3
0.37
1.47
4.23
1.4
0.02
3.42
1.3
0.37
0.45
0
2.98
16.91
15.96
10.38
9.55
8.38
6.71
3.23
10.21
2.94
0
0.39
5.41
2.09
0.08
0
4.75
5.9
2.71
0.15
0.16
0
0
3.76
0.7
0
1.48
0.18
3.11
5.34
1.1
0
0
0
1.27
0.17
0.08
0.04
0
0
0
0
0
0
0
0
0
0
0.81
8.21
3.23
0.09
3.42
9.77
2.86
1.49
0.52
2.93
4.02
0.59
0.13
2.75
2.16
1.07
0.66
0.83
0.12
0.56
4.92
2.16
1.64
10.95
10.53
6.95
2.99
2.05
0.01
0
0
0.58
0.49
1.79
8.7
5.19
0.5
0
0
0
0.02
0
1.16
0.05
0
0.54
0.12
0
0.02
0.13
0.05
0.3
0
0.01
4.25
0.77
0
0
0.04
0.01
0
0
0
0
0
0
0
0
0
0
0
0.01
0
0
0
0.25
1.33
0
0.3
6.97
2.25
1.68
0
0
0
0.3
0.04
0
0
0.01
0
0
1.02
0
0.03
0.01
0
0
0
0
0
0
0.54
0
0
0.71
0.04
0
0
0
0
0
0
0.02
0.48
1.71
0.43
0
0
0
0
0
0
0.01
0
0
0
0
0
0.02
0
0
0.01
0
0
0
0
0
0
0.03
0
0
0
0
0
0
0
0
0
0
0
4.21
10.14
1.94
0
0
0.06
0.15
0
0.16
0
0.95
0
15.58
6.36
0
0.01
0
0.15
4.8
17.42
2.13
4.01
0.08
2.66
1.84
0
0.02
0
0
0
0
0.06
0
0.16
2.02
0.56
1.55
4.29
1.8
0.04
0.03
0.07
2
4.5
2.69
3.44
6.3
2.94
2.97
1.95
0
0
0
0.01
2.76
8.9
1.18
0.02
0
0
0
0
0
0
0
0
0
0
0
0
0
0
0
0.03
0.04
4.9
11.61
4.17
0.3
1.59
1.59
0
0
1.72
1.11
0.03
0
0
0
2.67
0
0
0
0
0.01
0
0
0.59
0
0
5.64
1.31
0.02
0.02
0
10.7
6.03
0.35
0.08
0
0
0
0
2.02
0.83
0.54
0.43
0.12
0.05
1.11
1.19
0.04
0.09
0.13
0.01
0
0
0
0
0
0.04
0.12
25.29
13.15
0.8
11
13.21
1.91
1.59
0.06
0.11
0.01
0.21
0.07
0.04
1.76
1.25
0
1.53
6.5
6.48
2.9
11.95
8.82
0.72
0.37
4.84
2.06
0.08
0
0
0
0
0.47
7.28
11
1.71
0
0
0
17.51
10.73
2.47
0
0
0
0
0.03
6.84
4.2
1.48
0.39
0
0
0
0
0
0
0
0
0.05
0
0.02
0.48
0.9
1.5
0
0
0
0
0
0.01
0
0.18
0
0
1.27
2.78
1.27
0.04
0.8
0
0.08
0
0.25
5.74
7.66
11.77
6.86
2.55
11.1
9.94
1.94
0.09
0.05
0
0
0
0
0
0
0
0
0
0
0
1.02
2.86
1.66
0.01
0
0.02
0.09
0
0
0.06
0
0
0
0
0
0
0.21
0.48
0.54
0.11
0.01
0
0
3.11
2.8
1.2
0
0
0
7.23
10.67
1.36
0
0.22
0.66
0.16
0
0
0
0
0
0
0
0
0
0
0.01
0.01
0
0
0.12
0
2.55
1.57
0
0
0
0
0
0
0
0
0.38
0.34
0
0
0.32
0
0.43
0
0
0.13
1.55
1.82
3.13
9.8
2.36
0.05
0
7.07
10.33
15.83
12.39
0.48
0.01
0
0
0
0.01
0
0
0
0.06
17.92
6.27
0.01
0
1.91
0.08
0.11
0
0
0
0
0
0.07
0
0
0
0.2
0
0.02
0
0
0
0.05
0
0
0
0
0
0
0.01
0
0
0.21
4.52
0.31
0.36
0.34
0.21
0.03
0.59
0
0.04
0
0.01
0
0
0.29
0
0
0
0
0.01
0
0
0
0
0
5.43
1.48
0
0.12
0.3
1.63
1.5
0.02
0
0.98
0.04
15.09
4.99
1.61
8.66
7.73
1.96
0
0
12.59
13.73
8.22
0.09
0
0.25
0.25
0.5
0.09
0
1.02
6.52
4.34
13.55
15.08
11.54
0.2
0
2.39
0.3
0.24
0
0
0.02
0.59
0.94
0.34
0
1.45
21.6
4.13
3.48
0
0.07
0.4
0.05
0
0
0
0
0
0
0
0
0
1.08
1.23
0.41
0.71
0
0
0
0
0.82
5.63
9.16
8.3
4.26
1.52
0.13
0.43
1.98
10.53
22.61
5.12
5.64
2.96
2.16
0.36
0.43
0
0
0
0
0
0
0
0
0
0
0
0
0
8.9
2.84
0.6
0.02
1.24
3.21
0.18
0
0
0
0.44
11.97
5.5
6.79
4.84
8.87
3.73
9.05
0.21
0.16
0.08
0
0
1.56
0.77
3.73
3.3
4.16
1.02
9.95
3.05
0.13
0.65
0.31
0.48
0.61
0.28
3.86
1.27
0
0
0
0
0
0.15
0
0.11
5.01
2.09
0.09
0.04
0
0.02
0.02
0.77
0.02
0
0.04
0
0.05
0.01
0
0.05
0.15
1.36
0
0
0
0
0
0
0
0
0.07
0
0
0
0
0
0
0
1.08
0
0
0
0
0
0
0
0.53
0.25
0
0.31
6.47
7.03
13.53
3.02
1.89
1.98
2.18
0.05
5.28
10.3
3.59
0.02
0.29
4.96
1.25
2.52
2.39
2.55
1.65
0.01
0.69
0
5.17
21.45
10.95
0.73
0.57
0
0
2.14
0.07
1.78
8.51
4.24
0.71
1.57
7.59
7.66
12.87
7.86
8.54
4.95
2.26
1.64
2.92
0.08
1.61
0
2.18
0
1.09
0
12.22
2.06
0.13
0.98
0
0
0.87
0
1.2
0.02
8.11
0.15
1.2
0.04
0.16
31.69
29.14
2.55
1.02
1.98
2.61
3.98
5.81
1.48
3.86
2.69
0
0.45
2.79
1.23
7.14
2.95
0
8.36
8.77
1.14
10.15
12.02
0.48
0
1.15
1.54
2.89
0
1.2
0
1.32
0
0
0.48
0
0
0
0.18
0
0.02
0.36
0
0
0
1.64
0
0
0
0
0
0
0
0
0
0
0
0
0
0
0
0
0
0
0
0
0
0
0
0
0
0
0
0
0
0
0
0
0
0
0
0
0
0
0
0
0
0
0
0
0
0
0.16
0.06
0
0
0
0
0
0
0
0
0
0
0.01
0
0
0
0
0
0
0.01
0
0
5.54
1.29
0.18
0
0.04
0
0
0
0.02
0
0.63
2.91
0.28
1.3
9.79
8.15
26.33
8.63
6.96
2.95
0
0
0
0
0.01
0
0
0
0
0.41
0.14
0.09
0.04
0.08
0
0
0
0
2.8
0.5
0.98
0.43
8.07
3.66
0.02
0.53
0
0
0
0
0
0
0
0
0
0
0.11
0.06
0
0
0
15.8
4.76
0.87
0
0
0
0.07
0
0
0
0
0
0
0
0
0
0
0
0
0
0
0
0
0
0
0
0
0
0
0
0
0
0
0
0
0.01
0.61
6.49
0
0
0
0
0
0.01
0
0
0
0
0
0
0.4
0.21
0.01
0
0
0
0
0
0.15
0.1
0
0
0
0
0.01
0
0.33
0
0.02
1.56
2.61
2.09
1.11
0
0
0
0
0
0
0
0
0
0.41
0.13
1.98
11.73
13.34
5.61
5.27
3.36
0.89
0.2
0.33
0
0
0
0.84
4.7
2.98
0.55
0
0
0
0.01
0
0
2.3
2.51
0
0.01
0.01
0
0
0
0
0
0
0.09
2.58
0.26
10.66
6.3
0.56
5.7
6.3
6.14
3.76
2.35
3.84
1.4
1.27
0.57
2.64
4.31
2.8
1.1
0.32
0.58
0
0
2.31
3.36
2.52
10.6
9.95
8.99
11.21
2.69
0.84
0.27
0.23
0
0
0
0
0
0
0
0
1.98
0
0
0.03
1.07
4.21
1.05
0.71
0.01
0
4.46
1.16
0.07
9.63
6.3
12.15
18.3
3.34
3.62
3.43
3.78
8.38
10.53
12.29
2.59
3.82
0.55
0.34
0
1.59
0.6
0
0
0.52
0
0
3.27
6.58
4.43
4.15
5.66
7.58
0.77
0
0.2
1.59
0
0
0
0
0
0
0
0.39
0
0.01
0.93
0
0
0
0
0.01
1
0.03
0
0
0.01
0
0.01
0
0
0
0
0.36
0.09
0
0.18
0
0
0
0
0.02
1.29
0
0
0
0
0.33
0
0.11
0.01
0
0
0
0.34
0.01
0.07
0.05
0.01
0
0
0
0.02
2.3
0.16
0.01
0
0
0.38
0
0.01
0
0
0
1.16
0
0.07
0
0.82
12.76
6.31
3.61
5.46
5.2
0.39
0.43
0
0.54
0
0
0
0.33
0.11
0.02
0.09
0.1
0
0
0.01
0.01
0
0
0.02
0
0
0
0
0
0
0
0
0
0.07
0.01
0
0
0
0
0.01
0
1.83
0.18
16.98
5.77
0.07
0
0.69
0.18
0
0
0.73
0.96
2.02
0
0
0
0
0
0.25
0.65
0
0.22
0
0
0.01
0
0.07
0
0.01
0.47
0.69
1.12
6.96
7.72
4.16
13.85
9.39
10.07
8.53
4.98
1.73
4.16
7.21
9.77
3.64
4.06
2.38
2.92
0.52
1.67
1.36
4.04
3.18
3.21
3.57
6.55
2.55
1.02
8.06
4.17
2.74
1.29
8.5
20.48
9.05
1.14
0.91
3.44
1.46
0
0
3.16
5.3
0.96
0.73
0.23
0.02
0
4.21
2.09
5.2
1.3
0.2
0.04
0.01
0.27
1.05
0.99
1.82
0
0
0.54
0.92
0.01
0
0
0
0
0
0
0
0.32
1.48
0.03
2.17
4.66
3.67
1.02
2.94
1.06
0
0
0
0
0.02
0
0
0
0
0
0
0.29
0
0
0
0
0
0
0
0
0
0
0
0
0
0
0
0
0.05
0
0
0.01
0.37
0.21
2.3
0
0.01
1.63
0.79
0.02
0.02
0
0
0.83
0.01
0.01
0
0
0.02
3.65
2.39
0
0
0.59
0
0
0
0.02
2.76
1.98
0.1
3.45
8.49
3.97
2.42
4.46
0.19
0
0
0
0.18
0
0
0
0
0
0.12
2.07
0.2
0.34
1.91
1.11
4.22
3.17
0.07
0
0.8
0.44
0.7
0.03
0
0
0
0.54
0
0
0.02
0
0
4.84
0
0
0
0.28
0.2
0.39
1.05
1
0.27
0
0.23
0.04
0
0.4
0.3
0
0
0
0
0
0.02
0.08
1.9
0
0.68
0.01
0
0.01
0.12
0.15
0.9
4.13
0.83
0
0.24
0
0.01
0
0
0
0.31
0
0
0.51
0
0.66
0
0.02
0
0
0
0
0
0
0.01
0
0.02
0.01
0
0
0.26
0.19
0
0.84
0
0
0
0.02
0
1.25
0.25
0.15
0.14
0.09
0
0
6.83
0.84
0.6
0
0
2.96
3.98
0
0.04
0.02
0.05
1.01
0
4.63
0
0.11
0.07
0
0
0
0.72
0.01
2.05
14.2
0.56
0.74
0
0.45
0
0.01
0
0
0.02
0.03
0
0.03
0.67
1.22
0
0
0
1.23
36.63
7.27
0
0
0
0
0.18
0.03
13.69
2.35
0
0.89
0
0
0.01
0.02
1.98
7.4
1.31
0
0.77
2.19
0
0.89
2.49
0.38
0
0
0
3.3
0
0
0.79
0.02
0
0
1.27
2.84
2.41
2.11
9.96
0
1.74
9.91
17.6
15.08
3.48
0.61
1.05
2.55
4.64
0.09
1.8
3.19
0.21
0.38
0.02
0.8
1
0.42
8.65
15.53
3.4
0.9
0
0.5
0.99
1.79
0.01
0
0
0.39
1.68
0.23
3.6
0.52
3.34
10.1
2.32
0.59
0.35
0.05
0.02
0.11
0.09
0
0.01
0
0
0
1.09
11.1
2.09
1.25
0
0
0
0
0
0.11
0
0.05
0
0
0
0
0
0
3.01
0.41
1.13
0.06
0.38
0.09
0.23
0
0
0
0
0
0.48
4.21
0.42
0.04
0.66
0.5
0.76
0
0
0.03
0.34
0.47
0.11
0
0
0
0
0
0
0
0.35
0
0
1.09
0
0.2
4.19
7.04
0.25
0.02
2.34
0.99
3.12
0.72
0.71
1.46
0
0.48
0.44
0.71
0.47
7.16
1.43
5.69
0.8
0
0
0
0
0.54
0
0.86
1.59
16.39
3.12
1.18
1.62
0
4.45
6.36
4.65
3.59
2.27
1.63
1.26
3.37
1.44
1.74
0.93
2.55
3.37
0.16
0.32
0
0.62
0
0
0
0.43
5.34
0.86
0
0
0.32
0
0
1.21
2.8
3.82
0.62
0.01
0
0
0
0
0
5.13
3.38
8.67
23.5
5.71
1.02
0
0.59
0.36
0
0
0
1.65
1.37
0.24
0
0.15
0
0
0.49
0
0
0.39
1.18
0
0.34
1.3
0
0
0.01
0
0
0
0
0
0
0
0
0
0
0
0
0
0
0
0.02
0
0.59
2.54
4
4.23
0.85
0.02
0
0
0
0
0
0
0
0
0
0
0.79
9.21
0.01
0.01
0
0.01
0
0
0.04
0
0
0
0
0
0
0
0
0.61
0.16
0
0.51
0
0
0
0.49
0
0
0
0
0.02
0
0
0
0
0
0.01
1.06
0.04
0
0.02
0
0
0
0.04
0.47
0
0
0
0
0
0
0
0
0
0
0
0
0
0
0
0
0
0
0.1
0.72
0.08
0
0
0
0
0.02
0.07
0.09
1
1.45
1.2
0.04
0
0
0
0.55
9.52
17.36
10.88
0.09
0.58
0.01
0
0.18
0.45
0
0
0
0
0
0.09
0
0.3
0.58
21.76
3.93
0
0.13
0
0.98
0
11.23
5.46
1.29
0.08
0
0
0
0.01
0
0
0
15.3
21.91
14.93
3.32
2.54
0.79
2.48
0
0
0.01
0.01
0
0
0.11
0.14
0.45
8.57
5.89
1.29
1.19
0.02
0
0
0
0
1.26
3.35
0
0
0
0
0
0
0
0
3.29
1.56
5.2
0
0
0.62
2.76
0
0.01
0
0
3.92
1.72
0
0.9
1.23
14.13
3.12
4.88
5.42
0.21
0
0
0
0
0
0
0.01
0
0.02
0
5.36
1.38
0.66
0.01
0
0
0
0
0
0
0
0
0
0
0
0
0
0
0
0
0
0
0
0.01
0.42
3.27
2.11
0
0
0.01
0.01
0.01
0
0
0
0
0
0
0
0.07
0
0
0
0
0
0
0
0
0
0
0
0
0
0
0
0
0
0
0.01
0
2.41
0.01
0.02
0.02
0
0.27
14.66
2.67
0.18
0
0
0
2.35
1.86
0.2
0
0
0.2
3.77
0.22
0
0
0
0
0
0.01
0
0
0
0
0
0
0
0
0
0.03
0
0
0
0
1.28
0
0
1.76
0.56
0.05
0.11
12.15
3.07
7.54
14.38
7.22
3.62
0.4
3.13
2.55
0.4
0.01
0
0
0
0
0.01
0.01
0
0
0
0
0
0
0
0
0
0
0
0
0
0
0
18.18
1.82
2.6
0
0
3.15
0.93
0.01
0
0
0
0
0
0.01
0
0
0
1.47
2.29
4.82
1.91
0.38
2.58
1.03
0
0
0.14
8.35
21.4
21.49
3.05
4.02
1.32
0.34
0.4
0
0
0
1.54
1.61
0.95
0.15
1.3
9.16
3.16
11.74
3.03
0.1
0.07
0.01
0
5.59
12.96
2.72
0.81
0.02
0
0
0
0
0
0
0
0
0
0
0
0
0.01
0.01
0.15
0
0
0
0.03
0.13
0.44
0.07
0
0
0.03
0
0
0.67
0
0.53
0.88
0.17
0
13.8
3.3
0
3.43
6.75
0.08
0
0.99
1.08
4.01
0
0.02
0
0
0
0
0
0.02
0
0
0.26
6.23
1.45
0
0
0.18
0
1.11
0.06
0
0
0
0
0
0
0
0
0
0
0.01
0
0.04
0
0
0
0
0
0
0
0.03
0.02
0
0
0.01
0
0
0
0
13.85
11.32
5.41
0
0
0.01
0
0.01
0
0
0.44
0
0
4.2
4.81
5.77
6
7.61
0.11
1.14
5.37
14.85
5.3
12.96
14.01
1.3
0.61
0.58
0.09
0.09
1.56
1.2
2.73
2.06
5.84
7.94
3
0
0
0
0
0.01
0
0
0
0
0.02
0
0
0
0
3.57
0
0
0
0
0
0
0
0
0
0
0
0
0
0
0
0.52
0.97
1.16
11.25
0.91
7.98
1.16
1.15
0.02
0
0
0
0
0.66
6.27
3.19
0.68
0.53
0
0.2
0.23
0.15
2.34
2.56
0.41
0.37
0.04
0
0.04
0
0
0
0
0.04
0
0
0
0
0
0
0
0
0.11
0.01
0
0
0
0
0
0
0
0
0
0
0
0
0
0
0.12
0
0.19
0.24
0
0
0.25
0.87
0.02
0.35
0
0
0.68
3.73
1.42
0.08
0.31
0
0
0
0
0
0
0
0
0.01
0
0
0.14
1.39
0.23
0.13
1.3
1.61
1.61
0
0
0
0
0
0
0.59
0.7
0.35
2.87
4.78
0.67
0
0.08
0
0
0.12
0
0
3.31
2.82
0.05
0
0
0
0
0
0
0
0
0
0
0
0
0
0
0
0.02
3.52
1.29
0.28
0.8
0.12
0.43
0
0
0
0
1.01
0
3.45
14.03
7.64
5.51
6.97
0.99
3.19
0.26
4.98
1.48
0.84
0.51
0.13
0.49
0.32
0
7.19
7.26
2.7
4.52
7.43
2.95
0
1.58
10.84
5.05
0.84
0
0
0.16
9.11
7.48
9.83
6.38
2.09
1.03
0.33
0
0
0.04
0
0
1.42
4.19
3.8
5.42
7.19
8.27
0.73
0
0
0.12
0.35
0.23
0
0.02
0
0.07
0.09
0.09
0.45
0.24
0.34
0.46
0
0
0.01
0
0
3.44
0.72
0.18
0
0
0
0
0
0.1
0
0.01
0
0
0
0
0
0
0.01
0
0
0
0
0
0
0
0
0
0
0
0
0
0
0
0.02
0.68
0.74
0.52
0
0
0
0.24
0
0.02
0
0.01
0
0
0
0
0
0
0
0
1.14
0.95
0
0
0
0.22
0
0
0
0
0.01
0.03
0
0.01
1.49
3.02
4.31
2.06
0
0
0
0
0
1.04
0
0.01
0
0
0.34
22.12
4.61
3.1
2.64
0
0.01
0.05
0.13
9.99
0
3.35
0.73
0.37
6.58
12.64
3.78
3.39
3.53
15.24
8.46
12.04
4.91
3.01
1.37
3.81
3.89
4.59
0
0.33
0.75
0
0.52
0.77
0.98
1.71
8.8
11.59
0.24
0.52
1.58
8.63
2.15
4.11
7.95
2.56
3.96
2.82
0.64
0
0
0.02
0.04
0
0
0
0
0.73
0.21
0
0
0
0
0
0.37
0
0
1.04
0.92
5.25
0.49
6.85
0
0.11
0.13
0
0.11
0
0
0
0
0
0
0.01
0
0.52
0.04
0.02
0
0.13
0.17
0.02
0
0.1
0.18
0
0.16
0
1.82
0.02
0
0.34
0.77
0
0.55
2.91
0.56
4.56
9.75
2.62
6.43
10.43
2.3
0.42
0.25
0
0.56
0.82
0.03
0
0.12
0
0
0
0.14
0.06
0
0.55
0.66
0
0
0
0
0
0
3.89
8.65
2.68
1.08
0.99
2.03
0
0
0
0.03
0
0
0
0.38
0.53
0.39
0.37
2.59
0.51
0
1.41
0.55
0.07
0
1.57
3.88
3.57
0.58
0.59
0
0
0.02
0.01
0
0
0
0
0
0.02
0
0
0
0.32
0.53
0.43
0
0
0
0
0
0
0
0
0
0.21
0.33
0.63
0
0.05
0
0
0.36
1.07
0.71
0
2.04
0
0
0
0
0
0.02
6.84
5.91
0
2.3
5.27
0.98
0
0.6
3.2
3.34
0
0
0
0.05
0
0
0
0
0.33
0.86
0
0.02
4.11
2.05
0.25
0
0.75
0.29
2.08
0.22
7.18
4.16
1.67
1.16
3.34
0.16
0
0.05
1.49
0.04
0
0
0
0
0
0
0
0.14
0.05
0
0
0
0
0
2.27
0
0
0
0
0
0
0
0
0
0
0
0
0
0
0
0
0
0
0
0
0
0
0
0
0
0
0
0
0
0
0
0
0
0
0
0
0
0.07
0
0
0
0
0
0
0
0
0.02
0
0.01
0.03
0.39
0
0
0.01
0
0
0
0
0
0
0
0
0
0
0
0.12
0.04
0
0
0
0
0
0
0
0
0
0
0
0
0
0
0
0
0
0
0
0
0.03
0.01
0
0.02
0
0
0
0.02
0.12
0.68
0.25
0
0
0
0
0
0.25
0.76
1.27
3.16
0.21
0.09
0
0
3.07
2.9
2.52
2.93
1.36
0
2.7
7.02
0
2.05
1.11
5.13
6.36
3.04
0.1
0
12.69
4.95
1.38
2.36
3.98
3.58
3.75
0.18
5.34
0
1.01
2.35
2.66
9.96
1.52
0
0
0.92
0.1
0.06
18.74
10.38
5.38
8.4
2.27
7.01
1.89
2.27
1.38
9.75
1.88
0.02
0
0
0.02
0
0
0
0
0
0
0
0
0
0
0.36
0.23
0
0.56
0.35
0.15
0
0.72
1.14
3.2
0
0.32
0.12
0
0.01
0.23
0
0.02
0.01
0.06
0.78
0.52
0.05
0.04
0
0.05
0.35
0
0
0.05
0.12
0.39
0
6.79
2.65
0.7
0.2
0.14
0.3
0
0
0
0
0
0
0
0
0
0
0
6.31
2.91
1.02
1.66
0.16
0
0.27
0.7
0.06
0
0.03
0.12
0.72
0
0
0
0
0
0
0.01
0
0
0.91
1.74
0
0.19
20.36
4.23
0.32
0
0
3.79
0
0.02
0
0
0
0
0
1.11
0
0
0.2
0.01
0.09
0.77
0.28
1.66
0
0.01
0
0
0.37
0
0
0
0
0.01
0
0
0
0
0
0
0
0
0
0
0
0
0
0
0
0
0
0
0
0
0.01
0
0
0
0
0
0
0
0
0
0
0
0
0
0.02
0.21
3.2
5.42
3.98
3.99
1.32
0.3
3.29
2.56
0.03
0
0
6.9
2.89
0.14
0
0.11
3.17
11.13
6.23
6.59
7.47
1.26
0.08
0.51
0
0.01
0.04
0.47
0
0
0
0
0
0
0
0
0
0
0.02
0.01
0
0
0
0
0.01
1.62
0.83
5.09
2.84
17.15
1.96
0
0.02
0.06
0
0
0
0.02
0
0
0.9
0
0
0.04
36.76
6.63
2.18
1.99
3.41
0
0.08
0
0.09
0
0.01
0
0.01
0
0
0.08
0.95
0.07
0
0
0
0
0.02
0.01
0
0
0
0
0
0.02
0
0
0
0
0
0
0
0
0
0
0
0
0
0
0
0.23
20.79
4.07
1.21
0
0.02
0
0.02
0
0.01
0
0.23
1.52
4.59
1.35
4.77
0
0
0
0
0.01
0.02
0
0
0.01
0.06
0
0.89
0.23
0
0
0
0
0
0
0.01
0
0
0
0.08
0
3.39
0.73
0.34
0
0.01
0
0
0
0
0
0
0
0
0
0
0
0.82
0
0
0
0
0.01
0.01
0.01
0.05
0
2.34
0
0
0
0
0.32
0
0
0.01
0.14
1.8
0
0
0
0.05
0
0
0
0.09
0
0
0
0
0
0
0
0.8
10.97
28.79
7.75
0
1.59
5.9
14.17
5.91
1.59
0.41
0.02
0.09
0
0.4
0.28
6.98
0.84
1.89
0.27
0
2.61
0.09
0.03
0.16
10.08
0.37
2.6
4.91
2.82
0.52
0.24
0
0
0
0
10.38
0.95
0.4
0.11
0.5
0.14
0.53
10.34
2.75
2.43
8.37
3.36
7.88
3.23
8.94
9.83
17.04
3.88
0.31
0.34
8.6
7.07
10.03
1.86
9.18
7.7
1.1
10.82
1.23
0.36
0.14
0.13
0.16
0.14
0.15
2.21
0.69
4.91
6.32
18.87
6.69
0.95
1.66
2.3
6.84
2.41
0
5.06
10.56
1.07
0
0.81
6.91
0.11
0
0
0.02
0.16
0
0
2.65
1.23
0
0.02
0
0
1.28
0.15
0.13
0
0
0
0.05
8.74
1.08
0
0
0.04
0
0
0
0
0
0
0
0.04
0
0
0
5.23
1.74
0.39
0
0.04
0.37
3.79
0.35
0
0
0.09
0.01
0
4.72
0.19
0
5.95
11.05
7.49
6.8
0.49
0
0.07
0.13
3.62
2.99
0.24
0
0
0
0
0
0.01
0
0
0
0
0
0
0.03
6.32
0.72
0
0
0
0
0.53
1.95
0.53
0.79
2.68
0.55
0
0.68
21.68
6.87
0.27
3.54
17.14
16.41
2.46
0
0
0.47
1.29
6.77
8.22
6.53
1.09
0
0
0
0
0
0
0
0
0
0.02
3.53
1.68
0
0
0.02
0.01
0
0
0
0.23
0.07
0.09
0.11
0
0
2.1
1.57
3.05
0
1.53
0.48
0.01
0.09
0
0
0
0
0
0
0
0
0
0
0
0
0
0.08
0
0
0
0
0
0
0
0.95
0
0
0
0
0.04
0
0
0
0.63
0.9
0.92
4.65
0.08
0.01
0
0
0
0
0.16
0
1.56
0
0.08
2.63
0
0
0
0
0.75
13.34
2.65
10.06
3.93
0
0
0
0.05
0
0
0
0
0
0
0.03
0.58
4.92
0
0
0
0
0.04
0
0
0
0
3.29
0
0.61
5.06
0.56
0
0
0
0.03
0.95
0.67
1.67
11.49
2.54
0
0
0.01
0
0
0
0
0
0.02
0
0
0
0
0.02
0
0
0
0
0
0
0
13.71
0.66
1.76
0
0.62
0.11
0
0.03
0
0
0
0
0
0
0
0
0
0
0
0
0
0.37
3.23
0.23
0.02
0
0.02
0
15.87
33.02
12.13
9.01
2.23
0.24
8.48
1.53
2.61
3.31
0.13
0
1.14
2.38
0.04
0.08
0
0
0
0
0.02
0
0
0
17.95
13.1
3.16
1.85
0.04
0.17
1.22
11.6
17.17
13.72
5.22
0
0.27
3.67
9.37
8.7
12.84
12.05
5.79
8.02
6.2
1.89
0.03
0.13
2.32
16.25
1.94
14.92
1.92
9.01
2.97
2.71
13.47
5.64
15.43
21.04
0
0
0.03
0.02
0.05
0.04
2.15
8.76
1.74
12.71
21.72
14.86
5.43
4.58
0.63
0.28
0.44
0.35
0.04
0
0
0
0
0
3.84
0.4
0.61
0.01
0
0
0
0
0
0
0.02
0.15
0.14
0
0
0
0
0
0
0
2.08
0.2
0.08
0
0
0
0
0.01
0.03
0.07
0
0
0
0
0
0
0
0
0
0
0
0
0
0
0
0
0
0
0
0
0
0
0
0
0
0
0
0
0
0.09
0.14
0
0
0.03
1.09
0.14
0
0
0
0
0
0
0
1.75
6.65
7.35
11
4.53
0.89
0.25
0
0
0
0
0
0.03
0.01
0
0
0
0.05
0.18
1.7
2.05
2.06
0.26
0.03
0
0
0.9
4.2
3.41
4.75
16.34
1.72
0
0.13
0.05
0.12
0
3.96
4.43
3.39
0.02
0.02
0
0.96
8.32
4.16
3.22
1.43
6.49
14.7
4.79
0
0
0
0
0
0
0
0
0
0
0
1.2
0
0
0
0
0
0
0
0
0
0
0.43
0.3
0.26
15.77
12.39
0
0
0
0
0.01
0.25
1.93
1.1
0
0
0
0.9
0.41
0.71
0.02
0
0
0
0.66
1.45
10.06
1.46
0
0
1.65
0
0.05
0
0
0
0
1.4
0.88
0
0.02
0.57
2.07
0
13.18
1.65
0
0.05
0.02
0.08
0
0.68
0.55
0
0
0.05
0.34
0
0
7.32
1.31
1.42
0
0
0.01
0
0
0.01
0
0
0
0
0
0.4
0
0
0
0
0
0.6
3.05
2.19
0
0.31
0.43
0.57
0
0.01
1.57
3
0.22
1.59
0
1.34
0
0.1
0.09
0
0
0.01
0.54
1.37
0
0.02
0
0
0
0
0
0
0
0
0
0
0.01
1.33
1.84
2.8
2.53
0
0.12
0.67
3.99
3.63
0.02
0
0
0.04
9.79
7.24
5.91
25.13
11.04
3.06
5.67
2.63
7.56
12.21
2.73
9.44
1.39
0
0
1.03
10.4
3.52
2.01
18.02
6.19
0
2
5.84
2.03
0.04
1.83
0.02
0
0.16
0.21
0.14
19.66
0
0
0
1.53
0
0.58
4.02
1.83
0
0
6.42
11.63
28.69
4.83
3.07
0.34
3.02
6.26
0.48
0.01
1.76
0.65
0.06
0.82
2.98
1.95
9.38
0.05
0.09
0.08
0.65
0.04
0.22
0
0
0
0
0.2
2.09
1.96
0.05
0
0
0
0.05
0
0
0
0
0.29
0
1.13
2.45
0.19
0.6
3.88
0.41
1.96
1.27
12.34
3.55
4.98
0.2
0
0
0.76
1.58
0.02
0
0
0
0
0
0
0
0
0
0.12
4.98
0.97
0
0
0
0
0
0
0
0
0.03
0
0
0
0
0
0
0
0
0
0.11
0
0
0
0
0
0
0
0
0.09
1.38
0.83
0.19
0
0
0.27
6.93
1.88
5.31
0
0.96
1.74
1.07
3.46
1.35
0.43
0.08
4.17
2.8
3.31
0.24
0
12.38
1.95
7.26
0.32
0.01
0
0.03
0.6
4.48
0.36
0
0.04
2.45
0.37
10.45
6.3
3.63
0.68
1.91
1.7
0.82
0.38
0.38
0
0
0
7.27
11.59
3.33
7.61
12.31
4.74
1.73
0.37
0.71
12.59
4.81
0.9
6.34
3.15
6.77
0
3.13
15.95
1.72
12.78
0.85
1.97
0.41
0.48
1.03
0
2.97
0
0
0
0
0
0
0
0
0
0
0
0
0
0
0
0
0
0
0
0
0
0
0
0
1.4
2.57
1.76
0
0
0
0
0
0
0
0
0
0
0.21
0
0
0
0
0.02
0
0
0
0
0
0
0
0
0
0
0
0
0
4.12
3.27
0
0
0
0
0
0
0
0
0
0.79
0
0.34
6
3.26
0
1.21
5.04
0.34
0
0
0
0
0.15
0
2.66
0
0
0
0
0
0.03
0
0
0
0
0
0
0
0.11
0.09
0
0
0
0
0.01
0
0
0.35
0.21
2.36
8.62
0.92
3.51
6.28
4.36
1.33
5.8
1.22
0.59
0.02
0
1.44
7.89
9.43
2.74
0.06
0.88
0.95
0.13
0
0
0
0
0
0
0
0
0
0
0
0
0
0.04
0.34
0
0
0
0
0
0
0.26
0.51
8.39
10.19
0.09
0
0
0
0.04
0.37
0.02
0
0
0
0
0
0
0
0
0
0
0.01
0
0.05
0.31
0
0
0
0
0
0
0.16
0.46
0
0.01
0
0
0
0
0.37
0.63
0
0
0
0
0
0.02
0.01
0
0.09
0
0.01
0
0
0
0
0
0.24
5.45
13.34
2.65
0.06
0.02
0
0
0
0
0
0.85
1.65
0.07
0
0.01
0
0
0.13
4.17
3.03
0
0
0.2
0.83
2.88
0.17
0.01
0
0
0
0
0
0
0
0
0
0
0
0
0
0
1.77
7.41
0
0.01
0
0
0
0
0
0
0
0
0
0
0
0
11.64
4.99
0.62
0
0.05
0
0.45
2.01
0.13
0
0
0
0
0
0.3
18.72
7.61
0.34
2.02
3.59
0
0.02
0
0
0
0
0
0
7.52
6.2
2.99
2.24
0
0
0
0
0.45
0
0
0.22
0
0
0
0
0
0
0.02
0.05
0.01
1.77
0.99
8.29
1.66
0
0
0.46
0.46
0
0.05
0
1.28
4.79
10.96
9.54
5.77
1.23
6.61
2.36
1.82
0.7
0.92
3.3
4.27
0.55
0
0
0
0
0
0.04
0.01
1.93
6.04
6.48
3.36
0.17
0
0
0
0.02
0
0
0.01
0
0
0
1.34
12.8
2.64
0
0
0
0
0.04
4.39
1.95
1
0.14
0.07
18.36
2.11
0
0.78
0
0.38
0.02
0
0
0.25
0
0
0
0.02
0
0
0
0.02
0.01
0
0
0
0
0
0
0
0
0
0.36
1.44
0.97
0
0
0.13
0
0
0.02
0
0
0
0
0
0
16.48
7.84
0.8
0
0
0.06
0
0
0
0
0
0
2.17
0
0
0
0
0.09
0
0
0
0
0
0.23
2.19
0.03
0
0
0.01
0.39
0.6
0.13
0.05
0
0
0.07
1.43
2.03
0
0
4.79
3.98
2.38
3.06
0.16
0
0
0.01
0
10.91
8.78
0
0.03
0
10.42
22.25
4.73
0.19
0
0
0.57
4.69
0.21
0
0
0
0.04
0
0
0
0
2.07
8.81
5.06
0
0
0
3.25
11.24
3.98
0.49
0
0.14
13.95
6.07
13.84
15.19
10.62
14.5
16.66
7.32
1.21
6.2
2.5
1.73
0.56
0.52
0
0.16
0.04
0
0
0
0
0
0.08
0
0.37
16.92
10.27
1.97
3.32
1.53
0.02
0.11
0
0.01
1.25
0.69
0.29
0
0
0
0
0
0
0.09
0
0
0
0.02
0.63
0
0.51
0
0.04
5.42
0
0.11
0.01
0.38
4.76
2.85
0.61
0.08
0
0.5
0.01
0
0
0
0.11
0
0
1.41
3.44
7.19
1.62
0
0
0
0
0.01
0
0
0
0.04
1.53
0.42
0.02
0
2.37
4.32
0.59
0
0.97
0
0
0
0
0
0
0
0.01
0
0
0
0
0
0.29
1.03
0
0
0
0
0
0
0
0.01
0
0
0
0
0
0
0
0
0
0
0
0
0
0
0
0
0
0
0
0
0
0
0
0
0
0
0
0
0
0
0
0
0
0
0
0
0.01
0.02
0
6.77
3.28
5.45
4.74
0.88
1.04
0
0.3
0
0
4.22
1.77
2.35
4.14
4.3
2.81
0.9
0
1.53
6.9
5.3
5.31
1.55
0.13
3.33
9.27
17.51
12.52
0.02
6.89
4.59
0.39
0.08
7.95
0.8
0.02
0.46
2.36
9.89
1.9
0.12
0.33
0.73
0.21
0.21
4
3.37
6.7
11.45
2.63
1.72
2.86
0.36
0
0
0
0.01
1.08
4.09
0.06
0
0.83
2.54
2.4
2.56
1.16
0.14
1.82
0
0
0
0.01
0
0.26
0.06
2.78
12.55
1.52
0
0.01
0
0
0
0.01
0
0
0
0
0
0
0
0
0
0
0
0
0
0
0.56
1.63
0
0
0
0
0
0
0
0
0.04
0
0
0
0.42
0.08
0.01
0
0
0
0
2.45
0.14
0
0
0.06
0
0
0
0.02
0
0
0
0
0
0
0
0.02
0.01
0
0
0
0
0
0
0.01
0.34
0
0
0
0.01
0
0
0
0
0
0
0.02
0
0.02
0
0.01
0
0
1.54
0.17
0
0.01
0
0.01
0
0
0
0
0
0
0
0
0
0.41
0
0
0
0.06
0.89
4.56
0.16
0
0
0.02
0.01
0
1.45
0.6
2.55
2.3
0
0.35
0
0
0
0
0
0
0
0
0.55
11.08
1.29
0.39
0.06
0.26
0
0
0
0
7.02
5.57
0.42
1.33
1.18
0
1.61
0
0
0
8.7
1.4
1.12
17.56
1.2
1.5
14.94
2.57
1.16
0.25
0
0
0
7.89
2.45
0.23
0
0.05
0
0
0
0
7.21
17.15
4.38
3.53
0
0.88
0
1.08
9.39
1.52
10.44
2.47
0.06
0.13
7.89
15.5
3.56
1.23
0.02
0
0
0
0.05
5.77
0
0
0.95
0
0.07
0.12
1.51
7.23
8.2
7.1
7.89
10.18
4.71
7.3
13.36
4.15
0.01
5.46
0.57
3.27
2.53
7.09
2.52
0.79
0.72
3.96
2.97
7.04
0.46
1.42
1.38
1.48
4.75
2.36
10.38
0.71
0
0
0.45
4.3
4.43
2.87
19.86
5.85
2.34
0.53
0
0
0
0.02
0
0.53
1.34
0.42
2.21
8.5
1.19
0
0
0
0
0
0.21
0
0
0.1
0.03
0
0
0
1.71
2.75
2.31
0.8
0.43
0
20.36
18.01
6.59
11.02
2.52
0
14.82
4.25
0
0.68
0.41
0.55
0
0
0
4.79
0.71
0
0
0
0
0
0.2
0.9
1.09
5.27
1.97
0.73
0.86
1.06
0
0
0
0
0
0
0
0
0
0
0
0
0
0
0
0
3.41
18.04
5.16
0.29
0.04
0
0
0
0.03
0
0.06
0.94
0
1.49
0.06
2.58
2.91
1.49
3.21
0.43
0
0.08
0.49
4.32
1.39
0.01
0
0
0.48
1.27
0
0.65
18.96
12.85
8.02
10.31
4.19
0.09
0.43
0
0
0
0
0
0.01
0.01
0
0.01
0
0.02
0
0
0.02
0.16
7.64
3.03
0
0.01
0
0
0
0
0
0
0
0
0
0
0
0
0
0
0.01
0
0
0
0
0.62
0.67
0
0.09
0.2
0
1
0.24
0
0
0.59
0
0
0.34
0
0
0
0
0.01
0
0
0
0
0
0
0
0.21
0
0
0
0
0
0
0
0
0
0
0
0.01
0
0
0
6.71
1.55
2.21
3.88
0
0
0
0
0
0
0
0
0
0.02
0
0
0
0
0
0
0.02
5.96
2.51
0
1.94
0
0
0
0
0
0
0
0
0
0
0
0
2.43
3.82
19.88
6.09
7.8
1.05
0
0.5
0.34
10.69
0.66
0
0
0
0.01
0
0
8.78
1.08
3.91
0.19
0
0.18
12.52
2.2
0
0
1.88
5.64
16.79
17.19
4.61
0.6
2.08
0.13
0
0
0
0.01
0
0
0
0
0
0.08
0
0
0.05
0.07
0
0
0
0
0
0
0.41
0.23
1.37
0
0.03
0
0
0
0
0
0
0
0
0
0
0
0
0
0
0
0
0
0
0
0
0
0
0.02
0.01
0
0
0
0
0
0
0
0
0
0.08
2.5
6.45
0.13
0
0.04
0
0
0
2.71
3.96
1.93
6.95
8.45
0
0
0
0
0
0.92
0
0.04
0.39
2.81
0.19
0.56
0.11
0.63
0
0
0.03
2.54
0.85
9.04
1.12
0
0
0
0
0
0
0
0.03
0.01
0.21
0
5.75
0
0.82
0
0.01
0
0
0
0.01
0
0
0
0
0
0
0
0
0
0
0
0
0
0.21
2.79
2.85
0
17.85
6.37
1.69
0.03
0.04
0.01
0
0
0
1.51
7.2
8.28
14.16
9.91
1.8
0.47
0.02
0.02
0.02
0.02
0
0
0
0
0
1.22
0.08
0
0.06
0.26
3.07
1.36
0
7.11
7.61
6.5
0.43
0.34
13.42
9.54
4.94
0
0
0
0
0
0.02
0.01
0
0
0
0
0
0
0
0
0
0
0
0.16
1.77
0.26
6.94
6.42
7.23
14.69
19.89
2.1
2.23
3.54
0
0
0
0
0.01
0
0
0
0
0.16
0.61
0
0
0
0
0
0
0
0
0
0.04
0.04
2.29
4.32
4.34
5.54
2.23
0.17
0
0
0
0
0
0
0
0
0.01
0
0.01
0
0
0
0
0
0
0
0
0
0
3.91
1
0
0
0
0.01
0
0
0.1
0
0.02
0
0.02
0
0
0
0
0
0
0
0
0
0.02
0.73
0.01
0
0
0
0
0
1.29
0.05
0.02
0
0
0
0
0
0
0.03
0
3.89
0.76
0.11
0.45
1.09
2.74
0.03
0.02
2.5
0.03
0.05
3.49
0.95
1.48
10.76
0
9.61
1.12
0
0
0.24
0
3.55
2.91
0
0
0
0
0
0.12
0.02
0
0
0
0.01
0.42
1.96
3.36
5.18
2.67
0
6.65
2.89
3.37
1.61
0
0
0
0
0
0.01
0
2.14
1.04
0
0.01
0
0
0.77
11.29
14.18
14
1.99
0
0
0
0.15
2.57
0.17
0.03
0
9.69
7.69
2.73
0.11
0
0
0.01
0
0.01
1.37
0.77
0
0
0.03
0.02
0.01
0.01
0.03
0
0
0
0
0
0.06
8.45
5.67
3.48
8.48
3.01
2.07
9.22
5.26
3.75
5.47
2.43
3.88
0.76
0
2.98
1.34
3.98
0
2.69
0.38
0
0.25
0.26
0.72
0
0
8.19
7.49
4.73
0.88
4.62
1.36
0.16
3.27
4.25
4.76
4.93
1
0
0.23
0.07
1.68
1.18
4.53
5.14
0.05
0
2.48
1.44
1.42
4.74
1.48
1.56
12.31
2.52
11.56
3.84
5.75
0
0
0
0
0
0
0.05
0
4.07
3.14
6.91
1.47
8.16
0.59
0
0
0
0
0
0.18
0.35
1.29
0.04
0
0
0
0.03
0
0
0
0
0
0.02
0
0
0
0
0
0
5.77
11.47
3.78
0
2.59
0
5.63
26.27
14.09
4.05
0.24
0
0
0
0.35
1.5
0.53
0
0
0
0
0
0
0
0.09
0
0
0
0
0
0
0.01
0
0.33
0.11
0.26
2.94
15.51
3.54
10.98
21.02
3.75
0
0.01
0
0
0
0
0
0
0
0.93
0.77
2.09
8.73
8.34
2.34
0.38
0
0.58
10.34
1.57
0.02
0.45
0
0
0.1
0.68
0.01
0
0
0.34
0
0
0
0.91
0.63
12.72
5.57
5.44
0.34
0
0
0.01
0
0.16
2.37
15.51
0.9
0
0.01
0
0
0
0
0.24
0
0
0
0
0
0
9.52
10.75
3.14
0
6.36
1.82
0
0.84
0.03
0
0.01
0
0
0
0
5.33
0
1.61
0
0
0
0
0
3.23
0
0
0
0
0
0.02
0
0
0
0
0
0
0.01
0
0
0
0
0.02
0.88
0
0
0
0
0
0
0
0
0
0
0
0
0
0
0
0
0
0
0
0
0
0
0
0.3
0
0.01
0
0
0
0
0
0
0.04
0.38
0
0.54
0.5
0
0
1.14
7.16
3.99
0.01
0.02
0
0.03
0
0
0
0.02
0
0.02
0.32
12.64
2.08
8.66
0
0.02
0
0
0
0
0
0
0
0
0.01
0
0
0.07
0.1
0.29
0
0
0.01
0.38
0.23
1.51
2.49
13.8
6.77
4.25
1.39
0
0
0
0
0
0.03
0
2.05
5.63
17.24
8.07
1.1
14.86
7.75
21.42
12.7
1.96
2.45
0.02
0
0.19
11.85
9.6
4.19
9.44
0.66
10.41
12.13
0.35
0
0
0
0.1
0
0
7.72
1.07
0.7
0
0
0
0
8.45
5.27
0.77
0
0
0
0.02
4.05
4.34
0
0
4.56
1.32
0
0.86
3.74
2.17
0.37
0.23
0.06
0
4.18
2.2
0.94
2.36
0.34
0
0
0
0
0.1
0.02
0.64
0.97
0
0.03
0.03
0
0.02
0.01
0
0.01
2.4
0.17
0.89
0.83
0
0
0.1
0
0
0
0
0
0
0.09
0
0
0.13
0.06
0.31
0.21
0
0.03
0
0
0.03
0
0.26
0
0
0.11
2.68
2.25
0.09
0.1
2.77
5.16
0.41
0.01
0
0
0.08
0.13
0.08
0.03
0
0
0
0
0.01
0
0
0
0
0
0.19
3.57
4.55
5.14
4.55
18.3
12.87
2.14
0.43
0.17
0.52
0
0
0
0
0
0.2
0
0
2.04
0.31
0
7.67
4.05
0
0
0.02
0
0.59
0
0
0
0
0.72
0.39
0.07
4.41
7.66
5.66
4.97
10.97
3.05
9.56
2.09
0
0
0.07
0.18
0
0.28
0
0
0
0
0
0
23.12
15.16
2.64
2
0
0.16
1.23
1.89
0.02
0
0
0.02
2.52
23.04
7.21
3.59
8.87
22.42
2.28
4.3
11.08
2.97
0
0
2.18
5.11
3.58
0.63
0
0.06
0
0.02
0.97
0.11
0
0
0
7.44
6.11
4.81
4.7
5.34
0.78
0.61
0
0
0
0
0
0
0
0
13.85
2.07
0
0.75
0
0.52
8
0.13
0
0
0
0.01
0
0.4
0.08
0
0
0
0
0
0.02
0
0.02
0
0.01
0
0
0
0
0
10.23
0.77
0
0
0
0
0
0
0
0.41
2.16
0.43
0.02
0
0
0.01
0
0
0.09
0
0
0.02
6.71
0.03
0
0
3.94
0.5
0.07
3.73
0
0
0
1
3.59
0.17
0
0
0
0
0
0
0.53
0.34
0.27
0
0
0
0
0
0
0
0
0
0
0
0
0.66
10.92
13.95
3.27
8.88
3.14
0
0
0
0
0
0
0
0
0
0.04
0
0
0.04
0
0
0
0
0
0
0
0
0
0
0
0
0
0
0
0.04
0.04
0.04
0
0
0
0.56
0.02
0
0
0
0
0.46
4.79
3.02
2.97
4.67
1.41
0
0.62
14.37
3.02
25.02
6.97
4.34
2.62
2.22
2.38
0.95
1.72
15.87
4.18
0
0
0
0
0
0
0
0
0
0.02
0
0.08
0
0
0
0.07
0
0
0
0
0
0.04
1.84
2.37
0
11.44
2.47
5.88
0.63
0.41
0
0
0.04
0.3
0
0
0.04
0
0.11
1.06
0.49
0
0.04
0
0
0
0
0
0
0
0
0.25
0.06
0
0
0
0
0
0
0
0
0.02
0
0
0
0
0
0
0
0
0
0
0
0
0
0
0
0
0
0.35
2.11
0.08
0
0
0
0
0
0
0
0
0
0.32
3.06
0.04
0.69
0.02
0.02
0
0
0
0
0.03
0
0
0
0
0.13
1.62
7.51
7.21
2.63
0
0.02
0
0
0
0.48
0
0
0
0
0
0
0
0
0
0
0.2
1.16
0.8
0.05
0
0
0
0
1.15
0.55
5.06
0.91
0.38
3.26
0.73
1.91
0.04
0
0
0.76
8.68
7.39
3.22
0.34
0.12
0.02
0.24
0
0
0
0
0.15
0
0.12
0
0
0
0
0.17
0
0
0.03
0.34
0
0
0
0
0
0
0.01
0
0
0
0.01
0
0
0
0.83
0.05
0.23
1.23
10.22
1.8
0
3.61
1.4
0.02
0
0
0
0
0
0
0
0
0
0.05
1.3
1.58
2.48
0.38
0
0
0
0
0
0
0
0
0.73
0
0.69
0
0.02
0
0.1
0.12
0
0
6.09
1.88
1.61
5.85
4.14
0
0.45
7.57
1.66
0.01
0
0
0
0.02
0.03
0
0
1.13
0
0.42
0
0
0
0
0
0
0
0
0
0
0
0
0.02
0
0
0.01
0
0
0
0
0.01
0
0
0.02
0
0
0
0
0
0
0
0.63
0
0
0
0
0.11
1.11
0.29
0
0
0
0
0
0
0
0
0
0
0
0
0
0.01
0.06
0.02
0
0.01
1.36
6.93
6.55
3.2
0.96
0.07
0
0
0.14
0
0
1.34
0.07
0.02
0
0
0
0
0.23
0
0
0
0
0
0
0
0
0
0
0.01
0
0
0.01
0
0.04
0.5
1.41
3.68
1.43
0
0.37
0
8.7
5.62
0.23
1.89
0.92
12.35
0.91
1.81
0
0
0.1
16.75
1.66
3.92
2.44
0
0
0.21
0.33
0
0
0
1.16
0.47
0
0.52
12.8
12.3
21.63
6.85
0.29
0
0
0
0
0
0
0.01
0
2.09
0
0.22
0.09
0
0
9.39
12.16
0.84
0.55
0.28
0.08
0
0
0
0
0
0
0
0
0
0.01
0
0.01
0.02
0.02
0
0
0.08
0
0
10.77
3.15
0
1.39
0
0.47
0
0.23
0
0.38
0.89
2.97
3.65
1.21
7.41
0.03
0
0.07
0.01
1.54
1.8
5.09
0.22
0.96
0.27
0
0.04
0
0
0
0
0.38
0
0.12
0
0
0
0
0
0.03
0
0
0
0
0
0
0
0
0
0
0
0.15
0
0.11
3.48
2.76
2.33
3.3
2.25
5.84
3.03
13.21
5.12
0.43
0.96
0
0
1.26
9.43
0.03
0.05
0
0.02
0.46
0
0
0.02
0
0
0.01
0.01
1.61
6.57
4.5
3.77
1.56
2.81
4.26
0
0.02
0
0.07
0
0.12
0
0
0
0
0.01
0.66
5.29
5.55
2.34
0.01
0
0
0
0
0
9.76
4.02
1.31
3.52
0.79
0.32
0.11
6.07
2.4
1.29
0
0
0
0
0
0
0.01
0
0.44
2.82
4.11
2.25
0
0.26
0
0
0
0.19
0.64
0
0.23
0
0
0
0
0.02
0
0
0
0
0
0
0
0
0.13
1.2
0
0.01
0.01
0
0.01
0
0
0
0
2.25
6.98
5.35
0
0.03
0
0.46
12.84
3.99
0
0.59
3.28
3.09
0.61
0.2
1.98
4.02
0.51
0
1.38
0.13
0
0
0
0
0
0
0
0
0
0.11
0
0
0
0.1
0.79
2.9
2.42
1.64
0.73
4.99
2.24
1.18
0.02
0
0.02
0
0
0
0.01
0
0
0
0
0
0
0
0
0
0
0
0
0
0
0
0
0
0
0
0
1.26
0
0.02
0
0
0
0
0.05
0
0
0
0
0
0
0
0
0
0
0
1.12
0.45
2.55
1.25
2.28
0.51
0
7.78
13.13
10.61
0.48
0
0
0
0
0
30.48
7.77
0
1.27
0
0
0
0
0
0
0
0.89
0.16
0.15
0
0
0
0.01
0
0.03
1.08
0
0.05
0
0
0.36
14.75
11.01
13.8
23.96
4.17
4.46
10.02
2
2.48
0.45
0
0
0
0
0
0
11.06
12.67
1.73
0.57
0.97
4.24
0.42
0
0
0
0
0
0.15
5.72
12.46
0
0
0
0
0.01
0
1.12
1.88
5.73
0.53
0.07
0.18
0.07
0
0
0
1.5
1.21
14.57
2.41
12.13
1.26
0
0
0
0
0
0
0
0
0
0
0
0
0
0
0
0.01
0
0
0
0
0.01
0
0
0.02
0.13
0.01
0
0
0
0.01
0.01
0
0.03
0.09
0
0.02
0
0.57
0
0
0.01
0.33
0
0
3.56
0.27
2.17
3.45
4.39
0
0
1.52
0.72
0.01
0
3.93
3.75
2.8
1.08
0.1
4.79
15.1
5.81
3.25
1.99
0.7
0
1.41
0.05
3.12
0.08
0.13
0
5.8
1.99
0.16
1.51
0.98
3.6
0.86
0.02
0
0
0
0
0
0
7.07
5.25
0.5
0
0
0
0
0
0.02
0.01
0.45
0
0
0.04
0.06
0.01
0
0
0.21
0.12
4.29
11.47
4.95
0.08
1.48
5.58
7.39
1.81
2.67
1.92
1.63
5.76
9.34
3.3
1.38
1.86
2.71
13.45
2.06
1.35
0.02
1.68
1.05
0.1
0
0
0
0.27
0.02
0
3.73
15.14
9.63
6.41
1.32
4.57
1.2
5.29
5.45
0.42
0.94
0
0
0
0
0
0
0.41
0.7
0
0.01
0
0
0
20.93
18.25
2.46
3.68
3.48
2.3
2.78
1.14
0
0.02
0
0
0
0
0
0
0
0
0
0
0.01
0
0.19
0
0.04
0
6.28
7.1
12.14
3.8
0.16
0
0
0
0
0.02
0.04
0.01
0
0
0
0
0
0
0
0
0
0
0
0
0
0
0
0
0
0
0
0
0
0
0
0
0
0
0
0
0
0
0
0
0
0
0
0
0
0
0
0
4.81
1.39
0
0
0
0
0
6.55
0.01
0
0
0
0
0
0
0
0
0
0.17
0.01
0.09
0.06
0
0
0.01
0
0
0
0
0.02
0
0
0.04
0
0
0
1.2
0
1.26
1.15
8.45
2.2
0
0
0.02
0
0.14
3
0.94
3.13
1.02
0
0.09
0
2.09
0.73
0.27
0.41
4.91
1.99
7.32
2.91
0
0
0.02
0
0
0
0.02
0
0
0
1.81
0.01
0.02
0
0
0
0.11
4.73
0
0
0.01
0
0
0
0
0
0
0.01
0
0
0
0
0
0
0
0
0
0
0
0
0
0
0.01
0
7.99
11.16
0.2
3.23
0.01
0.2
0
0
0
0
0
0
0.5
0.04
0
0
0
0
0
0
0.08
0.2
0.01
0
0
0.02
0
0
1.96
0.89
0.38
0
0.4
1.95
0
0.01
0
0
0
0
0
0
0
0.74
6.79
4.87
0.44
0.45
0.75
1.39
0
0
0.4
8.12
1.05
3.23
0.93
3.29
0.91
0
0
0
0.07
0
0
0
0
0
0
0
0
0
0
0.02
1.68
0.86
7.7
0
0
0
0
0
0
0
0
0
0
0.2
0
0
1.56
2.39
15.76
3.42
0.5
0
0.27
4.73
1.34
0
3.25
3.39
0.04
0.03
0
0
0
0
0
0
0
0
0.06
0.16
0
0
0
0
0
0.79
0.06
0.04
0.71
1.34
8.36
0
0.66
0
1.78
0
0
0
2.99
0.16
0
0
0
0.01
0
0
10.44
12.92
2.99
8.63
8.45
0
0.77
0
0.06
10.2
16.61
8.21
15.38
6.24
1.07
0
0.08
0
0.01
0.01
0.03
0
0
0
0
0
0
0.06
0.09
0.05
0.95
5.69
11.11
12.64
1.54
5.75
9.14
2.62
5.2
2.27
3.9
3.57
2.38
0
4.04
0.92
8.24
3.5
3.33
0.81
1.34
2.78
0.49
1.54
13.4
7.34
5.41
1.98
0.67
3.04
0
0.1
7.2
16.16
10.53
1.56
0
0.04
0.13
0.27
3.69
0.06
0
0
0
0
0
11.72
1.16
0.55
0.03
0
0
0.13
0.28
0
0
0
0
0
0
0
0
0
0
0
1.92
0.02
2.71
0.21
0.34
0
0
0
0
0
0
0.02
0
0
0
0
0
0
0
0
0
0
0
0
0
0.01
0
0
0
0
0
0
0
0.01
0
0
0
0
0
0
0
0.35
0.28
0
0
5.19
2.09
0
0
0
0
0.01
0
0
0
0.97
1.8
0
0.09
0
20.85
0.95
0.02
0
0
0
0
0
0
0
0
0.88
4.34
5.8
0.93
4.46
2.16
1.25
0
0
0
0
0
0
0.02
0
0
0.84
0
0
0
9.82
2.93
0.59
0
0
0
0.64
5
0.1
0.56
8.77
9.4
4.67
4.27
0.11
0
7.37
11.63
2.8
6.48
18.64
10.27
4.06
0.29
0
0.14
0.09
3.02
1.33
0
0
0.01
0
0.01
0
0
0
0
0.06
0.01
0
0
0
0.02
2.45
0.19
0
0.11
7.07
2.8
0.63
3.34
1.42
2.32
0.88
1.37
3.32
18.71
5.06
0.84
0.35
0
2.09
8.36
0.67
1.64
0.5
0.5
0.01
0
0.02
0
0
0
0
0.01
0.09
0
0.02
0
0
0.02
1.48
1.59
7.09
1.77
0
0.49
0
2.52
2.23
0.27
0.79
0.03
1.88
0
0.02
0.34
0.11
1.97
6.08
0.85
4.32
12.87
1.27
0.13
2.44
0.87
0
1.17
1.1
1.68
3.85
6.16
6.55
4.13
6.14
7.49
4.71
0.86
0
2.47
0.02
0
0
0
0
0
0
0
0
0
0.01
0
0
0
0
0
0
0.19
1.14
2.53
1.59
1.61
8.27
2.61
2.04
0
0.09
0.05
0.01
0.01
0
0
0
0
0
0
0
0
0
0
0
0
0
0
0
0
13.5
1.97
2.18
0.32
0
0.01
0
0.09
0.09
5.05
0.78
0
1.13
13.1
5.6
0.39
0
4.34
3.2
3.58
2.26
11.75
3.26
2.38
2.24
0
0
0
0
0.5
0
0
0
1.07
0
0
0
0.04
0
0.01
0
0.14
7.91
0.59
0
0
0
0
0
0
0
0.24
0
0.76
0
0
0
1.27
0
0
0
0.04
0.09
1.51
0
0.01
0
0.01
0
0.66
2.56
1.12
0.84
0
0
0
0
0.84
0.37
1.16
1.03
0
0.01
2.63
0
0
0
0
0
0.07
0
0
0
0
0.01
0
0
0
0
0
0.01
0
0
0
0.02
0
0
0
0
0
0
0
0
0
0
0.17
0
0
0
0
0
0
0
0
0
0
0
0
0
0
0.02
0.25
0
0.57
0
1.89
0.66
1.2
0
1.96
0
0
0
0
0
0
0
0
0
0
0
0
0
0.07
0
0
0
0
0
0
0
2.24
0.3
5.27
0.64
0
0.17
0
0.71
0.19
0.34
0
0
16.31
2.24
0.53
0.03
0
0
0
0.02
0
0
0
1.14
1.2
1.43
2.41
0
0.46
0.52
0
0.72
0.92
0.41
0
0
0
0
0
0
0
0
0
0
0.15
9.61
13.71
2.88
0
0.02
0
0
0
0
0
0
0
0.01
0
0
0
0.2
0
0.21
0.09
0
0
0
0
0
0.25
0.02
0
0
0
0
0
0.62
0.04
0.02
0.01
0.2
1.93
0.11
2.57
6.34
1.71
1.47
10.92
2.51
0
0.33
0.43
1.38
0.3
0.38
0
0
1.27
6.38
2.78
0.04
5.47
2.45
0
0.02
3.05
11.55
18.16
19.64
8.89
15.21
9.56
3.45
11.07
23.76
12.9
6.41
2.1
0
7.21
7.96
2.82
2.31
9.11
0.3
0.24
3.23
0.64
11.58
12.89
2.94
0.71
1.44
1.48
0.38
1.75
0.31
0.25
0.42
0.01
0
1.83
0.73
0.11
0
0
0
0.68
0
0.1
1.06
6.2
2.31
0
0
12.33
1.63
0
0
0
0
0
10.12
8.22
3.36
1.66
0.46
0.42
9.97
6.66
6.46
2.32
6.2
5.21
0.89
2.19
0.46
2.77
4.45
0
18.05
4.61
7.98
0.27
0.07
0.08
0
0
0
0
0
0
0
0.02
0.54
0
5.19
0.75
0.76
16.93
6.81
0
0
0.89
3.82
0.78
0.55
0
0.13
3.1
0
0
0.25
2.57
0.03
0
0
0.18
3.93
5.64
5.76
8.44
7.67
9.84
5.96
2.44
0
3.01
2.88
1.32
0
0.87
0
0
0
0.05
1.62
1.84
0.52
2.75
0
1.04
0.82
4.5
5.79
5.09
9.35
4.03
7.02
0
0.9
0.57
0.02
0.01
0.02
0
0
0
0
5.93
0.39
0
0
0
0
0
0
0
0
0.15
0.14
0
0
0
0.02
4.24
20.83
8.89
7.66
9.86
3.48
5.68
1.74
0.14
2.03
3.2
0
0.19
0
0
0.04
0.4
10.13
7.76
0.62
0.59
2.12
0.03
0.14
9.84
8.04
0.04
0
0
0
0
0.03
0.01
0.13
0
0
0
0
0
0
0
0
0
0
0
0
0
0
0
0
0
0
0
0
0
0.02
0.01
0
0
0
0
9.7
2.34
0.49
0
0
0
0
0
0
0
0
0.88
0.05
0
0
0
0
0
0
0
0
0
0
0
17.01
1.97
0.33
0
0.02
0
0.23
0
0
0
0
0.43
0
0
0
6.09
11.72
0.8
0
4.2
0.48
0
0.45
0
0
0
0
0
0
0
0
0
2.55
0.14
0.17
0
0.52
1.98
24.64
11.32
0.48
3.11
0
0
0
0
0
0
0
0
0
0
0
0
0
0
0
0
1.08
8.95
4.21
0.7
0.02
0
0
0
0
1.55
14.45
0.9
0.21
0.45
1.38
0
5.55
1.01
1.14
2.71
0
1.46
2.91
4.66
0
0
0.03
0.05
0
0
0.12
2.23
3.32
1.57
2.3
0
0
2.88
6.86
5.35
4.84
0
0
0
0.03
0.55
1
0
0.36
0.52
1.69
1.8
5.23
13.38
6.41
2.43
0
0.01
0
0.05
0.01
0.95
3.24
2.63
0.03
0
0
0.83
1.61
0
0
8.09
4.63
3.26
0.96
0
0
0
0
0
0
0
7.58
2.04
0
0
0
0
0
0.02
3.23
7.83
4
2.81
0
0
0
0
0
0
0
0
0
0
0
0
0.18
1.85
3.6
9.92
7.59
4.13
0.92
9.11
2.11
0
0
0
0
0
0
0
0
0
0
3.71
3.35
0.04
0.91
0
0.08
0.44
0
5.48
1.49
0.9
5.41
6.27
11.52
4
0
0.28
0
0.41
0
1.46
0.15
1.81
4.1
3.11
0
0
0
0
0
0
8.22
1.23
0
0
0
0
0
0.02
0.04
0
0.02
0
0
0
0
0.01
1.13
0
19.27
5.49
0.52
0.78
0
0.06
0
1.23
5.4
2.06
1.25
2.22
3.58
1.02
7.9
1.61
15.25
2.68
0.04
0
0
0.38
0.46
10.53
2.3
0.02
0
2.66
0.27
0
0.22
1.2
0.62
0
0
2.26
1.06
0.3
21.54
7.94
0.03
0
0
0
4.86
4.62
11.55
15.41
0.35
0.33
0.04
0
0
0.01
0
0
0
0
0
0
0.03
0.13
0
0
0
0.08
0
0.13
0.01
0
0.1
0.04
0.56
0.12
0.04
0
0
0
0
0
0
0
0.35
0
0
0.01
0
0.01
0
0
0
0
0
0
0
0
0
0
0.01
0.06
0.02
0.05
0.06
0.03
0
0
0
0
0
0
0.01
0
0.02
11.7
1.12
0
0
0
0.45
0
0
0
0.04
0
0
0.01
0
0
0
0
0
0
0
0.09
0.17
0.07
0
0
0
0
0
0
0
0
0
0
0
0
0
0
0
0
0
0
0.01
0
0
0
0
0
0
0
0
0
0
0
0
0
0
0
0
0
0
0
0
0
0
0
0
0
0
0
0
0
0
4.57
12.4
0.27
9.57
16.17
2.68
0
0
0.06
0
8.71
16.05
17.27
13.58
3.57
1.4
0.04
0.01
0
0.04
0
0.37
3.93
0.77
0
0.79
0
0.16
0.5
0.12
3.54
0
0
0
0
0
0
0
0.02
1.17
3.45
0.1
0.03
0
0.88
0.02
0
0
0.52
0
0.14
0.44
0
0.01
0.84
0.28
0
0
0.02
0
0
0.01
0
0
0
0
0
0
0
0.08
0.3
0.59
0
0
0.03
0
0
0.06
0.01
0
0
0
0
0.7
4.52
2.2
0
0
0
0
0
0
0
0
0.01
0
0.41
0
0
0
0
0
0
0
0
0.37
0.01
0.05
0
0
0
0
0
0
0.3
0.02
0
0
0
0
0
0
0
0
0.01
0
0
0
0
0
0
3.53
0.05
0.07
0
0
0
0
0
0
0
0
0
0
0
0.07
0.01
0
0.15
1.93
1.25
0
0
0.05
0
0
0
0
0
0
0
0
3.91
8.62
7.31
9.03
2.32
0.12
0
0.1
0.79
1.81
7.95
1.99
3.83
0.82
0
0.04
0.47
0.7
0.41
0.09
0
0.02
0
0
0.15
7.21
9.38
14.24
5.91
2.2
0
2.29
4.33
1.32
0.09
0
0.01
0
0.04
0
0.79
0.18
0.18
0
0
0
0.01
4.71
2.55
0.06
0.01
0
0
0
0
0
0
0.01
0
0
0
0.57
0.14
0.01
0
0
0
0.39
0
0
0
0
0
0
0
0.02
0
6.57
7.43
0.07
0
0
0
0
0
0
0
0
0
0
0
0
0
0
0
0
0
0
0.01
0.01
0.01
0.01
0
0
0
0
0
0
0.01
0.01
0.01
0
0
0
1.48
1.59
1.21
0.05
0
0
0
0
0
0
0
0
0
0.16
0
0
0
0
0
0
0
0
0
0
0
0
0
0
0
0
0
0.01
0.01
0
0
0.02
0.05
0
0
0
0
0
0
0.2
0.54
0.01
0
0.02
0
0
0
0
0
0
0
0
1.93
0
0
0
7.27
0.3
2.02
5.05
3.14
28.3
0.15
0.07
0.02
0
0.02
0
0
0
0
0
0
0.12
7.24
3.03
0
4.2
0.04
0
1.71
5.53
19.86
16.82
14.74
0.07
0
5.29
7.8
4.92
1.47
0.09
0
11.88
0
0.15
3.72
22.31
10.68
0
0
0.69
24.45
7.01
7.76
0.88
0.03
0.26
0
0
0
2.02
0.14
0
0
0.45
0
0
0.01
0.18
5.62
0.12
0
0
0.02
0
0
0
0
0
0.02
0.12
0
0.01
0
0
0
0.37
5.83
0.21
2.19
0.13
0
0.07
0.33
0.09
0
0
0
6.16
0
0
0.01
0.39
0.05
1.16
0.55
0
0
0
0
0
0.09
0.03
0
0.08
0.45
4.34
2.75
0
0
6.38
2.5
5.26
8.84
2.79
0
11.47
7.38
0
0.34
0.18
3.96
0.15
0
0
0
3.06
0.91
0.02
0
0.87
0
0
0
0.28
6.15
0
0
0
0
0
0.39
1.7
0.35
1.16
0
8.16
8.84
0.76
0
0
0
0
0
0.02
0
0.16
3.67
5.05
3.89
8.71
16.08
5.45
2.86
2.39
1.93
1
0.09
0.02
4.95
8.45
0.07
8.02
0.01
0
2.72
3.7
5.56
10.95
22.02
4.09
2.81
10.92
0
12.88
0.11
0.02
3.23
7.64
2.28
0
3.51
0.78
0.06
0.06
0
0
0
0
0
0
0
0
0
0
0
0
0
0
0.22
7.73
6.03
12.95
3.09
4.92
0.32
0
0.57
0
0
0
0.04
0
0.03
0
0.15
0.15
0.39
1.47
4.6
3
6.43
4.45
3.55
0.89
0
0
0.01
0
0
4.91
2.73
0.2
10.11
0.48
0
0
0
0.02
0.04
0.86
0.14
0.75
0.19
0.23
0
0
0
0.02
0.01
0
0
0.27
0.29
0.39
0.03
0.38
0
0
0.02
0
0
0
0
0
0
0
0
0
0
0
0
0
0
1.93
1.05
1.12
0
0
0
0
0
0
0
0.03
0.36
3.46
0
0.01
0
0
0
0
0
0
0
0
0
0
0.02
0
0
0
0.38
0
0
0
0.29
0.65
0.38
0
0.66
0.87
0
0
0
0
0
0
0
0
0.02
0.03
4.01
22.29
2.47
0.07
0
0
0
0
0.03
6.46
0.76
1.55
0.02
0
0.04
0
0
0
0
0
0
0
0
0
0
0
0
0
0
0
0
1.16
10.31
0.51
1.98
0.34
2.6
2.79
2.84
0.1
0
0
0
0
0
0.01
0
0
0
0
0
0
0.01
5.75
0
0
16.43
0
0.09
1.1
0.11
0.02
0
0
0
0
0
0
0.99
0.14
0
0.01
0.09
1.59
0
0
0
0
0
0.02
0
1.42
12.06
4.54
0.96
0
0.12
0.02
0
0.01
0.01
0
0.22
0.31
0
0.04
0.05
0
0
0
0
0
0.01
0
0
0.02
0.01
0
2.29
0
0
0
0.01
6.76
12.89
0
0
0
0.25
18.93
6.26
0
3.91
0
0
0.05
0.41
4.16
14.25
13.02
8.91
1.96
0
0
0
0
0
0
3.15
3.85
2.93
4.46
0.79
2.45
5.13
1.78
1.95
5.76
5.18
0
0
0
0.04
0
4.19
6.2
3.28
1.61
0
0.26
1.78
8.41
0.36
4.54
4.14
4.45
13.79
0.7
13.15
3.37
2.57
0.09
1.11
0.36
0.96
0
0
1.39
0.31
0
0.02
1.71
0
0.59
0.75
0.04
11.96
2.42
0
0.06
0.05
0
0
0
0
0
0
0
0.26
0
0
0
0
0
0.17
3.99
1
2.13
0.07
0.18
3.71
1.01
0
0
0
0.34
0
0.41
6.08
3.97
1.8
0
0
0
0
0.03
0.01
0.01
3.6
0
0
1.53
0.07
0
0
1.5
2.8
9.44
0
0
4.43
0.91
0.05
0.05
0
0
0
0
0
0
0
0
0
0
0
0.14
0
0
0
0
0
0
0
0
0.01
2.91
0.68
4.87
0
1.63
5.14
0.62
0.02
1.26
2.01
0.11
0
0.86
0
0
0
0
0
0.97
0.01
0.03
0
0
4.21
0.2
0.09
0
0
0
0
0
0
0
0.02
0.6
4.13
17.93
0.01
2.18
0
0
0
0
0
14.24
25.11
0
0
0.86
0.02
0
0
0
0
0
0
0
0
0
0
0
0.01
0
0.01
0
0
0
0
0
0
0
0
0
0
0
0
0
0
0
0
0
0.01
0
0
0
0
0
0
0.01
0
0
0
0
0
0
0
0
0
0
0
0
0
0
1.09
0
0
0
0
0
0
0
0
0
0
0
0
0
0
0.57
0
0.1
1.8
1.16
0.49
0
18.78
4.2
1.2
7.98
0
0
1.36
13
0.03
0.19
0.24
0
0
0
0
0
0
9.48
13.16
14.66
7.1
6.08
5.78
1.7
0.9
0
0
0
0
0
0.02
0.04
0.03
0
0
0
0
0.02
0
0
0
0
1.25
10.18
7.71
1.94
0.45
1.46
10.16
0
8.37
14.76
0
7.3
6.63
2.69
0.05
0.07
0
0
0.01
0
0
0
0
7.52
3.41
3.37
24.84
10.84
0.36
0.28
0.09
0.63
0.13
0.01
1.53
0
0
0
0
0
0
11.3
8.78
0.98
0.63
0.13
0.01
0.01
0
0
0
0
0
0.01
0.1
0.81
2.5
0.15
0
0
0
0
0
0
0
0
0
0
0
0
0
0
0
0.18
7.93
0.31
0
1.88
0.74
0
1.27
1.29
0.04
0
0
0.01
0
0.52
1.57
13.98
2.6
0
8.82
8.54
0.93
3.63
0.15
0.08
0
0
0
4.41
1.5
0
2.54
0.28
0
0.07
0
0.45
2.43
1.56
0
0.89
0
0
0
0
0
0
0.09
0.1
0
0
0
0
0
0
0.02
0
0
0.01
0.01
0
0.02
2.86
10.7
0.87
2.06
5.51
6.29
10.12
0
0
0
0
0
0
0.01
0
0
0
0
0
0.04
0.07
0
0.69
4.22
0.06
3.18
0.24
0.21
0
1.98
2.02
0.07
0
0
0
0
0
0
0.02
2.72
18.66
0.49
0.16
0.04
0
0
0
0
0
0
0
0
0
0
0
0
0
0
0
0
0
0
0
0
0
0.02
0
0
0.11
0
0
0
0.02
0
0.23
0.03
0
0
1.29
1.94
0
0
0.05
0
2.2
5.86
16.71
0.2
0.08
0.31
3.27
0.42
0
0
0
0.01
0.13
2.13
0.23
0.18
0.01
0
0
0
0
0
0.09
0
0
0.06
0
0
0
0
0
0
0
0
0
0
0
0.04
0
0.61
0
0.03
0.06
0.54
0.21
0
0
0
0
0
0
0.25
3.02
0.03
0.01
4.46
0
0
0.23
0.45
0.67
0.18
0
0
0
0.02
0.03
0
0.29
0
0.04
0
0
12.28
0.28
0
0.3
0
0
0.04
0
0
4.69
7.8
2.03
0.08
0
0.02
0
0.14
2.79
0
0.01
0
0
0.04
0.01
0
0
8.19
0
0
0
0
0
0
0
0
0
0
0.56
2.09
1.96
0.29
0
0.06
0.15
2.2
0.81
1.2
0.02
0
0
0.21
0.88
2.79
0.86
0
0.04
0
4.95
4.41
0.64
0.73
0.05
0
0
0.71
0.01
1.86
1.71
0.45
0
0
0.02
7.16
19
3.53
0.03
0
0
0
0
0
0
0.01
0
0
0
0
0
0
0
0
0.21
2.37
0.19
0
0.17
0.06
0
0.33
0
0
0
0
0
0
0
0
0.01
0
0
0
0
0
0
0.18
0
0
0
0
0
0
0
0
0
0
0
0
0
0
0.71
0.21
0.77
0.93
7.7
0.31
11.27
15.33
0.44
2.02
0.59
4.46
3.42
11.12
1.42
0
0.51
5.2
0.02
0
0
0.08
0.01
0.01
0.21
0
0
0
0
0.01
0.05
0.81
0.47
0.17
0
0
0.04
0
0
0
10.41
1.12
0.24
1.7
4.11
2.85
24.54
12.59
8.13
0
0
1.23
1.21
0.09
0
0.06
0.01
0
2.73
0.63
15.54
4.49
0.09
0.01
0
0
0
2.64
1.44
1.89
5.99
0.33
2.35
0
0
0
0.15
0.25
0
0.06
0
9.92
11.49
2.8
10.72
0
0
0
0
0.83
0
0
0
0.62
0.46
0
0
3.13
33.35
0
0.69
0.11
0.04
0.06
7.34
4.13
9.89
1.02
0
0.43
8.11
0
0
7.8
6.8
0.84
1.29
4.05
0.04
0
0
0
0.24
4.54
0.21
0
0
0
0
1.8
9.06
12.73
15.11
7.21
7.64
3.4
2.51
6.18
0
0
0
0
0
0
0
0.29
1.39
0.77
0
0.01
0
0
1.07
1.27
0
0
0
0
1.61
0.41
0
0
0
0
0.82
0
0.03
0
0
0.07
1.81
1.32
0
0.1
0
0
0
0
0
0.02
0
0.36
0
0
13.41
0.02
0.03
0
0
0
0
1.68
0.18
0
0
0
0
0
0
0
0
0
0
0
0
0.11
0
0
0.03
0
0
0
0
0
0
0.01
0
0
0
0
0
0
0
0
0
1.73
0.14
0
0
0
0
0.77
0.05
0
0
0
0.03
0
0
0
0
0
0.25
0.02
0
0.08
0
0.13
0
0
0
0
0
0
0
0.02
0
0
0
0.15
12.4
8.94
0.17
0
0.01
0
0
0
0
0
0
0.01
0.09
0
0.01
0
0
0
0
0
0
0
0
0
0
0
0.01
0
0.83
9.03
4.23
0
0
0
2.48
0.96
7.08
9.93
5.08
8.44
10.7
7.38
0
0.03
0
0
0
0
0
0
0
1.49
8.4
19.32
0.86
0
1.37
0
0
0
0.06
0
0
0
0
0
0.01
0.81
23.52
3.91
9.18
8.13
1.65
3.57
7.31
1.82
0
0
0
0
0.13
2.77
2.95
0
0.14
0.05
0
0
0
0.08
0.25
0.01
0
0.02
0.54
0
0.03
0.26
0.01
0.18
0.09
0.01
0
0.01
0.02
0
0
0
0
0
0
0.02
0
0
0
0
0
0.02
0.39
0.34
0
0.01
0
0
0
0
0.02
0
0
0
0
0
0
0
0.01
1.57
7.76
0.12
2.3
1.71
0.05
3.53
4.04
8.34
6.8
2.65
0
0.44
0.06
0
0.38
0.73
1.9
1.45
0.04
0
0
0.01
0
0
0
0
0
1.2
0.38
0.06
0
0.02
0
1.47
0.02
11.06
0.32
0
0.09
1.47
0
0
0
0
1.23
0.73
0.01
0
0
0
0
0.02
0.11
0
4.5
2.25
1.46
5.27
3.5
2.65
0.2
0.05
0
0.04
0
0
0
0
0
0
0
0
0
0
0
0
0
0
0
0
0
0
0.07
0.21
0
0
0.11
1.38
2.75
0
0.42
0.82
2.91
2.67
0.52
0
0.08
1.28
2.02
0.02
0.13
0.01
0
8.2
5.67
1.86
0.39
0
0
0
1.12
11.64
0.95
0
0
0.01
0
0
0
0
0
0.07
1.94
0.98
1.02
1.6
8.68
1.5
20.45
0
0
2.22
0
0
0
0
0
0
0
6.5
2.34
0.96
0
11.79
0
0
0.02
0
0
5.7
0
1.57
2.98
0
0
0
0
0
0
0.84
2.5
15.91
0.21
0.04
0
0
0
0
0
0.02
0
0
0.96
0
0.01
0
0
0.01
0
0
0
0
0
0.01
0
0
0.17
0.21
0
0
0
0
0
0
0
0
0
0
0
0
0
0
0
0
0
0
0
0.02
0
0
0
0.89
3.5
9.32
6.3
0.09
0
0.05
0.02
0
0
0.1
0.14
0.03
0.06
0.01
0
0
0
0.01
0.01
0
2.27
0
0
0
0
0.17
6.41
0
0
0
0
0.04
0
0.01
0
0
0.01
0.73
0
0
0
0
0
0
0
0
0
0
0
0.1
0.23
3.9
14.38
0
0.02
0.47
0
0
0
0
0
0
0
0
0
0
0
0
0
2.43
0
0.01
0
0.01
0
0
0
0
0
0
0
0
0
0
0
0
0
0
0
0
0
0
0
6.83
0.08
0
0.54
0
0
0
0
0
0
0.82
0.03
10.2
3.88
0.07
0.05
1.2
3.5
0
0.03
0.02
0
0
0
0.02
0.01
0
1.96
7.72
0.63
0
3.57
0.21
0.54
0.16
0
0.04
0.06
3.55
15.23
3
2.29
1.91
1.54
0.13
0
3.78
0.36
0
0
0.01
0
0
0
0
0.02
0
0.05
13.37
5.47
0
0
0
0
0
1.18
0.26
3.75
7.27
5.04
0.94
1.78
1.09
1.98
0
1.93
0.61
0.13
0
0.01
0
0
0.01
0.15
0
0.09
0
0
0
0
0
20.96
11.44
13.16
13.3
7.66
6.61
3.49
2.72
1.41
2.88
8.43
13.78
4.51
1.61
1.46
17.52
2.48
4.29
13.62
0
10.26
0
0.12
0.12
9.77
0.04
1.06
0.19
0.16
0
1.16
4.48
0.76
0.07
1.09
0.68
1.45
0
9.28
6.76
6.88
11.38
20.55
13.52
7.41
1.95
0
6.29
0.37
0
1.13
0
0
0
0.27
0.04
0.13
0.2
0
0.05
1.51
3.59
0
0
0
0
0
3.05
1.55
2.21
2.56
0
0
0.02
0
0
0
0
0.02
1.3
1.63
6.03
5.07
4.86
4.06
0
0
0.46
0.12
7.66
4.23
18.99
6.61
0.12
4.18
13.82
0.55
0
4.67
2.27
0.32
4.9
7.34
0.77
0.09
0.5
0
0.06
0
0
0
0
0
0.02
0
0
0
0
0
0.43
3.52
1.57
1
6.14
0
0
0
0.01
0
0
0
0
0.02
0
0.05
0.01
0.01
0
0.02
0
0
0.01
0
0.12
0.14
0
0
0
0
0.01
0
0
0
0
0
0
0
0
0
0.06
0.11
0
0.67
0.01
0
0.04
11.98
0
0.01
2.77
1.81
0.33
0.73
0.01
0
0.05
4.59
5.75
0
0.44
0
0
3.15
0.07
2.23
0.02
0
3.63
0
0.11
0.06
0.05
7.05
0
0
3.49
11.42
0.79
0.36
0.07
3.47
0
6.99
0
0
0
0
0
0
0
0.18
0
0.01
0
0
0
0
0.01
0
0
0
0
0
0
0
0.32
0.25
0
0.71
3.74
0.16
0
0.66
17.91
6.28
0.34
1.03
0.09
0
0
0.38
3.14
7.93
0.09
2.39
11.23
15.41
0
0.3
0
4.55
13.1
0.23
0.56
4.95
0
2.09
1.54
0.06
0.2
0.28
0.82
0.39
0.32
1.38
5.31
7.68
3.68
2.18
2.88
0.18
9.74
4.38
0
0.08
4.09
0.16
0
0
0
0
0
0
0
0.02
0
0.01
0
7.1
12.4
0.13
1.34
2.51
0.45
1.46
0
0
0
0
0
0
0
0
0
0
0
0
0
0
0
0
0
0
0
0
0
0
0
0
0
0
0
0
0
0
0
12.27
0.33
0
0.41
0.12
0.05
0
0
0.02
0.08
1.83
6.44
5.78
5.12
0
0
0
0
0
0
0
0
0
0
0.01
0
0
0
0
0
0
0
0
0
0
0.01
0
0
0
0
0
0.01
0
0
0
1.81
7.34
0.01
2.13
0
0
0
0
0
0
0
0
0
0
0
0
0
0.06
0
0
0
0
0
0
0
0
7.28
4.77
4.05
0
2.56
10.72
5.78
1.59
4.44
2.48
2.68
0
0
0
0
0.06
0
7.36
20.75
14.53
5.22
3.12
1.22
5.16
13.06
3.36
1.1
0.16
0
0.02
0.93
0
1.74
0.16
0
0
0
0.02
0
0.2
0.3
0
0
0
0
0
0
0.16
0
0
0
0.04
0.02
0
0
0
0
0.01
0
0
0
0
0.23
0
0.12
0
0.29
0.11
0.36
0
0
0.02
0.01
0.01
0.02
0
0
0
0
0
0
0.02
0
0
0
0
0.05
0
0.14
0
0
0
5.8
2.8
0
0
0
0
0
1.38
0.27
0
0.03
0.22
0.11
0
0.03
0.8
0.09
0
0
0
0.04
0
0
0
2.86
0.17
0
0
0
0
0
0
0
0
0
0
0
0
0
0.03
0
0
0
0.02
0
0
0
0
0
0
0
11.59
2.45
0
0
0
0
2.06
0
0.41
5.03
0
0
0.45
0
0
0
0
0.03
0
0.02
0.19
0
0
2.44
5.14
21.94
2.22
5.25
0.04
5.12
4.47
1.39
1.27
0.03
0
0
0.24
0
0
0
0.93
0
0
0
0
0
0
0
0
0
0
0
0.66
0
3.47
0.44
0.31
0.16
0.95
9.22
3.34
0.44
5.56
6.16
0.36
0.01
0
0
0
0.08
0
0
0.55
1.09
1.73
5.02
1.97
0.8
0
0
1.88
0.53
1.16
6.19
7.34
7.22
0.7
0
3.41
0
0
2.77
1.91
10.28
1.34
1.05
0.21
1.38
0.77
2.02
2.48
5.62
0.31
0.09
1.12
0.81
0
0.04
0.38
1.53
0.25
0.2
0.19
4.69
0.08
0.05
0.45
0
2.06
0.72
26.12
24.88
8.7
1.5
0.14
0
0.02
0
0
0
0.01
0
0
0
0
0
0
0
0
0
0
0
0.37
0
0
0
0
0
0
0.01
3.47
0.19
0
3.56
0.25
0.38
2
7.28
0
0.42
0.23
0
0.66
1.86
0.35
0.3
0
0.01
0
0
0
0.53
0
0
0
0.03
0
0
0.03
0.03
0
0
0
0
0
0
0
0
0
0
0
0
0.31
12.28
2.54
0.98
0
2.48
0.19
0
0
0
0
0
0
0
0.3
31.33
13.44
1.67
0
0.01
0
4.7
5.19
2.62
0.27
2.12
1.25
1.36
0.01
0.87
9.8
20.69
3.59
0
0
0
0.41
7.34
3.32
1.17
4.35
3.08
1.44
0.36
0.06
2.34
7.92
0.98
4.3
10.02
3.09
1.09
3.84
0
0.04
0.77
8.38
3.3
2.16
0
0
0
0
0
0
0.04
0
0
0
1.99
1.12
0.47
0
18.42
2.94
7.45
10.01
0
0
0
0.01
0
0
0
0.04
0
1.51
2.04
0.75
0
0
0
0
0.03
0.04
5.23
12.38
0.25
0.08
5.95
0
0
0
0
1.36
0.18
0
0
0.3
0.06
0
0.04
0
0
0
0
0.62
0.03
0
0.01
0
0
0.03
0
0
0
0
0
0
0
0.81
11.73
0
0.39
1.77
0.06
0
0
0
0
0
0
0
0.3
0.22
0
0
0
0
0
0
0
0.65
0
0
0
0
0
0
0
0.06
0.05
0
1.36
32.31
0
0
0
0
0
0
0
0
0
0.02
0
0
0
0
0
0
0
0.03
0
0
0
0
0
0
0
0
0
0
0
0
0
0
0
0
0
0.01
2.8
7.69
0
0
0
0.09
1.43
2.16
0
0
0
0
0
0.01
0
15.44
0.11
0.18
0
0
0
0
0
0
0
0
0
0
0
0.01
0
0.01
0.41
3.25
1.16
0.78
1.8
0.03
6.19
0.01
0.03
0.01
0
0
0
0
0.11
3.23
0.81
11.62
11.41
5.28
0.16
0.27
0.7
0
0.01
0
1.55
0.05
0
0.01
0.09
0
0
0.01
0.01
0
0
0
0
3.16
0.25
0.02
0
0
0.48
1.84
3.92
0
2.8
8.45
1.03
4.78
6.44
6.31
0.02
0.26
1.95
0.78
0.02
0.01
0
5.88
0.16
0.09
0.02
0.05
1.38
0.14
0.02
3.81
1.27
0.59
0
4.48
2.08
0.71
0.44
0.44
0.22
0.66
5.31
18.34
5.47
1.67
0.09
0
0.01
0.02
0.02
0
0
0
0
6.83
10.5
1.41
11.97
1.83
7.3
1.12
0.15
0.7
2.31
3.23
1.36
0.27
0.41
0
0.05
8.75
12.33
14.42
11.91
23.09
0.69
2.44
1.09
0.05
0
0
0
0
0
0
0
13.94
1
0
0
0
0
0
0.02
0.98
0
0
1.52
0.16
0.25
6.47
9.73
0.37
0.04
0
0
0
0
0
0
0
0
2.95
0
0
0
0
0
0
0
0
0
0
0
0
0.22
5.25
1.41
0
0
0
0
2.96
2.52
10.05
8.19
0
0.35
3.7
2.81
0.06
0
0.19
0.67
7.2
7.67
3.45
2.82
6.14
1.19
9.12
2.3
12.88
2.24
0
2.71
1.23
2.43
0.11
0.3
0
0.01
1.02
5.86
0
0.28
0.03
0
0.02
0
0
0
0
0
0.05
0.01
0
5.47
0.05
0
0
1.05
0
0.03
0.11
5.28
6.78
0.82
6.03
6.13
14.98
0
0
0
0.01
0.01
18.23
0.18
0
8.46
0
3.48
0
7.94
0
1.08
0.04
0
0
0
0
0.02
0
0
0
0
0
0
0
0
0.01
1.82
0.04
0
0
0
0.01
0
0
0
0
0
0
0
0
0.02
0
0
0
0
3.33
0.05
0
0
0
0
2.98
0
0.36
0
0
0
0.01
0
0
0
0
2.34
0.01
0
1.74
0
0.04
0
0.42
0
0
0
0.03
1.59
7.31
0
0
0
0.03
0.73
0.23
22.44
26.12
0.11
0
0
0
0.01
0
0
0.17
0
0.02
0.13
5.95
39.66
2.34
1.73
0
0
0
0.09
1.84
0.34
0
15.19
0
0
0
0
0
0
0
0
7.08
0.03
0
0
0
0
0
0
0
0
0
0.01
0.04
0.19
0
0
0
0
0
0
0
0
0
0
0
0
50.12
19.34
45.59
1.28
8.25
0.08
0.05
0
0
0
0
0
0
0
0
0
0.02
0
0
0
0.03
0.2
0.34
2.39
19.06
2.22
1.59
0.88
0.25
2.45
0
0
0.22
5.33
0.89
0.2
0.33
0.91
0
4.95
0
0
0
0.15
0.01
0.01
0.01
0
0
0
0
0.01
0.06
0
0.02
2.41
3.81
4.83
12.59
0.39
0.01
0.04
0.01
0
0
0
0
8
2.73
0.04
0
0
0.06
0.03
0
0
0
0
0
0
0
0
0.02
0
0
0
0
0
0.01
0
0
0
0
0
0
0
0
0
0
0
0
0
0
0
0
0.09
1.2
2.5
0.3
0
0
0
0.31
2.21
0
0
0
0
0.58
1.27
0.21
0
0
0.03
0.01
9.61
0.04
0
1.33
2.58
0.16
0
2.39
22.23
13.56
3.84
2.16
0.19
0
0
0
0.5
0.88
1
0.66
0.5
0.56
1.28
0.56
0.19
0.03
1.62
10.86
0.69
0.06
0
0
0
0.28
0
0
0
0.17
0
1.86
1.88
0
0
0
0
0
0
8.58
0.25
0
14.25
3.14
1.95
0.28
6.8
5.75
4.47
0.35
3.7
0.33
0.12
0.78
0
0
0
0
0
0
0
0
0
0
2.37
0.27
0
0.06
0.01
0
0
0
0.05
0
0.86
0.12
0
0
0
0
0
0
0
2.23
0.12
0
0
0
0
0
0
0
0
0
0
0
1.71
0.88
0.29
0.56
0
0
0.7
0.12
0
0.02
0
0
0.59
0
0
0.11
0
0
0.11
0
0.07
0.27
0
0
0
0
0.26
0
0
0
0.04
0
0
0
0
0.05
0
0
0
0
0
0.01
0
0
0
5.98
0.48
0.09
0.27
0
0.29
0
0
0
0
0
0
0
0
2.03
0
0
0
7.34
0.06
0
0
0
0
0
0.11
0
0
0.8
0.65
0.32
0
0
0
0
0
0
0.01
0
0.04
0
0
0
1.45
2.31
6.23
0.83
0
0.11
0
0.7
6.87
13.45
0.16
0
0
0.06
8.5
0.28
0.58
0
2.03
0.07
0
0
0
0
0
0.06
0
0
0
17.69
3.75
0.33
0
0
0
1.77
0
0.03
5.44
6.09
0.47
0
5.5
0.06
0
0
0
0
0.06
0.12
2.05
0.47
0.05
1.62
0.16
0
0
0
2.08
3.17
1
0
3.5
0.08
2.8
4.95
3.44
4.25
7.38
0
2.75
9.5
9.09
1.48
3.72
0.27
0.02
6.19
0.06
0
0
0
0
0.52
4.27
1.47
1.01
1.88
14.22
16.47
9.59
5.38
29.94
35.16
11.72
3.03
2
2.03
1.86
0
5.14
0
0.41
0.09
0.03
0
0
0.01
0
0
0
0
