19510101
23.16
8.98
1.17
0
0
0.01
0
0
7.44
1.59
2.7
3.88
4.87
0.52
0
0
0
0.78
0
0.03
0
0.14
1.7
6.94
4.72
7.35
10.04
7.93
0
0
0
0
0.05
4.65
23.67
0.19
9.82
0.86
4.02
4.18
11.1
8.15
7.91
0.79
6.75
2.49
0.03
1.32
3.5
0.59
5.93
0.48
4.05
14.17
0
0
0
0
0
0
0
0.83
1.01
5.24
1.48
3.04
0.98
6.39
26.51
1.63
19.86
12.31
8.43
4.57
1.55
2.38
0.38
0
0
0
0
0
0
0
0
0
0.32
0.01
0.04
0
0
0
0
0
0
0
0
0.02
0.05
7.43
0.05
0
0
0
0
0
2.48
0.93
0.32
2.44
0
0.81
5.08
0
10.97
3.96
13.5
4.25
3.92
30.6
6.07
2.89
0
0.84
4.39
7.28
3
2.84
0.27
0.14
0.3
0.02
0
0.01
0
0
0.05
1.59
0.78
0.45
0.02
0
0
0
0
3.88
0
0.63
9.82
3.32
0.13
0.04
0.01
15.15
2.15
8.02
0.06
7.23
0
0
0.02
0
0
0
0
2.98
1.02
1.99
0.05
0.01
0
0.13
0.26
0.02
0
0.02
1.04
0
0.01
0.26
3.65
5.43
0
0
1.84
0
0.65
2.72
0
0.03
0
0.01
0
0.01
0.02
0
0.01
0
0
0
0
0
0
0
0
0
0
0.61
0.06
0.25
8.02
7.75
7.73
5.77
0
0.02
0
0
0
0
0
0
0
0
0
0
0.03
0
0
0
0
0
0
0.01
2.25
12.95
0
0
0
0
0
0
0
0
0
0
0
0.08
2.41
6.17
2.57
0.88
2.02
19.14
9.29
2.39
0
0
0
0
0
0
0
0
7.3
33.02
0.02
0
0
0
0.05
0
0.21
9.56
15.52
0
0
0
0
0
1.55
6.22
0.02
0.46
4.52
0.35
1.42
0
0
0
0.05
0.01
0.16
0.45
0
0
0
0
0
1.88
1.2
2.77
6.37
0
0
0
0.02
0
4.82
11.27
9.93
13.81
20.68
7.51
4.96
6.43
2.79
0.24
1.41
0.21
2.92
20.66
8.88
1.64
0
0
0.06
0
0
0
0
0
0
0.05
0
0
1.04
1.68
0
0.34
0
0
0
0
0
1.28
0
0
0.72
0
0
0
0
3.09
1.57
0
1.87
0.41
2.25
1.16
3.73
0.55
0
0.02
0
0
0
0
0
0
0.11
0.01
0
0
0.01
0.01
1.77
0.45
0
0
0.12
0
0.3
0
0.55
1.54
1.19
5.86
5.38
6.38
16.91
5.59
1.64
2.2
0.43
0.55
0.24
0.04
0.02
0
0
0.01
0
0
0.04
0.01
0
10.45
6.13
1.43
0.7
0
0
0.7
0.11
0
0
0
0.15
1.76
0
0
0.12
0
0.44
0.28
0.43
2.09
0.38
0.15
0
0
0.19
3.59
0.73
5.61
2.59
0
1.65
0.24
6.15
1.75
1.88
0.27
0.06
0.01
0.38
0.86
0.57
0
2.09
8
13.16
12.31
4.86
7.99
7.06
0.18
0.39
0
0.32
0
0.01
0
0.44
11.17
19.17
3.16
16.73
1.4
0
1.04
0.31
0
0
0.02
0
0.27
0
0
0
0
0
0
0.51
5.35
4.39
2.77
18.45
9.19
5.55
0
0
0.75
0.01
0.03
0.86
0
0.02
0.19
0.2
0.01
0.52
10.7
3.58
3.57
2.67
10.47
5.02
1.63
0.13
0.07
2.47
0.63
1.74
3.91
0
0
0
0
0
0
0
0.01
0.4
1.01
4.61
0.84
0.04
0
0.01
0.66
0.8
3.06
0.04
0
0
0.34
0.01
0
0.05
2.37
7.57
0.69
0.41
0.03
0
1.14
5.35
10.2
12.51
3.32
0
0
0
0
0
0
0
3.37
6.13
0.04
0.06
0.1
0.01
0.87
2.27
0
7.17
0
0
1.79
4.1
11.81
1.3
11.04
0
5.52
0.41
0.02
0
0
0.09
0.05
0
0.01
0.16
0.02
0
0
0.01
0
0
0
0.7
0.46
0
0
0.25
0
0.69
0.02
0
0.04
6.11
27.84
10.3
1.36
0
0
0
0
0.04
0
2.41
0
0
1.15
0
0
1.05
2.18
0.11
8.89
4.75
0
0
0.02
0
0
0.01
0
0
0
2.83
1.04
0
0.04
0.49
0
0.01
0
0.18
0.01
5.34
0
0
0
1.27
0
2.47
0.19
0.57
1.3
0
0
4.51
8.8
1.95
2.71
2.48
0
2.41
9.34
1.82
0.01
2.33
1.18
0.01
0
0
0.81
0
0
0
0
0
0
0
0
0
0
0
0.97
0.6
0.52
4.14
3.72
0.89
1.48
0
0
0
1.23
2.32
0.98
1.57
3.13
4.45
19.2
1.02
5.96
0.13
0
0
0
0
0.01
1.16
0.02
0
2.77
4.01
2.49
0
1.46
6.68
1.63
0
0
0
0.69
0.08
0.66
0.6
0.18
2.32
2.33
1.88
0.16
0.23
0.13
2.02
1.15
0
0.05
0
0
0.41
0
0.36
0.85
0
0
0
0
0
0.11
0
0
0
0
0
0.15
0.2
0
0
0
0
0
0
0
0
0
0.27
2.88
13.27
7.12
0
0
0.05
5.88
0.42
0.08
0.94
1.65
0
0
0
0.07
0.01
0.03
0
0
0.01
0
0
0
0.03
0
0
0
0
0
0
0
0.01
0
0
0
0
0
0
0.88
0.08
0.23
0.22
1.3
1.95
0
0.27
0.2
0
0.41
0
0
0
0.35
0.47
0
0
0.03
8.87
1.19
0.45
0
0.49
0.4
4
0.48
0.09
0
0.79
0
0.02
0
0
2.16
22.94
20.72
4.98
0
9.16
0.64
5.79
2.48
11.27
0.04
0
0
0
0
0
0
0
0
0.01
0.01
0.01
0.01
0
0
2.18
8.2
0
0
0
0
0
0
0.01
0
0
0.02
0.56
0.84
0.86
0
0
0
0
0
0
0
0
0
1.4
11.42
0
0.21
0
0
0.01
0.16
0.01
0.02
0.01
0
0.44
0
14.01
0
1
0.64
0
1.33
0
20.84
8.58
9.95
8.66
0
0
0.75
5.67
2.17
0.29
0
0
0
0
0
0
0
0
0
1.8
0
0
0
0
0
0
0
0
0.01
0
0.01
0
0.11
0
0
0
1.01
0.28
0
0
0
0
0
0
0
0
0
1.4
0.9
1.62
0
0
0
0
0
0.01
0
0
0.09
1.4
0
0.15
0
0
0
0
0
0
0
0.09
0
0.29
7.77
0
0
0
0.03
0
0
0
0
0
0
0
0
0
0
0
0
0
0
4.8
17.29
0
0
0
0
0.3
0
5.98
3.7
1.17
0
0.64
0.01
0.36
1.52
12.39
7.76
11.34
9.28
4.89
0.24
0.12
0
1.35
0
0.04
1
0.64
0.6
2.25
1.42
2.59
0.04
0.05
0
0.4
6.53
0
0
0
0
0
0
0
0
0
0
0
0
0
0.01
0.01
0.03
0
0
0.03
0
0
0
0
0
0.14
1.85
0
0.04
0.02
1.06
0
0.63
11.14
0.94
0.84
12.42
3.98
0
0
0.05
0
1.34
3.54
2.1
0.25
2.14
3.85
0.88
0.21
0
0
0
0
0
0
0
0
0.01
0
0
0
0
0
0.26
0
0.19
0.22
0
0
0
0.01
0
0.05
0
0.01
0.02
0.02
0
0
0
0
0
0
0.01
0
0
1.55
4.88
4.63
1.23
0
0.03
0
0.96
0.94
0
0.17
0.42
0.73
1.06
10.85
0
0.76
4.56
3.17
0.13
0
0
0
0
0
0
0
0
0
0.41
0.12
0.02
0
0
0
0.35
4.45
0
0.04
9.41
11.08
4.44
0.19
7.47
8.03
7.39
3.74
0.05
3.65
3.26
2.35
1.95
0
0
2.84
3.08
0
1.53
0
0
0
0.05
3.13
5.13
0
0
0
0
0.22
0.01
0
0
0
0.01
0.18
0
0
0
0
0
0
0
0
0.01
0
0.01
0
0
0.63
17.68
4.58
3.52
3.46
0
2.71
0.18
0
0
0
0
0
0.05
1.89
2.88
0.01
10.43
8.91
28.95
15.05
1.8
0.05
0
0
0
0
0
0
0
0
0
0
0
0
4.97
6.25
16.15
42.98
0.73
0
0
0
0
1.93
0
0
0
0
0.02
0
0
0
0
0
0
0.05
0
0.14
0
0
0
0
0.02
0.04
0
0
0
0
0
0
0
0
0
0
0
0
0
0
0
0
0
0
0
0
0
0.03
0.42
0
0.02
0
0
0
0
0
0
0
0
0
0.01
0
0
0
0.01
0
0
0
0
0
0
0
4.3
0
0
0
0
0.27
0
0.48
0.52
0
0
0
0
0
0
0
0
0.01
0
0
0.22
0.22
0.1
0
0.01
0
0.02
0
0
0
0.14
2.41
1.3
0
0
0
0
0
0
0
0
0
0
0.01
0
0
0
0
0
0
0
0.03
0
0.01
0
0
0
0
0
0
0
0.01
0.01
0
0.02
0
0.05
2.9
0
0
0
0.45
0.2
0
0
0.01
0
0.03
1.56
3.16
0.34
0.04
0
0.16
2.09
10.17
5.36
1.51
0.09
0
0
0
0
0
0
0
0
0
0.16
0.32
3.56
6.68
0.04
0.68
3.46
14.88
0.31
12.09
12.77
0
0
0
0
0
0
0.03
10.23
1.2
0.24
0
0
0
0
0
0
0
0.01
0
0
0
0
0
0
0
0
0
0
0
0
0
0.12
7.67
16.83
8.38
9
3.12
3.88
2.44
10.55
0
0.03
0.02
0.13
0.44
4.45
1.35
12.82
9.35
3.76
1
2.27
2.06
0.84
0
0.11
0.23
1.71
0.69
2.83
6.38
9.04
4.83
30.67
0
0
0
0.25
0
0.11
0.01
0
0.23
2.33
3.86
0
11.87
27.02
8.69
5.38
4.08
0.01
1.43
7.49
3.48
3.68
4.46
1.87
0.52
0.01
0
0
0.01
0.01
0
0
0.02
0
1.82
1.15
0.31
0.31
0.59
0
0
0
0.24
0.03
2.34
10.84
6.71
0.84
0
0
0
0
0
0
0
0.99
0.17
0
0
0
0
0
0
2.29
1.47
0
0
0
0
0
0.02
0
0
0
0
0.04
8.92
8.45
5.29
9.68
7.73
0.46
0
0
0.07
1.35
0
0.07
2.94
0.13
0.01
0
1.84
0.06
0.01
0
0
0
0.02
0.15
0.02
0
0.01
0.06
0.3
0
0.03
0.33
0
1.79
4.34
1.67
1.16
0
0
0.63
2.44
12.93
4.18
0
0.74
0.05
4.29
5.92
1.58
5.6
1.2
0
0
0
0
0
0.37
4.5
12.41
11.59
1.99
2.21
0
1.29
0.34
11.14
1.43
0
0.16
0.01
0
0
0
0.02
0
0
0
0
0
0
0
0.04
0
0
0
0
0
0
0.98
0.14
1.08
3.89
6.52
1.08
0.88
1.92
0
0
0
0.02
0
2.98
0
0.01
0.01
0.71
3.69
6.85
5.2
0
0
0.31
0
0.45
0
0.02
10.43
0
1.08
0
0
0
0.85
0
0
1.69
0
0.04
3.98
4.64
0
0
0.28
0
0
0.02
1.14
0.75
0.02
0
0
2.41
0
0.02
0
0.68
0
0
0
2.38
4.91
17.2
0
0
0
1.34
0
0
0
0
0
0.1
0
0
0.92
7.35
11.05
3.32
0
0
0
0
0
0
0
0
0.01
0.01
0
1.24
2.52
0
2.52
11.76
0
0
0
0
0
0.02
2.62
12.4
21.7
15.31
6.04
0.63
0
2.14
16.79
0
0
2.54
2.71
0
0.36
5.26
1.74
0
0
0
0.02
0.07
0
0
0
1.71
1.82
11.79
0.16
1.27
0.01
0
0
5.64
11.39
8.3
0
0.03
0.02
0
0.08
0
0
0
0
0.38
3.5
12.94
24.9
18.53
18.86
2.14
5.16
5.73
9.53
4.42
0.16
0.13
1.52
0
0.02
0.05
0
0.04
1
0
0
0
0.02
0
0
0.05
0
2.33
4.96
0.1
1.38
16
4.39
4.29
6.88
11.29
2.06
7.52
2.28
2.09
0.05
0.13
0.29
0
0.08
0.02
0.13
0.01
0
5.89
0.12
0
0
0
0
0.06
0
0
0
0
0
0
0.32
0
0
0
0
0.61
0
0
0.46
1.18
3.07
14.18
3.48
0.78
0.2
0
0
0
0
0
0
0.09
0
0
0
0.11
1.29
0.03
0
0
0
0.06
0.01
0
0.16
11.63
7.7
6.37
2.8
9.41
30.44
2.09
5.76
2.8
11.45
28.02
19.75
10.76
4.96
0
0
0
0
0
0.01
0.02
0.84
1.15
0.51
0.74
0
6.23
11.62
5.92
1.42
3.05
0.08
0.43
3.34
7.13
2.6
8.19
0.73
0.46
6.79
2.61
7.04
2.03
0
0
0
0
0
0
0
0
0
0
0
0
0
0
0
0
0
0.2
2.51
2.09
22.78
14.79
11.9
4.92
7.42
42.96
26.7
0.39
0.01
0.05
0.35
0
0
0
0
0
0.02
0
0
0
0.07
4.83
0.1
0
0.75
0
0
0.03
0
0
0
0.04
0.01
0.04
15.13
6.88
0.4
2.13
0.49
8.86
0
0.04
0
0
0
0
0
0
0
0
0
0
0
0
0.05
0
0
0.09
0
0
0.02
6.8
19.85
0
0
0
0
0
0
0.01
0.31
9.52
0.49
0
0
0
0
0
17.97
8.24
0
0
0
0
0
0
0.01
0
0
0.18
0.05
0
0.09
0
0
0
0
0
0.01
0.71
0
0
0
0
0
0
0.2
0
0
0
0.03
0
0
0
0
0
0
0
0
1.94
0
0
2.02
9.54
10.78
1.07
31.29
16.63
1.6
0
0
0
0
0
0
0
0
0.48
0
0
0
0.01
2.48
7.3
1.76
0
1.02
3.91
4.64
0.8
0
0
0
0
0.04
5.11
0.03
0
0
0
0
0
0
0.65
7.74
0.36
0.05
0.07
0
0
0.37
1.84
6.36
2.36
0
0.26
0.77
0
0
0.02
0.74
0.34
0
1.83
5.29
0.58
0
0
0.04
0
0.01
0.03
0.05
0.01
0
0
0
0
0.09
0
0
0
0.03
0
0
0
0
0
0
0
0
0
0
0
0
0.35
0.14
0.04
0
1.57
1.42
0.92
5.77
5.62
8.91
4.77
3.2
0.38
0
0
0.01
0
0
0.5
0.95
0.43
0
0.1
0
0.13
1.13
0
0
0.29
0.63
0
0
0.08
3.04
4.22
1.23
0.84
0
0
0.03
0
0
0
0
0.76
1.47
0.25
0.78
0.81
1.26
0.39
0
0
0
0
6.34
11.49
14.88
13.52
0.08
0
2.38
0.3
0
0
0
0
0
0
0.01
0
0
0
0.24
2.68
3.28
0
0
0.08
0.97
0.56
0.02
0
0
0.11
0.08
0
0.03
0.06
0.1
0.68
3.82
2.95
1.96
5.2
0
0
0.4
0
0.79
5.21
0.39
0
0
0.02
0.07
3.19
0.6
0
0
0.98
0
0.03
0
0
0.63
6.02
7.8
1.23
0
0
0
0.95
0.27
2.44
2.1
4.98
4.7
5.75
16.11
5.66
11.25
10.87
0.94
14.63
1.82
0
3.48
10.64
5.36
4.18
1.17
0
0.65
1.04
0.01
0
0
0
0
0.64
0
0
0
1.11
3.09
5.81
8.2
4.69
8.7
1.37
3.33
4.22
7.98
4.53
0
0.13
0
0
4.4
23.85
2.75
0
0
2.46
10.72
1.02
2.58
6.9
7.08
6.91
0.24
0.95
5.8
13.74
0
0
0
0
0.01
0
0
0.01
0
0
0.03
0.34
0.22
0
0
0.03
0
0
0
0
0
0
0
0
0
0
0
0
0
0
0
0
0
0
0
0
0
0.01
0
0.5
0.97
0
0.06
0.13
0.04
0
0
0
0.04
0
0
1.05
0
0
0
0.01
0
0
0
0.03
0
0
0
0
0.09
0
7.66
0.8
1.84
1.3
0.03
0
0
0.02
0
0.98
0.51
0.23
0.91
0
0
0
0
0
2.22
12.05
5.45
11.33
9.27
0.64
0
0
0
0
0
0
0.02
0
6.32
12.71
37.88
4.33
0
0
0
0.01
0
0.02
0.45
3.82
2.66
6.09
6.16
6.73
0
0
2.02
5.74
0.87
0
0
0
0
0
0
0
0
0.34
0
0.45
2.69
0.95
1.18
2.61
5.07
10.54
3.24
6.1
0
0
0
0.01
0
0.02
0
0
0
0
0
0
0.02
1.04
0.45
0.09
0.02
0.01
0.02
0
0.02
0.01
0.09
0
0
0
0.08
0.01
0
0.04
0.45
10.07
15.11
6.07
0.21
0
0.13
0
0
0
0
0.01
0
2.47
7.51
1.5
0.64
0
0
0.01
0.01
0.01
0.1
0.68
0.48
0
0.58
0
0.02
0.01
0
0.07
0.33
0.86
0
0
0.01
0
0
0
0
0
0
0
4
2.57
1.14
2.44
2.27
5.13
13.05
15.25
0.39
0.21
0
0
0
0
0
0
0.02
1.11
1.5
3.69
3.8
3.21
7.81
1.07
0
0
0
0.07
0
0
0
1.26
0.48
0.71
0.75
0
0
0
0
0.93
0.28
0
0
0
0.03
2
0.53
2.98
0.58
1.13
0
0
0
0.73
3.84
0.85
3.87
0
0.78
0
2.51
17.64
4.25
6.74
2.32
5.67
10.99
4.38
7.58
0.5
6.38
7.36
6.78
2.21
3.59
0.3
0.05
0
0
0
0.57
4.9
3.38
0
0.03
0
0
0.01
0.61
0.09
0.02
0
0
0
0
0.35
0
0
0
0.01
0
0
0
0
0
0
0.43
7.39
6.5
1.66
8.08
16.14
0.35
0
0
0
0
0
0
0.55
0
0
0
0
0.13
0
0.01
0
0
0
0.26
0.3
0
0
0.14
0
0
4.35
6.97
0
0
0
0
0
0
1.13
25.25
32.02
14.13
0
1.25
0.47
1.27
0.65
3.77
3.84
0
0.18
1.52
0.53
1.91
0
0
0
0.12
0.44
0
0.02
0
0
0
0.02
0
0
0.02
0
0
0
0
0
0
0
0
0
0.01
0
0
0
0
0
0
0.33
3.94
0.31
0.05
0.39
0.4
0
0
0
0
0
0
0.01
0
0.02
0
0
0
0
1.17
2.92
0
0
0
0
0
0.01
0
0.25
0.33
0
0.2
0.02
0.01
0
0
1.58
2.31
0
0.98
0.64
5.18
1.71
0.27
1.32
0
0
0
0.01
0
0
0
0
0
0
0
0.01
0
0
1.69
6.96
0.35
0
4.96
0.82
3.82
5.86
0.06
0
0.05
0
0.15
0
0
0.01
0
0
0
0
0
0
0
0
0
0
0.01
1.71
0.15
0.1
0.29
0.73
1.68
0
0
0.02
0
0.03
0.02
0
0.03
0.02
0
0
0.92
0.84
0.15
0
0
0.81
0.16
0
0
0
0
0
0.1
1.81
0
3.14
0.95
0.2
1.38
6.71
8.31
22.4
14.57
10.94
3.64
2.78
4.29
2.14
1.52
2.07
6
18.33
7.84
12.65
6.19
11.07
26.26
13.77
9.48
10.7
6.63
1.5
0.67
2.33
0.41
0.17
0
0
0
0.02
0.19
0
0
0
0
0
0
0.26
6.14
3.2
1.88
0.25
1.01
10.1
5.21
0
0
0.29
0.38
6.65
0.82
3.66
0.28
0.02
0
0
0.51
0.41
0
0
0.06
0.4
2.89
3.91
2.36
0.48
0
2.54
0.19
0
0.79
0.65
0
0.01
0.01
0.02
0
0
0
0
0
0
0
0
0
0.45
0
0
0.27
2.87
8.36
25.37
2.28
5.39
4.78
0.01
11.56
14.14
7.21
10.51
5.05
0
0
0.01
0
1.18
0.35
0.34
12.18
8.38
1.24
7.03
2.34
0.71
0
0
0.77
0.77
0
0
0
0.77
0.85
3.32
0.54
2.23
2.36
0.77
0
0
0.63
0.99
8.54
4.37
6.36
2.85
0
0.03
0.01
1.13
2.36
1.8
4.34
0.8
0
0.05
3.27
0.34
4.3
0
0
2.11
1.42
1.79
2.6
12.24
10.7
0.02
0.69
1.63
0.57
0.61
0
0
0
0
12.86
1.8
9.35
7.73
0.55
2.12
0
0.88
0.02
1
7.68
13.11
0
0.15
0
0.01
0
2.17
8.69
8.99
9.03
2.01
0
0
0
0
0.73
8.79
5.55
0
0
0
0
0
0.01
0
0
0.01
1.02
0.84
0.41
0.09
0
0
0
0
0
0.01
0
0
0.91
0
0.01
1.88
0.27
0.32
1.8
12.96
0.22
0
0.66
5.86
8.67
0.96
0
1.88
0.73
0
0
0
0
2.7
0.02
0
0
0
2.13
4.81
9.63
5.21
2.95
1.2
1.19
0
0.05
0
0
0
0
0
0
0
0
0
0
0
0.05
0.01
0
0.4
3.34
0
5.13
4.4
2.62
0
2.51
3.46
6.05
22.23
9.05
0.84
0
0
0.25
0.86
1.06
8.02
2.26
0
0
0
3.32
0
1.8
1.07
4.99
5.45
1.64
8.18
4.93
1.63
0
8.48
14.09
10.12
0.7
0
1.45
1.5
20.32
1.97
0.07
0
2.21
3.76
0
0
0
0
0.05
5.07
10.59
6.15
5.64
11.45
0.69
0
0
0.06
0
2.29
7.93
5.73
5.7
2.62
0
0.33
1.61
2.12
0
0
0.03
0
0
0
0
0
6.51
1.27
1.71
5.5
7.64
13.94
4.59
2.04
5.68
15.7
3.14
0
0
0
2.39
9.45
3.47
1.43
15.15
23.04
0
1.91
0.65
0.18
2.41
7.92
8.02
9.4
17.11
10.87
6.63
0.03
0
1.27
4.07
0.88
0
1.87
0.07
0
0
3.82
4.97
2.36
5.42
5.8
4.89
0.05
0.73
1.46
0.51
1.12
0.39
0.63
0
0
0
0
0.08
5.52
8.57
4.82
2.71
1.88
1.94
0.25
0
0.43
4.07
1.16
0.23
2.93
2.98
4.93
10.36
19.73
20.68
14.66
7.25
4.88
0.86
0.2
0.01
0.7
0.13
3.7
8.96
8.93
0.08
0.3
3.16
9.5
6.13
3.95
6.42
7.83
3.91
10.1
8.39
4.84
3.72
3.87
9.88
4.91
0
1.02
0.68
0.07
0
1.03
0
0
0
0
0
0
2.57
2.35
5.83
3.76
1.39
1.15
4.99
7.43
9.09
3.79
0
0
0
0
0.05
0
0.18
3.72
8.11
7.26
5.55
3.12
1.9
0.89
2.96
0
0
1.62
0.04
0.09
1.47
0.09
0.11
0.2
0.06
0
0
0
0
0.01
0
0.01
0
0
0
0
0.38
0
0
0
0.08
0.06
0.39
0.02
1.39
0.71
11.43
0.18
0.53
0
0.02
0.04
0.15
0
0
0
0
0
0.05
0.45
5.63
5.58
15.12
4.34
0.1
1.36
0.01
2.21
0
0
0
0.41
4.19
0
0.12
5.04
34.06
6.13
0.43
2.25
5.74
3.34
7.15
0.84
1.08
0.43
0
0
3.61
0.38
0.45
0.26
0
0.03
0.01
0
0
0
0
0.02
0
0
0
0.18
0.65
0.72
0
0.04
1.58
0
0
0
0
0
0
0
0
0
0
0.85
0.41
0.71
0.17
0.45
0.03
0
0.32
0.36
0.02
0
0.01
0.01
0
7.75
8.1
5.64
0.47
0.02
0
0
0
0
0
0
0
0
0.08
0
0.13
0.01
0
0
0.02
0
2.58
3.32
0
0.01
0
0
0
0
0.01
0
0
0
0.04
0
0
0.53
0
0.03
0.2
0
0
0
0
0
0
0
0.02
0.12
1.46
5.48
1.6
4.56
1.66
0
0
1.38
1.7
0.46
0.44
2.16
2.05
0
0.02
5.84
3.26
4.06
20.5
13.67
17.96
14.84
1.54
2.66
0.69
1.46
0
0.41
9.77
13.08
1.11
0.13
0.2
0.09
2.61
14.21
7.44
10.52
15.88
16.48
7.98
1.7
2.82
14.72
24.02
5.96
9.15
0.81
3.92
1.05
4.78
9.43
2.02
0
0.02
0
0.82
4.47
3.96
1.73
0.01
0.12
0.66
0.04
0
0.21
0
0.1
14.78
3.03
0.47
0.01
0.02
0.05
0
0.2
0
0
2.79
1.34
0.37
1.66
7.42
5.07
13.41
0.88
0.17
0.3
0.05
1.71
2.46
1.95
1.2
0
0.3
0.31
1.05
1.02
0
0
0.64
0.84
2.09
2.21
6.37
2.87
1.38
0.03
6.61
2.11
1.7
4.56
1.98
0.8
0.13
0.28
0.08
0.65
3.61
0
0
0
0.02
0.06
0
0
0.09
2.98
0.64
8.52
4.23
1.7
2.84
1.25
0.94
0
0.31
0.27
0.18
0.99
0.05
0
0
0.04
0
0
0
0.06
0
0
0
0
0.05
0
0
0
0.02
0.8
3.45
1.08
0
0.02
0.25
0.98
0.17
0
0.02
0
0
0
0
0
0
0
0
0
0
0
0
0
0
0
0
0
0
0.52
3.35
2.68
0.21
2.57
0.5
0
0
0.02
0
0
0
0
0
0
0
0.01
0.16
2.64
9.02
7.28
4.68
4.44
2.46
0.04
0
0
0
0.68
10.8
2.88
1.71
0
0.71
2.79
12.22
2.26
0.2
0.3
0.26
3.54
6.52
1.08
0
0
0
0
1.32
4.13
0.31
0
0
0
0
0
0
0
0
0.12
0
0
0
0
0
0
0.8
1.15
0.52
0
2.9
4.7
5.52
13.78
13.93
5.48
0.91
0.4
0.18
0
1.4
2.04
0.02
0.02
0
0.1
0
0.48
0.01
0.01
0.42
0
0.43
0.12
0
0.56
1.06
0.28
0
2.5
7.57
1.55
0.19
1.64
0
0
0.29
0
0
0.01
0.03
0
0
0
0
0.04
0
0
0
0
0
0
0
0
0.01
0.01
0
0.57
0
0.02
1.82
1.04
0.22
0
2.42
7.81
6.56
0.54
4.44
0.01
0.08
0
0
0.03
0
0
0
0.96
0
1.89
1.12
0.01
0
0
0
0.04
0
0
0
0
0
0
0.02
0
0
0
0
0
1.07
5.55
8.8
5.39
0
0.02
0
0
0
1.03
0.02
0
0
0
0
0
4.86
30.93
4.37
0.41
0
0
0
0
0
0
3.63
18.89
10.24
2.7
0.36
0
2.63
0.02
1.2
8.05
2.29
0
0.01
0
0
0
0
13.15
15.57
1.73
0
0
0
0
0
0
0
0.04
0.01
0.45
0.04
1.2
4.54
2.07
0.83
0.13
0.03
0.03
0
0
0
0.01
0.05
1.35
3.51
7.49
2.48
1.42
0.68
7.7
8.87
6.08
1.07
5.05
19.13
18.08
13.11
6.7
6.34
20.64
7.93
8.7
40
1.8
0
0
0.32
0.99
0.25
0.11
0
0
0
0.84
0.28
0
0
0
0
0
0
1.24
1.23
0.01
0
0.69
2.56
2.74
4.83
12.36
4.96
1.31
0.02
0.98
6.41
7.13
1
11.92
4.09
2.09
0.63
0
0.87
0
1.26
0.88
1.56
2.84
1.11
5.33
2.12
0.88
10.82
10.71
0.57
0
0
0
0
0.03
0.02
0
0.01
0
0
0
0
0
0
0.02
0
0
0.29
2.71
1.8
0.01
0
0
0
0
0
0
0.01
0
0
0
0
0
0
0.51
7.56
6.5
4.99
11.7
0.84
1.33
7.41
8.02
3.63
2.71
0.85
6.16
9.93
3.55
2.36
1.41
0.57
0.11
0
0
0
0.09
0.09
2.16
0.54
0
0.02
0.38
5.99
5.16
0.05
0.03
0.4
0.09
0
0
0
0
1.01
0
0
0
0
0
0
0
0.13
1.02
6.1
0.25
0.23
6.44
8.17
2.16
0.39
0.39
0.72
0.7
4.11
9.61
3.61
3.6
2.8
0.93
2.19
6.2
3.26
0.31
0.22
0
0
0
0.01
0
0
0
1.77
1.54
0.91
0.18
0.1
0
0
3.7
2.18
0
0.01
0
0
5.16
15.93
13.43
3.48
1.07
5.11
11.72
1.31
1.36
1.38
0.74
2.55
0.2
0.71
0
0
0.01
0
0
5.22
9.94
0.39
0
0.06
0.07
0.09
0.04
0
0
0
0.41
0
3.58
2.8
6.95
0.16
0
0
0
0.02
0
0
0
0
0
0.01
0
0.01
0.01
0
0
0
0
0
0
0
0.22
0
0
0
0
0
0
0
0.02
0.11
0.01
0
0.03
1.02
0.07
0.04
0
0
0
0
0.01
0
0
0
0
0
0
0.02
0
0
0
0
0
0
0
0
0
0
0
0
0.01
0
0
0
0
0
0
0
0
0
0
0
0.09
0.01
0.01
0.01
0
0
1.06
0.17
0.07
3.57
1.85
0.95
0
0.92
0
3.83
14.65
4.81
0.7
1.33
0.43
0.02
0
0
1.27
0.07
0.13
0
0.01
0
0.09
0.41
0.37
1.6
9.2
9.82
5.21
1.37
1.53
1.16
0
1.65
2.71
0
0.07
0.09
1.55
8.77
4.83
0.16
0
0
0
0
0
5.5
5.07
2.89
6.34
0.15
0.18
0.71
1.32
2.65
1.32
1.04
0.68
0.88
0
0.71
1.94
1.14
3.07
2.42
1.05
0
0
0
0
0
0.01
0
0.01
0
0.19
0.08
0.12
0.04
0.16
0.13
0.27
0.02
0.18
0.63
0.16
1.34
0
0.17
0
0.07
0.22
0.02
0
0
0
0.06
0.13
1.64
1.25
14.05
20.64
16.93
10.67
1.66
7.79
10.98
1.07
3.14
7.63
9.83
1.75
3.59
5.17
6.31
0
0.85
2.46
1.41
0
1.93
5.63
1.78
1.66
2.35
0.31
0.3
0
0
0.02
0
0
0
0
0.02
2.34
2.27
1.33
1.45
1.61
2.63
6.09
2.07
7
11.65
9.89
4.65
0.27
2.25
9.53
15.46
6.44
0.95
1.75
4.27
0.82
0
0.27
1.58
0.51
0.03
0.84
0.48
0.64
0.53
0.41
1.04
0
0
0
0.24
0.84
1.55
5.08
2.29
3.32
0.32
0.21
0.32
3.25
0
0
0.13
0
0
0.12
0
0.05
0.02
0
0
0
0.61
0
0
0
0
1.17
2.26
0.04
0
1.19
24.37
26.7
11.85
4.38
9.21
7.48
1.45
0
0.84
8.34
4.58
0
0
0
0
0
0
0
0.74
0
0.65
1.25
0
0
0.18
0
0
0.51
0.38
0
0.03
0.08
0
0
0
0
0
0
0
0
0
0
0.01
0.13
0.3
0
1.37
1.12
0.66
1.52
0
0.8
1.78
0.7
2.01
4.48
5.75
8.76
1.96
0.14
0
0
0.33
0
0.02
0
0
0.02
0
0
0
0
0
0
0.41
0
2.55
2.45
1.66
8.38
11.96
3.89
6.83
0.7
0.02
0.01
0
0
0
0
0
0
0.02
0.02
0
0
0
0
0
0.04
0.01
0.01
0.26
0.52
0
0.29
0.17
0.54
7.48
6.11
4.69
2.9
1.97
3.77
1.27
4.24
1.87
0
0
0
0
0
0.01
0
0
0
0.03
0.4
0
0.01
0.01
0.01
0
0
0.01
0
0
0
0
0
0
0.11
0.34
2.89
0.01
0.01
0.7
0.23
6.36
3.77
0.83
0.21
0
0.45
0.32
0
0.74
0.58
4.16
4.09
5.16
11.02
0.28
2.21
0
0.38
0.07
0.09
6.69
0.76
0
0
0
0
0
0
0
0
0
0.02
0.18
0
0
0
0
0
0
0
0
0
0.01
0
0
0
0
0
0
0
0
0
0
0.09
0.22
0
3.6
13.02
10.23
7.2
19.01
5.16
10.32
10.39
3.6
2.98
7.39
4.66
2.69
4.9
20.92
33.2
13.06
9.67
3.51
0.69
0.78
0.92
0.28
0
0.81
0.73
1.22
5.73
4.39
1.35
1.36
4.2
0.77
4.02
6.75
4.46
3.85
1.14
4.42
3.89
1.37
1.75
8.1
2.34
0.34
1.9
5.73
2.26
0.48
4.11
2.99
1.15
0
0.01
0
0.17
0.35
0.43
0.03
0.29
1.27
0.68
0.18
0.34
0.43
0.01
0
0
0
0
0
0
0
0
0.29
0.77
1.02
1.09
0
0.02
0
0.01
0.02
0.01
0
0
0.02
0.01
0
0
0
0
0
0
0
0
0
0
0
0
0
0.01
0
0
0
0.54
0.4
2.56
16.12
8.79
11.62
7.41
14.59
1.8
0
0.55
5.54
23.52
24.55
5.73
1.59
2.51
1.19
0
0
0.62
0.46
0.3
0.17
1.55
0.91
0.07
2.89
4.19
5.11
2.2
2.3
2.87
0.48
0
0
0.05
0.8
2.2
0.86
0.36
0.13
1.98
0.38
0.22
0
2.96
8.34
1.15
5.73
1.09
1.9
3.31
2.52
0.32
1.84
2.36
1.2
0.13
0.32
0.45
0.05
0
0
1.29
14.64
8.85
5.52
1.06
0
0
0
0
0.01
0
0
0
0.01
0
0
0
0
0
0
0
0
0
0
0.09
0.01
0
0
0
0.05
0.07
0.2
0
0
0.06
10.28
3.13
0.89
0.26
0
0
0
0
0.07
0.68
2.05
7.79
5.32
0
0
2.89
0.89
0
0
0
0
0
0.02
0
0
0
0
0.03
0
3.08
10.98
2.21
21.8
5.54
0.56
0
9.3
1.64
0
0
0.02
0
0.57
0.32
0.01
0
1.23
0
0
0
0
0
0.01
0
0
0
0.02
2.29
0
0.02
0.62
0.13
0
0.56
0.34
1.7
0.74
0
0.09
0
0.46
0.24
0
0
0
0.09
1.45
2.83
0
0.04
0
0
0
4.02
0.13
0.01
0.02
0
0
0
0
0
0
0.02
0
0
0
0
0
0
0.01
0.89
0.04
0
0
0
0.03
0
0
0
0
0
0
0
0
0.11
0.18
0
0
0
0
0
0
0
0
0
0
0.01
0.05
0.77
0.77
3.22
8.7
1.44
0.5
0
0
0.01
0
0.03
0
0
0.83
2.97
1.66
0.43
4.87
2.27
0.04
0
0
0
0
0
0.55
0.67
0
0
0
0
0
0
0
0
0
0
0
1.39
10.46
24.08
0
0
0
0.02
0
0.27
0.01
0
0
0
0
0
0
0
0
0
0
0
0
0
0.01
0.2
2.87
0.16
0
0.78
0
0.02
0
0
0
0
0.02
0.13
1.57
0.34
0
0
1.64
0.62
2.14
6.84
0.31
0.27
2.31
2.93
1.39
4.31
1.11
0.3
0.08
4.5
0.83
0.19
0
0.05
7.49
1.73
0.16
0
0
0
0
2.01
1.23
0.6
0.47
0.38
0.24
0.54
0
0.57
0.47
2.83
1.3
0.16
0.4
0
0.02
0
0.15
2.13
13.63
3.4
6.75
10.44
0.5
0.17
0.06
0
0
0
0
0.02
0.01
0
0.2
0.41
0.61
0.09
0.2
0.41
0.09
0
3.24
0.91
2.55
16.17
11.25
3.55
2.38
9.48
1.38
0.46
13.48
15.98
6.17
1.17
4.77
0.72
0
0.02
0.03
0.68
7.85
12.05
14.07
4.85
8.28
3.46
1.23
1.54
0.13
0
0.4
0
0
0
0
0
0
0
0
0
0
0
5.56
3.41
0
5.24
4.94
0
0
0.52
0
0
0
0
0.08
0
0
0
0
0
0.01
0
0
0
0
0
0
0
0
0
0
0
0.05
1.07
0
0
0.04
0
0
0
0
0.01
0.02
0
0
0
0.08
0
11.23
8.68
0
0.16
0
0
0
0.01
0.01
1.75
0
0
3.98
0.11
0
0.43
0.59
0
0
0.02
0.55
0.18
0
0
0
0
0
0
0
0
0
0.01
0
0
0
0
0
0
0.22
0
0.02
0.13
0
0.78
3.01
0
0.02
0
0
0
0
0
0
0
0
0
0
0
0
0
0
0
0
0
0
0
0
0
0
0
0
1.84
0.48
0
0
0
0
0
0
0
0.21
0
0
0
0
0
0
0
0
0
0
0
4.38
2.29
1.93
1.82
0.53
0
0.02
0
0
0
0.29
0.3
0
0
1.8
0
0
0
0
0
0
0
0
0
0.02
0
0
0
0
0
0
0
0
0.01
0
0
0
0
30.41
15.44
9.09
3.93
5.69
13.32
0.29
0
0.04
0
15.04
5.16
3.47
2.14
29.01
8.83
5.42
0
0.01
0
0.26
0.09
0.49
3.71
4.36
6.67
1.17
0.82
0
0
7.7
7.02
0
1.81
8.17
4.13
0
0
0
0
2.96
21.63
30.8
6.2
0.11
1.41
0.16
1.96
1.51
2.02
0
0.94
0.7
9.5
4.7
5.84
0.84
6.47
1.43
0.03
0.12
0.43
0
0.68
0.14
1.2
1.32
0.03
1.91
3.6
1.64
0
0
0
18.3
5.56
0.05
0
0
0
0
0.07
6.23
1.04
0.44
0
0.05
0.94
0
0.56
1.38
0.6
1.43
13.17
4.3
1.84
0.62
0
0
0.33
0
0.93
0.57
0.38
0.58
1.05
3.02
0.68
0.64
2.66
6.59
1.29
5.55
5.18
8
4.88
12.24
19.81
23.2
5.32
3.97
2.48
2.54
3.31
0.4
0.13
0.41
2.77
0.78
0.02
0.82
1.11
0.25
0.01
0
0
0
0
0
6.24
2.38
13.06
5.46
2.75
11.08
3.38
0
2.25
4.42
9.12
5.13
0.88
0
0
0
1.01
16.33
1.71
0
0
0.3
0.03
0
0.01
0
0
0
0.02
0
0
0
0.01
0
0
0
0
0
0
0
0
0
0
0
0.01
0
0.01
0.01
0.02
4.64
8.76
0.55
0.09
0.52
0.5
0.54
0.7
7.25
2.24
2.46
4.05
4.72
1.39
13.3
10.67
3.58
0
0
0.52
0
0
0.02
2
0.59
0.36
0.02
2.48
0.19
0.28
0.1
0.32
0.66
3.64
0
0.03
0
0
0.52
0
2.27
3.79
5.95
0
0
0.87
1.42
3.01
3.39
0
0
0
0
0.46
0
2.87
1.68
0.12
0
7.81
2.56
2.54
1.63
8.51
4.45
12.28
0
0
0.68
15.06
2.45
0
0.79
0.64
3.33
2.36
0
0
0
0
0.11
0
0.18
0.01
0.01
0
0
0
0
0
0
0
0.04
4.46
0.96
0
0
0.07
0
0
0
0
0.01
0
0.33
0.16
0
0.02
0.04
0
0
0
0
0
0
0
0
0.13
0.78
0
0
0
0
0
0
0.04
0
0
0
0
0
0
0.01
0
0
0.01
0.06
0.01
0
0
0
0
0.03
0
0
0
0
0
0
0
0.32
0
0
0
0
0
0
0
0
0
0
0
0
0
0
0.7
1.29
6.23
3.55
0.01
0
0
0
0
0
0
0.04
0.07
0.23
0.94
17.45
18.9
4.01
0.36
1.58
2.31
9.94
10.27
0
0.25
6.34
6.37
3.07
0
0.07
0
12.9
11.06
3.07
0.04
0.81
3.93
0.19
2.07
0.65
0.07
0
14.21
4.48
0
0.05
0
0
0.13
0
0
2.29
0.29
2.73
14.63
11.77
9.79
12.74
2.2
0.36
0
0.02
0
0
0
0
0.5
0
0.28
0
0.03
0
0.15
0.03
0
0
0
0.09
0
0.13
2.58
0
0
0.01
0.02
0
0
0
0
0
0
0
0
0.02
0
0
0
0
0.01
0
0
0
0
0
0
0
0
0
0
0
0.04
0
0
0.2
0
0.18
0.27
0.07
1.3
13.39
12.29
2.34
0.11
0
0.36
0.58
0
0.01
0.17
3.88
2.47
8.79
0.45
2.21
0.17
0.19
0.31
0
0.01
0.18
0
0
0
0
0
0
0
0.79
0.2
0
0
0.25
2.21
0.09
3.88
5.54
9.43
14.62
12.22
1.19
0.02
0.22
0
0
0
1.08
2.28
0.18
0.13
0
0
0
0.06
0
0
0
0
14.4
3.89
0.04
0
0
0
0
0
0
0
0
0
0
0
0
0
0
0
0
0.84
7.4
1.09
0
0
0
0
0
0
0.04
0
2.94
8.18
3.9
1
0.31
2.83
1.66
3.5
2.9
4.01
3.8
0.14
1.65
0
0.77
0
0.34
0.18
0.02
0
0
1.17
0
0.25
3.52
0.23
0
0.17
5.07
0.65
0.46
3.49
5.21
2.59
3.46
0
1.8
0.25
1
4.34
1.26
0.41
0
0.02
0.12
0
0
0
0
0
0
0
0
0
0
0
0
0.84
3.75
3.99
10.45
0.93
0
0.04
0
0.1
0.06
0
0
0.17
0.23
0.05
0.08
0.43
0.02
0
0
0
0
0
0
0.02
0
0
0.1
0
0
0
0
0
0
0
0
0.01
0
2.45
0
1.55
0
0
0
0
0
0.03
0
0
0
0
0
0
0
0.02
0
0.01
0.01
0
0
0
0.04
1.3
0
0.17
0
1.16
0.18
0
0
0
0
0
0.01
0
0
0
0
0
0.8
0
0
0.02
0
0.06
0.2
0.02
0
0.02
0.08
0.3
4.7
0.55
0.04
0
0.02
0
0
0.02
0
0
0
0.02
0.01
0
0
0
0
0
0.05
0
0
0.02
0
0
0
0
0
0
0
0
0
0
0
0
0
0
0
0.02
0.03
0
0
3.98
0.1
0
0
0
0
0
0.37
5.28
0.57
7.43
0
0.05
0.15
0
0.01
0
0
0.07
0
4.79
1.57
4.41
0
0
12.04
11.66
0.25
0.3
0
0
0.59
7.79
21.45
25.7
23.15
7.14
0.03
0.9
1.22
0.04
0.17
3.5
6.16
6.54
0.3
0
0
0.07
0
0
0.01
0
0
0
0.13
0.54
0.17
0.04
0.01
0
0
0
0
0
0
0
0.2
0
0.01
0
0.02
1.02
0
0
0
0
0.16
0
0
0
0.01
0
0
0
0
0
0
0
0
0
0
0
0
0.01
0
0
0
0
0
0
0
0
0
0
0
0.03
0.88
0.62
0.05
0
0
0
0
0
5.25
2.08
3.27
8.96
0
0.81
4.45
3.02
10
10.37
3.23
0.32
1.1
4.23
3.24
5.46
12.83
5.23
1.49
4.84
6.12
2.48
1.07
2.24
3.64
8.09
1.21
0.46
2.25
1.09
0
0
9.51
0.63
0.57
0
0.02
0
0
0
0.25
0
0
5.7
5.6
0.3
0
0
0.73
15.92
4.41
0.28
4.62
12.02
2.49
0.73
0.02
0
0.02
0
2.77
0
0
0.01
0.4
1.14
0.88
6.12
16.55
0.17
0.39
0.38
0
0
0
4.14
9.29
17.13
0
0.06
0
0.26
0.11
2.32
2.34
0.02
0
0
0.21
7.08
10.97
0
0.91
4.21
0.76
0
0
0
0.02
0
0
0
0.16
0.2
4.5
0.52
0
0
0.05
5.69
0.78
1.41
2.14
0.76
0
0
0
0
1.59
0.13
1.5
0
0.02
0.05
0.01
0
0
0
0
0
5.46
0.26
0.02
1.79
4.86
1.19
0
0.02
0.01
0
0
0
0
0
0
0
0
0
0
0
0
0
0
0
0.14
8.25
0.16
0
0
0
0
0
0
0
0
0
0
0
0
0
0
0
0
0.01
0.8
0
0
0
0
0
0
2
5.44
0
0
0.02
0
0.02
0
0
0
0
0
0
0
0.45
0.07
4.96
0.2
0
0
0
0
0.01
4.13
4.11
0.57
0.13
0.09
1.5
1.65
0
0
0
0
0
0
0
0
0.01
0.12
1
2.52
2.62
1.81
5.51
2.6
0
0
0
0
0
0
0
0
0
0
0
0
0
0
0
0
0
0
0
0
0
0
0
0
0
0
0
0
0
0
0
0
0
0
0.13
0
0.13
0
0
0
0
0.75
8.46
8.87
7.18
1.66
0.64
9.24
1.98
9.43
4.85
0.15
0.38
0.12
0
3.11
2.44
8.44
1.6
0
0
0
0
0.01
0.56
0.54
0
0.04
0
6.69
5.43
2.56
1.24
2.15
7.78
0
0.01
0.09
2.41
7.41
0
0.07
0.74
0
0
11.87
1.85
2.8
2.77
5.66
3.4
0
1.38
0.7
1.08
0
0.4
0.02
0.26
0.25
0
0
0
0
0
0.39
0
0.25
0.09
2.07
1.06
0
4.96
3.61
4.97
5.27
8.27
4.03
5.89
0.64
1.13
0.57
0
0.57
0.03
0.04
0.05
0
0
0
0.07
0.13
2.84
1.82
0.46
0
3.71
3.59
0
0
0
0
0
0.12
0.08
0
0.02
2.05
1.66
2.4
0.46
7.22
14.94
5.55
1.98
15.54
18.01
6.08
1.16
1.1
0.45
7.04
13.76
3.2
5.94
1.73
3.09
1.96
0.66
2.15
0.7
2.66
0.4
0
14.69
24.9
9.22
3.36
15.88
7.36
1.3
0
0.06
4.56
2.28
0
0
0.02
0.02
0.03
0
0
0
0.01
2.09
7.15
4.1
0.34
0.02
0.41
3.48
0.72
0.08
0
0
0
0
0
0
0.05
0.08
0.04
0
0.03
0
0.1
0
2.53
16.88
7.43
24.32
18.88
1.23
0.36
3.69
4.88
7.13
2.71
0.66
1.38
1.44
6.04
1.07
0.88
0.32
0
0.01
0
0.02
0
1.84
4.09
0
0
0
1.45
0.41
2.5
2.87
1.12
10.12
11.36
0
0
0
0
0
0
0
0
0
0.01
4.18
6.58
4.76
5.84
10.24
3.86
1.16
0.03
0
0
0.4
0
1.25
0.02
0.95
4.62
1.4
0
0
0.03
0
0.02
0
0.02
6.5
2.32
1
0.63
1.27
0
0
0
0
0
0
0
0
0.01
0
0
0
0
0
0
0.11
0.02
0
0.01
0
0.11
0.01
0.01
0
0
0.32
0
0
0
0
0
0
0
1.15
0
0.02
0
0
0
0
0
0
0
0
0
0
0
0
0
0
0
0
0
0.06
0
6.84
14.98
6.99
6.5
0.07
0.16
0.84
0.3
0.83
1.11
0.48
2.57
11.51
3.88
0.26
5.45
0.15
0.2
3.98
0.59
0.08
0
0
0
0
0
0
1.14
0
4.8
0.69
0.13
0
0.22
5.02
4.52
1.22
0
0.01
0
0.01
0.05
0.91
6.59
0
0.03
0.08
6.48
12.71
7.71
2.13
0.05
0
0
0
0.01
0.01
10.72
0.01
0
0
0
0
0
0.36
0
0
0
2.31
0.8
0
0
24.25
15.25
3.18
0.87
0.23
0.11
0
0.17
0.19
1.02
2.83
9.07
3.24
10.72
3.89
0.13
0.29
1.8
0
0
0.24
0
0.11
0
0
0
0
0
0
0.02
0
0
0.01
0.09
0
0.09
2.45
0.47
0
0
0.11
0
1.41
2.77
9.54
3.21
4.46
2.84
4.04
3.56
8.19
1.23
8.86
9.38
10.73
3.62
0.44
10.64
8.68
10.63
16.18
14.16
4.61
2.25
4.86
2.38
1.13
1.93
1.99
0.57
4.67
0.16
0.7
0.83
0
11.67
3.38
0.86
0.87
1.07
0
1.62
0.3
0.21
0.19
2.68
1.39
3.37
2.05
0.09
0
0
0
0.66
0.66
0.09
0.4
0.22
0.28
0
0
0
0.04
0
0
0.56
0
0
0
0
0
0
0
0
0
0.01
0
0.08
0.09
0.19
0
0.25
1.13
1.46
0.27
0.04
0
0
0
0
0.13
4.2
2.26
0.56
2.76
0.87
0.27
0
0
0.48
1.09
2.35
0.74
0.01
0.01
0
0
0.68
1.17
0.02
0.33
0.5
3.8
0.42
0
0
0
0
0
0
0
0
0
1.01
2.13
0.34
0
0
0.14
0
0
0.16
0
0.03
0
1.04
3.85
1.27
3.33
1.63
0.27
1.68
0.67
1.05
2.17
3.28
0.53
0.02
0.01
0
0
0
0
0
0
0.01
0.01
0
0
0
0
0
0
0.01
0
0
1.48
2.56
10.27
6.71
0
0.77
0.55
0.37
0.01
0
0
0
0.72
0.35
0.06
0
0
5.44
1.58
0.02
0.32
0.2
0.08
0
0
0
0
0
0
0
0
0
0
0
0
0
0.01
0
0.03
0
0.01
0
0
0
0
0
0
0
0
0
0
0
0
0.05
3.93
23.89
13.22
4.7
1.33
2.56
0
0.01
0
0
0
0
0
0
0
0
0
0
0
0
0
0
0
0
0
0
0.02
0
0
0
0.16
0
0
0
0
0
0.03
0
0
0
0
0
0
0.05
0.02
0
0
0
0
0
0
0
0
0
0
0
0
0
0
0.03
0
0
0
0
0
0
0
0.14
0
0.01
0.98
5.98
2.94
1.63
1.2
0
0.11
0
0
0
0.01
0.01
0
0
0
0
0
0
0
0
0
0
0
0
0
0
0
0
0
0
0.45
4.88
2.69
0
0
0.11
8.42
2.29
0.34
0
0
0
2.89
1.09
10.39
0
0.04
0.2
4.34
0.87
0.04
0.77
1.4
0.66
0.29
0
0.02
0
0
0.13
0.01
0.33
6.71
6.78
0.68
0.48
0
0
0
0
0
0
0
0
0
0.37
0.59
0.28
0.42
1.25
0.59
0.74
3.05
1.27
1.38
0.62
0
0
0
0.31
0.29
0.09
0.07
0.09
0.02
0
2.16
0.27
0.77
0
0.13
0.65
9.32
4.16
13.01
6.12
0.27
3.89
3.75
1.75
1.11
0.52
0
0
2.52
2.48
0.99
0.23
0.12
0.13
0
0
0
0
0.61
11.21
4.34
0.04
0
0
0.45
1.75
0.25
0
0
0
0
0
0.01
0.01
0.01
0
0
0
0
0
0
0
0
0
0
2.13
10.62
3.05
0.02
0
0.71
0.23
3.14
0.12
1.25
4.06
12.03
15.95
7.29
0.04
0
0
0
0.02
0
0.02
0
1.34
2.01
1.68
4.64
6.66
3.19
1.93
4.88
15.95
6.3
3
3.61
0.26
0.06
0.49
5.56
2.73
0
0.06
0.02
0.67
0
0
3.54
15.58
10.48
4.06
0.09
0
0.66
2.96
0.82
7.95
7.78
0.21
1.29
0
0.4
7.02
7.5
1.74
0.81
1.24
13.5
13.36
0.88
2.91
7.82
10.79
9.68
16.66
2.34
3.59
3.95
5.58
3.14
14.68
7.3
5.7
0.62
0.27
0.95
0.31
0.13
1.17
3.02
8.34
16.61
1.21
2.65
0.25
6.13
8.18
1.7
0.47
0
12.22
5.73
0.05
1.08
1.38
0.55
0
0.01
0
0.21
0
4.68
0.84
0.03
0
0
0.01
0.14
1.83
7.48
2.09
1.34
0.62
0
0.01
0
0
0
0.05
16.32
5.43
1.71
0
0
0
0
0
0
0.01
0
0.25
0
0
0.05
1.76
0.66
0
0
0
0
0
0
0
0
0
0.12
0.4
1.07
0
0.1
0.31
0.2
0
0
0
0
0
0
0
0
0
0.06
0.56
0.17
0.02
0
1.21
3.67
0.46
0
0
0
0
0.42
0.82
1.56
0.69
5.7
1.35
0
0
0.22
4.27
3.47
0.51
1.2
0.02
0
0
0.44
0.19
0.17
7.72
0.61
0.04
0
0.4
0
0
0
0
0
0
0
0
0.8
0.5
17.45
10.49
0.59
0
1.16
0.59
0.39
0
0.16
0
0
0
0
0.28
0.85
0
0
0
2
0.05
0
0.11
0
0
0
0
0
0.1
1.37
7.85
2.88
0.7
0.24
0.06
0.67
0.02
0
0.13
0
0
0
0.03
0
0
0
0.07
0
0.83
0.28
0
0
1.41
0.28
1
0
5.17
1.63
0.82
0.77
1.07
0.18
0
0
0
0
0.29
0
0
0
1.18
0.16
0
0
0
0
0.73
5.98
4.87
5.75
2.98
0.17
3.69
16.55
6.02
1.26
9.89
1.83
0.91
0.21
0.2
0.65
1.65
5.47
9.81
0.92
1.63
0.28
3.47
7.17
7.13
7.56
7.16
0.73
1.36
6.73
1.39
0
0
0.19
0
0
0.03
0.01
0
0.34
5.74
12.41
14.13
15.6
12.27
10.1
11.13
5.01
1.77
4.25
2.38
4.48
0.01
0.49
1.48
1.15
2.27
2.57
2.23
0.66
0.68
0.84
1.18
0.17
0.03
0
2.63
0.86
0.42
0.35
3.21
2.39
3.53
6.2
0
0.88
2.98
2.29
0.13
0.34
1.17
1.59
1.36
9.47
3.9
0.56
0.88
0
2.4
1.48
0
0
0
0
0
0.04
0
0
0.05
0
0.32
0.01
0.01
0
0
0.02
0
0
0.26
0.98
0.87
0
0.08
0
0.01
0
0
0
0
0.07
0
0.14
0.09
0.23
0.62
0
0.52
0.1
0
1.1
3.19
5.2
2.52
1.15
0
0.76
1.83
1.28
0.93
0
0
0.16
1.3
3.94
2.47
2.27
0.84
0.28
1.77
1.95
1.77
0.02
0
0
0
0
0
0
0
0
0.2
0
0.12
0
2.37
2.45
0.48
0.22
0
0.92
0
0
0.56
2.07
11.24
12.31
4.16
0.45
0.29
0.4
1.91
0
2.45
1.2
0
0
0
0.05
0
0
0.49
0
0
0
0.01
0
0
0
0
0.07
0
0
0
0
0
0
0
0
0
0.01
0
0.03
0
0
0
0
0.36
0
0.3
17.88
0.34
0
0.65
0
0
0
0
0.38
3.2
0.02
0.01
0
0.2
1.58
0
0
0
0
0
0
0
0
0
0
0
0
0.14
0
0
0.03
0.19
0
0
1.42
0
1.49
20.86
6.46
10.89
11.09
5.05
0.91
1.16
0.13
0.01
0
0
0
0
0
0
0
1.02
10.35
38.06
29.58
2.98
0.14
1.03
7.02
2.1
0
1.06
4.95
13.77
4.43
1.71
2.92
4.38
5.5
2.43
1.56
0
1.12
1.66
13.18
4.87
1.34
0.73
1.09
2.77
5.87
12.19
6.74
0.18
0
0.43
1.13
5.48
9.77
9.12
0.26
0
0.04
3.48
4.69
9.77
32.36
16.18
5.88
5.56
2.98
0
0.17
0
0
0.01
0
0
0
0
0.23
0
2.12
0.86
1.27
1.12
0.07
0
0.7
0.23
0
6.11
17.57
2.31
1.34
5.14
3.05
0.31
0.06
0.26
4.96
6.75
0.76
0
0
0.01
0
0
0.01
0
0
0
0
0
0
0
0.05
0.03
6.57
13.07
7.33
0.36
0
0
0
0
0
0
0
0
0
0
0
0
0
0
0.68
8.27
2.88
0.45
10.74
5.16
2.15
1.35
1.79
2.91
0.43
0
0.64
0
0
0
0
0
0
0.09
0.23
0.07
0.01
0
0
0
0
0
0
0
0
0
0.04
1.3
0.97
0.3
0
0.01
0
0
0
0
0
0
0
0
0.01
0.01
0
0
0.01
0
0
0
0
0
0
0
0
0
0
0
0
0.03
0
0
0
0.02
0.32
0.61
1.79
2.83
1.53
0.43
1.73
4.35
0.48
0
0
0
0.01
0
0
0
0
0
4.85
3.58
0.36
0
0
0.01
0
0
0
0
0
0
0
0.55
0.65
4.08
0
0.32
0
3.67
2.47
0.41
0.04
2.69
0.91
0.74
0.58
1.13
0.29
0
0
0
0
0
0.38
0
0
0
5.83
6.12
12.45
13.48
9.01
3.32
0.16
0
0.01
0.01
0.01
0
0
0
0
0
0
0.76
8.16
11.89
6.25
4.92
1.63
1.31
0.2
7.85
7.2
3.57
4.6
0.23
0.37
5.11
1.67
0
0
0.02
0.32
0
0
0
0
0
0.16
0
0
0
0.21
0
0
0
0
0
0.18
0
0
0
0.01
0
0.61
0.98
0.09
1.26
0
0
0
0
0
0
0
0
0
0
0
8.46
2.6
0
0
0.3
0.56
0
0
0
0
0
0
0
0
5.1
0.58
0.05
0.01
0
0
1.16
1.19
0
0.01
0
0.87
0
0.03
0
0
0
0
0
0
0
0
0
0
0
0.73
0
2.52
0.6
0
0
0
0
0.01
0
0
0
0.01
0
0
0
0
0
0
0
0
0
0.01
0
0
0.28
0.05
0
0.05
0
0.01
0
0
0
0
0.02
0.55
2.42
1.82
4.28
2.34
1.76
0.37
3.8
6.63
5.75
0.23
0.01
0
0
0
0
0
0
0
4.33
3.03
3.13
7.17
6.23
4.3
17.59
9.88
2.49
0
0
0
0.02
0
0
0
0
0
0
0
0
0
0
0
0.01
0
0.44
0
0
0
0
0
0
0.72
0.03
0
0
0
0
0
0
0
0
0
0
0
0
0
0
0.43
9.01
11.51
4.86
10.76
11.43
10.87
5.13
0.54
0.29
0
0
0.09
0.16
0.31
0.41
4.15
1.53
7.88
7.05
2.42
2
3.41
0
0
0
0
0
0.2
0.3
0.17
0.11
0
0
0.16
0
0
0.5
1.97
1.85
0.43
1.68
0.46
1.65
1.12
3.02
8.91
2.17
1.02
0.57
2.04
0
0
0
0
6.29
5.93
2.8
1.88
4.68
2.05
0.38
0.2
5.99
0.03
0.01
0.02
0
0
0
0
0
0
0
1.52
0
0
0
0.01
0.01
0.01
2.98
10.02
1.62
1.34
0.84
0.04
0.01
0.26
0
0.11
0.54
9.66
5.04
10.96
3.08
2.77
2.26
3.79
0.61
1.81
1.2
0
0
0
11
1.38
4.12
0.04
0
0
0.01
5.5
5.56
3.46
0.7
1.58
2.32
0.77
0.02
0.02
3.47
1.02
0.33
0.59
3.64
0.02
1.09
2.49
4.34
4.63
12.41
5.27
0.96
1
4.07
8.33
0.94
0.09
0.13
0
0
0
0.73
0.55
0
0
0.55
1.7
2.33
0
0
0
0.01
0
0
0.02
0.09
3.85
3.89
0
0
0.06
0
0
0
0
0.25
0.5
0
0
0
0.15
0
0
0
0
0.11
8.2
10.88
15.16
0.82
0.2
7.67
3.93
0
0.18
0
0.76
5.56
0.26
0
3.29
0
0.12
0
0
0
6.25
7.78
1.59
0
0
0
0
0
0
7.16
13.69
1.25
0
0.01
0
0
0
0
0
0
0
0
0.03
0
0
0
0
0
0
0
0.02
0
0
0
0
0
0
0.04
0.02
0
0.02
0.03
0.01
0.7
1.22
0.26
14
8.3
0
0
0.01
0.15
0
0
0
0
0
0
0
0
0.01
0
0.01
0
0
0
0
0
0.02
0
0
0.46
0
0
0.09
0
0
0
0
0
0
0
0
0
0
0
0
0
0
0
0
0
0
0.14
0.23
0.01
0
0
1.18
2.54
0.96
0.04
0
0.01
3.52
4.9
0.39
0.01
0.03
0
1.97
0
0.15
0.71
0
0.01
0
0
0.01
0
0
0
0
0
0
0.36
0
0
0
0
0.65
0
0
0
15.8
5.44
14.37
9.65
1.59
2.27
0.1
1.38
11.38
0.19
0
0
0
0
0
0
0
0
0
0
0
0
0
0
0
0
0
0
0
0
0
0
0
0
0
0
0
0
2.72
6.07
1.2
0
0
0
0
0
0
0
0
0
0
0
0
0
0
0
0
0
0
0.43
2.39
4.58
4.16
9.66
1.83
0
1.38
2.87
0.09
1.47
0.75
0.07
0
0
0
0
0
0.3
0
0.01
0
0.17
8.97
15.57
2.48
3.33
6.98
2.36
4.44
0.84
1.07
2.39
0.81
0.24
0
0
0
0
0
0
0
0
0.72
0.33
0.21
0.48
6.81
4.96
1.93
0.16
0.24
0.19
0.24
2.14
0
1.8
6.31
1.13
0.27
0
0
1.76
4.16
2.3
4.42
0.77
0
0
0
0
0
0.05
0
0
10.23
1.35
0.36
0
0
0
5.79
1.46
0
0.06
0
0
0
0
0
0
0
0
0
0
24.36
15.66
1.44
0
27.34
9.46
7.6
3.93
4.02
0.93
0.23
0
0.02
0.48
0
0
0
0
0.1
0.76
0
0
8.04
2.73
0.3
0
0
0.31
0.33
4.71
3.69
15.09
8.1
4.27
6.31
0.14
0.1
0.56
4.74
7.58
3.48
0
1.05
3.77
7
2.55
0.36
0
0
0
0
3.92
2.73
4.02
0.49
0.21
0.14
0
2.8
7.97
5.64
0
0
1.34
0.09
0.12
0.45
0.24
0.16
0
0
0
0
0
0.02
0
0
0
0
0
0
0
0
0
0
0
0
0
0
0
0
0
0
0.09
0.02
0
0
0
0
0
0
0
0.01
0.02
0
0.47
2.2
0
0.52
0.2
0.33
0.04
0
0
0
0.02
0
2.41
18.19
3.19
0
0
0
0.02
1.42
0.66
1.27
0
0
0.01
0
0
0
0
0
0.16
0
0
0.68
0.45
0.26
4.64
6.71
14.52
1.55
1
0
0
0
0.86
6.6
3.69
0.63
0
0
0
0
0
0
0
0
0
0
0.25
3.22
3.09
0
0
0
0
0.01
0
0
0
0
0
0
0
0
0
1.73
0.78
0
0
0
0
0
0
0
0
0
0.59
0.29
0
0
0.29
1.34
1.11
0.05
0.01
0
0
0.01
0
0
0.25
0
0.14
2.06
0.01
0
0
0
0
0
0
0
0
0.12
0
0.59
2.73
0.42
0
0
4.91
0.37
0.38
3.05
3.29
0.64
0.17
0
0.02
0
0.07
0.59
4.63
11.27
9.31
3.12
7.71
0.82
3.14
0.24
0.02
0
0
0.05
0
0
0
0
0
0
0
0
0.43
0
0
0
0
0
0
0
0
0
0
0
0
0
0
0
0
0
0
0
0
0
0
0
0
0.49
0.76
0.7
1.28
5.8
6.82
6.96
1.63
2.19
9.48
7.99
2.29
0
0
0.05
0
0.63
0.69
0.01
0
0
0
0
4.18
6.72
4.98
1.66
0
0
0
0
0
0
0
0
0
0
0
0
0.06
0.35
0.02
3.58
2.45
0
0.31
0
3.29
1.87
0.02
1.66
0.13
0.02
0
0
0.11
0.02
0
0
0
0
0
0
0
0
0
0
0
0
13.56
21.33
9.78
2.46
0.09
0.02
0
0.03
0.19
1.08
0
0
1.43
1.67
10.29
9.62
4.04
1.2
0.45
4.64
0
0.71
0
2.06
1.67
1.13
0.13
0.83
0
0
0
0
0
0.01
0
0
14.01
8.49
2.48
0
2.73
0.73
0.24
0
0
0.05
0
0
0
0
0
0.12
1.64
0
2.31
11.32
4.58
0.99
0
0
0.05
0
0
0
0
0.04
2.56
1.23
0
0
0.01
0.02
2.36
1.06
1.91
4.09
0
3.86
4.6
2.03
1.49
0.39
0.55
2.38
1.36
2.27
0
3.31
0.24
1.22
1.32
13.02
7.77
4.97
0.67
0
0
0.13
5.6
3.67
0
0
0
0
1.84
0
1.49
0
0
2.28
0.96
0.06
0
8.64
1.76
0
0
0
0.02
1.76
0
0.23
0
0
0
0.01
0
0
0
0
0
0
2.77
7.11
0
0.01
0
0
0
0
5.29
1.42
0.43
8.37
0.36
5.11
14.13
7.13
2
0
0
0
0
0.12
0
0.02
0.1
0
0
0.48
0
0
7.07
1.51
0
0
0.01
0
0.02
0.05
0.21
0
0.85
0
0.69
5.15
4.21
14.77
2.59
0
4.33
4.27
0.61
1.25
0.69
0
0
0
0.01
0.02
12.93
19.37
13.87
2.05
5.32
0.87
0
0.13
3.25
1.79
1.93
0
0.04
0.16
8.92
1.91
0.31
6.46
2.85
0.04
0
0
3.31
2.09
0.17
0.44
0
4.62
0.84
8.79
8.9
5.09
5.31
0.98
0
0.02
0
0.01
0
0
0
0.06
0
0
0
0
0.13
0
0
0
0
0
0
0.5
2.62
0.14
3.94
11.92
2.02
0.18
0.07
0
0.29
0
0.02
0
0
0.21
3.13
9.17
20.95
3.72
0.12
0.09
0.15
3.26
5.53
1.09
0.34
0
4.81
14.46
22.41
5.57
9.3
1.52
0.12
0.32
2.68
0
0.2
0
4.91
5.05
1.75
3.72
4.43
0
0.05
0
0.66
0.41
20.25
6.15
6.25
2.07
0.89
2.07
3.28
8.66
7.26
0.83
3.37
3.9
0.68
4.59
8
1.96
0.24
0
0.04
0
0.83
3.66
8.09
2.39
6.02
0.77
0.03
0
1.28
4.35
6.84
5.75
3.67
2.63
6.05
4.07
1.59
0.76
0.84
0.14
0
0
0
0
0.23
0
0
0.01
0.04
1.1
7.32
3.33
0.2
0.01
0
0.01
0.01
0.07
3.36
0.55
0.27
18.23
7.63
5.52
0.01
0.1
0.2
4.02
0
0.07
0
0
0
0
0
0.1
0.18
1.44
0.21
0
0
0
0
0
0
1.95
4.77
2.56
0.41
0.03
0
0
0
0
0.06
0
0.4
0.02
0.65
1.91
5.61
0.99
0.89
0.76
2.94
4.07
0
0
0.41
0
0.01
0.11
4.16
1.41
0
0.13
4.59
0.16
1.23
2.17
0
1.41
3.06
1.52
1.77
0.36
0.85
0
0
3.96
10.75
9.56
5.46
5.76
3.03
0.18
0.04
0.17
0
0.09
2.98
2.68
1.86
14.12
4.73
0
0
0
0.82
0
4.91
0.09
0.97
2.91
0
0.01
0
0
0.12
0
0
0.11
0
0.13
0.02
0
0
1.21
0.95
0
2.84
0.03
0
0
0
1.11
7.04
9.59
0
0
0
0
0
1.04
4.91
3.19
1.64
0.46
0.11
0.81
0.21
0.26
0
0
0.13
15.41
3.51
0
0
0
0
0
0.01
0.02
0
0
0
0
0.27
0.74
0
0.8
4.16
1.9
0.03
0
0.17
0
0.06
0.89
0.54
0
0
0
0
0
0
0
0
0
0
0
0
0
0
0
0
0.01
0
0
0
11.34
1.06
0.01
0.42
0.19
0.79
2.04
2.21
0.11
0
0
0
0
0
0
0
0
1.15
16.9
7.27
5.69
8.52
1.09
0
0.01
0.05
0
0
0.23
3.79
23.1
4.64
5.7
2.22
7.75
0.64
0.15
1.77
0.13
0
0.01
0
0
0.45
0
0
0.02
0.27
0.12
0.14
0.86
0
0
0.12
0
0
0
0
0
0
0.05
1.7
1.74
9.43
3.07
0.01
0
0
0
0.05
0.87
3.17
5.07
13.63
4.76
0
1.64
5.53
5
2.06
22.23
11.12
0.9
1.72
0.07
1.89
0
0
0.57
3.97
0.11
0
1.79
4.52
5.02
1.66
0.98
0.02
0.01
0.6
0.17
7.91
5.54
0.98
0.19
0.79
0.64
0.19
0.02
0.02
0.63
0
0
0
0.34
1.39
1.64
1.83
3.86
4.82
2.46
0.89
0.79
1.7
1.11
5.79
1.71
0.2
0.4
0.87
0.02
0.37
12.19
2.26
0.17
0.33
0.23
1.63
1.82
0
0
0.27
0.47
1.53
5.46
5.7
2.88
0.05
0
0.73
3.7
4.17
1.73
1.31
6.18
1.38
0.25
0
6.3
7.28
18.31
7.08
14.38
8.21
4.73
13.25
13.04
1.93
0
0.3
0
0
0
0
0.15
7.27
0.93
0.01
0.96
0.96
1.8
0.41
0
0
0
0
0
0.04
0
0
0
0.28
2.32
0
0
4.15
0.45
0
11.17
4.88
0.74
0.91
0.31
0.58
0.98
3.63
1.29
0
0
0.03
0
0.76
0
0.13
0
0
0
1.13
1.37
13.65
15.82
3.32
3.38
5.71
2.03
1.71
0.52
6.65
7.29
3.54
0.27
0.04
0
0.01
0.09
0
0
0
0
0
0.02
0
0
0
3.18
8.54
9.09
14.51
6.74
0
0.77
0.22
4.63
6.88
3.2
0.5
0
0
0
0.19
0
0.19
0.2
0
8.05
4.28
0
0.01
0
0.88
0.55
1.3
0.36
2
3.27
5.33
1.86
0.01
0
0.01
0
0
0.06
0
0
0.18
0
0
0
0
0
0
0
0
0
0
0
0
0
0
0
0
0
0
0
0
0
0
0
0
0
0
0
0.01
0
0
0
0
0
0.01
0
0
0
0
0
0
0
0
0.32
0
0
0.02
0
0
0
0
0.02
0.01
0.02
0.41
0
0
0
0
0.1
0
0
0.01
0
0.04
2.54
10.37
1.27
0
0
0
0
0
0
0
0
0
0
0
0
0.14
0
0.11
0
0
0
0
0
0
0
0
0
0
0.06
0
0
0
0
0
0
0
0
0
0.01
0
2.41
1.7
0
0.46
0.26
0.48
0
0
0
0
0
0
0
0
0
0
0
0
0
0
0
0
0
0
0.16
0.21
4.46
0.34
1.23
0.52
0.11
0.01
0
0
0.01
0
0
0
0.02
0
0
0
0
0.02
0
0.3
0.02
0
0
0.91
9.8
8.2
1.83
0.45
1.46
9.12
7.76
2.42
0.77
3.94
2.95
5.33
2.31
3.92
1.83
0.09
0.36
1.16
1.34
1.16
0.78
1.62
5.41
14.04
5.52
4.4
1.34
0.29
5.12
2.76
0
1.61
7.81
1.34
0
2.05
4.64
1.8
0.23
0
0
0.55
0
0
0.04
0.13
2.85
15.82
14.5
2.84
4.77
3.21
0.03
0.4
1.48
12.58
23.35
7.81
0.85
0
0.25
1.43
10.56
0.68
3.31
5.3
2.88
5.64
1.96
8
9.3
10.88
5.43
6.43
5.45
1.2
0.3
0
0
0
0.01
0.04
0.02
0
0
0
0.05
0.3
2.87
0.98
0.03
0.13
0.02
0.06
0.18
4.92
3.32
0.63
0.3
0.16
0
0
3.09
0.76
3.43
3.63
6.75
6.21
3.15
2.29
1.52
1.69
1.84
9.95
4.85
1.94
0.79
0.52
0.02
0.15
0
0.13
1.24
6.43
4.58
0
0
1.51
7.43
4.57
2.1
0.18
10.07
15.69
2.47
0.7
0.28
0
0.1
0.05
0.15
0.26
0.01
0
0
0
0
0
0
0
0
0
0
0
0.34
2.97
0.2
1.83
2.45
0
0
0
0
0
0.02
0
0.17
0
0
0.01
0.01
0
0
0
0
0.59
0.34
1.54
5.37
15.5
23.34
5.77
0.84
0.04
0.09
2.39
0
0
3.01
6.41
1.98
0
0.01
0
0.14
0
0
0
0.02
0.02
0
0
0.02
0.02
0
0
1.96
6.44
12.2
1.01
1.28
3.99
0
3.61
2.46
0.46
0.79
0
0
0.25
2.06
6.21
2
0
0
0.26
1.46
0.06
0.02
0
0
0
0.79
0.03
0
0
0.02
0
0
0
0
0
0.02
0.01
0.03
0.09
0
0
0
0
0
0
0
0
0
0
0
0
0
0
0
0.01
0.01
0
0
0
0
0
0.29
0
0.09
0.28
4.19
1.5
0
0
0
1.97
2.77
0.79
0.23
0.09
0.43
0.15
0.93
11.64
7.32
3.48
0
1.23
7.18
14.1
6.05
0.38
0.12
0.26
0.01
0
0.05
0.01
0.02
0.01
0
0
0
0.45
0.27
0.02
11.01
1.27
0
16.85
9.04
0.99
7.1
13.59
11.96
13.31
4.8
0
0.01
0
0.68
3.94
2.62
1.54
1.91
5.98
11.31
5.98
1.89
0
0
0
0
0
0
0
0
0
0
0.01
0.54
0.13
0
1.97
6.08
12.37
2.64
0
0.27
0
0
0
0.01
0.01
0
0
0
0
0
0.02
0.01
0.02
0
0
0.02
0
0
0
0
0.82
0.34
0.19
0.03
0
0.05
0
0
0.08
0.04
0.04
0.76
0
0
0.08
1.38
9.88
6.38
0.5
0.34
0.14
0.07
0.25
0
0.01
0
0
0
0
0
0
2.67
2.55
1.11
0.99
0.01
0
0.02
0
1.95
0.04
0
1.59
0.63
0
0
0.13
0.24
0.66
0
0.04
0
0
0.51
1.66
0.32
0
0
0
0.02
0
0.13
0
2.92
1.33
0
0.01
0
0
2.27
0.43
0
0.09
2.09
2.06
2.81
6.43
1.39
0.08
3.87
7.28
4.08
0
0.29
0.45
0.48
5.99
3.32
1.72
0
0.03
0
0
0.01
0.13
0
0.13
0.29
0.87
0
0.01
4.37
6.51
5.42
11.86
7.13
1.29
0
0
0
1.69
0.05
0.07
1.09
0
0
0
0.01
0
0.02
0
0.05
0.18
0.22
0.11
0.05
0.05
0.5
10.37
3.25
0.31
2.31
2.8
0
0
0.01
0.01
0
0
0.01
0.11
0.45
5.45
4.4
1.98
0.38
1.96
11.84
11.84
11.66
8.12
0.45
0
0
0.06
0
21.88
0.63
0
0.37
0
0
0.02
0
0
0.23
0
0
1.2
8.81
4.57
1.57
1.13
0.19
0
0
0
0
0
0
0
0
4.32
11.57
2.04
0.55
7.33
15.8
11.65
4.6
0.01
0
0
0.02
0
0.02
0.02
0.01
0
0
0
0
0.01
0
0.02
5.59
0
0
0.01
0
0.02
0.01
0
0
0.19
0
0
0
0
0
0
0.38
0.02
0
0
0
0.03
0
0
0
0
0
0
0.01
0.01
0
0
0
0
0
0
0
0
0
0
0
0
0
0
0
1.42
0
0.01
0
2.2
0.15
0.02
0.04
5.82
2.85
0.38
0
0.14
0
0.09
0
0
0
0
0
0
0
3.46
0
0.25
3.8
2.54
0
0.02
0
0
0
0.01
0.22
0.33
1.14
2.14
2.05
0.54
0
0.59
0.02
0.87
0
2.93
4.93
0
0.77
0
0
0.15
0.87
0.19
0
0.95
1.38
0.74
0
0
0.03
0.99
1.34
9.46
10.32
1.88
0
0
0.36
0.05
0
2.11
10.1
3.13
1.71
0
0
0
0
0
0.06
2.94
1.63
3.12
1.26
2.9
3.16
36.73
6.45
1.91
2.94
5.07
0.77
0
0
0
0.29
0.71
0
0
0
0
0
0
0.64
1.44
0.27
0.13
0.16
0.73
0
0
0
0.02
0.01
0
0
0
0.28
0
0.01
0.14
0
0.36
1.23
0.12
0.21
0
0
1.88
0.07
0
0
0
0
0
0.38
0
0
0.01
0
0
0
0.06
0
0
0
0
0
0.06
0
0.15
2.05
0.85
0.07
0
0.11
0
0
0
0
0.05
0
0
0.09
0
0
0
0.07
0
0
0
0
0.07
0
0.08
0
0
0.05
0
2.64
14.06
2.63
2.72
0.49
0
0
0
0
0
0.7
0.43
0
0
0
0
0.01
1.52
2.3
1.26
0
0
0
0.03
0.44
0
0
0.78
0
0
0.1
0.91
0.01
0
0
0.48
0
0.03
0.23
0.26
0.71
0
0.02
0.01
0
0.21
5.28
6.92
4.43
2.2
0.23
0.72
5.14
2.25
0
0.04
1.27
0.04
0.15
3.53
11
3.01
14.5
6.03
0.67
2.36
1.63
0
0.09
0.04
0.2
1.96
10.83
5.53
2.02
4.02
0
10.4
2.29
0
0.35
0
0
0
0
0
0.1
7.14
11.06
9.7
6.67
10.63
0.56
0.01
0.04
0
0
0
0
0
0.07
0
0
0
1.88
7.45
0.07
0
0
2.42
5.93
2.06
0
0.03
0.45
0
0
0
0
0
0
0
0
0
0
0
0
0.02
0
0
0
0
0.01
0
0
0.07
0.95
1.11
1.05
2.01
4.16
0.7
0
4.73
0.26
0
0
0
0
0.01
0
0.14
0
0
0
0
0
0
0.09
0
0
0
0
0.01
0
0
0
0
0
0
0
0
0
0
6.22
2.2
1.34
0.26
0.5
1.38
3.09
0
0.01
0
0.12
0
0
0
0.59
0.01
0
0
0
0.3
0
0
0
0
0
0.07
0.02
0.76
6.7
0.02
0
0
0
0
0
0.05
0
0
4.74
1.8
0
0
0
0
0
0.02
0.56
1.21
0
0
2.57
5.01
1.55
0
6.49
5.9
3.49
0.3
0
0.16
3
0
0.91
0
0
0
0
0.69
0.72
0.01
0
0
0
0
0
0
0
0.22
0.02
0.35
1.24
0
0
0
0.13
0.28
0
0
0
0
0
0
0
0.01
0
0
0
0.02
0
0
0
0
0
0
0
0
0
0.02
0
0
0
0
0
0.01
0
0.01
0
0
0
0
0
0
0
0.04
0.04
0
0
0
0.05
0.52
0.89
0
0.02
0.02
1.34
0.18
2.11
8.92
1.23
1.27
6.05
12.49
4.31
5.34
1.28
1.11
10.09
13.77
21.04
7.4
11.43
6.91
0.37
0.01
0
0.02
0.01
0
0
0.01
0
1.62
7.26
0.76
0.39
0.07
2.15
6.17
0.87
0.75
0.13
0
0.02
0
0.06
0.21
0
0.02
0
0
0.03
0
0
0
0
0.13
0
0
0
0
0
0
0
0
0.02
6.5
2.34
13.97
3.98
0.37
2.98
1.68
0.09
4.44
0.55
0.16
2.75
2.99
0.54
0.96
0
0
0
0
0.02
0
0
0
0
0.03
0
0
0
0.05
0
0
0
0
0
0
0
0
0
0
0.06
0.09
0
0.01
0.19
3.05
2.37
13.55
5.12
0.44
0.37
3.88
1.8
1.06
0
0
0
0
0.24
0.2
0.67
0.36
0.62
5.55
10.46
15.6
5.68
0.14
0
0
0
0
0.01
0
0
1.16
0
0
0
0.33
0.57
0
0
0
0
0
0.28
0.1
0
0
0
0
13.2
16.66
0.49
0.16
0
0.32
0
0.05
0
0.67
1.51
5.41
9.65
11.7
8.27
7.4
1.48
0.41
8.33
19.98
0.95
0.02
0
0.1
5.74
2
1.81
0
0
0
0
0.28
0
0
0
0.02
0
0
0
0
0.03
0.04
0.7
0
0
0.43
1.04
0
1.63
26.81
1.62
1.43
0.14
4.47
1.52
0.01
0
0.18
0.04
0
0
0
0
0
0
0
0
0
0
0
0
0
0
0
0
2.89
7.1
0.57
0.44
0.25
1.36
0
0.01
0
0
0
0
0
0
0
0
0
0.63
0
0
0.01
0
0
0
0.03
2.14
0
0
0
0.66
0.27
0.01
0.03
0.02
0
0
0
0
0
0
0
0
0.04
5.16
1.31
0.1
0.01
0
1.91
0
1.42
0.19
8.81
1.54
0.02
0
0.02
2.37
17.63
0.82
0
0.08
4.38
0
0
0
0
0
0
0
0
0
0
0
0.04
0.08
5.96
0.2
0
0
2.05
10.45
1.59
3.58
0
4.22
0.57
0.98
0.01
0
0
0
0
0
0
0
0
0
0
0.32
19.8
25.58
5.18
0.26
0.01
0.43
1.5
2.3
0.51
0.67
0.08
0
0
0.01
0
0
0
0
0.09
7.89
4.5
1.8
0
0.34
0
0
0
0
0
0
0.05
0.13
0.25
0
0.37
0.1
4.33
1.23
0
0
0.02
0.43
0
0.28
2.25
0.87
0.01
0
0
0
0
0
0
0
0
0
0
0
0
0
0
0
0
0
0
0
0
0
0
0
0
0
0
0
0
0
0
0
0
0
0
0
0
0
0
0
0
0
0
0
0
0
0
0.01
1.67
0
0
0
0.09
0
0
0
0
0
0
0
0
0.07
0.32
0.21
0.22
8.05
1.55
0.24
0
0
0
0
0
0
0
0
0
0
0.01
0
0
0
0.1
0.05
0.01
0
0
0
0
0.26
0
0
0
0
0.35
0.47
0
0.01
0.04
0.67
0.32
0.11
0
0
0
0
0
0
0
0
0
0
0
0
0
0.47
4.36
5.57
1.36
7.59
1.2
7.11
3.61
12.3
1.58
1.16
0.35
0.52
0.93
7.13
0.7
0
0
0.03
0
0
0
0
0
0
0.81
0.84
1.15
1.49
1.02
4.92
0.26
0
0
0.01
0.5
0.03
0.01
0
0
0
0
0
0
0
0.07
0.01
0
0.27
0.01
0
0
0
0
0.22
0.15
0
0
0.01
0.01
0
0
0
0
0
0.08
7.77
1.27
3.25
3.01
0.93
0
0.1
0
0
0.12
1.64
11.56
0.69
1.79
1.78
0.21
0
0
0
0
0
0
0
0
0
0
0
0
0
0
0.01
0
0
0
0
0
0
0
0
0
0
0.07
0.05
2.09
20.55
0.98
0.12
0.13
5.9
0
0.01
0
0
0
0
0.01
0.99
0
0
0.01
0
0
10.2
1.27
0
0
2.98
6.71
0
0
0
20.14
6.6
0
0
0
0
0
0
0
0
0
0
0
0
0
0
0
0
0
0
0
0.01
0
0
0
0
0
0
0
2.25
0.54
0
0
0
0
0.01
0
0
0
0
0
0
0.9
1.49
0.33
0
0.05
0.02
0
0
0
0
0
0
0.01
0
0
0.42
2.19
5.03
0.23
0.01
0
0
0.76
1.77
5.94
3.34
0.63
0
7.66
0.91
0
0.02
0.5
6.73
4.28
7.18
15.82
1.12
2.93
13.3
3.59
0
0
0
0
0
0
0
0.02
0
0
0
0
0
0
0.01
0
0
0.34
0
0
0.38
0.41
4.77
7.48
2.32
3.61
13.86
5.12
11.98
3.98
1.88
1.09
0
0
0
0
0
0.02
0
0.01
0
0
0.02
0
0
0.44
2.14
5.36
0.77
0.02
0.03
0
0
0
0
0.02
0.13
1
1.19
7.63
4.95
1.25
0.89
1.52
0.25
1.38
0.29
0
0.62
1.07
1.12
1.3
0.71
0.02
0
0
0
0
0
0
0
0
0
0
0
0
0
0
0.05
0
0.2
0.11
1.88
0
0.13
0.22
0.58
16.18
13.9
0.7
0
0
0
0
0
0.02
0.02
0.04
0
0.01
0.12
0.15
4.64
5.13
10.36
5.6
2.25
1.18
8.1
12.45
4.71
1.3
1.73
10.11
0.66
0.7
0.21
10.67
0.95
0.61
10.8
0.7
0.93
3.3
0.27
0.03
0.09
0.09
0
0
0.02
0.3
1.55
1.24
6.66
2.92
0
0
0
0
0
0
0
0
0.19
2.08
0
0
0
1.84
4.12
5.77
3.05
0.87
0.07
7.24
3.31
2.71
4.41
0.05
0
0
0.14
21.59
14.45
1.25
4.7
11.5
5.51
0.91
7.77
7.05
4.05
0.54
3.81
0.14
2.42
0.47
2.34
1.94
0
0.01
0
1.54
14.76
19.01
0.81
0.45
0
0
0
0
0
0
0
0
0.01
0.16
6.7
4.23
0
0.02
0.41
0
0
0
0
0
0.02
0.02
0
0
0
0
0.02
0
0.11
0
0
0
0
0
0
0
0
0
0
0
0
0
0
0
0
0
0.01
0
0
0
0
0
0
0
0.19
0
0
0
0
0
0
0
0
0
0.01
0.01
0.51
0.26
0
0
0
0
0.01
0
0
1.62
1.57
1.24
0
0
0.02
0
0
0
0
0
0
0
0
0
0
0
0
0
0
0
0
0
0
0
0
0
0
0
0
0
0
0
0
0
0
0.01
0.16
10.26
3.64
0
1.7
3.89
3.23
3.78
0.23
0
0
0
0
0
0
0.01
0
0
0
0
0.02
0.05
7.93
2.53
0
0
0
0
0.55
6.3
1.07
0
0
0
0.02
1.23
2.45
0
11.53
2.2
7.1
19.24
22.97
3.66
7.8
0
7.52
28.43
6.77
9.02
0.98
0.74
5.02
0.79
0.3
0.24
0.14
0
0
0
0
0
0
1.76
15.8
1.88
0.16
1.14
0
0
0
0
0
0
0
0.03
0.75
0
0.03
0.85
0.01
0.01
0
0.08
0.56
0.23
0
0
0
0
0
0.04
0.02
0
0
0
0
0
0.93
5.16
7.18
0.98
0
0.12
0.05
0.01
0
0
0
0.12
0.8
3.06
5.12
1.81
1.43
11.73
15.37
9.23
5.15
1.13
8.76
2.14
0.16
0.16
0.02
0
0
0
0
0
0
0.01
0
2.11
5.67
8.96
10.71
9.91
0.71
2.13
1.79
0.14
3.93
9.25
1.68
0.7
0
1.51
1.04
0
0.17
1.38
0
0.06
0.43
2.43
1.03
0.1
0
0
0
0
0
0
0
0.03
0.23
0
0
0
0
0.02
0.7
5.46
1.78
3.35
2.32
0.04
0
0.03
0
0.38
0.01
0
0
0
0
0
0.5
4.7
4.16
3.46
3.57
6.98
0.88
0.25
0.38
0.41
0
0.34
0
0.34
0
0
0.02
2.5
17.56
7.52
4.17
6.4
1.13
0.3
1.04
0
0.01
0
0
0.42
6.12
2.27
4.91
0.97
0
0.03
0
0.14
0.47
1.22
1.62
1.13
10.64
5.69
0
0.23
0.61
0.01
0
1.15
2.73
1.11
0.04
0.07
1.69
0.62
0.17
0
0.54
17.16
4.59
0.22
1.12
0
0
0
0
0
0
0
0
0
0
0
0
0.01
0
0.85
0
0
0
0
0
4.2
0.73
0
0.08
0.2
0
0.04
2.42
0.94
0
0
0.03
0.01
0
0
0
0
0
0.61
0.07
1.68
0.13
0.04
0
0
0
0
0
0
0
0.1
0
0
0
0.01
0
2.7
4.86
0
0
0
0
0
0
0
0
0
0
0
0
0
0
0
0
0
0
0
0
0
0
0.05
0
0
0
0
0
0
0
0
0
0
0
0.01
0
0.25
0
0
0
0
0.02
0
0
0
0
0
0
0
0
0
0
0
0.55
0.12
0
0.12
0.76
0
0
0
0
0
0
0
0
0
0
0
0
0
0
0
0
0
0
0
0
0
0
0
0
0.06
0
0.48
0.01
0
0.01
0
0
0.01
0.58
4.08
5.23
9.68
2.09
1.09
0
0
0
0.45
0.59
1.49
0.77
0.03
0.46
0.32
0
0.01
0.01
0
0
0
0
0
9.59
13.19
2.45
0.01
0.01
0
0.01
0.01
0.1
0.94
7.81
0.96
2.35
3.16
0
1.09
0
0
0.02
0.02
0
0
0
0
0
0.01
0.47
5.67
7.01
7.48
3.08
0.91
11.46
10.38
4.36
1.77
2.65
4.23
3.37
2.76
0
1.25
0
4.46
0.33
0
0
0.02
0
0
0
0
0
0
0
0.01
0
0
0.01
0.01
0
0
0
0.05
3.38
10.43
2.01
0
0
0.32
1.97
5.21
0.61
0.19
4.05
1.33
0.28
0.32
0.09
4.66
18.27
11.32
8.02
8.37
7.84
4.77
2.88
10.07
2.46
0
0
5.03
1.03
0
0
4
5.68
1.96
0.15
0.18
0
0
2.95
1.3
0
1.05
0.14
4.22
3.93
0.8
0
0
0
1.23
0
0
0.04
0
0
0
0
0
0
0
0
0
0
0.43
12.24
1.62
0
5.88
10.07
2.57
1.01
0.26
3.63
4.57
0.62
0
1.73
2.32
0.63
0.59
1.14
0
0.23
5.54
1.47
1.45
10.88
7.71
8.32
2.15
0.8
0
0
0
0.04
0.26
1.67
6.11
3.46
0.01
0
0.01
0
0.07
0
1.65
0
0
0.18
0.01
0.01
0
0.04
0
1.23
0.09
0.02
4.62
0.43
0
0
0.02
0.02
0
0
0
0
0
0
0
0.01
0
0
0
0.01
0.01
0
0
0.16
0.39
0
0.25
6.97
0.26
0
0
0
0
1.07
0.01
0
0
0.02
0
0
0.61
0
0.25
0
0
0
0
0
0
0
0
0
0
0.26
0
0
0
0
0
0
0
0.04
0.36
2.04
0.04
0
0
0
0
0
0
0
0
0
0
0
0
0
0
0
0.01
0
0
0
0
0
0
0.01
0
0
0
0
0
0.01
0
0
0
0
0
5.34
10.15
0.65
0
0
0
0
0
0.84
0
0.16
0
18.11
3.27
0
0.02
0
0.14
3.95
11.48
1.08
4.54
0
3.82
4.03
0
0.02
0
0
0
0.02
0
0
0.04
0.72
0.57
2.33
6.1
3.45
0.16
0.06
0
4.2
5.11
1.71
5.49
8.52
2.18
3.94
3
0
0
0.01
0.1
2.93
8.98
1.53
0.03
0
0
0.01
0
0
0
0
0
0
0
0
0
0
0
0
0
0.23
7.54
11.58
4.41
0.73
1.22
1.21
0
0.01
1.27
0.78
0
0
0
0
1.12
0
0
0
0.01
0.01
0.01
0.01
0.18
0.01
0.11
5.12
1.12
0.01
0.02
0.09
11.14
5.41
0.34
0.16
0
0
0.01
0.06
2.59
0.54
0.23
0.14
0.05
0
0.33
0.35
0.02
0.03
0.04
0.01
0
0
0
0
0
0.04
0.61
22.7
13.32
0.99
11.38
11.03
2.04
1.09
0
0
0
0.22
0.07
0.2
2.44
1.09
0.04
2.34
7.01
5.77
4.95
11.37
6.57
0.23
0.35
7.3
1.26
0.05
0
0
0
0.01
0.21
7.13
10.35
1.09
0.06
0.01
0.25
15.43
8.76
2.03
0
0
0
0
0.22
6.04
4.37
0.79
0.3
0
0
0
0
0
0
0
0.01
0.14
0
0.01
0.22
0.39
0.57
0
0
0
0
0
0.01
0
0.14
0
0
1.52
3.23
0.77
0.03
0.37
0.01
0.11
0
0.05
6.94
6.98
11.98
6.16
2.18
13.95
11.14
0.74
0.16
0.01
0
0
0.02
0
0
0
0
0
0
0
0
1.09
3.7
1.8
0.01
0
0.04
0.1
0
0
0.08
0
0
0
0
0
0
0.14
0.17
0.97
0.05
0
0
0.43
4.61
3.38
0.86
0
0.01
0
8.34
13.5
0.34
0
0.05
0.38
0.38
0
0
0
0
0
0
0
0
0
0
0.05
0
0
0
0.16
0.09
0.73
0.43
0
0
0
0
0
0
0
0
0.01
0.73
0
0
1.05
0.48
1.18
0.09
0
0.84
1.1
0.48
8.2
10.03
1.34
0
0
8.16
14.11
15.73
11.15
0.2
0.01
0
0
0
0.01
0
0
0
1.34
25.68
1.63
0
0.02
2.72
0.07
0.07
0
0
0
0
0
0.2
0
0
0
0.27
0.01
0.01
0.01
0
0
0
0
0
0
0
0
0
0
0
0
0.01
2.05
0.62
0.39
1.08
0.15
0.01
0.4
0
0
0
0
0
0
0.05
0
0
0
0
0
0
0
0
0.17
0
4.36
2
0.02
0.56
1.17
3.53
1.33
0.02
0
1.2
0.36
12.38
1.71
3.02
4.77
8.44
0.54
0.03
0
13.52
17.25
4.89
0
0
0.51
0.21
0.82
0.25
0.01
1.77
7.36
3.44
16.5
10.74
8.55
0.54
0.03
4.04
0.69
0.59
0
0
0
0.64
0.96
0.44
0.26
2.7
26.77
3.65
1.44
0
0.03
0.2
0.21
0
0
0
0
0
0
0
0.02
0
0.73
0.59
0.3
0.31
0
0
0
0
1.36
6.67
11.88
9.52
4.75
1.41
0.12
0.46
1.91
8.41
22.47
6.98
4.49
2.2
1.38
0.22
0.63
0
0
0
0
0
0
0
0
0
0
0
0
0
9.92
1.37
0.26
0
0.53
3.26
0.35
0
0
0
0.05
9.97
4.09
8.37
7.43
9.21
4.91
9.84
0.69
0
0
0
0
0.7
0.37
2.5
3.27
5.19
0.8
6.51
2.77
0.14
0.84
0.14
0.15
0.4
0.24
5.71
0.88
0
0
0
0
0
0.38
0
0.24
4.84
3.53
0.16
0.04
0
0.02
0.01
0.91
0.04
0
0.02
0.05
0
0.01
0
0.03
0.09
1.15
0.06
0
0
0
0
0
0
0
0.04
0
0
0
0
0
0
0.05
1.42
0
0
0
0
0
0
0
0.31
0.23
0
0.21
7.89
8.77
22.35
3.27
3.27
0.86
1.09
0
7.09
10.59
4.51
0
0.03
6.46
1.48
2.42
2.87
1.6
1.52
0.01
1.18
0
2.63
20.24
11.55
0.38
0.42
0
0
3.05
0.28
2.16
8.81
2.84
1.42
0.96
4.55
6.89
8.77
5.45
9.58
3.87
2.39
1.63
4.21
0
0.97
0
1.22
0.07
0.51
0
10.7
2.49
0
0.64
0
0
0.53
0
0.36
0.01
8.54
0.72
0.67
0
0.91
40.27
30.39
1.41
1.48
1.5
4.89
3.55
4.85
4.05
8.26
0.97
0.01
0.29
3.94
0.84
7.87
2.82
0.07
6.77
7.42
0
11.85
12.2
0
0
1.14
2.04
1.95
0
0.66
0
0.73
0
0
0.27
0
0
0
0.12
0
0.55
0.57
0
0
0
4.37
0
0
0
0
0
0
0
0
0.01
0.01
0
0
0
0
0
0
0
0
0
0
0
0
0
0.01
0
0
0
0
0
0
0
0
0
0
0
0
0
0
0
0
0
0
0
0
0
0
0.02
0.2
0
0
0
0
0
0
0
0
0
0
0
0
0
0
0
0
0
0
0
0.2
1.98
1.13
0.09
0
0.04
0
0
0
0.01
0.13
0.8
2.01
0
0.7
13.33
15.48
23.32
7.34
6.96
1.81
0
0
0
0
0
0
0
0
0
0.34
0.19
0
0
0.14
0
0
0
0
2.51
0.73
0.62
0.13
7.22
4.65
0.59
0.35
0
0
0
0
0
0.01
0
0
0.01
0
0.17
0.13
0.05
0
0
13.84
5.34
0.63
0.02
0
0
0
0
0
0
0
0.01
0
0
0
0
0
0
0
0
0
0
0
0
0
0
0
0
0
0
0
0
0
0
0
0
0.58
5.22
0
0
0
0
0.03
0.01
0
0
0
0
0
0
0.38
0.3
0
0
0
0
0
0
0.03
0.03
0
0
0
0
0.02
0
0.09
0
0.02
3.55
2.52
2.87
0.94
0
0
0
0.09
0.03
0.02
0
0
0
0.2
0.05
2.26
10.87
11.09
5.04
2.82
2.16
0.13
0
0.13
0
0.05
0
0.53
3.84
1.9
0.38
0
0
0
0.03
0
0
1.7
4.61
0
0.02
0
0
0
0
0
0
0
0
4.43
0.07
7.68
4.67
0.38
3.93
5.72
5.68
2.77
2.1
4.64
1.39
1.65
0.4
2.14
2.7
2.95
1.62
0.05
0.56
0
0.06
3.23
1.66
3.11
9.65
7.41
15.24
16.69
1.23
2.34
0.13
0.34
0
0
0
0
0
0
0
0
2.63
0
0.02
0.08
1.17
4.26
0.78
0.49
0.01
0
3.16
0.41
0.03
7.97
5.73
12.43
21.43
1.92
4.09
4.6
4.71
10.43
11.16
10.55
2.92
2.54
0.23
0.15
0.05
0.95
0.18
0.13
0
0.41
0
0.01
2.2
13.66
4.62
2.26
6.34
7.63
1.47
0.09
0
0
0
0
0.01
0
0
0
0
0.26
0
0.01
0.81
0
0.03
0
0
0.01
0.22
0
0.02
0
0.01
0.01
0.01
0
0
0
0
1.13
0.03
0.3
0.43
0
0
0
0
0.04
5.84
0.21
0
0
0.18
0.05
0
0
0.01
0
0
0
0.55
0
0
0.03
0.01
0
0
0
0.04
0.09
0.25
0.04
0
0
0.4
0
0
0
0
0
2.28
0
0
0
1.04
7.09
2.14
2.47
6.34
4.69
1.2
0.8
0.09
0.34
0
0
0
0.21
0.78
0.04
0
0
0
0
0.01
0
0
0
0.12
0
0
0
0
0
0
0
0
0
0.33
0.05
0
0
0
0
0
0
1.23
0.09
24.14
4.12
0.01
0
1.29
0.48
0.01
0
0.47
0.32
1.27
0
0
0
0
0.01
0.46
0.46
0
0
0
0
0.01
0
0.11
0
0.01
0.34
1.9
1.25
3.91
6.33
5.24
18.86
8.53
7.3
10.02
3.97
1.22
5.07
7.85
11.34
2.52
3.84
2.73
3.96
0.64
2.31
1.31
3.79
3.07
3.13
3.71
5.77
1.3
0.77
8.34
4.47
1.88
0.84
11.57
16.01
7.34
0.63
0.62
3.89
0.77
0
0
5.16
7.11
0.99
0.27
0.23
0.26
0
3.88
3.02
5.98
0.49
0
0.01
0
0.41
0.98
0.65
1.23
0
0
0.36
0.63
0.01
0.02
0
0
0
0
0
0
0.73
0.89
0.12
3.43
4.49
2.71
1.07
3.92
0.38
0
0
0
0
0.04
0
0
0
0
0
0
0.2
0
0
0
0
0
0
0
0.08
0
0
0
0
0
0
0
0
0.05
0
0
0
0.23
0.26
3.51
0
0
1.29
0.06
0.01
0.01
0
0
0.29
0
0
0
0
0
4.48
1.85
0
0
0.4
0
0
0
0
3.13
2.58
0
3.94
9.68
5.42
1.52
4.78
0.59
0
0
0
0.36
0
0
0
0
0
0.02
1.11
0.07
0.22
1.53
0.99
4.53
2.89
0.2
0
0.68
0.21
0.3
0.03
0.01
0
0
0.34
0
0
0
0
0
4.89
0
0
0
0.67
0.1
1.33
2.2
2.84
0.86
0.01
0.06
0
0
0.29
0.57
0
0
0
0
0
0.01
0
0.11
0
0.36
0.01
0
0.01
0.43
0
0.64
3.29
2.17
0.02
0.18
0
0.02
0
0
0
1.04
0
0.01
0.69
0
0.32
0
0.02
0
0
0
0
0.01
0.01
0.03
0
0.01
0
0
0
0
0
0
0.75
0
0
0
0
0.06
0.59
0.49
0.72
0.42
0.07
0
0.39
6.22
0.64
0.33
0
0
2.38
1.02
0
0
0.01
0.1
0.09
0
3.59
0
0.21
0.39
0
0
0
2.63
0
1.2
23.07
1.84
0.83
0.22
1.73
0
0.01
0
0
0
0
0
0.03
0.39
1.55
0
0
0
3.34
32.87
7.34
0
0
0
0
0
0.03
13.17
1.31
0
1.07
0
0
0.01
0.03
0.57
3.18
0.83
0
0.25
3.29
0.09
1
1.5
0
0
0
0
3.07
0
0
0.45
0.02
0
0
1.33
2.11
1.38
2.42
9.94
0.2
1.54
9.37
24.78
10.31
3.67
0
0.2
2.1
3.22
0
1.18
2.86
0.26
0.95
0.02
0.54
0.67
0.15
11.73
17.46
4.69
0.71
0
0.34
0.66
1.18
0.01
0
0
0.95
0.7
0.55
4.38
0.54
3.73
9.01
1.09
0
0.13
0.02
0
0.04
0.03
0
0.01
0
0
0
0.96
10.41
1.34
0.63
0
0
0.01
0
0
0.02
0
0.05
0
0
0
0
0
0
2.23
0.05
1.05
0.16
0.6
0.17
0.24
0.02
0
0
0
0
0.46
4.13
0.39
0
0.61
0.52
1.13
0
0
0.07
0.33
0.62
0.06
0
0
0.02
0
0
0.01
0
0.19
0
0
0.72
0.01
0.19
4.33
6.76
0.12
0
1.13
0.53
2.24
1.48
1.05
1.23
0
0.37
0.28
0.49
0.02
9.59
1.27
11.23
0.7
0
0
0
0
0.37
0
0.54
1.97
14.41
2.06
1.62
2.66
0
7.3
8.41
6.96
1.98
1.87
2.06
1.51
2.65
1.83
0.77
0.48
2.31
3.64
0.08
0.23
0
0.33
0
0.06
0
0.59
4.94
0.88
0.01
0
0.16
0
0
0.8
2.66
3.98
0.12
0
0
0
0
0
0.08
4.08
1.57
9.95
20.15
1.61
1.07
0
0.4
0.25
0.01
0
0
0.99
1.03
0.21
0
0.1
0
0
0.27
0
0
0.05
1.06
0
0.1
1.05
0
0
0
0
0
0
0
0
0
0
0
0
0
0
0
0
0
0
0
0.02
0.99
2.06
3.28
4.55
0.7
0.14
0
0
0
0
0
0
0
0
0
0
1.43
7.93
0.02
0.01
0
0.03
0
0.01
0
0
0.01
0
0
0
0
0
0
2.3
0
0.6
0
0
0.01
0
0.29
0
0
0
0
0.02
0
0
0
0
0
0
5.55
0.09
0
0
0
0
0
0
0.2
0
0
0
0
0
0
0
0
0
0
0
0
0
0
0
0
0
0
0.01
0
0.05
0
0
0
0
0
0.07
0.05
0.56
1.18
0.79
0
0
0
0
0.14
12.74
14.89
18.27
0.27
0.12
0.02
0.01
0.03
0.41
0
0.01
0
0
0.01
0.08
0
0.23
2.23
17.77
1.11
0.04
0.07
0
0.62
0
11.7
2.75
1.61
0.11
0
0
0.02
0.01
0.02
0
0
19.85
21.75
9.28
2.51
1.95
1.16
1.61
0.02
0
0.01
0
0
0
0.09
0.13
0.46
12.32
6.17
1.45
0.57
0.01
0
0
0
0.02
2.19
2.37
0
0
0
0
0
0
0
0.16
2.51
1.16
3.18
0
0.01
0.63
1.06
0
0
0.01
0
2.34
0.75
0
0.38
0.79
17.64
5.26
3.88
4.22
0
0
0.02
0
0
0.02
0
0
0
0.05
0.18
5.77
1.62
0.3
0.01
0
0
0.01
0
0
0
0
0
0
0
0
0
0
0
0
0
0
0
0
0.01
0.61
3.42
2.23
0
0
0.01
0.01
0
0
0
0
0
0
0
0.01
0.11
0
0
0
0
0
0
0
0
0
0
0
0
0
0
0
0
0
0
0
0
2.11
0
0.01
0.02
0
0.07
9.68
2.69
0.41
0
0
0
2.54
2.56
0.36
0
0
0.12
3.27
0.48
0
0
0.02
0
0
0
0
0
0
0
0
0
0
0
0
0.02
0
0
0
0
0.97
0
0
1.34
0.05
0.07
0.01
10.28
3.04
3.86
12.41
8.34
5.66
0.18
2.18
1.23
0.21
0
0
0
0
0
0.02
0.01
0
0
0
0
0
0
0
0
0
0
0
0
0
0
0
15.46
2.99
0.98
0
0
4.59
0.04
0.01
0
0
0
0
0
0.05
0
0
0
2.25
1.21
3.71
1.12
0.48
4.97
0.25
0
0
0.08
7.09
19
19.83
3
2.61
0.9
0.18
0
0
0
0.08
1.45
1.72
0.19
0.11
2.89
12.48
3.63
11.82
3.7
0
0.05
0
0
4.07
15.04
0.05
0.2
0.02
0
0
0.01
0.01
0
0
0
0
0
0
0
0
0.01
0.01
0.04
0
0
0
0
0.78
0.27
0.02
0
0
0.42
0
0
0.38
0
1.48
0.49
0.05
0
11.73
8.39
0
1.61
4.96
0
0
0.5
0.93
2.1
0
0.02
0
0
0
0
0
0.13
0
0
0
8.05
0.37
0
0
0.11
0.01
0.66
0.01
0
0.17
0
0
0.2
0
0
0
0
0
0
0
0.07
0
0
0
0
0
0
0
0.04
0
0
0
0
0
0
0
0
14.23
9.36
3.5
0.09
0
0.01
0
0.02
0
0
1.02
0
0.03
5.43
5.39
8.24
8.13
6.21
0.13
1.08
4.12
16.15
2.9
13.27
13.19
0.34
0.13
0.21
0.02
0.03
1.05
0.7
3.09
0.46
6.99
8.37
1.86
0.02
0.1
0
0
0.03
0
0
0
0
0.02
0
0
0
0
2.38
0
0
0
0
0
0
0
0
0
0
0
0
0
0
0
0.71
1.06
0.3
11.16
0.16
7.91
1.91
0.73
0
0
0
0
0
0.61
5.77
3.99
0.26
0.21
0
0.11
0.06
0.14
2.72
1.83
0.39
0.58
0.09
0
0.01
0
0
0
0
0.07
0
0
0
0
0
0
0
0.01
0.26
0.04
0
0
0
0
0
0
0
0
0
0
0
0
0
0
0.09
0
0.35
0.27
0
0
0.16
1.29
0
0.43
0
0
0.63
3.94
2.71
0
0.17
0
0
0
0
0
0
0
0
0
0
0
0.06
1.72
0.34
0.14
1.27
1.07
0.71
0
0
0
0
0
0.01
1.55
0.97
0.33
3.09
4.23
0.3
0
0.15
0
0
0.37
0.07
0
3.97
2.41
0.3
0
0
0
0
0
0.01
0
0
0
0.04
0
0
0
0
0
0.02
2.55
1.8
0
1.01
0.29
0.19
0
0
0
0
1.3
0
2.63
15.19
9.72
5.06
7.25
0.88
3.32
0.59
6.13
0.71
0.67
0.67
0.17
0.4
0.66
0
8.92
5.89
1.42
3.31
6.97
0.91
0
0.8
10.2
3.13
0.91
0
0
0
10.27
16.1
12.32
7.52
1.83
0.54
0.2
0
0
0
0
0.01
0.52
10.46
3.8
5.45
3
12.2
0.7
0
0
0.07
0.21
0.14
0
0.13
0
0
0
0.05
1.07
0.28
0.2
0.29
0
0
0.01
0
0
3.81
0.3
0.53
0
0
0
0
0
0
0
0.04
0
0
0
0
0
0
0
0
0
0
0
0
0
0
0
0
0
0
0
0
0
0
0
0.95
0.85
1.04
0
0
0
0.16
0.07
0.01
0
0
0
0
0
0
0
0.01
0
0.01
1.69
2.23
0
0
0
0.12
0
0
0
0.01
0
0.02
0
0
1.45
3.49
3.44
0.01
0
0
0
0
0.02
1.07
0
0.02
0
0.02
0.07
17.76
5.26
1.21
1.02
0
0
0.04
0.03
8.23
0.2
2.89
0.43
0.22
6.77
9.05
3.08
3.43
4.15
17.98
6.66
12.7
6.75
4.05
1.02
3.85
3.39
3.46
0
0.26
0.49
0
0.35
0.5
0.64
1.96
11.28
15.27
0
0.28
1.08
7.09
1.64
3.82
9.27
2.54
4.22
2.94
1
0
0
0.05
0
0
0
0
0
0.5
0.14
0
0
0
0
0
0.23
0
0
0.71
0.72
4.64
0.45
6.31
0
0
0
0
0
0
0.01
0
0
0
0
0.01
0
0.47
0.07
0.03
0.01
0
0.03
0.05
0
0.05
0.05
0
0
0
1.68
0.04
0
0.55
0.77
0
0.73
2.9
0.3
6.68
9.77
1.25
5.88
10.1
1.53
0.3
0.35
0
0.39
0.41
0
0
0
0
0
0
0
0
0
0.3
0.36
0
0
0
0
0
0.01
3.2
7.72
1.28
0.81
0.69
1.91
0
0
0
0.02
0
0
0
0.1
0.45
0.39
0.5
2.37
0.48
0
1.53
0.24
0.05
0
2.49
5.07
3.52
0.34
0.38
0
0
0.02
0.01
0
0
0
0
0.03
0
0
0
0
0.22
0.37
0.3
0
0
0
0
0
0
0
0
0
0.15
0.3
0.46
0
0.02
0
0
0.25
0.74
0.5
0
1.4
0
0.01
0
0
0
0.08
3.85
3.2
0
1.32
6.68
1.18
0
0.63
5.07
2.83
0
0
0
0
0
0
0
0
0.17
0.53
0.02
0
3.34
0.88
0.02
0
0.16
0
2.79
0.66
7.71
5.95
2.19
0.43
3.09
0.41
0
0
1.13
0
0
0
0
0
0
0
0
0.58
0
0
0
0
0
0.38
1.55
0
0
0
0
0
0
0
0
0
0.01
0
0
0
0
0
0
0
0
0
0
0
0
0
0
0
0
0
0
0
0
0
0
0
0
0
0.01
0
0
0
0
0
0
0
0
0
0
0.02
0
0.02
0
0.79
0.19
0
0
0
0
0
0
0
0
0
0
0
0
0
0.21
0.16
0
0
0
0
0
0
0
0
0
0
0
0
0
0
0
0
0
0
0
0
0.01
0.02
0
0.03
0
0
0
0
0.22
0.47
0.55
0
0
0
0
0
0.25
0.39
0.89
6.67
0.04
0.09
0
0
5.51
2.61
1.77
3.76
2.23
0
2.13
4.8
0
0.77
0.7
7.72
1.57
1.05
0.01
0
14.8
8.35
2.25
0.95
3.29
4.02
3.43
0
6.54
0
0.29
2.49
0.84
11.59
0.7
0
0
0.47
0
0
14.87
10.02
2.71
9.01
2.76
7.52
2.25
0.69
1.14
5.76
0.75
0
0
0
0
0
0
0
0
0
0
0
0
0
0
0.24
0.16
0
0.39
0.25
0.26
0
0.83
0.75
3.14
0
0.39
0.05
0
0.05
0.16
0
0.02
0.03
0.02
0.83
0.26
0.08
0
0
0
0
0
0
0
0.01
0.15
0
6.31
2.87
0.02
0.13
0
0.26
0
0
0
0
0
0
0
0
0
0
0
4.99
2.48
0.45
1.5
0.13
0
0
0.52
0.12
0
0
0.08
0.99
0
0
0
0
0
0
0
0
0
0.52
0.81
0.27
0
21.76
3.58
0
0
0
3.82
0.07
0
0
0
0
0
0.02
0.79
0
0
0.14
0.01
0
0.36
0.19
0.76
0
0.01
0
0
0.87
0.01
0
0
0
0
0
0
0
0
0
0
0
0.01
0
0
0
0
0
0
0
0
0
0
0
0
0
0
0
0
0
0
0
0
0
0
0
0
0
0.01
0
0.25
4.34
7.08
2.48
3.18
1.51
0.14
3.61
2.3
0.02
0
0
6.67
1.62
0.5
0
0.01
2.38
14.13
5.32
5.02
8.56
0.56
0
0.38
0.01
0.12
0.01
0.66
0
0
0
0
0
0
0.01
0
0
0
0.02
0
0
0
0
0
0.01
3.3
1.61
4.1
5.27
9.77
2.49
0.02
0.01
0.05
0
0
0
0.02
0
0
0.32
0.01
0
0
45.48
10.42
1.2
2.6
7.96
0
0
0.05
0.03
0
0
0
0.01
0
0
0.33
0.34
0.11
0
0
0
0
0
0
0
0
0
0
0
0
0
0
0
0
0.01
0
0
0.02
0
0
0
0
0
0
0
0.57
33.52
3.62
0.53
0
0.01
0
0.06
0
0.01
0
0
2.05
5.64
0.53
7.18
0
0
0
0
0.01
0.01
0
0
0.01
0.31
0
0
0.14
0
0
0.01
0
0
0
0.03
0
0
0
0.02
0
6.32
0.86
0.05
0
0.03
0
0
0
0
0
0
0
0
0
0
0
0.37
0.09
0
0
0
0.02
0.01
0
0.1
0
3.94
0.53
0
0
0
0.56
0
0.01
0.02
0.09
1.97
0.05
0
0.02
0.03
0
0
0.02
0
0
0
0
0
0
0.01
0
1.12
17.39
23.84
7.63
0
1.85
5.1
13.55
3.66
1.53
0.25
0
0.1
0
0.11
0.13
7.26
0.76
2.08
0.21
0.01
3.38
0.01
0.05
0.12
8.27
0.13
1.74
5.01
2.64
0.43
0.48
0.09
0.02
0
0
15.8
1.62
0.21
0.16
0.2
0.09
0.45
8.3
1.65
2.07
8.11
2.29
6.96
2.84
8.01
11.9
13.38
4.9
0.73
0.88
8.2
6.51
8.74
0.82
10.65
4.33
1.22
8.77
0.56
0
0.07
0.05
0.07
0.09
0.1
2.46
0.97
7.46
4.34
18.6
5.44
0.42
2.43
2.43
7.24
2.06
0
7.09
12.01
1.11
0.13
0.6
6.61
0.19
0
0.06
0.06
0.08
0.06
0
2.09
0.91
0
0.01
0
0
1.61
0.14
0.13
0
0
0
0.41
7.63
0.55
0
0
0
0
0
0
0
0
0
0
0.03
0
0
0.08
4.66
2.23
0.68
0.01
0.05
0.1
3.25
0.24
0
0.01
0.17
0.02
0
2.73
0.1
0
4.47
7.87
6.51
6.38
0.31
0
0
0.02
1.88
2.15
0.26
0
0
0
0
0
0
0
0
0
0
0
0
0
8.99
0.39
0
0
0
0
0.56
1.88
0.75
1.07
2.16
0.01
0
2.08
21.21
6.06
0.05
4.64
27.23
17.7
0.71
0
0
0.77
0.84
9.52
7.94
6.15
0.95
0
0
0
0
0
0
0
0
0
0
3.46
0.49
0
0
0
0
0
0
0
0.06
1.59
0.05
0.08
0
0
0.42
0.33
6.36
0.47
0.78
0.15
0.01
0
0
0
0
0
0
0
0
0
0
0
0
0
0
0
0
0
0
0
0
0
0
0.41
0
0.04
0
0
0.08
0.01
0
0
0.19
1.01
0
5.08
0.11
0.01
0
0
0
0
0.01
0
0.48
0
0
1.35
0
0
0
0
0.25
18.66
0.16
4.39
1.34
0
0
0
0.04
0
0
0
0
0
0
0
0.23
2.08
0
0
0.01
0
0
0
0
0
0
1.2
0
0.79
3.56
0.13
0.16
0.01
0.03
0
1
0.86
2.25
10.57
3.12
0
0.01
0
0
0
0
0
0
0.02
0
0
0
0
0.01
0
0
0
0
0
0
0
12.09
0.95
0.75
0
0.46
0.04
0
0.05
0
0
0
0
0
0
0
0
0
0
0
0
0
0.13
2.46
0.45
0.03
0
0.11
0
16.13
29.3
11.28
9.48
2.47
0.13
5.73
1.14
1.43
2.46
0
0
1.35
1.05
0.03
0
0
0
0
0
0.01
0.01
0
0
14.68
8.71
2.7
0.78
0.09
0.27
0.94
14.58
17.04
14.11
2.36
0
0.34
4.13
8.85
9.16
15.1
12.2
4.77
8.43
6.81
1.79
0
0.18
1.29
11.68
1.57
15.48
0.36
10.04
3.62
1.81
12.34
4.41
13.24
17.4
0.87
0.14
0.04
0.05
0.05
0.09
3.3
10.74
2.06
12.33
20.53
13.13
4.64
6.72
1.57
0.41
0.59
0.26
0
0
0
0
0
0
3.7
0.89
0.28
0
0
0
0
0
0
0
0.02
0.12
0.05
0
0
0
0
0
0
0
2.07
0.36
0.14
0
0
0
0
0
0.01
0.03
0
0
0
0
0
0
0
0
0
0
0
0
0
0
0
0
0
0
0
0
0
0
0
0
0
0
0
0
0
0.1
0.07
0
0.01
0
1.32
0.02
0
0
0
0
0
0
0
1.04
6.52
11.48
12.72
4.24
0.72
0.05
0
0.01
0
0
0
0.02
0.01
0
0
0
0.27
0.24
1.38
1.13
2.58
0
0.03
0
0
1.89
3.37
3.73
6.69
11.65
2.82
0
0.03
0
0
0
4.8
5.43
4.43
0.11
0.05
0
1.48
9.99
5.84
2.87
0.57
7.34
16
2.15
0
0
0
0
0
0
0
0
0
0
0
1.52
0
0.03
0
0
0
0
0
0
0
0.04
0.76
0.25
0
13.29
9.62
0
0
0
0
0.02
0.49
2.02
1.04
0
0
0
0.66
0.21
0.33
0.04
0
0
0
1.15
1.97
9.8
0.8
0
0
2.18
0
0
0
0
0
0
1.59
0.27
0
0.03
0.5
10.74
0
7.55
0.58
0
0.14
0.02
0.06
0
0.04
0.16
0.01
0
0.04
0.04
0
0
10.23
0.85
1.34
0
0
0.01
0
0
0
0
0
0
0
0
0.28
0
0
0
0
0
0.41
2.16
1.46
0
0.09
0.25
0.52
0
0.01
1.9
4.27
1.98
3.16
0.02
0.79
0
0.84
0
0
0.08
0
0.65
1.22
0.01
0.02
0
0
0
0
0
0
0
0
0
0
0.3
1.73
2.5
3.17
2.31
0.06
0.62
1.88
5.85
4.77
0.01
0
0
0.01
10.47
9.58
6.39
27.81
10.23
2.4
4.95
2.88
7.16
9.53
1.61
10.8
0.55
0.01
0.05
1.04
9.86
2.42
1.93
22.48
6.16
0.2
1.48
8.59
1.27
0.05
2.16
0.07
0
0
0
0
16.18
0
0
0
1.66
0
0.39
3.77
2.41
0
0
7.83
11.8
24.23
5.34
1.95
0.19
2.98
6.89
0.35
0.05
2.06
0.76
0.13
1
2.14
2.32
8.01
0
0.13
0
0.53
0.13
0.17
0.02
0
0
0
0.17
3.37
1.74
0
0
0
0
0.05
0
0
0
0
0
0
0.89
4.19
0.17
0.94
3.88
0.2
1.42
1.91
18.85
2.96
4.91
0.04
0
0
0.6
1.88
0.06
0
0
0
0
0
0
0
0
0
0.22
3.13
0.47
0
0
0
0
0
0
0
0
0.01
0
0
0
0
0
0
0
0
0
0.09
0
0
0
0
0
0
0
0
0.2
0.71
0.36
0.07
0
0
0
7.41
1.02
3.85
0
0.55
2.15
1.1
3.82
1.39
0.44
0
4.18
3.09
2.08
0.2
0.13
10.39
2.54
4.64
0.1
0
0
0
0.2
2.95
0.06
0
0
2.64
0.09
8.91
6.23
4.15
0.59
3.25
1.68
0.69
0.25
0.17
0
0.01
0
8.33
11.91
2.29
6.27
10.63
5.81
0.91
0.27
0.38
7.98
4
0.45
3.03
1.48
6.4
0
5.71
18.55
0.79
12.21
1.72
2.77
0.62
0.3
0.3
0
3.29
0
0
0
0
0
0
0
0
0
0
0
0
0
0
0
0
0
0
0
0
0
0
0
0
3.74
2.11
0.43
0
0
0
0
0
0
0
0
0
0
0.11
0
0
0
0
0.01
0
0
0
0
0
0
0
0
0
0
0
0
0
2.62
1.02
0
0
0
0.01
0
0
0
0
0
0.23
0
0
5.2
3.3
0
0.75
4.63
0.26
0
0
0
0.01
0.02
0
3.5
0
0
0
0
0
0.04
0
0
0
0
0
0
0
0.04
0.02
0.01
0
0
0
0.02
0
0
0.53
0.24
3.93
12.33
0.61
5.2
9.16
6.21
0.55
6.34
1.48
0.86
0.07
0.41
1.77
5.29
10.56
2.13
0.05
0.97
1.03
0.04
0
0
0
0
0
0
0
0
0
0
0
0
0
0.01
0.38
0
0
0.01
0
0
0
0.24
0.54
11.45
9.87
0.13
0.07
0
0
0.01
0.3
0.05
0
0
0.04
0
0
0
0
0
0
0
0
0
0
0.3
0
0
0
0
0
0
0.06
0.21
0
0.01
0.01
0.06
0.04
0
0.32
0.25
0
0
0.03
0
0
0.02
0
0
0.27
0
0
0
0
0
0
0.01
0.1
8.59
11.59
2.44
0.25
0.01
0
0
0.01
0
0.13
1
1.81
0
0
0.01
0
0
0
4.36
2.34
0
0
0.28
0.69
3.04
0.41
0
0
0
0
0
0
0
0
0
0
0
0
0
0.03
0
0.71
5.66
0.07
0
0
0
0.01
0
0
0
0
0
0
0
0
0
11.11
5.45
0.55
0.28
0
0.04
0.3
1.56
0.04
0
0
0
0
0
0.19
15.94
5.88
0.18
0.97
3.46
0.01
0.02
0
0
0
0
0
0
6.38
6.42
2.12
1.54
0.22
0
0
0
0.45
0
0
0
0
0
0
0
0
0
0.02
0.07
0.01
1.01
1.21
6.45
1.81
0.06
0
0.21
0.35
0
0
0
1.35
7.11
18.97
9.29
4.6
1.74
8.53
3.02
2.43
0.12
0.86
3.8
5.71
0.2
0.02
0
0
0
0
0.08
0.01
1.31
4.37
8.48
2.83
0.24
0
0
0
0.02
0
0
0
0
0
0
1.78
11.44
0.57
0
0
0
0
0.04
3.8
3.24
0.37
0
0.74
22.41
0.79
0
0.54
0
0
0.01
0
0
1.15
0
0
0
0.2
0.04
0
0
0.16
0.02
0
0
0.6
0
0
0
0
0
0
0.3
0.92
1.21
0
0
0.09
0
0
0.02
0.01
0
0
0
0
0
10.89
4.91
0.52
0
0
0
0
0
0
0
0
0
2.44
0
0
0
0
0.19
0
0
0
0
0
0.15
2.16
0
0
0
0
0.27
0.96
0
0
0
0
0
1.64
5.83
0
0
6.66
1.56
1.43
1.64
0.56
0
0
0
0.03
0.43
2.71
0
0.12
0
10.11
27.72
1.75
0
0
0
2.4
5.42
0.06
0
0
0
0
0
0
0
0
1.11
4.68
5.64
0
0
0
4.55
10.34
2.04
0.05
0
0.29
12.8
4.3
15.54
12.9
9.81
11.7
18.16
8.2
2.93
16.36
6.51
1.39
0.38
0.27
0
0.09
0.08
0
0
0
0
0
0.03
0
0.19
21.8
10.28
1.37
3.11
1.59
0
0.08
0
0
1.38
0.66
0.08
0
0
0
0
0
0
0.11
0
0
0
0.03
0.58
0
0.24
0.01
0.1
5.04
0.08
0.02
0
0.25
4.37
1.32
0.43
0.05
0
0.37
0.02
0
0
0.02
0.22
0
0
0.88
4.29
7.39
1.03
0.04
0
0
0
0
0
0
0
0.15
1.67
0.52
0
0
3.27
6.52
0.81
0.45
0.48
0
0
0
0
0
0
0
0.03
0
0
0
0
0
0.23
1.23
0.02
0
0
0
0
0
0
0.01
0
0
0
0
0
0
0
0
0
0
0
0
0
0
0
0
0
0
0
0
0
0
0
0
0
0
0
0
0
0
0
0
0
0
0
0
0.01
0.01
0
7.08
2.77
5.86
3.29
0.66
0.73
0.15
0.17
0.13
0
5.1
2.3
2.65
8.53
4.02
1.72
0.36
0
2.55
5.77
3.33
5.03
0.79
0
2.56
8.7
19.08
11.23
0
5.23
2.13
0
0
8.54
0.43
0.02
0.88
3.36
10.25
0.61
0.14
0.33
0.93
0.34
1
4.22
1.93
8.84
13.04
3.64
0.98
1.47
1.28
0
0
0
0
2.54
8.9
0
0
1.09
3.62
2.42
1.27
0.56
0.08
4.84
0
0
0
0
0.01
2.13
0.2
4.67
13.91
0.25
0
0
0
0
0
0.01
0
0
0
0
0
0
0
0
0
0
0
0
0
0
0.84
1.23
0
0
0
0
0
0
0
0
0.06
0
0
0
0.28
0
0.01
0
0.04
0
0
4.16
0.54
0
0
0
0
0
0.03
0.13
0
0
0
0
0
0
0
0
0
0
0
0
0
0
0
0.01
2.11
0
0
0
0.01
0
0
0
0
0
0
0
0
0
0
0.01
0
0
1.2
0.14
0
0
0
0
0
0
0
0
0
0
0
0
0.01
0.03
0
0
0
0.05
0.38
7.52
0.34
0
0
0.04
0.01
0
1.41
0.38
2.26
0.9
0
0.17
0
0
0
0
0
0
0
0
0.92
11.09
0.72
0.02
0.06
0.79
0
0
0
0
3.81
2.6
0.52
0.79
0.48
0
0.97
0
0
0
7.45
1.03
1.42
17.42
0.17
2.6
16.84
1.75
0
0.2
0
0
0
5.36
2.11
0.07
0
0.05
0
0
0
0
5.86
19.17
3.4
4.82
0
0.94
0
1.18
10.11
0.92
12.26
2.5
0.13
0
8.18
17.08
2.89
1.32
0
0
0
0
0.08
4.17
0.08
0
0.33
0
0.02
0
1.43
10.98
10.72
7.57
6.45
12.55
2.75
7.32
11.96
3.38
0
5.52
0.05
3.07
2.53
7.73
1.9
0.08
0.72
3.97
3.32
8.34
0.21
0.84
0.79
0.94
3.84
2.29
10.8
0.48
0
0
0.41
3.83
5.55
2.99
20.48
3.89
1.39
0.45
0
0
0
0.01
0
0.31
1.71
1.29
2.27
7.51
1
0.05
0
0
0
0
0.51
0.04
0
0.13
0.09
0
0
0
1.25
0.96
1.23
0.73
0.06
0
18.63
15.15
6.2
12.59
3.06
0.7
9.23
1.89
0
1.13
0.38
0.91
0
0
0
3.01
0.3
0
0
0.11
0
0
0.11
0.53
0.71
5.82
0.97
0.3
0.45
0.65
0
0
0
0
0
0
0
0
0
0
0
0
0
0
0
0
1.61
26.26
4.1
0.23
0
0
0
0.03
0.09
0.01
0.05
1.18
0.11
1.89
0.21
1.8
2.36
0.49
2.31
0.26
0.02
0.01
0.19
6.18
1.61
0
0
0
0.91
0.9
0.02
0.58
16.77
10.94
10.76
6.09
3.62
0.18
0.49
0
0
0
0
0
0.01
0.01
0
0.01
0
0.01
0
0
0.01
0.06
8.1
2.25
0.06
0
0
0
0
0
0
0
0
0
0
0
0
0
0
0
0
0
0
0
0
0.39
0.73
0
0.45
0.36
0
1.78
1.3
0
0
1
0
0.22
0.4
0
0
0
0
0.01
0
0
0
0
0
0
0
0.48
0
0
0
0.01
0
0
0
0
0
0
0
0
0
0
0.16
5.74
0.86
0.84
1.14
0
0
0
0
0
0
0
0
0
0.08
0
0.01
0
0
0
0
0.02
3.33
1.38
0
5.44
0
0
0
0
0
0
0
0
0
0
0
0
1.34
4.14
20.83
10.88
4.27
1.09
0
0.19
0
11.33
0.11
0
0
0
0
0
0
8.5
0.64
5.16
0
0
0
11.1
2.05
0
0
2.78
6.52
17.22
20.25
4.69
0.67
2.23
0.29
0
0
0
0
0
0
0
0
0
0.03
0
0.05
0.17
0.05
0
0
0.02
0
0
0
0.34
0.13
1.75
0.06
0
0
0
0
0
0
0
0
0
0.01
0.02
0
0
0
0
0
0
0
0
0
0
0
0
0.02
0
0
0
0
0
0
0.01
0
0
0
0
2.13
6.25
0.29
0
0.03
0
0
0
3.75
3.3
3.48
7.79
10.62
0
0
0
0.02
0
0.33
0
0.01
1.13
2.55
0.05
0.64
0.13
1.06
0
0
0
1.95
1.07
8.74
0.61
0.1
0
0
0
0
0
0
0.01
0
0.55
0.09
5.98
0.19
0.38
0
0.02
0.01
0
0
0.01
0
0
0
0
0
0
0
0
0
0
0
0
0
0
2.84
2.61
0.18
17.82
4.37
0.95
0.03
0.09
0.01
0
0
0
0.66
7.11
7.32
14.96
7.57
0.91
0.35
0.01
0.01
0.01
0.01
0
0
0
0.01
0
0.63
0.07
0
0.02
0.03
2.46
1.27
0
8.23
9.4
4.58
0.47
0
10.74
9.04
4.04
0
0.03
0
0
0
0.16
0
0
0
0
0
0
0
0
0
0
0
0
0.19
0.97
0.31
3.23
6.83
4.9
19.2
21.64
1.09
1.9
2.13
0
0
0
0
0.02
0
0.01
0
0
0.28
0.79
0
0
0
0
0
0
0
0
0.34
0.03
0.08
2.48
6.99
4.95
5.49
2.84
0
0
0
0
0
0
0
0
0
0.01
0
0
0
0
0
0
0
0.01
0.03
0.01
0.01
0
3.73
0.2
0
0
0
0.01
0
0.15
0
0
0.03
0
0
0
0
0
0
0
0
0
0
0
0
1.81
0.01
0
0
0
0
0
1.39
0.01
0.02
0
0
0
0
0
0.02
0.01
0.15
4.27
0.24
0
0.14
1.67
1.18
0.04
0
2.88
0.01
0.01
0.89
0.22
4.7
7.59
0
7.58
0
0
0
0.02
0
3.2
4.02
0
0
0
0.03
0
0.41
0
0
0
0
0
0.13
0.85
3.35
9.4
4.16
0
6.27
1.84
3.72
2.85
0
0
0
0
0
0
0
3.76
0.38
0
0
0
0
0.22
12.57
16.36
8.7
0.89
0
0
0
0
0.65
0.18
0.02
0
7.57
6.69
1.1
0.02
0
0
0.03
0
0
1.79
0.48
0
0
0.06
0.04
0
0
0
0
0
0
0
0.02
0
9.93
5.97
3.2
8.81
2.5
2.41
9.48
3.46
3.74
6.4
2.84
4.95
0.45
0.05
3.36
1.63
3.77
0
2.2
0
0
0.19
0.16
0.48
0
0
8.07
7.84
3.21
0.46
4.8
2.01
0
3.41
3.96
4.99
5.68
0.43
0
0.13
0
1.71
0.97
3.5
4.04
0
0
2.48
1.05
1.49
4.38
1.32
0.79
11.26
1.23
11.06
2.63
6.12
0
0.07
0
0
0.02
0
0.1
0.05
4.11
1.97
5.23
1.37
8.3
0.33
0
0.02
0
0
0
0.01
0.9
1.49
0.05
0
0
0
0.02
0
0
0
0
0
0
0
0
0
0
0.01
0
7.62
11.26
3
0
2.77
0
3.08
24.61
10.83
2.66
0.16
0
0
0
0.41
1.25
0.2
0
0.01
0
0
0
0
0
0.02
0
0
0
0
0
0
0.01
0
0.19
0.1
0.09
4.83
17.95
4.39
11.68
17.14
2.98
0
0
0
0
0
0
0
0
0
0.52
1.12
2.2
9.25
10.95
1.47
0.29
0
1.54
10.65
0.63
0.02
0.81
0
0
0.11
1
0
0
0
0.18
0
0
0
0.23
1.02
13.26
3.99
5.47
0.02
0
0.66
0
0.01
0.01
1.48
19.18
0.26
0
0
0
0
0
0
0
0
0
0
0
0
0
11.02
8.37
1.18
0
4.8
0.5
0
1.21
0
0
0.01
0.03
0
0
0
2.96
0.04
0.75
0.04
0
0
0
0.01
4.44
0
0
0
0
0
0.05
0.02
0
0
0
0
0
0
0
0
0
0
0.06
0.36
0
0
0
0
0
0
0
0.03
0
0
0
0
0
0
0
0
0
0
0
0
0
0
0
0.49
0
0.01
0
0
0
0
0
0
0.02
0.2
0.02
0
0.21
0
0
2.45
2.4
1.28
0.02
0.02
0
0.01
0
0
0
0.04
0
0.09
0
7.19
0.7
5.15
0
0.02
0
0
0
0
0
0
0
0
0.01
0
0
0
0.07
0.51
0
0
0
0.18
0.02
1
4.02
16.09
8.1
6.06
0.87
0
0
0
0
0
0.02
0
1.57
6.65
9.27
5.07
0.66
12.57
3.53
23.1
14.24
1.3
2.09
0
0
0.1
14.82
8.28
2.63
9.5
0.24
12.04
13.59
0.42
0
0
0
0.07
0
0
6.3
1.84
0.99
0
0
0.01
0
10.32
6.45
0.36
0
0
0
0.01
5.94
5.27
0
0
5.24
1.88
0.01
0.47
4.42
1.32
0.64
0.41
0.22
1.44
4.16
1.42
1.09
4.59
0.65
0
0
0
0
0.02
0.01
1.03
1.09
0
0.01
0.02
0
0
0
0
0
1.93
0.44
0.42
0.64
0
0
0.03
0
0
0
0
0
0
0.01
0
0.01
0.2
0.11
0.23
0.01
0
0.05
0
0
0
0
0.13
0
0
0.2
1.98
1.62
0.12
0.05
3.5
4.67
0.61
0.01
0.03
0
0.25
0.42
0.26
0.09
0
0
0
0
0.01
0
0
0
0
0
0.16
4.69
6.14
5.22
4.43
18.38
11.27
1.91
0.48
0.02
0.55
0
0
0
0.01
0
0.29
0
0
1.62
0.03
0
9.18
4.08
0
0
0.02
0
0.27
0
0
0
0
0.49
0.34
0.02
3.59
6.09
8.29
6.28
8.38
2.07
10.08
1.16
0.01
0
0.05
0.1
0
0.18
0
0
0
0
0
0
18.7
13
1.79
1.13
0
0.09
0.82
1.79
0
0
0
0.02
2.41
19.58
4.7
3.41
9.6
22.43
5.24
2.55
8.18
2.74
0
0
4.64
6.42
3.27
0.38
0.01
0.02
0
0.01
1.02
0.04
0
0
0
4.98
3.18
3.44
5.04
3.13
0.7
0.08
0
0
0
0
0
0
0
0
20.51
5.75
0
0.96
0
0
6.9
0.09
0
0
0
0.01
0.02
0.93
0.03
0
0
0
0
0.02
0.02
0
0
0.01
0
0
0
0
0
0.41
13.1
0.8
0
0
0
0
0
0
0
0.7
2.73
0.95
0.02
0
0
0.01
0
0
0.27
0
0
0.05
8.09
0.04
0
0
1.33
0.66
0.11
2.09
0
0
0
3.55
3.41
0.2
0
0
0
0
0
0
1.88
0.89
0.79
0
0
0
0
0
0
0
0
0
0
0
0
0.27
13.72
9.14
1.49
3.2
2.98
0
0
0
0
0
0.02
0
0
0
0.03
0
0
0.02
0
0
0
0
0
0
0
0
0
0
0
0
0
0
0
0.04
0
0.03
0
0.08
0
0.29
0
0
0
0
0
0.66
5.54
4.21
3.8
3.86
0.55
0
0.24
20.17
2.84
25.16
8.02
3.29
1.94
2.84
1.88
1.33
2.08
15.42
3.55
0
0.11
0.12
0
0
0.02
0
0
0
0.01
0
0.22
0
0
0
0.17
0
0
0
0
0
0.02
1.84
2.17
0
12.69
1.49
3.71
0.34
0.12
0
0
0.15
0.24
0
0
0.11
0.05
0.2
0.55
0.25
0
0.02
0
0
0
0
0
0
0
0
0.07
0.05
0
0
0
0
0
0
0
0
0
0
0
0
0
0
0
0
0
0
0
0
0
0
0
0
0
0.01
0.18
1.91
0.23
0.04
0
0
0
0
0
0
0
0.17
0.74
4.34
0.75
1.02
0.03
0.03
0
0
0.07
0
0
0
0
0
0
0.01
1.28
8.99
6.48
1.66
0
0
0
0
0
0.27
0
0
0
0
0
0
0
0
0
0.02
0.01
0.87
0.43
0.01
0
0
0
0
0.85
0.73
5.39
0.28
0.52
3.85
0.55
1.52
0
0
0
0.71
11.71
8.91
1.59
0
0.08
0.04
0.13
0.01
0
0
0
0
0
0.04
0
0
0
0
0.22
0
0
0.05
0.53
0
0
0.02
0
0
0
0
0
0
0
0
0
0
0
0.79
0.13
0.35
1.91
9.25
0.79
0
2.99
0.43
0.01
0
0
0
0
0
0
0
0
0
0
1.05
1.16
4.21
0.98
0
0
0
0
0
0
0
0
0.84
0
1.14
0
0
0
0.02
0
0
0
4.64
0.6
2.15
2.73
1.8
0
1.09
5.45
0.53
0
0
0
0
0.05
0.08
0
0
1.74
0
0
0
0
0
0
0
0
0
0
0
0
0
0
0.02
0
0
0.02
0
0
0
0
0
0
0
0.01
0
0
0
0
0
0
0
0.94
0
0
0
0
0.05
1.13
0.03
0
0
0
0
0
0
0
0
0
0
0
0
0
0
0.05
0.02
0
0.02
0.12
5.11
5.79
1.84
0.38
0.02
0
0
0.07
0.01
0
1.53
0.3
0.02
0
0
0
0
0.12
0
0
0
0
0
0
0
0
0
0
0
0
0
0
0
0.08
1.16
2.48
4.11
3.16
0.66
1.12
0
6.77
4.85
0.27
2.38
2.59
12.99
1.82
0.84
0
0
0.95
22.24
1.04
4.02
2.59
0
0
0.11
0.49
0
0
0
1.52
0.63
0
0.37
15.02
12.28
22.54
6.02
0
0
0
0
0
0
0.02
0
0
1.55
0
0.07
0.13
0
0
8.47
13.3
0.67
0.52
0.13
0.12
0
0
0
0
0.01
0
0
0
0
0
0
0.02
0.01
0.03
0
0
0.14
0
0
8.71
2.28
0
0.91
0
0.41
0.03
0.03
0
0.19
0.64
5.91
3.95
1.49
6.95
0.05
0.01
0.11
0.01
1.04
2.75
6.09
0.21
0.5
0.13
0
0.01
0
0
0
0
0.06
0.02
0.06
0.16
0
0
0
0
0.03
0
0
0
0
0
0
0
0
0
0
0
0.09
0.04
0.28
4.31
2.93
1.95
2.98
1.21
4.63
2.34
14.27
5.58
0.2
0.5
0
0
1.45
9.62
0.22
0
0
0.02
0.12
0
0
0.01
0
0
0.01
0
2.09
7.16
3.75
2.96
0.85
2.54
5.09
0.08
0.01
0
0.06
0
0.21
0
0
0
0
0
0.18
3.71
4.7
2.24
0.08
0
0
0
0
0
7.45
3.82
0.88
0.97
0.01
0.47
0.08
4.32
4.29
2.01
0
0
0
0
0
0
0
0
0.39
3.42
4.07
3.07
0.88
0.02
0
0
0
0.7
1.91
0.04
0.77
0
0
0
0
0
0
0
0
0
0
0
0
0
0.07
0.49
0
0
0
0
0.01
0
0
0
0
0.95
4.76
6.44
0
0.16
0.01
0.65
16.05
4.39
0
2.2
4.63
1.17
0.24
0.02
1.71
5.02
0.14
0
0.58
0.71
0.02
0.04
0
0
0
0
0
0
0
0
0
0
0
0
2.72
3.98
1.7
0.36
0.38
5.52
3.5
0.52
0
0
0.02
0
0
0
0.01
0
0
0
0
0
0
0
0
0
0
0
0
0
0
0
0
0
0
0
0
2.33
0.01
0
0
0
0
0
0.26
0
0
0
0
0
0
0
0
0
0
0
1.63
0.62
1.13
0.5
0.92
0
0
4.71
8.9
10.99
0.36
0
0
0
0
0
29.78
5.7
0
1.75
0.03
0
0
0
0
0
0
1.27
0.09
0.23
0
0
0
0.02
0
0.01
1.16
0
0
0
0
0.52
11.89
10.16
9.96
24.13
1.7
4.63
8.63
0.23
4
0.92
0
0
0
0
0
0
12.04
14.41
2.87
1.17
1.77
5.62
0.5
0
0
0
0
0
0.08
7.79
14.63
0
0
0
0
0
0
1.58
3.55
4.81
0.17
0.18
0.33
0.09
0
0
0
0.56
1.06
14.46
2.37
10.23
1.4
0
0
0
0
0
0
0
0
0
0
0
0
0
0
0
0
0
0
0
0
0.01
0
0
0.03
0.4
0.02
0
0.01
0
0.01
0.02
0
0.12
0.38
0
0.06
0
0.45
0
0
0
0.11
0
0.03
4.26
0
1.65
3.56
4.8
0
0
1.38
0.85
0.03
0
2.61
3.33
2.39
1.56
0
2.59
15.88
4.43
3.53
2.72
0.32
0
1.9
0
3.97
0
0
0.15
4.89
1.04
0.23
1.11
1.13
2.38
0.41
0.02
0
0
0
0
0
0.04
6.14
4.24
0.11
0
0
0
0
0
0.02
0
0.34
0
0
0.16
0.12
0.11
0
0
0.09
0.14
4.43
5.23
2.27
0.02
1.45
3.99
8.2
1.44
1.93
1.2
1.27
6.78
8.3
2.84
1.48
0.89
3.13
10.81
2.71
2.38
0.5
1.8
1.59
0.22
0
0.39
0
0.34
0.02
0
7.89
15.47
11.31
9.89
1.5
4.63
1.02
6.41
5.7
0.32
0.38
0
0
0
0
0
0
0.18
0.46
0
0.01
0
0
0
12.45
12.63
1.93
4.45
5.77
1.44
4.37
1.32
0
0
0
0
0
0
0
0
0
0
0.05
0
0
0.72
0.16
0
0.03
0
4.14
4.65
12.95
3.55
0.18
0.01
0
0
0
0.03
0.06
0.02
0
0
0
0
0
0
0
0
0
0
0.01
0.34
0
0.01
0
0
0
0
0
0
0
0
0
0
0
0
0
0
0
0
0
0
0
0
0
0
0
0
0
0
3.17
0.95
0
0
0
0
0
2.79
0
0
0
0
0
0
0
0
0
0
0.59
0.34
0.36
0.09
0
0
0.01
0
0
0
0
0.01
0
0
0.08
0
0
0
0.86
0
2.2
2
7.08
1.22
0
0.32
0
0
1.11
5.71
1.28
1.2
0.44
0
0.17
0
0
0.08
0.38
0.94
6.39
1.37
6.02
1.09
0
0
0
0.01
0
0
0.02
0
0
0
0.54
0
0.02
0
0
0
0.09
5.44
0
0
0.01
0
0
0
0
0
0
0
0
0
0
0
0
0
0
0
0
0
0
0
0
0
0.01
0
10.78
11.89
0
2.49
0
0.14
0
0
0
0
0
0
0.63
0.01
0
0
0
0
0
0
0.12
0.33
0
0
0
0
0
0
1.47
1.38
0.66
0.26
0.58
1.8
0
0.01
0
0
0
0
0
0
0
0.27
7.67
2.75
0.1
0.42
0.51
0.75
0
0.05
0.57
8.89
0.25
2.11
1.02
2.54
1.04
0
0
0
0.05
0
0
0
0
0
0
0
0
0
0
0.01
1.34
0.75
8.27
0
0
0
0
0
0
0
0
0
0
0.37
0
0
1.89
2.2
15.64
1.74
0.92
0
0.41
4.66
0.85
0
3.44
3.04
0.02
0.03
0
0
0
0
0
0
0
0
0
0.16
0
0
0
0
0
0.89
0.06
0.02
0.3
0.74
7.64
0
0.35
0.02
0.94
0
0
0
2.8
0
0
0
0
0.01
0
0
12.63
11.85
5.17
6.16
6.56
0
0.71
0
0.35
8.17
14.88
7.15
15.52
4.77
0.46
0
0
0.02
0
0
0.01
0
0
0
0
0.01
0
0.09
0
0
1.34
8.4
13.59
14.75
0.2
8.04
7.59
2.02
4.88
2.4
3.67
2.48
0.8
0
5.69
0.76
9.05
2.49
4.23
0.59
0.62
3.06
0.08
1.87
13.78
4.63
3.03
0.58
0.04
2.85
0
0.02
8.24
16.09
6.03
0.95
0
0
0.27
0.53
4.6
0.04
0
0
0
0
0
10.15
2.31
0.21
0.08
0
0
0.06
0.12
0
0
0
0
0
0
0
0
0
0
0
1.82
0.16
0.84
0.28
0.54
0
0
0
0.01
0.01
0
0
0
0
0
0
0
0
0
0
0
0
0
0
0.09
0.02
0
0
0
0
0
0
0
0.01
0
0
0
0
0
0
0
0.35
0.04
0
0
2.33
0
0
0
0
0
0
0
0
0
0.74
1.44
0
0.18
0.1
11.29
0.34
0.02
0
0
0
0.03
0
0.01
0.01
0
0.13
3.21
3.27
0.32
1.92
0.84
1.07
0
0
0
0
0
0
0.01
0
0
1.86
0
0
0
8.23
4.18
0
0
0
0
0.42
5.88
0.56
1.08
7.29
8.1
1.97
1.96
0.03
0
8.29
12.13
1.82
4.14
16.79
5.73
2.67
0.76
0.04
0.14
0
2.4
0.54
0
0
0
0
0
0
0
0
0
0
0
0
0
0
0
2.18
0.09
0
0.04
6.79
2.05
0.12
2.07
0.94
2.39
0.5
0.78
3.89
22.13
3.94
1.55
0.35
0
1.27
10.64
0.55
0.45
0.17
0.05
0.01
0
0
0
0
0
0
0.01
0.14
0
0.01
0
0.03
0.03
0.68
2.55
8.05
0.65
0
0.23
0.04
3.11
1.96
0.22
0.68
0.06
2.01
0
0.1
0.04
0.01
2.19
3.95
0.18
2.68
9.93
0
0
2.46
0.95
0.11
1
0.95
1.51
2.72
7.52
6.88
3.3
5.94
7.2
4.26
0.37
0.02
1.5
0.02
0
0
0
0
0
0
0
0
0
0
0
0
0
0
0
0
0.13
1.08
2.23
2.5
1.38
7.53
2.3
0.97
0
0.07
0.04
0
0.01
0
0
0
0
0
0
0
0
0
0
0
0
0.08
0
0
0
8.1
0.84
2
0.47
0
0
0
0
0.04
4.87
0.7
0
2.25
11.96
2.42
0.48
0
5.55
3.17
3.11
1.27
9.98
2.82
1.03
1.08
0
0
0.02
0
0.76
0.09
0
0
1.5
0
0.01
0
0.01
0
0.01
0
0.38
6.51
0.31
0
0
0
0.01
0
0
0
0.46
0
1.16
0
0
0
1.73
0.21
0
0
0.01
0.18
1.8
0
0
0
0
0.03
0.06
3.43
0.3
0.82
0
0
0
0
1.42
0.81
0.65
0.84
0
0.08
1.82
0
0
0
0
0
0.1
0
0
0
0
0.02
0.01
0
0
0
0
0.01
0
0
0.21
0.02
0
0
0
0
0
0
0
0
0
0
0.21
0
0
0
0
0
0
0
0
0
0.01
0
0
0
0
0.01
0.56
0
0
0
4.65
0.09
0.38
0
0.97
0
0
0
0
0
0
0
0
0
0
0
0
0
0.01
0
0
0.03
0
0
0
0
3.1
0.22
2.82
0.44
0
0.42
0
0.5
0
0.54
0
0
13.36
1.52
0.18
0.06
0
0.01
0
0.03
0
0
0.02
0.47
1.98
1.22
1.34
0
0.63
0.75
0
1.03
1.82
0.63
0
0
0
0
0
0
0
0
0
0
0.34
8.98
8.84
2.02
0
0.01
0
0
0.01
0
0
0
0
0.05
0
0
0
0.22
0
0.02
0.06
0.03
0
0
0
0
0.18
0
0.01
0.04
0.01
0
0
0.63
0.04
0.02
0.03
0.14
1.98
0.22
3.36
6.48
0.24
0.81
8.29
3.27
0
0.4
0.81
1.42
0.14
0.28
0.01
0
1.72
4.02
2.48
0
3.58
1.05
0
0
4.14
11.41
18.62
19.88
11.31
16.98
8.21
4.05
12.15
21.03
9.73
6.23
1.3
0
6.77
6.54
2.45
2.61
9.01
0.41
0.54
3.25
1.38
9.49
11.28
2.83
0.34
1.55
1.02
0.38
1.95
0.12
0.13
0.37
0
0
2.27
0.89
0.24
0
0
0
0.38
0
0.02
0.93
4.79
1.73
0
0.16
9.68
2.15
0
0.04
0.01
0
0
10.67
11.23
2.12
1.43
0.19
0.59
9.18
5.98
5.58
1.27
6.96
4.48
0.44
1.96
0.59
3.8
3.91
0.15
19.67
5.08
6.68
0.03
0
0.02
0
0
0
0
0
0
0
0.07
0.57
0
3.31
0.47
1.02
18.79
5.8
0
0
0.59
3.81
1.35
0.79
0
0.05
3.24
0
0
0.72
1.9
0
0
0
0.08
2.27
6.79
8.17
7.43
5.8
9.84
5.41
1.07
0
2.03
1.88
0.86
0
1.21
0
0
0
0.08
2.18
3.57
0.25
4.15
0
1.55
0.44
4.2
8.49
3.3
8.83
3.22
6.77
0
0.37
0.29
0.02
0.01
0.04
0
0
0
0
7.5
0.27
0
0
0
0
0
0
0
0
0.02
0.05
0
0
0
0.03
4.52
23.72
5.5
5.23
12.59
2.13
3.8
1.91
0.07
1.22
2.24
0
0.13
0
0
0.04
1.97
14.6
7.69
0.29
1.5
1.15
0.02
0
10.22
8.83
0
0
0
0.04
0.05
0.03
0.01
0.1
0
0
0
0
0
0
0
0
0
0
0
0
0
0
0
0.01
0
0
0
0
0
0
0.01
0
0.01
0
0.05
4.21
1.92
0.43
0
0
0
0
0.02
0
0
0.05
4.89
0
0
0
0
0
0
0
0
0
0
0
0
22.62
0.88
0.08
0
0.02
0
0.27
0
0
0
0
0.38
0
0.09
0
8.92
9.66
0.25
0.27
3.96
0.26
0
0.13
0
0
0
0
0
0
0
0
0
2.32
0.37
0.07
0
1.06
3.99
24.5
6.96
1.12
1.96
0
0
0
0
0
0
0
0
0
0
0
0
0
0
0
0.38
1.66
9.55
2.62
0.35
0.01
0
0
0
0.01
0.86
11.14
0.72
0.29
0.08
0.85
0
6.06
0.32
1.59
2.07
0
2.12
2.23
3.23
0.07
0
0.08
0.08
0
0
0.01
3.34
2.96
1.51
1.77
0
0
2.98
7.04
5.23
4.02
0.05
0
0
0.05
0.53
0.79
0
0.29
0.38
1.76
1.32
5.13
14.66
7.83
2.23
0
0
0
0.07
0.01
0.66
3.66
1.69
0.01
0
0
0.76
1.56
0
0
8.7
5.71
2.88
0.49
0
0.01
0
0
0
0
0
4.88
1.27
0
0
0
0
0
0.35
4.88
7.53
3.76
2.68
0
0
0
0
0
0
0
0
0
0
0
0
0.13
1.72
2.93
9.46
7.64
2.8
0.53
9.19
1.82
0.13
0.21
0
0
0
0
0
0
0
0
3.98
4.19
0.05
0.53
0
0.37
0.22
0
8.07
0.78
0.91
5.11
4.74
8.91
2.58
0
0.09
0
0.39
0.02
1.55
0.41
2.9
4.46
3.07
0.03
0.02
0
0
0
0
6.76
0.66
0
0
0
0
0
0.03
0.05
0
0.02
0
0
0
0
0.13
0.88
0
19.32
4.39
0.14
0.77
0
0
0.09
0.21
4.14
2
2.47
2.02
2.58
0.46
4.46
1.11
19.24
0.66
0.03
0
0
1.03
0.77
9.33
1.23
0.02
0
1.39
0
0
0.03
1.32
0.41
0
0
5.48
4.97
0.32
19.65
6.64
0
0.02
0
0
3.66
4.92
12.01
12.41
0.93
0.14
0.06
0
0
0.01
0
0
0
0
0
0
0.03
0
0
0
0
0
0
0.23
0.03
0
0.09
0.08
0.73
0.23
0.29
0
0
0
0
0
0
0
1.26
0
0
0
0
0.01
0
0
0
0
0
0
0
0
0
0
0.01
0.02
0
0
0.17
0.04
0
0
0.01
0
0
0
0.01
0
0.01
5.11
0.97
0
0
0
0.25
0.2
0
0
0.02
0
0.01
0.01
0
0
0
0
0.01
0
0
0.13
0.36
0.07
0
0
0
0
0
0
0
0
0.04
0
0
0
0
0
0
0
0
0.01
0
0
0
0
0
0
0
0
0
0
0
0
0
0
0
0
0
0
0
0
0
0
0
0
0
0
0
0
0
0
0
4.04
10.34
0.05
8.06
19.92
1.54
0
0
0.1
0.01
7.84
15.47
17.74
12.18
1.98
1.21
0.13
0.13
0.03
0.03
0
0.3
7.46
0.93
0
0.43
0.15
0.4
0.8
0.09
4.27
0
0
0
0
0
0
0
0.05
1.79
2.99
0
0.02
0
0.52
0.01
0
0
0.26
0
0.07
0.28
0
0.01
1.18
0.21
0
0
0.05
0
0
0.02
0
0
0
0
0
0
0
0.05
0.17
0.54
0
0
0.02
0
0.01
0.14
0.02
0
0
0
0
0.88
2.74
2.32
0
0
0
0
0
0
0
0
0
0.04
0.96
0
0
0
0
0
0
0
0
0
0
0
0
0
0
0
0
0
0.15
0
0
0
0
0
0
0
0
0
0.01
0
0
0
0
0
0
4.34
0.02
0.01
0
0
0
0
0
0
0
0
0
0
0
0.05
0.01
0
0.06
2.44
1.7
0
0
0.02
0
0
0
0
0
0
0
0.05
4.26
7.05
7.02
11.09
3.13
0.05
0
0.02
0.82
1.21
6.95
1.52
2.5
0.24
0
0
0
0.6
0.7
0.16
0
0.02
0
0
0
3.04
5.46
11.63
6.27
2.4
0
3.63
4.23
1.27
0
0.04
0.03
0
0.03
0.02
0.41
0
0
0
0
0
0.02
5.03
1.91
0.18
0.02
0
0
0
0
0
0
0.01
0
0
0
1.13
0.08
0.01
0
0
0
0.56
0
0
0
0
0
0
0
0
0
3.61
5.63
0
0
0
0
0
0
0
0
0
0
0
0
0
0
0
0
0
0
0
0.01
0.01
0.01
0.01
0
0
0
0
0
0
0.01
0.01
0
0
0
0
0.37
0.47
0.34
0.09
0.01
0
0
0
0
0
0
0
0
0.04
0
0
0
0
0
0
0
0
0
0
0
0
0
0
0
0
0
0.01
0.02
0
0
0.02
0.16
0
0
0
0
0
0
0.35
0.06
0
0
0.01
0
0
0
0
0
0
0
0
1.16
0.01
0
0
5.42
0.07
2.1
4.52
1.9
25.78
0.7
0.11
0.03
0
0.02
0
0
0
0
0
0
0.06
4.58
1.82
0
3.57
0
0
1.17
8.45
14.09
11.41
12.73
0
0.16
7.8
5.44
5.51
0.95
0.05
0
12.59
0
0.18
4.38
17.83
9.48
0
0
1.45
18.73
6.29
5.23
0.9
0.01
0.18
0
0
0
1.88
0
0
0
0.18
0
0
0
0.45
6.09
0.35
0
0
0.03
0
0
0
0
0
0.05
0.22
0
0.02
0
0
0
0.43
5.76
0.14
1.41
0.1
0.14
0.14
0.27
0.07
0
0
0
4.66
0.02
0
0.02
0.18
0.02
1.54
0.48
0
0
0
0
0
0.09
0.04
0.07
0.07
0.54
3.29
2.78
0
0
4.1
1.3
3.96
7.38
2.33
0
9.65
4.59
0
0.16
0.09
3.24
0.2
0
0
0
2.55
0.78
0.01
0
0.6
0.08
0
0
0.09
5.67
0
0
0
0
0
0.26
1.39
0.5
0.95
0.14
5.52
7.76
0.99
0.22
0
0
0
0.05
0.04
0.02
0.14
8.34
3.14
2.85
8.69
15.86
4.58
1.74
2
1.84
0.63
0
0.08
3.39
8.77
0.07
6.48
0.02
0
2.96
3.48
4.13
8.11
18.5
3.54
2.59
9.15
0.24
11.59
0.59
0.23
5.58
5.8
1.93
0
2.49
0.46
0.02
0
0.02
0
0
0
0
0
0
0
0
0
0
0
0
0
0.19
5.9
4.6
11.56
4.14
3.32
0.85
0
0.3
0
0
0
0.04
0
0.1
0
0.02
0.15
0.36
1.7
5.44
3.2
7.08
6.29
2.33
0.75
0
0
0.01
0
0
5.66
1.3
0.12
8.48
0.13
0
0
0
0
0.06
1.11
0.11
0.59
0.14
0.15
0
0
0
0.01
0.01
0
0.01
0.52
0.36
0.48
0.07
0
0
0
0
0
0
0.02
0
0
0
0
0.02
0
0
0.01
0
0
0
1.09
1.13
0.96
0
0
0
0
0.02
0
0
0.01
0.87
5.03
0.02
0
0
0
0
0
0
0
0
0
0
0
0
0
0
0
0.35
0.01
0
0
0.21
0
0.06
0
0.11
1.42
0
0
0
0
0
0
0
0
0.01
0
1.86
11.57
0.16
0.07
0
0
0
0
0.05
3
0.47
1.18
0
0
0
0
0
0
0
0
0
0
0
0
0
0
0
0
0
0
0
0.6
9.55
0.29
1.91
0.51
1.79
3.04
2.38
0.18
0
0
0
0
0.02
0.02
0
0
0
0
0
0
0.01
7.06
0
0.01
17.38
0
1.49
2.23
0.11
0.04
0
0
0
0
0
0.02
0.83
0
0
0.01
0.03
1.01
0
0.01
0
0
0
0.01
0
2.23
11.37
2.82
0.35
0
0
0.02
0
0.01
0.01
0
0.33
0.42
0
0.1
0.04
0
0
0
0
0
0.01
0
0
0
0.01
0
3.08
0
0
0
0.06
6.67
11.6
0
0
0
0
18.96
4
0
5.75
0
0
0.09
0.3
4.27
12.18
11.71
7.17
1.73
0
0
0
0
0
0
3.77
2.49
1.32
4.13
0.74
4.75
4.76
1.66
1.22
6.26
4.04
0.03
0
0
0
0
3.48
5.48
2.3
0.98
0
0.07
1.16
7.05
0.2
3.13
3.74
3.27
11.95
0.89
11.71
3.07
1.47
0.41
1.14
0.46
0.7
0
0
1.4
0.16
0
0.05
1.49
0
0.42
0.26
0.02
8.36
1.71
0
0
0.05
0
0
0
0
0
0
0
0.1
0
0
0
0
0
0.29
2.74
0.92
1.68
0.11
0.15
2.55
0.42
0
0
0
0.24
0
0.74
9.25
3.1
1.05
0
0.01
0
0
0.01
0
0.01
3.98
0
0
0.95
0
0
0
0.8
2.34
8.14
0
0
5.19
0.45
0.17
0.03
0
0
0
0
0
0
0
0
0
0
0
0.07
0
0
0
0
0
0
0
0
0.02
1.89
1.5
3.95
0.18
1.66
2.7
0.6
0.05
1.08
2.07
0.09
0.01
1.79
0
0
0
0
0
0.09
0.01
0.03
0
0
3.98
0
0.19
0
0.01
0
0.05
0
0
0.05
0.01
0.2
2.47
17.76
0.09
2.68
0
0
0
0
0
12.18
21.42
0
0.03
1.75
0
0
0
0
0
0
0
0
0
0
0
0
0.04
0
0.01
0
0
0
0
0
0
0
0
0
0
0
0
0
0
0
0
0
0.01
0
0
0
0
0
0
0
0
0
0
0
0
0
0
0
0
0
0
0
0
0
0.61
0.12
0
0
0
0
0
0
0
0
0
0
0
0
0
1.39
0
0.08
1.15
0.9
0.76
0
11.73
2.25
0.8
7.55
0
0
0.71
8.26
0
0.31
0.14
0
0
0
0
0
0
6.86
14.72
13.47
10.23
9.25
7.15
1.35
0.67
0
0
0
0
0
0.03
0.06
0.05
0
0
0
0
0.02
0
0
0
0
0.91
9.76
6.89
1.32
0.44
1.09
7.34
0
8.13
14.54
0
6.1
5.41
1.49
0
0
0
0
0
0
0
0
0
8.4
3.62
5.21
27.16
10.4
0.13
0
0.07
0.4
0.07
0
1
0
0
0
0
0
0
10.24
8.9
0.58
0.47
0.07
0.02
0.01
0
0
0
0
0
0.01
0.06
0.38
1.53
0.04
0
0
0
0
0
0
0
0
0
0
0
0
0
0
0
0.53
6.12
0.84
0
2.29
1.37
0
0.75
0.69
0.06
0
0
0.01
0
0.4
0.98
11.5
2.26
0
7.14
6.49
0.72
2.25
0.13
0.06
0
0
0
3.51
1.55
0
2.42
0.33
0
0.13
0
0.28
1.9
1.21
0.03
0.77
0.04
0
0
0
0
0
0.05
0.11
0
0
0
0
0
0
0.01
0
0
0.01
0
0
0.02
2.08
11.48
1.14
2.12
4.18
5.63
15.74
0
0
0
0
0
0
0.02
0.01
0
0
0
0
0
0.18
0
0.48
4.74
0.02
2.46
0.42
0.34
0.04
3.25
2.21
0.04
0
0
0
0
0
0
0.03
4.82
16.78
0.3
0.06
0
0
0
0
0.04
0.02
0
0
0
0
0
0
0
0
0
0
0
0
0
0
0
0
0.03
0
0
0
0
0
0
0.02
0
0.32
0.01
0
0
0.39
1.13
0
0
0.13
0
1.46
8.38
12.14
0.63
0
1.38
4.79
0.76
0
0
0
0.01
0.11
2.16
0.38
0.33
0.01
0
0
0
0
0
0.16
0
0
0.1
0
0
0
0
0
0
0
0
0
0
0
0
0.72
0.59
0
0.02
0
2.28
0.11
0
0
0
0
0
0
0.02
3.23
0.01
0
4.73
0
0
0.14
0.63
1.15
0.11
0
0
0.05
0.03
0.02
0.01
0.16
0
0.02
0
0
8.12
0.09
0.04
0.32
0
0
0.01
0
0
5.21
5.02
1.16
0.16
0
0
0
0
1.44
0
0
0
0
0.02
0
0
0
12.04
0
0
0
0
0
0
0
0
0
0.01
0.3
1.09
2.33
0.43
0
0.09
0.08
1.66
2.83
1.64
0
0
0
0.52
0.61
2.31
0.78
0
0.05
0
5.03
4.43
0.84
0.32
0.03
0
0
0.44
0.01
1.49
1.5
0.15
0
0
0.03
9.65
17.99
3.11
0.11
0
0
0
0
0
0
0.01
0
0
0
0
0
0
0
0
0.39
2.7
0.12
0
0.11
0.1
0
0.21
0
0
0
0
0
0
0
0
0.01
0
0
0
0
0
0
0.26
0
0
0
0
0
0
0
0
0
0
0
0
0
0
1.05
0.18
0.47
0.8
6.41
0.02
8.66
13.32
0.68
1.32
0.46
3.81
3.17
12.27
2.14
0.02
0.31
4.63
0.01
0
0
0
0.01
0.02
0.27
0
0
0
0
0.02
0.02
1.29
0.51
0.07
0
0
0.03
0
0
0
10.19
1.88
0.39
1.49
2
2.2
19.5
8.36
5.46
0
0
0.97
1.07
0.12
0
0.05
0.01
0
2.26
0.37
13.16
3.38
0.06
0.01
0
0
0
3.07
0.98
2.45
4.73
0.09
1.35
0
0
0
0.05
0.15
0
0.11
0
14.55
9.43
0.73
10.38
0.09
0
0
0
0.69
0
0.02
0.01
0.66
0.39
0
0
3.77
29.7
0
0.5
0.04
0.06
0.15
6.17
3.85
9.02
1.16
0
0.36
7.34
0
0
11.05
8.1
1.41
1
3.66
0
0
0
0
0.21
3.69
0.23
0
0
0
0
1.29
9.16
11.68
18.71
6.55
6.45
3.42
2.14
3.47
0
0
0
0
0
0
0
0.14
1.02
0.45
0
0
0
0.01
0.7
0.66
0
0
0
0
0.15
0.17
0
0
0
0
0.47
0
0.01
0
0
0.21
2.82
0.88
0
0.07
0
0
0
0
0
0.02
0
0.2
0
0
7.93
0.09
0.01
0
0
0
0
2.48
0.2
0
0
0
0
0
0
0
0
0
0
0
0.04
0.16
0
0
0.01
0
0
0
0
0
0.04
0
0
0
0
0
0
0
0
0.01
0
1.13
0.01
0
0
0
0
0.07
0.01
0
0
0.01
0
0
0
0
0
0
0.47
0.04
0
0.02
0
0.12
0
0
0
0
0
0
0
0.02
0
0
0
0.45
10.82
6.39
0.1
0
0
0
0
0
0
0.01
0
0.02
0.11
0
0
0
0
0
0
0
0
0
0.01
0
0
0
0.01
0
1.44
13.06
2.82
0
0
0
2.99
1.07
5.95
7.86
4.55
9.5
13.21
4.61
0.07
0.04
0
0
0
0
0
0
0
2.13
7.34
17.8
1.4
0
0.65
0.02
0.01
0
0.05
0
0
0
0
0
0
1.24
19.23
3.99
8.37
7.95
1.7
3.65
9.13
2.12
0
0.33
0
0
0.14
3.4
3.3
0
0.13
0.05
0.01
0
0.01
0.05
0.27
0.01
0
0.17
1.59
0
0.07
0.18
0
0.08
0.05
0.02
0
0.02
0.02
0
0
0
0
0
0.01
0.02
0
0
0
0
0
0.02
0.3
0.46
0
0.01
0
0
0.01
0
0.04
0
0
0
0
0
0
0.01
0
2.73
7.88
0.08
1.8
1.2
0.05
4.16
4.4
4.89
4.95
2.11
0
0.47
0.05
0
0.88
0.98
2.23
1.07
0.04
0
0
0
0
0
0
0
0
0.8
0.15
0.02
0.01
0.02
0
0.91
0.01
9.57
0.23
0
0.13
0.91
0
0
0
0
0.39
0.43
0.01
0
0
0
0
0.02
0.06
0
4.32
2.52
0.96
4.23
2.98
1.96
0.03
0.09
0
0.04
0
0
0
0
0
0
0
0
0
0
0
0
0
0
0
0
0
0
0.13
0.36
0
0
0.06
2.04
2.09
0
0.71
0.79
3.39
2.07
0.47
0
0.05
0.76
2.58
0.02
0.02
0
0
7.19
7.34
2.28
0.12
0
0
0
2.03
8.53
0.48
0
0.01
0
0
0.01
0
0
0
0.29
1.23
0.54
1.02
2.71
6.73
0.5
15.84
0
0
3.84
0
0
0
0
0
0
0.01
5.51
1.32
0.53
0
8.96
0
0
0
0
0
7.67
0
1.31
4.92
0
0
0.01
0
0
0
1.45
7.36
10.9
1.64
0.05
0
0
0
0
0
0.01
0
0
0.49
0
0.01
0
0
0
0
0
0
0
0
0
0
0
0.09
0.21
0
0
0
0
0
0
0
0
0
0
0
0
0
0
0
0
0
0
0
0.02
0
0
0
0.38
1.17
4.14
4.5
0
0
0.04
0
0
0
0.07
0.05
0.02
0.02
0
0
0
0
0.01
0
0
1.36
0
0
0
0
0.1
4.17
0
0
0
0
0
0.04
0.02
0
0
0
0.26
0.01
0
0
0
0
0
0
0
0
0
0
0.07
0.04
3.16
15.13
0
0.16
0.13
0
0
0
0
0
0
0
0
0
0
0
0
0.32
3.62
0
0.02
0
0.09
0
0
0
0
0
0
0
0
0.01
0.02
0
0
0
0
0.04
0.01
0
0
0
4.98
0.28
0
0.34
0
0
0
0
0
0
0.47
0
10.41
2.92
0.04
0.05
0.77
2.18
0
0.04
0.02
0
0
0
0.02
0.02
0
1.74
6.08
0.66
0
1.84
0.06
0.48
0.04
0
0.02
0.06
6.06
18.62
3.71
1.79
1.67
1.54
0.14
0
4.04
0.17
0
0
0.02
0
0
0
0.11
0.04
0
0
12.73
3.41
0
0.02
0.01
0
0
0.83
0.14
2.81
7.05
5.8
1.73
1.38
0.8
1.32
0
1.12
0.37
0.05
0
0.03
0
0
0
0.36
0
0.05
0
0
0
0
0
20.52
10.08
13.1
11.95
7.57
5.41
2.69
2.64
1.36
1.97
9.3
14.32
2.63
1.6
1.07
19.31
1.24
3.67
12.07
0.14
10.17
0
0
0
8.11
0
0.48
0.13
0.04
0
1.47
3.33
0.05
0.05
1.64
0.7
1.48
0
10.93
6.09
5.66
9.62
18.03
11.84
6.47
1.18
0
6.4
0.3
0.01
0.62
0
0
0
0.36
0.03
0
0.19
0
0.11
0.93
4.41
0
0
0
0
0
2.17
1.22
2.29
3.38
0
0
0.02
0
0
0
0.01
0.02
1.83
2.99
7.15
4.04
3.69
2.61
0
0
1.28
0.19
4.66
4.52
14.82
3.59
0.07
9.71
11.08
0.44
0
5.78
2.97
0.38
5.9
5.62
0.43
0
0.09
0
0
0
0
0
0
0
0
0
0
0
0
0.15
0.14
2.46
1.52
1.1
4.11
0
0
0
0.01
0
0.01
0
0
0.01
0
0.1
0.01
0.01
0
0.02
0
0
0.02
0
0.21
0.25
0
0
0
0
0
0
0
0
0
0
0
0
0
0
0.06
0.16
0
0.31
0.01
0
0.04
8.09
0
0.01
1.91
1.55
0.18
0.42
0.02
0
0
3.15
3.32
0
0.7
0
0
1.48
0.05
0.96
0.01
0
3.21
0.03
0.12
0.04
0
8.17
0
0
2.47
12.86
1.1
0.09
0.11
3.34
0.03
14.7
0
0
0
0
0
0
0
0.11
0
0
0
0
0
0
0.01
0
0
0
0
0
0
0
0.02
0.49
0
1.67
2.7
0.2
0
0.44
13.02
5.23
0.23
1.09
0.24
0
0
0.01
2.48
5.63
0
1.22
10.52
13.3
0
0.21
0.01
5.33
8.89
0.14
0.54
4.3
0
2.13
1.2
0
0.04
0.04
0.89
0.2
0.18
3.35
3.88
7.11
2.52
2.38
2.29
0.32
9.22
4.37
0
0
3.34
0.26
0
0
0
0
0
0
0
0.03
0
0.02
0
5.73
9.63
0.38
1.24
1.64
0.3
1.16
0.03
0
0.02
0.01
0.01
0
0
0
0
0
0
0
0
0
0
0
0
0
0
0
0
0
0
0
0
0
0
0
0
0
0
9.98
0.48
0
0
0
0
0
0
0.02
0.12
1.16
5.59
6
3.97
0
0
0
0
0
0
0
0
0
0
0
0
0
0
0
0
0
0
0
0
0
0
0
0
0
0
0
0.02
0
0
0
0.44
8.25
0
1.34
0
0
0
0
0
0
0
0
0
0
0
0
0
0.04
0.01
0
0
0
0
0
0
0
6.19
4.25
4.01
0
1.84
10.33
5.98
1.92
3.81
1.59
2.53
0
0
0
0
0
0
13.39
17.75
12.09
3.81
2.69
0.64
5.11
14.44
2.39
0.83
0.3
0
0.01
0.64
0
1.26
0.25
0
0
0
0.05
0
0.03
0.36
0
0
0
0
0
0
0.2
0.03
0
0
0
0
0
0.02
0
0
0
0
0
0
0
0.15
0
0.1
0.16
0.21
0.45
0.59
0
0
0.02
0
0
0
0
0
0
0
0
0
0.03
0
0
0
0
0.09
0
0.24
0
0
0
3.6
1.96
0
0
0
0
0
0
0.23
0
0.05
0.09
0.17
0
0.07
0.53
0.14
0
0
0
0.02
0
0
0
1.84
0.19
0
0
0
0
0
0
0
0
0
0
0
0
0
0.04
0.01
0
0
0
0
0
0
0
0
0
0
4.63
3.95
0
0
0
0
3.16
0
0
2.32
0
0
0.34
0
0
0
0
0.04
0
0
0.19
0
0
1.94
6.89
39.38
3.06
3.52
0.23
3.01
2.08
1.78
1.3
0
0
0
0.17
0
0
0
0.66
0.02
0
0
0
0
0
0
0
0
0
0
1.62
0
3.28
0.28
0.31
0.7
1.47
8.06
3.31
0.12
6.88
6.09
0.22
0.02
0
0
0
0.05
0
0
0
0.16
1.2
5.49
2.03
0.58
0
0
1.08
0.69
0.72
4.44
5.25
5.72
0.67
0
2.16
0
0
2.87
2.12
8.03
1.5
1.02
0.07
1.19
0.5
0.55
2.81
6.28
0
0
2
1.19
0.08
0.04
0.12
1.88
0.38
0.29
0.25
1.5
0.08
0.09
0.64
0
1.2
0.66
25.5
20.81
6.08
0.8
0.12
0
0.01
0
0
0
0.01
0
0
0
0
0
0
0
0
0
0
0
0.21
0
0
0
0.01
0
0
0.05
3.19
0.06
0
2.94
0.19
0.34
2.31
6.84
0
0.23
0
0
0.38
1.39
0.36
0.3
0
0.02
0
0
0
0.17
0
0
0
0.05
0
0
0.01
0.04
0
0
0
0
0
0
0
0
0
0
0
0
0.2
9.09
2.15
0.56
0
2.09
0.08
0
0
0
0
0
0
0
0
27.75
12.69
1.22
0
0.04
0
4.03
5.84
3.66
0.14
1.05
1.22
1.48
0.02
0.49
7.95
25.75
2.22
0
0
0
0.66
10.31
3.23
0.87
4.34
3.97
2.25
0.88
0
2.41
7.56
2.55
3.86
8.08
3.94
1.06
3.69
0
0.09
0.59
9.67
1.69
1.61
0.21
0.02
0.03
0
0
0.01
0.06
0
0
0.01
2.82
0.83
0.5
0
19.36
1.23
5.98
8.33
0
0
0
0
0
0
0
0.02
0
3.24
0.66
1.38
0
0
0
1.88
0.03
0.02
6.45
8.94
0.34
0.05
7.23
0
0
0
0.03
1.43
0.27
0
0
0.22
0.09
0
0.01
0
0
0
0.16
1.62
0.03
0
0.01
0
0
0.02
0
0
0
0
0
0
0
0.54
7.2
0
0.87
2.53
0.12
0
0
0.02
0
0
0
0
0.35
0.38
0
0
0
0.01
0
0
0
1.03
0
0
0
0
0
0
0
0.08
0.02
0
2.62
23.52
0
0
0
0
0
0
0
0
0
0.07
0
0
0
0
0
0
0
0.03
0
0
0
0
0
0
0
0.03
0
0
0
0
0
0
0
0
0
0.01
3.48
7.19
0.02
0
0
0.06
2.04
2.67
0
0
0
0
0
0
0
15.34
0.05
0.17
0
0
0
0
0
0
0
0
0
0
0
0.01
0
0.01
0.91
6.75
3.12
1
1.55
0.03
6.55
0.01
0
0.02
0
0
0
0
0.06
3.25
0.69
15.94
9.95
3.72
0.66
0.37
0.43
0
0.01
0.01
1
0.13
0
0.02
0.12
0
0
0
0.01
0
0
0
0
3.62
0.22
0
0.01
0
0.63
2.08
2.56
0
2.02
5.94
1.05
3.53
4.28
3.28
0.02
0.2
1.57
0.66
0.2
0
0
4.81
0.16
0.07
0
0.05
1.7
0.14
0.07
2.67
1.3
0.39
0
4
2.31
0.68
0.3
0.22
0.13
0.31
3.78
19.81
8
1.94
0.19
0
0.03
0.03
0
0
0
0
0
5.7
9.41
1.71
10.36
1.78
5.03
0.36
0.16
0.45
2.89
2.72
1.25
0.24
0.44
0.14
0.03
7.81
10.41
11.62
11.11
19.38
1.31
3.47
0.77
0.13
0
0
0
0
0
0
0
16.31
1.06
0
0
0
0
0
0
0.45
0
0
0.8
0.22
0.25
6.78
8.23
0.27
0.09
0.02
0
0
0
0
0
0
0
2.7
0
0
0
0
0
0
0
0
0
0
0
0
0.27
5.94
1.23
0
0
0
0
3.31
3.25
11.86
6.62
0
0.21
4.79
2.75
0.21
0
0.12
0.49
7.66
6.4
3.06
1.87
3.13
1.36
5.47
2.28
8.56
2.12
0
1.77
1.45
4.41
0.07
0.07
0
0.02
0.74
6.88
0
0.28
0.05
0
0
0
0
0
0
0
0
0
0
5.69
0.04
0
0
1.88
0
0
0.17
9.35
3.12
1.12
11.97
7.03
15.89
0
0.01
0
0.01
0.01
22.78
0
0
3.69
0
3.88
0.41
15.61
0.46
0.69
0.03
0.12
0
0
0
0
0
0
0
0
0
0
0
0
0.01
1.45
0.02
0
0
0
0
0
0
0
0
0
0
0
0
0.03
0
0
0
0
3.06
0.02
0
0
0
0
2.94
0
0.27
0
0
0
0.01
0
0
0
0
4.65
0.01
0
0.85
0
0.02
0
0.23
0
0
0
0.06
1.47
4.5
0
0
0
0.02
0.33
0.12
30.47
27.94
0.38
0
0
0
0
0
0
0.08
0
0.02
0.18
3.39
30.62
2.78
1.27
0
0
0
0.23
1.81
1.12
0.06
24.17
0
0
0
0.01
0
0
0
0
7.31
0
0
0
0
0
0
0
0
0
0
0.01
0.01
0.48
0
0
0
0
0
0
0
0
0
0
0
0
47.75
14.78
36.34
1.53
7.78
0.23
0.03
0.02
0
0
0
0
0
0
0
0
0
0
0
0
0.02
0.12
0.03
2.03
15
1.25
0.19
0.5
0.16
2.02
0
0
0.34
4.56
0.52
0.14
0.11
0.66
0
3.91
0
0
0
0.12
0.02
0.01
0.01
0
0
0
0
0
0.02
0
0
2.78
3.56
4.78
11.53
0.08
0
0.02
0.01
0
0
0
0
6.73
3.17
0.01
0
0
0.06
0.03
0
0
0
0
0
0
0
0
0.05
0
0
0
0
0
0.01
0
0
0
0
0
0
0
0
0
0
0
0
0
0
0
0
0.09
1.16
2.41
0.34
0
0
0
0.15
2.18
0
0
0
0
0.37
1.48
0.79
0
0
0.01
0
9.97
0.12
0
2.45
2.66
0.03
0.09
1.72
20.19
12.5
3.75
3.22
0.22
0
0
0
0.19
1.88
4
2.19
0.47
1.09
1.72
0.81
0.17
0
0.97
8.27
0.84
0.11
0
0
0
0.23
0
0.02
0
0.1
0
4.5
2.94
0
0
0
0
0
0
10.56
1.56
0
14.38
2.33
1.07
0.51
7.2
3.92
3.19
0.11
2.18
0.2
3.47
0.88
0
0
0
0
0
0
0
0
0
0
2.16
0.3
0
0.1
0
0
0
0
0.02
0
0.48
0.09
0
0
0
0
0
0
0
2.23
0.12
0
0
0
0
0
0
0
0
0
0
0
1.08
2.45
0.13
0.33
0
0
0.3
0.2
0
0.02
0
0
0.52
0
0
0.19
0
0.01
0.07
0
0.04
0.48
0
0
0
0
0.2
0
0
0
0.06
0
0
0
0
0.03
0
0
0
0
0
0
0
0
0
3.31
0.18
0
0.54
0
0.38
0
0.16
0
0
0
0
0
0
0.7
0
0
0
12.72
0.03
0
0
0
0
0
0
0
0
0.43
0.21
0.2
0
0
0
0
0
0
0
0
0.09
0
0
0
1.81
5.17
7.02
0.42
0
0.05
0
1.12
11.2
7.67
0
0
0
0.03
4.69
0.2
0.27
0
1.59
0.1
0
0
0
0
0
0
0
0
0
17.94
4.72
0.17
0
0
0
2.5
0
0.03
6.03
6.53
0.75
0
2.86
0.04
0
0
0
0
0.08
0.08
2.29
0.32
0.01
1.34
0.26
0
0.01
0
3.19
2.56
0.66
0
3.66
0.19
1.92
4.78
3.3
2.67
4.5
0
2.39
8.59
6.75
0.17
3.84
0.22
0.04
5.67
0
0
0
0
0
0.7
3.75
1.78
0.36
2.06
13.09
12.72
8.88
4.17
26.22
32.22
12.05
2.27
2.62
1.06
1.2
0
5.45
0
0.41
0.12
0.06
0
0
0
0
0.05
0.01
0
