19510101
14.89
16.9
0.01
0.02
0
0
0.01
0
4.82
3.88
4.19
6.96
4.24
2.05
0.05
0.27
0
0.59
0.02
0
0
0
2.5
10.74
2.98
8.36
8.55
9.25
0.34
0.16
0.06
0.05
0.05
7.97
25.5
5.19
7.26
1.63
3.12
4.2
5.59
6.66
11.31
2.84
5.47
2.08
0
0.98
3.29
0.59
5.55
0.68
2.68
14.85
0.28
0.16
0.02
0.02
0.03
0.07
0.17
0.94
2.69
1.51
2.25
4.05
5.96
4.7
24.8
4.07
19.26
12.93
7.63
8.05
1.01
0.64
0.03
0.03
0.02
0
0
0
0.02
0
0
0
0.16
0
0
0.02
0.01
0
0
0.01
0.03
0
0.24
0
0
7.9
3.02
0.06
0
0
0
0.01
2.41
2
2.1
1.25
0.97
0.57
3.57
3.5
5.88
7.68
12.21
9.06
3.38
15.63
9.18
9.05
0.12
1.02
7.7
7.39
5.58
6.34
0.97
3.15
1.76
0.13
0.03
0
0
0
0
6.22
3.18
2.71
0.07
0.05
0.03
0
0
6.51
0
1.95
4.25
2.79
0.02
0
0.05
15.91
5.03
13.94
0.14
4.38
0.18
0.02
0
0.03
0.12
0
0
1.42
0.24
0.44
0
0.66
0.27
0.48
2.47
0
0.02
0
0.49
0
0.01
1.69
3.57
3.48
0
0.64
0
1.5
0.27
0.19
0.36
0
0.01
0
0.02
0
0
0.08
0.03
0
0
0
0
0
0.01
0
0
0
0
0.29
0.01
0
1.27
8.74
7.47
8.88
1.22
0
0
0
0.05
0.02
0.01
0
0
0.01
0.01
0.13
0
0
0.05
0
0
0.02
0.02
0
0.77
19.34
5.14
1.77
0
0
0
0
0.02
0
0
0.01
0
0
3.79
9.7
2.75
0.36
2.28
10.82
16.25
3.59
0
0.02
0
0.03
0
0
0.01
0
0
36.74
0
0
0.03
0
0
0
0.02
10.09
8.49
0.49
0.31
0
0
0
0.3
5.31
0.05
0
4.52
3.29
0.51
0.42
0
0
0
0.04
0.07
1.23
2.63
0
0.02
0.03
0.87
0.26
1.79
2.39
4.04
0.88
0.02
1.14
0
0.59
3.04
16.39
9.77
10.77
23.58
4.1
6.28
7.91
1.1
0.81
3.09
0.19
0.72
12.92
4.3
2.56
2.27
1.36
0
0.05
0.03
0.01
3
0
1
0
0
0
0.74
1.16
0.01
0.25
1.66
2.61
1.3
0
0.76
3.47
0.39
0.03
2.61
0.16
0.02
0.04
3.45
0.71
2.56
1.22
7.04
1.15
1.68
1.01
1.6
2.46
0.07
0.01
0
0
0.01
0.01
0
0.01
0.16
0
0.03
0
0
0.01
1.77
0.91
0.07
0
0.13
0
0.4
0
1.84
1.13
0.87
5.47
4
6.54
13.56
7.18
3.38
1.51
0.41
0.55
1.11
0.06
0
0
0
0
0.02
0
0.03
0
0
13.24
5.63
0.32
0.53
0
0.86
0.35
0
0.01
0.02
0.01
0
0
1.63
1.52
0
0
0
0
0
0.18
0
0
0
0.01
0.18
3.85
2.26
4.68
5.23
0.07
1.36
0
7.95
7.82
0.9
0.16
0
0
0
0
0
0
1.88
7.83
13.17
11.92
6.15
6.85
14.76
1.27
0.12
0
0.33
0
0
0
0
13.46
16.51
4.14
21.4
2.37
0
0
1.68
0.02
0.01
0
0.84
0.34
1.93
0
0
0.77
0.13
0.78
0.18
3.77
5.69
3.74
18.96
6.97
6.09
0.38
0
0
0
0
0.5
0
0
2.41
1.09
0
0.83
6.58
3.81
4.63
6.39
13.3
12.37
6.89
0
0
1.08
1.53
1.86
8.04
0.13
0.07
0.02
0.59
0.98
0
0.01
0
2.55
1.51
2.3
0
0
0.01
0
0.31
0.57
4.36
0
0.15
1.31
2
0
0
0
0.82
10.16
0.88
0.11
0
0.06
0.31
4.24
4.04
9.91
3.14
0
0
0
0
0.52
0
1.66
4.68
4.52
0
0
0
0.05
0
9.47
1.18
4.74
1.12
3.97
1.06
9.92
9.47
1.42
9.4
2.98
18.51
1.57
0.01
0
0.41
0
0
0
0
1.52
0
0
0.01
0
0
0
0
0.31
4.57
0
0.02
0
3.46
3.39
0
0.05
0.03
7.57
9.58
3.71
3.66
0
0.06
0.34
0
0.06
0.09
2.06
0
0
0.7
0
0
1.8
0.12
0.04
9.84
9.89
2.62
0.06
0
0
0
0
0
0
0.01
2.43
2.9
0.05
0.05
0.54
1.27
0
0.01
0.01
0.01
3.8
0
0.01
0.09
0.57
0.7
1.77
0
1.94
3.59
0
0
3.32
8.96
1.57
2.05
8.34
0.03
0
5.56
1.29
0
1.64
3.22
0
0
0
2.05
0
0
0
0.1
0.18
0
0.01
0.01
0
0
0.08
0.79
0.41
0.38
1.14
5.78
5.4
4.56
0.06
1.75
0.71
1.59
2.05
2.77
3.11
1.49
3.62
13.12
7.15
6.21
2.13
0.35
0
0
0
0
2.2
0
0.02
1.95
12.85
5.93
2.21
2.37
4.35
1.38
0.25
0
0.01
2.12
0
0.44
0.38
1.59
3.82
3.08
4.05
1.85
0.21
2.73
3.37
3.72
0.67
0.29
0.23
1.66
2.05
0.02
0.29
0.67
0
0
0
0
0
0.03
0
0.01
0
0
0
0
0.03
0.09
0.01
0
0
0.01
0
0
0
0
0.41
2.33
8.79
7
1.08
0.13
0
5.34
2.24
1.28
1.34
0.74
0.26
0.01
0
0.05
0
0
0.02
0
0.01
0
0
0
0
0
0.01
0
0
0
0
0
0.01
0
0
0
0
0
0
0.82
0.05
0
0
0.96
1.2
1.74
1.3
0.05
0.01
0.05
0.01
0
0.02
0.27
0.38
0
0
0
10.92
3.31
0
0.01
0.04
1.89
4.15
2.48
0.98
0
0.95
0.95
0
0
0
3.77
14.86
10.29
10.51
1.2
5.1
1.67
2.97
0.31
12.64
2.4
0.08
0
0.14
0.02
0.15
0.11
0.01
0
0
0
0
0
0.08
0.03
0
13.21
3.85
0.01
0
0.19
0.64
0.16
0
0
0
0
0.05
0.5
0.34
0.02
0
0
0
0
0
0.01
0.12
0.23
2.56
11.91
5.35
0.77
0.06
0
0
0.09
0
0
0
0
1.09
0.64
17.69
4.12
3.29
2.06
0.04
4.26
0.2
11.37
10.16
10.55
6.58
0.96
0.03
2.17
1.25
1.89
0.63
0.5
0
0.57
0
0
0
0.08
0
0
0.7
0
0
0
0
0
0
0
0
0
0
0
0
0
0.01
0
0
1.64
0.34
0.01
0
0
0
0
0
0
0
0
3.61
6.86
1.89
0.02
0.02
0.01
0
0
0
0
0
0.08
0.11
0.01
0
0.14
0
0
0
0
0
0
0
0.58
0.83
5.8
6.02
0.14
3.91
0
0
0
0
0.21
0.05
0
0
0.01
0
0.04
0.01
0
0
0
4.98
10.19
5.41
1.25
0.03
0.02
0
0.41
4.67
14.04
0.75
0.73
0
0
0.69
1.98
14.04
13.58
12.24
13.04
13.08
0.8
0.08
1.05
4.19
0.41
0
2.79
0.34
2.23
7.95
3.03
1.48
0.52
0
0
1.3
4.94
0.93
0
0
0
0
0
0
0
0
0
0
0
0
0
0
0
0
0.01
0
0
0
0
0
0
0
1.09
0.32
0
0
0.05
0
0.79
5.33
3.78
0.2
7.39
7.88
1.98
0.05
0.01
0
0.97
0.36
0.48
0.41
3.25
0.79
1.21
0
0
0
0
0.14
0
0
0.02
0.07
0
0
0.13
0.96
0
0.11
0.97
1.38
1.15
0.43
0.17
0.02
0.72
0
0.04
0
0.03
0.01
0
0
0.64
0
0
0
1.11
0
0
0.04
0.87
0.27
3.64
8.56
6.04
0.13
0.14
0.47
1.14
0.63
1.06
0.25
1.93
1.44
1.65
9.79
4.55
1.87
4.9
4.33
1.44
0.41
0
0.58
0.2
0
0.01
0
0
0.55
1.04
0.03
0.01
0.5
0.12
0.01
1.33
5.53
0.84
0.3
8.93
16.24
2.93
0.53
6.06
9.56
11.33
3.13
0
3.24
5.91
1.38
2.8
0.04
0.16
4.42
6.46
0.3
1.47
0.2
0.01
0
0
3.44
2.96
0.13
0
0
0.16
0.11
0
0.33
0.57
0.21
1.41
0.7
0.43
0.34
0
0
0
0
0
0
0
0
0.01
0
0
0
14.23
1.7
2.13
4.61
0.52
1.19
6.98
1.07
0.03
0
0
0
0
0.05
0.04
0
4.3
4.55
42.18
12.09
2.98
0.07
0.07
0
0
0
0.04
0.1
0.06
0.01
1.41
0
0
0
7.87
6.42
18.29
30.81
6.36
7.27
0
0
0
1.55
0.51
0.02
0
0
0
0
0
0
0
0
0
0
0.21
0
0.72
3.52
0.45
0
0.02
0
0.55
0
0.03
0
0
0
0
0
0
0.35
0
0.04
0
0
0
0
0.01
0.24
0
0
0
0
2.02
11.31
0
0
0
0
0
0
0
0
0
0
0
0
0
0
0
0
0
0
0
0
0
0
1.52
0.65
0
0
0
0.16
0
1.97
0.47
0
0
0
0
0
0
0
0
0
0
0
0.01
2.24
0.07
0
0
0.06
0.04
0
0
0
0.48
2.07
0.61
0
0
0
0
0
0
0
0.01
1.91
0
0.02
0
0
0
0
0
0
0.01
0
0.1
0
0
0
0
0
0
0.01
0
0
0
0.98
0
0
0
2.06
0.24
0.39
0.14
1
0.01
0
0
0
0.18
0
0
0
0.08
0.03
0
0.95
2.94
12.33
2.82
1.41
0.11
0
0
0
0
0
0
0
0
0
0.13
0.02
3.54
9.81
4.94
0.48
7.59
8.82
6.32
13.59
17.95
5.7
1.48
0
0
0
0.01
0
6.11
8.55
0.52
0.55
0.89
0
0.11
0
0
0
0
0.01
0
0
0
0
0
0
0
0
0
0
0
0
0.64
7.05
16.89
11.51
10.68
7.08
6.7
1.65
13.22
4.49
0.94
1.79
1.57
2.52
4.93
4.16
13.68
17.82
13.79
6.09
4.99
4.39
1.78
0.16
0.06
0
0
0.11
1.37
5.36
7.71
7.63
26.61
9.25
0.91
0.79
0.94
0.08
0
0
0.01
0.03
1.51
6.27
4.35
14.77
31.95
17.36
11.78
10.29
2.77
1.87
5.41
5.07
9.23
6.94
4.07
1.3
0.01
0.04
0.01
0.02
0
0
0.01
0.14
0.09
4.63
0.79
0.15
1.68
1.53
0
0.04
0.01
0.03
0
2.97
12.17
7.88
0.92
0
0
0
0.05
0
0
0.01
0.58
0.03
0
0
0
0
0
0.02
5.76
3.75
0
0
0
0.01
0
0
1.17
0
0.44
0.03
0.56
8.11
10.77
3.17
9.82
6.03
2.2
0.27
0.03
0.02
0
0
0.15
6.15
0.14
0.02
0
0.29
0
0
0
0
0.18
0
0
0
0
0
0
0.84
0.05
0.25
1.74
0.61
1.7
4.67
1.68
2.37
0
0
0
1.32
8.38
4.51
2.43
3.82
0.99
3.79
8.75
0.29
9.93
0.98
0
0
0
0
0
0.18
3.34
9.55
7.82
2.97
0
0.04
0.12
0
11.1
0.5
0
0.21
0
0
0.38
0
0
0
0
0
0.01
0.01
0
0.01
0
0.06
0.66
0
0.05
0.01
0.04
0.45
0
0
3.2
3
3.82
0.3
2.2
0
0.05
0.25
0
0
5.43
0.08
0
0
0.25
0.82
7.77
4.75
0
0.03
0.58
0.81
1.61
1.13
0
28.65
2.23
0.43
0
0.02
1.3
2.52
0.21
2.35
0.3
0
0.38
7.93
8.65
0.51
1.21
1.02
0.3
0.17
2.37
1.16
0
0
0.65
0.63
4.42
1.7
0.27
0.48
0.8
0
0
0
1.25
4.03
22.81
2.93
0
0
1.98
0
0.4
0
0.96
0.42
0.3
0
0.06
0.11
3.74
6.32
2.07
0.82
0.08
0
0
0
0
0.57
0.71
0.02
0
0
1.31
4.54
1.1
0.11
12.22
2.07
0.02
0.97
0.94
0
0
0.02
8.74
18.25
18.39
11.07
2.94
0.78
4.52
8.7
0.48
0
3.73
3.65
0.84
0.18
5.64
3.74
0.13
0
0
0.04
0.02
0
0
0
0.52
2.25
10.44
1.85
2.35
0
0
0.34
8.29
16.7
13.32
1.92
0.64
0
0
0.02
0
0.05
0
0
0.69
4.04
9.87
27.38
29
25.9
9.06
5.27
7.2
11.23
7.11
1.14
0.72
2.96
0.1
0.02
0
0.01
0.44
1.44
0.59
0.18
0.59
0.59
0
0.01
0
0.2
1.18
4.77
1.57
0.7
9.88
7
3.1
4.57
8.91
4.61
5.71
3.16
1.44
0.64
0.32
1.25
0.43
0
0.01
0.05
0
0
7.65
2.79
0.04
0.5
0.45
0.55
0.02
0
0
0
0
0
0.01
0.18
0
0
0
0
0.83
0.17
0
1.23
1.19
2.07
3.41
0.96
0.74
0.09
0
0.03
0
0
0
0
0.02
0
0
0
0.01
0.47
0.02
0.01
0
0.13
0.03
0.04
0
0
10.98
12.49
9.05
8.18
10.8
27.59
10.9
9.76
5.13
8.39
23.96
34.98
16.21
5.77
0.73
0.17
0
0
0.07
0
0.03
1.56
2.09
0.48
1
1.34
6.96
10.66
10.27
4.1
5.18
0.06
0.3
3.88
10
5.84
6.6
4.99
2.04
7.04
7.84
10.32
4.56
0.45
0.01
0
0
0
0
0
0
0
0
0
0.02
0
0.03
0.03
0.01
0
0
1.58
0
23.01
12.38
11.32
5.92
2.83
35.68
45.52
7.68
0.02
0
0.7
0.77
0
0.02
0.01
0.01
0
0
0
0.01
0.05
7.32
0.63
0.02
0.25
0.16
0
0
0
0
0
0
0
0
25.26
9.32
4.89
3.66
2.54
9.09
0.41
0.08
0.21
0
0
0
0
0
0
0.04
0.08
0.02
0.02
0
0.01
0.01
0
0
0
0
0
1.62
11.74
2.15
0
0
0
0
0
0
0
5.82
1.81
0.29
0
0
0
0.08
16.04
10.55
1.55
0
0
0
0.01
0
0
0
0
0.25
0
0.03
0.02
0.02
0.01
0
0
0
0.02
1.38
0
0.01
0.01
0
0
0
0.1
0
0.02
0
0
0.01
0.02
0
0
0
0
0
0.27
5.23
3.59
1.32
1.63
11.13
10.41
1.67
15.92
20.08
8.3
0.47
0
0
0
0
0.29
0.02
0.03
0.84
0.36
0
0
0.06
1.43
0.77
1.83
0.05
0.92
2.09
7.42
2.79
0.05
0
0
0.35
0
5.54
0.48
0
0.31
0.24
0.15
0.03
0.29
0
2.14
0
0.02
0.01
0
0
0.61
1.8
4.61
1.44
1.32
0.13
1.81
0.53
0
0
0.22
0
0.13
0.11
5.08
2.8
0.51
0.8
0
0.05
0
0
0
0.3
0.65
0.4
0
0
0.02
0
0
0
0
0
0.01
0
0
0.01
0.05
0.1
0.05
0.04
0
0.01
0.01
0.23
0.62
0.03
0
1.78
0.73
1.34
5.52
6.91
9.54
8.23
5.13
1.3
0.32
0.01
0
0
0
0.87
1.72
0.77
0
0
0
1.08
0.77
0
0.04
0
0.61
0.34
0.08
0.05
3.36
4.57
2.08
0.53
0.05
0.05
0
0
0
0
0.32
0.33
1.59
0.5
0.41
0.37
1.66
1.32
0.37
0.03
0.11
1.18
8.18
22.23
16.35
16.28
2.79
0.04
2.88
0.97
0.31
0.02
0
0
0.01
0
0
0
0
0.01
0.02
2.6
5.65
0.93
0.72
0
1.83
1.05
0
0.01
0
0
0
0
0
0
0
1.61
6.8
7.18
3.55
7.7
1.93
0.38
1.3
0
0.58
3.93
2.32
0.73
0
0
0
3.3
0.72
0
0.17
1.16
0.15
0
0
0
2.59
2.3
3.46
1.35
0.13
0.52
0.09
0.12
0.04
0.97
3.25
5.35
7.05
7.2
4.83
2.2
6.53
3.61
1.46
11.52
3.66
0.26
1.56
22.35
17.81
7.45
1.79
0.25
1.39
2.11
0
0
0
0
0
1.38
0
0
0.02
2.59
4.66
4.21
6.36
2.95
8.2
4.43
3.13
10.81
10.1
7.37
0.32
0
0
0.02
1.58
24.84
13.92
0.99
0.03
3.59
12.99
5.6
0.91
4.61
17.24
14.2
0.99
0.1
0.93
6.44
1.34
0
0
0
0
0.39
0
0
0
0
0
4.35
1.58
0
0.06
0
0
0
0
0
0
0.05
0
0
0
0
0
0
0
0
0
0
0
0
0
0
0
0
0.76
0.21
0.09
0.2
0.01
0.02
0
0.02
0
0
0
0
0
2.68
0
0
0
0
0.01
0
0.01
0
0
0.02
0
0.01
0
0.55
4.94
0.67
3.05
2.75
0
0
0
0
0
2.17
0.27
0
0.66
0
0
0
0
0
2.06
4.03
4.26
7.52
8.14
3.21
0
0
0
0
0
0
0
0
5.81
4.84
18.57
7.98
0.05
0
0
0
0
0
0.23
0.65
2.72
12.84
7.5
4.48
0.1
0
0.38
3.35
1.36
0.04
0
0
0
0
0
0.01
0
0.14
0.01
0.2
3.19
2.59
0.81
2.14
5.32
14.93
8.91
7.08
4.8
0
0
0
0
0
0
0
0.19
0.45
0.05
0
0.01
0.99
0.64
0
0
0
0
0
0
0
0
0
0
0
0
0.01
0
0
0.75
10.18
16
11.26
1.23
0.12
0.3
0
0
0
0
0
0.02
1.25
9.87
3.17
1.52
0.77
0
0
0
0
0.01
0.91
0.93
0.33
0.5
0.1
0.02
0
0.01
0.23
3.02
2.48
0
0
0.02
0
0
0
0
0
0.15
0
5.8
3.48
0.85
3.19
4.92
3.29
8.09
13.16
1.22
0.16
0.01
0.22
0.01
0
0
0.21
0.19
1.58
2.42
7.01
8.63
3.46
5.9
1.34
0
0
0
0
0.55
0.12
0
0.7
0.16
0.91
3.63
1.21
0.21
0.05
0
0.58
0.19
0
0
0
0
1.42
0.98
4.09
2.1
1.08
0.29
0
0.08
2.08
4.16
1.14
7.4
1.64
0.45
0
1.8
21.6
9.43
5.54
4.21
5.39
11.43
4.33
7.23
0.98
6.2
9.54
10.96
3.16
3.98
1.17
0.59
0
0
0
0.03
2.25
3.78
1.2
0.13
0.04
0
0.01
0.3
0
0
0
0
0
0
0.18
0
0
0
0
0
0
0
0
0
0.51
0.09
4.9
4.71
1.34
2.23
17.68
3.54
0.02
0
0
0
0
0
0.97
0
0
0
0
0
0.02
0
0
0
0.01
0
0.02
0
0
0
0
0
3.02
10.88
0.92
0.02
0
0.55
0
0
0
12.65
12.2
5.94
0.02
0.06
0
0.58
0.31
1.96
4.18
0.08
0
1.96
2.79
4.38
0.59
0
0
0
0.19
0
0
0
0
0.18
0
0
0
0.01
0
0
0
0
0
0
0
0
0
0
0
0
0
0
0
0
0
12.01
2.36
0
3.73
0.3
0
0
0.29
0
0
0
0
0
0
0
0.01
0
0
1.85
5.93
0
0
0
0
0
0
0
0.27
0.16
0.01
1.13
0.01
0
0
0.02
0.18
2.75
0
1.35
0.48
1.84
1.16
0.02
0.43
0
0
0.16
0
0
0
0
0
0
0
0
0
0
0
1.55
13.8
6.19
0.73
3.36
1.37
3.44
10.15
1.43
0
0.21
0.13
0
0.01
0
0
0
0
0
0
0
0
0
0
0
0
0
0.96
0
0.05
0.04
0.36
1.29
1.29
0
0
0
0
0
0
0
0
0
0
0.6
2.19
1.46
0
0.02
0.48
0.74
0
0
0
0
0
0.27
0.86
0.1
3.19
1.91
0.02
0.05
4.12
4.97
15.48
10.94
7.35
7.14
4.7
2.77
2.46
1.45
7.92
9.84
22.95
17.21
17.57
11.73
11.84
31.03
28.57
12.11
6.01
6.38
2.74
0.38
2.57
0.65
0.38
0.23
0
0
0
0.13
0
0
0
0
0
0.11
0.39
4.59
3.94
2.19
0.81
3.43
14.21
9.85
0.2
0.02
0.02
0.23
7.2
2.7
3.52
0.36
0.1
0
0
0.31
0.25
0
0
0.02
0.22
2.22
1.58
0.83
0.22
0.27
3.07
1.23
0.64
0.43
0.41
0
0
0
0
0
0
0
0
0
0
0
0
0
0.06
0
0.02
0.03
1.42
3.34
21.7
4.13
7.06
6.8
2.41
17.39
17.34
10.12
12.52
6.64
0
0
0
0
0.35
0.11
0.09
12.14
10.29
0.71
5.51
4.02
1.25
0.1
0
0.54
1.19
1.62
0.66
0
0.39
0.02
0.17
3.17
2.5
1.58
0.41
0
0
0.3
0
10.68
9.36
12.59
5.67
0.76
0.04
0
1.5
1.24
1.98
2.09
2.45
0
0.1
1.79
0.38
3.41
0.95
0
1.05
0.71
0.38
5.71
17.84
13.97
5.22
1.09
4.08
1.79
3.4
0
0
0.01
0
5.36
6.07
7.68
8.5
2.21
3.2
0.23
3.44
1.15
1.77
6.2
11.13
4.16
2.53
0.01
0
0
1.12
6.76
18.07
17
2.47
0
0
0
0.01
0
1.73
1.48
0
0.01
0.22
0
0
0
0
0
0.02
0.96
2.44
1.9
1.4
0
0
0
0
0
0
0
0
0.38
0.06
0
0.77
3.35
0.78
0.85
4.93
0.37
0
0.29
1.01
7.04
4.23
0
3.6
2.19
0.4
0.01
0.04
0
1.1
0.07
0
0
0
0.87
0.88
6.16
7.6
5.36
0
1.73
0
0.7
0
0
0
0
0
0
0.01
0
0
0.01
0
0
0
0
0.02
2.28
0
2.05
1.17
4.75
1.74
1.07
1.17
2.3
5.95
10.84
3.46
0.68
0
0
0.02
1.37
3.24
3.11
0
0.04
0
1.68
0
0.84
0.93
2.13
5.09
2.4
6.13
3.99
2.24
0
9.73
5.79
5.97
2.9
0
0.77
0
9.56
2.45
1.71
0.14
1.15
2.58
0.12
0
0
0
0.02
1.65
10.86
9.41
9.86
6.39
6.38
0.13
0
0.87
0
3.35
5.21
9.62
7.41
1.85
0.12
0.58
0.88
1.2
0
0
0.02
0
0
0
0
0.29
19.64
7.02
1.27
5.77
5.69
9.59
9.31
2.97
2.56
6.25
3.16
0.65
0
0
1.71
9.07
4.07
1.73
19.52
29.41
9.55
1.96
0.95
0.86
0.63
14.42
13.05
11.9
22.3
18.45
12.27
2.66
0.06
0
1.48
1.39
0.12
1.06
0.11
0.67
2.24
3.63
12.95
7.52
5.22
10.6
11.26
0.43
0.45
0.91
0.41
0.23
0.18
0.24
0
0
0
0.02
0.13
2.97
13.11
7.71
3.25
1.01
0.98
0.28
0.67
0.68
3.88
2
0.13
5.59
1.25
3.43
10.2
19.59
21.43
28.65
12.64
4.47
0.36
0
0
0.41
0
2.52
6.14
9.96
4.36
0.04
1.95
11.54
7.96
5.04
11.48
8.4
5.09
10.64
14.99
11.36
12.93
4.89
11.03
11.65
4.08
1.2
0.61
0.01
0
0.58
0
0
0
0
0
0.02
4.99
4.85
16.31
11.96
3.9
2.76
4.67
10.14
14.96
16.04
3.29
0
0
0
0.32
0.02
0
1.09
3.32
6.99
7.55
5.37
4.51
4.04
4.73
1.52
0.52
3.73
1.25
0.6
0.24
0.05
0
0.56
0
0
0
0
0
0
0
0
0
0
0
0
0.3
0.19
0.65
0.07
0.25
0
0.17
0.01
4.22
8.12
3.38
0.52
0.03
0
0.05
0.05
0.1
0.02
0
0
0.05
0.07
0.1
1.25
5.16
2.11
5.64
7.12
0.17
1.47
0
1.9
0
0.03
0.01
1.77
2.61
2.35
0
3.11
26.78
20.05
2.55
4.84
16.64
11.45
7.93
2.6
3.8
1.21
0
0
0
1.3
4.29
1.94
0
0.06
0.02
0
0
0.05
0.31
0.04
0
0
0.01
0.65
5.23
0
0.02
0.01
0.41
0
0.14
0
0
0.04
0.02
0
0
0
0.01
0.09
3.84
0
3.54
0.64
0.04
0
0.03
0.34
0.05
0
0.01
0.01
0
4.12
11.17
6.87
1.35
0
0
0
0
0
0
0
0
0
0.01
0
0.31
0.01
0
0
0.09
0.02
0.1
2.01
0
0.02
0
0
0
0
0.02
0.01
0
0.02
0.1
0
0
0
0
0
0.22
0.01
0
0
0
0
0
0
0.02
0.31
2.26
6.8
4.43
0.59
6.83
0
0
1.18
7.15
3.93
3.05
5.81
6.83
0.32
0.02
5.16
5.96
7.59
26.99
33.98
27.17
17.97
5.54
2.48
3.73
2.09
0
1.4
4.5
21.18
11.2
0
0
0
1.27
17.73
14
19.13
20.6
19.88
14.83
5.7
2.64
11.16
24.77
14.7
9.52
2.66
4.39
1.97
2.73
9.11
8.73
0.34
0.02
0.28
2
5.29
5.4
2.83
0.14
0.01
0.43
0.42
0.77
0.52
0
3.95
15.71
7.97
1.04
0.05
0.01
0.17
0.28
0.27
0
0
1
1.34
0.43
1.71
6.45
7.41
10.1
4.07
1.11
0.65
0.73
1.3
2.48
4.55
1.45
0.13
0.95
0.56
3.3
2.15
0
0
0.64
1.21
2.75
2.88
8.79
6.2
3.49
1.54
7.38
3.59
6.14
8.45
3.45
0.68
0
0.08
0
0.76
4.22
0.9
0
0.01
0
0
0.01
0
0.01
1.88
1.48
8.27
5.52
4.66
3.75
2.8
1.18
0.44
0.94
0.29
0.22
0.9
0.27
0.05
0.01
0
0
0
0
0
0
0
0
0
0
0
0
0.01
0
0.23
1.73
1.91
0
0.24
0.16
0.61
0.32
0
0
0
0
0
0
0
0
0
0
0
0.02
0
0
0
0
0
0
0
0
0.15
1.68
1.4
0.4
7.16
1.41
0.21
0
0
0
0
0
0
0
0
0.02
0.02
0.12
0.86
9.84
12.29
3.8
6.79
4.53
0.45
0.23
0.01
0
0.25
10.8
5.63
2.25
0
1.82
1.39
26.98
10.32
0.11
1.97
0.3
3.16
12.34
2.16
0
0.06
0
0
1.18
6.27
1.05
0.13
0.07
0
0.14
0
0
0
0
0.32
0
0.06
0
0.02
0.02
0.02
0
1.16
2.32
1.7
1.32
1.73
10.54
10.05
23.39
10.8
4.37
1.25
0
0
0.17
3.2
0.45
0
0
0.38
0
0.38
0.01
0.07
0.37
1.1
1.17
0
0
0.77
0
0.43
0
0.85
16.54
1.25
0.34
1.01
3.45
0
0.01
0
0
0.02
0.05
0
0
0
0
0.04
0
0
0
0
0
0
0
0
0
0
0.37
0.37
0.04
0.05
1.45
7.71
0.2
0.34
0.01
9.26
16.17
1.84
10
1.31
0
0
0
0
0
0
0
0.79
2.36
2.63
0.4
0.02
0
0
0
0
0
0
0
0
0
0
0.02
0.01
0
0
0
0.95
0.7
5.08
16.25
7.55
1.37
0
0
0
0
5.3
0.82
0
0
0
0
0
10.36
40.42
19.65
2.09
0
0
0
0
0
0
4.73
16.33
12.84
7.17
0.97
0
2.09
0.01
1.03
13.23
3.77
0
0
0
0
0
0
2.35
19.14
3.36
0.06
0.36
0.03
0
0
0.06
0
0
0
5.52
1.47
0.95
10.09
4.79
0
0
0
0.07
0
0
0
0
0
4.95
6.27
17.84
17.91
5.94
3.9
9.8
8.15
6.38
0.84
0.85
17.3
16.48
13.89
8
5.79
25.67
9.8
5.76
35.77
5.6
0
0.02
1.13
1.85
0.13
0.18
0.01
0.3
0.31
6.05
2.54
0.6
0
0
0
0
0
0.91
0.8
0
0
0.02
2.12
8.05
6.93
15.56
7.77
1.61
0.41
3.27
13.8
11.29
2.83
19.14
10.26
1.89
0.91
0
0.73
0.06
5.11
5.01
5.22
5.31
2.71
11.43
3.73
0.01
5.5
10.88
1.41
0.02
0
0
0
0
0
0
0
0
0
0
0
0.64
0
0
0
0
0
4.07
3.33
0.08
0
0
0
0
0
0
0
0
0
0
0
0
0
2.21
8.8
11.04
8.29
16.11
3.8
1
14.07
19.12
8.03
3.08
0.38
10.08
14.64
7.61
4.48
3.92
0.48
0.04
0
0
0
0
0.22
0.89
0.12
0.13
0.11
0.74
7.63
4.03
0.2
0.29
1.28
0.78
0.12
0
0
0
3.15
0.88
0
0
0
0
0
0
0.37
0
2.28
0.15
1.09
7.35
9.12
2.89
0.84
0.02
0.14
0.37
1.71
5.18
2.58
0.24
0.84
0.87
1.46
12.48
9.52
0.1
0.53
0.03
0
0
0
0.02
0.01
0.29
1.16
1.45
0.05
0.01
0
0
0
12.54
6.38
0.27
0
0
0
12.22
31.03
22.3
4.44
0.98
2.54
5.68
2.91
1.84
0.12
1.22
5.68
0.61
0.16
0.06
0.49
0
0
0.32
4.04
11.56
3.91
0.19
0.03
0
0.42
0
0
0
0
0.97
0.06
2.52
0
9.69
2.04
0.98
0
0
0.04
0.02
0
0
0
0
0
0.02
0
0
0
0
0
0
0
0
0
0.01
0
0
0
0
0
0
0
0.16
0
0.01
0
0
4.52
0.72
0
0
0
0
0
0
0.18
0.09
0
0.03
0
0.05
0.29
0
0
0
0
0
0
0.01
0.02
0
0
0
0.04
0.02
0
0
0
0
0
0
0
0
0
0
0
0
0.19
0
0
0
0
3.09
0.31
0.14
4.05
3.85
1
0.35
1.95
0
6.92
27
9.91
1.02
2.94
0.73
0.01
0
0
5.55
0.01
1.05
0
0
0.02
0.17
1
1.32
0.75
10.77
15.15
2.58
0.67
4.21
5.94
0.94
1.38
0.51
1.61
0.33
0
0.47
8.88
3.58
0.57
0.02
0
0
0.12
0
24.71
19.08
5.54
6.77
1.29
1.58
5.11
3.91
1.86
1.29
1.91
1.36
1.61
0.01
1.36
1.88
1.22
4.74
1.46
1.16
0
0
0
0
0
0
0
0
0
0
0
0
0
0
0
0
0
0.03
0.45
0.44
3.13
0.38
0
0
0
0
0
0
0
0.03
0
0
0.14
0.47
14.99
22.16
25.13
16.89
7.08
14.22
15.68
3.27
5.65
11.98
20.38
4.13
4.77
7.3
10.72
2.72
3.08
3.14
1.98
0.07
2.51
3.54
2.12
3.36
4.87
0.95
0.2
0
0
0.02
0
0
0
0
0.01
1.68
2.68
1.7
1.32
1.08
3
5.32
3.03
4.95
17.13
22.94
8.32
0.85
1.59
7.9
27.16
18.69
6.13
7.68
7.27
2.35
0.17
0.55
0.95
1.3
0.33
0.48
0.54
0.21
0.28
0.27
0.91
0.04
0
0
0.08
3.16
4.66
9.51
6.8
6.73
1.8
0.03
1.24
5.35
1.36
0
0.62
0.11
0.01
0.08
0.64
0.07
0
0
0.16
0.31
0.66
0.16
0.03
0
0
1.59
4.52
1.41
0.22
0.4
31.13
36.55
23.47
5.99
12.33
6.85
1.73
0
1.56
9.98
10.29
0.97
0
0
0
0
0
0
1.43
0
1.25
2.47
0
0
2.57
0.02
0
0
0
0.84
0.12
0
0
0
0
0
0
0
0
0
0
0
0
0
0.01
0
0.55
0.81
0.41
1.09
0
4.07
5.27
1.69
3.59
2.98
5.31
14.54
7.41
0.45
0
0
0.53
0.25
0
0
0
0.02
0
0
0
0
0
0
0
0.14
2.85
0.17
3.46
3.52
5.17
5.27
4.12
0.45
0
0
0
0.01
0
0
0
0
0
0
0
0
0
0
0.01
0
0.04
0
0.02
0.7
0
0.41
0.97
1.84
3.81
10.11
2.91
6.95
0.09
6.18
1.93
5.17
0.05
0.05
0
0.2
0.11
0
0
0
0
0.16
0
0
0
0.02
0.59
0
0
0
0
0
0
0
0
0
0
2.88
0.31
6.96
0
0
1.84
3.39
4.75
4.57
0.15
2.26
0
0.88
0.61
0.55
0
2.47
2.91
0.95
3.62
7.33
1.5
0.75
0.84
2.52
0.1
2
6.14
0.51
0
0
0
0
0
0.02
0.05
0
0
0
0
0
0
0
0
0
0
0
0.02
0.01
0
0.13
0.01
0
0
0
0
0
0.02
0
0
0
3.29
0.23
4.13
20.2
13.93
13.04
20.36
8.62
13.83
17.95
10.91
2.46
4.05
14.62
2.73
3.79
26.55
55.63
25.31
27.16
7.18
0
0.09
0.07
0
0
0.09
0.08
0.45
8.73
9.92
2.67
1.1
2.86
1.17
5.59
9.61
7.02
6.41
2.39
7.66
2.95
0.75
0.72
8.73
8.95
2.95
0.59
17.35
5.59
0.34
4.99
6.48
2.95
0.13
0
0
0.02
0.01
0
0
0.01
0
0
0
0
0
0.01
0
0
0
0
0
0
0
0
0.09
1.52
3.18
1.33
0.02
0.02
0
0.02
0.27
0.13
0
0.01
0.01
0
0.01
0
0
0
0
0
0
0
0
0
0
0
0
0.18
0
0
0
0
0
0.81
12.17
17.8
14.24
11.05
28.2
5.72
0.25
2.2
5.38
26.46
36.41
8.54
6.16
7.5
4.61
0
0
4.47
1.63
0.85
0.41
0.25
0.09
0
1.64
8.3
11.4
5.37
4.61
4.87
0.48
0
0
0
2.19
4.26
5.27
3.18
0.36
4.57
2
0.08
0.02
4.35
9.24
0.62
9.52
1.7
2.13
1.21
0.99
0.31
1.89
0.49
0.29
2.32
0.8
2.14
0.46
0.05
0.01
1.1
13.12
7.39
10.48
4.41
0.14
0
0
0
0.03
0.02
0
0
0
0.01
0
0.05
0
0.01
0
0
0
0
0
0
0
0
0
0
0.3
0.45
0.44
0.21
0
0.63
10.47
1.52
2.46
0.16
0.07
0
0
0
0.54
5.89
3.06
9.37
4.58
0.65
0.69
2.51
0.59
0.21
0
0
0
0.02
0
0
0
0
0
0.09
0
3.62
5.49
10.16
32.7
6.34
3.22
0
22.86
2.45
2.32
0.3
0.01
0
0
0.91
0.01
0.03
0.42
0
0
0
0
0
0
0.27
0
0
0.02
0
0
0
2.41
1.16
0.65
0.13
1.69
3.23
0
0.71
0
0.05
0.09
0.08
0.28
0
0
0.21
0.5
1.45
0
0.15
0
0
0
8.16
0
0
0.05
0
0
0
0
0
0
0.01
0
0
0
0
0
0
0
0.34
0
0
0
0
0.01
0.11
0
0
0
0
0
0
0
0.05
0.45
0.02
0.05
0
0
0
0
0
0.02
0
0
0
0.52
0.82
1.52
5.72
19.84
5.47
2.9
0
0.71
0
0
0.02
0.1
0.55
4.94
4.96
8.9
5.29
8.67
5.86
0.47
0
0
0
0
0
0.75
5.27
1.22
0
0
0
0
0
0.01
0
0
0
0.02
1.78
10.22
28.16
4.33
0
0.01
0.02
0
0.52
0.01
0
0
0.01
0
0
0.01
0.03
0
0
0.02
0
0.03
0
0.05
0.55
4.8
1.55
0.24
0.77
0.33
0.1
0
0.01
0
0
0.01
0
0.61
0.27
0
0.02
1.72
1.33
0.86
3.03
1.42
0.12
1.55
1.8
0.81
6.59
2.85
0.95
0.07
11.32
2.02
0.05
0
0
4.45
2.13
0
0
0
0.05
0
1.89
1.21
1.27
1.38
0.8
0.12
0.16
0
0.75
0.07
10.4
9.57
7.95
1.82
0.02
1.8
0.2
0.02
3.46
9.94
4.49
6.52
10.29
0.48
0
0.47
0.21
0
0
0
0
0.01
0
0.03
0.07
0.1
0.02
0.03
0
0
0
4.47
0.81
1.2
11.43
9.81
7.18
3.26
8.8
6.33
2.64
12.64
20.64
7.97
3.32
7.91
1.74
0
0.43
0.09
0.74
9.1
14.96
17.43
7.8
12.66
7.1
2.46
3.64
0.02
0.01
0
0
0
0
0
0
0
0
0
0
0.07
0.34
2.29
1.63
0
9.49
4.71
1.77
0.04
0.66
0.17
0
0
0
0.3
0
0
0
0
0
0
0
0
0
0
0
0
0
0.01
0
0.03
0.11
1.07
3.13
0.65
0
0
0
0
0
0
0
0
0
0.75
0.47
0.07
0.07
4.23
11.47
1.3
0
0
0
0
0
2.73
1.41
0
0
8.76
1.57
0.01
0
0
0
0
0
1.86
1.09
0.63
0
0.02
0
0
0
0
0
0
0
0
0
0
0.1
0
0
0
0
0.01
0.24
0.04
1.05
0.48
0
0
0.01
0.64
0
0
0
0
0.02
0
0
0
0
0
0
0
0
0
0.15
0
0
0
0
0
0.01
0.02
0.09
0.07
0
0
0
0
0
0
0
0
0
0
0
0
0
0
0
0
0
0.01
0
16.52
13.16
0.32
0.47
1.02
0
0.02
0
0
0.01
4.59
5.68
0
0
0.94
0.03
0
0
0
0
0
0
0.01
0
0
0
0
0
0
0
0
0
0
0.06
0
0.01
0.4
0
32
11.99
13.23
8.38
11.5
24.3
5.08
0
0
4.73
14.86
5.5
3.68
0.64
24.8
11.96
5.77
0.34
0.03
0
0.44
0
0
0.82
3.29
8.05
1.21
1.63
0
0.42
2.25
1.99
0.99
3.8
7.74
3.21
0.36
0.07
0.17
0
3.36
24.79
23.27
7.48
1.01
0.84
0
2.83
9.96
7.88
0.41
1.69
0.22
8.19
9.82
11.46
2.93
12.73
2.4
0.01
0.03
0.37
0
1.15
0.68
1.38
4.51
0.79
0.66
6.89
1.88
0.52
0.12
1.41
19.64
7.18
0
0.06
0.01
0
0
0
6.73
3.99
0
0
0
1.46
0
0.23
0.99
1.5
2.84
13.84
7.61
5.31
1.42
0
0
0.77
0.15
0.59
0.1
0.09
0.05
1.77
6.4
1.51
1.21
17.52
9.28
2.33
7.59
11.74
18.68
12.53
22.74
39.41
28.81
9.82
6.3
3.13
3.5
7.5
0.77
0.01
0.76
3.02
0.42
0.09
0.26
0.12
0.07
0
0
0
0.12
0.38
2.66
10.91
5.2
21.98
8.7
3.46
11.23
5.59
3.41
8.13
7.2
14.52
9.96
6.46
0.49
0.31
0
3.38
29.57
3.75
0.02
0
1.04
0.63
0.02
0
0
0
0
0.09
0
0
0
0
0
0
0
0
0.01
0.15
0
0
0
0
0
0.01
0
0.01
0.01
0
1.81
6.53
6.08
0.81
3.88
4.59
2.39
3.63
12.95
7.6
6.32
7.76
6.75
3.69
17.85
18.53
11.38
1.38
0.06
3.34
1.43
0.46
0
6.2
1.76
0.76
0.02
2.74
1.24
0.49
0.64
0.16
2.66
2.34
0
0
0.09
0
1.02
0.01
1.41
1.99
2.76
0.11
0.01
0.02
2.38
2.89
4.23
0.41
0.01
0
0.14
0.46
0.09
2.78
3.54
0.15
1.33
2
1.48
7.49
6.96
19.66
7
22.84
1.29
0.45
4.69
17.93
4.81
0.38
0.06
0.01
6.51
1.29
0
0
0
0
0.01
0
0
0.28
0
0
0
0
0
0
0
0.02
0.01
3.13
0.36
0.02
0
0
0
0
0
0.02
0
0
1.13
0.01
0.01
0
0.03
0
0
0
0
0
0
0
0
0.63
0.43
0
0
0
0.02
0
0
0.09
0
0
0
0
0.03
0.02
0
0
0
0.08
0
0
0
0
0
0
0.84
0.34
0.58
0
0
0.02
0
0.14
1.14
0.52
0
0
0
0
0
0
0
0
0
0
0.88
0.04
0.14
1.34
4.36
10.73
6.59
0
0
0
0
0.01
0
0.01
0.05
0
0.06
2.86
9.68
21.57
9.61
2.32
2.96
2.93
13.13
7.13
0
3.39
16.3
8.73
0.88
0
0
0.05
12.24
13.62
8.19
1.05
2.04
8.41
2.79
6.82
1.97
0
0
14.21
9.29
1.88
0.23
0.22
0.05
0.31
0
0.01
2.87
1.22
11.69
23.8
13.91
6.52
9.13
3.54
0.71
0
0.02
0.02
0
0.02
0
0
0.01
0.13
0.01
0.7
1.02
0.07
0.13
0
0
0
0.3
0.48
2.45
8.16
2.63
0.95
0.01
0.01
0
0
0
0
0
0.3
1.34
0.05
0
0
0
0
0
0.01
0
0
0
0
0
0
0
0.06
0.01
0
0
0
0
0
0.38
0.2
1
0.55
2.25
3.13
9.44
14.2
3.16
0.73
0
0
0.71
0
0
0
8.45
4.06
10.39
3.2
7.23
0.43
0.36
0.13
0
0
0.27
0
0.02
0
0
0
0
0
1.06
0.3
0
0
0
0.82
0.11
3.52
5.56
14.12
18.34
17.23
3.27
0.01
0.07
0.01
0
0
0.12
3.29
0.02
0.05
0.22
0
0
0.06
0
2.6
0.57
0.88
23.59
6.17
0
0
0
0
0
0
0
0
0
0
0
0.01
0
0
0
0
0.01
2.85
13.14
3.47
0.25
0
0
0
0
0
0
0
6.45
14.2
10.95
3.22
0.8
1.04
0.01
4.15
1.88
1.71
0.77
1.36
1.72
0.12
0.44
0
0.02
0.01
0.03
0.03
0
1.82
0.06
0.59
5.05
0.84
0
0.06
6.36
2.53
0.47
3.88
4.54
0.93
6.59
4.3
6.61
3.09
9.27
9.48
6.91
2.38
0.04
0
0
0.01
0.01
0.02
0
0
0
0
0
0
0
0.01
0.11
0
0.19
3.11
15.92
7.65
0.3
0
0
0.05
0.02
0.01
0.52
1.73
1.2
0.24
0.07
0.23
0.04
0
0
0
0.01
0
0
0
0
0
0
0
0
0
0
0
0
0
0
0
0.01
0.23
0
2.4
0
0.01
0.03
0
0
0
0.01
0
0
0
0
0
0.27
0.05
0.04
0
0.01
0
0
0
0
3.26
0
0.39
0
0.39
0.02
0
0
0
0
0.06
0
0
0
0
0.02
0
0
0.01
0
0.1
0
0.25
0.22
0.05
0
0
0.13
0.04
4.47
1.29
0.14
0
0.02
0
0
0
0
0.01
0
0
0
0
0
0
0
0
0
3.15
0
0
0
0
0
0.02
0
0
0
0
0
0
0
0
0
0.31
0
0
0
0
0.41
3.81
0.28
0
0
0.01
0
0
0.88
4.24
0.87
11.36
0.97
0.07
0
0
0
0
0
0.05
0
7.91
4.38
6.88
2.77
0.02
6.91
10.85
4.08
0
0
0.02
1.28
7.75
31.43
13.41
15.85
6.3
0.09
0.06
0.52
0
0
1.16
9.37
8.53
1.7
0.32
0.02
0.5
0.02
0
0.02
0
0
0
0.04
0.3
0.29
0.36
0.01
0
0
0
0
0
0
0.02
0.5
0.35
0.01
0
0.32
0.54
0.33
1.41
0.41
0.08
0.53
0.48
0
0.02
0
0
0
0
0.01
0
0
0
0.02
0
0
0
0
0
0
0
0
0
0
0
0
0
0
0
0
0
2.38
0.25
0.16
0
0.2
0
0.2
0.34
10.88
7.37
6.91
14.47
2.5
2.95
5.88
12.46
15.13
10.5
5.24
0.82
1.74
7.25
2.66
6.48
14.85
4.97
5.2
7.6
9.97
5.89
2.88
3.67
1.67
9.14
0.95
0.79
1.76
1.82
0
0.84
5.47
0.51
0.95
0.03
0
0
0.01
0.04
0.07
0
0
7.58
6.88
0.76
0.03
0
0.89
10.36
1.79
0.01
5.44
15.48
6.88
0.81
0
0.01
0
3.16
8.95
0.77
0.05
0
0.01
0.98
1.88
6.11
19.63
5.22
0.91
0.15
0
0.07
0
3.55
1.95
17.25
0.75
0
0.04
0.74
1.13
5.17
4.1
0.09
0
0
0.18
6.59
13.38
0.83
1.3
10.84
1.59
0.03
0
0
0.05
0.02
0
0
0.03
0.42
9.2
1.44
0.23
0
0.72
5.36
0.35
1.5
4.02
1.51
0.38
0.01
0
0.01
3.16
1.99
1.5
0
0
0.02
0.04
0.01
0
1.62
0
0.67
6.07
1.5
0
0
4.02
0.79
0
0
0
0.07
0
0
0
0.01
0
0
0
0
0
0
0
0
0
0
7.1
1.49
1.1
0
0
0
0
0
0
0
0
0
0
0
0
0
0
0
0
0
0.15
0
0
0
0
0
0
7.78
1.89
0.13
0
0.59
0.04
0
0.37
0.04
0
0
0
0
0
0
0.37
2.58
0
0
0
0
0.02
0.01
1.76
13.05
4.38
0.94
0.53
4.24
1.18
0.23
0
0
0
0
0
0
0
0.15
0.4
1.75
2.66
1.8
4.55
2.09
0.86
0
0
0.09
0.96
0.07
0
0
0
0
0
0
0
0
0
0
0
0
0
0
0
0
0
0
0
0
0
0
0
0
0
0
0
0.26
0
0.03
0
0
0.05
0.65
0.32
0.11
2.39
13.02
17.55
14.04
3.2
3.78
10.83
2.41
15.46
11.91
1.09
0.39
0.43
0.04
0.56
2.18
17.31
3.38
0.41
0
0.03
0.04
0.02
0.6
0.23
0
0
0
11.64
6.65
4.18
0.37
3.46
6.99
0.28
0
0.13
0.88
1.25
0.49
0.33
5.87
0.55
0
14.55
4.92
19.99
17.77
18.43
3.91
0.83
1.91
0.62
0.1
0.01
0.17
0.02
0.73
0.62
0
0
0
0
0
0.18
0
0.05
0.15
2.47
1.38
0.45
7.81
3.01
8.22
8.56
16.6
7.32
14.12
2.26
2.21
1.28
0.2
1.16
0
0
0.01
0
0
0
0
0
4.93
1.91
0.52
0.01
6.09
4.06
0
0
0
0.02
0
0.03
0.37
0
0
3.96
3.34
3.7
1.85
6.16
15.79
7.63
4.09
18.12
26.55
3.43
2.51
2.48
0.05
5.05
23.67
3.58
7.89
8.04
6.07
4.7
0.98
5.87
1.2
2.43
0.28
0.61
31.24
34.91
11.73
7.36
36.71
10.84
3.63
0.34
0.33
8.16
6.93
0.41
0.06
0.01
0.01
0.05
0.02
0.02
0.07
0
0.42
11.95
4.55
0.03
0.19
0.42
5.42
2.67
0
0
0
0
0
0
0
0.01
0.02
0
0
0
0.54
0.35
0.01
2.29
9.59
7.18
38.02
13.46
0.23
0.07
3.81
6.24
7.95
4.99
0.89
5.4
5.41
15.8
0.42
0.98
0
0
0
0.02
0
0.16
5.16
21.77
0.43
0
0.02
0.02
1.87
6.23
4.29
1.29
11.05
5.88
0.48
0
0
0
0
0
0
0
0
0.01
6.03
12.4
11.8
4.78
7.82
5.12
2.79
0.04
0.01
0.14
1.32
0
0.37
0.13
1.37
5.23
0.48
0
0
0
0.19
0
0
0
6.95
4.71
0
0.3
0.25
0
0
0
0.16
0
0.01
0.16
0
0
0
0
0
0
0
0.03
0.11
0
0.08
0
0
0
0
0
0.01
0
0.67
0
0.02
0
0.02
0.54
0
0
0.37
0
0.04
0.01
0.09
0.02
0
0
0
0
0
0.25
0.01
0
0
0
0
0.3
0.08
0
0.13
1.18
7.18
25.61
11.8
7.36
2.29
2.6
0.5
3.75
1.19
1.93
0.19
0.98
9.16
8.37
7.69
7.77
2.55
1.6
9.95
0.3
0.16
0.01
0
0
0
0
0.01
0.43
0.02
4.38
0
0
0
0.08
1.07
6.47
1.23
0.01
0
0
0
0.02
2.2
5.97
0.32
0
0
9.44
13.27
5.59
0.72
0.01
0.2
0
0
0.05
0
6.37
0
0.01
0
0
0
0
0.16
0.02
0
0.45
4.3
0.73
0
0.2
42.57
31.14
2.59
2.53
0.49
0.02
0.02
0.27
0
2.59
4.73
13.63
5.63
14.11
3.6
0.83
0.16
0.71
0.01
0.02
0.09
0.12
0.31
0
0.02
0.49
0.27
0.43
0.02
0.31
0.01
0
0.01
0
0
0
4.72
0.58
0.02
0
0
0.57
0.68
1.68
15.47
3.61
3.45
6.38
9.59
3.88
10.87
0.96
12.41
23.9
11.4
3.55
1.07
17.84
18.51
16.84
15.62
23.72
5.96
4.51
7.5
6.14
1.39
1.22
0.89
0.29
8.79
0.63
0.21
0.2
0
9.47
4.9
0.63
2.27
2.62
0.26
1.66
3.75
0.07
0
4.38
2.84
4.7
1.76
0
0
0
0.26
2.88
2.16
1.37
1.31
0.12
0.2
0.06
0
0
0.16
0
0
0.4
0
0.18
0.21
0.12
0
0
0.14
0.01
0
0.17
0
0.19
1.45
0.41
1.18
0.07
4.37
3.04
1.18
0.35
0.01
0
0.02
0.05
0.19
9.59
1.5
0.85
3.43
2.43
0.56
0.02
0.34
2.37
2.75
3.14
0.13
0.01
0
0
0.02
9.01
0.84
0.01
0.05
0.75
5.63
0.12
0
0
0
0
0
0
0
0
0
0.65
1.07
0.08
0
0.01
0.27
0.04
0
0.03
0
0.05
2.42
1.92
7.56
1.27
5.44
2.27
2.57
3.8
3.84
1.23
6.06
4.43
1.73
0.04
0
0
0
0
0
0
0
0
0.02
0.07
0
0
0
0
0
0.04
0
0.02
9.26
3.52
7.5
6.16
0.44
2.07
1.2
0.2
0.02
0
0
0.01
4.25
2.27
0.12
0
0
11.14
1.74
0
0.1
0
0.45
0
0
0
0.01
0
0.02
0
0.01
0.45
0
0
0
0
0
0.04
0
0
0
0
0
0.03
0.08
0
0
0
0
0
0
0
0
0.02
1.21
1.84
12.02
6.19
12.06
0.12
0
0
0
0
0
0
0
0
0
0
0
0
0
0
0
0
0
0
0.01
0
0.07
0.01
0.25
0.09
0.39
0.03
0
0
0
0
0
0.01
0
0
0
0
0
0
0
0
0
0
0
0
0
0
0
0
0
0
0
0.12
3.25
0
4.18
0.46
0
0
0
0
0
0.04
0
0
0.72
8.21
1.96
3.89
2.5
0.13
0.04
0
0
0
0.01
0.01
0
0
0
0
0
0
0
0
0
0
0
0
0
0
0
0
0
0
0
2.84
0.88
0
0
0.61
13.18
4.34
2.94
1.15
1.32
0.37
8.03
2.17
19.11
1.66
0
0.14
4.58
1.1
0.21
2.29
2.2
3.07
0.27
0
0
0
0
0.04
0.01
0.02
16.52
14.34
1.39
0.48
0.09
0.04
0
0
0
0
0
0
0
0.12
0.2
0.09
0.12
3.12
2.36
1.06
3.71
2.38
2.37
0.26
0.01
0.01
0
0
1.03
0.2
0.46
0.01
0.17
0
4.24
1.98
3.17
0.73
0.35
1.06
13.72
7.88
19.35
13.53
3.95
9.93
6.22
3.23
4.99
1.66
0.12
0
4.89
2.29
0.71
0.02
0.02
0.04
0
0
0
0
0.13
5.02
2.82
0.22
0.04
0
0.55
6.41
0.99
0.09
0.02
0
0
0
0
0
0
0
0
0
0
0
0.01
0.01
0
0.01
0
1.16
12.26
2.69
1.11
0
0.07
0.92
7.13
1.59
3.4
9.73
24.49
18.51
3.66
1.58
0.14
0.05
0
0
0
0
0
0.45
0.57
0.51
8.59
15.44
9.12
11.74
1.82
10.84
9.05
2.04
1
0
0.23
0
5.83
1.82
0.08
0.39
0.01
0
0
0
0
32.46
17.18
2.6
0
0
0.2
4.05
3.2
20.57
6.05
0.2
0.54
0.07
3.12
18.66
8.06
1.14
0.48
0.23
6.25
32.19
3.65
2.67
5.11
12.2
6.4
8.87
7.88
2.8
2.82
16.1
8.63
23.48
13.66
6.56
2.48
0.87
0.81
0.12
1.55
1.57
4.34
9.03
16.55
3.23
5.41
2.54
12.98
7.37
8.54
0.82
0.21
19.42
4.05
0.34
0.95
0.61
0.1
0
0
0
0.86
0.02
1.27
2.43
0.4
0
0
0
0.39
3.09
5.02
4.36
8.56
0.83
0
0.02
0.01
0
0.01
0.37
2.52
2.25
0.26
0
12.42
0.09
0.02
0
0
0
0
0.02
0.01
0
3.68
0.14
0.11
0.01
0
0
0
0
0
0.01
0
0
0.16
0
2.05
0.02
0.53
6.67
0.55
0
0.05
0
0.01
0
0
0
0
0
0
0
0
0
0
0.12
1.65
0.73
0
0
0
0
0
0.18
0.34
1.04
3.77
0.99
0.36
0
0.85
2.99
9.66
0.32
0.26
0
0
0.01
0
0.04
1.5
13.02
1.37
0
0
0.1
0
0
0
0
0
0
0
0.01
0.82
0.18
22.43
6.05
0.13
3.64
2.61
1.16
0
0
0.04
0.01
0
0
0
0.01
0.21
0
0.04
0.09
6.21
0
0.02
0
0.66
0.18
0
0.09
0
0.33
1.38
11.13
4.15
1.55
0.47
0.31
0.22
0
0
0.01
0
0
0
0
0.01
0
0
0.45
0
1.06
0.33
0
0.41
3.53
4.41
1.98
0.68
11.07
3.88
1.1
0
0.69
0.07
0
0.01
0
0
0.13
0
0.01
0
1.46
0.15
0
0
0
0
0.14
4.18
5.21
4.13
1.61
1.66
6.34
7.64
5.2
1
11.65
1.35
0.2
0.11
0.09
0.32
0.89
7.48
10.29
0.63
2.91
1.98
4.3
11.05
5.69
6.02
4.62
1.87
2.63
6.95
2.77
0.01
0.01
0.57
0
0.01
0.18
0
0.02
0.55
9.1
17.01
34.54
19.14
14.32
9
5.66
4.32
2.84
10.12
8.79
17.53
2.03
0.7
0.41
0.24
3.51
4.34
1.95
0.77
0.66
0.26
0.34
0.04
0
0.07
0.54
0.68
0.17
0.73
4.77
3.85
7.76
18.41
2.5
2.58
6.27
1.66
0.06
0.08
0.3
2.55
1.04
6.78
3.24
0.22
0.89
0.01
3.36
1.82
0
0.01
0
0.01
0
0.01
0.01
0
0.04
0.08
0
0
0
0
0
0
0.01
0
0.63
4.01
0.55
0.72
0.01
0
0
0
0.05
0
0
0.03
0.4
0.27
0.19
0.16
0.34
0.18
1.13
0
0.01
0.06
2.5
7.3
4.16
3.72
0.23
1.05
1.14
0.66
0.07
0
0
0.03
4.3
6.22
3.66
1.09
0.34
0.52
0.71
2.71
1.98
0.62
0.52
0.12
0
0
0
0
0
1.82
1.55
1.67
0.05
0
4.41
0.5
0.09
0.02
0
0.85
0
0
0.05
2.77
17.99
15.31
2.37
1.27
0
1.38
1.09
0.04
11.93
3.23
0
0
0.27
0.23
0
1.3
0.06
0
0
0
0
0
0
0
0
0
0
0
0
0
0.01
0
0
0
0
0.02
0
0.03
0
0.02
0.04
0
0.25
0.12
0.51
20.41
1.83
0.25
0
0.06
2.5
1.28
0.01
0.5
7.88
0.12
0
0
0.02
2.49
0.16
0.04
0
0
0
0.01
0
0
0.01
0
0
0
0
0.01
0
0
0.14
0.05
0
1.7
0
2.09
9.7
12.21
10.76
10.09
5.98
1.6
2.52
0.2
0
0
0
0.03
0
0
0
0
1.9
34.47
41.33
31.41
1.88
0.1
4.05
10.85
2.02
0
0
1.23
6.5
0.59
0.21
0.34
6.78
2.79
1.67
1.27
1.14
4.03
2.66
17.88
2.43
0.98
0.16
0.34
1.5
3.44
5.6
4.62
0.01
0.05
0.16
0.31
1.34
20.57
8.24
0.26
0.12
0.96
6.38
2.27
9.05
25.49
12.41
3.23
6.7
1.13
0.63
0.73
0.04
0.02
0
0
0
0
0
0.88
0.37
5.2
7.77
1.89
0.63
0.1
0.06
0.2
0.06
0.01
0.32
3.96
3.74
1.45
8.05
4.97
0.12
0
0.46
8.89
8.38
0.65
0.83
0.08
0
0
0.01
0.01
0.01
0
0
0
0
0
0
0
0
5.34
14.21
11.25
0.88
0
0
0
0
0
0
0
0
0
0
0
0.09
0
0.07
0.78
10.59
5.78
2.45
24.1
7.96
2.23
3.49
5.41
6.13
1.3
0
0.3
0
0
0
0
0
0
0.67
3.06
0.23
0
0
0
0
0
0
0.05
0
0
0.33
1.44
4.2
2.16
0.99
0.08
0.01
0.43
0
0
0
0
0
0
0
0.03
0
0
0
0
0
0
0
0.01
0.01
0
0.01
0
0
0
0
0.02
0
0.15
0
0.01
0
0.16
0.2
0.78
7.32
4.48
0.57
1.96
6.23
0.04
0
0
0
0
0
0
0
0
0
10.55
2.41
0.48
0.02
0
0
0.09
0
0
0.01
0
0.02
0.02
0.95
2.9
5.68
0
0.93
0.05
3.95
0.78
0.15
0.37
6.2
0.24
2.6
0.95
0.55
0
0
0.01
0.01
0
0.01
0.04
0
0
0
8.91
6.77
16.83
16.03
13.92
2.5
0.99
0.02
0
0
0.02
0.02
0
0
0
0.41
0.07
1.06
6.88
14.98
7.58
0.83
1.24
0.07
1.66
14.08
6.87
9.43
5.29
0.19
0
4.82
0
0.01
0.01
0
0
0
0
0
0
0.03
0.36
0.01
0.05
0
0.06
0
0
0
0
0
1.6
0
0.18
0
0
0.27
2.68
0.06
0.98
1.27
0.02
0
0
0
0
0
0
0
0
0
1.06
12.95
1.11
1.23
0.03
0.05
0
0
0.01
0
0
0.02
0
0.01
0
15.23
2.4
0.13
0
0
0.07
0
0
0.21
0
1.23
1.07
0.01
0
0
0
0
0
0
0
0
0
0
0
0
0.3
0.13
3.37
0.01
0.02
0
0.29
0
0
0
0
0
0.05
0
0
0.01
0.01
0
0
0
0
0
0
0
0.28
2.88
0.52
0.07
0.06
0
0.01
0
0
0
0.01
0.2
2.31
4.63
4.02
7.26
6.51
4.67
1
3.13
12.34
3.88
0.05
0
0
0
0
0
0
0.01
0
8.11
4.27
2.68
11.57
7.79
5.25
24.18
6.12
0
0
0
0
0.02
0
0
0
0
0
0
0.2
0.52
1.66
0
0
0
0
0.02
0.01
0
0
0
0
0.73
0.74
0.05
0
0
0
0
0
0
0
0
0
0
0
0
0
0
1.31
13.06
22.8
8.23
21.18
13.84
8.61
5.44
0.16
0
0
0
0
0.22
0.12
0.13
3.79
1.63
15.61
13.38
7.09
6.65
6.75
0.4
0
0.04
0
0
0.21
0.51
0.25
0
0
0
0.32
0
0
0.81
1.76
5.32
1.15
4.8
0.91
2.99
3.6
3.66
9.93
2.66
2.08
0.41
10.98
0.85
0.49
0
0
11.03
10.64
6.82
4.26
7.85
5.7
1.47
0.77
5
0.35
0
0
0
0
0
0
0
0
0.02
3.34
0.92
0.34
0
0.01
0
0
4.66
8.25
1.63
4.51
3.36
0
0.3
0.66
0
0.47
3.26
10.17
2.49
11.1
2.61
2.53
0.73
2.79
0.92
4.19
0.76
0.01
0
0.54
18.68
1.51
1.13
0
0
0
0.12
8.16
9.81
2.76
2.91
3.5
5.26
0.32
0.02
1
0.14
0.08
0.14
2.25
0.78
0.03
0.52
3.6
5.48
4.77
10.31
5.36
1.67
1.02
11.61
6.88
1.96
0.23
0.07
0.01
0
0
0.74
0.17
0
0
0.02
1.22
0.14
0
0
9.9
0
0.29
0.16
0.02
1.58
0.93
2.14
0
0.13
0.16
0.02
0
0
0
0.66
0.85
0
0
0
1.27
0
0
0.04
0.97
3.25
9.84
15.71
5.64
0
0.1
2.45
0.94
0.35
0.01
0.05
0.98
12.88
0.78
2.7
2.61
0.34
0.04
0
0.3
0
10.25
2.45
1.84
0
0
0
0
0
0
14.79
14.81
8.24
1.88
0
0
0
0
0
0
0
0
0
0
0.01
0
0
0
0
0
0
0.05
0
0
0
0
0
0
0.14
0.05
0
0.58
0
0
2.77
2.81
4.28
7.88
4.77
0.02
0
0
0.05
0.06
0.05
0
0
0
0
0
0
0.01
0.01
0
0
0
0
0
0
0
0
0
2.84
1.03
0
1.49
0
0.01
0
0
0
0
0
0
0
0
0
0
0
0
0
0
0
0
0.34
0.18
0
0
0
0.46
5.95
1.07
1.05
0
0
2.2
6.59
0.04
0
0
1.86
6.65
0
0.02
0
0
0.03
0.01
0
0
0
0
0
0
0.23
0.02
0.02
0
0
0
0
0.16
0
0.09
0
15.98
4.91
11.45
4.79
2.45
1.78
0
1.69
12.33
2.25
0.1
0
0
0
0
0
0
0
0
0
0
0
0
0
0
0
0.03
0
0
0.01
0
0
0
0
0
0
0
0
5.41
14.6
1.2
0
0.01
0
0
0
0
0
0
0
0
0
0
0
0
0
0
0
0
0.04
1.93
3.96
7.09
16.77
2.73
0.19
0.98
1
0
2.16
0.66
0.02
0
0
0
0
0.19
0.02
0
0
0
0.24
5.69
16.87
2.61
3.32
12.34
3.77
8.2
1.21
5.12
7.03
1.22
0.01
0
0
0.3
0.01
0.01
0
0
0
1.61
0.17
0.09
1.18
7.81
9.3
4.91
1.23
0.55
0.23
0.66
3.81
0.42
1.47
1.32
1.8
0.76
0.48
0
3.05
3.91
2.11
4.51
0.67
0
0
0
0
0
0
0.01
0
17.93
2.13
1.43
1.34
0.31
0.98
6.5
1.09
0.05
0
0
0
0
0
0
0
0
0.09
0.06
1.87
27.7
5.09
1.79
0.49
27.41
2.48
0.55
3.27
4.69
0.67
0.11
0
0.04
0.27
0
0
0
0
0.02
1.15
0.13
0.67
10.85
1.56
0.44
0
0.01
0.64
0.69
1.27
8.69
29.77
8.05
6.44
8.05
0.32
0.23
1.2
4.74
16.98
2.12
1.17
3.53
7.14
9.31
0.48
0.73
0
0.41
0.09
3.32
4.84
5.58
9.51
1.93
0
3.2
5.43
5.22
10.45
2
0.01
0
4.8
0.27
2.02
0
1.3
0
0
0
0
0
0
0
0
0
0
0
0
0
0
0.07
0.08
0
0
0
0.01
0
0.01
0
0
0
0
0.53
0.01
0
0.02
0.01
0.07
0
0
0
0
0.03
0.45
5.67
4.35
0.05
0.02
0.06
1.41
0.05
0.73
0
0
0
2.27
11.28
1.07
0
0
0.04
0.15
0
0.26
0.43
0
0
0
0.02
0
0
0.02
0
0
0.01
0.04
4.34
1.27
1.59
2.71
4.04
0.92
3.97
1.45
0
0
0
0.43
9.09
5.61
2.09
0.01
0.04
0.01
0
0.01
0
0.01
0
0.63
0
0.23
8.39
3.63
0.09
0.05
0
0
0
0
0
0
0.18
0
0.02
0.1
0.09
2.02
5.51
0.31
0
0
0
0.18
0
0
0
0
1.01
2.13
0.41
0.04
0
0.49
3.64
2.33
0
0
0
0
0.04
0.04
0
0.08
0.01
0
0.68
0
0
0
0.85
0
0
0
0.14
1.03
0.35
0.02
0.55
0.39
0.34
0
0
7.14
0.32
0.75
4.51
3.75
0.22
0.03
0
0
0
0.65
0.11
5.84
13.85
11.07
3.79
5.66
0.07
1.36
0.17
0.38
0
0
0.66
0
0
0
0
0
0
0
0
0
0
0
0
0
0
0
0
0
0
0
0
0
0
0
0
0
0
0
0
0
0
0
0
0
0.98
1.39
1.21
1.45
11.38
10.85
7.88
3.17
3.43
14.24
10.75
7.7
0.77
0
0
0.32
0.32
0
0
0
0
0.04
0
3.55
8.16
4.98
0.49
0
0
0
0
0
0.01
0
0
0
0
0
0
0.09
0.57
0
4.3
3.21
0.05
0.44
0
6.28
2.42
0.34
2.74
0.17
0.01
0.03
0
0.2
0.54
0.02
0
0.01
0
0
0
0
0.02
0
0
0
0.36
11.11
28.97
7.88
1.21
0.05
0
0.02
0.05
0.02
0.91
0
0
2.15
3.63
6.8
8.75
2.88
0.4
0.59
7.52
0.95
0.2
0
0.69
3.33
1.45
0.42
0.51
0
0
0
0
0
0.02
0.14
0.63
8.25
8.21
2.42
0
2.9
0.51
0.25
0.02
0
1.27
0
0
0
0
0
0.94
3.77
0
2.46
11.43
8.18
1.41
0
0
0
0.14
0
1.56
0.95
0.05
4.05
1.52
0.1
0.91
0.14
1.06
2.81
0.81
1.64
6.8
3.43
4.87
6.98
1.17
0.07
1.39
1.16
3.45
2.35
2.16
0.87
3.82
2.36
2.13
1.42
15.16
7.8
3.55
0.13
0.04
0
0.03
3.98
1.11
0
0
0
0.01
0.98
0.42
0.55
0
0.11
4.02
0
0.06
0
3.09
1.39
0
0
0
0
1.73
0.34
0.06
0
0
0
0
0
0
0
0.01
0
0
0.64
2.78
0
0
0
0
0
0
12.71
0.4
0.23
3.29
3.15
6.2
14.48
6.09
1.77
0.31
0
0
0
0.04
0
0
0.08
1.46
0.69
0.84
0.01
0.25
8.1
0.38
0
0
0
0
0
0.12
0.46
0.17
1.44
0.01
0.95
6.93
4.3
11.28
1.89
0.21
7.3
5.48
1.4
1.35
0.5
0.05
0
0
0
0.16
11.17
26.55
20.82
2.61
5.41
1.08
1.03
3.26
6.7
2.44
1.41
0.02
0.22
0.76
14.45
3.19
1.42
9.54
1.41
0.13
0
0
4.73
2.9
4.3
1.13
0.24
5.9
1.75
13.71
20.32
7.84
5.5
0.98
0
0
0
0
0
0
0
0.94
0
0
0
0
1.36
0
0
0
0
0.51
5.49
3.48
1.34
1.15
7.86
16.48
3.55
0.55
0
0
0.52
0
0
0.03
0
0
5.43
15.48
20.77
2.22
0
0.05
0
3.43
7.46
1.63
0.29
0.2
3.95
18.98
19.22
12.12
7.91
1.78
1.16
0.95
0.46
1.48
0.54
0.66
9.97
8.3
7.12
11.53
11.66
4.62
0.24
0
0.62
1.09
18.09
12.27
7.91
4.04
0.81
2.71
9.11
12.18
11.38
2.85
5.33
5.79
1.59
9.21
10.55
5.66
1.04
0
0.32
0.42
2.94
6.96
12.52
6.69
5.99
1.01
1
0
2.03
5.8
16.51
15.13
8.94
5.92
5.85
4.75
2.22
2.05
1.17
0.41
0
0
0
0
0.23
0.3
0
0
0.18
3.04
9.6
3.75
0.74
0
0
0.01
0
0.13
8
1.57
0.98
18.28
11.59
3.13
0
0.14
0.83
5.13
0.1
0.21
0
0
0
0.06
0
0
0.05
2.09
0.45
0.07
0
0.09
0
0.07
0.13
0.99
2.18
2.82
0.35
0.22
0
0
0
0
0.15
0.01
0.15
0.09
0.79
7.25
6.5
2.68
0.87
4.34
6.45
3.39
0.06
0.11
0
0
0.01
0.21
6.72
1.07
0.03
0.89
7.41
1.28
1.01
2.32
0.23
1.87
5.16
2.13
3.7
0.76
0.53
0
0
2.57
10.67
6.96
7.24
5.15
1.2
0.15
0.13
0.55
0
0.18
5.58
0
3.82
26.57
3.1
0.16
0.48
0.01
0.23
0.05
4
3
1.67
3.34
2.37
0
0
0.27
0
1.77
0.07
0.2
0.09
0.01
0
0
0
0
1.02
0.29
1.66
0.19
0
0
0
0.69
4.09
2.81
0
0.02
0
0
0
3.79
8.71
1.68
0.38
1.1
0.02
2.45
0.98
0.36
0.02
0
0.1
0
2.15
0.22
0
0
0
0.41
0
0
0
0
0.53
0
0.2
0.85
0.02
0.68
5.92
2.01
0.47
0
0
0
0.06
1.74
0.95
0
0
0
0
0
0.03
0
0
0
0
0
0
0
0
0
0
0.01
0.07
0
0
17.11
0.76
0
1.1
0
1.41
4.41
0.77
0.07
0
0
0
0.84
0.7
0
0.47
0.52
0.68
24.03
12.82
16.42
12.34
1.23
0
0
0
0
0
0.55
1.95
16.47
2.68
11.46
3.97
2.42
1.8
1.18
0.07
0.13
0.16
0.2
0
0
0.39
0.17
0
0
0.33
0.66
0
0.02
0
0
0
0
0
0
0
0.01
0
0.03
1.44
2.9
11.33
3.38
0.01
0
0
0
0.28
0.16
4.24
5.13
11.25
7.44
0.07
0.8
4.38
8.33
3.92
26.04
16.74
3.4
1.02
0
3.66
0.53
0.52
1.56
2.7
0.64
0.06
2.49
3.42
6.3
3.87
1.7
0.02
0
0.27
0.54
4.03
1.65
0.72
0.38
1.41
1.71
0.32
0
0
0.98
0
0
0
0.73
2.48
4.08
3.46
3.28
4.64
0.7
0.43
2.31
7.77
3.55
7.48
1.68
1.21
3.63
4.2
0.65
3.05
15
3.37
0.65
0.4
0.32
0.47
0
0
0
0.55
0.8
2.26
4.88
11.5
2.89
0.75
0.22
0.23
4.48
10.02
3.34
2.07
7.61
5.04
1.21
0.63
5.97
14.21
22.19
16.5
21.84
11.53
9.96
19.13
19.45
6.27
0.05
0.7
0
0
0
0
0.4
4.55
1.25
0.2
0.32
2.68
3.41
0.76
0
0
0
0
0
0.25
0
0
0
0.57
7.2
1.05
0.64
7.98
1.89
0.19
12.52
4.55
1.49
1.72
0.35
1.68
1.44
5.09
5.29
0
0
0.69
0
0.16
0.38
1.02
0.04
0
0
2.82
2.71
24.68
23.23
4.52
7.91
14.93
7.13
4.16
1.29
4.18
5.77
3.42
0.37
0.08
0
0.86
0.27
0
0
0
0
0
0
0
0.3
0.12
8.57
9.8
13.67
14.83
4.29
0.02
0.68
1.16
4.33
7.53
4.77
0.21
0
0
0.51
0.4
0.06
0.66
0.62
0.62
13.35
2.55
0.36
0
3.99
2.65
0.69
2.32
0.09
2.77
1.39
2.1
0.52
0.01
0
0
0
0
0.17
0.27
0.63
2.45
0
0
1.51
0
0
0
0
0
0
0
0
0
0
0
0
0
0
0
0
0
0.13
0
0
0
0
0
0
0
0
0
0
0
0.04
0
0
0.01
0
0.01
0
0
0
0
0.43
0
1.06
0.13
0
0.02
0.29
0.09
0
0
0.23
1.25
2.02
0.08
0.04
0
0
0
0.08
0.02
1.13
0.06
2.12
9.14
3.34
0.11
0
0
0
0
0
0
0
0
0
0
0
0.38
0
0.3
0
0
0
0
0
0
0
0
0
0.36
1.9
1.14
0.14
0
0
0
0
0
0
0
0
0.02
1.34
2.63
1.09
0.04
0.05
0.2
0
0
0
0
0
0
0
0
0
0
0
0
0
0
0.01
0.06
0
0.02
0.36
0.89
3.69
0.4
0.74
1.09
0.26
0
0
0
0
0
0
0
0
0
0
0
0
0
0.18
0.88
0.16
0
0
0.68
9.95
16.63
7.68
0.82
2.21
12.98
11.64
4.79
3.38
9.27
11.62
14.66
6.09
6.23
2.44
0.75
1.38
2.61
2.51
1.18
0.88
4.67
12.23
15.13
5.52
7.59
2.5
4.04
8.85
4.98
1.3
2.53
12.46
3.09
0
2.16
3.63
1.76
0.79
3.27
0.04
0.69
0
0
0
0
2
14.82
19.94
2.48
3.99
2.4
0
0.54
3
20.62
29.6
14.03
2.5
0.2
0.73
2.64
15.54
3.5
15.9
13.75
9.63
11.7
3.41
10
14.68
14.2
12.28
10.33
13.84
5.25
1.13
0
0.06
0
0
0.04
0
0.4
0.28
0.13
0.01
0.42
3.81
1.72
0
0.28
0
0.48
1.64
5.38
4.68
0.74
0.67
0.32
0
1.06
4.63
2
1.66
4.14
11.09
11.11
4.48
5.6
2.57
3.66
4.05
15.42
7.52
2.91
2.35
1.02
0.95
0.39
0
0.33
2.18
8.83
4.64
0.02
0.51
6.88
8.95
6.01
3.6
1.39
6.55
10.95
1.76
0.27
0.7
0
0.01
0
0.02
0.65
0
0.02
0
0.09
0.02
0.01
0
0
0
0
0.02
0
0
0.85
1.55
8.42
3.28
0
0
0
0
0
0
0
0
0
0
0
0
0.02
0.02
0
0.02
1.77
0.81
1.69
2.65
15.91
39.34
13
3.63
0.32
4.05
3.88
0.02
1.47
4.28
2.78
1.25
0
0
0.05
0
0
0.02
0.01
0
0
0
0.01
0
0
0.01
1.96
6.46
6.23
7.63
3.27
2.84
2.91
0.98
3.41
3.59
1.02
1.53
0
0.01
0.13
2
0.95
2.12
0.05
0.04
0.34
0.07
0.26
0.59
0
0.01
0
0.51
0
0
0
0
0
0
0
0
0
0
0
0
0
0
0
0.02
0
0
0
0
0
0
0
0.18
0
0
0
0
0
0
0
0
0
0
0.28
0
0
0.36
0
0.68
4.88
1.35
0.14
2.73
2.07
1.36
2.21
1.05
0
0.13
0
5.7
2.55
10.79
3.69
7.58
1.07
8.07
14.88
4.89
0.12
1.54
0.34
0.68
0
0.37
0.92
0.01
0.28
0.16
0
0
0
2.52
0.41
7.16
4.61
0.67
26.24
12.09
6.64
18.37
16
14.15
14.95
6.82
0
0.02
0
0.18
7.05
5.37
2.43
1.32
5.62
21.04
19.23
5.28
1.29
0.34
0
0
0
0
0
0
0.02
0
0.21
1.58
0.03
0
2.86
16.66
18.96
5.82
0.96
1.23
0
0
0
0
0
0
0
0
0
0
0
0
0
0
0
0
0
0
0
0
0.93
0.45
0.39
0.24
0
0
0
0
0.4
0.32
0
0.12
0
0.09
1.2
8.62
11.48
9.2
1.07
0.83
0.18
0.45
0.94
0.34
0.03
0
0
0
0
0
0.28
2.88
3.41
5.36
2.18
0
0.28
0.06
0
0.98
0.21
0.29
2.28
1.97
0
1.14
0.29
1.16
0.55
0
0
0.04
0
1.43
4.5
1.05
0
0
0
0
0
0.2
0
3.21
0.86
0
0
0
0
1.09
0.71
0.01
0.27
2.76
0.89
0.62
1.54
1.33
1.08
5.82
5.95
3.13
0
0.46
0.22
0.41
2.41
4.87
3.82
0.12
0
0
0
0.07
0.27
0
0
1.18
0.56
0.19
0
0.86
10.7
8.11
15.6
11.7
2.16
0.1
0.45
0.04
1.86
2.14
2.3
2.65
0
0
0.03
0
1.02
0
0
0
0.47
0.23
0.17
0
0
0.03
3.36
4.67
1.65
1.52
2.24
1.11
1.62
0
0
0.02
0.02
0
0.18
2.02
4.2
5.05
2.85
2.08
1.38
17.94
13.22
15.87
16.15
0.32
0
0
0.02
0
16.98
8.26
1.38
0.32
0.24
0.8
0
0.03
0
0
0.18
0
0
8.82
4.21
4.31
1.91
2.76
0.52
0.17
0.23
0.82
2.74
0.52
3.13
0.02
3.38
21.38
4.96
0.88
7.95
18.13
5.78
5.03
0
0
0.01
0
0
0
0
0
0.06
0
1.12
0
0
0
0
5.38
4.51
0
0
0
0.06
0
3.36
1.67
0.54
0
0.13
0.04
0.73
0.44
0.1
1.83
0
0
0
0.14
0
0
0
0.04
0
0
0.04
0
0.03
0.39
0
0
0
0
0.02
0
0
0
0
0.36
0
0
0
0
2.99
0.31
0
0.32
1.16
0
0
0
1.35
1.62
1.87
0.42
0
0
0.19
0
0
0
0.43
0
0
0
3.39
0
0.71
5.43
1.47
0
0
0
0
0.01
0
0.33
2.23
1.28
2.37
2.09
1.92
0
0.57
0
0.85
0.07
1.84
2.38
0
1.36
0
0.02
0.23
0
0
0
0.7
2.64
1.71
0.16
0.02
0
0.94
2.92
7.99
15.91
2.58
0.12
0
0.94
0
0
1.12
13.82
6.03
1.59
0
0
0
0
0
0.31
1.91
2.29
4.39
2.16
1.67
7.38
29.88
14.37
2.13
3.43
10.51
3.56
0
0.14
0.07
0.27
0.65
0
0.01
0
0.01
0
0.11
1.82
5.47
0.73
0.46
0.47
1.76
0
0.09
0
0.02
0
0.01
0
0
0.41
0.02
0
0
0
0.44
2.41
0.63
0.12
0
2.94
3.5
0.13
0
0
0
0
0
0.41
0.01
0
0
0
0
0
0
0
0
0.02
0
0
0
0.83
0.38
1.53
0.25
0.12
0
0
0
0
1.41
0.1
0
0
0
0
0
0.01
0
0
0
0
0
0
0
0
0
0
0
0
0.6
2.2
11.91
3.57
2.29
0.67
0.01
0
0
0
0
1.29
0.81
0
0.12
0
0
0.01
3.12
5.3
5.08
1.02
0
0.02
0
0.5
0.34
0
1.2
0.08
0.02
0.01
2.28
0.02
0
0
1.28
0.11
0.13
0.05
0.46
1.29
1.84
0.04
0
0
1.02
5.31
5.54
8.16
2.8
0
0.53
7
3.21
1.03
0
0.68
0.06
0.09
3.15
7.46
2.32
4.5
8.77
1.11
3.87
2.02
0
0.48
0
0.13
0
5
3.05
5.48
4.86
0.09
12.49
2.18
0.05
1.08
0
0.39
0
0
0
0
8.46
10.19
12.97
10.02
18.57
6.24
0.05
0
0.03
0
0
0
0
0
0
0
0
2.65
5.86
1.3
0
0
1.7
2.88
0.73
0
0.01
0.79
0
0
0
0
0
0
0
0
0.06
0.02
0.03
0.01
0.01
0
0
0
0
0.01
0
0.02
0.19
0.46
3.91
4.59
3.95
2.41
1.2
0
3.64
0.18
0.07
0
0
0
0
0
0.44
0
0
0
0
0.02
0
0
0
0.02
0
0
0
0
0.02
0
0
0
0
0
0
0
0.05
0.04
0.84
2.38
0
0.69
11.77
3.46
0
0.02
0.41
0
0
0
0
0.14
0
0
0
0.02
0
0.05
0
0
0
0
0.89
0
1.34
4.92
4.3
0.07
0
0
0
0
0.05
0
0
6.25
2.65
0
0
0
0
0
0.11
1.15
1.49
0
0.03
4.65
6.64
9.21
0.27
5.34
6.84
8.95
1.59
0.02
0.58
7.05
0
3.11
0.38
0
0
0
2.59
2.16
0
0
0
0
0
0
0
0
0.37
0
0
0.9
0.24
0
0
0
0.18
0
0
0
0
0
0
0
0
0
0
0
0
0
0
0
0
0
0
0
0
0
0
0
0
0.45
0.02
0.38
0.06
0.55
0
0.02
0
0
0
0
0
0
0.04
0
0
0
0
0.05
3.04
3.82
2.93
1.55
3.71
2.55
1.25
3.42
12.21
4.55
2.35
5.99
13.44
15.56
12.34
6.59
2.95
7.86
19.33
31.18
22.29
12.89
9.35
2.67
0
0
0
0.01
0.03
0.01
0
0.08
1.99
10.53
2.11
0.66
0.86
1.83
2.34
0.82
0.9
0.72
0.03
0.01
0.01
0.18
0.43
0.37
0.12
0
0
0
0
0
0
0
0.32
0
0
0
0
0
0
0
0
1.14
6.98
2.05
9.95
6.23
1.36
3.44
2.27
0.13
7.04
2.27
1.13
3.87
3.3
1.04
1.61
0
0
0
0
0
0
0
0
0
0
0
0
0
0
0.01
0
0
0
0
0
0
0
0
0
0
0.22
0
0
0.12
5.58
5.22
11.76
8.46
1.15
0.44
3.05
1.59
1.39
0.01
0
0
0
0.13
0
0
0
0.72
11.63
12.07
7.27
12.43
1.09
0
0.71
0
0
0
0.02
0
1.18
0
0
0
0.33
0.58
0.11
0.09
0
0
0
0.28
0.44
0
0.01
0
0
7.68
6.52
2.35
1.49
0
1.74
0.02
0.11
0
1.27
3.54
6.31
14.68
13.5
10.3
6.72
1.31
0
31.58
10.37
1.73
0
0
0.01
12.31
1.68
0
0.04
0.03
0.02
0.02
0.28
0
0
0
0
0
0.01
0
0
0
0.41
0.71
0
0
0.43
4.41
0.04
3.39
14.22
4.11
1.5
0.88
2.55
2.16
0
0.02
0.39
0.06
0
0
0.01
0
0
0.18
0.87
0
0
0
0
0.02
0
0
0.01
0.12
3.28
5.09
1.73
0.98
0.03
0.11
0
0.01
0
0
0
0
0
0
0
0
0.28
1.37
0
0
0
0
0.06
0
0.51
0.65
0.2
0
0.45
2.25
0
0
0
0
0
0
0.03
1.55
0.06
0
0
0
0.1
5.33
2.79
1.98
0
0
0.26
0
2.04
0.21
12.16
1.8
0.12
0.07
0
3.46
18.26
2.46
0
0.01
4.86
0.68
0
0
0.01
0.01
0.02
0.01
0.01
0
0
0
0
0
7.41
1.73
0
0.01
2.22
8.36
6.6
1.03
2.79
8.21
3.09
1.67
0
0
0
0
0
0
0
0.01
0
0
0.33
0
20.3
41.08
10.02
2.9
0.01
0.05
1.29
8.45
1.35
2.04
0.98
0
0
0
0
0.01
0
0.01
0.01
13.66
13.34
4.35
0.04
0.03
0.01
0
0
0
0
0
0
0
1.31
0.87
1.04
1.09
8.42
6.31
0.25
0
0.02
0.98
0.62
0.48
4.49
2.16
0.13
0
0.41
0.46
0
0
0
0
0
0
0
0
0
0
0
0
0
0
0
0
0
0
0
0.01
0
0
0
0
0
0
0
0
0
0
0
0
0
0
0
0
0
0
0
0
0
0
0
0.2
0
0.06
0.05
0
0
0.01
0
0.11
0
0
0
0
0
0.05
0.02
0.05
0.06
10.64
4.97
0.41
0.23
0
0
0
0
0
0
0
0
0
0
0
0
0
0
0.12
0
0
0
0
0
0
0
0
0.82
0
0.55
1.32
0.14
0.02
0.01
0.89
0.7
0.14
0.21
0.02
0.01
0
0
0.01
0
0
0
0
0
0
0
0.89
2.89
4.68
2.76
4.94
1.91
8.78
6.83
18.7
10.5
2.49
0.69
1.41
1.12
10.03
3.15
0.21
0
0.02
0
0.02
0
0
0.02
0.05
0.27
0.35
2.75
2.54
1.1
6.96
2.13
0.06
0
0.04
1.03
0.7
0
0
0
0
0
0
0
0
0.01
0.01
0
0.27
0.01
0
0.26
0.02
0
0.04
0.09
0.04
0
0
0
0
0.03
0
0.02
0
0
3.16
1.23
4.01
7.55
2.51
0
0
0.01
0
0.27
0.61
3.14
4.3
2.16
6.09
2.24
0.01
0
0
0
0
0
0
0
0
0
0
0
0
0
0
0.04
0.03
0
0
0.02
0
0
0
0
0
0
0.25
0
6.4
4.71
1.02
0.34
1.86
1.66
0.02
0.02
0
0.02
0
0
0.88
0
0.17
0
0.03
0.2
29.3
7.4
0
0.16
7.54
1.7
0.17
0.8
0.06
18.39
12.5
0.01
0
0
0
0
0
0.02
0.01
0
0
0
0
0
0
0
0
0
0
0
0
0
0
0
0.01
0
0
0.01
1
0.05
0
0
0
0
0
0
0
0
0
0
0
0.07
1.44
0.39
0.02
0.57
0
0
0
0
0
0
0
0
0
0
0.41
2.33
7.03
0.25
0
0
0
0.46
0.83
1.88
1.44
0.25
0.36
5.66
2.71
0.18
0.2
0.58
5.24
4.93
4.96
16.81
3.72
2.45
13.06
17.02
3.86
0.38
0
0.34
0
0
0
0
0
0
0
0
0
0
0
0
0
0.52
0.02
0.13
0.91
0.67
7.77
8.65
7.56
7.31
23
11.7
23.27
13.05
5.05
1.75
0
0
0
0
0
0
0
0
0
0
0.22
0.46
0.14
0.41
1.91
4.25
1.84
0
0.03
0
0
0.01
0.02
0
0.13
2.2
3.08
9.96
10.64
6.23
5.28
4.57
0.37
3.19
0.73
0.01
0.51
1.67
1.33
1.4
3.32
0
0
0
0
0
0.01
0
0
0.01
0
0
0
0
0
0
0.58
0.3
0.28
0.07
4.77
2.6
0.54
0.8
0.13
5.59
15.87
2.32
0.7
0.22
0.15
0
0
0
0
0.26
0
0.11
0.64
0.4
3.59
3.79
6.99
4.05
3.75
1.51
6.2
6
6.7
3.38
3.58
14.1
4.66
0.77
0.7
10.48
3.88
1.62
15.87
5.91
1.77
7.46
1.71
0.85
0.71
0
0
0.01
0.01
0.6
1.75
0.89
2.05
3.22
0.03
0
0
0
0
0
0
0.17
1.04
3.04
0.03
0
0.16
0.62
2.38
8.88
6.14
1.76
0.89
6.27
5.16
8.22
9.39
1.33
0.21
0.75
0.89
19.79
17.99
6.71
10.16
15.38
9.34
1.8
9.83
15.89
8.26
3.83
7.91
1.22
3.38
1.48
3.07
1.73
0.31
0.38
0.75
7.33
19.5
26.42
7.34
0.37
0.06
0
0
0.02
0.56
0
0.01
0.01
0
0
4.46
2.82
0
0
0.84
0
0.01
0
0
0.01
0
0
0
0
0
0
0
0
0.23
0
0
0
0
0
0
0
0
0
0
0
0
0
0
0
0.01
0
0.04
0
0
0
0
0
0
0.01
0
0
0
0
0
0.02
0
0
0
0
0
0
0.48
0.92
0.05
0
0
0.04
0
0
0
0.3
2.7
1.7
0
0
0
0.08
0
0
0
0
0
0
0
0
0
0
0
1.17
0
0
0
0
0
0
0
0
0
0
0
0
0
0
0.02
0
0
0
0.03
12.82
3.05
0
3.97
6.83
8.98
8.25
1.52
0.23
0
0
0
0
0
0
0
0.01
0
0
0
0
10.13
4.28
0.02
0
0
0
0.73
12.94
3.02
0
0
0
0
3.23
3.01
0.67
10.12
7.21
5.18
18.55
35.73
11.58
8.02
3.72
4.4
20.86
14
18.48
10.16
2.05
9.23
6.2
1.2
1.39
0.98
0.19
0.09
0
0
0
0
1.23
20.05
9.63
0.93
2.05
0
0
0
0
0
0
0
0
0.87
2.55
0.11
0.04
0
0.11
1.72
0.07
0.61
0
0
0
0
0
0.29
0.58
0.64
0
0
0
0
0
2.05
6.56
5.34
2.43
0.56
0.19
0.32
0
0
0
0.05
0.36
1.12
2.91
8.53
5.3
1.56
14.63
25.04
15.46
5.45
3.22
11.44
4.88
1.48
0.84
0
0
0
0
0
0
0
0
0.05
3.97
8.69
11.42
17.84
13.91
3.48
1.84
1.67
0.06
3.43
11.48
3.7
1.65
0.63
2.4
2.77
0
0.02
1.1
0.25
0.09
0.85
5.66
2.13
0.44
0.38
0.41
0.04
0.01
0
0
0
0.05
0.1
0.06
0
0
0
0
4.4
11.91
7.32
12.18
8.77
0.31
0.01
0
0.01
0.39
0.03
0
0
0
0
0
0.15
5.88
9.41
6.89
3.76
8.34
1.67
0.41
0.76
0.65
0
0.54
0.01
0.54
0
0
0
0.97
12.92
10.91
3.67
4.47
2.86
1.33
0.8
0.48
0
0
0.02
0.64
5.15
4.6
3.48
1.56
0.36
0.09
0.01
0.12
0.96
2.94
3.4
1.95
9.82
9.22
0.21
0.18
0.98
0
0.02
0
6.31
2.66
0
0.91
1.51
2.54
0.55
0
0.22
9.42
4.52
0
0.22
0
0
0
0
0
0
0
0
0.01
0.02
0
0
0
0.48
2.45
0
0
0
0
0.1
0
1.83
0.02
0
0.09
0
0.04
3.33
3.47
0.06
0
0.01
0.01
0
0
0.01
0.03
0
0
0.22
2.27
0.27
0.08
0.02
0
0
0.01
0.05
0
0
0
1.41
0.04
0
0
0.16
3.85
9.85
0.72
0
0
0
0
0
0
0
0
0
0.02
0
0
0
0
0
0
0
0
0
0
0
0.26
0.16
0
0
0
0
0
0
0
0
0
0.01
0
0
0.7
0.04
0
0.07
0.33
0.05
0
0
0
0
0
0
0
0
0
0
0.04
1.59
0.13
0
0.66
1.02
0
0
0
0.01
0
1.58
0.26
0
0
0
0
0
0
0.01
0
0
0
0
0
0.02
0
0
0
0
0
0
1.93
0.14
0
0
0.01
0.01
0
0.23
4.98
10.22
14.51
6.04
1.95
0
0
0.01
0.41
2.54
2.47
1.83
0.16
0.03
0.08
0
0
0.02
0.01
0
0
0
1.39
7.15
16.86
6.27
0.1
0.04
0
0
0
0
0.08
11.58
1.53
0.63
4.63
0.68
0.2
0
0
0
0
0
0
0
0
0
0
0.07
6.17
8.93
15.48
6.17
2.89
13.36
17.95
7.86
2.8
3.23
8.21
6.39
5.65
1.51
4.44
0.74
5.08
1.51
0
0
0
0
0
0
0
0
0.01
0
0
0
0.04
0.04
0.02
0
0.01
0
0
4.99
12.53
6.46
4.69
2.71
1.44
2.28
3.75
1.82
0.23
3.66
1.65
0.62
0.52
0.02
3.45
19.41
20.82
14.76
12.83
14.8
10.41
3.45
12.46
4.27
1.38
1.7
8.77
3.02
0.96
0.09
4.16
7.13
3.58
0.26
0.3
0.75
0.34
4.14
0.38
0.23
1.63
0.24
2.79
9.47
1.14
0
0
0
0.98
0.18
0.93
0.04
0
0
0
0.09
0
0
0.02
0
0.01
0.02
0.62
9.71
4.48
0.39
1.96
6.61
4.5
3.01
1.34
2.82
5.25
2.28
1.7
4.09
3.18
2.55
1
1
0.69
0.69
8.7
3.7
4.07
11.34
13.89
6.1
3.84
2.9
0
0
0
2.67
0.67
1.82
9.84
8.59
1.11
0
0
0
0
0
0.76
0.22
0.01
0.64
0.23
0
0.19
0.43
0.49
0
0.02
0.02
3.2
1.71
0.32
1.69
0
0.02
0
0
0
0.03
0.01
0.01
0
0.04
0
0
0
0
0
0.01
0.31
1.26
2.33
0
0.93
8.11
14.18
5.45
0
0
0
0.03
0.18
0
0
0
0
0.05
2.13
0
0.01
0
0
0
0
0
0
0
1.68
0
0
0.46
0.13
0
0
0.05
0.08
0
0
0
0
6.15
2.27
0.02
0
0
0
0
0
0
0
0
0
0
0
0
0
0
0
0.63
0
0
0
0
0
0
0
0
0
0
0
0
0
0
0.58
0
0.05
3.56
6.48
2.15
0.01
0
0
0.15
0
0.02
0
1.66
0
24.19
6.05
0
0
0
0
5.48
15.49
3.15
4.3
1.21
2.17
1.65
0
0
0
0
0
0
0.1
0
0.46
2.28
0.62
0.61
2.52
0.41
0.01
0
0.44
1.04
5.18
4.17
2.69
5.31
4.83
2.64
0.73
0
0
0
0.35
3.63
11.13
1.55
0
0
0
0
0
0
0
0
0
0
0
0
0
0
0
0
0
0.45
7.05
15.95
6.02
0.18
1.94
1.96
0
0
1.89
1.12
0.3
0
0
0
2.83
0
0
0
0
0
0
0
1.31
0
0
8.78
2.05
0.05
0
0
16.68
5.66
0.3
0.25
0
0
0
0.09
1.13
1.61
2.07
0.92
0.25
1.33
2.34
2.53
0.1
0.19
0.28
0
0
0
0
0
0
0.01
0.3
24.6
15.14
2.81
8.68
19.51
5.17
2.87
0.72
0.28
0
0.01
0
0
0.54
0.81
0
2.66
10.41
11.62
6.12
12.35
10.5
2.1
0.92
6.49
2.52
0.84
0.08
0
0
0.01
0.72
8.31
11.44
2.66
0.2
0
0.25
17.43
14.42
4.04
0.33
0.07
0.09
0
0.08
8.74
6.47
2.61
0.55
0.01
0
0
0
0
0
0
0
0.31
0.33
0
0.39
1.09
1.75
0
0
0
0
0
0
0
0.3
0
0.11
1.05
3.15
1.55
0.19
1.73
0.1
0.01
0
0.58
13.41
12.32
15.49
9.74
3.2
15.98
15.79
3.53
0.1
0.16
0.03
0.01
0
0
0
0
0
0
0
0
0
1.51
4.32
1.52
0
0
0
0.18
0
0
0
0
0
0.01
0
0
0
0.68
0.94
0.16
0.06
0
0
0.05
4.98
3.66
1.21
0
0
0.49
11.69
13.89
1.65
0.03
0.04
0
0
0
0
0
0
0
0.01
0
0
0.01
0
0
0
0
0
0.06
0.13
8.01
1.98
0
0
0
0
0
0
0
0
1.27
0.09
0
0.03
0
0.84
1.43
0.06
0.05
0
1.54
6.21
1.88
15.09
2.72
0
0.87
6.56
6.71
19.18
13.39
0.92
0
0.01
0
0
0
0
0
0
0
16.62
7.95
0
0
0.13
0
0.16
0
0
0.01
0
0
0
0.02
0
0
0.13
0
0.02
0
0
0.01
0.01
0
0
0
0
0
0
0
0
0
0
3.04
0
1.14
0.14
0.27
0.03
1.12
0
0.05
0
0
0.02
0
0.13
0
0
0
0
0.01
0
0.01
0
0.04
0
4.8
1.39
0
0
1.07
1.45
2.23
0
0
1.16
0.29
20.86
15.98
1.39
10.09
12.6
4.92
0
1.54
20.63
13.95
9.13
0.18
0.11
0.28
0.57
1.05
0.02
0.01
0.23
5.86
3.5
15.94
17.12
12.04
0.48
0.36
3.7
0.18
0.07
0.01
0
0.06
0.57
0.3
0.5
0
1.86
16.48
6.41
3.6
0
0.06
0.54
0.52
0.3
0
0
0
0
0
0
0
0.45
3.31
2.59
1.11
0.6
0
0
0
0
0.61
5.54
9.53
9.53
6.21
1.84
0.63
2.18
4.63
15.82
23.41
6.09
12.9
5.34
3.67
1.08
0.31
0
0
0
0
0
0
0
0
0
0
0
0
0
7.66
3.83
1.83
0.73
1.34
6.43
0.58
0
0
0.01
1.29
12.14
6.66
6.74
4.03
14.36
2.48
8.4
0.11
0
0.61
0.01
0
1.67
3.48
6.58
4.39
5.5
4.8
21.43
3.1
0.18
1.89
0.4
1.65
3.56
1.57
7.46
2.33
0
0
0
0
0
0.04
0
0
3.15
0.91
0
0
0
0
0
0.5
0.01
0
0.06
0.3
0.07
0
0
0
0.41
1.52
0.16
0
0
0
0
0
0
0
0
0.01
0
0
0
0
0
0
2.23
0
0
0
0
0
0
0
0.8
0.44
0.18
0.76
4.21
4.9
7.11
5.23
1.43
2.84
4.09
0.95
4.36
19.88
3.59
0.27
1.27
5.17
1.89
2.76
3.34
9.59
1.56
0
2.14
0.32
6.22
22.74
8.68
0.21
1.16
0.15
0
4.72
1.76
2.2
8.96
5.03
0.27
2.02
8.2
9.22
14.63
9.93
9.61
5.48
6.43
1.94
3.86
0
1.76
0
2.38
0
1.75
2.11
12.61
1.62
1.43
1.09
0.02
0
0.94
0
1.52
0
6.24
0.82
1.44
0
1.19
26.93
25.78
4.43
1.1
3.13
2.93
5.61
6.41
1.73
5.73
3.27
0
0.6
6.35
1.76
11.09
4.06
2.49
18.07
10.48
8.36
9.14
11.18
0.72
1.72
0.79
6.09
2.42
0
1.37
0
1.51
0
0
0.55
0
0
0
0.2
0.02
0
0.13
0
0
0
0.64
0
0
0
0
0
0
0.03
0
0
0.05
0
0
0
0.01
0
0
0
0
0
0
0
0.38
2.62
0
0
0
0
0
0
0
0
0
0
0
0
0
0
0
0
0.12
0.18
0
0
0
0
0
0.48
0.84
0
0
0.14
0
0
0
0.01
0
0
0
0
0
0
0
0
0
0
0
0
0
6.54
1.57
0.21
0
0.1
0
0.02
0
0
0
1.52
4.36
0.76
1.48
11.84
4.95
25.22
9.47
8.84
3.62
0
0
0
0
0
0
0
0
0
0.09
0.32
0.19
0.3
0.07
0.16
0.31
0.01
0
5.19
1.7
1.27
0.58
10.52
2.77
0
0.5
0
0
0
0.01
0.01
0.01
0
0
0
0
0.05
0
0
0
0
22.39
7.39
1.16
0
0
0
0.7
0
0
0
0
0
0
0
0
0
0
0
0
0
0.1
0
0
0
0
0
0
0
0
0
0
0
0
0
0
0.01
0.45
8.03
0
0
0
0
0
0
0
0
0
0
0
0.01
0.55
0.24
0
0
0
0
0
0
0.08
0.05
0
0
0.01
0
0
0
0.78
0
0.05
0.29
1.71
2
1.89
0
0
0
0
0
0
0
0
0
0.48
0.16
1.82
14.55
22.29
15.73
10.79
11.34
4.96
2.24
0.44
0
0
0
0.52
6.13
3.76
0.56
0
0
0
0.05
0
0
3.59
2.16
0
0
0
0
0
0
0
0
0
0.22
0.36
1.49
11.49
7.94
0.42
8.74
8.96
11.08
6.21
4.35
5.92
4.65
1.98
0.83
4.81
9.63
5.58
0.76
1.09
0.48
0
0
1.95
4.59
1.58
12.09
11.65
9.15
8.63
3.64
0.58
0.98
0.48
0
0
0
0
0
0
0
0.01
1.35
0.02
0
0.02
2.13
5.32
1.09
0.03
0
0
6.52
1.65
0
9.98
11.15
10.24
18.6
4.4
9.57
5.14
5.36
12.67
11.5
12.64
3.64
5.3
2.2
0.39
0
1.73
0.85
0
0.51
0
0
0
2.21
1.9
4.5
6.84
4.11
8.47
1.46
0
0.36
4.59
0
0.04
0
0
0
0
0
0.16
0.01
0
0.92
2.34
0.2
0
0.01
0
4.33
0.07
0.84
0.02
0
0
0
0
0
0.01
0
0.09
0.65
1.54
0
0
0
0.04
0
0
3.34
0
0.1
0
0.22
1.33
1.23
1.6
0
0.01
0.07
0
0.22
0.01
0.02
0
0
0
0.02
0
0
6.17
0
0
0
0.07
0.21
0.28
0.02
0
0
0
0.43
0
0.14
0
0
10.18
6.88
2.92
7.19
4.41
3.39
0.89
0
0.56
0
0
0.01
0.34
0
0
0.09
0.48
0.02
0
0.01
0
0.01
0
0
0
0
0
0
0
0
0
0
0
0
0
0
0
0
0
0
0
2.15
0.41
10.49
5.52
0.14
0
0.18
0.04
0
0
0.77
1.2
6.5
0
0
0.16
0
0
0.15
1.13
0
1.38
0.37
0
0
0
0.03
0
0
0.56
0.8
0.93
11.46
8.27
4.28
15.09
11.14
13.06
13.52
8.3
3.88
4.34
7.97
11.98
5.17
3.44
1.74
1.91
0.53
1.78
1.62
4.07
3.52
3.34
6.95
14.51
4.98
1.53
13.4
8.01
5.74
2.01
10.63
24.29
14.95
1.99
1.45
6.24
4.31
0.04
0
3.22
2.8
1.78
0.99
0.45
0
0
3.18
2.09
4.68
2.24
0.71
0.09
0.7
0.26
0.98
0.87
1.94
0
0
0.57
0.97
0
0
0
0
0.01
0
0
0
0.18
1.82
1.53
3.29
7.66
6.34
2.39
3.38
1.55
0.13
0.1
0
0
0.02
0
0
0
0
0.04
0.17
0.3
0
0
0
0
0
0
0
0
0
0
0
0
0
0
0
0
0.09
0.09
0.02
0
0.36
0.33
1.44
0.15
0
0.96
1.66
0.07
0
0
0
0.75
0
0
0
0
0.01
6.01
2.09
0
0.01
0.63
0
0
0.12
0.77
4.34
2.95
0.57
5.41
10.88
6.83
4.77
4.14
0.62
0.15
0
0.02
0
0
0
0
0.04
0
0.31
2.07
0.65
0.79
2.12
0.77
3.67
2.79
0
0.04
0.62
0.2
0.31
0
0
0.01
0
0.58
0.49
0.55
0
0
0
5.07
0
0
0
0
0.19
0.06
1.52
0.04
0
0
0.37
0.02
0.66
1.32
0.2
0
0
0
0
0
0
0.36
2.21
0.1
0.37
0
0
0
0.12
2.56
0.09
6.92
1.23
0
0.27
0
0
0
0.03
0
0
0
0
0.3
0
1.23
0
0
0
0
0
0
0
0
0
0
0
0
0
0
1.92
0.95
0.04
1.8
0
0.12
0
0.13
0
1.97
0.75
0
0.02
0.15
0
0
6.17
0.58
0.68
0
2.49
5
9.43
0
0.6
0
0
0.21
0
4.73
0
0.43
0.09
0
0
0
0
0.52
2.95
5.29
0
0.56
0.02
0
0
0
0
0
0.02
0.03
0
0
1.6
1.07
0.02
0
0
0.14
35.78
7.27
0
0
0
0
0.4
0
11.88
2.1
0.01
0.88
0
0
0
0
3.12
8.96
1.35
0
2.51
4.35
0.03
1.98
6.14
2.01
0.45
0
0
5.41
0.32
0.06
0.66
0
0
0.01
0.91
3
4.14
2.25
12.17
0.08
2.02
19.94
29.08
19.74
6.63
1.68
2.56
4.97
8.8
1.25
4.21
8.25
0
0.01
0
0.81
1.07
0.57
11.14
21.04
1.2
0.36
0
0.51
1.03
1.86
0
0
0
0.1
1.8
0.11
5.49
0.62
6.15
12.92
3.45
3.61
0.99
0
0.03
0.05
0.08
0
0
0
0
0.23
2.59
18.45
4.42
3.54
0.05
0
0
0
0
0.17
0
0.22
0
0
0
0
0
0.01
4.06
0.88
1.85
0.05
0.21
0.05
0.13
0
0.13
0
0.03
0
1.42
10.04
1.91
1.07
0.62
0.66
0.88
0.01
0
0.02
0.36
0.46
0.22
0
0
0.04
0.01
0.01
0.04
0
0
0
0
1.25
0
0.9
4.2
6.29
0.69
0.11
2.75
6.76
4.52
1.04
3.45
1.32
0
0.59
0.59
0.76
1.11
5.95
3.21
3.98
0.98
0
0.06
0
0
0.58
0.01
2.13
2.55
22.79
2.92
0.88
0.95
0
5.88
7.1
7.84
7.2
6.6
1.37
1.62
7.44
1.26
1.89
1.34
3.33
3.55
0.18
0.33
0
1.12
0
0.05
0.74
1.5
6.18
0.82
0
0.01
0.31
0.77
0.05
1.59
3.18
6.17
1.77
0.23
0
0
0.2
0.02
0.02
6.25
17.43
5.15
20.16
11.83
1.89
0
0.63
0.38
0
0.01
0
2.28
1.41
1.37
0.04
0.04
0
0
3.44
0.83
0.02
0.85
1.23
0
1.3
1.52
0.1
0
0
0
0
0.01
0
0
0
0
0
0
0
0
0
0
0
0
0.01
0
0.3
4.98
8.89
4.54
2.02
0
0.24
0.03
0
0.03
0.01
0
0.02
0
0
0.01
0
11.14
0.03
0
0.31
0
0
0
0.03
0
0
0
0
0
0
0
0
1.52
8.75
0.07
0.13
0.29
0
0
0.57
0
0
0.01
0
0.02
0
0
0
0
0
0
0.22
0.01
0
0.02
0
0
0
0.11
0.23
0
0
0
0
0
0
0
0
0
0
0.01
0
0.01
0
0
0
0
0.02
0.29
2.28
0.24
0
0
0
0
0.05
0.17
0
0.36
2.21
1.74
0.16
0
0
0.02
1.59
9.32
16.01
10
1.66
0.71
0
0
1.51
0.77
0
0
0
0
0
0.01
0
0.02
0.7
18.38
4.7
0
0.12
0.59
1.18
0
17.9
6.21
0
0.02
0
0
0
0
0
0
1.2
17.54
26.78
21.23
7.12
5.08
2.05
3.1
0
0
0
0.01
0
0
0
0
1
9.68
6.88
2.2
1.9
0
0
0
0
0
2.16
4.08
0
0
0
0
0
0
0
0.46
4.77
3.48
13.37
0
0.01
0.45
4.52
0.84
1.59
0
0
4.12
1.85
0
0.96
1.48
9.38
2.76
5.13
8.42
1.4
0
0
0
0.02
0
0.01
0
0
0.08
0.16
5.18
1.34
0.7
0
0
0
0
0
0
0
0
0
0
0
0
0
0
0
0.01
0
0
0
0
0.01
0.63
3.63
3.32
0
0.02
0
0
0
0
0
0
0
0
0
0
0.05
0.11
0
0
0
0
0.01
0
0.02
0
0
0
0
0
0
0
0
0
0
0
0
4.52
0.34
0.01
0.02
0
0.52
14.37
2.65
0
0
0
0
3.18
1.15
0
0
0
0.18
2.77
0.07
0
0
0
0
0
0
0
0
0
0
0
0
0
0
0
0
0
0
0
0
1.55
0.32
0.75
3.15
1.23
0.07
0.49
18.8
5.75
21.91
23.98
10.77
5.75
0.41
3.73
3.87
1.01
0
0
0
0
0
0
0
0
0
0
0
0
0
0.01
0
0
0
0
0
0
0
0
19.2
4.09
2.96
0
0.05
4.65
1.57
0
0
0
0
0
0
0.04
0.02
0.23
0.48
1.43
6.66
7.54
2.04
0.5
3.11
1.23
0
0
0.29
15.17
28.68
23.16
2.75
5.95
1.29
0.77
2.23
0.04
1.78
0
1.89
3.23
0.7
0.26
1.11
8.04
2.18
8.19
1.56
0.47
0.21
0
0.22
6.83
8.43
4.62
0.74
0
0
0.01
0
0
0
0
0
0
0
0
0
0
0
0
0.44
0.01
0
0.04
0
0
0.29
0.04
0
0
0
0
0
0.76
0.04
1.2
1.1
0.94
0.64
7.44
0.92
0
5.62
5.48
0.3
0
1.01
0.66
2.93
0.59
0
0
0
0
0
0
0
0
0
0.68
5.74
2.12
0
0
0.2
0.01
1
0.36
0.18
0.19
0.05
0
0.16
0
0
0
0
0
0
0
0
0
0
0
0.01
0
0
0
0.01
0
0
0
0.01
0
0
0
0
9.16
17.55
6.28
0
0.01
0.01
0
0
0.26
0.37
0.79
0
0
4.21
5.75
7.06
6.38
6.45
0.28
1.04
7.59
28.14
6.98
17.64
17.29
1.69
0.81
0.21
0.05
0.05
1.64
1.34
6.2
7.78
11.27
11.13
4.32
0
0
0
0
0
0
0
0
0
0
0
0
0
0.06
7.63
0.09
0
0
0
0
0
0
0
0
0
0
0
0
0
0
0.38
4.15
4.26
16.67
2.26
12.96
1.04
1.11
0
0
0
0
0
0.54
9.41
6.24
0.78
0.58
0
0.09
0.19
0.21
1.24
3.21
0.09
0.2
0
0
0.01
0
0
0
0
0.03
0
0
0
0
0
0
0
0
0.06
0.01
0
0
0
0
0
0
0
0
0
0
0
0
0
0
0.15
0
0.11
0.13
0.07
0
0.27
0.66
0
0.17
0
0.02
0.64
3.92
1.16
0.25
0.24
0.01
0
0
0
0
0
0
0
0
0
0
0.13
1.13
0.76
0.09
2.07
2.62
1.68
0
0
0
0
0
0
0.08
0.25
0.59
4.94
7.32
0.73
0
0
0
0
0
0
0.21
3.67
3.19
0
0
0
0
0
0
0
0
0
0.04
0.04
0
0
0
0
0
0.03
4.39
2.77
1.86
0.47
0.22
0.47
0
0
0.01
0.03
0.77
0.24
4.38
12.61
9.68
4.26
3.95
0.6
4.22
0.38
2.46
2.01
1.18
0.49
0.05
1.12
0.06
0.14
4.59
8.82
2.34
6.78
12.39
8.16
0.25
3.02
10.11
8.2
0.7
0
0
0.21
8.16
5.23
9.65
6.65
1.7
1.19
0.38
0.01
0
0.08
0
0.04
1.73
3.12
3.39
6.07
10.82
9.07
2.07
0
0.01
0.13
0.38
0.26
0
0.14
0
0
1.17
0.03
0.46
0.63
0.39
0.52
0.01
0
0
0.03
0
1.3
0.36
0
0.02
0.01
0
0
0
0.75
0.37
0
0
0
0
0
0
0
0
0
0
0
0
0
0
0
0
0
0
0
0
0
0
0
0.11
0.37
1.15
0.37
0
0.05
0
0.4
0
0.05
0
0
0
0
0
0
0
0
0
0
0.42
0.18
0
0
0
0.27
0
0
0
0
0.06
0
0
0
0.4
2.48
4.02
6.39
0
0
0
0
0
1.3
0.02
0
0.74
0
0.22
22.7
8.49
5.71
5.16
0
0
0
0
11.01
0.16
10.32
1.8
0.46
6.57
21.25
7.65
5.55
3.25
20.82
12.76
16.35
5.36
4.53
2.89
3.77
6.34
7.38
0.66
0.48
0.83
0
0.58
0.82
1.05
1.9
7.63
11.57
1.32
0.59
2.75
8.54
4.81
9.13
5.88
1.61
6.62
3.06
0.67
0.03
0.01
0.01
0.13
0
0
0
0
0.75
0.22
0
0
0
0
0
0.38
0
0
1.07
0.95
6.32
0.75
9.98
0.06
0.8
0.84
0
0.66
0
0
0
0
0
0
0
0
0.17
0
0
0.01
0.9
0.47
0
0
0
1.01
0.13
2.12
1.74
2
0.04
0
0.23
0.74
0
0.91
8.06
1.71
7.95
14.28
4.13
8.82
13.86
5.11
1.36
0.34
0
0.61
1.9
0.54
0
0.91
0
0
0
1.05
0.46
0
1.1
1.29
0
0
0
0
0
0
5.96
13.8
4.64
1.4
1.51
1.38
0
0.01
0
0
0.01
0.01
0.7
1.11
0.56
0.74
0.37
5.3
1.47
0.03
3.63
1.62
0.1
0.02
1.88
5.43
5.01
0.69
0.63
0
0
0
0
0
0
0
0
0
0.12
0
0
0
0.35
0.58
0.47
0
0
0
0
0
0
0
0
0
0.23
0.35
0.7
0
0.12
0.13
0
0.4
1.2
0.8
0
2.28
0.01
0
0
0.01
0
0.09
9.45
5.25
0.35
2.4
4.38
0.45
0.23
1.38
3.65
5.5
0.18
0.01
0
0.73
0
0
0
0.01
0.65
0.93
0
0
8.05
2.11
0.47
0
1.52
2.32
4.39
0.22
7.15
4.34
2.63
1.77
8.17
0.09
0
0.44
3.05
1.01
0
0
0
0
0
0
0
0.05
0.2
0
0
0
0.02
0
2.11
0
0
0
0
0
0
0
0.02
0
0
0
0
0
0
0
0
0.02
0
0
0
0
0
0
0
0
0
0
0
0
0
0
0
0
0
0
0
0.05
0.41
0
0
0
0
0
0
0.01
0
0.02
0
0
0.02
0.91
0
0
0
0.01
0
0.01
0
0
0
0
0
0
0
0
0.23
0.1
0.03
0
0
0
0.03
0
0.01
0.29
0
0
0
0
0
0
0.08
0.02
0
0
0
0
0
0
0
0.01
0
0
0
0.02
0.21
0.71
0
0
0
0
0
0
1.01
0.37
1.51
2.9
0.81
0.24
0
1.58
2.33
1.88
3.28
1.16
3.2
0
3.73
6.44
0
2.25
1.3
6.12
13.48
6.19
0.09
0.62
12.77
5.35
1.73
3.5
5.21
5.23
4.13
0.96
11.49
0
1.13
3.29
2.91
9.84
1.75
0
0
1.04
1.04
1.31
20.75
15.33
9.36
12.55
3.56
7.43
5.18
4.42
1.5
11.98
1.93
0.19
0
0
0.13
0
0
0
0
0
0
0
0
0
0
0.35
0.25
0
0.6
0.41
0.07
0.01
0.72
1.27
4.13
0
0.05
0
0
0.08
0.24
0
0.02
0
0.06
0.86
0.56
0.06
1.64
0.29
0.36
1.13
0
0.01
0.34
0.46
1.61
0.75
14.06
4.38
3.78
0.1
0.88
0.45
0
0
0.05
0
0
0
0
0.01
0
0
0
11.51
6.52
2.05
2.34
0.21
0
2.95
2.09
0.32
0.53
0.31
0.15
1.19
0
0
0
0
0
0
0
0
0
2.85
3.63
0
2.85
22.94
8.25
3.32
0.4
0
4.51
0.02
0.25
0
0
0
0
0.01
2.04
0.97
0
0.22
0
0.22
2.27
1
5.71
0
0
0
0
0.07
0.01
0.04
0
0
0
0
0
0
0
0
0
0
0
0
0
0.01
0
0
0
0
0
0
0
0
0
0.02
0
0
0
0
0
0
0
0
0
0.02
0
0
0
0.05
0.35
2.03
4.93
5.8
4.85
2.18
0.73
5.37
1.66
0
0
0.05
8.52
3.6
0
0
0.56
3.96
9.36
4.98
7.8
9.22
1.34
0.26
0.89
0
0.35
0
0.55
0.26
0
0
0
0
0
0.01
0
0
0
0
0
0
0
0.05
0.01
0
1.63
0.56
5.87
2.62
22.1
0.54
0.01
0
0
0
0.12
0.07
0
0
0.17
1.36
0
0.78
0.13
29.74
3.75
2.34
2.25
1.93
0.26
0
0
0.23
0
0
0
0
0
0
0
0.5
0
0
0
0
0
0
0.01
0
0.01
0.01
0
0
0.13
0
0
0
0
0
0.02
0
0
0.02
0
0.01
0.02
0.01
0
0.03
0
12.86
5.37
0.4
0
0
1.77
0
0
0
0.03
0.53
0
7.02
2.57
1.56
0.08
0
0
0
0
0
0
0
0
0
0
4.54
1.69
0
0
0
0
0
0.01
0
0
0
0
0
0
3.58
0.63
0.69
0
0
0.01
0
0
0
0
0
0
0.02
0
0
0
1.74
0.16
0.04
0
0
0
0
0.39
0
0.01
1.97
0.11
0
0
0.23
0.23
0
0
0
0.55
1.7
0.01
0.01
0.02
0.12
0
0
0
0.42
0.02
0
0
0.02
0
0
0
0.5
10.88
33.99
9.92
0.66
2.23
8.36
14.98
8.67
4.8
0.7
0
1.96
1.38
0.76
0.4
6.31
2.05
2.68
0.37
0
2.48
0.37
0
0.05
11.13
2.16
3.39
5.34
5.7
0.47
0.29
0
0
0
0
8.61
3.51
1.34
0
1.29
0.07
1.84
17.3
7.21
9.34
23.66
10.9
10.51
5.98
13.39
13.99
22.85
3.8
0.11
0.08
12.11
8.36
15.33
4.09
9.94
10.99
0.82
15.52
2.17
1.93
0
0
0.01
0
0.32
2.6
1.29
6.78
10.13
17.86
8.78
0.96
1.41
3.17
6.34
3.54
0
3.95
17.16
3.5
0.02
0.48
14.17
1.63
0.41
0
0
0
0
2.26
5.01
1.3
0
0
0
0
1.35
0.37
0.23
0.14
0
0.12
0.73
10.1
1.3
0
0
0
0
0
0
0
0
0
0
0.05
0
0
0.02
6.16
1.69
0.2
0
0
0.59
5.98
0.45
0
0
0
0.04
0
6.14
0.47
0
4.71
13.18
11.63
10.57
1.45
0.01
0.62
0.77
5.76
3.17
0
0
0
0
0
0.11
0
0
0
0.01
0
0
0
0.2
4.63
1.01
0
0.02
0
0.87
1.26
2.23
1.15
2.05
3.77
0.64
0
0.47
22.55
10.66
3
4.75
13.55
16.27
3.01
0
0
0.25
1.54
6.68
11.88
7.74
0.93
0
0
0
0
0
0
0
0
0
0
3.82
2.8
1.29
0
1.08
0.8
0
1.41
0
1.14
0.45
0.06
0.2
0
1
4.98
1.09
1.96
0
4
1.14
0
0.17
0
0
0
0
0
0
0
0
0
0
0
0
0
0.39
0.45
0
0
0
0
0.04
2.44
0.37
0
0
0
0
0.09
0
0
0
0.59
0
2.63
6.27
0
0
0
0
0
0
0.6
0.58
1.91
0
0.17
3.96
0
0
0.02
0
0.78
12.29
12.6
9.96
6.35
0
0.11
0.02
0
0.04
0.01
0
0
0
0.01
0
1.45
3.92
0.02
0
0
0
0.5
0.83
0.06
0
0.04
4.9
0.36
0.67
4.31
1.06
0.32
0
0.02
0.65
1.9
0.98
1.14
13.75
5.04
0
0
0
0
0
0
0
0
0
0
0
0.19
0.09
0
0.18
0.08
0.11
0.02
0
0
0
16.89
0.52
1.85
0
0.8
0.14
0
0.02
0
0
0
0
0
0
0
0
0
0
0
0
0
1.24
3.47
0.52
0
0
0.01
0
23.23
43.82
14.85
8.6
2.55
0.18
12.43
2.34
3.27
8.56
3.55
1.95
2.96
4.24
0
1.59
0.42
0.25
0.01
0
0
0
0
0
19.59
15.81
1.97
2.89
0.3
0.14
0.97
11.54
22.1
24.13
10.33
0
0
4.36
13.15
11.26
15.33
13.92
8.72
11.91
9
3.41
0
0
3.2
15.76
3.97
14.74
4.87
11.13
3.85
2.97
13.97
6.59
18.86
27.58
0.42
0
0
0.01
0
0
1.8
10.23
2.77
16.26
22.49
18.5
4.28
3.3
0.65
0
0.16
0.73
0.3
0.17
0
0
0
0
3
0.03
0.65
0
0
0
0
0
0
0
0.06
0.37
0.82
0.06
0
0
0
0
0
0
2.28
0
0.05
0
0
0
0
0
0.02
0.04
0
0
0
0
0
0
0
0
0
0
0
0
0
0
0
0
0
0
0
0
0
0
0
0
0
0
0
0
0
0
0.24
0
0
0.07
1.27
0.26
0.02
0.01
0
0
0
0
0
2.28
7.2
8.96
13.42
7.46
1.22
0.42
0
0
1.16
0
0
0.02
0
0
0.02
0
0.06
0.05
5.57
2.97
3.15
1.08
0
0
0.2
2.39
3.8
3.78
4.85
19.41
2.97
0.12
0.3
0.13
0.41
0.11
3.39
3.01
1.94
0
0
0
1.67
9.07
4.9
6.54
2.19
5.93
15.27
7.43
0
0.09
0
0
0
0
0
0
0
0
0
0.8
0
0
0
0
0
0
0
0
0
0
1.77
1.34
0.47
17.95
14.99
0
0
0
0
0
0.3
0.66
1.48
0.01
0
0.09
0.3
0.7
1.91
0
0
0
0.04
1.01
2.91
9.3
0.87
0.01
0.28
3.69
0
0.21
0
0
0.01
0
1.78
4.03
0.06
0
0.03
0.2
0
11.48
1.99
0
0
0
0.17
0
2.84
0.66
0
0
0.27
0.55
0.55
0.19
4.02
1.24
3.8
0.66
0.01
0
0
0
0
0.01
0
0
0.51
0
0
0.03
0
0
0
0.47
1.16
4.83
2.21
0.18
0.74
0.33
1.91
0.47
0
1.57
3.27
0.99
2.63
0
1.67
0.12
0
0.25
0
0.01
0
0
0.82
0.02
0
0
0
0
0
0
0
0
0
0
0
0.22
1.86
1.32
3.75
1.87
0.02
0.3
0.35
5.15
5.82
0
0
0
0
10.81
12.12
6.3
31.59
17.37
7.28
11.38
2.72
11.35
18.5
3.45
8.92
1.67
0.06
0
1.11
12.36
4.29
3.63
15.48
5.18
0
4.64
6.12
1.9
0.16
1.93
0.27
0.89
0.59
1.44
0.73
17.31
0.41
0
0
2.03
0
0.59
4.26
1.7
0
0
5.02
19.1
43.98
6.31
7.38
1.1
3.7
8.16
0.32
0
1.87
0.96
0.12
0.91
2.36
3.54
10.91
0.02
0.62
0.73
1.45
0
0.06
0
0
0
0
0.09
3.69
3.5
0.29
0
0
0
0
0
0
0
0
1.24
0.85
1.04
1.6
0.4
0.59
3.97
0.33
2.23
1.24
10.73
3.86
4.32
0.31
0
0
0.18
0.42
0
0
0
0
0
0
0
0
0
0
0.12
6.05
1.02
0
0
0
0
0
0
0
0
0.01
0
0
0
0
0
0
0
0.02
0
0.13
0
0
0
0
0
0
0
0
0.01
2.56
0.84
0.36
0
0
0.48
7.14
2.26
6.49
0.52
1.25
2.49
1.21
4.71
2.88
1.07
0.8
5.01
4.88
5.27
0.56
0
15.76
3.21
11.84
0.66
0.32
0
0
0.91
5.2
0.35
0
0.39
4.87
1.32
8.02
10.76
4.38
1.4
0.14
1.26
0.9
0.39
0.7
0.09
0.01
0
7.7
11.84
3.85
8.51
12.22
4.88
2.73
0.36
1.33
17.04
6.52
0.52
6.28
4.22
5.63
3.38
6.18
14.2
3.67
15.27
0.21
1.78
0.29
0.68
3.8
0.27
2.75
0.15
0.01
0
0
0
0
0
0
0.01
0.02
0.01
0
0
0
0
0
0
0
0
0
0
0
0.01
0
0.44
4.55
2.85
0
0
0
0
0
0
0
0
0
0
0.13
0
0
0
0
0
0
0
0
0
0
0
0
0.02
0
0
0
0
0
6.82
4.07
0.01
0
0
0
0
0
0
0
0.04
1.21
0
0.86
8.13
2.74
0
2.13
1.45
0.42
0.01
0
0
0
0.39
2.02
2.85
0
0
0
0
0.01
0
0
0
0
0
0
0
0
0.23
0.51
0
0
0
0
0
0
0
0.19
0.23
2.59
7.77
2.64
4.33
6.45
3.77
2.9
4.39
2.58
1.41
0
0
2.04
9.62
13.6
2.38
0.16
0.84
1.05
0.2
0
0
0
0
0
0
0
0.01
0
0
0
0
0
0.12
1.39
0
0
0
0
0
0
0.3
1.48
15.55
10.73
0
0
0
0
0.09
0.48
0.02
0.02
0.07
0
0
0
0
0
0
0
0
0
0
0.16
0.27
0.04
0
0.01
0.08
0.03
0.18
0.19
1.96
0
0
0
0
0
0.01
0.9
1.98
0.03
0
0
0
0.01
0
0
0
0.13
0
0
0
0.01
0
0
0
0.33
5.33
15.8
2.82
0.33
0
0
0
0
0
0
1.01
4.23
0.71
0
0
0
0
0.23
6.44
5.5
0
0
0.14
0.75
1.99
0
0
0
0.01
0
0
0
0
0
0
0
0
0
0
0
0
1.98
10.63
0.4
0.02
0
0
0.01
0
0
0
0
0
0
0
0
0
14.07
4.46
0.65
0.48
0
0
0.45
3.14
0.43
0.17
0
0
0
0
0.97
18.57
8.1
1.23
2.47
3.06
0
0
0
0
0
0
0.01
0.08
11.38
8.48
3.59
3.57
0.09
0
0
0
0.82
0
0
1.91
0
0
0
0
0
0
0
0
0
3.36
1.7
11.1
2.23
0.21
0
0.9
0.88
0
0.21
0
1.8
2.6
6.81
11.23
7.36
1.18
4.75
3.05
4.35
1.96
1.68
4.3
3.07
0.63
0
0
0
0
0
0.02
0
2.22
11.54
10.39
5.93
0
0
0
0
0
0
0
0
0
0
0.1
1.11
17.21
4.76
0
0
0
0
0.11
4.07
4.79
1.12
0.73
0
15.4
2.33
0
1.68
1.88
0.91
0.01
0
0.01
0.08
0
0
0
0
0
0.02
0
0
0
0
0
0
0
0
0
0
0
0
0
3.15
0.5
0
0
0.07
0
0
0
0
0
0
0
0.66
0.8
15.09
11.74
1.26
0
0.84
1.89
0
0
0
0
0
0
2.72
0
0
0
0
0
0
0
0
0
0
0.27
2.84
0.03
0
0
0.04
0.97
0.22
0
0
0
0
0.25
1.94
1.91
0
0.03
8.47
14.89
2.7
4.74
0.02
0
0
0.07
0
18.32
17.47
0
0
0
13.75
25.64
6.59
0.82
0
0
0.16
5.43
0.28
0
0
0
0.34
0
0.01
0
0
1.8
9.52
5.51
0.01
0
0
1.88
12.62
3.83
0.81
0.06
0
14.37
9.42
16.71
19.44
13.52
20.6
27.3
11.47
1.09
2.35
0.06
2.21
0.59
0.95
0
0.13
0.09
0
0
0
0
0
0.08
0
0.06
12.08
12.22
3.05
4.81
1.76
0.12
0.06
0
0.09
1.48
0.93
0.36
0
0
0
0
0
0
0.01
0.01
0
0
0
0.5
0
0.53
0
0
5.45
0.02
0.34
0.71
1.52
11.71
3.64
0.52
0
0
1.02
0
0
0
0
0.13
0.45
0.15
3.97
1.9
4.49
2.01
0
0
0
0.01
0
0
0
0.04
0.01
1.91
0.43
0
0.08
1.87
3.45
0.39
0
1.01
0
0
0
0
0
0
0
0
0
0
0
0
0
0.29
1.93
0
0
0
0
0
0
0
0
0
0
0
0
0
0
0
0
0
0
0
0
0
0
0
0
0
0
0
0
0
0
0
0
0
0
0
0
0
0.02
0.14
0.01
0.17
0.01
0
0
0
0
0
7.33
3.7
7.43
5.2
0.97
1.7
0
0.44
0
0.03
6.9
2.53
1.8
4.16
6.91
6.23
1.06
0
1.08
6.39
8.84
8.32
2.71
0.58
4.44
13.16
22.09
15.98
1.62
16.67
8.88
2.1
0.79
9.33
1.64
0
0.15
2.36
9.95
2.47
0.91
0.16
0.25
0.09
0.29
4.62
5.05
5.75
11.96
3.32
4.92
5.28
0.09
0
0
0
0
0.7
2.77
0
0
0.37
2.64
1.92
2.41
1.42
0.09
1.43
0
0
0
0
0
0
0
1.3
12.53
1.77
0
0
0.01
1.17
0.22
0
0
0
0
0
0
0
0
0
0
0
0
0.01
0
0
1.27
2.05
0
0
0
0
0
0
0
0
0.02
0
0
0.28
0.18
0.17
0
0
0
0
0
1.79
0
0
0
0.05
0
0.01
0
0
0.01
0
0
0
0
0
0
0.02
0
0
0
0
0
0
0
0
0
0
0
0
0
0
0
0
0
0.01
0
0.01
0.04
0.13
0
0
0
0
0.8
0.24
0
0
0
0
0
0
0
0
0
0.33
1.16
0.09
0
0.7
0
0
0
0.03
1.3
5.39
0.13
0
0
0
0
0
2.14
0.41
4.95
2.88
0.1
0.77
0
0
0
0
0
0
0
0
0.97
15.33
1.3
0.77
1.15
1.93
0
0
0
0.31
12.41
10.79
1.94
3.11
1.13
0.01
1.47
0
0
0
12.65
1.47
1.36
21.15
1.87
1.87
20.99
2.12
2.78
0.27
0.02
0
0
14.16
3.56
0.3
0
0.17
0.01
0
0
0
9.8
31.1
4.3
2.52
0
1.7
0
1.93
10.45
2.7
12.55
3.68
0.08
0.3
8.2
15.96
6.63
2.35
0.3
0.01
0
0.01
0.39
7.38
0
0
1.19
0
0.07
0.09
1.87
7.37
8.72
11.27
12.66
12.28
8
10.25
17
5.68
0.23
8.34
3.63
6.48
3
12.26
4.14
1.33
0.6
5.16
4.05
6.79
0.74
1.57
1.69
4.11
6.26
2.12
9.83
1.32
0
0
1.79
6.48
8.33
6.88
26.63
8.1
5.6
0.72
0
0
0
0
0
1.94
1.14
0.93
8.12
11.7
1.54
0.02
0
0
0
0
0.35
0
0
0.09
0
0
0
0.01
0.57
3.31
2.29
1.3
1.8
0.18
26.57
31.59
12.61
18.97
2.48
0.17
20.5
8.72
0.6
1.37
0.37
2.05
0
0
0
6.89
0.8
0.01
0
0.01
0
0
0.13
1.48
2.13
5.54
1.88
1.64
2.94
0.99
0
0
0
0
0
0
0
0
0
0
0
0
0
0
0
0
2.83
12.14
5.55
0.32
0.03
0
0
0
0
0
0
1.01
0
1.97
0.29
5.42
5.05
3.36
4.22
0.4
0
0.02
0.32
2.45
1.3
0
0
0.01
0.82
2.66
0
0.35
16.08
10.13
4.88
8.02
3.65
0.46
0.2
0.03
0
0.01
0
0
0
0
0
0
0.01
0
0
0
0
0.04
6.91
3.52
0
0.07
0.01
0
0
0
0
0
0
0
0
0
0
0
0
0
0
0
0
0
0
1
1.32
0
0
0.59
0
0.48
0.37
0
0
0.23
0
0
0.42
0.03
0
0.11
0
0
0
0
0
0
0
0
0.01
0
0.27
0
0
0
0
0
0.02
0
0
0
0
0
0
0.14
0.66
19.88
0.74
2.51
5
0
0.01
0
0
0
0
0
0
0
0
0
0
0
0.01
0
0
0
7.77
2.66
0
2.06
0
0
0
0
0
0
0.01
0
0
0
0.48
0
1.98
3.54
16.83
7.16
14.75
2.48
0
0.77
0.74
10.78
1.46
0
0
0
0.01
0
0
10.8
1.23
5.79
0.43
0.03
0.37
13.07
1.95
0
0
1.29
8.19
17.63
18.41
6.7
0.81
2.2
0.26
0
0
0
0.03
0
0
0
0
0
0
0
0
0.02
0
0
0
0
0
0
0.01
0.64
0.81
1.3
0.08
0.24
0
0
0
0
0
0
0
0
0
0
0.01
0
0
0
0.01
0
0.01
0
0
0
0
0
0.01
0
0
0
0.01
0
0
0
0
0
0
0.52
2.08
4.97
0.23
0
0
0
0.02
0.05
3.04
4.01
2.07
6.54
5.9
0
0.03
0
0
0
0.99
0
0.07
0.17
1.66
0.22
0.69
0.21
0.24
0
0
0.02
3.17
1.41
13.73
1.19
0
0.01
0
0
0
0
0
0.03
0.08
0.27
0
11.33
0.02
0.87
0
0
0
0
0
0
0
0
0
0
0
0
0
0
0
0
0
0
0
0.98
4.98
4.7
0
12.33
5.86
2.88
0.02
0.01
0
0
0
0.01
2.02
10.97
12.2
18.38
10.64
2.81
1.14
0
0
0
0
0
0
0
0.01
0
1.41
0.27
0
0.25
0.44
4.57
2.56
0.47
9.32
6.93
6
0.45
0.61
15.21
13.67
5.01
0.13
0
0
0
0
0.02
0
0
0
0
0
0
0
0
0
0
0
0
0.22
3.05
0.57
8.44
5.89
9.31
11.98
21.67
4.97
3.02
3.21
0
0
0
0
0.01
0.05
0
0
0
0.12
1.67
0.27
0
0
0
0
0
0
0
0
0
0.02
3.83
5.21
8.8
6.29
5.46
0.28
0
0
0
0
0
0
0
0
0
0.01
0.02
0
0
0
0
0
0
0
0
0
0
6.63
1.59
0
0
0
0
0
0
0
0
0
0
0
0
0
0
0
0.01
0.01
0
0
0
0.29
0.51
0
0.02
0.01
0
0
0.03
0.67
0
0
0
0
0
0
0
0
0.06
0.08
4.05
0.96
0.27
0.51
0.63
5.52
0
1.05
3.93
0
0.03
3.69
0.86
0
10.73
0.05
10.44
4.88
0
0
0.14
0.07
5.44
1.34
0
0
0
0
0.13
0.44
0.16
0
0
0
0
0.37
3.74
5.57
4.16
1.84
0
8.28
4.8
5.15
0.26
0
0.28
0.13
0
0.5
0
0.15
2.94
1.95
0
0
0
0
1.1
13.55
12.75
19.66
2.02
0
0
0
0.64
6.69
0.28
0
0
12.75
13.39
3.34
0.21
0.02
0.02
0
0.13
0.35
2.03
3.41
0
0.01
0.01
0.02
0
0
0.5
0.06
0
0
0
0.15
0.74
11.62
7.52
4.8
7.94
3.2
3.09
13.3
8.97
9.93
13.72
4.57
7.01
0.8
0.01
3.09
2.14
4.39
0.51
4.43
1.05
0.05
0.17
0.46
0.54
0
0
10.5
11.76
5.58
1.3
4.29
0.75
0.35
3.85
4.94
5.36
4.25
1.27
0
0
0.37
2.2
1.97
7.18
13.46
0.16
0
3.63
2.1
2.24
8.93
3.51
4.73
17.09
5.05
13.39
4.79
6.13
0.2
0.01
0.01
0
0
0
0
0
6.34
6.93
12.15
4.25
8.92
1.17
0
0
0
0
0
1.4
0.62
1.02
0.03
0
0
0.11
0.05
0
0.06
0
0
0
0
0
0
0
0
0.05
0.19
4.95
11.54
4.7
0.45
1.96
0.13
12.83
23.88
15.73
4.2
0.22
0.01
0
0
0.05
2.75
0.7
0
0
0
0
0
0
0
0.42
0.1
0
0.01
0
0
0
0
0
1.06
0.16
0.34
3.93
16.34
5.03
11.24
30.74
4.39
0.11
0.01
0
0
0
0
0
0.01
0
2.51
1.48
1.88
11.22
5.6
2.13
0.39
0
0.17
13.97
1.88
0.2
0.3
0.03
0
0.19
1.08
0
0.02
0
0.89
0
0
0
5.18
0
13.68
5.19
6.02
1.77
0.02
0.44
0
0.01
0.29
3.02
14.06
0.86
0
0
0
0
0
0
0.36
0
0
0
0
0
0.04
7.64
10.83
3.47
1.01
7.66
2.7
0.55
0.92
0.21
0
0
0
0
0
0
8.25
0
1.29
0
0
0
0
0.02
1.55
0.01
0.01
0.01
0
0
0.02
0
0
0
0
0
0.03
0
0
0
0
0
0.01
1.48
0.27
0
0
0
0
0
0
0
0
0
0
0
0
0
0
0
0.03
0
0
0
0
0
0.7
0
0
0
0
1.19
0.09
0
0.01
0
0.02
0.32
0
1.39
0.51
0.7
0.71
2.64
17.28
4.78
0
0
0
0
0
0.01
0.02
0
0
0
2.96
14.45
2.55
6.4
0
0
0
0
0
0
0
0
0
0
0
0
0
0.11
0
0.18
0
0
0.01
1.26
0.66
4.16
1.37
17.21
5.9
4.82
1.48
0
0
0
0
0
0
0
2.03
3.14
23.37
9.59
2.66
12.16
10.59
23.75
14.02
2.57
4.65
0.38
0
0
13.63
8.09
6.74
11.98
2.89
13.95
18.55
1.11
0
0
0
0.36
0
0
10.55
1.02
0.58
0
0.02
0
0.37
9.64
5.04
0.77
0
0
0.02
0
3.27
6.85
0
0
9.38
0.79
0
2.2
5.45
5.33
0.24
0.18
0
0.35
6.53
2.16
0.88
1.3
0
0
0
0
0
0.15
0
0.47
4.33
0
0
0
0
0.14
0.06
0
0
4.02
0.03
3.17
0.78
0.4
0
0.2
0
0
0.01
0
0
0.27
0.16
0
0
0.08
0.1
0.58
0.61
0
0.27
0.04
0
0.6
0
0.23
0
0
0.79
8.34
4.54
0.39
0.33
2.1
5.27
0.26
0
0
0
0
0
0
0
0
0
0
0
0
0
0
0
0
0
0.11
3.03
5.36
6.63
4.92
16.37
14.38
2.24
1.38
2
0.32
0
0
0
0
0
0.53
0
0
2.99
2.14
0.56
8.3
3.47
0
0
0
0.02
1.08
0
0
0
0
0.67
0.31
0.07
3.04
7.79
4.64
5.49
14.51
3.77
14.43
4.76
0
0
0.02
0.04
0
0
0
0
0
0
0
0.01
20.15
10.96
2.87
3.45
0
0.13
3.42
3.03
0
0.01
0
0
2.84
26.47
9.79
3.4
10.39
21.06
0.99
5.7
18.14
2.32
0.17
0
0.8
4.5
2.42
0.97
0
0.07
0.01
0
1
0.08
0
0.02
0.13
6.96
4.96
5.04
3.47
6.53
1.71
2.01
0
0
0
0.02
0.02
0
0.01
0
2.05
0
0
0.97
0.84
3.48
7.58
0
0.02
0
0
0
2.28
0.23
0
0
0
0
0
0
0
0
0.03
0
0
0
0
0
0.01
0
13.51
0.84
0.02
0
0
0
0
0
0
0.08
2.64
0.07
0
0
0
0
0.01
0
0.34
0
0
0.02
6.75
0
0
0
6.26
1.07
0
2.65
0
0
0
0.12
3.79
0.22
0.01
0
0
0
0
0.09
0.36
0.16
0
0
0
0
0
0
0
0
0
0
0
0
0
0.64
6.87
15.71
4.34
8.37
1.91
0
0
0.03
0
0.01
0
0
0
0
0
0
0
0.02
0
0
0
0
0
0
0
0
0
0
0
0
0
0
0
0.01
0.46
0.01
0.05
0.03
0.15
1.09
0.3
0
0.01
0
0
0.29
4.2
5.8
7.7
5.28
2.14
0.01
0.47
14.13
3.8
25.27
10.71
6.59
4.74
2.9
1.94
0.68
0.79
15.78
3.84
0
0
0.13
0.01
0.2
0
0
0
0
0
0
0.01
0
0
0
0.01
0
0
0
0
0
0
1.88
3.13
0
14.19
4.28
5.94
0.73
1.95
0
0.02
0
0.05
0.4
0
0.14
0
0.08
1.14
0.52
0.01
0
0
0
0
0
0
0
0.42
0.7
0.59
0.03
0
0
0
0
0
0
0
0
0.1
0
0.02
0
0
0
0
0
0
0
0
0
0
0.01
0
0
0
0
1.01
2.52
0.18
0
0.01
0
0
0
0
0
0
0
0.45
2.95
0.05
0.39
0
0
0
0
0
0.21
0.73
0.43
0.02
0
0
1.04
1.61
10.12
5.51
2.33
0
0.07
0
0
0
0.16
0
0.02
0
0
0
0
0
0
0
0
0.08
0
1.78
0.32
0
0
0
0
2.57
0.57
5.59
1.94
0.49
5.79
0.88
2.39
0.2
0
0
1.25
7.72
4.81
2.89
0.96
0.05
0
0.27
0
0
0
0
0.24
0.99
0.64
0
0
0
0.01
0.23
0
0
0.02
0.85
0
0
0
0
0
0
0
0
0.01
0
0.01
0
0
0
0.87
0
0.71
2.08
10.39
1.31
0
4.69
2.84
0
0
0
0
0
0
0
0
0
0
0.63
1.3
2.64
5.62
2.35
0
0.02
0
0
0
0
0
0
0.31
0
1.2
0
0
0
0.07
0.29
0
0.02
6.23
3.62
2.14
14.22
3.59
0
0
12.26
2.22
0
0
0
0
0.01
0.02
0
0
0.62
0.57
0
0
0
0
0
0
0
0
0
0
0
0
0
0
0
0
0
0
0
0
0
0
0
0.04
0
0
0
0
0
0
0.02
0.02
0.44
0.01
0.01
0
0
0
1.74
0.56
0
0
0
0
0
0
0
0
0
0
0
0
0
0
0
0
0
0.01
2.51
7.32
10.14
4.98
1.1
0.05
0
0
0
0.01
0
2.18
0.02
0.01
0
0
0
0
0.15
0.05
0.06
0
0
0.02
0
0.01
0
0
0
0
0
0
0
0
0
0.21
1.13
4.19
2.15
2.61
0
0
10.14
5.63
0.55
2.37
1.77
11.89
0.01
1.91
0
0
1.45
13.88
2.13
6.91
2.8
0
0
0.3
0.18
0
0
0.04
2.95
1.17
0.42
0.52
11.34
13.66
22.44
5.35
1.21
0
0
0
0
0.01
0
0.33
0
3.49
0
0.14
0.05
0.04
0.01
19.06
21.74
1.32
1.71
0.36
0.05
0
0
0
0
0
0
0
0
0
0
0
0
0.02
0
0
0
0
0
0
18.89
6.38
0
2.47
0.19
0.73
0
0.36
0
0.39
0.96
1.62
2.84
1.7
7.89
0
0
0.01
0
2.16
1.78
2.91
0.18
0.96
0.27
0
0.06
0
0
0
0
0.59
0.02
0
0
0.55
0.01
0
0
0.23
0
0
0
0
0
0
0
0
0
0
0
0.54
0.04
0.45
6.04
3.51
3.84
3.48
2.52
9.51
4.12
14.25
7.05
0.35
0.99
0
0
2.41
15.47
0.28
0.27
0
0.05
0.87
0.02
0.01
0
0
0
0
0.05
2.63
8.25
6.28
5.35
3.11
4.42
7.42
0.41
0.04
0
0.28
0
0.02
0
0
0
0
0
1.21
5.64
7.82
2.98
0
0
0
0
0
0
14.78
3.75
1.48
8.62
1.33
0.09
0.14
14.57
1.33
0.77
0
0
0
0
0
0
0
0
0.26
2.31
5.14
1.51
1.71
0.38
0
0
0
0.32
0.38
0.02
0.03
0
0
0.04
0
0.18
0
0
0
0
0
0
0
0.04
0
1.67
0
0
0
0
0
0
0
0
0
2.6
11.38
3.71
0.01
0
0
1.34
18.46
4.35
1.27
0
0.9
3.45
0.51
0.3
5.56
5.59
1.24
0
1.85
0.63
0
0
0
0
0
0
0.01
0
0
0.36
0
0
0
1.84
0.52
2.98
1.24
2.22
0.01
4.13
5.66
1.05
0.37
0
0
0
0
0
0
0
0
0
0
0
0
0
0
0
0
0
0
0
0
0
0
0
0
0
0
1.62
0.01
0.19
0
0
0
0.01
0
0
0
0
0
0
0
0
0
0
0
0
2.18
0.8
7.41
1.6
3.3
1.29
0.23
11.98
15.74
10.08
0.41
0
0
0
0.03
0
38.9
6.43
0
2.05
0
0
0
0.03
0
0
0
1.87
0.9
0.66
0
0.04
0
0
0
0
2.82
0
0.08
0
0
0.68
21.05
14.73
18.57
28.8
5.11
6.81
15.32
3.54
1.75
0.2
0.02
0
0
0.01
0
0.45
12.74
11.39
1.7
0
0.64
3.18
0.13
0
0
0
0
0
0
5.06
15.82
0.03
0.09
0.09
0
0.37
0.27
2.95
1.74
6.04
0.73
0.03
0.11
0.01
0
0
0
3.56
2
17.27
3.13
19.01
1.06
0
0
0
0
0
0
0
0
0
0
0
0
0
0.05
0
0.08
0
0
0
0
0
0
0
0.01
0
0
0
0
0
0
0
0
0
0
0
0
0
0.61
0
0
0
0.45
0
0
3.87
1.7
3.39
3.58
3.86
0
0
1.23
0.61
0.04
0
6.9
3.31
4.11
1.13
0
8.21
18.79
8.18
6.13
5.22
2.84
0.64
2.45
0.06
4.57
2.1
2.61
0.24
6.59
1.89
0.5
4.02
0.76
7.75
0.96
0
0
0.01
0
0
0
0
9.27
5.7
0.61
0
0
0
0
0
0.01
0
0.63
0
0
0.1
1.57
0
0
0.02
0.15
0.08
3.19
17.71
6.82
0.59
3.7
9.11
7.62
2.42
4.38
1.76
1.45
6.51
7.43
2.8
1.64
2.54
5.77
13.23
1.5
0.26
0
1.55
1.95
0.01
0
0.01
0
0.19
0.02
0
3.36
15.85
5.34
7.44
2.86
6.1
2.12
5.05
7.41
0.8
1.03
0
0
0
0
0.04
0
0.33
2.18
0
0
0
0
0.4
22.71
20.84
3.86
1.89
2.62
3.29
2.29
2.22
0
0
0
0
0
0.01
0
0
0.62
0.52
0
0
0
0
0
0
0
0
9.83
7.81
18.19
3.71
0.05
0
0.01
0
0
0
0.01
0
0
0
0
0
0
0
0
0
0
0
0
0.66
0
0
0
0
0
0
0
0
0
0
0
0
0
0
0
0.01
0
0
0
0
0
0.01
0
0
0
0
0.01
0
3.74
2.06
0.19
0.04
0
0
0
4
0
0
0
0
0.02
0
0.02
0
0.01
0.02
0.03
0.66
0.1
0
0
0
0
0
0
0
0
0.04
0
0.02
0
0
0
0.5
1
0.89
3.82
0.8
6.38
3.14
0
0.02
0
0
0
1.09
0.47
3.53
1.05
0.02
0.05
0
6.21
3.34
0.28
0.38
2.99
2.51
11.34
4.42
0
0
0
0
0
0
0.03
0
0.02
0
1.76
0.41
0
0.02
0
0
0.05
6.91
0
0.04
0
0
0
0.01
0
0
0
0.08
0
0
0
0
0
0
0
0
0
0
0
0
0
0
0
0
9.35
20.57
1.8
2.65
0.13
0.18
0
0
0
0
0
0
0.52
0.07
0
0
0
0
0
0.01
0.05
0.02
0
0
0
0.01
0
0
1.66
1.2
0.14
0
0.44
0.96
0
0
0
0.01
0
0
0
0
0
3.01
9.97
8.23
1.02
0.45
0.77
1.38
0
0.03
0.81
10.36
1.57
4.63
1.29
6.92
1.5
0
0
0
0.27
0
0
0
0
0
0
0
0
0
0
0
2.43
1.38
9.98
0.55
0
0
0
0
0
0
0
0
0.01
0.3
0
0
1.08
1.86
15.3
4.53
0.17
0
0.2
3.97
1.64
0.41
2.7
2.17
0.02
0.02
0
0
0.1
0
0
0
0
0.07
0.92
0.2
0
0
0
0
0
0.91
0.11
0.04
0.78
1.23
7.97
1.67
0.88
0
3.48
0.76
0
0
4.08
0.73
0.04
0.03
0
0
0
0
15.88
18.85
6.55
18.67
8.13
0.07
1.04
0.18
0.16
13.94
24.96
13.64
24.27
10.81
2.45
0
1.34
0
0
0
0
0
0
0
0
0
0
0
0.34
0.18
0.73
3.55
11.66
10.33
2.37
4.06
10
3.88
5.76
5.01
5.21
4.27
3.43
0.11
2.81
0.8
12.79
3.57
4.2
1.02
2.7
2.21
1.42
2.14
11.13
7.27
6.94
3.26
1.08
3.98
0.3
0.55
5.29
13.02
12.23
2.17
0
0.23
0.06
0.13
4.05
0.54
0
0
0
0.01
0
10.44
0.45
0.6
0.01
0
0
0.09
0.11
0
0
0
0
0
0.03
0
0
0
0
0.03
2.87
0.23
2.86
0.44
0.3
0.66
0.01
0
0
0
0
0.02
0
0
0
0
0
0
0
0
0
0
0
0
0
0
0
0
0
0
0
0.01
0
0
0
0.01
0
0
0
0
0
0.66
0.29
0
0
6.12
4.98
0.57
0.02
0
0.01
0
0
0
0.18
1.97
2.11
0.8
0.04
0.08
18.14
2.32
0
0
0
0
0
0
0.02
0.01
0.02
2.24
4.63
5.83
1.32
2.51
2.3
0.2
0.14
0
0
0
0
0
0
0
0
1.24
0.18
0.33
0.1
10.55
10.97
1.2
1.37
0.19
0.06
0.76
4.13
0
0.94
10.72
9.65
7.34
5.01
0.39
0.03
7.47
11.63
2.88
11.21
29.99
12.49
6.66
0.45
0
0.13
0.25
2.63
1.73
0
0
0
0.16
0
0
0
0
0.01
0.3
0
0
0
0
0
4.22
0
0
0.68
8.88
4.8
2.2
5.52
2.14
2.63
4.02
1.79
2.87
17.09
7.12
1.17
0.43
0.14
1.9
8.84
1.73
2.4
0.7
0.86
0
0
0.27
0
0
0
0
0
0
0
0.13
0
0
0
2.13
1.1
6.09
2.01
0
0.76
0.29
1.99
5.06
0.46
0.7
0
1.34
0.11
0.03
0.53
0.08
2.53
11.63
3.32
4.62
18.76
7.76
0.79
4.64
1.05
0
2.8
2.45
1.64
5.75
5.54
7.53
5.34
8.36
8.91
7.74
1.98
0.36
4.46
0.45
0
0
0
0
0
0
0
0.01
0.01
0
0
0
0
0.01
0.02
0
0.09
1.08
3.24
1.42
2.19
11.02
4.21
2.59
0
0.3
0.23
0
0
0
0
0
0
0
0
0
0
0
0
0
0
0
0
0
0.02
17.78
2.64
1.41
0.13
0
0
0.01
1.06
0.14
5.77
1.3
0
0.37
15.97
9.53
0.44
0
5.19
5.64
6.44
3.02
9.63
3.77
2.63
2.29
0
0
0
0
0.34
0
0
0
1.77
0.13
0.01
0.02
0.2
0
0
0
0
7.34
2.28
0
0
0.21
0
0
0
0
0.13
0
0.84
0.02
0
0.94
2.93
0
0
0
0.2
0.04
2.29
0
0
0
0
0
0.71
4.27
1.38
1.69
0
0
0
0
0.61
0.21
0.93
0.88
0
0.1
1.95
0.85
0
0
0
0
0.02
0
0
0
0
0
0
0
0
0
0
0
0
0.02
0
0
0
0
0
0
0
0
0
0
0
0
0.07
0
0
0.01
0
0
0
0
0
0
0
0
0
0
0
0
0.12
0.02
5.59
0
1.78
1.67
1.57
1
1.93
0.01
0
0
0
0
0
0
0
0
0
0
0
0
0.16
0.01
0
0.12
0
0
0
0
1.59
0.09
5.97
0.96
0
0.02
0
1.64
0.63
0.07
0
1.19
17.5
2.77
0.56
0
0
0
0
0
0
0.02
0
1.28
0.81
2.68
2.91
0.03
0.25
0.31
0
0.41
1.27
0.27
0
0
0
0.07
0
0
0.02
0.12
0.08
0.08
0.02
11.45
20.18
2.86
0
0.01
0
0
0
0
0
0.02
0
0.2
0
0
0.01
0.19
0
1.17
0.68
0.09
0
0
0
0
0.48
0.05
0
0
0
0
0
0.75
0.07
0
0
0.24
2.38
0.02
2.35
8.73
3.34
2.11
16.19
1.85
0.02
0.25
0.45
2.35
0.48
0.23
0
0
0.85
8.24
2.18
0.44
7.68
5.95
0.04
0
2.98
18.13
27.06
27.89
12.41
15.47
11.1
4.38
15.55
27.92
18.91
8.54
6.19
0
6.85
9.44
3.21
1.46
9.09
0.18
0.05
4.18
0.28
14.86
16.05
3.27
0.95
2.78
2.18
0.7
2.49
0.44
0.29
0.29
0
0
0.64
0.38
0
0
0
0
1.91
0.07
0.18
0.76
9.21
2.29
0
0.03
15.95
1.03
0
0
0.01
0.04
0.44
7.86
12.32
7.26
2.01
0.58
0.52
12.31
14.16
13.72
5.06
9.61
5.21
1.7
4.2
0.28
3.54
5.53
0.39
13.55
3.97
9.34
0.79
0.19
0.12
0
0
0
0
0
0.01
0.01
0.02
0.7
0
8.98
1.05
0.74
17.84
10.81
0.38
0
1.68
5.54
0.15
0.84
0.01
0.41
3.75
0.08
0
0.16
3.88
0.09
0
0
0.14
3.87
7.38
5.22
8.35
7.25
10.52
5.3
2.8
0.01
3.45
3.7
1.11
0.21
1.08
0
0
0
0.07
1.82
0.73
2.32
1.29
0.14
0.55
0.5
8.01
7.18
6.11
11.27
2.93
12.83
2.09
2.15
0.55
0
0
0
0
0.02
0
0
0.93
0.2
0
0.02
2.08
1.38
0.03
0
0
0
0.37
0.23
0
0
0
0
3.82
22.42
12.2
11.6
7.19
4.69
5.72
1.55
0.77
2
4.05
0.16
0.01
0
0
0.01
0.24
8.62
4.89
4
0.09
3.07
0
0.74
7.94
8.56
0.02
0
0
0.04
0
0
0
1.07
0
0
0
0
0
0
0
0
0
0
0
0
0.02
0
0
0.05
0
0
0
0
0
0.03
0
0
0
0
0
10.92
2.67
2.71
0
0
0.1
0
0
0
0.2
0
0.43
0.02
0
0
0
0
0
0
0
0
0
0
0
18.15
5.65
0.42
0
0
0.02
0.38
0
0
0
0
0.11
0
0
0
4.09
9.63
1.9
0
2.33
0.41
0.06
3.91
0
0
0
0
0
0
0
0
0.14
5.39
0.62
0.12
0
0.24
1.04
22.54
10.63
1.27
1.91
0.33
0
0
0
0
0
0
0
0
0
0
0
0
0
0
0.02
3.59
15.7
8.62
1.23
0.03
0
0
0
0
2.21
22.33
3.88
0.24
0.61
1.3
0.06
7.22
1.28
0.59
3.32
0
2.71
4.66
5.48
0
0
0
0
0
0.03
0.37
1.97
5.68
3.63
5.33
0.57
0.27
4.54
9.55
7.52
6.65
0.07
0.11
0.13
0.08
1.4
0.62
0
0.22
0.43
1.56
1.77
6.73
18.38
9.28
2.63
0
0
0
0
0
0.73
3.48
3.59
0.14
0
0
1.31
2.98
1.77
0.21
10.16
4.48
4.89
1.07
0
0
0
0.02
0
0
0
6.71
1.81
0
0
0
0
0
0.12
3.07
9.39
4.6
2.67
0.12
0
0
0
0
0
0
0
0
0
0
0
0.13
3.27
5.56
10.11
12.15
6.52
1.03
10.11
2.33
0.49
0.04
0
0
0
0
0.11
0.58
0
0.02
3.47
2
0.02
0.92
0.01
0.1
0.83
0
5.56
2.77
2.26
8.05
10.79
16.84
4.48
0
0.4
0
1.74
0.06
2.85
0.57
1.19
5.19
4.77
0.08
0.09
0
0
0
0
9.66
1.63
0
0
0
0
0.03
0
0
0.01
0
0
0
0
0
0
0.84
0.05
20.06
6.79
1.67
0.49
1.77
0.18
0
1.81
6.91
3.31
1.74
4.62
4.05
0.93
8.62
1.53
15.7
3.3
0
0
0
1.16
0.37
10.95
2.16
0
0.01
2.7
1.31
0
0.33
0.93
0.7
0.16
0
1.12
0
0.56
22.36
11.38
0.34
0
0
0
2.68
2.98
12.22
21.45
0.11
0.83
0.04
0
0
0
0
0
0
0
0
0
0.02
0.81
0
0.01
0.01
0.14
0
0.1
0.02
0
0.12
0.03
0.27
0.07
0.02
0
0
0
0
0
0
0
0.05
0
0.01
0
0
0
0.01
0.01
0
0
0
0
0
0
0
0
0.01
0.5
0
0.09
0.02
0.04
0
0
0
0
0
0
0
0
0
17.4
0.54
0
0
0
1.32
0.04
0
0
0.04
0
0
0
0
0
0
0
0.01
0
0
0.06
0.36
0.09
0
0
0
0
0
0
0
0
0
0
0
0
0.02
0.01
0
0
0
0
0
0
0
0
0
0
0
0
0
0
0
0
0
0
0
0
0
0
0
0
0
0
0
0
0
0
0
0
0
0
0
3.64
15.9
0.44
9.9
13.23
3.06
0
0.01
0.05
0.03
12.26
20.7
17.52
16.85
5.01
2.27
0.01
0.08
0.02
0.07
0
0.21
2.95
1.14
0
1.23
0.34
0.38
0.55
0.01
3.47
0
0
0
0.01
0.05
0
0
0.01
1.61
3.74
0.15
0.06
0
0.85
0
0
0
0.55
0
0.26
1.18
0.35
0.15
1.7
0.29
0
0
0.02
0
0
0
0
0
0
0
0
0
0
0.29
0.91
0.6
0
0
0.04
0
0
0
0
0
0
0
0
0.5
5.06
2.58
0
0
0
0.02
0
0
0
0
0
0
0.06
0
0
0
0
0
0
0
0
3.13
0.43
0.16
0
0
0
0
0.01
0
0.76
0.2
0
0
0
0
0
0
0
0
0
0
0
0
0
0
0.02
1.96
0.07
0.25
0
0
0
0
0
0
0
0
0
0
0
0.11
0.01
0
0.15
2.48
0.48
0
0
0.08
0
0
0.02
0
0
0
0
0
5.85
8.13
9.95
8.2
2.36
1.06
0
0.49
1.6
1.66
8.2
3.93
7.54
1.15
0
1.08
5.09
4.55
0.84
0.36
0.01
0
0
0
1.06
9.63
16.37
16.09
5.63
1.87
0
2.65
5.67
1.93
0.16
0.01
0
0
0
0
1.25
1.36
1.24
0
0
0
0
7.36
3.45
0.07
0
0
0
0
0
0
0.01
0.01
0
0
0.01
2.32
0
0
0
0
0
0.22
0
0
0
0
0
0
0
0
0
7.95
11.29
0.07
0
0
0
0
0
0
0.01
0.01
0
0
0
0
0
0
0
0
0
0
0
0
0
0
0
0
0
0
0
0
0.02
0.01
0
0
0
0.01
3.26
1.66
1.97
0
0.01
0
0
0
0
0
0.01
0.35
0
0.11
0
0
0.03
0
0
0
0
0.01
0
0
0.81
0
0
0
0.01
0
0
0
0
0
0
0
0.05
0
0
0
0
0
0
0.1
0.89
0.24
0
0.01
0
0
0
0
0
0
0
0
0.31
0
0
0
7.32
0.98
4.38
4.94
4.14
25.18
0
0
0
0
0
0
0
0
0
0
0
0.63
9.39
5.34
0
6.39
0.03
0
1.01
6.21
19.03
16.25
11.21
0.15
0
4.27
9.78
6.83
1.82
0.04
0.05
10.17
0.09
0.45
5.47
24.66
15.07
0.09
0.02
1.17
26.82
6.91
10.61
0.77
0
0.2
0
0.07
0
3.52
0.3
0.01
0.01
1.01
0
0
0.02
0.37
6.88
0.38
0.14
0
0
0
0
0.05
0.07
0
0.02
0.09
0
0.01
0
0
0.05
1.01
10.84
0.68
4.05
0.37
0
0.07
0.22
0.32
0.03
0
0
8.59
0
0
0
1.13
0.19
1.43
0.45
0
0
0
0
0
0.11
0.03
0.16
0.17
0.47
6.18
2.48
0.32
0.45
12.05
5.41
15.49
13.09
4.95
1.66
13.14
11.01
0
0.48
0.23
7.07
0.01
0
0
0
6.53
1.1
0.01
0
0.87
0.15
0
0.01
0.36
8.09
1.15
0
0.03
0
0
0.28
2.18
0.6
1.73
0
10.95
11.24
0.77
0.38
0.03
0.04
0.09
2.27
0.34
0
0.1
1.74
5.88
6.3
14.66
18.41
7.62
4.21
4.89
2.27
1.32
0.23
0.08
5.73
10.36
0.17
12.18
0.13
0
2.39
3.09
6.04
19.08
29.09
7.94
5.13
19.51
0.82
12.8
1.55
0.79
4.46
10.18
1.91
0.47
4.65
1.28
0.09
0.13
0.07
0
0
0
0
0
0
0
0
0
0
0
0
0
0.4
10.35
5.3
9.21
1.14
4.96
0.15
0
0.59
0
0
0
0.03
0.02
0.13
0
0.24
0.07
0.35
1.45
4.3
3.85
7.85
5.69
3.12
1.13
0
0
0
0
0
4.9
3.66
1
8.38
0.94
0.01
0
0
0
0
0.95
0
1.28
0.71
1.37
0
0
0
0.29
0.01
0
0
0
1.48
0.46
0.01
1.3
0.02
0
0
0
0
0
0
0
0
0.23
0.05
0
0
0
0
0
0.01
3.21
2.72
2.89
0
0.05
0
0.01
0.05
0
0.01
0
0.04
7.66
0
0
0
0.01
0
0.02
0.01
0
0
0
0
0
0
0
0
0.22
0.71
0
0
0
0.13
4.55
1.16
0
1.5
0.78
0
0.02
0
0
0
0
0
0
0
0.56
4.94
21.58
4.69
0
0.01
0
0
0.04
0.01
12.27
0.66
1.34
0.48
0
0
0
0
0
0
0.01
0
0
0
0
0
0
0
0
0
0.01
0.05
1.61
14.17
1.93
2.61
0.45
3.83
3.86
5.6
0.06
0
0
0
0
0
0
0
0
0
0
0
0
0
4.64
0.11
0
16.72
0
0.08
0.79
0.25
0.01
0.02
0
0
0
0
0.01
0.6
4.66
0
0
0.15
2.64
0.02
0
0
0
0.03
0
0
1.63
10.77
7.4
1.62
0
0.53
0
0
0
0
0
0.7
0.26
0.04
0.22
0.02
0
0
0
0
0
0.02
0
0
0
0
0
1.4
0
0.01
0
0.02
6.03
15.24
0.02
0
0
1.58
27.19
11.52
0.53
4.88
1.34
0
0.01
0.89
8.86
16.98
16.33
14.12
1.76
0.54
0.01
0.04
0.01
0.07
0
4.38
6.52
6.34
5.44
2.48
2.49
6.53
1.42
1.73
5.48
3.9
0
0
0
0
0.03
7.67
6.5
3.92
3.14
0.09
1.06
2.4
18.13
1.27
10.28
5.57
8.44
22.48
1.72
11.97
3.65
4.24
0.87
2.5
0.32
1.15
0.01
0.05
2.79
0.25
0.02
0.01
2.04
0.26
1.13
1.63
0.81
18.49
4.95
0.22
0.19
0.07
0
0
0
0
0.02
0.03
0.01
0.21
0
0
0
0
0
0.11
3.9
2.11
2.74
0.04
0.93
5.13
2.61
0
0
0.09
0.55
0.04
0.47
6.46
4.74
1.93
0.02
0
0
0
0.01
0.13
0
4.88
0
0
1.36
0.12
0
0.03
3.25
3.58
10.67
0
0.04
8.12
1.05
0.44
0.06
0
0
0
0
0
0
0
0
0
0
0
0.41
0
0
0
0
0
0
0
0
0
3.43
0.55
8.07
0.8
2.15
8.52
1.12
0
0.88
3.32
0
0
0.64
0
0
0
0
0
1.88
0
0
0.23
5.19
6.66
1.19
0.05
0
0.01
0
0
0
0.03
0.04
0.02
0.97
4.52
12.3
0
1.16
0
0
0
0
0.02
16.12
17.97
0
0
1.27
0.31
0
0
0
0
0
0
0
0
0
0
0
0.05
0
0
0
0
0
0
0
0
0
0
0
0
0.02
0
0
0
0
0.01
0
0
0
0
0
0.02
0
0
0.04
0
0
0.08
0
0
0
0
0.01
0
0
0
0
0
0
4.64
0.03
0.17
0
0.13
0
0
0
0
0.21
0.11
0.38
0
0
0.06
0.3
0.04
0.2
2.71
1.84
0.48
0.06
23.18
8.55
0.82
8.05
0
0.02
1.35
9.86
0.32
0.11
1.3
0.89
0
0
0
0
0
7.26
12.1
19.02
6.5
7.32
6.41
2.33
1.39
0.21
0
0
0.01
0
0
0
0
0
0.01
0
0
0
0
0
0
0
1.71
18.98
6.68
1.64
0.63
2.95
10.3
0.28
10.16
14.88
0.64
13.08
8.88
4.7
0.3
0.31
0
0
0.02
0
0
0.1
0.01
9.57
3.04
4.03
24.66
6.12
0.8
3.07
0.11
0.76
0.07
0
2.3
0.09
0
0.01
0
0.05
0
11.28
7.9
0.85
1.15
0.09
0
0.01
0
0
0
0
0
0
0.11
1.98
2.81
0.2
0
0
0
0
0
0
0
0
0
0
0
0
0
0
0.01
0.06
13.38
0.3
0
2.03
0.32
0
2.48
1.96
0.17
0
0
0.01
0
0.32
2.51
24.46
2.17
0
10.98
10.7
1.57
4.24
0.06
0.02
0
0.02
0.11
5.03
1.67
0.02
3.3
1.8
0.51
0
0
0.41
3.82
1.48
0
1.89
0.32
0.04
0.07
0
0
0
0.07
0.1
0
0
0
0
0
0
0
0
0
0
0.01
0
0
2.51
9.98
0.39
3.51
4.88
7.76
7.88
0
0
0.04
0
0
0
0.01
0
0
0
0
0
0.29
0.05
0
0.84
2.94
0.17
2.88
0.23
0.04
0
0.66
3.38
0.07
0.17
0
0
0.07
0
0
0
2.82
21.39
0.48
0.16
0.02
0
0
0
0.01
0.01
0
0
0
0
0
0
0.01
0
0
0
0.01
0
0
0
0.16
0
0
0
0
0.27
0.01
0
0
0.02
0
0.13
0
0
0.02
3.41
1.73
0
0
0.02
0
2.52
4.44
19.45
0.85
0.29
0.04
3.44
0.1
0
0
0
0.02
0.15
2.4
0.11
1.52
0.01
0
0
0
0
0.09
0.01
0
0
0.04
0
0
0
0
0
0
0
0
0
0
0
0.01
0.04
0.55
0
0
0.02
0.69
0.27
0
0
0
0
0
0
0.23
2.23
0.07
0
1.97
0
0
0.38
0.59
0.6
0.18
0
0
0
0.02
0
0
0.23
0
0.02
0.01
0
17.43
0
0.11
0.7
0
0
0.06
0
0
6.13
9.74
2.64
0
0
1.59
0.7
0.9
5.46
0.01
0
0
0
0.02
0.03
0
0.05
7.75
0
0
0
0
0
0
0
0
0
0.05
0.25
2.7
1.94
0.24
0
0.14
0.57
4.09
3.73
1.05
0.06
0.17
0
0.16
1.36
1.91
2.34
0
0.01
0
4.63
4.64
0.18
1.54
0.07
0.01
0
0.64
0
2.12
3.27
1.51
0
0.04
0.01
5.75
19.95
4.25
0.41
0.02
0
0
0
0
0
0
0
0
0
0
0.02
0
0
0
0.21
3.21
0.07
0.02
0.7
0.11
0
0.29
0
0
0
0
0
0
0
0
0
0
0.03
0
0
0
0
0.37
0.02
0
0
0
0
0
0
0
0
0
0
0
0
0
1.62
0.3
1.41
1.77
9.72
0.41
19.26
27.23
0.71
4.08
2.21
6.71
4.87
16.67
1.45
0
0.44
6.07
0.08
0
0
0.5
0.04
0.02
0.18
0.18
0
0
0
0.01
0.02
1.57
0.41
0.24
0
0
0
0
0
0
11.94
0.7
0.1
4.2
11.45
6.19
38.45
22.88
9.8
0.18
0
1.69
2.24
0.15
0
0.02
0
0
5.24
0.26
21.3
8.41
1.38
0.26
0
0
0
3.64
1.2
2.3
5.62
0.73
4.16
0.1
0
0
0.16
0.11
0
0
0
9.14
12.97
6.35
9.69
0
0
0
0.11
2.23
0.34
0.1
0.01
0.55
0.43
0.01
0.01
3.33
38.38
0
0.23
0.25
0.04
0
9.34
6.52
13.61
0.9
0
0.43
9.21
0.05
0.06
5.68
5.4
0.55
1.27
5.92
0.05
0
0
0
0.91
4.91
0.05
0
0
0
0
0.87
7.81
13
11.43
7.02
12.49
4.85
4.91
6.53
0.09
0
0
0
0
0
0
0.79
2.25
1.34
0
0.01
0
0
2.52
2.88
0.91
0
0
0
3.39
1.36
0
0
0
0
0.74
0
0
0
0
0.02
2.27
1.84
0
0.02
0
0
0
0
0
0
0
0.55
0
0.25
14.06
0.02
0
0
0
0
1.28
2.15
0.41
0
0
0
0.01
0
0
0
0
0
0
0.01
0
0.16
0.01
0.01
0
0
0
0
0
0
0
0.01
0
0
0
0
0
0
0
0
0.02
1.95
0.11
0
0
0
0
1.18
0.13
0
0
0.04
0
0
0
0
0
0
0.04
0
0
0.01
0
0.04
1.76
0
0
0
0
0
0
0
0
0
0
0.01
12.9
11.26
0
0
0
0
0
0
0
0
0
0.01
0.03
0
0
0
0
0
0.01
0
0
0
0
0
0
0.01
0.04
0
0.39
8.66
5.23
0.34
0
0
2.4
0.67
6.26
9.7
5.47
9.39
9.6
8.34
0
0.01
0
0
0
0
0
0
0
1.65
11.92
22.52
0.84
0
3.7
0.06
0
0
0.05
0
0
0
0
0
0.01
0.85
31.33
4.8
9.03
7.32
1.94
3.3
5.25
0.77
0
0
0
0
0.06
2.34
2.63
0.02
0.13
0.05
0
0
0
0.08
0.21
0
0
0.17
0.62
0.07
0
0.02
0.02
0.21
0.1
0.02
0
0.02
0.01
0
0
0
0
0
0.02
0
0
0.01
0
0
0
0
0.63
0.2
0
0
0
0
0
0.42
0.01
0
0.07
0.04
0.09
0
0
0.01
0
1.23
8.14
0.29
2.8
1.95
0.05
4.2
7.06
17.68
12.65
2.55
0
1.3
0.07
0
0.07
1.13
3.91
2.62
0.04
0
0
0
0
0
0
0
0
1.67
0.36
0.09
0
0.02
0.01
1.35
0
15.48
0.86
0
0.02
1.34
0
0
0
0
5.05
1.97
0
0
0
0
0
0
0.01
0
5.57
2.03
1.3
7.76
5.38
3.4
0.19
0
0
0.33
0
0
0
0
0
0
0
0
0
0
0
0
0
0
0
0
0
0
0.23
0.09
0
0
0.21
1.57
4.29
0.88
0.76
1.04
3.18
6.16
0.37
0
0.05
1.28
2.96
0.03
0.88
0
0
11.72
6.34
2.95
0.35
0.01
0
0
0.76
13.13
0.46
0
0
0
0
0
0
0
0
0.02
1.2
1.76
0.96
0.79
10.95
1.31
22.66
0.12
0
0.31
0
0
0
0
0
0
0.05
6.11
2.19
0.67
0.32
14.52
1.08
0
0
0
0
3.76
0.68
1.27
2.75
0.01
0
0
0
0
0
0.24
1.62
16.82
0.25
0
0
0
0
0
0
0.02
0
0
1.11
0
0
0
0
0.05
0
0
0
0
0
0
0
0
0.03
0.14
0.03
0
0
0.03
0
0
0.04
0
0
0
0
0
0
0
0
0
0
0
0
0
0
0
0
2.29
4.8
16.59
6.02
0
0
0.01
0.04
0
0
0
0
0
0.36
0.34
0
0
0
0
0
0
1.99
0
0
0
0
0.5
11.38
0
0
0
0
0.07
0
0
0
0
0.01
1.15
0
0
0
0
0
0
0
0
0
0
0.02
0.09
1.16
5.96
15.61
0
0.02
2.16
0
0
0
0
0
0
0
0
0
0
0
0
0.18
3.29
0.1
0
0.02
0
0
0
0
0
0
0
0
0
0
0.01
0
0
0
0
0.04
0.01
0
0
0
7.09
0
0
0.54
0.07
0
0
0
0
0.01
1.59
0.54
19.59
5.27
0.42
0.11
3.38
4.41
0
0
0
0
0
0
0
0
0
3.79
13.16
1.02
0.6
4.29
0.53
1.77
0.63
0.12
0.15
0
3.35
12.51
2.65
2.29
2.07
2.68
0.09
0
4.04
0.7
0
0
0
0
0
0
0.01
0.02
0
0.1
13.49
8.55
0.01
0.05
0
0
0
1.08
0.34
6.66
4.87
3.76
0.52
1.52
0.87
2.16
0.19
3.36
0.91
0.43
0.09
0.01
0
0
0
0.45
0.07
0.04
0
0
0
0
0.15
23.19
23.09
16.34
15.93
9.75
10.57
4.95
4.88
1.48
3.75
12.2
18.29
8.85
2.84
1.91
27.67
4.78
5.12
14.67
0.36
9.83
0.21
0.4
0.17
14.02
1.52
1.68
0.12
0.2
0
1.34
5.15
1.29
0.09
0.99
2.19
2.74
0.18
9.8
8.65
10.82
14.92
26.47
22.66
10.1
2
0
9.14
0.27
0.01
0.76
0
0
0.04
0.14
0.1
0.01
0
0
0.05
3.58
7.36
0.64
0
0
0
0
2
2.38
1.55
2.07
0
0.08
0.02
0
0
0
0
0.5
2.85
1.52
7.35
4.3
7.18
3.89
0
0.44
0.45
0.06
7.86
4.01
15.67
8.52
0.1
2.52
19.03
2.27
0
5.38
3.31
0.12
2.73
8.37
0.51
0.31
0.64
0
0.2
0
0
0
0
0
0.26
0
0.01
0
0
0.33
2.45
2.79
3.44
0.43
5.84
0
0
0
0.02
0
0
0
0.02
0
0
0.04
0.02
0
0
0
0
0
0
0
0.04
0.27
0.36
0
0
0
0
0
0
0
0
0
0
0
0
0
0
0.02
0.03
0.65
0
0
0.02
13.95
1.48
0
2.91
4.34
0
0
0.07
0
1.29
2.2
5.24
0.02
0.22
0
0.02
3.89
0
1.66
0
0
2.66
0
0.01
0.02
0
9.54
0.02
2.09
3.31
14.23
0.64
0.38
0
2.41
0.47
6.93
0.89
0
0
0
0
0
0
0.2
0
0
0
0
0
0
0
0
0
0
0
0
0
0.11
0.74
0.46
0.02
0.63
4.74
0.01
0
0.55
27.99
8.29
0.63
1.25
0.02
0
0
0.54
4.29
7.23
0.63
3.99
11.02
19.27
1.01
0.27
0
6.21
16.56
0.98
1.43
7.71
1.13
3.73
1.41
0.21
0.3
0.38
0.95
0.79
0.4
1.37
9.13
12.19
5.8
2.93
3.3
3.29
13.29
3.2
0
0.18
4.4
0.1
0
0.02
0
0
0
0
0
0.02
0
0
0
7.52
16.41
0.29
1.97
4.88
0.45
2.69
0.02
0
0
0
0
0
0
0
0
0
0
0
0
0
0
0
0
0
0
0
0
0
0
0
0.01
0
0.07
0.03
0.04
0
0.02
12.8
0.16
0
1.41
1
0.25
0
0
0
0.05
2.77
10
14.47
6.89
0.09
0.05
0
0
0
0
0
0
0
0.02
0.01
0
0
0
0
0
0
0
0
0
0
0.02
0
0
0
0
0
0
0
0
0.01
2.44
9.75
0.04
1.98
0
0
0
0
0
0
0
0
0
0
0
0
0
0.02
0
0
0
0
0
0
0
0
8.16
5.53
4.05
0
2.62
12.33
8.3
2.83
6.59
4.11
3.02
0
0
0
0
0.53
0
5.32
27.16
14.25
4.06
1.56
1.31
8.31
23.5
4.27
0.66
0.03
0
0
0.3
0
1.34
0.03
0
0
0
0.01
0.01
1.3
0.48
0
0
0
0
0
1.09
0.12
0
0
0.01
0
0.02
0.05
0
0
0
0
0
0
0
0
0.12
0
0
0.41
0.32
0.03
0.18
0
0
0.01
0
0.01
0
0
0
0
0
0
0
0
0
0
0
0
0.01
0
0.02
0
0
0
3.12
1.34
0.03
0
0
0
0.02
9.66
0.2
0
0.01
0.23
0
0
0
2.08
0.09
0
0
0
0
0
0.02
0
1.66
0.19
0
0
0
0
0
0
0
0
0
0
0
0
0
0.03
0
0
0
0
0
0
0
0
0
0.19
0
13.55
0.75
0
0
0
5.36
0.53
0
2.61
6.94
0.06
0.81
0.39
0.02
0
0
0
0.02
0
0
0.25
0
0
2.53
4.02
13.22
1.6
4.69
0.28
4.59
4.64
0.62
1.98
0.16
0.01
0
0.06
0
0
0
0.25
0
0
0
0
0
0
0
0
0
0
0
0.19
0
6.28
0.31
0.25
0.62
0.86
14.25
3.97
0.06
7.62
4.28
0.47
0
0
0
0.15
0.09
0.09
0
3.56
4.84
3.2
7.11
2.34
1.73
0.22
0.03
1.97
0.66
2.23
11.09
8.12
9.94
1.28
0.16
5
0.14
0.27
2.81
2.41
18.25
1.5
1.59
0.3
3.62
0.98
4.3
3.16
6.84
1.33
0
0.5
0.97
0
0.03
0.48
1.74
0.09
0.07
0.41
12.66
0.11
0
0.3
0.03
2.33
1.22
40.69
31
15.98
4.42
0.15
0
0.03
0
0
0
0.01
0
0
0
0
0
0
0
0
0
0
0
0.34
0
0
0
0.01
0.02
0
0.02
5.19
0.62
0.19
5.44
0.81
1
1.84
7.47
0.03
1.08
2.97
0.22
1.45
2.44
0.3
0.17
0
0
0
0.02
0
1.02
0
0.19
0
0.01
0
0
0.03
0.02
0
0
0
0
0
0
0
0
0
0
0
0
0.69
24.16
3.38
1.91
0.06
3.56
1.08
0
0
0
0
0
0.21
0
0.73
32.72
19.91
2.23
0
0
0
4.56
2.83
1.19
0.69
2.49
1.39
0.67
0.04
1.29
10.16
17.56
4.38
0.41
0
0.01
0.2
6.19
3.04
0.86
5.66
2.46
0.62
0
0.02
3.31
9.55
0.84
4.38
13.5
2.22
0.88
4.44
0.27
0.53
1.67
8.25
4.2
2.88
0.07
0
0.02
0.02
0
0
0.02
0
0
0
1.31
1.12
1.12
2.66
18.66
3.61
7.45
10.46
0
0.02
0
0
0
0
0
0.02
0
1.48
5.24
0.29
0
0
0
0.02
0
0.04
8.36
11.39
0.15
0
5.94
0.09
0
0
0
1.2
0.02
0
0
0.18
0
0.01
0
0
0
0
0.01
0.25
0.41
0
0
0
0
0
0
0
0
0
0
0
0.01
1.02
18.95
0.32
0.08
1.59
0.06
0
0.01
0
0
0
0.36
0
0.29
0.05
0.09
0
0
0
0
0
0
0.05
0
0
0
0
0
0
0
0.03
0.09
0
0.46
34.53
0
0
0
0
0
0
0
0
0
0.05
0
0.01
0
0
0
0
0
0
0
0
0
0
0
0
0
0
0
0
0
0
0
0
0
0.44
0.01
0.01
4.8
13.41
0.21
1.11
0
0.12
2.61
6.28
0
0.19
0
0
0
0
0.34
23.41
0.16
0.73
0
0
0
0
0
0
0
0
0
0
0.02
0.02
0
0
0.17
3.38
0.91
0.95
4.73
0.03
7.89
0.03
0.14
0.02
0
0
0
0
0.12
3.11
0.5
4.62
12.48
6.34
0.12
0.08
0.62
0.02
0
0
2.05
0.23
0
0
0.01
0
0
0.05
0.02
0
0
0.06
0.09
1.12
0.36
0.02
0
0.01
0.34
3.7
4.2
0
6.12
12.31
1.16
5.5
11.47
10.39
0.09
0.52
2.89
0.81
0.11
0.04
0.02
6.48
0.12
0.14
0.03
0.17
1.05
0.14
0.01
7.23
1.12
0.83
0.02
6.38
2.8
1.23
1
0.8
0.25
0.5
3.28
17.5
3.69
1.16
0
0.05
0.01
0
0.06
0.04
0.04
0.05
0.11
10.22
15.88
2.1
20.59
1.83
13.16
2.8
0.26
1.91
3.53
4.53
1.5
0.19
0.22
0.06
0.03
10.53
12.69
18.61
19.39
29.22
0.59
2.34
2.75
0.06
0
0
0
0
0
0
0.14
9.8
0.78
0
0
0
0
0
0.02
2.11
0.01
0.04
2.56
0.09
0.16
7.47
8.24
0.14
0.02
0.01
0
0
0
0
0
0
0
3.14
0.36
0
0
0
0
0
0
0
0
0
0
0
0.11
4.1
1.18
0
0
0
0
2.66
2.62
10.86
7.86
0.02
1.13
6.05
2.3
0.09
0
0.07
0.47
7.67
11.12
5.02
2.01
10.79
0.78
10.53
3.44
17.91
3.07
0.2
2.53
1.76
1.86
0.12
0.44
0
0
2.07
8.52
0
0.3
0.08
0
0
0
0
0
0
0
0.04
0
0
6.59
0.05
0
0
0.35
0.05
1.42
1.22
2.51
13.7
0.43
1.47
7.52
9.23
0.02
0
0
0
0
16.39
0.27
0.02
11.02
0
5.09
2
1.97
0.13
1.42
0.04
0
0
0
0
0.22
0
0
0
0
0
0
0
0
0
2.47
0.02
0
0
0
0.03
0
0
0
0
0
0
0
0
0
0
0
0
0
2.48
0
0
0
0
0
4.67
0
0
0.02
0
0
0
0
0
0
0
0.51
0
0
3.26
0.01
0
0
1.02
0.02
0
0
0.02
6.12
3.41
0.12
0
0
0
2.03
0.2
11.97
29.56
0.2
0
0
0
0
0
0
0.16
0
0
0.02
7.77
40.59
4.88
0.84
0
0
0.01
0.05
0.59
0
0
6.91
0.25
0.02
0
0.01
0
0
0
0
9.16
0.09
0.01
0
0
0
0
0
0
0
0
0
0
0.15
0.14
0
0
0
0
0.03
0
0
0
0
0
0
58.06
20.56
57.59
0.77
11.42
0.12
0.03
0
0
0
0
0
0
0
0
0
0
0.06
0
0
0
0.12
0.97
5.14
22.75
1.16
5.97
1.81
0.47
3.42
0.06
0.03
0.14
4.97
1.03
0.11
0.89
1.52
0
9.52
0.06
0.19
0
0.06
0
0
0.01
0
0
0
0
0
0.05
0
0.03
2.03
4.84
5.34
16.41
1
0.03
0.04
0
0
0
0
0
9.34
2.68
0.13
0
0
0.06
0.03
0
0
0
0
0
0
0
0
0
0
0
0
0
0
0
0
0
0
0
0
0
0
0
0
0
0
0
0
0
0
0
0.18
0.7
4.16
0.43
0
0
0
0.38
2.34
0
0
0
0
0.42
0.71
0.23
0.14
0
0.05
0
8.34
0.08
0.03
1.02
3
0.34
0.12
0.86
24.73
15.94
3.31
1.72
0.16
0.19
0.19
0.02
1.52
0.72
1.88
0.38
0.69
0.75
1.48
0.5
0.22
0.36
3.02
10.67
0.7
0.15
0.08
0
0
0.03
0.02
0
0
0.41
0
1.67
1.47
0.59
0.05
0
0
0
0
9.58
2
0
18.56
4.55
2.02
0
6.16
5.53
3.92
0.5
3.74
1.29
1.08
0
0
0
0
0
0
0
0
0
0
0
3.12
0.13
0
0
0
0
0
0
0.06
0
1.61
0.12
0
0
0
0
0
0
0
1.27
0.23
0
0
0
0
0
0
0
0
0.04
0
0
4.5
0
0.2
0.41
0
0
2.36
0.03
0
0.01
0
0
0.41
0
0
0
0
0
0
0
0.04
0.5
0
0
0
0
0.57
0
0
0
0.03
0
0
0
0
0.05
0
0
0
0.01
0
0
0
0
0
8.77
1.91
0.69
0.11
0
0.27
0
0
0
0
0
0
0
0
3.14
0
0
0
3.12
0.06
0
0
0
0
0
1.03
1.97
0
0.84
0.93
1.24
0
0
0
0
0
0
0
0
0.03
0
0
0
0.97
1.88
6.02
0.58
0
0.42
0
0.38
9.93
14.61
2.19
0
0
0
11.06
0.82
0.47
0
3.05
0.06
0
0
0
0
0
0
0.38
0.84
0
11.28
2.61
0.41
0
0
0
1.06
0.12
0.14
6.62
6.94
0.91
0
8.02
0.06
0
0
0
0
0
0.43
2.62
0.42
0.09
2.48
0.13
0
0
0
1.52
5.62
1.19
0.12
0
0
3.06
7.3
6.08
7.3
9.41
0.23
3.12
10.36
12.47
5.62
6.98
0.39
0
6.95
0.16
0
0
0
0.09
0.99
4.48
1.31
1.48
2.66
15.47
18.53
10.88
8.17
37.09
34.47
11.98
5.28
1.41
4.14
1.8
0
5.7
0.2
0.66
0.09
0
0
0
0.01
0
0.7
0.03
0
