19510101
20.58
12.24
0.57
0
0
0.02
0
0
7.14
2.09
2.93
5.48
4.82
0.71
0
0
0
0.91
0
0.03
0
0.02
2.34
7.98
4.78
7.3
8.89
9.59
0
0
0
0
0
5.64
28.2
0.51
9.38
0.87
4.41
4.96
8.28
7.26
8.77
1.73
6.78
2.78
0.02
1.46
3.63
0.64
5.03
0.39
4.31
14.23
0
0
0
0
0
0.04
0.07
0.98
1.08
2.3
1.66
3.41
2.46
4.88
28.54
1.75
20.64
11.45
7.86
5.52
0.92
1.45
0.2
0
0
0
0
0
0
0
0
0
0.38
0
0
0
0
0
0
0
0
0
0.01
0
0
9.48
0.83
0
0
0
0
0.01
2.63
1.8
1.39
1.74
0
0
2.7
0
8.68
5.37
13.3
5.75
3.7
24.47
5.71
5.84
0
0.99
6.49
6.91
3.86
4.88
0.08
0.8
0.38
0
0
0
0
0
0.01
4.03
1.91
1.64
0
0
0
0.01
0
6.08
0
1.39
6.24
3.48
0
0.01
0
16.3
3.32
11.59
0
7.08
0
0
0
0.01
0
0
0
3.86
0.84
1.63
0.01
0.09
0
0
1.02
0.04
0
0.02
1.11
0
0.05
0.81
4.21
2.65
0
0
0.7
0
0.74
0.93
0.33
0.03
0
0
0
0.02
0.02
0
0.02
0
0
0
0
0
0
0
0
0
0
0.73
0.18
0
4.52
8.19
7.7
7.98
0
0.01
0
0
0
0
0
0
0
0
0
0
0
0
0
0
0
0
0
0
2.38
15.99
0
0
0
0
0
0
0
0
0
0
0.02
0.02
4.79
8.87
2.36
0.39
0.97
13.93
12.89
1.55
0
0.01
0
0
0
0
0
0
3.69
37.82
0
0
0
0
0.04
0
0.04
9.84
14.13
0
0
0
0
0
0.32
5.34
0
0.02
5.38
1.36
0.79
0
0
0
0
0.38
0.21
1.05
0
0
0
0
0
0.84
1.65
2.88
5.18
0
0
0
0.02
0
2.78
16.19
10.62
12.66
23.54
5.75
5.24
7.93
1.71
0.13
2.06
0.11
0.99
19.35
7.7
2
0
0.07
0.01
0
0
0
0
0
0
0
0
0
1.06
1.63
0
0.39
0
0
0
0
0
1.79
0.02
0
1.64
0.07
0
0
0
2.03
0.5
0
4.14
0.7
1.95
0.68
2.63
1.52
0
0.02
0.01
0
0.01
0
0
0
0.38
0.01
0
0
0.01
0
2.21
0.71
0.01
0
0.31
0
0.34
0
1.09
1.62
1.18
6.28
4.88
6.62
15.93
5.88
2.09
2.37
0.52
0.32
0.5
0.17
0.02
0
0
0
0
0
0.16
0.02
0.09
12.8
6.08
1.21
0.7
0
0
0.53
0
0
0
0
0
0.67
0
0.16
0
0
0.1
0.07
0.09
0.86
0.09
0.04
0
0
0.36
4.06
1.27
5.38
3.64
0
1.65
0.03
7.27
3.68
1.23
0.13
0
0.01
0.09
0.27
0.14
0
2.13
8.33
13.51
12.82
4.12
7.46
9.74
0
0.02
0
0.66
0
0.01
0
0.17
13.88
18.73
3.32
20.57
0.81
0
0
0
0.07
0
0
0
0
0
0
0
0.24
0.09
0
0.1
4.92
5.09
2.41
20.74
8.23
6.24
0
0
0.27
0
0.05
0.94
0.01
0
0.61
0.55
0.02
0.89
9.86
3.25
4.31
4.86
13.87
9.38
5.07
0
0
2.3
1.09
2.1
6.34
0
0
0
0.19
0
0.02
0
0.01
1.24
1.42
2.69
0.02
0
0
0.02
0.76
0.8
2.63
0
0
0
0.93
0.01
0
0
1.66
13.48
0.27
0.02
0.02
0
1.28
5
6.57
13.4
5.95
0.01
0
0
0.02
0
0
0
4.65
4.75
0.11
0
0
0.03
0
7.57
0
8.76
0
0
1.41
5.7
11.18
1.26
10.15
0
11.15
0.72
0.04
0
0.27
0.07
0
0
0.01
0.69
0
0
0
0.02
0
0
0
0.84
2.05
0
0
0.05
0
2.69
0.01
0
0
6.03
21.52
6
1.37
0
0
0
0
0.08
0
4.37
0
0
1.28
0
0
1.36
0.43
0
9.71
6.46
0
0
0
0
0
0
0
0
0
5.13
2.25
0
0
0.15
0
0.01
0
0.09
0.01
6.34
0
0
0
0.68
0.04
2.87
0
1.26
2.64
0
0
3.77
9.55
1.65
1.41
5.35
0
0.72
8.65
2.17
0.01
2.77
2.38
0.01
0
0
1.57
0
0
0
0
0
0
0
0
0
0
0
1.18
0.7
0.56
2.52
5.35
2.19
3.13
0
0.35
0
1.67
1.87
0.84
1.9
2.08
4.3
16.65
1.6
6.07
0.38
0.08
0
0
0
0.01
1.93
0.02
0
0.8
8.25
3.47
0.17
2.01
5.96
1.66
0
0
0
1.42
0
0.71
0.63
0.61
1.44
1.95
2.05
0.77
0.23
0.74
1.89
1.91
0
0.1
0
0
0.7
0
0.39
0.99
0
0
0
0
0
0.03
0
0
0
0
0
0.06
0
0
0
0
0
0
0
0
0
0
0.31
2.7
12.84
7.4
0
0
0
6.83
0.56
0.47
1.06
1.04
0
0
0
0.08
0.01
0
0
0
0.01
0
0
0
0.01
0
0
0
0
0
0
0
0.01
0
0
0
0
0
0
1.09
0.05
0.04
0
0.43
0.86
0
0.3
0.11
0
0.22
0
0
0.01
0.42
0.56
0
0
0.01
11.14
0.96
0.27
0
0.27
0.96
4.61
0.62
0.13
0
0.49
0.15
0.04
0.02
0
3.08
21.7
16.65
7.36
0
8
0.89
5.4
0.82
13.23
0.34
0
0
0.04
0
0
0
0
0
0.01
0.01
0
0.01
0
0
0.69
11.08
0.34
0
0
0.02
0
0
0
0
0
0
0.33
0.52
0.66
0
0
0
0
0
0
0
0.01
0
1.82
13.46
0
0.14
0
0
0
0
0.02
0
0.02
0
0.78
0
15.75
0
2.2
1.4
0
2.85
0.05
20.37
5.4
10.77
6.89
0
0.02
1.55
3.32
2.5
0
0
0.01
0
0
0
0
0
0
0
1.95
0
0
0
0
0
0
0
0
0.01
0
0.01
0
0.2
0.02
0
0
1.86
0.23
0
0
0
0
0
0
0
0
0.01
2.13
2.29
1.87
0.02
0
0
0
0
0.01
0
0
0
2.65
0
0.02
0
0
0
0
0
0
0.01
0
0
0.02
9.43
1.83
0
0.4
0.04
0
0
0
0
0
0
0
0
0
0
0
0
0.01
0.02
6.63
14.83
0.86
0.16
0
0
0.02
0
4.48
8.2
0.73
0
0.17
0
0.5
1.3
13.43
8.44
12.71
11.45
8.09
0
0
0
2.78
0.03
0.04
2.03
0.65
1.22
4.98
2.27
2.22
0.06
0.05
0
0.79
6.16
0
0
0
0
0
0
0
0
0
0
0
0
0
0.01
0.01
0.04
0
0
0.02
0
0
0
0
0
0.02
1.83
0
0.03
0
0.57
0
0.71
7.98
2.05
0
10.1
5.04
0.2
0
0.03
0
1.11
1.75
1.07
0
1.6
1.75
0.77
0
0
0
0
0
0
0
0
0
0
0
0.05
0.07
0
0
0.35
0.14
0.51
0.11
0
0
0
0
0
0.05
0
0.01
0.01
0.02
0
0
0
0
0
0
0.01
0
0
0.57
3.88
6.26
2.17
0.02
0.01
0
0.91
0.64
0
0.26
0.88
0.5
1.08
11.11
0.64
1.16
4.12
3.77
0.39
0.03
0
0
0
0
0
0
0
0.08
0.8
0.05
0
0
0.02
0
0.25
4.17
0
0
8.97
13.63
4.38
0
6.95
8.71
10.15
3.97
0
3.43
4.13
2.08
3.08
0
0
3.27
4.87
0
1.74
0
0
0
0
3.86
3.68
0.01
0
0
0
0.04
0
0
0
0.05
0
0.42
0
0
0
0
0
0
0
0
0.01
0
0.04
0
0
0.24
19.18
3.24
1.25
3.05
0
1.96
2.11
0
0
0
0
0
0
0.8
0.97
0
9
7.53
37.43
16.31
1.58
0
0
0.01
0
0
0.02
0
0
0.02
0
0
0
0
6.47
8.12
21.33
43.09
0
1.54
0
0
0.01
1.52
0
0
0
0
0.01
0.01
0
0
0
0
0
0.08
0.11
0.76
0.16
0.64
0.07
0
0.01
0.04
0
0
0
0
0
0
0
0
0.02
0
0
0
0
0.02
0
0
0
0.15
0
0
0
0
0.98
1.69
0
0
0
0
0
0
0
0
0
0
0.01
0
0
0
0.01
0
0
0
0
0
0.01
0.04
2.87
0.16
0.01
0
0
0.49
0
1.33
0.59
0.01
0.01
0
0
0.01
0
0
0
0.02
0
0
0.11
0.7
0.06
0
0.01
0
0.05
0
0
0
0.33
2.73
1.02
0
0
0
0
0
0
0
0
0.3
0
0
0
0
0
0
0
0
0
0
0
0.01
0
0
0
0
0
0
0
0.02
0.01
0.35
0.03
0
0.06
1.73
0
0.28
0
0.28
0.09
0
0
0.02
0.11
0.07
0.46
0.3
0
0.02
0
0.28
2.4
9.73
4.29
0.85
0
0
0
0
0
0
0
0
0
0
0.14
0.13
3.58
7.94
1.45
0.65
6.29
13.19
0.72
12.15
13.93
0.77
0
0
0
0
0
0.01
9.22
3.33
0.19
0.18
0.32
0
0
0
0
0
0.02
0
0.02
0
0
0
0
0
0
0
0
0
0
0
0.18
7.91
19.28
9.23
9.79
4.58
5.2
1.83
11.01
0.79
0.14
0.41
0.22
1.29
4.8
2.4
12.29
10.57
6.87
2.69
2.91
3
1.23
0
0.05
0.14
0.66
0.38
1.21
6.8
9.18
6.19
29.69
1.13
0
0
0.57
0.02
0.26
0.01
0
0.13
1.8
4.64
0.51
14.08
28.95
9.28
6.58
5.62
1.1
1.84
7.26
4.15
6.26
5.66
2.8
0.73
0
0.03
0
0
0.02
0
0
0.06
0
2.19
0.8
0.21
0.38
0.97
0
0
0
0.4
0
2.47
10.82
8.08
1.45
0
0
0
0
0
0
0
1.57
0.11
0
0
0
0
0.05
0.02
4.34
2.8
0
0.04
0
0
0
0.02
0.66
0
0.14
0.19
0
11.3
9.63
3.54
12.78
6.95
1.15
0.17
0.05
0.02
0.72
0
0.01
5.16
0
0
0
1.38
0.03
0.02
0
0
0.22
0.19
0.07
0.01
0
0.02
0.09
0.59
0
0
0.25
0.63
2.66
4.09
1.79
1.48
0
0
0.23
0.56
15.45
5.5
0.13
1.99
0
5.56
6.97
0.83
9.24
0.37
0
0
0
0
0
0.44
4.59
9.53
8.48
1.91
1.09
0
0.52
0.11
16.04
0.58
0
0.27
0.01
0
0.03
0
0.02
0
0.01
0
0
0
0
0
0
0
0
0
0
0
0
0.88
0.06
0.22
3.18
5.8
1.65
0.26
2.25
0
0
0
0
0.02
6.07
0.01
0.04
0.01
0.4
1.79
8.6
6.82
0
0
0.05
0.09
0.6
0
0.01
20.62
0
1.16
0
0
0.06
2.29
0
0
0.41
0
0.07
7.29
7.98
0.12
0.56
0.36
0.18
0
0.12
1.07
0.11
0
0
0.1
3.03
0.13
0
0.1
0.91
0
0
0
0.87
2.88
24.26
1.03
0
0
1.64
0
0.16
0
0.2
0.08
0.12
0
0
0.53
6.91
8.48
1.48
0
0
0
0
0
0
0.12
0.1
0.02
0.02
0.09
1.04
3.41
0.23
1.16
12.86
0
0
0.41
0.22
0
0.02
1.27
11.32
21.96
17.19
7.18
0.59
0
3.96
16.18
0
0
3.15
3.25
0
0.33
5.77
2.27
0
0
0
0.01
0.2
0
0
0
1.21
2.32
13.26
0.45
2.1
0
0
0.09
7.14
14.35
9.5
0
0.31
0.02
0
0.18
0
0
0.02
0
0.31
3.87
9.99
26.36
22.96
20.98
3.09
5.65
6.55
11.18
5.2
0.35
0.33
2.7
0
0.02
0.13
0
0.14
0.99
0
0.02
0.14
0.2
0
0
0.1
0.16
1.72
4.96
0
0.87
14.16
5.57
4.43
6.29
10.3
1.84
6.8
2.07
1.82
0.22
0.15
0.99
0
0.04
0.02
0.26
0.02
0
5.97
0.57
0
0.02
0.17
0.17
0.15
0
0
0
0
0
0
0.34
0
0
0
0
1.07
0
0
0.71
0.73
1.96
8.4
1.44
1
0.22
0
0
0
0
0.01
0
0.16
0
0
0
0.16
1.09
0
0
0.01
0
0.13
0.01
0
0
12.44
9.55
7.29
4.33
10.56
31.88
4.51
7.8
3.4
11.86
27.71
24.38
13.31
5.75
0
0
0.02
0
0
0.03
0.03
1.5
2.1
0.52
0.75
0
6.59
11.03
9.73
2.39
5.17
0.16
0.36
4.45
9.36
3.95
7.62
2.42
0.87
7.05
5.01
9.45
3.3
0.04
0
0
0
0
0
0
0
0.01
0
0
0
0
0
0
0
0
0.04
1.83
0.51
25.07
14.62
13.82
4.15
6.15
46.57
39.63
2.29
0
0.01
0.63
0
0
0
0
0
0.03
0
0
0
0
6.85
0.17
0
0.56
0.02
0.02
0
0
0
0
0.02
0.01
0.05
25.41
8.92
1.63
3.17
1.78
10.21
0
0
0.05
0
0
0
0
0
0
0
0.01
0
0
0
0.08
0
0
0
0
0
0.02
3.09
14.88
0.07
0
0
0
0
0
0
0.06
11.2
2.11
0.11
0.04
0
0
0
19.39
8.98
0.02
0
0
0
0
0
0.02
0
0
0.07
0.08
0
0.04
0
0
0
0
0
0
1.25
0
0
0
0
0
0
0.21
0
0
0
0
0
0
0
0
0
0
0
0
4.3
1.46
0.25
2.07
9.61
10.89
0
26.68
18.79
3.54
0
0
0
0
0
0.18
0
0
0.85
0.24
0
0
0.05
2.5
2.74
1.89
0
1.63
2.19
6.41
1.91
0.03
0
0
0.23
0
7.29
0.15
0
0.25
0
0
0
0
0.13
6.95
0.23
0
0
0
0
0.71
2.61
6.45
1.28
0
0.36
0.75
0
0
0
0.42
0.16
0
0.86
5.42
1.46
0
0.52
0
0
0
0
0.05
0.09
0
0
0
0
0.15
0
0
0
0
0
0
0
0
0
0
0.16
0
0
0
0
0
0.36
0.34
0.08
0
1.91
0.59
1.16
6.36
6.53
9.6
6.18
3.83
0.05
0
0
0.01
0
0
0.87
1.66
0.75
0
0.14
0
0.38
0.63
0
0
0
0.44
0.01
0
0
3.46
4.96
1.41
0.75
0
0
0.06
0
0
0
0.09
0.13
1.71
0.42
0.73
0.78
1.43
0
0
0
0
0
6.88
14.44
15.91
15.32
0.26
0
3.31
0.4
0
0
0
0
0
0
0
0
0
0
0
2.18
4.53
0
0.3
0
1.72
1
0.04
0
0
0
0
0
0
0
0.04
1.21
4.5
3.61
2.01
5.68
0
0
1.02
0
0.99
4.58
0.56
0.01
0
0
0.03
3.73
1.02
0.01
0
1.11
0
0
0
0
1.27
3.67
6.39
0.66
0.02
0.13
0
0.14
0
2.33
2.97
5.89
5.19
6.25
9.32
3.3
10.3
6.99
0.68
16.53
1.2
0
2.94
13.75
9.43
3.8
0.69
0
1.2
2.02
0.01
0
0
0
0
1.27
0
0
0
2.22
4.77
4.3
9.02
3.67
11.28
1.84
3.68
7.53
8.57
6.08
0
0
0.02
0
1.63
24.8
7.24
0
0
3.13
11.48
2.25
2.05
7.32
13.86
10.42
0.63
0.79
3.04
10.57
0.34
0.01
0
0
0.01
0
0
0.01
0
0.01
0.03
1.4
0.19
0
0
0
0.01
0.01
0
0
0
0.02
0
0.01
0.01
0
0
0
0
0
0
0
0
0
0
0
0
0
0.25
0.44
0.65
0
0.01
0
0.09
0
0
0
0.06
0
0
2.17
0.01
0
0
0.02
0
0
0
0.07
0
0
0
0
0
0
7.07
0.37
2.71
2.34
0.04
0.01
0
0.02
0
1.91
0.59
0
0.22
0
0
0
0
0
1.68
8.24
4.88
8.95
8.91
1.44
0
0
0
0
0
0
0.02
0
6.24
6.18
26.45
3.56
0
0
0
0
0
0.02
0.05
2.5
1.34
10.05
6.2
6.63
0
0
1.03
4.93
0.53
0
0
0.01
0
0.01
0
0
0
0.29
0
0.44
3.7
1.84
1.24
2.17
5.3
12.8
4.53
6.22
0.57
0
0
0.04
0
0.04
0
0.01
0
0
0
0
0.03
1.16
0.44
0.06
0.03
0.02
0.02
0
0.04
0.02
0
0.02
0
0
0
0.01
0
0.11
0.87
12.81
16.01
8.62
0.3
0
0.11
0
0
0
0
0.01
0.01
2.63
9.73
0.89
0.95
0
0
0.02
0.01
0.01
0.06
0.77
0.33
0
0.63
0
0.03
0.01
0.01
0.16
1.3
1.6
0
0
0
0
0
0
0
0
0.01
0
4.25
2.8
0.31
1.89
3.27
4.79
11.41
15.23
0.12
0
0
0.05
0
0
0
0
0
1.27
1.79
3.71
5.52
3.52
8.29
1.15
0.01
0
0.01
0.13
0.32
0.07
0
1.34
0.56
0.81
1.74
0.11
0
0
0
0.92
0.3
0
0
0
0
1.55
0.63
3.35
0.79
1.21
0.05
0
0
1.03
4.79
0.91
6.15
0.56
0.84
0
1.67
21.14
5.19
5.8
2.31
5.48
11.93
4.06
7.45
0.38
6.37
8.54
9.14
2.68
4.31
0.15
0.23
0
0
0
0.19
3.1
3.38
0
0.02
0
0
0.01
0.61
0
0.03
0
0
0
0
0.37
0
0
0
0.01
0
0
0
0
0.02
0.21
0.09
9.84
6.79
1.66
4.87
15.98
0.46
0
0
0
0
0
0
0.56
0
0
0
0
0.08
0
0.01
0
0
0.02
0.3
0.07
0
0
0
0
0
4.08
11.09
0
0
0
0.18
0
0.01
0
20.09
18.66
7.64
0
0.75
0.28
1.35
0.7
2.94
3.88
0
0.02
1.57
1.11
3.7
0.15
0
0
0.02
0.76
0
0
0
0.01
0
0.02
0
0
0.04
0
0
0
0
0
0
0
0
0
0.03
0
0
0
0
0
0
0.14
8.1
0.98
0.07
1.45
0
0.02
0
0
0
0
0
0.01
0
0.04
0
0
0
0
1.22
4.21
0
0
0
0
0
0.01
0
0.55
0.02
0
0.67
0.02
0.02
0.01
0.01
0.55
3.01
0
1.84
0.55
4.12
1.62
0.16
1
0
0
0
0.02
0
0
0
0.01
0
0
0
0.01
0
0
1.61
8.74
1.46
0
4.92
0.54
3.33
9.55
0.17
0
0.11
0
0
0.02
0
0.01
0
0
0
0
0
0
0
0
0
0
0
1.77
0.03
0.13
0.16
0.4
1.21
0
0
0.02
0
0.02
0.02
0
0.03
0.03
0
0
0.69
1.15
0.24
0
0
1.18
0.45
0
0
0
0
0
0.18
1.76
0
4.22
1.57
0.04
0.55
7.35
8.45
19.77
14.06
8.63
4.38
3.5
2.16
2.75
1.8
3.59
7.29
19.43
10.02
15.35
6.81
13.22
28.17
17.64
11.79
7.64
6.18
1.38
0.6
2.8
0
0
0
0
0
0.02
0.2
0
0
0
0
0
0
0
5.48
3.84
1.63
0.57
1.96
11.46
5.2
0
0
0.14
0.41
8.45
1.54
4.08
0
0.02
0
0
0.55
0.44
0
0
0
0.3
1.8
2.05
0.81
0.52
0
3.35
0.53
0.22
0.86
0.68
0
0.01
0.01
0.02
0
0
0
0
0
0
0
0
0.02
0.35
0
0.01
0.16
2.31
6.24
27.43
1.83
5.85
6.05
0.48
14.28
17.35
8.45
11.03
6.59
0
0
0.02
0
0.86
0.21
0.14
13.2
9.82
0.89
6.95
3.55
0.99
0
0
0.97
1.42
0
0
0
0.82
0.24
1.38
0.73
2.34
2.67
0.84
0
0
0.55
0.33
11.04
5.35
8.63
3.03
0
0
0.01
2.18
2.53
3.02
2.77
1.27
0
0.04
3.28
0
4.59
0.01
0
2.28
1.53
1.07
4.77
16.37
10.55
0.78
0.73
2.27
0.61
2.55
0
0
0
0
8.71
3.3
9.8
6.95
0.31
3.83
0
2.02
0.15
1.14
6.66
15.04
1.29
0.62
0
0.02
0
2.39
11.08
15.58
11.66
1.41
0
0
0
0
0.22
5.24
4.83
0
0
0.02
0
0
0.02
0
0
0.02
1.28
1.62
0.91
0.58
0
0
0
0
0
0.01
0
0
0.93
0
0.01
1.96
1.68
0.4
0.71
10.08
0.22
0
0.7
3.83
8.74
1.66
0
2.43
1.88
0
0
0
0
2.79
0.05
0.02
0
0.02
2.23
2.94
8.63
6.64
4.9
0.01
0
0
0.23
0
0.02
0
0.01
0
0
0
0
0
0.01
0
0.12
0.02
0
0.09
3.18
0
4.63
3.1
2.04
0.29
2.65
2.64
5.97
19.66
7.23
1.63
0
0
0.1
0.71
1.82
5.93
1.94
0
0.07
0
3.51
0
2.03
0.38
3.1
6.18
0.52
11.27
7.03
1.75
0
9.85
11.13
9.13
1.24
0
1.17
0
17.04
2.13
0.62
0
2.01
3.09
0
0
0
0
0
2.97
11.55
8.14
5.57
7.11
3.05
0
0
0.23
0
2.39
6.61
6.82
7.36
2.98
0
0.66
1.76
2.27
0
0.03
0.07
0
0
0
0
0.12
13.17
2.24
1.55
5.74
8.94
12.09
6.11
2
4.21
13.79
2.79
0.38
0
0.02
2.76
11.18
3.45
0.73
16.77
27
1.66
1.76
0.42
0.14
1.04
13.22
12.3
11.42
21.33
17.04
9.89
0.23
0
0.51
3.57
0.55
0
1.86
0
0
0.05
3.44
8.51
4.3
5.51
8.13
6.93
0
0.73
1.42
0.45
0.38
0
0.07
0
0
0
0
0.12
5.38
11.25
3.49
1.95
1.37
1.75
0
0.01
0.63
3.85
0.89
0.03
4.49
1.72
4.59
8.18
20.63
20.79
21.18
11.58
5.04
0.72
0
0.02
0.75
0
3.28
8.3
10.53
1.48
0.14
2.55
10.56
6.45
4.37
8.28
8.78
4.23
10.54
10.29
6.8
6.71
3.98
10.55
7.8
1.26
1.3
0.67
0.1
0.01
1.07
0
0
0
0.01
0
0
4.08
2.73
9.14
5.73
1.98
1.27
4.53
7.92
11.12
8.61
0.59
0
0
0.01
0.17
0
0.05
2.44
7.08
6.73
6.44
4.02
3.38
1.86
4.71
0.21
0.05
2.46
0
0.22
0.88
0.13
0
0.46
0
0
0
0.01
0
0.02
0
0.02
0
0
0
0
0.66
0
0
0
0.16
0.04
0.37
0
3.09
3.62
3.48
0.19
0.27
0
0.03
0.07
0.05
0
0.01
0
0
0
0
0.5
6.49
1.91
10.67
6.05
0
2.12
0.01
3.63
0
0
0
1.03
3.74
0
0.17
4.13
34.94
11.53
1.6
4.14
10.65
5.61
5.23
1.73
1.71
0.7
0
0
0.59
0.31
2.26
0.34
0
0.05
0
0
0
0
0.05
0.04
0
0
0
0.49
4.32
0.18
0
0
0.8
0
0
0.01
0.01
0
0.03
0
0
0
0
0.41
1.59
0
0.21
0.61
0.05
0
0.12
0.41
0.04
0
0
0
0
6.81
8.11
6.11
0.83
0.07
0
0
0
0
0
0
0
0
0.04
0
0.03
0.01
0
0
0.04
0
0.76
3.23
0
0.02
0
0
0
0
0.02
0
0
0
0.08
0.01
0.02
0.47
0
0.04
0.23
0.07
0
0
0
0
0.01
0
0.01
0.05
1.24
5.03
2.89
1.66
3.17
0
0
2.07
4.28
1.85
1.34
4
3.63
0
0
6.1
3.56
3.36
25.5
22.73
22.28
16.58
2.95
3.68
2.21
2.03
0
0.88
7.18
15.37
2.85
0
0
0
1.45
18.82
11.04
13.84
16.71
19.55
9.6
1.01
2.74
12.5
26.56
6.38
11.54
0.99
3.98
1.37
3.72
7.58
5.64
0.25
0.05
0
1.27
5.21
4.55
1.63
0.01
0.14
0.45
0
0
0.28
0
0.57
14.42
4.2
0.47
0.02
0.03
0.15
0.03
0.1
0
0
1.69
1.45
0.43
1.59
7.02
5.25
12.97
1.49
0.68
0.54
0.16
1.66
1.59
3.16
1.23
0
0.65
0.66
1.67
1.33
0
0
0.57
1.39
2.76
1.71
7.47
4.43
2.38
0
7.33
3.37
2.5
5.87
3.29
1.1
0.02
0.09
0
0.48
4.27
0.05
0
0
0.05
0
0
0
0.09
2.36
1.17
8.41
4.94
2.88
3.08
1.8
1.32
0
0.07
0.05
0.26
0.72
0.12
0.04
0
0
0
0
0
0
0
0
0
0
0
0
0
0
0
0.44
2.02
1.2
0
0.09
0.12
0.83
0.29
0
0
0
0
0
0
0
0
0
0
0
0
0
0
0
0
0
0
0
0
0.29
2.46
2.05
0.43
5.21
0.95
0.16
0
0
0
0
0
0.02
0
0.01
0
0.04
0.18
1.75
7.83
9.77
4.39
4.38
3.76
0.2
0
0
0
0.5
12.32
3.72
2.08
0
0.81
2.17
16.5
4.76
0.26
0.97
0.34
3.26
7.98
1.8
0
0.05
0
0
1.61
5.14
0.48
0.08
0.07
0
0.1
0
0
0
0
0.17
0.02
0.01
0
0.02
0
0.02
0.36
1.32
0.66
0.23
2.05
1.96
7.55
12.89
16.31
7.07
1.19
0.01
0
0
0.96
2.33
0.06
0.03
0.03
0.24
0
0.63
0.04
0.02
0.63
0
0.38
0.09
0
0.77
0.26
0.3
0
1.73
11.89
1.84
0
1.1
0
0
0
0.01
0.01
0
0.02
0
0.02
0.01
0.01
0.01
0
0
0
0
0
0
0
0
0
0.01
0.05
0
0
0.01
2.54
3.75
0.23
0.07
1.18
6.67
8.26
0.45
5.31
0.35
0
0
0
0.03
0
0
0
0.35
0
2.92
1.07
0.08
0
0
0
0.02
0.05
0
0
0
0
0
0
0
0
0
0
0
0.81
6.59
11.05
4.43
0.18
0.01
0
0
0
3.02
0.19
0
0
0
0
0
5.72
38.93
10.53
0.82
0
0
0
0
0
0
4.03
19.1
12.31
4.58
0.55
0
3.66
0.08
0.48
9.98
2.89
0.02
0.02
0
0
0
0
6.68
15.58
2.66
0
0
0
0
0
0
0
0
0
2.62
0.28
0.46
6.72
3.44
0.44
0.01
0
0
0
0
0
0
0
3.18
3.91
13.9
7.36
1.8
0.75
7.78
9.28
7.45
1.18
1.5
19.97
20.87
14.66
8.01
4.75
24.76
8.88
4.26
43.48
3.12
0
0
0.66
1.24
0.25
0.16
0
0
0
3.16
0.79
0
0
0
0
0
0
1.51
1.46
0.01
0
0.32
1.93
5.01
5.15
13.82
5.66
1.64
0
0.92
9.39
7.3
1.04
14.84
5.24
1.7
0.96
0
1.17
0
3.13
1.37
2.58
4.43
1.58
8.64
2.62
0
8.42
11.95
0.53
0.01
0
0
0
0.04
0.02
0
0
0
0.01
0
0
0
0
0
0
0
0.01
3.84
2.27
0.01
0
0
0
0
0
0
0
0
0
0
0
0
0
1.49
8.58
7.68
5.94
14.41
1.71
0.17
8.77
11.49
4.53
3.48
0.56
7.42
10.86
4.88
3.18
2.04
0.16
0.02
0
0
0
0.05
0
1.01
0.27
0.27
0.11
0.23
6
4.28
0.04
0.01
0.76
0.34
0
0
0
0
1.66
0.14
0
0
0
0
0
0
0.26
0.32
3.74
0
0
8.14
8.9
2.86
0.48
0.2
0.25
0.23
2.6
7.21
2.38
1.32
2.73
1.13
2.15
10.13
5.05
0
0.43
0.01
0
0
0.01
0
0
0
1.4
1.04
0.3
0.05
0.1
0.02
0
7.8
3.38
0.19
0.03
0
0
8.69
20.59
16.34
3.33
1.18
4.79
8.03
2.45
0
0.27
0.84
4.74
0.18
0.16
0
0
0
0
0
3.48
10.5
1.84
0
0.06
0.14
0.3
0.1
0
0
0
0.41
0
4.8
0.97
9.15
0.92
0.47
0
0.02
0.02
0
0
0
0
0.02
0
0
0.02
0.01
0
0
0
0
0
0
0
0.08
0
0
0
0
0
0
0.01
0.05
0.16
0.04
0.01
0
2.54
0.3
0.1
0
0
0
0
0.01
0
0
0
0
0
0
0.13
0
0
0
0
0
0
0
0
0
0
0
0
0.04
0
0
0.02
0.02
0
0
0
0
0
0
0
0.07
0
0.03
0.01
0
0
2.5
0.36
0
5.32
2.69
1.28
0
1.95
0
5.9
18.95
5.2
0.05
2
0.4
0.02
0
0.02
3.19
0
0.8
0
0
0
0.02
0.46
0
0.31
9.36
9.4
4.21
0.28
2.26
2.82
0.18
1.23
0.59
0.16
0.13
0
0
8.89
5.16
0.32
0
0
0
0
0
14.48
11.45
2.55
6.56
0.2
0.75
2.32
2.39
2.02
0.97
1.45
1.23
1.6
0
1.22
1.04
1.03
3.56
1.78
1.3
0
0
0
0
0
0.01
0
0.02
0
0.1
0.04
0.04
0.01
0.08
0.1
0.18
0.02
0.1
0.55
0
2.13
0
0.07
0
0
0.11
0
0
0.02
0
0
0
0.34
0.22
14.8
20.36
19.48
13.17
2.96
9.48
13.91
0.51
2.88
9.59
13.7
1.48
3.23
6.14
8.96
0.39
1.92
2.6
1.41
0
2.48
4.5
1.33
1.99
2.98
0.32
0.38
0
0
0.03
0
0
0
0
0.03
1.71
2.22
1.26
1.21
1.04
3.22
5.35
1.67
7.1
12.94
14.91
5.88
0
1.7
7.61
20.23
11.94
2.71
4.16
5.79
1.21
0
0.2
1.24
0.79
0
0.64
0.63
0.71
0.07
0.27
0.88
0
0
0
0.2
1.98
2.7
7.45
3.11
4.33
0.81
0.26
0.27
5.4
0
0
0.19
0
0
0.08
0
0.07
0
0
0
0
0.34
0
0
0
0
1.52
4
0.13
0
0
26.23
30.01
16.34
4
10.38
8.01
1.28
0
0.33
9.95
6.71
0
0
0.01
0
0
0
0
1.38
0.01
1.23
2.38
0
0
1.46
0
0.02
0.52
0.17
0.08
0.09
0.04
0
0
0
0
0
0
0
0
0
0
0.01
0
0.4
0
1.42
0.66
0.34
1.58
0
2.45
3.37
1.05
1.84
2.31
5.16
10.84
1.52
0
0
0
0.2
0
0.04
0
0
0
0.01
0
0
0
0
0
0
0
2.48
0.63
2.89
5.95
10.24
5.3
4.63
0.12
0.03
0.02
0.01
0.02
0
0
0.04
0
0
0
0
0
0.01
0
0
0.07
0.03
0.02
0.01
0.62
0
0.35
0.14
0
7.39
8.12
5.04
2.73
0.68
5.87
2.71
4.09
1.27
0.04
0
0
0
0
0.02
0
0
0.02
0.06
0.62
0
0.02
0.24
0
0
0.01
0.01
0
0
0
0
0.02
0
0.27
0.05
6.29
0.02
0.01
1.16
1.74
5.89
4.77
0.92
1.04
0
0.89
0.62
0
0
0.99
3.24
2.55
3.64
7.05
0
1.62
0
1.51
0.02
0.92
7.57
0.7
0
0.02
0
0
0
0
0
0
0
0
0.03
0
0
0
0
0.01
0
0
0
0
0.02
0
0
0
0
0
0
0
0
0
0
0.05
2.01
0
2.71
17.11
11.93
8.95
20.53
3.91
11.65
11.63
4.43
2.49
5.68
9.34
1.95
3.16
21.73
40.11
12.73
14.67
4.19
0.44
0.48
0.92
0.2
0
0.51
0.41
0.48
7.58
6.18
1.73
0.91
4.14
0.82
4.24
6.51
5.3
5.55
1.12
6.12
3.07
0.92
1.79
8.12
4.95
1.15
0.07
10.86
3.3
0.49
4.98
4.92
2.05
0
0
0
0.02
0.12
0.15
0.02
0
0.56
0.16
0
0.08
0.2
0.02
0
0
0
0
0
0
0
0
0.23
1.15
1.91
1.2
0
0.02
0
0
0.14
0.06
0
0
0.01
0
0
0
0
0
0
0
0
0
0.01
0
0
0
0
0.03
0
0
0
0
0
1.64
15.29
12.41
11.91
7.18
18.89
2.2
0
1.09
4.5
25.31
29.95
5.4
2.6
4.08
2.29
0
0
1.88
0.63
0.27
0.16
1.1
0.46
0
2.58
6.16
7.74
2.82
2.02
3.3
0
0
0
0
1.86
2.32
2.41
1.07
0.05
2.35
0.55
0.12
0
3.7
9.43
0.67
8.02
0.76
2.12
2.63
2.26
0.44
2.4
1.53
0.84
1.15
0.52
1.05
0.28
0.02
0
1.35
15.71
9.06
8.53
2.89
0
0
0
0
0.01
0.01
0
0
0.02
0
0
0
0
0
0
0
0
0
0
0.04
0
0
0.01
0
0.14
0.3
0.38
0
0
0.23
13.93
1.41
1.67
0.27
0
0.02
0
0
0.22
3.02
1.51
7.45
3.67
0
0
2.11
1
0
0
0
0
0
0.02
0
0
0
0
0
0
2.85
5.86
4.48
27.09
3.39
1.22
0
15.61
0.58
0
0
0.02
0
0.08
0
0.01
0
1.15
0
0
0
0
0
0.01
0
0
0
0.02
0.04
0
0
1
0.37
0
0.42
1.1
2.42
0.99
0.08
0
0
0
0
0
0.01
0
0.2
0.77
2.2
0
0.07
0
0
0.06
7.31
0.23
0
0.01
0
0
0
0
0
0
0.05
0.02
0
0
0
0
0.01
0.01
0.95
0
0
0
0
0
0
0
0
0
0
0.04
0
0
0.1
0.46
0
0
0.01
0
0
0
0
0
0.01
0
0.01
0.24
0.51
1.53
5.52
13.86
2.2
1.48
0
0.04
0
0
0
0
0.25
1.8
2.76
3.41
1.68
6.49
2.82
0
0
0
0
0
0
0.68
1.91
0
0
0
0
0
0
0
0
0
0
0
1.9
13.63
27.37
0
0
0
0.03
0
0.51
0
0
0
0
0
0
0
0
0
0
0
0
0
0
0.03
0.33
3.64
0.89
0
0.85
0
0.03
0
0
0
0
0.02
0.06
1.01
0.37
0
0
1.85
0.6
1.36
5.05
0.44
0.09
1.76
2.12
1.19
3.51
1.13
0.79
0
8.41
1.36
0.23
0
0
5.7
1.61
0
0
0
0
0
2.46
1.53
1.25
0.35
0.27
0.19
0.45
0
1.09
0
5.93
3.71
2.03
0.98
0
0.46
0.05
0.06
3.02
12.33
2.66
6.41
11.36
0.07
0.11
0
0
0
0
0
0.02
0
0
0.09
0.2
0.3
0.04
0.11
0
0
0
3.46
0.52
2.06
15.88
10.43
4.26
2.29
8.57
2.47
1.5
16.8
19.5
4.29
2.27
7.06
0.51
0
0.14
0
0.79
8.9
14.42
16
5.43
11.32
4.75
1.16
2.12
0
0
0
0
0
0
0
0
0
0
0.01
0
0.02
0
3.98
2.75
0
7.45
2.96
0
0
0.63
0
0
0
0.01
0.25
0
0
0
0.01
0
0
0
0
0
0
0
0
0
0
0
0
0.02
0.3
1
0.07
0
0.09
0
0.01
0
0
0
0
0
0
0
0
0
8.52
10.93
0
0.01
0
0
0
0
1.23
1.98
0
0
5.07
0.02
0
0.33
0
0
0
0
1.03
0.28
0.02
0
0
0
0
0
0
0
0
0
0
0
0
0
0
0.01
0
0
0.01
0.13
0
1.03
1.98
0
0
0
0
0
0.01
0
0
0
0
0
0
0
0
0
0
0.02
0.03
0
0
0
0
0
0
0
0
1.24
0.43
0
0
0
0
0
0
0
0
0
0
0
0.01
0.01
0
0
0
0.02
0
0
7.77
5.09
0.32
1.38
0.8
0.02
0.06
0
0.01
0
1.59
1.99
0
0
1.45
0
0
0
0
0
0
0
0
0
0.04
0
0
0
0.01
0
0
0.01
0
0
0.01
0
0
0
36.56
14.46
12.03
5.59
6.76
17.5
0.2
0
0
2.48
14.3
3.07
4.59
1.96
28.65
9.2
5.29
0
0
0
0
0
0.16
1.69
3.77
9.07
0.99
2.28
0
0
4.79
6.16
0.19
3.93
9.57
2.85
0
0
0.05
0
5.05
25.06
24.83
4.3
0.8
0.84
0
2.04
3.33
4.08
0
2.21
0.45
7.57
5.44
7.75
0.75
8.79
1.38
0
0.02
0.32
0
1.45
0.45
1.56
1.72
0.26
1.43
5.2
0.97
0
0
0
17.31
6.16
0
0
0
0
0
0
7.29
1.46
0.15
0
0
0.68
0
0.38
0.78
0.41
2.16
14.52
4.8
2.26
0.59
0
0
0.53
0.06
0.95
0.29
0.22
0.2
1.24
4.93
0.51
0.2
8.15
6.72
1.84
5.66
8.09
11.18
7.18
16.01
24.89
23.83
5.98
4.94
2.41
2.71
4.75
0.82
0.05
0.82
3.09
0.95
0.07
0.55
0.55
0.13
0.02
0
0
0
0.02
0.34
6.78
2.46
16.09
5.59
3.61
11.62
4.64
0
4.29
5.2
10.98
7.13
2.6
0.02
0
0
3.21
22.52
2.27
0
0
0.49
0.16
0
0.02
0.01
0
0
0.05
0
0
0
0.02
0.01
0
0.01
0.02
0
0
0
0.01
0.02
0
0.01
0.01
0
0.02
0.01
0
3.6
8.87
2.77
0
2.21
1.26
1.05
2.29
10.12
2.21
3.2
5.29
4.72
1.92
14.23
11.94
5.6
0.32
0
1.89
0
0.11
0
3.28
0.48
1.02
0.02
2.98
0.5
0.75
0
0.25
2.04
4.2
0
0
0
0.02
0.98
0
2.21
1.89
4.71
0
0
0.38
2.18
2
4.33
0
0
0
0
0.17
0
3.52
3.04
0
0.3
4.64
1.52
5.77
4.13
12.11
4.06
17.37
0
0
1.76
15.77
2.58
0.04
0.46
0.33
4.37
1.46
0
0.02
0
0.01
0
0
0
0.11
0.01
0
0
0
0
0
0
0
0
3.74
0.4
0
0.01
0
0
0
0
0
0
0
0.73
0
0
0.03
0.05
0
0
0
0
0
0
0
0
0.45
0.76
0
0
0
0
0
0
0.09
0
0
0
0
0
0
0
0
0
0.09
0.05
0.02
0
0
0
0
0.3
0.21
0
0
0
0
0
0
0.85
0
0
0
0
0
0
0
0
0
0
0
0.21
0
0.04
0.95
2.22
6.78
5.81
0
0
0
0
0
0
0
0.09
0
0
1.73
10.95
20.71
6.3
1.16
1.98
2.77
12.19
9.73
0
0.65
11.52
6.59
1.32
0
0.14
0
11.33
11.05
4.92
0
1.19
4.95
0.78
3.61
0.89
0.02
0
12.8
6.11
0.37
0.03
0.07
0
0.25
0
0
2.8
0
7.64
19.09
13.02
6.68
9.91
2.97
0.64
0
0.02
0
0
0
0
0.11
0
0.3
0
0.28
0.39
0.13
0.05
0
0
0
0.27
0
0.96
4.31
0
0.27
0
0.03
0
0
0
0
0
0
0.46
0
0
0
0
0
0
0.01
0
0
0
0.01
0
0
0
0
0
0.02
0
0.02
0
0
0.45
0.06
0.4
0.69
0.59
1.81
13.36
12.96
2.64
0.42
0
0.07
1.03
0
0
0
6.1
2.98
9.76
1.41
4.09
0.01
0.24
0.27
0.01
0.01
0.39
0
0
0
0
0
0
0
1
0.49
0
0
0.05
1.21
0
4.47
5.93
11.6
15.62
13.25
1.39
0
0
0
0
0
0.49
3.04
0
0.09
0.02
0
0
0.04
0
0.19
0
0
20.79
4.71
0
0
0
0
0
0
0
0
0
0
0
0
0
0
0
0
0
2.73
9.2
2.02
0
0
0
0
0
0
0.02
0
4.97
12.44
5.98
1.51
0.2
1.87
0.52
3.13
3.12
3.23
2.5
0.78
1.95
0
0.84
0
0.05
0.02
0
0
0.01
2.34
0
0.51
5.04
0.62
0
0
6.19
1.03
0.24
4.72
5.55
0.73
3.91
0.8
2.2
0.6
3.92
6.2
3.15
0.8
0
0
0.01
0
0
0
0
0
0
0
0
0
0
0
0
0.21
1.2
4.12
13.39
3.09
0
0.05
0
0
0.03
0
0
1.06
0.42
0
0
0.46
0.01
0
0
0
0
0
0
0.05
0
0
0
0
0
0
0
0
0
0
0
0.09
0
1.39
0
2.22
0
0
0
0
0
0
0
0
0
0
0
0.01
0.22
0.02
0
0.04
0.01
0
0
0
0
2.39
0
0.64
0
1.19
0.22
0
0
0
0
0
0
0
0
0
0.01
0
0.27
0.01
0
0.02
0
0
0.7
0.01
0
0.01
0.27
0.06
4.52
0.52
0.04
0
0
0
0
0.01
0
0
0
0.02
0
0
0
0
0.01
0
0
0.98
0
0.03
0.01
0
0
0
0
0
0
0.05
0
0
0
0
0
0.05
0
0.04
0.05
0
0.46
3.63
0.39
0
0
0.01
0
0
1.18
4.54
0.15
10.48
0
0
0
0
0
0
0
0.02
0
5.09
2.85
5.12
0.33
0
10.63
10.33
0.24
0.1
0
0
1.1
6.9
26.91
16.14
18.42
7.89
0
0.44
0.87
0.08
0
1.86
8.99
7.48
0.49
0
0
0
0
0
0.01
0
0
0
0.12
0.53
0.14
0.13
0
0
0
0
0
0
0
0
0.39
0
0
0
0.23
0.57
0.03
0.38
0.07
0
0.38
0.14
0
0
0.02
0
0.01
0
0
0
0
0
0
0.01
0
0
0
0
0
0
0
0
0
0
0
0
0
0
0
0.01
1.93
0.25
0.06
0
0.04
0
0
0
8.68
3.41
4.46
11.35
0.37
1.7
3.8
7.63
13.28
10.21
4.57
0.51
1.8
4.54
3.36
6.7
13.64
4.56
2.31
6.4
8.47
3.37
2.07
2.98
2.88
9.5
1.1
0.54
1.68
1.03
0
0.38
7.13
0
0.81
0.01
0
0
0
0
0
0
0
7.26
5.77
0
0
0
0.73
14.52
2.88
0.08
4.98
13.66
4.84
0.93
0.01
0
0
1.13
4.18
0
0
0
0.43
1.71
1.63
5.76
18.07
0.66
0.66
0.12
0
0.02
0
5.45
4.7
19.83
0
0
0
0.43
0.39
4.23
3.29
0
0
0.05
0.45
8.52
9.34
0
1.64
6.45
0.85
0.01
0.01
0
0.02
0.02
0.01
0
0.25
0.36
7.91
0.82
0
0
0.05
5.59
0.3
2.18
4.1
0.8
0.12
0
0
0
2.18
0.98
1.63
0
0.02
0
0
0
0
0.02
0
0
5.56
1.82
0
0.64
4.44
1.29
0
0
0
0
0
0
0
0
0
0
0
0
0
0.01
0
0
0
0.01
2.34
3.79
1.19
0.02
0
0
0
0
0
0
0
0
0
0
0.01
0
0
0.01
0
0.02
0.27
0
0
0
0.01
0
0
4.99
4.73
0
0
0.22
0
0.03
0.01
0
0
0
0
0
0
0.05
0.34
3.53
0.19
0
0
0
0
0
2.59
8.7
2.93
0.17
0.11
2.23
1.24
0
0
0
0
0.01
0
0
0
0.05
0
1.01
1.98
3.3
4.27
4.83
2.2
0.01
0
0
0.09
0
0
0
0
0
0
0
0.01
0
0
0
0
0
0
0.01
0
0
0
0
0
0
0
0.02
0
0
0
0
0
0
0
0.02
0
0.01
0.02
0
0
0
1.98
9.88
12.07
10.1
2.18
1.54
10.7
1.5
12.54
7.52
0.73
0.45
0.29
0
0.97
1.91
9.8
2.63
0.07
0
0
0
0
0.82
0.41
0
0
0.02
7.08
5.32
3.87
0.78
2.61
8.36
0
0
0.09
1.83
4.24
0
0.22
2.45
0
0
12.4
3.36
7.15
7.25
9.81
2.25
0.14
1.36
0.14
0.49
0.01
0.39
0.02
0.52
0.31
0
0
0
0
0
0.4
0
0.16
0.05
2.22
1.31
0.04
5.86
3.34
7.19
5.88
11.21
4.34
9.94
0.37
1.13
0.59
0
0.86
0
0
0.03
0
0
0
0
0.03
4.64
1.44
0.45
0
4.46
3.45
0
0
0
0
0
0.11
0.18
0
0
3.22
1.52
2.88
0.93
7.32
15.98
5.4
3.13
18.22
19.98
3.73
1.33
1.34
0
6.8
19.9
2.44
6.76
4.36
4.09
3.35
0.84
4.3
1.14
2.57
0.23
0.3
20.91
25.18
8.64
3.11
20.64
7.12
1.68
0
0.21
6.2
3.08
0
0.24
0.01
0
0.01
0
0
0
0
1.52
8.86
4.98
0.08
0.18
0.36
4.12
1.59
0
0
0
0
0
0
0
0
0
0
0
0.01
0
0
0
2.39
15.23
7.34
30.61
17.1
0.72
0.2
4.48
6.13
7.34
3.08
0.4
2.23
2.89
9
0.65
0.83
0.07
0
0
0
0.01
0
3.7
7.48
0
0
0
0.81
1.16
3.99
3.26
1.19
13.52
7.06
0
0
0
0.01
0
0
0
0
0
0.01
8.06
10.27
7.31
4.3
13.14
4.79
2.09
0.16
0
0.07
1.25
0
1.21
0.08
1.09
4.68
0.89
0
0
0.02
0.04
0.02
0
0
2.91
3.6
0.15
0.12
1.14
0
0
0
0
0
0
0
0
0.01
0
0
0
0
0
0
0.06
0
0
0.02
0
0.41
0.01
0
0
0
1.05
0
0
0
0
0
0.02
0.03
0.7
0
0.03
0
0.04
0
0
0
0
0
0
0.02
0
0
0
0
0
0.02
0.01
0
0.23
0
6.03
19.84
7.63
6.68
0.66
0.69
0.3
0.84
1.63
0.86
0.27
1.77
9.8
5.89
2.61
5.84
0.37
0.13
7.17
0.1
0.19
0
0
0
0
0
0
0.99
0
4.57
0
0.17
0
0.11
3.45
4.55
0.91
0
0
0
0.02
0.04
0.95
6.78
0
0.09
0
7
14.31
5.22
1.43
0.1
0
0
0
0.02
0
11.69
0
0
0
0
0
0
0.38
0
0
0.11
3.94
0.75
0
0
34.37
18.29
1.39
1.2
0.45
0.14
0
0.27
0.27
0.97
3
10.81
4.19
12.55
2.19
0.23
0.2
1.41
0
0
0.18
0
0
0
0
0
0
0
0
0.13
0.01
0.01
0.02
0.09
0.03
0
3.17
0.05
0.02
0
0.14
0.02
1.38
1.57
13.3
2.72
4.72
3.86
6.14
3.64
10.95
0.73
9.57
15.41
12.15
3.38
0.18
13.03
11.78
12.71
17.59
18.09
4.34
3.2
5.55
3.56
0.76
1.59
1.13
0.3
6.32
0.38
0.49
0.46
0
11.24
5.2
1.19
1.51
1.83
0
1.86
0.77
0.08
0.04
3.88
1.85
4.07
1.91
0.02
0
0
0
0.98
1.27
0.24
0.59
0.15
0.34
0
0
0.01
0.1
0
0
0.64
0
0
0.01
0
0
0
0
0
0
0.07
0
0.21
0.49
0.4
0.23
0.18
2.32
2.09
0.96
0.31
0.01
0
0
0
0
5.94
2.09
0.69
3.08
1.47
0.12
0
0.11
1.3
1.13
2.59
0.47
0.01
0
0
0
3.98
0.93
0
0.19
0.32
5.87
0.26
0
0
0
0
0
0
0
0
0
1.13
2.05
0.22
0
0
0.09
0
0
0.09
0
0.11
0.48
1.29
5.5
0.72
4.53
1.69
0.37
2.22
1.15
1.09
3.1
3.41
1.75
0.01
0
0
0
0.01
0
0
0.01
0
0
0
0.03
0
0
0
0
0
0
0.02
4.96
3.66
9.18
7.48
0
0.91
0.92
0.45
0.01
0
0
0
1.5
1.26
0.02
0
0
9.24
2.79
0
0.48
0.2
0.36
0
0
0
0
0
0.01
0
0
0.23
0
0
0
0
0
0
0
0
0
0
0
0
0
0.01
0
0
0
0
0
0
0.02
0
3.26
12.58
6.23
6.48
5.57
1.27
0
0.01
0
0
0
0
0
0
0
0
0
0
0
0
0
0
0
0
0
0
0.11
0
0.05
0
0.29
0
0
0
0
0
0.02
0
0
0
0
0
0
0.04
0.02
0
0
0
0
0
0
0
0
0
0
0
0.01
0
1.3
0.01
0
0
0
0
0
0
0
0.09
0
0.01
0.91
7.69
2.34
2.32
1.5
0
0.06
0
0
0
0.01
0.01
0
0
0
0
0
0
0
0
0
0
0
0
0
0
0
0
0
0
0.2
4.6
2.01
0.01
0
0.38
11.55
2.44
0.93
0
0.35
0
5.59
0.49
13.68
0
0
0.14
4.91
0.54
0
1.11
1.48
1.49
0
0
0
0
0
0.09
0
0.12
11.21
11.32
0.91
0.61
0
0
0
0
0
0
0.01
0.01
0
0.26
0.42
0.21
0.34
2.06
0.96
0.85
2.87
1.01
1.85
0.37
0
0
0
0
0.27
0.05
0.25
0
0.18
0
2.45
0.65
1.05
0
0
0.55
12.45
5.33
15.38
8.23
0.72
5.86
4.98
1.75
2.51
0.27
0
0
3.26
2.72
0.76
0.21
0.16
0.08
0
0
0
0
0.55
7.14
2.86
0
0
0
0.8
2.3
0.51
0.01
0
0
0
0
0.01
0
0
0
0
0
0
0
0
0
0
0
0
1.57
11.16
2.71
0.43
0
0.22
0.67
5.34
0.17
1.87
5.39
16.04
17.8
6.29
0
0
0
0
0.02
0
0.01
0
1.01
0.77
0.99
4.83
9.14
6.12
5.48
3.13
14.1
9.08
2.56
2.14
0
0
0.21
6.7
2.62
0
0.03
0.01
0.86
0
0
2.9
19.45
14.67
4.69
0.1
0
0.21
2.67
2.39
14.39
6.82
0.14
0.81
0
2.27
10.58
5.8
0.83
0.71
0.63
10.47
24.01
0
2.95
8.51
12.76
9.97
14.45
4.57
3.73
3.02
8.29
4.54
19
9.52
5.94
0.88
0.41
1.32
0.12
0.88
1.38
3.69
5.34
17.66
1.55
3.88
0.95
8.73
7.66
4.64
0.48
0.06
18.27
5.05
0.16
1.92
1.25
0.34
0
0.01
0
0.8
0
4.46
2.31
0.19
0
0
0.01
0.62
1.86
7.11
3.02
3.23
1.2
0
0
0
0
0
0.24
13.25
2.7
1.32
0
0.3
0
0
0
0
0.02
0
0.04
0
0
1.77
0.8
0.41
0
0
0
0
0
0
0
0
0
0.07
0.14
3.2
0
0.64
0
0.19
0.01
0
0
0
0
0
0
0
0
0
0.29
0.06
0.02
0.01
0.41
1.55
0.6
0
0
0
0
0.14
0.51
0.91
1.92
6.84
1.63
0.04
0
0.52
4.94
4.45
0.29
0.74
0.03
0
0
0.48
0.17
0.38
9.12
0
0
0.01
0.45
0
0
0
0
0
0
0
0
0.74
0.2
22.16
11.28
0.4
1.14
1.38
0.56
0.29
0
0.1
0
0
0
0
0.07
0.55
0
0
0
2.6
0
0
0
0
0
0
0
0
0.2
1.29
9.16
3.62
1.59
0.47
0.13
0.33
0
0
0.12
0
0
0
0.01
0
0
0
0.17
0
0.7
0.23
0
0.11
2.61
1.39
1.16
0
7.89
1.5
0.55
0
0.73
0.13
0.02
0
0.01
0
0.29
0
0
0
1.2
0.23
0.02
0
0
0
0.34
5.17
4.3
6.14
2.57
0.03
3.89
11.27
6.84
1.3
10.77
1.66
0.65
0.1
0.06
0.37
1.23
4.8
12.64
0.67
2.27
0.23
3.25
8.47
7.09
6.42
7.18
1.3
1.53
6.71
2.32
0.02
0
0.36
0
0
0.09
0
0
0.34
7
15.8
21.55
16.57
14.84
9.65
8.28
5.41
2.76
5.9
3.91
7.68
0.2
0.46
1.02
0.77
2.66
3.09
2.2
0.47
0.86
0.59
0.83
0.11
0
0.02
1.2
0.51
0.36
0.38
4.05
3.29
4.15
9.21
0.1
1.26
4.1
1.76
0.09
0.19
0.41
2.05
0.5
6.49
4.06
0.2
0.69
0.01
2.83
2.11
0
0
0
0
0
0.05
0
0
0
0.03
0.12
0.01
0.01
0
0
0
0
0
0.2
2.64
0.84
0.23
0
0
0
0
0.01
0
0
0.04
0.13
0.42
0.02
0.14
0.28
0.03
0.95
0
0
0.39
2.75
6.78
3.07
2.11
0.02
0.76
1.88
0.96
0.53
0.01
0
0.1
1.24
4.95
2.32
1.66
0.6
0.12
1.14
1.2
3.11
0.16
0
0
0
0
0
0
0
0.27
0.75
0
0
0
4.97
1.36
0.25
0.13
0
1.34
0
0
0.29
1.95
16.62
16
4.49
0.6
0.09
0.59
1.24
0
6.43
1.23
0
0
0
0.05
0.02
0
0.29
0
0
0.02
0
0
0.01
0
0
0.02
0
0
0
0
0
0
0
0
0.01
0
0
0.01
0
0
0
0
0.25
0
1.28
15.77
1.37
0
0.87
0
0
0.39
0
0.41
5.59
0.03
0
0
0.02
2.09
0
0
0.01
0
0
0
0
0
0
0
0
0
0.02
0
0
0.01
0.16
0
0
1.13
0
1.16
11.4
10.37
10.6
13.72
5.73
1.8
1.49
0.02
0
0
0
0
0
0
0
0
1.13
17.84
44.93
30.6
3.67
0.09
3.31
7.16
2.42
0
0.41
2.16
12.91
2.63
1.41
0.95
4.41
2.68
1.53
1.56
0
1.92
1.93
15.5
5.32
1.63
0.45
0.7
1.95
3.75
8.1
7.13
0.17
0
0.27
0.47
3.51
13.96
9.54
0
0
0.3
4.66
3.16
9.26
27.4
15.34
5.34
5.45
2.23
0
0.27
0
0
0.02
0
0
0
0
0.23
0
2.41
2.14
1.64
0.84
0.03
0
0.47
0.16
0
2.55
13.01
2.82
1.74
6.49
3.21
0.18
0
0.17
6.53
8.3
0.84
0.12
0
0
0
0
0
0
0
0
0
0
0
0
0.02
0.02
7.01
15.52
7.51
0.55
0
0
0
0
0
0
0
0
0.01
0
0
0.05
0
0.05
0.36
9.06
3.38
0.59
16.35
4.96
2.13
1.55
3.14
3.39
0.57
0
0.62
0
0
0
0
0
0
0.21
1.09
0.06
0
0
0
0
0
0
0
0
0
0
0.29
1.85
1.61
0.43
0.01
0
0
0
0
0
0
0
0
0
0
0
0
0
0
0
0
0
0
0
0
0
0
0
0
0
0
0.03
0
0
0
0
0
0.41
1.41
4.91
2.47
0.49
1.37
5.16
0.33
0.01
0
0
0
0
0
0
0
0
8.14
3.3
0.32
0.01
0
0
0.02
0
0
0
0
0
0
1.41
1.85
2.21
0
0.66
0
3.98
2.21
0.26
0.05
4.73
0.75
1.73
0.47
1.07
0.11
0
0
0
0
0
0.18
0
0
0.05
6.83
6
14.17
15.79
12.2
2.67
0.3
0
0
0
0
0
0
0
0
0
0
0.88
6.74
10.8
6.18
2.45
0.8
0.08
0.78
9.23
7.16
6.04
3.6
0.01
0.39
8.71
1.84
0
0
0.02
0.13
0
0
0
0
0
0.56
0
0
0
0.21
0
0
0
0
0
1.45
0
0
0.01
0
0.1
2.23
0.31
0.18
1.84
0
0
0
0
0
0
0
0
0
0
0.25
8.2
3.11
0
0
0.47
0.13
0.01
0
0
0
0
0
0
0
8.04
1.37
0.1
0
0
0
0.2
0.31
0
0
0.17
1.45
0
0.03
0.01
0
0
0
0
0
0
0
0
0.01
0.02
0.7
0
3.62
0.37
0
0
0
0
0
0
0
0
0
0
0
0
0
0
0.01
0
0
0
0
0
0.02
0.8
0.19
0.04
0.16
0
0
0
0
0.01
0
0.16
2
2.23
2.16
4.7
2.42
2.05
0.3
1.38
8.02
5.51
0.08
0
0
0
0
0
0
0
0
5.25
4.43
3.89
9.68
7.33
4.44
21.11
8.61
1.18
0
0
0.01
0
0
0
0
0
0
0
0.02
0.06
0.23
0
0
0
0
0.04
0.01
0
0
0
0
0.26
0.74
0
0
0
0
0
0
0
0
0
0
0
0
0
0
0
0.51
9.46
16.95
6.73
15.82
13.14
9.5
5.65
0.52
0.16
0
0
0.04
0.27
0.25
0.29
4.41
1.99
9.19
9
3.72
3.39
3.95
0
0
0
0
0
0.2
0.5
0.38
0.05
0
0
0.27
0
0
1.02
1.65
2.35
0.46
2.77
0.8
1.92
1.56
3.43
8.84
2.7
1.84
0.66
4.57
0
0.2
0
0
7.46
7.8
4.13
2.7
5.65
3.75
0.61
0.29
6.66
0.18
0.01
0
0
0
0
0
0
0
0
1.59
0.3
0
0
0.01
0.01
0.01
3.24
9.91
1.41
2.34
1.59
0
0.1
0.48
0
0.32
1.68
8.99
3.98
11.67
2
3.24
1.31
3.71
0.46
3.11
1.3
0
0
0.04
15.84
0.74
2.84
0.06
0
0
0.06
6.34
7.2
2.29
1.45
1.84
4.8
0.85
0.03
0.37
1.36
0.39
0.21
1.07
1.59
0
0.64
2.84
3.95
4.3
13.12
4.37
1.14
1.75
5.14
6.39
1.74
0.13
0.12
0
0
0
0.43
0.45
0
0
0.23
1.41
1.32
0
0
1.34
0
0
0
0
0.54
2.07
6.19
0
0
0.22
0
0
0
0
0.58
1.48
0
0
0
0.95
0
0.01
0
0.07
1.02
5.44
14.86
15.27
0.75
0.51
3.37
2.5
0
0.09
0
0.33
9.91
0
0.34
5.13
0.12
0.13
0
0.05
0
13.83
7.01
0.97
0
0
0
0
0.02
0
10.63
12.78
1.75
0.05
0.02
0
0
0
0
0
0
0
0
0
0
0
0
0
0
0
0
0
0.01
0
0
0
0
0
0
0
0
0.2
0
0.01
1.37
1.75
1.8
7.75
7.76
0
0
0
0.23
0
0.01
0
0
0
0
0
0
0
0
0.01
0
0.01
0.01
0
0
0.01
0
0
1.8
0
0
0.3
0
0
0
0
0
0
0.02
0
0
0
0
0
0
0
0
0
0
0
0
0.24
0.01
0
0
0.7
3
1.76
0.36
0
0
2.13
5.6
0.47
0.01
0.02
0
3.59
0
0.08
0
0
0
0
0
0
0
0
0
0
0
0
0.17
0
0
0
0
0.39
0
0.02
0
16.59
4.88
14.47
8.57
1.65
2.38
0.09
1.19
11.91
0.72
0
0
0
0
0
0
0
0
0
0
0
0
0
0
0
0
0.02
0
0
0
0
0
0
0
0
0.01
0
0
5.23
7.25
1.05
0
0.01
0
0
0
0
0
0
0
0
0
0
0
0
0
0
0
0
0.22
2.07
3.87
4.93
10.97
1.41
0.02
1.09
2
0.01
1.86
0.79
0.03
0
0
0
0
0.08
0
0
0.01
0
0.2
5.64
16.81
3.27
3.13
9.75
3.27
5.5
0.95
2.37
3.98
1.09
0.29
0
0
0.11
0
0
0
0
0
1.46
0.33
0.08
0.55
6.83
6.86
3.51
0
0.27
0.23
0.49
2.64
0.06
1.19
3.55
1.67
0.29
0.1
0
2.16
4.28
2.4
4.21
0.86
0
0
0
0
0
0.04
0
0
12.66
1.75
0.21
0.23
0
0
6.88
1.5
0.07
0.08
0
0
0
0
0
0.01
0
0
0
0
23.8
11.34
1.77
0
26.57
7.93
2.11
4.67
4.73
0.98
0.23
0
0
0.45
0
0
0
0
0.08
0.64
0.04
0.48
8.43
2.45
0.55
0.13
0
0.46
0.49
3.93
5.41
23.11
9.14
4.76
7.44
0.39
0.39
1.54
4.45
12.08
2.6
0.11
1.46
4.41
8.09
2.46
0.77
0
0.03
0
0
4.46
3.7
3.8
1.48
0
1.19
2.96
4.07
9.46
5.23
0
0
5.43
0.48
0.45
0
1.75
0.11
0.02
0
0
0
0
0.04
0
0
0
0
0
0
0.01
0
0
0
0
0
0
0
0
0
0
0
0.06
0.2
0
0
0.01
0
0
0
0
0
0.01
0
0.49
4.81
1.01
0
0.07
0.21
0.11
0
0.07
0
0
0
1.1
14.08
3.51
0.04
0
0.01
0.05
0.21
0.28
1.38
0
0
0.02
0
0
0.02
0
0
0.08
0
0
1.47
0.45
0.78
5.19
6.1
5.86
3.45
1.37
0
0
0
0.3
8.13
4.88
0.98
0
0
0.01
0.01
0
0
0
0
0.19
0
0
4.52
3.94
0
0.03
0
0
0
0
0
0
0.03
0
0
0
0.05
0.14
4.53
0.61
0
0
0
0.05
0
0
0
0
0
1.48
0.63
0
0
0.78
2.68
1.59
0
0
0
0
0
0
0
0.21
0
0.11
1.59
0.09
0
0
0
0
0
0
0
0.1
0.17
0
0.37
1.3
0.36
0
0
6.34
0.23
0.95
3.17
2.92
0.1
0.05
0
0.02
0
0.25
0.3
4.04
13.28
10.1
3.71
6.65
0
2.26
0.18
0.14
0
0
0.27
0
0
0
0
0
0
0
0
0
0
0
0
0
0
0
0
0
0
0
0
0
0
0
0
0
0
0
0
0
0
0
0
0
0.77
1.48
1.25
1.6
7.53
8.66
7.38
2.51
2.48
10.46
8.58
4.76
0.18
0
0.01
0
0.34
0.37
0
0
0
0
0
4.5
7.44
5.18
1.11
0
0
0
0
0
0
0
0
0
0
0
0
0.01
0.43
0.04
3.9
3.12
0
0.72
0
2.86
2.77
0
1.96
0.17
0
0
0
0.25
0.18
0
0
0.01
0
0
0
0
0
0
0
0
0
12.46
28.17
9.07
1.5
0.06
0.02
0
0
0.09
1.18
0
0
1.51
1.92
7.57
9.59
3.05
0.71
0.22
5.07
0
0.63
0
1.57
1.48
2.03
0.42
0.56
0
0
0
0
0.02
0.02
0
0
11.28
8.97
2.84
0
2.3
0.63
0.18
0
0
0.27
0
0
0.02
0
0
0.32
3.4
0
2.21
11.45
7.1
2.33
0
0
0
0
0
0.37
0.13
0.13
4.28
1.34
0
0.09
0.1
0
3.36
0.47
1.84
8.8
0
5.38
4.93
1.38
0.97
0.04
0.35
4.29
1.67
1.78
0.11
5.35
1.42
1.29
0.75
17.25
9.25
4.03
0.56
0
0
0
5.45
3.16
0
0
0.01
0
0.8
0
1.63
0
0
3.33
0.9
0
0
4.84
2.09
0
0
0
0.01
3.09
0
0.21
0
0.01
0
0.02
0
0
0
0
0.01
0
2
5.87
0
0.01
0
0
0
0
11.89
1.38
0.43
4.92
0.79
6.95
14.95
7.84
1.47
0.01
0
0
0
0.11
0
0
0.21
0.55
0
0.98
0
0
8.34
1.34
0
0
0.03
0.01
0
0.08
0.4
0
1.42
0
1.16
6.33
4.48
14.93
2.3
0
5.99
4.75
1.18
0.87
0.64
0
0
0.02
0.02
0.09
11.86
20.71
18.64
2.66
5.59
0.93
0
0.24
3.92
1.73
1.18
0
0.2
0
10.88
2.74
0.64
8.38
2.3
0
0
0
4.09
1.99
1.37
0.65
0
5.63
1.16
11.38
14.49
6.88
5.53
1.12
0
0
0
0
0
0
0
0.45
0
0
0
0
0.66
0
0
0
0
0
1.1
0.15
0.45
0.58
4.32
12.27
1.7
0.27
0.1
0
0.39
0
0.02
0.03
0
0.05
2.93
11.7
22.34
2.89
0
0.1
0
2.53
6.65
1.57
0.33
0.03
4.2
18.13
19.22
7.69
8.74
1.81
0.51
0.67
1.16
0.16
0.39
0.13
4.81
6.45
4.49
5
5.71
1.45
0.21
0
0.87
0.85
20.3
8.98
7.22
3.21
0.95
2.52
4.38
8.83
8.81
1.49
4.01
5.3
1.11
6.48
6.74
3.77
0.6
0
0.16
0
1.14
5.15
10.37
3.98
5.07
1.07
0.44
0
1.79
4.41
9.77
8.47
5.89
3.65
5.62
4.93
2.01
1.16
0.91
0.25
0
0
0
0
0.25
0.25
0
0
0.1
1.53
8.53
4.02
0.4
0
0.01
0.03
0
0.04
5.11
0.84
0.59
18.42
9.98
5.8
0.01
0.06
0.42
3.92
0.03
0.32
0
0
0
0
0
0.01
0.13
2.13
0.2
0
0
0.07
0
0
0
1.61
3.48
2.73
0.53
0.12
0
0
0
0
0.1
0
0.38
0.09
1.12
4.16
6.63
1.82
1
2.23
3.93
4.04
0
0
0.16
0
0.01
0.32
4.9
1.52
0
0
5.79
0.09
0
2.8
0
1.3
4.83
2.32
2.3
0.98
1.1
0
0
2.95
6.79
8.33
6.87
4.09
2.66
0.2
0.07
0.08
0
0.21
4.34
0.96
1.84
17.05
4.85
0.1
0.04
0
0.66
0.17
5.03
1.15
1.34
2.41
1.05
0.01
0
0.04
0.4
0.54
0.11
0.38
0
0.01
0.02
0
0
0.27
1.48
0
2.04
0.21
0.01
0
0
0.05
5.15
8.67
0
0
0
0
0
3.86
4.96
1.53
1.46
1.99
0
1.64
0.45
0.46
0.02
0
0.23
4.62
3.69
0.16
0
0
0
0.08
0
0
0.07
0
0.04
0
0.45
1.05
0
0.66
2.87
2.29
0.33
0
0.02
0
0.09
0.63
0
0
0
0
0
0
0
0
0
0
0
0
0
0
0
0
0
0.01
0
0.03
0
12.22
1.34
0.01
1.23
0.04
1.35
3.38
2.3
0.18
0
0
0
0.23
0.14
0
0.09
0.11
0.16
19.02
11.29
8.6
10.04
1.36
0
0.01
0.16
0
0
0.41
0.98
20.14
5.38
9.1
4
4.77
1.11
0.43
0.63
0
0
0.08
0.04
0
0.56
0.04
0
0
0.28
0.13
0.02
0.31
0
0
0.05
0
0
0
0
0
0.02
0
1.74
1.61
9.13
4.59
0
0
0
0
0.16
0.45
2.86
4.41
12.39
7.41
0.01
1.33
4.2
6.72
2.7
21.69
15.23
1.24
1.3
0.09
4.1
0.14
0.06
0.73
4.16
0.27
0
1.32
2.95
5.43
3.14
2.14
0.03
0.03
0.34
0.14
4.23
3.88
0.91
0.34
1.12
1.19
0.21
0.01
0.07
0.88
0
0
0
0.63
1.63
2.45
3.1
3.39
3.45
1.78
0.8
1.53
3.41
2.12
8.25
1.43
0.31
1.45
2.48
0.21
0.02
13.11
3.16
0.21
0.3
0.27
1.01
0.84
0
0
0.44
1.07
2.04
4.58
7.2
3.69
0.34
0
0.47
4.15
5.86
3.08
1.54
6.3
3.02
0.09
0
4.6
8.87
18.91
11.4
16.69
10.69
6.28
14.81
15.95
3.46
0.03
0.54
0.01
0
0
0
0.3
6.69
1.26
0.12
0.56
1.64
2
0.65
0
0
0
0
0.01
0.23
0
0
0
0.42
4.29
0
0
5.42
1.08
0
10.7
5.66
1.53
1.13
0.27
0.99
0.8
3.99
3.81
0
0
0.32
0
0.39
0
0.44
0.02
0
0.01
2
1.45
15.99
19.25
4.13
4.27
8.75
4.3
2.38
1.02
4.25
6.89
4.95
0.4
0.12
0
0
0.25
0
0
0
0
0
0.02
0
0
0
3.21
9.3
10.56
14.5
8.23
0
1.27
0.18
2.02
7.27
3.38
0.72
0.08
0
0
0.56
0
0.19
0.48
0.07
11.88
3.52
0
0
0.98
1.11
0.66
1.59
0.29
2.41
0.49
2.62
1.8
0.1
0
0
0.02
0
0.1
0
0
0.45
0
0
0
0
0.01
0
0
0
0
0
0
0
0
0
0
0
0
0
0
0
0
0
0
0
0
0
0
0
0
0
0
0
0.01
0
0
0
0
0
0
0
0
0
0.27
0
0.32
0
0
0
0
0
0.04
0.01
0.05
0.75
0
0
0
0.01
0
0.02
0
0
0.38
0.12
1.41
9.41
2.63
0
0
0
0
0
0
0
0
0
0
0
0
0.27
0
0.21
0
0
0
0
0
0
0
0
0
0.02
0.56
0.33
0.02
0
0
0
0
0
0
0
0.02
0
1.03
2.57
0
0.12
0
0.37
0
0
0
0
0
0
0
0
0
0
0
0
0
0
0
0
0
0
0.29
0.57
4.14
0.26
1.16
0.52
0.22
0
0
0
0
0
0
0
0
0
0
0
0
0
0
0.13
0.06
0
0
0.64
7.59
11.66
4.36
1.01
1.04
8.55
11.65
4.57
2.28
4.56
5.43
8.89
2.74
3.44
2.5
0.33
1.03
1.5
1.71
1.24
0.95
2.7
8.95
12.91
5.95
4.42
2.16
1.88
5.26
4.23
0.44
2.69
9.14
1.45
0
1.86
3.85
1.8
0.2
0.37
0
0.98
0.02
0
0
0
1.32
13.09
18.33
3.5
2.65
3.67
0.03
0.2
1.51
13.49
27.39
12.54
1.26
0
0.61
0.42
14.01
1.5
4.75
8.15
5
7.01
2.36
10.39
8.98
12.7
8.27
8.01
8.81
2.82
0.7
0
0
0
0.02
0
0.01
0.02
0.13
0
0.03
0.61
2.84
1.41
0.01
0.25
0
0.23
0.36
4.93
4.95
1.18
0.51
0.29
0
0.26
3.39
1.13
2.98
3.1
7.64
8.95
3.8
4.8
1.75
1.94
1.89
10.49
7.84
3.48
1.49
1
0.24
0.15
0
0.18
1.59
6.74
6.08
0
0.02
2.77
5.67
5.05
4.07
0.96
6.47
14.63
2.71
0.35
0.53
0
0
0
0
0.47
0
0
0
0
0
0
0
0
0
0
0.01
0
0.06
1.83
0.01
5.88
4.37
0
0
0
0
0
0
0
0
0
0
0
0.01
0
0
0
0
0.77
0.29
0.61
3.67
16.5
27.73
9.86
2.04
0.2
0.53
5.67
0
0.27
2.06
3.71
2.96
0
0.02
0
0.2
0
0
0
0
0
0
0
0.05
0.04
0
0.2
3.79
5.04
10.36
1.62
1.5
4.4
0
3.52
4.93
0.77
2.56
0.01
0
0.65
1.3
2.13
3.24
0
0.01
0.33
0.4
0.19
0.02
0
0
0
0
0.03
0
0
0.02
0
0
0
0.01
0
0
0
0
0
0
0
0.01
0
0
0
0
0
0
0
0
0
0
0
0
0
0
0
0
0
0
0
0.09
0.42
0.27
0.41
3.03
3.14
0
0
0.14
1.04
0.77
2.73
0.41
0.05
0.44
0.05
2.56
5.27
9.42
5.38
1.49
1.16
5.29
11.59
8.2
0.3
0
0.33
0.21
0
0.04
0.28
0.05
0.13
0.04
0
0
0
0.43
0.09
8.86
3.28
0
25.14
10.81
2.96
10.2
16.21
11.7
14.6
6.35
0
0.02
0
0.23
6.51
3.83
2.57
2.09
4.95
14.21
9.65
4.76
0
0
0
0
0
0
0
0
0
0
0.05
1.39
0.09
0
2.56
9.11
11.23
5.83
0.19
0.39
0
0
0
0
0
0.1
0.02
0
0
0
0
0
0.02
0
0
0.01
0
0
0
0
0.99
0.39
0.35
0.05
0
0
0
0
0.21
0.16
0.05
0.24
0
0
0.35
3.41
9.14
9.28
0.77
0.37
0.07
0.27
0.33
0
0.05
0
0.01
0
0
0
0.09
2.52
3.38
3.08
1.89
0
0
0
0
0.87
0.13
0
1.18
1.4
0
0
0.25
0.59
0.71
0
0.01
0
0
0.82
2.38
0.91
0
0
0
0.01
0
0.28
0
3.27
1.31
0
0.01
0.01
0
1.11
0.38
0
0.2
2.32
1.91
1.36
3.78
1.72
0
4.29
6.39
3.59
0.04
0.65
0.41
0.27
4.31
3.82
3.52
0
0.01
0
0
0.02
0.02
0
0.04
0.48
0.63
0.05
0.01
2.13
9.08
6.13
12.99
10.21
1.69
0
0
0
1.81
0.74
0.44
2.19
0
0
0
0.02
0.14
0.02
0
0.01
0.57
0.38
0.25
0.04
0
0.05
4.39
4.54
0.81
1.48
3.46
0.24
0.21
0.02
0
0
0
0.02
0.09
1.8
4.4
5.5
3.07
1.53
1.49
14.32
15.04
10.92
13.74
0.08
0
0
0
0
19.63
2.62
0
0.53
0
0.05
0
0
0
0.05
0
0
0.4
6.51
5.27
2.79
0.95
1.25
0
0
0.01
0.01
0.04
0.01
0.05
0
4.4
17.47
3.38
0.88
8.01
17.97
8.08
6.75
0.02
0
0
0
0
0
0
0
0
0
0
0
0.01
0
0
5.59
1.1
0
0.02
0
0.12
0.02
0.13
0
0.1
0.01
0
0
0.02
0
0
0.94
0.05
0
0
0.01
0.07
0
0
0
0
0
0.02
0.01
0
0.02
0
0
0
0
0
0
0
0
0
0
0
0
0
0.01
4.55
0.05
0.02
0
2.5
0
0.01
0.06
5.42
2.09
0.29
0
0.09
0.02
0.28
0
0
0
0.36
0.01
0
0
4.53
0.01
0.28
5.25
0.77
0
0
0
0
0
0.01
0
1.31
1.14
2.36
1.56
1.44
0
0.76
0.02
1.13
0.01
1.58
4.06
0
2
0
0
0.29
0.31
0.01
0
1.13
2.23
1.29
0
0
0
1.28
2.44
7.6
12.71
1.35
0
0.01
0.68
0.02
0
0.52
11.82
6.61
2.19
0
0
0
0
0
0.27
2.49
2.48
3.37
2.03
1.64
5.38
34.33
10.8
2.45
3.01
5.3
2.17
0
0
0
0.37
0.9
0
0
0
0
0
0.01
0.65
3.13
0.49
0.33
0.3
1.97
0
0
0
0.01
0.01
0.01
0
0
0.43
0
0
0.01
0
0.39
1.65
0.32
0
0
0.4
2.8
0
0
0
0
0
0
0.45
0
0
0
0
0
0
0.04
0
0
0
0
0
0.03
0.17
0
1.68
0.8
0.17
0
0.06
0
0
0.31
0
0.02
0
0
0.05
0
0
0
0.05
0
0
0
0
0.04
0
0.04
0
0
0.03
0.26
2.35
13.87
3.02
2.08
0.58
0
0
0
0
0
1.48
0.92
0
0
0.01
0
0
1.27
3.28
2.02
0.21
0
0
0
0.38
0
0
0.98
0
0
0.07
2.08
0.02
0
0
0.94
0
0.09
0.09
0.1
1.13
0.43
0.05
0.01
0
0.76
5.41
5.66
5.71
2.16
0.09
0.53
5.81
3.03
0
0.02
0.45
0
0
3.15
8.5
3.16
9.98
7.94
0.43
3.55
1.86
0
0.31
0.02
0.09
0
5.95
3.4
3.42
2.53
0
10.27
2.38
0
0.8
0
0
0
0
0
0.04
6.96
10.91
10.79
8.57
13.5
2.39
0
0
0
0
0
0
0
0.03
0
0
0
2.61
5.92
0.85
0
0
2.1
5.52
1.73
0.02
0
0.29
0.01
0
0
0
0
0
0
0
0
0
0
0
0.01
0
0
0
0
0
0.02
0
0.29
1.29
2.23
3.04
4
3.3
1.8
0
3.64
0
0
0
0.01
0
0.02
0.02
0.58
0.01
0
0
0
0
0
0.04
0
0
0
0
0.01
0
0
0
0
0
0
0
0
0.02
0
3.64
1.42
1.56
0.05
0.66
3.18
4.76
0
0.01
0
0
0
0
0
0.57
0.05
0.01
0
0
0.16
0
0
0
0
0
0.28
0.02
1.03
7.34
1.91
0
0
0
0
0.01
0.07
0
0
3
2.86
0
0
0
0
0
0
1.14
1.45
0
0
3.29
4.56
6.26
0
6.73
4.4
5.05
0.86
0
0.41
3.8
0
1.34
0
0
0
0.02
1.32
1.21
0
0
0
0
0
0
0
0
0.5
0.04
0.21
1.52
0
0
0
0.07
0.23
0
0
0
0
0
0
0
0
0
0
0
0
0
0
0
0
0
0
0
0
0
0
0
0
0
0
0.07
0.05
0.08
0.01
0
0
0
0
0
0
0
0.05
0.02
0
0
0
0.02
0.82
1.59
0.76
0.53
0.78
1.78
0.55
1.91
9.55
2.62
2.06
5.86
10.35
9.75
5.55
2.85
2.39
8.15
14.39
23.52
13.55
9.6
6.64
1.6
0
0
0.01
0.01
0
0
0
0
1.33
8.23
1.82
0.55
0.12
2.09
4.38
0.8
0.38
0.35
0
0
0
0.16
0.42
0.02
0.04
0.01
0
0.02
0
0
0
0
0.26
0
0
0
0
0
0
0
0
0.18
6.26
2.24
10.39
5.79
0.71
3.17
2.59
0
4.31
1.35
0.61
2.98
2.53
1.2
2.15
0
0
0
0
0
0
0
0
0
0.02
0
0
0
0.03
0
0
0
0
0
0
0
0
0
0
0
0.09
0
0
0.08
2.95
2.9
12.1
7.95
0.58
0.07
2.68
1.31
1.84
0
0
0
0
0.07
0.03
0.12
0.06
0.78
9.27
11.53
11.71
9.93
0.5
0.01
0.16
0
0
0
0
0
1.56
0
0
0.01
0.46
0.77
0
0
0
0
0
0.38
0.27
0
0
0
0
12.66
11.7
1.5
0.75
0
0.59
0
0.09
0
1.82
2.03
6.41
10.6
12.15
11.92
8.62
0.73
0
11.9
12.34
1.92
0.03
0
0.15
5.99
1.45
0.72
0
0
0
0
0.37
0
0
0
0.04
0
0
0
0
0
0.05
0.95
0
0
0.59
2.94
0
3.96
20.21
5.62
1.88
0.46
2.56
2.21
0
0
0.72
0.15
0
0
0
0
0
0
0.16
0
0
0
0
0
0
0
0
0
2.2
6.7
2.45
0.66
0.14
0.88
0
0
0
0
0
0
0
0
0.01
0.01
0.13
1.89
0
0
0
0
0
0
0.46
1.75
0
0.02
0
0.62
0.05
0.02
0.02
0.02
0
0
0
0
0
0
0
0
0.1
4.39
2.51
0.16
0
0
0.86
0.11
2.35
0
11.66
1.43
0.11
0.01
0.04
4.6
16.83
0.98
0
0.04
3.66
0
0
0
0
0
0
0
0
0
0
0
0
0
4.09
1.33
0
0
3.26
8.34
2.98
0.15
0.14
5.39
1.27
2.46
0.01
0
0
0
0
0
0
0
0
0
0.05
0
20.96
25.95
6.98
1.38
0
0.04
0.93
3.31
0.47
1.09
0.53
0.01
0
0
0
0
0
0
0
9.42
7.52
3.03
0
0.19
0
0
0
0
0
0
0
0
0.68
0.3
0.63
0.59
4.6
2.79
0
0
0
0.24
0.1
0.49
2.79
0.68
0
0
0
0.1
0
0
0
0
0
0
0
0
0
0
0
0
0
0
0
0
0
0
0
0
0
0
0
0
0
0
0
0
0
0
0
0
0
0
0
0
0
0
0
0
0
0
0
0.02
0.66
0
0
0
0.01
0
0.01
0
0
0
0
0
0.01
0.04
0.16
0
0
8.15
3.12
0.54
0
0
0
0
0
0
0
0
0
0
0
0
0
0
0.02
0.08
0.01
0
0
0
0
0
0
0
0.13
0
0.69
0.86
0
0
0
0.64
0.32
0
0
0
0
0
0
0
0
0.01
0
0
0
0
0
0.67
3.75
5.26
1.86
5.38
0.96
6.94
5.31
14.13
4.98
1.64
0.48
1.2
1.52
7.68
1.7
0
0
0.02
0
0
0
0
0
0
0.52
0.54
1.93
1.89
1.55
6.14
0.98
0
0
0
0.55
0.1
0
0
0.01
0
0.01
0
0
0
0.01
0.01
0
0.37
0.01
0
0
0
0
0.19
0
0.02
0
0.02
0.01
0
0
0
0
0
0
4.81
0
2.09
6.77
2.33
0
0.24
0
0
0.37
1.8
8.68
3.01
1.58
4.25
1.11
0.01
0
0
0
0
0
0
0
0
0
0
0
0
0
0
0
0
0
0
0
0
0
0
0
0
0.04
0.03
0.15
11.08
3.23
0.48
0
4.46
2.08
0
0
0
0
0
0
1.06
0
0
0.02
0
0
14.99
3.32
0
0
3.47
2.12
0
0.23
0
21.27
16.45
0
0
0
0
0
0
0
0
0
0
0
0
0
0
0
0
0
0
0
0
0
0
0
0.01
0
0
0
2.22
0.3
0
0
0
0
0.02
0
0
0.02
0
0
0
0.48
2.15
0.48
0
0.16
0
0
0
0
0
0
0
0
0
0
0.44
1.79
6.45
0.35
0.04
0
0
0.48
1.34
2.86
2.59
0.55
0
7.04
1.59
0
0.09
0.48
6.63
5.2
6.64
15.7
2.45
2.25
11.51
8.53
1.18
0
0
0
0.01
0
0
0.02
0
0
0
0
0
0
0.02
0
0
0.5
0
0
0.89
0.62
6.13
7.63
3.65
4.56
16.36
6.73
13.43
8.22
4.29
2.33
0
0
0
0
0
0.01
0.02
0.01
0
0
0.06
0.12
0.03
0.46
2.23
3.8
1.14
0
0.01
0
0
0
0.01
0.02
0
1.09
1.03
9.29
7.61
3.17
2.85
3.73
0.52
2.3
0.63
0
0.57
0.98
1.3
1.03
2.38
0
0
0
0
0
0
0
0
0
0
0
0
0
0
0
0.13
0
0.27
0.05
2.38
0.89
0.13
0.33
0
10.5
17.69
1.77
0.09
0
0
0
0
0.01
0.01
0.13
0
0
0.31
0.13
3.93
4.44
9.41
4.4
3.77
1.89
7.29
10.36
5.46
1.26
2.64
9.3
2.3
0.55
0
10.63
2.11
1.07
11.86
3.27
1.04
4.15
0.92
0.27
0.24
0
0
0
0
0.45
0.83
0.71
4.67
3.7
0
0
0
0
0
0
0
0
0.74
3.7
0
0
0
0.78
3.75
5.74
4.2
1.18
0
6.42
2.52
2.56
6.92
0.43
0
0.23
0
24.77
14.95
1.6
7.89
13.98
6.59
0.93
8.3
11.93
5.45
0.8
5.34
0.37
2.84
0.88
3.5
2.02
0
0.11
0.12
3.16
16.37
22.57
4.19
0.29
0
0
0
0
0.13
0
0
0
0.01
0
8.18
2.74
0
0
1.3
0.01
0
0
0
0
0.02
0.02
0
0
0
0
0
0
0.43
0
0
0
0
0
0
0
0
0
0
0
0
0
0
0
0
0
0
0
0
0
0
0
0
0
0.03
0
0
0
0
0
0
0
0
0
0
0
0.48
0.59
0
0
0.01
0
0
0
0.01
1.61
0.98
1.29
0
0
0.02
0
0
0.01
0
0
0
0
0
0
0
0.02
0
0.29
0
0
0
0
0
0
0
0
0
0
0
0
0
0
0
0.01
0
0.01
0
11.54
2.03
0
2.84
3.91
6.05
6.14
0.56
0.03
0
0
0
0
0
0.01
0
0
0
0
0.03
0
7.47
4.44
0
0
0
0
1.05
9.47
2.1
0.01
0
0
0
1.93
2.21
0
10.58
5.08
6.02
19.24
30.11
8
7.28
0.2
5.17
26.36
11.88
12.73
4.26
0.84
6.26
1.91
0.39
0.34
0.3
0.06
0.02
0
0
0
0
0.95
17.41
5.05
0.02
1.34
0
0
0
0
0
0
0
0
0.66
0.37
0.1
0.48
0
0
0.11
0
0.32
0.07
0
0
0
0
0
0.23
0.18
0
0
0
0
0
1.75
5.38
5.81
1.71
0.13
0.26
0.16
0
0
0
0
0.35
0.91
2.88
6.28
3.8
1.15
10.1
21.13
14.36
5.45
2.15
10.31
3.25
0.54
0.43
0.01
0
0
0
0
0
0
0
0
2.34
7.49
8.8
11.34
11.58
0.96
1.67
1.96
0.12
3.68
9.64
3.11
1.11
0
1.71
1.68
0.01
0.09
1.38
0.03
0.01
0.39
3.96
2.19
0.09
0
0.18
0.01
0
0
0
0
0.02
0.06
0
0
0
0
0
2.03
7.4
2.27
5.92
6.1
0
0
0.03
0.02
0.34
0
0
0
0
0.01
0
0.29
4.41
5.43
5.29
3.7
7.05
0.74
0.04
0.91
0.93
0
0.79
0
0.78
0
0
0
1.55
15.03
8.95
4.36
4.23
1.64
0.8
0.6
0.2
0
0
0
0.75
5.28
4.54
3.86
1.04
0
0
0
0.32
0.88
2.83
2.24
0.27
9.75
8.34
0
0.37
0.65
0.21
0
0.41
3.16
2.69
0
0.22
1.31
1.44
0.43
0
0
14.07
5.25
0.25
0.99
0.01
0
0
0.02
0.01
0.01
0
0
0
0
0
0
0.01
0
2.05
0
0
0
0
0
1.09
1.61
0.01
0.52
0.03
0
0
1.24
1.32
0.05
0
0
0.01
0
0
0
0
0
0.16
0.24
1.71
0.42
0.14
0
0
0
0
0
0
0
0.02
0
0
0
0
0.23
1.72
12.38
0
0
0
0
0
0
0
0
0
0
0
0
0
0
0
0
0
0
0
0
0
0
0.08
0
0
0
0
0
0
0
0
0
0
0
0.01
0
0.41
0
0
0.01
0
0.03
0
0
0
0
0
0
0
0
0
0
0.01
1.24
0.27
0
0.02
0.93
0
0
0
0
0.02
0.35
0.03
0
0
0
0
0
0
0
0
0
0
0
0
0
0
0
0
0
0.09
0
1.61
0
0
0.02
0
0
0
0.42
4.18
6.38
10.49
3.18
1.24
0
0
0
0.74
1.5
1.13
1.33
0.02
0.08
0.09
0
0
0.02
0
0
0
0
0.27
7.41
15.63
3.74
0.11
0.01
0
0
0.01
0
0.23
9.13
1.54
1.66
4.15
0.08
0.59
0
0
0.02
0.02
0
0
0
0
0
0
0.16
6.53
7.78
9.74
4.78
0.64
10.93
15.58
5.67
1.86
2.23
5.52
3.33
4.18
0
2.49
0.17
5.02
0.49
0
0
0
0
0
0
0
0
0
0
0.01
0
0
0
0
0
0
0
0
3.85
10.59
2.85
1.21
0.25
0.58
1.58
4.26
1.09
0.02
2.69
1.1
0.55
0.65
0
3.47
19.49
13.36
10.5
10.37
10.07
8.58
3.8
12.48
3.75
0
0.21
4.7
2.26
0.18
0
4.17
6.73
3.07
0.32
0.35
0.02
0
3.63
0.59
0
1.4
0.14
3.5
5.33
1.41
0
0
0
1.13
0.05
0.08
0
0
0
0
0
0
0
0
0
0
0
0.34
11.98
3.87
0
3.47
7.59
4.38
2.19
0.85
3.63
5.75
0.79
0.2
3.21
2.58
0.95
0.75
1.12
0
0.45
6.85
3.22
2.04
12.07
10.54
7.68
2.52
2.19
0
0
0
1.15
0.75
1.11
6.3
6.04
0.27
0
0
0
0.09
0
1.36
0
0
0.45
0.07
0.01
0.08
0.14
0.34
0.78
0
0
5.64
1.4
0.04
0
0.05
0.01
0
0
0
0
0
0
0.01
0
0
0
0
0.01
0
0
0
0.38
1.77
0
0.37
7.15
4.42
1.53
0
0
0
0.55
0.2
0
0
0.04
0
0
2.99
0
0.01
0.02
0
0
0
0
0
0
0.09
0
0
0.37
0
0
0
0
0
0
0
0
0.07
3.08
1.39
0
0
0
0.01
0
0
0.01
0.01
0
0
0
0
0.02
0
0
0
0.1
0
0
0
0
0
0.02
0
0
0
0
0
0
0.01
0.01
0.02
0
0
4.32
8.21
1.64
0
0
0
0
0.02
0.27
0
0.62
0
19.9
7.01
0.01
0.02
0
0.2
4.86
16.35
2.48
3.95
0.01
2.94
4.92
0.13
0.01
0.21
0
0
0
0.05
0
0.17
1.7
0.49
0.98
5.02
1.44
0
0.04
0.14
3.27
4.09
3.66
3.22
7.57
2.1
2.81
2.27
0
0
0
0
3.2
9.59
1.73
0.04
0
0
0.01
0
0
0
0
0
0
0
0
0
0
0
0
0
0.21
6.64
11.84
5.66
0.53
2.87
2.89
0
0
1.53
1.19
0.05
0
0
0
2.32
0
0
0
0
0.01
0
0.01
0.92
0
0
6.25
1.94
0.02
0.03
0
9.82
7.25
0.29
0.11
0
0
0
0
1.77
1.22
1.36
0.67
0.18
0.38
1.64
1.75
0.07
0.13
0.2
0.01
0
0
0
0
0
0.03
0.09
23.03
15.63
1.3
8.16
15.42
2.23
2.12
0.09
0.13
0
0.1
0.04
0
1.33
1.11
0
2.06
8.07
9.44
4.11
12.09
9.98
0.89
0.35
7.23
2.25
0.09
0
0
0
0
0.31
8.01
12.04
1.72
0
0
0
13.4
10.5
2.55
0
0
0
0
0
7.98
3.99
2.3
0.59
0
0
0
0
0
0
0
0.01
0.2
0.14
0.02
0.27
0.27
1.29
0
0
0
0
0
0.01
0
0.36
0
0
1.29
3.23
1.31
0.06
0.54
0
0
0
0.09
7.58
9.7
13.01
9.12
2.55
12.66
13.36
1.27
0
0.09
0
0.01
0
0.07
0
0
0
0
0
0
0
1.94
3.27
2.48
0.01
0
0.03
0.2
0
0
0.03
0
0
0
0
0
0
0.11
0.22
0.45
0.07
0.01
0
0.06
4.93
1.07
1.84
0
0
0.06
7.74
11.37
1.06
0
0.05
0
0.12
0
0
0
0
0
0
0
0
0
0
0.08
0.01
0
0
0.17
0
2.36
1.28
0
0
0
0
0
0
0
0
0.51
0.33
0
0
0.27
0.06
0
0
0
0.1
1.61
0.38
5.71
12.37
4.07
0
0
7.94
14.74
14.68
12.7
0.36
0.01
0
0
0
0
0
0
0
0.53
16.38
8.44
0.02
0.01
1
0.08
0.29
0
0
0
0
0
0.05
0
0
0
0.37
0
0
0
0.01
0.01
0
0
0
0
0.01
0
0.02
0.01
0
0
0
2.25
0.25
0.68
0.37
0.04
0.01
0.75
0
0
0
0.01
0
0
0.07
0
0
0.01
0
0
0
0
0
0
0
5.15
2.37
0
0.16
1.31
2.04
2.29
0.02
0
1.2
0
14.53
5.4
2.16
6.32
9.29
2.27
0
0.11
16.99
15.01
8.69
0.05
0
0.3
0.14
1.01
0.16
0
0.49
7.48
3.75
16.23
15.58
13.3
0.18
0
2.89
0.55
0.43
0
0
0
0.55
1.04
0.4
0
1.91
20.29
4.76
2.88
0
0.04
0.5
0.13
0
0
0
0
0
0
0
0
0
1.27
0.82
0.54
0.43
0
0
0
0
0.69
5.3
10.71
9.57
5.2
1.43
0.19
0.3
1.42
10.35
23.73
5.91
7.72
3.8
2.34
0.86
0.86
0
0
0
0
0.02
0
0
0
0
0.01
0
0
0
7.56
2.94
0.69
0.08
1.11
3.84
0.45
0
0
0
0.39
10.06
6.5
7.48
5.09
12.43
3.58
7.01
0.32
0.08
0.15
0
0
1.38
0.7
3.05
3.8
5.08
0.55
9.56
4.27
0.24
1.05
0.36
0.68
0.98
0.35
6.17
1.88
0
0
0
0
0
0.27
0
0.17
3.81
2.11
0.05
0.04
0
0.02
0.02
0.89
0.03
0
0
0.13
0.02
0
0
0.05
0.29
1.16
0.1
0
0
0
0
0
0
0
0
0
0
0
0
0
0
0
1.68
0
0
0
0
0.01
0
0
0.72
0.29
0
0.96
5.64
5.71
14
3.88
1.93
1.65
1.65
0.01
8.33
13.96
4.96
0
0.88
9.31
1.28
2.23
1.86
4.05
2.39
0.01
1.31
0
4.57
20.41
10.36
0.32
0.57
0.02
0
2.91
0.76
2.44
10.86
5.18
0.94
1.38
6.76
9.26
8.86
6.04
9.35
5.23
2.57
2.54
4.71
0.08
2.55
0
3.09
0
1.53
0.14
15.55
1.78
0.27
1.62
0
0
1.36
0
1.03
0.02
5.65
0.66
1.95
0.03
1.51
35.48
29.14
1.88
0.86
1.6
4.2
6.15
4.31
2.18
5.88
2.8
0
1.27
3.25
1.66
7.49
3.68
0.54
11
11.02
0.53
10.76
12.19
0.89
0
1.42
1.95
2.87
0
2.07
0
2.27
0
0
0.83
0
0
0
0.43
0
0.02
0.55
0
0
0
2.16
0
0
0
0
0
0
0
0
0
0
0
0
0
0
0
0
0
0
0
0
0
0
0
0
0
0
0
0
0
0
0
0
0
0
0
0
0
0
0
0
0.03
0
0
0
0
0
0.27
0.19
0
0
0
0.01
0
0
0
0
0
0
0
0
0
0
0
0
0
0
0
0
2.28
1.14
0.3
0
0.13
0
0
0
0.02
0
0.62
2.1
0
1.93
10.82
7.88
24.63
9.84
8.2
2.7
0
0
0
0
0.03
0.01
0
0
0
0.21
0
0.02
0.08
0.11
0.02
0
0
0
2.43
0.57
1.43
0.25
7.25
4.14
0.23
0.75
0
0
0
0
0
0
0
0
0
0
0
0.02
0
0
0
14.06
6.12
1.24
0
0
0
0.2
0
0
0
0
0
0
0
0
0
0
0
0
0
0
0
0
0
0
0
0
0
0
0
0
0
0
0
0
0.01
0.78
5.72
0
0
0
0
0
0.01
0
0
0
0
0
0
0.71
0.63
0.01
0
0
0.01
0
0
0.03
0.05
0
0
0
0
0.02
0
0.53
0
0
1.43
2.09
2.41
1.79
0
0
0
0
0
0
0
0
0
0.32
0.09
1.21
13.8
15.52
7.55
4.51
3.91
1.63
0.22
0.3
0
0.03
0
0.71
5.39
3.94
0.79
0
0
0
0.05
0
0
1.5
3.61
0
0
0
0
0
0
0
0
0
0
1.71
0
7.81
6
0.16
5.4
6.09
8.23
5.21
2.99
4.72
1.13
1.72
0.53
2.29
5.01
3.5
1.47
0.32
0.59
0
0.03
3
2.53
3.42
10.11
12.14
12.68
12.8
2.35
1.48
0.63
0.3
0
0
0
0
0
0
0.01
0
3.3
0
0
0.02
0.02
3.91
1.91
0.37
0.02
0
6.86
1.13
0.02
10.91
8.91
13.48
19.32
3.37
6.84
5.13
6.75
15.45
12.26
10.46
2.72
3.59
0.82
0.47
0
2.56
0.55
0.06
0
0.2
0
0
2.62
5.45
6.07
7.3
5.84
5.63
1.77
0.04
0.05
1.15
0
0
0
0
0
0
0
0.16
0
0.02
2.03
0.4
0
0
0
0.02
1.55
0
0
0
0
0
0.01
0
0
0
0
0.48
0
0
0.21
0
0
0
0
0
3.65
0.29
0
0.01
0
0.55
0.06
0
0.03
0
0
0
0
0.01
0
0.05
0
0
0
0
0
0.8
0.23
0
0
0
0.16
0
0.02
0
0
0
1.76
0
0.04
0
0.6
8.81
4.08
2.97
3.86
4.19
1.5
0.46
0
0.84
0
0
0
0.5
0.17
0.07
0
0.08
0
0.06
0.01
0.01
0
0
0.02
0
0
0
0
0
0
0.01
0
0
0.09
0.02
0
0
0
0
0.01
0
2.78
0.4
15.47
4.88
0.11
0.01
0.91
0.32
0
0
1.1
0.81
1.89
0
0
0.02
0
0
0.22
0.97
0
0.54
0
0
0.01
0
0.05
0
0.01
0.76
0.34
1.54
7.97
7.8
5.03
16.14
9.89
7.56
10.41
5.4
1.49
4.81
8.39
12.66
4.39
4.4
2.32
3.43
0.82
1.79
1.7
4.02
3.39
3.66
3.25
7.16
2.99
1.52
8.88
5.53
3.17
1.79
10.32
19.97
8.47
1.37
1.52
4.14
2.3
0
0
3.7
4.88
1.25
0.54
0.36
0
0
3.25
1.9
6.14
0.92
0.13
0
0
0.4
1.52
1.17
2.59
0
0
0.77
1.3
0.01
0
0
0
0
0
0
0
0.55
1.35
0.46
2.92
5.98
4.63
1.49
2.83
0.78
0
0
0
0
0.02
0
0
0
0
0
0
0.41
0
0
0
0
0
0
0
0
0
0
0
0
0
0
0
0
0.04
0
0
0.01
0.46
0.3
2.32
0
0.01
1.22
0.55
0.11
0.02
0
0
0.47
0.01
0
0
0
0
4.99
1.41
0
0
0.85
0
0
0
0
3.7
2.6
0.05
4.86
9.61
4.91
2.72
3.97
0.19
0
0
0
0.07
0
0
0
0
0
0.2
2.02
0.39
0.36
1.95
1.18
4.01
3.85
0.17
0
0.94
0.12
0.48
0
0
0
0
0.86
0
0
0
0
0.03
5.61
0
0
0
0.46
0.36
0.61
1.98
2.42
0.49
0
0
0.02
0
0.5
0.43
0
0
0
0
0.01
0.02
0
0
0
0.48
0.01
0
0.01
0.11
0.83
0.41
5.17
2.07
0
0.52
0.01
0.01
0
0
0
0.62
0
0.01
0.72
0.16
1.06
0
0.03
0
0
0
0
0
0
0
0
0.02
0.01
0
0
0
0.02
0.01
0.9
0.01
0
0
0
0
2.24
0.18
0.33
0.19
0.26
0
0
5.4
1.09
1.04
0
0
4.51
6.5
0
0
0.02
0.12
0
0
4.35
0
0.34
0.06
0
0
0
1.54
0.03
2.3
16.97
0.39
1.27
0
0.98
0.02
0.02
0
0
0.01
0
0
0.03
1.21
1.23
0
0
0
2.18
42.14
6.91
0
0
0
0
0
0.04
13.1
1.52
0
1.37
0
0
0.02
0.04
1.6
4.73
2.08
0
0.92
3.29
0
0.79
4.42
0
0
0
0
2.58
0
0
1.04
0
0
0
1.26
3.14
2.33
2.56
9.71
0.01
1.16
11.1
22.18
17.04
5.05
0.35
0.77
1.91
4.29
0.03
3.55
3.98
0.1
0.64
0.01
1.17
1.47
0.35
10.65
17.61
2.82
0.59
0
0.73
1.45
2.61
0.02
0
0.01
0.67
1.46
0.31
5.02
0.87
3.53
9.6
1.98
0.66
0.47
0
0
0.05
0.04
0
0.01
0
0
0
1.01
12.16
2.2
1.58
0
0
0
0
0
0.04
0
0.37
0
0
0
0
0
0
2.82
0.1
0.79
0
0.51
0.07
0.21
0
0
0
0
0
0.48
5.07
0.93
0.07
0.95
0.38
0.78
0
0
0.04
0.51
0.73
0.02
0
0
0
0
0
0
0
0.06
0
0
1.32
0
0.3
3.67
5.97
0.66
0
2.18
1.45
3.61
1.26
1.4
2.05
0
0.74
0.66
1.05
0.35
7.5
1.34
7.69
1.23
0
0
0
0
0.8
0
1.2
1.55
15.68
3.3
1.81
2.55
0
6.13
6.43
5.02
3.18
3.29
2.12
2
3.35
0.77
1.51
1.18
2.19
3.23
0.17
0.46
0
0.91
0
0
0
0.71
4.53
0.57
0
0
0.25
0
0
1.96
3.24
4.97
0.89
0.01
0
0
0
0
0
6.59
5.93
7.95
19.12
5.4
1.17
0
0.93
0.56
0.01
0
0
2.35
1.4
0.48
0
0.09
0
0
1.38
0
0
0.14
1.23
0
0.31
1.1
0.09
0
0
0
0
0
0
0
0
0
0
0
0
0
0
0
0
0
0
0
0.8
4.48
5.89
3.39
0.66
0
0
0
0
0
0
0
0
0
0
0
1.14
10.86
0
0
0
0.02
0
0.01
0
0
0
0
0
0
0
0
0
3.13
0.52
0.2
0.1
0
0
0
0.88
0
0
0
0
0.03
0
0
0
0
0
0
1.72
0.03
0
0.01
0
0
0
0.01
0.22
0
0
0
0
0
0
0
0
0
0
0
0
0
0
0
0
0
0
0.16
0
0.32
0
0
0
0
0.02
0.19
0.02
0.29
2.22
1.86
0.08
0
0
0
0.94
10.63
16.42
14.77
0
0.43
0.03
0.02
0
0.25
0
0
0.01
0
0.01
0.06
0
0.15
1.67
18.52
3.1
0
0.14
0
2
0
11.07
5.99
0.7
0.11
0
0
0.01
0.01
0.02
0
0
16.96
19.67
17.33
3.69
3.46
0.95
2.38
0
0
0.02
0
0
0
0
0
1.13
10.61
5.57
2.68
1
0.04
0
0
0
0
1.23
2.1
0
0
0
0
0
0
0
0
1.81
2.52
7.26
0
0
0
2.39
0
0.09
0
0
4.93
1.58
0
0.81
0.83
12.27
4.46
3.63
5.92
0.36
0
0
0
0
0
0
0.01
0
0
0
5.79
1.94
0.64
0.02
0
0
0
0
0
0
0
0
0
0
0
0
0
0
0.01
0
0
0.01
0
0.01
0.54
4.25
2.8
0
0
0
0.01
0.01
0
0
0
0
0.01
0
0
0.05
0
0
0.01
0
0
0
0
0
0
0
0
0
0
0
0
0
0
0.01
0.01
0
3.27
0
0.01
0.01
0
0.09
12.64
2.07
0.19
0
0
0
2.65
1.59
0.18
0
0
0.26
3.61
0.29
0
0
0
0
0
0
0
0
0
0
0
0
0
0
0
0.03
0
0
0
0
1.61
0
0
2.14
0.34
0.11
0.07
15.57
2.78
9.5
19.34
8.59
4.62
0.2
3.87
2.02
0.27
0
0
0
0
0
0.01
0.01
0
0
0
0
0
0
0
0
0
0
0
0
0
0
0
20.29
2.89
2.27
0
0
4.45
0.46
0.01
0
0
0
0
0
0
0
0
0
3.86
5.18
4.84
2.22
0.63
3.21
0.76
0
0
0.18
12.5
21.22
26.2
3.98
6.59
1.34
0.41
1.25
0
0
0
1.34
2.21
0.37
0.23
1.46
9.58
2.51
10.66
2.24
0.07
0.07
0
0
5.64
12.36
1.08
0.52
0
0
0
0.02
0.01
0
0
0
0
0
0
0
0
0.01
0
0.32
0
0
0
0
0.22
0.44
0.03
0
0
0.34
0
0
1.14
0
1.73
1.52
0.59
0
9.45
3.42
0.04
2.03
4.58
0
0
1.55
0.79
2.28
0
0.04
0
0
0
0
0
0.17
0
0
0.06
6.25
1.23
0
0
0.29
0
0.83
0.14
0
0
0
0
0
0
0
0
0
0
0
0
0.08
0
0
0
0
0
0
0
0.03
0.02
0
0
0.02
0
0
0
0
12
15.16
7.07
0
0
0.01
0
0.02
0
0
0.43
0
0
4.79
6.48
8.29
6.6
6.63
0.06
1.98
6.74
20.29
5.04
15.49
14.91
0.92
0.32
0.18
0.02
0.02
2.37
1.57
3.45
3.16
4.93
9.48
3.51
0
0.09
0
0
0
0
0
0
0
0.02
0
0
0
0
4.54
0
0
0
0
0
0
0
0
0
0
0
0
0
0
0
0.5
1.55
1.82
11.57
0.21
8.95
1.5
1.31
0
0
0
0
0
0.41
7.6
3.51
0.42
0.47
0
0.08
0.09
0.02
2.07
2.89
0
0.44
0
0
0.05
0
0
0
0
0.12
0
0
0
0
0
0
0
0.02
0.17
0.04
0
0
0
0
0
0
0
0
0
0
0
0
0
0
0.2
0
0.17
0.16
0
0
0.26
0.97
0
0.33
0
0
0.83
4.22
1.9
0
0.23
0
0
0
0
0
0
0
0
0
0
0
0.05
1.1
0.22
0.19
1.67
2.16
1.38
0
0
0
0
0
0
0.64
0.83
0.4
2.89
5.91
0.84
0
0
0
0
0.23
0.06
0
4.04
1.88
0.03
0
0
0
0
0
0
0
0.01
0
0
0
0
0
0
0
0.03
3.3
1.06
0.29
0.42
0.22
0.25
0
0
0
0
0.71
0
5.04
14.26
8.63
4.16
6.37
0.64
3.86
0.37
5.23
1.87
1.25
0.73
0.19
0.93
0.51
0.14
7.23
7.53
2.35
6.25
8.51
4.26
0.16
2.77
9.95
4.2
0.81
0
0
0.02
10.99
8.06
9.91
7.18
2.22
1.32
0.52
0
0
0
0
0
1.14
5.41
3.41
8.77
4.58
12.2
1.54
0
0
0.18
0.55
0.38
0
0
0
0
0.26
0.08
0.18
0.7
0.55
0.73
0
0
0.01
0
0
3.6
0.45
0.18
0
0
0
0
0
0.24
0
0.02
0
0
0
0
0
0
0.01
0
0
0
0
0
0
0
0
0
0
0.01
0
0
0
0
0.05
0.49
0.63
0.32
0
0
0
0.57
0
0.02
0
0.01
0
0
0
0
0
0
0
0.01
1.66
1.42
0
0
0
0.38
0
0
0
0
0.07
0.06
0
0.01
0.98
3.17
2.9
2.49
0
0
0
0
0
2
0
0
0
0
0.1
24.89
6.91
1.98
4.02
0
0.02
0.03
0.02
10.29
0
5.23
0.16
0.01
7.95
13.69
4.32
4.13
3.84
23.56
10.57
12.09
7.52
4.22
1.11
4.29
4.11
5.26
0
0.53
1.14
0
0.8
1.15
1.48
2.58
9.86
11.81
0.75
0.73
2.13
8.22
2.17
5.64
7.13
1.63
5.33
2.28
0.95
0
0
0.04
0
0
0
0
0
1.06
0.3
0
0
0
0
0
0.45
0
0
1.52
1.35
5.41
0.29
7.41
0
0.13
0.21
0
0.21
0
0.01
0
0
0
0
0.01
0
0.11
0.05
0.02
0.01
0.26
0.15
0.02
0
0
0.32
0
0.42
0.04
1.78
0.02
0
0.49
1.17
0
0.7
4.09
0.55
5.44
11.13
3.13
6.3
12.84
1.98
0.47
0.19
0
0.81
1.27
0.07
0
0.25
0
0
0
0.28
0.12
0
0.84
1.01
0
0
0
0
0
0
3.8
8.95
2.7
1.37
1.63
1.09
0
0
0
0.02
0
0
0
0.65
0.59
0.49
0.39
2.99
0.41
0
2
0.55
0.13
0
2.13
4.64
3.85
0.86
0.8
0
0
0.02
0.01
0
0
0
0
0.01
0
0
0
0
0.47
0.78
0.63
0
0
0
0
0
0
0
0
0
0.31
0.5
0.94
0
0.09
0
0
0.57
1.71
1.14
0
3.24
0
0
0
0
0
0
4.88
5.37
0.11
2.03
4.8
0.95
0.07
0.37
3.8
3.56
0
0
0
0.15
0
0
0
0
0.63
1.41
0
0
5.34
1.5
0.15
0
0.65
0.68
1.59
0.55
8.39
5.64
1.84
1.03
5.24
0.49
0
0.19
1.98
0
0
0
0
0
0
0
0
0.07
0.12
0
0
0
0
0
1.87
0
0.01
0
0
0
0
0
0
0
0
0
0
0
0
0
0
0
0
0
0
0
0
0
0
0
0
0
0
0
0
0
0
0
0
0
0.01
0
0.11
0
0
0
0
0
0
0
0
0.02
0
0
0.03
0.51
0.17
0
0
0.01
0
0
0
0
0
0
0
0
0
0
0.21
0.02
0.05
0
0
0
0
0
0
0
0
0
0
0
0
0
0
0.01
0
0
0
0
0.03
0
0
0.03
0
0
0
0
0.22
0.59
0.2
0.01
0
0
0
0
0.6
0.61
1.31
3.36
0.93
0.28
0
0
3.35
2.95
1.97
1.42
2.16
0
2.93
4.66
0.03
1.73
1.82
5.86
6.33
2.95
0.1
0
15.69
5.65
2.58
2.03
4.55
4.45
3.64
0.02
6
0.02
0.76
1.76
1.95
10.58
1.45
0
0
0.76
0.26
0.35
18.18
11.27
5.64
11.86
2.7
8.21
1.83
1.93
1.06
6.67
1.64
0.05
0
0
0.04
0
0
0
0
0
0
0
0
0
0
0.53
0.35
0
0.82
0.52
0.2
0
0.76
1.62
4.07
0
0.18
0
0
0.05
0.33
0
0.03
0.02
0.03
0.73
0.39
0.16
0.43
0
0.06
0.29
0
0
0.11
0.16
0.45
0
7.18
2.73
1.16
0.12
0.21
0.53
0
0
0
0
0
0
0
0
0
0
0
7.66
3.57
0.93
1.42
0.3
0
0.74
1.09
0.08
0.04
0.05
0.14
1.07
0
0
0
0
0
0
0.01
0
0
0.98
1.84
0
0.66
24.47
3.99
0.55
0
0
4.4
0.04
0.02
0
0
0
0
0
1.08
0
0
0.3
0.01
0.04
0.54
0.1
2.26
0
0.02
0
0
0.37
0.02
0
0
0
0
0
0
0
0
0
0.01
0
0.04
0
0
0
0.03
0.01
0
0
0
0
0
0
0
0
0
0
0
0
0
0
0
0
0
0
0
0
0.01
0.03
0.33
4.11
6.45
4.46
4.11
2.16
0.37
3.96
1.96
0.01
0
0.04
6.49
3.13
0.25
0
0.04
3.62
13.78
4.16
7.14
8.5
0.79
0.13
0.87
0.04
0.12
0.04
0.01
0
0
0
0
0
0
0
0
0
0
0.02
0.01
0
0
0
0
0
1.2
0.8
5.53
3.73
13.53
0.85
0
0.02
0.06
0
0
0
0.02
0
0
0.93
0
0
0
48.14
5.48
1.66
2.67
4.47
0
0
0.08
0.26
0
0
0
0
0
0
0.09
0.83
0.09
0
0
0
0
0.02
0.01
0
0
0
0
0
0.02
0
0
0
0
0
0
0
0
0
0
0
0
0
0
0
0.13
33.25
3.07
0.68
0
0.02
0
0
0
0.01
0
0.09
0.73
6.49
2.56
4.14
0
0
0
0
0
0
0
0.01
0
0
0
1.11
0.12
0
0
0.01
0
0
0
0
0
0
0
0.07
0
3.81
0.22
0.21
0
0.01
0
0
0
0
0
0
0
0
0
0
0
1.25
0
0
0
0
0.01
0.02
0.1
0.04
0
2.73
0.13
0
0
0.02
0.54
0
0.01
0.01
0.32
2.27
0
0
0
0.13
0
0
0
0.06
0
0
0
0
0
0
0
1.11
13.18
28.73
11.09
0
2.39
7.95
12.85
4.46
2.93
0.5
0
0.16
0
0.4
0.27
6.73
1.64
2.32
0.49
0
3.14
0.03
0.04
0
10.58
0.72
2.73
5.58
3.71
0.17
0.86
0.05
0.05
0
0
12.52
1.5
0.52
0
0.45
0
0.5
11.37
3.05
3.96
12.91
4.53
6.85
3.7
7.58
12.14
15.28
4.09
0.44
0.52
8.57
7.24
10.44
1.68
12.45
6.2
0.89
10.22
0.98
0.65
0.03
0
0
0.04
0.06
2.06
0.99
5.71
6
18.46
7.38
0.65
2.01
2.91
6.57
3.03
0
5.61
12.16
0.76
0
0.53
8.56
0
0
0
0
0
0
0
2.91
1.07
0
0
0
0
1.29
0.11
0.16
0
0
0
0.26
8.67
0.96
0
0
0.02
0
0
0
0
0
0
0
0.03
0
0
0.08
5.3
2.08
0.49
0
0
0.23
4.36
0.31
0
0.01
0.08
0.02
0
4.82
0.22
0
2.26
9.39
7.73
7.06
0.33
0.01
0.16
0.14
3.76
2.86
0
0
0
0
0
0
0
0
0
0.06
0
0
0
0
7.65
0.65
0
0
0
0.04
0.71
2.11
1.14
1.22
2.3
0.3
0
1.25
22.59
7.78
1.16
3.45
22.3
15.21
2.21
0
0
0.76
1.33
8.88
9.25
6.88
1.06
0
0
0
0
0
0
0
0
0
0
3.73
2.07
0
0
0.13
0.1
0
0.14
0
0.65
0
0.05
0.3
0
0
2.31
0.7
4.65
0.06
1.72
0.82
0.01
0.05
0
0
0
0
0
0
0
0
0
0
0
0
0
0.17
0
0.05
0
0
0
0
0.04
0.47
0
0
0
0
0
0.01
0
0
0.37
0.57
1.05
7.76
0.09
0.01
0
0
0
0
0.3
0.01
1.32
0
0.05
2.84
0.03
0
0
0
0.66
23.32
4.26
4.41
3.52
0.01
0
0
0.1
0
0.02
0
0
0
0
0
0.73
2.63
0
0
0.01
0
0.15
0.54
0
0.01
0
2.71
0
0.53
3.6
0.3
0.11
0.01
0
0.01
1.09
0.79
1.2
11.7
3.93
0
0
0.01
0
0
0
0
0
0.02
0
0
0
0
0.01
0
0
0
0
0
0
0
14.79
0.63
1.5
0
0.58
0
0
0.09
0
0
0
0
0
0
0
0
0
0
0
0
0
0.68
2.71
0.23
0
0
0
0
18.58
34.86
12.98
10.15
2.77
0
7.76
0.36
2.87
3.73
0.81
0
1.79
2.41
0.02
0.34
0
0
0
0
0.03
0.01
0
0
16.1
12.72
2.18
1.89
0
0.41
0.8
12.62
20.54
17.94
5.99
0
0
4.23
11.43
11.13
16.55
13.14
6.73
9.25
6.37
1.85
0
0
2.72
14.09
0.84
15.78
1.06
10.12
2.55
2.11
13.11
4.65
15.57
21.57
0
0
0
0
0
0
2.58
10.61
1.65
13.98
21.91
15.95
5.4
4.94
0.89
0.07
0.37
0.34
0
0
0
0
0
0
3.66
0.44
0.55
0.01
0
0
0
0
0
0
0.06
0.23
0.27
0
0
0
0
0
0
0
2.33
0.2
0.21
0
0
0
0
0
0.01
0.02
0
0
0
0
0
0
0
0
0
0
0
0
0
0
0
0
0
0
0
0
0
0
0
0
0
0
0
0
0
0.03
0.21
0
0
0.06
1.25
0.11
0
0
0
0
0
0
0
1.68
6.48
11.52
13.65
4.32
0.72
0.18
0
0
0
0
0
0.04
0.01
0
0
0
0.14
0
2.23
1.95
2.37
0.28
0.04
0
0
1.54
3.82
3.36
4.55
17.14
2.3
0.25
0.14
0
0
0
5.25
3.68
4.04
0
0
0
2.58
11.23
3.63
4.16
1.36
6.57
15.61
5.1
0
0
0
0
0
0
0
0
0
0
0
0.58
0
0
0
0
0
0
0
0
0
0.01
0.88
0.6
0.13
17.48
11.44
0
0
0
0
0.02
0.49
2.01
2.85
0
0
0.04
0.63
0.45
0.27
0.05
0
0
0
1.71
2.26
13.26
0.82
0
0
0.96
0
0.03
0
0
0
0
1.53
1.02
0
0.04
0.3
5.17
0
11.28
1.5
0
0.2
0.04
0.03
0
0.52
0.51
0.01
0
0.17
0.59
0
0
9.95
1.3
2.91
0.12
0
0.02
0
0
0.01
0
0
0
0
0
0.51
0.04
0
0
0
0.04
0.23
4.54
1.45
0
0.52
0.22
1.01
0.02
0
2.75
2.48
0.06
2.73
0
1.02
0
0.11
0
0
0
0.04
0.27
0.96
0
0.03
0
0
0
0
0
0
0
0
0
0
0.13
1.66
2.31
3.66
2.86
0
0.49
1.23
5.9
5.61
0.05
0
0
0
10.2
9.87
5.38
31.33
12.82
2.13
7.17
2.79
8.04
11.64
2.24
9.12
1.3
0.02
0
1.21
10.5
4.26
2.63
18.98
6.06
0
2.71
6.04
1.16
0.03
1.98
0.11
0.08
0.24
0.69
0.18
15.98
0
0
0
1.54
0
0.48
3.98
1.37
0
0
7
14.92
31.96
5
3.3
0.25
3.08
6.82
0.17
0
1.78
0.52
0.12
0.99
1.85
2.59
9.74
0.07
0.31
0.02
0.82
0.11
0.14
0.01
0
0
0
0.06
2.93
2.71
0.09
0
0
0
0
0
0
0
0
0.2
0
0.58
2.57
0.08
1
3.85
0.27
1.54
1.33
13.74
2.74
4.6
0.14
0
0
0.41
0.98
0.04
0
0.01
0
0
0
0
0
0
0
0.17
3.35
0.93
0
0
0
0
0
0
0
0
0
0
0
0
0
0
0
0
0
0
0.18
0
0
0
0
0
0
0
0
0.21
0.55
0.79
0.23
0
0
0.14
6.7
2.04
4.16
0
0.96
2.7
1.19
4.07
2.11
0.26
0.2
4.43
3.73
3.16
0.56
0
14.46
2.21
5.88
0.23
0.02
0
0
0.55
3.33
0.36
0
0.05
3.45
0.58
7.04
8.05
3.6
0.93
1.95
2.2
1.28
0.59
0.61
0
0.01
0
8.66
8.9
2.99
10.36
10.47
2.77
2.48
0.5
0.99
9.42
4.7
0.33
4.73
1.98
4.64
0.89
6.23
21.77
1.64
14.71
0.59
2.77
0.57
0.79
1.51
0
2.84
0
0
0
0
0
0
0
0
0
0
0
0
0
0
0
0
0
0
0
0
0
0
0
0
0.54
1.85
1.96
0
0
0
0
0
0
0
0
0
0
0.15
0
0
0
0
0.03
0
0
0
0
0
0
0
0
0
0
0
0
0
3.3
3.25
0
0
0
0
0
0
0
0
0.01
0.72
0
0.11
4.34
2.88
0
2.46
2.39
0.1
0
0
0
0
0.26
0
5.45
0
0
0
0
0
0.06
0.01
0
0
0
0
0
0
0.18
0.16
0.01
0
0
0
0.02
0
0
0.41
0.31
3.61
9.33
0.27
6.23
8.04
5.57
0.95
5.12
2.1
1.24
0.07
0.15
1.46
6.93
12.46
2.66
0.11
1.01
1.14
0.09
0.02
0
0
0
0
0
0
0
0
0
0
0
0.01
0.07
0.18
0.1
0
0
0
0
0
0.23
0.88
14.42
8.79
0.15
0
0
0
0.06
0.46
0.06
0
0
0.01
0
0
0
0
0
0
0
0.01
0
0.07
0.31
0
0
0
0
0
0
0
0.83
0
0
0
0.04
0
0.01
0.46
0.9
0.08
0
0
0
0
0.01
0
0
0
0
0
0
0
0
0
0
0.11
7.15
14.32
1.87
0
0.02
0
0
0
0
0.07
1.11
1.46
0.37
0
0.01
0
0
0.03
5.94
4.02
0
0
0.29
0.68
1.91
0.07
0.01
0
0
0
0
0
0
0
0
0
0
0
0
0.02
0
1.57
7.38
0
0.02
0
0
0.01
0
0
0
0
0
0
0
0
0
12.76
5.35
0.84
0.43
0
0
0.46
2.63
0.03
0
0
0
0
0
0.45
19.07
6.91
0.12
1.66
2.96
0
0
0
0
0
0
0
0
7.28
7
3.4
2.36
0.1
0
0
0
0.8
0
0
0.42
0
0
0
0
0
0
0.02
0.02
0.01
2.06
1.45
7.55
1.88
0
0
0.28
0.61
0
0.07
0
1.46
5.2
12.92
10.04
6.3
0.96
8.02
2.54
2.78
0.81
1.47
4.07
5.21
0.53
0
0
0
0
0
0.07
0
2.62
6.76
8.2
4.35
0.23
0
0
0
0.02
0
0
0.01
0
0
0
1.06
12.78
2.47
0
0
0
0
0.16
2.98
2.73
0.67
0.05
0.39
19.82
1.88
0
0.56
0
0.36
0.03
0
0
0.42
0
0
0.01
0.08
0.02
0
0
0.06
0.02
0
0
0
0
0
0
0
0
0
0.22
1.17
1.42
0
0
0.11
0
0
0.05
0
0
0
0
0.02
0.06
18.13
5.87
0.72
0
0
1.37
0
0
0.01
0
0
0
2.72
0
0
0
0
0
0
0
0
0
0
0.13
2.63
0.01
0
0
0.02
0.86
0.85
0
0
0
0
0.03
4
2.15
0
0
8.13
5.87
1.9
3.68
0.17
0
0
0.01
0.06
5.25
10.81
0
0.08
0
11.02
26.31
4.53
0.16
0
0
1.84
6.09
0.34
0
0
0
0.08
0
0
0
0
1.61
4.62
5.31
0
0
0
3.48
11.36
3.39
0.32
0
0.11
13.51
6.07
19.23
14.21
12.2
16.98
18.14
7.63
1.41
8
3.75
3.44
0.52
0.48
0
0.07
0.03
0
0
0
0
0
0.05
0
0.07
17.4
10.89
1.86
3.94
1.82
0.16
0.04
0
0
0.95
1.04
0.21
0
0
0
0
0
0
0.05
0
0
0
0.02
0.45
0
0.47
0.01
0
5.11
0
0.16
0.13
0.23
6.07
2.47
0.59
0
0
0.75
0.02
0
0
0
0.21
0
0.02
2
2.92
5.33
1.72
0
0
0
0.01
0
0
0
0
0.1
1.79
0.33
0
0
2.09
2.94
1.25
0
0.91
0
0
0
0
0
0
0
0.02
0
0
0
0
0
0.41
0.96
0
0
0
0
0
0
0
0.01
0
0
0
0
0
0
0
0
0
0
0
0
0
0
0
0
0
0
0
0
0
0
0
0
0
0
0
0
0
0
0
0
0
0
0
0
0.01
0.02
0
5.66
2.75
5.94
4.65
1.2
1.38
0.07
0.18
0
0
6.11
2.19
2.75
5.72
5.59
3.34
0.61
0
1.41
6.49
5.08
6.2
1.63
0
2.82
11.72
20.56
14.84
0.02
8.97
4.98
0.34
0
9.02
0.82
0.01
0.56
3.32
12.02
1.8
0.15
0.29
0.44
0.3
0.14
4.24
3.34
8.89
13.07
3.21
1.78
3.06
0.68
0
0
0
0
1.71
4.37
0.13
0
1.3
2.38
2.96
1.37
0.58
0.06
3.79
0.01
0
0
0
0
0.15
0.17
4.11
12.13
1.61
0
0.01
0
0
0
0.02
0
0
0
0
0
0
0
0
0
0
0
0
0
0
0.96
3.38
0
0
0
0
0
0
0
0
0.05
0
0
0.04
0.09
0.06
0.02
0
0
0
0.04
1.55
0.18
0
0
0.02
0
0
0
0.07
0
0
0
0
0
0
0
0.01
0.01
0
0
0
0
0
0
0.01
0.47
0.01
0
0
0.01
0
0
0
0
0
0
0.01
0
0.04
0
0.02
0
0
0.88
0.41
0
0.01
0
0.01
0
0
0
0
0
0.04
0.39
0
0.02
0.26
0
0
0
0.02
1.04
5.63
0
0
0
0.05
0
0.03
1.31
0.63
2.51
2.05
0
0.44
0
0
0
0
0
0
0
0
0.34
15.41
1.32
0.22
0.39
0.91
0
0
0
0
6.44
6.08
1.03
1.7
0.98
0
1.23
0
0
0
9.16
1.22
1.36
19.43
0.87
1.72
16.69
2.36
0.65
0.07
0
0
0
10.24
2.2
0.21
0
0.07
0
0
0
0
12
22.26
3.71
2.82
0
1.01
0
1.39
11.66
1.41
13.32
3.33
0
0
8.02
18.33
4.09
1.41
0.05
0
0
0.04
0.13
5.5
0
0
0.76
0
0.01
0
2.19
7.63
11.12
8.66
9.36
13.21
5.07
7.16
11.42
4.84
0
6.77
0.6
4.17
3.36
10.32
3.04
0.41
0.77
4.9
3.05
8.03
0.09
1.16
1.07
1.8
5.19
1.7
11.14
0.94
0
0
0.57
5.45
6.11
4.42
21.7
5.2
2.93
0.94
0
0
0
0.02
0
0.76
1.66
1.02
4.14
9.74
1.57
0
0
0
0
0
0.15
0
0
0
0.02
0
0
0
0.22
1.86
2.16
1.03
0.59
0
22.64
22.62
8.66
14.45
2.77
0
12.51
4.93
0
1.05
0.59
1.35
0
0
0
4.43
0.62
0
0
0
0
0
0.13
0.65
0.88
6.02
1.56
0.98
1.09
0.95
0
0
0
0
0
0
0
0
0
0
0
0
0
0
0
0.04
2.15
16.54
6.22
0.23
0
0
0
0.01
0.06
0.01
0.03
0.92
0.06
1.95
0.05
2.52
3.89
1.57
3.44
0.36
0
0
0.42
5.13
1.76
0.01
0
0
0.84
1.46
0
0.51
17.53
10.51
10.8
7.24
3.82
0.38
0.67
0
0
0
0
0
0.01
0.01
0
0.01
0
0.02
0
0
0
0.01
7.58
3.78
0.05
0.02
0
0
0
0
0
0
0
0
0
0
0
0
0
0
0.01
0
0
0
0
1.45
1.42
0
0.05
0.52
0
1.63
0.96
0
0
0.91
0
0
1.14
0
0
0
0
0.02
0
0
0
0.01
0
0
0
0.2
0.05
0
0
0
0
0
0
0
0
0
0
0.01
0
0
0
9.54
0.93
1.88
3.3
0
0
0
0
0
0
0
0
0
0.01
0
0.01
0
0
0
0
0.02
4.06
2.14
0
0.96
0
0
0
0
0
0
0
0
0
0
0
0
1.91
5.7
20.02
8.59
8.63
1.63
0.12
0.59
0.14
12.11
0.8
0
0
0
0
0
0
9.49
1.13
6.11
0.2
0
0.12
10.34
1.83
0
0
1.82
7.37
16.29
22.37
5.29
0.45
2.42
0.09
0
0
0
0.02
0
0
0
0
0
0.07
0
0
0.11
0
0
0
0
0
0
0
0.45
0.41
1.06
0.03
0
0
0
0
0
0
0
0
0
0
0
0
0
0
0
0
0
0
0
0
0
0
0
0.02
0
0
0
0
0
0
0
0
0
0
0.2
1.83
4.25
0.18
0
0.03
0
0
0
2.62
4.3
2.48
7.45
8
0
0
0
0
0
0.59
0
0.03
0.51
2.03
0.13
0.84
0.21
0.53
0
0
0
2.38
0.97
11.33
1.24
0
0
0
0.01
0
0
0
0.02
0.03
0.22
0
7.36
0
0.75
0
0.01
0
0
0
0.01
0
0
0
0
0
0
0
0
0
0
0
0
0
0.15
4.43
3.41
0.37
14.72
5.19
2.26
0.09
0.05
0.01
0
0
0
1.27
8.52
8.84
16.31
9.52
1.94
0.27
0
0.02
0.02
0.02
0
0
0
0.01
0
0.39
0
0
0.13
0.16
3.23
1.44
0
8.98
8.89
5.75
0.46
0
10.75
9.53
4.28
0
0
0
0
0
0.14
0.01
0
0
0
0
0
0
0
0
0
0
0
0.22
2.02
0.23
7.14
7.28
6.8
14.78
21.43
2.14
1.79
2.85
0
0
0
0
0.02
0
0.01
0
0
0.05
0.79
0
0
0
0
0
0
0
0.01
0
0.08
0.11
2.9
5.73
7.44
5.37
3.95
0.43
0
0
0
0
0
0
0
0
0.02
0
0.01
0
0
0
0
0
0
0
0
0
0
6.43
0.83
0
0
0
0.01
0
0
0.13
0
0.05
0
0.03
0
0
0
0
0
0
0
0.01
0
0.11
2.07
0.02
0
0
0
0
0
0.57
0.05
0.02
0
0
0.01
0
0
0.01
0.05
0.23
4.66
0.69
0.06
0.37
1.31
3.09
0
0.22
3.63
0.06
0.01
1.95
0.21
4.57
9.29
0
10.36
1.7
0
0
0.2
0
5.05
2.89
0
0
0
0
0
0.49
0.07
0
0
0
0
0.2
1.03
4.66
8.12
3.29
0
6.05
2.89
5.47
1.14
0
0
0
0
0
0.01
0
3.33
0.84
0
0.01
0
0
0.85
12.82
15.44
12.16
1.89
0
0
0
0.04
3.95
0.15
0.01
0
9.93
8.08
1.32
0
0
0
0.01
0
0.02
2.26
0.79
0
0
0.06
0.02
0.01
0
0.06
0
0
0
0
0
0.29
10.37
6.15
3.72
8.32
3.39
3.06
10.34
5.39
5.54
7.91
2.84
5.02
0.66
0
3.15
1.57
3.14
0.02
2.23
0.34
0
0.2
0.26
0.64
0
0
8.18
9.8
4.68
0.84
4.48
1.19
0.06
3.42
4.1
5.45
4.48
0.79
0
0.02
0
1.73
1.3
4.91
7.46
0
0
2.79
1.82
1.82
6.26
2.36
2.24
12.63
2.3
10.57
3.13
6.18
0
0.04
0
0
0
0
0
0.04
5.11
3.73
7.67
2.07
9.02
0.37
0
0
0
0
0
0.49
0.51
1.26
0.12
0
0
0
0.03
0
0
0
0
0
0
0
0
0
0
0
0
5.98
11.37
3.48
0.01
2.15
0
5.59
22.89
13.52
3.45
0.23
0
0
0
0.22
1.54
0.44
0
0.01
0
0
0
0
0
0.21
0
0
0
0
0
0
0.01
0
0.65
0.36
0.21
4.78
17
3.97
12.48
22.55
4.2
0
0.01
0
0
0
0
0
0
0
0.85
0.93
2.07
9
9.13
1.61
0.52
0
0.59
9.44
1.55
0.12
0.66
0.12
0
0.28
1.29
0.01
0
0
0.57
0
0
0
2.42
0.48
10.88
4.26
6.92
0.69
0
0.17
0.02
0
0.12
1.08
19.97
0.88
0.01
0.01
0
0
0
0
0
0
0
0
0
0
0
8.09
10.89
3.03
0.35
5.63
2.39
0
1.35
0
0
0.02
0.01
0
0
0
3.61
0
0.91
0
0
0
0
0.01
4.54
0.09
0
0
0
0
0.05
0.01
0
0
0
0
0
0.02
0.01
0
0
0
0.09
0.76
0
0
0.04
0
0
0
0
0
0.01
0
0
0
0
0
0
0
0
0
0
0
0
0
0
0.08
0
0.01
0
0.14
0.03
0
0
0.01
0.04
0.34
0
0
0.34
0
0
1.69
2.96
4.22
0.04
0.03
0
0.05
0
0
0
0.05
0
0.11
1.34
13.19
2.16
7.54
0
0.03
0
0
0
0
0
0
0
0
0.01
0
0.01
0.05
0
0.33
0
0
0.01
0.7
0.34
3.07
2.36
16.13
7.61
5.51
1.11
0
0
0
0
0
0.04
0.03
1.16
3.91
15.07
8.12
1.38
13.75
7
25.88
12.62
2.02
3.31
0
0
0
14.03
7.23
3.56
9.72
0.41
12.47
14.06
0.84
0
0
0
0.23
0
0
8.8
1.18
0.53
0
0
0
0
9.99
5.21
0.71
0
0
0
0.03
4.11
4.79
0
0
6.08
1.25
0
1.3
4.82
2.93
0.52
0.32
0
0.01
4.74
1.88
1.02
2.24
0.25
0
0
0
0
0.04
0
0.82
1.52
0
0
0
0
0.02
0.01
0
0
2.78
0.27
1.08
0.56
0
0
0.06
0
0
0
0
0
0
0.02
0
0.01
0.2
0.05
0.3
0.18
0
0.11
0
0
0.18
0
0.2
0
0
0.14
3.87
2.88
0.24
0.15
2.55
5.55
0.56
0.01
0.02
0
0.09
0.15
0.09
0.03
0
0
0
0
0.01
0
0
0
0
0
0.28
4.07
4.69
5.61
4.45
16.31
13.95
2.42
0.62
0.51
0.47
0
0
0
0
0
0.18
0
0
1.76
0.63
0.1
8.54
3.55
0
0
0.01
0.01
0.95
0
0
0
0
0.38
0.24
0.02
2.87
7.4
5.2
4.83
9.15
2.65
12.2
1.92
0
0
0.02
0.03
0
0
0
0
0
0
0
0
19.95
13.06
2.16
1.77
0
0.1
1.95
2.3
0.02
0
0
0.02
2.31
21.89
5.98
3.68
10.69
23.06
2.19
4.17
10.79
2.13
0.09
0
2.93
4.65
1.83
0.52
0
0.04
0
0
0.89
0.05
0
0
0
6.52
4.35
3.2
4.04
3.54
1.23
0.59
0
0
0
0
0
0
0
0
9.14
2.39
0
1.3
0.03
1.05
7.71
0.17
0
0
0
0.01
0
0.46
0.08
0
0
0
0
0.02
0.02
0.09
0.07
0
0.01
0
0
0
0
0.13
13.33
0.7
0
0
0
0
0
0
0
0.45
3.62
1.05
0.03
0
0
0.01
0.01
0
0
0.01
0
0.08
9.04
0.02
0
0
2.32
0.94
0.14
2.8
0
0
0
1.62
2.98
0.28
0.04
0
0
0
0
0
1.15
0.61
0.29
0
0
0
0.02
0
0
0
0
0
0
0
0
0.13
10.62
13.34
3.27
5.4
3.27
0
0
0
0
0
0
0
0
0
0.05
0
0
0.03
0
0
0
0
0
0
0
0
0
0
0
0
0
0
0
0.06
0.16
0.12
0
0.02
0
0.69
0.12
0
0
0
0
0.67
5.02
4.76
3.7
4.89
1.52
0
0.23
16.59
4
24.25
8.68
4.23
3
2.49
2.09
1.25
1.86
13.55
4.98
0
0.01
0.1
0
0
0
0
0
0
0.02
0
0.08
0
0
0
0.07
0
0
0
0
0
0.05
1.76
2.98
0
10.67
2.8
5.48
0.53
1.02
0
0
0.08
0.34
0.13
0
0.04
0
0.2
0.87
0.48
0
0.06
0
0
0
0
0
0
0
0
0.32
0.01
0
0
0
0
0
0
0
0
0.04
0
0.01
0
0
0
0
0
0
0
0
0
0
0
0
0
0
0
0.53
2.39
0
0.02
0
0
0
0
0
0
0
0.02
0.63
4.16
0.09
0.72
0.02
0.02
0
0
0.02
0
0.01
0.01
0.01
0
0
0.27
1.84
7.75
3.43
2.55
0
0
0
0
0
0.15
0
0
0
0
0
0
0
0
0
0
0
0.42
1.16
0.12
0
0
0
0
1.47
0.51
6.15
1.04
0.26
5.61
0.64
1.79
0
0
0
0.43
9.31
6.29
2.49
0.09
0.11
0.05
0.06
0
0
0
0
0
0
0.16
0
0
0
0
0.23
0
0
0.03
0.84
0
0
0
0
0
0
0
0
0
0.01
0.02
0
0
0
0.56
0
0.6
1.81
10.99
1.68
0
3.83
0.87
0.04
0
0
0
0
0
0
0
0
0
0.16
1.14
1.98
5.76
1.49
0.24
0
0
0.01
0
0
0
0
0.52
0
0.17
0
0.01
0
0.03
0.03
0
0
4.21
2.03
2.7
4.98
3.43
0
0.27
10.08
1.41
0
0
0
0
0.07
0.12
0
0
1.8
0
0
0
0
0
0
0
0
0
0
0
0
0
0
0.04
0
0
0.03
0
0
0
0
0
0
0
0.02
0
0
0
0
0
0
0
0.64
0.02
0
0
0
0
0.85
0.26
0
0
0
0
0
0
0
0
0
0
0
0
0
0.02
0.07
0.05
0
0.02
0.91
4.05
7.09
3.43
0.95
0
0
0
0
0
0
1.33
0.1
0.04
0
0
0
0
0.16
0
0
0
0
0
0
0
0
0
0
0
0
0
0.01
0
0.02
0.55
2.22
3.33
2.93
0.41
0.14
0
8.24
6.02
0.42
2.72
2.06
11.39
0.83
1.75
0
0
0.5
20.08
1.36
5.46
2.86
0
0
0.26
0.43
0
0
0
2.11
0.82
0
0.5
13.49
13.09
22.95
7.15
0.35
0
0
0
0
0
0
0.04
0
2.25
0
0.1
0
0
0
14.03
14.86
0.84
0.65
0.15
0.12
0
0
0
0
0
0
0
0
0
0
0
0.01
0.01
0
0
0
0
0
0
12.13
3.89
0
1.4
0
0.42
0
0.08
0
0.23
0.88
3.13
3.31
1.79
7.91
0
0
0.06
0.01
1.58
1.89
4.84
0.19
0.91
0.26
0
0.03
0
0
0
0
0.15
0
0.08
0
0
0
0
0
0.1
0
0
0
0
0
0
0
0
0
0
0
0.31
0
0.3
4.04
2.95
2.57
3.35
1.84
5.66
3.15
14.94
5.48
0.42
0.88
0
0
1.66
11.32
0.4
0.27
0
0.06
0.2
0
0.01
0.02
0
0
0.01
0
2.57
6.43
4.77
3.53
1.45
3.44
5.85
0
0.03
0
0.07
0
0.11
0
0
0
0
0
0.72
3.7
5.42
2.94
0
0
0
0
0
0
10.74
3.61
0.95
2.6
0.57
0.6
0.1
7.16
2.8
1.91
0
0
0
0
0
0
0
0
0.34
2.51
4.63
2.88
0.32
0.24
0
0
0
0.31
1.32
0.22
0.24
0
0
0
0
0
0
0
0
0
0
0
0.01
0
0
0.84
0
0
0.01
0
0.01
0
0
0
0
1.66
5.85
6.68
0
0.11
0
0.08
18.62
3.71
0
0.68
2.88
0.95
0.6
0.21
3.17
4.1
0.29
0
1.2
1.25
0
0
0
0
0
0
0
0
0
0.02
0
0
0
0.02
1.56
3.99
2
1.21
0.54
5.33
2.31
1.07
0.13
0
0.05
0
0
0
0.02
0
0
0
0
0
0
0
0
0
0
0
0
0
0
0
0
0
0
0
0
3.58
0
0.07
0
0
0
0
0.05
0
0
0
0
0
0
0
0
0
0
0
1.5
1.13
4.19
1.1
1.8
0.3
0
5.68
11.89
10.8
0.57
0
0
0
0
0
32.22
7.91
0
1.82
0.01
0
0
0
0
0
0
1.64
0.26
0.47
0
0.02
0
0.02
0
0.02
1.83
0
0
0
0
0.82
13.91
11.44
12.91
21.66
3.91
5.64
8.62
1.5
3.01
0.29
0
0
0
0
0
0
12.84
13.58
1.65
0.38
1.06
3.48
0.21
0.02
0
0
0
0
0.05
7.14
14.39
0
0
0
0
0.07
0
1.91
2.61
4.89
0.48
0.16
0.38
0.04
0
0
0
1.04
1.73
15.59
3.16
12.52
1.03
0
0
0
0
0
0
0
0
0
0
0
0
0
0
0
0.03
0
0
0
0
0.01
0
0
0.03
0.11
0.01
0
0
0
0
0
0
0.03
0.1
0
0.02
0
0.45
0
0
0
0.25
0
0
3.89
0.52
2.32
3.45
5.39
0
0
0.96
0.81
0
0
4.45
3.91
3.12
0.7
0
3.67
13.73
7.08
5.36
2.63
0.43
0.07
1.77
0.03
4.8
0.11
0.38
0
5.78
1.98
0.21
1.83
1.13
4.8
0.84
0.02
0
0
0
0
0
0
5.91
4.19
0.23
0
0
0
0
0
0.02
0.01
0.34
0
0
0.14
0.5
0.06
0
0
0.15
0.1
4.07
10.42
4.29
0.25
2.05
5.54
7.46
2.33
2.78
1.01
1.11
5.47
8.2
3.42
1.93
1.29
4.32
10.96
2.48
1.44
0
2.09
0.96
0.08
0
0.08
0
0.17
0
0
3.38
14.79
8.73
7.64
2.33
5.95
1.05
6.43
6.77
0.38
0.89
0
0
0
0
0
0
0.23
1.2
0.04
0.02
0
0
0
17
18.72
2.85
2.34
4.29
2.13
2.84
1.47
0
0.06
0
0
0
0
0
0
0
0.22
0.02
0
0.01
0
0.12
0
0.06
0
5.88
5.98
14.66
4.3
0.19
0.01
0
0
0
0.03
0.05
0.01
0
0
0
0
0
0
0
0
0
0
0
0.35
0
0
0
0
0
0
0
0
0
0
0
0
0
0
0
0
0
0
0
0
0
0
0
0
0
0
0
0
2.42
1.83
0
0
0
0
0
3.4
0.01
0
0
0
0
0
0
0
0
0
0.63
0.35
0
0.08
0
0
0.02
0
0
0
0
0.04
0
0
0
0
0
0
0
0
1.97
0.87
6.16
2.41
0
0
0.05
0
0
3.7
0.28
1.93
0.95
0
0.23
0
2.17
0.59
0.46
1
3.7
1.19
9.13
3.19
0.04
0
0.02
0.01
0
0
0.02
0
0
0
0.89
0
0.02
0
0
0
0
6.6
0
0
0
0
0
0.02
0
0
0
0.03
0
0
0
0
0
0
0
0
0
0
0
0
0
0
0.01
0
11.39
14.33
0
2.85
0.01
0.21
0
0
0
0
0
0
0.64
0.05
0
0
0
0
0
0
0.16
0.18
0.01
0
0
0.02
0
0
1.63
0.92
0.55
0
0.3
1.34
0
0
0
0
0
0
0
0
0
1.71
8.11
3.83
0.28
0.33
0.7
1.33
0
0
0.46
9.53
0.99
2.43
1.14
3.47
0.72
0
0
0
0.25
0
0
0
0
0
0
0
0
0
0
0.02
2
0.88
9.48
0.23
0
0
0
0
0
0
0
0
0
0.32
0
0
1.09
1.9
17.13
4.02
0.54
0
0.09
4.4
1.28
0.09
3.23
2.62
0.04
0.03
0
0
0
0
0
0
0
0
0.21
0.2
0
0
0
0
0
1.02
0.14
0.02
0.52
1.22
7.26
0
0.84
0
1.56
0
0
0
2.94
0.37
0
0
0
0.02
0
0
15.03
14.22
4.73
10.63
7.74
0
0.85
0.09
0
10.48
17.56
9.05
17.38
6.78
2.13
0
0.54
0.04
0
0
0
0
0
0
0
0.01
0
0
0.3
0.11
0.98
6.68
11.75
11.88
1.34
6.3
9.25
2.57
5.2
2.66
4.6
3.13
2.25
0
4.1
0.8
9.88
4.09
4.62
0.78
1.16
2.99
0.86
1.31
13.3
6.7
5.08
1.95
0.36
3.86
0.03
0.32
6.49
14.16
9.6
0.91
0
0
0.34
0.78
4.1
0.07
0
0
0
0
0
12.27
1.99
0.52
0.03
0
0
0.09
0.44
0
0
0
0
0
0.02
0
0
0
0
0
2.25
0.3
0.56
0
0.12
0
0
0
0.01
0.01
0
0
0
0
0
0
0
0
0
0
0
0
0
0
0
0
0
0
0
0
0
0
0
0.01
0
0
0
0
0
0
0
0.45
0.3
0
0
4.11
0.62
0.23
0
0
0
0
0
0
0
1.14
1.68
0.34
0.2
0
16.72
1.26
0.03
0
0
0
0
0
0.01
0
0
1.28
4.18
4.01
0.68
1.74
1.83
0.6
0.03
0
0
0
0
0
0.02
0
0
1.63
0
0
0
11
4.07
0
0.11
0
0
0
6.11
0
1.44
10.42
9.45
4.2
3.7
0.01
0.01
7.68
12.74
2.6
5.55
21.91
9.54
4.67
0.41
0
0.14
0
2.56
1.3
0
0
0
0
0
0
0
0
0
0.13
0.01
0
0
0
0.01
2.55
0
0
0.3
8.04
3.38
0.66
3.32
1.6
2.12
1.53
1.51
4.25
19.56
5.39
1.29
0.37
0.08
1.6
9.47
0.98
1.38
0.39
0.27
0.01
0
0.19
0
0
0
0
0.01
0
0
0.04
0
0.01
0.02
1.2
2.26
6.92
1.48
0
0.31
0.19
2.32
2.75
0.48
0.74
0.03
1.77
0
0
0.11
0.03
2.44
5.46
1.73
4.04
12.46
2.03
0.5
2.83
1.1
0
1.24
1.48
1.34
3.75
4.83
8.2
3.98
6.39
8.45
4.57
0.98
0
2.27
0
0
0
0
0
0
0
0
0
0
0
0
0
0
0
0
0
0.13
1.17
2.7
1.62
1.45
8.52
2.46
1.96
0
0.3
0.2
0.01
0.01
0
0
0
0
0
0
0
0
0
0
0
0
0.04
0
0
0
12.21
0.74
1.23
0.5
0
0.01
0
0.29
0.04
5.52
1.12
0
1.57
14.37
5.11
1.01
0
4.9
4.26
4.5
1.97
10.34
2.91
2.07
2.12
0
0
0
0
0.59
0
0
0
1.23
0.08
0
0
0.23
0
0.01
0
0
7.14
1.07
0
0
0
0.02
0
0
0
0.59
0
1.11
0
0
0
2.02
0
0
0
0.22
0.07
1.59
0
0.01
0
0.01
0
0
4.24
1.04
0.83
0
0
0
0
1.39
1
0.64
0.86
0
0.05
1.7
0
0
0
0
0
0.13
0.02
0
0
0
0.02
0.01
0
0
0
0
0.01
0
0
0.11
0.02
0
0
0
0
0
0
0
0
0
0
0.2
0
0
0
0
0
0
0
0
0
0
0
0
0
0
0.03
0.75
0
2.46
0
2.43
0.79
1.13
0.05
1.38
0.01
0
0
0
0
0
0
0
0
0
0
0
0
0.1
0
0
0
0
0
0
0
3.32
0.35
4.87
0.67
0
0.02
0
0.44
0.43
0.46
0
0
15.27
1.99
0.46
0.02
0
0
0
0.02
0
0
0
1.04
0.7
1.14
1.72
0
0.63
0.74
0
1.02
1.35
0.7
0
0
0
0
0
0
0
0
0
0
0.23
10.18
12.63
2.36
0
0.04
0
0
0.01
0
0
0
0
0.08
0
0
0
0.12
0
0.5
0.31
0.04
0
0
0
0
0.36
0.09
0
0
0.01
0
0
0.77
0.09
0.02
0.01
0.27
2.15
0.12
3.46
6.79
1.62
1.17
9.66
3.62
0
0.38
0.79
2.04
0.41
0.34
0.01
0
1.76
3.97
2.59
0
6.01
2.61
0.06
0.02
3.41
13.13
20.98
24.23
11.13
16.83
9.94
4.46
12.54
19.98
13.33
6.46
3.34
0
6.13
7.92
2.52
1.39
7.79
0.16
0.06
3.26
1.01
11.49
13.58
2.86
0.51
2.27
1.77
0.53
2.23
0.16
0.2
0.38
0
0
1.29
0.34
0
0
0
0
1.03
0.1
0.01
0.6
6.05
2.76
0
0.05
12.55
2.33
0
0
0
0
0
8.05
10.99
3.61
1.57
0.41
0.3
9.55
8.11
7.22
2.35
6.9
4.99
0.88
2.86
0.37
3.1
4.38
0.01
16.35
4.59
7.78
0.64
0
0.03
0
0
0
0
0
0
0
0.03
0.5
0
5.7
0.84
1.23
19.89
8.64
0
0
1.22
4.58
0.79
1.1
0.02
0.15
3.43
0.05
0
0.55
3.29
0.2
0
0
0.08
2.94
6.54
6.63
8.41
5.23
10.63
4.89
2.34
0.02
2.06
2.61
1.33
0
1.21
0
0
0
0.05
2.38
2.24
0.95
2.98
0
1.52
0.44
5.56
7.79
6.18
9.89
3.62
9.64
1.05
1.45
0.53
0.02
0.01
0.04
0
0
0
0
3.71
0.18
0
0
0
0.06
0
0
0
0
0.18
0.11
0
0
0
0
3.86
19.85
9.48
8.43
9.39
3.81
4.04
2.37
0.3
1.98
3
0.05
0.04
0
0
0.04
0.74
10.87
5.66
2.35
1.26
2.69
0.03
0
9.48
8.68
0.13
0
0
0
0
0
0.01
0.5
0
0
0
0
0
0
0
0.01
0
0
0
0
0
0
0
0.01
0
0
0
0
0
0.03
0.01
0
0.01
0
0
6.04
2.13
1.56
0
0.01
0
0
0
0
0
0
2.04
0.11
0
0
0
0
0
0
0
0
0
0
0
20.32
2.76
0.36
0
0.04
0.01
0.41
0
0
0
0
0.57
0
0.01
0
7.45
10.55
1.15
0
2.93
0.42
0
1.66
0
0
0
0
0
0
0
0
0
3.13
0.3
0.09
0
0.52
2.89
23.91
11.27
1.5
1.54
0
0
0
0
0
0
0
0
0
0
0
0
0
0
0
0.16
1.34
10.58
4.85
0.85
0.07
0
0
0
0
1.23
14.58
1.85
0.31
0.16
1.37
0
6.59
1.1
1.27
2.23
0
2.05
2.93
4.17
0.09
0
0
0
0
0
0.07
2.8
4.52
2.68
2.88
0
0
3.51
8.06
5.2
4.8
0
0
0
0.07
0.9
0.95
0
0.34
0.45
0.98
1.38
5.57
15.91
8.79
2.13
0
0
0
0.01
0.01
0.69
3.09
2.74
0.05
0
0
0.99
1.91
0.27
0
9.12
4.78
3.38
0.91
0
0
0
0
0
0
0
6.39
1.87
0
0
0
0
0
0.05
2.83
9.29
4.3
2.64
0.01
0
0
0
0
0
0
0
0
0
0
0
0.15
1.94
3.52
7.83
9.13
4.45
0.82
8.18
2.56
0.05
0.09
0
0
0
0
0
0.08
0
0
3.24
3.31
0.05
0.87
0
0.26
0.69
0.01
6.84
1.45
0.9
5.45
7.29
12.45
4.81
0
0.22
0
1.03
0.05
1.55
0.48
2.4
4.98
4.13
0
0
0
0
0
0
6.95
1.21
0
0
0
0
0.04
0.01
0.05
0
0.02
0
0
0
0
0
0.78
0
18.54
5.81
0.41
0.46
0
0
0
0.54
6.09
2.41
2.16
2.74
2.7
0.63
6.16
1.42
16.44
2.27
0.05
0
0
1.13
1.05
7.41
2.47
0.01
0
1.4
0.53
0
0.2
1.25
0.66
0.08
0
2.58
1.7
1.64
20.29
9.84
0.26
0
0
0
4.41
4.23
11.04
15.38
0.58
0.29
0.08
0
0
0.02
0
0
0
0
0
0
0.07
0.3
0
0
0
0.05
0
0.3
0.02
0
0.3
0.1
0.73
0.22
0.09
0
0
0
0
0
0
0
0.95
0
0
0.01
0
0.01
0
0
0
0
0
0
0
0
0
0
0.01
0.18
0.11
0.02
0.12
0.09
0
0
0.01
0
0
0
0.01
0
0.02
10.5
1.11
0
0
0
0.97
0.05
0
0
0.01
0
0
0
0
0
0
0
0
0
0
0.08
0.1
0.18
0
0
0
0
0
0
0
0
0
0
0
0
0
0
0
0
0
0
0.01
0
0
0
0
0
0
0
0
0
0
0
0
0
0
0
0
0
0
0
0
0
0
0
0
0
0
0
0
0
0
3.86
11.55
0.69
8.13
17.39
3.04
0
0
0.07
0
8.79
17.11
18.18
12.41
3.66
1.42
0.02
0.11
0
0.12
0
0.26
4.43
1.53
0
0.87
0.04
0
0.66
0
3.44
0
0
0
0
0
0
0
0.04
1.63
3.56
0
0.1
0
0.88
0.02
0
0
0.5
0
0.14
0.59
0.04
0.07
1.5
0.39
0
0
0.05
0
0
0
0
0
0
0
0
0
0
0.17
0.44
0.66
0
0
0.03
0
0
0.07
0.01
0
0
0
0
0.92
3.33
1.93
0.08
0
0
0.01
0
0
0
0
0.01
0
0.19
0
0
0
0
0
0
0
0
0.75
0.04
0
0
0
0
0
0
0
0.38
0.05
0
0
0
0
0
0
0
0
0.01
0
0
0
0
0
0
2.92
0
0
0
0
0
0
0
0
0
0
0
0
0
0.06
0
0
0.09
1.5
1.41
0
0
0.07
0
0
0
0
0
0
0
0
5.54
7.14
8.44
10.32
3.43
0.23
0
0.21
0.72
1.62
7.11
2.21
3.54
0.66
0
0.2
0.89
1.89
0.86
0.15
0
0.01
0
0
0.16
6.1
8.77
13.28
7.14
2.68
0
2.49
5.25
0.71
0.03
0
0
0
0.04
0
0.53
0.62
0.59
0
0
0.01
0.02
5.95
2.93
0.16
0.01
0
0
0
0.01
0
0
0.02
0
0
0
1.74
0.3
0
0
0
0
0.58
0
0
0
0
0
0
0
0.02
0
6.13
6.13
0.32
0
0
0
0
0
0
0
0
0
0
0
0
0
0
0
0
0
0
0.01
0.01
0.01
0.01
0
0
0
0
0
0
0.01
0
0.01
0
0
0
1.37
1.14
0
0.1
0.01
0
0
0
0
0
0
0
0
0.06
0
0
0
0
0
0
0
0
0
0
0
0
0
0
0
0
0
0
0.02
0
0
0.02
0.04
0
0
0
0
0
0
0.45
0.39
0.17
0
0.02
0
0
0
0
0
0
0
0
0.27
0
0
0
6.3
0.29
1.79
5.01
3.25
24.2
0
0.07
0.02
0
0.02
0
0
0
0
0
0
0.08
6.76
2.32
0
4.75
0.16
0
1.51
5.41
17.29
14.34
13.64
0.31
0.07
7.26
7.84
6.55
1.89
0.09
0
12.14
0.24
0.34
4.64
19.7
10.59
0
0
0.53
22.54
6.01
7.65
1.14
0
0.22
0
0
0
3.01
0
0
0
0.56
0
0
0.02
0.51
7.07
0.29
0
0
0.01
0
0
0
0
0
0.02
0.1
0
0.01
0
0
0
0.69
7.55
0.25
2.03
0.28
0
0.08
0.16
0.14
0
0
0
6.58
0
0
0.02
0.59
0.09
1.36
0.6
0
0
0
0
0
0.1
0.04
0
0.11
0.39
4.16
2.88
0
0.04
6.31
2.98
7.27
9.07
3.34
0
10.81
6.75
0
0.23
0.09
4.58
0.02
0
0
0
3.66
1.08
0.02
0
0.74
0.02
0
0
0.11
6.12
0
0
0
0
0
0.32
1.71
0.31
1.2
0.08
7.99
9.16
1.12
0.01
0
0
0
0.28
0.2
0
0.17
4.52
4.1
3.71
11.08
16.77
5.25
2.49
3.71
2.43
0.96
0
0
4.26
9.62
0.34
8.64
0.16
0
2.77
3.38
4.82
12.01
21.46
5.1
3.29
12.03
0.3
10.73
0
0.13
4.58
8.34
1.85
0
3.84
0.84
0.04
0
0
0
0
0
0
0
0
0
0
0
0
0
0
0
0.2
7.97
5.17
10.41
1.5
3.7
0.64
0
0.56
0
0
0
0.06
0
0.15
0
0.16
0.15
0.27
1.18
4.92
3.2
7.77
6.29
3.51
0.75
0
0
0.01
0
0
3.84
2.45
0.54
7.86
0.38
0
0
0
0.02
0.01
0.98
0.14
0.71
0.2
0.54
0
0
0
0.09
0.01
0
0
0.49
0.71
0.65
0.09
0.52
0.02
0
0.01
0
0
0
0
0
0
0
0.02
0
0
0.01
0
0
0
1.77
1.73
2.58
0
0
0
0
0
0
0
0.13
0.94
7.38
0
0.02
0
0
0
0
0
0
0
0
0
0
0.02
0
0
0.02
0.88
0
0
0
0.26
1.16
0.42
0
0.71
1.41
0
0
0
0
0
0
0
0
0.02
0
3.88
16.34
1.01
0
0
0
0
0
0.03
6.95
0.68
1.9
0
0
0.06
0
0
0
0
0
0
0
0
0
0
0
0
0
0
0
0
1.11
12.12
0.88
1.89
0.34
2.98
3.14
4.21
0.21
0
0
0
0
0.01
0.02
0
0
0
0
0
0
0.01
5.62
0
0
18.18
0
0.54
1.89
0
0.04
0
0
0
0
0
0
0.96
0.82
0.01
0.01
0.02
1.4
0.02
0
0
0
0
0.02
0
1.56
11.52
4.52
1.07
0
0.24
0.02
0
0
0
0
0.49
0.54
0
0.11
0.02
0
0
0
0
0.01
0.03
0
0
0.02
0.01
0
2.46
0
0.01
0
0.02
6.4
12.74
0
0
0
0.3
21.88
7.32
0
5.75
0
0
0.07
0.48
5.57
14.22
13.23
9.07
1.79
0.04
0
0
0
0.02
0
4.15
3.93
2.81
4.7
0.96
3.08
5.21
1.77
1.55
5.1
4.73
0
0
0
0
0
4.87
5.79
3.48
1.84
0
0.24
1.34
11.34
0.91
5.38
5.09
4.86
14.73
1.05
12.21
3.4
2.08
0.16
1.43
0.34
1.09
0.01
0
1.68
0.31
0
0
1.65
0
0.53
0.63
0.12
11.45
2.97
0
0.04
0.14
0
0
0
0
0
0
0
0.16
0
0
0
0
0
0.33
3.28
1.41
2.35
0.11
0.4
3.56
1.35
0
0
0
0.32
0
0.65
7.65
4.75
1.85
0.03
0
0.01
0
0.03
0
0
3.65
0
0
1.34
0.02
0
0
1.75
2.6
10.26
0
0.02
6.12
0.84
0.33
0.18
0
0
0
0
0
0
0
0
0
0
0
0.28
0
0
0
0
0
0
0
0
0.02
3.05
1.5
5.64
0
2.02
7.03
1.02
0.02
1.02
2.21
0.03
0
0.6
0
0
0
0
0
0.78
0.01
0.04
0
0.55
6.59
0.22
0.18
0
0.01
0
0.03
0
0
0
0.02
0.34
3.36
16.69
0.02
3.17
0
0
0
0
0
15.54
23.2
0.02
0
2.64
0.06
0
0
0
0
0
0
0
0
0
0
0
0.02
0
0.02
0
0
0
0
0
0
0
0
0
0
0
0
0
0
0
0
0
0.02
0
0
0
0
0
0
0.01
0
0
0
0
0
0
0
0
0
0
0
0
0
0
2.58
0.02
0
0
0
0
0
0
0
0.05
0
0
0
0
0
1.18
0.04
0.15
1.73
1.16
0.77
0
17.01
6.14
1.47
7.31
0
0
1.22
10.14
0.25
0.41
0.64
0
0
0
0
0
0
9.12
14.8
17.38
8.16
8.46
5.77
1.49
1.07
0
0
0
0
0
0.02
0.04
0.03
0
0
0
0
0.02
0
0
0
0
1.2
13.66
8.3
1.82
0.28
1.8
8.55
0
7.27
13.66
0
9.45
6.9
2.23
0.04
0.01
0
0
0
0
0
0
0
9.48
3.46
3.49
25.24
10.12
0
0.86
0.22
0.45
0.01
0
1.58
0.1
0
0
0
0
0
10.27
7.95
0.57
0.55
0.09
0.01
0.01
0
0
0
0
0
0
0.09
0.96
2.44
0.07
0
0
0
0
0
0
0
0
0
0
0
0
0
0
0
0.14
10.22
0.14
0
1.7
0.96
0
0.98
1.31
0.19
0
0
0.01
0
0.49
1.37
14.1
1.72
0
8.23
7.19
0.94
3.88
0.09
0.01
0
0
0
4.48
1.94
0
1.9
0.2
0
0
0
0.43
2.21
1.64
0
1.06
0
0
0
0
0
0
0.04
0.1
0
0
0
0
0
0
0
0
0
0.01
0.02
0
0
2.49
11.04
1.04
2.56
4.58
5.96
11.76
0
0
0
0
0
0
0.02
0
0
0
0
0
0.09
0.13
0
0.6
3.46
0.18
2.49
0.47
0.2
0
1.55
2.85
0.18
0
0
0
0
0
0
0.02
3.34
18.9
0.65
0.13
0
0
0
0
0.01
0.01
0
0
0
0
0
0
0
0
0
0
0
0
0
0
0
0
0
0
0
0
0
0
0
0.02
0
0.19
0.01
0
0.01
1.38
1.88
0
0
0.05
0
1.52
7.5
16.27
0.86
0.39
0.53
2.24
0.39
0
0
0
0.01
0.1
2.23
0.45
1.2
0.01
0
0
0
0
0
0.08
0
0
0.16
0
0
0
0
0
0
0
0
0
0
0
0.02
0.09
0.59
0
0.04
0.05
0.91
0.65
0
0
0
0
0
0
0.07
4.37
0.08
0.01
5.47
0
0
0.36
0.73
1.43
0.17
0
0
0
0.04
0.02
0
0.21
0
0.04
0
0
13.49
0.3
0
0.22
0
0
0.15
0
0
5.84
7.67
2.41
0.2
0
0.79
0.31
0
3.19
0
0.01
0
0
0.04
0
0
0
10.41
0
0
0
0
0
0
0
0
0
0
0.2
1.75
2.77
0.64
0
0.16
0.15
2.45
2.66
2.2
0.02
0
0
0.3
0.65
2.98
1.64
0
0.05
0
5.3
3.97
0.38
0.79
0.06
0
0
0.7
0
1.54
2.16
0.52
0
0
0.02
6.76
19.18
2.83
0.08
0
0
0
0
0
0
0.01
0
0
0
0
0
0
0
0
0.33
2.68
0.08
0
0.31
0.14
0
0.32
0
0
0
0
0
0
0
0
0
0
0
0
0
0
0
0.36
0
0
0
0
0
0
0
0
0
0
0
0
0
0
1.19
0.38
0.88
1.04
7.5
0.04
13.2
19.26
0.57
2.25
0.76
4.7
3.87
13.85
1.27
0
0.4
5.21
0.04
0
0
0.1
0.03
0
0.25
0
0
0
0.01
0.02
0.02
1.32
0.35
0.13
0
0
0
0
0
0
10.88
1.49
0.07
2.05
5.41
2.73
26.2
12.84
7.34
0.13
0
1.27
1.67
0.2
0
0.06
0.01
0
3.13
0.41
15.47
5.46
0.41
0.16
0
0
0
3.18
1.2
2.1
5.26
0.34
2.6
0
0
0
0.09
0.09
0
0
0
13.26
11.33
2.92
9.71
0
0
0
0
1.2
0
0
0.01
0.61
0.43
0.01
0
3.29
33.68
0
0.39
0.09
0.04
0.09
7.5
5.18
11.17
1.15
0
0.19
6.83
0
0
6.73
7.09
1.01
1.13
4.8
0.13
0
0
0
0
3.5
0.25
0
0
0
0
1.17
8.11
13.51
15.97
7.3
8.81
3.98
3.35
5.64
0
0
0
0
0
0
0
0.52
1.99
1.21
0
0.01
0
0
0.17
1.36
0.3
0
0
0
1.38
0.66
0
0
0
0
0.8
0
0.02
0
0
0.13
2.26
1.32
0
0.04
0
0
0
0
0
0.01
0
0.64
0
0
14.42
0.08
0.02
0
0
0
0.4
4.2
0.68
0
0
0
0
0
0
0
0
0
0
0
0
0.16
0
0
0.02
0
0
0
0
0
0
0.01
0
0
0
0
0
0
0
0.01
0.02
1.34
0.08
0
0
0
0
0.39
0.05
0
0
0
0.02
0
0
0
0
0
0.19
0.02
0
0.07
0
0.21
0
0
0
0
0
0
0
0.02
0
0
0
0.22
12.19
10.11
0.01
0
0
0
0
0
0
0.01
0
0.02
0.13
0
0
0
0
0
0
0
0
0
0
0
0
0
0.02
0
1.54
9.66
4.11
0
0
0
3.14
0.7
4.93
8.42
5.33
9.45
11.25
6.37
0
0.03
0
0
0
0
0
0
0
1.93
9.52
19.71
1.53
0
1.84
0.02
0
0
0.05
0
0
0
0
0
0
0.8
24.92
4.2
9.11
8.82
1.41
2.8
5.88
1.18
0
0.02
0
0
0.06
2.17
2.45
0
0.17
0.06
0.01
0
0
0.07
0.23
0
0
0.04
0.49
0
0
0.05
0
0.12
0.09
0.02
0
0.02
0.02
0
0
0
0
0
0.01
0.02
0
0
0
0
0
0.02
0.41
0.17
0
0.01
0
0
0
0
0.02
0
0
0
0.03
0
0
0.01
0.01
1.71
8.33
0.35
2.15
1.88
0.06
3.9
5.71
10.25
7.14
2.17
0
0.57
0.17
0
0.3
0.58
2.15
1.38
0.09
0
0
0.01
0.01
0
0
0
0
1.23
0.19
0.03
0
0.03
0
1.42
0.02
11.38
0.38
0
0.04
1.42
0
0
0
0
1.78
0.86
0.01
0
0
0
0
0.01
0.04
0
5.39
2.18
1.02
6.05
3.69
2.48
0.04
0.03
0
0.22
0
0
0
0
0
0
0
0
0
0
0
0
0
0
0
0
0
0
0.16
0.34
0
0
0.19
1.74
3.09
0
0.98
0.63
2.54
3.99
0.45
0
0.06
1.13
2.72
0.09
0.38
0
0
9.61
7.97
2.11
0
0
0
0
1.63
12.88
0.48
0
0.01
0
0
0.01
0
0
0
0.1
1.48
1.22
0.24
2.93
8.63
0.71
19.13
0
0
2.01
0.01
0
0
0
0
0
0.01
7.33
2.3
0.63
0
12.62
0
0
0
0
0.02
6.71
0
1.89
5.7
0
0
0
0
0
0
1.44
3.88
13.18
0.05
0.07
0
0
0
0
0
0.01
0
0
0
0
0.01
0
0
0.02
0
0
0
0
0
0.01
0
0
0.08
0.25
0
0
0
0
0
0
0
0
0
0
0
0
0
0
0
0
0
0
0
0.03
0
0
0
1.13
2.09
8.94
6.99
0
0
0.06
0
0
0
0.05
0.04
0.02
0.17
0.11
0
0
0
0.01
0.01
0
2.2
0
0
0
0
0.38
8.35
0
0
0
0
0
0
0.01
0
0
0
0.55
0
0
0
0
0
0
0
0
0
0
0.01
0.23
0.45
4
14.93
0
0.02
0.76
0
0
0
0
0
0
0
0
0
0
0
0
0
3.45
0.06
0
0
0.02
0
0
0
0
0
0
0
0
0.01
0.02
0
0
0
0
0.04
0.01
0
0
0
4.79
0.09
0
0.18
0
0
0
0
0
0
0.96
0.02
12.89
4.3
0.06
0.05
1.68
4.04
0
0.02
0.01
0
0
0
0.01
0.01
0
2.17
8.99
0.45
0
3.23
0.1
0.6
0.2
0
0.04
0.05
4.45
16.57
4.17
2.32
1.61
2.01
0.2
0
4.15
0.38
0
0
0.02
0
0
0
0
0.05
0
0.02
13.23
5.96
0
0.03
0.01
0
0
0.94
0.25
4.26
6.61
4.8
1.14
1.88
0.89
2.18
0.05
1.85
0.59
0.23
0
0.02
0
0
0
0.45
0
0.02
0
0
0
0
0
19.62
13.7
14.99
11.38
8.25
7.23
2.72
2.82
1.12
2.37
10.36
15.45
4.54
1.72
1.18
21.77
1.91
4.05
14.25
0.2
9.48
0
0
0.02
10.26
0.19
0.84
0.11
0.08
0
1.48
4.16
0.31
0.07
1.13
0.67
2.21
0
10.55
7.62
7.98
11.75
19.29
12.75
8.68
2
0
6.97
0.62
0
0.71
0
0
0
0.09
0.09
0
0.12
0
0.11
1.8
5.31
0.3
0.02
0
0
0
1.88
1.77
1.52
2.38
0
0
0.03
0
0
0
0
0.13
2.47
2.02
6.7
5.7
5.79
4.34
0
0
0.97
0.03
5.95
4
16.49
6.39
0.5
5.96
19.73
1.57
0
6.3
2.68
0.31
4.54
8.2
0.71
0
0.29
0
0
0
0
0
0
0
0
0
0
0
0
0.13
0.99
3.3
2.54
1
6.02
0
0
0
0.01
0
0.01
0
0
0.02
0
0.16
0
0.02
0
0.09
0.14
0
0.02
0
0.22
0.38
0.27
0
0
0
0.02
0
0
0
0
0
0
0
0
0
0
0.13
0
0.59
0.01
0
0.06
10.72
0
0.01
3.55
3.94
0.12
0.2
0.02
0
0.45
3.13
4.5
0.16
0.85
0
0
1.2
0.07
1.52
0.02
0
3.57
0
0.11
0.08
0.14
9.59
0
0
1.73
14.27
1.41
0.16
0.05
2.71
0.11
7.81
0
0
0
0
0
0
0
0.16
0
0
0
0
0
0
0.02
0
0
0.01
0
0
0
0
0.41
0.38
0
1.12
3.2
0.07
0
0.59
18.46
7.02
0.43
1.13
0.1
0
0
0.08
3.26
6.05
0
2.39
9.8
16.15
0.15
0.27
0
5.21
12.04
0.57
0.66
5.39
0.18
2.46
1.77
0
0.08
0.03
1.65
0.43
0.32
1.99
5.02
9.65
4.6
2.19
3.06
0.63
9.06
5.11
0
0.01
3.76
0.26
0
0
0
0
0
0
0
0.03
0
0.01
0
6.38
12
0.09
1.87
2.95
0.32
1.77
0.05
0
0
0
0
0
0
0
0
0
0
0
0
0
0
0
0
0
0
0
0
0
0
0
0
0
0
0
0
0
0
11.62
0.36
0
0.12
0.06
0
0
0
0.02
0.14
1.77
6.59
7.44
5.97
0
0
0
0
0
0
0
0
0
0
0.01
0
0
0
0
0
0
0
0
0
0
0.01
0
0
0
0
0
0.01
0
0
0
0.81
9.28
0
2.09
0
0
0
0
0
0
0
0
0
0
0
0
0
0.03
0.01
0
0
0
0
0
0
0
7.59
5.78
4.6
0
2.36
11.38
6.92
2.11
5.62
2.81
2.83
0
0
0
0
0
0
8.36
21.31
14.38
3.77
1.81
1.09
6.28
19.69
2.11
0.57
0.08
0
0.01
0.46
0
0.39
0.12
0
0
0
0.04
0
0.45
0.61
0
0
0
0
0
0
0.45
0.03
0
0
0.02
0
0
0.02
0
0
0.01
0
0
0
0
0.17
0
0.04
0
0.37
0.34
0.59
0
0
0.02
0.02
0.05
0.02
0
0
0
0
0
0
0.03
0
0
0
0
0.05
0
0.12
0
0
0
4.55
2.66
0.05
0
0
0
0
1.72
0.77
0
0.06
0.21
0.2
0
0.04
0.98
0.2
0
0
0
0
0
0
0
2.3
0.45
0
0
0
0
0
0
0.01
0
0
0
0
0
0
0.05
0
0
0
0.01
0
0
0
0
0
0.16
0
7.59
3.08
0
0
0
0
1.34
0
1.11
3.34
0
0
0.3
0
0
0
0
0.05
0
0
0
0
0
1.47
4.81
23.97
2.3
4.56
0.02
4.27
3.05
0.91
1.26
0
0
0
0.11
0
0
0
0.43
0
0
0
0
0
0
0
0
0
0
0
0.88
0
4.62
0.38
0.41
0.48
1.66
9.91
3.8
0.16
5.31
6.03
0.27
0
0
0
0
0.08
0
0
0.73
1.3
2.02
5.98
2.12
0.98
0
0
0.86
0.34
1.37
5.84
7.08
6.88
0.8
0.02
3.25
0
0.03
2.67
1.62
11.06
2.41
1.44
0.25
1.81
0.64
1.8
3.17
6.48
0
0
0.94
0.78
0
0.03
0.18
1.94
0.27
0.13
0.34
5.44
0.09
0.06
0.81
0
2.11
0.56
29.06
21.31
9.78
2.42
0.13
0
0.03
0
0
0
0.01
0
0
0
0
0
0
0
0
0
0
0
0.35
0
0
0
0
0
0
0.03
3.78
0.12
0
2.62
0.75
1.12
1.84
7.5
0
0.31
0.62
0
0.74
1.92
0.13
0.28
0
0.01
0
0
0
0.51
0
0
0.01
0.04
0
0
0.03
0.03
0
0
0
0
0
0
0
0
0
0
0
0
0.34
15.53
2.57
1.06
0
2.88
0.44
0
0
0
0
0
0
0
0
30.39
17.19
2.02
0
0.01
0
4.44
3.88
2.53
0.48
1.59
1.33
0.84
0.02
1
7.7
23.06
4.06
0
0
0
0.28
8.22
4.09
1.07
4.89
3.3
1.31
0.22
0
3.19
7.34
1.86
5.59
11.67
3.88
0.94
4.09
0
0
1.34
10.91
3.19
2.14
0
0.01
0
0
0
0
0.09
0
0
0
2.6
1.09
1.16
0
19.34
2.11
6.22
10.02
0
0
0
0.01
0
0
0
0.07
0
2.8
3.85
0.97
0
0
0
0.72
0.05
0.07
7.61
11.16
0.51
0.02
6.31
0
0
0
0.09
1.48
0.14
0
0
0.12
0.04
0
0.04
0
0
0
0
0.89
0.34
0
0.02
0
0.01
0.05
0
0
0
0
0
0
0.01
0.66
13.45
0
0.52
1.95
0.02
0
0
0
0
0
0
0
0.23
0.1
0
0
0
0
0
0
0
0.4
0
0
0
0
0
0
0
0.12
0.13
0
1.64
28.12
0
0
0
0
0
0
0
0
0
0.04
0
0
0
0
0
0
0
0.03
0
0
0
0
0
0
0
0.03
0
0
0
0
0
0
0
0
0
0.06
3.52
8.75
0.09
0.24
0
0.14
3.12
4.86
0
0
0
0
0
0.01
0
18
0.08
0.42
0
0
0
0
0
0
0
0
0
0
0
0.02
0
0.01
0.64
4.81
2.12
0.73
2.38
0.03
7.27
0.02
0.08
0.02
0
0
0
0
0.09
3.16
0.12
10.31
11.23
5.12
0.53
0.18
0.68
0
0.01
0.01
1.11
0.18
0
0.01
0.07
0
0
0.03
0.01
0
0
0
0
0.84
0.25
0.02
0
0
0.87
2.19
3.39
0
3.95
7.61
1.2
4.19
7.12
5.11
0.03
0.33
1.84
0.97
0.08
0.01
0
5.37
0.16
0.12
0.02
0.08
1.3
0.18
0.02
4.62
1.7
0.41
0
3.86
2.59
0.95
0.77
0.5
0.19
0.38
2.88
18.66
6
1.83
0.13
0
0.01
0.02
0.01
0
0
0
0
7.31
10.5
1.77
14.09
1.73
8.3
0.9
0.27
1.2
3.06
3.11
0.92
0.23
0.34
0.03
0.02
9.53
11.5
14.67
13.23
24.53
0.5
3.22
1.77
0.04
0
0
0
0
0
0
0
13.61
1.06
0
0
0
0
0
0.01
1.58
0
0
1.91
0.16
0.19
8.78
7.93
0.23
0.03
0
0
0
0
0
0
0
0
3.03
0
0
0
0
0
0
0
0
0
0
0
0
0.4
4.66
1.28
0
0
0
0
2.87
3.33
11.98
7.34
0
0.67
4.51
2.84
0.03
0
0.09
0.53
8.12
7.68
4.34
2.4
5.8
1.23
7.44
2.02
14.35
3.12
0.06
2.09
1.81
2.38
0.31
0.2
0
0
1.31
7.72
0
0.24
0.02
0
0.03
0
0
0
0
0
0
0
0
4.97
0.15
0
0
1.17
0
0.19
0.2
6.57
6.85
1.73
6.91
9.12
11.97
0.08
0
0
0.01
0.02
21.66
0.96
0
6.16
0
4.55
0.28
9.2
0.61
0.98
0.05
0
0
0
0
0.06
0
0
0
0
0
0
0
0
0
2.14
0.1
0
0
0
0.02
0
0
0
0
0
0
0
0
0.03
0
0
0
0
2.48
0.05
0
0
0
0
5.28
0
0.37
0
0
0
0
0
0
0
0
2.51
0.02
0
2.7
0
0.03
0
1.53
0
0
0
0.07
3.14
3.38
0.02
0
0
0.03
1.31
0.27
21.97
31.06
0.6
0
0
0
0.01
0
0
0.53
0
0.02
0.05
5.69
37.47
3.56
1.23
0
0
0
0.05
1.06
0.12
0
17.55
0
0
0
0.01
0
0
0
0
8.36
0.06
0
0
0
0
0
0
0
0
0
0.01
0
0.29
0
0
0
0
0
0
0
0
0
0
0
0
49.81
15.78
43.38
1.91
9.73
0.23
0.06
0
0
0
0
0
0
0
0
0
0
0
0
0
0.02
0.16
0.34
3.84
18.56
0.81
1.47
0.97
0.34
2.88
0
0
0.43
4.36
0.83
0.11
0.52
0.92
0
6.72
0
0
0
0.09
0.01
0
0.01
0
0
0
0
0
0.02
0
0.02
2.16
3.91
5.31
12.91
0.62
0.01
0.03
0.01
0
0
0
0
7.89
3.16
0.14
0
0
0.06
0
0
0
0
0
0
0
0
0
0.01
0
0
0
0
0
0.01
0
0
0
0
0
0
0
0
0
0
0
0
0
0
0
0
0.08
1.08
2.64
0.48
0
0
0
0.28
2.23
0
0
0
0
0.5
1.05
0.23
0
0
0.02
0
8.78
0.16
0
1.39
3.22
0.16
0
1.33
22.47
14.62
3.97
2.03
0.34
0
0
0
0.61
0.62
1.12
0.78
0.25
0.81
1.67
0.62
0.36
0.02
1.55
9.64
0.77
0.16
0.05
0
0
0.16
0
0
0
0.46
0
2.36
2.59
0.09
0
0
0
0.01
0
9.89
1.91
0
15.31
2.08
1.91
0.08
6.08
5.09
3.78
0.28
3.01
1.07
1.59
0.5
0
0
0
0
0
0
0
0
0
0
3.62
0.32
0
0.02
0.01
0
0
0
0.05
0
1.03
0.3
0
0
0
0
0
0
0
1.96
0.34
0
0
0
0
0
0
0
0
0
0
0
2.75
0.61
0.24
0.42
0
0
1.23
0.18
0
0.02
0
0
1.02
0
0
0.06
0
0.01
0.12
0
0.1
0.7
0
0
0
0
0.66
0
0
0
0.09
0
0
0
0
0.08
0
0
0
0
0
0.01
0
0
0
4.68
1.04
0.1
0.2
0
0.33
0
0
0
0
0
0
0
0
1.52
0
0
0
8.28
0.12
0
0
0
0
0
0.2
0.11
0
1.94
0.5
0.59
0
0
0
0
0
0
0
0
0.1
0
0
0
1.5
3.14
9.45
0.67
0
0.11
0
1.53
10.07
12.7
0
0
0
0.06
7.19
0.38
0.36
0
2.39
0.15
0
0
0
0
0
0
0
0
0
17.16
2.77
0.59
0
0
0
1.59
0
0.2
6.97
6.25
1.22
0
4.75
0.16
0
0
0
0
0.02
0.32
2.43
0.44
0.09
1.38
0.27
0
0
0
2.38
3.81
1.06
0
1.44
0.03
2.34
4.5
4.06
4.47
7.16
0
2.42
8.09
8.66
2.11
5.02
0.59
0.02
6.02
0.22
0
0
0
0
0.45
4.16
1.53
0.89
1.75
13.44
16.28
9.91
4.44
28.62
31.38
12.28
3.94
2.73
2.6
1.5
0
5.36
0.08
0.57
0.12
0.03
0
0
0.01
0
0.08
0.02
0
