19510101
21.88
6.14
1.4
0.02
0.02
0
0.01
0
9.28
2.47
2.24
3.82
5.08
0.6
0.09
0.11
0
0.78
0.02
0
0.01
0.28
1.7
6.64
4.85
6.42
11.23
7.02
0.11
0.04
0.05
0.03
0.01
2.85
20.65
0.81
10.39
0.35
4.4
6.08
13.58
9.79
8.27
0.66
6.75
1.84
0
1.35
3.38
0.18
6.64
0.59
3.66
13.96
0.05
0.06
0.02
0
0.04
0.01
0.05
0.94
0.7
5.03
1.51
3.97
0.58
5.59
25.96
1.34
21.7
11.93
7.45
3.51
3.16
3.21
0.43
0.02
0.03
0
0
0
0
0
0
0.02
0.27
0.01
0.12
0.02
0
0
0
0.01
0
0
0
0
0.02
5.36
0
0
0
0
0
0
3.35
1.22
0.84
3.43
0.15
1.29
5.76
0.68
14.99
3.69
10.18
1.85
2.79
33.32
4.25
1.67
0
0.82
3.99
5.96
3.45
1.23
0.64
0.44
0.56
0.19
0.02
0
0
0
0
1.36
0.7
0.05
0.1
0.03
0.01
0.02
0.15
5
0.02
0
8.83
4.08
0.45
0
0.01
10.38
4.61
8.11
0.27
6.65
0
0.01
0.01
0
0.03
0
0
2.85
0.7
1.28
0.01
0.32
0.02
0.05
0
0
0.01
0
0.82
0
0
0
0.71
10.74
0.02
0.02
2
0
0.46
4.63
0.79
0.01
0
0
0
0
0
0.1
0.01
0
0
0
0
0
0
0
0
0
0
0.43
0.21
0.03
15.59
8.4
8.78
5.45
0.61
0
0
0
0.02
0
0
0
0
0
0.02
0
0.02
0
0.03
0
0
0
0
0
1.61
7.11
0
0
0
0
0
0
0
0
0
0.01
0
0
2.84
4.18
2.12
1.48
2.81
24.31
9.28
1.5
0
0
0
0.04
0
0
0
0
7.91
28.63
1.22
0.02
0.03
0
0
0
0.13
8.98
19.82
0.11
0.05
0
0
0
0.65
4.27
0.01
0.66
3.14
0.05
1.51
0
0.02
0
0.08
0
0.03
0.47
0.06
0.02
0.12
0.02
0.03
2.52
0.9
1
6.99
0.55
0
0.1
0
0.62
6.51
13.15
14.81
16.5
22.42
9.51
4.79
6.93
3.62
0.45
1.03
0.07
4.36
21.94
8.26
1.3
0.07
0
0.05
0.03
0.02
0
0.16
0
0.06
0.09
0
0
0.82
1.22
0
0.33
0
0
0
0
0.03
1.66
0.2
0.01
0.09
0
0
0.01
0
4.48
3.04
0.28
0.72
0.13
3.09
1.16
4.17
0.26
0
0
0
0
0
0.03
0
0
0.91
0
0.03
0.01
0
0
2.34
0.36
0
0
0.68
0.17
0.37
0
1.26
1.73
1.65
6.39
4.59
4.46
15.37
3.91
1.61
2.43
0.78
0.68
0.11
0.37
0
0.01
0
0
0.03
0
0.29
0
0
8.34
6.09
2.03
0.92
0.02
0.13
0.82
0.2
0.01
0.02
0
0.03
1.67
0.25
0.62
0
0
0.78
0.48
0.77
3.31
0.66
0.26
0
0
0.73
2.85
0.19
4.96
3.05
0.06
1.09
0
5.49
0.76
2.38
0.45
0.2
0
0.67
1.53
0.91
0
2.48
10.13
14.55
13.63
5.89
9.19
5.45
0.55
0.58
0.01
0.27
0.02
0
0
1.19
7.7
18.83
3.41
14.55
2.37
0.03
2.01
1.35
0.28
0.02
0.02
0.05
0.04
0
0
0.02
0.25
0
0.04
0.63
5.89
3.79
2.82
19.46
9.66
4.8
0.04
0.05
0.91
0
0.36
0.81
0
0.03
0.41
0
0.09
0.51
8.39
4.85
2.89
1.18
8.08
2.52
0.06
0.3
0
2.27
0.42
0.52
0.84
0.02
0.06
0.01
0
0
0.29
0
0
0
0.21
3.45
1.99
0.13
0
0
0.48
0.18
1.93
0
0.07
0
0.02
0
0
0
1.48
6.5
0.73
0.8
0
0.04
0.73
2.7
14.61
8.78
3.6
0
0
0
0
0.01
0.22
0
1.97
3.7
0.14
0.04
0.05
0
1.41
0
0
4.94
0
0.26
0.9
2.48
7.48
1.62
8.51
0
0
0.05
0
0
0
0
0
0
0
0
0
0
0.01
0
0
0
0
0.59
0
0
0
0
0.11
0.03
0
0.02
0
3.51
27.44
11.83
2.8
0
0.01
0
0
0.07
0.05
2.73
0
0
0.97
0
0.45
1.27
3.01
0.29
7.45
3.2
0
0.05
0
0.01
0
0
0
0
0.01
3.2
0.37
0.05
0.04
0.79
0
0
0.02
0.15
0.01
4.38
0
0
0
1.6
0
2.07
0.29
0.04
0.07
0.02
0.07
3.96
7.43
2.37
2.45
0.26
0.05
3.54
8.92
1.54
0
1.89
0.05
0
0
0
0.09
0
0
0
0
0
0
0.02
0.02
0.01
0
0
0.89
0.51
0.42
4
2.75
0.52
0.54
0.16
0.05
0.03
1.31
2.92
2.19
1.84
2.94
5.48
16.77
3.7
7.72
0.66
0
0
0
0
0
0.48
0
0
3.98
2.12
2.35
0
1.05
6.75
1.81
0.02
0.04
0.01
0.1
0.05
0.59
0.52
0.22
2.28
3.04
2.66
0.02
0.36
0.35
1.79
0.91
0
0.06
0.07
0.08
0.13
0.03
0.41
0.91
0.01
0
0
0.01
0
0.23
0
0
0.01
0.01
0.01
0
0.4
0.07
0
0
0
0
0
0.02
0
0
0
2.27
14.27
7.39
0
0
0.06
6.56
1.23
0.08
0.92
2.03
0.06
0.02
0
0.07
0.01
0
0.02
0
0.01
0
0
0
0
0
0.01
0
0
0
0
0
0.01
0
0
0
0
0
0
0.88
0.16
0.4
0.48
3.89
4.91
1.37
0.89
0.2
0.02
0.23
0
0.01
0
0.32
0.45
0
0.18
0
6.52
2.11
0.6
0
0.61
0.27
6.48
0.95
0.23
0.01
1.55
0.11
0
0
0
1.09
20.39
26.74
4.27
0.11
10.11
1.27
5.59
3.82
9.6
1.05
0
0
0
0.02
0.01
0.01
0.01
0
0
0
0
0
0.16
0.13
3.76
6.82
0
0.01
0.16
0
0
0.02
0
0
0
0
0.86
0.81
1.39
0.02
0
0
0
0
0
0
0
0
5.65
14.46
0.98
0.25
0
0
0
0.04
0
0
0
0.26
0.94
0.09
15.22
0
0
0
0.01
0
0
20.37
9.53
11.66
8.03
0.22
0
0.34
8.05
3.7
0.5
0
0
0.04
0.11
0.01
0.02
0.01
0
0
1.39
0
0
0
0
0
0
0
0
0
0
0
0
0
0
0
0
0.41
0.02
0.02
0
0
0
0
0
0
0
0
0.42
2.15
1.15
0.13
0
0
0
0
0
0
0
0.14
1.61
0.05
0.2
0
0
0
0
0
0
0
1.04
0
0.55
6.88
0
0.17
0.31
0
0
0
0
0.03
0.05
0
0
0.01
0.01
0
0.01
0
0
0
2.93
20.02
0.21
0
0.02
0
0
0.14
5.5
0.3
0.82
0.07
0
0
0
1.02
11.48
12.77
14.61
10.55
4.12
0.7
0.53
0.07
0.18
0
0
0.08
0.58
0.5
0.59
0.78
3.27
0.2
0
0
0.17
6.24
0.45
0
0
0
0
0
0
0
0
0
0
0
0
0
0
0
0
0.02
0
0
0
0
0
0
0.25
2.94
0.53
0.01
0
1.5
0.68
1.18
13.07
2.45
1.41
17.58
4.22
0
0
0
0.01
1.64
4.94
3.21
0.71
2.45
6.28
1.64
0.36
0.01
0.01
0
0
0
0.01
0.01
0
0
0
0
0.02
0.02
0.04
0.41
0.04
0.09
0.3
0.09
0.02
0.03
0
0.02
0
0.08
0.01
0
0
0.07
0.01
0.02
0
0.02
0.01
0
0.02
0.09
1.22
4.68
4.23
1
0.14
0.05
0.09
0.85
0.81
0.2
0.26
0.14
1.34
1.39
11
0.36
0.42
4.7
3.57
0.38
0.03
0.01
0.01
0.02
0.01
0.02
0.01
0
0
0.07
0
0.01
0
0
0
0.69
4.91
0.22
0
7.85
8.79
4.59
0.42
8.63
8.14
5.68
3.3
0.06
4.42
2.98
2.71
1.9
0
0
2.52
3.33
0
1.45
0.08
0.01
0
0
2.53
6.3
0.01
0
0
0
0.25
0.02
0.06
0.06
0
0.34
0.02
0.05
0.07
0.01
0
0.01
0
0
0
0
0
0
0
0.01
3.1
15.28
6.59
3.76
2.67
0.21
5.33
1.04
0.08
0.05
0
0
0
2.61
4.39
1.23
1.06
12.77
11.48
19.23
15.47
1.21
0.16
0.04
0
0
0.02
0
0.06
0.02
0
0
0.05
0.01
0.3
4.24
6.56
13
37.24
6.3
0
0.01
0.05
0
2.28
0.09
0
0
0
0
0
0
0
0
0
0
0.27
0
1.23
0
0
0
0.01
0.01
0
0.05
0
0
0
0
0
0
0
0
0
0.03
0
0.22
0
0
0
0
0
0
0
0
0.05
0
0
0.06
0
0
0
0
0
0
0
0
0
0
0
0
0
0
0
0
0
0
0.01
0
0.44
5.48
0
0
0
0
0.25
0.02
0.38
0.3
0
0
0.01
0
0
0.09
0
0
0
0
0
0.25
0
0.01
0
0
0.02
0
0
0
0.01
0.16
2.26
1
0
0.01
0
0
0
0
0
0
0
0.02
0.02
0
0
0
0
0
0
0.02
0
0
0
0
0
0
0
0
0.01
0
0
0
0
0
0.04
0.11
3.77
0.2
0.12
0.17
0.91
0.19
0
0
0.01
0.01
0
1.09
6.44
0.93
0.05
0
1.58
4.21
9.45
6.45
1.06
0.04
0
0.01
0.01
0
0
0
0
0
0
0.08
0.25
3.05
7.17
0.55
0.8
1.42
17.75
2.07
11.29
14.3
0.18
0
0.01
0
0
0.03
0.35
11.84
0.77
0.16
0.03
0
0
0.02
0
0.01
0
0
0
0
0
0
0
0
0
0
0
0
0
0
0.01
0.25
8.51
16.37
8.53
8.37
2.51
2.94
2.32
10.25
0.18
0.01
0.55
0.6
0.25
4.53
0.54
13.48
8.52
3.47
0.94
1.85
2.28
0.91
0.02
0
0.09
2.86
0.54
3.74
5.13
9.34
3.85
25.98
0.72
0
0.19
0.63
0
0.69
0
0
0.35
2.55
4.3
0
9.62
27.61
11.09
5.05
5.33
0.56
1.89
8.92
2.99
2.31
4.05
1.59
0.62
0.01
0.01
0
0.02
0
0
0.04
0
0
1.65
1.29
0.37
0.33
0.35
0
0
0.01
0.75
0
1.16
11.95
6.84
1.7
0
0
0.01
0.05
0.01
0
0.12
2.23
0.17
0
0.01
0
0
0.3
0
0.24
0.16
0
0.25
0
0.01
0
0
0
0.09
0
0.6
0.39
8.14
6.35
5.44
9.91
8.66
1.17
0.02
0
0.03
1.13
0
0
2.52
0.25
0.02
0
1.6
0.07
0.01
0
0
0.07
0
0.15
0.03
0
0
0.18
0.02
0.14
0
0
0
0.87
6.34
2.91
0.67
0
0
0.13
3.14
13.64
3.06
0.4
0.27
0.53
5.36
5.29
1.03
4.66
1.05
0.05
0
0.06
0
0.13
0.19
3.92
14.22
12.18
2.67
1.89
0.01
0.08
0.08
10.16
1.35
0
0.2
0.01
0
0
0
0
0
0
0
0
0
0
0
0
0
0.23
0
0.02
0.02
0.02
1.39
0.11
0.26
3.13
5.42
0
0
1.38
0.01
0.02
0.27
0.04
0
1.52
0.02
0
0
1.18
1.86
4.18
6.16
0.1
0.02
0.95
0
1.03
0
0
4.39
0.14
0.77
0
0.02
0
1.77
0.01
0
3.09
0.29
0
3.52
4.12
0
0
0.42
0
0
0
0.79
1.28
0.07
0
0
2.66
0
0.11
0
0.57
0
0.01
0
0.38
8.86
11.09
2.01
0.06
0
1.42
0
0
0
0
0
0
0
0
0.83
5.38
12.64
5.05
0.17
0.34
0
0
0
0
0
0
0
0
0.6
0.75
1.71
0.12
1.96
15.05
0
0.04
0.07
0
0
0
1.82
10.11
21.56
17.75
4.15
0.38
0
1.93
20.91
0.07
0.13
2.01
2.59
0.4
0.31
5.77
2.78
0
0
0
0
0.5
0
0
0
2.05
2.02
12.3
1.18
0.21
0
0
0
4.95
8.34
6.37
0
0.17
0
0
0.38
0.01
0.09
0
0.01
0.28
3.69
11.45
23.76
16.81
19.41
4.11
3.66
5.93
8
4.98
0.32
0.05
0.38
0.04
0
0.3
0
0.07
1.1
0.13
0.01
0
0.13
0
0.01
0.13
0.05
2.16
4.58
0.84
1.48
18.42
4.18
4.1
7.09
10.76
2.3
8.34
2.55
2.14
0.5
0.25
0.75
0
0.08
0
0.52
0
0
6.2
0.5
0.21
0.13
0
0
0.36
0
0
0
0.01
0
0.02
0.3
0
0
0
0
1.15
0.09
0.15
0.31
1.03
2.94
19.14
4.75
0.84
0.16
0.03
0.01
0
0
0
0
0.34
0
0
0
0.18
1.24
0.05
0.01
0
0.01
0.28
0
0.1
0.63
12.03
7.43
7.82
2.15
8.77
33.73
4.38
4.4
2.56
13.06
28.05
15.04
11.64
4.42
0
0.16
0.1
0
0
0.17
0.01
0.11
0.43
0.35
0.82
0.34
7.8
13.32
4.19
1.03
1.17
0.19
0.65
2.8
6.56
2.63
7.23
0.48
0.14
8.06
1.87
4.38
1.33
0
0
0
0
0.21
0
0
0
0.27
0
0
0.02
0.32
0.02
0
0
0.25
0.09
3.62
2.19
16.42
15.74
6.58
4.81
5.81
37.89
18.13
0.04
0.01
0.11
0.23
0
0
0
0.01
0
0
0.01
0.15
0.01
0.05
3.82
0.06
0.01
0.63
0
0
0
0.51
0
0
0
0.01
0
11.91
15.27
0.75
1.47
0.09
6.39
0
0.04
0.02
0
0
0
0
0.06
0
0
0.01
0
0
0
0.1
0.01
0
0.02
0
0
0
2.34
14.18
0
0
0
0
0
0.06
0
0.08
5.89
1.47
0
0
0
0
0
15.78
6.66
0
0
0
0
0
0
0
0
0.05
0.04
0
0.02
0.03
0
0
0
0
0.01
0.25
0.17
0
0
0
0
0
0
0.16
0
0.03
0
0
0
0.04
0
0
0
0
0
0
3.27
0
0.02
0.72
5.05
11.7
0.68
30.24
15.86
1.49
0.04
0
0
0
0
0
0.01
0
0.14
0
0.1
0
0
1.85
11.27
1.48
0
0.69
5.77
4.3
0.26
0
0
0
0
0.06
4.43
0
0
0.08
0.01
0.03
0
0.02
0.5
8.8
1.02
0.04
0
0
0
0.12
1.27
6.91
2.35
0.28
0.21
1.25
0.07
0.01
0.07
1.16
0.56
0.06
1.53
4.54
0.12
0.15
0.07
0
0.01
0
0.02
0.18
0
0.05
0.02
0
0
0.37
0
0
0
0.01
0
0
0
0
0
0
0.65
0
0
0
0
0
0.23
0.05
0.3
0
1.09
1.64
0.3
5.71
6.82
8.55
3.3
2.79
1.09
0
0.01
0
0
0
0.18
0.2
0.09
0.01
0.51
0
0.04
0.25
0.02
0.05
0.37
0.55
0.02
0
0.09
2.19
3.95
1.47
0.84
0
0
0.18
0
0
0
0
1.17
1.48
0.75
0.93
0.86
1.59
0.96
0.08
0.05
0.01
0.15
7.16
7.65
13.86
12.24
0.39
0
1.72
0.3
0.09
0.01
0.09
0.01
0.01
0
0.21
0
0
0.01
0.29
3.9
2.31
0
0.16
0
0.19
0.11
0.13
0.01
0
0
0
0
0
0.01
0.25
0.48
3.75
2.79
2.18
4.61
0.02
0
0.19
0.1
0.8
6
0.41
0
0.01
0
0.02
1.2
0.26
0
0
0.88
0
0
0
0
0.56
6.7
7.8
0.19
0
0.05
0
1.62
0.98
2.03
1.54
6.43
4.3
5.89
19.02
4.5
7.84
10.41
0.64
13.9
1.96
0
2.64
10.6
5.89
6.07
0.19
0.34
0
0.08
0
0
0.34
0
0
0.18
0
0
0
0.06
1.41
3.68
9.29
4.73
7.42
0.46
4.23
1.76
6.14
2.59
0.13
0.09
0
0.01
5.02
21.27
3.02
0.19
0.01
0.34
8.82
0
2.4
4.47
1.18
2.3
0.3
1.23
4.9
16.26
0
0
0
0
0
0.01
0
0
0
0
0
0
0.09
0
0.02
0.02
0
0
0
0
0.02
0
0
0
0
0
0
0
0
0
0
0
0
0
0
0
0
0
0
0.38
0.77
0.02
0.01
1.06
0
0.01
0
0
0
0
0
0
0
0
0
0
0
0
0
0
0
0
0
0
0.06
0
7.69
1.25
5.27
0.67
0
0
0
0
0
0.05
0.33
0.57
1.7
0.05
0
0
0
0
2.23
13.06
6.22
13.91
4.73
0.13
0
0.05
0.59
0
0
0
0
0
5.74
10.22
33.09
1.57
0
0
0
0.47
0
0.44
0.94
5.08
6.71
5.93
4.9
3.79
0.2
0
1.99
5.84
0.84
0.04
0
0
0.01
0.17
0
0.02
0
0.28
0.01
0.4
2.25
0.99
1.25
3.58
5.94
9.95
2.84
6.06
0.01
0.02
0
0
0
0
0.01
0
0
0
0
0
0
1.15
0.64
0.13
0
0
0
0
0
0
0
0
0
0
0
0
0
0.2
0.45
12.46
18.7
5.6
0.45
0
0
0.01
0
0.01
0
0
0.01
2.41
8.65
1.69
0.34
0.07
0
0
0
0
0.01
0.54
0.39
0
0.53
0
0.06
0
0
0
0.03
0.23
0.01
0.02
0.02
0
0
0
0
0.01
0.04
0
4.43
1.61
2.15
3.36
2.88
5.13
15.16
16.09
0.09
0.06
0
0
0.01
0
0
0.03
0.46
2.32
1.83
4.18
2.23
2.61
9.34
0.97
0
0
0
0.48
0
0
0
1.09
0.91
0.7
1.11
0.11
0
0
0.01
0.75
0.24
0
0
0
0.02
1.72
0.45
2.93
0.64
1.05
0.01
0
0
0.48
4.33
0.91
4.51
0.15
0.66
0
3.47
17.09
5.82
9.22
3.98
6.49
11.7
3.98
7.47
0.77
6.56
6.94
6.93
2.29
2.77
0.47
0
0.01
0
0
0.52
5.16
2.45
0.01
0.02
0
0.02
0.01
0.51
0
0
0
0
0
0
0.27
0
0
0
0
0
0
0
0
0.01
0
0.29
7.18
4.4
0.42
7.39
17.26
0.01
0.01
0
0
0
0
0
0
0.03
0
0
0.18
0.04
0.01
0
0.02
0.01
0
0.76
0.18
0
0
0.63
0.02
0
3.75
5.07
0
0.01
0
0
0
0
1.64
22.92
36.71
11.39
0
1.45
0.15
0.89
0.43
5.69
4.42
0.27
0.03
0.92
0.68
0.45
0
0.03
0.07
0.05
0.9
0.09
0.01
0
0
0
0
0
0
0
0
0
0
0
0
0
0
0
0
0
0
0
0
0
0
0.12
0.34
1.27
0.27
0
0.41
0.62
0
0
0
0
0
0
0.01
0
0
0
0
0
0
2.01
3.71
0
0.01
0
0
0
0
0.01
0.16
0.16
0.07
0
0
0
0
0
0.74
0.95
0.07
0.64
0.19
4.45
0.94
0.01
2.78
0.24
0.64
0
0
0
0
0
0
0
0.02
0.35
0.01
0
0.01
1.41
3.9
1.06
0
5.52
0.79
4.16
5.09
0
0
0
0.05
0.45
0
0
0
0
0
0
0
0
0
0
0
0
0
0
1.63
0.08
0
0.5
0.57
0
0.05
0
0
0
0.35
0.21
0
0.16
0
0.02
0.07
0.89
0.86
0.08
0
0.01
0.78
0
0
0
0
0
0
0.2
1.68
0
2.88
0.93
0.16
2.55
6.1
7.73
25.56
16.3
14.52
2.82
2.34
7.02
1.74
1.51
2.39
6.54
19.68
8.73
11.62
5.58
10.69
31.67
14.95
9.73
15.8
7.05
1.82
0.61
1.93
0.93
0.66
0.16
0.05
0.02
0
0.16
0.01
0
0.01
0.02
0.06
0
0.42
5.37
2.68
1.55
0.22
0.65
8.67
2.62
0.01
0.02
0.17
0.34
6.98
1.07
5.05
1.66
0.02
0.03
0
0.45
0.37
0
0
0.02
0.13
4.5
3.09
2.65
0.35
0
2.82
0.11
0
0.67
0.58
0
0
0
0
0
0
0.01
0
0
0
0
0
0
0.65
0.09
0
0.07
3.02
9.67
27.12
3.68
6.24
4.75
0
9.41
13.3
7.03
7.97
4.77
0
0
0
0
0.99
0.25
0.17
11.89
7.23
1.39
7.34
1.3
0.45
0
0
0.96
0.66
0
0.08
0
0.62
0.77
3.95
1.64
2.31
1.82
0.6
0
0
0.9
0.58
7.68
5.29
7.21
2.69
0
0.01
0
0.98
1.89
1.48
3.22
0
0
0.22
2.93
0.92
4.47
0
0
1.58
1.08
0.57
0.84
12.93
9.24
0.07
0.85
1.63
0.84
0.57
0.02
0
0
0.5
17.96
2.06
8.91
9.98
0.59
1.71
0
0.49
0.11
1.02
7.65
14.07
0
0
0.01
0
0.02
1.53
6.09
5.37
8.48
0.62
0
0
0
0
0.3
8.64
5.5
0
0.03
0.05
0.01
0
0
0
0.03
0
0.3
0.05
0
0
0
0
0
0
0
0
0.02
0
0.59
0
0
1.21
0
0.1
1
10.13
0.46
0.01
0.45
5.55
8.04
2.43
0
4.59
0.3
0
0.02
0.04
0
1.76
0
0
0
0
1.39
5.36
10.91
7.08
3.29
1.93
4.44
1.3
0
0.02
0
0
0
0
0
0.02
0
0.01
0
0
0
0
0
0.14
2.68
0
7.37
4.04
2.39
0
1.66
3.04
6.55
31.9
10.12
0.06
0
0
0
2.76
0.93
10.91
0.79
0.02
0
0.02
2.59
0
1.23
2.56
5.79
5.34
2.33
10.01
10.11
1.8
1.02
7.59
12.87
6.09
0.08
0.25
1.52
1.2
23.91
2.52
0
0
1.86
4.93
0.06
0
0
0
0.3
5.57
6.96
5.45
6.59
17.59
0
0
0
0
0.02
1.84
9.46
5.61
4.37
2.09
0.3
0.27
1.42
1.8
0
0
0
0
0.01
0
0
0.71
4.73
0.75
1.61
3.92
9.66
15.88
4.29
2.28
5.56
14.82
2.02
0.34
0
0
2.27
9.39
3.14
1.96
14.47
25.18
0.99
1.69
0.61
0.43
3.27
8.28
7.88
10.1
15.84
10.23
6.2
0.78
0.13
1.92
3.7
1.48
0.12
1.86
0.67
0.04
0.2
4.3
4.98
2.06
5.76
6.66
4.14
0.24
0.69
1.35
0.39
1.54
0.61
0.97
0
0
0
0.04
0.03
4.98
6.18
3.88
2.86
1.86
2.04
0.98
0.38
0.36
4.35
0.93
0.18
2.11
4.11
5.54
12.32
19.18
21.3
13.6
7.7
4.86
0.86
0.32
0
0.59
0.7
3.59
7.59
7.27
0
0.77
3.6
9.48
6.14
4.14
4.38
7.23
5.21
10.36
9.8
5.78
5.23
6.39
10.02
3.69
0.02
1.48
0.86
0.13
0
0.95
0
0.01
0
0
0
0.03
2.19
2.26
2.77
3.88
1.6
1.05
5.5
9.37
9.21
1.37
0.1
0
0
0
0
0
0.14
4.16
10.09
7.93
6.2
3.71
1.46
1.05
2.78
0.05
0.1
2.18
0.23
0.05
1.41
0.09
0.26
0.02
0.11
0
0
0
0
0
0.01
0
0
0
0.05
0.4
1.39
0
0.07
0.04
0.02
0
0.34
0.03
0.98
0.63
13.2
0.47
0.53
0
0.02
0.02
0.05
0.02
0
0.07
0.37
0.16
0.27
0.33
5.26
6.27
16.06
5.63
0.7
1.28
0.02
1.81
0
0.02
0.01
0.08
4.12
0
0.05
4.43
34.26
6.72
0.97
1.18
4.09
0
7.47
0
0.05
0
0.06
0.19
2.21
0.36
0
0.34
0.06
0.01
0.03
0.02
0.01
0.03
0
0
0
0
0.01
0
0
0.26
0
0
1.7
0.28
0.02
0
0
0.02
0
0
0
0
0.01
0.88
0
0
0.41
0.08
0.01
0
0.06
0
0.01
0
0.01
0.02
0
7.2
6.94
2.92
0.02
0
0
0
0.01
0.02
0
0
0
0.01
0
0
0.36
0.01
0
0
0.01
0.57
5.54
3.99
0
0
0
0
0
0
0
0
0.01
0.01
0.01
0
0
1.03
0
0.08
0.37
0
0
0.02
0.02
0
0
0.02
0.02
0.5
2.53
6.57
1.2
5.43
0.5
0.01
0.03
1.17
0.11
0.23
0
1.14
0.9
0.11
0.04
6.98
3.66
5.06
22.47
13.14
14.63
10.23
1.57
2.49
0
1.58
0.07
0.19
12.23
11.8
0.88
0.68
0.44
0.3
2.28
12.78
7.77
14.21
18.16
15.78
9.21
2.04
4.88
16.84
20.15
3.81
8.36
0.52
4.84
0.87
4.85
11.66
0
0.04
0
0
0.32
5.17
4.24
1.7
0.04
0.36
0.99
0.87
0
0.56
0
0.56
19.5
1.66
0.49
0.01
0
0.05
0.23
0.03
0.02
0
3.84
1.1
0.2
0.7
8.63
3.07
13.15
1.31
0
0.47
0.2
1.42
2.96
1
0.98
0.02
0.95
0.04
1.45
0.4
0.02
0
0.89
0.7
1.48
4.38
4.57
2.42
0.34
0.2
7.05
1.94
2.25
3.88
1.21
0.77
0.02
0.16
0.27
0.44
4.16
0
0
0
0
0
0.05
0
0
3.67
0.09
11
2.98
1.25
2.64
0.84
0.82
0
0.72
0.13
0.15
0.73
0.04
0.09
0
0
0
0.02
0.01
0
0
0
0
0
0
0
0
0
0
0.91
4.76
0.4
0
0
0.2
1.28
0.09
0
0
0
0
0
0
0
0
0
0
0
0.01
0
0
0
0
0
0
0
0
0.47
5.39
5.99
0.57
2.01
0.61
0.05
0
0
0
0
0
0
0
0
0.01
0
0.17
4.02
11.17
4.94
4.92
6.34
0.19
0
0.01
0
0.04
1.04
10.2
1.46
0.59
0.07
0.98
3.67
12.82
0.11
0.23
0.41
0.4
2.77
4.7
0.95
0
0.03
0
0
1.26
2.98
0.04
0.11
0
0
0
0.02
0
0
0
0.04
0
0
0
0
0
0
1.83
1.75
0.32
0.01
2.63
5.3
3.23
14.28
14.44
7.07
0.66
0.29
0.3
0
2.21
1.57
0
0
0
0
0
0.06
0
0.05
0
0.24
0.16
0
0
0.13
0.17
0.02
0
2.38
2.89
1.94
0.1
1.15
0
0
0.83
0
0
0.02
0.02
0
0
0
0
0.05
0
0
0
0
0
0
0
0.02
0.01
0
0
2.27
0
0.03
1.32
1.64
0
0
1.32
6.53
8.61
0.59
2.02
0
0.23
0
0.02
0
0
0.73
0
2.42
0.61
6.31
0.87
0
0
0.01
0
0.05
0
0
0
0
0
0.04
0.02
0.01
0
0
0
0
0.95
4.13
4.88
6.7
0
0
0.01
0
0
0.36
0
0
0
0
0
0
5.14
26.99
0.17
0
0.01
0
0.01
0
0
0.46
4.9
19.22
8.92
1.73
0.35
0.05
2.32
0
1.85
7.63
2.11
0
0
0
0
0
1.3
22.78
14.23
1.73
0
0
0
0.02
0
0
0.01
0.29
0.2
0.52
0
2.06
4.26
1
0.25
0
0
0
0
0
0
0
0.05
1.79
3.37
4.48
1.41
2.23
1.13
6.47
8.84
3.85
1.62
10.08
21.07
17.43
10.14
6.35
6.96
19.04
10.18
12.13
35.77
0
0
0
0.59
1.2
0.5
0
0.01
0.16
0
0.59
0.1
0.02
0.01
0
0
0
0
1.18
1.15
0
0
0.69
3.23
3.05
6.4
14.38
3.98
0.78
0.7
1.59
7.39
7.7
2.98
11.9
2.98
2.89
0.57
0
0.81
0
0.33
0.91
2.05
2.45
1.22
3.67
2.72
1.86
13.01
9.74
0.85
0
0.01
0.01
0.01
0
0
0.01
0.02
0
0
0
0.01
0
0.08
0.07
0
0.01
0.54
2.55
0.58
0.02
0
0
0
0
0
0
0
0.01
0
0
0
0
0
0.55
8.09
5.85
6.14
12.96
0.08
2.7
7.53
8.5
4.46
2.67
1.32
8.82
12.38
3.29
1.24
1.7
0.53
0.18
0.01
0
0.03
0
1.64
3.16
1.58
0
0
0.04
3.28
3.36
0.08
0.1
0.34
0.3
0.05
0.13
0.08
0.31
1.21
0
0.01
0
0.15
0.17
0.09
0
0.02
0.5
8.24
1.47
1.59
8.02
8.57
2.25
0.52
0.42
0.43
1.29
4.89
10.32
6.38
6.61
2.81
0.83
1.62
3.75
4.23
0.59
0.25
0
0
0.02
0
0.02
0.01
0
1.72
1.22
1.43
0.2
0.26
0
0
1.22
0.35
0
0
0.04
0
3.83
9.41
10.54
3.71
0.55
3.55
22.75
0.02
3.58
2.6
1.17
2.63
0.95
1.26
0.04
0.01
0.02
0.02
0
5.09
11.32
1.23
0.04
0.06
0
0
0
0
0
0
0.62
0
3.14
5.71
8.1
0
0
0
0
0.02
0
0
0
0
0
0
0
0
0
0
0
0
0
0
0
0
0.43
0
0
0
0
0
0
0
0.01
0.04
0
0
0.01
0.25
0.04
0
0
0
0
0
0
0.06
0.03
0
0.01
0
0.01
0
0
0
0
0
0
0
0.01
0.01
0.02
0
0
0.09
0
0.03
0.05
0
0
0
0
0
0
0
0
0
0.03
0.05
0
0
0.02
0
0.62
0
0.93
3.29
1.98
0.73
0.14
0.04
0
7.17
14.36
5.79
0.65
0.71
0.06
0
0
0
0.05
0.07
0
0
0.01
0.03
0.13
1.63
0.95
3.08
9.38
9.74
6.11
1.32
0.68
0.45
0
1.88
4.65
0
0
0.2
2.34
9.73
3.61
0.02
0.02
0.02
0.02
0
0.18
3
2.52
4.16
7.89
0.55
0.18
0.61
1.34
2.42
0.77
0.19
0.12
0.19
0
0.27
3.05
1
3.72
2.28
0.58
0
0
0
0
0.01
0
0
0
0
0.05
0.02
0.04
0.05
0.05
0.04
0.05
0.01
0.19
0.2
0.44
1.56
0.13
0.08
0.02
0.03
0.13
0.01
0.01
0
0
0.03
0.54
1.7
0.64
12.15
22.69
21.32
13.8
2.81
11.99
11.31
2.02
5.19
6.42
9.63
1.24
4.88
5.35
7.17
0.64
1.04
2.82
0.61
0.07
2.19
8.55
2.2
1.67
1.95
0.07
0.13
0.19
0.09
0
0.06
0
0.05
0.02
0
2.07
2.66
1.99
1.52
2.41
1.85
9.19
1.24
6.63
13.01
11.09
4.61
0.28
2.17
12.08
18
3.77
0.87
2.2
3.66
0.51
0.15
0.43
1.73
0.19
0
0.99
0.4
0.53
0.83
0.64
1.92
0.05
0
0
0.57
1.44
1.1
5.81
3.48
3.75
0.14
0.32
0.67
4.37
0
0
0.02
0
0.03
0.13
0
0
0.03
0
0
0
1
0.06
0
0
0.35
2.43
2.89
0
0.05
2.77
26.69
23.69
10.95
4.58
9.49
5.68
0.36
0.01
2.57
9.89
5.26
0
0
0
0
0.01
0
0
0.12
0
0.09
0.2
0.01
0
0.26
0.02
0
1.21
1.4
0
0.01
0.04
0
0
0
0
0
0.01
0
0
0
0
0.01
0.63
0.3
0
1.04
1.55
0.39
1.1
0.41
1.01
2.41
0.18
1.89
5.59
7.44
7.82
2.19
0.59
0.08
0.13
0.15
0
0
0.71
0.02
0.02
0
0
0
0
0
1
0.96
0.42
2.25
2.63
0
7.87
13.15
2.2
19.22
0.11
0
0
0
0
0
0
0
0
0.02
0
0
0
0
0
0.01
0
0.02
0
0.58
0.56
0.33
0.32
0.56
2.07
6.56
9.53
2.82
4.25
3.92
4.93
1.11
5.19
1.04
0
0
0.14
0
0.01
0
0
0
0.01
0
0.55
0
0
0
0.01
0
0
0
0
0
0
0
0
0.02
0.02
0.2
0.15
0
0
0.14
0.02
6.74
3.63
1.69
0
0
0.05
0.06
0
1.25
0.93
2.95
2.98
5.84
13.82
1.11
2.98
0
0
0
0
3.55
0.17
0
0
0
0
0
0.11
0.03
0.19
0
0
0.36
0.01
0.01
0
0
0
0
0
0.02
0.01
0
0.09
0
0
0
0
0
0
0
0
0
0.04
0
0
2.13
15.4
12.08
6.38
17.71
6.48
16.08
12.38
5.11
3.05
6.89
4.2
2.59
6.22
22.13
36.79
14.93
9.95
1.72
1.2
1.25
1.49
0.68
0
1.16
1.13
1.93
7.74
6.05
1.19
2.13
4.98
0.73
6.61
11.39
4.88
4.04
1.6
5.74
5.29
1.6
2.03
8.89
3.07
0.23
2.13
5.68
0.87
0.36
4.78
2.12
0.34
0.03
0.02
0
0.25
0.5
0.61
0.01
0.28
0.53
0.45
0.35
0.48
0.17
0.01
0
0
0.01
0
0.01
0.02
0.02
0
0.41
0.66
1.12
0.85
0.02
0.02
0.01
0.02
0.01
0.01
0
0.01
0.02
0.01
0
0
0
0
0.02
0
0
0
0
0
0
0
0.01
0
0
0
0
1.89
1.46
4.85
17.74
6.98
11.33
7.23
12.01
0.95
0.04
0.62
6.83
23.54
21.94
5.92
3.05
3.7
1.56
0
0
0
0.05
0.75
0.2
2.39
1.7
0.33
2.75
5.4
6.21
2.43
2.98
3.75
1.38
0
0
0.52
1.91
3.22
1.09
0.29
0.2
3.01
0.41
0.08
0
3.88
8.84
1.07
5.74
1.9
2.5
4
2.99
0.39
1.76
3.7
1.8
0
0.14
0.08
0
0
0
1.29
16.2
7.38
6.77
0.96
0
0.02
0
0
0.01
0.01
0
0.02
0
0
0
0
0
0.01
0
0
0
0
0
0.05
0.01
0
0
0
0.03
0
0.16
0.04
0
1.12
11.54
5.39
0.75
0.13
0.03
0
0
0
0.04
0.55
3.06
8.8
5.46
0.66
0
4.85
0.73
0
0
0
0
0.03
0
0
0
0
0
0.01
0
3.02
11.84
0
22.63
4.48
0.48
0
17.07
2.46
0.02
0.03
0
0
0.29
0
0
0
0.93
0.55
0
0
0
0
0
0.45
0
0
0
3.92
0.03
0.8
0.13
0.23
0.08
0.16
0.27
1.98
0.96
0.03
0.14
0.05
2.11
2.4
0.14
0
0
0
0.96
1.8
0.75
0.02
0
0
0
4.63
0.78
0.39
0.04
0
0
0
0
0
0
0
0
0
0.01
0
0
0
0
0.7
0
0
0
0.01
0.01
0.16
0.09
0
0
0
0
0.23
0
0.01
0.43
0.02
0
0
0
0
0
0
0.01
0
0.01
0
0.04
1.33
1.88
2.6
4.82
1.66
0.32
0.04
0
0
0
0.02
0.04
0
0.8
1.09
2.84
1.68
3.21
2.96
0.06
0
0
0
0.01
0
0.05
0
0
0
0.01
0
0
0
0.01
0
0
0
0.02
0.5
8.24
30.03
0
0
0.01
0
0
0.05
0.02
0.01
0
0
0
0
0.01
0.02
0
0
0.02
0
0.02
0.01
0
0.05
2.61
0.36
0.1
0.85
0.09
0
0
0
0
0
0
0.09
2.31
0.42
0
0
1.2
0.53
1.5
7.05
0.34
0.55
3.25
4.14
2.05
5.04
2.13
0.27
0.05
4.37
0.46
0.38
0
0.05
7.13
1.52
0.41
0
0.04
0
0
2.46
1.16
0.54
1.21
0.49
0.28
0.34
0
0.46
1.1
3.33
1.27
0.16
0.32
0
0
0
0.18
2.23
14.05
6.14
9.45
9.71
0.75
0.05
0.16
0
0
0
0.01
0
0.01
0
0.05
0.11
0.16
0.02
0.05
0.82
0.31
0
2.88
1.3
2.6
15.59
13.29
3.39
3.72
8.64
1.54
0.66
14.64
17.94
6.15
0.33
5.94
0.45
0
0.09
0.26
0.79
7.19
13.77
13.91
3.83
8.55
3.46
1.99
2.23
0.07
0.04
1.76
0.04
0.01
0.05
0.02
0
0.01
0
0
0
0
0
7.93
2.66
0
2.58
5.49
0.77
0
0.54
0
0.04
0.02
0
0.07
0.03
0
0
0
0.01
0.01
0
0
0
0
0
0.01
0.01
0.02
0.01
0
0
0.75
1.59
0.09
0.02
0.27
0
0
0.04
0.01
0
0
0.01
0
0.1
0.01
0.06
14.19
8.63
0
0.34
0
0.02
0
0.02
0
3.05
0
0.18
3.25
0.2
0.01
1.38
2.28
0
0
0.3
0.68
0.85
0
0
0
0
0
0
0.01
0
0
0
0
0
0
0
0
0
0.59
0
0.04
0.09
0
0.7
4.09
0.15
0.01
0.01
0.05
0.01
0
0
0
0.02
0
0
0
0
0
0
0
0
0
0.12
0
0
0
0
0
0.01
0
3.03
1.05
0
0
0
0
0
0
0
0.64
0
0
0
0
0
0
0
0
0
0
0.11
3.09
2.01
0.85
1
0.03
0
0
0
0
0
0.07
0
0
0.41
1.67
0
0.01
0
0
0
0
0.02
0.02
0
0
0
0
0
0
0
0
0
0.01
0.03
0
0.03
0.78
0.1
29.83
15.82
9.08
6.49
8.76
12.9
0
0.13
0.13
0
17.83
4.95
4.45
5.13
24.25
10.7
3.88
0
0.14
0
0.22
0.15
0.6
5.52
6.02
7.58
1.11
0.39
0.01
0.2
10
9.61
0.47
1.3
9.81
3.87
0.1
0.04
0
0
2.83
21.43
37.6
8.05
0.73
2.95
0.85
2.2
2.42
1.96
0.33
0.96
1.72
13.93
5.07
8
2.49
6.03
2.82
0
0.33
0.58
0.25
0.53
0.35
0.84
2.51
0
2.7
3.65
2.2
0
0.16
1.09
15.84
5.34
0
0.11
0.04
0.15
0
0.13
7.27
0.23
0.32
0.06
0.08
0.98
0
0.47
0.99
0.25
2.06
16.07
6
1.5
0.31
0
0
0.23
0.09
0.86
0.14
0.07
0.23
0.36
2.66
0.36
1.01
2.98
7.57
1.93
6.79
5.38
5.83
4.77
14.19
20.2
22.2
7.97
4.28
3.29
1.72
2.89
0.19
0.11
0.41
3.64
1.19
0.05
1.27
1.88
0.45
0
0
0
0.13
0
0.35
8.88
3.2
14.98
5.68
2.4
13.74
4
0
2.65
6.29
12.31
6.53
1.64
0
0
0.01
0.53
15.7
1.32
0.03
0
0.24
0.02
0.01
0
0
0
0
0
0
0
0
0
0
0
0
0
0
0.01
0
0
0
0
0
0
0.01
0
0.03
0.42
5.06
8.44
0.69
1.19
0.74
0.8
0.77
0.5
6.27
2.73
2.46
5.13
5.41
2.09
11.49
9.11
3.22
0.2
0.08
0.35
0
0
0.08
1.77
0
0.17
0
2
0.13
0.11
0.88
0.46
0.18
2.75
0.1
0
0.01
0
0.09
0
3.22
8.63
5.88
0.73
0
1.57
1.23
2.84
2.74
0
0
0
0
0.23
0
1.24
0.71
0.45
0
7.15
2.27
1.54
1.67
9.09
7.25
8.76
0.22
0.29
0.6
11.4
4.38
0.12
1.34
1.11
4.05
2.77
0
0
0
0
0.23
0
0.34
0
0
0
0
0
0
0
0
0.04
0.07
5.31
1.32
0
0
0.16
0
0
0
0.02
0.01
0.02
0.23
0.39
0
0
0.03
0
0
0
0
0
0
0
0
0.02
0.23
0
0
0
0.01
0
0
0
0
0
0
0
0.01
0.01
0.02
0
0
0.02
0
0
0
0
0
0.1
0
0
0.02
0
0.01
0.01
0.19
0.02
0.37
0.02
0
0
0
0
0
0
0
0
0
0
0
0
0
0.16
0.63
1.87
1.28
0
0
0
0
0.01
0
0.02
0
0.02
0.08
1.22
16.86
16.43
3.34
1.26
1.8
3.69
14.63
7.01
0
0.06
8.02
7.84
2.1
0
0
0.04
22
9.46
1.33
0.02
1.49
5.3
1.15
3.4
0.28
0
0
14.88
5.96
0.06
0.11
0.16
0.01
0.01
0
0
2.28
1.64
3.36
22.32
16.23
16.94
16.4
2.53
0.65
0
0.02
0.04
0.02
0
0
1
0.04
0.23
0
0.04
0.07
0.17
0.02
0
0.01
0
0.15
0.12
0.38
3.1
0.27
0
0.02
0
0.02
0.01
0
0
0
0
0.29
0.02
0.05
0.02
0
0
0
0
0
0
0
0
0
0
0
0
0.01
0
0
0.01
0
0
0.14
0
0.2
0.2
0.15
0.59
14.26
9.23
2.1
0.07
0.06
0.18
0.33
0
0
0.15
3.73
2.59
8.01
0.34
1.21
0.48
0.42
0.33
0
0
0.08
0.09
0.05
0
0
0
0
0
0.52
0.03
0
0.01
0.48
1.4
0.62
4.51
5.23
10.53
13.23
14.52
1.34
0.04
0.16
0
0
0
1.83
2.07
0.56
0.24
0
0
0
0.07
0
1.32
0.19
0.09
16.02
3.84
0.21
0
0
0
0
0
0
0
0.01
0
0
0
0
0
0
0
0
1.25
7.8
1.12
0
0
0
0
0.01
0
0.03
0.01
5.73
8.14
4.2
1.04
1.22
3.82
2.11
2.03
2.95
5.61
5.01
0.61
1
0
1.01
0
0.63
0.33
0.07
0.04
0
1.22
0.07
0
3.33
0.31
0
0.44
4.36
0.73
0.8
4.06
6.12
3.56
5.57
0.31
3.63
0.7
0.34
4.04
1.42
0.75
0
0.03
0.22
0
0.01
0
0
0
0
0
0
0
0
0
0.05
1.16
5.86
5.38
8.57
0.59
0
0.11
0
0.03
0.07
0.04
0
1.51
0.32
0.39
1.08
0.09
0.02
0
0
0
0
0
0.01
0
0.02
0
0.05
0
0
0
0
0
0
0
0
0
0.02
1.14
0
0.95
0
0.02
0.02
0
0
0.05
0
0
0
0
0
0
0.06
0.09
0.08
0
0.01
0
0
0
0.02
1.02
0
0.01
0.08
1.05
0.08
0
0
0.38
0
0
0
0
0
0
0
0
1.63
0
0
0.03
0
0.17
0.01
0.07
0
0
0.02
1.04
5.66
0
0.02
0
0.04
0
0.08
0.01
0
0.01
0.01
0
0.02
0
0
0.05
0
0
0.21
0.78
0
0
0
0.02
0.01
0.01
0
0
0
0
0
0
0
0
0
0
0
0
0
0
0.07
3.44
0.36
0.06
0
0
0.01
0
0.27
8.48
1.48
4.66
0.38
0.07
1.02
0.04
0.02
0.01
0.13
0.09
0.03
4.9
3.04
5.56
0
0.02
17.41
11.89
1.9
0.39
0
0.03
0.04
10.42
24.48
31.72
28.32
6.75
0.11
0.7
1.74
0.25
0.44
4.45
5.8
7.95
1.7
0.13
0
0.28
0.03
0
0.01
0.01
0
0
0.14
0.45
0.08
0
0.04
0.01
0.01
0.02
0.02
0
0.04
0.02
0.12
0.08
0
0
0.01
0.6
0.06
0.15
0.01
0
0.21
0
0
0.04
0
0.03
0
0
0
0.01
0
0
0.02
0
0
0
0.01
0.02
0
0
0
0
0
0.01
0
0
0
0
0
0.05
0.95
0.76
0.02
0.02
0.02
0
0.04
0.17
7.43
2.76
4.32
11.37
1.28
0.71
5.67
3.73
10.42
9.55
3.3
0.32
1.13
3.96
2.83
4.45
11.34
5.5
1.15
5.74
5.49
2.09
0.43
0.6
5.84
8.05
1.47
0.14
0.55
0.85
0
0
8.82
0.91
0.13
0.02
0.01
0.03
0.05
0.01
0.21
0
0.02
6.48
5.02
0.44
0
0
0.68
19.74
6.02
0.07
5.63
9.86
2
0.71
0
0
0.02
0.41
4.66
0.66
0
0.01
0.36
1.01
1.02
8.34
16.07
1.37
0.48
0.41
0
0.04
0
2.68
17.58
18.48
0.42
0.02
0.1
0.37
0.3
3.36
2.32
0.19
0
0.13
0.23
6.55
9.59
0.1
0.45
4.53
0.52
0
0
0
0.02
0
0
0
0.2
0.04
4.29
0.61
0.32
0.04
0.31
4.96
1.8
1.63
1.53
0.85
0
0.02
0
0.01
1.02
0.04
1.11
0.01
0
0.04
0.02
0
0.37
0.55
0
0.18
3.3
0.14
0.02
2.09
3.27
1
0
0.02
0.03
0.02
0
0
0
0.04
0
0
0
0
0.01
0
0
0
0
0
0.31
11
0.06
0
0.18
0
0
0
0
0
0
0
0
0
0
0
0
0
0
0
0.32
0.02
0
0
0
0
0
1.13
4.83
0.02
0
0.01
0.01
0.02
0
0.01
0
0
0
0.01
0
0.2
0.05
2.37
0.26
0
0
0
0.03
0.02
7.77
3.99
1.38
0.97
0.04
1.99
1.71
0
0.01
0
0
0
0
0
0.01
0
0.27
2.69
3.67
2.34
1.71
4.76
2.02
0
0
0.02
0.08
0.01
0
0
0
0
0
0
0
0
0
0
0
0
0
0
0
0
0.01
0
0
0
0
0.01
0
0
0
0
0
0.03
0
0.24
0
0.47
0.11
0
0
0
1.51
13.14
7.43
6.48
0.97
1.3
11.28
3.22
8.05
5.68
0.23
0.71
0.04
0
3.06
1.72
6.74
1.48
0.02
0
0
0.02
0.02
0.14
0.24
0
0.04
0
11.71
4.99
1.88
1.2
1.89
6.8
0.3
0.01
0
3.25
8.83
0.29
0.05
0.32
0
0
9.4
2.32
5.2
4.88
6.17
4.63
0.21
1.22
0.74
0.73
0
0.38
0
0.29
0.14
0
0
0
0
0
0.36
0
0.29
0
2.49
0.73
0
4.87
4.1
5.34
5.31
8.41
4.47
7.35
1.63
1.2
1.01
0
0.15
0.1
0.11
0.06
0
0
0
0.59
0.09
3.92
1.98
0.2
0
2.61
3.14
0
0
0
0
0
0.13
0
0.01
0.01
1.88
1.82
2.04
0.46
11.28
19.16
7.44
3.9
17.89
17.93
7.09
1.03
1.01
0.3
5.5
12.57
2.6
5.83
1.02
2.88
1.47
0.29
1.64
0.53
2.74
0.62
0.09
14.3
27.37
10.12
3.27
14.53
9.55
2.24
0.23
0
5.81
3.09
0
0.09
0.01
0.02
0.04
0.01
0.01
0
0.01
2.51
8.31
4.16
0.32
0.07
0.62
4.25
0.98
0.2
0
0
0
0
0
0
0.36
0.33
0.11
0.03
0.05
0.07
0.09
0
2.64
21.32
4.64
20.86
17.32
1.39
0.17
4.6
6.77
7.39
3.63
0.55
2.19
1.04
7.46
0.78
0.16
0.15
0
0.01
0.01
0.03
0.1
0.34
0.51
0
0.01
0.02
2.09
1.53
2.52
2.68
0.99
11.52
15.18
0.64
0.11
0.02
0.01
0
0
0
0
0
0.02
2.3
5.09
3.59
4.18
7.21
6.14
1.95
0
0
0
0.83
0
1.01
0
1.2
6.85
0.65
0
0.04
0.01
0
0
0.02
0.01
2.01
0.08
0.78
3.37
1.04
0
0
0.01
0
0
0.01
0
0
0
0
0
0
0.07
0
0
0.36
0.01
0.02
0
0.01
0.03
0
0
0
0
0.03
0
0.02
0
0.05
0
0
0
1.06
0
0.02
0
0
0.01
0
0
0
0
0
0
0.01
0
0
0
0
0
0
0
0.01
0.5
9.43
15.37
4.74
2.7
0
0.69
0.41
0.54
0.93
1.63
0.21
1.45
14.61
4.95
0.4
5.86
0.13
0.71
5.8
1.2
0
0
0
0
0
0
0.01
0.47
0.02
9.67
3.03
0.1
0
0.34
4.56
4.48
1.03
0.04
0
0
0
0.02
2.58
6.02
0.04
0.09
0.54
8.47
11.55
8.35
3.09
0.04
0
0
0
0.02
0
4
0.01
0
0
0
0
0.01
0.35
0
0.05
0.03
2.48
0.3
0
0.01
24.51
10.2
2.62
1.52
0.21
0.23
0
0.19
0.18
1.32
3.86
13.57
4.73
10.09
3.81
0.49
0.14
0.82
0.04
0.02
0.13
0
0.31
0
0.01
0.01
0.06
0
0
0
0
0
0
0.35
0.06
0.03
2.89
0.73
0.01
0
0.25
0.01
1.31
3.7
6.44
2.69
3.1
3.66
4.39
4.77
7.08
1.68
7.3
9.36
14.22
5.99
1.53
10.8
10.57
12.87
19.12
12.54
4.32
2.63
4.11
2.32
1.04
2.32
1.39
1.04
4.65
0.34
0.46
0.52
0.2
15.98
3.73
1.03
0.37
0.58
0
1.27
0.79
0.18
0.13
1.9
0.94
2.63
1.78
0.03
0
0.01
0.01
0.79
0.7
0.35
0.39
0.12
0.14
0
0
0
0
0
0
0.23
0
0.03
0
0
0
0
0
0
0
0
0
0.05
0.25
0.12
0
0.12
1.76
2.2
0.2
0.08
0
0
0.04
0
0.45
3.81
1.85
0.17
2.39
0.45
0.11
0
0.02
0.66
1.13
1.55
0.29
0.01
0.02
0
0
0.59
0.59
0.02
0.14
1.39
2.73
0.18
0
0
0
0
0
0
0
0
0
0.35
0.81
0.14
0
0.01
0.27
0
0
0.07
0
0
0.04
0.77
3.8
1.1
3.18
3.25
2.04
2.38
0.78
0.95
2.04
4.96
0.98
0.01
0
0
0
0
0
0
0
0.04
0
0
0
0
0
0
0
0.02
0
0
1.43
3.43
10.35
5.21
0.14
0.64
0.68
0.13
0
0
0.06
0.22
1.54
0.14
0
0
0
2.3
0.53
0
0.3
0.42
0.01
0
0
0
0
0
0
0
0
0.03
0
0
0
0
0
0.04
0.26
0
0.01
0
0
0.02
0
0
0
0
0
0
0
0
0
0.16
1.86
40.2
4.77
2.87
0.98
0.8
0.01
0
0
0
0
0
0
0
0
0
0
0
0
0
0
0
0
0
0
0.01
0
0.01
0
0.01
0.35
0.09
0
0
0
0
0.03
0
0
0
0
0.01
0
0.05
0
0
0
0
0
0
0
0
0
0
0
0
0
0
0
0
0
0.02
0
0
0
0
0
0.06
0
0.02
1.56
8.1
3.1
0.86
1.03
0
0.05
0
0
0
0.01
0.01
0
0
0
0
0
0
0
0
0
0
0
0
0
0
0.01
0
0.39
0.29
0.29
8.75
2.77
0
0
0.05
6.96
2.88
0.98
0.71
0.29
0.37
4.8
2.07
12.67
0
0.29
0.1
4.87
0.69
0.56
0.86
3.05
1.22
0.15
0
0.03
0
0
0.06
0.11
0.16
4.63
8.39
1.73
0.33
0
0
0.01
0
0
0
0
0
0
0.18
0.3
0.14
0.19
0.87
0.46
0.34
2.94
1.04
1.32
1.04
0.04
0.02
0
0.72
0.55
0.09
0
0.08
0.06
0.02
2.89
0.89
1.07
0.33
0.16
0.4
9.8
5.57
11.55
8
1.13
5.59
5.17
2.98
0.76
1.32
0.4
0.04
3.77
2.66
0.63
0.36
0.13
0.07
0
0
0
0.01
0.5
15.73
5.56
0.79
0.07
0
0.17
2.78
0.56
0.04
0.01
0.01
0
0
0.01
0.01
0
0
0
0
0
0
0.01
0
0
0.02
0.01
1.42
8.98
2.53
0
0.02
0.82
0.2
2.18
0.41
2.43
4.46
9.31
14.88
4.88
0.72
0.04
0.02
0.01
0.03
0
0.04
0
0.89
3.3
1.61
5.95
8.1
2.58
3.7
5.94
17.23
4.55
3.39
3.71
0.4
0.11
1.65
6.94
1.16
0.13
0.35
0.02
0.66
0.01
0.02
2.6
16.93
8.04
1.9
0.2
0.09
0.61
4.17
0.98
5.08
7.09
0.33
0.59
0.06
0.12
6.38
7.97
1.53
0.28
2.61
14.05
11.16
3.82
2.97
7.9
10.12
7.31
19.89
3.06
2.45
3.97
8.01
2.89
12.91
5.98
4.08
0.33
0.13
0.53
0.43
0
1.81
7.34
9.99
13.04
0.72
1.07
0
5.75
6.38
2.69
0.81
0
10.86
5.8
0.01
2.7
1.6
0.25
0
0
0
0.26
0.21
4.55
0.51
0
0.01
0
0
0.04
3.41
17.79
2.73
2.77
0.39
0.3
0.02
0.01
0
0.01
0.01
15.61
4.71
0.84
0
0
0.11
0.02
0
0
0
0
0.48
0.01
0
0
0.55
0.19
0
0
0
0
0
0
0
0
0
0.45
0.24
0.12
0
0.03
0
0.14
0
0.1
0
0
0
0
0
0
0
0.46
1.58
0.3
0
0
1.64
3.72
0.11
0
0
0
0
0.25
0.35
0.96
0.99
6.55
1.11
0
0
0.01
3.93
3
0.23
0.5
0
0
0
1.55
0
0.21
17.34
0.58
0.02
0
0.4
0
0
0
0
0
0
0
0.02
0.52
0.91
14.89
5.57
0.24
0
1.74
0.94
0.37
0.01
0.09
0
0.01
0
0
1
0.39
0
0.15
0.14
2.7
0.2
0.04
0.19
0
0.04
0
0.01
0
0
2.53
5.07
1.89
0.15
0.18
0.09
0.37
0.01
0
0.12
0
0
0
0.01
0.07
0
0.04
0.11
0
0.46
0.13
0
0
0.87
1.09
0.96
0.22
4.32
1.19
0.65
1.28
0.48
0.03
0
0.01
0
0
0.27
0
0
0
1.77
0.1
0
0
0
0
0.8
5.34
4.31
5.03
2.78
2.16
3.12
16.88
5.98
1.21
8.07
1.4
0.45
0.27
0.41
0.33
0.96
8.97
9.74
1.38
1.69
1.29
3.46
8.07
7.19
7.91
6.76
0.24
1.21
6.59
0.82
0
0
0.04
0.01
0.03
0.02
0.09
0
0.62
7.76
12.45
22.65
17.11
10.77
11.88
12.96
4.17
1.69
3.95
2.91
4.76
0.55
0.29
0.75
0.57
1.73
2.2
1.8
0.35
0.45
0.41
0.6
0.09
0.06
0
3.41
0.75
0.38
0.36
3.54
1.5
4.12
7.7
1.2
1.77
2.43
2.53
0.1
0.16
0.81
1.47
3.64
11.85
3.99
1.18
0.41
0
3.25
1.6
0.08
0
0
0
0.06
0.02
0
0
0.11
0
0.48
0
0
0
0
0.02
0
0.01
0.59
0.67
0.72
0.18
0.27
0
0.01
0
0
0
0
0.11
0
0.09
0.35
0.28
0.7
0
0.38
0.35
0
1.41
5
5.78
3.61
1.78
0.13
0.14
0.85
1.93
0.49
0
0
0.02
2.31
3.46
1.11
1.56
0.63
0.59
1.64
3.61
1.13
0
0.4
0
0
0
0
0
0
0.08
0.05
0
0
0
0.79
1.15
0.17
0.07
0
0.33
0
0
0.18
1.58
8.54
13.55
3.49
0.05
0.4
0.74
1.19
0
3.74
2.55
0
0
0
0.02
0
0
0.17
0
0
0
0.01
0.03
0
0
0
0.26
0.02
0
0
0
0
0.01
0
0.03
0
0.02
0
0.02
0
0
0
0.05
0
0.8
0.2
8.06
1.14
0
0.72
0.01
0
0
0.03
0.05
1.81
0.01
0.01
0
0.53
1.63
0.14
0.04
0
0
0
0
0
0
0.01
0
0
0
0.28
0
0
0.04
0.65
0.02
0.04
0.66
0
3.58
23.3
5.3
9.86
9.35
4.06
0.98
1.7
0.25
0
0
0
0
0
0
0
0.04
0.69
5.76
31.43
24.13
2.57
0.25
0.18
6.55
2.09
0
1.21
5.67
12.68
8.07
1.52
4.72
6.65
4.84
1.88
1.13
0.36
3.15
1.64
11.16
3.7
0.34
0.39
0.7
3.31
5.37
14.23
5.3
0.14
0.1
0.23
0.99
5.84
8.2
6.32
0.69
0.05
0.39
3.23
4.32
11.48
34.88
12.57
4.85
6.21
2.62
0.16
0
0.96
0.2
0
0
0.1
0.09
0.06
0.14
0
2.39
1.15
0.71
0.86
0.32
0.66
0.31
0.11
0.07
12.18
21.66
3.22
0.66
5.27
2.71
0.23
0.52
0.56
9.07
7.48
0.89
0.05
0.04
0
0
0
0.11
0.07
0.01
0
0
0
0.01
0
0.05
0.02
9.76
12.72
8.23
0.48
0.04
0.04
0
0
0
0
0
0
0
0
0
0
0.16
0.05
0.9
8.16
3.77
0.68
14.23
7.7
2.52
1.02
1.13
3.59
0.39
0
0.69
0.07
0
0
0
0
0.02
0.05
0.3
0.09
0.06
0
0
0
0
0
0.13
0
0.03
0.01
0.27
1.51
0.78
0.23
0
0.02
0
0
0.01
0.07
0
0
0
0
0.02
0
0
0
0.05
0
0
0
0
0.01
0
0.01
0
0
0
0
0
0.02
0.08
0
0
0.04
1.02
1.02
2.15
2.76
1.31
0.34
2.11
4
0.51
0
0
0.01
0.01
0
0.01
0
0
0
6.02
3.29
0.38
0
0.01
0.01
0.01
0.2
0
0.02
0
0.13
0.09
0.12
1.03
2.87
0.28
0.13
0.02
5.31
2.57
0.33
0.23
3.38
1.45
1.78
0.92
1.56
0.42
0.01
0.02
0
0
0.01
0.08
0.07
0.09
0
5.73
8.2
11.42
12.78
6.2
3.66
0.1
0
0
0.01
0.02
0.16
0.06
0
0
0
0
1.09
9.4
13.63
5.89
7.24
2.12
3.17
0.05
4.25
4.14
2.34
6.12
0.36
0.46
6.54
4.02
0.01
0
0
0.3
0
0.04
0
0
0
0.05
0
0.01
0
0.13
0
0
0
0
0
0
0
0
0
0
0
1.13
0.72
0.93
1.05
0
0
0
0
0
0.02
0
0
0
0
0
2.42
1.07
0
0.54
0.17
0.56
0
0
0
0
0.01
0
0.04
0.13
2.64
0.65
0
0.01
0.08
0.73
3.14
4.17
0.46
0.01
0
1.59
0
0.15
0
0
0
0.03
0
0
0
0
0
0
0
0.59
0.2
1.94
0.61
0.01
0.04
0
0
0.01
0
0
0
0.03
0
0.04
0.06
0.01
0
0
0
0
0
0.01
0.02
0.01
0.46
0.03
0
0.02
0
0.01
0
0
0
0
0.14
0.13
4.49
0.62
4.79
4.31
1.95
1.01
6.55
5.5
3.41
0.27
0.01
0
0.34
0
0
0.09
0.07
0.05
4.65
2.01
2.27
6.18
6.9
5.08
20.18
7.94
3.72
0
0
0
0.21
0
0
0
0
0
0
0
0
0
0
0.01
0.02
0.13
0.86
0
0
0
0
0
0.09
0.62
0.13
0.01
0
0
0
0.03
0
0
0
0
0.01
0
0.09
0.06
0.11
1.13
12.11
11.06
4.52
12.84
11.01
9.6
4.69
0.49
0.27
0.07
0.11
0.1
0.08
0.1
0.15
4.34
1.68
8.76
8.05
2.93
3.77
2.64
0
0.15
0.13
0.16
0.14
0.4
0.36
0.24
0.34
0
0
0.12
0.09
0
0.16
3.3
2.85
0.69
3.07
0.67
1.95
1.47
3.22
8.59
2.02
0.58
0.33
3.94
0.56
0
0.02
0
6.92
7.64
3.01
2.39
5.04
1.91
0.7
0.56
6.22
0.27
0.01
0.02
0
0
0.12
0.04
0.08
0
0.02
2.18
0.1
0.09
0
0.01
0.07
0.1
3.52
7.48
1.23
1.58
0.31
0.23
0.03
0.05
0
0.21
0.55
8.25
7.7
11.05
2.74
3.36
3.63
3.4
0.84
1.73
1.79
0.2
0
0.3
9.52
2.59
3.23
0.02
0.11
0.06
0
3.89
4.7
4.17
0.65
0.87
1.79
0.8
0.02
0
4.82
1.54
0.86
0.8
5.37
0.07
1.46
1.52
4.85
5.9
12.55
5
1.26
0.27
4.81
7.9
0.64
0.2
0.25
0
0.07
0.04
1.74
0.45
0
0
1.05
2.25
2.22
0.02
0
0
0
0.13
0
0.02
0.05
5.82
2.8
0.01
0.11
0.02
0.23
0
0
0
0
1.2
1.1
0
0.07
0.17
0
0
0.19
0.08
1.04
2.73
15.36
16.52
0.93
0.21
4.39
4.27
0.07
0.16
0.18
2.99
3.61
0.49
1.43
2.32
0
0.09
0
0
0
3.94
6.3
1.2
0
0.02
0.02
0
0
0.33
3.13
7.23
0.02
0
0
0
0.02
0.02
0
0
0
0
0
0.23
0.02
0
0.01
0
0
0
0
0.02
0
0
0
0
0
0
0.06
0.02
0
0
0.05
0
0.12
1.16
0.41
9.65
6.77
0.08
0
0.01
0.13
0.05
0.01
0
0
0
0
0
0
0.09
0.01
0.01
0
0
0
0
0
0
0
0
0.02
0.1
0.13
0.11
0
0
0
0.03
0
0
0.04
0
0
0.01
0.06
0.02
0.04
0
0
0
0.02
0
0.39
0.34
0
0
0.04
1.49
1.3
0.19
0
0
0
5.71
3.57
0.2
0
0.01
0.62
0.76
0
0.03
1.44
0.05
0.07
0
0.02
0.01
0
0
0
0
0.02
0
0.1
0
0
0
0
0.2
0
0.08
0.28
17.39
5.57
19.89
7.77
3.12
1.96
0.13
1.13
10.26
0.63
0.06
0
0
0
0.01
0
0
0
0
0
0
0
0
0
0
0
0.01
0.02
0.01
0.02
0
0
0
0
0
0
0
0.07
2.55
6.82
1.8
0
0
0
0
0
0
0
0
0
0.09
0
0.01
0
0
0
0.01
0
0
0.82
4.2
7.45
3.7
7.98
2.84
0
1.82
1.48
0.23
1.43
0.8
0.1
0.01
0.02
0
0
0
0.2
0
0.01
0
0
14.31
16.1
2.2
3.88
5.49
2.79
3.46
1.05
0.75
2.7
0.86
0.45
0.09
0.04
0
0
0.01
0.01
0.01
0.09
0.51
0.54
0.16
0.89
6.75
4.88
1.83
0.18
0.2
0.3
0.25
2.8
0.39
0.91
9.64
0.73
0.26
0
0
2.04
5.28
2.62
4.49
0.64
0
0
0
0
0
0.07
0.11
0.03
5.54
1.11
0.4
0.19
0.04
0.75
6.44
1.48
0.03
0.05
0.04
0.08
0
0
0
0
0
0.05
0.02
0.34
26.65
15.8
1.17
0
27.17
9.8
7.78
2.62
3.17
1.27
0.16
0
0.13
0.32
0
0
0
0.01
0
0.23
0.04
0.13
8.88
3.67
0.18
0.21
0.06
0.47
0.19
4.75
5.73
15.56
7.75
3.54
4.77
0.22
0.11
0.18
7.23
7.49
5.46
0.02
3.02
3.76
5.58
1.97
0.04
0.05
0.04
0.22
0.25
3.32
2.29
2.71
0.15
0.59
0
0
1.57
7.57
4.19
0.03
0.05
0.58
0.2
0.7
0.18
1.46
0.69
0
0
0
0.01
0
0
0
0.01
0.01
0.01
0
0
0
0.03
0.04
0.01
0
0
0.01
0
0.02
0
0
0
0.01
0
0.02
0
0
0.01
0.1
0
0
0.01
0.02
0.19
0.31
0.54
0.08
0.38
0.06
0.05
0.17
0
0
0
0.02
0
2.57
21.15
5.02
0
0
0
0.08
5.05
1.46
0.42
0
0
0
0.02
0.03
0
0.06
0
0.19
0.01
0
0.88
0.71
0
5.28
10.52
18.89
3.02
1.03
0.16
0
0
2.63
5.34
3.08
0.59
0.03
0.22
0
0
0.01
0
0.02
0.02
0
0.06
1.12
5.11
3.47
0
0
0
0.05
0.02
0.01
0
0.01
0.01
0.04
0.04
0.27
0
0
1.79
0.88
0.06
0.06
0
0
0.04
0
0
0
0.44
0.48
0.17
0
0
0.18
0.43
0.83
0.2
0.02
0
0
0.06
0
0.04
0.2
0.11
0.25
4.36
0.11
0.01
0
0
0.09
0.01
0.11
0
0
0.09
0
0.87
1.6
0.36
0
0
6.44
0.32
0.28
3.66
3.21
0.72
0.23
0
0.01
0
0.1
1.29
4.22
7.84
8.57
2.62
9.06
2.24
2.35
0.3
0.09
0
0
0
0
0
0
0
0.01
0
0
0
0.22
0
0
0
0
0
0
0
0
0.01
0
0
0
0
0
0
0
0
0
0
0
0.03
0.05
0.1
0.14
0.22
0.38
0.45
2.22
5.96
6.41
4.53
1.71
3.18
10.26
9.61
1.89
0.18
0
0.27
0
1.16
0.23
0.13
0.03
0
0
0.1
4.27
7.13
6.98
1.31
0
0.01
0
0
0
0.01
0
0
0
0
0
0.01
0.05
0.14
0
5.72
2.2
0.07
0.18
0
3.28
1.14
0.24
1.41
0.09
0.2
0.03
0
0.09
0.08
0.29
0
0.01
0
0
0
0
0
0
0
0
0
13.55
19.84
10.55
2.95
0.03
0
0.09
0.05
0.26
1.13
0
0.15
1.81
0.75
11.52
9.58
3.45
1.65
0.9
5.54
0.05
0.92
0
3.02
1.52
0.66
0.1
0.45
0
0
0
0.1
0
0
0
0.13
10.66
11.32
2.6
0
2.62
0.89
0.21
0
0
0
0
0
0
0.01
0.14
0.16
0.91
0.01
2.79
10.46
4.34
1.25
0
0
0
0.12
0
0
0.04
0
1.32
0.64
0
0.08
0
0.64
1.48
0.74
2.09
3.54
3.34
2.65
6.46
3.53
1.49
1.51
0.45
1.52
3.5
3.46
0.21
3.02
0.64
0.97
0.92
5.12
8.1
2.74
0.46
0.04
0.02
0
9.13
2.32
0
0
0
0.2
2.82
0.52
0.71
0
0
4.11
0.28
0.02
0
3.59
0.84
0
0.02
0
0.01
2.14
0
0.14
0
0
0
0
0.03
0
0
0
0
0
5.18
7.11
0
0.01
0
0.04
0
0.09
3.98
0.98
1.47
6.9
0.23
5.77
14.7
11.1
3.15
0
0
0
0
0.09
0.07
0.02
0.02
0
0
0.32
0
0
7.31
1.39
0
0.1
0
0
0.01
0.01
0
0.02
0.2
0.01
1.02
4.78
7.42
12.08
1.92
0
1.97
1.35
0.36
2.74
0.55
0
0.08
0
0
0.4
12.18
18.95
13.48
2.33
6.38
0.71
0.3
1.32
2.2
1.69
1.05
0
0.06
0.86
8.58
2.16
0.57
6.3
3.18
0.35
0.01
0
4.19
1.63
0.4
1.15
0.01
4.59
1.53
10.09
8.15
6.88
5.78
1.26
0
0
0
0
0.02
0.04
0
0
0
0
0
0
0
0
0
0
0
0
0.37
0.44
2.27
0.28
4.41
9.51
2.99
0.45
0.03
0.04
0.05
0
0.2
0.11
0
0.04
3.73
8.71
19.69
4.17
0.13
0
0.48
5.45
4.2
0.64
0.04
0
4.67
16.54
25.9
8.96
10.86
1.3
0
0.13
3.26
0.3
0.13
0
2.8
4.88
0.79
6.34
5.06
0.2
0.12
0
0.87
0.18
20.23
4.2
7.28
1.85
1.39
2.76
2.05
9.69
5.96
0.85
3.25
2.17
0.38
3.73
7.87
2.35
0.06
0
0.08
0
1.12
3.51
7.11
3.01
7.47
0.83
0.06
0.05
0.49
5.39
8.04
8.67
4.41
1.75
8.41
4.21
1.86
0.64
1.31
0.54
0
0.01
0
0.04
0.02
0.07
0
0.1
0
0.97
7.49
4.41
0
0.12
0
0
0.01
0.07
3.38
0.63
0.09
18.11
5.09
4.62
0.01
0.3
0.04
2.82
0.02
0.12
0
0.01
0.05
0
0
0.47
0.03
1.69
0.15
0.07
0
0.01
0
0
0
2.77
4.8
1.41
0.73
0
0
0
0
0.02
0
0
0.34
0.02
0.13
0.8
3.16
1.24
0.69
0.44
4.24
1.95
0
0
0.54
0.07
0
0.05
5.29
1.04
0.02
0.19
4.03
0.31
1.89
1.11
0.16
1.7
4.05
0.46
1.77
0
0.64
0.02
0
3.02
11.77
8.63
6.77
6.5
3.09
0.09
0.03
0.37
0
0
4.57
1.32
0.63
17.11
4.84
0.01
0
0
1.05
0
1.98
0.38
0.6
5.63
0
0
0
0
0
0
0
0.01
0
0.22
0
0
0.02
0.66
0.55
0.02
1.39
0.03
0
0.01
0
2.37
7.18
6.62
0
0
0
0
0.01
0.08
10.05
2.87
1.14
0.09
0
0.82
0.02
0.2
0
0
0.05
16.69
2.48
0
0
0.01
0.01
0.07
0.02
0.05
0
0
0
0.01
0.01
0.2
0.05
1.99
2.7
1.04
0
0
0.02
0.02
0.02
0.34
0.26
0.3
0
0
0
0
0.01
0.01
0
0
0
0
0.04
0
0
0
0
0
0
0.05
0
13.21
1.01
0
0.72
0.91
0.79
1.59
1.81
0.11
0
0
0
0
0
0
0
0
4.39
16.17
6.12
9.47
9.04
1.14
0
0
0
0
0
0.02
9.05
18.64
4.08
4.01
2.01
10.03
0.17
0
1.25
0.33
0
0.03
0
0
0.17
0.02
0
0.15
0.07
0.13
0.2
0.26
0.13
0
0.02
0
0.14
0
0
0
0
0.08
1.65
2.33
8.6
2.16
0
0
0
0.13
0.03
1.41
2.34
6.3
15.68
3.05
0.13
0.91
7.13
5.86
2.12
27.98
7.45
1.28
2
0.43
0.66
0
0
0.3
3.67
0.12
0.01
1.98
5.79
5.91
1.12
0.59
0
0
0.23
0.31
12.15
3.43
0.16
0.02
0.76
0.2
0.05
0.12
0
0.05
0
0.14
0
0.07
1.79
2.58
1.39
4.74
4.79
2.65
1.18
0.67
2.77
0.88
4.01
0.93
0.2
0.93
1.03
0.11
2.08
11.23
3.27
0.16
0.14
0.09
1.07
1.18
0
0
0.23
0.06
1.91
4.97
5.43
2.29
0
0
1.07
4.39
4.73
2.38
2.45
7.79
1.39
0.3
0.29
7.51
9.8
13.98
7.28
12.78
7.6
5.86
13.36
11.21
1.53
0.13
0.06
0
0
0.15
0
0.02
8.55
1.08
0
0.38
0.98
2.46
0.28
0.16
0
0
0
0.12
0.03
0
0.18
0.02
0.11
1.54
0.2
0.52
3.86
0.53
0
8.88
6.31
0.54
0
0.14
0.36
1.15
1.92
0.66
0.13
0
0
0.09
1.25
0.14
0.19
0
0
0
1.25
1.25
15.2
11.46
3.53
5.68
6.37
1.79
1.61
1.16
9.41
8.12
3.48
0.56
0.03
0
0.71
0.09
0
0
0
0.09
0
0
0.2
0.01
0
3.57
8.27
10.56
16.28
6.3
0.23
0.27
0.23
5.73
3.53
2.26
0.4
0
0
0.02
0.07
0.48
0.26
0.24
0.02
6.8
3.37
0
0.51
0
1.8
0.45
1.09
0.72
2.67
9.66
4.66
2.67
0
0.04
0.04
0
0.07
0.01
0
0.16
1
0.01
0
0
0
0
0.05
0
0.01
0
0
0.03
0
0
0
0.02
0
0
0
0
0
0
0
0.02
0
0
0
0
0.01
0.01
0
0
0
0.01
0
0
0.01
0
0.02
0
0.01
0
0
0.08
0
0
0.02
0
0.02
0
0
0
0
0.04
0.09
0
0
0.01
0
0.08
0
0.06
0.02
0
0.07
7.28
6.92
0.77
0.13
0
0
0
0
0
0
0
0
0
0
0
0.01
0
0.01
0
0
0
0
0
0
0
0
0
0
0.26
0
0.01
0
0
0
0
0
0
0
0
0
7.01
1.44
0
0.64
0.19
0.34
0
0
0
0
0
0
0
0.11
0.07
0
0
0
0
0
0.02
0.09
0
0.01
0.02
0.38
3.85
1.06
1.38
0.5
0.01
0.17
0
0
0.13
0
0
0
0.2
0
0
0
0.09
0.02
0.02
0.88
0.08
0.22
0
1.48
10.05
9.34
1.65
0.48
2.41
10.32
9.76
2.55
0.56
4.6
4.57
6.3
3.39
4.62
1.6
0.2
0.22
1.88
1.48
1.26
1.14
2.94
5.34
11.97
7.23
6.09
2.4
0.26
8.32
2.47
0.43
1.34
10.38
1.6
0
1.7
6.38
2.02
0.75
0.05
0.09
0.51
0
0
0.32
0.42
3.36
18.53
16.08
2.64
7.7
2.93
0
0.84
1.45
14.5
21.61
8
1.07
0
0.2
3.03
7.85
1.7
5.41
5.3
3.29
6.6
2.31
8.74
13.49
10.6
6.8
7.05
5.36
1.09
0.23
0
0.11
0.03
0
0.1
0.13
0
0
0.18
0.13
0.27
2.05
0.67
0.16
0.01
0.1
0
0.87
4.63
4.22
0.34
0.11
0.05
0.01
0
3.48
0.65
5.65
5.88
6.86
5.32
5.06
1.62
2.04
2.23
3.3
8.94
3.92
1.73
1.04
0.59
0.21
0.09
0.1
0.1
2.13
8.21
2.72
0.28
0
2.84
10.81
4.02
1.39
0.12
16.39
14.37
1.58
0.5
0.03
0
0.06
0.03
0.09
0.04
0.02
0
0.09
0
0.02
0.01
0
0
0
0
0
0
1.59
2.46
1.98
0.77
1.27
0
0.11
0
0
0
0.03
0
0.35
0
0
0.03
0
0.01
0.06
0
0.04
0.56
1.12
2.94
3.26
15.63
13.38
2.59
0.13
0.53
0
0.82
0
0
2.42
5.95
1.16
0.09
0
0
0.09
0
0
0.01
0.02
0.02
0.1
0.01
0
0
0.01
0
0.1
4.17
10.03
2.15
0.77
1.99
2.09
5.65
1.84
0.54
0.28
0
0
0.43
5.47
10.3
1.16
0
0
0.05
0.45
0
0
0.21
0.59
0
0.35
0
0
0
0
0
0.04
0
0
0
0.02
0.01
0.02
0.24
0
0.23
0
0
0
0
0
0
0
0
0
0.12
0
0
0
0.01
0.01
0
0
0
0
0
0.4
2.04
0
0.75
3.45
1.41
0
0
0
2.62
2.96
0.23
0.11
0.55
0.41
0.3
1.14
9.86
5.28
2.24
0
2.27
6.22
8.28
4.86
0.32
0.38
0.37
0
0
0.16
0
0.01
0
0
0
0
1.7
0.83
0.19
12.88
0.73
0.04
10.45
7.06
1.12
9.03
11.83
11.2
14.63
4.15
0
0
0.37
0.88
1.81
1.55
1.98
3.65
9.2
9.8
4.36
1.28
0
0.23
0
0
0
0.06
0
0
0
0
0.21
0.46
0.13
0
3.02
6.45
12.77
1.11
0
0.35
0
0
0
0.03
0.11
0
0
0.09
0
0
0.14
0.1
0
0
0
0.1
0
0.12
0
0
1.13
0.36
0.46
0.08
0.05
0.74
0
0.13
0
0
0.09
0.88
0
0
0.87
2.47
13.38
4.2
0.32
0.75
0.13
0.07
0.45
0.22
0
0
0
0.05
0
0
0.14
2.54
2.37
0.47
0.59
0.21
0.45
0
0
1.83
0
0.05
2.08
0.51
0.05
0.09
0.14
0.52
0.39
0.02
0.19
0
0
1.24
2.05
0.12
0
0
0
0.1
0.01
0.05
0.05
4.15
0.9
0.02
0.02
0
0
3.27
0.3
0.03
0.05
1.75
2.98
5.45
8.18
1.86
0.14
3.7
7.35
3.48
0
0.18
0.19
0.12
5.05
3.75
0.66
0.04
0.1
0.02
0
0.01
0.15
0.01
0.41
0.77
0.95
0
0.03
7.21
6.04
5.11
12.63
5.62
1.08
0.09
0.02
0.03
0.8
0.36
0.54
0.7
0
0.01
0
0
0.16
0
0.05
0.26
0.13
0.46
0.07
0
0.24
1.34
13.8
2.7
0.24
1.95
2.61
0.04
0
0
0.02
0
0
0
0.21
0.56
8.14
4.35
1.39
0.45
2.87
11.43
8.18
11.06
4.69
0.22
0
0
0.44
0
22.23
0.07
0
0.25
0.08
0
0.2
0
0
0
0
0
1.95
5.48
3.93
1.75
1.34
0
0.02
0
0
0
0
0
0
0
4.01
6.51
2.54
0.33
9.57
13.97
12.19
2.63
0
0
0.01
0.21
0
0.23
0.2
0.13
0
0
0
0
0
0
0
3.18
0
0
0
0.01
0.16
0
0
0
0.35
0
0
0
0
0
0
0
0
0.22
0.14
0
0
0
0
0
0
0
0
0
0.01
0
0
0
0
0
0.01
0
0
0
0
0
0
0
0
0
1.08
0
0
0
4.99
0
0.13
0
5.01
2.2
0.43
0.11
0.66
0
0.05
0
0
0
0.19
0
0
0
0.87
0
0.8
2.92
1.76
0
0.14
0
0.01
0.02
0
1.35
0.26
0.27
2.86
2.91
0.11
0
0.16
0
0.23
0
2.57
4.13
0
0.57
0
0
0.09
1.31
0.58
0
0.79
1.86
0.61
0
0.08
0.15
0.3
0.25
14.19
11.83
0.92
0.08
0
0.42
0.26
0.13
4.13
10.14
1.34
0.5
0
0
0
0
0
0.16
4.18
1.05
2.28
0.68
3.13
4.25
38.88
3.02
2.61
3.63
4.3
0.18
0
0
0.04
0.11
0.23
0.01
0.01
0
0.01
0.01
0
0.42
1.29
0.06
0.02
0.04
0.91
0.02
0.04
0.01
0.08
0
0
0
0
0.07
0
0
0.06
0
0.17
1.52
0.05
0.26
0.05
0.96
1.2
0.02
0.01
0.01
0
0
0
0.15
0.02
0.02
0
0
0
0
0.19
0
0
0.01
0
0
0.18
0.08
0.55
2.1
0.8
0.13
0
0.16
0
0
0
0
0.23
0.01
0
0.29
0
0
0.01
0.24
0
0
0
0
0.24
0.01
0.03
0
0
0.16
0
3.43
11.41
1.41
4.06
0.79
0
0.17
0.01
0
0
0.48
0.38
0.05
0.03
0
0.02
0.03
2.77
2.96
1.32
0
0.05
0.02
0.24
0.4
0.04
0
0.53
0.05
0.02
0.28
0.79
0
0
0
0.25
0
0.01
0.47
0.3
1.15
0.28
0.06
0
0
0.14
7.2
9.16
4.53
2.05
0.78
1.05
5.72
0.65
0
0.23
1.31
0.05
0.66
4.62
13.98
2.11
16.52
7.38
0.92
1.76
1.85
0.26
0.04
0.02
0.4
2.93
9.74
2.52
0.71
5.05
0.04
12.37
1.3
0.47
0.05
0
0.09
0
0
0.01
0.35
6.49
15.47
9.59
7.12
7.79
0.01
0.03
0.29
0.11
0
0
0
0.01
0.27
0
0
0.01
2.37
9.07
0
0
0
1.8
5.47
1.2
0
0.23
1.01
0
0.02
0.16
0
0
0.21
0.16
0
0.22
0.01
0.24
0.01
0
0
0
0
0.16
0.01
0
0.07
0
0.75
1.38
0.62
0.5
1.92
0.26
0
5.31
0.01
0.12
0
0
0.1
0
0.3
0.16
0
0
0
0
0.01
0.04
0.19
0
0.04
0
0
0
0
0.02
0
0
0
0.13
0
0.13
0
0.04
7.19
2.21
1.02
0.11
0.3
2.16
2.19
0.02
0
0.12
0.11
0
0
0
0.62
0
0
0
0.01
0
0
0
0
0
0
0
0
0.91
3.44
0
0
0
0
0
0
0.02
0
0
5.74
0.89
0.16
0
0
0
0.26
0.08
0.59
0.3
0
0.11
1.88
3.71
0.2
0.11
8.52
7.93
1.51
0.01
0.02
0.02
3.54
0.02
0.8
0
0.01
0.01
0.24
0.4
0.16
0.13
0
0.1
0
0.06
0
0
0.02
0.12
0
0.79
1.27
0.17
0
0
0.13
0.43
0
0
0
0
0
0
0
0.14
0
0
0
0.18
0
0
0
0
0
0
0
0
0
0.26
0
0
0
0
0
0
0.03
0
0.02
0
0
0
0
0
0
0.02
0.18
0
0
0
0.21
0.77
0.98
0.34
0.28
0.57
0.54
0.34
2.38
11.3
0.8
0.4
7.45
11.99
3.28
6.93
0.34
0.11
11.71
17.23
20.14
9.14
14.2
9.73
0.22
0
0
0.2
0.02
0.06
0
0.02
0.09
1.93
6.49
0.51
0.19
0.32
3.22
8.13
0.66
1.11
0.29
0.03
0.18
0.02
0.05
0.34
0
0
0
0.01
0.11
0
0
0
0
0.03
0
0
0
0
0
0
0
0
0.26
7.15
3.53
15.33
2.55
0.29
3.73
1.43
0.27
4.31
0.34
0.3
3.49
1.99
0.45
0.7
0
0
0.01
0
0.19
0
0.01
0
0
0.13
0
0
0
0.26
0.01
0.01
0
0
0
0
0.01
0
0
0.01
0.02
0.02
0.1
0.06
0.55
3.18
1.15
12.03
3.43
0.05
1.35
7.31
1.46
0.51
0
0
0.17
0
0.8
0.43
1.27
0.71
0.24
6.95
9.55
15.06
2.34
0
0
0
0.15
0
0.02
0.04
0.14
0.33
0.18
0
0
0.07
0.27
0.06
0
0
0.18
0
0.07
0.26
0
0.01
0.02
0.38
19.42
9.44
0.05
0
0.05
0.12
0
0.14
0
0.66
4.14
4.89
9.63
14.11
9.53
6.28
1.91
2.7
20.29
12.86
0.14
0
0.04
0.2
2.73
4.44
2.19
0
0.05
0.01
0.01
0.06
0.12
0
0
0.05
0.09
0
0
0.08
0.23
0.22
0.15
0
0
0.09
0
0.3
1.5
28.91
0.16
0.63
0.04
2.85
0.2
0.01
0
0.07
0.01
0
0
0
0.04
0
0
0
0
0
0
0
0
0
0
0
0.08
3.47
9.9
1.25
0.09
0.02
0.04
0
0
0
0
0
0
0
0.07
0.01
0
0.05
0.26
0
0
0.01
0.01
0.05
0
0.09
5.75
0
0
0.66
2.3
0.57
0.01
0.02
0
0
0
0
0
0
0
0
0
0.05
4.31
0.65
0.26
0.02
0.26
2.93
0
1.28
2.58
5.05
0.84
0
0.02
0
1.91
19.63
0.18
0
0.2
5.56
0
0
0.01
0.01
0.01
0.03
0.22
0.01
0.13
0
0.1
0.08
0.78
8.99
0
0.04
0.07
2.23
10.55
1.16
1.78
0
3.13
0.37
0.61
0
0.01
0
0
0
0.14
0
0
0
0
0
1.9
28.94
24.35
7.6
0.03
0.03
0.27
2.27
3.46
0.39
0.57
0
0
0
0.04
0
0
0
0
0.32
5.98
3.91
1.5
0
0.39
0
0
0
0
0
0.05
0.21
0.4
0.75
0.35
0.87
0.5
4.71
0.71
0
0.02
0.2
0.93
0.16
0.59
3.26
1.11
0.16
0.04
0
0
0
0
0
0
0
0
0
0
0
0
0
0.02
0.05
0
0
0
0
0
0
0.01
0
0
0
0
0
0
0
0
0
0
0
0
0
0
0
0
0
0.01
0
0
0
0
0
0.23
2.37
0
0.04
0
0.06
0.03
0
0
0
0
0.01
0
0
0.04
0.9
0.78
0.78
8.23
0.16
0.17
0
0
0
0
0
0
0
0
0
0
0.01
0
0
0
0.22
0.1
0
0
0
0.01
0.01
0.17
0
0
0.01
0
0.18
1.02
0.03
0.01
0.11
0.95
0.46
0.22
0
0.02
0
0
0
0.01
0
0
0
0
0
0
0
1.55
8.41
4.92
2.99
11.65
1.13
9.22
2.86
14.66
0
1.38
0.11
0.15
1.29
7.8
0.25
0
0
0.02
0
0.07
0
0
0.02
0.05
1.44
2.61
2
2.32
1.19
7.09
0.06
0
0.03
0.2
0.36
0
0
0
0
0
0
0
0
0.01
0.13
0
0
0.05
0
0.01
0
0.01
0.02
0.18
0.11
0
0
0
0
0
0.01
0
0.01
0.01
0.83
5.69
2.63
6.63
3.41
0.06
0.07
0.32
0
0
0.07
1.22
13.88
0
1.09
1.73
0
0
0
0
0
0
0
0
0
0
0
0
0
0
0
0.02
0.03
0.05
0
0
0.02
0.03
0
0.01
0
0
0.01
0.13
0.26
20.49
0.11
0
1.5
9.08
0
0
0.01
0.01
0.02
0
0.01
1.81
0
0.04
0
0.06
0.47
9.5
2.35
0
0.1
0.29
5.52
0
0.2
0.96
18.81
3.07
0
0.06
0
0
0
0
0.01
0
0.01
0
0
0
0
0
0.01
0.01
0
0
0
0
0
0
0
0
0
0
0.05
2.17
0.37
0
0
0
0
0
0
0
0
0
0
0
1.56
1.74
0.43
0.02
0.32
0.01
0
0
0
0
0
0
0.02
0.02
0.07
0.54
2.91
4.98
0.17
0
0
0.13
0.68
1.98
7.09
3.15
0.58
0.55
10.07
0.51
0
0.01
0.63
7.79
4.66
5.81
9.56
0.51
3.87
15.71
1.98
0.02
0.03
0.08
0.01
0
0.04
0
0.07
0
0
0.01
0
0.01
0
0
0.01
0
0.29
0
0.02
0.31
0.7
5.17
8.16
2.21
5.74
14.34
3.86
10.57
1.93
0.84
0.81
0
0
0
0
0.01
0.08
0
0
0.01
0.01
0.22
0.02
0.11
0.61
2.37
4.98
0.58
0.11
0.02
0
0.01
0.05
0.09
0.11
0.51
1.58
1.41
8.48
4.23
0.75
1.01
0.77
0.25
1.92
0.13
0.08
0.64
1.45
0.56
1.83
0.34
0
0
0
0
0.01
0.01
0
0
0.01
0
0
0
0
0
0
0.05
0
0.17
0.19
2.22
0.09
0.24
0.06
1.84
21.1
12.95
0.11
0
0
0
0
0
0.07
0.08
0
0.01
0.02
0.12
0.28
5.17
4.73
10.04
6.15
1.4
1.06
8.67
12.79
2.57
0.05
1.92
9.05
0.81
0.23
1.16
12.25
0.68
1.23
10.8
0
1.98
2.93
0
0
0.18
0.49
0
0.01
0.01
0.38
2.05
1.98
8.81
1.8
0.05
0.01
0
0.13
0.15
0.11
0
0.01
0.34
1.3
0
0
0.41
2.72
4.07
6.91
3.95
0.94
0.82
10.07
2.82
3.41
1.5
0.03
0
0
1.41
25.24
13.91
1.57
3.63
14.38
3.28
1.13
7.78
5.59
3.91
1.64
4.38
0
3.74
0.26
2.04
0.84
0.01
0
0.02
3.45
22
16.14
0
0.24
0
0
0
0
0
0
0
0
0.01
0.06
5.27
5.28
0
1.11
0.27
0
0
0
0
0
0
0.01
0
0
0
0
0.01
0
0.04
0
0
0
0
0
0
0
0
0.05
0
0
0.06
0.05
0
0
0
0
0.02
0
0
0
0
0
0
0.02
0.08
0
0
0
0
0.04
0
0
0
0
0
0.01
0.22
0.06
0.01
0
0
0
0
0
0
1.82
3.29
0.53
0
0
0.01
0
0
0
0
0
0
0
0
0
0
0
0
0
0
0.06
0
0
0
0
0
0
0
0
0
0
0.01
0
0
0
0
0
0.96
11.13
1.46
0.04
1.66
5.58
3.34
2.86
0.23
0
0
0
0
0
0
0
0
0.01
0
0
0
0.7
8.22
0.73
0.01
0
0
0
0.75
5.88
0.64
0
0
0
0.11
2.07
2.96
0.38
13.52
1.91
9.95
21.94
24.14
0.49
6.77
0.84
11.73
28.5
3.73
11.61
0.06
1.17
6.26
1
0.67
0.47
0.39
0
0.02
0
0
0
0.11
3.77
18.82
0.86
0.38
1.3
0
0
0
0
0
0
0
0.14
1.84
0.1
0
1.87
0.02
0.19
0.1
0.1
1.1
0.3
0.01
0.01
0.02
0.02
0.09
0.22
0
0
0
0
0
0
0.23
5.52
6.23
0.3
0.12
0.1
0
0.02
0.02
0.02
0
0.16
1.59
4.34
5.76
0.69
1.8
14.5
15.32
9.44
6.82
0.59
11.58
1.3
0.02
0.04
0.09
0
0.01
0
0
0
0.02
0.02
0.1
3.12
7.38
8.41
13.26
6.92
0.48
2.61
1.63
0.42
5.92
7.45
1.98
0.3
0.04
0.75
0.36
0
0.25
1.12
0
0.15
1.06
2.45
0.38
0.19
0
0.02
0
0
0
0
0
0
0.43
0
0
0.02
0
0.07
1.45
7.62
2.28
3.38
1.66
0.04
0.02
0.09
0
0.62
0.03
0
0.01
0
0
0.08
0.42
6.43
4.46
3.62
5.59
7.67
1.95
0.32
0.18
0.13
0
0.13
0.01
0.13
0
0
0.11
3.96
18.51
7.69
4.3
6.41
1.38
0.14
0.55
0
0
0
0.09
0.68
2.8
1.46
7.24
1.18
0.13
0.07
0
0.35
1.26
1.51
2.92
2.7
12.96
3.62
0
0.19
1.02
0.17
0
1.03
2.77
0.19
0.14
0.29
1.3
0.27
0.35
0.33
3.21
18.96
3
0.79
0.75
0.02
0.02
0.03
0
0
0
0
0
0.01
0.01
0
0
0
1.49
0.81
0.02
0
0
0
0.03
3.45
0.29
0
1.92
0.12
0.09
0.27
4.06
1.2
0
0.01
0.04
0
0
0
0.02
0
0
0.51
0.01
0.72
0.03
0.01
0.01
0
0
0.01
0.02
0
0.09
0.07
0
0
0
0.01
0.03
4.12
1.11
0.02
0
0
0
0
0
0
0
0
0
0.02
0
0
0
0
0
0
0
0
0
0
0
0
0
0
0
0
0
0
0
0
0
0
0.01
0
0
0.12
0
0
0
0.04
0
0
0
0
0
0
0
0
0
0
0
0
0.68
0.05
0.02
0.06
0.7
0
0
0
0.01
0
0
0
0
0
0
0
0
0
0
0
0
0
0
0
0.01
0
0
0
0
0
0
0.13
0.04
0.02
0.01
0
0
0.13
0.81
4.82
6.69
8.99
2.45
0.84
0.06
0
0.01
0.57
1.55
1.75
0.34
0.07
0.36
0.21
0.02
0
0.01
0.08
0.06
0.13
0.04
0.06
10.12
9.61
0.66
0.02
0.02
0.02
0.06
0.08
0.3
1.77
7.93
0.42
3.16
2.35
0
1.28
0
0.06
0.14
0.11
0
0.01
0
0
0
0.08
0.41
7.41
7.56
8.13
2.51
1.92
16.36
8.87
4.63
1.47
3.41
4.45
3.88
2.18
0
0.69
0.16
4.39
0.21
0.04
0.25
0.08
0.01
0
0
0
0
0.01
0
0
0
0.02
0.02
0.04
0.02
0
0
0.18
4.3
10.67
1.29
0
0.63
0.73
2.34
5.13
0.06
0.79
4.52
0.87
0.25
0.14
0.42
6.54
21.12
8.42
6.82
7.55
8.43
3.79
2.69
11.22
1.45
0
0.79
5.18
0.32
0.01
0
4.2
5.27
1
0.17
0.15
0
0.08
2.77
1.55
0
0.71
0.28
5.77
3.36
0.4
0.05
0
0.05
1.07
0
0
0.01
0
0
0
0.25
0
0
0
0.01
0.01
0
0.52
13.93
0.72
0.22
7.76
8.38
2.93
1.4
0.31
4.52
5.9
0.84
0
0.98
2.77
0.71
0.64
1.24
0
0.21
8
1.13
3.31
10.75
5.23
8.51
2.02
0.21
0
0
0
0.04
0.19
1.83
4.84
2.77
0
0
0.01
0.03
0.15
0.35
1.86
0
0
0.02
0.01
0.03
0.15
0
0.07
2.38
0.23
0
3.52
0.09
0
0.31
0
0.01
0
0
0
0.02
0
0
0
0.02
0
0.02
0
0
0.01
0.04
0.02
0.35
0.11
0
0.18
6.98
0.77
0
0.02
0.01
0
1.8
0.05
0
0
0.03
0
0
1.26
0
0.28
0
0
0
0
0.01
0
0
0
0.01
0
0.04
0
0
0
0
0.01
0
0
0.02
0.28
3.25
0.09
0
0
0
0
0
0
0
0
0
0
0
0
0
0
0
0
0
0
0
0
0
0
0
0
0
0
0
0
0.01
0
0
0
0
0.4
7.85
5.92
0
0
0
0
0.02
0.06
1.14
0
0.04
0.88
22.88
0.43
0
0
0.07
0.15
3.75
6.18
0.38
5.48
0
5.61
8.8
0
0.01
0
0
0
0.02
0
0
0.07
0.21
0.74
3.38
6.36
2.24
0.3
0.04
0.05
6
6.96
1.19
6.48
8.19
2.33
4.45
2.05
0
0
0.04
0.66
3.59
10.43
1.5
0
0
0
0
0
0
0
0
0
0
0
0
0
0
0
0
0.02
0.96
10.6
13.56
4.2
1.12
0.77
0.75
0
0.05
1
0.47
0
0.01
0
0
0.16
0
0
0
0.01
0
0
0
0
0.2
0.43
5.43
1.08
0
0
0.78
13.03
4.54
0.35
0.21
0
0
0.03
0.31
2.78
0.34
0.29
0.03
0.03
0
0
0
0.01
0
0
0.01
0.01
0.02
0
0
0
0.05
1.7
21.3
11.5
1.94
10.29
10.57
2.36
0.55
0
0
0
0.07
0.02
0.41
2.23
0.85
0.21
3.57
8.2
7.6
8.34
10.08
4.48
0.38
1.03
11.04
1.21
0.04
0
0.01
0.01
0.01
0.29
7.33
9.15
1.05
0.18
0.02
0.86
15.07
8.21
2.82
0
0.02
0.01
0.1
0.59
6.91
4.7
0.46
0.41
0
0
0
0.01
0
0
0
0.02
0.44
0.09
0
0.04
0.2
0.02
0.01
0.01
0
0
0
0
0.06
0.09
0
0.08
2.06
3.48
0.27
0.08
0.3
0.08
0.05
0.01
0.38
11.84
7.78
12.95
4.78
3.11
18.25
12.08
0.1
0.22
0.03
0.01
0
0.12
0
0
0
0
0
0
0.01
0
1.47
5.99
1.74
0
0
0.08
0.08
0
0
0.02
0
0
0
0
0
0
0.07
0.18
0.82
0
0
0
1.34
9.19
2.48
0.21
0
0.01
0.01
7.63
13.91
0
0
0
0
0.19
0
0
0
0
0
0
0
0
0.02
0.13
0.1
0
0
0
0.13
0.68
1.37
0.03
0.11
0.05
0
0
0
0
0
0
0
0.93
0
0.08
0.9
0.77
0.93
0
0.16
1.73
0.94
1.71
15.92
9.24
0.39
0.05
1.27
6.51
12.51
18.56
7.03
0.02
0
0.01
0
0
0
0
0
0
3.89
29.18
0
0
0
0.51
0
0.03
0
0
0
0
0
0.08
0
0
0
0.18
0.01
0.03
0.01
0
0.01
0
0
0
0
0
0
0
0
0
0
0
0.23
0.4
1.36
0.97
0.2
0
0.88
0.02
0
0.01
0
0.01
0
0
0.01
0
0
0
0
0
0.01
0
0.57
0
3.73
1.53
0.09
1.25
2.45
5.65
0.89
0
0.02
1.6
1.32
10.62
3.05
3.61
4.09
8.77
0.46
0.13
0.51
15.52
17.55
2.78
0
0.13
1.18
0.68
1.22
0.38
0.31
2.15
6.05
3.04
16.56
6.51
4.94
0.51
1
6.81
1.13
0.87
0.01
0.02
0.05
0.66
1
0.57
0.49
4.7
27.14
2.27
0.25
0.03
0.08
0.1
0.63
0.03
0
0
0
0
0
0
0.05
0.44
1.06
0.77
0.12
0.05
0
0.02
0.02
0
1.43
8.06
16.17
10.93
5.73
1.56
0.08
0.5
2.61
9.24
22.31
7.28
5.53
1.63
1.32
0.39
0.81
0.04
0
0
0
0
0
0.11
0.01
0
0
0
0
0
9.66
0.6
0.39
0.02
0.1
4.48
0.54
0
0.01
0
0
8.66
3.71
9.59
10.31
12.31
5.61
10.11
0.92
0
0
0.01
0
0.13
0.91
2.61
4.09
7.65
1.83
6.09
2.06
0.28
1.67
0.05
0.33
1.01
0.8
8.23
0.59
0.02
0
0.02
0.09
0
0.56
0
0.32
4.26
3.78
0.13
0
0
0
0
0.9
0.13
0.04
0.02
0.22
0
0
0
0
0.09
1.05
0.19
0
0
0
0
0
0.01
0
0
0.01
0
0
0
0
0
0.23
2
0
0
0
0
0
0
0.01
0.14
0.47
0
0.27
10.56
8.62
25.28
4.47
3.6
0.41
1.09
0.31
7.7
13.95
3.75
0.27
0.27
7.02
0.91
2.18
5.43
2.9
0.93
0
2.35
0.09
1.41
22.86
9.5
0
0.7
0.02
0.02
4.73
1.03
3.11
8.59
2.53
2.39
0.6
2.79
7.05
6.52
1.63
8.97
4.2
4.76
1.42
6.5
0
0.49
0.03
0.35
0
0.1
0
10.38
2.45
1.11
0.22
0.02
0
0.17
0
0.04
0
6.25
1.35
0.13
0.03
1.56
46.07
28.89
2.24
1.92
2.16
7.67
2.17
4.05
6.78
14.15
0.2
0
0.04
5.5
1.23
7.07
3.88
0.11
9.6
5.07
0.59
11.2
11.64
0
0
0.71
3.88
0.22
0
0.13
0
0.14
0.02
0
0.05
0
0
0
0.05
0
1.4
0.4
0
0
0
3
0
0
0
0
0
0
0
0
0.01
0.06
0
0
0
0
0
0
0
0
0
0
0
0.13
0
0.01
0
0
0
0
0
0
0
0
0
0
0
0
0
0.02
0.04
0.1
0
0
0
0
0
0
0
0.27
0
0
0
0
0
0
0.01
0
0
0
0
0
0
0
0
0
0
0
0
0.36
1.11
0.69
0.02
0
0.04
0
0
0
0
0.64
1.63
1.4
0
0.27
19.63
18.01
24.46
6.46
7.79
1.7
0.09
0.01
0
0
0
0
0
0
0
0.11
0.18
0.02
0.02
0.29
0.02
0.13
0.02
0.03
3.18
1.01
0.18
0.34
6.59
4.46
1
0.11
0
0
0
0
0
0.02
0
0
0
0
0.2
0.15
0
0.06
0.01
16
5.21
0.38
0.01
0
0
0
0
0
0
0
0.02
0
0
0
0
0
0
0
0
0
0
0
0
0
0
0
0
0
0
0
0
0
0
0
0
0.28
5.21
0.19
0
0
0
0.03
0
0
0
0
0
0
0
0.5
0.49
0
0
0
0.03
0
0
0
0
0
0
0.02
0
0
0.09
0
0
0.17
5.44
2.82
3.64
0.81
0.01
0
0
0.42
0.16
0.19
0
0
0
0.08
0.04
2.56
10.73
12.04
7
2.87
3.43
0.58
0
0.06
0
0.41
0
0.17
3.77
0.81
0.16
0
0.01
0.01
0.12
0.02
0
1.34
5.98
0.23
0
0
0.06
0
0
0
0
0
0.2
4.29
0.09
5.66
2.63
0.13
3.26
6.03
6.71
1.79
2.39
6.18
3.2
1.46
0.65
2.07
2.44
4.04
2.34
0.13
0.37
0.02
0.34
3.98
0.77
2.4
9.19
4.38
20.75
20.2
0.18
4.02
0.13
0.3
0
0
0
0
0
0
0
0
2.34
0.05
0.01
0.07
0.48
3.95
0.71
0.05
0
0
2.39
0.54
0.06
5.36
8.24
13.41
22.84
2.41
5.23
6.54
9.99
14.09
10.54
8.74
3.88
2.58
0.46
0
0.03
0.27
0.04
0.3
0
0.09
0
0.04
1.82
14.49
5.5
0.88
5.19
7.98
1.06
0.09
0
0
0
0
0
0
0
0
0
0.04
0
0
0.39
0
1.24
0.01
0
0
0.31
0
0.47
0
0
0.01
0
0
0
0
0
1.73
0.5
1.64
0.86
0
0
0
0
0.02
10.73
0.81
0.32
0.01
0.51
0
0
0
0
0
0
0.06
0.23
0
0
0
0.01
0
0
0
0.01
0
0.12
0.02
0
0.02
0.09
0
0
0
0
0.01
2.84
0.07
0.05
0.01
0.17
0.89
0.15
2.17
10.32
3.43
1.88
0.54
0
0.11
0
0
0
0.07
1.58
0.04
0.03
0.02
0
0
0.02
0
0.01
0
0.24
0
0
0
0
0
0
0
0
0
0.61
0.1
0
0
0
0
0
0
0.88
0.05
21.61
1.27
0
0
1.94
0.77
0.01
0
0.17
0.09
3.05
0.01
0.04
0
0
0.03
0.66
0.28
0.07
0.24
0
0.01
0
0
0.1
0.06
0
0.22
5.27
1.89
2.08
6.02
6.46
22.3
8.28
6.34
13.5
4.15
1.09
6.27
7.73
12.2
1.37
3.4
3.97
4.39
0.77
3.01
1.41
3.7
3.71
2.66
5.65
6.86
0.86
0.6
10.63
5.81
2.43
0.89
14.37
12.12
7.36
0.15
0.48
5.99
0.41
0
0.03
8.45
7.36
0.96
0.18
0.34
0.33
0
3.52
3.85
6.17
0.03
0
0.02
0
0.59
0.8
0.25
0.59
0
0
0.16
0.29
0
0
0
0
0
0
0
0
1.26
0.77
0.82
5.93
4.14
2.74
1.45
5.97
0.21
0.16
0.05
0.03
0
0.09
0
0
0
0
0
0
0.09
0
0
0
0
0.01
0
0
0.13
0
0
0
0
0
0
0
0
0.13
0.14
0.02
0
0.1
0.31
2.92
0
0
1.44
0
0.02
0
0
0
0.04
0
0
0
0
0
6.73
1.46
0
0.01
0.2
0.02
0.01
0.01
0.01
3.63
4.14
0.17
6.3
11.25
7.3
1.41
5.75
1.08
0.01
0.01
0
0.17
0
0
0.02
0.02
0
0
0.44
0.11
0.59
1.67
1.13
5.71
1.79
0.31
0.02
0.29
0.05
0.03
0.01
0
0
0
0.11
0
0
0
0
0.31
4.59
0
0
0
1.36
0.05
2.15
3.68
4.77
1.45
0.21
0
0
0
0.3
0.27
0
0
0
0
0.02
0
0.04
0
0
0.05
0
0
0
0.32
0
0.09
2.68
2.62
0.02
0.09
0
0
0.04
0.03
0
1.8
0
0
0.43
0
0.16
0
0
0
0
0
0
0
0
0.02
0
0
0
0
0
0
0
0
0.51
0
0
0
0
1.13
0.09
0.73
0.96
0.27
0.03
0
1.29
7.14
0.03
0.07
0
0
2.95
0.45
0.09
0
0
0.02
0
0
4.2
0
0.48
0.4
0.13
0
0
4.77
0
0.96
19.5
0.88
0.53
0.32
3.2
0
0
0.01
0.02
0
0
0
0
0.28
2.02
0.02
0
0.01
5.4
28.16
7.9
0.05
0
0.02
0
0
0
9.87
0.78
0
1.1
0.17
0
0
0
0.38
0.9
0.28
0
0.55
6.44
0.13
1.05
1.17
0
0
0.18
0.21
3.54
0.18
0.02
0.21
0
0.09
0.01
1.55
1.59
1.04
1.7
11.38
0
1.2
11.79
32.18
7.46
3.94
0.15
0.32
2.38
3.87
0.05
1.59
3.61
0.05
1.27
0.01
0.21
0.39
0.1
16.96
17.71
4.44
0.41
0
0.13
0.27
0.47
0
0
0
1.43
0.09
1.2
5.96
0.94
4.96
9.07
0.42
0.14
0.15
0.05
0
0
0.01
0.01
0
0
0.02
0
1.15
11.89
1.58
1.06
0
0.02
0.01
0.01
0.19
0.01
0
0.11
0.01
0.02
0.01
0
0.02
0
2.01
0.05
1.44
0.34
0.66
0.34
0.14
0.17
0.08
0.02
0.07
0
0.57
5.75
0.88
0.38
0.55
1.03
1.38
0
0
0.11
0.31
0.79
0.13
0.01
0
0.05
0.02
0.02
0.03
0.01
0
0
0
0.39
0.04
0.39
3.94
6.76
0
0
0.66
1.93
1.58
2.36
2.22
0.62
0
0.21
0.15
0.23
0
11.41
1.62
16.91
0.28
0
0.05
0.02
0
0.18
0.02
0.51
2.66
14.02
1
1.89
3.38
0.03
12.43
11.93
9.58
1.83
3.28
2.82
1.89
3.91
1.74
0.23
0.23
2.02
3.63
0
0.1
0
0.2
0.08
0.26
0
0.91
4.61
0.7
0.01
0.01
0.06
0.22
0.05
0.38
1.85
5.09
0.13
0
0.01
0
0
0
0.26
3.54
2.7
11.49
21.59
1.16
1.05
0.13
0.19
0.11
0.01
0
0
0.46
1.07
0.29
0.12
0.08
0
0
0.75
0
0.02
0.18
0.95
0.02
0.06
0.76
0.04
0
0
0
0
0
0
0
0
0
0
0
0
0
0
0
0
0
0
0.1
1.6
3.13
4.55
5.42
2.71
0.54
0
0.04
0.02
0.02
0
0
0
0.13
0.04
0
1.27
6.84
0
0
0
0.04
0
0
0
0
0
0
0
0
0
0
0
8.31
0
5.57
0
0
0.01
0
0.09
0
0
0.01
0.01
0
0
0
0
0
0
0
10.54
0.04
0.14
0
0
0
0
0
0.03
0
0
0
0
0.16
0.04
0.09
0
0
0
0
0
0
0
0
0.02
0
0
0
0
0.08
0
0
0
0.13
0
0.03
0.02
0.23
0.73
0.29
0
0
0
0.01
0.01
18.16
10.04
20
0.14
0
0.02
0
1.27
0.29
0
0.01
0
0
0.14
0.13
0
0.31
4.33
9.8
0
0.3
0.35
2.61
0.95
0.39
13.66
0.9
0.42
0.19
0.05
0.02
0.17
0
0.13
0
0
25.32
23.38
6.43
2.41
2.08
1.63
1.17
0.02
0
0
0.01
0
0
0.02
0
0.41
16.56
6.41
2.74
0.26
0.02
0
0.01
0
0.06
3.05
1.43
0
0.01
0.01
0
0
0
0
0.74
2.33
1.1
4.13
0.01
0.09
0.7
0.55
0
0.01
0.01
0
1.02
0.21
0
0.07
0.98
17.71
7.1
3.58
3.08
0
0.02
0.1
0.05
0.01
0.03
0
0
0.03
0.08
0.3
6.19
2.13
0.07
0.02
0
0
0
0
0
0
0
0
0
0
0
0
0
0
0
0
0
0
0.01
0
0.89
3.61
2.47
0
0
0.01
0
0
0
0
0
0
0
0
0.05
0.2
0.01
0
0
0
0.01
0.01
0
0.02
0
0
0
0
0
0
0
0
0
0
0
0
2.48
0
0
0.01
0
0.04
6
2.36
0.41
0.02
0
0
2.71
2.7
0.24
0
0
0.05
2.44
0.53
0.02
0
0
0
0
0
0
0
0
0
0
0
0
0
0
0
0
0
0
0
0.66
0.15
0.13
1.66
0.12
0.1
0
9.91
4.17
4.21
12.15
11.66
7.27
0.03
1.59
0.61
0.18
0
0
0
0
0
0
0
0
0
0
0
0
0
0
0
0
0
0
0
0
0
0
13.67
2.19
0.36
0
0
3.59
0
0
0
0
0
0
0
0.12
0
0
0
3.67
0.96
3.82
1.04
0.38
7.93
0
0.16
0.19
0.13
9.59
19.61
15.85
3.1
2.71
0.15
0.63
0.26
0.76
1.29
0.35
1.86
2.19
0
0.42
4.48
15.98
3.87
7.3
4.14
0
0.08
0
0
3.32
12.16
0
0.01
0.01
0
0
0
0
0
0
0.02
0
0
0
0.01
0
0
0
0.02
0
0.04
0.01
0.02
2.04
0
0
0.05
0.04
0.32
0
0.02
0.1
0.02
2.79
0.14
0.05
0.61
6.63
6.75
0
2.38
2.43
0
0
0.07
0.92
0.24
0
0
0
0
0
0
0
0.3
0
0.09
0
9.17
0
0
0
0.03
0.01
0.14
0.02
0.02
1.2
0.61
0.06
1.02
0
0
0.01
0.03
0
0
0
0
0
0
0
0.01
0.07
0
0
0.03
0
0.01
0
0
0
0
0
0.17
13.3
9.92
2.32
0.01
0.01
0.01
0.09
0
0.02
0.01
1.71
0.12
0.17
7.37
6.41
9.58
9.11
4.64
0.39
1.46
4.48
19.8
1.5
15.67
8.45
0.04
0.02
0
0
0.01
0.57
0.3
4.47
0.55
9.7
6.62
1.18
0.02
0.25
0
0
0.05
0
0.01
0.05
0
0
0
0.02
0.01
0
3.01
0
0
0.01
0
0
0
0
0
0
0
0
0
0
0.03
0.06
0.92
2.43
0.36
12.06
0.09
9.19
1.97
0.7
0
0
0
0.01
0
0.72
6.22
4.89
0.02
0.01
0.01
0.02
0
0.08
3.16
1.6
0.16
0.83
0.11
0
0
0
0
0
0
0.14
0
0
0
0
0
0
0
0.02
0.49
0.11
0
0
0
0
0
0
0
0
0
0
0
0
0
0
0.07
0
0.56
0.2
0.13
0
0.09
1.71
0.03
0.41
0
0.02
0.57
4.91
3.71
0.07
0.07
0
0
0
0
0
0
0
0
0
0
0
0.02
2.14
0.4
0.17
1.7
0.93
0.14
0
0
0
0
0
0.07
1.91
0.76
0.48
4.61
3.98
0.05
0
0.06
0
0.05
0.77
0.36
0
3.79
2.34
0.27
0
0
0
0
0
0.02
0
0
0.02
0.16
0.03
0
0.01
0.03
0
0.04
1.95
2.53
0.1
1.4
0.32
0
0
0
0
0.29
1.91
0.02
2.13
14.84
11.73
5.02
5.17
0.85
3.84
2.03
4.49
0.18
0.57
0.52
0.14
0.19
0.97
0
9.75
3.52
0.63
3.59
6.8
0.43
0.16
0.29
10.36
2.52
0.98
0
0.04
0
11.18
28.55
13.55
9.43
0.84
0.17
0.08
0
0
0
0
0
0.29
13.82
4.01
5.08
3.2
13.65
0.88
0
0.01
0.03
0.07
0.05
0
0.23
2.21
0
0.06
0
0.59
0.48
0.08
0.1
0
0
0
0.02
0
3.87
0.05
0.4
0
0
0
0
0
0
0
0.07
0
0
0
0
0
0
0
0
0
0
0
0
0.04
0
0
0
0
0
0
0
0
0
0
1.03
0.86
1.36
0
0.13
0
0.09
0.2
0.01
0.01
0
0
0
0
0
0
0.02
0
0
1.23
1.2
0
0.05
0.06
0.08
0.05
0
0
0
0
0
0
0
0.75
3.7
1.89
0
0.08
0
0.01
0.01
0.01
0.91
0.05
0.01
0.06
0.04
0.01
15.68
4.38
0.51
0.2
0
0
0
0
5.78
0.26
3.71
0.14
0.47
6.77
7.21
2.65
4.27
5.14
24.3
6.47
14.38
10.32
5.29
0.84
4.48
3.49
3.87
0
0.36
0.21
0.08
0.26
0.2
0.26
2.8
14.84
15.73
0.12
0.12
0.95
5.48
2.43
5.28
12.03
1.21
4.79
3.32
1.33
0
0
0.05
0.01
0
0
0
0
0.22
0.06
0
0
0
0
0
0.13
0
0
0.32
0.55
4.35
0.82
6.98
0
0
0
0
0
0
0.01
0
0.01
0
0
0
0
0.2
0.03
0.04
0.01
0
0.02
0.04
0
0
0.09
0
0
0.16
1.45
0.08
0.13
0.73
0.66
0.02
1.13
4.67
0.8
10.3
9.15
0.8
6.71
11.49
1.12
0.68
0.36
0
0.24
0.26
0.01
0.01
0
0
0
0
0
0
0
0.16
0.2
0
0
0
0
0
0.02
4.38
7.47
0.82
0.44
0.46
1.54
0
0.01
0
0
0
0.03
0.25
0.05
0.14
0.5
0.62
3.34
0.43
0
2.52
0.15
0.06
0
3.76
6.82
3.53
0.12
0.16
0
0
0
0
0
0
0.02
0
0.02
0.02
0
0
0
0.12
0.2
0.16
0
0.03
0
0
0
0
0
0.04
0
0.08
0.28
0.29
0
0
0
0
0.12
0.37
0.25
0
0.69
0.01
0.05
0
0.01
0
0.23
2.17
1.16
0
0.62
6.97
0.99
0
0.93
8.17
3.59
0
0.01
0
0
0
0
0
0
0.05
0.18
0.01
0
4.41
0.05
0
0
0
0.03
6.45
1.87
9.31
6.07
1.46
0.36
4.32
1.23
1.16
0.26
0.73
0
0
0
0
0
0
0
0
1.95
0
0
0
0
0
2.06
0.74
0.02
0
0
0
0
0
0
0.03
0.02
0
0
0
0
0
0
0
0.01
0
0.01
0
0
0
0
0
0
0
0
0
0
0
0
0
0
0
0
0.01
0
0.01
0
0
0
0
0
0
0
0.01
0.02
0
0
0
1.62
0.05
0
0
0
0.02
0
0
0
0
0
0
0
0
0
0.17
0.18
0
0
0
0
0.02
0
0
0
0
0
0
0
0
0
0
0.02
0
0
0
0
0
0.01
0
0.02
0
0
0
0
0.39
0.16
0.34
0
0.04
0
0
0.01
0.4
0.23
0.78
10.05
0.11
0.22
0.1
0.26
4.52
1.85
1.13
2.51
2.39
0
2.21
1.87
0
0
0.4
9.61
0.22
0.56
0
0
17.22
10.39
2.66
1
3.24
4.42
3.04
0
7.47
0
0
1.78
0
12.11
0.21
0
0
0.11
0
0.01
12.3
9.91
2.23
12.39
2.63
8.51
3.42
0.31
1.16
2.73
0
0
0
0.01
0
0
0
0
0
0
0
0
0
0
0
0.11
0.08
0
0.2
0.13
0.31
0
1.09
0.38
3.31
0
0.29
0
0
0.05
0.08
0
0.02
0.04
0
1
0.17
0.12
0.14
0
0
0
0
0.01
0
0
0.3
0.42
8.53
2.63
0.02
0.05
0.02
0.28
0
0
0
0
0.05
0.02
0.01
0.02
0
0
0
6.21
3.19
0.53
1.59
0.13
0
0.08
0.86
0.27
0.2
0.02
0.04
1.45
0
0
0
0
0
0
0
0
0
1.22
0.61
0.93
0.94
23.04
4.41
0.38
0
0.02
4.41
0.3
0
0
0.12
0
0
0.16
0.75
0.05
0
0.08
0
0.01
0.5
0.46
1.73
0.15
0.04
0
0
1.02
0.09
0.12
0
0
0
0
0
0
0
0
0.01
0
0.04
0
0
0.01
0.02
0.01
0
0
0
0
0
0
0
0
0
0
0
0
0
0
0
0
0
0
0
0
0
0
0.5
4.15
7.13
2.07
3.05
1.41
0.16
5.36
1.84
0.02
0
0.27
6.2
1.13
0.72
0
0
1.55
14.5
5.59
3.84
10.24
0.39
0
0.73
0.09
0.28
0
0.61
0
0
0
0
0
0
0.05
0.09
0
0
0
0
0
0
0
0
0
3.34
2.11
4.55
4.52
8.84
0.96
0.02
0.01
0
0
0.23
0.01
0
0.02
0.05
0.12
0
0
0
49.36
9.59
0.73
4.34
6.86
1.78
0.68
0.15
0.03
0
0
0
0.01
0
0
0.5
0.2
0
0
0
0
0
0
0.01
0
0
0
0
0
0
0
0
0
0
0
0
0
0.02
0.01
0
0
0
0
0
0
0.27
34.25
1.98
0.08
0
0
0
0.04
0
0
0.01
0
0.52
6.55
0.49
8.22
0.66
0
0
0
0
0.01
0
0
0
0
0.13
0.05
0.19
0
0.09
0
0
0
0
0.01
0
0
0
0
1.55
9.54
0.77
0
0
0.01
0.01
0
0
0
0
0
0
0
0
0
0
0.18
0.41
0
0
0
0
0
0.06
0.06
0
4.59
1.23
0.01
0
0
0.7
0
0
0.01
0.18
2.22
0.63
0
0.04
0.04
0
0
0.03
0
0.01
0
0
0
0
0.02
0
1.33
25.2
21.26
9.6
0.15
2.51
5.57
11.76
2.27
1.52
0.02
0.02
0.85
0.13
0.07
0.11
7.07
0.95
2.48
0.17
0
4.08
0.11
0.06
0.13
7.09
0.34
1.86
5.23
3.5
0.51
1.11
0.21
0.06
0.01
0
19.55
3.49
0.18
0.06
0.09
0.08
0.95
7.7
1.69
3.41
12.06
3.64
7.08
3.44
9.49
15.02
13.02
5.08
1.04
1.32
8.63
6.3
10.25
0.87
12.99
2.48
1.18
7.96
0.38
0
0
0.02
0
0.01
0.24
3.3
1.92
11.95
4.14
19.16
4.77
0.06
3.28
3.93
7.72
2.19
0.02
9.04
14.53
1.35
0.01
0.34
8.75
0.55
0.02
0.05
0.04
0
0.05
0.17
2.48
0.65
0
0
0
0.03
1.97
0.29
0.13
0.02
0
0.01
1.36
6.07
0.31
0.01
0
0
0
0
0
0
0
0
0.02
0.07
0
0
0.27
4.18
2.36
0.68
0.02
0.02
0
3
0.3
0
0
0.14
0.05
0
1.76
0.1
0.06
3.74
5.76
7.19
6.8
0.6
0.01
0
0
0.94
1.71
0.04
0
0
0.01
0
0
0
0.02
0.03
0
0
0
0
0
9.09
0.27
0
0.01
0
0.13
1.5
1.79
1.27
1.65
1.09
0
0
3.39
19.63
8.15
1.3
6.46
32.36
17.74
0.42
0
0
0.8
0.59
14.04
7.91
5.89
0.76
0.09
0
0
0
0
0
0
0
0
0
2.52
0.06
0
0
0
0
0
0.22
0
0.09
1.65
0.04
0.13
0
0
0
0.5
9.17
1.63
0.2
0.01
0.02
0
0
0
0
0
0
0
0
0
0
0
0
0
0
0.02
0.23
0
0
0
0
0.01
0.01
0.06
0
0.1
0
0.02
0.19
0
0
0
0
0.43
0
4.69
0
0
0
0
0
0
0
0
0.02
0
0
0.71
0.12
0
0
0
0.01
17.62
0.84
0.03
0.26
0
0.07
0.05
0
0
0
0
0
0
0
0
0
0.45
0
0
0
0
0
0.49
0
0
0.02
0.99
0.38
1.13
2.09
0.03
1.02
0
0.01
0.09
1.15
1.12
2.56
8.59
5.25
0.15
0.02
0
0
0
0
0
0
0
0
0
0
0
0.01
0
0
0
0
0
0
0
11.47
1.21
0.11
0.01
0.53
0.02
0
0.09
0
0
0
0.01
0
0
0
0.02
0.01
0
0
0
0
0.2
2.29
0.55
0
0.01
0.07
0
17.78
28.13
12.02
10.65
3.13
0.11
4.45
0.79
1.09
3.06
0.55
0.12
2.15
0.61
0
0.02
0.1
0
0
0
0
0.03
0
0.04
11.68
5.96
1.45
0.16
0.05
0.29
0.57
15.02
19.74
16.04
2.03
0.23
0.43
5.36
9.22
10.18
17.29
14.09
5.37
10.8
7.53
1.99
0.03
0.06
1.03
8.16
1.82
14.75
0.57
12.89
4.02
1.22
11.32
3.96
12.62
16.24
1.67
0.18
0.02
0.01
0
0.02
4.48
13.32
1.97
12.43
18.39
13.37
3.68
8.95
3.13
0.28
0.55
0.18
0.02
0
0
0
0
0
3.71
0.9
0.05
0
0
0
0
0
0.01
0
0.07
0.16
0.1
0
0
0.04
0
0
0
0
2.08
0.2
0.22
0
0
0
0
0
0
0
0
0
0
0
0
0
0
0
0
0
0
0
0
0
0
0
0
0
0
0
0
0
0
0
0
0
0
0
0
0.02
0.01
0
0
0
1.48
0
0
0
0
0
0
0
0
0.49
7.13
17.51
16.58
4.3
0.88
0.02
0
0
0
0.01
0
0
0
0
0
0
0.37
0
2.23
0.8
2.84
0.04
0.01
0
0
2.27
2.05
3.51
7.55
8.45
3.18
0.27
0
0
0
0
5.16
5.58
4.73
0.1
0
0
2.43
13.84
5.02
3.56
0.43
7.36
15.2
1.54
0
0
0
0
0.01
0.02
0
0
0
0
0.12
0.82
0.01
0.02
0
0
0
0
0
0
0.01
0.11
1.2
0.16
0
9.93
5.04
0
0
0
0
0.04
0.81
1.24
1.96
0.01
0
0
0.49
0.98
0.46
0
0
0
0
3.12
2.86
12.13
0.59
0
0
2.71
0.59
0.09
0
0.07
0
0
1.33
0.2
0
0
0
19.85
0.8
4.8
0.06
0.01
0.27
0
0.09
0
0
0
0
0
0.02
0
0
0.18
7.38
1.27
2.75
0.05
0
0
0
0
0
0.01
0
0
0
0
0
0
0.01
0
0
0
0
1.53
0.74
0
0
0.14
0.54
0.04
0
2.37
6.73
4.74
5.4
0.01
0.26
0.05
1.34
0
0
0.05
0
0.3
0.7
0.08
0
0
0
0
0
0
0
0
0
0
0
0.97
2.47
3.32
4.3
1.44
0.05
1.23
3
7.98
5.04
0
0
0
0.03
12.18
15.27
8.13
33.2
10.7
2.74
5.65
2.27
6.15
7.93
1.29
10.83
0.18
0.07
0.22
1.91
9.96
1.63
2.37
26.77
4.25
0.78
1.82
11.32
0.41
0.12
2.59
0.19
0.02
0.01
0.14
0
12.15
0
0
0
1.75
0
0.27
4.02
2.42
0
0
8.42
15.02
25.13
5.77
2.47
0.05
3.34
7.91
0.05
0.03
2.52
0.64
0.09
1.26
1.43
3.01
7.98
0
0.26
0.09
0.71
0.31
0.07
0.1
0
0.02
0.01
0.2
5.38
1.94
0.01
0.01
0.01
0
0.05
0.01
0.02
0
0
0
0
1.1
6.04
0.41
1.35
4.16
0.02
1.08
2.79
22.87
2.77
3.45
0
0
0
0.21
1.1
0
0
0
0
0
0
0
0
0
0
0.21
2.2
0.25
0
0
0
0
0
0
0
0
0.01
0
0
0
0
0
0
0
0.02
0.01
0.07
0
0
0
0
0
0
0
0
0.32
0.54
0.08
0.05
0
0.03
0.01
7.88
0.61
2.36
0
0.66
3.05
1.62
3.95
2.06
0.54
0
4.63
3.45
1.55
0.2
0.7
10.2
2.67
2.58
0.16
0.03
0
0
0.15
1.38
0
0
0
2.76
0.34
7.04
5.26
3.98
1.19
2.61
1.44
0.55
0.12
0.09
0
0.02
0
8.87
12.09
1.83
4.55
9.62
4.73
0.45
0.15
0.23
5.84
3.56
0.04
1.33
1.41
6.66
0
9.98
15.77
1.3
12.44
1.46
4.34
0.78
0.11
0.23
1.23
2.46
0.08
0.01
0
0
0
0
0
0
0
0
0
0
0
0
0
0
0
0
0
0
0
0
0
0
6.89
2.04
0
0
0
0
0
0
0
0
0
0
0
0.01
0
0
0
0
0
0
0
0
0
0
0
0
0
0.04
0
0
0
0
1.89
0
0
0
0
0.01
0
0
0
0
0
0.23
0
0
5.66
1.98
0
0.43
1.31
0
0
0
0
0.01
0
0
3.91
0
0
0
0
0
0
0
0
0
0.01
0
0
0
0.02
0.2
0.04
0
0
0
0.01
0
0.02
0.48
0.2
5.18
13.48
1.59
8.11
11.22
6.74
1.29
5.42
2.7
1.26
0.19
1.38
2.66
3.46
13.42
2.33
0
1.07
0.99
0
0
0
0
0
0
0
0.01
0
0.01
0
0
0
0
0.01
1.22
0
0
0.06
0
0
0
0.38
0.88
17.43
8.91
0
0
0
0.01
0.01
0.31
0.1
0
0.07
0.25
0
0
0
0
0
0
0
0
0
0.01
0.32
0
0
0.01
0
0.02
0
0.08
0.29
0.02
0.01
0.01
0.21
0.01
0
0.56
0.59
0.02
0
0.04
0
0.01
0.02
0
0
0.34
0
0
0
0
0
0
0.01
0
12.48
10.52
2.53
0.29
0
0.02
0.01
0.02
0
0.43
0.93
3.67
0.02
0.05
0
0
0
0
5.58
2.01
0
0
0.27
0.68
2.91
0.51
0
0
0.03
0.02
0
0
0
0
0
0
0
0
0
0.11
0
0
4.94
0.35
0
0
0
0
0
0
0
0
0
0
0
0
0
10.55
6.16
0.65
0.71
0
0.03
0.18
1.32
0.13
0.02
0
0
0
0
0.5
14.05
4.88
0.07
0.57
3.79
0.39
0
0
0
0
0
0.01
0
6.89
5.88
1.47
1.5
0.68
0
0
0.02
0.68
0
0
0
0
0.02
0.02
0.02
0.01
0
0.01
0.02
0
1.01
1.93
6.34
1.45
0.43
0
0.32
0.5
0.01
0
0.04
1.8
7.82
22.23
8.22
4.67
2.39
10.4
3.43
3.47
0.03
0.99
4.07
6.49
0.01
0.09
0
0
0
0
0.1
0
0.71
4.46
9.48
2.63
0.05
0
0
0.01
0
0.01
0.01
0
0
0
0
2.4
13.32
0.2
0
0
0
0
0.05
2.01
4.48
0.06
0
2.13
24.29
0.03
0
0.31
0.61
0
0.01
0
0.01
2.24
0
0
0
0.62
0.13
0
0.01
0.5
0
0
0
3.17
0.01
0
0
0
0
0
0.04
1.04
0.8
0
0
0.04
0.01
0.27
0
0.01
0
0
0
0
0
8.95
6.45
0.22
0
0.07
0.46
0
0
0
0
0.01
0
2.71
0.01
0
0
0
0.77
0
0
0
0
0
0.09
4.59
0
0
0
0
0.13
0.88
0
0
0
0
0
2.55
11.09
0.43
0
10.89
1.06
3.07
0.73
0.58
0
0
0.02
0.05
0
1.49
0
0.05
0
11.82
28.65
0.99
0.07
0.02
0.02
5.15
5.91
0
0
0
0.07
0.02
0
0.02
0.01
0
0.55
2.34
4.4
0.01
0
0
4.91
8.98
0.57
0
0
0.59
10.39
3.01
17.88
11.17
10.95
9.54
21.98
9.2
3.69
24.3
7.92
1.18
0
0.26
0
0.07
0.11
0.01
0.04
0.02
0.03
0.01
0.01
0
0
23.8
10.62
1.12
3.63
1.29
0
0.05
0.03
0
1.68
0.57
0
0
0
0
0
0.02
0.01
0.1
0
0
0
0.07
0.4
0
0.06
0.02
0.1
4.55
0.31
0.05
0.02
0.78
5.69
0.25
0.27
0
0.09
0.34
0
0.01
0
0.03
0.35
0.09
0.07
1.16
4.25
6.07
0.8
0.02
0
0
0
0
0
0
0.02
0.34
1.52
0.85
0
0
4.73
8.79
0.9
1.22
0.15
0
0
0
0
0
0
0
0.08
0.13
0
0
0
0
0.16
1.82
0.02
0
0
0
0
0
0
0
0
0
0
0
0
0
0
0
0
0
0
0
0.01
0
0
0
0
0
0
0
0
0
0
0
0
0
0
0
0
0
0
0
0
0
0
0
0
0
0.02
7.81
2.39
8.19
2.61
0.47
0.54
0.54
0.13
0.69
0
6.71
2.03
3.33
15.23
4.37
1.66
0.07
0.01
3.27
4.09
3.05
5.92
0.56
0
2.75
7.11
22.52
9.93
0.59
7.2
1.75
0
0.67
9.4
0.85
0
1.02
5.52
10.64
0
0.44
0.23
1.31
0.3
2.38
4.71
1.66
8.45
13.28
5.49
1.49
1.23
2.27
0
0
0
0
5.07
7.55
0
0.02
1.03
4.22
2.13
0.09
0.22
0.03
9.3
0
0
0
0
0.01
4.64
0.18
4.45
13.63
0
0
0
0
0
0.05
0
0
0
0
0
0
0
0
0
0
0
0
0
0
0
1.65
0.73
0
0
0
0
0
0.04
0
0
0.05
0
0
0
0.39
0
0.01
0
0.02
0
0.28
3.79
0.47
0
0
0
0
0.02
0.14
0.18
0
0
0
0
0
0
0.02
0
0
0
0
0
0
0
0
0
4.86
0
0
0
0
0
0
0
0
0.04
0
0
0
0
0.01
0
0
0
0.27
0.08
0
0
0
0
0.01
0
0
0
0
0
0
0.09
0
0
0
0
0
0.07
0.09
9.27
0.3
0
0.01
0.07
0
0
1.23
0.16
2.56
0.2
0
0.13
0
0
0
0
0
0
0
0
1.15
12.37
0.35
0
0.39
1.78
0
0
0
0
4.69
1.79
1.07
0.46
0
0.01
0.36
0
0.02
0
7.98
0.53
1.82
18.54
0
4.03
19.9
0.89
0
0.09
0
0
0.01
5.05
2.68
0.11
0.01
0.1
0.02
0
0
0.13
4.82
26.44
2.18
4.54
0.16
1.3
0
1.74
10.59
1.02
14.79
2.86
0.24
0
8.63
17.2
3.63
1.81
0.01
0
0
0
0.27
2.82
0.28
0.03
0.07
0.02
0.01
0
1.38
17.02
13.06
8.83
6.55
13.79
2.3
7.84
11.49
3.45
0.04
6.33
0.58
3.95
2.58
10.2
2.38
0
0.68
4.23
4.63
9.72
0.33
0.52
0.72
1.44
2.9
2.55
10.64
0.8
0.02
0
0.72
4.11
8.12
4.16
23.04
3.9
1.46
0.38
0.04
0.01
0
0
0
0.5
2.23
3.25
4.74
7.19
0.85
0.25
0.02
0
0.03
0
0.77
0.04
0.01
0.19
0.08
0
0
0.02
0.02
0.18
0.41
0.8
0.26
0.15
18.45
15.27
7.2
16.63
3.43
1.88
6.84
1.56
0.36
1.97
0.66
1.94
0
0
0
2.03
0.11
0
0.02
0.26
0.02
0
0.04
0.48
0.6
5.7
0.42
0.34
0.65
0.39
0
0
0
0
0.05
0
0
0
0
0
0
0
0
0
0
0
0.48
29.13
2.66
0.1
0
0
0
0.02
0.07
0
0
0.6
0.22
2.45
0.57
1.87
2.25
0.43
1.96
0.25
0.01
0
0
7.27
1.38
0
0
0.02
1.95
0.74
0.05
0.76
11.23
8.52
10.96
2.87
4.25
0.48
0.6
0.01
0
0
0
0
0
0.01
0
0
0
0
0
0
0
0
7.51
1.52
0.04
0
0
0
0
0
0
0
0
0
0
0
0
0
0
0
0
0
0
0
0
0.16
0.72
0
0.59
0.48
0
1.88
4.06
0
0
0.86
0.01
1.16
0.74
0
0
0.03
0
0
0
0
0
0
0
0.01
0
0.36
0
0
0
0.01
0
0
0.01
0.01
0
0
0
0
0
0.74
1.39
6.63
0.25
0.15
0.07
0
0
0
0
0
0
0
0
0.02
0.07
0
0
0
0
0
0
0
1.67
0.54
0.13
7.84
0
0
0
0
0
0
0
0
0
0
0
0
0.37
3.55
19.7
12.13
4.06
1.24
0
0.15
0
9.34
0.18
0
0
0
0
0.01
0.23
7.91
0.59
5.66
0.24
0
0
10.02
1.46
0
0
2.88
7.99
17.32
23.66
5.12
1.25
2.28
0.24
0.01
0
0
0
0
0
0
0
0
0
0.18
0.29
0.22
0
0
0
0.02
0
0.01
0
0.34
0.16
1.16
0.08
0.05
0
0
0
0
0
0
0
0
0
0.12
0
0
0
0
0.01
0
0.01
0
0
0
0.01
0
0
0
0
0
0
0.02
0.01
0.02
0
0.01
0.01
0.01
1.59
4.7
0.39
0.01
0
0
0.02
0
4.88
2.48
5.5
8.05
10.43
0
0.05
0
0.01
0.06
0.04
0
0
1.76
1.84
0
0.72
0.26
1.16
0
0
0.02
1.8
1.51
10.38
0.59
0.16
0.02
0
0
0.01
0.03
0
0
0
0.86
0.39
7.12
0.82
0.09
0
0.02
0.02
0
0
0
0
0
0
0
0
0
0
0
0
0
0
0
0
0.05
3.7
2.97
0.64
14.66
3.41
0.66
0.02
0.09
0
0
0
0.02
0.4
8.5
7.43
18.38
5.35
0.56
0.68
0
0
0
0
0
0
0
0.02
0
0.3
0.11
0
0.03
0
2.41
1.25
0
10.64
10.02
3.67
0.68
0
8.46
10.99
2.68
0
0.16
0
0
0.02
0.37
0.01
0
0
0
0
0
0
0
0
0
0
0
0.2
0.67
0.3
1.32
7.1
4.36
24.17
23.05
0.79
2.87
1.52
0.01
0
0
0
0.01
0.09
0
0
0.01
0.85
1.3
0.13
0
0
0
0
0
0
0.04
0.81
0
0.09
1.74
7.98
7.25
4.76
5.64
0
0
0
0
0
0
0
0
0
0
0
0
0
0.01
0
0
0.09
0.01
0.1
0.02
0
0
4.13
0
0
0
0
0
0.01
0.8
0.14
0.04
0.01
0
0
0
0.01
0
0
0
0
0
0
0
0
4.01
0
0
0
0
0.01
0
0.05
0
0
0
0
0
0.16
0
0.13
0
0.74
3.98
0.18
0
0.01
2.79
0.75
0.01
0
2.4
0
0
0.04
0
8.99
4.05
0.45
3.78
0
0.06
0
0
0
3.04
2.8
0
0
0
0.24
0
1.29
0.04
0
0.01
0
0
0.02
0.98
3.7
14.88
5.78
0
6.72
1.32
3.81
1.75
0
0
0
0
0
0
0.16
6.22
0.12
0
0
0
0.01
0.03
16.06
18.06
4.74
0.25
0
0
0
0.02
0.22
0.29
0
0.01
5.85
6.98
0.39
0
0.05
0.08
0.05
0
0
2.22
1.1
0
0.02
0.2
0.09
0
0
0
0
0.01
0
0
0.34
0
13.09
8.41
3.85
8.21
1.94
3.5
12.52
3.61
5.32
11.21
3.06
7.81
0.18
0.14
3.71
2.27
4.11
0.09
2.23
0
0.05
0.09
0.08
0.23
0
0
9.23
10.13
2.08
0.39
5.29
1.66
0
3.89
4.12
5.57
6.13
0.14
0
0
0
1.89
0.97
4.5
5.73
0.06
0.23
2.77
0.89
1.82
5.79
2.03
0.91
11.95
0.94
10.65
1.93
6.13
0.05
0.29
0.01
0.02
0.02
0.02
0.04
0.18
5.15
1.79
5.7
2.24
8.76
0.53
0
0
0
0
0
0.15
1.44
1.23
0
0
0.08
0.02
0.02
0
0
0
0
0
0
0
0
0
0.06
0.04
0
9.05
10.55
2.61
0.02
2.66
0.48
4.03
23.47
9.46
1.72
0.16
0.01
0.02
0.01
0.17
1.58
0.04
0
0
0
0
0
0
0
0
0
0.03
0.02
0
0
0
0
0.11
0.33
0.08
0.05
7.99
19.98
4.89
12.59
17.01
3.81
0
0
0
0
0
0
0
0.01
0.04
0.6
1.79
2.45
10.99
11.41
1.27
0.34
0
2.57
11.41
0.31
0.13
0.85
0
0
0.34
1.77
0
0
0.02
0.09
0
0
0
0.35
1.3
13
3.3
5.67
0.34
0.1
1.8
0
0
0
1.43
20.84
0
0
0
0
0
0
0.01
0
0
0
0
0
0
0
12.07
6.13
0.13
0.04
4.36
0.09
0
1.09
0
0
0
0.17
0
0.01
0
2.97
0.13
0.27
0.05
0.01
0
0
0.04
3.5
0
0
0
0
0.01
0.15
0.13
0
0
0
0
0.01
0
0
0
0
0
0.11
0.05
0.11
0
0
0
0
0
0
0.08
0
0
0
0
0
0
0
0
0.01
0
0
0
0
0
0
0.13
0.05
0
0
0.38
0.01
0
0
0.01
0
0.06
0.09
0.25
0.09
0
0
3.92
3.41
0
0
0.01
0
0
0.06
0.04
0
0.06
0
0
0.03
3.22
0.14
1.59
0
0
0
0
0
0.01
0
0
0
0
0
0
0
0
0
0.34
0
0.01
0
0.12
0
1.02
5.16
18.57
9.4
7.14
0.88
0
0
0
0
0
0
0
1.23
5.38
5.3
5.33
0.84
9.98
1.31
26.06
12.29
1.15
1.67
0.02
0
0
18.75
4.8
3.07
10.33
1.09
16.8
13.21
1
0
0
0
0.09
0
0
5.66
2.8
0.93
0
0
0.04
0
12.77
7.93
0.07
0
0
0.03
0
8.91
8.05
0
0.07
8.21
2.01
0.09
0.73
6.04
1.77
0.72
0.53
0.3
4.04
5.04
0.88
1.45
6.38
0.59
0
0
0
0
0.01
0.02
1.33
2.14
0.02
0.01
0.01
0.01
0
0
0
0
2.14
0.65
0.91
0.73
0.01
0
0.07
0
0
0.01
0
0.02
0.07
0.04
0.02
0.03
0.27
0.15
0.36
0
0.02
0.12
0
0
0
0
0.02
0.05
0.02
0.69
3.14
2.01
0.19
0.03
3.57
4.41
0.5
0
0.09
0
0.38
0.63
0.39
0.14
0
0
0
0
0.01
0
0
0
0
0
0.11
6.03
8.27
5.86
3.99
16.63
12.26
2.33
1.34
0.49
0.68
0
0
0
0
0.01
0.52
0
0.06
1.5
0.25
0.06
11.52
2.96
0.04
0
0
0.01
0.08
0.01
0
0
0
0.31
0.34
0
1.79
4.48
9.53
7.86
7.16
1.64
11.68
1.4
0.02
0
0.02
0.03
0
0
0.04
0
0.01
0
0
0
14.09
8.56
1.72
0.78
0.02
0.04
1.82
1.92
0
0
0
0.01
2.58
16.67
3.11
3.12
9.52
24.02
6.08
2.52
7.05
2.36
0.05
0.2
6.38
8.31
3.08
0.42
0.02
0
0.01
0
0.85
0.03
0
0.03
0.04
3.93
2.25
2.31
4.4
2.39
1.01
0
0
0.09
0
0.01
0
0
0
0
13.52
6.09
0
0.96
0
0
5.43
0
0.01
0
0
0
0.93
0.83
0
0
0.01
0.01
0
0.02
0
0
0
0.02
0
0
0
0
0
1.72
17.92
0.46
0
0.01
0
0
0
0
0
0.69
4.99
1.42
0
0
0
0
0
0
0.14
0
0
0.03
7.34
0.04
0
0
0.36
0.42
0.07
1.12
0
0
0
4.68
5.27
0.06
0
0.11
0
0
0
0.04
3.48
1.47
0.85
0
0
0.01
0
0
0
0
0
0
0
0
0
0.05
9.77
5.73
0.73
0.77
2.19
0.46
0.16
0
0
0.01
0.13
0
0
0
0
0
0
0.01
0
0
0
0
0
0
0
0
0
0
0
0
0
0
0
0.04
0.05
0.04
0.07
0.26
0.09
0.19
0.02
0.01
0
0
0
0.63
5.58
8.21
7.27
2.06
0.12
0.02
0.04
28.57
3.27
25.07
9.17
2.33
1.56
3.88
1.62
1.46
1.79
13.61
2.5
0
0.48
0.52
0
0
0.12
0
0
0
0
0
0.24
0
0
0
0.19
0
0
0
0
0
0
2.13
2.23
0
15.93
1.45
2.31
0.17
0.18
0
0
0.27
0.11
0
0
0.21
0.18
0.27
0.24
0.07
0.01
0
0
0
0
0.01
0.01
0
0.01
0.1
0
0.04
0
0
0
0
0
0
0
0
0
0
0
0.01
0
0
0.02
0.01
0.02
0
0
0
0
0
0
0
0
0
0.2
1.9
0.64
0.14
0.01
0
0
0
0
0
0
0.42
1.34
5.84
1.76
1.03
0.02
0.02
0
0.01
0.11
0
0.08
0
0
0
0
0.1
0.8
10.1
5.13
1.02
0
0
0
0
0
0.02
0.02
0
0.05
0
0
0
0
0
0.04
0.05
0
0.05
0.32
0.02
0
0
0
0.06
0.87
0.83
5.38
0.07
0.94
5.27
0.49
1.31
0
0
0.01
1.34
11.38
7.15
0.25
0
0.02
0.01
0.16
0.12
0
0
0
0.05
0.61
0.18
0.01
0.06
0
0
0.4
0.02
0
0.04
0.95
0.01
0.01
0.09
0
0
0
0
0.01
0.02
0
0
0
0
0
0.38
0.1
1.3
3.09
6.5
0
0.02
3.29
0.2
0
0.01
0
0
0
0
0
0
0
0
0
1.06
0.97
7.81
2.37
0
0
0
0
0
0
0
0
0.35
0
1.61
0
0
0
0
0.02
0.04
0
3
0.23
1.85
2.66
0.25
0
0.78
3.54
0.01
0
0
0
0.01
0.11
0.16
0
0
1.53
0
0
0
0
0
0
0
0
0
0
0
0
0
0
0
0
0
0.02
0
0
0
0
0
0.05
0
0
0
0.01
0
0
0
0
0
1.23
0
0.01
0
0
0
0.58
0
0.02
0
0
0
0
0
0
0
0
0
0
0
0
0
0.01
0
0
0.01
0
3.95
5.9
1.14
0.16
0
0.02
0
0
0.01
0
2.17
0.3
0.01
0
0
0
0
0.04
0
0
0
0
0
0
0
0
0
0
0
0
0.01
0
0.02
0.05
2
3.49
4.7
5.67
2.22
1.56
0.02
6.47
3.65
0.32
2.91
4.52
14.46
1.47
0.32
0
0.01
3.21
26.03
1.37
5.34
2
0.01
0
0.07
0.45
0
0
0.16
2.71
0.84
0.07
0.48
18.02
11.22
25.66
6.47
0.06
0
0
0.01
0.02
0.01
0.05
0
0
1.65
0
0
0.38
0.01
0.03
10.76
16.18
0.66
0.75
0.13
0.13
0
0
0
0
0
0
0
0
0
0
0.01
0.02
0.01
0.05
0
0
0.07
0
0
9.68
1.48
0.02
1.34
0
0.51
0.08
0.02
0
0.11
0.66
8.05
3.68
1.75
6.59
0
0.05
0.08
0
0.62
3.8
5.21
0.19
0.16
0.04
0
0
0
0
0
0
0.03
0.1
0
0.39
0.14
0.02
0
0
0.07
0
0.01
0.01
0
0
0
0
0
0
0
0
0.09
0.25
0.61
6.48
2.68
2.46
2.26
0.8
4.07
2.27
16.25
7.14
0
0.24
0
0
2.1
12.27
0.59
0.02
0
0.01
0.19
0.04
0
0
0
0
0
0
3.19
9.96
4.04
2.7
0.75
2.53
6.34
0.28
0
0
0.01
0
0.18
0.02
0
0
0
0
0.01
2.79
4.57
2.45
0
0
0
0.01
0
0
7.7
2.88
0.42
0
0
0.63
0.11
6.88
5.23
2.53
0.01
0.13
0.02
0
0
0
0
0.03
0.3
3.76
2.47
2.71
2.54
0
0.01
0.03
0
1.34
3.13
0
0.91
0.14
0.02
0
0
0
0.01
0
0
0
0
0
0
0.01
0.03
0.09
0.02
0
0
0
0.01
0
0.01
0
0
0.32
5.08
4.88
0
0.26
0
1.39
21.34
4.63
0.2
2.25
3.58
0.61
0.01
0
3.79
3.79
0.2
0
0.21
1.84
0.09
0.36
0.04
0
0
0
0.03
0.01
0
0
0
0
0
1.16
3.49
3.82
0.85
0
0
4.89
5.72
0.07
0
0
0
0
0.01
0
0
0
0
0
0
0
0
0
0
0
0
0
0
0
0
0
0
0
0.01
0
0.07
4.52
0
0
0
0
0
0
0.34
0
0
0
0
0
0
0
0
0
0
0
1.51
1.3
1.23
0.1
0.45
0
0
4.89
6.5
11.02
0.1
0
0
0
0.06
0
32.09
1.75
0
2.95
0.39
0
0
0.02
0
0
0
1.79
0.11
0.48
0.01
0.01
0
0.01
0.01
0
1.45
0
0
0
0
1.01
12.21
9.66
7.81
23.72
0.6
6.44
7.91
0
6.49
1.01
0
0
0.01
0
0.01
0
15
15.32
5.02
0.72
2.38
7.46
0.16
0
0
0
0
0
0
10.1
16.15
0
0.2
0
0
0.06
0.61
2.82
5.76
4.09
0
0.39
0.48
0.05
0
0
0
0.96
1.23
15.09
2.11
11.55
0.75
0
0
0
0
0
0
0
0
0.02
0
0.01
0
0
0.13
0.01
0
0
0
0
0
0
0
0
0.04
0.58
0.04
0
0.03
0
0
0.03
0
0.18
0.59
0
0.1
0
0.39
0.04
0
0
0.02
0
0
5.18
0.11
1.32
3.46
4.73
0.23
0.08
1.27
0.71
0.05
0
2.42
2.9
2.26
1.52
0
3.23
17.89
2.84
3.6
3.65
0.77
0.31
2.39
0
5.02
0.67
0.06
0.36
4.61
0.25
0.44
2.2
1.27
2.43
0.09
0
0.12
0.04
0.01
0
0.01
0.31
6.42
2.99
0.04
0.01
0
0
0.01
0.01
0.02
0
0.27
0.02
0.02
0.29
0.57
0.34
0
0
0.08
0.12
4.28
2.55
1.17
0.06
2.03
3.74
6.72
1.29
2.14
1.06
1.38
7.41
6.34
2.45
2.32
0.42
4.57
9.08
2.64
1.75
1.19
1.53
2.31
0.22
0.05
1.32
0
0.3
0.02
0.04
11.58
15.64
10.02
13.34
2.41
5.01
1.23
6.51
5.54
0.38
0.05
0.01
0
0
0
0.02
0
0.05
0.72
0
0
0
0.4
0
7.88
10.04
1.28
3.91
9.48
1.78
4.37
2.39
0.68
0
0
0.01
0
0
0
0
0
0.02
0
0
0
2.8
0
0
0
0
3.38
2.81
16.3
3.27
0
0
0.02
0
0
0
0.05
0.01
0
0
0
0
0
0
0
0
0
0
0.02
1.26
0
0.02
0
0
0
0
0
0
0
0
0
0
0
0
0
0.02
0
0
0
0
0
0.01
0
0
0
0
0
0
2.88
0.69
0.03
0.01
0
0
0
0.26
0
0
0
0
0.03
0
0.02
0
0.01
0.08
1.25
1.67
0.35
0.03
0
0.02
0
0
0
0
0
0.04
0
0
0.02
0
0.02
0
0.55
0
2.26
2.32
5.56
0.71
0.01
0.92
0
0
1.51
5.63
1.06
0.61
0.06
0
0.23
0.02
0
0.41
0.36
1.73
8.09
2.14
6.85
0.65
0
0
0
0.01
0
0
0.01
0
0.01
0
0.07
0
0.02
0.01
0.02
0
0.23
7.25
0
0
0
0
0
0
0
0
0
0
0
0
0
0
0
0
0
0
0
0
0
0
0
0
0
0
13.89
17.2
0
1.85
0
0.05
0
0
0
0
0
0
0.73
0
0
0
0
0
0
0.06
0.13
0.23
0
0
0
0
0
0
0.78
1.96
0.85
2.02
0.9
1.19
0
0.02
0.02
0.01
0
0
0
0
0
0.4
9.54
2.51
0
0.6
0.3
0.25
0.01
0.11
0.98
10.11
0
1.77
1.04
2.8
1.06
0
0
0
0.08
0
0
0
0
0
0
0
0
0
0
0
1.34
0.93
9.82
0.53
0
0
0
0
0
0.02
0
0
0.02
0.7
0
0.06
1.98
2.03
13.81
0.93
0.98
0
0.62
4.41
0.48
0.05
3.69
1.84
0
0.02
0
0
0
0
0
0
0
0.03
0.15
0.15
0
0
0
0
0
0.95
0.08
0.02
0.08
0.24
6.28
0
0.36
0.06
0.97
0
0
0
2.86
0
0
0
0
0
0
0
17.37
12.51
11.4
8.1
4.14
0.02
0.96
0
1.08
7.98
16.44
7.13
18.23
6.33
0.48
0
0.04
0.11
0
0
0
0
0.01
0
0
0
0
0.01
0
0
1.75
11.96
16.69
16.08
0
8.11
6.2
2.27
5.59
2.89
2.8
3
0.05
0.08
8.37
1.31
10.81
1.88
5.93
0.7
0.22
2.39
0
2.6
14.61
2.38
1.5
0.14
0
2.93
0
0
8.63
11.56
3.79
1.46
0
0
0.4
0.77
6.36
0
0
0
0
0
0
10.37
2.15
0.03
0.05
0
0
0.03
0
0
0
0
0
0.03
0
0
0
0
0
0
2.2
0.36
0
0.72
0.36
0
0.01
0
0
0
0
0
0
0
0
0
0
0
0
0
0
0
0
0
0.33
0
0
0
0
0
0
0.02
0
0
0
0
0
0
0
0.01
0
0.38
0
0
0.01
1.65
0
0
0.04
0
0.02
0
0
0
0
1.73
1.81
0
0.24
1.1
3.81
0.54
0
0
0
0
0.01
0
0.02
0.01
0.07
0.04
3.02
1.38
0.18
0.03
0
1.01
0
0
0
0
0
0
0
0
0
3.63
0
0.05
0
6.41
7.86
0.55
0.26
0
0
0.8
5.47
0.88
2.18
6.84
6.56
0.35
0.36
0.06
0.02
10.85
14.99
1.58
4.95
19.64
2.82
2.27
1.43
0.22
0.24
0.04
1.8
0.07
0
0.01
0
0.07
0
0
0
0
0.02
0
0
0
0
0
0
2.71
0.07
0.05
0.16
7.49
1.61
0.14
1.64
0.6
2.16
1.69
0.7
4.66
24.68
4.1
2.6
0.52
0
0.61
12.18
0.95
0.03
0.26
0.01
0
0
0.09
0.01
0
0
0
0
0.01
0
0.04
0.02
0.13
0.03
0.43
3.13
8.95
0
0.01
0.26
0.17
3.25
3.19
0.25
0.53
0.05
1.69
0
0.19
0.05
0
2.54
4.02
0.39
1.48
8.9
0.98
0.35
3.11
0.95
0.63
1.47
1.28
1.73
2.66
9.09
6.94
2.72
6.73
7.62
4.47
0.59
0.7
1.38
0.04
0
0
0.02
0
0
0
0
0
0
0
0
0
0
0
0
0
0.02
0.8
1.91
3.12
1.38
7.79
2.36
0.71
0.01
0.09
0.09
0
0
0
0
0
0
0
0
0
0
0
0
0
0
0.29
0
0
0
4.02
0.19
1.56
0.45
0
0
0
0
0.09
4.7
0.72
0
3.82
13.12
1.04
0.59
0
7.01
3.55
3.73
1.31
8.6
2.09
0.24
0.27
0
0
0.01
0
1.02
0.1
0
0
1.69
0
0.01
0
0.02
0
0
0.02
0.27
4.58
0.66
0
0
0
0.02
0
0
0
0.68
0
1.66
0
0
0
2.16
0.25
0
0.01
0.02
0.12
1.68
0
0
0
0
0
0
5.34
0
1.05
0
0
0
0
1.37
1.23
0.16
0.66
0
0.14
1.3
0
0
0
0
0
0
0
0
0
0
0
0
0
0
0
0
0
0
0.01
0.65
0
0
0
0
0
0
0
0
0
0
0.02
0.17
0.01
0.02
0
0
0
0
0
0
0
0.01
0
0
0
0
0
0.94
0
0.63
0
7.83
0.32
0
0.11
0
0
0
0
0
0
0
0
0
0
0
0.05
0
0
0.02
0
0
0.08
0
0
0
0
2.79
0
0.8
0.41
0
0.3
0
1.09
0
0.44
0.01
0
11.43
1.27
0
0.05
0.02
0.02
0
0.02
0
0.02
0.34
0.12
3.13
0.66
0.85
0
0.56
0.7
0
0.98
3.9
0.76
0
0
0
0.01
0
0.01
0.03
0.03
0.02
0.02
0.29
11.95
8.75
1
0
0
0
0
0
0
0
0
0
0.34
0.01
0.04
0.04
0.31
0
0.2
0.26
0.16
0.01
0
0
0
0.22
0
0
0.11
0.01
0
0
0.7
0.08
0.01
0.01
0.13
1.96
0.16
4.24
6.89
0.02
0.91
7.62
3.09
0
0.52
1.35
1.92
0.04
0.12
0.01
0
1.63
2.52
1.52
0.05
2.68
0.61
0
0
4.69
13.69
20.52
23.94
14.4
18.26
6.66
4.51
14.05
17.72
8.28
6.34
1.71
0
5.63
6.3
1.83
2.29
8.68
0.32
0.41
3.54
1.88
9.5
11.27
1.96
0.19
2.08
1.05
0.56
2.38
0.13
0.12
0.32
0
0
2.27
0.63
0.2
0
0.04
0.03
0.46
0
0.03
0.7
4.22
1.15
0.01
0.44
9.05
2.21
0.01
0.06
0.02
0.05
0
10.27
17.5
2.61
1.21
0
0.8
9.5
7.48
6.14
1.36
8.71
3.91
0.73
2.43
0.56
4.96
4.05
0.34
17.87
4.77
6.05
0
0
0.02
0
0
0.02
0.03
0
0
0
0.13
0.78
0.07
3.31
0.43
1.52
19.01
5.94
0.4
0.01
0.48
4.3
1.15
1.16
0
0.09
3.88
0
0
1.41
1.7
0
0.01
0
0.03
1.46
8.48
11.85
6.49
4.55
11.11
5.14
0.29
0
2.06
1.57
0.37
0
1.95
0
0
0
0
2.69
3.57
0.88
3.66
0
1.41
0.21
3.88
13.3
3.69
6.04
2.71
7.86
2.51
0.62
0.04
0
0
0
0
0.02
0.03
0
5.35
0
0
0
1.48
0
0
0.02
0
0
0
0.02
0.02
0
0
0.02
5
20.84
3.53
3.41
13.77
2.1
1.61
2.35
0.29
0.66
1.82
0.2
0.05
0
0
0.01
3.8
17.7
4.71
0.2
2.38
0.43
0
0.17
12.74
8.81
0
0
0.21
0.05
0.52
0.03
0
0.2
0
0
0
0.01
0
0
0.01
0
0
0.01
0
0
0.01
0
0
0.03
0
0
0
0
0
0
0
0
0
0
0.07
1.89
1.24
0.62
0.27
0
0
0
0.02
0
0
0.25
12.09
0
0
0
0.19
0
0
0
0
0
0
0
0
25.49
0.4
0
0
0
0.01
0.32
0
0
0
0
0.23
0
0.36
0
13.18
5.43
0
1.81
2.11
0.08
0
0.38
0
0
0
0
0
0
0
0
0
3.34
0.41
0.01
0
0.94
6.31
24
3.6
2.63
0.73
0
0
0
0
0
0
0
0
0
0
0
0.02
0
0
0
0.88
3.13
12.23
2.38
0.2
0
0
0
0
0
0.73
10.43
0.92
0.34
0.07
0.38
0.08
8.03
0.04
1.74
1.79
0
3.54
2.2
2.71
0.63
0
0.04
0.03
0
0.02
0.04
4.5
3.3
2.12
2.14
0.15
0.04
4.57
9.24
7.19
3.88
0.37
0.07
0.12
0.07
0.77
0.4
0
0.15
0.23
2.01
0.75
6.35
18.2
11.62
2.13
0
0
0
0.03
0
0.36
3.98
1.48
0.04
0
0
1.13
2.31
1.29
0.62
10.38
6.44
2.84
0.26
0
0.02
0
0.04
0
0
0.01
2.52
0.57
0
0
0.01
0
0
0.63
6.11
8
3.27
2.45
0
0.01
0
0
0.02
0
0
0
0
0
0
0
0.07
1.8
3.32
8.54
8.76
2.38
0.52
9.21
2.18
0.91
0.66
0
0
0
0
0.08
0.08
0
0
4.21
4.86
0.05
0.27
0
1
0.1
0
11.2
0.76
1.74
6.24
4.88
8.01
1.34
0
0.03
0
0.84
0.44
2.9
1.18
3.52
5.5
3.32
0.16
0.1
0
0
0.01
0
6.25
0.36
0
0
0
0
0
0.02
0.04
0.01
0.02
0
0
0
0
0.16
1.55
0
21.08
4.36
0.39
0.52
0
0
0.06
0
4.38
3.35
4.3
2.41
2.55
0.16
2.13
0.64
22.78
0
0
0
0
2.14
1.09
7.78
0.36
0
0.07
0.14
0
0
0
1.49
0.14
0
0
8.15
10.24
0.87
16.67
6.67
0
0.02
0
0
2.02
5.33
11.03
12.74
1.65
0.51
0.08
0
0
0.01
0
0
0
0
0
0
0.01
0
0
0.01
0.01
0
0.01
0.32
0.05
0
0.05
0.13
0.84
0.14
0.55
0
0
0.01
0
0
0
0
2.46
0
0
0
0
0
0.03
0.02
0
0
0
0
0
0
0
0
0.01
0.08
0
0
0.3
0.02
0
0
0
0
0
0
0
0
0
2.01
0.71
0
0
0
0.24
0.67
0
0
0.02
0
0
0.01
0
0
0
0
0.02
0
0
0.34
0.54
0
0
0
0
0
0
0
0
0
0.14
0
0
0
0.04
0.02
0
0
0
0.03
0
0
0
0
0
0
0
0
0
0
0
0
0
0
0
0
0
0
0
0
0
0
0
0
0
0
0
0
0
0
0
3.6
9.72
0
8.11
19.37
0.59
0
0
0.1
0.09
9.66
17.04
19.84
12.25
1.31
1.05
0.12
0.55
0.22
0.02
0
0.18
9.56
1.24
0
0.32
1.18
1.66
1.82
0.5
4.31
0.12
0
0
0
0
0
0.01
0.06
2.7
2.47
0.03
0.03
0.03
0.23
0
0
0
0.11
0.04
0.13
0.47
0.09
0.03
2.03
0.16
0
0.01
0.09
0
0
0.02
0
0
0
0
0
0
0
0.05
0.33
0.51
0
0
0.01
0
0.03
0.24
0.03
0
0
0
0
0.86
1.82
2.31
0.08
0
0
0
0
0
0
0
0
0.11
1.06
0
0
0
0
0
0.02
0.02
0.04
0.02
0.1
0.05
0.01
0.05
0
0.01
0
0.02
0.23
0
0.01
0.01
0
0
0
0
0
0
0
0
0
0
0
0
0.01
3
0.01
0.14
0
0
0
0.01
0
0
0
0
0
0
0
0
0
0
0.01
2.85
1.31
0.04
0
0.01
0
0
0.02
0
0
0
0
0.11
8.22
7.02
9.49
12.64
3.04
0.41
0.02
0.04
1.54
0.58
5.48
1.69
2.95
0.07
0.02
0.03
0.72
2.07
1.16
0.49
0.02
0
0.01
0.25
0.08
1.3
5.39
9.25
5.73
2.14
0
5.5
5.16
1.53
0.02
0.31
0.16
0
0
0
0.13
0
0.01
0
0
0
0
6.54
1.82
0.36
0.02
0
0
0
0
0
0
0
0
0
0
2.67
0
0
0
0
0
0.48
0
0
0
0
0
0
0
0
0
1.69
7.54
0
0
0
0
0
0
0
0
0
0
0
0
0
0
0.01
0
0
0
0
0
0
0
0
0
0
0
0
0
0
0.01
0
0
0
0
0.02
0
0.59
0.32
0.09
0.02
0
0
0
0
0
0.02
0
0
0
0
0
0.01
0
0
0
0
0.02
0
0
0
0
0.01
0
0
0
0
0.01
0.01
0
0
0
0.12
0
0
0
0
0
0
0.51
0
0
0
0
0
0
0
0
0
0
0
0.01
0.32
0.01
0
0
4.5
0.24
4.68
3.53
1.79
25.18
0.6
0.08
0.01
0
0
0
0
0
0
0
0
0
2.65
1.81
0.13
3.79
0
0
0.43
13.65
9.4
9.09
10.02
0
0.22
9.69
4.42
6.02
0.91
0
0
12.84
0
0.34
6.02
15.31
10.05
0
0
2.34
14.89
4.55
4.09
0.69
0
0.09
0
0.04
0.04
2.65
0.02
0
0.02
0.09
0
0
0
1.13
6.78
0.61
0.1
0
0.04
0
0
0.03
0
0
0.12
0.31
0
0.02
0
0
0.02
0.87
7.88
0.28
1.48
0.12
0.32
0.25
0.16
0.18
0
0
0
4.7
0.02
0.03
0.02
0.19
0.02
1.97
0.43
0.01
0
0
0
0
0.1
0.05
0.33
0.14
0.65
2.81
2.25
0
0.17
4.24
1.42
5.79
7.63
2.77
0.68
8.77
3.48
0
0.18
0.02
3.82
0.12
0.05
0
0
3.07
0.8
0
0
0.46
0.34
0
0.14
0.05
5.23
0
0
0.04
0.01
0
0.13
1.45
0.8
1.52
0.33
4.07
7.59
0.95
0.43
0
0
0.14
0.85
0.14
0.03
0.09
12.51
2.74
3.05
11.51
16.09
4.37
1.08
2.53
2.04
0.48
0.04
0.17
1.91
9.66
0.05
6.57
0.04
0
2.9
3.49
3.11
8.6
17.48
4.24
3.29
10.13
0.48
10.62
0.8
0.55
9.32
5.67
0.95
0.08
2.02
0.26
0
0.01
0.06
0
0
0
0
0
0
0
0.01
0
0
0
0
0.02
0.22
5.88
2.41
9.25
3.05
2.13
1.43
0
0.12
0
0
0
0.04
0
0.38
0.06
0
0.12
0.28
1.64
7.1
3.86
8.91
5.59
1.28
0.72
0
0
0.01
0
0
6.09
0.31
0.3
6.86
0.11
0
0
0.01
0
0.02
1.15
0.03
0.54
0.52
0.61
0
0
0
0.05
0.01
0
0.04
0.6
0.8
0.65
0.13
0
0
0
0
0
0
0.01
0
0
0
0
0.04
0
0
0.01
0
0
0.01
1.14
1.49
0.98
0
0.04
0.03
0.07
0.07
0
0
0
1.16
7.65
0.02
0
0
0
0
0.02
0.02
0
0
0
0
0
0
0
0
0.01
0.17
0.02
0
0
0.09
0.57
0
0
0.07
2.02
0
0
0
0
0
0
0
0
0
0
0.66
5.11
0.17
0.01
0
0
0
0.04
0.02
1.66
0.2
0.81
0
0
0
0
0.02
0
0
0.01
0
0
0
0
0
0
0
0
0
0
0.01
0.19
10.55
0.66
1.98
0.62
1.31
5.57
5.13
0.27
0
0
0
0
0.04
0.02
0
0.01
0.01
0.04
0
0
0
8.13
0.09
0.05
17.94
0
4.88
4.27
0.5
0.05
0.05
0
0
0
0
0.12
0.52
0.49
0
0
0.07
0.79
0.01
0
0
0
0.01
0
0
3.41
10
2.06
0.14
0.01
0
0
0
0
0
0
0.68
0.51
0
0.24
0.02
0
0
0
0
0
0.02
0
0
0
0
0
3.31
0
0.01
0
0.13
7.21
11.98
0
0
0
0.34
22.94
4
0
8.71
0
0
0.12
0.73
6.02
11.08
12.18
7.97
2
0.07
0.02
0.07
0
0
0
5.06
2.36
1.35
4.8
1.37
7.86
5.22
1.41
0.63
6.66
2.91
0.09
0.05
0.05
0
0
3.86
4.71
1.66
0.94
0.16
0.23
0.9
9.95
0.38
3.96
3.98
3.65
12.99
1.46
10.4
2.84
1.48
2.21
2.11
0.32
0.41
0
0
2.11
0.02
0.01
0.13
1.62
0
0.41
0.22
0.37
7.73
1.99
0.03
0.09
0.04
0
0
0
0
0
0
0.01
0
0
0
0
0
0
0.38
2.16
1.21
1.28
0.13
0.54
2.05
0.32
0
0
0.64
0.31
0.28
1.31
13.45
2.41
0.79
0.02
0
0
0
0
0
0
4.9
0
0
0.45
0
0
0.02
0.4
2.46
7.89
0
0
9
0.19
0.73
0.01
0
0
0
0
0
0
0
0
0
0
0
0.05
0
0
0
0
0
0
0
0
0
1.09
2.73
3.56
1.75
1.81
1.2
0.54
0.02
1.02
2.06
0.01
0.02
1.88
0
0
0
0
0
0
0
0.03
0.1
0
3.88
0
0.23
0
0
0
0.07
0
0
0.14
0
0.05
1.27
17.12
0.2
2.76
0
0.01
0
0
0.02
10.27
17.12
0
0.04
4.05
0.02
0
0
0
0
0
0
0
0
0
0
0
0.13
0
0
0
0
0
0
0
0
0
0
0
0
0.04
0
0
0
0
0
0
0.01
0
0
0
0.04
0
0
0
0
0
0.2
0
0
0
0
0
0
0
0
0
0
0
0.71
0.27
0
0
0.07
0
0
0
0
0
0
0
0
0.02
0
2.47
0
0.09
0.97
1.06
1.15
0.15
9.55
2.11
0.31
5.37
0
0.03
0.41
3.51
0
0.42
0.22
0.02
0
0
0
0.01
0
3.77
20.15
11.68
13.5
11.64
9.5
2.32
0.99
0
0
0
0.01
0
0.02
0.04
0.03
0
0.02
0
0
0.02
0
0
0
0
0.8
14.73
5.43
0.58
0.87
0.99
4.84
0
8.21
13.42
0
7.16
4.94
1.28
0.1
0.04
0
0
0.01
0
0.04
0
0
11.1
3.33
7.76
31.52
7.37
0.26
0.31
0.04
0.17
0.05
0
1.01
0.05
0.01
0.01
0
0
0
10.36
8.05
0.4
0.5
0.03
0.02
0.01
0
0
0
0.01
0
0
0.03
0.32
0.91
0.02
0
0
0
0.01
0
0
0
0
0
0
0
0
0
0
0.01
0.83
6.84
1.34
0.05
3.12
1.55
0
1.04
0.5
0.1
0
0
0.02
0
0.2
1.11
12.14
1.71
0
7.02
5.33
0.77
1.32
0.15
0.05
0
0
0.12
2.28
1.46
0.02
2.55
0.97
0
0.15
0
0.13
1.72
1.21
0.09
0.75
0.1
0.04
0.09
0
0.02
0.01
0.03
0.12
0
0
0
0
0
0
0
0
0
0
0
0
0
1.43
12.34
1.22
3.18
3.13
6.21
19.5
0
0
0.04
0.01
0
0
0.03
0.02
0
0
0
0
0.01
0.36
0
0.52
4.8
0
2.04
0.57
0.24
0.07
3.63
3.14
0.06
0.15
0
0
0
0.04
0
0.01
7.07
15
0.13
0
0
0.01
0
0.02
0.09
0.07
0.01
0
0
0
0
0
0
0
0
0
0.01
0
0
0
0
0
0
0.02
0.03
0
0.02
0
0
0.01
0
0.41
0
0
0
0.24
0.42
0.01
0
0.14
0
0.96
12.83
12.22
1.45
0
2.58
5.07
0.54
0
0
0
0.02
0.11
2.07
1.3
0.59
0.01
0
0
0
0
0.04
0.09
0.01
0.02
0.18
0
0
0
0
0
0
0
0
0
0
0
0
3.45
0.47
0.01
0
0.09
2.55
0
0
0
0
0
0
0
0
5.73
0.04
0
4.19
0
0
0.05
0.77
1.32
0.04
0
0
0.2
0.04
0
0.02
0.05
0
0
0.01
0
10.39
0
0.13
0.16
0
0
0
0
0
4.91
5.06
0.64
0.08
0.05
0.38
0
0.05
0.29
0.03
0
0
0
0
0.08
0.01
0.39
15.75
0
0
0
0
0.01
0
0
0
0
0.07
0.1
0.61
2.14
0.55
0
0.13
0.09
2.15
6.8
1.93
0
0
0
0.88
0.52
1.98
1.77
0
0.01
0.02
4.52
5.38
0.51
0.1
0.01
0
0
0.18
0
1.52
1.78
0.21
0
0.07
0.02
12.23
18.96
2.65
0.5
0.04
0
0.02
0.03
0
0
0
0
0.02
0
0
0.02
0
0
0
0.83
2.77
0.12
0
0.25
0.13
0.01
0.08
0
0
0
0
0
0
0
0
0
0
0
0
0
0
0
0.48
0
0
0
0
0
0
0
0
0
0
0
0
0
0
2.02
0.22
0.6
1.02
5.41
0
9.23
13.9
0.93
1.44
1.18
4.61
3.17
16.16
2.01
0.07
0.19
4.28
0.02
0
0.02
0.06
0.02
0.02
0.35
0.17
0.02
0
0
0.04
0.03
2.29
0.4
0.03
0
0
0
0
0
0
11.08
1.79
0.29
2.05
2.45
2.34
18.51
8.23
3.88
0.2
0.03
0.91
0.86
0.13
0
0.03
0
0
2.51
0.05
12.84
3.11
0.7
0.1
0.01
0.03
0
3.54
0.61
3.35
3.24
0.07
1.17
0
0.01
0
0.02
0.06
0
0.05
0
19.93
7.78
0.23
10.8
0.23
0
0
0.02
1.23
0.22
0.27
0.01
0.63
0.4
0.02
0
5.69
26.13
0
0.25
0.04
0.04
0.16
5.45
6.05
10.02
0.85
0
0.64
7.96
0
0
15.83
7.1
2.06
0.95
4.25
0
0
0
0.11
0.25
3.49
0.01
0
0
0
0
0.7
8.52
12.32
21.21
6.08
7.51
4.13
2.63
1.78
0
0
0
0
0
0
0
0.1
1.16
0.19
0
0
0
0
1.19
0.89
0
0
0
0
0
0.94
0
0
0
0.01
0.18
0.01
0
0
0
0.46
3.24
0.66
0.01
0.03
0
0
0
0
0
0
0
0.05
0
0
3.33
0.14
0
0
0
0.13
1.39
3.74
0.39
0
0
0
0
0
0
0
0
0
0
0.01
0.09
0.22
0
0.01
0
0
0
0
0
0
0.15
0
0
0
0
0.01
0
0
0
0.01
0.01
0.41
0
0
0
0
0
0
0.05
0.01
0
0.02
0
0
0
0
0
0
0.31
0.02
0
0
0
0.05
0
0.02
0
0
0
0
0
0.01
0.01
0
0
0.73
9.32
5.49
0.02
0
0
0
0
0
0
0.01
0
0.04
0.11
0
0
0
0
0
0.01
0
0
0
0
0
0
0.02
0.01
0
1.93
15.36
2.99
0.07
0.03
0.02
3.95
1.35
5.52
4.46
4.03
10.66
14.72
3.11
0.1
0.02
0
0
0
0
0
0.01
0
3.13
8.43
17.23
2.24
0
0.66
0.21
0.01
0
0.06
0
0
0
0
0
0.01
1.92
18.86
3.77
7.44
7.34
2.07
4.17
9.52
1.59
0
0.85
0.06
0.02
0.09
4.46
3.74
0.07
0.13
0.05
0.01
0
0.01
0.02
0.19
0.02
0
0.59
2.65
0.24
0.16
0.05
0
0.07
0.05
0.03
0
0.02
0.02
0
0
0
0
0
0.02
0
0
0
0
0
0
0
0.23
0.25
0
0
0
0
0.05
0.11
0.05
0.02
0.13
0.15
0.05
0.01
0
0.01
0
3.91
9.08
0.2
1.6
0.85
0.05
5.48
6.19
4.57
5.5
1.36
0.04
1.09
0.03
0
1.22
2.27
5.16
1.84
0.04
0
0
0
0.04
0
0
0
0
0.6
0.06
0.01
0.02
0.02
0.03
0.39
0
9.28
0.35
0.02
0.08
0.41
0
0
0
0
0.53
0.45
0
0
0
0
0
0.02
0.01
0
4.51
2.39
0.59
4.17
3.43
1.86
0
0.04
0
0.28
0
0
0
0
0
0
0
0
0
0
0
0
0
0
0
0
0
0.02
0.25
0.41
0
0
0.03
3.12
2.96
0.21
0.95
1.14
4.13
2.6
0.23
0
0.02
0.36
3.41
0
0.05
0
0.01
9.32
8.56
3.13
0
0
0
0
3.3
6.77
0.12
0
0.02
0
0
0
0
0.07
0
0.52
0.48
0.22
0.45
3.52
6.22
0
15.66
0.02
0
2.48
0
0
0
0
0
0
0.04
5.31
0.47
0.22
0.52
7.7
0
0
0
0
0
8.31
0
1.1
7.3
0.02
0
0
0
0
0
2.16
13.81
11.32
3.1
0.02
0
0
0
0
0
0
0
0
0.47
0
0
0
0
0.01
0
0
0
0
0
0
0
0
0.02
0.18
0.02
0
0
0.01
0
0
0.02
0
0
0
0
0
0
0
0
0
0
0
0
0.01
0.02
0
0
0.26
0.44
3.52
3.96
0
0
0.02
0
0
0
0
0
0
0.04
0
0
0
0
0
0
0
0.54
0
0
0
0
0.05
4.69
0
0
0
0
0
0.12
0.03
0.01
0
0
0.06
0
0
0
0
0
0
0
0
0
0
0
0.03
0.04
4.09
19.98
0.33
0.36
0.24
0
0
0
0
0
0
0
0
0
0
0
0.05
1.3
4.38
0
0.02
0
0.18
0
0.02
0
0
0
0
0
0
0.01
0.03
0
0
0
0
0.13
0.08
0
0
0
2.96
0.26
0
0.27
0.05
0
0
0
0
0.04
0.49
0.23
13.06
2.5
0.13
0.25
1.13
1.29
0
0.02
0.04
0
0
0
0.02
0.02
0
2.11
6.79
0.77
0.03
0.82
0.06
0.89
0.1
0.2
0.15
0.01
8.96
20.22
4.55
1.43
1.81
2.1
0.15
0
4.52
0.41
0.05
0
0.03
0
0
0
0.26
0.05
0
0
12.52
2.3
0
0.13
0.01
0
0
0.56
0.16
3.1
6.35
6.34
1.85
0.9
0.57
0.74
0
1.02
0.24
0.1
0
0.09
0.01
0
0.01
0.63
0
0.03
0
0
0
0
0
19.89
13.76
14.72
11.38
9.27
6.13
2.95
3.08
1.5
1.62
11.62
16.36
2.31
1.93
1.35
24.65
0.86
3.4
10.97
0.69
9.36
0
0
0
7.51
0.06
0.3
0.09
0.02
0
1.66
2.41
0.04
0.03
2.16
0.82
2.38
0
12.82
6.16
5.67
9.46
19.2
11.62
6.67
0.61
0
9.36
0.13
0.01
0.22
0
0
0
0.22
0.06
0
0.07
0
0.16
1.02
6.92
0.31
0
0
0.01
0
0.85
1.54
2.04
3.02
0
0.06
0.04
0
0
0.02
0.02
0.06
2.88
4.12
9.98
3.25
4.24
1.4
0
0
2.36
0.14
3.54
5.69
11.78
2.43
0
13.87
8.87
1.61
0.7
7.14
4.13
0.43
6.21
3.43
0.81
0.13
0.09
0
0
0
0
0
0
0
0
0
0
0
0
0
0.27
1.14
1.13
2.1
2.27
0
0
0
0.01
0
0
0
0.06
0
0
0.16
0.02
0
0
0.03
0
0
0
0
0.18
0.6
0
0
0
0
0
0
0
0
0
0
0
0
0
0
0.07
0.16
0
0.13
0
0
0.02
3.9
0
0.01
1.35
1.6
0
0.15
0.05
0
0
1.25
1.4
0
0.8
0
0.01
0.69
0.02
0.22
0
0
2.67
0.1
0.07
0
0
9.45
0.13
0
1.48
20.14
1.38
0.03
0.07
2.29
0.06
16.39
0
0.01
0
0
0
0
0
0.08
0
0
0
0
0
0
0
0
0
0
0
0
0
0
0.03
1.16
0.02
2.93
1.82
0.2
0
0.07
14.12
6.29
0.78
1.13
0.29
0
0
0
2.55
3.35
0.23
1.14
11.5
10.8
0.25
0.14
0.05
6.9
5.31
0.7
1.09
3.84
0.09
2.77
0.88
0.04
0.02
0
0.99
0.34
0.27
6.22
4.34
7.13
2.29
3.47
1.9
1.88
9.89
3.1
0
0.03
2.6
0.29
0
0.03
0
0.04
0.01
0
0
0.05
0.02
0.01
0
4.48
7.91
0.98
1.51
1.47
0.15
1.34
0.06
0.03
0.05
0.05
0.03
0
0
0
0
0
0
0
0
0
0
0
0
0
0.01
0
0
0
0
0
0.06
0.01
0
0
0
0
0.05
8.34
0.42
0.02
0.28
0.22
0.14
0.03
0
0
0.14
0.88
5.75
8.69
3.17
0
0
0
0
0
0
0
0
0.02
0
0
0
0
0
0
0
0
0
0
0
0
0
0
0
0
0
0
0.04
0
0.01
0.02
0.31
9.52
0.01
0.65
0
0
0
0
0
0
0
0
0
0
0
0
0
0.02
0.01
0
0
0
0
0
0
0
5.25
3.45
4.29
0
2.14
10.31
7.34
2.98
4.11
1.73
2.73
0
0
0
0
0
0
20.55
16.06
10.31
2.09
1.31
0.34
5.78
20.44
1.56
0.47
0.21
0
0
0.27
0
0.38
0.16
0
0
0
0.12
0
0.05
0.45
0
0
0
0
0
0.06
0.19
0.06
0
0
0
0
0
0
0
0
0
0
0
0
0
0.06
0.01
0
0.67
0.21
1.03
0.55
0
0
0.04
0
0
0
0
0
0
0
0
0.01
0
0
0
0.01
0
0.05
0
0.15
0
0
0
1.37
1.46
0
0
0
0
0
1.31
0.08
0
0.06
0.01
0.2
0
0.14
0.7
0.09
0
0
0
0
0
0
0
0.77
0.16
0
0
0
0
0.02
0
0
0
0
0
0
0.02
0
0.07
0
0
0
0
0
0
0
0
0
0.12
0
3.64
2.32
0
0
0
3.2
1.41
0
0
1.76
0.05
0
0.23
0.01
0
0
0
0.04
0
0
0.12
0.19
0
2.5
7.52
50.03
1.92
2.25
0.23
1.34
1.38
1.88
0.81
0
0.02
0
0.07
0
0
0
0.27
0.02
0
0
0
0
0
0
0
0
0
0.01
2.52
0
4.31
0.09
0.38
1.63
1.83
8.31
4.55
0.16
8.31
4.53
0.28
0.03
0
0
0
0.03
0.15
0
0.47
0.94
1.19
8.2
2.31
0.59
0.05
0
0.36
0.69
0.7
5.47
3.62
4.84
0.8
0.03
1.67
0
0
3.1
2.91
8.62
2
1.64
0.09
2.08
0.38
0.53
3.7
7.22
0
0
2.44
0.94
0.03
0.01
0.07
2.55
0.34
0.23
0.44
1.88
0.05
0.16
0.84
0.06
0.81
0.53
29.81
18.81
5.44
1.17
0.12
0
0
0
0
0
0
0
0
0
0
0
0
0
0
0
0
0.01
0.08
0
0
0
0.02
0.04
0
0.11
3.84
0.19
0.5
3.44
0.31
0.41
2.94
6.36
0.05
0.31
0.48
0
0.66
1.27
0.32
0.19
0
0.01
0
0
0
0.08
0
0
0.01
0.06
0.01
0
0
0.04
0.07
0.01
0
0
0
0
0
0
0
0
0.01
0
0.27
10.69
1.66
0.62
0.02
2.34
0.11
0
0
0
0
0
0
0
0
27.59
12.47
0.89
0
0.07
0.03
3.69
5.3
3.53
0.16
0.45
1.33
1.39
0.03
0.22
6.78
29.62
1.25
0.02
0
0
1.23
12.34
4.05
0.59
5.48
4.52
1.54
1.14
0
2.89
9.16
5.2
3.13
9
3.44
1
3.66
0
0.1
0.91
8.25
0.32
1.17
0.87
0.03
0.02
0.03
0
0.03
0.1
0
0
0.03
2.51
0.56
0.78
0
21.12
0.62
4.02
7.6
0
0
0
0
0
0
0
0
0
5.37
0.11
1.56
0
0
0.02
6.28
0
0
9.7
6.19
0.41
0
10.73
0
0
0
0.55
1.12
0.13
0
0
0
0.02
0.01
0
0
0
0
0.48
2.94
0.25
0
0
0
0
0
0
0.02
0
0
0
0
0.01
0.41
6.45
0
1.08
2.7
0.14
0
0
0.02
0
0
0
0
0.58
0.18
0.05
0
0
0.01
0
0
0
0.78
0
0
0
0
0
0
0
0.1
0.03
0
2.43
19.31
0
0
0
0
0
0
0
0
0
0.15
0
0.01
0
0
0
0
0
0
0
0
0
0
0
0
0
0.12
0
0
0
0
0
0
0
0.25
0
0.1
6.17
11.22
0.56
0
0
0.03
3.46
4.08
0
0
0
0
0
0
0.22
17.28
0.03
0.38
0
0
0
0
0
0
0
0
0
0
0
0
0
0
1.55
13.38
5.41
1.19
1.75
0.03
8.03
0.02
0.08
0.05
0
0
0
0
0
3.09
0.88
16.25
11.77
2.12
1.81
0.33
0.18
0
0
0.02
0.79
0.34
0
0.02
0.06
0
0
0
0
0
0
0.38
0.66
3.47
0.34
0
0.02
0
0.75
3.34
1.61
0.03
1.92
4.81
0.88
2.75
3.97
2.3
0.03
0.12
1.87
0.69
0.46
0.01
0.06
4.72
0.12
0.13
0.02
0.21
1.34
0.1
0.09
3.05
1.14
0.45
0.01
3.88
3
0.86
0.33
0.19
0.13
0.09
1.78
20.38
8.72
1.19
0.09
0.15
0.03
0.02
0
0
0
0
0.05
6.03
9.47
2.05
11.62
1.34
5.66
0.48
0.2
0.41
4.34
2.3
0.83
0.23
0.41
0.48
0.05
7.34
9.44
11.17
12.72
18.53
1.12
4.94
0.92
0.12
0
0
0
0
0
0
0
17.12
0.84
0.04
0
0
0
0
0
0.28
0
0
0.44
0.22
0.31
7.44
6.69
0.12
0.1
0.09
0.02
0
0
0
0
0
0.02
2.25
0
0
0
0
0
0
0
0
0
0
0
0
0.3
4.79
0.99
0
0
0
0
2.59
5.36
14.47
3.95
0
0.3
4.31
2.21
0.21
0
0.04
0.35
8.36
6.57
3.98
1.03
2.57
1.25
3.62
3.78
6.12
2.36
0
1.09
1.27
6.38
0
0
0
0
0.66
7.53
0.02
0.38
0.05
0
0
0
0
0
0.01
0
0
0
0.02
6.03
0.03
0
0
1.91
0.08
0
0.24
12.66
3.11
1.26
10.67
6.15
9.45
0
0.04
0
0
0
19.91
0
0.02
1.66
0
7.92
3.69
17.66
1.38
0.38
0.04
0.2
0
0
0
0
0
0
0
0
0
0
0
0
0
1.47
0
0
0
0
0.01
0
0
0
0
0
0
0
0
0.02
0
0
0
0
2.64
0
0
0
0
0
4.22
0
0.03
0
0
0
0
0
0
0
0
5.68
0
0
0.28
0
0
0
0.11
0.02
0
0
0.11
1.47
0.53
0
0
0
0
0.19
0
25.81
26.56
0.84
0
0
0
0
0
0.01
0
0.02
0
0.08
1.34
24.03
4.81
0.53
0
0
0
0.22
0.78
1.22
1.38
22.5
0
0.01
0
0
0
0
0
0
7.94
0.02
0.05
0
0
0
0
0
0
0
0
0
0
0.82
0.24
0
0
0
0
0.03
0
0
0
0
0
0
46.38
10.28
29.5
1.44
7.97
0.44
0.02
0.03
0
0
0
0
0
0
0
0
0
0
0
0
0
0.05
0.06
2.44
14.12
0.06
0.31
0.41
0.22
2.08
0.19
0.03
0.47
3.98
0.27
0.09
0.12
0.78
0.03
4.31
0
0
0
0.06
0.01
0
0
0
0
0
0
0
0.02
0
0
3.22
3.78
5.05
12
0
0.01
0.01
0.01
0
0
0
0
6.61
3.59
0.02
0.01
0
0.12
0.03
0
0
0
0
0
0
0
0
0.03
0
0
0
0
0
0
0
0
0
0
0
0
0
0
0
0
0
0
0
0
0
0
0.12
0.82
2.55
0.36
0.01
0
0
0.07
1.54
0
0
0
0
0.24
1.38
1.69
0
0
0
0
9.97
0.13
0.05
3.39
3.16
0.04
0.46
0.62
18.28
12.47
3.56
4.62
0.12
0.03
0.09
0.03
0.22
2.88
7.69
4.03
0.62
1.69
2.56
0.88
0.13
0
1.02
5.58
1.28
0.22
0.05
0
0
0.03
0.03
0
0.06
0.11
0
6.75
3.09
0
0.03
0
0
0
0
12.19
3.5
0
16.22
2.27
0.4
0.2
7.24
2.84
2.16
0.02
1.05
0.44
7.47
0.22
0
0
0
0
0
0
0
0
0
0
1.99
0.11
0
0.02
0
0
0
0
0
0
0.33
0.02
0
0
0
0
0
0
0
1.79
0.16
0
0
0
0
0
0
0
0
0
0
0
0.96
3.89
0.03
0.12
0
0
0.17
0.32
0.06
0.01
0
0
0.25
0
0
0.07
0
0
0
0
0
0.41
0
0
0
0
0.19
0
0
0
0.08
0
0.01
0
0
0
0
0
0
0
0
0
0.01
0
0
2.47
0
0
0.53
0
0.22
0.01
0.27
0
0
0.03
0
0
0
0.16
0
0
0.02
10.56
0
0
0
0
0
0
0.08
0
0
0.37
0.05
0.18
0
0
0
0
0
0
0
0
0.21
0
0
0
2.01
7.3
7.28
0.05
0
0
0.03
1.61
13.24
3.52
0
0
0
0
1.31
0.02
0.06
0
1.72
0.16
0
0
0.01
0
0
0
0.06
0.04
0
14.86
4.59
0.03
0
0
0
2.8
0.08
0
6.72
8
3.28
0
1.98
0.01
0
0
0
0
0.03
0.11
2.91
0.1
0.07
1.62
0.2
0
0
0
3.89
2.52
0.34
0.06
1.69
0.09
1.23
5.11
4.25
1.97
2.47
0.09
2.23
8.16
6.38
0.92
5.35
0.09
0.03
5.3
0
0
0.01
0
0
0.95
2.53
2.5
0.13
2.81
12.44
10.38
9.25
4.31
23.88
25.31
15.16
2.31
2.63
0.66
0.59
0
6.08
0.06
0.55
0.16
0.06
0
0
0
0.02
0.7
0.05
0
