19510101
20
13.38
0.37
0.02
0.01
0
0.01
0
7.78
3.2
3.01
6.64
5.02
0.95
0.02
0.06
0
1.03
0.03
0
0
0.01
2.63
9.2
5.28
6.61
8.27
10.39
0.11
0.14
0
0.04
0.02
5.46
28.44
1.62
9.12
0.77
4.78
5.6
8.21
7
10.41
2.08
6.47
2.64
0
1.68
3.66
0.41
5.87
0.35
4.63
14.12
0
0.1
0.03
0
0.02
0.13
0.35
1.24
1.41
1.32
1.98
4.18
3.69
3.77
29.3
1.99
21.88
12.06
7.28
5.01
1.24
1.46
0.26
0.02
0
0
0
0
0.02
0
0
0
0.36
0
0
0.01
0
0
0
0
0.05
0
0.26
0
0.01
10.03
1.22
0
0
0
0
0.01
3.09
2.34
2.21
1.59
0.09
0
3.49
3.06
9.3
6.24
11.05
5.68
3.41
23.48
6.15
7.09
0
1.33
7.1
6.11
5.03
5.17
0.41
1.67
1.21
0
0.01
0
0
0
0
5.91
2.45
2.16
0.04
0.02
0.02
0
0
7.93
0
1.38
4.58
4.14
0
0
0.03
14.45
4.4
12.78
0
6.75
0.04
0
0
0.02
0.03
0
0
4.3
0.45
1.48
0
0.42
0
0.06
1.05
0
0
0.01
1.12
0
0.02
0.82
2.63
3.25
0
0.21
0.2
0.8
0.75
0.71
0.87
0
0
0
0
0
0
0
0.04
0
0
0
0
0
0
0
0
0
0
0.74
0.23
0
4.18
9.06
7.69
9.68
0
0
0
0
0.01
0
0
0
0
0
0
0.06
0
0
0.02
0
0
0.01
0
0
2.19
14.54
0
0.56
0
0
0
0
0.09
0
0
0
0
0
6.33
9.87
2.47
0.25
1.26
13.95
14.14
1.6
0
0
0
0.02
0
0
0
0
1.58
38.08
0
0
0.02
0
0.02
0
0
10.05
13.93
0.19
0.14
0
0
0.03
0.12
4.2
0
0
5.06
1.45
0.9
0.19
0
0
0.01
0.48
0.37
1.17
1.07
0
0
0.03
0.38
0.73
1.67
2.09
4.27
0
0.01
0.57
0
0.42
2.97
18.34
13.19
13.97
24.73
5.8
4.86
8.95
1.58
0.21
1.93
0.04
0.93
19.11
7.08
1.95
0.59
0.33
0
0.04
0.02
0
1.43
0
0.48
0.08
0
0
1.03
1.48
0.01
0.43
0.67
1.04
0.52
0
0.3
3.09
0.23
0.01
1.69
0.25
0.01
0
1.37
1.74
1.47
0.08
4.84
0.86
2.12
0.43
2.74
1.84
0
0.01
0
0
0.01
0
0
0.03
0.79
0
0.02
0
0
0
2.82
0.77
0.01
0
0.56
0
0.55
0
2.08
1.77
1.42
6.52
4.34
6.23
14.8
5.16
2.65
2.58
0.6
0.63
0.55
0.33
0
0
0
0
0.01
0
0.26
0
0.18
12.27
6.24
1.38
0.84
0
0.27
0.51
0.02
0
0.01
0.01
0
0.13
0.5
1.13
0
0
0
0
0.01
0.39
0.01
0
0
0
0.63
4.02
1.31
5.04
4.46
0
1.54
0
7.52
4.25
1.34
0.13
0
0
0
0.21
0
0
2.68
9.7
15.16
14.33
5.13
8.22
10.82
0.22
0.16
0
0.81
0
0
0.01
0.27
14.52
18.57
3.8
21.75
1.31
0
0
0.16
0.22
0.01
0
0.38
0
0
0
0
0.61
0.21
0.24
0.29
5.23
5.51
2.68
23.21
8.58
6.07
0
0
0.07
0
0.12
1
0
0
1.63
0.57
0
0.9
8.65
3.25
4.03
5.21
13.59
10.22
5.63
0
0
2.34
1.12
1.31
6.15
0
0
0.01
0.54
0.57
0.19
0.05
0
1.3
1.18
2.22
0
0
0
0
0.73
0.45
2.71
0
0.13
0.86
0.97
0
0.01
0
1.31
15.58
0.45
0.05
0
0.02
1.19
4.81
5.61
13.46
8.06
0
0
0
0.02
0.04
0
0
4.55
3.09
0.29
0
0
0.03
0
9.02
0
8.83
0.43
0.41
1.13
7.82
10.01
1.65
10.62
0.73
10.69
0.71
0.02
0
0.53
0
0
0
0
0.75
0
0
0
0
0
0
0
0.85
2.26
0
0
0
0.98
3.21
0
0.03
0.01
6.77
20.35
3.94
1.69
0
0.03
0.06
0
0.13
0.06
5.29
0
0
1.34
0
0
0.93
0.09
0
9.62
6.69
0.25
0.02
0
0
0
0
0
0
0
6.23
2.32
0.04
0
0.28
0.45
0
0
0.05
0.01
6.79
0
0
0.06
0.6
0.66
3.13
0
1.23
2.38
0
0
3.36
9.61
2
0.91
5.27
0
0.34
8.2
2.34
0.01
2.95
2.13
0
0
0
1.42
0
0
0
0.07
0.04
0
0
0
0
0
0.05
1.32
0.75
0.64
2.09
6.34
3.1
3.24
0.13
0.89
0.21
2.05
2.02
1.67
2.73
2.18
5.02
15.48
4.1
7.12
0.91
0.17
0
0
0
0
1.84
0.01
0
1.16
10.1
4
0.84
2.2
5.16
2.02
0.2
0
0
1.48
0
0.75
0.64
1.38
2.73
2.61
3.41
1.07
0.41
1.79
2.55
2.36
0.12
0.36
0.11
0.52
1.02
0.01
0.48
1.13
0
0
0
0
0
0.06
0
0
0
0
0
0
0
0.03
0
0
0
0
0
0
0
0
0.16
2.09
12.98
7.97
0
0.04
0
8.43
1.4
0.77
1.36
1.02
0.05
0
0
0.09
0.01
0
0
0
0.01
0
0
0
0
0
0.01
0
0
0
0
0
0.01
0
0
0
0
0
0
1.23
0.15
0
0
1.21
1.75
0.74
0.73
0.09
0
0.07
0.01
0
0.02
0.43
0.61
0
0
0
10.77
1.44
0.17
0.01
0.16
1.12
6.33
1.47
0.47
0
1.04
0.38
0.01
0
0
2.86
20.75
17.16
8.22
0.44
7.58
1.12
5.31
0.37
13.77
1.16
0.03
0
0.15
0.02
0.09
0.08
0.01
0
0
0
0
0
0.09
0.03
0.16
11.9
1.61
0
0.09
0.08
0.31
0.08
0
0
0
0
0.29
0.23
0.55
0
0
0
0
0
0
0
0.12
0.09
3.47
14.99
1.84
0.36
0.03
0
0
0
0
0
0
0
1.05
0.31
15.89
1.22
1.93
1.21
0.02
2.45
0.65
20.04
6.3
12.44
6.88
0.48
0.07
1.67
2.84
3.42
0
0.2
0
0
0
0
0
0.05
0
0
1.86
0
0
0
0
0
0
0
0
0
0
0
0
0
0.02
0
0
1.94
0.09
0
0
0
0
0
0
0
0
0
1.8
3.97
2.57
0.06
0.02
0
0
0
0
0
0
0.05
2.57
0.02
0
0.05
0
0
0
0
0
0
0
0.2
0.16
10.39
3.12
0.02
1.46
0
0
0
0
0
0
0
0
0.01
0
0.02
0.01
0
0
0.02
6.36
12.72
2.64
0.55
0.02
0
0
0.36
4.41
8.07
0.43
0.38
0
0
0.3
0.84
14.63
11.39
14.91
13.66
9.8
0.32
0
0.32
2.69
0.18
0
1.85
0.65
1.37
5.17
2.49
2.18
0.21
0
0.01
0.79
5.12
0.23
0
0
0
0
0
0
0
0
0
0
0
0
0
0
0
0
0.02
0
0
0
0
0
0
0
2.41
0.04
0
0
0.4
0
1.32
7.04
2.67
0
11.11
6.33
0.93
0.01
0
0
1.29
1.3
0.97
0.04
2.93
1.67
1.42
0
0
0.01
0
0.03
0
0
0.02
0.1
0
0
0.16
0.42
0
0.09
0.73
0.64
0.69
0.18
0.06
0
0.19
0
0.02
0
0.01
0.02
0
0.01
0.25
0
0
0
0.29
0
0
0.02
0.35
0.16
3.48
7.2
3.35
0.2
0.06
0.2
1.17
0.62
0.38
0.39
1.09
0.96
1.38
11.8
2.09
1.41
4.04
4.78
0.91
0.18
0
0.07
0.07
0
0
0
0
0.4
0.73
0
0
0.44
0.07
0
0.79
4.51
0.2
0
7.95
14.39
4.46
0.02
6.87
9.55
10.93
4.34
0
3.65
4.11
2.3
3.48
0
0.08
3.71
5.66
0.03
2.07
0.11
0
0
0
3.98
3.95
0.21
0
0
0.03
0.02
0
0.11
0.11
0.11
1.13
0.57
0.15
0.32
0
0
0
0
0
0
0
0
0.02
0
0
0.55
19.29
3.38
0.57
3.4
0.12
1.92
3.83
0.29
0
0
0
0
0.1
0.78
0
0
8.68
6.83
34.62
16.48
1.71
0
0
0
0
0
0.02
0
0
0.02
0.27
0
0
0.09
6.46
9.64
20.18
36.94
2.84
5.73
0
0
0
1.57
0.14
0
0
0
0
0
0
0
0
0
0
0.17
0.38
1.05
0.54
2.34
0.13
0
0.01
0.02
0
0
0
0
0
0
0
0
0
0.02
0
0.02
0
0
0
0
0
0.52
0
0
0
0
0.63
5.09
0
0
0
0
0
0
0
0
0
0
0
0
0
0
0
0
0
0
0
0
0
0.14
2.5
0.51
0
0
0
0.55
0
1.94
0.63
0
0
0
0
0
0
0
0
0
0
0
0.06
0.85
0.03
0
0
0.02
0.03
0
0
0
0.39
2.79
1.05
0
0
0
0
0
0
0
0
0.73
0
0.01
0
0
0
0
0
0
0
0
0
0.01
0
0
0
0
0
0
0
0.01
0.01
0.86
0.02
0
0
1.73
0
0.7
0
0.51
0.05
0
0
0.02
0.27
0.01
0.03
0.27
0
0.04
0
0.94
2.71
9.05
5.1
0.73
0
0
0
0
0
0
0
0
0
0
0.1
0.03
3.25
9.17
2.67
0.64
6.43
12.77
3.59
12.41
15.71
2.92
0.32
0
0
0
0
0.16
9.07
5.06
0.18
0.48
0.71
0
0
0
0
0
0
0.01
0
0
0
0
0
0
0
0
0
0
0
0
0.49
8.55
17.98
9.92
10.12
6.05
5.89
2.14
10.81
2.32
0.37
1.16
0.82
2.16
5.16
2.7
12.52
12.69
8.27
3.91
3.4
3.73
1.8
0.1
0
0.03
0.48
0.26
1.04
6.4
9.25
6.91
26.17
4.06
0
0
0.83
0.04
0.48
0
0
0.09
1.6
5.64
2.9
13.38
30.03
12.66
8.43
7.91
2.39
2.34
7.42
5
6.98
6.14
3.77
1.21
0
0.06
0
0.01
0
0
0
0.08
0
2.68
1.02
0.31
0.65
1.05
0.04
0
0
0.58
0
2.13
12.28
8.64
2.23
0
0
0
0.01
0
0
0
2.14
0.11
0
0
0
0
0.16
0
3.59
2.33
0
0.14
0
0
0
0
0.99
0
0.42
0.45
0
11.32
9.26
3.37
14.16
7.15
3.42
0.53
0.14
0
0.48
0
0
6.73
0.08
0.01
0
1.43
0.04
0.01
0
0
0.52
0.21
0.08
0.01
0
0
0.1
0.48
0.02
0
0.73
1.4
2.87
4.41
1.96
1.53
0
0
0
0.5
17.12
6.12
0.92
2.52
0.33
6.48
6.77
0.96
11.16
0.6
0
0
0
0
0
0.39
4.53
8.66
7.34
2.87
0.41
0.02
0.08
0
16.8
0.55
0.04
0.49
0.02
0
0.31
0
0
0
0
0
0
0
0
0
0
0.02
0.52
0
0
0
0
0.68
0.02
0
3.25
6.3
1.23
0.13
2.79
0
0
0
0
0.01
6.23
0.07
0.01
0
0.39
0.55
8.48
8.19
0
0.04
0.47
0.7
1.39
0.85
0
20.72
0
1.04
0
0
1.03
3.45
0
0.29
0.37
0.07
0.34
7.2
8.19
0.92
2.16
0.8
0.7
0
0.36
1.21
0
0
0.12
0.48
2.57
0.77
0.2
0.42
1.16
0
0
0
0.23
3.49
22.98
4.89
0
0
1.78
0
0.44
0
0.84
0.36
0.26
0
0
0.31
5.68
7.21
1.95
0.44
0.11
0
0
0
0
0.58
0.67
0.01
0
0.33
1.04
3.06
1.41
0.46
14.15
1.67
0.01
1.11
0.95
0.01
0
0.49
10.1
22.6
20.46
7.92
1.31
0.56
5.29
16.21
0
0
3.1
3.43
0.21
0.34
6.5
3.3
0
0
0
0.04
0.38
0
0
0
1.12
2.75
13.48
0.8
1.76
0
0
0.34
7.66
14.33
10.49
0
0.9
0
0
0.29
0
0.02
0
0
0.7
4.27
9.11
27.1
26.82
23.99
5.43
5.32
7.16
11.35
5.8
0.82
0.41
2.41
0
0.01
0.22
0
0.33
1.32
0.34
0.14
0.45
0.57
0.01
0.01
0.12
0.41
1.62
5.15
0.22
1.13
13.77
6.15
5
6.11
9.64
2.41
7.14
2.27
1.73
0.73
0.34
1.63
0.21
0
0
0.42
0
0
6.85
1.18
0
0.36
0.48
0.58
0.28
0
0
0
0
0
0
0.36
0
0
0
0
1.68
0.24
0
1.11
0.5
1.7
6.62
1.76
1.42
0.19
0
0.01
0
0
0.01
0.01
0.26
0
0
0
0.19
0.97
0.02
0.01
0
0.04
0.2
0.03
0
0
13.09
11.02
8.64
5.52
10.89
33.53
8.59
9.22
3.93
12.27
27.29
25.76
14.7
6.5
0.03
0
0.07
0
0
0.07
0.04
1.22
1.82
0.66
0.79
0.14
7.41
11.57
10.33
2.8
4.45
0.21
0.62
4.54
9.87
5.24
7.87
3.66
1.06
7.61
6.33
9.46
3.74
0.38
0
0
0
0.09
0
0
0
0.12
0.01
0
0.01
0.14
0
0
0
0.11
0
2.03
0.19
22.36
14.97
13.34
4.19
5.51
43.57
40.3
4.51
0.02
0.01
0.7
0.09
0
0.02
0
0
0
0
0.04
0
0
7.41
0.19
0
0.4
0.27
0.01
0
0.14
0
0
0
0
0
27.79
11.02
4.45
3.2
2.73
9.3
1.13
0.04
0.08
0
0
0
0
0
0
0.02
0.05
0.01
0.01
0
0.09
0
0
0
0
0
0
0.96
10.38
0
0
0
0
0
0
0
0
10.13
2.83
0.92
0
0
0
0
18.9
10.05
0.61
0
0
0
0.01
0
0
0
0
0
0.02
0.01
0.02
0.01
0.01
0
0
0
0
0.95
0
0.01
0
0
0.01
0
0.21
0
0
0
0
0.01
0
0
0
0
0
0
0.09
6.03
3.13
0.79
1.71
9.56
11.47
0
23.56
20.48
5.25
0.1
0
0
0
0
0.55
0
0.16
0.7
0.66
0
0
0.09
2.66
1.75
1.94
0.01
1.93
2.29
6.8
1.89
0.14
0
0
0.66
0
7.8
0.2
0
0.67
0.05
0
0
0.34
0
6.79
0.32
0
0
0
0
0.69
2.6
6.67
1.3
0.14
0.37
1.23
0.12
0.01
0
0.49
0.08
0.02
0.52
4.81
1.74
0.16
1.38
0
0
0
0
0.1
0.09
0.26
0.07
0
0
0.25
0
0
0
0
0
0
0
0
0
0.02
0.45
0
0
0
0.01
0
0.33
0.41
0.19
0
2.12
0.57
1.12
6.28
7.4
9.93
6.36
3.99
0.48
0.06
0.01
0
0
0
0.74
1.39
0.62
0
0.25
0
0.56
0.18
0
0
0.04
0.67
0.44
0
0
3.18
4.98
1.76
0.86
0
0
0.1
0
0
0
0.34
0.24
2.05
0.62
0.7
0.75
1.65
0.47
0
0
0
0.23
8.83
14.71
15.68
15.93
1.1
0
3.34
0.59
0
0
0
0
0
0
0
0
0
0
0.01
2.59
4.98
0.09
1.22
0
1.44
0.83
0.07
0
0
0
0
0
0
0
0.09
1.55
5.02
4.5
2.57
6.54
0.35
0
1.35
0
1.15
4.94
0.76
0.52
0
0
0
3.19
0.9
0.01
0.03
1.32
0.19
0
0
0
1.49
2.57
6.48
0.38
0.05
0.2
0.01
0.14
0
2.09
2.85
7.16
5.31
5.84
7.17
2.14
8.62
4.51
0.65
16.18
1.5
0
2.55
16.75
13.4
5.58
0.07
0
0.98
1.58
0
0
0.01
0
0
1.04
0
0
0
1.8
4.58
3.22
9.86
3.54
11.73
1.92
3.88
7.16
7.68
5.48
0
0
0
0.01
0.98
22.57
12.08
0.02
0.01
2.28
11.3
2.27
1.88
7.24
14.71
9.91
1.45
0.55
1.73
10.02
1.43
0
0
0
0
0.05
0
0
0
0
0
1.46
0.05
0
0
0
0
0
0
0
0
0.02
0
0
0
0
0
0
0
0
0
0
0
0
0
0
0
0
0.66
0.38
0.41
0
0
0
0.01
0
0
0
0.04
0
0
1.65
0
0
0
0
0
0
0
0
0.02
0
0
0.01
0
0.34
5.91
0
3.99
2.62
0
0
0
0
0
1.54
0.57
0.04
0.15
0
0
0
0
0
1.54
5.95
5.07
9.42
7.66
1.75
0
0
0.07
0
0
0
0
0
5.7
4.52
19.17
2.47
0
0
0
0.11
0
0.14
0.16
2.09
2.65
11.96
7.11
6.03
0
0
0.67
4.4
0.95
0
0
0
0
0.04
0
0
0
0.27
0
0.41
3.46
2.45
1.32
2.11
5.64
15.12
6.2
5.81
2.46
0
0
0
0
0.01
0
0
0.06
0.06
0
0
0.02
1.43
0.49
0.09
0.02
0
0
0
0.01
0
0
0
0
0
0
0.01
0
0.07
1.26
14.36
16.99
10.59
0.94
0
0.14
0
0
0
0
0
0.03
2.63
11.06
2.16
1
0.18
0
0
0
0
0.02
0.83
0.3
0.12
0.66
0
0.02
0
0.01
0.14
1.75
1.54
0
0.01
0
0
0
0
0
0
0.04
0
4.81
2.45
0.75
2.34
4.53
4.82
11.23
16.45
0.28
0
0
0.09
0
0
0.01
0.05
0.24
1.8
2.5
4.17
5.95
3.44
9.14
1.43
0
0
0
0.23
0.92
0.2
0
1.29
0.68
0.87
2.57
0.95
0.32
0
0
0.85
0.29
0
0
0
0
1.23
0.84
3.68
1.38
1.52
0.16
0
0
1.15
5.72
1.32
7.86
2.04
0.78
0
1.8
22.3
8.75
6.3
3.4
5.39
12.27
4.41
7.01
0.4
6.4
9.44
11.37
3.21
4.22
0.51
0.26
0
0
0
0.25
2.83
3.13
0.21
0
0
0
0.01
0.56
0
0.01
0
0
0
0
0.34
0
0
0
0
0.01
0
0
0
0.03
0.93
0
11.34
6.16
1.06
3.94
17.66
0.68
0
0
0
0
0
0
0.23
0
0
0
0
0.04
0
0.01
0
0
0.02
0.16
0.02
0
0
0
0
0
3.6
11.73
1.25
0.01
0
1.05
0
0
0
16.86
11.46
5.88
0
0.45
0.1
1.14
0.59
3
4.41
0.37
0
1.81
1.91
3.82
0.86
0
0
0
1.26
0
0
0
0
0.08
0.02
0
0
0.02
0
0
0
0
0
0
0
0
0
0.02
0
0
0
0
0
0.01
0.07
9.71
1.41
0
1.98
0.16
0.01
0
0
0
0
0
0
0
0.02
0
0
0
0
2.38
4.86
0
0
0
0
0
0
0
0.65
0
0
0.65
0.02
0.02
0
0.01
0.17
3.16
0
2.19
0.33
3.15
1.2
0.06
1.14
0
0
0.35
0.01
0
0
0
0
0
0
0
0
0
0
1.49
8.53
3.16
0
4.61
0.46
3.25
10.91
0.77
0
0.07
0
0
0.01
0
0.01
0
0
0
0
0
0
0
0
0
0
0
1.78
0
0.04
0.14
0.29
0.52
0
0
0.02
0
0
0
0
0
0
0
0
0.71
1.2
0.29
0
0.01
1.21
0.53
0
0
0
0
0
0.32
1.65
0
4.45
2.12
0
0.5
7.33
7.96
19.4
14.46
8.97
4.98
3.3
2.32
3.06
1.81
5.13
9.29
22.1
12.5
16.72
7.61
14.8
30.83
22.23
13.33
7.73
6.61
1.61
0.7
3.1
0
0.34
0
0
0
0
0.16
0
0
0
0
0
0.01
0.23
4.94
4.2
1.42
0.77
2.21
11.13
4.98
0
0.01
0.05
0.4
9.92
2.49
4.7
0
0.03
0
0
0.54
0.43
0
0
0
0.13
1.96
1.95
1.11
0.45
0.33
3.5
0.72
0.81
0.79
0.68
0.01
0
0
0
0
0
0
0
0
0
0
0
0
0.23
0
0
0.04
2.21
5.79
29.24
3.93
6.41
7.3
0.82
13.69
18.72
8.82
10.68
7.28
0
0
0
0
0.58
0.14
0.03
12.89
10.56
1.09
6.22
3.61
0.95
0
0
1.04
1.75
0.43
0.62
0
0.75
0.04
0.53
1.2
2.48
2.45
0.77
0
0
0.55
0.04
11.06
6.49
10.41
4.31
0.15
0
0.01
2.77
2.3
3.69
1.93
1.03
0
0.16
3.07
0.09
4.96
0.8
0
2
1.35
0.63
5.11
17.02
10.62
1.96
0.85
2.37
0.57
4.05
0
0
0
0
7.56
3.63
9.12
7.4
0.3
4.59
0
2.46
0.53
1.5
6.05
15.82
2.72
0.59
0
0
0
2.01
10.73
15.64
13.08
0.7
0
0
0
0
0.02
3.27
4.03
0
0
0.16
0
0
0.01
0
0
0.02
0.86
1.18
0.71
0.7
0
0
0
0
0
0
0
0
0.74
0.03
0
1.54
1.86
0.18
0.21
8.91
0.16
0
0.57
2.57
8.25
1.36
0
4.23
2.34
1.31
0
0
0
2.2
0.04
0.01
0
0
1.79
2.28
8.74
6.52
6.11
0
0.65
0
0.29
0
0
0
0
0
0
0
0
0
0.02
0
0.05
0.01
0
0.02
2.44
0
4.72
2.18
2.65
1.15
2.17
2.22
4.97
18.29
8.34
1.8
0.18
0
0
0.43
2.61
4.8
1.34
0
0.07
0
3.16
0
1.7
0.77
3.13
5.99
0.39
12.32
7.92
2.29
0
11.49
9.41
7.92
1.44
0
1.27
0
14.37
1.94
0.77
0.02
1.9
2.91
0
0.01
0
0
0
2.48
10.03
8.45
6.03
6.22
3.95
0.25
0
0.36
0
2.2
6.33
7.01
7.95
3.04
0
0.77
1.67
2.15
0
0
0.04
0
0.01
0
0
0.64
14.4
2.46
1.65
5.52
9.61
11.64
7.75
2.43
4.14
11.84
2.57
1.05
0
0.02
3.01
11.03
3.36
0.71
16.42
28.98
4.86
1.7
0.55
0.64
1.21
15.68
15.08
13.28
22.71
20.57
12.02
1.21
0
0.38
2.98
0.83
0
1.92
0
0.09
1.23
3.82
11.29
5.36
5.85
9.45
8.92
0
0.75
1.48
0.5
0.39
0.05
0.15
0
0
0
0.01
0.09
4.97
10.55
3.74
2.18
1.72
1.74
0.24
0.41
0.77
3.5
0.87
0.02
4.55
2.15
4.67
8.38
21.27
21.31
25.94
14.3
5.29
0.66
0
0
0.71
0
2.78
7.54
9.99
2.28
0.3
2.77
10.76
6.95
5.08
8.71
9.37
5.35
11.04
13.07
9.98
9.53
5.43
11.48
8.73
2.72
1.98
0.8
0.1
0
1.03
0
0
0
0
0
0
4.86
3.39
10.22
7.52
2.85
1.48
4.98
9.38
13.14
10.45
1.99
0
0
0
0.17
0
0.04
1.88
6.84
7.56
6.97
4.42
4.09
2.48
5.4
0.87
0.17
3.65
0
0.23
0.56
0.13
0
0.55
0
0
0
0.01
0
0
0
0.01
0
0
0
0
0.91
0.03
0.07
0
0.14
0
0.33
0
3.8
5.09
2.04
0.21
0.14
0
0.05
0.08
0.08
0.01
0.01
0
0
0
0.1
0.77
7.21
1.84
8.13
7.77
0.18
2.6
0
4.16
0
0.01
0
0.99
2.71
0.68
0.16
2.7
36.67
15.53
3.54
4.2
12.2
5.88
4.36
1.77
1.55
0.42
0
0
0
0.42
1.93
0.42
0
0.06
0.02
0
0
0.01
0.05
0.05
0
0
0
0.39
7.51
0.01
0.06
0
0.61
0
0
0
0
0
0.01
0
0
0
0
0.22
1.54
0
1.08
0.42
0.04
0
0
0.13
0.05
0
0
0
0
5.2
9.28
6.29
0.52
0.04
0
0
0
0
0
0
0
0
0.01
0
0.15
0
0
0
0.04
0
0.77
3.29
0.11
0.02
0
0
0
0
0.01
0
0
0.01
0.07
0
0.01
0.41
0
0.02
0.36
0.06
0
0
0
0
0
0
0.02
0.11
1.6
6.28
4.29
1.42
3.05
0
0
2.29
3.98
2.28
1.29
5.16
3.72
0
0.02
6.64
4.46
3.47
29.51
25.27
23.83
16.89
4.04
4.16
2.96
2.54
0
0.78
6.76
15.96
5.29
0
0
0
0.84
22.48
13
19.91
17.71
22.27
13.03
1.25
3.09
13.43
26.77
5.68
12.58
1.03
5.34
1.26
3.37
9
6.22
0.8
0.03
0
1.2
6.12
5.1
1.68
0.08
0.17
0.54
0.31
0.2
0.47
0
1.19
17.19
4.46
0.54
0.02
0.02
0.27
0.32
0.02
0
0
1.86
1.3
0.31
1.2
7.96
4.05
12.65
1.54
0.91
0.98
0.34
1.4
2.05
3.2
0.88
0.06
1.32
0.51
2.61
1.02
0
0
0.7
1.57
2.69
2.72
7.39
5.36
2.51
0.45
7.73
3.67
3.78
6.3
3.56
1.24
0
0.06
0
0.53
4.24
0.28
0
0
0
0
0.01
0
0.05
2.11
1.21
9.59
4.93
3.45
2.95
1.99
1.39
0
0.49
0.03
0.29
0.53
0.16
0.13
0
0
0
0.01
0
0
0
0
0
0
0
0
0
0
0
0.23
1.65
0.91
0
0.11
0.09
1.04
0.33
0
0
0
0
0
0
0
0
0
0
0
0.01
0
0
0
0
0
0
0
0
0.23
3.06
2.6
0.75
6.25
1.32
0.44
0
0
0
0
0
0
0
0
0.01
0.02
0.2
1.84
8.79
9.67
4.04
4.62
3.16
0.33
0
0
0
0.6
12.98
4.14
1.41
0.02
0.98
2.33
20.08
5
0.27
1.58
0.41
3.39
8.89
2.28
0
0.05
0
0
1.72
5.46
0.32
0.51
0.3
0
0.51
0
0
0
0
0.15
0.01
0.29
0
0.08
0.07
0.01
0.24
2.09
0.94
0.54
1.64
1.58
7.73
12.52
21.18
8.9
2.25
0
0
0
0.77
2.51
0.09
0.01
0
0.2
0
0.34
0.01
0.05
0.38
0
0.12
0.04
0
0.5
0
0.17
0
1.32
13.47
1.57
0
0.55
0
0
0.02
0.04
0
0
0.02
0
0
0
0
0.02
0
0
0
0
0
0
0
0
0
0
0.12
0
0
0.03
2.16
5.52
0.26
0.07
0.57
7.05
8.84
0.79
5.27
0
0
0
0
0.02
0
0
0
1.27
0.32
3.86
0.5
0.03
0
0
0
0.02
0
0
0
0
0
0
0.01
0
0
0
0
0
0.59
5.54
11.91
4.4
1.65
0
0
0
0
4.55
0.16
0
0
0
0
0
5.85
40.39
12.41
0.64
0
0
0
0
0
0
4.6
19.4
13.88
4.74
0.59
0
4.01
0.05
0.73
11.3
2.34
0
0.01
0
0
0
0
4.78
15.63
2.59
0
0
0
0
0
0
0
0
0
4.3
0.24
0.4
7.79
2.52
0.03
0
0
0.01
0
0
0
0
0
4.61
4.08
16.16
9.94
2.56
1.98
7.62
9.51
6.94
1.3
2.01
20.67
21
14.34
8.03
4.3
27.41
10.36
4.59
40.7
2.57
0
0
1.12
1.51
0.28
0.17
0
0.15
0.07
4.57
0.99
0.04
0
0
0
0
0
1.68
1.56
0
0
0.17
1.99
6.34
6.43
16.5
6.49
1.48
0.26
0.99
12.77
7.96
3.02
16.34
5.72
2.02
0.93
0
1.31
0
3.54
1.95
3.9
4.74
2.3
9.96
2.87
0.01
7.94
11.34
1.04
0.02
0
0
0
0
0
0
0
0
0
0
0
0.1
0
0
0
0
0
4.45
2.25
0
0
0
0
0
0
0
0
0
0
0
0
0
0
2.53
9.02
8.19
7.29
16.4
1.84
0.83
9.72
14.38
5.87
4.12
0.7
9.09
13.1
6.41
2.99
2.66
0.09
0.04
0
0
0
0
0.16
0.85
0.72
0.45
0.15
0.14
5.14
3.05
0.08
0.07
1.04
0.7
0
0
0
0
2.51
0.19
0
0
0
0
0
0
0.21
0
3.52
0.19
0.88
8.08
8.98
3.46
0.66
0.15
0.21
0.27
2.07
6.99
2.54
1.16
2.77
1.5
1.86
10.62
6.48
0
0.46
0
0
0
0
0
0
0.52
1.37
0.99
0.14
0.02
0.11
0.01
0
9.48
2.36
0.96
0
0
0
9.41
21.34
16.75
3.25
1.03
4.76
9.3
3.01
0
0.05
1.05
5.96
0.79
0.14
0
0.4
0
0.01
0.12
3.61
10.61
2.55
0
0.05
0.04
0.3
0.01
0
0
0
0.67
0
5.16
1
10.03
1.15
1.32
0.11
0.01
0.04
0
0
0
0
0.01
0
0
0.01
0.01
0
0
0
0
0
0
0
0.04
0
0
0
0
0
0
0.01
0.07
0.14
0.03
0
0
2.37
0.45
0.04
0
0
0
0
0
0.04
0.02
0
0.01
0
0
0.15
0
0
0
0
0
0
0
0.01
0
0
0.05
0.04
0.04
0
0
0.01
0.03
0
0
0
0
0
0
0
0.05
0.06
0.02
0
0
0
3.05
0.25
0
6.38
3.44
1.15
0.04
1.56
0
9.42
20.45
6.6
0
2.15
0.21
0.01
0
0.01
2.76
0
0.98
0
0.01
0
0.1
1.66
0.27
0.75
9.83
10.53
3.88
0.11
2.09
3.09
0.33
0.96
0.29
0.9
0.09
0
0
10.04
4.98
0.27
0
0
0
0
0
18.23
13.18
3.25
7.71
0.07
1.29
3.27
2.75
1.38
0.5
1.15
1
1.31
0
1.26
1.07
0.87
3.92
1.53
1.21
0
0
0
0
0
0.01
0
0.01
0
0.02
0.01
0.01
0
0.02
0.01
0.02
0.01
0.07
0.45
0.26
2.68
0.12
0.01
0
0
0.02
0
0
0
0
0
0
0.08
0.11
14.01
20.68
22.59
15.43
4.52
13.69
15.42
1.27
4.56
9.95
17.06
1.65
4.02
6.71
10.48
1.07
2.61
2.7
1.2
0
2.54
4.86
1.68
2.38
2.88
0.24
0.17
0.01
0
0.02
0
0
0
0
0.01
1.14
2.57
1.6
1.49
1.12
2.85
6.44
1.53
7.67
14.91
18.53
6.05
0
1.23
8.7
25.45
12.68
3.93
6.41
6.4
1.52
0
0.27
1.11
0.98
0.01
0.64
0.82
0.61
0.22
0.23
1.07
0
0
0
0.32
3.06
3.35
9.87
4.96
5.34
0.76
0.26
0.72
7
0
0
0.16
0
0
0.04
0.32
0.05
0
0
0.07
0.15
0.54
0.23
0
0
0
1.28
4.24
0.23
0.09
0
30.16
31.83
18.64
4.17
10.72
7.52
0.73
0
1.45
11.55
9.12
0
0
0
0
0
0
0
1.13
0
1
1.96
0
0
2.52
0
0
0.63
0.17
0.34
0.15
0.02
0
0
0
0
0
0
0
0
0
0
0.01
0
0.37
0
1.19
0.81
0.13
1.32
0
3.41
4.88
0.77
1.99
2.55
7.29
12.16
3.01
0
0
0
0.41
0
0.01
0
0
0
0
0
0
0
0
0
0
0.1
3.34
0.05
2.43
5.49
9.39
4.51
6.09
0
0.02
0.02
0.01
0.02
1.48
0
0.02
0
0
0
0
0
0
0
0
0.04
0.05
0
0
0.46
0
0.27
0.19
0.26
8.05
15.16
5.02
3.99
0.08
5.79
3.66
5.68
0.71
0.02
0
0
0
0
0.02
0
0
0.04
0.05
0.57
0
0.02
0.4
0
0
0.01
0.01
0
0
0
0
0.01
0
0.17
0.02
5.09
0.01
0.01
1.02
3.32
6.48
4.52
0.89
1.14
0
0.71
0.5
0.2
0
1.88
3.47
1.94
3.68
6.21
0
1.54
0.19
1.7
0.02
1.03
7.16
0.35
0
0.02
0
0
0
0
0
0
0
0
0
0
0
0
0
0
0
0
0
0
0
0
0
0
0
0
0
0
0
0
0
0.03
2.95
0
2.35
20.05
11.82
10.44
21.13
4.77
15.62
14.98
6.28
2.12
4.72
14.21
1.71
4.58
24.48
45.75
16.34
19.41
2.68
0.33
0.41
0.86
0.18
0
0.39
0.34
0.56
10.23
8.47
1.37
1.14
4.38
0.78
5.14
8.44
6.25
6.28
1.5
7.46
3.26
0.84
1.79
9.09
6.87
1.65
0
14.19
2.39
0.43
6.14
4.96
2.01
0.04
0
0
0.02
0.09
0.07
0
0
0.05
0
0
0.01
0.05
0.01
0
0
0
0.01
0
0
0
0
0.26
1.59
3.07
1.09
0.01
0.04
0.01
0.02
0.26
0.12
0
0.01
0.02
0.01
0
0
0
0
0
0
0
0
0
0
0
0
0
0.04
0
0
0
0
0
2.25
16.04
14.19
12.09
8.2
22.2
1.34
0
2.14
5.01
26.69
32.43
5.36
4.86
6.11
3.65
0
0
2.55
0.43
0.54
0.16
0.97
0.39
0
2.37
8.35
10.73
3.41
2.86
4.45
0
0
0
0
3.34
3.29
3.61
1.62
0.09
3.66
0.7
0.07
0
4.78
9.84
0.37
9.26
1.21
2.33
2.45
2.22
0.54
2.44
1.21
0.67
1.75
0.64
1.54
0.4
0.02
0.01
1.08
18.26
9.11
12.18
3.51
0
0
0
0
0.02
0.01
0
0
0
0.01
0
0
0
0.01
0
0
0
0
0
0.01
0
0
0
0
0.14
0.38
0.41
0
0
0.23
16.96
0.67
2.2
0.11
0.02
0
0
0
0.27
5.58
1.11
9.79
3.4
0.01
0
2.17
0.87
0
0
0
0
0.01
0
0
0
0
0
0.04
0
3.34
4.66
4.85
27.15
3.16
1.39
0
22.24
0.23
0.62
0
0.02
0
0
0.82
0.01
0
0.92
0
0
0
0
0
0
0
0
0
0
0
0
0
1.34
0.27
0.02
0.32
1.93
3.56
0.87
0.41
0
0.02
0
0
0
0
0
0.15
0.51
2.22
0
0.11
0
0
0.01
9.86
0.39
0
0.01
0
0
0
0
0
0
0.02
0
0
0
0
0
0
0
0.78
0
0
0
0
0
0.01
0
0
0
0
0.03
0
0
0.05
0.82
0.13
0
0
0
0
0
0
0.01
0
0
0.01
0.45
0.84
2.29
5.78
14.96
2.54
1.9
0
0.06
0
0
0
0.07
0.2
3.12
1.94
5.91
3.49
7.06
4.13
0.03
0
0
0
0
0
0.37
2.33
0.2
0
0
0
0
0
0
0
0
0
0
1.66
15.09
30.96
0.18
0
0
0.03
0
0.41
0.02
0
0.01
0
0
0
0
0.01
0
0
0.01
0
0.01
0
0.03
0.3
4.07
1.44
0.04
0.99
0
0.01
0
0.01
0
0
0.02
0
1.18
0.44
0
0
1.93
0.79
1.09
3.95
0.82
0.23
1.75
2.09
1.05
4.67
1.54
1.09
0
11.3
1.38
0.3
0
0
4.65
1.33
0
0
0
0
0
2.96
1.71
1.54
0.74
0.25
0.19
0.31
0
1.28
0.22
8.4
6.09
4.11
0.99
0
0.49
0.02
0.03
3.4
11.88
4.05
7.97
12.05
0
0.02
0.07
0.05
0
0
0
0.01
0.01
0
0.04
0.09
0.12
0.02
0.04
0
0
0
3.32
0.33
2.1
15.43
10.38
3.88
2.7
8.09
3.42
2.2
19.75
22.61
4.8
2.96
8.8
0.39
0
0.38
0.07
1.27
8.97
16.65
16.11
4.96
12.62
5.8
2.02
3.04
0
0
0
0
0.01
0
0
0
0
0
0.01
0
0.07
0
4.4
2.5
0
7.39
2.75
0.72
0
0.83
0.01
0
0
0
0.32
0
0
0
0
0
0
0
0
0
0
0
0
0
0
0
0
0.13
1.07
2.03
0.44
0
0.12
0
0
0
0
0
0
0
0.36
0.17
0
0
8.63
12.3
0
0
0
0
0
0
2.34
2.21
0
0
5.14
0
0
0.28
0
0
0
0
1.7
0.71
0.39
0
0.01
0
0
0
0
0
0
0
0
0
0
0
0
0
0
0
0.02
0.16
0
1.45
1.66
0
0
0
0.29
0
0
0
0
0
0
0
0
0
0
0
0
0
0.02
0
0
0
0
0
0
0
0
1.41
0.82
0
0
0
0
0
0
0
0
0
0
0
0
0
0
0
0
0
0
0
10.32
5
0
1.04
0.46
0.01
0.02
0
0
0
1.75
2.18
0
0
1.6
0
0
0
0
0
0
0
0
0
0
0
0
0
0
0
0
0.01
0
0.02
0
0
0
0
43.58
14.27
15.35
8.13
10.27
23.48
0
0
0
2.43
17.07
3.23
5.86
1.89
27.96
9.81
5.2
0
0
0
0.26
0
0.07
1.67
4.07
11.41
1.1
2.94
0
0.02
4.6
5.63
0.32
5.12
10.21
2.77
0
0
0.03
0
6.39
26.86
23.98
4.57
1.25
1.45
0
2.55
6.18
5.25
0.05
2.89
0.84
10.14
7.47
11.2
1.55
12.56
1.44
0
0.01
0.27
0.17
1.86
0.84
1.66
3.75
0.19
1.47
6.55
0.9
0
0
1.13
17.33
5.9
0
0
0
0
0
0
8.34
1.31
0
0.01
0
1.04
0
0.3
0.7
0.48
2.68
17.43
5.8
3.02
0.39
0
0
0.49
0.18
0.89
0.11
0.09
0.05
0.88
6.29
0.77
0.65
12.39
7.14
2.68
6.82
9.45
12.76
8.82
20.03
28.73
24.41
8.16
5.95
2.73
2.98
5.32
0.94
0
0.98
3.49
1
0.15
0.52
0.51
0.17
0.01
0
0
0.05
0.2
1.5
9.35
3.24
20
7.31
3.82
13.6
5.96
0.59
6.55
7.02
15.36
9.73
4.47
0.09
0.13
0
3.82
26.41
3.19
0
0
0.82
0.25
0
0
0
0
0
0.05
0
0
0
0
0
0
0
0
0.01
0
0
0.01
0
0
0
0.01
0
0.02
0.01
0
3.41
9.15
4.59
0
3.48
2.09
1.74
3.34
12.57
2.52
4.43
7.23
6.19
3.04
16.34
14.33
6.42
0.22
0
2.79
0.2
0.1
0
4.61
0.27
1.3
0.01
3.53
0.4
0.94
0.37
0.27
2.71
3.72
0
0
0.07
0
0.77
0
2.09
2.36
4.98
0
0
0.28
2.87
1.63
4.06
0
0
0
0
0.25
0
3.29
2.36
0.09
0.73
3.65
1.68
5.45
5.68
13.78
4.64
17.4
0
0
3.27
15.44
4.24
0.07
0.33
0.21
4.81
1.02
0
0
0
0
0
0
0
0.16
0.01
0
0
0
0
0
0
0
0
2.87
0
0.01
0
0
0
0
0
0
0
0
0.76
0
0.01
0.02
0.06
0
0
0
0
0
0
0
0
0.72
0.38
0
0
0
0
0
0.04
0.07
0
0
0
0
0.01
0
0
0
0
0.2
0
0
0
0
0
0
0.32
0.28
0
0
0
0
0
0
1.55
0
0
0
0
0
0
0
0
0
0
0
1
0
0.08
0.94
3.06
5.77
4.93
0
0
0
0
0
0
0.02
0.05
0
0
2.29
10.83
21.06
6.38
2.08
2.71
3.92
16.05
8.14
0
0.91
15.84
7.2
0.5
0
0
0
13.64
11.96
5.25
0
1.88
7.18
1.77
6.1
0.81
0
0
13.61
7.95
0.74
0.17
0.27
0
0.23
0
0.01
3.37
0.19
11.45
26.88
15.83
7.18
9.68
3.45
0.74
0
0.02
0.02
0
0.02
0.01
0.05
0
0.28
0
0.54
0.9
0.13
0.04
0
0
0
0.5
0.19
1.95
7.15
0.62
0.68
0
0.04
0
0
0
0
0
0
1.11
0
0.01
0
0
0
0
0.01
0.01
0
0
0
0
0
0
0.01
0.01
0.05
0
0
0
0
0.56
0.12
0.91
0.97
1.25
1.93
13.5
12.55
2.51
0.49
0
0.01
1.23
0
0
0
7.67
2.89
10.2
1.96
4.35
0.03
0.4
0.29
0
0
0.47
0
0.01
0
0
0
0
0
1.23
0.54
0
0
0.02
0.66
0.04
4.93
6.41
14.2
15.58
15.39
1.15
0
0.02
0.01
0
0
0.41
3.79
0
0.11
0.02
0
0
0.07
0
1.88
0.31
0
27.25
4.47
0.06
0
0
0
0
0
0
0
0
0
0
0.01
0
0
0
0
0
4.14
12.53
2.29
0
0.06
0
0
0
0
0
0
7.16
15.88
8.11
2.62
0.31
1.73
0.02
3.17
3.3
2.96
2.22
1.13
2.02
0.06
0.92
0
0.02
0.01
0
0.01
0
3.15
0
0.41
6.21
0.81
0
0
7.26
1.33
0.12
5.37
6.18
0.31
4.2
0.97
3.23
1.32
5.16
7.73
4.38
1.34
0
0
0
0.01
0
0.01
0
0
0
0
0
0
0
0
0
0.07
1.03
4.55
12.99
4.14
0
0.11
0
0
0
0
0.38
2.13
0.6
0
0.04
0.17
0.03
0
0
0
0
0
0
0.04
0
0
0
0
0
0
0
0
0
0
0
0.05
0
1.35
0
3
0
0
0
0
0
0
0
0
0
0
0.02
0
0.3
0.04
0
0.02
0.01
0
0
0
0
2.35
0
0.84
0
1.13
0.21
0
0
0
0
0.06
0
0
0
0
0
0
0.13
0
0
0.03
0
0.05
0.84
0.04
0
0
0.39
0.06
4.45
0.63
0.08
0
0.01
0
0
0
0
0
0
0.02
0
0
0
0
0
0
0
2.73
0
0.02
0
0
0
0.01
0
0
0
0
0
0
0
0
0
0.16
0
0.01
0
0
0.72
3.22
0.46
0.01
0
0.01
0
0
1.59
5.58
0.57
10.87
0
0.03
0
0
0
0
0
0.02
0
6.21
4.14
7.44
1.06
0
11.18
9.29
1.66
0.09
0
0.01
0.96
8.31
30.63
14.36
19.18
6.97
0.09
0.32
0.66
0.15
0
1.77
10.75
9.48
0.78
0
0
0
0
0
0.02
0
0
0
0.09
0.5
0.13
0.1
0.02
0
0
0
0
0
0
0
0.52
0.02
0.01
0
0.25
0.32
0.33
1.27
0.16
0.02
0.54
0.4
0
0
0
0
0
0
0.01
0
0
0
0
0
0
0
0
0
0
0
0
0
0
0
0
0
0
0
0
0.01
2.95
0.27
0.05
0
0.14
0.01
0.13
0.18
12.6
5.5
6.05
15.26
2.14
2.71
4.88
12.64
15.53
11.01
5.99
0.72
2.12
4.93
3.71
7.04
13.51
4.39
2.39
7.45
9.83
3.79
2.27
2.01
3.28
10.5
1.27
0.4
0.89
0.92
0
0.6
5.77
0
0.6
0.04
0
0
0.01
0
0.03
0
0
9.01
5.66
0.01
0
0
0.66
14.38
2.62
0.01
5.08
14.07
6.73
1.1
0
0
0
2.45
6.54
0.38
0.13
0
0.5
1.91
2.11
5.9
19.36
2.62
0.95
0.21
0.02
0.05
0
5.98
4.46
20.05
0
0
0
0.56
0.61
5.97
4
0.07
0
0.09
0.56
9.75
10.32
0
1.35
8.5
0.54
0.02
0.01
0
0.04
0.03
0
0
0.21
0.18
10.38
1.16
0
0
0.2
6.16
0.37
2.66
5
1.24
0.46
0.01
0
0.01
2.63
1.48
1.41
0
0
0.01
0.02
0
0
0.22
0
0.46
6.05
2.8
0
0.41
4.37
1.29
0
0
0
0
0
0
0
0
0
0
0
0
0
0
0
0
0
0
3.23
3.13
1.83
0.01
0
0
0
0
0
0
0
0
0
0
0
0
0
0
0
0.01
0
0
0
0
0
0
0
7.88
3.51
0
0
0.18
0.01
0.02
0.3
0
0
0
0
0.05
0
0
0.58
2.37
0.09
0
0
0
0.01
0
2.91
10.77
5.18
0.16
0.12
3.27
1.27
0
0
0.09
0
0
0
0
0
0.02
0.09
2.43
3.09
3.25
6.06
4.9
1.86
0
0
0.01
0.58
0.01
0
0
0
0
0
0.19
0
0
0
0
0
0
0
0
0
0
0
0
0
0
0
0.02
0
0
0
0
0
0
0
0
0
0.03
0.08
0
0
0
2.99
13.05
14.64
12.09
2.42
2.78
11.88
2
13.8
9.23
1.13
0.64
0.29
0.03
0.27
1.4
10.71
2.78
0.12
0
0.01
0.02
0.01
0.59
0.26
0
0
0
8.73
5.67
4.79
0.59
2.37
8.56
0.21
0
0.05
2
2.98
0
0.27
3.13
0
0
11.49
3.98
13.46
12.9
14.1
2.7
0.42
1.61
0.23
0.25
0.03
0.38
0.01
0.85
0.37
0
0
0
0
0
0.38
0
0.12
0
2.75
1.39
0.28
6.17
3.88
8.34
7.17
14.07
6.24
13.17
1.34
1.44
0.94
0.02
0.64
0
0
0.02
0
0
0
0
0.01
5.82
1.86
0.4
0
4.35
3.42
0.05
0
0
0.02
0
0.1
0.11
0
0
4.26
2.12
2.87
1.02
8.28
20.5
7.47
5.09
21.11
22.84
3.61
1.37
1.14
0
5.88
23.23
2.33
7.8
6.25
4.93
4.2
1.02
4.57
1.36
2.73
0.22
1.09
23.7
27.81
9.34
4.19
25.8
8.79
2.25
0.09
0.15
8.32
4.52
0.04
0.84
0
0
0.02
0
0.01
0.02
0
1.25
10.67
5.18
0.18
0.3
0.73
4.45
2.39
0
0
0
0
0
0
0
0
0
0
0
0.01
0
0.05
0
2.86
16.41
6.6
32.59
15.45
0.44
0.1
6.03
8.13
8.81
4.05
0.68
3.36
3.29
11.92
0.34
0.55
0.02
0
0
0
0
0
4.84
7.7
0
0
0.01
0.69
2.58
5.68
4.64
0.88
16.73
7.11
0.12
0
0.03
0
0
0
0
0
0.01
0.03
9.8
12.54
8.71
4.04
12.7
6.59
2.52
0.04
0
0.03
2.07
0
1.03
0.09
1.65
5.66
0.41
0
0
0
0.11
0.03
0
0
1.63
2.79
0
0.62
0.85
0
0
0
0
0
0
0
0
0
0
0
0
0
0
0
0.11
0
0
0
0
0.48
0
0
0.01
0
1.18
0
0.01
0
0
0.12
0
0.02
0
0
0.04
0.01
0.05
0.01
0
0
0
0
0
0
0
0
0
0
0
0
0
0
0.3
0.11
6.77
23.26
8.34
6.37
0.39
1.07
0.23
1.41
2.23
1.05
0.19
1.24
11.66
8.84
4.76
6.39
0.74
0.28
9.41
0.16
0.24
0
0
0
0
0
0.01
0.61
0
6.44
0.3
0.06
0
0.11
2.08
4.73
1.03
0
0
0
0
0.04
1.9
6.53
0.14
0.09
0
8.39
15.64
4.99
1.9
0.08
0.29
0
0
0.04
0
7.89
0
0
0
0
0
0
0.37
0
0
0.32
4.64
0.75
0
0.25
42.95
21.08
1.1
2.07
0.55
0.17
0.01
0.29
0.23
1.45
4.41
15.39
5.93
12.56
1.62
0.63
0.13
0.9
0
0.02
0.11
0.07
0.19
0
0.05
0.06
0
0
0
0.13
0.01
0
0
0.14
0.06
0
4.04
0.23
0.05
0
0.14
0.15
1.34
1.41
13.44
3.92
4.52
4.64
7.81
4.89
12.02
0.89
8.78
20.5
15.45
4.42
0.72
14.39
15.98
15.65
20.35
19.77
4.47
3.9
6.35
4.73
0.81
1.54
0.77
0.33
7.97
0.4
0.3
0.29
0.08
12.55
6.79
1.66
1.59
2.45
0.05
1.98
1.75
0.08
0.02
4.25
2.09
4.08
1.76
0
0
0
0.11
1.21
1.74
0.73
0.83
0.19
0.35
0
0
0
0.08
0
0
0.45
0
0.05
0.13
0.04
0
0
0.04
0
0
0.06
0
0.28
1.03
0.54
0.66
0.11
3.57
2.65
1.32
0.66
0
0
0
0
0.17
6.91
1.73
0.6
3.1
1.53
0
0
0.23
1.99
1.55
2.88
0.24
0.01
0
0
0
5.89
0.95
0
0.09
0.63
5.99
0.16
0
0
0
0
0
0
0
0
0
0.77
1.33
0.13
0
0
0.14
0
0
0.05
0
0.13
1.31
2.05
6.29
0.94
5.43
2.52
1.5
3.44
2.21
1.27
4.02
4.78
2.67
0
0
0
0
0
0
0
0
0
0
0
0
0
0
0
0
0
0
0.02
7.86
4.76
8.87
7.87
0.06
0.95
0.89
0.5
0
0
0
0
1.53
2.03
0
0
0
11.48
3.61
0
0.46
0.15
0.45
0
0
0
0
0
0.01
0
0.01
0.69
0
0
0
0
0
0
0
0
0
0
0
0
0
0
0
0
0
0
0
0
0
0
1.92
10.44
5.94
7.88
9.29
0.53
0
0
0
0
0
0
0
0
0
0
0
0
0
0
0
0
0
0
0
0.01
0.15
0
0.13
0
0.74
0
0
0
0
0
0.02
0
0
0
0
0
0
0.04
0.02
0
0
0
0
0
0
0
0
0
0
0
0
0.03
1.93
0
2.27
0
0
0
0
0
0
0.05
0
0.01
1.38
9.49
2.18
2.34
1.68
0
0.02
0
0
0
0
0.01
0
0
0
0
0
0
0
0
0
0
0
0
0
0
0
0
0
0
0.14
4.98
1.63
0.01
0
0.47
12.16
2.98
2.23
0.48
0.98
0.25
8.73
1.29
17.31
0
0
0.12
6.09
0.64
0.04
1.23
2.38
2.93
0.31
0
0
0
0
0.05
0
0.02
11.63
13.39
1.02
0.59
0.01
0
0
0
0
0
0
0
0
0.16
0.27
0.13
0.19
2.34
1.75
0.76
2.66
1.5
2.06
0.38
0.01
0.02
0
0
0.49
0.06
0.28
0
0.38
0
3.31
1.31
1.89
0.3
0
0.45
14.72
6.11
16.16
11.25
1.65
7.85
6.9
2.98
3.45
1.02
0
0
4.14
2.73
0.59
0.2
0.14
0.05
0
0
0
0
0.45
6.32
2.48
0
0.02
0
0.82
3.91
1
0.02
0
0
0
0
0
0
0
0
0
0
0
0
0.01
0
0
0.01
0
1.08
11.59
2.71
0.37
0
0.45
1.13
6.19
0.44
2.91
8
17.98
20.45
4.79
0.63
0
0
0
0.02
0
0.02
0
0.76
0.88
0.96
6.24
12.41
7.95
8.88
2.2
14.49
8.66
2.44
1.67
0
0.12
0.27
6.84
1.77
0.02
0.1
0
0.66
0
0
1.84
23.9
16.19
3.9
0.12
0
0.27
3
3.44
16.36
6.33
0
0.55
0
3.16
12.17
6.65
1.1
0.46
0.63
9.15
27.64
0.75
3
9.51
13.78
8.92
15.4
5.5
3.34
2.71
10.81
5.55
22.23
10.03
5.53
1.08
0.71
1.15
0.17
1.57
1.55
6.63
5.99
16.91
2.62
5.57
2.21
11.26
7.23
7.34
0.5
0.01
20.91
5.91
0.2
3.07
1.2
0.21
0
0
0
1.28
0
4.47
2.77
0.13
0
0
0
0.85
2.98
10.3
4.35
3.3
1.68
0
0
0
0
0
0.18
11
1.61
1.43
0
3.23
0.07
0
0
0
0
0
0.02
0
0
2.14
0.33
0.28
0
0
0
0
0
0
0
0
0
0.2
0.06
3.48
0
0.79
0
0.23
0
0.01
0
0.01
0
0
0
0
0
0
0.36
0
0
0.01
0.16
1.64
0.61
0
0
0
0
0.01
0.29
0.51
2.49
7.52
1.84
0.23
0
0.41
5.19
5.25
0.13
0.41
0.02
0
0
1.04
0.28
0.55
14.3
0
0
0
0.52
0
0
0
0
0
0
0
0.01
0.77
0.2
22.89
10.12
0.23
1.95
2.09
0.7
0.14
0
0.05
0
0
0
0
0.11
0.32
0
0.02
0
3.37
0.02
0.01
0.01
0
0
0
0.04
0
0.16
1.76
9.13
3.82
1.72
0.61
0.28
0.18
0
0.06
0.08
0
0
0
0
0
0
0
0.36
0
0.69
0.2
0
0.32
3.25
3.45
1.38
0.11
9.01
1.84
1.34
0
0.52
0.02
0
0
0
0
0.27
0
0
0
1.56
0.15
0
0
0
0
0.53
5.17
4.03
6.33
2.37
0.67
4.4
8.9
6.98
1.29
10.37
1.38
0.37
0.1
0.23
0.27
0.8
7.7
13.47
0.59
2.74
1.09
3.68
9.93
7.25
6.65
7.35
1.48
1.79
6.56
2.99
0.03
0
0.3
0
0.01
0.14
0
0
0.59
9.74
17.61
32.59
18.87
16.95
12.02
7.74
5.29
3.05
7.55
5.96
13.45
0.64
0.73
0.62
0.42
3.23
3.99
2.09
0.45
1.16
0.39
0.52
0.07
0
0
0.93
0.59
0.29
0.53
4.83
3.93
5.55
13.86
2.07
2.71
4.84
1.52
0.1
0.08
0.14
2.52
1.14
5.34
3.48
0.17
0.45
0
3.32
2.52
0
0.01
0
0
0
0.04
0
0
0.01
0.15
0.03
0
0.01
0
0
0
0
0
0.31
3.68
0.87
0.82
0
0
0
0
0.02
0
0
0.05
0.36
0.55
0.05
0.17
0.51
0.08
1.26
0
0
0.2
3.47
8.82
3.71
3.09
0.05
0.46
1.5
0.87
0.22
0
0
0.01
2.31
5.32
2.64
1.11
0.47
0.01
1.07
2.02
3.51
0.2
0.01
0
0
0
0
0
0
0.6
1.04
0
0
0
5.87
0.66
0.09
0.05
0
1.19
0
0
0.1
2.26
18.87
18.19
3.71
1.02
0.2
0.61
1.02
0
7.84
1.82
0
0.01
0
0.05
0
0.21
0.13
0
0
0
0
0
0
0
0
0
0
0
0
0
0.01
0
0
0
0
0.02
0
0.04
0
0.02
0
0
0
0
2.24
11.02
4.03
0.05
0.59
0
0.02
0.48
0
0.29
4.71
0.05
0
0
0
2.75
0
0.01
0
0
0
0.01
0
0
0.01
0
0
0
0
0.01
0
0
0.48
0.02
0
0.66
0
1.55
10.89
11.58
10.62
13.51
5.84
2.28
1.78
0
0
0
0
0.01
0
0
0
0
0.77
20.88
42.48
29.91
3.33
0.13
4.94
6.39
1.96
0
0.23
1.4
13.19
2.41
0.95
0.72
5.64
2.63
1.15
1.65
0.49
3.43
2.48
17.15
4.48
1.06
0.25
0.45
1.62
3.29
6.99
6.84
0.11
0.02
0.2
0.33
3.13
16.67
9.26
0.26
0.05
0.8
4.55
2.54
8.91
27.3
12.8
4.11
6.04
1.37
0.11
0.28
0
0
0.01
0
0
0
0
0.55
0.2
4.06
4.31
1.97
0.76
0.07
0
0.28
0.09
0.01
2.76
11.93
3.8
1.49
8.23
4.08
0.1
0
0.34
10.02
9.73
0.73
0.44
0
0
0
0.01
0
0
0
0
0
0
0
0
0
0
8.73
17.5
9.92
0.45
0
0
0
0
0
0
0
0
0
0
0
0.17
0
0.14
0.54
9.65
5.02
0.89
23.92
6.7
2.08
1.91
4.05
4.26
0.98
0
0.6
0
0
0
0
0
0
0.2
1.99
0.11
0
0
0
0
0
0
0.08
0
0
0.28
0.73
3.03
1.93
0.52
0.02
0
0.22
0
0
0
0
0
0
0
0
0
0
0
0
0
0
0
0
0
0
0.01
0
0
0
0
0
0.02
0.05
0
0
0
0.2
0.52
1.41
6.81
3.3
0.4
1.61
6.4
0.21
0
0
0
0
0
0
0
0
0
11.2
3.13
0.48
0.04
0
0
0.02
0
0
0
0
0
0
1.5
2.78
1.94
0
0.48
0
5.52
1.84
0.16
0.22
6.61
0.8
3.14
1
1.24
0.11
0
0.01
0.01
0
0.01
0.07
0
0
0
7.98
6.39
17.91
19.33
14.7
2.39
0.34
0
0
0
0.01
0
0
0
0
0
0.05
1.04
8.16
9.51
5.26
1.61
0.84
0
0.56
10.13
6.39
6.09
3.29
0
0.52
12.64
1.63
0.01
0
0.02
0.05
0
0
0
0
0.2
0.76
0.01
0.02
0
0.16
0
0
0
0
0
2.7
0.09
0.05
0
0
0.36
5.33
0.13
0.94
2.21
0
0
0
0
0
0
0
0
0
0
0.23
7.47
3.02
0.06
0
0.41
0.16
0
0.01
0
0
0.01
0.01
0
0
9.16
2.13
0.06
0
0
0
0.02
0.43
0
0
0.65
2.39
0
0.13
0.02
0
0
0
0
0
0
0
0
0
0.01
0.63
0.2
3.63
0.23
0.01
0
0
0
0
0
0
0
0.03
0
0
0
0
0
0
0
0
0
0
0
0.11
1.24
0.16
0.21
0.23
0
0
0
0
0
0
0.42
2.59
3.89
2.27
6.53
4.38
3.23
0.3
1.75
8.71
4.43
0.02
0
0
0
0
0
0
0
0
5.48
5.08
4.1
10.6
8.55
4.86
24.54
8
0.64
0
0
0.01
0
0
0
0
0
0
0
0.09
0.25
0.82
0
0
0
0
0.02
0.01
0
0
0
0
0.59
0.67
0
0
0
0
0
0
0
0
0
0
0
0
0
0
0
1.33
12.91
20.72
7.72
20.92
13.64
8.91
6.72
0.41
0.07
0
0
0.01
0.21
0.13
0.16
4.79
2.13
12.42
12.02
5.95
6.13
4.89
0
0
0.02
0
0
0.28
0.56
0.48
0.04
0
0
0.21
0
0
0.98
2.27
3.68
0.66
4.71
1.18
2.14
2.11
3.24
9.3
2.88
2.17
0.91
9.25
0
0.2
0
0
9.49
10.44
5.25
3.48
6.75
4.62
1.04
0.41
8
0.63
0.01
0
0
0
0
0
0
0
0
2.35
0.47
0.2
0
0.02
0
0
3.67
9.21
1.78
3.48
1.88
0
0.14
0.39
0
0.48
2.1
9.92
4.13
12
2.02
3.87
1.9
3.82
0.81
3.05
1.32
0
0
0.53
19.14
1.16
1.99
0.03
0
0
0
6.35
8.47
2.3
1.83
1.82
6.54
0.89
0.04
0.42
0.76
0.23
0.25
2.06
1.24
0
0.41
2.45
4.54
4.56
13.31
4.46
1.33
1.78
7.45
6.13
1.93
0.31
0.14
0
0
0
0.92
0.38
0
0
0.16
1.8
0.76
0
0
4.58
0
0.09
0.06
0.02
1.13
4.23
6.25
0
0.07
0.35
0.04
0
0
0
0.44
1.92
0
0
0
1.91
0
0
0
0.66
2.26
5.87
18.01
14.11
0.39
0.57
2.43
2.56
0
0.04
0
0.36
12.05
0
3.3
5.38
0.18
0.1
0
0.04
0
20.34
6
0.8
0
0
0
0
0
0
10.64
11.69
2.02
0.23
0
0
0
0
0
0
0
0
0
0
0.01
0
0
0
0
0
0
0.02
0
0
0
0
0
0
0.06
0.02
0
0.34
0
0
1.24
2.02
3.43
9.08
6.06
0
0
0
0.23
0.04
0.02
0
0
0
0
0
0
0
0
0
0
0
0
0
0.01
0
0
0
2.01
0.24
0.39
0.64
0
0
0
0
0
0
0.05
0
0
0
0
0
0
0
0
0
0
0
0.13
0.4
0
0
0
1.18
2.93
1.43
0.43
0.17
0
2.43
5.53
0.27
0
0.04
0.53
3.63
0
0.02
0
0
0.01
0.01
0
0
0
0
0
0
0.07
0
0.05
0
0
0
0
0.19
0
0.02
0
19.91
4.84
17.27
7.45
2.18
2.35
0.06
0.7
12.61
1.41
0
0
0
0
0
0
0
0
0
0
0
0
0
0
0
0
0.05
0
0
0
0
0
0
0
0
0
0
0
6.61
9.64
0.98
0
0.02
0
0
0
0
0
0
0
0
0
0
0
0
0
0
0
0
0.18
3.2
4.95
5.35
12.91
1.75
0.07
1.28
1.35
0.01
2.17
0.62
0.04
0
0
0
0
0.09
0
0
0.01
0
0.11
5.7
18.09
3.21
3.1
10.56
3.83
6.86
1.22
2.55
5.46
0.96
0.24
0
0
0.13
0.01
0
0
0
0
1.68
0.3
0.03
1.02
7.83
8.03
4.69
0.22
0.44
0.39
0.67
3.94
0.17
1.02
3.55
2.18
0.39
0.29
0
2.88
5.23
2.47
4.02
0.67
0
0
0.01
0
0
0.01
0
0
12.47
1.63
1
1.15
0.08
0.49
7.47
1.52
0.22
0.06
0
0
0
0
0
0
0
0.01
0.02
0.59
25.46
8.2
1.71
0
29.32
6.5
0.82
4.42
4.13
0.93
0.21
0
0
0.34
0
0
0
0
0.05
0.35
0.01
1.16
9.24
2.5
0.61
0.27
0
0.59
0.35
3.75
8.77
25.39
8.84
4.21
7.13
0.84
0.52
1.83
5.66
16.06
2.43
0.43
2.45
4.98
9.3
1.8
0.68
0
0.11
0
1.58
5.55
4.59
4.33
1.78
0
1.31
6.31
5.28
10.16
4.25
0
0.08
8.39
1.38
0.95
0
3.2
0.14
0
0.05
0.01
0
0
0
0
0
0
0
0
0
0.01
0.04
0.05
0
0
0
0.01
0
0.01
0
0
0
0.02
0.27
0
0
0.02
0.01
0.03
0
0
0
0.01
0
0.48
6.21
1.72
0
0.03
0.06
0.42
0
0.18
0
0
0
1.25
15.06
2.97
0
0
0.02
0.11
0.05
0.65
1.26
0
0
0
0
0
0.02
0
0
0.02
0.01
0.13
1.93
0.3
1.18
5.93
7.31
4.99
5.06
0.94
0
0
0
0.46
9.76
5.5
1.02
0
0
0.01
0.01
0.01
0
0
0
0.23
0
0
6.73
4.48
0.2
0.04
0
0
0
0
0
0
0.06
0
0.01
0.08
0.17
0.7
6.61
0.66
0
0
0
0.48
0
0
0
0
0
1.65
0.78
0.01
0
0.98
2.45
1.71
0
0
0
0
0
0.02
0
0.18
0
0.18
1.93
0.2
0
0
0.35
0
0
0
0.06
0.75
0.22
0
0.48
0.61
0.57
0
0
9.04
0.13
1.22
4.14
2.84
0.22
0.01
0
0.02
0
0.3
0.36
3.88
12.38
9.85
3.6
7.23
0
1.56
0.2
0.19
0
0
0.31
0
0
0
0
0
0
0
0
0
0
0
0
0
0
0
0
0
0
0
0
0
0
0
0
0
0
0
0
0
0
0
0
0
0.59
1.54
1.36
2.05
9.63
9.96
6.47
2.69
2.94
12.4
10.01
6.59
0.56
0
0.01
0
0.43
0.07
0
0
0
0.02
0
5.29
8.63
6.06
0.68
0
0
0
0
0
0
0
0
0
0
0
0
0.01
0.31
0.01
5.8
4.09
0
0.86
0
3.45
2.7
0.17
2.13
0.14
0.02
0.01
0
0.33
0.38
0.16
0
0.03
0
0
0
0
0
0
0
0
0.01
12.84
31.98
9.81
1.3
0.02
0.01
0
0
0.03
1.28
0
0
1.63
2.25
6.44
9.09
2.52
0.63
0.24
5.45
0
0.57
0
1.48
1.88
2.5
0.68
0.23
0
0
0
0
0.01
0.02
0.09
0.15
10.69
9.95
2.85
0
1.82
0.49
0.22
0
0
0.3
0
0
0
0
0
0.54
3.84
0
4.21
10.75
8.44
2.9
0
0
0
0.03
0
0.48
0.21
0.15
5.29
1.54
0
0.24
0.18
0
3.9
0.3
2.05
9.84
0
5.7
4.75
1.75
0.41
1.47
0.44
4.18
3.25
2.19
0.57
5.62
2.02
1.15
1.12
17.15
10.03
4.12
0.44
0.01
0
0.02
4.84
3.16
0
0
0
0
0.63
0.26
1.01
0
0.31
4.89
0.46
0
0
2.82
1.75
0
0
0
0
4.02
0.2
0.16
0
0
0
0
0
0
0
0
0
0
2.04
5.98
0.03
0
0
0
0
0
15.77
1.04
0.28
3.77
0.89
6.7
16.75
10.7
1.45
0.19
0
0
0
0.09
0
0
0.2
1.11
0.17
1.1
0
0.1
9.88
0.98
0
0
0
0
0
0.05
0.27
0
1
0
1.75
7.27
5.72
15.48
2.18
0
6.29
3.8
1.52
1.52
0.96
0.02
0
0
0
0.45
11.89
23.94
21.13
3.14
5.74
1.09
0.21
0.75
4.11
1.6
0.93
0
0.32
0.4
12.11
3.05
0.89
9.73
2.96
0.14
0
0
4.48
2.15
2.17
1.31
0.11
6.75
2.21
13.7
20.12
8.98
6.49
1.47
0
0
0
0
0
0
0
0.39
0
0
0
0
0.58
0
0
0
0
0.08
3.01
0.88
0.39
1.01
5.73
12.75
3.61
0.6
0.05
0
0.26
0
0.04
0.08
0
0
4.52
14.02
22.93
3.09
0
0
0
3.03
7.36
1.36
0.11
0.2
4.49
22.9
21.58
12.25
8.78
1.98
0.58
0.67
1.07
1.63
0.36
0.44
5.05
7.38
5.35
8.8
9
2.88
0.43
0
0.91
0.98
20.09
9.62
8.21
4.08
1.07
3.36
5.38
10.47
9.9
2.14
3.91
5.1
1.03
7.3
7.95
4.92
0.76
0
0.17
0
2.03
6.12
12.38
5.97
5.12
1.16
0.49
0
1.52
5.2
14.19
13.36
8.25
4.28
7.07
5.79
2.29
1.52
1.16
0.5
0
0
0
0
0.1
0.63
0
0
0.07
1.99
9.13
5.12
0.3
0
0
0.02
0
0.05
6.53
1.23
0.8
19.21
11.41
5.61
0.01
0.16
0.53
3.55
0.1
0.61
0
0
0
0
0
0.06
0.05
2.56
0.46
0
0.01
0.15
0
0
0
1.32
3.16
2.74
0.73
0.28
0
0
0
0
0.06
0
0.34
0.19
1.1
5
5.8
2.55
1.11
2.99
5.18
3.65
0
0
0.07
0
0.01
0.41
6.36
1.24
0
0.02
6.02
0.36
0.18
2.95
0
1.65
5.57
2.36
2.37
1.3
1.22
0
0
2.06
6.51
8.09
8.31
3.25
2.09
0.14
0
0.12
0
0.09
6.35
0.13
2.01
20.72
5.65
0.32
0.07
0.01
0.59
0.24
3.95
1.54
1.7
2.45
2.61
0.01
0
0
0.34
1.49
0.41
0.45
0.04
0
0.02
0
0
0
1.31
0.15
1.73
0.49
0
0
0
0
6.24
6.95
0
0.01
0
0
0
4.69
5.9
1.22
1.12
2.77
0.02
1.84
0.73
0.83
0.09
0
0.26
2.82
3.24
0.42
0
0
0
0.25
0
0
0.05
0
0.08
0
0.27
0.71
0
1.11
2.68
2.02
0.23
0
0
0
0.06
0.29
0
0
0
0
0
0
0.01
0
0
0
0
0
0
0
0
0
0
0.01
0
0.09
0
14.38
1.57
0.01
2.07
0.07
1.5
4.44
2.32
0.23
0
0
0
0.25
0.18
0
0.12
0.13
0.54
22.89
13.9
12.93
12.19
1.8
0
0
0.06
0
0.03
0.3
0.71
17.52
6.04
9.61
5.09
4.65
1.39
0.41
0.39
0.1
0.01
0.1
0
0
0.37
0.1
0
0
0.22
0.29
0
0.08
0
0
0.01
0
0
0
0
0
0
0
1.94
1.35
9.32
4.95
0
0
0
0
0.17
0.45
2.78
5.3
12.89
8.07
0.14
0.92
4.42
8.55
3.33
27.59
17.74
1.96
1.34
0.3
4.18
0.14
0.16
0.66
3.41
0.45
0
1.34
3.16
6.48
3.48
2.54
0.01
0.01
0.22
0.34
4.37
2.81
0.48
0.25
1
1.07
0.1
0
0
0.53
0
0
0
0.52
2.06
4.34
3.58
3.26
2.8
1.51
0.54
1.78
6.02
2.97
8.29
1.08
0.79
2.67
4.3
0.35
1.68
13.75
4.3
0.18
0.09
0.2
0.51
0.29
0
0
0.34
0.92
2.19
4.19
8.08
4.5
0.34
0.13
0.36
5.12
7.8
3.74
3.02
8.7
4.21
0.29
0.56
5.78
12.4
19.98
15.95
18.65
11.93
7.95
16.87
17.7
4.52
0.2
0.41
0.01
0
0
0
0.23
7.94
1.72
0.1
0.34
2.35
2.11
0.56
0
0
0
0
0
0.1
0
0
0
0.33
4.85
0.11
0.23
6.25
1.6
0
10.98
6.18
1.57
0.73
0.15
1.08
0.96
3.83
4.25
0
0
0.22
0
0.3
0
0.54
0.04
0
0
2.84
1.91
19.48
19.92
5.47
6.34
11.23
6.59
2.43
1.56
4.24
7.11
5.16
0.66
0.18
0
0.21
0.43
0
0
0
0
0
0
0
0
0
3.09
10.34
12.47
15.91
8.55
0
1.43
0.23
2.7
7.51
3.4
0.76
0
0
0.09
0.72
0
0.43
0.77
0.19
10.67
2.94
0
0
2.79
1.31
0.66
2.74
0.23
3.47
0.73
2
1.59
0.02
0
0
0
0
0.06
0.1
0.07
0.86
0
0
0.05
0
0.01
0
0
0
0
0
0
0
0
0
0
0
0
0
0
0
0
0
0
0
0
0
0
0
0
0
0
0
0.04
0
0
0
0
0
0
0
0
0
0.05
0
0.25
0
0
0
0.07
0
0
0
0.1
0.7
0.29
0
0.02
0
0
0.01
0.03
0.01
0.89
0.15
1.09
9.03
3.11
0.1
0
0
0
0
0
0
0
0
0
0
0
0.2
0
0.15
0
0
0
0
0
0
0
0
0
0.12
1.3
0.82
0.09
0
0
0
0
0
0
0
0
0
1.77
3.11
0
0.04
0
0.39
0
0
0
0
0
0
0
0
0
0
0
0
0
0
0
0.05
0
0.01
0.21
0.61
3.57
0.38
1.09
0.7
0.16
0.02
0
0
0.02
0
0
0
0.02
0
0.01
0
0
0
0
0.57
0.24
0.02
0
0.75
8.13
15.64
6.16
1.28
1.41
10.44
15.25
6.04
3.2
7.24
9.55
13.2
3.83
4.9
3
0.28
1.24
1.77
1.98
1.41
1.04
4.66
11.81
12.28
7.42
6.66
3
3.13
8.18
5.18
0.86
3.06
13
1.81
0
1.69
4.05
1.6
0.52
2.02
0
1.05
0
0
0
0
1.25
14.79
21.06
3.54
3.44
3.36
0.02
0.27
1.88
16.7
31.2
15.53
1.81
0
0.79
1.36
15.65
2.34
11.9
11.11
7.24
8.64
3.37
12.96
13.33
14.15
11.97
10.07
12
3.72
1.02
0
0.07
0
0.01
0.03
0.02
0.34
0.16
0.14
0.03
0.76
3.05
1.33
0.02
0.18
0
0.27
1.09
5.93
5.91
1.25
0.41
0.21
0
0.41
4.03
1.38
3.41
4.41
9.26
10.25
5.13
5.96
2.14
3.08
3.25
13.36
8.9
4.2
2.16
1.38
0.61
0.14
0
0.13
2.25
8.81
6.82
0
0.2
4.36
7.73
6.13
5.03
1.52
7.11
13.77
2.29
0.2
0.38
0
0
0
0
0.36
0
0
0
0.07
0
0
0
0
0
0
0.07
0
0.35
1.34
0.75
8.43
4.14
0
0
0
0
0
0
0
0
0
0
0
0
0
0
0
0
1.23
0.47
1.09
2.58
18.58
27.48
10.95
1.39
0.23
1.37
6.03
0
0.89
2.14
3.54
2.83
0
0.01
0
0.15
0
0
0
0
0
0
0
0.02
0.02
0
0.59
3.03
4.97
10.33
2.26
1.64
6.37
0
4
5.69
1.13
2.86
0
0
0.79
1.86
1.92
3.32
0.02
0
0.2
0.06
0.14
0.01
0
0
0
0
0.02
0
0
0.01
0
0
0
0
0
0
0
0
0
0
0
0
0
0
0
0
0
0
0
0.12
0
0
0
0
0
0
0
0
0
0
0
0.03
1.32
0.2
0.36
3.1
4.2
0
0.11
0.43
1.43
0.7
3.02
0.27
0.12
0.24
0
3.5
3.34
8.82
5.7
3.29
1.39
5.23
9.06
7.87
0.2
0
0.35
0.18
0
0
0.25
0.03
0.07
0.04
0
0
0
0.97
0.24
8.76
4.2
0
27.29
9.6
4.65
17.2
16.22
13.59
17.73
6.34
0
0.02
0
0.2
7.19
4.02
2.76
2.77
6.67
16.56
12.1
6.58
0.14
0
0
0
0
0.02
0
0
0.03
0
0.18
2.15
0.09
0
3.33
13.07
14.07
6.13
0.3
0.71
0
0
0
0
0
0.15
0.02
0
0
0
0
0
0
0
0
0.01
0
0
0
0
1.21
0.54
0.68
0.12
0
0.18
0
0
0.16
0.12
0.06
0.19
0
0.03
1.08
6.43
10.55
9.77
0.71
0.52
0.07
0.46
0.6
0.02
0.06
0
0
0
0
0
0.15
2.37
3.91
4.01
1.91
0
0.41
0.05
0
0.52
0.15
0.18
1.28
1.73
0
0.19
0.28
1.09
0.55
0
0.01
0.02
0
1.8
3.47
1.07
0
0
0
0.01
0
0.29
0
4.19
1.07
0
0
0
0
1.16
0.49
0
0.38
2.3
2.04
1.48
3.23
2.03
0
4.52
5.62
2.73
0
0.79
0.27
0.34
3.15
4.75
3.55
0.04
0.02
0
0
0.02
0.05
0
0.18
0.89
0.68
0.06
0
2.13
11.5
6.51
15.27
11.21
1.74
0
0.02
0
1.6
1.48
1.11
2.49
0
0
0.02
0
0.47
0
0
0.01
0.79
0.48
0.31
0
0
0.22
4.08
4.65
0.89
0.99
3.69
0.59
0.74
0.01
0
0.01
0.01
0
0.05
3.14
5.41
6.42
3.41
2.34
1.31
16.31
14.13
12.35
16.16
0.03
0
0
0.02
0
20.25
3.38
0.88
0.5
0.09
0.31
0
0.01
0
0
0.04
0
0.21
5.21
5.11
4.17
1.05
1.83
0
0.02
0.08
0.29
0.95
0.18
1.09
0
3.99
18.08
4.17
0.7
9.68
19.48
7.48
7.06
0.01
0
0.01
0
0
0
0
0
0.12
0
0.38
0
0
0
0
3.92
1.64
0
0
0
0.02
0.01
1.17
0.36
0.26
0
0.28
0.07
0.25
0
0
0.85
0
0
0
0.13
0.04
0.04
0
0.07
0
0
0.01
0
0.02
0.13
0
0
0
0
0.02
0
0
0
0
0.11
0
0
0
0
6.46
0.01
0
0.16
3.57
0
0.01
0
5.07
1.52
0.5
0.11
0.16
0
0.4
0
0
0
0.99
0
0
0
3.06
0.01
0.45
5.93
0
0
0.01
0
0
0.01
0
0.17
1.69
0.82
3.12
2.13
1.6
0
0.52
0
0.77
0.02
1.17
3.81
0
2.56
0
0.02
0.33
0.21
0.02
0
0.82
3.23
1.39
0
0
0
0.88
1.98
8.33
17.14
1.24
0.05
0
0.77
0.03
0
0.43
12.95
7.16
1.46
0
0
0
0
0
0.63
2.68
2.63
3.28
2.34
1.75
7.48
37.11
10.64
2.97
3.39
6.28
2.34
0
0.12
0.09
0.26
0.63
0
0.01
0
0.01
0
0.1
0.7
4.2
0.39
0.3
0.37
3.31
0
0.02
0
0.02
0
0.01
0
0
0.39
0.01
0
0
0
0.32
2.65
0.36
0.04
0
1.46
2.91
0.02
0
0
0
0
0
0.34
0
0
0
0
0
0
0.04
0
0
0
0
0
0.01
0.57
0.26
1.49
0.65
0.22
0
0.04
0
0
0.78
0.02
0.02
0
0
0.06
0
0
0
0.05
0
0
0
0
0.04
0
0
0
0
0.03
0.48
2.6
11.9
2.95
1.39
0.84
0
0
0
0
0
1.8
1.24
0
0.05
0
0
0
2.18
4.51
2.82
0.38
0
0.01
0.02
0.42
0.01
0
0.87
0.02
0.01
0.08
2.97
0.02
0
0
1.21
0
0.12
0.09
0.09
1.61
1.24
0.13
0
0
0.92
6.35
5.67
7.31
1.96
0.01
0.43
6.73
2.52
0.27
0.02
0.28
0
0.02
4.12
7.71
3.29
9.48
9.49
0.75
3.86
1.85
0
0.47
0.04
0
0
5.08
2.88
3.39
2.92
0
10.61
2.16
0
0.72
0
0.03
0
0
0
0.04
7.94
12.22
13.21
10.73
16.24
2.66
0.04
0
0
0
0
0
0
0.01
0
0
0
2.98
6.57
1.06
0
0
2.09
5.2
1.93
0
0
0.47
0.1
0
0
0
0
0
0
0
0.02
0.01
0
0
0.01
0
0
0
0
0
0
0
0.34
1.5
3.73
4.4
5.04
3.26
2.24
0
2.97
0
0.56
0
0
0
0
0.06
0.69
0
0
0
0
0.01
0
0.02
0
0
0
0
0
0
0
0
0
0
0
0
0
0
0
2.96
1.51
1.17
0
0.75
5.47
4.8
0
0.01
0.11
0
0
0
0
0.47
0
0
0
0.01
0
0
0
0
0
0
0.12
0.02
1.06
6.48
2.35
0
0
0
0
0
0.05
0
0
3.76
2.83
0
0
0
0
0
0.04
1.71
0.88
0
0.02
3.62
4.96
8.19
0.02
8.16
5.54
5.86
0.79
0
0.34
5.15
0
2.03
0
0
0
0.03
1.51
1.05
0
0
0
0
0
0
0
0
0.62
0
0.16
1.68
0.11
0
0
0.05
0.25
0
0
0
0
0
0
0
0.01
0
0
0
0.01
0
0
0
0
0
0
0
0
0
0.02
0
0
0.03
0
0.2
0.05
0.42
0
0.01
0
0
0
0
0
0
0.04
0.03
0
0
0
0.06
1.64
2.05
2
1.31
2.49
1.5
1.18
2.65
12.66
3.25
1.7
6.63
10.71
13.18
8.36
3.17
2.1
8.27
16.8
27.38
18.98
11.7
8.83
2.28
0
0
0.04
0.01
0
0
0
0
1.45
9.45
2.24
0.51
0.44
2.52
4.23
0.8
0.46
0.55
0
0.01
0
0.27
0.62
0.16
0.06
0
0
0.02
0
0
0
0
0.22
0
0
0
0
0
0
0
0
0.58
7.21
2.38
9.64
6.02
0.81
3.27
2.75
0.05
5.02
1.57
1.3
3.48
2.34
1.58
2.75
0
0
0
0
0.02
0
0
0
0
0.03
0
0
0
0.05
0.01
0
0
0.03
0
0
0
0
0
0
0
0.08
0
0
0.33
3.23
3.01
11.76
8.96
0.53
0.2
2.73
0.92
1.63
0.01
0
0
0
0.13
0
0.39
0
0.55
13.85
11.73
9.8
8.37
0.44
0
0.38
0
0
0
0.02
0
1.1
0
0
0
0.3
0.52
0
0
0
0
0
0.26
0.25
0
0.01
0
0
16.65
9.38
1.68
0.99
0
0.9
0
0.28
0
2.53
3.11
6.45
9.77
13.13
14.08
10.81
0.37
0
20.9
8.98
1.81
0.02
0
0.18
5.82
1.88
0.36
0
0
0
0.01
0.25
0
0
0
0.04
0
0
0
0
0
0.21
0.63
0
0
0.38
2.35
0
5.46
21.5
6.38
1.17
0.39
1.19
1.3
0
0
1.02
0.2
0
0
0
0
0
0.05
0.66
0
0
0
0
0
0
0
0.01
0
1.29
7.99
3.61
0.37
0.04
0.22
0
0.01
0
0
0
0
0
0
0
0
1.32
2.14
0
0
0
0
0
0
0.47
1.85
0
0
0
1.93
0
0.01
0.02
0.01
0
0
0
0.18
0.01
0
0
0
0.16
5.29
2.89
0.29
0.01
0
0.56
0.05
2.68
0
11.91
1.25
0.2
0.01
0.01
5.23
19.49
0.74
0
0.16
4.16
0.15
0
0
0
0
0
0.02
0.01
0
0
0
0
0
6.03
2.06
0
0
3.62
8.25
3.44
0
0.27
6.77
1.09
3.13
0
0
0
0
0
0
0
0
0
0
0.18
0.15
26.16
29.9
9.96
1.88
0.01
0
1.13
5.86
0.48
1.01
0.75
0
0
0
0
0
0
0
0
11.57
8.62
3.4
0
0.11
0
0
0
0
0
0
0
0
1.29
0.95
1.11
1.31
5.45
3.65
0
0
0.02
0.83
0.31
0.97
4.08
0.76
0
0
0.15
0.24
0
0
0
0
0
0
0
0
0
0
0
0
0
0
0
0
0
0
0
0
0
0
0
0
0
0
0
0
0
0
0
0
0
0
0
0
0
0
0
0
0
0
0
0.29
0.42
0.03
0
0
0.02
0
0
0.01
0
0
0
0
0
0.01
0.24
0
0.03
9.49
2.8
0.7
0
0
0
0
0
0
0
0
0
0
0
0
0
0
0.04
0.15
0
0
0
0
0
0
0
0
0.47
0
0.72
1.45
0
0
0
0.83
0.61
0.09
0.03
0
0
0
0
0.01
0
0
0
0
0
0
0
1.67
5.03
5.16
3.7
6.03
1.12
9.43
6.68
18.79
6.11
1.82
0.52
1.2
2.17
10.7
2.14
0
0
0.02
0
0.01
0
0
0
0
0.64
0.66
3.07
2.25
1.8
8.43
1.12
0
0
0
0.44
0.1
0
0
0.01
0
0
0
0
0
0.01
0.01
0
0.24
0.01
0
0
0
0
0.1
0
0.09
0
0
0.01
0
0
0
0.02
0
0
3.65
0.91
2.94
11.85
1.98
0
0.24
0
0
0.52
1.63
6.98
4.31
1.81
5.45
1.19
0
0
0.05
0
0
0
0
0
0
0
0
0
0
0
0
0
0
0
0
0
0
0
0
0
0
0.01
0.18
0.13
8.14
3.79
0.33
0.02
3.91
3.36
0
0
0
0
0
0
2.1
0
0.01
0.02
0.01
0
19.16
5.59
0
0
3.35
1.7
0
0.76
0
21.25
19.95
0
0
0
0
0
0
0.01
0
0
0
0
0
0
0
0
0
0
0
0
0
0
0
0
0
0
0
0
2.19
0.41
0
0
0
0
0
0
0
0.01
0
0
0
0.39
2.8
0.52
0
0.38
0
0
0
0
0
0
0
0
0
0
0.35
1.98
7.65
0.26
0
0
0.01
0.45
1.27
2.42
2.55
0.44
0.23
8.39
1.92
0
0.08
0.4
7.42
6.09
6.6
13.35
2.33
2.36
11.98
11.5
1.81
0
0
0
0
0
0
0
0
0
0
0
0
0
0
0
0
0.6
0
0.09
1.28
1.09
7.23
8.18
5.16
6.68
19.25
8.89
16.6
9.57
4.73
2.92
0
0
0
0
0
0.02
0
0
0
0
0.21
0.41
0.09
0.61
2.37
3.27
1.2
0
0.01
0
0
0
0.07
0.02
0.06
1.69
1.48
10.91
9.43
4.04
4.42
4.32
0.65
3.21
0.66
0
0.57
1.27
1.11
1.49
3.09
0
0
0
0
0
0.01
0
0
0
0
0
0
0
0
0
0.22
0.01
0.39
0.1
3.55
1.66
0.23
0.32
0
9.63
19.1
1.91
0.46
0
0.07
0
0
0.01
0.02
0.11
0
0.01
0.29
0.15
3.46
4.42
8.88
4.4
4.48
1.93
7.31
9.79
5.51
0.75
3.44
10.38
3.02
0.39
0.48
12.39
2.53
2.36
14.41
4.21
1.78
4.34
0.95
0.29
0.23
0
0
0
0
0.53
1.48
0.7
4.57
3.36
0
0
0
0
0.01
0
0
0.18
1.37
4.22
0
0
0.09
0.96
4.27
7.69
5.2
1.6
0.24
6.44
3.73
2.85
7.58
0.38
0.02
0.19
0.02
27.82
15.74
3.3
9.8
18.08
7.26
1.13
9.85
15.05
6.56
2.15
6.98
0.37
4.11
0.72
4.05
1.77
0
0.11
0.3
6.66
22.09
24.21
4.53
0.08
0
0
0
0
0.13
0
0
0.01
0
0
8.8
2.72
0
0
1.77
0
0.01
0
0
0
0.01
0.02
0
0
0
0
0
0
0.6
0
0
0
0
0
0
0
0
0
0
0
0
0
0
0
0.01
0
0.02
0
0
0
0
0
0
0
0
0
0
0
0
0.01
0
0
0
0
0
0
0.51
0.8
0
0
0
0.01
0.01
0
0
1.41
1.59
1.67
0
0
0.04
0.03
0.01
0
0
0
0
0
0
0
0
0.02
0
0.26
0
0
0
0
0
0
0
0
0
0
0
0
0
0
0
0
0
0
0
13.3
1.05
0
3
5.11
7.98
8.32
0.71
0.07
0
0
0
0
0
0
0
0.01
0
0
0.02
0
8.11
4.01
0.01
0
0
0
1.44
11.28
2.05
0
0
0
0
3.02
2.56
0
11.77
6.32
6.74
22.57
35.51
7.83
6.01
3.31
5.24
25.41
12.23
18.66
6.16
1.36
7.93
3.26
1.01
0.78
0.5
0.07
0.02
0
0
0
0
1.73
21.8
6.38
0.29
1.46
0
0
0
0
0
0
0
0
1.06
2.02
0.16
0.73
0
0.07
1.48
0
0.75
0.02
0
0
0
0
0.04
0.76
0.21
0
0
0
0
0
1.48
5.71
4.95
1.64
0.26
0.35
0.17
0
0
0
0
0.53
1.59
3.24
7.82
3.99
1.29
12.05
25.61
17.5
6.48
2.38
13
3.48
0.58
0.39
0.02
0
0
0
0
0
0
0
0.01
3.47
9.28
10.26
13.82
12.66
1.55
1.66
1.93
0.48
4.81
10.05
4.09
0.99
0.23
1.27
1.43
0
0.04
1.25
0.07
0
0.74
5.21
2.17
0.2
0.08
0.52
0.04
0
0
0
0
0
0.08
0
0
0
0
0
4.05
11.36
3.6
8.38
8
0
0.01
0.05
0.02
0.5
0.02
0
0
0
0
0
0.14
6.47
7.14
7.16
4.62
9.75
1.63
0.17
1
0.98
0
0.83
0
0.83
0
0
0
1.39
14.94
10.3
4.22
3.46
1.96
1.01
0.41
0.2
0.01
0
0
1.16
3.45
4.75
4.87
1.3
0
0
0
0.54
1.63
4.03
4.53
1.25
10.1
9.72
0.07
0.34
1.46
0.54
0
0.09
4.9
2.81
0
0.47
1.37
1.84
0.57
0
0
12.95
5.49
0.08
0.66
0
0
0
0
0
0
0
0
0
0.01
0
0
0.01
0.09
2.93
0
0
0
0
0.02
0.32
1.9
0
1.98
0.05
0
0
1.93
1.75
0.06
0
0
0.01
0
0
0
0.02
0
0.03
0.29
1.57
0.47
0.2
0.01
0.01
0
0
0.01
0
0
0
0.23
0
0
0.02
0.98
2.62
13.75
0
0
0
0
0
0
0
0
0
0
0.01
0
0
0
0
0
0
0
0
0
0
0
0.06
0
0
0
0
0
0
0
0
0
0
0.01
0
0
0.54
0
0
0.02
0.05
0
0
0
0
0
0
0
0
0
0
0
0.02
2.73
0.29
0
0.04
0.87
0
0
0
0
0
0.98
0.02
0
0
0
0
0
0
0
0
0
0
0
0
0.02
0
0
0
0
0.01
0.03
2.03
0.04
0
0
0
0
0
0.39
4.74
7.84
11.35
4.78
1.63
0
0
0
0.9
2.36
1.98
1.23
0.03
0
0.01
0
0
0.02
0.01
0
0.01
0
0.64
7.58
15.82
3.55
0.24
0.04
0
0
0.02
0
0.21
10.59
1.3
1.41
4.1
0.15
0.37
0
0
0.02
0.02
0
0
0
0
0
0
0.02
7.81
8.59
13.4
5.71
1.46
13.7
17.51
8.04
2.26
2.59
6.69
4.45
4.69
0.27
3.03
0.48
5.04
0.5
0
0
0.01
0
0
0
0
0
0
0
0.01
0
0.01
0.02
0.02
0
0
0
0
4.98
11.49
3.95
2.13
1.02
1.02
2.01
4.23
1.11
0.11
2.77
1.34
0.66
0.73
0
3.84
21.42
13.81
12.05
11.48
12.19
10.36
4.34
13.92
4.45
0.28
0.66
5.65
2.44
0.52
0.06
3.78
7.26
3.15
0.46
0.52
0.75
0
3.69
0.52
0.09
1.34
0.2
3.47
7.43
1.52
0
0
0
1.12
0.01
0.71
0
0
0
0
0.12
0
0
0.01
0
0
0.02
0.28
13.64
4.08
0
3.09
5.16
5.39
3.27
1.27
3.7
7.08
1.19
0.76
3.95
2.97
1.74
0.83
1.19
0.05
0.41
9.46
4.06
3.49
12.93
11.66
6.96
2.59
2.3
0
0
0
2.78
1.02
1.05
6.64
6.88
0.26
0
0
0
0.1
0.06
1.2
0.02
0
0.38
0.07
0
0.11
0.25
0.77
0.71
0
0
6.45
1.88
0.02
0.84
0
0.01
0
0
0
0
0
0
0
0.01
0
0.13
0
0
0
0
0.08
0.83
2.58
0
0.61
7.8
8.09
1.6
0
0.14
0
0.44
0.54
0
0
0
0
0
4.75
0
0
0
0
0
0
0
0
0
0.01
0
0
0.24
0.09
0
0
0.08
0.13
0
0
0
0
5.43
2.22
0
0
0
0
0
0
0
0
0
0
0
0
0
0
0
0
0
0
0
0
0
0
0
0
0
0
0
0
0
0
0
0.3
0
0
4.57
6.65
1.32
0
0
0
0
0.45
0.36
0
0.44
0
24.28
6.64
0
0.02
0
0.11
5.89
15.74
3.03
4.02
0.29
2.94
6.25
0.54
0
0.33
0
0
0.01
0.05
0
0.17
1.43
0.74
0.45
5.15
0.65
0
0.04
0.3
3.11
4.21
3.89
3.22
7.94
3.64
2.32
1.71
0
0
0
0.03
4.22
10.78
1.69
0.01
0
0
0
0
0
0
0
0
0
0
0
0
0
0
0
0
0.55
8.14
14.31
6.16
0.47
3.57
3.59
0
0
1.68
1.13
0.16
0
0
0
1.91
0
0
0
0
0.01
0
0
1.16
0.03
0
7.98
2.12
0.03
0
0
12.6
6.57
0.26
0.1
0
0
0
0
1.58
1.62
2.61
0.9
0.22
1.27
2.04
2.19
0.09
0.16
0.24
0
0
0
0
0
0
0
0.17
23.69
15.13
2.27
7
17.86
2.91
2.57
0.29
0.14
0
0.03
0.02
0
0.87
0.91
0
3.24
11.14
12.81
5.68
12.85
10.62
1.68
0.58
8.63
2.32
0.41
0.02
0
0
0.01
0.27
8.91
12.87
1.58
0.02
0
0.13
13.48
10.55
2.77
0.01
0
0.01
0
0
8.99
5.02
3.02
0.78
0
0
0
0
0
0
0
0
0.37
0.39
0
0.18
0.31
1.01
0
0
0
0
0
0
0.01
0.49
0
0
1.21
3.39
1.21
0.18
0.86
0.02
0.01
0
0.14
11.9
11.98
15.53
10.39
3.36
15.95
15.91
1.21
0.02
0.14
0.01
0.01
0
0.16
0
0
0
0
0
0
0
2.75
4.44
2.49
0
0
0.01
0.34
0
0
0.01
0
0
0
0
0
0
0.36
0.21
0.3
0.02
0
0
0.1
6.8
0.97
1.93
0
0
0.34
9.66
11.74
0.86
0
0
0
0
0
0
0
0
0
0
0
0
0
0
0.09
0
0
0
0.14
0.16
4.67
1.04
0
0
0
0
0
0
0
0
0.8
0.22
0
0
0.04
0.59
0.07
0
0
0.02
1.77
1.17
5.25
14.53
4.57
0
0.44
8.11
12.08
17.16
11.4
0.41
0
0
0
0
0
0
0
0
0.55
15.5
8.72
0
0
0.32
0.03
0.41
0
0
0
0
0
0
0.01
0
0
0.44
0
0
0
0
0.01
0
0
0
0
0.01
0
0
0
0
0
0
1.5
0.16
1.27
0.18
0.1
0.02
0.72
0.05
0
0
0
0.01
0
0
0
0
0
0
0
0
0
0
0.04
0
5.16
2.51
0
0
2.47
2.23
3
0
0
1.31
0.25
16.48
7.82
1.88
6.59
10.89
3.03
0
0.73
23.75
15.4
8.63
0.05
0
0.34
0.23
1.13
0.13
0
0.14
7.43
3.17
19.42
16.2
13.92
0.18
0
3.35
0.39
0.33
0.01
0
0.01
0.48
0.82
0.62
0
3.37
18.04
5.08
2.37
0
0.04
0.62
0.46
0.15
0
0
0
0
0
0
0
0.21
2.24
1.52
0.93
0.29
0
0
0
0
0.66
5.4
12.1
10.5
6.1
1.26
0.38
1.24
2.26
11.79
25.67
5.88
11.54
4.68
2.74
1.45
0.93
0
0
0
0
0.01
0
0.02
0
0
0
0
0
0
7.12
3.05
1.18
0.36
0.93
5.36
0.76
0
0
0.01
0.73
9.78
7.01
7.5
4.8
15.77
3.47
6.73
0.25
0
0.35
0
0
1.15
1.68
4.45
4.54
6
1.56
13.26
4.44
0.31
1.86
0.46
1.2
2.13
0.77
8.41
2.16
0
0
0
0
0
0.23
0
0.11
2.98
1.7
0.02
0
0
0.01
0.01
0.85
0.06
0
0.04
0.51
0.02
0
0
0
0.44
1.3
0.23
0
0
0
0
0
0
0
0
0
0
0
0
0
0
0
2.44
0
0
0
0
0.01
0
0
0.88
0.41
0
1.73
4.49
4.57
11.01
4.57
1.99
1.63
1.97
0.23
9.16
19.83
4.89
0.01
1.7
11.41
1.25
2.1
1.95
7.17
2.48
0
1.89
0.48
3.99
21.45
8.71
0.11
0.7
0.04
0
4.52
1.71
2.62
13.43
5.34
0.73
1.3
6.94
9.76
7.05
6.83
9.9
5.68
3.18
2.64
5.52
0
2.8
0.02
3.25
0
1.81
1.08
18.2
1.14
1.29
1.8
0
0
1.48
0
0.94
0
4.16
0.65
2.14
0
2.02
37.03
29.48
2.16
0.74
1.7
4.93
7.56
5.05
1.64
6.16
2.68
0
1.79
4.36
2.02
8.66
3.79
0.99
15.91
13.16
2.59
10.54
11.75
1.14
0.39
1.33
3.72
2.39
0
2.32
0
2.55
0
0
0.93
0
0
0
0.62
0
0
0.46
0
0
0
2.03
0
0
0
0
0
0
0
0
0
0
0
0
0
0
0
0
0
0
0
0
0
0
0
0
0
0
0
0
0
0
0
0
0
0
0
0
0
0
0
0.25
0.13
0
0
0
0
0
0.38
0.44
0
0
0
0
0
0
0
0
0
0
0
0
0
0
0
0
0
0
0
0.01
1.89
0.75
0.33
0
0.21
0.01
0.01
0
0
0
0.98
2.45
0.1
2.16
12.5
6.11
23.85
10.63
9.16
2.54
0.01
0
0
0
0
0
0
0
0
0.11
0
0.03
0.17
0.13
0.15
0
0.01
0
3.43
1.16
1.59
0.16
8.02
4.38
0.3
0.76
0
0
0
0.01
0
0.01
0
0
0
0
0.05
0.02
0
0
0.01
15.71
7.11
1.43
0
0
0
0.55
0
0
0
0
0
0
0
0
0
0
0
0
0
0
0
0
0
0
0
0
0
0
0
0
0
0
0
0
0
0.7
6.16
0
0
0
0
0
0
0
0
0
0
0
0
0.96
0.77
0
0
0
0.01
0
0
0
0.02
0
0.01
0
0
0.01
0
0.66
0
0.05
1.1
1.86
2.66
2.38
0
0
0
0
0
0.01
0
0
0
0.3
0.09
1.35
15.77
20.17
11.72
5.79
7.68
2.91
0.66
0.29
0
0.07
0
0.52
6.07
4.38
0.81
0
0
0
0.06
0.01
0
2.1
4.1
0
0
0
0.01
0
0
0
0
0
0.02
0.83
0.48
8.3
6.41
0.09
7.04
7.08
10.58
6.59
4.1
6.05
2.07
2.11
0.47
2.79
7.46
4.77
1.22
0.59
0.53
0
0.02
3.03
2.44
3.32
11.04
14.1
14.16
11.69
2.34
1.41
0.98
0.38
0
0
0
0
0
0
0
0
3.57
0.02
0
0.03
0.72
3.92
2.11
0.13
0
0
8.93
1.25
0
12.03
11.66
13.46
20.15
3.44
11.02
5.63
7.97
19.84
13.88
9.12
2.52
4.17
1.43
0.53
0
2.79
0.62
0
0.16
0.03
0
0.02
1.85
3.79
5.9
8.88
5.29
6.66
2.1
0.13
0.05
2.23
0
0
0
0
0
0
0
0.08
0
0
2.72
1.46
0
0
0
0
2.94
0.09
0.09
0
0
0
0
0
0
0.01
0
0.34
0.2
0.07
0.11
0
0
0.02
0
0
4.16
0.42
0.05
0
0.07
0.82
0.38
0
0
0
0.01
0
0
0.01
0
0
0
0
0.01
0
0.01
1.02
0.06
0
0
0.03
0.07
0.04
0.01
0
0
0
1.45
0
0.04
0
0.19
6.15
3.23
2.07
4.16
3.38
3.11
0.9
0
0.89
0
0
0
0.54
0
0
0.02
0.39
0
0
0
0
0
0
0
0
0
0
0
0
0
0.02
0
0
0
0
0
0
0
0
0
0.01
3.11
0.58
13.33
4.05
0.12
0
0.67
0.26
0
0
1.17
0.68
3.7
0
0
0.07
0
0
0.17
1.3
0.01
1.09
0.15
0.04
0
0
0.06
0
0
0.97
0.79
1.58
10.66
8.45
5.63
18.3
10.04
8.34
12.16
6.37
2.04
5.11
9.21
13.69
4.54
4.41
2.52
3.26
0.92
1.98
2.2
3.89
3.84
3.62
4.06
10.2
3.98
1.93
11.02
7.41
4.4
2.35
12.61
22.58
10.63
1.65
2.12
5.7
3.33
0
0
4.18
4.6
1.5
0.6
0.56
0
0
2.86
2.04
6.46
1.38
0.25
0.09
0.06
0.36
1.55
1.21
2.73
0
0
0.81
1.37
0
0
0
0
0
0
0
0
0.52
1.3
1.45
4.11
7.75
5.82
2.26
3.06
1.3
0
0.05
0.01
0
0.03
0
0
0
0
0
0.02
0.44
0
0
0
0
0
0
0
0
0
0
0
0
0
0
0
0
0.07
0.02
0
0
0.46
0.33
1.96
0.03
0
0.96
0.68
0.27
0
0
0
0.33
0
0
0
0
0
6.54
0.88
0
0
0.91
0
0
0.05
0.17
4.53
3.2
0.18
6.23
11.12
6.36
3.22
3.42
0.4
0
0
0
0
0.04
0
0
0
0
0.26
1.94
0.73
0.54
1.99
1.09
3.59
4.13
0.15
0
0.92
0.05
0.46
0
0.01
0.01
0
0.92
0.13
0.2
0
0
0.13
5.96
0
0
0
0.45
0.35
0.43
2.69
2.19
0.32
0
0.01
0
0.25
0.88
0.43
0
0
0
0
0
0
0.07
0
0
0.3
0
0
0
0.17
1.77
0.12
6.38
2.77
0
0.71
0
0
0
0
0
0.44
0
0
0.71
0.4
1.5
0
0
0
0
0
0
0
0
0
0
0
0
0
0
0.19
0.18
0
0.77
0
0
0
0
0
2.64
0.13
0.34
0.16
0.38
0
0
5.46
1.15
1.16
0
0.66
7.51
8.9
0
0
0
0.01
0
0
3.98
0
0.47
0.02
0
0
0
1.01
0.13
2.73
14.81
0
1.24
0
0.67
0.06
0
0
0
0.01
0
0
0
1.75
1
0.02
0
0
1.61
44.36
6.4
0
0
0
0
0.05
0
12.48
0.99
0
1.49
0.23
0
0
0
1.36
4.64
2.19
0
1.25
5.8
0
0.8
6.43
0.59
0
0
0
2.96
0
0
1.01
0
0
0.01
1.11
3.19
3.43
2.65
11.29
0
0.93
15.95
26.71
18
6.14
0.45
1.04
2.73
5.8
0.63
5.97
6.59
0
0.46
0.01
1.21
1.57
0.42
12.68
21.09
1.82
0.34
0
0.76
1.52
2.74
0
0
0
0.54
1.21
0.31
6.79
1.18
5.08
10.5
2.09
1.42
0.73
0
0
0.02
0.03
0
0
0
0
0.03
1.16
15.38
3.49
2.56
0
0
0
0
0.01
0.05
0
0.64
0
0.01
0
0
0
0
3.47
0.19
0.94
0.04
0.47
0.09
0.13
0
0
0
0.01
0
0.68
7.56
1.75
0.5
0.97
0.25
0.88
0
0
0.05
0.55
0.81
0.05
0
0
0.05
0
0
0.04
0
0
0
0
1.41
0
0.7
3.56
6.18
0.95
0
2.09
3.98
3.93
1.41
3.38
2.06
0
0.89
0.8
1.15
0.49
6.88
2.36
7.76
1.71
0
0.02
0
0
0.87
0.01
1.53
1.98
17.48
3.59
1.8
2.37
0
8.34
7.47
6.41
4.29
5.73
1.98
2.17
5.25
0.42
1.35
1.34
2.55
3.65
0.15
0.49
0
1.16
0
0
0.21
1.33
4.57
0.35
0
0.01
0.21
0.12
0
2.31
3.55
6.82
1.12
0.03
0
0
0
0
0.01
7.4
11.75
7.02
17.63
6.8
1.57
0
1.02
0.61
0
0
0
2.67
1.62
0.94
0.01
0.05
0
0
3.58
0
0
0.21
1.27
0
0.55
0.91
0.2
0
0
0
0
0
0
0
0
0
0
0
0
0
0
0
0
0.01
0
0
0.8
6.36
7.93
2.82
1.28
0
0
0
0
0
0
0
0.01
0.02
0
0
1.13
11.7
0
0
0
0.01
0
0
0
0
0.01
0
0
0
0
0
0
6.25
3.49
0.72
0
0
0
0
1.04
0
0
0
0
0.02
0
0
0
0
0
0
1.02
0.01
0
0
0
0
0
0.01
0.1
0
0
0
0
0
0
0
0
0
0
0
0
0.01
0
0
0
0
0.01
0.25
0
0.66
0
0
0
0
0.04
0.23
0
0.13
2.72
2.24
0.13
0
0
0
1.38
12.68
16.24
17.01
0.17
0.26
0.03
0.01
0.26
0.21
0.02
0
0
0
0.02
0.04
0
0.02
2.29
18.1
2.5
0
0.09
0.55
2.6
0
14.05
5.95
0.21
0.13
0.01
0
0.04
0
0.02
0
0
20.89
20.52
18.57
5.57
4.54
1.46
1.99
0
0
0
0
0
0
0
0
1.6
12.03
5.54
3.31
1.11
0
0
0
0
0
1.69
2.39
0
0
0
0
0
0
0
0.17
2.34
3.67
11.6
0
0.02
0
3.02
0.15
0.68
0
0
4.96
1.36
0
0.68
0.66
10.29
4.55
3.41
7.13
1.2
0.07
0
0
0
0
0
0
0.01
0.03
0.02
5.87
2.32
0.64
0.01
0
0
0
0
0
0
0
0
0
0
0
0
0
0
0.01
0.01
0
0.01
0
0.01
0.64
4.58
3.6
0
0
0
0.01
0.01
0
0.01
0.01
0.01
0.01
0.01
0
0.09
0
0
0.01
0.01
0.01
0.01
0.01
0.02
0.01
0
0
0
0
0
0
0
0
0
0
0
4.63
0
0
0.01
0
0.19
12.05
1.81
0.1
0
0
0
3.5
1.25
0.08
0
0
0.29
3.2
0.26
0
0
0
0
0
0
0
0
0
0
0
0
0
0
0
0
0
0
0
0
1.84
0.06
0.25
2.87
0.51
0.15
0.21
19.55
3.59
14.5
24.04
10.09
5.8
0.23
4.21
1.95
0.6
0
0
0
0
0
0
0
0
0
0
0
0
0
0
0
0
0
0
0
0
0
0
22.11
3.98
1.89
0
0
4.71
0.45
0.01
0
0
0
0
0
0.03
0.01
0.01
0
4.59
8.07
5.07
2.24
0.66
3.25
0.62
0
0
0.49
16.27
24.87
28.34
4.13
8.08
1.55
0.73
2.51
0
0.43
0
1.41
2.71
0.24
0.23
2.47
9.36
1.65
9.51
1.34
0.09
0.14
0
0
5.61
12.13
1.09
0.39
0
0
0
0
0
0
0
0
0
0
0
0
0
0
0
0.47
0
0
0.02
0
0.13
0.46
0
0
0
0.26
0
0
1.28
0
2.46
1.73
0.87
0.35
6.43
1.92
0.01
1.69
3.23
0
0
1.84
0.67
1.32
0.26
0
0
0
0
0
0
0.17
0
0
0.07
6.2
1.05
0
0
0.32
0
0.79
0.26
0.02
0.2
0.49
0
0
0
0
0
0
0
0
0
0
0
0
0
0.01
0
0
0
0.03
0
0.01
0
0.01
0
0
0
0
11.72
19.17
7.95
0
0
0
0
0
0
0.01
0.55
0
0
5.3
7.38
9.16
6.89
6.04
0
2.07
8.64
27.39
4.73
18.12
16.4
0.75
0.27
0
0.01
0.02
2.52
1.69
4.98
5.32
7.75
11.68
4.16
0.03
0.12
0
0
0
0
0
0
0
0
0
0
0
0
6.73
0
0
0
0
0
0
0
0
0
0
0
0
0
0
0
0.45
3.3
3.24
13.81
0.89
11.56
1.57
1.25
0
0
0
0
0
0.34
9.39
4.86
0.36
0.41
0
0.04
0.05
0.04
1.51
3.01
0
0.48
0
0
0.02
0
0
0
0
0.15
0
0
0
0
0
0
0
0.02
0.19
0.05
0
0
0
0
0
0
0
0
0
0
0
0
0
0
0.25
0
0.18
0.15
0.09
0
0.32
1.05
0
0.25
0.01
0.01
0.86
4.52
1.85
0.04
0.19
0
0
0
0
0
0
0
0
0
0
0
0.03
0.93
0.55
0.25
2.21
2.8
1.14
0
0
0
0
0
0
0.39
0.68
0.45
3.8
7.5
0.98
0
0
0
0.01
0.15
0.18
0
4.35
1.72
0
0.01
0
0
0
0
0.01
0
0
0
0
0
0
0
0
0
0.05
3.52
1.66
0.76
0.67
0.32
0.24
0
0
0
0.09
0.66
0.23
6.55
13.8
9.85
3.17
4.83
0.66
4.61
0.55
4.3
2.1
1.41
0.76
0.16
1.48
0.59
0.29
6.41
8.52
2.47
7.31
10.79
6.77
0.52
3.76
9.79
4.9
0.83
0
0
0.02
12.03
7.48
10
7.24
2.35
1.37
0.59
0
0
0
0
0
0.92
5.13
3.32
9.36
5.46
15.04
3.37
0
0
0.2
0.61
0.41
0
0.02
0.04
0
0.52
0.04
0.06
1.12
0.61
0.81
0
0
0
0
0
3.09
0.3
0.07
0
0
0
0
0
0.43
0.24
0.01
0
0
0
0
0
0
0
0
0
0
0
0
0
0
0
0
0
0
0
0
0
0
0.07
0.38
0.7
0.3
0.02
0.01
0
0.82
0
0.04
0.01
0
0
0
0
0
0
0
0
0
1.36
1.52
0.01
0
0
0.42
0
0
0
0
0.13
0.05
0
0
0.56
2.64
2.75
4.17
0
0
0
0
0
2.59
0.02
0.03
0.38
0
0.14
27.18
9.5
2.83
5.02
0
0.01
0
0.01
10.8
0.13
8.76
0.36
0.19
8.73
16.57
6.37
5.05
4.28
28.26
13.11
14.33
8.34
5.45
1.75
4.21
5.8
6.36
0
0.66
1.25
0
0.9
1.24
1.6
2.86
10.38
12.46
1.85
0.92
2.59
9.04
3.4
7.92
6.41
1
7.41
2.46
1.19
0
0
0.05
0
0
0
0
0
1.13
0.32
0
0
0
0
0
0.54
0
0
1.61
1.45
5.91
0.35
8.73
0
0.23
0.43
0
0.43
0
0.02
0
0.01
0
0
0
0.04
0
0.02
0.01
0.01
0.59
0.29
0.01
0
0
0.65
0
1.38
0.84
1.87
0.03
0
0.49
1.35
0
0.88
6.66
0.91
7.79
13.38
3.83
7.52
15.42
2.39
0.91
0.29
0
0.89
1.77
0.3
0.02
0.57
0
0
0
0.64
0.28
0
1.1
1.31
0
0
0
0
0
0.02
4.68
10.84
3.19
1.66
2.05
0.64
0
0.01
0
0
0
0
0.36
0.96
0.64
0.67
0.34
4.45
0.57
0
3.34
0.77
0.16
0.01
2.52
5.65
4.63
1.14
0.82
0
0
0
0
0
0
0
0
0.02
0.02
0
0
0
0.52
0.86
0.7
0
0.01
0
0
0
0
0
0
0
0.34
0.55
1.04
0
0.1
0.07
0
0.64
1.94
1.29
0
3.67
0.01
0
0
0
0
0
5.89
4.66
0.23
1.76
4.52
0.84
0.16
0.61
3.96
4.45
0.02
0.01
0
0.41
0
0
0
0.02
1.01
1.63
0
0
6.71
0.94
0.13
0
0.76
1.59
2.15
0.8
9.25
6.34
2.13
1.12
7.86
0.52
0
0.55
2.77
0
0
0
0
0
0
0
0
0.08
0.17
0
0
0
0
0
1.44
0
0
0
0
0
0
0
0.01
0
0
0.03
0
0
0
0
0
0.01
0
0.01
0
0
0
0
0
0
0
0
0
0
0
0
0
0
0
0
0.01
0.04
0.33
0
0
0
0
0
0
0.01
0
0.04
0
0
0.1
0.87
0.41
0
0
0
0
0
0
0
0
0
0
0
0
0.02
0.23
0.16
0.2
0
0
0
0.01
0
0.01
0
0
0
0
0
0
0
0.07
0.03
0
0
0
0
0
0
0
0.02
0
0
0
0
0.3
0.61
0.04
0.01
0
0
0
0
1.22
0.47
1.66
2.91
1.57
0.43
0.02
0
2.38
2.5
2.43
0.96
2.66
0
3.39
4.81
0.02
1.47
2.07
6.7
8.7
3.32
0.09
0
17.61
6.11
3.09
2.08
5.81
5.36
3.64
0.22
8.22
0.29
0.67
1.95
1.6
11.34
1.55
0
0
0.64
0.66
0.91
19.34
13.4
6.54
14.64
3.41
9.17
3.03
2.46
0.94
6.48
1.41
0.12
0
0
0.09
0
0
0
0
0
0
0
0
0
0
0.56
0.38
0
0.91
0.59
0.17
0
0.87
1.79
4.94
0
0.11
0
0
0.1
0.36
0
0.03
0.01
0.02
0.77
0.48
0.21
1.33
0.09
0.11
0.38
0
0
0.23
0.3
0.91
0
10.89
3.09
2.51
0.14
0.48
0.78
0
0
0
0
0
0
0
0.01
0
0
0
10.25
5.49
1.2
1.65
0.39
0
1.95
1.74
0.21
0.34
0.11
0.16
1.47
0
0
0
0
0
0
0.01
0
0
1.84
2.5
0
1.73
26.65
5.36
1.83
0.14
0
4.96
0.13
0.05
0
0
0
0
0.05
1.73
0.57
0
0.33
0
0.07
1.26
0.54
3.87
0.18
0.01
0.01
0
0.26
0.08
0
0
0
0
0
0
0
0
0
0.02
0
0.05
0
0
0.01
0.04
0.01
0
0
0
0
0
0
0
0
0
0
0
0
0
0
0
0
0
0.01
0
0
0
0.04
0.46
4.02
6.18
5.25
5.24
2.74
0.44
5.22
1.41
0.02
0
0.18
7.45
3.11
0.24
0
0.17
4.25
14.84
3.3
7.96
9.58
0.52
0.2
1.27
0.09
0.25
0.04
0.12
0
0
0
0
0
0
0.02
0
0
0
0
0
0
0
0
0
0
0.95
0.42
6.36
3.57
14.37
0.02
0.04
0
0
0
0.16
0
0
0
0
1.25
0
0
0
49.4
3.59
1.62
2.97
4.12
0
0
0.07
0.42
0
0
0
0
0
0.02
0.02
0.78
0
0
0
0
0
0
0
0
0
0
0
0
0.09
0
0
0
0
0
0.01
0
0.02
0.01
0
0.01
0
0.01
0
0.02
0
34.95
2.68
0.5
0
0
0
0
0
0
0.02
0.05
0.57
8.1
3.73
2.89
0
0
0
0
0
0
0
0
0
0
0.07
2.72
0.54
0
0
0
0.02
0.04
0.01
0
0.02
0
0
0
0
3.82
0.13
0.26
0
0.01
0.01
0
0
0
0
0
0
0.01
0
0
0
1.75
0
0
0
0
0
0
0.25
0.01
0
2.36
0.2
0
0
0.11
0.59
0
0
0
0.52
2.45
0
0
0
0.22
0
0
0
0.1
0
0
0.01
0.02
0
0
0
1.09
14.25
31.6
13.34
0.33
2.87
9.68
12.95
5.38
4.82
0.56
0
0.97
0.62
0.47
0.25
6.45
2.4
2.69
0.67
0
3.23
0.05
0
0.09
12.01
1.46
3.1
5.87
4.88
0.18
1.17
0.13
0.12
0
0
13.02
2.52
0.84
0
0.8
0.02
0.96
13.95
4.98
7.89
20.1
7.5
7.75
4.69
9.24
15.11
17.55
3.62
0.38
0.42
10.3
7.73
12.8
2.36
14.52
6.79
0.89
11.82
1.16
1.27
0
0
0
0
0.12
2.6
1.75
7.55
7.6
18.89
8.33
0.72
2
3.95
6.47
3.87
0
5.6
15.11
1.75
0
0.65
11.89
0.71
0.05
0
0
0
0
0.92
3.86
0.87
0
0
0
0.01
1.28
0.27
0.24
0.09
0
0.02
0.34
9.88
0.87
0.1
0
0
0
0
0
0.01
0
0
0
0.03
0
0
0.14
5.89
2.31
0.45
0.01
0
0.2
5.25
0.29
0
0
0.05
0.03
0
5.4
0.32
0
1.73
9.43
9.44
8.75
0.52
0.01
0.36
0.44
5.04
2.95
0.02
0
0
0
0
0.15
0
0
0
0.07
0
0
0
0.07
7.65
0.65
0
0.02
0
0.43
1.33
2.28
1.68
1.93
2.66
0.15
0
1.69
23.64
9
3.08
3.62
22.48
14.03
2.31
0
0
0.73
1.6
10.22
10.84
7.23
0.91
0
0
0
0
0
0
0
0
0
0
4.11
2.57
0.14
0
0.5
0.38
0
0.67
0
1.31
0
0
0.47
0
0.27
3.14
0.17
4.7
0.62
2.58
1.08
0
0.04
0
0
0
0
0
0
0
0
0
0
0
0
0
0.29
0.34
0.18
0
0
0
0
1.38
0.23
0
0
0
0
0.02
0.01
0
0
0.26
0.13
1.79
8.6
0
0
0
0
0
0
0.48
0.34
1.12
0
0.04
3.26
0.18
0
0
0
0.55
25.88
8.06
3.81
3.56
0
0.07
0
0.02
0.02
0.01
0
0
0
0
0
0.91
1.72
0
0
0
0
0.41
1.32
0.01
0.02
0.02
2.89
0
0.54
3.12
0.32
0.14
0
0
0.23
1.43
0.99
0.84
13.5
5.81
0
0
0
0
0
0
0
0
0.01
0
0
0
0
0
0
0
0
0
0
0
0
17.55
0.67
1.28
0
0.68
0.04
0
0.1
0
0
0
0
0
0
0
0
0
0
0
0
0
1.13
2.6
0.41
0
0
0
0
22.94
39.49
14.16
10.79
3.06
0
9.65
0.8
3.18
5.97
2.67
0.79
2.77
2.86
0
1.24
0.23
0.13
0.01
0
0.02
0.02
0
0
17.26
12.75
1.76
2.54
0
0.52
0.94
13.33
24.05
23.93
7.62
0
0
4.82
13.94
13.11
19.27
14.41
7.96
11.1
7.28
2.66
0
0
3.35
12.77
1.44
16.18
1.97
10.98
2.96
1.89
13.53
4.77
16.52
24.19
0
0
0
0.01
0
0
2.69
12.26
2.02
15.51
23
17.82
4.95
4.95
1.28
0
0.31
0.47
0
0
0
0
0
0
3.39
0.3
0.48
0
0
0
0
0
0
0
0.08
0.33
0.65
0.05
0
0
0
0
0
0
2.55
0.13
0.24
0
0
0
0
0
0.01
0.02
0
0
0
0
0
0
0
0
0
0
0
0
0
0
0
0
0
0
0
0
0
0
0
0
0
0
0
0
0
0
0.23
0
0
0.09
1.13
0.25
0
0
0
0
0
0
0
1.88
6.79
13.72
15.5
4.93
0.64
0.18
0
0
0.1
0
0
0.02
0
0
0.02
0.07
0.11
0
4
2.3
2.9
0.38
0.01
0
0
1.73
3.67
3.25
3.81
18.19
3
0.66
0.25
0
0
0
5.74
3.12
3.57
0
0
0
3.61
13.7
3.73
6.28
1.28
6.68
15.81
6.32
0
0
0
0
0
0
0
0
0
0
0.02
0.36
0
0
0
0
0
0
0
0
0
0
1.68
1.11
0.13
19.45
11.04
0.14
0
0
0
0
0.55
1.63
3.96
0
0
0.08
0.44
0.34
0.21
0.02
0
0
0
2.47
2.49
15.35
0.69
0
0.14
0.63
0
0.23
0
0
0
0
1.77
1.24
0
0.01
0.14
4.44
0
11.7
1.2
0
0.2
0
0
0
0.77
0.41
0
0
0.37
1.09
0
0.25
9.42
1.01
4.93
0.43
0
0
0
0.1
0
0
0
0
0.11
0
0.23
0.14
0
0
0
0.41
0.73
5.8
1.09
0.05
0.64
0.15
1.83
0.2
0.02
3.26
2.6
0.15
3.35
0
0.98
0.01
0
0
0
0
0.05
0.02
0.63
0.05
0.01
0
0
0
0
0
0
0
0
0
0
0.15
2.04
2.47
4.85
2.55
0
0.91
1.09
7.09
8.5
0.03
0
0
0
10.65
11.73
5.49
36.07
16.04
3.61
10
3.01
9.86
13.59
2.11
9.2
1.21
0.07
0.02
1.38
11.16
4.75
3.52
18.05
5.34
0.06
4.04
6.86
0.94
0.13
2.08
0.18
0.6
0.39
1.57
0.3
14.65
0.07
0
0
1.49
0
0.41
4.01
1.32
0
0
6.69
19.42
38.89
6.22
5.04
0.5
3.67
8.09
0.05
0
1.98
0.46
0.2
1.18
1.42
3.52
10.43
0
0.73
0.32
1.14
0.11
0.07
0.02
0
0
0
0.07
4.08
3.68
0.18
0
0
0
0
0
0
0
0
0.62
0.08
0.66
2.5
0.35
1.27
3.93
0.28
1.61
1.5
13.06
2.55
4.42
0.18
0
0
0.16
0.47
0
0
0
0
0
0
0
0
0
0
0.18
3.38
0.79
0
0
0
0
0
0
0
0
0
0
0
0
0
0
0
0
0
0
0.22
0
0
0
0
0
0
0
0
0.21
0.85
0.71
0.34
0
0
0.16
6.79
1.97
4.29
0
0.91
3.53
1.21
4.7
2.97
0.51
0.49
4.92
5.02
3.73
0.83
0.09
17.01
2.6
7.66
0.31
0.06
0
0
0.52
3.46
0.29
0.01
0.07
4.55
1.04
5.97
10.27
3.88
1.37
1.21
2.26
1.38
0.64
0.72
0
0.02
0
9.63
8.05
2.66
11.7
10.26
1.7
2.7
0.55
1.17
9.7
4.96
0.27
4.17
2.83
4.33
2.76
8.44
23.41
2.36
16.39
0.32
3.06
0.64
0.86
2.55
0
2.6
0.95
0.02
0
0
0
0
0
0
0.01
0
0
0
0
0
0
0
0
0
0
0
0
0
0
0
0.15
2.84
2.06
0
0
0
0
0
0
0
0
0
0
0.1
0
0
0
0
0
0
0
0
0
0
0
0
0.01
0
0
0
0
0
4
3.11
0
0
0
0
0
0
0
0
0.11
1.14
0
0.1
4.45
2.06
0
3.43
1.05
0.25
0.02
0
0
0
0.32
0.07
7.07
0
0
0
0
0.01
0.04
0
0
0
0
0
0
0
0.23
0.38
0.02
0
0
0
0.01
0
0
0.34
0.32
3.82
9.63
1.01
7.69
8.84
5.67
1.41
4.58
3.13
1.96
0.06
0.16
1.47
7.41
15.47
2.54
0.12
1.11
1.34
0.16
0.02
0
0
0
0
0
0
0
0
0
0
0
0
0.1
0.78
0.14
0
0
0
0
0
0.24
1.32
19.33
8.78
0.1
0
0
0
0.08
0.48
0.07
0
0.01
0.03
0
0
0
0
0
0
0
0
0.01
0.1
0.32
0
0
0
0.04
0.02
0.16
0
1.7
0
0
0
0.05
0
0.03
0.77
1.55
0.18
0
0
0
0.01
0
0
0
0
0.03
0
0
0.02
0
0
0
0.11
8.16
15.48
2.16
0
0.01
0
0
0.01
0
0.1
1.17
2.92
0.79
0
0
0
0
0.04
7.62
5.43
0
0
0.28
0.62
1.12
0
0
0
0
0
0
0
0
0
0
0
0
0
0
0.02
0
1.33
9.01
0.01
0.02
0
0
0.01
0
0
0
0
0
0
0
0
0
14.35
5.06
0.93
1.05
0
0
0.41
3.4
0.2
0
0
0
0
0
0.63
19.63
6.98
0.19
1.58
2.54
0
0
0
0
0
0
0.01
0
8.58
8.07
3.77
2.93
0.18
0
0
0
1.07
0
0
0.7
0
0
0
0
0
0
0.02
0.01
0
2.8
1.83
8.64
1.79
0
0
0.53
0.85
0
0.13
0
1.95
4.32
12.15
11.27
6.95
0.77
7.26
2.93
4.14
1.29
1.96
4.95
4.95
0.48
0
0
0
0
0
0.08
0
3.3
8.68
10.1
5.46
0.2
0
0
0
0.01
0
0
0.02
0
0
0
1.2
14.84
2.29
0
0
0
0
0.25
2.81
5.15
0.51
0
0.15
19.52
1.5
0
0.88
0
0.31
0.02
0
0
0.28
0
0
0
0.05
0.01
0
0
0.04
0.01
0
0
0.16
0
0
0
0
0
0
0.01
2.42
1.36
0
0
0.07
0
0
0
0
0
0
0
0.22
0.31
20.55
5.63
0.75
0
0.16
3.46
0
0
0
0
0
0
3.19
0.04
0
0
0
0
0
0
0
0
0
0.22
3.04
0.02
0
0
0.09
1.3
0.73
0
0
0
0
0.04
6.04
1.76
0
0
10.07
9.43
1.67
4.06
0.11
0
0
0.06
0.04
7.2
14.06
0
0.01
0
11.95
29.45
4.7
0.41
0
0
1.93
6.87
0.52
0
0
0
0.14
0
0
0
0
1.34
4.17
5.57
0.03
0
0
2.86
12.63
3.16
0.29
0.03
0.05
14.07
6.74
22.54
15.98
13.27
20.87
22.71
9
1.38
7.03
3.18
4.47
0.51
0.54
0
0.05
0.05
0
0
0
0
0
0.04
0
0
15.9
11.21
2.16
4.8
2.12
0.29
0.03
0
0.02
1.02
1.23
0.16
0
0
0
0
0
0
0.04
0
0
0.01
0.02
0.38
0.02
0.41
0.01
0
4.99
0.05
0.31
0.43
0.88
9.79
2.3
0.62
0
0
1
0.02
0
0
0
0.24
0.14
0.14
3.34
2.4
3.92
1.9
0
0
0
0.02
0
0
0
0.03
0.09
2.1
0.43
0
0
1.53
2.95
1.4
0
0.78
0
0
0
0
0
0
0
0.02
0
0
0
0
0
0.48
1.27
0
0
0
0
0
0
0
0
0
0
0
0
0
0
0
0
0
0
0
0
0
0
0
0
0
0
0
0
0
0
0
0
0
0
0
0
0
0
0
0.02
0
0
0
0
0
0
0
5.78
2.47
6.8
4.87
1.37
1.78
0.11
0.25
0.11
0.02
7.44
2.58
2.45
6.92
7.08
4.8
0.45
0
1.6
6.58
6.27
7.88
1.8
0
3
13.96
24.12
16.79
0.41
13.42
6.32
0.49
0.11
10.47
1.07
0
0.46
3.81
12.56
1.91
0.28
0.19
0.17
0.27
0.18
4.67
3.77
8.88
13.92
3.82
3.35
3.75
0.59
0
0
0
0
1.54
3.61
0.24
0
1.18
2.4
2.72
0.8
0.61
0.05
4.64
0.19
0
0
0
0
0
0.23
3.78
13.18
1.71
0
0
0.01
0.38
0
0
0
0
0
0
0
0
0
0
0
0
0
0
0
0
1.51
4.41
0
0
0
0
0
0
0
0
0.05
0
0
0.19
0
0.1
0.01
0
0
0
0.03
0.88
0.14
0
0
0
0
0
0
0.07
0
0
0
0
0
0
0
0.02
0
0
0
0
0
0
0
0
0.13
0
0
0
0
0
0
0
0
0
0
0
0
0.06
0
0
0
0
0.62
0.55
0
0
0
0
0
0
0
0
0
0.17
1.24
0
0
0.23
0
0
0
0
1.66
6.17
0
0
0
0.05
0
0.23
1.33
0.64
3.18
2.02
0.03
0.68
0
0
0
0
0
0
0
0
0.32
18.61
1.14
0.33
1.07
2.06
0
0
0
0.48
7.34
7.82
1.82
2.14
0.87
0
0.96
0
0
0
11.03
0.89
1.33
21.24
0.93
1.93
19.88
2.23
1
0.07
0
0
0
13.57
2.6
0.17
0
0.15
0
0
0
0
15.21
28.57
3.23
2.48
0
1.5
0
1.74
13.15
1.63
15.2
3.91
0.02
0
8.29
19.46
5.45
1.84
0.17
0
0
0.08
0.34
6.03
0
0.01
0.67
0
0.01
0
2.9
8.54
12.27
10.84
11.78
14.87
6.44
8.04
13.18
5.33
0
8.83
1.71
5.84
3.93
13.72
3.81
0.45
0.77
5.59
3.9
8.48
0.18
1.05
1.2
2.82
5.86
1.51
11.36
1.4
0
0
1.1
6.85
8.16
6.72
25.64
6.02
4.73
1.24
0
0
0
0
0
1.34
1.74
1.81
7.44
10.86
1.97
0.15
0
0
0
0
0.22
0
0
0
0.01
0
0
0.02
0
1.75
1.84
1.27
1.18
0.19
26.05
28.9
11.77
18.79
2.63
0
14.45
6.77
0.11
1.5
0.62
2.39
0
0
0
5.15
0.55
0
0
0.02
0
0
0.1
0.81
1.33
6.24
1.36
1.52
1.86
0.85
0
0
0
0
0
0
0
0
0
0
0
0
0
0
0
0.08
1.66
13.62
6.45
0.11
0
0
0
0
0.05
0
0
0.98
0.09
2.2
0.23
3.84
5.09
1.97
3.59
0.27
0
0
0.31
4.83
2.15
0
0
0
1.14
1.94
0.02
0.37
16.27
8.07
10.07
5.61
3.84
0.76
0.74
0
0
0.01
0
0
0
0.01
0
0.01
0
0
0
0
0
0.01
7.55
4.19
0.08
0.03
0
0
0
0
0
0
0
0
0
0
0
0
0
0
0
0
0
0
0
1.95
1.88
0
0
0.84
0
1.48
1.37
0
0.07
0.75
0
0
1.66
0.01
0
0.04
0.01
0
0
0
0
0
0
0
0.01
0.04
1.23
0
0
0
0
0
0.01
0
0
0
0
0
0
0.31
0
13.52
0.5
1.71
2.85
0
0
0
0
0
0
0
0
0
0
0
0
0
0
0
0
0.02
4.14
1.7
0
0.34
0
0
0
0
0
0
0
0
0
0
0.05
0
1.46
6.31
19.6
9.49
11.14
2.46
0.26
0.79
0.15
13.1
1.12
0
0
0
0
0
0
10.43
1.3
7.72
0.5
0
0.08
10.02
1.37
0
0
1.37
9.41
16.6
25.4
6.74
0.55
2.65
0.07
0
0
0
0.03
0
0
0
0
0
0
0
0
0.13
0
0
0
0
0
0
0
0.51
0.8
1.41
0
0.05
0
0
0
0
0
0
0
0
0
0.01
0
0
0
0
0
0
0
0
0
0
0
0
0.02
0
0
0
0
0
0
0.02
0
0
0
0.45
1.6
3.46
0.23
0
0
0
0.01
0
2.74
4.36
2.62
7.68
6.94
0
0.01
0
0
0
0.48
0
0.02
0.47
1.41
0.08
1.09
0.27
0.37
0
0
0
2.43
1.39
14.13
1.32
0
0.01
0
0.01
0
0
0
0.02
0.07
0.18
0
9.75
0.02
0.63
0
0
0
0
0
0
0
0
0
0
0
0
0
0
0
0
0
0
0
0.53
5.91
4.18
0.58
13.26
4.8
2.85
0.15
0.04
0.01
0
0
0
1.25
10.59
10.47
18.24
9.52
2.26
0.41
0
0
0
0
0
0
0
0.02
0
0.28
0.04
0
0.24
0.15
3.81
2.21
0
10.84
9.27
5.55
0.52
0
11.68
10.55
4.28
0
0
0
0
0
0.23
0
0
0
0
0
0
0
0
0
0
0
0
0.28
2.63
0.24
6.88
7.48
6.48
14.3
23.19
2.73
1.7
2.55
0
0
0
0
0.02
0.05
0.01
0
0
0
1.53
0.01
0
0
0
0
0
0
0
0
0.01
0.11
5.39
6.77
11.27
5.61
6.12
0.74
0
0
0
0
0
0
0
0
0.01
0
0.03
0
0
0
0
0
0
0
0.01
0
0
8.77
0.81
0
0
0
0
0
0
0.09
0
0.04
0
0.02
0
0
0
0
0
0
0
0.01
0
0.26
2.66
0.01
0.01
0
0
0
0
0.27
0
0.01
0
0
0
0
0
0.02
0.05
0.71
4.59
0.62
0.06
0.34
1.19
4.75
0
0.66
4.38
0.01
0
1.48
0.06
5.6
9.25
0
11.28
3.15
0
0
0.14
0
6.38
1.93
0
0
0
0.01
0.02
0.58
0.15
0
0
0
0
0.14
1.7
5.64
8.8
3.28
0.01
7.43
3.38
6.29
0.57
0
0
0.02
0
0.03
0
0.03
4.39
1
0
0
0
0
1.12
14.17
16.43
14.4
1.57
0
0
0
0.1
5.53
0.24
0
0
11.32
10.83
1.34
0.02
0
0
0
0.02
0.07
2.82
2.54
0
0
0.11
0.04
0
0
0.16
0.02
0
0
0
0.14
0.63
12.53
7.05
4.55
8.17
3.37
3.79
12.75
6.36
8.28
12.07
3.68
6.8
0.55
0.02
3.38
2.03
3.29
0.3
3.23
0.62
0
0.16
0.34
0.52
0
0
9.34
12.29
5.06
0.99
4.32
0.88
0.06
3.77
4.69
5.78
4.27
0.68
0
0
0.09
1.8
1.67
5.92
11.23
0.01
0
3.33
2.26
2.19
8.53
3.54
3.81
14.38
2.95
11.25
3.32
6.5
0.01
0.08
0.01
0
0
0
0
0.06
6.41
5.42
10.14
3.25
9.9
0.48
0
0
0
0
0
1.22
0.73
1.17
0.18
0
0
0
0.04
0
0
0
0
0
0
0.01
0
0
0
0
0
5.97
11.42
3.75
0.31
1.95
0
8.52
20.5
14.12
3.16
0.2
0
0
0
0.13
2.01
0.41
0
0
0
0
0
0
0
0.4
0.07
0
0.01
0
0
0
0
0
1.06
0.56
0.2
6.7
18.06
4.59
13.5
26.84
4.59
0.05
0.01
0
0
0
0
0
0.01
0.02
1.67
1.29
1.96
10.14
8.29
1.3
0.49
0
0.56
10.37
1.58
0.22
0.63
0.27
0
0.52
1.8
0
0
0
0.9
0
0
0
5.07
0.23
12.29
3.8
7.49
1.28
0
0.47
0.02
0.01
0.1
0.75
20.62
0.76
0
0
0
0
0
0
0.03
0
0
0
0
0
0
6.77
11.2
2.7
0.86
6.34
2.53
0
1.31
0.04
0
0
0
0
0
0
3.89
0
0.57
0
0
0
0
0.02
4.18
0.19
0
0.01
0
0
0.06
0
0
0
0
0
0
0.03
0
0
0
0
0.1
1.8
0
0
0.07
0
0
0
0
0
0.01
0
0
0
0
0
0
0
0.02
0
0
0
0
0
0
0
0
0
0
0.78
0.17
0
0
0.01
0.03
0.32
0.02
0
0.42
0
0
2.03
4.38
4.16
0.02
0.02
0
0.01
0
0
0
0.05
0
0.19
3.34
14.39
2.46
5.91
0
0
0
0
0
0
0
0
0
0
0.01
0
0
0.02
0
0.51
0
0.02
0.02
1.13
0.47
4.71
2.07
18.08
7.62
6.59
1.05
0
0
0
0
0
0
0.02
1.13
2.53
17.78
8.27
1.91
14.36
7.4
28.49
12.3
2.25
4.64
0.07
0
0
15.41
5.81
4.2
10.98
1.34
13.91
17.72
1.23
0
0
0
0.39
0
0
11.11
1.04
0.55
0
0
0.01
0.11
10.94
5.96
0.62
0
0
0.02
0
4.25
6.04
0
0
8.93
0.88
0
2.05
5.98
4.25
0.53
0.35
0
0.73
5.96
1.75
1.02
1.97
0.08
0
0
0
0
0.05
0
0.82
3.13
0
0
0
0
0.04
0.02
0
0
3.67
0.25
2.14
0.62
0.1
0
0.09
0
0
0
0
0.01
0.14
0.04
0
0.01
0.2
0.04
0.41
0.3
0
0.23
0
0
0.53
0
0.16
0
0
0.39
6.83
4.19
0.39
0.26
2.32
5.53
0.56
0
0.02
0
0.03
0.05
0.04
0.02
0
0
0
0
0.02
0
0
0
0
0
0.3
4.25
5.18
6.25
4.86
15.55
14.89
2.68
1.27
1.61
0.39
0
0
0
0
0
0.4
0
0
2.21
1.49
0.48
9.68
2.91
0
0
0
0.04
1.2
0
0
0
0
0.38
0.17
0.02
2.14
8.12
4.68
5.46
10.31
2.83
15.05
2.66
0
0
0
0
0
0
0.01
0
0
0
0
0
18.65
11.79
1.93
3.07
0
0.08
3.06
3.03
0
0
0
0.02
2.89
24.35
6.73
3.55
11.53
23.81
1.68
4.43
12.12
1.34
0.36
0
3.16
4.05
1.45
0.5
0
0.03
0.01
0
0.98
0.03
0
0
0
6.51
3.74
3.71
3.57
3.31
1.59
0.73
0
0
0
0.01
0.01
0
0
0
4.48
1.19
0
1.53
0.2
2.34
7.73
0
0.02
0
0
0
0.27
0.3
0
0
0
0
0
0.04
0.01
0.27
0.06
0
0
0
0
0
0.01
0.39
15.13
0.54
0.02
0
0
0
0
0
0
0.33
4.82
0.92
0.01
0
0
0
0.01
0
0
0
0
0.09
9.11
0
0
0
3.08
1.24
0.09
2.12
0
0
0
1.34
3.31
0.44
0.11
0
0
0
0
0.05
1.14
0.5
0.27
0
0
0
0.01
0
0
0
0
0
0
0
0
0.09
9.29
14.82
3.39
4.55
2.87
0
0
0
0
0
0
0
0
0
0
0
0
0.02
0
0
0
0
0
0
0
0
0
0
0
0
0
0
0
0.05
0.43
0.16
0.09
0.03
0.09
0.91
0.29
0
0.01
0
0
0.66
4.87
6.88
6.38
5.23
1.87
0
0.09
17.27
5.03
23.2
11.27
5.17
3.63
2.73
1.89
1.23
1.61
13.96
4.98
0
0.05
0.19
0
0
0
0
0
0
0
0
0.05
0
0
0
0.04
0
0
0
0
0
0
2.09
3.68
0
11.84
3.63
5.84
0.48
1.96
0
0
0.03
0.21
0.3
0.01
0.1
0.02
0.22
0.82
0.41
0
0
0
0
0
0
0
0
0.04
0.08
0.44
0
0
0
0
0
0
0
0
0
0.07
0
0.02
0
0
0
0
0
0
0
0
0
0
0
0
0
0
0
0.92
2.88
0.14
0.04
0
0
0
0
0
0
0
0.03
0.87
4.45
0.2
0.57
0
0
0
0
0.04
0
0.17
0.09
0.02
0
0
0.8
1.89
9.29
2.63
2.3
0
0.01
0
0
0
0.01
0
0.01
0
0
0
0
0
0
0
0
0
0
1.68
0.23
0
0
0
0
2.24
0.43
6.74
1.46
0.35
7.5
0.65
2.03
0
0
0
0.61
9.36
4.61
2.32
0.16
0.08
0.02
0.05
0
0
0
0
0
0.78
0.3
0
0
0
0
0.31
0
0
0.03
1.31
0
0
0.01
0
0
0
0
0
0.01
0
0.01
0
0
0
0.48
0
0.84
1.83
11.71
1.44
0
4.5
1.47
0
0
0
0
0
0
0
0
0
0
0.41
1.2
2.55
9.45
2.42
0.54
0
0
0
0
0
0
0
0.34
0
0.28
0
0
0
0.02
0.01
0
0
3.48
2.71
3.29
7.49
2.84
0
0
12.57
1.2
0
0
0
0
0.09
0.14
0
0
1.7
0
0
0
0
0
0
0
0
0
0
0
0
0
0
0.02
0
0
0.03
0
0
0
0
0
0
0
0
0
0
0
0
0
0.01
0
0.65
0.04
0.01
0
0
0
0.89
0.28
0
0
0
0
0
0
0
0
0
0
0
0
0
0.02
0
0
0
0.02
0.88
5.07
9.44
3.66
0.89
0
0
0
0
0.01
0
1.7
0.03
0.04
0
0
0
0
0.13
0
0
0.02
0
0
0
0
0
0
0
0
0
0
0
0
0
0.41
2.41
3.34
3.83
1.47
0.04
0
9
5.56
0.66
3.23
2.76
11.28
0.32
1.54
0
0
1.03
21.27
1.34
7.2
2.88
0
0
0.28
0.4
0
0
0
3.29
1.27
0.2
0.53
13.37
13.58
23.23
6.81
0.87
0
0
0
0
0
0.03
0.18
0.01
2.73
0
0.13
0.01
0
0
18.8
19.59
0.87
1.18
0.17
0.11
0
0
0
0
0
0
0
0
0
0
0
0
0.01
0
0
0
0
0
0
15.41
5.26
0
1.95
0
0.55
0
0.09
0
0.2
0.91
2.63
2.95
2.18
8.51
0
0.01
0.04
0
1.98
1.88
3.94
0.21
0.8
0.23
0
0.02
0
0
0
0
0.16
0
0.01
0
0.23
0
0
0
0.19
0
0
0
0
0
0
0
0
0
0
0
0.54
0
0.63
5.32
3.26
3.18
3.68
2.02
7.02
3.35
16.43
6.33
0.28
0.8
0
0
2.18
14.53
0.82
0.58
0
0.11
0.3
0.02
0.02
0
0
0
0
0.02
3.47
7.39
5.63
3.98
1.83
4.24
7.3
0.27
0.05
0
0.14
0
0.06
0
0
0
0
0
0.84
3.68
5.98
3.34
0
0
0
0
0
0
13.3
2.95
1.17
4.37
0.66
0.59
0.17
10.5
2.09
1.86
0
0
0
0
0
0
0
0
0.28
2.52
5.39
2.95
0.95
0.19
0
0
0
0.46
1.63
0.33
0.13
0.02
0
0
0
0
0
0
0
0
0
0
0.01
0.05
0
1.15
0
0
0
0
0.01
0
0
0
0
1.73
8.41
5.88
0.01
0.09
0
0
22.7
3.3
0
0.2
1.88
0.63
0.48
0.17
4.8
5
0.26
0
1.44
2.04
0
0
0
0
0
0
0
0
0
0.02
0
0
0
0.69
1.55
3.57
1.49
0.72
0.73
6.1
3.21
0.88
0.34
0
0.02
0
0
0
0
0
0
0
0
0
0
0
0
0
0
0
0
0
0
0
0
0
0
0
0
5.08
0
0.18
0
0
0
0
0.02
0
0
0
0
0
0
0
0
0
0
0
1.75
1.4
6.5
1.04
1.85
0.32
0
7.04
12.96
10.64
0.52
0
0
0
0.02
0
35.73
6.67
0
2.42
0.12
0
0
0.02
0
0
0
2.54
0.59
0.75
0
0.09
0
0
0
0
2.55
0
0
0
0
1.55
16.43
12.36
14.25
22.2
3.52
7.47
10.93
1.27
2.85
0.1
0
0
0
0
0.01
0.09
14.03
13.65
1.91
0.09
0.93
3.11
0.18
0.03
0
0
0
0
0
7.35
15.96
0
0
0
0
0.26
0.13
3.11
3.07
4.79
0.46
0.17
0.41
0.02
0
0
0
1.63
2.41
17.23
3.63
15.63
0.63
0
0
0
0
0
0
0
0
0
0
0
0
0
0
0
0.06
0
0
0
0
0.01
0
0
0.03
0.03
0
0
0
0
0
0
0
0.01
0.04
0
0.01
0
0.35
0
0
0
0.23
0
0
4.45
1.36
3.13
3.65
5.46
0.02
0
0.8
0.8
0
0
5.96
3.82
3.45
0.91
0
4.7
15.23
8
7.09
4.21
1.1
0.58
2.24
0
5.96
1.18
1.51
0.05
6.37
1.76
0.38
2.92
1.19
6.9
0.77
0.01
0
0
0
0
0
0
6.49
4.32
0.23
0
0
0
0
0
0.02
0
0.4
0
0
0.21
1.31
0.15
0
0
0.1
0.08
3.76
12.31
4.66
0.55
3.23
6.64
7.36
2.74
3.59
0.84
1.13
5.93
7.29
3.16
2.27
1.32
5.81
10.44
2.68
1.01
0
2.13
1.14
0
0
0.1
0
0.09
0.01
0.04
3.73
14.62
7.09
7.39
3.27
7.09
1.45
6.93
7.72
0.45
0.8
0
0
0
0
0.04
0
0.16
2.11
0.1
0
0
0
0.09
16.68
19.13
3.27
1.75
3.67
2.65
2.7
2.34
0
0.08
0
0
0
0
0
0
0.28
0.54
0
0
0
0
0.03
0
0.02
0
7.43
6.06
17.68
4.36
0.13
0
0
0
0
0.01
0.03
0
0
0
0
0
0
0
0
0
0
0
0
0.9
0
0
0
0
0
0
0
0
0
0
0
0
0
0
0
0
0
0
0
0
0
0
0
0
0
0
0
0
1.95
1.67
0.09
0.01
0
0
0
2.25
0
0
0
0
0.02
0
0.02
0
0
0
0.68
0.87
0.04
0.01
0
0
0
0
0
0
0
0.08
0
0
0
0
0
0.02
0
0
3.21
0.77
4.71
2.63
0
0.02
0.08
0
0
3.18
0.18
1.64
0.82
0
0.23
0
3.5
1.26
0.48
1.19
3.32
1.38
12.01
3.79
0.16
0
0
0.01
0
0
0.03
0
0.02
0
0.63
0
0
0.01
0
0
0.03
8.05
0
0
0
0
0
0.04
0
0
0
0.05
0
0
0
0
0
0
0
0
0
0
0
0
0
0
0
0
13.16
19.59
0.4
2.77
0.06
0.18
0
0
0
0
0
0
0.67
0.05
0
0
0
0
0
0.03
0.15
0.08
0
0
0
0
0
0
1.63
0.99
0.63
0
0.37
0.84
0
0
0
0.02
0
0
0
0
0
3.25
9.52
5.03
0.52
0.41
0.64
1.16
0
0
0.64
11.02
1.05
2.88
1.2
5.02
0.66
0
0
0
0.5
0
0
0
0
0
0
0
0
0
0
0
2.48
1.11
11.16
0.62
0
0
0
0
0
0
0
0
0
0.45
0
0
0.95
1.77
18.29
4.39
0.39
0
0.04
3.9
1.18
0.34
3.07
2.09
0
0.04
0
0
0
0
0
0
0
0.05
0.67
0.2
0
0
0
0
0
1.14
0.18
0.02
0.43
1.04
7.91
0.26
1.06
0
2.19
0.27
0
0
3.49
0.71
0
0.01
0
0
0
0
19.01
17.35
7.13
16.15
7.13
0
1.18
0.21
0
12.53
21.43
11.39
22.09
8.59
3.47
0
1.39
0.08
0
0
0
0
0
0
0
0
0
0
0.6
0.23
1.17
5.91
12.62
11.36
1.52
6.19
10.13
2.52
5.32
3.69
5.22
3.32
2.25
0
3.75
0.76
12.2
4.3
5.29
0.68
1.68
3.21
1.48
1.7
12.64
6.24
5.82
2.2
0.4
4.55
0.18
0.6
6.22
12.41
9.81
0.58
0
0
0.38
0.85
5.05
0.26
0
0
0
0.01
0
11.74
2.05
0.45
0.04
0
0
0.12
0.38
0
0
0
0
0
0.03
0
0
0
0
0
2.71
0.36
0.59
0
0
0
0
0
0
0.01
0
0
0
0
0
0
0
0
0
0
0
0
0
0
0
0
0
0
0.01
0
0
0
0
0
0
0
0
0
0
0
0
0.45
0.42
0
0
3.52
1.32
1.02
0
0
0
0
0
0
0
1.61
2.17
0.81
0.22
0
14.41
1.87
0.01
0
0
0
0
0
0.02
0.01
0
1.93
4.37
3.41
0.52
0.67
1.52
0.36
0.11
0
0
0
0
0
0
0
0
2.11
0.04
0
0
12.45
6.47
0
0.77
0.05
0.05
0.41
6.14
0
1.98
11.88
9.61
4.65
3.25
0
0.03
8.18
13.85
2.39
7.79
28.11
10.47
5.52
0.39
0.07
0.13
0.04
2.31
1.27
0
0.01
0
0.13
0
0
0
0
0
0.27
0
0
0
0
0
2.99
0
0
0.63
9.15
4.01
1.28
4.33
1.92
2.35
3.37
1.52
4.52
19.93
6.04
1.65
0.45
0.29
1.42
10.23
1.24
1.34
0.3
0.24
0
0
0.5
0
0
0
0
0.01
0
0
0.1
0
0.02
0.01
1.31
2.23
6.32
1.16
0.01
0.41
0.54
1.96
3.77
0.65
0.63
0.02
1.58
0
0.02
0.14
0.02
2.75
7.25
3.53
3.71
15.06
4.73
0.98
4.08
1.26
0
2.16
2.19
1.24
4.17
4.61
8.78
4.23
7.44
9.53
5.58
1.21
0.3
3.2
0
0
0
0
0
0
0
0
0
0
0
0
0
0
0
0.01
0
0.09
1.12
3.68
1.58
1.63
10.05
3.18
2.31
0
0.57
0.42
0
0
0
0
0
0
0
0
0
0
0
0
0
0
0.05
0
0
0
13.5
0.53
0.99
0.5
0
0
0
0.65
0.05
5.77
1.98
0
1.63
16.88
6.27
1.27
0
5.52
5.5
6.14
2.21
9.46
2.41
1.8
1.84
0
0
0
0
0.59
0
0
0
1.81
0.16
0
0.01
0.5
0
0
0
0
6.84
1.81
0
0
0
0.03
0
0
0
0.64
0
1.3
0
0
0
2.91
0
0.01
0
0.49
0.12
1.79
0
0
0
0
0
0
5.49
0.97
1.13
0
0
0
0
1.47
1.09
0.68
0.81
0
0.12
1.2
0
0
0
0
0
0.09
0
0
0
0
0
0
0
0
0
0
0
0
0
0.13
0
0
0
0
0
0
0
0
0
0
0
0.16
0
0
0.02
0
0
0
0
0
0
0
0
0
0
0
0.01
0.84
0
6.56
0
2.53
1.08
1.02
0.63
1.82
0.01
0
0
0
0
0
0
0
0
0
0
0
0
0.22
0.01
0
0.08
0
0
0
0
3.32
0.2
4.64
0.73
0
0.02
0
0.99
0.8
0.34
0
0
15.16
2.48
0.38
0.01
0
0.02
0
0
0
0.02
0
0.98
0.73
1.39
1.9
0
0.57
0.71
0
0.95
1.53
0.76
0
0
0
0
0
0
0.02
0
0
0
0.18
11.71
15.16
2.11
0
0.02
0
0
0.01
0
0
0
0
0.26
0
0.01
0
0.18
0
1.09
0.64
0.11
0
0
0
0
0.54
0.16
0
0
0.01
0
0
0.98
0.12
0.01
0
0.41
2.47
0.1
3.7
7.85
2.2
1.36
11.73
3.92
0
0.38
0.95
3.1
0.49
0.26
0
0
1.75
4.84
2.67
0
6.76
3.81
0.19
0
3.64
16.33
25.28
29.31
13.5
18.47
10.59
5.08
15.36
22.33
16.26
7.45
5.3
0
5.85
8.58
2.66
1.02
8.07
0.33
0.05
3.79
1.11
12.6
15.04
2.99
0.48
3.15
2.13
0.79
2.85
0.17
0.2
0.35
0
0
0.88
0.13
0
0
0
0
1.7
0.23
0.03
0.53
7.16
2.73
0
0.09
13.58
2.65
0.01
0
0.01
0.05
0.27
7.04
13.29
5.29
1.91
0.46
0.33
10.29
11.37
10.45
3.38
9.44
5.02
1.13
3.84
0.22
3.83
4.82
0.36
14.2
4.37
8.24
1.17
0
0.04
0
0
0
0
0
0
0
0.06
0.65
0
6.75
0.97
1.46
21.45
11.18
0.16
0
1.75
5.61
0.5
1.53
0.07
0.29
3.81
0.25
0
0.68
3.92
0.37
0
0
0.05
3.21
7.55
6.71
8.27
5.07
11.02
4.53
2.46
0.02
2.15
2.78
1.23
0
1.41
0
0
0.01
0.07
2.66
1.78
1.59
2.96
0.09
1.46
0.32
6.66
9.01
6.9
10.47
3.95
12.59
2.89
2.31
0.45
0
0
0
0
0.01
0
0
1.62
0
0
0
0
0.75
0
0
0
0
0.24
0.11
0
0
0
0
3.73
20.1
10.89
10.49
8.02
4.29
4.31
2.5
0.63
1.68
3
0.26
0
0
0
0.03
1.04
10.14
3.9
4.55
1.25
3.26
0.01
0.05
9.01
7.66
0.23
0
0
0.04
0
0
0
0.91
0
0
0
0
0
0
0
0
0.01
0
0
0
0.02
0
0
0.05
0
0
0
0
0
0.04
0.01
0
0
0
0
6.3
1.65
3.02
0
0
0
0
0
0
0
0
1.8
0.18
0
0
0
0
0
0
0
0
0
0
0
21.52
5.01
0.33
0
0.01
0.05
0.55
0
0
0
0
0.63
0
0.02
0
7.27
9.25
1.85
0
2.14
0.36
0
3.17
0
0
0
0
0
0
0
0
0.07
4.51
0.51
0.05
0
0.44
2.8
24.1
10.85
2.21
1.02
0
0
0.01
0
0
0
0
0
0
0
0
0
0
0
0
0.2
2.4
14.09
6.87
1.14
0.14
0
0
0
0
1.34
17.76
3.23
0.3
0.18
1.2
0.07
7.55
1.35
1.1
2.29
0
2.74
3.95
4.56
0.28
0
0
0
0
0.03
0.15
2.91
5.88
4.05
4.9
0.25
0.03
4.63
9.43
6.28
5.56
0
0
0.06
0.11
1.24
0.77
0
0.27
0.42
0.72
1.23
6.32
19.12
10.82
2.47
0
0
0
0
0
0.57
3.27
2.91
0.12
0
0
1.31
2.66
1.27
0.21
10.41
4.55
4.2
0.88
0
0.01
0
0.02
0
0
0
5.52
1.61
0
0
0
0
0
0.12
2.86
10.53
4.57
2.58
0.21
0.01
0
0
0
0
0
0
0
0
0
0
0.13
2.66
4.59
7.8
11.72
5.58
0.85
8.52
2.86
0.49
0.14
0
0
0
0
0.02
0.42
0
0
3.06
3.09
0.05
0.82
0.01
0.35
0.89
0.01
7.65
2.16
1.58
6.59
9.73
15.42
5.27
0
0.2
0
1.77
0.25
2.47
0.95
2.29
5.73
5.13
0.07
0
0
0
0
0
7.27
1.13
0
0
0
0
0.11
0
0.06
0.01
0.02
0
0
0
0
0
0.71
0.06
19.66
6.12
1.14
0.36
0
0
0
0.72
6.58
2.64
2.56
4.13
2.73
0.5
5.68
1.4
16.92
2.36
0
0
0
1.91
1.45
6.66
2.27
0
0.03
1.14
0.94
0
0.24
1.13
0.66
0.2
0
1.8
2.16
3
20
11.53
0.57
0
0
0
3.47
3.11
10.22
15.54
0.64
0.43
0.1
0
0
0.01
0
0
0
0
0
0
0.09
0.45
0
0.02
0.01
0.04
0
0.35
0.03
0.04
0.46
0.11
0.66
0.32
0.07
0
0
0
0
0
0
0
0.86
0
0.01
0
0
0
0
0.01
0
0
0
0
0
0
0
0
0.01
0.44
0.21
0.01
0.11
0.13
0
0
0.01
0
0
0
0
0
0
11.24
1.02
0
0
0
1.41
0
0
0
0.02
0
0
0
0
0
0
0
0.02
0
0
0.07
0.43
0.37
0
0
0
0
0
0
0
0
0
0
0
0
0.02
0.01
0
0
0
0.02
0
0
0
0
0
0
0
0
0
0
0
0
0
0
0
0
0
0
0
0
0
0
0
0
0
0
0
0
0
0
0
3.65
13.48
1.31
8.41
16.43
3.34
0
0
0.08
0.02
10.45
19.51
18.82
13.59
4.3
1.8
0.05
0.21
0.18
0.2
0
0.24
4.84
2
0
1.14
0.43
0.17
1
0
3.54
0.08
0
0
0
0
0
0
0.05
1.87
4.03
0
0.17
0
0.79
0
0
0
0.45
0
0.25
1.01
0.29
0.14
2.31
0.5
0
0
0.07
0
0
0
0
0
0
0
0
0
0
0.31
0.76
0.7
0
0
0.03
0
0
0.03
0
0
0
0
0
0.9
3.1
2.16
0.32
0
0
0.02
0
0
0
0
0
0
0.11
0
0
0
0
0
0
0
0.02
2
0.27
0.04
0
0
0
0
0
0
0.64
0.13
0
0
0
0
0
0
0
0
0
0
0
0
0
0
0.01
2.09
0
0.17
0
0
0
0
0
0
0
0
0
0
0
0.08
0
0
0.07
2.09
1.3
0
0
0.09
0
0
0.01
0
0
0
0
0
6.78
7.19
9.69
10.41
4.05
0.54
0
0.44
0.94
1.67
6.8
3
5.1
0.84
0
0.68
3.05
3.93
1.29
0.33
0.02
0
0
0
0.53
7
11.05
13.61
7.38
2.58
0
2.88
6.49
0.64
0.07
0.05
0.08
0
0
0
0.77
1.38
1.28
0
0
0
0.01
7.19
3.55
0.2
0
0
0
0
0.01
0
0
0.01
0
0
0
2.77
0.3
0
0
0
0
0.55
0
0
0
0
0
0
0
0
0
7.39
7.43
0.62
0
0
0
0
0
0
0
0.01
0
0
0
0
0
0
0
0
0
0
0
0
0
0
0
0
0
0
0
0
0.02
0
0
0
0
0
2.34
0.98
0.21
0.02
0.02
0
0
0
0
0
0.01
0
0
0.04
0
0
0
0
0
0
0
0
0
0
0.05
0
0
0
0.01
0
0
0
0.02
0
0
0.02
0.02
0
0
0
0
0
0
0.47
0.47
0.41
0
0.02
0
0
0
0
0
0
0
0
0
0
0
0
5.74
0.43
2.78
5.09
3.31
22.24
0
0.02
0.01
0
0
0
0
0
0
0
0
0
7.05
2.77
0
5.83
0.25
0
1.13
5.43
16.42
13.51
12.39
0.59
0.09
7.38
8.96
8.37
2.33
0.11
0
11.92
0.54
0.57
5.93
20.73
12.52
0
0
0.61
23.18
5.92
8.85
1.25
0
0.17
0
0.01
0
4.81
0
0
0
0.79
0
0
0.01
0.8
8.2
0.5
0
0
0
0
0
0
0
0
0.04
0.19
0.01
0.03
0
0
0.04
1.1
10.34
0.71
2.87
0.43
0
0.12
0.18
0.27
0
0
0
7.23
0.01
0
0.02
0.97
0.15
1.55
0.59
0
0
0
0
0
0.1
0.03
0.18
0.14
0.41
4.95
2.81
0.13
0.4
8.73
4.3
12.13
11.05
4.55
0.72
11.66
7.9
0
0.32
0.07
6.16
0
0.03
0.01
0
5.19
1.38
0.01
0
0.73
0.12
0
0
0.13
7.02
0.25
0
0
0
0
0.27
1.94
0.46
1.76
0.09
8.9
10.28
1.2
0.21
0
0
0
1.81
0.55
0.02
0.17
4.39
4.13
5.03
13.75
17.54
6.2
2.85
5.09
2.83
1.21
0.04
0
4.26
10.84
0.57
10.16
0.32
0
2.79
3.24
4.83
15.28
24.56
7.07
4.56
15.48
0.77
11.27
0.56
0.61
5.21
9.83
1.9
0.02
4.19
0.96
0.08
0
0.11
0
0
0
0
0
0
0
0
0
0
0
0
0
0.38
9.48
4.74
9.25
0.61
3.76
0.82
0
0.5
0
0
0
0.06
0
0.36
0
0.2
0.2
0.2
1.38
4.73
3.64
8.95
7.72
3.32
0.92
0
0
0.01
0
0
4.16
2.81
1.07
6.66
0.44
0
0
0
0
0.01
1.1
0.11
1.09
0.47
1.14
0
0.01
0
0.28
0.02
0
0
0.39
1.16
0.89
0.12
0.69
0.02
0
0
0
0
0
0
0
0
0
0.06
0
0
0.01
0
0
0.01
2.48
1.93
3.49
0
0.03
0
0
0.01
0
0
0.19
1.11
9.98
0
0
0
0.01
0
0.01
0.01
0
0
0
0
0
0
0
0
0.09
1.36
0
0
0
0.18
2.74
0.59
0
0.86
1.58
0
0.02
0
0
0
0
0
0
0.02
0
3.8
15.21
1.7
0
0
0
0
0.04
0.02
9.11
0.65
1.93
0
0
0.03
0
0
0
0
0.01
0
0
0
0
0
0
0
0
0
0
0
1.25
13.93
1.41
2.27
0.39
3.82
3.79
6.26
0.22
0
0
0
0
0
0.01
0
0
0
0
0
0
0
5.56
0
0
19.38
0
0.78
2.03
0.05
0.04
0.02
0
0
0
0
0.03
0.8
2.96
0.02
0
0.04
1.73
0.04
0
0
0
0.03
0.02
0
1.62
11.41
6.16
1.47
0
0.42
0
0
0
0
0
0.77
0.59
0.01
0.25
0
0
0
0
0
0
0.06
0
0
0
0
0
2.12
0
0.02
0
0.04
6.03
13.86
0.1
0
0
0.98
26.98
9.75
0.06
6.85
0.39
0
0.05
0.73
7.86
14.82
15.11
11.43
1.92
0.3
0
0.03
0
0.14
0
4.91
5.07
4.09
5.11
1.73
3.39
6.1
1.85
1.36
4.88
4.22
0
0
0
0
0
6.86
6.09
3.92
2.63
0
0.52
1.66
16.2
1.7
8.2
5.93
6.67
18.18
1.86
11.32
3.73
2.67
0.73
2.06
0.38
1.26
0.1
0
2.48
0.3
0
0
1.93
0.05
0.82
1.03
0.5
13.35
4.47
0.16
0.12
0.22
0
0
0
0
0
0
0.01
0.1
0
0
0
0
0
0.35
3.07
2
2.75
0.11
1.05
4.1
2.02
0
0
0
0.39
0.07
0.81
8.41
5.28
1.87
0.09
0
0
0
0.02
0
0
3.94
0
0
1.21
0
0
0
2.26
3.02
10.89
0
0.05
8.28
0.76
0.72
0.3
0
0
0
0
0
0
0
0
0
0
0
0.43
0
0
0
0
0
0
0
0
0.01
3.23
1.75
7.34
0.62
2.39
8.74
1.39
0.03
0.8
2.93
0
0
0.9
0
0
0
0
0
1.03
0
0.03
0.12
2.79
7.98
0.98
0.2
0
0.01
0
0.05
0
0.02
0
0.01
0.32
2.95
13.9
0.09
3.05
0
0
0
0
0
15.58
23.17
0.01
0
3.83
0.16
0
0
0
0
0
0
0
0
0
0
0
0.09
0
0.01
0
0
0
0
0
0
0
0
0
0
0.02
0
0
0
0
0.01
0
0.01
0
0
0
0.02
0
0
0.03
0
0
0.11
0
0
0
0
0
0
0
0
0
0
0
4.09
0.38
0.1
0
0
0
0
0
0
0.12
0
0
0
0
0
1.25
0.21
0.23
2.15
1.37
0.84
0
18.54
9.07
1.51
7.43
0
0.02
1.27
8.31
0.56
0.44
1.27
0.28
0
0
0
0
0
7.98
14.88
19.85
8.94
9.85
6.44
1.97
1.4
0
0
0
0.01
0
0
0.01
0.01
0
0
0
0
0.02
0
0
0
0
1.43
18.95
8.05
1.56
0.38
2.46
8.06
0
7.71
13.47
0.23
12.75
8.1
2.99
0.23
0.24
0
0
0.02
0
0
0.02
0
11.12
3.43
4.27
25.94
7.97
0
2.22
0.34
0.53
0.02
0
1.94
0.26
0
0
0
0
0
10.02
8.07
0.54
0.79
0.06
0.01
0.02
0
0
0
0
0
0
0.09
1.32
2.39
0.07
0
0
0
0
0
0
0
0
0
0
0
0
0
0
0
0.14
12.63
0.14
0
1.78
0.86
0
1.57
1.67
0.38
0
0
0.02
0
0.39
1.76
19.91
1.39
0
8.46
7.77
1.57
4
0.14
0
0
0
0.1
4.69
2.13
0
2.41
0.69
0.05
0.03
0
0.36
2.71
1.86
0
1.28
0.11
0.06
0.04
0
0
0
0.02
0.09
0
0
0
0
0
0
0
0
0
0.01
0.01
0
0.01
2.15
11.09
1.1
3.34
4.54
6.45
11.68
0
0
0.01
0
0
0
0.04
0.01
0
0
0
0
0.18
0.11
0
0.58
2.98
0.36
2.54
0.58
0.11
0
1.05
3.75
0.26
0.06
0
0
0
0
0
0
3.48
19.36
0.96
0.11
0
0
0
0.01
0.03
0.02
0
0
0
0
0
0
0
0
0
0
0.01
0
0
0
0
0
0
0
0
0
0
0
0
0.02
0.14
0.19
0
0
0.02
1.93
1.6
0
0
0.05
0
1.76
7.76
18.07
1.69
0.86
0.32
1.96
0.25
0
0
0
0.02
0.1
2.27
0.47
2.41
0.02
0
0
0
0
0.05
0.04
0
0
0.2
0
0
0
0
0
0
0
0
0
0
0
0
0.2
0.54
0
0
0
1.36
1.13
0
0
0
0
0
0
0
5.06
0.14
0
5.38
0.01
0
0.45
0.95
2.12
0.18
0
0
0
0.05
0.01
0
0.14
0
0.02
0.02
0
14.63
0.22
0.06
0.27
0
0
0.26
0
0
6.45
7.83
2.74
0.13
0
2.05
0.93
0
4.27
0.06
0
0
0
0.02
0.04
0
0.05
11.23
0
0
0
0
0
0
0
0
0
0.04
0
1.71
3.03
0.88
0
0.26
0.24
3.39
4.02
2.61
0.05
0
0
0.28
0.81
2.6
2.74
0
0.02
0
5.48
4.59
0.31
0.87
0.08
0.01
0
0.6
0
1.58
3.11
1.36
0
0.04
0.02
7.02
20.24
3.25
0.28
0.03
0
0
0
0
0
0
0
0
0
0
0.02
0
0
0
0.44
3.08
0.05
0
0.68
0.21
0
0.27
0
0
0
0
0
0
0
0
0
0
0
0
0
0
0
0.51
0.04
0
0
0
0
0
0
0
0
0
0
0
0
0
1.73
0.5
1.23
1.41
8.18
0.05
17.22
25.57
0.82
3.15
1.49
5.82
4.6
16.97
1.21
0
0.34
5.49
0.08
0.02
0
0.34
0.07
0.02
0.27
0.07
0
0
0
0.02
0
2.05
0.33
0.12
0
0
0
0
0
0
11.5
1.61
0.11
3.48
8.8
4.39
32.25
17.4
7.78
0.44
0
1.43
2.66
0.31
0
0.06
0.01
0
4.25
0.3
17.66
7.93
1.4
0.38
0
0
0
3.88
1.15
2.27
5.23
0.52
3.23
0
0
0
0.08
0.11
0
0
0
13.61
11.6
4.17
8.59
0
0
0
0.03
1.95
0.12
0.12
0.02
0.59
0.51
0.02
0
3.4
35.84
0
0.28
0.11
0.02
0.05
8.59
6.93
13.21
1.54
0
0.21
7.21
0
0
6.54
6.87
0.98
1.34
5.74
0.21
0
0
0
0
3.46
0.31
0
0
0
0
0.83
7.46
14.83
16.17
7.62
10.51
4.54
4.42
5.73
0
0
0
0
0
0
0
0.74
2.55
1.48
0
0
0
0
0.45
1.9
0.89
0
0
0
2.16
1.21
0
0
0
0
0.68
0
0
0
0
0.1
2.66
1.73
0
0.02
0
0
0
0
0
0
0
0.77
0
0
14.15
0.1
0
0
0
0
1.04
5.78
1.35
0
0
0
0.01
0
0
0
0
0
0
0.01
0
0.19
0.01
0
0
0
0
0
0
0
0
0
0
0
0
0
0
0
0
0.02
0.03
1.34
0.04
0
0
0
0
0.35
0.04
0
0
0.04
0
0
0
0
0
0
0.08
0.01
0
0.01
0
0.23
0
0
0
0
0
0
0
0.02
0
0
0
0.15
12.33
11.1
0
0
0
0
0
0
0
0.01
0
0.02
0.12
0
0
0
0
0
0.02
0
0
0
0
0
0
0.01
0.04
0
1.54
9.73
4.2
0.25
0
0
3.58
0.51
4.08
7.6
5.3
10.09
11.54
6.31
0
0.01
0
0
0
0
0
0
0
2.01
11.62
21.56
1.8
0
2.8
0.16
0
0
0.07
0
0
0
0
0
0.01
0.8
27.67
5.21
9.2
8.63
1.68
2.99
5.4
0.91
0
0.12
0
0
0.04
2.19
2.75
0.09
0.16
0.05
0
0
0
0.06
0.2
0
0
0.19
0.76
0.04
0
0
0
0.12
0.09
0.03
0
0.03
0.01
0
0
0
0
0
0.02
0.01
0
0.01
0
0
0
0
0.52
0.39
0.02
0.01
0
0
0
0.24
0.02
0
0
0
0.14
0
0
0.03
0.01
1.62
9.01
0.65
2.37
1.94
0.06
4.2
7.45
14.27
9.7
2.05
0
1.1
0.25
0
0.23
0.96
3.59
2.11
0.13
0
0
0
0.02
0
0
0
0
1.55
0.15
0.03
0
0.03
0.01
1.24
0
13.41
0.76
0
0.04
1.24
0
0
0
0
3.57
1.56
0
0
0
0
0
0.01
0.01
0
6.2
2.3
1.01
7.52
4.48
2.91
0.03
0.01
0
0.65
0
0
0
0
0
0
0
0
0
0
0
0
0
0
0
0
0
0.01
0.25
0.31
0
0
0.23
1.82
3.84
0.1
1.5
0.77
2.45
6
0.37
0
0.05
1.02
3.21
0.16
0.8
0
0
11.51
9.31
2.88
0
0
0
0
1.86
13.45
0.29
0
0.01
0
0
0
0
0
0
0.07
1.05
1.91
0.28
2.95
9.38
0.76
19.5
0
0
1.07
0
0
0
0
0
0
0.05
7.59
2
0.48
0
13.8
0.2
0
0
0
0
6.94
0.12
1.74
6.34
0
0
0
0
0
0
1.8
3.57
12.45
0.21
0.05
0
0
0
0
0
0.01
0
0
0
0
0
0
0
0.06
0
0
0
0
0
0
0
0
0.01
0.39
0.02
0
0
0
0
0
0
0
0
0
0
0
0
0
0
0
0
0
0
0.02
0
0
0
1.68
2.8
11.81
7.5
0
0
0.05
0
0
0
0
0.05
0.01
0.34
0.53
0
0
0
0.01
0
0
1.88
0
0
0
0
0.59
10.86
0
0
0
0
0
0
0
0
0
0.01
0.47
0
0
0
0
0
0
0
0
0
0
0.01
0.33
0.82
4.77
15.5
0
0.04
1.34
0
0
0
0
0
0
0
0
0
0
0
0
0.17
4.16
0.17
0
0.09
0
0
0
0
0
0
0
0
0
0.02
0.04
0
0
0
0
0.08
0.04
0
0
0
4.36
0.06
0
0.14
0.05
0
0
0
0
0.01
1.36
0.27
17.08
5.14
0.27
0.17
2.73
4.2
0
0
0.01
0
0
0
0.01
0.01
0
2.92
11.39
0.58
0
3.04
0.16
1.22
0.38
0.06
0.12
0
4.62
15.59
4.51
2.26
1.59
2.68
0.34
0
4.21
0.7
0
0
0.01
0
0
0
0
0.05
0
0.03
13.2
7.04
0
0.14
0.02
0
0.01
0.84
0.31
5.26
5.27
4.47
1.34
1.63
0.8
2.33
0.19
2.43
0.72
0.38
0.01
0.02
0
0
0
0.74
0
0.02
0
0
0
0
0
19.95
19.23
16.79
11.91
9.07
8.97
3.21
3.82
1.15
2.56
12.39
17.52
6.34
2.32
1.25
27.11
2.66
4.03
14.56
0.58
9.23
0.13
0.06
0.12
11.79
0.8
1.16
0.13
0.07
0
1.62
4.44
0.45
0.06
1.07
1.41
3.05
0.18
11.42
8.87
9.56
13.1
20.9
16.64
9.96
1.99
0
8.39
0.88
0.02
0.48
0
0
0
0.06
0.19
0
0.03
0
0.13
2.63
7.5
0.85
0.08
0
0
0
1.34
1.83
1.23
1.95
0
0.07
0.04
0
0
0
0
0.32
3.92
2.21
7.18
5.91
6.98
4.19
0
0.18
1.3
0.09
6.2
4.34
14.79
6.75
0.83
6.27
22.74
2.56
0.13
6.84
3.64
0.41
3.99
9.05
0.78
0
0.35
0
0
0
0
0
0
0
0.02
0
0
0
0
0.35
2.02
2.94
3.71
0.7
5.78
0
0
0
0.02
0
0.01
0
0
0
0
0.29
0
0
0
0.2
0.43
0
0
0
0.18
0.7
0.64
0
0
0
0
0
0
0
0
0
0
0
0
0
0.01
0.1
0
0.56
0
0
0.06
10.59
0
0.01
4.09
5.82
0
0.08
0.07
0
1.15
2.28
4.22
0.31
0.87
0
0
0.67
0.05
1.1
0
0
3.16
0
0.03
0.05
0.13
10.52
0
0
1.41
14.73
1.54
0.13
0.03
1.94
0.43
7.77
0
0.02
0
0
0
0
0
0.15
0.03
0
0
0
0
0
0.01
0
0
0.01
0
0
0
0
0.61
0.69
0.02
1.1
3.71
0.05
0
0.56
21.89
8.11
0.69
1.23
0.07
0
0
0.07
3.76
5.55
0
2.84
9.49
17.47
0.75
0.26
0.03
5.97
13.2
1.46
1.11
6.76
0.7
3.23
1.77
0.11
0.1
0.09
2.03
0.77
0.4
2.62
5.98
11.5
5.49
2.37
3.36
1.7
10.84
4.71
0
0.05
3.68
0.3
0
0
0
0
0
0
0
0.05
0.01
0.01
0
6.27
13.71
0.3
2.37
4.02
0.33
2.3
0.1
0
0.01
0
0.01
0
0
0
0
0
0
0
0
0
0
0
0
0
0
0
0
0
0
0
0
0
0
0
0
0
0
11.41
0.39
0
0.66
0.47
0.12
0.02
0
0
0.17
2.14
8.03
11.59
6.7
0
0.02
0
0
0
0
0
0
0
0.04
0
0
0
0
0
0
0
0
0
0
0
0.01
0
0
0
0
0
0.01
0
0
0.02
0.88
11.22
0.01
1.9
0
0
0
0
0
0
0
0
0
0
0
0
0
0.02
0.01
0
0
0
0
0
0
0
7.69
6.48
4.68
0
2.19
11.89
8.3
2.97
6.7
3.52
2.88
0
0
0
0
0
0
7.75
24.34
14.72
3.22
1.12
1
7.78
25.78
2.61
0.36
0.03
0
0
0.27
0
0.27
0.05
0
0
0
0.04
0
0.89
0.67
0
0
0
0
0
0.42
0.67
0.03
0
0
0
0
0
0
0
0
0
0
0
0
0
0.13
0
0
0.08
0.46
0.41
0.59
0
0
0.02
0.03
0.08
0
0
0
0
0
0
0.01
0
0
0
0
0
0.02
0
0.06
0
0
0
3.38
2.39
0.14
0
0
0
0.01
3.31
1.06
0
0.06
0.2
0.1
0
0.03
1.22
0.31
0
0
0
0
0
0
0
1.94
0.7
0
0
0
0
0
0
0
0
0
0
0
0
0
0.07
0
0
0
0
0
0
0
0
0
0.66
0
6.09
3.16
0
0
0
2.45
1.66
0
1.95
3.24
0.16
0.69
0.42
0.02
0
0
0
0.07
0
0
0.12
0.19
0
1.38
3.84
21.22
2.33
4.59
0.15
3.74
3.11
0.66
1.49
0.06
0.02
0
0.06
0
0
0
0.25
0
0
0
0
0
0
0
0
0
0
0
0.7
0
6.12
0.28
0.38
0.84
2
12.19
4.62
0.34
6.5
5.66
0.33
0
0
0
0
0.08
0.13
0
2.5
3.16
3
7.19
2.53
1.61
0
0.06
0.88
0.53
2.3
7.75
7.16
7.91
1.02
0.17
4.2
0
0.25
2.43
1.97
14.12
3.19
1.72
0.38
2.81
0.7
2.8
3.64
7.28
0.27
0
0.88
1
0
0.02
0.16
2.2
0.24
0.11
0.44
8.5
0.12
0.05
0.88
0
2.08
0.88
35.94
23.12
12.89
3.9
0.12
0
0.03
0
0
0
0.02
0
0
0
0
0
0
0
0
0
0
0
0.3
0
0
0
0.01
0.01
0
0.06
4.75
0.38
0
3.81
1.5
1.97
1.75
7.66
0
0.59
2.03
0.09
1.21
2.2
0.14
0.22
0
0
0
0
0
0.64
0
0.05
0
0.03
0
0
0.02
0.02
0
0
0
0
0
0
0
0
0
0
0
0
0.52
20.72
3.01
1.67
0.05
3.59
0.84
0
0
0
0
0
0
0
0
30.55
20.75
2.44
0.01
0.01
0
4.56
3
2.12
0.72
1.57
1.41
0.56
0.04
1.18
7.27
23.12
4.66
0.2
0
0
0.27
8.19
3.94
1.13
5.57
3.41
0.96
0.09
0
4.19
7.72
2.52
6.2
13.08
3.66
0.78
4.88
0
0.18
1.99
10.95
3.62
2.48
0.07
0.01
0
0.02
0
0
0.1
0
0
0.02
2.5
1.17
1.88
0.32
20.38
1.98
6.05
11.23
0
0
0
0
0
0
0
0.06
0
3.27
5.52
0.77
0
0
0
1.32
0.02
0.07
9.75
10.39
0.54
0
6.33
0
0
0
0.42
1.41
0.06
0
0
0.26
0
0
0.01
0
0
0
0.02
0.7
0.78
0
0.01
0
0
0
0
0
0
0
0
0
0.03
0.81
16.52
0.19
0.36
1.97
0.06
0
0.01
0
0
0
0
0
0.17
0.11
0.01
0
0
0
0
0
0
0.31
0
0
0
0
0
0
0
0.1
0.19
0
1.29
29.8
0
0
0
0
0
0
0
0
0
0.1
0
0.01
0
0
0
0
0
0
0
0
0
0
0
0
0
0.03
0
0
0
0
0
0
0
0.12
0
0.1
4.08
11.62
0.36
1
0
0.14
4.41
7.3
0
0.14
0
0
0
0.01
0.31
21.62
0.09
0.75
0
0
0
0
0
0
0
0
0
0
0
0.02
0
0
0.62
5.94
2.62
0.77
3.62
0.03
8.78
0.05
0.14
0.04
0
0
0
0
0.07
3.3
0
8
12.55
5.19
0.52
0.08
0.59
0
0
0.01
1.25
0.42
0
0.01
0.03
0
0
0.04
0.02
0
0
0.06
0.16
0.66
0.3
0.02
0
0.01
0.93
3.31
3.33
0
5.64
9.28
1.22
4.34
9.47
6.2
0.06
0.51
2.19
1
0.17
0.02
0.03
5.35
0.16
0.16
0.03
0.2
1.23
0.18
0.02
6.11
1.77
0.38
0
4.23
3.06
1.2
1.12
0.62
0.22
0.28
1.81
18.03
5.77
1.56
0.06
0.09
0.01
0.01
0.01
0
0
0
0
8.81
12.94
2.02
17.94
1.67
10.98
1.52
0.42
1.91
3.89
3.45
0.91
0.2
0.28
0.14
0.03
10.72
11.47
16.05
15.28
27.31
0.53
3.56
2.84
0.03
0
0
0
0
0
0
0
11.98
1.16
0
0
0
0
0
0.01
2.45
0
0
2.3
0.12
0.16
9.88
6.8
0.15
0.03
0.02
0
0
0
0
0
0
0
3.72
0.11
0
0
0
0
0
0
0
0
0
0
0
0.38
3.82
1.21
0
0
0
0
2.9
3.62
12.69
7.5
0
1.22
5.42
2.49
0.02
0
0.06
0.43
8.3
8.52
5.34
2.07
7.38
1.05
7.53
2.47
16.52
3.94
0.58
2.32
2.07
2.04
0.47
0.17
0
0
1.7
8.97
0.25
0.3
0.05
0
0.05
0
0
0
0
0
0.01
0
0
4.97
0.23
0
0
0.82
0.08
0.84
0.5
5.81
8.52
1.87
5.14
10.48
9.67
0.15
0
0
0
0
23.25
1.64
0.02
6
0
5.42
0.94
6.73
1.12
1.06
0.06
0
0
0
0
0.12
0
0
0
0
0
0
0
0
0
2.59
0.16
0
0
0
0.06
0
0
0
0
0
0
0
0
0.03
0
0
0
0
1.7
0.02
0
0
0
0
6.31
0
0.22
0
0
0
0
0
0
0
0
1.55
0.01
0
3.34
0
0.01
0
3.12
0
0
0
0.08
4.8
1.75
0.16
0
0
0.01
1.89
0.22
19.53
36.25
0.75
0
0
0
0
0
0
0.81
0
0
0.03
6.22
38.28
4.59
0.73
0
0
0.01
0.05
0.66
0
0
15.33
0
0
0
0.01
0
0
0
0
9.8
0.11
0.01
0
0
0
0
0
0
0
0
0
0
0.36
0.09
0
0
0
0
0.03
0
0
0
0
0
0
52.88
15.28
45.03
1.88
11.44
0.34
0.06
0.02
0
0
0
0
0
0
0
0
0
0
0
0
0
0.12
0.62
5.44
19
0.28
2.88
1.94
0.62
3.36
0
0.03
0.45
4.53
0.81
0.09
0.83
1.19
0.02
8.95
0
0
0
0.05
0
0
0.02
0
0
0
0
0
0.02
0
0.02
1.94
4.38
5.81
14.38
0.97
0.03
0.03
0
0
0
0
0
8.19
3.37
0.28
0
0
0.06
0.03
0
0
0
0
0
0
0
0
0
0
0
0
0
0
0
0
0
0
0
0
0
0
0
0
0
0
0
0
0
0
0
0.07
0.83
3.33
0.65
0
0
0
0.27
2.24
0.02
0
0
0
0.4
0.79
0.38
0
0
0.02
0
8.48
0.32
0
1.2
3.89
0.27
0
0.72
23.28
15.88
4.16
2.34
0.48
0
0.03
0.03
1.05
0.81
2.69
1.12
0.47
1.19
2.03
0.81
0.47
0.1
2.16
9.36
0.81
0.25
0.12
0
0
0.02
0.01
0
0
0.77
0
2.23
2.53
0.44
0.05
0
0
0
0
11
3.41
0
17.88
3.14
1.79
0
5.92
4.7
3.39
0.28
2.87
2.05
2.88
0.47
0
0
0
0
0
0
0
0
0
0
5.27
0.41
0
0
0
0
0
0
0.05
0
1.5
0.41
0
0
0
0
0
0
0
1.61
0.54
0
0
0
0
0
0
0
0
0
0
0
3.87
0.44
0.21
0.36
0
0
1.91
0.12
0
0.02
0
0
1.17
0
0
0.02
0
0
0.06
0
0.08
1.52
0
0
0
0
1.16
0
0
0
0.1
0
0
0
0
0.07
0
0
0
0.02
0
0
0
0
0
5.05
1.7
0.36
0.16
0
0.34
0
0
0
0
0
0
0
0
1.55
0
0
0
6.03
0.19
0
0
0
0
0
0.39
0.81
0.03
2.56
0.45
0.89
0
0
0
0
0
0
0
0
0.11
0.02
0
0
1.23
3.03
10.45
0.64
0
0.17
0
1.67
11.66
12.83
0.48
0
0
0
7.38
0.57
0.23
0
2.84
0.19
0
0
0
0
0
0
0.09
0.13
0
14.27
2.23
0.8
0
0
0
1.34
0.02
0.33
8.06
6.91
1.94
0
5.56
0.23
0
0
0
0
0.02
0.66
2.87
0.4
0.12
1.82
0.32
0
0
0
2.16
4.95
1.16
0
0.31
0
2.42
5.36
5.42
5.64
7.62
0.23
2.75
8.84
10
3.86
7.1
0.89
0.02
6.16
0.31
0
0
0
0
0.55
4.14
1.62
0.95
2.06
13.75
17.12
10.53
5.59
29.62
31.41
12.78
5.39
2.75
3.44
1.45
0
6.12
0.36
0.75
0.09
0.03
0
0
0
0
0.61
0.07
0
