19510101
22.75
7.02
1.19
0.02
0.01
0
0.01
0
10.14
2.09
2.05
4.63
5.29
0.48
0
0.02
0
1.07
0.02
0
0
0.15
2.07
6.77
5.98
5.82
9.91
8.84
0.03
0.04
0
0.01
0
2.71
24.44
0.3
10.54
0.34
5.3
7.23
12.52
9.21
8.74
1.02
6.88
2.45
0
1.81
3.3
0.17
6.4
0.34
4.88
12.95
0
0
0
0
0.02
0.05
0.2
1.11
0.48
3.59
1.85
4.12
0.8
4.41
28.98
1.36
23.27
11.66
7.47
3.34
2.77
2.8
0.42
0
0
0
0
0
0
0
0
0
0.39
0.01
0.06
0.01
0
0
0
0
0.02
0
0
0
0
7.76
0.01
0
0
0
0
0
3.19
1.75
1.35
2.98
0.05
0.54
4.23
0.63
13.95
3.57
9.44
1.88
3.12
33.38
4
3.13
0
1.21
4.9
5.67
4
2.04
0.32
0.48
0.69
0
0
0
0
0
0
2.27
0.84
0.45
0.04
0
0
0.02
0.05
6.59
0
0.22
7.36
4.98
0
0
0
10.93
5.65
6.75
0
7.42
0
0
0
0.02
0
0
0
4.83
0.92
1.73
0
0.27
0
0
0.09
0.01
0
0.01
1.21
0
0.01
0.03
0.86
5.42
0.09
0
1.2
0
0.78
3.51
1.29
0.05
0
0
0
0
0.01
0.05
0.02
0
0
0
0
0
0
0
0
0
0
0.75
0.44
0
14.14
10.73
8.24
7.66
0
0
0
0
0
0
0
0
0
0
0
0
0
0
0
0
0
0
0
0
2.47
7.8
0
0
0
0
0
0
0.02
0
0
0
0
0
5.11
6.41
2.34
1.8
1.06
22
11.3
0.71
0
0
0
0.02
0
0
0
0
7.06
31.7
0.24
0
0.01
0
0.01
0
0.04
9.16
20.63
0.08
0.03
0
0
0.02
0.27
4.07
0
0.38
4.05
0.21
1.37
0
0.02
0
0.07
0.28
0.32
0.82
0.02
0.01
0.07
0.02
0.03
1.98
1.21
1.09
6.18
0.05
0
0.09
0
0.16
4.75
16.7
15.48
17.59
24.41
8.92
4.5
8.48
2.96
0.23
0.72
0.04
3
23.36
8.77
1.18
0
0
0.02
0.01
0
0
0.15
0
0.05
0.09
0
0
1.08
1.59
0
0.44
0
0
0
0
0
2.2
0.17
0
0.34
0.07
0
0
0
3.95
2.3
0
1.25
0.23
3.01
0.63
4.03
0.59
0
0
0
0
0.01
0
0
0
1.5
0
0.01
0
0
0
3
0.39
0
0
1.05
0
0.5
0
1.72
2.07
1.79
6.83
4.45
4.87
15.96
4.22
1.98
2.91
0.95
0.53
0.1
0.64
0
0
0
0
0
0
0.52
0
0.11
8.77
6.43
2.51
0.98
0
0.07
0.82
0.13
0
0
0
0
1.28
0
0.91
0
0
0.46
0.29
0.45
2.09
0.39
0.16
0
0
1.19
3.23
0.28
5.07
3.8
0
1.44
0
5.97
1.03
1.98
0.29
0.09
0
0.4
0.98
0.53
0
2.86
10.64
15.3
15.16
5.16
9.2
5.28
0.16
0.29
0
0.72
0.02
0
0.01
1.18
10.66
19.05
3.51
17.66
1.35
0
0.84
0.52
0.53
0.01
0
0
0
0
0
0
0.46
0.04
0
0.34
6.36
4.03
1.96
23.16
10
5.51
0
0.02
0.66
0
0.48
1.06
0
0.02
0.81
0.05
0.07
0.98
9.37
3.78
2.7
2.19
10.63
3.7
1.11
0.13
0
2.63
0.55
0.61
1.58
0
0
0
0.02
0
0.6
0
0
0.07
0.49
2.95
1.32
0.02
0
0
0.76
0.17
1.3
0
0
0
0.07
0.01
0.02
0
1.49
12.02
0.43
0.37
0
0
1.27
2.21
11.09
12.41
7.91
0
0
0
0.01
0
0
0
3.18
2.69
0.4
0.02
0.03
0
0.45
1.3
0
8.15
0
0
1.43
2.76
9.66
1.77
11.64
0
0.78
0
0.01
0
0
0.06
0
0
0
0.01
0
0
0
0
0
0
0
0.93
0.03
0
0
0
0
0.6
0.01
0
0
2.81
28.58
8.86
1.43
0
0
0
0
0.12
0.02
5.39
0
0
1.4
0
0.18
0.82
1.74
0
7.67
2.88
0
0.03
0
0
0
0
0
0
0
6.34
0.93
0.01
0
0.27
0
0
0
0.13
0.01
6.42
0
0
0
1.2
0
2.95
0.04
0.21
0.45
0
0
3.73
7.84
2.3
1.47
0.93
0
2.34
8.9
2.29
0.01
2.79
0.41
0
0
0
0.33
0
0
0
0
0
0
0
0
0
0
0
1.26
0.73
0.59
3.52
3.9
0.77
1.21
0.13
0.06
0
1.9
2.26
1.39
2.06
2.58
5.84
15.56
3.16
8.01
0.28
0
0
0
0
0
0.84
0
0
2.37
3.66
2.36
0
1.42
6.13
2.17
0
0
0
0.33
0
0.76
0.66
0.36
1.72
2.64
2.84
0.15
0.43
0.48
1.59
1.15
0
0.15
0.02
0
0.15
0.02
0.52
1.2
0
0
0
0
0
0.18
0
0
0
0
0
0
0.17
0
0
0
0
0
0
0
0.01
0
0
1.72
15.63
8.16
0
0
0.01
8.7
1.12
0.11
1.03
1.77
0
0
0
0.1
0.01
0
0
0
0.01
0
0
0
0
0
0.01
0
0
0
0
0
0.01
0
0
0
0
0
0
1.2
0.2
0.22
0.22
3
3.72
0.96
0.5
0.16
0.01
0.15
0
0
0
0.43
0.61
0
0.03
0
7.74
1.63
0.63
0
0.53
0.34
7.52
0.55
0.13
0
1.22
0.03
0.01
0
0
1.31
23.05
26.64
4.59
0.13
10.3
1.01
6.75
2.42
11.92
0.55
0
0
0.02
0.01
0
0
0
0
0
0
0
0
0.16
0.15
2.73
8.34
0
0
0.33
0
0
0
0
0
0
0
0.87
0.52
1.19
0
0
0
0
0
0
0
0
0
4.33
15.89
0.27
0.05
0
0
0
0
0
0.01
0
0.39
1.28
0.13
15.45
0
0.16
0.09
0
0.19
0.34
22.84
6.9
12.7
8.07
0
0
0.73
7.13
4.99
0
0
0
0
0
0
0
0
0
0
2.2
0
0
0
0
0
0
0
0
0.01
0
0
0
0.02
0
0
0
0.82
0
0
0
0
0
0
0
0
0
0
0.46
2.2
1.91
0.03
0
0
0
0
0
0
0
0.04
3.59
0
0.09
0
0
0
0
0
0
0
0.93
0.02
0.35
10.42
0.13
0.08
0.09
0
0
0
0
0
0.01
0
0
0
0
0
0
0
0
0
4.73
18.8
0.43
0
0.01
0
0
0
4.59
1.34
0.67
0.05
0
0
0
0.53
12.18
12.16
16.41
12.38
5.11
0.14
0
0
0.53
0
0
0.36
0.69
0.54
1.3
1.23
3.2
0.05
0
0
0.19
5.73
0.13
0
0
0
0
0
0
0
0
0
0
0
0
0
0
0
0
0.01
0
0
0
0
0
0
0.13
3.44
0.09
0.01
0
1.29
0.21
1.39
11.46
2.01
0.44
17.42
4.22
0.01
0
0
0
1.59
4.04
2.5
0.22
2.51
4.64
1.42
0.1
0.01
0.01
0
0
0
0
0.01
0.02
0
0
0.02
0.02
0.01
0.03
0.43
0.05
0.16
0.16
0.04
0.01
0
0
0.01
0
0.02
0.02
0
0.01
0.02
0.01
0.01
0
0
0
0
0
0.02
0.63
4.2
5.23
1.07
0.21
0.02
0.03
0.96
0.59
0.09
0.37
0.24
1.02
1.5
11.86
0.14
0.52
4.2
4.26
0.44
0.02
0
0
0
0
0
0.01
0
0.02
0.19
0
0
0.03
0
0
0.58
4.57
0.09
0
7.36
10.12
5.15
0.07
7.91
8.64
7.57
4.23
0.01
4.42
2.72
2.73
2.89
0
0
2.88
4.28
0
1.91
0.03
0
0
0
3.31
5.29
0.03
0
0
0
0.09
0
0
0
0
0.24
0.1
0
0.07
0
0
0
0
0
0
0
0
0
0
0
3
17.76
7.19
2.12
2.33
0
6.29
1.22
0
0
0
0
0
3.03
3.71
0.59
0.86
13.93
10.78
21.46
18.46
1.03
0.03
0
0
0
0.01
0
0
0
0
0
0.02
0
0.61
5.3
8.58
17.38
42.2
4.79
0
0
0
0
2.2
0
0
0
0
0
0
0
0
0
0
0
0.51
0.07
2.28
0
0
0
0
0.01
0
0
0
0
0
0
0
0
0
0
0
0
0
0.44
0
0
0
0
0.04
0
0
0
0
0
0
0.03
0
0
0
0
0
0
0
0
0
0
0
0
0
0
0
0
0
0
0
0
0.7
4.66
0
0.01
0
0
0.59
0
0.7
0.46
0
0
0
0
0
0
0
0
0
0
0
0.19
0
0
0
0
0
0
0
0
0.01
0.2
2.81
1.05
0
0
0
0
0
0
0
0
0
0
0.01
0
0
0
0
0
0
0
0
0
0
0
0
0
0
0
0
0
0.01
0.01
0.05
0.02
0.1
0.04
2.76
0
0.29
0
0.64
0.15
0
0
0.01
0.1
0.01
0.57
3.69
0.36
0.05
0
1.41
3.29
8.45
7.2
0.51
0
0
0
0
0
0
0
0
0
0
0.1
0.14
3.19
7.35
0.78
0.89
2.59
18.05
1.79
11.94
14.67
0.19
0
0.01
0
0
0.02
0.55
12.88
1.16
0.08
0.07
0.06
0
0
0
0
0
0
0
0
0
0
0
0
0
0
0
0
0
0
0
0.03
8.6
17.9
8.81
8.7
3.28
3.47
2.09
9.9
0.21
0.04
0.81
0.52
0.49
4.95
0.76
13.64
8.45
4
1.31
2.27
2.95
1.29
0.01
0
0.07
2.08
0.46
2.45
6
9.55
4.54
25.57
0.57
0
0
1.08
0.01
1.19
0
0
0.27
2.24
4.36
0.23
10.74
28.98
11.11
4.88
5.71
1
1.91
9.75
3.27
2.97
4.27
2.21
0.8
0
0.03
0
0.01
0
0
0
0
0
1.49
1.27
0.38
0.32
0.52
0.03
0
0
1.27
0
0.92
11.57
8.56
2.74
0
0
0
0.01
0
0
0
3.48
0.16
0
0
0
0
0.6
0
0.79
0.51
0
0.49
0
0
0
0
0.14
0.07
0.01
1.23
0.06
10.86
5.61
4.16
14.25
8.79
1.73
0.16
0.03
0.02
1.38
0
0
3.83
0.22
0
0
2.09
0.06
0.01
0
0
0.3
0.17
0.15
0.04
0
0
0.29
0.09
0.18
0
0
0.3
1.78
7.09
4
0.72
0
0
0
1.98
19.05
4.69
0.17
0.2
0.3
7.13
5.67
0.84
7.87
0.72
0
0
0.03
0
0.06
0.37
4.11
11.16
12.44
2.89
1.61
0
0.01
0
15.68
1.05
0
0.43
0.01
0
0
0
0
0
0
0
0
0
0
0
0
0
0.05
0
0
0.01
0
1.1
0.09
0
3.76
6.73
0
0
1.88
0
0
0.73
0
0.01
3.2
0.02
0.02
0
0.79
1.12
6.09
8.52
0
0.02
0.45
0
0.92
0
0
7.66
0
1.17
0
0
0
3.65
0
0
1.52
0.7
0
5.03
6.62
0.08
0.23
0.57
0.11
0
0
0.85
0.81
0.04
0
0
2.73
0
0.07
0
0.86
0
0
0
0
6.16
14.73
3.04
0
0
2.28
0.01
0
0
0
0
0
0
0
0.72
6.26
10.04
3.54
0
0.59
0
0
0
0
0
0
0
0
1.14
0.57
1.36
0.54
1.48
15.7
0
0.01
0.26
0.04
0
0
1.37
10.38
23.07
20.99
4.42
0.22
0
3.01
23.31
0.03
0
1.95
3.07
0.2
0.36
5.9
3.55
0
0
0
0
0.93
0
0
0
1.88
2.5
13.99
0.79
0.53
0
0
0
5.48
9.95
6.46
0
0.35
0
0
0.66
0.01
0.03
0
0
0.27
4.01
9.87
24.13
18.85
19.92
4.11
4.25
6.56
9.45
5.62
0.34
0.09
0.8
0
0
0.53
0
0.04
1.02
0.2
0.01
0.04
0.21
0.01
0.01
0.26
0.16
1.83
4.77
0.46
1.41
17.93
4.76
4.91
6.91
9.91
1.27
8.69
2.18
2.29
0.43
0.2
1.46
0
0.05
0
0.91
0
0
6.23
0.4
0.02
0.1
0.06
0.05
0.65
0
0
0
0
0
0.01
0.4
0
0
0
0
1.88
0.09
0.17
0.46
0.73
2.22
14.21
3.7
1.15
0.22
0
0
0
0
0
0
0.58
0
0
0
0.4
1.33
0.02
0
0
0
0.48
0.02
0.02
0.12
12.85
7.97
8.61
2.8
10
36.88
5.52
5.5
2.82
14.29
28.78
16.09
12.94
5.4
0
0.27
0.22
0
0
0.36
0.01
0.34
1.02
0.38
0.84
0.2
7.64
12.41
7.04
1.73
2.29
0.35
0.88
3.57
7.51
3.34
7.6
1.31
0.28
8.38
3.1
5.51
2.06
0
0
0
0
0.46
0
0
0
0.57
0
0
0
0.68
0
0
0
0.52
0
3.42
1.23
17.54
18.65
8.76
3.87
6.81
42.44
22.04
0.84
0.02
0.06
0.21
0
0
0.01
0
0
0
0
0.32
0
0
4.11
0.03
0
0.55
0
0
0
1.09
0
0
0
0.01
0
15.26
18.46
1.88
1.46
0.46
6.17
0.19
0.01
0
0
0
0
0
0.16
0
0
0
0
0
0
0.13
0
0
0
0
0
0
1.13
10.05
0
0
0
0
0
0.05
0
0
8.82
3.7
0.06
0
0
0
0
19.28
5.84
0
0
0
0
0
0
0
0
0.16
0
0
0
0.02
0
0
0
0
0.01
0.18
0.18
0
0
0
0
0.01
0
0.23
0
0.01
0
0
0
0
0
0
0
0
0
0
4.92
0.37
0.27
0.68
5.83
11.98
0
31.38
18.31
1.64
0
0
0
0
0
0.14
0
0.05
0.33
0.18
0.11
0
0
2.27
7.16
1.8
0
1.43
4.23
4.91
0.64
0.07
0
0
0.18
0
6.29
0
0
0.32
0
0
0
0.09
0.09
10.87
1.38
0.01
0
0
0
0.28
1.93
7.67
1.69
0
0.38
0.86
0.02
0
0
0.95
0.92
0
1.21
4.48
0.35
0.03
0.45
0
0
0
0
0.3
0
0
0
0
0
0.6
0
0
0
0
0
0
0
0
0
0
1.02
0
0
0
0
0
0.32
0.1
0.48
0
1.4
1.06
0.42
6.1
7.68
9.19
3.92
3.16
0.66
0
0.01
0
0
0
0.37
0.46
0.21
0
0.82
0
0.02
0.07
0
0
0.38
0.51
0.1
0
0.02
2.41
4.87
1.56
1.02
0
0
0.3
0
0
0
0.04
0.54
1.83
0.9
1.06
1.11
1.54
0.65
0
0
0
0
7.52
7.43
16.2
13.2
0.22
0
2.47
0.33
0
0
0.1
0
0
0
0.23
0
0
0
0.11
3.42
3.34
0
0.55
0
0.45
0.26
0.21
0
0
0
0
0
0
0
0.31
0.74
3.58
2.58
1.95
4.43
0
0
0.52
0.16
1.1
5.84
0.11
0
0
0
0
1.43
0.53
0
0
1.16
0
0
0
0
0.91
5.18
8.61
0
0
0.11
0
0.85
0.19
2.63
1.5
7.47
4.53
4.76
14.5
3.62
8.54
8.29
0.42
15.64
1.63
0
3.23
11.09
7.73
5.45
0
0.23
0.12
0.34
0
0
0.61
0
0
0.44
0
0
0
0.32
2.53
2.96
10.91
4.43
9.87
0.37
3.98
1.78
5.53
3.74
0.24
0.01
0
0
2.57
22.44
4.75
0.11
0
0.17
9.92
0
3.12
5.91
3.49
3.17
0.55
1.19
3.18
16.04
0
0
0
0
0
0
0
0
0
0
0.01
0
0.06
0
0
0.02
0
0
0
0
0
0
0
0
0
0
0
0
0
0
0
0
0
0
0
0
0
0.01
0
0.5
0.91
0
0
0.71
0.02
0
0
0
0
0
0
0.19
0
0
0
0.01
0
0
0
0.02
0
0
0
0
0.02
0
6.14
1.2
5.23
0.98
0
0
0
0
0
0.3
0.55
0.45
1.1
0
0
0
0
0
1.76
11.7
7.23
11.7
4.72
0.21
0
0.06
1.02
0
0
0
0.01
0
5.86
6.96
26.4
0.51
0
0
0
0.77
0
0.67
1.12
4.52
4.92
7.8
5.54
4.33
0.01
0
1.4
5.68
0.7
0
0
0
0
0.27
0
0.01
0
0.34
0
0.5
3.02
1.75
1.63
3.29
6.66
11.16
3.1
5.23
0
0
0
0
0
0
0
0
0
0
0
0
0.01
1.39
0.42
0.21
0.01
0
0
0
0
0
0
0
0
0
0
0
0
0.37
0.85
14.88
19.23
7.16
0.54
0
0
0
0
0.01
0
0
0.02
3.18
9.73
1.55
0.32
0
0
0
0
0
0.02
0.6
0.19
0
0.68
0
0.07
0
0
0.03
0.16
0.4
0
0.02
0
0
0
0.01
0
0
0.01
0
4.19
1.87
1.66
3.01
3.27
5.72
14.93
17.19
0
0
0
0
0
0
0
0
0.43
2.68
1.77
3.57
2.55
2.52
10.52
1.11
0
0
0
0.79
0.23
0.05
0
1.43
1.38
0.86
1.34
0.25
0.05
0
0
0.89
0.31
0
0
0
0
1.44
0.46
3
0.6
1.38
0
0
0
0.38
5.19
1.05
6.19
0.65
0.86
0
2.79
19.53
6.28
8.75
3.57
6.4
12.26
4.2
7.27
0.98
6.33
7.96
8.8
2.93
3.4
0.21
0
0
0
0
0.46
4.05
2.74
0
0
0
0
0.01
0.67
0
0.01
0
0
0
0
0.38
0
0
0
0.01
0
0
0
0
0.02
0.05
0.1
11.09
5.45
0.69
5.77
16.48
0
0
0
0
0
0
0
0
0
0
0
0.19
0.02
0
0.01
0.01
0
0
0.73
0.07
0
0
0.58
0
0
4.63
7.88
0.04
0
0
0
0
0
0.5
21.36
25.55
7.93
0
1.5
0.1
1.29
0.64
4.93
4.54
0.33
0
1.16
0.48
1.19
0
0
0.13
0.01
1.89
0
0.01
0
0
0
0
0
0
0
0
0
0
0
0
0
0
0
0
0
0
0
0
0
0
0.23
0.55
3.04
0.53
0.04
0.24
0.66
0
0
0
0
0
0
0.01
0
0
0
0
0
0
1.75
4.13
0
0.01
0.01
0
0
0
0
0.41
0.05
0
0.04
0
0.01
0
0
0.31
1.34
0
1.36
0.14
5.11
1.16
0
2.43
0.11
0.36
0
0
0
0
0
0
0
0.05
0.46
0.01
0
0
1.6
3.75
1.29
0
5.95
0.3
3.82
7.96
0.02
0
0.02
0
0.61
0
0
0.01
0
0
0
0
0
0
0
0
0
0
0
2.09
0.05
0.01
0.45
0.49
0
0
0
0.01
0
0.46
0.29
0
0.22
0
0
0.01
0.75
0.7
0
0
0
1.36
0.04
0
0
0
0
0
0.29
2.03
0
4.23
1.49
0.04
1.91
8.03
9.12
25.59
17.31
13.35
3.05
2.46
4.79
2.48
1.94
2.48
8.13
20.58
9.25
13.66
5.37
13.98
32.54
16.17
11.86
13.83
6.93
1.39
0.73
2.45
0.47
0.39
0
0
0.01
0
0.2
0
0
0
0
0.05
0
0.15
5.2
3.3
1.31
0.45
0.69
8.25
2.11
0
0.01
0.11
0.45
8.64
1.52
5.48
1.14
0.01
0
0
0.59
0.48
0
0
0
0.1
3.98
2.88
1.63
0.5
0.05
3.61
0.27
0.2
0.89
0.74
0.01
0
0
0
0
0
0
0
0
0
0
0
0
0.55
0
0
0
2.86
8.87
30.79
3.92
5.98
6.34
0
9.3
16.58
7.7
8.54
6.57
0
0
0
0
0.94
0.25
0.07
12.84
8.41
1.44
7.57
1.95
0.58
0
0
1.3
1.18
0
0.15
0
0.85
0.34
2.51
0.97
2.97
2.53
0.84
0
0
0.84
0.41
10.14
4.88
8.26
2.94
0
0
0
1.91
2.59
2.69
2.68
0.02
0
0.32
3.76
0.5
5.44
0.03
0
2.24
1.51
0.7
1.83
15.71
9.78
0.08
0.45
1.55
0.53
1.73
0
0
0
0.55
15.05
2.9
9.77
8.9
0
3.04
0
0.92
0.22
1.5
7.05
15.07
0.04
0
0
0
0
2.21
9.37
9.5
8.82
0.28
0
0.01
0
0
0.13
6.93
6.49
0
0
0
0.01
0
0
0
0
0
0.51
0.25
0
0
0
0
0
0
0
0
0
0
0.89
0
0
1.83
0.02
0.09
0.27
11.86
0.75
0
0.68
5.3
10.06
1.49
0
3.3
0.96
0.04
0
0
0
2.64
0.01
0
0
0
2.06
5.63
10.43
8.58
4.42
1.29
3.01
0.38
0
0
0.01
0
0
0
0
0
0
0
0
0
0.02
0
0
0.02
3.69
0
7.41
3.5
1.01
0
2.48
3.33
8.56
34.98
7.13
0.04
0
0
0
2.04
1.78
10.36
0.52
0
0.02
0
3.55
0
1.85
1.03
4.56
6.55
1.58
13.84
14.33
2.36
0.87
8.5
13.11
7.14
0.11
0
1.51
0.05
22.48
2.21
0
0
2.29
3.98
0
0
0
0
0.12
4.7
7.81
6.43
5.57
13.95
0.2
0.01
0
0
0
1.84
9.7
6.66
6.03
2.85
0.34
0.52
1.91
2.4
0
0
0.01
0
0.02
0
0.01
0.84
6.64
0.61
1.89
4.75
13.54
15.41
4.74
2.57
5.8
17.5
1.76
0.53
0
0.02
3.09
11.11
3.39
1.11
14.2
27.02
0.99
1.7
0.3
0.19
2.54
11.49
11.09
11.71
19.27
15.74
8.05
0.51
0
1.61
4.3
1.08
0.06
2.29
0.29
0
0.16
4.34
6.13
2.94
6.56
7.68
4.87
0
0.87
1.69
0.5
0.93
0.22
0.37
0
0
0
0.02
0.05
5.89
6.63
2.41
1.88
1.66
2.07
0.43
0.36
0.51
3.82
0.79
0
2.84
3.11
5.77
10.6
21.55
21.81
16.81
11.14
5.4
0.89
0.11
0
0.76
0.3
3.34
8.06
8.82
0.21
0.77
3.71
9.95
6.68
4.65
4.79
9.02
5.3
10.39
9.79
6.89
6.48
6.72
10.25
4.96
0.5
2.09
0.98
0.21
0
1.18
0
0.01
0
0
0
0.01
3.43
1.85
3.34
4.23
2
0.84
5.46
9.2
10.29
2.86
0.4
0
0
0
0.02
0
0.07
3.56
11.2
7.57
6.63
3.89
2.27
1.42
3.88
0.09
0.18
2.61
0
0.05
1.23
0.14
0.03
0.09
0.05
0
0
0
0
0
0.01
0
0
0
0.01
0.21
1.78
0
0
0
0.03
0
0.5
0
1.9
0.46
6.91
0.27
0.43
0
0.02
0.03
0.03
0.01
0
0.05
0.08
0
0.2
0.13
6.11
3.8
13.97
6.66
0.56
2.11
0.03
3.23
0
0
0
0.17
3.5
0
0.08
4.13
39.32
8.34
1.92
2.34
5.1
0.09
5.22
0.15
0.02
0
0.02
0
1.21
0.2
0
0.16
0
0.01
0.01
0.01
0
0.01
0
0
0
0
0
0.02
2.06
0.06
0
0
1.43
0.1
0
0
0
0
0
0
0
0
0
0.71
0.05
0
0.11
0.11
0.01
0
0.04
0.04
0.01
0
0
0.01
0
7.68
7.94
3.86
0.09
0
0
0
0
0
0
0
0
0
0
0
0.14
0.01
0
0
0
0.23
4.41
4.48
0
0
0
0
0
0
0
0
0
0
0.01
0
0
1.52
0
0.05
0.4
0
0
0.01
0.01
0
0
0.01
0.01
0.24
2.08
6.09
1.28
4.46
0.49
0
0.01
1.92
0.61
0.41
0.09
2.09
1.03
0.18
0.02
6.98
3.48
2.98
25.71
16.4
17.25
11.91
2.46
3.84
0.38
2.24
0.01
0.18
10.71
11.13
0.38
0.01
0
0.04
1.29
16.51
9.96
16.09
18.2
18.77
9.9
0.77
4.82
15.09
22.88
3.02
10.75
0.29
5.15
0.97
4.42
10.9
0.99
0.29
0
0
0.36
6.21
4.48
1.14
0
0.49
0.77
0.6
0
0.75
0
0.04
19.21
1.5
0.49
0.01
0
0.09
0.32
0
0
0
3.37
1.09
0.2
0.59
8.32
2.41
13.45
0.84
0.2
0.72
0.19
1.5
2.35
1.52
0.88
0
1.52
0.23
1.13
0.38
0
0
0.85
1.14
1.88
3.64
5.14
2.98
0.75
0
7.36
2.72
2.23
4.16
2.05
1.14
0.01
0.05
0.07
0.23
4.5
0
0
0
0
0
0.02
0
0
3.36
0.36
10.87
3.4
1.56
2.43
1.02
1.16
0
0.6
0.02
0.23
0.54
0.04
0.13
0
0
0
0.01
0.01
0
0
0
0
0
0
0
0
0
0
0.61
3.39
0.31
0
0
0.17
1.22
0.12
0
0
0
0
0
0
0
0
0
0
0
0
0
0
0
0
0
0
0
0
0.34
5.1
5.75
0.8
3.23
0.77
0.2
0
0
0
0
0
0
0
0
0.01
0
0.27
3.71
9.09
6.04
5.14
4.84
0.73
0.03
0
0
0
0.92
11.55
1.95
0.93
0.06
0.44
3.4
12.45
0.75
0.35
0.41
0.5
2.44
4.19
1.92
0
0.01
0.01
0
1.98
2.93
0.02
0.19
0.04
0
0.09
0
0
0
0
0.04
0
0.02
0
0.01
0.02
0
1.9
2.01
0.2
0
2.74
3.28
4.42
15.39
15.12
8.52
0.05
0.04
0.17
0
2.09
1.24
0
0
0.02
0.03
0
0.14
0
0.03
0
0.09
0.08
0.02
0
0.19
0.11
0.01
0
2.55
3.06
3.15
0
1.01
0
0
0.23
0
0
0.01
0.02
0
0
0
0
0.03
0
0
0
0
0
0
0
0
0.01
0
0
1.14
0
0.03
2.38
1.13
0
0
1.21
4.7
5.51
0.64
1.38
0
0.12
0
0
0.01
0
0
0
2.94
0.61
9.58
1.34
0
0
0
0
0.02
0
0
0
0
0
0.01
0.01
0
0
0
0
0
0.69
5.59
4.29
4.46
0.12
0.02
0
0
0
0.58
0
0
0
0
0
0
3.09
30.54
1.98
0.04
0
0
0.01
0
0
0.46
4.96
19.99
10.54
2.6
0.54
0
3.57
0
0.88
7.44
3.11
0
0
0
0
0
0
15.67
13.51
3.14
0
0
0
0
0
0
0
0.18
0.07
1.06
0
1.18
4.7
1.89
0.25
0
0
0
0
0
0
0
0
2.58
2.86
7.34
2.65
2.02
0.48
6.25
9.78
5.17
2.34
6.8
21.69
21.78
12.13
7.86
4.65
21.22
12.93
8.03
42.23
0.32
0
0
0.75
1.34
0.67
0
0
0.09
0
1.28
0.05
0
0
0
0
0
0
1.62
1.57
0
0
0.46
2.64
3.98
6.68
14.88
4.51
1.22
0.85
0.95
8.46
5.92
2.8
13.94
2.95
3.03
0.92
0
1.19
0
0.77
0.67
2.21
3.45
1.09
5.32
3.87
0.88
11.55
10.84
0.85
0
0
0
0
0
0.01
0.01
0.01
0
0
0
0
0
0
0.04
0
0
0.29
3.42
0.74
0
0
0
0
0
0
0
0
0.01
0
0
0
0
0
0.91
8.55
5.77
5.89
14.83
0.4
1.86
6.85
8.73
4.69
3.72
1.09
8.73
12.24
3.99
1.34
1.66
0.23
0.1
0.03
0
0.02
0
0.96
2.28
1.41
0.22
0.07
0
3.11
2.83
0.02
0.03
0.48
0.3
0.02
0
0
0.11
0.91
0
0
0
0.03
0
0
0
0.05
0.2
6.53
2.17
0.88
8.63
9.09
3.09
0.42
0.44
0.46
0.84
3.76
8.98
5.57
4.66
3.66
1.16
2.5
5.79
4.27
0.64
0.45
0
0
0
0
0.01
0
0
1.52
0.91
0.97
0.11
0.4
0
0
1.74
0.48
0.08
0
0.01
0
5.02
9.27
10.36
4.93
0.82
4.39
18.3
0.66
1.78
1.62
1.13
4.28
1.14
0.73
0
0.03
0.03
0.03
0
4.65
12.55
1.43
0
0.05
0
0.05
0.02
0
0
0
0.5
0
4.51
4.35
9.91
0
0.52
0
0
0.01
0
0
0
0
0
0.01
0
0.01
0
0
0
0
0
0
0
0
0.27
0
0
0
0
0
0
0
0
0.06
0.01
0
0.02
0.33
0.04
0
0
0
0
0
0
0.01
0.01
0
0
0
0
0
0
0
0
0
0
0
0
0
0
0
0
0.04
0
0.01
0.02
0
0
0
0
0
0
0
0
0
0.04
0
0
0.01
0
0
0.96
0.05
0.29
5.25
2.05
1.27
0.16
0.35
0
6.89
15.02
5.68
0.24
0.85
0.02
0
0
0
0.36
0
0.14
0
0.01
0
0.04
1.3
0.58
1.94
8.79
8.49
5.95
0.58
0.61
1.03
0
1.04
2.56
0
0
0.01
0.93
9.53
4.93
0.07
0
0
0
0
0
4.93
4.8
3.61
8.11
0.25
0.41
1.11
1.43
2
0.34
0.33
0.3
0.44
0
0.41
2.13
0.89
3.41
2.33
0.88
0
0
0
0
0
0
0
0
0
0.03
0.01
0.02
0.03
0.03
0.04
0.03
0.01
0.16
0.19
0.33
1.96
0.02
0.04
0
0
0.07
0
0
0
0
0
0.25
0.87
0.08
12.21
21.77
21.3
14.94
3.15
11.36
13.33
1.68
4.46
7.1
10.44
1.05
4.13
5.62
8.11
0.59
1.69
2.7
0.68
0
2.51
7.82
1.93
1.58
1.84
0
0.24
0.32
0.16
0
0.1
0
0.06
0
0
1.39
2.57
2.05
1.6
1.81
2.39
8.41
0.61
7.7
12.22
13.21
4.98
0.21
1.73
10.71
19.69
5.74
1.28
2.99
4.7
0.66
0.16
0.37
1.62
0.2
0
0.88
0.61
0.89
0.44
0.41
1.72
0.02
0
0
0.6
1.86
1.27
7.27
3.84
3.74
0.36
0.51
0.37
6.43
0
0
0
0
0
0.09
0
0.02
0.01
0
0
0
0.78
0.05
0
0
0.07
1.98
4.27
0
0
0.82
25.99
24.89
12.22
4.3
8.58
6.02
0.14
0
1.36
10.96
6.63
0
0
0
0
0
0
0
0.31
0
0.28
0.55
0
0
0.58
0
0
2.29
1.5
0
0.03
0.03
0
0
0
0
0
0
0
0
0
0
0.01
0.59
0.55
0
1.46
1.07
0.23
1.29
0.37
0.97
2.16
0.21
1.51
4.39
7.35
9.01
1.39
0.64
0
0.07
0.09
0
0
0.8
0
0
0
0
0
0
0
0.42
0.66
0.2
2.14
1.67
0.02
7.37
13.29
2.5
17.38
0
0
0
0
0.01
0
0
0.02
0
0.01
0
0
0
0
0
0
0
0.03
0
0.24
0.29
0.64
0.16
0.43
2.16
9.14
11.46
3.34
4.34
3.63
6.57
2.49
3.9
1.22
0.01
0
0
0
0
0
0
0
0
0.04
1.3
0
0
0
0.01
0
0
0
0
0
0
0
0
0
0
0.13
0.8
0
0
0.2
0.39
6.64
4.02
2.63
0.07
0
0.18
0.14
0
0.5
0.98
2.85
2.91
4.78
10.98
0
3.59
0
0.31
0
0
4.79
0.23
0
0.01
0
0
0
0
0
0.07
0
0
0.14
0
0
0
0
0
0
0
0
0
0
0
0
0
0
0
0
0
0
0
0
0.04
0.31
0
0.97
17.16
12.07
6.52
18.88
4.84
15.74
12.24
4.31
3.03
5.9
6.02
2.21
5.18
20.81
33.48
11.5
10.33
1.58
1.21
1.25
2.06
0.7
0
1.15
1.05
1.64
8.81
6.39
1.25
1.81
5.42
0.72
4.93
9.59
5.57
5.14
1.25
5.74
4.63
1.47
2.68
8.41
4.41
0.37
1.14
7.3
1.1
0.51
5.44
2.59
0.55
0
0
0
0.14
0.32
0.38
0
0.11
0.3
0.23
0.15
0.3
0.1
0.01
0
0
0
0
0
0
0
0
0.47
0.75
1.47
0.95
0
0.02
0.01
0.02
0.05
0.03
0
0
0.02
0.01
0
0
0
0
0
0
0
0
0
0
0
0
0
0
0
0
0
0.83
0.57
4.38
18.03
8.09
12.62
6.08
12.35
0.6
0
0.76
5.85
23.89
24.23
5.46
3.19
4.09
1.82
0
0
0.31
0
0.63
0.18
2.47
1.75
0.31
2.8
5.8
6.93
2.56
2.41
3.48
0.55
0
0
0.18
2.92
2.95
1.7
0.33
0.1
2.94
0.21
0.05
0
3.98
9.36
0.83
6.79
1.58
2.91
4.18
3.49
0.74
2.14
3.71
1.82
0.17
0.16
0.19
0.05
0
0
1.49
18.49
9.89
9.09
2.2
0
0
0
0
0.01
0
0
0
0
0
0
0
0
0
0
0
0
0
0
0.03
0
0
0
0
0.03
0
0.34
0
0
0.89
15.12
3.9
1.44
0.13
0.01
0
0
0
0.03
1.35
1.72
8.88
4.95
0.79
0
3.53
1.05
0
0
0
0
0.01
0
0
0
0
0
0
0
3.44
9.32
0
25.16
3.49
0.05
0
19.76
2.08
0.26
0
0
0
0.09
0
0
0
1.24
0.19
0.02
0
0
0
0
0.28
0
0
0
1.68
0
0.27
0.51
0.39
0
0.23
0.45
2.8
2.14
0
0.09
0.02
0.91
0.84
0
0
0
0.02
0.7
1.87
0.27
0
0
0
0
5.66
1.26
0.13
0.03
0
0
0
0
0
0
0.01
0
0
0
0
0
0
0
1.06
0
0
0
0
0
0.12
0.19
0
0
0
0
0.15
0
0.02
0.66
0.05
0
0
0
0
0
0
0
0
0
0
0.01
0.98
2.53
4.06
6.13
1.5
0.41
0
0
0
0
0
0.03
0
0.65
0.75
3.05
1.69
4
2.44
0
0
0
0
0.01
0
0.09
0.04
0
0
0
0
0
0
0
0
0
0
0
0.71
11.34
34.39
0
0
0
0.01
0
0.13
0.01
0
0
0
0
0
0
0.01
0
0
0.01
0
0
0.01
0
0.05
2.63
0.82
0.01
0.95
0
0
0
0
0
0.01
0.01
0.05
1.91
0.51
0
0
1.46
0.41
1.59
6.52
0.25
0.54
2.88
3.69
2.23
4.7
2.27
0.46
0
6.25
0.7
0.62
0
0
5.74
1.68
0.11
0
0.09
0
0
2.91
1.76
0.89
0.95
0.23
0.23
0.42
0.01
0.83
0.91
4.66
1.6
0.29
0.62
0
0
0
0.13
2.5
13.47
5.41
9.08
10.76
0.32
0.08
0
0
0
0
0
0.01
0.01
0
0.04
0.07
0.1
0.02
0.03
0.11
0.04
0
2.66
1.07
2.64
16.37
12.05
2.98
3.31
8.2
1.78
1.05
18.84
20.16
4.36
0.78
8
0.29
0
0.11
0.37
1.01
7.62
15.23
14.62
4.24
10.14
3.8
1.55
2.56
0
0.02
1.13
0.02
0
0.01
0.01
0
0
0
0
0
0
0
7.63
2.54
0
3
3.77
0.18
0
0.7
0
0.02
0.01
0
0.14
0.01
0
0
0
0
0.01
0
0
0
0
0
0
0
0
0
0
0
0.85
1.36
0.06
0.01
0.45
0
0
0
0.01
0
0
0
0
0
0
0
14.45
12.08
0
0.16
0
0
0
0
0.23
4.57
0
0.03
3.3
0
0
2.11
1.4
0
0
0.1
1.1
0.88
0
0
0
0
0
0
0
0
0
0
0
0
0
0
0
0
0.26
0
0.02
0.03
0
1.05
3.99
0.33
0.01
0
0.01
0
0
0
0
0
0
0
0
0
0
0
0
0
0
0.03
0
0
0
0
0
0
0
2.98
2.39
0
0
0
0
0
0
0
0.2
0
0
0
0
0
0
0
0
0
0
0
3.34
1.19
0.29
1.07
0.06
0
0.02
0
0
0
0.04
0
0
0.1
1.82
0
0
0
0
0
0
0.01
0
0
0
0
0
0
0
0
0
0
0
0.01
0
0.01
0.16
0
33.37
17.98
11.22
6.63
8.2
14.59
0
0.04
0.05
0.14
17.3
3.86
6.05
5.99
25.9
10.78
4.29
0
0
0
0.09
0.07
0.63
3.8
5.26
9.27
1.08
1.3
0
0
9.02
11.23
0.62
2.63
11.38
2.7
0.04
0
0
0
5.09
24.75
34.47
5.88
1.17
2.43
0.42
1.98
2.28
2.63
0.43
2
1.45
12.41
5.2
9.28
2.26
7.3
2.81
0
0.23
0.33
0.43
1.09
0.63
1.32
2.65
0
2.59
4.13
1.84
0
0.06
0.83
14.13
6.4
0
0.07
0
0.21
0
0.08
7.69
0.06
0.19
0.11
0.03
0.71
0
0.41
0.68
0.07
2.45
17.61
6.1
1.03
0.01
0
0
0.24
0.11
1.07
0.09
0.05
0.07
0.31
3.43
0.27
0.68
4.14
6.93
2.26
6.7
6.22
6
5.17
15.68
19.64
21.1
7.93
5.14
2.8
1.66
3.44
0.53
0.05
0.66
3.68
1.61
0.08
1.22
1.53
0.42
0.01
0
0
0.05
0
0.4
8.11
2.92
16.08
5.7
3.32
14.23
5.21
0
3.17
6.2
13.13
7.6
2.61
0
0
0
1.68
18.8
1.55
0
0
0.23
0.04
0
0
0
0
0
0.01
0
0
0
0
0
0
0
0
0
0
0
0
0
0
0
0
0
0
0.02
0.32
5.23
9.57
1.11
0.61
1.23
0.7
0.74
1.19
7.99
2.46
2.83
6.04
5.17
2.1
10.98
10.11
3.66
0.11
0
0.65
0
0
0.01
2.03
0
0.61
0
2.88
0.11
0.42
0.23
0.5
0.85
3.91
0.02
0
0.02
0
0.2
0
3.51
6.43
6.47
0.56
0
1.54
2.58
2.09
4.77
0
0
0
0
0.09
0
2.13
0.85
0.59
0
5.26
1.61
1.49
2.18
7.16
6.11
10.78
0
0
0.69
11.27
3.85
0.47
1.34
1.09
5
3.42
0
0
0
0
0.09
0
0.14
0.07
0.01
0
0
0
0
0
0
0.01
0.01
4.88
1.16
0
0
0.05
0
0
0
0
0.01
0.01
0.16
0.09
0
0
0.03
0
0
0
0
0
0
0
0
0.16
0.16
0
0
0
0
0
0
0.02
0
0
0
0
0
0
0.01
0
0
0.07
0
0
0
0
0
0.07
0
0
0
0
0
0
0.14
0
0.52
0
0
0
0
0
0
0
0
0
0
0
0.02
0
0
0.21
0.96
1.92
2.55
0
0
0
0
0
0
0.02
0
0.02
0.02
1.46
14.64
18.3
3.93
1.91
1.65
4.29
15.59
7.29
0
0
9.92
7.48
1.39
0
0
0
20.9
8.55
2
0
1.84
4.99
0.97
3.77
0.25
0
0
13.32
6.63
0.03
0.06
0.18
0
0.05
0
0
2.82
0.65
5.08
23.97
17.68
14.82
15.89
3.24
0.85
0
0.02
0.02
0
0
0
0.79
0
0.3
0
0.09
0.16
0.2
0.01
0
0.01
0
0.22
0.03
0.6
4.09
0.39
0.02
0
0.02
0
0
0
0
0
0
0.49
0
0.05
0
0
0
0
0
0
0
0
0
0.01
0
0
0
0.01
0
0
0.01
0
0
0.27
0
0.17
0.5
0.16
0.62
15.44
9.46
2.52
0.18
0
0.08
0.65
0
0
0.05
4.44
2.82
8.57
0.67
1.57
0.21
0.47
0.46
0
0
0.23
0.03
0.02
0
0
0
0
0
0.65
0.23
0
0
0.27
0.81
0.25
4.9
5.23
10.91
13.54
15.21
1.63
0
0.09
0
0
0
1.5
2.48
0.29
0.31
0
0
0
0.06
0
2.03
0.32
0
19.33
5.46
0.26
0
0
0
0
0
0
0
0
0
0
0
0
0
0
0
0
2.19
8.61
1.57
0
0
0
0
0
0
0.01
0
6.52
10.73
4.4
1.44
0.89
3.69
1.48
1.89
3.78
5.4
4.45
0.81
1.41
0
1.14
0
0.3
0.16
0.02
0.02
0
2.24
0
0.04
3.64
0.71
0
0.2
5.5
0.64
0.7
5.05
6.29
2.41
4.15
0
3.59
1.02
0.85
4.9
2.12
1.11
0
0.02
0.1
0
0.01
0
0
0
0
0
0
0
0
0
0
0.87
4.08
6.09
8.6
0.09
0
0.3
0
0.01
0.02
0.01
0
2.1
0.16
0.12
0.41
0.16
0.02
0
0
0
0
0
0
0.01
0.01
0
0.06
0
0
0
0
0
0
0
0
0
0.01
1.37
0
1.46
0
0.01
0.01
0
0
0.03
0
0
0
0
0
0
0.07
0.05
0.05
0
0
0
0
0
0
1.3
0
0.23
0.05
1.48
0.3
0
0
0.26
0
0
0
0
0
0
0
0
1.36
0
0
0.02
0
0.05
0.26
0.04
0
0
0.11
0.87
5.77
0
0.01
0
0.02
0
0.02
0.01
0
0
0.01
0.01
0
0
0
0.04
0
0
0.08
0.88
0
0.01
0
0.01
0
0
0
0
0
0
0
0
0
0
0
0
0
0
0
0
0.24
3.12
0.91
0.03
0
0
0
0
0.59
7.25
1.17
5.48
0
0.02
0.83
0.01
0
0
0.05
0.05
0
4.93
3.61
5.63
0
0
16.56
11.34
1.3
0.44
0
0
0.23
8.73
25.72
27.09
27.51
8.86
0.11
0.51
1.62
0.42
0.15
3.39
7.07
9.04
2.06
0
0
0
0.01
0
0.01
0
0
0
0.16
0.55
0.04
0
0.02
0
0
0.02
0
0
0
0.01
0.13
0
0
0
0.07
0.35
0.14
0.31
0.03
0
0.36
0.05
0
0.02
0
0.01
0
0
0
0.01
0
0
0.01
0
0
0
0
0.01
0
0
0
0
0
0
0
0
0
0
0
0.04
1.67
0.42
0.02
0
0.02
0
0.04
0.13
9.8
3.02
5.16
12.64
1.54
0.91
5.22
5.41
11.79
9.48
4.35
0.48
1.5
2.96
3.39
5.22
11.37
4.95
0.85
6.17
7.63
2.33
0.9
0.79
5.19
9.32
1.58
0.12
0.4
0.64
0
0
7.57
0.36
0.2
0.02
0
0
0.07
0
0.13
0
0.01
7.27
4.65
0.18
0
0
0.66
19.4
4.96
0.03
5.36
11.25
3.39
0.96
0
0
0
0.7
4.96
0.45
0
0
0.62
1.39
1.26
7.52
17.93
1.21
0.63
0.3
0
0.03
0
4.32
13.04
20.16
0
0
0.03
0.38
0.3
4.08
3.06
0.32
0
0.32
0.58
7.98
9.04
0
1.14
4.62
0.79
0.02
0
0
0.02
0
0
0
0.41
0.06
7.44
1.13
0
0
0.2
5.18
1.99
2.48
3.12
1.42
0.07
0.01
0
0
1.47
0.37
1.5
0
0
0.02
0.02
0
0.47
0
0
0.08
3.49
0.89
0.02
1.72
3.19
1.64
0
0.01
0.01
0
0
0
0
0
0
0
0
0
0
0
0
0
0
0
0.13
8.59
0.27
0
0.61
0
0
0
0
0
0
0
0
0
0
0
0
0
0
0
0.22
0.02
0
0
0
0
0
2.12
6.57
0
0
0.01
0.01
0.05
0
0
0
0
0
0.15
0
0.08
0.17
1.95
0.59
0
0
0
0.01
0.01
5.16
5.18
3.26
1.51
0.05
1.95
1.94
0
0.01
0.07
0
0
0
0
0.01
0
0.13
2.8
3.4
3.45
2.97
5.66
2.54
0
0
0
0.01
0
0
0
0
0
0
0.16
0
0
0
0
0
0
0
0
0
0
0
0
0
0
0
0.02
0
0
0
0
0
0
0
0.13
0
0.42
0.08
0
0
0
2.38
14.18
8.3
7.73
1.08
1.3
12.09
2.99
8.64
7.16
0.5
0.77
0.11
0
1.69
1.54
6.21
1.88
0.01
0
0
0
0.01
0.26
0.21
0
0
0
9.84
5.28
2.58
1.17
1.86
7.75
0.32
0
0
3.07
7.36
0.11
0.11
0.54
0
0
8.71
2.37
6.27
6.95
7.99
3.98
0.3
1.18
0.45
0.54
0.02
0.47
0
0.42
0.12
0
0
0
0
0
0.46
0
0.28
0
2.39
0.89
0
4.53
3.91
6.82
5.95
9.37
4.65
10.1
1.53
1.14
1.08
0
0.23
0.04
0.05
0.05
0
0
0
0.46
0.02
4.74
1.84
0.21
0
2.96
2.84
0.04
0
0
0
0
0.16
0
0
0
2.31
1.17
2.18
0.44
11.89
20.48
7.02
4.45
19.64
18.05
6.29
0.7
0.86
0.07
6.02
15.95
2.06
6.71
2.1
3.28
2.32
0.48
2.52
0.84
2.95
0.56
0.38
15.18
25.96
9.1
2.66
15.21
9.04
2.16
0.25
0
6.75
3.01
0
0.76
0
0.02
0.02
0
0
0
0.01
2.3
8.32
5.5
0.5
0.29
0.87
4.23
1.01
0
0
0
0
0
0
0
0
0
0
0
0.04
0
0
0
2.77
22.02
4.34
22.16
17.75
1.33
0.15
5.56
7.42
7.69
3.62
0.77
2.34
1.18
7.11
0.63
0.34
0.07
0
0.02
0.02
0.07
0
0.8
0.1
0
0
0.01
2.34
2.2
3.08
3.63
0.85
15.56
13.29
0.58
0.23
0.02
0.02
0
0
0
0
0
0.02
5.78
6.07
5.34
3.92
10.81
6.35
3.35
0
0
0
1.33
0
1.41
0.01
1.53
6.31
0.46
0
0.02
0.02
0
0.02
0.01
0.01
1.1
0.17
0.32
2.93
1.35
0
0
0.01
0
0
0
0
0
0
0
0
0
0.04
0
0.02
0.61
0
0
0
0
0.29
0.01
0
0
0
0.27
0
0.01
0
0
0
0
0
0.6
0
0.03
0
0
0
0
0
0
0
0
0
0
0
0
0
0
0
0
0
0.09
0.1
8.92
17.25
4.32
3.62
0
1.12
0.22
0.25
1.04
1.43
0.18
1.68
13.32
6.17
1.26
6.01
0
0.5
7.09
0.86
0.02
0
0
0
0
0
0
0.55
0.01
9.07
1.99
0.25
0
0.27
3.72
4.05
0.88
0.05
0
0
0
0.02
2.5
6.29
0.03
0.33
0.44
7.59
13.2
6.66
2.97
0.1
0.21
0.01
0
0.01
0
5.16
0
0
0
0
0
0.01
0.45
0
0.08
0.01
3.2
0.38
0
0.17
27.25
9.85
1.53
1.43
0.24
0.41
0
0.41
0.32
1.43
4.21
14.67
5.31
10.55
3.04
0.5
0.12
0.8
0
0.01
0.12
0.01
0.08
0
0.02
0
0
0
0
0
0
0
0
0.45
0.12
0
3.1
0.6
0.02
0
0.44
0
1.61
2.62
8.47
2.94
4
3.45
4.9
5.36
9.39
1.39
6.85
10.96
16.02
7.36
1.43
10.63
12.27
14.19
21.15
13.59
4.27
3.03
4.61
2.68
0.7
2.13
0.95
0.8
5.38
0.6
0.38
0.39
0.2
15.46
5.66
2.07
0.59
0.86
0
1.53
0.64
0.11
0.06
2.51
1.05
3.07
1.81
0
0
0
0
0.58
0.86
0.26
0.41
0.12
0.21
0
0
0
0.01
0
0
0.3
0
0
0
0
0
0
0
0
0
0
0
0.14
0.34
0.4
0
0.11
2.14
2.98
0.58
0.29
0
0
0.01
0
0.31
4.55
2.01
0.17
2.79
0.73
0.03
0
0.03
0.91
0.92
1.64
0.28
0
0.02
0
0
1.76
0.64
0.01
0.13
0.96
4.15
0.17
0
0
0
0
0
0
0
0
0
0.47
0.95
0.13
0
0
0.11
0
0
0.05
0
0.05
0.12
1.11
4.38
0.87
4.22
3.6
1.9
2.7
1
1.14
1.84
5.18
2.14
0.02
0
0
0
0
0
0
0
0
0
0
0
0
0
0
0
0.01
0.01
0.01
2.44
3.55
11.34
7.52
0
0.54
1.12
0.38
0
0
0
0.13
0.46
0.45
0
0
0
4.95
1.25
0
0.57
0.66
0.09
0
0
0
0
0
0
0
0
0.07
0
0
0
0
0
0.02
0.24
0
0.02
0
0
0
0
0
0
0
0
0
0
0
0
0
1.25
33.39
3.09
3.67
2.94
0.68
0
0
0
0
0
0
0
0
0
0
0
0
0
0
0
0
0
0
0
0.01
0.04
0
0
0
0.37
0.03
0
0
0
0
0.04
0
0
0
0
0
0
0.04
0.01
0
0
0
0
0
0
0
0
0
0
0
0
0
0
0
0
0
0
0
0
0
0
0.06
0
0.02
1.87
9.13
2.85
1.29
0.91
0
0.04
0
0
0
0.01
0.01
0
0
0
0
0
0
0
0
0
0
0
0
0
0
0
0
0.49
0.36
0.2
8.63
2.97
0
0
0.03
7.86
2.95
1.19
0.45
0.25
0.28
6.21
2.08
12.91
0
0.14
0.05
5.02
0.76
0.02
0.62
2.85
1.82
0.07
0
0
0
0
0.06
0.02
0.1
6.21
11.56
2.27
0.52
0
0
0
0
0
0
0
0
0
0.17
0.28
0.13
0.21
1.04
0.67
0.48
2.66
0.87
1.33
1.08
0.03
0.02
0
0.31
0.37
0.01
0.03
0
0.2
0
2.84
1.16
0.74
0.22
0.05
0.29
11.07
6.13
11.55
7.97
0.81
6.38
6.38
2.94
1.2
0.95
0.36
0.05
3.53
3.01
0.6
0.5
0.23
0.06
0
0
0
0.01
0.66
12.63
4.45
0.31
0.09
0
0.36
2.49
0.71
0
0
0
0
0
0.01
0.01
0
0
0
0
0
0
0
0
0
0.01
0
1.14
9.71
2.46
0
0
0.54
0.38
3
0.3
2.71
5.03
10.33
16.22
5.19
0.24
0
0
0
0.06
0
0.05
0
0.92
2.32
1.45
5.94
8.37
3.86
4.71
4.98
16.71
5.86
3.3
4.08
0.32
0.07
1.94
8.04
1.34
0.01
0.16
0
1.39
0.01
0.01
4.54
17.25
10.43
2.73
0.45
0.02
0.31
3.66
1.7
7.96
5.61
0.33
0.41
0
0.7
6.7
7.73
1.2
0.26
2.03
16.63
17.45
1.57
3.36
8.87
12.9
8.53
19.76
3.22
2.77
3.28
8.03
3.07
14.56
6.37
4.29
0.27
0.02
0.81
0.53
0.17
1.39
8.03
8.2
13.58
1.59
1.2
0.44
5.39
6.07
3.81
0.57
0
11.98
6.99
0.05
4.01
1.48
0.27
0
0
0
0.59
0.07
7.22
1.2
0
0
0
0.01
0.27
3.24
9.89
3.28
1.88
0.56
0.2
0
0
0
0
0
17.78
1.9
1.2
0
0
0.04
0.02
0
0
0
0
0.25
0
0
0
0.43
0.19
0
0
0
0
0
0
0
0
0
0.31
0.18
0.89
0
0.21
0
0
0
0
0
0
0
0
0
0
0
0.23
1.39
0.43
0
0
1.15
2.54
0.14
0
0
0
0
0.12
0.31
0.76
1.37
11.66
1.56
0
0
0.05
6.16
2.01
0.2
0.45
0
0
0
2.49
0.23
0.03
17.83
0.11
0.03
0
0.7
0
0
0
0
0
0
0
0.01
0.47
0.36
20.88
7.82
0.23
0.09
1.64
0.84
0.43
0
0.07
0
0
0
0
0.95
0.35
0
0.01
0
1.81
0.16
0.02
0.18
0
0
0
0
0
0.02
2.7
5.44
2.2
0.55
0.3
0.18
0.28
0
0.06
0.14
0
0
0
0
0.01
0
0
0.15
0
0.37
0.12
0
0.04
1.51
1.3
0.96
0
5.14
0.91
0.43
0.88
0.45
0.02
0
0
0
0
0.33
0
0
0
1.55
0.22
0
0
0
0
0.76
5.45
3.88
5.61
2.84
1.11
2.52
13.35
7.26
1.42
8.78
1.52
0.41
0.13
0.26
0.23
0.63
7.97
11.95
1.24
1.88
1.26
3.19
7.86
7.67
7.37
7.58
0.3
1.04
6.35
1.36
0
0
0.02
0
0.02
0.04
0.07
0
0.42
8.43
13.26
23.15
18.6
12.5
12.2
11.71
5.09
2.17
4.11
3.27
6.21
0.44
0.3
0.68
0.51
1.8
2.45
1.98
0.23
0.71
0.39
0.57
0.07
0
0
2.34
0.64
0.41
0.4
4.17
2
4.13
8.54
1.63
2.1
2.8
2.16
0.09
0.11
0.39
1.8
2.43
7.97
4.03
1.19
0.36
0
3.05
2.15
0
0
0
0
0.04
0.06
0
0
0.03
0.02
0.25
0
0
0
0
0.01
0
0
0.45
1.31
0.88
0.32
0.23
0
0
0
0
0
0
0.13
0.05
0.23
0.3
0.27
0.69
0
0.55
0.25
0
0.9
4.68
7.36
4.2
1.93
0.06
0.1
1.35
2.11
0.41
0
0
0.02
1.88
3.14
1.14
1.47
0.67
0.44
1.3
2.85
2.12
0
0
0
0
0
0
0
0
0.07
0.23
0
0
0
1.64
0.97
0.13
0.07
0
0.43
0
0
0.16
1.23
11.07
17.3
4.83
0
0.35
0.5
1.51
0
4.89
1.94
0
0
0
0.01
0
0
0.15
0
0
0
0.01
0
0
0
0
0.01
0.02
0
0
0
0.01
0.01
0
0.02
0
0.01
0
0
0
0
0
0.25
0
0.11
1.59
7.55
1.55
0
2.04
0
0
0
0
0.06
1.89
0
0.02
0
0.37
2.99
0
0.02
0
0
0
0
0
0
0
0
0
0
0.11
0
0
0.02
0.72
0
0
0.59
0
2.28
17.97
8.06
9.96
12.35
4.99
1.56
1.84
0.31
0
0
0.01
0
0
0
0
0.08
0.54
7.34
35.02
25.91
4.41
0.22
1.24
5.66
3.42
0
1.08
3.86
14.57
7.14
2.01
3.02
4.91
3.3
1.91
1.25
0
3.3
2.14
11.85
5.12
0.52
0.37
0.68
2.75
3.86
10.22
6.56
0.28
0
0.15
0.5
5.46
8.34
7.36
0.25
0.08
0.39
3.24
3.07
11.34
30.02
14.27
5.29
5.58
2.42
0.02
0
0.02
0.01
0
0
0.09
0.08
0.06
0.05
0
2.6
1.45
0.9
0.8
0.24
0.06
0.28
0.09
0.09
9.32
21.21
3.87
0.93
5.64
2.74
0.21
0.36
0.34
8.84
8.64
1.13
0
0
0
0
0.01
0.01
0
0
0
0
0
0
0
0.04
0.02
10.24
14.26
8.43
0.78
0
0.02
0
0
0
0
0
0
0
0
0
0.04
0.2
0.09
0.63
8.2
4.05
0.3
17.16
8.07
2.66
0.79
1.72
3.51
0.29
0
0.82
0.09
0
0
0
0
0
0
0.55
0.05
0.01
0
0
0
0
0
0.09
0
0.01
0
0.14
1.58
1.15
0.18
0
0.01
0
0
0
0.06
0
0
0
0
0.01
0
0
0
0.01
0
0
0
0
0
0
0.01
0
0
0
0
0
0.02
0.09
0
0
0
0.48
0.93
2.16
3.35
1.63
0.3
1.54
4.56
0.55
0
0
0
0
0
0
0
0
0.03
7.42
3.73
0.38
0
0
0
0
0.14
0
0
0
0
0
0.49
2.13
2.12
0.24
0.2
0.01
5.05
3.34
0.28
0.23
3.38
2.09
1.43
0.79
2.14
0.44
0.01
0
0
0
0
0.06
0.09
0.11
0
5.3
6.32
12.76
16.12
7.88
3.75
0.04
0
0.01
0.01
0.02
0.16
0.07
0
0
0
0
1.1
8.21
10.31
4.51
6.44
2.47
2.5
0.09
3.79
2.87
2.54
4.66
0.25
0.87
10.55
5.81
0
0
0
0.23
0
0.05
0
0
0.02
0.26
0
0.01
0
0.2
0
0
0
0
0
0.5
0
0
0
0
0
1.18
0.49
0.75
1.55
0.01
0
0
0
0
0.04
0
0
0
0
0
2
1.81
0
0.11
0.53
0.54
0
0.01
0
0
0
0
0
0
2.18
0.7
0.01
0
0
0.2
2.25
2.54
0
0
0
1.52
0
0.32
0
0
0.02
0.05
0
0
0
0
0
0
0
0.8
0.3
2.91
0.73
0.01
0.04
0
0
0
0
0
0
0.01
0
0.04
0.04
0
0
0
0
0
0
0
0.02
0
0.52
0.09
0.01
0.06
0
0.01
0
0
0
0
0.42
0.68
3.53
0.63
5.21
4.22
2.1
1.12
3.3
5.15
4.1
0.25
0
0
0.07
0
0
0.09
0
0.07
4.51
2.68
3.11
6.4
7.52
4.86
20.95
9.34
3.2
0
0
0.01
0.01
0
0
0
0
0
0
0
0
0
0
0.01
0.01
0.02
0.59
0
0
0
0
0
0.11
0.57
0.02
0
0
0
0
0
0
0
0
0
0
0
0.1
0.06
0.12
1.04
12.02
14.19
6.08
14.78
11.86
9.42
5.8
0.7
0.23
0.09
0.11
0.13
0.11
0.09
0.13
4.46
1.84
8.52
8.92
3.34
4.89
2.73
0
0.16
0.16
0.17
0.12
0.24
0.4
0.43
0.32
0
0
0.18
0.11
0
0.42
3.29
2.3
0.88
3.41
1.14
1.82
1.27
3.02
8.56
2.36
1.01
0.48
5.29
0.41
0
0
0
6.76
9.38
3.77
2.63
5.31
2.55
0.67
0.38
7.38
0.48
0.01
0
0
0
0.15
0.02
0.08
0
0
2.03
0.16
0.07
0
0.01
0.1
0.15
2.89
8.47
1.14
1.85
0.36
0.23
0.01
0.09
0
0.26
0.82
7.55
6.85
11.47
2.19
3.39
3.45
3.74
0.71
2.24
1.95
0.27
0
0.2
12.6
2.25
3.14
0.05
0.19
0.12
0
3.97
5.36
3.2
0.95
0.42
4
1.21
0.02
0
3.44
1.18
0.78
0.89
4.01
0
0.98
1.95
4.19
5.46
15.32
4.68
1.14
0.72
3.63
7.11
1.25
0.19
0.16
0
0.05
0.06
1.23
0.54
0
0
0.98
1.74
2.21
0.02
0
0.15
0
0
0
0.02
0
6.05
5.87
0
0.02
0.09
0.22
0
0
0
0.06
2.15
0.65
0
0.08
0.57
0
0
0
0.06
1.3
1.66
15.73
22.07
1.48
0.62
2.87
4.17
0
0.11
0
1.39
5.8
0.02
2.29
5.37
0
0.12
0
0
0
8.41
8.36
1.02
0
0.04
0.02
0
0
0.02
3.49
8.15
0
0
0
0
0.02
0.03
0
0
0
0
0
0.05
0.01
0
0.02
0
0
0
0
0.02
0
0
0
0
0
0
0.03
0.01
0
0
0
0
0.13
1.2
0.94
7.04
6.65
0
0
0.01
0.32
0.07
0.01
0
0
0
0
0
0
0.02
0
0.02
0
0
0
0
0.01
0
0
0
0.44
0
0.53
0
0
0
0
0.04
0
0
0.1
0
0
0
0.03
0
0.01
0
0
0
0
0
0.16
0.31
0
0
0.05
1.57
1.17
0.7
0
0.14
0
4.35
3.55
0.36
0
0
0.13
0.85
0
0.02
0.79
0
0.01
0
0.04
0.01
0
0
0
0
0
0
0.07
0
0
0
0
0.16
0
0.1
0.09
18.04
5.85
19.87
9.3
2.71
2.47
0.22
0.75
10.71
1.14
0.02
0
0
0
0
0
0
0
0
0
0
0
0
0
0
0
0.02
0
0
0.01
0
0
0
0
0
0
0
0.09
3.69
6.4
1.84
0
0
0
0
0
0
0
0
0
0.11
0
0
0
0
0
0
0
0
0.71
3.97
6.51
3.98
7.91
2.54
0
1.62
1.3
0.19
1.5
0.89
0.06
0.01
0
0.01
0
0
0.05
0
0.01
0
0
11.47
16.59
3.34
3.43
7.34
3.38
3.46
1.25
0.71
2.91
1.07
0.7
0.1
0.08
0
0
0.01
0
0
0.07
0.77
0.65
0.09
0.72
6.82
6.03
2.94
0
0.17
0.34
0.41
3.1
0.46
0.61
8.9
1.16
0.23
0
0.02
2.02
5.18
2.91
4.42
0.89
0
0
0
0
0
0.09
0.12
0.05
5.82
1.4
0.27
0.3
0
0.2
7.23
1.87
0.12
0.11
0.06
0.06
0.01
0
0
0
0
0
0
0
22.57
14.79
1.63
0
25.81
12.02
3.73
3.32
3.09
1.38
0.21
0
0.02
0.42
0
0
0
0
0
0.05
0.07
0.42
8.18
3.8
0.27
0.67
0.08
0.41
0.18
5.83
7.14
20.19
10.96
3.66
5.82
0.44
0.27
0.56
5.91
9.77
6.11
0
2.95
3.95
6.66
2.95
0.19
0.06
0
0.07
0
4.4
1.92
1.97
0.75
0.34
0
1.56
2.73
7.34
5.84
0.01
0.22
2.48
0.8
0.27
0
3.35
0.76
0
0.06
0.01
0
0
0
0
0
0
0
0
0
0
0.03
0.04
0.02
0
0
0.01
0
0.01
0.01
0
0
0.01
0
0.02
0
0
0.01
0.1
0
0
0
0.01
0
0.47
1.61
0.04
0.13
0.03
0.05
0
0
0
0
0.02
0
1.23
14.38
8.28
0
0
0
0.04
3.89
1.52
0.76
0
0
0
0
0.05
0
0.07
0
0.14
0.01
0
0.86
0.57
0.02
8.15
10.29
15.05
3.88
0.99
0.15
0
0
1.79
6.86
3.98
0.53
0.01
0
0
0
0
0
0
0
0
0.01
0.26
4.88
4.59
0
0
0
0.06
0.01
0
0
0
0
0.04
0
0.01
0.02
0
3.05
1.14
0.05
0
0
0.02
0.05
0
0
0
0.08
1
0.4
0
0
0.52
0.68
1.14
0.1
0.02
0
0
0
0
0.02
0.25
0
0.32
4.18
0.36
0
0
0
0
0
0.03
0
0
0.09
0
0.62
1.04
0.51
0
0
7.22
0.14
0.57
3.58
3.07
0.48
0.1
0
0.02
0
0.05
1.08
3.94
8.9
9.11
2.97
8.87
1.24
2.12
0.3
0.08
0
0
0.01
0
0
0
0
0
0
0
0
0
0
0
0
0
0
0
0
0
0
0
0
0
0
0
0
0
0
0
0
0
0.02
0.02
0.04
0.12
0.26
0.74
0.71
2.45
6.41
6.87
4.48
2.08
3.28
10.58
9.93
3.13
0.48
0
0.3
0
0.79
0.24
0.16
0
0
0
0.05
4.58
7.39
6.91
1.23
0
0
0
0
0
0
0
0
0
0
0
0
0.02
0.13
0
6.08
3.14
0
0.45
0
2.79
1.66
0.11
1.44
0.14
0.22
0.01
0
0.19
0.11
0.34
0
0.04
0
0
0
0
0
0
0
0
0
12.78
24.4
11.05
2.8
0.04
0.02
0.12
0
0.14
1.24
0
0.19
1.5
0.63
9.02
9.89
2.91
1.58
0.61
5.05
0
1.1
0
2.82
1.22
1.27
0.29
0.29
0
0
0
0.14
0
0
0
0.09
10.19
11.14
3.27
0
0.89
1.05
0.35
0
0
0
0
0
0
0.01
0.2
0.29
2.2
0
2.72
9.64
6
2
0
0
0
0.09
0
0
0.02
0.06
2.75
0.66
0
0.13
0
0.57
1.72
0.28
1.94
6.89
1.45
3.76
5.12
3.6
1.16
0.94
0.42
2.8
4.31
2.31
0.08
5.66
0.85
1.34
0.88
9.54
8.35
2.48
0.61
0
0.05
0
8.34
2.66
0
0
0.08
0
1.57
0.55
1.21
0
0.1
3.98
0.71
0
0
2.79
1.49
0
0.05
0
0.01
2.72
0
0.21
0
0
0
0
0.01
0
0
0
0
0
6.48
6.41
0.11
0.01
0
0.09
0
0.13
5.36
1.43
1.71
4.99
0.05
6.61
14
11.8
3.11
0
0
0
0
0.12
0.09
0
0.07
0.04
0
0.62
0
0
7.54
1.71
0
0.16
0
0
0.01
0.01
0.04
0
0.41
0
1.24
4.09
6.53
13.31
2.29
0
3.32
1.09
0.63
2.43
0.88
0
0.1
0
0
0.42
11.58
19.61
16.29
3.15
5.93
0.89
0.05
0.18
2.08
1.48
1.12
0
0.14
0.64
9.3
2.87
0.6
6.97
3.27
0.28
0.09
0
3.95
1.63
0.27
1.36
0.05
4.95
1.8
11.11
11.2
8.94
6.16
1.59
0
0
0
0
0.05
0.07
0
0
0
0
0
0
0
0
0
0
0
0
0.38
0
1.39
0.43
4.53
9.66
3.09
0.46
0.09
0.09
0.07
0
0.29
0.15
0
0.01
3.66
9.99
21.67
4.44
0
0
0.2
4.74
4.73
0.88
0.04
0.07
4.27
19.68
25.61
10.42
10.96
1.7
0
0.23
2.28
0.64
0.2
0
2.34
5.68
1.73
7.23
5.78
0.73
0.2
0.02
1
0.29
20.14
5.91
7.57
3.02
1.41
3.25
2.25
9
6.89
1.43
3.36
2.89
0.59
4.34
6.59
3.42
0.18
0
0.12
0
1.03
4.24
8.43
3.64
6.36
1.09
0.13
0
0.63
5.42
9.01
9.45
5.6
2.12
8.09
5.16
1.9
0.72
1.46
0.63
0
0
0
0.06
0.03
0.25
0
0.11
0
1.09
8.15
5.25
0.01
0.13
0
0
0
0.02
3.8
0.77
0.23
19.2
6.41
6.14
0
0.2
0.06
2.48
0.02
0.33
0
0
0.05
0
0
0.34
0.02
2.29
0.08
0.09
0
0.04
0
0
0
2.75
3.8
1.52
0.78
0.03
0
0
0
0.03
0.01
0
0.43
0.06
0.41
1.36
3.99
1.42
0.91
0.45
4.5
2.28
0
0
0.37
0.12
0
0.15
5.39
1.32
0
0
4.28
0.11
0.73
1.66
0.09
1.55
4.42
1.19
1.2
0.42
1.11
0.05
0.04
2.13
9.62
8.43
8.96
4.29
3.49
0.14
0.06
0.13
0
0
4.75
0.96
0.51
17.2
6.41
0.05
0
0
1.25
0.08
3.02
0.66
0.98
5.24
0.48
0.01
0
0
0.13
0
0.12
0.16
0
0.05
0
0
0.01
0.32
1.26
0
2.4
0.17
0
0.02
0.02
1.92
6.8
9.67
0
0.01
0
0
0
0.77
10.11
2.94
1.63
0.8
0.05
1.44
0.16
0.38
0
0
0.18
8.77
3.61
0.03
0
0
0
0.02
0
0
0.08
0
0
0
0.09
0.3
0
2.1
1.45
1.8
0.01
0
0
0
0.02
0.25
0
0.19
0
0
0
0
0
0
0
0
0
0
0.05
0
0
0
0
0
0
0.19
0
13.02
1.55
0
1.57
0.78
0.92
1.84
2.69
0.21
0
0
0
0
0
0
0
0
3.45
16.63
8.89
10.05
9.28
1.47
0
0
0
0
0.07
0.05
4.41
18.35
5.73
6.13
2.75
9.18
0.46
0
0.93
0.4
0
0.04
0
0
0.2
0.02
0
0.16
0.11
0.09
0.09
0.15
0.14
0
0.01
0
0.15
0
0
0
0
0
1.88
1.97
8.87
3.41
0
0
0
0.14
0.03
1.39
2.27
5.62
15.53
4.48
0.22
1.11
6.27
6.5
2.45
27.66
10.06
0.96
1.94
0.48
1.81
0
0
0.22
4.2
0.21
0
1.23
4.67
6.16
1.79
1.31
0
0
0.16
0.33
8.95
3.05
0.22
0.07
0.61
0.26
0
0.14
0.06
0.12
0
0.16
0
0.16
1.74
3.24
2.33
4.46
3.07
2.61
1.09
0.88
3.75
1.4
5.7
0.68
0.2
1.34
2
0.16
1.62
12.07
4.02
0.04
0.05
0.09
0.84
0.82
0.04
0
0.3
0.34
1.74
4.91
5.61
3.16
0
0.01
0.83
4.95
5.12
3.02
2.7
7.82
1.89
0.09
0.03
6.83
9.97
15.3
9.12
13.26
8.59
5.94
13.65
12.53
2.15
0.17
0.12
0
0
0.17
0
0.12
8.5
1.45
0
0.28
1.23
2.2
0.37
0.22
0
0.03
0
0.18
0.05
0
0.19
0
0.09
2.05
0
0.19
4.13
0.82
0
8.82
6.23
0.8
0.1
0.07
0.48
0.98
2.69
1.57
0.15
0
0
0.11
1.1
0.13
0.27
0
0
0
1.91
1.26
12.8
13.04
4.08
5.34
7.49
3
1.25
1.05
7.04
8.3
4.95
0.75
0.08
0
0.46
0.16
0
0
0
0.12
0
0
0.2
0
0
2.61
9.45
9.94
16.95
9.14
0.02
0.73
0
4.04
3.96
2.37
0.75
0
0
0
0.31
0.34
0.25
0.43
0
4.85
3.38
0
0.08
0.2
1.3
0.61
1.88
0.78
3.18
5.83
3.8
3.13
0
0.06
0
0.04
0.01
0.01
0
0
0.23
0.01
0
0
0.01
0
0.04
0
0.02
0
0
0.04
0
0
0
0.02
0
0
0
0
0.01
0
0
0.02
0
0
0
0
0.01
0.02
0
0
0
0.01
0.01
0
0
0
0
0
0.01
0
0
0
0
0
0
0
0
0
0
0.03
0
0.02
0.1
0
0
0
0
0.06
0
0.03
0
0.08
0.3
4.43
7.46
1.46
0.06
0
0
0
0
0
0
0
0
0
0
0
0.04
0
0.03
0
0
0
0
0
0
0
0
0
0
0.41
0.04
0
0
0
0
0
0
0
0
0.01
0
3.59
1.61
0
0.32
0.07
0.41
0
0
0
0
0
0
0
0.13
0.08
0
0
0
0
0
0
0.09
0
0.01
0.04
0.36
3.34
0.65
1.14
0.28
0.04
0.21
0
0
0.16
0
0
0
0.25
0
0
0
0.14
0.01
0
0.83
0.13
0.25
0
1.29
8.63
11.9
2.81
0.97
1.86
9.57
12.85
4.02
1.3
4.55
5.81
8.7
3.09
4.35
2.33
0.36
0.55
1.51
1.52
1.42
1.34
3.57
7.44
10.87
7.64
5.88
2.98
0.78
8.68
3.3
0.54
1.91
11.54
1.66
0
1.42
5.55
1.9
0.75
0
0
0.84
0
0
0.33
0.34
1.95
16.54
18.21
3.5
6.38
3.45
0
0.4
0.96
13.63
25.29
11.28
1.35
0
0.3
2.28
9.69
1.79
5.09
6.35
3.41
6.61
2.78
9.6
12.79
12.5
7.85
7.47
6.6
1.72
0.41
0
0.13
0
0.01
0.05
0.13
0
0
0.19
0.16
0.45
1.98
0.91
0.16
0.05
0.09
0.01
0.86
4.81
5.29
0.76
0.15
0.08
0
0
3.58
0.82
5.62
5.36
7.53
6.87
5.42
3.08
1.77
2.43
2.98
8.88
5.91
2.94
1.16
0.89
0.12
0.06
0
0.01
2.45
7.64
4.41
0
0
2.71
9.15
4.54
2.93
0.5
13.27
15.14
2.13
0.24
0.08
0
0
0
0
0.08
0.01
0
0.09
0
0
0
0
0
0
0
0
0
1.55
2.36
1.88
3.07
2.49
0
0.13
0
0
0
0.02
0
0.2
0
0
0.02
0
0
0
0.01
0
0.45
0.96
1.77
3.3
17.64
16.57
5.33
0.39
0.95
0
2.58
0
0
1.54
4.87
2.28
0.11
0.01
0
0.17
0
0
0
0.02
0.01
0.1
0
0.02
0.02
0
0
0.25
3.19
11.29
1.91
0.23
5.16
1.59
5.59
3.78
0.91
1.05
0
0
1.23
4.08
6.99
2.44
0
0
0.05
0.29
0.02
0
0.13
0.44
0
0
0
0
0
0.02
0
0.05
0
0
0
0.02
0.01
0.02
0.29
0
0.24
0
0
0
0
0
0
0
0
0
0.12
0
0
0
0.01
0.01
0
0
0
0
0
0.26
3.54
0
1.59
4.69
2.5
0
0
0
1.79
2.56
1.2
0.11
1.01
0.57
0.06
0.99
7.48
6.15
3.93
0
2.54
4.34
6.13
7.1
0.31
0.03
0.4
0
0
0.16
0
0.03
0
0
0
0
0.88
0.16
0.34
11.82
1.72
0
15.65
7.84
1.36
10.18
13.98
11.07
15.65
5.21
0
0
0.32
0.63
3.44
2.34
2.85
3.77
8.56
10.06
4.98
2.85
0
0.13
0
0
0
0.07
0
0
0
0
0.22
0.99
0.15
0
3.28
7.58
12
2.54
0
0.33
0
0.02
0
0
0.11
0.06
0.01
0.11
0
0
0.15
0.11
0
0
0
0.11
0
0.14
0
0
1.14
0.4
0.79
0.05
0.07
0.64
0
0
0
0
0.16
0.46
0
0
0.86
2.87
11.9
6.13
0.45
0.5
0.08
0.1
0.34
0.06
0.03
0
0
0.05
0
0.01
0.16
2.22
3.1
1.17
0.96
0.15
0.24
0
0
0.94
0.02
0.08
1.54
0.85
0
0
0.21
0.56
0.45
0.01
0.2
0
0
1.41
2.51
0.37
0
0
0
0.11
0
0.14
0.05
4.35
1.08
0.02
0.02
0
0
2.38
0.32
0
0.13
1.53
3.32
4.05
6.73
1.99
0
3.29
6.89
2.88
0
0.43
0.23
0
4.9
3.79
1.43
0.03
0.11
0
0
0.01
0.09
0
0.55
0.59
0.69
0
0.02
6.2
7.88
5.15
13.16
7.47
1.27
0
0
0
0.86
0.67
0.56
1.23
0
0
0
0
0.12
0
0
0.27
0.33
0.63
0.17
0.02
0.25
0.95
9.94
3.81
0.08
1.29
3.75
0.03
0
0
0.01
0
0
0
0.05
1.52
7.48
5.23
2.35
0.99
2.81
12.89
10.69
10.08
7.75
0.06
0
0
0.43
0
22.13
0.01
0
0.39
0
0
0.21
0
0
0
0
0
1.41
4.29
4.77
2.61
1.27
0.15
0
0
0
0
0
0
0
0
3.11
7.65
3.68
0.6
10.74
15.91
10.46
4.57
0.01
0
0
0.24
0
0.23
0.21
0.15
0
0
0
0
0.01
0
0
3.89
0.05
0
0
0
0.3
0.01
0
0
0.49
0
0
0
0
0
0
0.05
0.02
0.23
0.15
0
0.04
0.04
0
0
0
0
0
0
0
0
0
0
0
0
0
0
0
0
0
0
0
0
0
0
2.97
0
0.02
0.01
6.63
0
0.15
0.02
7.22
2
0.47
0
0.7
0
0.18
0
0
0
0.5
0
0
0
1.45
0
0.47
4.2
0.65
0
0.16
0
0
0.01
0
0.6
0.55
0.29
2.87
2.44
0.46
0
0.25
0
0.36
0
1.68
4.45
0
1.36
0.01
0
0.2
0.94
0.44
0
1.09
2.13
0.92
0
0.07
0.16
0.45
0.5
13.56
13.14
0.44
0.03
0
0.77
0.3
0.08
2.36
11.11
3.3
0.78
0
0
0
0
0
0.36
4.49
1.54
2.47
1.19
2.65
5.31
40.23
4.16
3.03
3.75
2.96
0.57
0
0
0.04
0.15
0.36
0
0.01
0
0.01
0
0
0.32
2.06
0.1
0.09
0.1
1.93
0
0
0
0.09
0
0.01
0
0
0.13
0
0
0.02
0
0.15
1.76
0.08
0.16
0
0.73
1.41
0
0
0
0
0
0
0.15
0
0
0
0
0
0
0.21
0
0
0
0
0
0.23
0.16
0.21
1.8
1.05
0.2
0
0.17
0
0
0
0
0.25
0
0
0.33
0
0
0
0.27
0
0
0
0
0.27
0
0.01
0
0
0.18
0
3.07
12.34
1.51
2.29
0.68
0
0.1
0
0
0
0.97
0.7
0
0
0
0.01
0
2.07
3.51
1.59
0
0.04
0
0.22
0.32
0
0
0.58
0.01
0.01
0.31
1.48
0
0
0
0.45
0
0.03
0.29
0.1
1.52
0.47
0.12
0
0
0.3
7.11
8.41
4.97
1.73
0.44
0.54
6.55
1.11
0
0.26
0.95
0
0.48
4.15
12.43
3.01
16.3
7.49
0.91
2.07
1.45
0.16
0.16
0.03
0.39
0.91
7.18
1.91
0.85
3.3
0
10.73
1.29
0
0.18
0
0.02
0
0
0
0.37
6.94
15.14
10.13
7.92
8.93
0.2
0.02
0.3
0
0
0
0
0
0.29
0
0
0
2.4
9.89
0
0
0
1.91
6.14
1.47
0.01
0.16
0.59
0.07
0
0.18
0
0
0.21
0.18
0
0.22
0
0.27
0
0
0
0
0
0.18
0
0
0.08
0.13
1.16
2.06
1.34
1.61
1.64
0.87
0
5.2
0
0.28
0
0
0.14
0
0.48
0.33
0
0
0
0
0
0.01
0.18
0
0.01
0
0
0.01
0
0
0
0
0
0.14
0
0.13
0
0
6.27
1.77
0.55
0
0.34
1.35
3.68
0
0
0.1
0.09
0
0
0
0.89
0
0
0
0
0.01
0
0
0
0
0
0
0.02
0.9
4.68
0
0
0
0
0
0
0.02
0
0
5.17
1.57
0.2
0
0
0
0.28
0.02
1.16
0.39
0
0
2.4
3.44
1.8
0
9.13
7.37
1.89
0.07
0
0.06
3.07
0
0.93
0
0
0
0.3
0.45
0.22
0.16
0
0.11
0
0.07
0
0
0
0.3
0
0.85
1.57
0.17
0
0
0.12
0.43
0
0
0
0
0
0
0
0.16
0
0
0
0.21
0
0
0
0
0
0
0
0
0
0.3
0
0
0
0
0
0.01
0.1
0
0.01
0
0
0
0
0
0
0.02
0.22
0
0
0
0.2
0.55
0.99
0.55
0.44
0.75
0.61
0.41
2.18
12.02
1.04
0.66
7.22
10.94
5.39
6.48
0.59
0.46
10.5
17.04
21.36
11.58
12.85
9.35
0.82
0.01
0
0.23
0.01
0.02
0
0.02
0
1.71
6.78
1.1
0.22
0.13
2.81
7.21
0.44
0.75
0.27
0
0.2
0.01
0.13
0.52
0.01
0.01
0
0
0.13
0.01
0
0
0
0.06
0
0
0
0
0
0
0
0
0.05
6.89
3.23
13.73
3.45
0.26
3.85
1.99
0.12
4.43
0.5
0.54
3.34
1.61
0.88
1.55
0
0
0.01
0
0.19
0
0
0
0
0.16
0
0
0
0.3
0.01
0
0
0.04
0
0
0
0
0
0
0
0
0.01
0.02
0.49
2.5
1.11
11.86
4.99
0.06
0.57
4.73
1.11
0.95
0
0
0.2
0
0.43
0.27
1.13
0.41
0.28
9.65
11.05
14.5
3.05
0
0
0
0.18
0
0.02
0.02
0.16
0.54
0.21
0
0
0.13
0.38
0
0
0
0.21
0
0.11
0.32
0
0
0.01
0.06
24.23
7.83
0.37
0.13
0
0.02
0
0.21
0
1.27
3.87
5.55
8.88
13.11
9.82
7.36
2
0.47
17.45
10.82
0.58
0.01
0.04
0.42
2.81
4.7
2.21
0
0
0
0
0.1
0.17
0
0
0.12
0.12
0
0
0.1
0.21
0.08
0.26
0
0
0.16
0.28
0.16
2.36
29.26
1.74
0.78
0.03
1.63
0.37
0.01
0
0.39
0.08
0
0
0
0.06
0
0
0
0
0
0
0
0
0
0
0
0
1.88
12.38
1.2
0.05
0.02
0.16
0
0
0
0
0
0
0
0.11
0.01
0
0.41
0.84
0
0
0.01
0
0.03
0
0.44
5.9
0
0
0.13
3.01
0.2
0.01
0.02
0
0
0
0
0
0
0
0
0
0.06
4.15
1.33
0.17
0.01
0.22
2
0
1.59
1.11
7.32
0.74
0.12
0
0
2.47
19.82
0
0
0.16
4.77
0
0
0
0
0
0
0.23
0
0.16
0
0.08
0
0.37
7.31
0.66
0.1
0.01
2.59
9.71
1.02
0.59
0
4.2
0.21
1.63
0.01
0.01
0
0
0
0.19
0
0
0
0
0
0.93
30.8
23.07
9.16
0.55
0.03
0
1.67
3.61
0.2
0.52
0.08
0.03
0.03
0.02
0
0
0
0
0.09
6.64
4.86
1.71
0
0.34
0
0
0
0
0
0
0.05
0.31
1.04
0.61
1.32
0.74
4.66
1.16
0
0.01
0.07
0.85
0.17
0.77
3.14
0.5
0
0
0
0
0.01
0.02
0
0
0
0
0
0
0
0
0
0
0
0
0
0
0
0
0
0
0
0
0
0
0
0
0
0
0
0
0
0
0
0
0
0
0
0
0
0
0
0
0
0.21
1.6
0
0
0
0.07
0.01
0
0
0
0
0
0
0
0.03
0.99
0.43
0.4
8.66
0.43
0.39
0
0
0
0
0
0
0
0
0
0
0.01
0
0
0
0.2
0.13
0
0
0
0.01
0
0.05
0
0
0
0
0.36
1.38
0.01
0
0.03
0.89
0.45
0.13
0
0
0
0
0.01
0
0
0
0
0
0
0
0
1.34
8.56
5.11
2.58
11.26
0.45
8.77
3.66
15.96
0.54
1.52
0.09
0.41
1.73
8.14
0.45
0
0
0.02
0
0.02
0
0
0
0
1.42
2.34
2.58
2.07
1.16
8.29
0.28
0
0.07
0.13
0.49
0
0
0
0
0
0
0
0
0
0.07
0
0
0.1
0
0
0
0
0.03
0.23
0.02
0.1
0
0
0
0
0
0
0
0.02
0.23
5.21
1.24
4.13
7.01
0.52
0.1
0.45
0
0
0.2
1.87
13.68
1.06
1.26
2.55
0.24
0
0
0.08
0
0
0
0
0
0
0
0
0
0
0
0
0
0
0
0
0
0
0
0
0
0
0.01
0.09
0.41
16.24
0.81
0
0.12
6.09
0.72
0
0
0
0
0
0
2.28
0
0
0.01
0.01
0.02
10.88
2.95
0
0.01
0
3.52
0.55
0.37
0.01
20.4
9.04
0
0.07
0
0
0
0
0
0
0
0
0
0
0
0
0
0
0
0
0
0
0
0
0
0
0
0
0.01
2.87
0.41
0
0
0
0
0
0
0
0
0
0
0
1.41
2.53
0.36
0
0.34
0
0
0
0
0
0
0
0.01
0
0.09
0.41
2.34
6.24
0.17
0
0
0.12
0.45
1.55
5.7
3.36
0.56
0.29
10.44
0.69
0
0
0.37
8.09
4.85
6.16
9.04
0.79
3.01
14.66
3.4
0.26
0
0.09
0
0
0.02
0
0.09
0
0
0
0
0
0
0
0.01
0
0.37
0
0
0.7
0.83
5.66
8.21
2.7
6.5
15.3
4.01
11.06
3.54
1.96
1.71
0
0.01
0.01
0
0.01
0.1
0.04
0.01
0
0
0.27
0.05
0.04
0.63
2.65
4.09
0.48
0.13
0.02
0
0
0.03
0.13
0.13
0.32
1.59
0.98
9.77
5.54
0.96
1.89
1.8
0.47
2.45
0.3
0
0.71
1.41
0.64
1.84
1.03
0
0
0
0
0
0.01
0
0
0
0
0
0
0
0
0
0.02
0
0.23
0.14
2.39
0.42
0.09
0.03
0.5
19.28
15.59
0.48
0.02
0
0
0
0
0.09
0.09
0.01
0
0
0.17
0.11
4.5
4.49
10.09
5.55
2.45
1.53
8.63
13.08
3.02
0
2.29
8.27
1.79
0.2
0.63
12.9
0.96
1.66
11.61
0.93
2.11
2.69
0.19
0
0.05
0.16
0
0
0
0.41
1.41
1.3
9.17
2.32
0.08
0
0
0.18
0.2
0.15
0
0
0.71
2.45
0
0
0.09
1.63
4.42
6.92
4.02
0.95
0.24
9.37
2.88
2.48
2.7
0.09
0
0
0.11
30.84
14.2
1.04
5.03
16.51
3.23
0.89
9.05
8.28
4.36
1.46
4.68
0
4.63
0.04
2.98
1.03
0.02
0
0.02
2.97
22.85
18.05
0.76
0.18
0
0
0.01
0
0
0
0
0
0
0.02
7.5
4.03
0
0.81
0.84
0
0
0
0
0
0.01
0.03
0
0
0
0
0.02
0
0.24
0
0
0
0
0
0
0
0
0.08
0
0
0.09
0.08
0
0
0
0
0.01
0
0
0
0
0
0
0
0.02
0
0
0
0
0.04
0
0
0
0
0.01
0
0.25
0.2
0
0
0
0
0
0
0
2.79
2.24
0.58
0
0
0.01
0
0
0
0
0
0
0
0
0
0
0.01
0
0
0
0.08
0
0
0
0
0
0
0
0
0
0
0
0
0
0
0
0
0.29
12.02
0.9
0
1.83
5.12
4.64
4.25
0.16
0
0
0
0
0
0
0
0
0.01
0
0
0.01
0.25
7.73
1.51
0
0
0
0
0.87
6.79
0.77
0
0
0
0.04
2.42
2.76
0
13.89
2.82
9.19
22.98
28.26
1.7
7
0.61
9.27
30.02
5.77
14.29
0.82
1.1
6.92
0.81
0.46
0.31
0.49
0
0
0
0
0
0
2.59
20.73
1.6
0.16
1.37
0
0
0
0
0
0
0
0.09
1.89
0.18
0.04
1.92
0
0.14
0.15
0.02
0.97
0.25
0
0
0.01
0.01
0
0.41
0
0
0
0
0
0
0.48
5.23
5.5
0.61
0
0.21
0.02
0.02
0
0
0
0.29
1.7
4.06
6.38
1.5
1.67
12.82
18
12.59
7.16
1.12
12.52
1.68
0.02
0.07
0.09
0
0
0
0
0
0
0.01
0.01
3.06
8.3
8.5
13.1
7.52
0.38
2.42
1.75
0.59
6.13
7.85
2.79
0.4
0
0.87
0.48
0
0.16
1.32
0
0.05
1.04
3.58
0.91
0.06
0
0.14
0
0
0
0
0
0
0.34
0
0
0
0
0.05
1.86
8.23
1.5
4.17
3.46
0
0.02
0.13
0
0.63
0.02
0
0
0
0
0.1
0.23
6.59
4.94
4.41
5.55
7.47
1.55
0.1
0.45
0.41
0
0.38
0
0.38
0
0
0.03
2.89
17.56
7.76
4.34
4.86
1.02
0.26
0.36
0.01
0.01
0
0.05
0.74
2.9
2.12
6.72
1.12
0.03
0.04
0
0.84
1.95
2.63
3.8
1.83
12.22
5.59
0
0.17
1.26
0.69
0
0.79
2.97
0.77
0.08
0.3
1.53
0.45
0.45
0
1
18.93
2.88
0.78
1.09
0.03
0.03
0.05
0
0
0
0
0
0
0
0
0
0.01
1.25
1.67
0.02
0
0
0
0
2.16
0.7
0
3.49
0.05
0.11
0.08
3.62
1.1
0.01
0.02
0
0
0
0
0.02
0
0
0.29
0.08
1.07
0.14
0.08
0
0
0
0
0
0
0.1
0.04
0
0
0.01
0.01
0.41
2.41
4.28
0
0
0
0
0
0
0
0
0
0
0.03
0
0
0
0
0
0
0
0
0
0
0
0
0
0
0
0
0
0
0
0
0
0
0
0
0
0.05
0
0
0
0
0
0
0
0
0
0
0
0
0
0
0
0
1.8
0.13
0
0
0.74
0
0
0
0
0.01
0
0
0
0
0
0
0
0
0
0
0
0
0
0
0.01
0
0
0
0
0.02
0
0.55
0
0
0.02
0
0
0.06
0.66
4.8
6.76
8.84
2.81
0.86
0
0
0
0.88
1.91
1.8
0.59
0.02
0.15
0.05
0.01
0
0.01
0.09
0.05
0.16
0.04
0
9.65
11.03
0.84
0.12
0.02
0
0.07
0.1
0.18
1.14
9.06
0.56
2.94
3.11
0
0.95
0
0.07
0.17
0.14
0
0
0
0
0
0.09
0.18
8.46
7.73
8.63
3.74
0.83
15.33
11.53
4.88
1.61
2.88
4.61
3.65
2.79
0
1.06
0.13
5
0.05
0
0.22
0.1
0
0
0
0
0
0
0
0.01
0
0.01
0.02
0.03
0
0
0
0.05
4.57
10.59
1.3
0.11
0.03
0.88
2.01
4.97
0.14
0.52
3.8
0.76
0.42
0.35
0.14
5.22
22.96
8.46
7.68
8.29
9.14
6
3.13
12.56
2.24
0
0.73
4.74
0.8
0.01
0
4.11
6.07
1.49
0.33
0.32
0
0
3.33
0.95
0
0.91
0.19
5.25
4.51
0.78
0
0
0
1.18
0
0
0
0
0
0
0.15
0
0
0
0
0
0.01
0.18
14.82
1.52
0
6.76
6.67
4.46
2.41
0.47
4.09
7.1
0.88
0
1.77
2.87
0.82
0.66
1.37
0
0.1
9.39
2.25
3.39
12.39
6.74
8.26
2.3
0.8
0
0
0.01
0.43
0.46
1.21
5.26
3.89
0
0
0.01
0
0.29
0.28
2.23
0
0
0.07
0
0.05
0
0.01
0.32
2.6
0
0
6.26
0.28
0
0
0
0
0
0
0
0.02
0
0
0
0
0
0.15
0
0
0.01
0.03
0
0.69
0.77
0
0.3
7.11
1.82
0.06
0.03
0.15
0
1.8
0.23
0
0
0.09
0
0
2.57
0
0.05
0
0
0
0
0.02
0
0
0.02
0
0
0.04
0
0
0
0
0
0
0
0.03
0.03
3.56
0.86
0
0
0
0
0
0
0
0
0
0
0
0
0
0
0
0.01
0
0
0
0
0
0
0
0
0
0
0
0
0.01
0
0
0
0
0
6.09
6.91
0.2
0
0
0
0
0.38
0.84
0
0.04
0
23.87
2.2
0
0.01
0.05
0.23
5.2
8.68
1.33
5.48
0
4.7
10.59
0.41
0.01
0.18
0
0
0.02
0
0
0.06
0.35
1.06
1.96
6.74
1.08
0
0.05
0.03
6.11
6.1
1.94
5.46
8.8
2.73
3.84
1.89
0
0
0.04
0.39
3.74
10.67
1.17
0.01
0
0
0
0
0
0
0
0
0
0
0
0
0
0
0
0
1.02
10.56
13.68
4.91
1.2
2
1.98
0
0.02
1.17
0.85
0
0
0
0
0.51
0
0
0
0.01
0.01
0
0
0.2
0.23
0.19
6.39
1.64
0
0
0.35
11.89
5.4
0.32
0.2
0
0
0
0.11
2.47
0.59
0.95
0.23
0.07
0.1
0.35
0.35
0.02
0.03
0.05
0.02
0
0
0
0
0
0.01
0.82
20.45
14.03
1.37
9.18
12.86
2.02
1.04
0
0
0
0.04
0.02
0.16
1.71
1.03
0.16
3.38
8.29
9.47
7.78
10.98
6.51
0.69
0.5
12.09
1.35
0
0
0
0
0
0.13
7.59
11.14
1.27
0.16
0.03
0.43
13.27
9.21
2.77
0
0
0
0.05
0.09
7.66
4.55
1.4
0.71
0
0
0
0
0
0
0
0.01
0.48
0.3
0
0.04
0.1
0.23
0
0
0
0
0
0
0.09
0.26
0
0.01
1.93
3.36
0.5
0.06
0.17
0.04
0
0
0.03
11.32
8.96
13.98
6.26
2.44
15.59
15.09
0.1
0.21
0.06
0
0.01
0
0.13
0
0
0
0
0
0
0
1.88
5.41
2.4
0
0
0.06
0.18
0
0
0.02
0
0
0
0
0
0
0
0
0.44
0.01
0
0
0.77
9.42
1.01
0.77
0
0
0.2
6.96
12
0
0
0
0
0.09
0
0
0
0
0
0
0
0
0
0.08
0.26
0
0
0
0.16
0.35
1.13
0.16
0.16
0.07
0
0
0
0
0
0
0
0.65
0
0.07
0.51
0.41
0.16
0
0
0.9
1.04
0
16.72
9.21
1.52
0
0.28
7.05
20.64
13.84
7.22
0
0
0
0
0.06
0.01
0
0
0
3.55
28.86
2.02
0
0.01
0.42
0
0.16
0
0
0
0
0
0.03
0
0
0
0.38
0.01
0.02
0
0.01
0.01
0
0
0
0
0.01
0
0
0
0
0.01
0
0.1
0.51
1.2
0.73
0.02
0
1.89
0.06
0
0
0
0
0
0
0
0
0
0
0
0
0
0
0.27
0
4.05
2.11
0.03
0.79
2.8
4.76
1.32
0.01
0
1.73
0.94
11.12
3.2
3.32
3.84
9.5
0.8
0.12
0.11
18.06
17.24
5.13
0.04
0
0.72
0.41
1.55
0.41
0.05
1.25
7.27
3.14
18.41
8.97
7.88
0.16
0
5.91
1.27
0.95
0.02
0.07
0.03
0.53
1.14
0.37
0.32
3.98
24.13
2.85
0.71
0.05
0.1
0.25
0.55
0
0
0
0
0
0
0
0.03
0.31
1.12
0.7
0.24
0.07
0
0
0
0
0.91
7.02
16.1
11.2
6
1.56
0.06
0.23
1.68
8.97
23.89
6.35
7.27
2.4
1.66
0.89
1.29
0.04
0
0
0.01
0.09
0
0.15
0
0
0.03
0.01
0.02
0
8.36
1.29
0.52
0.02
0.27
4.12
0.71
0
0
0
0
8.04
4.85
9.54
8.4
13.79
5.23
7.98
0.88
0
0
0
0.05
0.33
0.79
3.04
4.33
7.23
1.09
6.57
3.08
0.36
1.72
0.16
0.38
0.98
0.8
8.52
0.99
0
0
0
0.12
0
0.6
0
0.36
3.58
3.16
0.05
0.01
0
0.01
0.01
0.84
0.18
0
0
0.25
0
0
0
0
0.19
1.03
0.27
0
0
0
0
0
0
0
0
0
0
0
0
0
0
0.08
1.9
0
0
0
0.01
0.03
0.01
0
0.37
0.5
0
0.9
7.95
6.75
21.39
4.7
3.62
0.41
1.02
0.22
10.08
15.02
4.61
0.29
1.03
11.23
0.67
1.93
4.23
3.47
1.38
0
2.32
0.34
1.88
22.95
10.02
0
0.53
0.16
0
4.21
1.36
3.61
10.72
3.13
2.61
0.57
3.84
10.73
5.39
1.95
8.89
5.65
2.96
2
7.66
0.09
1.3
0.2
1.23
0
0.38
0
13.66
2.07
1.57
0.72
0
0
0.59
0
0.15
0
3.84
1.61
0.73
0.05
1.76
49.66
33.32
0.95
1.41
1.63
6.65
4.09
4.54
7.23
14.45
0.81
0
0.74
5.07
1.81
7.21
4.36
0.34
12.68
8.26
0.52
11.61
12.09
0.42
0
1.12
2.73
0.74
0.01
0.71
0
0.78
0.02
0
0.29
0
0
0
0.25
0
0.57
0.66
0
0
0
2.55
0
0
0
0
0
0
0
0
0.01
0.01
0
0
0
0
0
0
0
0
0
0
0
0
0
0
0
0
0
0
0
0
0
0
0
0
0
0
0
0.04
0
0.13
0
0
0
0
0
0
0.02
0.12
0
0
0
0
0
0
0
0
0
0
0
0
0
0
0
0
0
0
0
0.16
0.74
0.61
0.14
0
0.13
0.01
0
0.01
0
0.32
0.96
1.32
0
0.86
14.62
13.93
25.36
7.95
8.79
1.97
0.21
0
0
0
0
0
0
0.01
0
0.09
0
0
0.07
0.31
0.04
0.06
0
0.01
2.67
0.88
0.59
0.24
5.77
4.6
1.02
0.36
0
0
0
0
0
0.01
0
0
0.01
0
0.09
0.07
0
0.09
0
13.09
5.75
0.72
0
0
0
0.04
0
0
0
0
0.01
0
0
0
0
0
0
0
0
0
0
0
0
0
0
0
0
0
0
0
0
0
0
0
0
0.44
5.05
0.1
0.01
0.01
0
0.01
0.01
0
0
0
0
0
0
0.72
1
0
0
0
0.04
0
0
0
0
0
0
0
0
0.02
0.1
0.13
0
0.2
3.92
2.57
3.62
1.43
0.01
0
0
0.16
0.06
0.17
0
0
0
0.12
0.06
1.8
12.6
14.41
8.19
2.79
4.09
1.09
0
0.11
0
0.52
0
0.27
4.59
1.91
0.4
0
0
0.01
0.14
0.01
0
1.16
5.74
0.19
0
0
0.07
0
0
0
0
0
0
2.62
0
5.46
2.95
0.1
4.01
5.58
7.76
3.25
2.88
5.6
1.81
1.79
0.77
1.48
3.02
5.05
2.64
0.16
0.45
0.02
0.33
3.66
0.88
3.47
8.9
7.61
19.76
19.05
0.62
4.15
0.41
0.35
0
0
0
0
0
0
0
0
3.77
0.04
0.02
0.02
0.06
3.79
1.61
0.09
0.01
0
5.1
0.33
0
6.98
8.7
14.07
22.54
2.14
5.95
7.31
10.36
16.73
11.89
8.47
4.19
3.21
0.43
0.09
0.03
1.04
0.07
0.41
0
0.09
0
0.03
1.75
10.68
6.26
2.93
5.72
7.5
1.42
0.08
0
0
0
0
0
0
0
0
0
0.03
0
0.01
1.34
0
0.29
0
0
0.01
0.81
0
0
0
0.01
0
0
0
0
0
0
1.23
0.46
1.64
0.93
0
0
0
0
0.02
9.26
1.71
0.25
0.05
0.27
0
0
0
0.01
0
0
0.12
0.03
0
0
0.01
0.01
0
0
0
0
0
0.24
0.04
0
0.01
0.04
0
0.01
0
0
0
3.12
0.06
0.06
0
0.5
2.04
0.58
2.51
6.52
3.23
2.66
0.24
0
0.38
0
0
0
0.23
0.79
0.02
0
0.08
0
0.03
0.01
0
0
0
0.12
0
0
0
0
0
0
0.02
0
0
0.32
0.05
0
0
0
0
0
0
1.41
0.25
19.11
1.55
0.02
0
2.12
0.82
0.01
0
0.52
0.2
1.9
0
0.03
0
0
0
0.52
0.59
0.09
0.66
0
0.02
0.01
0
0.09
0.02
0
0.52
3.2
1.57
3.89
6.48
5.42
20.5
9.52
5.55
12.98
4.84
0.82
6.22
8.21
13.33
2.42
4.18
3.38
4.22
0.93
2.62
1.89
3.59
3.64
2.91
4.14
7.25
1.64
1.23
10.41
6.21
2.68
1.43
13.47
13.79
7.26
0.47
1.13
5.44
0.95
0
0
6.97
6.88
0.93
0.17
0.4
0.2
0
3.52
2.77
6.78
0.17
0
0.02
0
0.65
1.23
0.6
1.39
0
0
0.41
0.7
0.01
0
0
0
0
0
0
0
1.39
0.98
1.18
5.87
4.76
3.45
1.64
5.03
0.59
0.11
0.05
0.04
0
0.06
0
0
0
0
0
0
0.21
0
0
0
0
0
0
0
0.2
0
0
0
0
0
0
0
0
0.14
0.12
0
0
0.22
0.29
2.73
0.01
0
1.27
0
0.13
0
0
0
0.07
0
0
0
0
0
6.78
1.18
0
0
0.47
0.04
0
0.02
0
3.94
4.77
0.18
7.15
10.83
7.2
1.68
4.92
0.74
0
0
0
0.07
0.09
0
0.03
0.01
0
0.02
0.81
0.28
0.73
1.96
1.78
4.95
2.63
0.41
0
0.45
0.01
0.16
0
0
0
0
0.37
0
0
0
0
0.62
4.59
0
0
0
1.34
0.22
1.84
3.49
6.21
1.62
0.02
0
0.01
0
0.12
0.36
0
0
0
0
0.05
0.01
0
0
0
0.09
0
0
0
0.38
0.39
0.08
3.38
3.7
0.12
0.34
0
0
0.07
0
0
1.95
0
0
0.75
0.27
0.38
0
0.01
0
0
0
0
0
0
0.02
0
0
0
0
0
0
0
0
0.86
0
0
0
0
0.8
0.68
0.58
1
0.1
0.16
0
0.7
6.55
0.32
0.36
0
0
5.61
2.52
0.09
0
0
0.05
0
0
6.32
0
0.66
0.12
0.19
0
0
5.21
0
1.44
21.93
0.37
1.44
0.06
3.47
0.05
0
0.03
0.15
0
0
0.01
0.02
0.82
1.73
0
0
0.02
5.78
35.67
5.98
0.13
0
0.37
0
0
0
9.54
0.85
0
1.26
0.55
0
0.01
0.01
0.32
1.22
1
0
0.61
6.91
0
0.82
2.63
0
0
0.2
0.26
2.82
0.18
0
0.57
0
0.09
0
1.74
2.09
1.65
2.44
9.2
0
0.81
12.05
30.56
10.11
4.79
0.17
0.26
1.75
4.02
0.08
3.37
4.05
0.02
1.43
0.01
0.59
0.9
0.14
16
18.59
4.24
0.48
0
0.37
0.72
1.32
0
0
0
1.54
0.32
1.19
6.87
1.32
4.75
8.71
0.66
0
0.23
0.05
0
0
0
0.01
0
0
0
0
1.02
12.13
2.02
1.49
0.01
0
0
0
0.22
0
0
0.54
0
0.02
0
0
0.01
0
2.09
0
1.23
0.2
0.69
0.32
0.16
0.09
0.09
0.01
0.07
0
0.4
5.29
1.24
0.4
0.75
0.56
1.11
0
0
0.11
0.45
0.99
0.07
0
0
0.04
0
0
0.02
0
0
0
0
0.77
0
0.26
3.51
6.74
0.31
0
1.04
1.91
2.09
2.55
2.43
1.15
0
0.48
0.36
0.56
0.03
10.68
1.43
14.71
0.84
0
0.08
0.01
0
0.45
0
0.75
2.17
12.86
1.97
2.35
3.95
0
12.12
11.09
8.69
1.79
3.8
3.3
2.37
3.7
0.91
0.52
0.57
1.92
3.25
0.02
0.26
0
0.44
0.02
0.09
0
0.98
4.02
0.45
0
0.01
0.08
0.29
0.05
1.04
2.32
5.84
0.4
0
0
0
0
0
0.1
4.72
3.97
10.99
20.8
2.28
1.09
0.16
0.51
0.3
0.02
0
0
1.21
1.28
0.36
0.07
0.07
0
0
1.63
0
0
0.14
1.19
0
0.05
0.68
0.16
0
0
0
0
0
0
0
0
0
0
0
0
0
0
0
0
0.01
0
0.09
1.76
4.52
6.16
3.61
3.19
0.55
0
0
0.01
0
0
0
0
0.19
0.06
0
1.75
8.88
0
0
0
0.03
0
0.01
0
0
0.01
0
0
0
0
0
0
8.66
0
7.11
0
0
0
0
0.38
0
0
0
0
0
0
0
0
0
0
0
7.48
0.02
0.21
0
0
0
0
0
0.03
0
0
0
0
0.23
0.05
0.13
0
0
0
0
0
0
0
0
0.03
0
0
0
0
0.34
0
0
0
0.18
0
0.1
0.01
0.21
1.55
0.73
0.01
0
0
0
0.21
16.06
11.3
20.58
0
0
0.04
0.01
0.7
0.11
0
0
0
0
0.19
0.16
0
0.38
3.61
12.73
0.18
0.25
0.29
3.11
2.16
0.65
12.72
2.18
0.36
0.3
0.07
0
0.23
0.01
0.17
0
0
25.2
21.08
9.54
2.79
2.97
1.3
1.19
0.02
0
0
0.02
0
0
0
0
1.04
15.69
5.4
4.21
0.32
0.04
0
0.01
0
0
2.15
1.18
0
0
0
0
0
0
0
0.52
1.5
1.83
6.45
0
0.11
0.27
1.16
0
0.03
0.01
0
2.45
0.5
0
0.21
0.8
14.43
6.96
3.3
3.73
0.02
0.05
0.11
0.02
0
0
0
0
0.03
0.06
0.16
5.82
2.88
0.21
0.02
0
0
0
0
0
0
0
0
0
0
0
0
0
0
0.01
0
0
0
0
0
0.68
4.07
3.03
0
0
0
0.01
0
0
0
0
0
0
0
0.06
0.16
0
0
0.01
0
0.01
0.01
0
0.01
0
0
0
0
0
0
0
0
0
0
0
0
3.18
0
0
0.01
0
0
7.67
1.9
0.27
0.01
0
0
2.82
2.44
0.2
0
0
0.16
2.91
0.52
0.01
0
0
0
0
0
0
0
0
0
0
0
0
0
0
0
0
0
0
0
1.03
0.02
0.08
2.15
0.11
0.15
0
13.03
3.48
5.76
14.96
10.91
6.47
0.11
2.58
0.59
0.22
0
0
0
0
0
0
0
0
0
0
0
0
0
0
0
0
0
0
0
0
0
0
15.57
3.12
0.92
0
0
3.48
0
0.01
0
0
0
0
0
0.06
0
0
0
7.58
3.1
4.08
1.63
0.57
7.3
0.1
0.09
0.15
0.22
11.74
19.87
19.19
4.21
4.04
0.39
0.91
0.91
0.65
0.4
0.21
1.72
4.02
0.02
0.8
3.2
14.36
2.96
6.93
2.52
0
0.07
0
0
4.51
12.95
0
0.04
0.01
0
0
0.02
0
0
0.03
0.02
0
0
0
0
0
0
0
0.11
0
0.04
0
0.04
2.09
0.1
0
0.07
0.05
0.56
0
0.03
0.41
0
3.45
0.56
0.2
0.12
5.61
5.55
0.18
1.33
4.08
0
0
0.33
0.84
0.37
0
0.02
0
0
0
0
0
0.66
0
0.11
0
7.46
0.13
0
0
0.11
0
0.16
0.05
0.02
0.94
1.07
0.06
0.6
0
0
0
0.03
0
0
0
0.08
0
0
0
0.01
0.08
0
0
0.04
0
0
0
0
0
0
0
0.22
13.12
12.96
5.7
0
0.01
0
0.11
0.01
0
0
1.01
0.14
0.16
6.97
7.2
9.47
7.58
5.29
0.36
2.35
6.14
20.93
2.2
17.05
9.97
0.04
0.01
0
0
0
1.34
0.75
3.84
1.21
7.23
7.57
2.16
0.06
0.41
0
0
0.05
0
0
0.01
0
0.01
0
0
0
0
4.09
0
0
0
0
0
0
0
0
0
0
0
0
0
0.04
0.07
0.75
2.45
0.87
11.67
0
9.03
2.31
1.33
0
0
0
0
0
0.54
6.8
4.33
0
0.07
0
0
0
0.03
2.72
2.23
0
0.77
0.12
0
0
0
0
0
0
0.26
0
0
0
0
0
0
0
0.04
0.44
0.13
0
0
0
0
0
0
0
0
0
0
0
0
0
0
0.14
0
0.43
0.19
0.07
0
0.16
1.9
0.02
0.36
0
0
0.64
4.89
3.04
0
0.09
0
0
0
0
0
0
0
0
0
0
0
0.02
1.62
0.36
0.23
2.15
1.53
0.34
0
0
0
0
0
0.09
1.29
0.82
0.38
3.55
5.41
0.52
0
0
0
0.09
0.58
0.55
0
3.8
1.81
0.2
0.01
0
0
0
0
0.03
0
0
0
0.07
0.01
0
0
0
0
0.04
2.07
1.99
0.01
1.51
0.33
0
0
0
0
0.3
1.34
0.02
4.02
14.62
10.92
4.06
5.2
0.63
4.3
1.41
5.41
0.63
0.98
0.58
0.2
0.51
1.35
0.13
9
5.13
1.03
4.8
8.04
1.81
0.49
1.13
9.57
2.42
1.02
0
0.04
0
12.73
19.36
11.84
9.13
1.27
0.5
0.24
0
0
0
0
0
0.3
9.61
4.22
6.16
3.7
14.47
1.53
0.01
0.01
0.08
0.23
0.16
0
0.14
3.56
0
0
0.02
0.25
0.76
0.23
0.32
0
0
0.01
0
0
5.76
0.09
0.33
0
0
0
0
0
0
0
0.05
0
0
0
0
0
0
0
0
0
0
0
0
0.04
0
0
0
0
0
0.01
0
0
0
0
0.76
0.84
0.67
0
0
0
0.33
0.09
0.02
0
0
0
0
0
0
0
0.01
0
0.01
1.94
1.54
0.07
0.06
0.07
0.2
0.05
0
0
0
0.03
0
0
0
0.69
3.57
1.66
0.05
0.1
0
0
0.01
0
1.74
0.02
0.01
0
0.04
0.03
19.87
7.12
0.7
1.29
0
0
0.01
0
6.33
0.25
4.51
0
0.34
7.8
8.39
3.21
4.34
4.81
28.93
8.54
12.54
12.73
6.14
0.71
4.34
3.4
4.61
0
0.32
0.57
0.09
0.54
0.57
0.73
3.11
14.01
14.07
1.14
0.4
1.06
6.82
2.29
5.99
9.95
1.05
5.88
2.55
1.61
0
0
0.06
0
0
0
0
0
0.57
0.16
0
0
0
0
0.01
0.32
0
0
0.8
0.89
4.91
0.7
7.14
0
0
0
0
0.04
0
0.02
0
0.01
0
0
0
0
0.05
0.03
0.03
0.01
0.05
0.03
0.03
0
0
0.1
0
0
0.25
1.66
0.05
0.03
0.75
1.05
0
0.99
4.97
0.98
9.48
9.72
1.7
6.47
13.57
0.91
0.64
0.3
0
0.5
0.63
0
0.02
0.05
0
0
0
0.02
0.01
0
0.42
0.5
0
0
0
0
0
0.02
4.02
7.87
1.29
0.79
1.03
0.98
0
0
0
0
0
0.01
0.18
0.25
0.21
0.5
0.6
3.22
0.34
0.02
2.53
0.21
0.14
0
3.22
6.13
3.92
0.5
0.4
0
0
0
0
0
0
0
0
0.02
0
0
0
0
0.27
0.45
0.36
0
0.04
0
0
0
0
0
0.02
0
0.18
0.4
0.59
0
0.02
0
0
0.31
0.94
0.63
0
1.79
0.01
0
0
0
0
0.11
2.52
2.25
0
0.89
5.88
1.16
0.03
0.63
6.55
4.36
0
0.01
0
0
0
0
0
0
0.27
0.68
0
0
4.61
0.15
0
0
0.06
0
3.79
1.68
9.82
7.03
1.44
0.84
4.3
1.39
0.87
0.46
1.25
0
0
0
0
0
0
0
0
1.43
0
0.01
0
0
0
1.33
0.77
0
0
0
0
0
0
0
0.02
0.01
0
0
0
0
0
0
0
0
0
0.01
0
0
0
0
0
0
0
0
0
0
0
0
0
0
0
0
0.01
0
0.06
0
0
0
0
0
0
0
0
0.02
0
0.01
0.04
1.3
0.2
0
0
0
0
0
0
0
0
0
0
0
0
0
0.26
0.11
0.07
0
0
0
0.01
0
0
0
0
0
0
0
0
0
0
0.02
0
0
0
0
0
0
0
0.02
0
0
0
0
0.39
0.24
0.21
0
0.01
0.01
0
0
0.56
0.55
0.9
7.07
0.94
0.49
0.09
0
3.77
2.51
1.38
2.06
2.64
0
2.69
1.65
0.02
0.27
1.02
9.41
1.51
0.96
0
0
19.27
9.13
3.29
0.53
4.02
4.85
2.89
0
6.47
0
0.06
1.39
0.16
12.55
0.87
0
0
0.2
0.04
0.09
13.78
9.86
2.96
14.28
2.72
9
2.78
0.63
0.93
3.02
0.29
0.01
0
0.02
0
0
0
0
0
0
0
0
0
0
0
0.29
0.2
0
0.47
0.3
0.3
0
1.21
0.89
4.06
0
0.2
0
0
0.08
0.19
0
0.03
0.03
0
1
0.25
0.25
0.32
0
0
0
0
0.01
0.02
0.03
0.31
0.26
8.47
2.01
0.23
0.09
0.05
0.51
0
0
0
0
0.02
0
0
0.02
0
0
0
7.71
3.48
0.6
1.4
0.28
0
0.25
1.16
0.21
0.26
0
0.07
1.61
0
0
0
0
0
0
0.01
0
0
1.23
0.92
0.64
0.75
23.98
3.67
0.42
0
0
4.62
0.29
0
0.01
0
0
0
0.26
0.85
0
0
0.18
0
0
0.37
0.27
2.11
0.27
0.07
0
0
0.8
0.12
0.02
0
0
0
0
0
0
0
0
0.04
0
0.13
0
0
0.01
0.1
0.03
0
0
0
0
0
0
0
0
0
0
0
0
0
0
0
0
0
0
0
0
0.01
0
0.52
4.99
6.93
2.72
3.71
2.42
0.25
4.91
1.57
0.02
0
0.26
5.77
2
0.63
0
0
2.2
16.29
5.2
5.07
10.71
0.07
0.02
1.01
0.11
0.43
0
0.12
0
0
0
0
0
0
0.02
0
0
0
0
0
0
0
0
0
0
1.69
1.3
4.42
4.97
8.95
0.63
0.01
0.01
0.02
0
0.4
0
0
0
0
0.38
0
0
0
54.69
6.08
0.99
3.5
5.24
0.63
0.45
0.3
0.14
0
0.01
0
0.01
0.05
0
0.38
0.31
0.02
0
0
0
0
0
0.01
0
0
0
0
0
0
0
0.03
0
0
0
0
0
0.02
0
0
0
0
0
0
0
0.1
40.77
3.13
0.31
0.01
0.02
0
0.05
0
0.01
0
0
1.07
7.37
1.8
7.92
0
0.01
0
0
0
0.01
0
0
0
0
0.11
0
0
0
0.02
0
0
0
0
0
0
0
0
0
1.04
8.23
0.36
0
0.01
0.02
0
0
0
0
0
0
0
0
0
0
0
0.53
0.16
0
0
0
0.01
0
0.02
0.04
0
3.78
0.8
0
0
0
0.8
0
0.01
0.01
0.15
2.44
0.2
0
0.02
0.11
0
0
0.02
0
0
0
0
0
0
0.03
0
1.67
22.56
22.98
13.78
0
2.91
7.64
11.24
1.7
2.45
0.02
0
0.8
0
0.18
0.18
7.38
1.5
2.57
0.39
0
4.14
0
0.05
0.09
9.42
0.36
2.29
5.61
3.59
0.26
1.98
0.32
0.14
0.01
0
18.77
2.75
0.2
0
0.1
0.03
0.57
8.96
1.99
4.38
13.29
4.63
6.81
3.84
8.8
15.26
12.89
4.95
0.95
1.21
8.47
6.6
11.63
0.71
15.09
2.76
1.07
8.69
0.26
0.13
0
0
0
0
0.14
2.91
1.96
10.84
4.16
19.7
5.73
0.1
3.16
4.15
7.53
2.83
0
8.55
13.6
0.73
0
0.52
9.3
0.05
0
0
0
0
0.01
0.06
2.73
0.59
0
0
0
0
1.73
0.25
0.16
0.02
0
0
1.09
6.95
0.29
0
0
0
0
0
0
0
0
0
0
0.04
0
0
0.3
4.68
2.29
0.7
0.02
0
0
3.33
0.17
0
0.01
0.14
0.05
0.01
2.78
0.06
0
2.47
6.72
7.34
6.54
0.22
0
0
0
2.01
2.14
0
0
0
0
0
0
0
0
0.04
0.08
0
0
0
0
9.52
0.16
0
0
0
0.02
1.7
1.88
2
1.42
1.13
0
0
3.19
21.62
8.4
1.18
5.32
29.65
14.35
0.52
0
0
1.07
0.75
13.63
9.06
5.46
1.04
0.12
0
0
0
0
0
0
0
0
0
3.31
0.83
0
0
0
0
0
0.14
0
0.35
0.89
0.04
0.34
0
0
0.28
0.85
8.24
1.02
0.85
0.19
0.01
0
0
0
0
0
0
0
0
0
0
0
0
0
0
0.04
0.34
0.05
0
0
0
0
0
0.13
0
0.05
0
0.02
0.1
0
0
0
0.03
0.24
0
7.8
0
0
0
0
0
0
0.04
0
0.18
0
0
0.99
0.12
0
0
0
0.1
24.64
1.51
0.3
0.85
0
0.16
0.01
0.01
0
0.01
0
0
0
0
0
0.05
0.5
0
0
0
0
0.03
1.24
0
0.01
0.01
1.3
0.02
0.64
2.25
0
0.96
0
0
0
1.16
1.21
1.7
10.05
6.13
0.3
0.01
0
0
0
0
0
0
0.02
0
0
0
0
0.01
0
0
0
0
0
0
0
13.64
0.95
0.32
0.01
0.6
0
0
0.17
0
0
0
0
0
0
0
0
0
0
0
0
0
0.29
2.3
0.48
0
0
0
0
18.29
30.77
13.27
11.33
3.34
0
5.47
0.27
2.02
3.18
0.75
0
2.14
0.84
0
0.13
0.2
0
0
0
0
0.05
0
0
13.11
7.51
1.27
0.71
0
0.5
0.51
14.59
22.34
18.95
3.11
0.04
0.23
5.23
10.78
11.95
19.23
14.23
5.82
10.61
6.86
1.95
0
0
1.75
9.63
1.05
15.27
0.33
12.62
3.34
1.19
12
3.78
13.68
18.2
0.51
0
0
0
0
0
4.08
13.69
1.44
13.15
20.05
15.39
4.51
8.08
3.01
0.11
0.54
0.18
0
0
0
0
0
0
3.9
0.8
0.14
0
0
0
0
0
0
0
0.11
0.17
0.16
0
0
0.09
0
0
0
0
2.25
0.2
0.39
0
0
0
0
0
0
0
0
0
0
0
0
0
0
0
0
0
0
0
0
0
0
0
0
0
0
0
0
0
0
0
0
0
0
0
0
0.01
0.05
0
0
0.01
1.44
0.1
0
0
0
0
0
0
0
0.66
6.38
18.84
16.96
3.24
0.59
0.02
0
0
0
0
0
0.01
0
0
0
0
0.3
0
2.01
0.95
2.6
0.09
0.02
0
0
2.08
2.13
3.15
5.74
11.52
3.25
0.6
0.04
0
0
0
6.16
4.48
5.96
0
0
0
4.85
14.73
3.61
4
0.29
6.88
16.95
2.7
0
0
0
0
0
0
0
0
0
0
0.01
0.65
0
0.02
0
0
0
0
0
0
0
0.09
1.11
0.38
0
12.05
5.7
0.05
0
0
0
0.08
0.86
1.6
3.27
0
0
0
0.93
0.29
0
0.03
0
0
0
2.89
2.27
15.26
0.15
0
0
2.26
0.9
0.09
0
0
0
0
1.5
0.11
0
0.02
0
16.57
0
7.1
0.22
0.01
0.55
0
0.01
0
0
0.07
0
0
0.09
0.43
0
0.07
11.34
1.01
3.53
0
0
0
0
0.04
0
0
0
0
0
0
0.15
0
0
0
0
0
0
4.02
0.49
0.04
0.09
0.14
0.96
0.02
0
3.02
4.05
1.91
4.77
0
0.25
0
0.76
0
0
0
0.03
0.2
0.7
0.08
0.01
0
0
0
0
0
0
0
0
0
0
0.75
2.2
3.75
4.9
2.14
0
1.28
2.84
8.06
5.73
0
0
0
0.03
11.99
14.7
7.02
36.46
12.49
1.78
5.68
2.64
6.71
8.05
1.16
10.36
0.43
0.07
0.24
2.39
9.62
2.8
3.23
22.65
5.1
0.81
2.45
9.61
0.27
0.12
2.3
0.28
0.17
0.04
0.51
0
12.26
0
0
0
1.55
0
0.29
3.84
1.95
0
0
8.29
16.63
29.8
5.78
2.76
0.01
3.38
7.93
0
0.02
2.16
0.57
0.13
1.36
1.25
3.1
9.03
0
0.45
0.03
0.88
0.37
0.06
0.12
0
0
0
0.09
4.66
3.07
0.03
0
0
0
0.02
0
0
0
0
0
0
1
4.94
0.26
1.48
4.12
0.02
1.18
2.4
19.8
2.3
3.42
0.05
0
0
0.18
0.69
0
0
0
0
0
0
0
0
0
0
0.19
1.73
0.44
0
0
0
0
0
0
0
0
0
0
0
0
0
0
0
0
0
0
0.13
0
0
0
0
0
0
0
0
0.47
0.51
0.26
0.13
0
0
0
7.3
1.04
2.32
0
0.73
3.27
1.89
4
2.13
0.38
0
4.39
3.8
1.92
0.52
0.77
12.59
2.51
2.65
0.17
0
0
0
0.39
1.56
0
0
0
3.39
0.37
5.82
5.96
3.23
1.63
2.62
1.88
0.78
0.29
0.33
0
0.02
0
8.7
10.41
2.11
7.63
8.91
3.15
1.05
0.29
0.45
5.33
3.47
0
1.52
0.86
5.72
0
10.23
20.28
1.27
14.24
0.77
4.48
0.67
0.35
0.08
0.1
2.56
0.13
0.01
0
0
0
0
0
0
0
0
0
0
0
0
0
0
0
0
0
0
0
0
0
0
2.85
0.44
0.19
0
0
0
0
0
0
0
0
0
0
0
0
0
0
0
0.01
0
0
0
0
0
0
0
0
0.04
0
0
0
0
2.28
0.69
0
0
0
0.01
0
0
0
0
0.02
0.36
0
0
3.75
1.57
0
1.3
1.02
0
0
0
0
0
0
0
5.48
0
0
0
0
0
0.02
0
0
0
0
0
0
0
0.08
0.23
0.04
0
0
0
0.01
0
0
0.48
0.28
4.51
11.82
0.12
8.52
10.97
6.95
0.79
5.05
3.14
1.33
0.21
1.17
2.25
4.43
14.9
2.83
0.02
1.26
1.07
0.02
0.02
0
0
0
0
0
0
0
0
0
0
0
0
0.02
0.83
0.25
0
0.07
0
0
0
0.27
0.94
18.16
8.87
0.06
0
0
0.01
0.02
0.42
0.15
0
0.02
0.27
0
0
0
0
0
0
0
0
0
0
0.41
0
0
0.01
0
0
0
0.03
0.48
0
0
0.01
0.24
0
0.01
0.53
0.84
0.11
0
0
0
0.01
0.01
0
0
0.13
0
0
0
0
0
0
0
0
11.15
12.3
2.35
0.11
0.01
0
0
0.01
0
0.48
1.17
3.07
0.38
0.06
0
0
0
0
6.31
3.22
0
0
0.34
0.52
2.05
0.3
0
0
0
0
0
0
0
0
0
0
0
0
0
0.12
0
0.3
5.62
0.13
0
0
0
0
0
0
0
0
0
0
0
0
0
11.48
6.48
0.79
0.95
0
0
0.27
2.05
0.13
0
0
0
0
0
0.64
16.42
5.77
0
0.62
2.66
0.16
0
0
0
0
0
0.01
0
6.52
6.23
2.16
1.96
0.73
0
0
0.01
0.86
0
0
0
0
0
0
0
0
0
0.01
0.01
0.01
1.18
2.2
6.59
1.74
0.14
0
0.34
0.66
0
0
0.03
2.21
7.23
18.13
9.8
5.35
1.6
10.07
3.04
2.75
0.14
1.41
4.23
6.47
0.13
0.04
0
0
0
0
0.09
0
1.62
4.99
9.57
3.8
0.23
0
0
0
0
0
0
0
0
0
0
1.84
12.8
0.79
0
0
0
0
0.13
1.39
4.15
0
0
2.32
24.71
0.29
0
0.16
0.24
0
0.02
0
0.01
1.5
0
0
0
0.55
0.11
0
0
0.44
0.02
0
0
2.23
0
0
0
0
0
0
0.05
0.89
1.37
0
0
0.05
0.01
0.27
0.02
0
0
0
0
0
0
12.22
4.26
0.14
0
0
2.08
0
0
0
0
0
0
2.77
0.05
0
0
0
0.63
0
0
0
0
0
0.08
6.63
0
0
0
0.02
0.38
1.3
0
0
0
0
0
5.38
6.43
0.17
0
13.61
2
3.54
1.58
0.36
0
0
0.01
0.09
0
4.56
0
0.09
0
11.7
28.83
1.34
0.04
0
0
5.8
7.49
0.13
0
0
0.03
0.05
0
0
0
0
0.71
2.24
4.11
0.02
0
0
4.65
9.48
1.27
0
0
0.43
10.86
3.63
20.15
11.78
11.47
12.21
21.99
8.23
2.72
18.69
8.14
2.71
0.09
0.29
0
0.05
0.06
0.01
0
0
0
0
0.01
0
0
22.02
10.32
1.12
3.77
1.62
0.17
0.01
0.02
0
1.32
0.89
0.02
0
0
0
0
0
0
0.07
0
0
0
0.06
0.32
0
0.14
0.02
0.03
4.73
0.23
0.09
0.04
0.41
5.98
0.77
0.45
0
0.03
0.57
0.02
0
0
0.03
0.42
0.03
0.08
1.6
3.47
5.07
1.16
0
0
0
0.01
0
0
0
0.02
0.36
1.46
0.57
0
0
3.18
6.44
1.68
0.48
0.3
0
0
0
0
0
0
0
0.09
0.05
0
0
0
0
0.3
1.34
0
0
0
0
0
0
0
0
0
0
0
0
0
0
0
0
0
0
0
0
0
0
0
0
0
0
0
0
0
0
0
0
0
0
0
0
0
0
0
0.02
0
0
0
0
0
0
0.07
6.28
1.82
7.17
3.62
0.91
0.94
0.61
0.12
0.71
0
7.26
1.9
3.24
13.02
5.33
2.05
0.09
0
2.52
5.32
3.41
5.9
1.1
0
2.62
8.85
23.86
11.86
0.72
8.17
2.55
0
0.46
9.62
0.73
0
0.88
4.95
13.63
0.55
0.24
0.19
0.8
0.39
1.16
4.33
2.04
10.02
13.8
4.87
1.23
1.57
1.94
0
0
0
0
5.25
5.6
0.21
0
1.28
3.14
3.02
0.11
0.13
0.02
9.05
0.05
0
0
0
0
2.19
0.38
5.7
11.54
0.04
0
0
0
0
0
0
0
0
0
0
0
0
0
0
0
0
0
0
0
0
1.39
2.15
0
0
0
0
0
0.02
0
0
0.07
0
0
0
0.16
0
0.02
0
0.03
0
0.74
2.97
0.52
0
0.01
0
0
0
0.06
0.24
0
0
0
0
0
0
0
0
0
0
0
0
0
0
0
0
4.05
0
0
0
0
0
0
0
0
0.02
0
0
0
0
0
0.02
0
0
0.21
0.24
0
0
0
0
0
0
0
0
0
0
0.26
0.13
0
0
0
0
0
0
0.52
8.32
0
0
0
0.11
0
0.09
0.95
0.31
2.3
0.46
0
0.25
0
0
0
0
0
0
0
0
0.42
15.19
0.7
0.01
0.57
1.66
0
0
0
0
4.82
3.04
1.04
0.75
0.16
0
0.47
0
0
0
8.5
0.57
1.44
20.3
0
3.32
19.52
1.35
0
0.04
0
0
0
7.2
2.89
0.27
0.01
0.09
0
0
0
0.05
9.3
27.22
2.6
3.27
0.08
1.16
0
1.73
12.36
0.85
15.64
3.29
0.14
0
8.52
18.59
3.8
1.63
0.06
0
0
0.04
0.2
3.39
0.09
0.04
0.16
0
0
0
1.95
14.49
13.59
9.23
7.76
14.75
3.18
7.42
10.37
4.56
0
7.37
0.41
4.28
3.07
11.84
3.19
0
0.87
4.88
4.25
9.6
0
0.55
0.77
1.65
3.51
1.72
11.9
1.26
0
0
0.68
5.09
8.24
4.95
23.55
4.28
2.2
0.79
0.02
0
0
0
0
0.48
2.31
2.91
5.2
7.87
1.21
0.18
0
0
0.01
0
0.43
0.01
0
0.1
0.06
0
0
0.02
0
0.36
0.77
0.94
0.54
0.18
20.98
19.07
7.62
17.63
3.47
0.84
7.7
2.77
0.2
2.02
0.96
2.21
0
0
0
2.46
0.19
0
0
0.14
0
0
0.05
0.38
0.54
6.19
0.53
0.63
0.93
0.53
0
0
0
0
0.01
0
0
0
0
0
0
0
0
0
0
0.04
0.57
21.34
4.07
0.12
0
0
0
0.02
0.13
0
0
0.53
0.32
2.37
0.54
1.74
2.71
0.7
2.65
0.26
0
0
0.13
7.34
1.92
0
0
0.02
1.63
1
0.06
0.76
11.38
7.98
16.09
3.62
4.32
0.74
1.13
0
0
0
0
0
0
0
0
0
0
0
0
0
0
0
7.48
2.26
0.07
0
0
0
0
0
0
0
0
0
0
0
0
0
0
0
0
0
0
0
0
0.77
1.01
0
0.14
0.69
0
1.86
3.77
0
0
1.14
0
1.05
1.77
0
0
0.05
0
0.01
0
0
0
0
0
0
0
0.35
0.12
0
0
0
0
0
0
0
0
0
0
0
0
0.32
0.72
7.07
0.23
0.4
0.46
0
0
0
0
0
0
0
0
0
0.03
0
0
0
0
0
0
0
1.68
0.77
0.05
3.73
0
0
0
0
0
0
0
0
0
0
0
0
0.57
4.8
19.34
12.82
6.05
1.28
0.13
0.35
0
11.26
0.59
0
0
0
0
0
0.28
8.83
0.77
6.63
0.35
0
0
8.96
1.16
0
0
2.4
8.82
16.55
26.65
5.21
0.65
2.42
0.11
0
0
0
0
0
0
0
0
0
0
0
0.34
0.32
0
0
0
0
0
0
0
0.4
0.34
1.05
0
0
0
0
0
0
0
0
0
0
0
0.07
0
0
0
0
0.01
0
0
0
0
0
0
0
0.01
0
0
0
0
0
0
0.02
0
0
0
0.07
1.45
3.61
0.3
0
0.01
0
0.01
0
3.92
3.07
4.38
7.66
9.33
0
0.02
0
0
0.03
0.1
0
0
1.2
1.57
0
0.92
0.36
0.86
0
0
0
1.8
1.36
11.66
1.07
0.12
0.01
0
0.01
0
0.02
0
0
0.01
0.51
0.17
6.72
0.46
0.21
0
0.02
0.02
0
0
0
0
0
0
0
0
0
0
0
0
0
0
0
0
0
4.74
3.45
0.94
14.28
3.66
1.12
0.09
0.09
0
0
0
0
0.61
9.19
7.6
19.06
7.01
1.07
0.35
0
0
0
0
0
0
0
0.02
0
0.21
0.07
0
0.07
0
2.61
1.39
0
10.41
10.67
4.52
0.97
0
8.52
10.23
3.32
0
0.04
0
0
0
0.59
0
0
0
0
0
0
0
0
0
0
0
0
0.2
0.92
0.3
2.6
8.87
3.82
20.78
23.86
1.02
1.91
1.6
0.01
0
0
0
0
0.05
0.01
0
0.01
0.51
1.24
0.03
0
0
0
0
0
0
0.01
0.54
0
0.19
2.31
8.63
8.8
4.98
7.05
0.57
0
0
0
0
0
0
0
0
0.01
0.01
0
0
0
0
0
0.02
0
0.06
0.02
0
0
5.26
0
0
0
0
0.01
0
0.63
0.17
0.01
0.04
0
0
0
0
0
0
0
0
0
0
0
0.01
4.82
0.01
0
0
0
0
0
0
0
0.01
0
0
0
0.15
0
0.13
0
1.09
4.38
0.3
0
0.07
2.76
1.07
0.01
0
2.9
0.01
0
0.19
0
13.35
5.14
0.16
6.19
0.18
0
0
0
0
3.71
2.68
0
0
0
0.25
0
1.35
0.06
0
0
0
0
0.02
1.09
5.08
15.11
5.62
0.05
6.61
1.15
5.71
1.15
0
0
0
0
0
0
0.05
5.94
0.23
0
0
0
0
0.28
15.5
19.25
6.07
0.54
0
0
0
0
1.36
0.23
0
0
7.2
7.23
0.23
0
0.01
0.03
0.04
0
0
2.62
1.43
0
0.01
0.22
0.07
0
0
0
0
0
0
0.01
0.3
0.3
13.51
8.2
4.2
8.11
2.67
3.96
12.65
4
5.2
10.98
3.02
7.26
0.23
0.13
3.73
2.17
3.37
0.08
2.05
0.03
0
0.12
0.13
0.31
0
0
8.84
10.89
2.92
0.39
4.87
1.53
0
3.92
4.11
5.92
5.45
0.16
0
0
0
1.81
1.13
4.78
6.97
0.05
0
3.27
1.38
2.12
7.02
2.46
1.53
12.01
1.03
9.84
1.9
6.48
0.04
0.32
0.01
0
0
0.01
0
0.21
5.84
2.3
6.75
2.68
9.76
0.27
0
0
0
0
0
0.29
1.23
1.43
0.1
0
0.04
0
0.02
0
0
0
0
0
0
0
0
0
0.01
0.01
0
8.01
11.17
2.2
0.12
2.31
0
4.22
22.08
10.49
1.9
0.19
0
0
0
0.14
1.69
0.09
0
0
0
0
0
0
0
0.03
0
0.02
0.01
0
0
0
0
0.02
0.56
0.38
0.08
7.95
20
4.31
14.05
20.27
4.3
0
0
0
0
0
0
0
0.01
0.04
0.51
1.52
2.5
9.14
12.25
1.38
0.55
0
2.01
9.44
0.82
0.18
0.83
0.16
0
0.56
2.05
0
0
0
0.23
0
0
0
0.98
1.38
12.16
3.22
6.79
0.6
0
0.87
0
0
0
0.63
26.27
0.14
0
0
0
0
0
0
0
0
0
0
0
0
0
10.3
8.44
0.74
0.14
5.19
0.86
0
1.5
0
0
0
0.18
0
0.01
0
2.13
0.13
0.25
0
0
0
0
0.03
4.95
0.05
0
0
0
0
0.18
0.09
0
0
0
0
0
0.01
0
0
0
0
0.21
0.29
0.03
0
0.01
0
0
0
0
0.04
0
0
0
0
0
0
0
0
0
0
0
0
0
0
0
0
0
0
0
0.22
0.05
0
0
0.01
0.01
0.07
0.1
0.04
0.13
0
0
4.22
1.36
1.05
0.04
0.02
0
0
0
0
0
0.1
0
0.03
0.77
7.02
0.68
2.7
0
0
0
0
0
0
0
0
0
0
0.01
0
0
0
0
0.29
0
0.01
0
0.32
0.08
1.81
4.56
18.94
9.6
7.09
0.74
0
0
0
0
0
0
0
0.76
4.55
7.45
6.88
1.04
11.73
2.14
28.59
11.82
1.53
2.3
0
0
0
17.75
4.19
3.05
10.13
0.7
16.75
13.91
1.39
0
0
0
0.18
0
0
7.4
2.07
0.76
0
0
0.04
0
12.69
7.02
0.19
0
0
0.02
0
7.6
6.88
0
0
8.84
1.34
0.04
1.2
6.67
2.44
0.77
0.49
0.13
2.66
4.65
1.09
1.38
4.3
0.41
0
0
0
0
0
0
1.18
2.16
0
0
0
0
0
0
0
0
2.41
0.75
0.91
0.68
0
0
0.04
0
0
0
0
0.02
0.09
0.02
0
0.04
0.33
0.08
0.32
0.02
0.01
0.15
0
0
0.03
0
0.04
0
0
0.55
3.98
2.58
0.27
0.07
3.17
5.13
0.61
0
0.11
0
0.21
0.35
0.22
0.08
0
0
0
0
0.02
0
0
0
0
0
0.23
6.36
6.98
5.92
4.02
15.85
14.21
3.03
1.52
0.66
0.75
0
0
0
0
0
0.45
0
0.03
1.61
0.57
0.16
10.82
2.53
0.01
0
0
0.01
0.35
0
0
0
0
0.23
0.22
0
1.46
5.69
7.31
7.03
6.95
1.65
12.67
1.27
0
0
0
0
0
0
0.03
0
0
0
0
0
15.38
10.19
1.43
1.21
0
0.02
2.8
2.32
0
0
0
0.02
2.67
18.58
3.65
3.25
10.77
24.2
4.2
2.95
7.18
1.97
0.11
0.12
5.7
5.98
2.21
0.23
0
0
0
0
0.82
0.02
0
0.01
0
4.64
3.44
1.51
4.07
1.8
1.42
0.01
0
0.01
0
0
0
0
0
0
10.3
5.31
0
1.27
0
0.13
6.68
0
0.01
0
0
0
0.68
0.88
0
0
0
0
0
0.02
0.01
0
0.02
0
0
0
0
0
0
2.04
18.43
0.28
0
0
0
0
0
0
0
0.77
6.59
2.05
0.01
0
0
0
0.01
0
0
0
0
0.04
10.27
0.03
0
0
0.54
0.44
0.13
1.61
0
0
0
4.12
4.16
0.2
0.05
0.1
0
0
0
0
2.91
1.15
0.71
0
0
0
0.01
0
0
0
0
0
0
0
0
0
10.89
8.79
1
1.39
2.9
0.11
0.06
0
0
0
0.13
0
0
0
0
0
0
0.01
0
0
0
0
0
0
0
0
0
0
0
0
0
0
0
0.08
0.07
0.08
0.04
0.19
0.03
0.34
0.05
0
0
0
0
0.8
5.82
8.45
5.97
2.92
0.46
0
0
26.91
3.81
25.09
9.74
2.52
1.79
3.37
2.01
1.5
2.04
12.75
3.69
0
0.5
0.57
0
0
0
0
0
0
0
0
0.15
0
0
0
0.13
0
0
0
0
0
0
2.22
3.18
0
14.21
1.98
3.54
0.21
0.51
0
0
0.22
0.24
0.04
0
0.13
0.19
0.36
0.36
0.16
0
0
0
0
0
0
0.01
0
0
0
0.05
0
0
0
0
0
0
0
0
0
0.01
0
0
0
0
0
0
0
0.01
0
0
0
0
0
0
0
0
0
0.34
2.29
0.5
0.15
0
0
0
0
0
0
0
0.24
1.44
6.01
0.95
0.84
0.02
0.02
0
0
0.11
0
0.07
0
0
0
0
0.21
1.24
9.02
3.36
1.55
0
0
0
0
0
0
0
0
0.01
0
0
0
0
0
0
0.02
0
0.01
0.67
0.06
0
0
0
0
0.95
0.85
5.9
0.31
0.61
7.14
0.5
1.41
0
0
0
0.76
10.88
6.09
0.67
0
0.05
0.05
0.03
0.12
0
0
0
0
0.8
0.23
0
0
0
0
0.4
0
0
0.02
1.14
0
0
0.09
0
0
0
0
0
0.01
0
0.01
0
0
0
0.28
0
1.21
2.85
9.03
0.55
0
4.05
0.23
0
0
0
0
0
0
0
0
0
0
0.02
0.94
1.3
9.35
3.4
0.27
0
0
0
0
0
0
0
0.24
0
1.08
0
0
0
0
0
0
0
2.57
0.6
2.42
2.5
0.81
0
0.42
6.08
0.23
0
0
0
0
0.19
0.3
0
0
2.1
0
0
0
0
0
0
0
0
0
0
0
0
0
0
0.02
0
0
0.03
0
0
0
0
0
0
0
0
0
0
0
0
0
0
0
1.06
0.01
0
0
0
0
0.34
0.01
0.01
0
0
0
0
0
0
0
0
0
0
0
0
0
0.03
0
0
0.01
0
3.18
6.11
1.7
0.31
0
0
0
0
0.01
0
1.79
0.16
0.02
0
0
0
0
0.05
0
0
0
0
0
0
0
0
0
0
0
0
0
0
0.01
0.02
1.28
3.66
4.19
5.39
1.43
0.81
0
7.44
4.97
0.41
3.25
4.3
13.23
1.13
0.65
0
0
1.83
25.98
1.05
5.32
2.43
0
0
0.11
0.52
0
0
0.05
2.85
1.12
0.08
0.66
17.66
13.03
24.64
7.67
0.19
0
0
0
0.01
0.01
0.03
0
0
1.8
0
0
0.33
0
0.02
14.02
15.29
0.65
0.71
0.15
0.15
0
0
0
0
0
0
0
0
0
0
0
0.01
0.01
0.02
0
0
0
0
0
10.49
1.82
0
1.52
0
0.42
0.02
0
0
0.1
0.83
5.7
3.47
2.16
7.83
0
0.03
0.07
0
0.93
2.95
4.84
0.2
0.32
0.09
0
0
0
0
0
0
0.01
0.05
0
0.18
0.08
0
0
0
0.08
0
0
0
0
0
0
0
0
0
0
0
0.18
0.1
0.86
5.43
2.74
2.95
2.73
0.91
3.98
2.44
17.16
6.33
0.05
0.35
0
0
2.24
13.53
1.07
0.22
0
0.05
0.17
0.03
0
0
0
0
0
0
3.25
9.17
4.28
2.45
0.96
2.95
6.76
0.24
0.02
0
0
0
0.13
0.01
0
0
0
0
0.16
2.39
4.38
3.54
0
0
0
0
0
0
8.02
3.24
0.45
0
0
1.04
0.06
6.57
4.61
2.97
0
0.1
0
0
0
0
0
0.01
0.33
2.93
3.12
3.48
1.59
0.07
0.01
0.02
0
0.69
3.84
0.19
0.52
0.11
0.01
0
0
0
0.01
0
0
0
0
0
0
0.01
0
0.22
0
0
0
0
0.01
0
0
0
0
0.63
4.54
5.96
0
0.4
0
0.38
25.6
3.42
0
1.32
3.37
0.03
0.13
0.01
3.75
2.82
0.13
0
0.54
3.4
0.06
0.23
0.02
0
0
0
0
0
0
0
0
0
0
0.84
4.77
4.61
1.22
0
0.29
6.47
4.15
0.25
0.02
0
0.02
0
0
0
0
0
0
0
0
0
0
0
0
0
0
0
0
0
0
0
0
0
0
0
0
6.38
0
0.02
0
0
0
0
0.17
0
0
0
0
0
0
0
0
0
0
0
1.02
1.7
2.46
0.38
0.6
0
0
4.49
8.05
11.6
0.26
0
0
0
0.04
0
34.71
3.27
0
3.02
0.37
0
0
0
0
0
0
1.88
0.07
0.74
0
0.02
0
0.02
0
0
1.63
0
0
0
0
1.01
12.3
9.73
8.59
20.91
1.11
6.53
7.14
0.02
5.52
0.54
0
0
0
0
0.01
0
15.81
15.08
3.33
0.23
1.86
5.11
0
0
0
0
0
0
0
9.69
15.49
0
0.02
0
0
0.05
0.59
2.96
5
4.14
0.03
0.38
0.69
0.03
0
0
0
0.8
1.76
15.19
2.95
11.84
0.41
0
0
0
0
0
0
0
0
0
0
0
0
0.01
0.06
0
0
0
0
0
0
0
0
0
0.06
0.29
0.02
0
0.01
0
0
0.01
0
0.09
0.3
0
0.05
0
0.27
0
0
0
0.05
0
0
5.2
0.3
1.73
3.79
5.77
0.2
0.02
0.72
0.83
0.02
0
3.14
3.83
2.2
1
0
3.06
15.4
4.29
4.93
3.63
0.33
0.37
2.46
0
6.06
0.54
0.13
0.23
5.2
0.73
0.39
2.35
1.49
3.56
0.27
0.02
0.01
0.02
0.01
0
0
0.34
5.16
2.93
0.04
0
0
0
0
0
0.02
0
0.23
0
0
0.38
0.77
0.41
0
0
0.18
0.1
4.48
4.54
2.08
0.2
2.14
3.64
7.18
2.43
2.54
0.78
0.97
6.46
6.95
2.85
2.38
0.5
4.55
8.55
2.95
1.66
0.52
1.87
1.07
0.13
0.02
0.94
0
0.18
0.01
0.04
6.8
15.69
9.33
12.05
2.7
6.01
1.06
6.86
6.04
0.29
0.21
0
0
0
0
0.02
0
0.05
1.09
0.01
0
0
0.31
0
10.13
13.3
1.5
2.55
8.9
1.49
4.14
1.98
0.48
0
0
0
0
0
0
0
0
0.09
0.01
0
0
1.3
0
0
0
0
3.65
3.7
17.45
3.65
0
0
0.01
0
0
0.02
0.05
0.01
0
0
0
0
0
0
0
0
0
0
0.01
1.22
0
0.01
0
0
0
0
0
0
0
0
0
0
0
0.01
0
0
0
0
0
0
0
0
0
0
0
0
0
0
2.08
1.24
0.01
0
0
0
0
0.53
0
0
0
0
0.02
0
0.01
0
0
0.01
1.76
1.1
0.1
0.03
0
0
0
0
0
0
0
0.04
0
0
0
0
0
0
0.1
0
1.9
1.26
6.07
1.14
0
0.24
0.02
0
0.42
5.95
0.63
0.7
0.23
0
0.38
0
0.27
0.25
0.52
2.11
6.01
2.03
8.82
1.82
0.06
0
0
0.01
0
0
0.01
0
0.01
0
0.1
0
0.02
0.01
0
0
0.13
8.15
0
0
0
0
0
0.02
0
0
0
0
0
0
0
0
0
0
0
0
0
0
0
0
0
0
0
0
14.98
17.72
0
2.13
0
0.09
0
0
0
0
0
0
0.84
0.03
0
0
0
0
0
0.05
0.21
0.18
0
0
0
0
0
0
1.04
1.55
0.88
1.35
0.74
0.88
0
0
0
0.01
0
0
0
0
0
1.02
9.7
2.54
0.03
0.48
0.38
0.48
0
0.09
0.75
10.38
0.18
1.7
1.13
2.71
0.97
0
0
0
0.23
0
0
0
0
0
0
0
0
0
0
0
1.8
0.94
10.79
0.66
0
0
0
0
0
0
0
0
0
0.65
0
0
1.31
1.93
16.41
2.21
0.7
0
0.3
4.28
0.57
0.05
3.54
1.76
0
0.02
0
0
0
0
0
0
0
0.01
0.18
0.19
0
0
0
0
0
1.08
0.16
0.01
0.13
0.45
6.45
0
0.69
0.03
0.96
0
0
0
2.84
0.14
0
0
0
0
0
0
18.51
13.14
11.36
10.14
5.15
0
1
0
0.45
9.1
16.42
7.7
18.48
7.72
1.77
0
0.41
0.18
0
0
0
0
0
0
0
0
0
0
0.14
0.03
1.31
11.27
15.29
14.64
0.24
7.59
7.27
1.89
5.03
3.5
3.46
3.3
0.6
0
6.61
1.24
10.34
3.5
6.74
0.68
0.37
2.68
0.31
2
15.81
3.55
2.37
0.44
0
3.73
0
0.08
7.95
11.09
5.33
0.66
0
0
0.7
1.51
6.15
0.05
0
0
0
0
0
11.97
3.1
0.12
0.05
0
0
0
0.1
0
0
0
0
0.02
0.02
0
0
0
0
0
2.65
0.75
0
0.02
0.17
0
0
0
0.02
0.01
0
0
0
0
0
0
0
0
0
0
0
0
0
0
0.21
0
0
0
0
0
0
0
0
0
0
0
0
0
0
0
0
0.4
0.01
0
0
1.48
0
0.16
0
0
0
0
0
0
0
1.84
2.18
0.09
0.39
0.54
6.12
1.2
0
0
0
0
0
0
0.01
0.01
0.02
0.39
3.3
1.66
0.24
0
0.32
0.6
0.01
0
0
0
0
0
0
0
0.01
3.59
0
0
0
10.02
5.68
0.33
0.33
0
0
0.25
6.69
0.45
2.36
8.48
7.43
0.87
0.95
0.01
0.02
9.81
15.82
2.22
5.47
22.41
4.82
3.28
0.97
0.2
0.23
0
1.86
0.37
0
0.01
0
0.05
0
0
0
0
0
0.02
0
0
0
0
0
2.37
0
0
0.16
8.21
2.6
0.13
2.07
0.95
2.05
1.8
1
5.84
22.62
4.39
2.31
0.58
0.13
0.73
11.9
1.21
0.2
0.28
0
0
0
0.21
0
0
0
0
0.01
0
0
0.05
0.02
0.13
0.04
0.58
3.24
8.09
0.16
0
0.29
0.32
2.37
3.06
0.58
0.52
0.05
1.67
0
0.08
0.04
0
2.79
4.13
1.32
2.03
9.54
1.34
0.66
2.93
1.15
0.49
1.28
1.37
1.33
2.79
6.53
8.11
3
6.77
8.81
4.05
0.85
0.59
1.62
0
0
0
0
0
0
0
0
0
0
0
0
0
0
0
0
0
0.03
0.95
2.38
2.33
1.26
7.93
2.57
1.03
0
0.27
0.2
0
0
0
0
0
0
0
0
0
0
0
0
0
0
0.3
0
0
0
5.41
0
1.32
0.59
0
0
0
0.02
0.1
5.01
1.17
0
4.5
14.96
2.1
1.41
0
6.57
4.08
4.68
1.63
8.31
2.12
0.56
0.64
0
0
0
0
0.79
0.01
0
0
1.13
0.02
0
0
0.17
0
0
0
0.05
5.33
1
0
0
0
0.02
0
0
0
1.15
0
1.75
0
0
0
3.09
0.2
0
0
0.17
0.09
1.77
0
0
0
0
0
0
6.09
0.09
0.7
0
0
0
0
1.75
2.03
0.15
0.57
0
0.21
0.92
0
0
0
0
0
0.04
0
0
0
0
0.01
0
0
0
0
0
0
0
0
0.77
0.01
0
0
0
0
0
0
0
0
0
0.01
0.23
0.01
0.02
0
0
0
0
0
0
0
0
0
0
0
0
0
1.65
0
1.34
0
6.06
0.43
0.2
0
0.13
0
0
0
0
0
0
0
0
0
0
0
0
0
0.03
0
0
0.07
0
0
0
0
3.59
0.1
1.48
0.57
0
0.12
0
0.77
0.07
0.55
0
0
11.56
1.36
0.03
0.05
0
0.02
0
0.02
0
0.01
0.11
0.25
1.42
0.5
0.91
0
0.7
0.86
0.01
1.16
3.37
1.22
0
0
0
0
0.05
0.05
0.03
0
0
0
0.3
12.71
8.97
0.89
0
0
0
0
0
0
0
0
0
0.33
0.01
0.02
0.02
0.18
0
0.46
0.39
0.21
0
0
0
0
0.3
0.06
0
0.03
0.01
0
0
0.86
0.14
0.02
0.02
0.22
2.06
0.12
4.95
6.43
0.31
0.8
7.08
4.29
0
0.55
1.49
2.3
0.15
0.16
0.01
0
2.01
2.07
1.65
0.02
3.75
0.93
0.01
0.01
4.66
14.09
20.57
26.46
14.84
19.04
7.91
5.14
14.8
17.02
9.57
6.2
2.81
0
5.21
7.05
1.73
1.42
7.73
0.25
0.21
3.54
2.08
9.75
12.16
2.07
0.2
2.65
1.48
0.67
2.78
0.07
0.18
0.32
0
0
1.66
0.32
0.09
0
0.02
0
0.8
0.12
0.01
0.56
4.7
1.88
0
0.37
10.24
3.12
0
0.04
0.02
0.04
0
8.1
16.47
2.76
1.3
0.11
0.49
9.07
7.5
5.75
1.52
8.92
4.28
0.92
2.7
0.42
4.43
4.65
0.34
15.78
4.31
6.84
0.38
0
0.01
0
0
0
0
0
0
0
0.09
0.65
0
4.48
0.71
2.21
20.71
7.46
0.38
0
0.77
4.69
0.93
1.63
0.01
0.09
3.9
0.11
0
1.48
2.76
0.1
0
0
0.02
2.01
7.98
10.33
6.98
4.61
11.55
4.86
0.91
0
1.55
1.9
0.67
0
2.16
0
0
0
0.02
3.1
3.31
1.48
4.02
0
1.8
0.19
4.27
11.93
5.66
6.71
3.87
8.86
3.74
1.28
0.1
0.01
0
0.01
0
0.01
0
0
3.75
0
0
0
0.27
0
0
0
0
0
0.04
0.03
0
0
0
0.02
4.5
20.43
5.13
4.52
11.52
3.12
1.8
3.45
0.57
0.83
1.63
0.3
0.03
0
0
0.02
2.82
15
3.6
1.02
2.96
1.06
0
0.16
11.79
9.01
0.01
0
0.1
0.02
0.19
0.01
0
0.36
0
0
0
0
0
0
0
0
0.01
0
0
0
0.01
0
0
0.03
0
0
0
0
0
0.01
0.01
0
0
0
0.04
2.13
1.21
1.03
0.21
0
0
0
0.02
0
0
0.12
8.63
0
0
0
0.14
0
0
0
0
0
0
0
0
23.77
1.27
0.09
0
0
0.02
0.45
0
0
0
0
0.4
0
0.33
0
13.31
6.38
0.38
1.67
1.86
0.15
0
1
0
0
0
0
0
0
0
0
0
3.05
0.51
0.02
0
0.63
5.98
22.96
6.04
3.38
0.67
0
0
0
0
0
0
0
0
0
0
0
0
0
0
0
1.01
2.43
11.82
3.06
0.43
0.07
0
0
0
0
0.81
11.56
1.4
0.52
0.03
0.62
0.06
7.92
0.64
1.73
1.54
0
3.51
2.45
3.14
0.7
0
0
0.01
0
0.02
0.04
4.25
4.25
3.04
2.93
0.09
0
4.68
9.84
7.47
4.02
0.09
0
0.11
0.1
0.8
0.55
0
0.2
0.27
1.34
0.85
5.91
18.8
12.7
2.09
0
0
0
0.02
0
0.39
3.37
1.84
0.05
0
0
1.2
2.34
1.16
0.58
10
6.23
3.14
0.42
0
0.02
0
0.02
0
0
0.01
3.25
0.86
0
0
0
0
0
0.52
4.4
9.61
3.61
2.53
0.04
0.01
0
0
0.01
0
0
0
0
0
0
0
0.09
1.75
3.47
7.54
9.67
3.11
0.61
8.33
2.82
0.8
0.68
0
0
0
0
0.05
0.09
0
0
3.79
4.63
0.07
0.39
0
1.04
0.3
0
11.05
0.86
1.49
6.18
6.5
10.18
2.85
0
0.05
0
1.2
0.5
2.8
1.36
3.54
5.99
3.93
0.07
0.07
0
0
0
0
5.67
0.55
0
0
0
0
0.02
0.02
0.05
0.01
0.02
0
0
0
0
0.09
1.11
0
19.96
3.84
0.42
0.43
0
0
0
0
5.86
3.18
3.74
2.84
2.62
0.21
2.75
0.76
20.65
0.47
0
0
0
2.89
1.74
6.14
0.97
0
0.02
0.04
0.16
0
0.01
1.71
0.28
0.08
0
4.68
6.82
2.24
15.55
8.02
0.22
0
0
0
2.7
4.33
10.92
11.91
1.18
0.54
0.14
0
0
0.01
0
0
0
0
0
0
0.05
0
0
0.01
0.01
0
0.01
0.53
0.05
0
0.28
0.2
1.17
0.21
0.3
0
0
0.01
0
0
0
0
2.55
0
0
0
0
0
0.02
0.02
0
0
0
0
0
0
0
0
0.01
0.13
0.01
0
0.3
0.07
0
0
0.01
0
0
0
0
0
0
4.1
1
0
0
0
0.48
0.41
0
0
0.01
0
0
0
0
0
0
0
0.02
0
0
0.15
0.42
0.11
0
0
0
0
0
0
0
0
0.06
0
0
0
0.02
0.01
0
0
0
0.03
0
0
0
0
0
0
0
0
0
0
0
0
0
0
0
0
0
0
0
0
0
0
0
0
0
0
0
0
0
0
0
3.48
10.58
0.63
7.27
18.13
1.48
0
0
0.09
0.05
9.29
17.98
20.11
12.23
2.09
1.04
0.1
0.56
0.29
0.11
0
0.17
8.92
1.94
0
0.52
0.93
0.77
1.55
0.26
3.62
0.12
0
0
0
0
0
0
0.08
2.67
3.17
0
0.09
0
0.39
0
0
0
0.2
0.02
0.13
0.56
0.12
0.07
2.4
0.33
0
0
0.11
0
0
0
0
0
0
0
0
0
0
0.11
0.42
0.64
0
0
0.02
0
0.02
0.16
0.02
0
0
0
0
1.05
2.04
2.01
0.23
0
0
0
0
0
0
0
0
0.05
0.56
0
0
0
0
0
0
0
0.04
0.22
0.09
0.01
0.01
0.01
0
0
0
0
0.34
0
0
0
0
0
0
0
0
0
0
0
0
0
0
0
0
2.43
0
0.07
0
0
0
0
0
0
0
0
0
0
0
0.02
0
0
0.01
1.95
1.52
0
0
0.02
0
0
0.01
0
0
0
0
0.04
10.59
6.48
10.17
12.63
3.92
0.4
0
0.11
1.2
0.9
4.91
1.86
2.8
0.21
0
0.03
0.7
2.59
1.47
0.41
0.02
0
0
0.05
0
2.14
5.44
10.12
7.07
2.45
0
4.14
5.7
0.58
0
0.3
0.13
0
0
0
0.09
0.22
0.22
0
0
0
0.01
7.28
2.79
0.45
0.01
0
0
0
0.01
0
0
0
0
0
0
3.89
0.11
0
0
0
0
0.65
0
0
0
0
0
0
0
0
0
2.31
5.68
0.16
0
0
0
0
0
0
0
0
0
0
0
0
0
0.01
0
0
0
0
0
0
0
0.01
0
0
0
0
0
0
0.01
0
0
0
0
0
0.07
0.64
0.07
0.1
0.02
0
0
0
0
0
0.02
0
0
0
0
0
0
0
0
0
0
0.01
0
0
0
0
0
0
0
0
0
0
0.02
0
0
0.02
0.08
0
0
0
0
0
0
0.84
0
0.05
0
0
0
0
0
0
0
0
0
0
0.07
0
0
0
4.45
0.38
3.11
4.5
2.58
23.17
0
0.05
0.01
0
0.01
0
0
0
0
0
0
0
2.96
1.52
0.04
4.13
0
0
0.65
9.17
11.54
11.35
10.92
0.21
0.24
10.63
5.87
7.49
1.79
0.05
0
12.85
0.17
0.45
5.64
15.55
10.29
0
0
1.41
15.75
4.64
5.34
1.03
0
0.12
0
0.02
0
3.51
0
0
0
0.23
0
0
0
1.26
7.73
0.74
0
0
0.02
0
0
0
0
0
0.1
0.29
0
0.02
0
0
0.02
0.96
8.36
0.43
1.59
0.25
0.21
0.24
0.11
0.18
0
0
0
5.23
0.02
0.02
0.03
0.33
0.05
1.76
0.57
0
0
0
0
0
0.1
0.04
0.25
0.16
0.51
2.84
2.48
0
0.24
4.47
2.13
6.55
8.05
3.11
0.82
9.14
4.06
0
0.16
0.04
4.33
0
0.05
0
0
3.29
1.17
0
0
0.57
0.39
0
0.02
0.04
5.16
0
0
0
0.01
0
0.17
1.52
0.77
1.63
0.36
5.08
8.19
1.29
0.23
0
0
0
0.74
0.27
0.03
0.13
10.53
2.96
3.39
12.46
15.66
4.42
1.34
3.34
2.71
0.68
0.02
0.14
2.2
10.55
0.35
7.6
0.19
0
2.79
3.54
3.34
9.56
18.27
5.24
3.56
10.45
0.54
10.34
0.14
0.37
8.93
7.38
0.98
0
2.48
0.42
0.04
0
0.01
0
0
0
0
0
0
0
0.01
0
0
0
0
0.01
0.22
6.5
2.98
8.98
1.67
2.25
1.68
0
0.21
0
0
0
0.07
0
0.49
0.11
0.04
0.16
0.2
1.12
6.91
3.63
9.94
5.91
2.16
0.59
0
0
0.01
0
0
5.93
0.87
0.52
5.73
0.21
0
0
0
0
0.01
1.54
0.09
0.58
0.54
0.79
0
0
0
0.05
0.01
0
0.03
0.91
0.88
0.75
0.21
0
0
0
0
0
0
0
0
0
0
0
0.05
0
0
0.02
0
0
0.01
1.43
1.77
2.07
0
0.02
0.02
0.06
0.06
0
0
0.09
1.85
7.55
0.02
0
0
0
0
0.01
0.01
0
0
0
0
0
0
0
0
0
0.43
0
0
0
0.13
0.58
0.01
0
0.32
3.07
0
0.01
0
0
0
0
0
0
0.01
0
1.31
7.14
0.14
0
0
0
0
0.04
0.02
2.94
0.24
1.31
0
0
0
0
0
0
0
0.01
0
0
0
0
0
0
0
0
0
0
0
0.39
10.95
0.88
1.68
0.44
1.85
5.28
6.19
0.39
0
0
0
0
0.03
0.02
0
0
0.01
0.02
0
0
0
7.93
0
0.03
19.01
0
3.63
4.12
0.24
0.07
0.03
0
0
0
0
0.09
0.67
0.67
0
0
0.03
0.95
0.03
0
0
0
0.01
0
0
2.82
9.75
2.74
0.53
0.01
0
0
0
0
0
0
0.87
0.77
0
0.27
0.01
0
0
0
0
0
0.05
0
0
0
0
0
3.02
0
0.01
0
0.11
6.71
12.75
0
0
0
0.28
24.71
5.63
0
8.91
0
0
0.13
0.86
6.18
11.75
12.69
8.35
1.95
0.07
0
0.04
0
0
0
5.43
3.29
1.64
5.09
1.56
6.39
5.7
1.73
0.79
5.52
3.68
0.03
0.03
0
0
0
4.39
5.13
2.45
1.32
0.03
0.26
0.96
11.73
0.92
4.52
5.18
4.04
13.57
1.76
10.51
3.13
1.71
1.77
2.44
0.3
0.63
0
0
2.2
0.11
0
0.02
1.73
0
0.48
0.34
0.39
8.74
2.69
0.09
0.06
0.15
0
0
0
0
0
0
0.01
0
0
0
0
0
0
0.54
2.49
1.58
1.7
0.18
0.67
2.52
0.62
0
0
0.05
0.23
0.19
1.56
12.58
3.78
1.12
0.11
0
0
0
0.01
0
0
5
0
0
0.63
0
0
0.01
0.75
2.44
9.23
0
0
9.17
0.29
0.86
0.16
0
0
0
0
0
0
0
0
0
0
0
0.13
0
0
0
0
0
0
0
0
0.01
1.66
3.34
4.49
1.4
1.88
2.99
0.98
0.02
0.9
2.08
0
0.02
1.01
0
0
0
0
0
0.12
0
0.04
0.11
0
5.26
0
0.36
0
0
0
0.09
0
0
0.07
0
0.05
1.8
14.53
0.07
4.3
0
0
0
0
0
11.16
19.34
0
0.03
5.49
0.05
0
0
0
0
0
0
0
0
0
0
0
0.13
0
0.01
0
0
0
0
0
0
0
0
0
0
0.04
0
0
0
0
0
0
0.02
0
0
0
0.02
0
0
0
0
0
0.15
0
0
0
0
0
0
0
0
0
0
0
1.17
0.28
0
0
0.05
0
0
0
0.03
0
0
0
0
0
0
2.75
0.03
0.15
1.38
1.02
1.34
0.08
11.48
4.39
1.2
5.63
0
0.03
0.59
4.66
0.15
0.67
0.43
0
0
0
0
0.01
0
5.18
19.66
14.8
12.7
11.66
8.07
1.89
1.21
0
0
0
0
0
0.02
0.04
0.03
0
0.01
0
0
0.02
0
0
0
0
0.7
15.91
7.37
0.91
0.56
1.26
5.03
0
6.89
12.83
0
9.05
5.77
1.53
0.15
0.07
0
0
0.01
0
0
0
0
11.05
4.02
7.2
30.96
9.16
0
0.66
0.2
0.21
0.01
0
1.46
0.16
0
0
0
0
0
9.54
8
0.39
0.44
0.04
0.02
0.01
0
0
0
0
0
0
0.04
0.59
1.42
0.02
0
0
0
0
0
0
0
0
0
0
0
0
0
0
0
0.52
8.71
0.79
0.02
2.54
1.5
0
0.84
0.75
0.23
0
0
0.02
0
0.29
1.09
13.78
1.13
0
6.96
4.96
0.94
2.18
0.18
0.02
0
0
0.09
2.93
2.1
0
1.91
0.72
0
0.12
0
0.2
1.57
1.88
0.02
0.66
0.02
0.04
0.04
0
0.01
0
0.02
0.1
0
0
0
0
0
0
0
0
0
0
0
0
0
1.54
12.3
1.51
3.18
3.39
6.2
18.31
0
0
0.01
0
0
0
0.04
0.02
0
0
0
0
0.02
0.36
0
0.66
3.78
0.09
2.27
0.73
0.2
0.03
2.55
3.86
0.2
0
0
0
0
0.01
0
0.01
5.62
15.71
0.48
0.05
0
0
0
0.03
0.07
0.06
0
0
0
0
0
0
0
0
0
0
0.01
0
0
0
0
0
0
0.01
0.02
0
0.02
0
0
0.01
0
0.39
0
0
0.02
0.44
0.77
0.01
0
0.11
0
1.21
13.61
14.51
1.91
0.2
1.72
3.06
0.45
0
0
0
0.02
0.09
3.17
1.57
1.21
0.02
0
0
0
0
0.03
0.09
0
0.01
0.34
0
0
0
0
0
0
0
0
0
0
0
0
2.25
0.44
0
0
0.07
1.54
0.43
0
0
0
0
0
0
0
9.02
0.07
0
7.21
0.01
0
0.14
0.78
2.01
0.07
0
0
0.16
0.07
0
0.01
0.08
0
0
0.01
0
14.26
0
0.08
0.09
0
0
0.09
0
0
4.83
5.24
1.26
0.17
0.03
0.84
0.13
0
0.88
0.05
0
0
0
0.01
0.05
0
0.25
15.3
0
0
0
0
0
0
0
0
0
0.07
0
0.7
2.8
1.31
0
0.22
0.06
2.27
6.22
3
0
0
0
0.64
0.47
2.85
2.48
0
0.02
0
5.46
4.97
0.33
0.22
0.02
0
0
0.3
0
1.37
2.11
0.27
0
0.05
0.02
11.29
19.9
2.4
0.44
0.04
0
0
0
0
0
0
0
0.01
0
0
0.02
0
0
0
0.92
2.48
0.08
0
0.38
0.24
0
0.14
0
0
0
0
0
0
0
0
0
0
0
0
0
0
0
0.53
0
0
0
0
0
0
0
0
0
0
0
0
0
0
1.84
0.41
0.77
1.15
5.45
0
11.39
16.9
1.06
1.65
1.18
4.52
3.74
16.33
1.39
0.04
0.27
4.35
0.02
0.01
0
0.07
0.04
0.02
0.37
0.11
0.02
0
0
0.05
0.02
2.36
0.29
0.04
0
0
0
0
0
0
11.16
1.88
0.17
2.18
3.67
2.23
20.56
9.94
4.72
0.31
0.02
0.88
1.23
0.23
0
0.05
0.01
0
2.55
0.16
13.47
4.5
0.97
0.21
0
0.01
0
3.64
0.7
3.01
3.8
0.13
1.73
0
0
0
0.02
0.04
0
0.02
0
19.61
8.77
1
8.89
0
0
0
0
1.52
0.23
0.19
0.01
0.59
0.48
0.02
0
5.13
28.67
0
0.27
0.04
0.03
0.16
6.13
6.57
10.43
1.16
0
0.44
7.49
0
0
11.44
7.16
1.88
0.73
4.84
0.08
0
0
0
0
2.21
0.14
0
0
0
0
0.75
7.92
14.88
21.21
6.2
8.26
4.02
3.02
2.76
0
0
0
0
0
0
0
0.24
1.34
0.5
0
0
0
0
0.52
0.86
0
0
0
0
0
1.01
0
0
0
0.01
0.32
0
0
0
0
0.41
2.52
0.47
0
0.02
0
0
0
0
0
0.01
0
0.26
0
0
6.46
0.2
0
0
0
0
1.05
7.03
0.59
0
0
0
0
0
0
0
0
0
0
0.01
0.02
0.19
0
0
0
0
0
0
0
0
0.18
0
0
0
0
0
0
0
0
0.02
0.02
0.51
0
0
0
0
0
0
0.05
0.01
0
0.02
0
0
0
0
0
0
0.18
0.02
0
0
0
0.13
0.11
0.01
0
0
0
0
0
0.02
0
0
0
0.53
10.25
7.91
0
0
0
0
0
0
0
0.01
0
0.05
0.18
0
0
0
0
0
0.01
0
0
0
0
0
0
0.01
0.02
0
2.44
12.63
3.45
0.13
0.01
0
4.35
0.91
4.35
4.54
4.25
10.02
13.59
4.14
0.11
0.01
0
0
0
0
0
0.01
0
2.84
9.5
17.46
2.62
0
0.99
0.2
0.01
0
0.07
0
0
0
0
0
0
1.34
20.48
4.45
8.36
8.19
1.75
3.62
7.68
1.04
0
0.58
0
0
0.07
3.27
3.02
0.07
0.16
0.06
0.01
0
0
0.03
0.18
0.01
0
0.38
2.03
0.13
0.08
0.04
0
0.08
0.06
0.05
0
0.04
0.01
0
0
0
0
0
0.02
0
0
0
0
0
0
0
0.27
0.18
0.03
0.01
0
0
0.04
0.07
0.04
0
0
0
0.08
0
0
0.02
0
3.1
9.75
0.49
1.73
1.24
0.07
4.79
7.2
6.7
5.62
1.64
0
1.16
0.16
0
0.77
1.82
4.16
2.16
0.11
0
0
0
0.04
0
0
0
0
0.82
0.06
0.01
0.01
0.03
0.02
0.64
0
10.12
0.38
0
0.05
0.65
0
0
0
0
0.99
0.59
0
0
0
0
0
0.01
0.01
0
5.54
2.34
0.66
5.06
3.34
2.28
0
0.02
0
0.59
0
0
0
0
0
0
0
0
0
0
0
0
0
0
0
0
0
0.02
0.21
0.52
0
0
0.08
2.82
3.66
0
1.52
0.96
3.06
3.53
0.24
0
0.03
0.52
3.38
0.08
0.16
0
0
9.63
10.95
3.12
0
0
0
0
3.34
10.21
0.15
0
0.02
0
0
0
0
0
0
0.35
0.63
0.71
0.09
5.21
6.84
0.05
17.41
0
0
2
0
0
0
0
0
0
0.04
7.88
0.9
0.28
0.02
11.02
0
0
0
0
0.01
9.45
0
1.76
9.98
0.01
0
0
0
0
0
2.76
10.75
12.11
1.58
0.05
0
0
0
0
0
0
0
0
0.07
0
0
0
0
0.02
0
0
0
0
0
0
0
0
0.02
0.23
0.01
0
0
0
0
0
0
0
0
0
0
0
0
0
0
0
0
0
0
0.02
0
0
0
0.48
0.82
5.88
5.96
0
0
0.04
0
0
0
0
0.03
0
0.09
0
0
0
0
0.01
0
0
0.94
0
0
0
0
0.22
6.76
0
0
0
0
0
0.05
0.02
0
0
0
0.12
0
0
0
0
0
0
0
0
0
0
0
0.21
0.17
3.99
19.21
0
0.2
0.34
0
0
0
0
0
0
0
0
0
0
0
0.04
0.88
4.3
0.04
0.02
0
0.15
0
0
0
0
0
0
0
0
0.02
0.04
0
0
0
0
0.11
0.09
0
0
0
2.45
0.2
0
0.14
0.07
0
0
0
0
0.02
0.64
0.2
12.88
3.71
0.15
0.25
1.5
2.13
0
0.01
0.04
0
0
0
0.01
0.01
0
2.15
7.87
0.68
0
1.29
0.05
0.77
0.1
0.09
0.11
0.02
7.34
19.11
5.87
1.58
1.51
2.45
0.29
0
4.43
0.51
0.02
0
0.03
0
0
0
0.09
0.07
0
0
13.06
3.41
0
0.14
0.02
0
0
0.66
0.21
3.36
6.27
5.91
1.81
1.26
0.75
1.26
0.03
1.19
0.39
0.14
0
0.06
0
0
0
0.93
0
0.02
0
0
0
0
0
18.24
14.64
15.99
10.41
9.09
6.62
2.48
2.93
1.23
1.57
11.84
16.38
2.74
1.95
1.57
25.6
0.89
3.38
12.32
0.69
8.93
0
0
0
8.13
0.26
0.41
0.09
0.02
0
1.72
2.88
0.05
0.04
1.78
0.87
2.78
0.04
13.37
7.37
6.57
10.34
17.04
11
7.3
1.07
0
9.75
0.59
0.01
0.27
0
0
0
0.1
0.13
0
0.06
0
0.24
1.15
7.22
0.51
0
0
0
0
0.84
1.55
1.58
2.46
0
0.05
0.05
0
0
0
0.01
0.08
3.02
3.41
9.96
5.37
4.69
2.47
0
0
2.46
0.16
5.54
4.92
13
3.1
0.49
11.2
13.8
2.17
0.59
8.08
4
0.53
5.71
5.77
1.16
0.09
0.21
0
0
0
0
0
0
0
0
0
0
0
0
0
0.69
1.66
1.86
2.01
2.66
0
0
0
0.01
0
0.01
0
0.05
0
0
0.3
0.02
0
0
0.24
0
0
0.01
0
0.24
0.57
0.15
0
0
0
0
0
0
0
0
0
0
0
0
0
0.06
0.2
0
0.23
0
0
0.04
4.86
0
0.02
2.61
3.4
0
0.13
0.05
0
0.11
1.66
2.01
0.15
1.38
0
0
0.3
0.03
0.36
0
0
3.29
0
0.07
0.02
0.09
11.07
0.09
0
0.71
20.17
2
0.04
0.06
2.09
0.14
11.2
0
0
0
0
0
0
0
0.08
0.2
0
0
0
0
0
0.01
0
0
0.01
0
0
0
0
0.06
0.86
0.01
2.39
2.05
0.16
0
0.18
15.6
7.18
0.88
1.02
0.15
0
0
0
2.8
3.78
0
1.51
9.98
13.52
0.26
0.21
0.05
6.21
6.47
1.17
0.87
4.52
0.32
2.83
1.39
0.04
0.01
0
1.94
0.47
0.45
5.44
4.2
8.31
3.25
3.09
2.53
1.55
9.3
4.3
0
0.02
2.56
0.38
0
0
0
0
0
0
0
0.08
0.02
0.01
0
4.62
8.52
0.64
2.04
2.14
0.2
1.55
0.1
0
0.05
0.02
0.03
0
0
0
0
0
0
0
0
0
0
0
0
0
0
0
0
0
0
0
0
0
0
0
0
0
0
9
0.48
0
0.12
0.19
0.06
0.02
0
0
0.23
1.06
5.78
8.41
4.59
0
0
0
0
0
0
0
0
0
0
0
0
0
0
0
0
0
0
0
0
0
0
0
0
0
0
0
0.02
0
0
0.02
0.22
10.83
0
1.03
0
0
0
0
0
0
0
0
0
0
0
0
0
0.02
0.01
0
0
0
0
0
0
0
6.16
5.02
5.42
0
2.11
10.47
7.98
2.67
5.22
2.19
2.65
0
0
0
0
0
0
15.62
18.09
12.47
2.16
1.12
0.58
6.11
22.81
1.59
0.38
0.09
0
0
0.26
0
0.2
0.12
0
0
0
0.12
0
0.16
0.79
0
0
0
0
0
0
0.58
0.09
0
0
0
0
0
0
0
0
0
0
0
0
0
0.09
0
0
0.47
0.4
0.98
0.85
0
0
0.05
0.01
0.04
0
0
0
0
0
0
0.01
0
0
0
0
0
0.04
0
0.12
0
0
0
2.11
2.68
0.02
0
0
0
0
1.16
0.78
0
0.11
0.06
0.24
0.01
0.13
0.94
0.28
0
0
0
0
0
0
0
1.16
0.48
0
0
0
0
0
0
0
0
0
0
0
0
0
0.09
0
0
0
0
0
0
0
0
0
0.31
0
3.73
2.88
0
0
0
0.8
1.19
0
0.11
1.6
0.02
0
0.27
0.02
0
0
0
0.05
0
0
0.06
0.25
0
1.84
5.53
38.53
2.1
2.45
0.21
1.99
1.52
1.28
0.68
0
0.02
0
0.07
0
0
0
0.25
0.02
0
0
0
0
0
0
0
0
0
0.01
1.98
0
4.72
0.16
0.5
1.41
2.23
9.06
4.91
0.25
7.25
5.19
0.36
0.01
0
0
0
0.04
0.13
0
0.64
1.48
1.58
8.3
2.44
0.88
0
0.03
0.2
0.59
0.98
5.53
4.42
4.84
1.02
0.08
2.2
0
0.02
2.7
2.47
8.88
3.56
1.91
0.2
2.19
0.44
0.86
4.03
6.8
0
0
1.69
0.84
0
0.01
0.05
2.65
0.37
0.16
0.47
2.94
0.08
0.16
1.27
0
1.14
0.41
30
17.81
7.02
1.99
0.1
0
0.02
0
0
0
0.01
0
0
0
0
0
0
0
0
0
0
0
0.15
0
0
0
0.01
0.02
0
0.1
4.03
0.12
0.06
3.69
0.69
1.06
2.34
7.08
0
0.3
0.61
0
0.72
1.53
0.2
0.21
0
0.01
0
0
0
0.17
0
0
0.02
0.06
0
0
0.01
0.04
0
0
0
0
0
0
0
0
0
0
0
0
0.28
13.38
2.05
0.73
0.02
2.86
0.23
0
0
0
0
0
0
0
0
28.84
15.94
1.5
0
0.05
0
4.03
4.14
3.41
0.34
0.66
1.36
0.97
0.03
0.45
6.17
28.44
2.69
0.03
0
0
0.83
11.48
5.03
0.96
5.28
4.52
1.2
0.62
0
2.89
8.19
4.66
5.17
9.56
4.75
0.81
4.47
0
0
1.99
9.95
1.12
1.31
0.56
0.02
0
0.02
0
0.01
0.18
0
0
0.03
2.95
0.8
1.28
0
20.95
0.7
4.27
9.76
0
0
0
0
0
0
0
0.03
0
4.94
1.48
1.57
0
0
0
4.89
0
0.02
9.86
8.14
0.8
0
9.5
0
0
0
0.69
1.25
0.1
0
0
0
0
0
0
0
0
0
0.19
2.39
0.44
0
0.01
0
0
0
0
0.02
0
0
0
0
0.01
0.55
10.2
0
0.91
2.59
0.08
0
0
0.01
0
0
0
0
0.39
0.07
0.11
0
0
0
0
0
0
0.63
0
0
0
0
0
0
0
0.2
0.09
0
2.24
21.34
0
0
0
0
0
0
0
0
0
0.14
0
0.01
0
0
0
0
0
0
0
0
0
0
0
0
0
0.12
0
0
0
0
0
0
0
0.26
0
0.22
5.44
10.69
0.45
0
0
0.06
4.52
5.05
0
0
0
0
0
0
0.19
17.72
0.05
0.53
0
0
0
0
0
0
0
0
0
0
0
0.01
0
0
1.47
11.12
4.88
0.88
1.87
0.06
8.52
0.03
0.08
0.06
0
0
0
0
0.02
3.36
0
14.12
12.69
2.84
1.62
0.2
0.31
0
0
0.02
0.83
0.43
0
0.02
0.05
0
0
0.01
0.01
0
0
0.09
0.41
1.91
0.28
0
0.01
0
1.23
3.28
1.95
0
2.92
5.45
1
2.97
4.97
2.84
0.03
0.19
1.74
1.09
0.31
0
0.05
4.77
0.12
0.15
0.03
0.21
1.29
0.14
0.06
3.97
1.69
0.36
0
3.16
3.41
1.18
0.59
0.27
0.12
0.09
1.25
19.12
8.02
1.25
0.11
0.11
0.02
0.02
0
0
0
0
0
6.81
9.53
2.41
13.36
1.34
7.28
0.48
0.3
0.75
4.05
2.59
0.59
0.23
0.38
0.39
0.02
8.47
9.98
12.25
12.42
21.31
0.78
5.22
1.44
0.09
0
0
0
0
0
0
0
16.7
1
0
0
0
0
0
0
0.88
0
0
0.94
0.19
0.22
9.72
6.36
0.13
0.06
0.05
0
0
0
0
0
0
0
2.73
0
0
0
0
0
0
0
0
0
0
0
0
0.55
4.16
0.9
0
0
0
0
2.25
5.19
14.02
5.2
0
0.54
3.44
2.48
0.14
0
0.04
0.3
9.27
6.15
4.86
1.6
3.1
1.31
4.16
1.95
8.1
3.46
0.03
1.2
1.48
4.63
0.26
0.02
0
0
0.85
8.47
0.26
0.34
0.03
0
0.03
0
0
0
0
0
0
0
0
4.97
0.14
0
0
1.52
0.15
0
0.12
12
4.03
2.67
9.16
7.98
8.62
0.06
0.04
0
0
0
21.31
0.71
0.02
2.33
0
7.36
3.41
16.34
2.68
0.48
0.04
0
0
0
0
0.01
0.02
0
0
0
0
0
0
0
0
2.02
0.05
0
0
0
0.03
0
0
0
0
0
0
0
0
0.02
0
0
0
0
2.03
0
0
0
0
0
5.53
0
0.09
0
0
0
0
0
0
0
0
4.34
0.01
0
0.95
0
0
0
1.03
0.02
0
0
0.17
1.97
0.53
0.17
0
0
0
0.56
0.02
25.72
28.56
1.15
0
0
0
0
0
0
0.39
0
0
0.05
2.11
27.75
4.66
1.02
0
0
0
0.16
0.62
0.25
0.34
22.58
0
0
0
0.01
0
0
0
0
8.33
0.03
0.02
0
0
0
0
0
0
0
0
0
0
0.66
0.34
0
0
0
0
0.03
0
0
0
0
0
0
45.06
11.81
29.41
2.38
8.77
0.64
0.06
0.02
0
0
0
0
0
0
0
0
0
0
0
0
0
0.06
0.12
3.33
15.97
0
0.47
0.81
0.33
2.66
0.12
0.03
0.74
4.09
0.39
0.09
0.25
1.08
0.02
5.62
0
0
0
0.06
0.01
0
0.01
0
0
0
0
0
0
0
0.02
2.72
3.88
5.39
12.47
0.23
0.01
0.01
0
0
0
0
0
7.34
3.8
0.13
0
0
0.12
0.03
0
0
0
0
0
0
0
0
0.01
0
0
0
0
0
0
0
0
0
0
0
0
0
0
0
0
0
0
0
0
0
0
0.07
0.84
2.45
0.56
0
0
0
0.11
1.63
0
0
0
0
0.29
1.09
1.13
0
0
0
0
9.11
0.25
0.06
2.59
3.66
0.06
0.13
0.59
19.16
13.81
4
3.91
0.33
0
0
0.03
0.34
1.75
5.75
2.66
0.44
1.62
2.52
0.75
0.33
0
1.25
6.28
1.17
0.27
0.16
0
0
0.03
0.02
0
0
0.38
0
4.7
3.55
0.03
0.02
0
0
0
0
11.44
5.41
0
16.38
1.97
0.76
0.05
6.2
3.57
2.32
0.06
1.48
0.99
5.28
0.34
0
0
0
0
0
0
0
0
0
0
2.95
0.28
0
0
0
0
0
0
0.02
0
0.52
0.23
0
0
0
0
0
0
0
1.71
0.33
0
0
0
0
0
0
0
0
0
0
0
1.43
2.5
0.15
0.18
0
0
0.47
0.34
0.04
0.02
0
0
0.78
0
0
0.05
0
0
0.02
0
0.02
1.06
0
0
0
0
0.52
0
0
0
0.18
0
0
0
0
0.02
0
0
0
0
0
0
0
0
0
2.28
0.34
0
0.14
0
0.19
0
0.14
0
0
0.03
0
0
0
0.36
0
0
0.02
9.53
0.12
0
0
0
0
0
0.12
0
0.41
1.9
0.11
0.35
0.02
0
0
0
0
0
0
0
0.26
0
0
0
2.03
6.12
10.8
0.14
0
0
0
2.89
12.08
6.49
0
0
0
0
2.19
0.05
0.09
0
2.06
0.23
0
0
0
0
0
0
0.03
0
0
16.25
3.48
0.41
0
0
0
2.14
0.02
0.19
7.88
7.03
3.72
0.06
2.83
0.13
0
0
0
0
0.02
0.23
2.88
0.17
0.12
1.51
0.32
0
0
0
3.58
2.97
0.59
0
1.09
0.03
1.42
4.08
4.36
2.86
3.62
0.19
2.45
7.8
7.03
1.39
6.06
0.48
0.02
5.14
0.16
0
0.01
0
0
0.56
2.94
2.09
0.28
2.47
12.38
12.25
9.53
4.28
23.47
25.47
14.81
3.56
3.41
1.29
0.75
0
5.83
0.25
0.61
0.16
0.03
0
0
0
0
0.69
0.06
0
