19510101
21.47
5.88
1
0
0
0.01
0.01
0
9.91
1.39
1.7
4.2
4.82
0.11
0
0
0
0.96
0
0
0
0.15
2.47
5.86
5.07
5.59
9.61
8.02
0
0
0
0
0
2.05
23.75
0
10.26
0.27
5.5
7.77
11.41
9.15
7.63
1.13
6.5
2.02
0
1.55
2.95
0.09
5.62
0.16
4.14
11.91
0
0
0
0
0
0.07
0.25
1.16
0.34
3.28
1.65
4.25
0.37
3.73
27.88
1.26
22.43
10.75
6.94
3.04
2.91
2.56
0.45
0
0
0
0
0
0
0
0
0
0.41
0.01
0.05
0
0
0
0
0
0.02
0.01
0
0.02
0
7.43
0
0
0.01
0
0.01
0
3.22
1.85
1.78
3.25
0
0.43
2.93
0.12
13.52
3.15
8.81
1.4
2.46
31.49
3.29
2.77
0
0.88
4.46
5.02
3.48
1.27
0.09
0.26
0.36
0
0
0
0
0
0.01
2.61
0.73
0.48
0
0
0
0.07
0.14
6.44
0
0.21
7.15
4.3
0
0
0
9.61
6.7
5.66
0
7.23
0
0
0
0.04
0
0
0
5.09
0.84
1.68
0
0.23
0
0
0.1
0.05
0
0.02
0.99
0
0.07
0
0.25
4.39
0.23
0
1.12
0
0.55
3.32
1.74
0.14
0
0
0
0
0.05
0
0.04
0
0
0
0
0
0
0
0
0
0
0.56
0.77
0
15.34
11.39
7.9
7.57
0
0.02
0
0
0
0
0
0
0
0
0
0
0
0
0
0
0.01
0
0
0
2.07
7.63
0
0
0
0
0
0
0.05
0
0
0
0.04
0
5.7
6.59
1.94
2.7
0.32
21.26
11.02
0.63
0
0.01
0
0
0
0
0
0
8.01
30.05
0.13
0
0
0
0.02
0
0.01
8.9
23.18
0.08
0
0.04
0
0.02
0
3.62
0
0.51
3.85
0.35
1.11
0
0
0
0.07
0.97
0.63
0.89
0
0
0.06
0
0
1.67
1.22
0.66
5.85
0
0
0
0.03
0
3.16
17.15
15.08
17.39
24.19
8.47
4.15
8.81
2.92
0.14
0.61
0
2.6
23.84
8.31
0.97
0
0
0
0
0
0
0
0
0
0
0
0.01
0.93
1.34
0
0.39
0
0
0
0
0
1.62
0.06
0
0.25
0.11
0
0
0
4.79
1.1
0
0.68
0.06
2.89
0.13
3.68
0.55
0
0
0
0
0.02
0
0
0
2.02
0
0
0
0
0
3.07
0.29
0
0
1.43
0
0.36
0.01
1.59
1.78
1.51
6.86
3.94
3.98
15.98
3.88
1.45
2.68
1.12
0.29
0
0.91
0
0
0
0
0
0
0.77
0.01
0.36
8.14
6.32
2.81
0.77
0
0
0.68
0.02
0
0
0
0
1.23
0
1.01
0
0
0.45
0.28
0.43
2.02
0.38
0.15
0
0
1.62
2.8
0.23
4.7
3.21
0
1.13
0
5.71
0.7
1.61
0.26
0
0.01
0.38
0.99
0.52
0
2.4
9.42
13.52
13.91
3.66
8.72
3.8
0
0.12
0
0.87
0
0
0
1.49
9.63
16.79
3.58
15.67
0.91
0
0.63
0.37
0.81
0
0
0
0
0
0
0
0.58
0.07
0
0.15
5.5
3.52
1.22
22.03
8.98
5.19
0
0
0.63
0
0.74
0.86
0
0
0.66
0.02
0.12
1.38
8
3.53
2.44
1.63
10.3
3.32
1.13
0.14
0
2.13
0.45
0.49
1.05
0
0
0
0.07
0
1.01
0.04
0.01
0
0.39
2.06
1.13
0.05
0
0.02
0.61
0.04
0.9
0
0
0
0
0.02
0.04
0
1.37
12.38
0.32
0.2
0.05
0
0.96
1.94
10.1
9.49
8.89
0.01
0.01
0
0.03
0
0.07
0
2.4
1.78
0.5
0
0
0.04
0.17
1.26
0
5.87
0
0
1.68
2.29
6.8
1.36
11.26
0
0.09
0
0.05
0.02
0.17
0.12
0
0
0.01
0
0
0
0
0.03
0
0
0
0.77
0
0
0
0
0
0.55
0.02
0
0
1.88
25.68
7.72
0.93
0
0
0
0
0.11
0
6.1
0
0
1.15
0
0.33
1.02
1.3
0
6.61
2.51
0
0.02
0.01
0
0
0
0
0
0
7.18
0.92
0
0
0
0
0.01
0
0.11
0.01
5.25
0
0
0
1.03
0
2.32
0
0.13
0.37
0.05
0
3.17
7.38
2.27
1.14
0.46
0
2.02
8.66
1.96
0
2.29
0.34
0.01
0
0
0.29
0.01
0
0
0
0
0
0
0
0
0
0
1.05
0.61
0.46
2.99
3.67
0.42
1.16
0
0
0
1.88
2.43
0.71
1.43
1.76
4.88
13.58
2.79
7.93
0.09
0
0.01
0
0
0.01
0.75
0.02
0
1.52
3.25
2.23
0
1.2
5.92
1.58
0
0
0
0.25
0
0.66
0.57
0.17
0.88
2.45
2.38
0.04
0.34
0.03
1.19
0.78
0
0.08
0
0
0
0
0.44
1.09
0
0
0
0
0
0.13
0
0
0
0
0
0
0.1
0
0
0
0
0
0
0
0
0
0
1.66
15.49
7.71
0
0
0
7.88
0.82
0
0.75
1.67
0
0
0
0.09
0.01
0
0
0
0.01
0
0
0
0
0
0
0
0
0
0
0
0.01
0
0
0
0
0
0
1.1
0.16
0.23
0.17
2.89
3.37
0.61
0.38
0.13
0
0.13
0
0
0.01
0.4
0.56
0
0.09
0
7.09
1.64
0.77
0
0.52
0.29
8.53
0.04
0
0
1.21
0.07
0.03
0.02
0
1.23
21.01
25.56
4.22
0.12
10
0.92
6.21
2.38
10.92
0.5
0
0
0.02
0
0
0
0
0
0.01
0.02
0
0.01
0.13
0.18
3.05
8.11
0
0
0.6
0
0
0
0
0
0
0
1
0.6
1.18
0
0
0
0
0
0
0
0
0
5.3
15.95
0.31
0
0
0
0
0
0.03
0.01
0.04
0.69
1.75
0.21
14.88
0.07
0.06
0.03
0
0.04
0.8
22.16
6.37
12.22
7.3
0
0
0.64
6.81
5.86
0
0.01
0.02
0
0.01
0
0
0
0
0
1.79
0
0
0
0
0
0
0
0
0.02
0
0.01
0
0.32
0.03
0
0
0.59
0
0
0
0
0
0
0
0
0
0.02
0.28
2.54
1.94
0.17
0
0
0.01
0
0.02
0
0
0
4.59
0
0.02
0
0
0
0
0
0
0
1.18
0
0.13
9.43
0.09
0.02
0
0.04
0
0
0
0
0
0
0
0
0
0
0
0
0.01
0.01
3.95
21.09
0.03
0
0
0
0
0
4.02
0.92
0.49
0
0
0
0
0.28
10.22
11.51
16.53
11.96
4.66
0
0
0
0.33
0
0.01
0.3
0.57
0.36
1.16
0.91
2.84
0
0.04
0.01
0
5.82
0.09
0
0
0
0
0
0
0
0
0
0
0
0
0.01
0.01
0.02
0
0.01
0
0
0
0
0
0
0.1
3.5
0
0.03
0
1.39
0
1.18
10.46
2.16
0.11
16.88
2.93
0
0
0
0
1.54
4.19
2.48
0
1.45
4.32
0.64
0
0
0
0
0
0
0
0
0
0
0
0
0
0
0
0.15
0
0.03
0.05
0
0
0
0
0
0.02
0
0.01
0.01
0.02
0
0
0
0
0
0
0.01
0
0
0.45
4.12
4.95
0.3
0.17
0
0
0.55
0.52
0
0.33
0.06
0.56
1.36
11.26
0
0.24
3.97
3.55
0.3
0
0
0
0
0
0
0
0
0.04
0.17
0
0
0
0.01
0
0.38
4.25
0
0
6.61
8.21
4.45
0
7.05
7.88
6.71
3.37
0
4.63
2.46
2.2
3.01
0
0
2.91
4.44
0
1.53
0
0
0
0
3.05
4.63
0.01
0
0
0
0.05
0
0
0
0
0
0.08
0
0
0
0
0
0
0
0
0
0.01
0.03
0
0
4.05
15.8
7.65
1.65
1.55
0
8.15
1.39
0
0
0
0
0
4.27
4.21
0.38
1.38
14.42
11.16
20.65
17.25
0.54
0
0
0.01
0
0
0
0
0
0.01
0
0
0
0.95
5.76
7.98
16.73
41.36
6.09
0
0
0
0.01
1.95
0
0
0
0
0
0.01
0
0
0
0
0
0.7
0.06
3.69
0
0
0
0
0
0
0
0
0
0
0
0
0
0
0
0
0
0
0.75
0.02
0
0
0
0.06
0
0
0
0
0
0
0
0
0
0
0
0
0
0
0
0
0.02
0
0
0
0
0.01
0
0
0
0
0
1.01
3.69
0
0.02
0
0
0.65
0
0.8
0.33
0.01
0.01
0
0
0.01
0
0
0
0.02
0
0
0.18
0
0
0
0.01
0
0.01
0
0
0
0.27
2.48
0.95
0
0
0
0
0
0
0
0
0
0
0
0
0
0
0
0
0
0
0
0
0.01
0
0
0
0
0
0
0
0.02
0.02
0.05
0.03
0.14
0.2
2.16
0
0.36
0
0.39
0.09
0
0
0.02
0.11
0.09
0.46
2.8
0
0.04
0
1.34
3.34
7.66
7.54
0.14
0
0
0
0
0
0
0
0
0
0
0.05
0.12
2.8
5.97
0.76
0.77
2.41
16.73
1.39
11.29
14.55
0
0
0
0
0
0
0.74
13.04
0.63
0
0.02
0.03
0
0
0
0
0
0.02
0
0.01
0
0
0
0
0
0
0
0
0
0
0
0
8.02
18.67
7.72
7.87
2.86
2.62
1.66
9.44
0
0.04
0.76
0.23
0.44
4.58
0.52
12.97
7.4
3.76
0.78
2.07
2.89
1.04
0
0
0.09
2.18
0.33
1.91
5.79
9.3
3.9
23.36
0.24
0
0
1.38
0
1.64
0.01
0
0.27
1.88
3.77
0
10.43
26.19
9.77
3.61
5.22
1.05
1.6
10.04
2.75
2.13
4.05
1.84
0.53
0
0.03
0
0
0.01
0
0
0
0
0.78
0.87
0.24
0.14
0.45
0.05
0
0
1.7
0
0.63
10.13
8.45
3.29
0
0
0
0
0
0
0
4.45
0.14
0.01
0
0
0
0.92
0.01
0.61
0.38
0
0.75
0
0
0.01
0
0.17
0.07
0.02
1.88
0
10.85
4.61
3.4
15.22
8.71
1.28
0.14
0.07
0.01
1.78
0
0
3.42
0.12
0
0
2.52
0.04
0.01
0
0.01
0.4
0.41
0.12
0.04
0
0.04
0.4
0.05
0.14
0
0
0.35
1.9
8.16
4.96
0.31
0
0
0.06
1.54
19.03
3.52
0
0
0.16
7.37
5.57
0.55
8.53
0.31
0.06
0
0.14
0
0.39
0.32
3.66
10.11
12.84
2.81
1.37
0
0
0
15.54
0.77
0.01
0.34
0
0
0
0
0.03
0
0.01
0
0
0
0
0
0
0
0
0
0
0
0
1.11
0.06
0
4.23
4.85
0
0
1.91
0
0
1.48
0
0.01
2.97
0.07
0.08
0.03
0.49
0.69
5.44
9.02
0.06
0.01
0.24
0
1.04
0
0.13
6.18
0
0.88
0
0
0
5.02
0
0
1.49
1.25
0
6.15
7.15
0.09
0.3
0.41
0.1
0
0
0.84
0.89
0
0
0.17
3.55
0
0
0
0.66
0
0
0
0
6.09
12.77
4.23
0
0
2.68
0.09
0.07
0.04
0
0
0
0
0
0.61
5.81
9.28
2.93
0
0.87
0
0
0
0.02
0.01
0
0
0.02
1.7
0.34
1.09
0.65
1.11
16.07
0
0
0.34
0.02
0
0.02
1.17
9.96
20.8
19.97
3.61
0
0
2.77
23.59
0.13
0
1.52
2.82
0.09
0.25
5.1
4.19
0.16
0
0
0
1.32
0.01
0
0
1.56
2.69
14.69
1.13
0.41
0
0
0
5.07
9.57
5.1
0
0.2
0.01
0
0.91
0
0
0.01
0
0.07
4.13
8.17
22.31
16.88
19.25
3.27
3.82
5.98
9.46
5.88
0.04
0.01
0.67
0
0
0.73
0
0
0.78
0.16
0
0
0.13
0
0
0.38
0.16
1.66
4.5
0
1.35
18.26
4.08
3.99
6.25
8.61
0.51
8.38
1.66
2.36
0.37
0.13
1.92
0
0.06
0
1.24
0.01
0
5.36
0.05
0
0
0.02
0.01
0.9
0
0
0
0
0
0
0.3
0
0.01
0
0
2.12
0
0.39
0.34
0.45
1.91
12.75
2.73
0.89
0.2
0
0
0
0
0.01
0
0.79
0
0
0
0.58
1.16
0
0
0.01
0
0.65
0.04
0.03
0.05
12.37
7.09
8.48
2.53
9.79
36.03
4.7
4.97
2.68
13.59
27.57
13.48
13.06
4.63
0
0.55
0.34
0
0
0.55
0
0.29
1.24
0.35
0.97
0.14
7.42
11.25
7.18
1.72
2.32
0.44
1.13
3.68
6.91
3.39
7.48
1.34
0.49
8.34
3.19
4.48
1.51
0
0
0
0.01
0.73
0
0
0
0.91
0.01
0
0
1.09
0
0
0
0.8
0
3.47
1.19
15.73
18.18
7.68
3.2
5.24
40.91
20.01
0.98
0.01
0.06
0.01
0
0
0.01
0
0
0.06
0
0.54
0
0
3.59
0
0
0.36
0
0.04
0.05
1.78
0
0
0.03
0.01
0.1
13.25
21.2
2.99
1.1
0.49
4.62
0.21
0
0
0
0
0
0
0.32
0.01
0.01
0
0
0
0
0.16
0
0
0
0
0
0.02
0.95
6.98
0
0
0
0.01
0
0.07
0.01
0
6.84
5.87
0.05
0.1
0.01
0.18
0
18.79
4.76
0
0
0
0
0
0
0.02
0
0.31
0
0.02
0
0
0.01
0
0
0
0.02
0.19
0.12
0
0
0
0
0.01
0
0.18
0
0
0
0.02
0
0
0
0.01
0
0
0
0
5.77
0.04
0.47
0.53
5.8
12.02
0
29.24
17.01
1.04
0
0
0
0
0
0.14
0
0.09
0.38
0.2
0.21
0
0
1.99
6.65
1.06
0
1.58
3.8
4.69
0.73
0.13
0
0
0.2
0
6.03
0
0
0.39
0
0
0
0
0.07
11.52
1.93
0
0
0
0
0.25
1.64
7.22
1.19
0
0.41
0.51
0.01
0
0
0.69
1.37
0
1.1
4.08
0.24
0
0.43
0
0
0
0
0.42
0
0
0
0
0
0.8
0
0.01
0
0
0
0
0
0
0
0
1.31
0
0
0
0
0
0.29
0.09
0.63
0
1.3
0.63
0.34
6.09
7.59
8.89
3.31
2.78
0.34
0
0
0
0
0
0.41
0.44
0.19
0
1.12
0
0
0
0
0
0.48
0.23
0.05
0
0
2.23
4.84
1.3
0.78
0
0
0.42
0
0
0
0.06
0.48
1.58
1.07
0.97
1.13
1.68
0.57
0
0
0
0
6.65
5.91
15.33
11.71
0
0
2.04
0.18
0
0
0.11
0
0
0
0.28
0
0
0
0
3.31
3.07
0
0.66
0
0.41
0.24
0.29
0
0
0
0
0
0
0
0.42
0.74
3.47
2.01
1.7
3.27
0
0
0.55
0.28
1.13
5.65
0
0
0
0
0
1.47
0.55
0.02
0
0.86
0
0
0
0
0.94
4.53
8.51
0
0
0.19
0
0.51
0
2.06
1.63
8.07
4.4
4.4
12.81
3.19
6.98
7.63
0.06
15.07
1.39
0
2.38
10.27
6.72
4.13
0
0.36
0.07
0.35
0
0
1.01
0
0
0.56
0
0
0
0.25
2.4
1.93
10.54
4.23
10.16
0.15
3.48
1.32
4.52
2.81
0.47
0.01
0.05
0
1.38
22.23
3.62
0.27
0
0
9.3
0
2.4
5.57
2.89
2.2
0.45
1.2
2.83
15.5
0.09
0.01
0
0
0.01
0
0
0
0
0.01
0.04
0
0
0
0
0
0.01
0.01
0
0
0
0
0
0.01
0.01
0
0
0
0
0
0
0
0
0
0
0
0.01
0.02
0
0.3
0.73
0
0
1.02
0.1
0
0
0
0.02
0
0
0.1
0
0
0
0.06
0
0
0
0.12
0
0
0
0
0
0
4.83
2.21
7.84
0.41
0.03
0.02
0
0.02
0
0.26
0.52
0.41
0.97
0
0.01
0.01
0
0
1.26
10.5
7.04
10.98
3.36
0
0
0.15
1.62
0
0
0
0.03
0
5.52
5.69
23.37
0
0
0
0
1.16
0.01
0.96
1.49
4.43
4.17
8.14
4.57
3.95
0
0
1.16
5.54
0.3
0
0
0
0
0.41
0
0
0
0.25
0
0.39
3.68
2.02
1.4
3.08
6.7
8.92
2.27
5.55
0
0
0
0.03
0
0.03
0
0.01
0
0
0
0
0.03
1.22
0.23
0.27
0.03
0.02
0.01
0
0.03
0.02
0
0.01
0.01
0
0
0
0
0.6
0.76
15.42
19.54
6.2
0.26
0
0
0
0
0
0
0
0
2.82
10.26
0.82
0.12
0
0
0.01
0
0
0.02
0.53
0.09
0
0.55
0
0.1
0
0.01
0.04
0
0.19
0
0
0
0
0
0.01
0
0
0
0
3.74
1.19
1.34
3.11
3
4.88
15.67
17.07
0
0
0
0
0
0
0
0
0.29
2.91
1.55
3.4
1.52
2.04
10.07
0.9
0
0
0.01
1.14
0.3
0.06
0
1.18
1.7
0.67
1.5
0.15
0.06
0
0
0.69
0.25
0.01
0
0
0
1.18
0.2
2.85
0.33
1.25
0
0
0
0.2
4.53
0.89
6.48
0.44
0.71
0
2.65
17.96
4.6
7.99
3.36
6.25
11.54
3.05
7.06
1.16
5.55
6.6
7.9
2.35
3.09
0.05
0
0
0.01
0
0.19
2.8
2.11
0
0
0
0
0.01
0.53
0
0.02
0
0
0
0
0.3
0
0
0
0.01
0
0
0
0
0.02
0.09
0.07
11.35
4.82
0.48
4.06
16.13
0
0
0
0
0
0
0
0
0
0
0
0.3
0.04
0
0.01
0
0
0
1.06
0
0
0
0.73
0
0
4.63
7.4
0.1
0
0
0.05
0
0.01
0
18.75
22.28
6.3
0
1.65
0.16
1
0.47
5
3.92
0.46
0
0.8
0.4
0.71
0
0
0.26
0
2.71
0
0
0
0
0
0
0
0
0.04
0
0
0
0
0
0
0
0
0
0.02
0
0
0
0
0
0.35
0.89
2.82
0.26
0.12
0.16
0.13
0.01
0
0
0.01
0.01
0
0
0
0
0
0
0
0
1.86
4.29
0
0
0.02
0
0
0.01
0
0.41
0
0
0.07
0
0.02
0
0.01
0.13
1.31
0
1.38
0.1
5
0.95
0
2.79
0.23
0.63
0
0.02
0
0
0
0
0
0.14
0.87
0.01
0
0
1.39
3.73
0.91
0
6.07
0
3.59
8.39
0
0
0.08
0
1.05
0
0
0.02
0
0
0
0
0
0
0
0
0
0
0
1.7
0.06
0.02
0.49
0.4
0.06
0
0
0.02
0
0.83
0.51
0
0.39
0
0
0
0.5
0.58
0
0
0
1.5
0.16
0
0
0
0
0
0.29
1.63
0
4.21
1.28
0.03
1.85
6.8
8.34
24.26
15.92
12.66
2.38
2.86
4.16
2.08
1.82
1.51
7.2
20.02
8.64
13.18
4.65
12.23
33.35
15.21
11.23
13.77
6.97
0.9
0.5
2.16
0.01
0
0
0
0
0
0.23
0
0
0
0
0.04
0
0
4.29
3.11
1.14
0.45
0.46
7.9
0.98
0
0
0.09
0.38
8.36
1.29
5.33
1.08
0
0
0
0.51
0.41
0
0
0
0.07
4.12
2.11
0.95
0.45
0.07
4.13
0.33
0.21
0.77
0.6
0.03
0
0
0.01
0
0
0
0
0
0
0
0
0.01
0.51
0
0
0
2.45
8.04
30.15
3.42
5.93
6.36
0
9.31
16.5
6.88
7.08
5.74
0
0
0.02
0.01
0.86
0.25
0.03
12.46
7.95
1.35
7.58
1.95
0.36
0
0
1.43
1.08
0
0
0
0.7
0.23
2.52
1.02
2.58
2.08
0.68
0
0
0.66
0.58
12.11
4.38
8.18
2.2
0
0
0.01
1.73
2.11
2.52
1.93
0
0
0.33
3
0.29
4.88
0
0.01
1.79
1.2
0.57
1.22
16.17
9.59
0
0.27
1.59
0.47
1.59
0
0
0
0.96
14.77
3.82
9.15
10
0
2.68
0
1.02
0.3
1.44
6.15
14.68
0.01
0
0
0.02
0
1.79
7.5
10.23
8.15
0.11
0
0.01
0
0
0.14
6.07
7.02
0
0
0
0.06
0
0.02
0
0
0
0.42
0.22
0.14
0
0
0
0
0
0
0.01
0
0
0.63
0
0
1.34
0.07
0.07
0.06
11.78
1.19
0
0.48
4.3
9.99
1.82
0
3.96
0.93
0.34
0
0
0
1.91
0.05
0.02
0
0.01
1.58
5.73
8.85
10.19
4.77
1.29
4.16
0.31
0
0
0.02
0
0.01
0
0
0
0
0
0
0
0.1
0.02
0
0
4.38
0
6.83
2.75
0.4
0
1.89
2.6
9.64
37.93
6.41
0
0
0
0
2.58
1.43
10.83
0.3
0
0.07
0
2.77
0
1.66
0.8
4.14
6.53
1.65
14.66
17.89
1.65
0.73
7.39
13.23
7.59
0
0
0.95
0
22.81
1.64
0
0
1.77
3.59
0
0
0
0
0.02
3.88
6.96
5.79
4.27
13.69
0.03
0
0
0
0
1.71
10.46
6.54
4.91
2.13
0.43
0.55
1.63
1.99
0
0
0.03
0
0.02
0.02
0.02
1.36
7.18
0.16
1.32
3.95
14.28
14.39
4.46
1.68
4.23
19.06
1.16
0.7
0
0.06
2.62
11
2.91
0.67
14.68
28.16
0.05
1.02
0
0
1.73
11.52
10.25
11.14
19.89
14.93
6.92
0
0
1.84
4.33
0.9
0
1.98
0
0
0
3.06
6
2.69
6.19
7.91
4.41
0
0.7
1.32
0.34
0.55
0
0.1
0
0
0
0
0.03
5
6.53
0.93
0.81
1.25
1.92
0.14
0.11
0.34
3.83
0.72
0
2.45
2.21
5.41
9.91
20.23
21.96
15.22
11.32
4.45
0.73
0.03
0.01
0.64
0.17
2.74
6.75
7.84
0.1
0.83
3.25
10
5.63
4.32
4.31
8.24
5.02
9.48
8.57
6.21
6.45
7.1
9.32
4.45
0.44
2.04
0.67
0.28
0.01
0.99
0
0
0
0.01
0
0
3.59
1.21
2.33
3.5
2.04
0.5
5.13
8.99
9.67
2.15
0.23
0
0
0.01
0.02
0
0.07
3.17
12.12
6.87
6.35
3.87
2.26
1.39
3.96
0
0.26
2.37
0
0
1.03
0.16
0
0.11
0.02
0
0
0
0
0.01
0.02
0.01
0
0
0
0.32
2.45
0
0
0
0.02
0
0.52
0
1.83
0.27
5.27
0.29
0.37
0.01
0
0
0
0
0
0.14
0
0
0.05
0
5.52
2.45
14
5.82
0.53
1.71
0.08
2.86
0
0
0
0.07
3.33
0
0.07
3.77
41.75
7.95
1.88
2.27
5.06
0.03
3.46
0.23
0
0
0
0
1.13
0
0.27
0
0
0
0
0
0.01
0
0
0
0
0.02
0
0.05
3.48
0.07
0
0
1.11
0.11
0.01
0.01
0.01
0
0
0
0
0
0
0.54
0
0
0
0
0.01
0.02
0
0.05
0
0
0
0
0.04
6.77
8.8
3.64
0.05
0.02
0
0
0
0
0.01
0
0
0
0
0
0.07
0
0
0
0
0.25
4.88
4.6
0
0
0
0
0
0
0
0
0
0
0
0.02
0.02
2.16
0
0.07
0.49
0.09
0
0
0
0
0
0.01
0
0.13
1.82
5.3
1.5
4.68
0
0
0
1.65
0.39
0.41
0.02
1.79
0.63
0.38
0
6.55
3.04
2
24.78
16.55
15.35
10.27
2.55
3.39
0.41
1.68
0
0.13
9.74
12.59
0
0
0
0
1.03
15.85
9.09
14.45
16.73
16.87
9.11
0
4.66
12.53
21.47
1.31
10.1
0
4.59
0.92
4.13
9.64
1.05
0.34
0.01
0
0.22
6.19
4.23
0.95
0
0.61
0.58
0.38
0
0.9
0
0
18.54
0.79
0.63
0
0
0.05
0.44
0
0
0
3.29
1.19
0.16
0.41
8.3
1.9
13.58
0.48
0.3
0.63
0.13
1.5
2.09
1.46
0.72
0
2.07
0.41
0.89
0.22
0
0
0.79
1.21
1.77
3.78
4.51
2.85
0.53
0
6.83
3.24
1.7
4.09
1.86
1.03
0
0
0.1
0.02
4.62
0
0
0
0.01
0
0
0
0.02
3.47
0.38
10.69
3.5
1.38
2.07
0.91
0.96
0
0.41
0
0.23
0.35
0
0.16
0
0
0
0
0.01
0
0
0
0
0
0
0
0
0
0
0.59
3
0
0
0
0.2
1.03
0.09
0
0
0
0
0
0
0
0
0
0
0
0
0
0
0
0
0
0
0
0
0.36
5.05
6.23
0.79
3.11
0.7
0.23
0
0
0
0
0
0.01
0
0
0
0.01
0.28
3.51
8.07
5.82
4.79
4.38
0.69
0
0
0
0
0.79
10.57
1.78
0.78
0.13
0.28
3.25
11.18
0.53
0.35
0.3
0.45
1.97
2.95
2.43
0
0.02
0.01
0
2.21
2.47
0
0.3
0.1
0
0.16
0
0
0
0
0
0.02
0.05
0
0.03
0
0
2.27
2.01
0
0
2.38
2.65
4.07
14.1
14.24
10.38
0
0
0.11
0
2.18
0.97
0
0.01
0.05
0.02
0
0.14
0.01
0
0.06
0.07
0
0.02
0
0.09
0.03
0
0
2.48
2.14
4.44
0
0.95
0
0
0.37
0.05
0.01
0
0
0
0
0
0
0
0
0
0
0
0
0
0
0
0
0
0
0.82
0
0.02
2.46
1.68
0
0
1.05
3.7
4.9
0.65
0.75
0.16
0.02
0
0
0.02
0.02
0
0
2.95
0.61
13.48
1.66
0.03
0
0
0
0.02
0.03
0
0
0
0
0
0
0
0
0
0
0
0.42
6.14
3.84
4.17
0.31
0.03
0
0
0
0.39
0.04
0
0
0
0
0
1.75
32.81
2.03
0.07
0
0
0
0
0
0.75
5.79
19.31
10.28
2.8
0.69
0
3.11
0.04
0.29
7.42
3.68
0.04
0.02
0
0
0
0
16.25
13.23
3.99
0
0
0
0
0
0
0
0.18
0
0.88
0.02
0.82
4.8
2.45
0.16
0
0
0
0
0
0
0
0
2.73
2.6
6.98
2.23
1.41
0
5.21
8.95
4.55
2.78
5.02
18.66
20.98
11.34
7.16
3.51
19.02
14.23
5.26
44.22
0.29
0
0
0.65
1.29
0.87
0
0
0.12
0
1
0
0
0
0
0
0
0
1.41
1.42
0.01
0
0.36
2.45
4.28
6.94
14.93
4.01
1.31
1.16
0.34
7.18
5.01
2.09
13.79
2.44
2.88
1.11
0
1.09
0
0.55
0.36
1.78
3.36
0.81
5.75
4.35
0.46
11.49
11.38
0.64
0
0
0
0
0.04
0.02
0
0
0
0
0
0
0
0
0
0
0
0.18
3.79
0.36
0
0
0
0
0
0
0
0
0
0
0
0
0
0
0.79
8.12
5.36
5.23
15.69
0.3
1.27
6.29
7.08
4.21
3.49
0.94
8.21
11.61
3.35
1.03
1.38
0
0.01
0.04
0
0.02
0
0.49
1.94
1.3
0.51
0.1
0
2.33
2.15
0
0
0.34
0.16
0
0
0
0.03
0.61
0
0
0
0
0
0
0
0.05
0.17
5.93
2.82
0.59
10.51
9.56
3.26
0.21
0.42
0.39
0.67
3.33
8.25
5.87
4.82
4.02
1.17
2.94
5.42
4.45
0.82
0.59
0
0
0
0.01
0
0
0
1.41
0.76
0.92
0.06
0.53
0.01
0
1.24
0.16
0.24
0.03
0
0
4.53
6.72
8.92
5.67
0.64
3.31
19.82
0.72
1.13
1.48
1.14
4.48
1.45
0.52
0
0.01
0.02
0.05
0
4.18
13.18
2.25
0
0.04
0.06
0.13
0.11
0
0
0
0.28
0
3.79
4.22
11.11
0.16
1.23
0.01
0.01
0
0
0
0
0
0.02
0.08
0.01
0.03
0.01
0
0
0
0
0
0.01
0
0.24
0
0
0
0
0
0
0.01
0
0.04
0.02
0.01
0.02
0.06
0
0.05
0
0
0
0
0
0
0
0
0
0
0
0.02
0
0
0
0
0
0
0
0
0
0.07
0
0
0.02
0
0
0.01
0.03
0
0
0
0
0
0.01
0
0.04
0
0.03
0.02
0
0
1.13
0.1
0.02
4.81
2.08
1.32
0.11
0.32
0
6.7
15.25
6.12
0
0.73
0
0.01
0
0.02
0.27
0
0.29
0.01
0.01
0
0
1.18
0.22
1.61
8.54
6.88
6.02
0.15
0.32
0.97
0.02
0.68
1.98
0
0
0
0.37
8.68
4.44
0.1
0
0
0
0
0
4.13
4.89
3.25
7.89
0.46
0.42
1.2
1.32
1.68
0.17
0.22
0.29
0.38
0
0.35
1.82
0.71
3.52
2.2
0.71
0
0
0
0
0
0
0
0.01
0
0.05
0.02
0.01
0.01
0.04
0.07
0.1
0.01
0.14
0.23
0.26
1.92
0
0.04
0
0
0.08
0
0
0
0
0
0.2
0.5
0
11.05
19.59
20.84
15.55
3.36
9.46
13.78
1.43
4
6.73
9.76
0.83
3.89
5.54
7.82
0.79
2
2.87
0.72
0
2.89
7.37
1.91
1.26
1.66
0
0.43
0.56
0.29
0.02
0.18
0
0.09
0
0.02
1.23
2.68
1.81
1.66
1.98
2.29
8.55
0.05
6.79
12.38
12.53
4.82
0.41
1.63
10.24
19.3
5.82
1.39
3.16
4.44
0.6
0.11
0.27
1.65
0.16
0
0.76
0.44
0.96
0.1
0.31
1.71
0.03
0.02
0
0.66
2.02
1.23
6.75
3.79
3.63
0.48
0.66
0.16
6.96
0
0
0
0
0
0.06
0
0
0
0
0
0
0.6
0
0
0.02
0.04
2.48
5.39
0
0
0
22.73
22.62
12.12
4.3
8.4
5.9
0
0
0.88
10.65
6.95
0
0
0.02
0
0
0
0
0.26
0.02
0.26
0.47
0
0
0.7
0
0.02
3.28
1.84
0.05
0
0.02
0
0
0
0
0
0
0
0
0
0
0.01
0.73
0.65
0.03
1.2
0.86
0.15
1.07
0.38
1.06
2.16
0.25
0.72
3.32
7.12
9.07
1.01
0.87
0.12
0.05
0
0
0.02
1.27
0.03
0
0.01
0
0.01
0
0.01
0.46
0.64
0.23
1.47
1.65
0
6.63
14.89
1.73
20.01
0.24
0.02
0.02
0.01
0.01
0
0.1
0.05
0
0
0
0
0
0.02
0
0
0
0.04
0.02
0.16
0.18
0.98
0.11
0.54
2.89
9.64
12.59
2.15
3.8
4.59
7.63
2.01
3.25
1.06
0.08
0.03
0
0
0
0.02
0
0
0
0.09
1.91
0.08
0.01
0
0
0
0.01
0.02
0
0
0
0
0.02
0
0
0.2
0.5
0.02
0.02
0.02
0.4
7.3
4.63
3.58
0.03
0
0.17
0.13
0
0.19
1.1
1.95
3
4.51
10.72
0.09
4.31
0
0.32
0
0.02
4.73
0.31
0
0
0
0
0
0
0
0.09
0
0
0.14
0
0
0
0
0
0
0
0
0
0.01
0
0
0
0
0
0
0
0
0
0
0.05
0.41
0
0.03
18.8
11.79
6.21
17.28
3.6
15.51
11.38
4.13
2.58
4.97
4.86
1.81
4.13
18.99
31.84
8.76
9.51
1.46
1.23
1.2
2.52
0.86
0
1.12
0.96
1.56
8.54
5.88
1.38
1.67
5.34
0.73
4.44
9.34
4.86
5.27
1.04
5.26
4.11
1.34
2.73
7.3
5.17
0.37
0.59
7.37
1.44
0.55
5.54
2.55
0.41
0
0
0
0.08
0.22
0.29
0
0.09
0.4
0.26
0.09
0.23
0.13
0
0
0
0
0
0
0
0
0
0.52
0.61
1.25
0.84
0
0.01
0
0
0.04
0.02
0
0
0
0
0
0
0
0
0
0
0
0.01
0
0
0
0
0
0
0
0
0
0.45
0.3
5.37
18.27
7.07
12.43
5.14
10.91
0.52
0
0.45
4.89
22.47
22.89
4.57
2.95
3.52
1.87
0
0
0.04
0
0.57
0.2
2.49
1.83
0.38
2.49
5.21
5.77
2.59
1.79
2.75
0.3
0
0
0.14
3.57
3.07
1.66
0.04
0.02
2.86
0.02
0
0
4.1
9.06
0.78
6.53
1.68
3.06
4.27
3.57
0.94
2.11
3.67
1.78
0.14
0.09
0.02
0.05
0.02
0
1.71
17.2
10.02
9.44
3.35
0
0
0
0
0
0
0
0
0
0
0
0
0.02
0
0
0
0
0
0
0.02
0
0
0.04
0
0
0.04
0.41
0
0.01
1.18
14.82
3.58
1.52
0.19
0
0.02
0.01
0.02
0
1.21
1.49
6.64
4.18
1.07
0
3.98
0.88
0
0
0
0
0
0
0
0
0
0
0
0
3.59
9.17
0
25.63
3.64
0
0
23.38
2.24
0.37
0
0
0
0.03
0
0.01
0
0.89
0.35
0.16
0.01
0
0
0.02
0.47
0
0.01
0.04
1.43
0
0.14
0.86
0.66
0
0.31
0.32
2.95
2.65
0
0.08
0
0.78
0.47
0
0.03
0
0.04
0.51
1.5
0.3
0
0
0
0
5.54
1.75
0.13
0
0
0
0.01
0
0
0
0.03
0
0
0
0
0
0.01
0.03
0.81
0
0.01
0.02
0
0
0.13
0.43
0
0
0
0.05
0.22
0.02
0.01
0.68
0.06
0
0
0
0
0
0
0
0.01
0
0.01
0
0.97
2.89
4.88
4.98
1.03
0.3
0
0
0
0
0
0
0.07
0.24
0.49
2.86
1.79
3.61
1.83
0
0
0
0
0
0
0
0
0
0
0
0
0
0
0
0
0
0.01
0
0.66
10.66
36.36
0
0
0
0.01
0.01
0.11
0
0
0
0
0
0
0
0
0
0
0
0
0
0
0
0.05
2.22
0.93
0
0.7
0
0
0
0
0
0.01
0.02
0.08
1.77
0.38
0
0
1.33
0.21
1.45
6.15
0
0.58
2.88
2.95
2.5
3.9
2.29
0.5
0
5.88
0.55
0.79
0
0
5.09
1.73
0
0
0.1
0
0.01
3.34
2.11
0.91
0.8
0.16
0.29
0.45
0.07
0.92
0.7
4.57
0.86
0.15
0.8
0
0
0
0.11
2.43
12.16
4.65
7.94
9.71
0.26
0.13
0
0
0
0
0
0.03
0
0
0
0.02
0.02
0
0.01
0
0
0
2.05
1.01
2.27
13.98
11.47
3.33
3.48
6.97
1.73
1.25
18.39
20.7
3.42
1
9
0.17
0
0.05
0.48
0.86
7.14
15.02
14.22
4.54
9.74
3.48
1.25
2.48
0
0
1.21
0.02
0
0
0
0
0
0
0
0
0
0
8.48
2.34
0.07
2.6
2.97
0.18
0
0.51
0
0
0
0
0.15
0
0
0
0
0
0
0
0
0
0
0.01
0
0
0
0
0
0
1.2
0.85
0.1
0.01
0.65
0
0.01
0
0.01
0
0
0
0
0
0
0
14.63
14.28
0.15
0.13
0
0
0
0
0.22
5.95
0
0.03
2.54
0.01
0
3.05
1.71
0.13
0.01
0
1.04
0.97
0
0
0
0
0
0
0
0
0
0
0
0
0.02
0
0
0.01
0.17
0
0.02
0
0
0.68
4.02
0.52
0
0
0
0
0.01
0
0
0
0
0
0
0
0
0
0
0.02
0.05
0
0
0
0
0
0
0
0
2.86
3.68
0
0
0
0
0
0
0
0.11
0.01
0
0
0.02
0.02
0
0
0
0.01
0
0
3.89
0.82
0.46
0.7
0
0.01
0.03
0
0.01
0
0
0
0
0.11
1.65
0
0
0
0
0
0
0
0
0
0
0
0
0
0
0
0
0.02
0
0
0
0
0
0
29.25
19.94
10.98
6.36
5.59
13.13
0
0.16
0.11
0.11
15.04
3.34
5.81
6.79
23.6
11.3
3.84
0
0
0
0
0.21
0.79
3.47
4.86
9.53
0.84
1.34
0.06
0
7.34
12.78
0.86
2.73
12.41
3.23
0
0
0
0
5.53
23.4
34.32
5.55
1.55
2.35
0.37
1.91
1.41
2.77
0.73
2.27
1.42
10.91
4.99
9.36
3.23
6.52
3.24
0
0.3
0.17
0.52
1.13
0.72
1.34
2.69
0.02
2.09
3.35
1.77
0
0
0.5
12.48
6.1
0
0.11
0
0.41
0
0.1
7.53
0
0.15
0.2
0.04
0.58
0
0.29
0.39
0
2.7
17.03
6.15
0.38
0
0
0
0.14
0.07
0.89
0.02
0.01
0
0.23
3.44
0.16
0.34
3.38
6.65
2.22
6.13
6.04
5.38
5.12
14.95
17.16
20
7.55
5.41
2.8
1.07
3.46
0.62
0.07
0.79
3.91
2.01
0.08
1.19
1.52
0.43
0.02
0
0
0
0
0.27
7.39
3.07
15.61
4.33
3.34
13.16
5.72
0
2.25
5.08
12.18
7.63
2.84
0
0
0
2
16.91
1.56
0
0
0.05
0.05
0
0
0
0
0
0
0
0
0
0
0
0
0
0.01
0
0
0
0
0.01
0
0
0
0
0
0.02
0.38
5.45
9.3
0.92
0.84
1.14
0.77
0.63
1.52
6.36
3.34
2.97
6.29
4.48
1.78
9.15
10.22
4.05
0.28
0
0.38
0
0
0
1.48
0
0.67
0
2.27
0.12
0.45
0.05
0.49
0.96
3.14
0.05
0
0
0.02
0.13
0
3.43
7.73
6.34
0.75
0
1.49
2.89
1.77
6.31
0
0
0
0
0
0
1.8
0.85
0.7
0
4.47
1.34
1.29
2.05
6.11
6.64
10.71
0.64
0
0.54
10.32
4.1
0.94
1.32
1.06
5.52
4.07
0.07
0.02
0
0.01
0.03
0
0.08
0.19
0.02
0
0
0
0
0
0
0
0
5.39
1.15
0
0.01
0.02
0
0
0.01
0
0.01
0
0.11
0
0.01
0.01
0
0
0
0
0
0
0
0
0
0.23
0.2
0
0
0
0
0
0.03
0.01
0
0
0
0
0
0
0.01
0
0
0.05
0.01
0.02
0.04
0
0
0.09
0.01
0.15
0
0
0
0
0.17
0
0.46
0
0.01
0
0
0
0
0
0
0
0
0
0
0
0
0.09
0.2
1.12
2.47
0.02
0.01
0
0
0
0
0
0
0.01
0
1.52
13.55
15.85
3.47
2.34
1.41
3.71
14.59
5.92
0
0
10.33
7.52
1.31
0
0.02
0.06
21.66
8.2
1.75
0
1.92
5.2
1.22
3.5
0.27
0.02
0.04
12.6
6.99
0.13
0
0.13
0
0.04
0
0
2.67
0.25
4.3
21.86
17.91
14.4
16.68
3.91
1.06
0
0
0
0
0
0.01
0.79
0
0.24
0
0.07
0.05
0.18
0
0
0
0
0.16
0
0.43
3.27
0.8
0.03
0
0.03
0
0
0
0
0
0
0.52
0
0.05
0
0
0
0
0
0
0
0
0.01
0
0
0
0
0
0.02
0
0.01
0
0
0.29
0
0.11
0.48
0
0.43
14.67
8.88
2.98
0.22
0
0
0.65
0
0
0.02
4.07
3.3
7.55
0.57
1.24
0.16
0.52
0.53
0
0
0.25
0
0
0
0
0
0
0
0.54
0.28
0
0
0.23
0.37
0.11
4.94
4.55
9.56
13.04
15
2.39
0
0.03
0
0
0
1.32
2.16
0.25
0.39
0
0
0
0.04
0
2.53
0.46
0
16.54
7.32
0.22
0
0
0
0
0
0
0
0
0
0
0
0
0
0
0
0
2.16
7.7
1.96
0
0.01
0
0
0
0
0
0
6.73
11.2
3.83
1.74
1.34
3.79
1.74
1.48
3.84
5.38
4.4
1.03
1.35
0.03
1.05
0
0.19
0.09
0
0
0
2.38
0
0.07
3.1
0.75
0.01
0
5.17
0.58
0.66
4.82
5.77
2.7
4.05
0
4.2
0.99
0.5
4.22
2.18
1.24
0
0.01
0.06
0
0
0
0
0
0
0
0
0
0
0
0
0.71
3.98
6.34
7.62
0
0
0.5
0
0
0.01
0
0
2.66
0.04
0.03
0.22
0.18
0
0
0
0
0
0
0
0.02
0
0
0
0
0
0
0
0
0
0.01
0
0.04
0
1.14
0
1.18
0
0
0
0
0
0.02
0
0.01
0
0
0
0.01
0.15
0
0
0
0
0
0
0
0
1.22
0
0.23
0.08
1.35
0.46
0.01
0
0.36
0
0
0
0
0
0
0
0
1.26
0
0
0
0.09
0
0.27
0
0.07
0.01
0.05
0.99
6.81
0.09
0
0
0
0
0
0
0
0
0
0.01
0.01
0
0
0.08
0
0
0
0.71
0
0.01
0
0
0
0
0
0
0.09
0
0.01
0
0
0
0
0
0
0.03
0.05
0
0.11
2.54
1.41
0
0
0
0
0
0.43
6.66
1.18
5.39
0
0
0.99
0
0
0
0.06
0
0
4.52
3.71
5.28
0
0
15.47
11.98
1.22
0.5
0
0
0.2
8.68
25.66
25.44
27.12
9.08
0.01
0.62
1.54
0.57
0.08
3.27
6.35
9.34
2.73
0
0
0
0
0
0
0
0
0
0.17
0.4
0
0
0
0
0
0.04
0
0
0
0
0.13
0
0
0
0.12
0.2
0.08
0.1
0.04
0
0.36
0.02
0
0
0
0
0
0
0
0
0
0
0
0
0
0
0
0
0
0
0
0
0
0
0
0
0
0
0
0.04
1.68
0.36
0
0.03
0
0
0
0.02
9.84
2.69
5.44
12.44
1.77
0.45
4.56
4.5
11.55
8.65
4.09
0.57
1.36
2.5
2.93
5.29
10.94
4.31
0.54
5.82
7.93
2.33
0.93
0.39
4.88
9.56
1.29
0.03
0.11
0.33
0
0
7.17
0
0.09
0.01
0
0
0.07
0
0
0
0
7.17
3.91
0.06
0
0
0.46
20.48
4.4
0
5.2
11.2
3.02
0.93
0
0
0
0.43
4.8
0.47
0
0
0.65
1.45
1.2
7.21
17.99
0.58
0.63
0.14
0
0
0
3.84
13.43
21.2
0
0
0
0.23
0.15
4.22
2.74
0.41
0.02
0.52
0.73
7.08
7.58
0.09
1.51
3.94
0.93
0
0.01
0
0
0.01
0
0
0.55
0.1
8.38
1.25
0
0
0.28
4.47
2.7
2.58
3.33
1.86
0.12
0
0
0
1.57
0.39
1.06
0
0.01
0
0
0
0.68
0.18
0
0.19
2.97
0.83
0
1.79
2.93
1.54
0
0
0
0
0
0
0
0
0
0
0
0
0
0
0
0
0
0
0
8.33
0.28
0.02
1.1
0
0
0
0
0
0
0
0
0
0.01
0
0
0.01
0
0.01
0.11
0
0
0
0.01
0
0
2.01
6.02
0
0
0
0
0.05
0
0
0
0
0
0.22
0
0.02
0.08
1.39
0.79
0
0
0
0
0.01
5.04
4.83
4.67
2.5
0.09
1.72
1.7
0
0
0.15
0
0.01
0
0
0
0
0.08
2.7
3.66
3.13
3.18
5.76
1.86
0.02
0
0
0
0
0
0
0
0
0
0.34
0.01
0.01
0
0
0
0
0
0.01
0
0
0
0
0
0
0
0.02
0
0
0
0
0
0
0.02
0.09
0
0.42
0.06
0
0
0
2.4
14.16
6.99
7.25
0.94
1.14
12.09
2.8
7.24
6.98
0.48
0.77
0.09
0
1.23
1.24
5.57
1.88
0
0
0
0
0
0.2
0.13
0
0
0.03
8.94
5.32
2.39
0.95
1.89
7.87
0.43
0
0
2.74
6.45
0
0.16
0.23
0
0
8
2.03
5.25
6.85
8.62
3.36
0.27
0.85
0.2
0.39
0.03
0.36
0
0.33
0.01
0
0
0
0
0
0.37
0
0.24
0
2.11
0.85
0.02
3.32
3.43
6.78
5.53
9.05
4.32
10.98
1.11
0.72
0.86
0
0.14
0.02
0.06
0.03
0
0
0
0.51
0
5.33
1.71
0.09
0
2.61
2.31
0.08
0
0
0
0
0.16
0
0
0
1.84
0.5
1.91
0.32
11.5
20.27
6.66
4.37
19.19
15.84
5.79
0.3
0.79
0
4.87
16.43
1.86
7.09
2.07
2.68
1.96
0.45
2.83
0.87
2.83
0.56
0.25
13.48
24.93
8.84
1.78
12.87
9.3
2.32
0.24
0
6.41
2.86
0.02
1.08
0
0.05
0
0
0
0
0
1.9
8.28
6.07
0.59
0.33
1.16
4.31
1.1
0.06
0
0
0
0
0
0
0
0
0
0
0.03
0
0
0
2.33
22.67
4.11
21.59
16.25
1.33
0.07
5.61
7.45
7.68
3.88
0.91
2.37
0.74
6.22
0.51
0.27
0.01
0
0.02
0.01
0.12
0
0.25
0
0
0
0
2.47
2.33
3.2
3.57
0.69
15.49
13.4
1.19
0.55
0
0.02
0
0
0
0
0
0
5.96
5.63
6.25
3.95
10.12
6.14
4.66
0.05
0
0.02
1.45
0
1
0
1.71
6.2
0.27
0
0.02
0.02
0
0
0
0.1
0
0
0.24
3.09
0.93
0
0
0
0
0
0
0
0
0.01
0
0
0
0.07
0
0.03
0.94
0.01
0
0
0
0.43
0.01
0.01
0
0
0.26
0
0
0
0
0
0.1
0.01
0.46
0.04
0.02
0
0
0
0
0
0
0
0
0
0
0
0
0
0
0
0
0
0.09
0.11
9.58
16.89
3.21
2.48
0
1.67
0.02
0.19
0.78
1.2
0.03
1.15
12.86
6.15
1.2
6.34
0
0.73
7.13
1
0
0
0
0
0
0
0
0.32
0
9.51
2.27
0.3
0
0.32
3.11
3.55
0.52
0.09
0
0
0.03
0.09
2.56
6.06
0.26
0.56
0.59
6.84
12.74
6.41
2.83
0.11
0.33
0.01
0
0
0
3.3
0
0
0
0
0
0
0.34
0
0.13
0
3.42
0.46
0
0.23
24.45
8.5
0.8
1.12
0.17
0.54
0
0.57
0.37
1.17
3.98
13.49
6.02
10.27
3.75
0.4
0.06
0.45
0
0
0.05
0
0
0
0
0
0
0
0
0
0.02
0
0
0.55
0.15
0
2.85
0.66
0.04
0
0.59
0
1.23
1.78
8.06
2.46
3.09
3.21
4.61
5.17
9.16
1.38
6.79
10.85
15.67
8.25
1.54
9.62
12.05
13.46
20.16
12.2
3.66
3.25
3.8
2.41
0.41
1.93
0.49
0.67
5.21
0.96
0.27
0.15
0.36
15.36
6.71
2.55
0.38
0.62
0
1.18
0.42
0.04
0.01
2.23
1.14
2.86
1.75
0.02
0
0
0
0.31
0.91
0.12
0.18
0.03
0.18
0
0
0.01
0.01
0
0
0.21
0
0
0
0
0
0
0
0
0
0
0.05
0.15
0.38
0.63
0
0.06
2.1
3.7
0.73
0.27
0
0
0
0.02
0.19
4.23
2
0.08
2.62
0.76
0
0
0
0.8
0.59
1.03
0.14
0
0.02
0
0
1.98
0.5
0
0.05
0.74
3.78
0.06
0
0
0
0
0.01
0
0
0
0
0.3
0.57
0.07
0
0
0.01
0
0
0.02
0
0.07
0.19
1.07
3.88
0.61
4.18
3.66
2.12
2.39
0.88
0.66
1.72
5.01
2.71
0.02
0
0
0
0
0
0
0.02
0
0
0
0.02
0
0
0
0
0
0.02
0.02
2.1
3
11.32
6.54
0
0.46
1.54
0.5
0
0.04
0
0.16
0.38
0.49
0
0
0.01
4.1
1.07
0
0.62
0.87
0.09
0
0
0
0
0.01
0
0
0
0
0
0
0
0
0.02
0
0.27
0.02
0
0
0
0
0
0
0
0
0
0
0
0
0.01
0
0.26
32.88
2.33
2.72
3.04
0.16
0
0.01
0
0
0
0
0
0
0
0
0
0
0
0
0
0
0
0
0
0
0.04
0
0
0
0.52
0.03
0
0
0
0
0.03
0
0
0
0
0
0.01
0
0.03
0
0
0
0
0
0.01
0
0
0
0
0
0.02
0
0.29
0.06
0
0
0
0.01
0
0
0
0.03
0
0.02
2.1
9.2
3.05
1.48
0.77
0.02
0
0
0
0
0
0
0
0
0.01
0
0
0
0
0
0
0
0
0
0
0
0
0
0.81
0.59
0.2
9.75
2.52
0.01
0
0.07
7.69
2.82
1.14
0.16
0
0.3
6.31
1.77
12.58
0
0.09
0
4.34
0.77
0
0.39
2.7
1.93
0
0
0
0
0
0.04
0
0.07
5.63
13.02
2.82
0.46
0
0
0
0
0
0
0.01
0.01
0
0.09
0.16
0.08
0.22
0.81
0.66
0.41
2.63
0.64
1.04
1.07
0.01
0.01
0.03
0.19
0.15
0
0.02
0
0.18
0
2.66
1.42
0.47
0.13
0
0.08
10.49
6.39
11.17
7.68
0.85
6.77
6.84
2.63
1.31
0.57
0.54
0.14
3.1
3
0.36
0.59
0.3
0.03
0
0
0
0
0.57
12.1
4.74
0.32
0.13
0.01
0.3
2.07
0.64
0
0
0
0
0
0.02
0.02
0.01
0.01
0
0
0
0
0
0
0
0
0
0.55
8.28
2.62
0.03
0
0.38
0.26
2.66
0.23
2.67
4.09
9.2
15.64
4.32
0
0
0
0
0.07
0
0.05
0
0.67
1.77
0.99
5.07
8.02
3.5
4.73
4.24
15.29
5.66
3.18
4.66
0.41
0
2.34
7.94
1
0
0.15
0
1.9
0
0
5.85
15.83
9.66
2.25
0.65
0
0.02
3.45
2.12
7.55
5.04
0.52
0.05
0
0.43
5.8
7.78
1.27
0.09
1.7
17.62
16.78
1.5
3.11
9.38
12.93
7.46
19.21
3.94
2.53
3.29
8.3
3.02
13.21
5.98
2.98
0
0
0.7
0.38
0.19
1.21
9.37
9.1
12.13
2.19
0.76
0.19
5.08
4.96
4.76
0.29
0
10.89
6.18
0.04
4.85
1.3
0.16
0
0.02
0
0.56
0
7.9
1.34
0
0
0
0.01
0.28
2.65
8.3
3
2.45
0.45
0.31
0
0
0.01
0
0
16.53
1.23
0.85
0
0
0
0
0
0
0.02
0
0.2
0
0
0
0.09
0.08
0
0.03
0
0
0
0
0
0
0
0.2
0.09
0.93
0
0.27
0
0
0.01
0
0
0
0
0
0
0
0
0.19
1.95
0.64
0.03
0
0.95
1.96
0.06
0
0
0
0.01
0.11
0.14
0.43
1.7
14
2.45
0
0
0
5.49
1.48
0.09
0.2
0.03
0
0
3.02
0.33
0
20.08
0.03
0.01
0.01
0.84
0
0
0
0
0
0
0
0
0.12
0
23.16
6.25
0.14
0.1
1.41
1.07
0.46
0
0
0
0
0
0
0.95
0.17
0
0
0
1.41
0.22
0
0.11
0
0
0
0
0
0
2.82
5.08
1.84
0.44
0.21
0.26
0.09
0
0.09
0.15
0
0
0
0.01
0
0.01
0
0.09
0
0.17
0.05
0
0
1.44
0.93
1.03
0
4.26
0.59
0.08
0.44
0.27
0.02
0
0
0.01
0.01
0.25
0
0
0
1.39
0.37
0
0
0
0
0.55
5.11
3.23
5.42
2.27
1.33
1.84
12.57
6.95
1.47
7.27
1.55
0.3
0.04
0.19
0.05
0.29
7.2
12.03
1.24
1.71
1.11
2.96
7.27
7.3
6.84
7
0.01
0.7
5.92
1.17
0
0
0
0
0
0.03
0.02
0
0.23
7.52
13.05
22.73
18.45
11.5
9.88
10.84
4.97
2.06
3.22
2.34
6.02
0.46
0.08
0.38
0.3
1.57
2.26
1.6
0
0.53
0.23
0.35
0.02
0
0
1.83
0.37
0.36
0.34
4.48
1.48
3.63
7.69
2.01
2.18
2.66
1.79
0.05
0.09
0.15
1.58
1.1
6.89
4.61
1.23
0.21
0.02
2.77
2.01
0
0
0
0
0
0.07
0
0
0
0
0.51
0.02
0.01
0
0
0
0
0
0.38
1.26
0.6
0.2
0.21
0
0
0
0
0
0
0.11
0
0.19
0.34
0.22
0.59
0
0.39
0.22
0
0.65
3.7
7.82
4.31
1.64
0.08
0.04
1.53
1.84
0.3
0
0
0.01
1.47
2.66
0.4
1.04
0.86
0.48
1.09
2.84
1.93
0
0
0.01
0
0
0
0.01
0.01
0
0.12
0
0
0
1.45
0.55
0.06
0.04
0
0.24
0
0
0.07
0.63
10.67
18.24
5.08
0
0.3
0.39
1.51
0
6.01
2.12
0
0
0
0
0.02
0
0.07
0
0
0.02
0
0.01
0.02
0
0.02
0.09
0.02
0
0.02
0
0
0
0.02
0.02
0.04
0
0
0
0
0
0
0.46
0
0
2.05
5.69
1.44
0
2.9
0
0
0.04
0
0.01
1.36
0
0.01
0
0.41
2.55
0
0
0.02
0
0
0
0
0
0
0
0
0
0.05
0
0.01
0.01
0.82
0
0
0.09
0.16
2.27
15.74
8.57
9.7
13.09
4.29
1.66
1.9
0.61
0
0.02
0.15
0
0
0
0
0.24
0.42
5.73
32.75
25.19
4.75
0.19
1.68
6.41
4.34
0
0.95
3.43
12.76
7.55
2.39
1.94
4.2
3.07
1.66
1.05
0
3.67
1.75
10.65
5.8
0.36
0.25
0.45
2.53
2.96
9.24
6.02
0.43
0
0.03
0.06
5.22
6.47
6.59
0
0.19
0.29
3.48
2.43
10.92
28.66
13.5
4.57
4.54
2.61
0
0.01
0
0
0.02
0
0.09
0.11
0.1
0
0
1.89
0.94
0.59
0.56
0.2
0
0.13
0.05
0.14
9.72
21.18
4.18
0.92
4.64
2.23
0.18
0.38
0.06
8.74
8.27
1.31
0
0
0
0
0.01
0
0
0
0
0
0
0
0
0.04
0.02
9.66
12.81
7.61
1.18
0
0
0
0
0
0.09
0
0
0.01
0.08
0
0.04
0.28
0.11
0.35
7.62
3.29
0.23
15.91
8.38
2.57
0.46
1.38
3.45
0.15
0.01
0.66
0.12
0
0
0
0
0
0
0.4
0.04
0
0
0
0
0
0
0
0.01
0
0
0
1.05
0.86
0
0
0
0
0
0
0.05
0
0
0
0
0
0.01
0
0
0
0
0
0
0
0
0
0
0
0
0
0
0
0
0.11
0
0
0
0.2
0.81
1.86
2.7
1.2
0.31
1.36
4.07
0.63
0.01
0
0
0
0
0
0
0
0.07
7.59
3.38
0.29
0
0
0
0
0.25
0
0
0
0
0
0.55
3.26
1.68
0.37
0.23
0
4.77
3.79
0.2
0.27
3.2
2.37
1.17
0.46
2.63
0.47
0
0
0
0
0
0
0.19
0.2
0.08
4.19
5.07
12.5
14.12
7.31
3.68
0
0
0.02
0
0
0.15
0.14
0
0.02
0
0
1.18
8.21
9.07
3.44
7.12
2.21
2.66
0.14
3.35
1.6
2.23
4.09
0.26
1.02
9.75
8.01
0
0
0.01
0.16
0
0.11
0
0
0
0.22
0
0
0
0.13
0
0
0
0
0
0.47
0.2
0
0
0.01
0
0.74
0.4
0.63
1.35
0.01
0
0
0
0
0.14
0
0
0
0
0
0.71
1.37
0
0
0.63
0.55
0
0
0
0
0
0
0
0
1.15
0.53
0
0
0
0.01
2.22
2.73
0
0
0
1.29
0
0.34
0
0.08
0.09
0.1
0
0
0
0
0
0
0.02
0.55
0.21
3.09
0.78
0
0.07
0
0
0
0
0
0
0
0
0.07
0
0
0
0
0
0
0
0
0.03
0
0.52
0.12
0.02
0.02
0.01
0
0
0
0.01
0
0.55
0.68
2.91
0.36
3.92
3.68
2.55
1.49
2.62
4.55
4.02
0.28
0
0.01
0
0
0
0.16
0
0.14
3.87
2.97
2.94
5.75
7.03
4.41
19.96
9.16
3.27
0
0.01
0.01
0
0
0
0
0
0
0
0
0
0
0
0
0
0
0.42
0
0
0
0
0
0.09
0.36
0
0
0
0
0
0
0
0
0
0
0
0
0.16
0.09
0.18
0.63
10.19
14.05
5.89
14.28
12.3
9.46
5.13
0.83
0.19
0.13
0.13
0.16
0.09
0.06
0.06
4.33
1.97
7.06
8.09
2.8
4.49
2.2
0
0.21
0.23
0.21
0.13
0.15
0.37
0.52
0.38
0
0
0.21
0.16
0
0.47
3.27
1.44
1.12
3.03
1.36
1.75
1.16
2.71
8
2.24
0.95
0.38
4.54
0.64
0.02
0
0
5.93
10
3.81
2.48
5
2.33
0.54
0.34
6.71
0.47
0
0
0
0
0.22
0
0.1
0
0
1.96
0.17
0
0
0
0.15
0.24
2.25
8.48
1.03
1.53
0.19
0.27
0
0.03
0
0.18
0.78
6.08
7.23
10.32
1.98
2.6
3.1
3.83
0.39
2.81
2.16
0.43
0.02
0.13
12.63
2.55
2.39
0.09
0.35
0.23
0
3.73
4.76
2.81
0.84
0
4.21
1.13
0.02
0.01
2.91
1.11
1.05
0.7
3.42
0
0.72
2.14
3.62
4.95
16.02
4.07
0.86
0.72
2.35
6.65
1.18
0.09
0.06
0
0.06
0.14
0.98
0.38
0
0
0.94
1.33
2.12
0.04
0
1
0
0
0
0
0
6.15
6.59
0
0.04
0.07
0.13
0
0
0
0.05
2.83
0.7
0
0.18
0.41
0.14
0.02
0
0
1.18
0.75
15.11
23.73
2.16
0.67
2.56
3.63
0
0.08
0
1.02
5.71
0
2.63
6.46
0
0.09
0
0
0.09
8.8
8.16
0.78
0.01
0.13
0.08
0
0
0.02
2.8
7.04
0
0
0
0
0.08
0.1
0
0
0
0
0
0.03
0
0
0.06
0
0
0
0
0
0.01
0
0
0
0
0
0
0
0
0
0
0
0
0.78
1.25
5.8
4.73
0
0
0
0.34
0.07
0
0
0
0
0
0
0
0
0
0.01
0
0.01
0.01
0
0
0
0
0.01
0.48
0.03
0.86
0
0
0
0
0.06
0
0
0.12
0.01
0
0
0.03
0
0
0
0
0.01
0
0
0.02
0.18
0.01
0
0.08
1.54
0.75
0.84
0
0.24
0.01
3.76
3.51
0.52
0
0
0
0.26
0
0
0.6
0
0
0
0.02
0
0
0
0
0
0
0
0.04
0
0
0
0
0.04
0
0.2
0
16.43
5.33
20.41
9.17
2.75
2.61
0.32
0.59
9.52
1.31
0
0
0
0
0
0
0
0
0
0
0
0
0
0
0
0
0.01
0
0
0
0
0
0
0
0
0.01
0
0.14
3.7
5.39
1.79
0
0.01
0
0
0
0
0
0
0
0.16
0
0
0
0
0
0
0.02
0.01
0.7
3.09
4.91
3.52
6.14
2.21
0
1.56
0.82
0.23
1.15
0.84
0.01
0
0
0.04
0
0
0
0
0
0
0
10.4
16.99
3.4
2.95
7.08
3.32
2.47
1.09
0.46
2.59
1.13
0.95
0.14
0.14
0
0
0
0
0
0.17
0.8
0.71
0.03
0.43
6.01
5.67
3.32
0
0.08
0.21
0.39
3.07
0.77
0.1
7.97
0.85
0.09
0
0.08
1.75
5.13
3.19
4.38
0.88
0
0
0
0
0
0.15
0.15
0.05
4.56
1.25
0
0.11
0
0.13
7.43
1.86
0.13
0.16
0.15
0.06
0
0
0
0.02
0
0
0
0
21.73
14.83
1.56
0
25.03
12.13
1.87
3.1
2.82
1.4
0.13
0
0
0.3
0
0
0
0
0
0
0.14
0.37
7.79
3.29
0.21
1.14
0.18
0.37
0.22
5.77
7.13
20.67
11.39
3.32
5.18
0.5
0.3
0.57
5.09
10.68
6.55
0
3.4
3.62
6.63
2.71
0.16
0.13
0
0.02
0
2.97
1.06
0.95
0.75
0.5
0.05
1.69
3.12
6.77
4.43
0
0.31
2.63
0.74
0.08
0
5.1
1.08
0.02
0.23
0.04
0
0
0.02
0
0
0
0
0
0
0
0
0
0.11
0
0
0
0
0
0.09
0
0
0.01
0
0
0
0.01
0
0.04
0
0
0.01
0
0
0.29
1.39
0
0.04
0
0.02
0
0
0
0
0
0
0.98
13.63
10.48
0.05
0
0
0.07
4.81
1.9
0.82
0.02
0
0
0
0.1
0
0.09
0.02
0.15
0
0
1.14
0.86
0
9.48
10.73
14.84
4.38
0.93
0.22
0
0
1.66
6.76
3.54
0.15
0
0
0.01
0
0
0
0
0
0
0
0
4.84
4.79
0
0.01
0
0.09
0
0
0
0
0
0.05
0
0
0
0
2.96
1.09
0.07
0
0
0.02
0.07
0
0
0
0
1.17
0.37
0
0
0.59
0.87
1
0.12
0
0
0
0
0
0
0.21
0
0.38
4.66
0.51
0.02
0
0
0
0
0.01
0
0
0
0
0.22
0.69
0.6
0
0
6.57
0.13
0.59
2.96
2.67
0.24
0.08
0
0.01
0
0
1.19
3.8
8.34
8.48
2.73
8.37
0.99
2.05
0.26
0.08
0
0
0
0
0
0
0
0
0
0
0
0
0
0
0
0
0
0
0
0
0
0.02
0
0
0
0
0.02
0
0
0
0.01
0
0.07
0.12
0.25
0.25
0.2
0.71
0.6
2.53
5.4
6.16
3.57
1.84
3.5
9.91
9.63
2.94
0.76
0.02
0.4
0
0.78
0.33
0.24
0
0
0
0.03
4.32
7.02
6.79
1.36
0
0
0
0
0
0
0
0.01
0
0
0
0
0
0.08
0.02
5.96
3.09
0
0.48
0
2.25
1.43
0.04
1.16
0.12
0.28
0
0
0.21
0.06
0.38
0
0.04
0
0
0
0
0
0
0
0
0
11.8
23.81
10.44
2.77
0.02
0.03
0.22
0
0.1
1.1
0
0.3
1.3
0
7.45
9.4
2.22
1.41
0.5
5.07
0
1.05
0
2.78
0.7
1.21
0.28
0.13
0
0.01
0.01
0.28
0.02
0.01
0
0.17
9.78
10.98
2.92
0
0.58
1.25
0.34
0.01
0.07
0
0
0
0.02
0
0.36
0.3
2.29
0
2.79
8.7
5.89
2.23
0
0
0
0.08
0
0
0.06
0.09
2.31
0.62
0
0.29
0
0.61
1.61
0.13
1.2
8.2
0.75
3.06
4.74
4.59
1.16
0.49
0.5
3
5.15
2.05
0.13
6.93
0.93
0.91
0.57
10.3
6.87
1.48
0.3
0
0.13
0
8.98
2.43
0.07
0
0.26
0.13
1.53
0.79
0.92
0.03
0.52
3.8
0.97
0
0.01
1.98
0.95
0.03
0.15
0.01
0.01
2.73
0
0.16
0
0.01
0
0.01
0
0
0
0
0
0.02
8.05
5.79
0.24
0.02
0
0.2
0.07
0.24
5.04
1.09
2.5
4.33
0.1
6.35
13.95
11.79
2.84
0
0
0
0
0.09
0.16
0
0.05
0.13
0
0.77
0
0
7.72
1.6
0
0.3
0.04
0.02
0
0
0.04
0
0.36
0
1.12
3.22
6.21
12.92
1.45
0.04
3.38
0.77
0.46
2.16
0.93
0
0.18
0.01
0.02
0.34
10.87
17.75
15.68
2.98
5.78
0.53
0
0
1.77
0.93
1.02
0
0.11
0.41
8.88
2.95
0.51
6.57
2.55
0.21
0.24
0
3.73
1.28
0
0.99
0.02
4.5
1.58
10.36
10.84
9.41
5.59
1.56
0.05
0
0.03
0
0.11
0.13
0.22
0.03
0
0
0.04
0.02
0.05
0.15
0
0.02
0
0
0
0
0.71
0.29
3.77
8.72
2.41
0.52
0.12
0.2
0.02
0.01
0.43
0.25
0
0
3.17
9.24
20.77
3.85
0
0
0.18
4.9
4.07
0.73
0
0.21
4.11
18.62
24.12
9.84
11.74
1.3
0.01
0.27
2.1
0.41
0.24
0.01
1.23
5.16
1.48
7.28
5.23
1.23
0.14
0.16
1.16
0.23
19.39
5.46
7.38
3.16
1.41
3.13
1.46
8.52
6.61
1.32
3.39
2.63
0.62
3.71
5.2
3.38
0.11
0
0.2
0
0.71
4.12
7.77
3.28
5.84
1.02
0.2
0
0.43
5.41
7.58
9.18
5.13
1.71
7.38
5.2
1.96
0.47
1.45
0.67
0
0
0
0.11
0.01
0.29
0.01
0.15
0
1
8.42
5.59
0.02
0.17
0.02
0.03
0
0
3.28
0.73
0.2
19.15
5.71
5.07
0.02
0.27
0
1.95
0
0.32
0.02
0
0.07
0.27
0
0.31
0
2.43
0
0.11
0
0.02
0.01
0
0
3.3
3.35
1.27
0.8
0
0
0
0
0.05
0
0
0.32
0.06
0.36
1.29
3.27
1.45
0.63
0.13
4.61
1.86
0
0
0.3
0.24
0.01
0.13
5.49
1.02
0
0
3.49
0
0.13
0.97
0.02
1.39
5.3
1.14
0.89
1.1
0.89
0.09
0.17
1.27
9.36
6.74
9.93
3.28
2.95
0.11
0.13
0.26
0.05
0.05
4.9
0.86
0
17.22
4.97
0.02
0
0
1.28
0.1
3.14
1.15
0.65
6.49
0.45
0.02
0
0
0.27
0.05
0.07
0.22
0
0
0
0.01
0
0.26
1.52
0
3.33
0.2
0.01
0.06
0.09
1.83
6.65
6.79
0
0.01
0.01
0
0
0.76
11.26
3.4
1.12
0.8
0.18
2.14
0.01
0.2
0
0
0.3
7.32
2.63
0
0
0
0
0
0
0
0.18
0
0
0
0.11
0.23
0
2.61
0.45
1.41
0.02
0
0
0
0
0.15
0
0.25
0
0
0
0
0
0
0
0
0
0
0.09
0
0
0
0
0
0
0.24
0
13.83
1.29
0.01
2.03
0.94
0.86
1.55
2.53
0.18
0
0
0
0.01
0
0
0
0
3.78
16.54
7.67
10.03
8.15
1.02
0.03
0.02
0.19
0.03
0.21
0
3.73
17.39
4.75
6.27
2.37
9.14
0.51
0
0.74
0.26
0
0.02
0.04
0
0.09
0
0.01
0.22
0.1
0.06
0.12
0.02
0.2
0.02
0.01
0.04
0.22
0
0.02
0
0.03
0
1.81
1.91
8.45
3.34
0.01
0
0
0.2
0
1.5
1.79
4.97
15.64
3.8
0.22
1.34
5.63
5.74
2.26
26.46
8.13
0.68
1.93
0.51
1.98
0
0
0
3.95
0.09
0
0.85
4.03
5.81
1.63
1.3
0.02
0.03
0.09
0.24
8.29
2.64
0.25
0.07
0.52
0.15
0
0.2
0.18
0.03
0
0.23
0.02
0.09
1.7
2.71
2.52
4.45
2.57
2.66
1.2
0.89
3.8
1.33
5.93
0.37
0
1.2
1.78
0.07
1.03
12.47
3.75
0
0
0.05
0.8
0.76
0.12
0.02
0.36
0.45
1.82
4.91
5.14
2.72
0.03
0.03
0.93
4.9
4.41
3.23
2.53
7.22
1.77
0
0
5.06
8.34
14.65
8.07
12.3
8
5.3
12.96
11.22
1.82
0.16
0.07
0.01
0.01
0.23
0.02
0.16
8.69
1.25
0.01
0.16
1.29
2.02
0.38
0.37
0.12
0.11
0
0.32
0.2
0
0.3
0.17
0.03
1.88
0
0
3.65
0.86
0.03
8.45
5.46
0.8
0
0
0.38
0.95
2.41
1.64
0.26
0
0.02
0.2
1.02
0.26
0.23
0.03
0
0.12
2.32
0.88
10.7
10.53
4.29
5.14
6.99
2.34
0.82
0.95
6.48
8.57
4.59
0.75
0.09
0
0.22
0.08
0.01
0
0
0.2
0.01
0.04
0.29
0
0
2.87
9.64
9.52
16.63
8.48
0
0.73
0
3.17
2.8
1.96
0.65
0.09
0.01
0
0.32
0.48
0.12
0.45
0
3.92
3.04
0.21
0
0.64
1.3
0.45
2.21
0.88
3.59
5.77
3.72
3.08
0.07
0.12
0
0.1
0
0
0
0
0.09
0
0
0
0.04
0.01
0.07
0
0.06
0
0
0.08
0
0
0
0.05
0
0
0
0
0.01
0
0.01
0.02
0
0
0
0
0.02
0.01
0
0
0
0
0.02
0
0
0.01
0
0
0
0
0
0
0
0
0
0
0
0
0
0.08
0
0
0
0
0
0
0.04
0.08
0
0
0
0.23
0.48
5.3
6.45
1.3
0.02
0
0
0
0
0
0
0
0
0
0
0
0.02
0
0.02
0
0
0
0
0
0
0
0
0.01
0
0.27
0
0
0
0
0
0
0
0
0.01
0.02
0
3.76
0.96
0
0.24
0
0.28
0
0
0
0
0
0
0
0.19
0.12
0
0
0
0
0
0
0.09
0
0
0.02
0.39
2.77
0.2
0.89
0.04
0.03
0.29
0
0
0.21
0
0
0
0.35
0
0
0
0.23
0
0
0.88
0.05
0.3
0
1.12
7.57
11.63
2.64
1.11
1.72
8.31
12.8
3.95
1.38
3.69
5.39
8.24
2.79
3.39
2.09
0.62
0.59
1.41
1.52
1.25
1.35
3.85
6.92
9.38
7.07
4.85
3.27
0.79
8.54
3.2
0.75
1.58
11.12
1.91
0
0.94
5.27
1.76
0.71
0
0
0.93
0.04
0
0.41
0.41
1.32
14.66
16.91
3.46
6.26
3.55
0.01
0.18
0.54
12.32
24.87
12.16
1.15
0
0.28
1.94
8.89
1.85
2.83
5.57
2.39
6.29
2.38
8.88
11.86
12.24
7.34
6.91
6.06
1.63
0.23
0.01
0.14
0
0.02
0
0.17
0
0.02
0.21
0.2
0.44
1.55
0.71
0.21
0.05
0.11
0.04
0.76
4.57
5.91
0.82
0.09
0.12
0
0
3.38
0.64
5.87
4.74
7.71
6.52
5.55
2.93
1.54
2.25
2.37
7.73
5.95
2.98
1.14
0.81
0
0
0
0
2.72
6.82
3.89
0
0
2.64
7.81
4.09
2.89
0.5
13.47
14.13
1.66
0.11
0.05
0
0
0
0
0.04
0
0
0.16
0
0
0
0
0.02
0
0
0
0
1.7
2.29
2.71
3.39
2.31
0
0.19
0.01
0
0.02
0
0
0.13
0
0
0
0.03
0
0
0.1
0
0.18
0.92
1.34
3.07
17.56
13.38
5.8
0.48
1.59
0
2.69
0
0
1.45
4.36
1.98
0.17
0.04
0
0.18
0
0
0
0
0
0.13
0
0.09
0.05
0
0
0
1.95
10.75
2.25
0
5.95
2.3
5.27
3.66
0.55
1.21
0.01
0
1.75
4.27
7.32
2.19
0
0
0
0.16
0.03
0
0.58
0.66
0
0
0.02
0
0
0.08
0
0.12
0
0
0
0
0
0.01
0.46
0.01
0.39
0
0
0
0
0
0
0.01
0
0
0.18
0
0
0
0
0
0
0
0
0
0
0.21
5.39
0
2.33
6.11
1.98
0
0
0
1.27
3.62
1.6
0.06
1.35
0.87
0.12
1.14
6.45
5.4
3.67
0
2.87
3.15
4.83
6.29
0.19
0
0.41
0
0.01
0.21
0
0.07
0
0
0
0
0.85
0
0.3
10.81
1.85
0
14.86
7.09
1.07
9.26
13.46
9.22
14.31
4.89
0
0
0.41
0.67
2.71
2.73
3.36
3.72
8.05
8.6
4.34
2.59
0
0.07
0
0
0.01
0.13
0
0
0
0
0.23
0.87
0.09
0
3.5
6.58
9.72
2.45
0
0.1
0
0.07
0
0
0.13
0.25
0.05
0.15
0.01
0
0.2
0.15
0.03
0
0
0.14
0
0.2
0
0
1.01
0.3
0.88
0
0.12
0.82
0
0
0.02
0.01
0.23
0.19
0
0
0.76
2.16
12.02
5.68
0.35
0.31
0.03
0.04
0.09
0
0.04
0
0.02
0.09
0
0.01
0.23
2.03
2.93
0.97
0.94
0.09
0
0
0
0.71
0.05
0.07
1.28
0.71
0
0
0.23
0.33
0.41
0.05
0.26
0
0
1.36
2.41
0.42
0
0
0
0.15
0
0.15
0.06
4.44
0.89
0.05
0.01
0.01
0
1.93
0.15
0
0.08
1.24
3.44
3.53
6.27
2.05
0
3.43
7.2
2.59
0.09
0.45
0.23
0
4.84
3.26
1.33
0.01
0.13
0
0
0
0.05
0
0.63
0.37
0.55
0
0.04
6.26
7.54
4.5
13.14
6.92
0.9
0
0
0
0.62
0.83
0.36
1.16
0
0.02
0
0.02
0.2
0.02
0.06
0.37
0.38
0.77
0.17
0.04
0.32
0.58
8.53
3.34
0
1.17
3.97
0
0
0.01
0
0
0
0.04
0.02
1.56
7.63
4.88
2.49
0.98
3.05
13
9.12
8.74
6.79
0
0
0
0.53
0
20.04
0
0
0.32
0
0
0.29
0
0
0
0
0
1.26
3.63
3.91
3.27
1.17
0.08
0
0
0
0
0
0
0
0
2.17
6.92
4.33
0.76
11.75
14.04
10.12
4.1
0.02
0
0
0.36
0
0.31
0.29
0.23
0
0
0
0.01
0.04
0
0
4.06
0.09
0
0.03
0
0.63
0.03
0
0
0.77
0.02
0
0
0
0
0
0.16
0.08
0.36
0.23
0
0.1
0.11
0
0
0.01
0
0
0.02
0
0
0
0
0
0
0
0
0
0
0.01
0
0
0
0
0.01
2.99
0
0.06
0
8.45
0
0.21
0.1
5.99
1.36
0.26
0
0.94
0
0.17
0
0
0
0.45
0.01
0
0
1.06
0
0.43
4.47
0.63
0
0.2
0
0
0
0.01
0.4
0.58
0.22
2.57
2.56
0.53
0
0.18
0.01
0.24
0
1.38
4.09
0
1.43
0.04
0
0.21
0.86
0.47
0
1.23
2.02
0.79
0
0.09
0.23
0.35
0.27
13.75
12.33
0
0
0.01
0.97
0.39
0.04
1.81
10.89
3.32
0.62
0
0.01
0
0
0
0.31
4.35
1.63
2.16
1.03
2.37
5.06
37.12
3.91
3.23
3.59
2.05
0.52
0.02
0
0.1
0.11
0.3
0
0
0
0
0
0
0.05
1.79
0.04
0.12
0.1
1.8
0
0
0
0.11
0.01
0.01
0.01
0
0.1
0
0
0
0
0.02
1.43
0
0
0
0
1.1
0
0
0
0
0
0.01
0
0
0
0.01
0
0
0
0.26
0
0
0
0
0
0.33
0.06
0
1.63
1.08
0.25
0
0.2
0
0
0
0
0.32
0
0
0.41
0
0
0
0.34
0
0
0
0
0.34
0
0
0
0
0.23
0
2.75
12.27
1.25
2.45
0.44
0
0.25
0
0
0
0.95
0.63
0
0
0
0
0
1.6
3.34
1.35
0
0.07
0
0.19
0.26
0
0.01
0.55
0
0
0.36
1.31
0.01
0
0
0.41
0
0.03
0.26
0
1.5
0.48
0.12
0
0
0.41
6.85
8.54
4.37
1.34
0.59
0.33
6.19
0.98
0
0.35
0.82
0
0.54
3.32
12.57
3.03
16.52
6.74
1.04
2.02
1.2
0.14
0.16
0.02
0.46
0
6.25
0.71
0.4
2.43
0
9.91
1.14
0
0.15
0
0.1
0.01
0
0
0.44
6.27
14.75
9.66
7.26
7.48
0.18
0
0.46
0
0
0
0
0
0.37
0
0
0
1.92
10.79
0.03
0
0
1.81
5.86
1.59
0.06
0.23
0.44
0.11
0
0.28
0
0
0.3
0.27
0
0.3
0
0.38
0
0
0
0
0.01
0.28
0
0.03
0.17
0.17
0.84
1.98
2.07
1.56
1.29
0.91
0
4.53
0
0.36
0.01
0.02
0.29
0.02
0.69
0.42
0.02
0
0
0
0
0
0.18
0
0
0
0
0.02
0
0
0
0
0
0.25
0
0.22
0.01
0
5.64
1.59
0.49
0
0.08
0.91
3.24
0.03
0
0.18
0
0.01
0
0
0.87
0.06
0.01
0
0
0.09
0
0
0
0
0
0
0.04
0.97
4
0
0
0
0.02
0
0
0.01
0
0
5.13
1.59
0.29
0
0
0
0.38
0
1.2
0.12
0
0
1.89
3.45
1.88
0
8.21
7.18
1.46
0
0
0.05
2.51
0
0.74
0
0
0
0.44
0.29
0.13
0.23
0
0.14
0
0.09
0
0
0
0.28
0.05
0.99
1.39
0.22
0.01
0
0.13
0.39
0
0
0
0
0
0
0
0.23
0
0
0
0.29
0
0
0
0
0
0
0
0
0
0.42
0
0
0
0
0
0.01
0.07
0.01
0
0
0
0
0
0
0
0.02
0.28
0
0
0
0.14
0.07
0.66
0.23
0.15
0
0.36
0.02
1.4
11.97
0.94
0.5
6.36
9.21
4.82
4.84
0.65
0.46
9.68
15.96
21.25
10.48
12.77
8.61
0.96
0.01
0
0.27
0.01
0.07
0
0
0
1.12
6.05
1.2
0.12
0
2.25
6.82
0.41
0.69
0.21
0
0.27
0
0.1
0.58
0
0
0.01
0
0.16
0.01
0
0
0
0.05
0
0
0
0
0
0
0
0
0
6.02
3.21
13.1
3.24
0.11
4.09
2.3
0
3.69
0.52
0.4
3.12
1.15
0.81
1.54
0
0
0.01
0
0.2
0
0
0
0
0.21
0
0
0
0.38
0
0
0
0.05
0
0
0
0
0
0
0
0
0
0
0.41
2.3
0.54
11.27
4.72
0
0.3
4.28
1.01
1.01
0
0
0.29
0
0.38
0.28
1.16
0.38
0.14
9.59
9.72
14.2
2.74
0
0
0
0.25
0
0
0
0.22
0.4
0.28
0
0
0.1
0.38
0
0
0
0.31
0
0.08
0.42
0
0
0
0.02
25.15
7.24
0.36
0.3
0
0
0
0.18
0
1.23
4.51
5.62
7.98
11.99
9.58
6.7
2.41
0
15.13
11.29
0.6
0.02
0.17
0.59
2.26
5.54
2.26
0
0
0
0
0.05
0.3
0
0
0.17
0.2
0
0
0.14
0.28
0.01
0.16
0.01
0
0.11
0.26
0.41
2.27
28.07
1.79
0.64
0
1.06
0.13
0
0
0.43
0.1
0
0
0
0.12
0
0
0.14
0
0
0
0
0
0
0
0
0
2.12
15.43
1.02
0.02
0
0.05
0
0
0
0
0
0
0
0.19
0.01
0.02
0.41
0.9
0
0
0
0
0
0.02
0.88
6.92
0
0.05
0.2
3.85
0.18
0.02
0
0
0
0
0
0
0
0
0
0
0.01
3.86
1.21
0
0
0.28
1.68
0.05
1.32
1.03
7.05
0.37
0.38
0
0.05
2.08
19.43
0
0
0.13
4.48
0
0
0
0
0
0
0.27
0
0.23
0.04
0.09
0
0.22
5.87
0.81
0.26
0
2.23
9.67
0.52
0
0
4.12
0.19
1.67
0.02
0
0.08
0
0.01
0.31
0
0
0.02
0
0
0.44
29.78
20.98
9.68
0.84
0.02
0
0.89
3
0.03
0.42
0.07
0.13
0.13
0
0
0
0
0
0
5.48
4.96
1.36
0
0.3
0
0
0
0
0
0
0
0.35
1.14
0.53
1.56
0.55
4.41
0.86
0
0
0
0.7
0.11
0.77
2.75
0.25
0
0
0
0
0.04
0.04
0
0
0
0
0
0
0
0
0
0
0
0
0
0
0
0
0.01
0
0.01
0
0
0
0
0
0
0
0
0
0
0
0
0
0
0
0
0
0
0
0
0
0
0.13
1.45
0
0
0
0.02
0
0
0
0
0
0
0
0.02
0.05
1.16
0.35
0.2
7.86
0.46
0.39
0
0
0
0
0
0
0
0
0
0
0
0
0
0
0.15
0.09
0
0
0
0
0
0
0.02
0
0
0
0.34
1.55
0.01
0
0
0.86
0.31
0.05
0
0
0
0
0.01
0
0
0.02
0
0
0
0
0.01
1
9.39
4.63
1.68
11.97
0
8.26
3.23
15.02
0.39
1.43
0.05
0.35
1.48
7.37
0.45
0
0
0
0
0
0
0
0
0
1.23
2.69
2.79
2.1
0.98
8.8
0.45
0
0.21
0.03
0.35
0
0.02
0
0
0
0.01
0
0
0
0.01
0.01
0
0.07
0
0
0
0
0.04
0.26
0
0.18
0
0.03
0.01
0
0
0
0
0
0.01
3.91
1.2
4.36
7.24
0.63
0.23
0.64
0
0
0.14
1.45
12.9
1.45
0.99
2.73
0.38
0
0
0.14
0
0
0
0
0
0
0
0
0
0
0
0
0
0
0.01
0.01
0
0
0
0
0
0
0.01
0
0.39
13.52
0.78
0
0
5.81
1.01
0
0
0
0
0
0
2.71
0
0
0.03
0
0
9.34
2.84
0.01
0
0
2.05
1.74
0.34
0
20.23
10.06
0
0.11
0
0
0
0
0
0
0
0
0
0
0
0
0
0
0
0
0.01
0.01
0
0
0
0
0
0
0
2.45
0.39
0
0
0
0
0.03
0
0
0.02
0
0
0
1.31
2.55
0.31
0
0.4
0
0
0
0
0
0
0
0
0
0.12
0.34
1.92
6.8
0.23
0.04
0
0.09
0.05
1.22
4.9
3.64
0.52
0.13
9.11
0.89
0
0
0.28
7.54
4.11
5.52
7.11
0.78
2.38
13.98
3.31
0.34
0
0.12
0
0
0
0
0.14
0
0
0
0
0
0
0.02
0
0
0.27
0
0
0.72
0.64
4.96
7.62
2.27
6.71
14.86
2.9
9.84
3.52
1.93
1.75
0
0
0.01
0.01
0
0.13
0.17
0.02
0
0
0.31
0
0.05
0.52
2.61
3.33
0.31
0.17
0
0
0
0
0.2
0.18
0.29
1.35
0.62
9.64
4.94
0.75
1.68
1.86
0.5
2.42
0.37
0
0.72
1.25
0.65
1.45
1.05
0
0
0
0
0
0
0
0
0
0
0
0
0
0
0
0
0
0.16
0.05
1.88
0.53
0
0
0
18.85
16.09
0.52
0
0
0
0
0
0.12
0.13
0
0
0
0.2
0
4.2
4.03
9.44
4.97
2.45
1.77
7.62
13.48
2.71
0
2.02
6.81
2.5
0.07
0.25
12.46
0.87
1.38
10.05
1.06
1.82
2.63
0.24
0
0
0.05
0
0
0
0.48
0.98
0.82
9.96
2.46
0.13
0
0.01
0.26
0.3
0.22
0
0
0.64
2.51
0
0.02
0
1.19
4.16
6.55
4.15
0.81
0
9.19
2.94
1.72
2.55
0.16
0
0
0
31.05
13.34
0.16
4.49
15.46
2.41
0.85
8.87
8.04
4.35
1.28
4.34
0
4.81
0
3.05
0.93
0.06
0
0.07
1.94
22.22
16.22
1.18
0.15
0
0
0.01
0
0
0
0
0
0
0.05
8.08
4.17
0
1.14
0.87
0
0
0
0
0
0.04
0.05
0
0
0
0
0.02
0.02
0.26
0
0
0
0
0
0
0
0
0.16
0
0
0.18
0.15
0
0
0
0
0
0
0
0
0
0
0
0
0.01
0
0
0
0.01
0.05
0
0
0
0
0
0
0.13
0.09
0
0
0.01
0
0
0
0.02
2.9
2.79
0.45
0.03
0
0
0
0
0.02
0
0
0
0
0
0
0
0.01
0
0
0
0.13
0
0.01
0
0.02
0
0
0
0
0
0
0
0
0
0.02
0
0.01
0.05
10.76
0.79
0
1.57
4.67
4.58
3.98
0
0
0
0
0
0
0
0.01
0
0
0
0
0.04
0.19
6.66
1.51
0
0.02
0
0.01
0.75
7.13
0.63
0
0
0
0
2.38
2.41
0
13.36
2.38
8.23
20.63
27.41
2.02
6.58
0
8.38
29.67
5.49
13.5
0.88
1.11
7.11
0.34
0.09
0
0.55
0
0
0
0
0
0
1.37
19.8
1.39
0.03
1.25
0
0
0
0
0
0
0
0.09
2.04
0
0
2.14
0.03
0.11
0
0
0.68
0.24
0
0
0
0
0
0.35
0
0
0
0
0
0
0.43
4.58
4.9
0.66
0.01
0.2
0.02
0.04
0
0
0
0.23
1.63
3.8
6.18
1.49
1.5
11.35
17.28
12.94
7.43
1.13
12.57
1.68
0
0.03
0.13
0
0
0
0
0
0
0
0
2.56
8.04
7.61
12.16
6.73
0.03
2.17
1.67
0.59
5.87
7.28
2.9
0.39
0
1.04
0.35
0.01
0.16
1.23
0
0.02
1.04
3.88
0.94
0
0
0.12
0
0
0
0
0
0
0.3
0
0
0
0
0.04
1.51
7.35
0.63
3.34
3.55
0
0.02
0.16
0.01
0.44
0
0
0
0
0.01
0.14
0.11
6
4.48
3.8
5.32
6.87
1.29
0
0.45
0.43
0.01
0.41
0
0.39
0
0
0
2.6
16.89
7.61
3.7
4.7
0.83
0.17
0.23
0.05
0
0
0.02
0.57
2.11
1.88
6.16
0.89
0
0.04
0
1.17
2.41
2.84
4.01
1.74
11.82
5.23
0
0.21
1.26
1.29
0.03
0.64
2.38
0.55
0.09
0.36
1.54
0.22
0.64
0
0.75
19.87
2.95
1.14
1.01
0.05
0.05
0.07
0.06
0
0.01
0
0
0
0
0
0
0.02
1.54
1.89
0.05
0
0
0
0
1.82
0.46
0
4.54
0.02
0.18
0.02
3.69
1.16
0.1
0.04
0
0
0.01
0
0.03
0
0
0.22
0.09
0.82
0.15
0.09
0
0
0
0
0
0.01
0.19
0.04
0
0
0.02
0
0.46
1.73
4.06
0
0
0
0
0
0
0
0
0
0
0.03
0
0
0
0
0
0
0
0
0
0
0
0.01
0
0
0
0
0
0
0
0
0
0
0
0.01
0.01
0
0
0
0
0
0
0
0
0
0
0
0
0
0
0
0
0
2.13
0.12
0
0
0.72
0
0
0
0
0.02
0
0
0
0
0
0
0
0
0
0
0
0
0
0.02
0
0
0
0
0
0.05
0
0.61
0
0
0.02
0
0
0.05
0.53
4.85
5.96
7.8
2.34
0.68
0
0
0
1.02
2.46
1.64
0.68
0
0.07
0.04
0
0.01
0.02
0.12
0.05
0.21
0.04
0.05
8.39
10.6
0.75
0.13
0
0
0.11
0.13
0.21
1.17
8.95
0.67
2.88
3.52
0
0.93
0.01
0.11
0.23
0.19
0
0
0
0
0
0.1
0.18
8.84
7.1
7.02
3.99
0.13
13.57
11.76
3.93
1.61
2.27
4.03
2.96
2.63
0
0.93
0.06
5.01
0
0
0.34
0.12
0
0
0
0
0
0
0
0.01
0
0
0
0
0
0
0
0
4.31
9.3
0.65
0
0
1.11
1.6
4.8
0
0.45
3.21
0.69
0.4
0.36
0
4.35
23.51
7.66
6.53
8.02
8.68
5.7
2.66
12.36
2.05
0
0.94
4.26
0.77
0
0
3.96
6.07
1.47
0.34
0.28
0
0
3.58
0.91
0
0.77
0.12
5.52
4.1
0.73
0
0
0
1.22
0
0
0
0
0
0
0.05
0
0
0
0
0
0.01
0
14.5
1.71
0
6.2
6.88
4.52
2.63
0.41
3.74
7.59
0.81
0
1.54
2.58
0.9
0.62
1.16
0
0
9.66
2.32
3.52
11.96
6.46
7.79
2.01
0.87
0
0
0.04
0.21
0.43
0.84
4.78
3.94
0
0
0
0
0.41
0.52
2.3
0
0
0.06
0
0.11
0.12
0
0.34
3.08
0
0
6.05
0.37
0.01
0
0.08
0
0
0
0
0.03
0
0
0.01
0
0.01
0.2
0
0
0
0
0
0.81
0.75
0
0.22
6.01
1.9
0.41
0.06
0.21
0
1.77
0.22
0
0
0.18
0.02
0.01
3.16
0
0
0.04
0
0
0
0.03
0
0.01
0
0
0
0
0
0
0
0
0
0
0
0
0
3.91
1.16
0
0.01
0
0.01
0
0
0
0.01
0
0
0
0
0.02
0
0.01
0.01
0.09
0
0
0
0
0
0.15
0
0
0
0
0
0
0.02
0.01
0
0
0
4.77
7.84
0.22
0
0
0
0
0.3
0.59
0
0.13
0
24.84
2.33
0.01
0.04
0.02
0.33
5.54
7.73
1.61
6.21
0
4.38
13.37
0.68
0.02
0.75
0
0
0.01
0
0
0.06
0.25
1.21
1.55
6.17
0.59
0.01
0.03
0
5.77
5.34
2.45
5.03
9.47
2.76
3.27
2
0
0
0.08
0.34
3.71
10.28
1.09
0.02
0
0.01
0.01
0
0
0
0
0
0
0
0
0
0
0
0
0
1.02
10.23
12.46
4.98
1.2
2.1
2.11
0
0.02
0.86
0.96
0
0
0
0
0.48
0
0
0
0.01
0.02
0
0.01
0.32
0.3
0.18
5.89
1.83
0
0.03
0.27
10.29
5.7
0.19
0.2
0
0
0
0.01
2.16
0.54
0.93
0.34
0.09
0
0.55
0.52
0.02
0.05
0.07
0.02
0
0
0
0
0
0
0.52
18.92
14.86
0.96
8.32
12.74
1.71
0.94
0
0
0
0.01
0.02
0.09
1.28
0.95
0.17
3.13
7.25
9.57
7.7
10.13
6.69
0.66
0.22
13.18
1.36
0
0
0
0
0
0.07
6.66
11.05
1.32
0.12
0.03
0.23
11.41
9.45
2.58
0
0
0
0
0
7.48
3.87
1.55
0.81
0
0
0
0
0
0
0
0.02
0.72
0.48
0.01
0.01
0
0.32
0
0
0
0
0
0
0.14
0.3
0
0.01
1.71
3.26
0.51
0
0
0
0
0
0
11
8.55
12.74
6.14
1.47
13.59
15.48
0.25
0.26
0.07
0
0
0
0.29
0
0
0
0
0
0
0
1.45
5.46
2.41
0
0.01
0.09
0.19
0
0
0.01
0.01
0
0
0
0
0.01
0
0
0.63
0.05
0.02
0
0.61
10.72
0.19
0.88
0
0
0.47
5.81
11.16
0
0
0
0
0.09
0
0
0
0
0
0
0
0
0
0.05
0.38
0
0
0
0.12
0.11
0.97
0.18
0.27
0.13
0
0.01
0
0
0
0
0.02
0.55
0
0.09
0.45
0.52
0.05
0
0
0.7
0.7
0
17.83
8.43
1.64
0
0.51
6.44
21.72
14.42
7.07
0
0.02
0
0.01
0.32
0
0
0.02
0
3.59
30.77
2.42
0.03
0.06
0.04
0
0.17
0
0
0
0
0
0.04
0
0
0.01
0.49
0
0
0
0.03
0.01
0
0
0
0
0.01
0
0.02
0.01
0
0.04
0
0
0.69
1.2
0.57
0
0
2.91
0
0
0
0.02
0
0
0
0
0
0.01
0
0
0
0
0
0.13
0
3.63
2.3
0.02
0.92
2.84
4.81
1.06
0.04
0.01
1.71
0.63
10.39
3.32
3.25
3.08
8.7
0.76
0.15
0
15.57
17.23
5.77
0.09
0
0.6
0.58
1.74
0.4
0
1.31
6.85
2.75
17.73
8.45
7.7
0.07
0
6.72
1.38
0.99
0.04
0.14
0.03
0.44
1.3
0.25
0.24
3.08
22.12
2.87
0.61
0.07
0.12
0.17
0.44
0
0
0
0
0
0
0
0.02
0.35
0.61
0.2
0.15
0.01
0
0
0
0
0.56
6.1
15.42
10.2
5.56
1.59
0.04
0
1.07
7.73
23.21
5.61
7.14
2.41
1.61
0.99
1.68
0.07
0
0.01
0.04
0.25
0
0.2
0
0.04
0.1
0.02
0.06
0.05
7.26
1.33
0.33
0
0.26
3.46
0.8
0
0
0
0
7.46
4.89
9.28
7.66
13.68
4.65
6.67
0.85
0
0
0
0.14
0.31
0.42
2.73
3.77
7.01
0.41
4.88
3.03
0.39
1.54
0.12
0.41
0.65
0.67
8.42
1.01
0
0
0
0.14
0
0.6
0
0.38
2.93
2.9
0.02
0.04
0
0.02
0.01
0.92
0.21
0
0
0.19
0
0
0
0.03
0.16
0.82
0.28
0
0
0
0
0
0
0
0
0
0
0
0
0
0
0.02
1.43
0
0
0
0.03
0.08
0.03
0
0.37
0.42
0
0.9
7.28
6.12
20.52
4.72
3.77
0.32
0.75
0.24
10.55
13.62
4.72
0.34
1.52
12.38
0.68
1.71
4.63
3.84
1.4
0.02
2.64
0.31
1.84
22.44
9.91
0
0.5
0.33
0
3.7
1.7
3.65
10.99
3.08
2.8
0.53
3.52
10.82
4.26
1.05
8.25
6.41
2.51
2.29
8.01
0.47
1.43
0.38
1.3
0
0.38
0.02
13.56
2.08
1.82
0.72
0
0
0.62
0
0.03
0.02
2.8
1.89
0.87
0.11
2.3
47.75
31.92
0.67
1.2
2.02
6.72
3.89
4.33
7.75
14.48
0.9
0
1.13
4.7
2.35
6.63
4.55
0.39
15.92
8.84
0.35
11.59
11.98
0.63
0
0.95
1.99
0.9
0.03
0.73
0
0.8
0.05
0
0.29
0
0
0
0.25
0
0.36
0.53
0
0
0
2.25
0
0
0
0
0
0
0
0
0
0.04
0
0
0
0
0
0
0
0
0
0
0
0
0
0
0
0
0
0
0
0
0
0
0
0
0
0
0
0.08
0
0
0
0
0
0
0
0
0.05
0.09
0
0
0
0.02
0.13
0
0
0.08
0.03
0
0
0
0
0
0
0
0
0
0
0.08
0.39
0.61
0.2
0
0.15
0.02
0
0.04
0.02
0.26
0.69
1.07
0
0.76
12.98
13.07
23.58
7.69
8.31
2.1
0.35
0
0
0
0.04
0.01
0
0.01
0
0
0
0
0.08
0.37
0.03
0.17
0
0
1.72
0.61
0.55
0.34
4.46
4.65
1.04
0.41
0
0
0
0
0
0
0
0
0.02
0
0
0.02
0.01
0.12
0
10.68
5.52
0.68
0
0
0
0
0
0
0
0
0
0
0
0
0
0
0
0
0
0
0
0
0
0
0
0
0
0
0
0
0
0
0
0
0
0.5
4.36
0.09
0.04
0.02
0.01
0.02
0.01
0
0
0
0
0
0
0.75
1.45
0
0
0
0.05
0
0
0
0
0
0
0
0.01
0.02
0.13
0.21
0
0.21
3.08
2.43
3.32
1.4
0
0
0
0.09
0.04
0.21
0
0
0
0.09
0.05
1.3
12.34
13.7
7.47
2.25
3.35
1.29
0
0.09
0
0.7
0
0.23
4.52
2.01
0.44
0
0
0
0.22
0.01
0
0.76
5.46
0.2
0
0
0.08
0
0
0
0
0
0
2.06
0
4.43
2.72
0.03
3.64
4.89
7.14
3.25
2.76
5.2
1.6
1.8
0.84
0.93
2.8
5.27
2.75
0.17
0.47
0.02
0.45
3.47
0.74
2.78
7.66
7.57
19.33
19.02
0.76
3.93
0.46
0.23
0
0
0
0
0
0
0
0
3.81
0.03
0.03
0
0
3.08
2.08
0.07
0.01
0
5.16
0.18
0.07
6.46
8.87
13.87
22.3
2.41
5.48
7.47
12.33
16.17
11.62
8.29
4.46
3.33
0.36
0.04
0
1.09
0.04
0.63
0
0.02
0
0
1.59
8.21
6.09
3.05
5.3
6.47
1.44
0
0
0
0.03
0
0.02
0
0.01
0
0
0
0
0.02
1.28
0
0.16
0
0
0.02
0.91
0.05
0
0
0
0
0.02
0
0
0
0
1.02
0.54
1.7
0.96
0
0
0
0
0
9.49
2.43
0.43
0.16
0.09
0
0
0
0.05
0
0
0.24
0.09
0
0
0.02
0
0
0
0
0
0
0.27
0.02
0
0
0
0
0.02
0
0
0
2.79
0.06
0.1
0
0.84
1.76
0.27
2.48
5.1
3.11
3.09
0
0
0.41
0
0
0
0.24
0.8
0.15
0
0.05
0
0.55
0
0.01
0
0
0.12
0
0
0
0
0
0
0.04
0
0
0.31
0.05
0
0.01
0
0
0
0
1.39
0.23
16.67
1.56
0.07
0.01
2.18
0.82
0
0.01
0.56
0.23
1.34
0
0.02
0
0
0
0.56
0.55
0.12
0.84
0
0.01
0.02
0
0
0
0.02
0.51
1.85
1.34
3.74
5.49
4.3
16.71
9.64
4.45
12.56
4.84
0.81
6.36
7.96
12.16
2.87
3.98
2.76
3.93
0.89
2.09
2.12
3.43
3.18
3.04
3.45
6.78
1.65
1.29
9.61
5.95
2.44
1.68
12.52
11.29
6.95
0.4
1.13
4.9
1.01
0
0
6.27
6.62
1
0
0.27
0.12
0
3.43
2.05
6.96
0.07
0
0
0
0.69
1.28
0.63
1.49
0
0
0.45
0.76
0.02
0
0
0
0
0
0
0
1.48
0.93
1.3
5.8
4.31
3.27
1.46
5.11
0.7
0.03
0.06
0.05
0
0.02
0
0
0
0
0
0
0.23
0
0
0
0
0
0
0
0.23
0
0
0
0
0
0
0
0
0.15
0.07
0
0
0.23
0.26
2.38
0.05
0.01
1.2
0
0.16
0.02
0
0
0.02
0
0
0
0
0
7.19
1.17
0
0
0.5
0.05
0
0.05
0
3.86
4.66
0.3
7.63
10.07
6.74
1.58
5.02
0.74
0
0
0
0.04
0.25
0.02
0.04
0
0
0.05
0.67
0.23
0.88
1.79
2.3
4.48
2.57
0.5
0
0.41
0
0.18
0
0
0
0
0.41
0
0
0.01
0.01
0.89
4.07
0
0
0
1.8
0.4
1.64
3.56
7.22
1.74
0
0
0.06
0
0.09
0.32
0
0
0
0
0.09
0.02
0
0
0
0.02
0.02
0
0.01
0.16
0.72
0
3
4.45
0.17
0.35
0.01
0.05
0.08
0
0
1.99
0
0.02
0.55
0.73
0.09
0.02
0.04
0
0
0
0
0
0
0
0
0.01
0
0
0
0
0
0.04
0.66
0.04
0
0
0
0.88
0.72
0.66
0.91
0.04
0.16
0
0.89
6.41
0.26
0.36
0
0
5.94
2.69
0.06
0
0.01
0.08
0
0
7.02
0
0.68
0.05
0.36
0
0
5.38
0.01
1.44
19.21
0.58
1.73
0
3.54
0.2
0.14
0.07
0.3
0
0
0.02
0.05
0.86
1.4
0
0
0.05
5.77
35.89
6.78
0.17
0
0.93
0
0
0.01
8.52
1.28
0
1.18
0.98
0
0.02
0.05
0.28
0.84
1.2
0
0.65
7.02
0
0.44
2.62
0
0
0.29
0.32
2.23
0.23
0
0.7
0
0.11
0
1.57
2.01
1.16
1.92
7.56
0.09
0.48
10.39
27.6
10.07
4.56
0.21
0.27
1.07
3.25
0
3.4
3.73
0
1.64
0
0.64
1.03
0.07
13.7
16.36
3.96
0.53
0
0.4
0.78
1.43
0.02
0
0.01
1.55
0.3
1.18
7.18
1.58
4.1
8.05
0.65
0
0.21
0.09
0
0.02
0
0
0.01
0
0
0
0.73
11.9
1.75
1.35
0.04
0
0
0
0.27
0
0
0.82
0
0
0
0
0
0
1.33
0
0.77
0
0.66
0.31
0.21
0.08
0.12
0
0.04
0
0.2
4.41
1.27
0.33
0.84
0.59
1.12
0
0
0.08
0.45
1
0.02
0
0
0.01
0
0
0
0
0.02
0
0
0.75
0
0.13
2.91
6.27
0.55
0
0.95
1.21
1.98
2.53
2.2
1.23
0
0.45
0.35
0.59
0.12
10.25
1.53
13.73
0.86
0
0.09
0
0
0.48
0
0.88
1.75
11.08
2.15
2.4
4.02
0
11.07
10.37
8.23
1.4
3.34
3.5
2.52
3
0.61
0.54
0.56
1.39
2.91
0.05
0.28
0
0.42
0.03
0
0
0.99
3.44
0.43
0
0
0.05
0.29
0.14
1.09
2.05
5.63
0.5
0
0
0
0
0
0
5.36
3.68
10.73
19.87
2.56
0.89
0.18
0.55
0.34
0.02
0
0
1.32
1.28
0.45
0
0.07
0
0
1.27
0
0
0.05
1.08
0
0
0.64
0.26
0
0
0
0
0
0
0
0
0
0
0
0
0
0
0
0
0.01
0
0.11
1.82
5.26
7.16
3.23
4.11
0.74
0
0
0
0
0
0
0
0.27
0.1
0
1.99
8.36
0
0
0
0.02
0
0.03
0
0
0
0
0
0
0
0
0
9.78
0
10.55
0.16
0
0
0
0.39
0
0
0
0
0
0
0
0
0
0.01
0
7.41
0
0.34
0
0
0
0
0
0
0.01
0
0
0
0.36
0.09
0.2
0
0.01
0
0
0
0
0
0
0.05
0.03
0
0
0
0.41
0
0
0.02
0.27
0
0.12
0
0
1.44
0.73
0.02
0
0
0
0.22
17.24
9.68
19.16
0
0.03
0.05
0.03
0.5
0.27
0.04
0
0.01
0
0.27
0.22
0.01
0.52
4.82
12.2
0.23
0.23
0.46
4.74
2.79
0.93
12.11
2.14
0.2
0.39
0.1
0
0.3
0.02
0.23
0
0
23.5
20.21
11.02
2.32
3.36
1.16
1.2
0
0
0.02
0.03
0
0
0
0
1.21
14.27
5.03
5.32
0.34
0.11
0
0
0
0
1.44
0.67
0
0
0
0
0
0
0
0.48
0.76
1.64
6.31
0
0.12
0
1.12
0
0
0.01
0
2.63
0.53
0
0.21
0.8
13.31
6.64
2.91
3.41
0
0.13
0.13
0.02
0
0
0
0
0.02
0
0.1
5.01
3.42
0.25
0.04
0
0
0
0
0
0
0
0
0
0
0
0
0
0
0.01
0
0
0
0
0
0.53
4.06
3.18
0
0
0
0.01
0.01
0
0
0
0
0
0
0.08
0.15
0
0
0.01
0
0
0
0
0
0
0
0
0
0
0
0
0
0
0.01
0
0
3.01
0
0
0
0
0
6.91
1.56
0.22
0
0
0
2.32
2.28
0.2
0
0
0.18
2.64
0.52
0
0
0
0
0
0
0
0
0
0
0
0
0
0
0
0.03
0
0
0
0
0.86
0
0
1.91
0
0.14
0
13.15
3.18
5.06
14.02
10.7
6.14
0.23
2.5
0.3
0.05
0
0
0
0
0
0.02
0.01
0
0
0
0
0
0
0
0
0
0
0
0
0
0
0
13.82
3.36
1.16
0
0
3.03
0
0
0
0
0
0
0
0
0
0
0
9.96
3.41
4.18
1.94
0.74
7.72
0.14
0.11
0.19
0.01
12.04
17.59
17.59
4.73
4.13
0.52
1
1.15
0.86
0.31
0.23
1.7
5.04
0.08
1.14
2.55
12.63
3.11
5.95
2.7
0
0.05
0
0
4.12
13.12
0
0
0
0
0
0.06
0.02
0
0.13
0.04
0
0
0
0
0
0.01
0
0.16
0
0.08
0
0.05
2.57
0.09
0.02
0.13
0.08
0.51
0
0.05
0.41
0
3.68
0.55
0.16
0.2
4.2
4.47
0.31
1.33
5.01
0
0
0.44
0.69
0.11
0
0.05
0
0
0
0
0
0.92
0
0.18
0
6.52
0.09
0
0
0.11
0
0.04
0.03
0.1
1.05
1.54
0.09
0.44
0
0
0
0.05
0
0
0
0.23
0
0
0
0.01
0.11
0
0
0.03
0.02
0
0
0.01
0
0.01
0
0.34
10.63
13.64
7.27
0
0
0
0.15
0.02
0
0
0.78
0.2
0.16
6.56
7.54
8.83
7.15
5.1
0.55
2.89
6.12
19.25
2.84
16.39
9.15
0
0
0
0
0
1.5
0.73
3.16
1.14
4.72
6.45
2
0.09
0.54
0
0
0.05
0
0
0.06
0
0.02
0
0
0
0
4.38
0.13
0
0
0
0
0
0
0
0
0
0
0
0
0.05
0.07
0.65
2.21
0.7
10.95
0
8.27
1.9
1.66
0
0
0.01
0
0
0.43
6.25
3.58
0
0.05
0
0
0
0
2.49
2.25
0
0.73
0.11
0
0.04
0
0
0
0
0.35
0
0
0
0
0
0
0
0.05
0.38
0.15
0
0
0
0
0
0
0
0
0
0
0
0
0
0
0.15
0
0.34
0.12
0
0
0.09
1.85
0.08
0.3
0
0
0.59
4.58
3.18
0
0.05
0
0
0
0
0
0
0
0
0
0
0
0
1.41
0.09
0.23
2.13
1.57
0.32
0
0
0
0
0
0.11
1.13
0.79
0.32
2.84
5.77
0.79
0
0
0
0.16
0.74
0.7
0
3.25
1.43
0.26
0.02
0
0
0
0
0.03
0
0
0
0.04
0
0
0
0
0
0.02
1.62
1.75
0
1.66
0.28
0
0
0
0
0.34
1.08
0
4.06
12.98
10.59
3.58
4.67
0.54
4.09
1.49
5.2
0.61
1.04
0.56
0.16
0.5
1.59
0.18
7.64
5.23
0.89
4.87
7.43
2.17
0.89
1.07
8.85
1.93
0.79
0
0.06
0
13.04
19.13
12.2
8.9
1.2
0.51
0.24
0
0
0
0
0
0.25
8.79
4.36
6.29
4.25
13.59
1.55
0.14
0.01
0.08
0.24
0.16
0
0.05
5.2
0
0.08
0.02
0
0.91
0.23
0.31
0
0
0.02
0
0
7.05
0
0.26
0
0
0
0
0
0
0
0.05
0
0
0
0
0
0
0.01
0
0
0
0
0
0.08
0
0
0
0
0.01
0.01
0
0
0
0.01
0.6
0.71
0.45
0.01
0
0
0.34
0.06
0
0
0.01
0
0
0
0
0
0
0
0.02
1.56
1.85
0.21
0.11
0.11
0.23
0.09
0
0
0
0.09
0.02
0
0.01
0.71
3.06
1.41
0
0.13
0
0
0.01
0
1.76
0
0
0
0.05
0.03
18.95
7.99
0.29
1.59
0
0.01
0.04
0
5.3
0.32
3.72
0
0.2
7.11
7.36
2.9
4.6
5.28
31.78
8.87
10.7
14.75
6.09
0.37
3.86
2.42
4.68
0
0.24
0.59
0.13
0.6
0.6
0.77
3.54
13.35
13.04
1.72
0.47
1.07
6.18
1.66
5.59
9.13
1
5.76
2.13
1.88
0
0
0.06
0
0
0
0
0
0.6
0.17
0
0
0
0
0.03
0.35
0
0
0.86
0.87
4.52
0.6
6.5
0
0
0
0
0
0
0
0
0.01
0
0
0.01
0
0.02
0.04
0.03
0.01
0
0
0.04
0
0
0.04
0
0
0.2
1.51
0.02
0
0.73
1.07
0
0.88
4.45
1.16
8.31
9.07
1.98
5.28
13.73
0.86
0.34
0.15
0
0.52
0.59
0
0.01
0.02
0
0
0
0
0
0
0.42
0.51
0
0
0
0
0
0
3.73
7.22
1
0.7
1.03
0.59
0.03
0
0
0.01
0
0
0
0.24
0.16
0.41
0.58
2.49
0.31
0.08
2.11
0.19
0.18
0
2.82
5.91
3.48
0.53
0.45
0
0
0
0.01
0
0
0
0
0
0
0
0
0
0.28
0.46
0.38
0
0.07
0
0
0
0
0
0
0
0.19
0.41
0.63
0
0.03
0
0
0.33
0.97
0.65
0
1.86
0.01
0
0
0
0
0.05
1.46
2.16
0
0.75
5.24
1.05
0.02
0.27
6.27
5.29
0
0
0
0
0
0
0
0
0.19
0.71
0
0
4.45
0.18
0
0
0.04
0
3.56
2.04
9.19
7.2
1.34
1.04
3.77
1.81
1.14
0.33
1.05
0
0
0
0
0
0
0
0
1.71
0
0.03
0
0
0
1.64
0.45
0.04
0
0
0
0
0
0
0
0
0
0.01
0
0
0
0
0
0
0
0.01
0
0
0
0
0
0
0
0
0
0
0
0
0
0
0
0
0.02
0
0.06
0
0
0
0
0
0
0
0
0.01
0
0.02
0
1.11
0.41
0
0
0.01
0
0
0
0
0
0
0
0
0
0
0.2
0
0.09
0
0
0
0
0
0
0
0
0
0
0
0
0
0
0.02
0.01
0
0
0
0.02
0
0.01
0
0
0
0
0
0.31
0.14
0.19
0
0
0.03
0
0
0.46
0.83
0.61
7.59
1.49
0.67
0.05
0
3.27
2.4
1.02
2.14
2.19
0
2.69
0.05
0.07
0.25
1.16
9.33
1.47
0.81
0.02
0
19.19
8.64
4
0.2
3.69
4.29
2.65
0
5.73
0
0
0.92
0
11.33
1.36
0
0
0.15
0
0
12.09
8.88
3.02
15.05
2.66
8.34
2.22
0.43
0.67
2.27
0.36
0
0
0.04
0
0
0
0
0
0
0
0
0
0
0
0.31
0.2
0
0.5
0.32
0.29
0
1.19
0.92
4.08
0
0.05
0
0
0.05
0.2
0
0.02
0.03
0
0.94
0.19
0.32
0.13
0
0
0
0
0
0.01
0
0.15
0.25
7.17
1.72
0
0.05
0
0.45
0
0
0
0
0.05
0
0
0
0
0
0
7.73
3.15
0.4
1.13
0.32
0
0.02
1.13
0.11
0.24
0
0.05
1.49
0
0
0
0
0
0
0.01
0.01
0
1.02
0.74
0.69
0.65
22.9
3.35
0.18
0
0
4.53
0.41
0
0.03
0
0
0
0.33
0.51
0
0
0.19
0.01
0
0.18
0
1.9
0.39
0.1
0.01
0
0.67
0.12
0
0.01
0
0
0
0
0
0
0
0.07
0
0.24
0
0
0
0.18
0.06
0
0
0
0
0
0
0
0
0
0
0
0
0
0
0
0
0
0
0
0
0.01
0.01
0.57
4.38
6.55
2.64
3.42
2.33
0.33
4.85
1.22
0.02
0
0.32
5.71
2.03
0.62
0
0
2.16
15.98
5.34
4.93
10.77
0
0.02
1.29
0.18
0.5
0
0
0
0
0
0
0
0
0.02
0
0
0
0.02
0
0
0
0
0
0
1.08
1.38
3.66
4.02
8.18
0.52
0
0.02
0.05
0
0.67
0
0.06
0
0
0.31
0
0
0
52.59
5.67
0.91
3.8
4.43
0.79
1.03
0.52
0.15
0
0.01
0
0
0.12
0.01
0.35
0.18
0.09
0
0
0
0
0
0
0
0
0
0
0
0
0
0.1
0
0
0
0
0.15
0
0
0
0
0
0
0
0
0
38.46
2.77
0.39
0.02
0.06
0
0
0
0.02
0
0
1.39
6.03
2.06
8.45
0
0.01
0
0
0
0.01
0
0.02
0.01
0
0.08
0
0
0
0
0.02
0
0.02
0.01
0
0
0
0
0.05
1.27
8.27
0.27
0
0.02
0.01
0
0
0
0
0
0
0
0
0
0
0.03
0.47
0
0
0
0
0.02
0.02
0.02
0.03
0
3.41
0.63
0
0
0
0.73
0
0.01
0.02
0.14
2.27
0.08
0
0.02
0.09
0
0
0.02
0
0
0
0
0
0
0.03
0
1.63
20.33
21.07
15.81
0
3.02
7.69
9.7
0.67
2.66
0
0.02
0.6
0
0.25
0.22
7.09
1.55
2.54
0.39
0
4.08
0
0.06
0.05
9.04
0.21
2.54
5.7
3.36
0
2.57
0.37
0.19
0
0
18.07
2.53
0.16
0
0
0
0.27
8.39
1.44
3.4
12.48
5.06
6.23
4.04
8.15
15.79
12.1
4.38
0.88
1.09
7.73
6.38
12.81
0.4
15.02
2.16
0.98
7.5
0.07
0.05
0
0
0
0.01
0.06
2.51
1.8
9.82
3.36
18.13
5.31
0
3.17
3.42
6.91
2.66
0
8.01
11.84
0
0
0.47
8.74
0
0
0
0
0
0
0
2.34
0.57
0
0
0
0
1.53
0.11
0.08
0
0
0
1.52
6.17
0.17
0
0
0
0
0
0
0
0
0
0
0.02
0.01
0
0.36
3.95
2.16
0.54
0
0
0
3.01
0.11
0
0.02
0.17
0.04
0.09
2.7
0.01
0
2.08
6.37
7.04
5.9
0
0
0
0
2.22
1.99
0
0
0
0
0
0
0
0.01
0.05
0.17
0
0
0
0
9.48
0.05
0
0
0
0
1.67
1.7
2.32
1.16
0.82
0.06
0.04
3.14
20.59
8.96
1.08
5.45
27.03
11.97
0.45
0
0
1.02
0.76
14.51
8.59
4.57
1.34
0.17
0
0
0
0
0
0
0
0
0
3.44
1.19
0
0
0
0
0
0.16
0
0.27
0.66
0.04
0.44
0
0
0.16
1.35
7.54
0.59
1.09
0.25
0.02
0
0
0
0
0
0
0
0
0
0
0
0
0
0
0.1
0.56
0.19
0
0
0
0
0
0.09
0
0.04
0
0.02
0.03
0
0
0
0
0.19
0
8.42
0
0.01
0
0
0
0
0.05
0
0.15
0
0
0.93
0.2
0
0
0
0.1
22.18
2.01
0.04
0.65
0
0.09
0
0.11
0
0.02
0
0
0
0
0
0.13
0.05
0
0
0.01
0
0
1.59
0
0.02
0
1.29
0
0.36
1.61
0
1.2
0.02
0
0
0.89
1.24
1.93
9.13
6.2
0.55
0
0.01
0
0
0
0
0
0.03
0
0
0
0
0.01
0
0
0
0
0
0
0.02
11.95
0.6
0.27
0
0.44
0
0
0.23
0
0
0
0
0
0
0
0
0
0
0
0
0
0.26
2.29
0.31
0
0
0
0
17.79
30.06
13.05
11.89
3.13
0
4.38
0
2.1
2.68
0.53
0
1.84
0.56
0
0
0.22
0
0
0
0.02
0.05
0
0
11.81
7.54
0.92
0.84
0
0.56
0.33
13.09
22.12
18.93
3.15
0
0.1
4.95
10.07
11.53
18.71
12.77
5.63
10.11
6.16
1.52
0
0
1.71
8.81
0.86
14.75
0.34
12.63
2.62
1.04
11.18
3.26
13.68
17.68
0.07
0
0
0
0
0
4.01
12.4
1.36
12.17
19.03
15.14
4.57
7.78
2.71
0.04
0.45
0.12
0
0
0
0
0
0
3.73
0.81
0.14
0.01
0
0
0
0
0
0
0.14
0.13
0.06
0
0
0.14
0
0
0
0
2.11
0.24
0.49
0
0
0
0
0
0
0
0
0
0
0
0
0
0
0
0
0
0
0
0
0
0
0
0
0
0
0
0
0
0
0
0
0
0
0
0
0
0.08
0
0.01
0.02
1.48
0.11
0
0
0
0
0
0
0
0.45
5.88
20.08
17.23
3.28
0.66
0
0
0
0
0
0
0.02
0.01
0
0
0.01
0.27
0
1.48
0.74
2.18
0.18
0.03
0
0
1.7
2.04
2.86
5.05
11.62
3.3
0.95
0.02
0
0
0
6.41
3.81
6.38
0
0
0.05
6.18
16.3
2.54
3.64
0.29
6.29
17.09
3.04
0
0
0
0
0
0
0
0
0
0
0
0.28
0
0
0
0
0
0
0
0
0
0.11
0.74
0.39
0
9.98
4.97
0.36
0
0
0
0.11
0.87
1.07
3.93
0
0
0.01
1.04
0.36
0
0.05
0.01
0
0
3.14
3.27
17.48
0.15
0
0
2.14
1.67
0
0.26
0
0
0.05
1.47
0.39
0
0.04
0
19.04
0
6.96
0.29
0
0.75
0.04
0.02
0
0
0.1
0.01
0
0.03
0.73
0
0
11.59
1.39
3.96
0
0
0.02
0
0.11
0.01
0
0
0
0
0
0.37
0.03
0
0
0
0
0
5.36
0.25
0.07
0.16
0.04
0.91
0.08
0
3.04
3.33
1.97
5.2
0.07
0.11
0
0.82
0
0
0
0.07
0.15
0.58
0
0.02
0
0
0
0
0
0
0
0
0
0
0.85
2.34
3.91
4.91
1.95
0
1.38
3.14
7.11
5.29
0.05
0
0
0.1
11.74
15.52
6.58
37.02
11.89
1.28
4.85
2.76
5.85
7.18
1.01
9.77
0.44
0.04
0.3
2.93
8.76
2.56
3.69
21.06
5.36
0.94
2.26
8.58
0
0.16
2.03
0.33
0.18
0.02
0.48
0
10.45
0
0
0
1.29
0
0.25
3.23
1.91
0
0
8.17
16.16
27.76
5.1
2.31
0
3.02
7.09
0
0.01
1.72
0.63
0.11
1.29
1.02
3.03
9.4
0
0.48
0
0.82
0.45
0.04
0.16
0
0
0
0
3.97
3.42
0.02
0
0
0
0
0
0
0
0
0
0
0.77
4.82
0
1.21
3.98
0.01
1
2.13
19.05
2.13
3.04
0.09
0
0
0.12
0.48
0.03
0
0.01
0
0.01
0
0
0
0
0
0.16
0.98
0.51
0
0
0
0
0
0
0
0
0
0
0
0
0
0
0
0
0
0
0.13
0
0
0
0
0
0
0
0
0.56
0.28
0.3
0.12
0
0
0
6.94
1.18
1.72
0
0.76
3.18
2.26
3.67
1.9
0.23
0
4.14
3.52
1.72
0.61
0.96
12.35
2.31
1.97
0.27
0
0
0
0.52
0.86
0.1
0
0.09
3.13
0.46
4.48
5.23
2.7
2.19
2.54
1.91
0.78
0.29
0.46
0
0.01
0
7.75
9.91
2.14
7.87
8.16
2.68
1.04
0.3
0.45
4.41
3.15
0
1.02
0.43
5.31
0
10.44
18
1.44
13.68
0.55
4.59
0.75
0.41
0
0
2.82
0.19
0
0
0
0
0
0
0
0
0
0
0
0
0
0
0
0
0
0
0
0
0
0
0
2.11
0
0.38
0
0
0
0
0
0
0
0
0
0
0
0
0
0
0
0.06
0
0
0
0
0
0
0
0
0.06
0
0
0
0
1.3
0.86
0
0
0
0
0
0
0
0
0.02
0.25
0
0
2.67
1.51
0
1.3
0.44
0
0
0
0
0
0
0
5.79
0
0
0
0
0
0.05
0.01
0
0
0
0
0
0
0.1
0.13
0.05
0
0
0
0.03
0
0
0.4
0.25
3.73
10.84
0
8.77
10.4
6.86
1.09
4.86
3.09
1.2
0.27
1.24
2.25
4.25
14.94
3.57
0.04
1.16
0.98
0.05
0.06
0
0
0
0
0
0
0
0
0
0
0
0.01
0.01
0.51
0.62
0
0.08
0
0
0
0.16
0.75
17.83
8.68
0.25
0
0
0
0.01
0.44
0.16
0
0
0.33
0
0
0
0
0
0
0
0.01
0
0
0.33
0
0
0
0
0
0
0
0.22
0
0
0
0.3
0
0.02
0.32
0.64
0.16
0
0
0
0
0.01
0
0
0.03
0
0
0
0
0
0
0
0
10.04
12.17
1.88
0
0.02
0
0
0.01
0
0.59
0.88
3.11
0.58
0.04
0
0.01
0
0
6.25
3.33
0
0
0.29
0.33
1.89
0.25
0
0
0
0
0
0
0
0
0
0
0
0
0
0.14
0
0.36
4.69
0.05
0
0
0
0
0
0
0
0
0
0
0
0
0
11.01
6.5
0.77
1.32
0
0
0.23
2.15
0.05
0
0
0
0
0
0.78
15.89
5.56
0
0.42
2
0.09
0
0
0
0
0
0
0
5.82
5.54
2.11
1.88
0.82
0
0
0
0.88
0
0
0
0
0
0
0
0
0
0.01
0
0.02
1.37
2.36
6.54
1.39
0.04
0
0.45
0.65
0
0
0.04
2.17
6.97
17.25
9.06
5.52
1.41
10.66
2.5
2.51
0.12
1.28
3.73
6.56
0.16
0.02
0
0
0
0
0
0
1.55
4.1
8.98
4.13
0.41
0
0
0
0.02
0
0
0
0
0
0
1.58
12.11
1.36
0
0
0
0
0.13
0.89
3.79
0
0
3.27
24.83
0.3
0
0
0.45
0
0.04
0
0
1.46
0
0
0.01
0.62
0.13
0
0
0.5
0.03
0
0
2.46
0
0
0
0
0
0
0.12
0.69
1.34
0
0
0.04
0
0.17
0.05
0
0
0
0
0
0
12.39
3.3
0.05
0.03
0
3.2
0
0
0
0
0
0
2.49
0.11
0
0
0
0.72
0
0
0
0
0
0
8.04
0
0
0
0
0.37
1.34
0
0
0
0
0
6.53
6.22
0.2
0
15.42
2.63
4.4
1.73
0.27
0
0
0
0.15
0
5.03
0.3
0.12
0
11.38
26.69
1.56
0
0
0
6.9
8.23
0.33
0
0
0
0.09
0
0
0
0
0.55
1.36
3.16
0.03
0
0
4.5
8.68
1.32
0
0
0.43
9.74
3.12
19.01
10.72
10.72
11.73
20.76
7.36
2.3
17.05
9.56
2.96
0.12
0.23
0
0
0
0
0
0
0
0
0
0
0.04
20.52
10.66
1.25
3.46
1.71
0.31
0
0
0
1
0.83
0.03
0
0
0
0
0
0
0.03
0
0
0
0.07
0.32
0.01
0.14
0.02
0.02
4.44
0.24
0.08
0.02
0
4.57
1.11
0.44
0
0
0.58
0.05
0
0
0.03
0.51
0
0.04
1.32
3.05
5.15
1.23
0
0
0
0.01
0
0
0
0
0.43
1.45
0.43
0
0
2.88
5.31
2.17
0.24
0.29
0
0
0
0
0
0
0
0.13
0
0
0
0
0
0.3
1.05
0
0
0
0
0
0
0
0
0
0
0
0
0
0
0
0
0
0
0
0
0
0
0
0
0
0
0
0
0
0
0
0
0
0
0
0
0
0
0
0.03
0
0
0
0
0.01
0.01
0.16
5.73
1.41
7.04
3.61
1
0.85
0.74
0
0.8
0
7.36
1.76
2.83
12.98
5.51
1.78
0.05
0
2.02
5.35
3.03
5.48
1.51
0
2.14
8.02
24.17
10.64
1.12
7.95
2.39
0
0.46
9.46
0.84
0
0.8
5.13
14.2
0.75
0.14
0.17
0.68
0.31
1
4.12
2.03
9.28
13.91
5.4
0.86
1.71
2.13
0.01
0
0
0
6.52
5
0.48
0
1.55
3.31
3
0.02
0
0
9.89
0.23
0
0
0
0
1.91
0.47
4.66
11.23
0.43
0
0.01
0
0
0
0.01
0
0
0
0
0
0
0
0
0
0
0
0
0
0
1.47
2.25
0
0
0
0
0
0
0
0
0.05
0
0
0
0.06
0
0.02
0
0.05
0
1.35
3.2
0.61
0
0.01
0
0
0
0
0.33
0
0
0
0
0
0
0
0
0
0
0
0
0
0
0
0.01
4.66
0
0
0
0.01
0
0
0
0
0
0
0
0
0
0
0.06
0
0
0.04
0.26
0
0
0
0
0
0.01
0
0
0
0
0.36
0.11
0.02
0
0
0
0
0
0.46
7.71
0
0
0
0.13
0.01
0.25
0.95
0.3
1.99
0.29
0
0.2
0
0
0
0
0
0
0
0
0.14
15.73
0.79
0
0.47
1.66
0
0
0
0.01
5.24
2.44
0.93
0.81
0.13
0
0.3
0
0
0
8.06
0.66
1.52
19.59
0
3.25
18.38
1.82
0
0
0
0
0
6.88
3.09
0.5
0.02
0.02
0
0
0
0
9.09
26.78
2.89
2.8
0.05
0.95
0
1.49
12.1
0.67
15.52
3.52
0.07
0
8.13
17.71
3.36
1.64
0.11
0
0
0.07
0.12
2.77
0.01
0.04
0.11
0
0
0
1.58
13.19
13.43
8.66
7.03
14.21
2.95
6.89
9.38
5.01
0
6.82
0.14
3.9
2.93
11.75
3.58
0
0.77
4.68
3.31
9.16
0
0.41
0.63
1.61
3.15
1.45
12.02
1.49
0
0
0.49
4.6
8.48
4.78
21.8
4.1
1.83
0.82
0
0
0
0.01
0
0.29
2.26
2.26
4.87
7.49
0.96
0.13
0
0
0
0
0.3
0
0
0.01
0.05
0
0
0.01
0
0.15
0.74
0.84
0.56
0.11
20.14
18.7
6.66
17.5
3.16
0.5
6.52
2.79
0.12
2.06
1.24
2.37
0
0
0
2
0.15
0
0
0.05
0
0
0.02
0.21
0.19
6.08
0.34
0.53
0.78
0.43
0
0
0
0
0
0
0
0
0
0
0
0
0
0
0
0.09
0.21
18.38
4.33
0.11
0
0
0
0.02
0.17
0
0.02
0.41
0.36
2.27
0.52
1.05
2.55
0.73
2.43
0.29
0.01
0
0.41
7.35
2.14
0
0
0
1.55
0.88
0.04
0.77
10.14
6.82
17.05
3.37
4.05
0.86
1.51
0
0
0
0
0
0.02
0
0
0
0
0.02
0
0
0
0
6.85
2.34
0.05
0
0
0
0
0
0
0
0
0
0
0
0
0
0
0
0
0
0
0
0
0.86
0.91
0
0.02
0.66
0
1.64
4.37
0.01
0.11
0.91
0
1.43
2.34
0
0
0.07
0
0.03
0
0
0
0.01
0
0
0
0.26
0.12
0
0
0
0
0
0
0
0
0
0
0
0
0.11
0.59
6.14
0.16
0.29
0.38
0
0
0
0
0
0
0
0
0
0.01
0
0.02
0
0
0
0
0
1.25
0.69
0.06
2.56
0
0
0
0.03
0
0
0
0
0
0
0
0
0.45
4.5
17.55
12.9
6.68
1.04
0.33
0.31
0
10.87
0.78
0
0
0
0
0.01
0.46
8.45
0.83
6.33
0.49
0
0
7.73
1.05
0
0
2.24
8.8
15.6
27.39
4.91
0.23
2.37
0.1
0
0
0.02
0.01
0
0
0
0
0
0.04
0
0.58
0.37
0
0
0
0
0
0
0
0.42
0.34
0.58
0.02
0
0
0
0
0
0
0
0
0
0.01
0.05
0
0
0
0
0
0
0
0
0
0
0
0
0.01
0
0
0
0
0
0.01
0
0
0
0
0.03
1.11
2.64
0.38
0
0.02
0
0
0
3.5
3.16
4.11
6.98
8.79
0
0
0
0
0.02
0.06
0
0
1.07
1.32
0
1.01
0.46
0.75
0
0
0
1.69
1.06
11.43
1.37
0.07
0
0
0.02
0
0
0
0
0
0.52
0
6.03
0.33
0.21
0
0.02
0.02
0
0
0
0
0
0
0
0
0
0
0
0
0
0
0
0
0
4.81
3.42
0.98
12.91
3.49
1.09
0.13
0.09
0
0
0
0
0.52
8.94
6.78
19.26
6.88
1.28
0.12
0
0.01
0.02
0.02
0
0
0
0.01
0
0.1
0.02
0
0.05
0
2.26
1.13
0
9.31
11.07
4.27
1.16
0
6.99
10.01
3.25
0
0.01
0
0
0
0.71
0
0
0
0
0
0
0
0
0
0
0
0
0.14
0.77
0.2
2.48
9.32
3.06
20.45
23.35
1.08
1.57
1.27
0.01
0
0
0
0
0
0.01
0
0
0.63
1.26
0
0
0
0
0
0
0
0.09
0.56
0.08
0.27
2.02
8.17
9.17
5.02
8.13
1.04
0
0
0
0
0
0
0
0
0.01
0
0
0
0
0
0
0.01
0
0.04
0.01
0.02
0
5.75
0
0
0
0
0.02
0
0.73
0.48
0
0.08
0
0.02
0
0
0
0
0
0
0
0
0
0
5.62
0.02
0
0
0
0
0
0
0.04
0.02
0
0
0.01
0.2
0
0.16
0
1.18
3.77
0.39
0
0.05
2.91
0.57
0
0
2.41
0.05
0
0
0
16.95
4.16
0
5.01
0.45
0
0.01
0.05
0
3.47
2.79
0.05
0.02
0
0.32
0
1.82
0.04
0
0
0
0
0
1.07
5.42
16.05
5.82
0.19
5.93
0.79
6.89
0.84
0
0
0
0
0
0.01
0
5.96
0.16
0
0
0
0
0.38
14.95
19.82
4.77
0.53
0
0
0
0
1.64
0.14
0
0
6.01
6.79
0
0
0
0
0.03
0
0
2.49
1.37
0
0
0.21
0
0.01
0
0
0
0
0
0.02
0.27
0.57
13.43
8.46
4.14
7.38
2.43
3.89
12.8
3.48
4.46
11.27
2.32
6.86
0.23
0.13
3.24
2.34
2.79
0
1.12
0
0
0.08
0.11
0.25
0
0
8.16
10.39
2.6
0.2
4.34
1.49
0
3.72
3.8
5.65
5.18
0.16
0
0
0
1.82
0.95
4.53
6.91
0.02
0
3.26
1.38
2.05
7.02
2.4
1.4
10.88
0.7
8.62
1.53
6.29
0.05
0.36
0
0
0
0
0
0.25
5.72
1.95
6.02
2.73
9.91
0.1
0
0
0
0
0
0.05
1.14
1.52
0.16
0
0
0
0
0
0
0
0
0
0
0
0
0
0
0
0
7.39
10.65
1.73
0.2
1.88
0
2.53
21.62
9.92
1.65
0.2
0
0
0
0.1
1.64
0.06
0
0.01
0
0
0
0
0
0.05
0
0.02
0
0
0
0
0.01
0
0.59
0.55
0.08
7.77
18.6
4.08
13.15
20.13
4.81
0
0
0
0
0
0
0
0
0.02
0.42
1.47
2.35
7.95
12.45
1.47
0.73
0
2.22
7.93
1.09
0.17
0.68
0.29
0
0.61
2.19
0.01
0
0
0.22
0
0
0
0.56
1.92
9.51
2.86
6.4
0.8
0
0.55
0.04
0.01
0.01
0.19
26.28
0.25
0.01
0.01
0
0
0
0
0
0
0
0
0
0
0
9.53
7.11
0.81
0.12
4.48
1.25
0
1.28
0
0
0.02
0.27
0
0
0
1.64
0.07
0.1
0
0
0
0
0.01
4.24
0.16
0
0
0
0
0.2
0.15
0
0
0
0
0
0.02
0.01
0
0
0
0.28
0.11
0.02
0
0.07
0
0
0
0
0.03
0.01
0
0
0
0
0
0
0
0
0
0
0
0
0
0
0
0
0.02
0
0.08
0.02
0
0
0.01
0.01
0
0.08
0.08
0.04
0
0
4.91
0.22
1.45
0.09
0.06
0
0.02
0
0
0
0.13
0
0.05
0.39
7.46
0.65
2.16
0
0.03
0
0
0
0
0
0
0
0
0.02
0
0.01
0.01
0
0.14
0
0
0
0.25
0.13
1.92
4.16
18.28
9.6
6.56
0.59
0
0
0
0
0
0.04
0.05
0.48
4.41
6.64
7.66
0.58
11.02
1.63
27.84
10.98
1.36
1.68
0
0
0
16.52
3.22
2.76
9.6
0.31
17.36
12.84
1.59
0
0
0
0.17
0
0
6.87
1.96
0.55
0
0
0.03
0
12.45
6.29
0.16
0
0
0
0
6.66
6.34
0
0
8.63
1.07
0
1.21
7.02
2.48
0.63
0.38
0
1.79
3.86
0.91
1.34
3.52
0.37
0
0
0
0
0
0
1.1
1.89
0
0
0
0
0
0
0
0
2.36
0.87
0.29
0.49
0
0
0
0
0
0
0
0.02
0.09
0
0
0.05
0.35
0.06
0.23
0
0
0.12
0
0
0
0
0.04
0
0
0.47
3.39
2.32
0.29
0.02
3.1
5.32
0.59
0.01
0.13
0
0.2
0.33
0.2
0.07
0
0
0
0
0.01
0
0
0
0
0
0.27
6.67
6.55
5.55
3.62
14.93
15.33
3.48
1.66
0.34
0.8
0
0
0
0
0
0.29
0
0.02
1.34
0.56
0.14
11.43
2.23
0
0
0.01
0.01
0.46
0
0.01
0
0
0.1
0.14
0
1.04
5.29
6.64
6.64
5.96
1.09
12.3
1.12
0
0
0
0
0
0
0.01
0
0
0
0
0
13.05
9.44
1.29
1.12
0
0
3.73
1.77
0.02
0
0
0.03
2.13
17.56
3.43
2.98
10.68
23.4
3.64
2.73
6.14
1.88
0.03
0.14
5.93
5.47
1.43
0.14
0
0.01
0
0
0.58
0.02
0
0
0
4.07
4.41
0.71
3.46
0.86
1.87
0.03
0
0
0
0
0
0
0
0
8.29
5.93
0
1.13
0.05
0
5
0.14
0
0.02
0
0.01
0.25
1.03
0.05
0
0
0
0.01
0.01
0.02
0.05
0.07
0
0.01
0
0
0
0
2.71
19.95
0.18
0
0
0
0
0
0
0
0.79
7.96
2.91
0.03
0
0
0.01
0.01
0
0
0.01
0
0.03
8.96
0.01
0
0
0.34
0.48
0.17
1.62
0
0
0
4.22
4.25
0.3
0.07
0.13
0
0
0
0
2.93
1.03
0.82
0
0
0
0.02
0
0
0
0
0
0
0
0
0
10.02
8.64
0.67
1.03
2.56
0.04
0.02
0
0
0
0.17
0
0
0
0.05
0
0
0.01
0
0
0
0
0
0
0
0
0
0
0
0
0
0
0
0.12
0
0.07
0
0.21
0
0.29
0.04
0
0
0
0
0.66
5.34
9.11
5.48
2.88
0.41
0
0
28.05
3.88
24.07
8.95
2.01
1.69
3.18
1.95
1.37
1.89
11.59
3.46
0
0.57
0.67
0
0
0
0
0
0
0.01
0
0.12
0
0
0
0.1
0
0
0
0
0
0.04
2.4
3.29
0
13.34
1.77
3.55
0.11
0.38
0
0
0.3
0.35
0.05
0
0.06
0.21
0.39
0.28
0.17
0
0.05
0.01
0
0
0
0
0
0
0
0.07
0
0
0
0
0
0
0
0
0
0.01
0
0
0
0
0
0
0
0
0
0
0
0
0
0
0
0
0
0.23
2.07
0.39
0.17
0
0
0
0
0
0
0
0.17
1.55
6.43
0.61
0.73
0.02
0.03
0
0
0.07
0
0.06
0
0
0
0
0.06
1.23
8.03
2.23
1.45
0
0
0
0
0
0
0
0
0
0
0
0
0
0
0.01
0.02
0
0.02
0.66
0.06
0
0
0
0
0.74
0.79
5.63
0.23
0.49
7.86
0.44
1
0
0
0
0.23
9.93
5.66
0.55
0
0.06
0.08
0
0.14
0
0
0
0
0.84
0.23
0
0
0
0
0.31
0
0
0
1.15
0
0
0.11
0
0
0
0
0
0
0.01
0.02
0
0
0
0.18
0
1.68
3.32
8.49
0.92
0
3.61
0
0.09
0
0
0
0
0
0
0
0
0
0
0.69
1.16
10.75
4.08
0.64
0
0
0.01
0
0
0
0
0.12
0
0.98
0.02
0
0
0
0
0
0
1.63
0.51
2.09
2
0.78
0
0.27
5.52
0.26
0
0
0
0
0.25
0.4
0
0
1.7
0.09
0
0
0
0
0
0
0
0
0
0
0
0
0
0.06
0
0
0.03
0
0
0
0
0
0
0
0
0
0
0
0
0
0
0
1.16
0.03
0
0.01
0
0
0.23
0
0
0
0
0
0
0
0
0
0
0
0
0
0
0.02
0.07
0.05
0
0.01
0
2.12
5.38
1.77
0.36
0
0
0
0
0
0
1.64
0.11
0.01
0
0
0
0
0.03
0
0
0
0
0
0
0
0
0
0
0
0
0
0.01
0
0.02
1.29
3.6
4.05
5.91
1.36
0.46
0
7.72
5.36
0.28
3.16
3.95
12.93
1.11
0.69
0
0
1.48
25.27
0.89
4.89
2.48
0
0
0.1
0.43
0
0
0.03
2.78
1.23
0.1
0.7
17.72
12.53
24.08
8.84
0.11
0.07
0.02
0
0.02
0
0.01
0
0
1.54
0
0.02
0.32
0
0.01
14.36
13.73
0.6
0.47
0.12
0.13
0
0
0
0
0
0
0
0
0
0
0
0.02
0
0
0
0
0
0
0
9.42
1.5
0
1.11
0
0.27
0
0
0
0
0.77
5.59
3.06
2.14
8.27
0
0
0.06
0.01
0.82
3.06
4.52
0.16
0.31
0.09
0
0
0
0
0
0
0
0
0.02
0.1
0
0
0
0
0.05
0
0
0
0
0
0
0
0
0
0
0
0.14
0
1.02
5.15
2.52
3
2.49
0.63
3.15
2.29
17.22
5.95
0.14
0.24
0
0
2.09
13.35
1.38
0.23
0
0.05
0.1
0.01
0.01
0.01
0
0
0
0
2.77
8.85
3.97
2.02
0.84
2.38
6.27
0.2
0.02
0
0
0
0.11
0
0
0
0.01
0
0.18
1.65
3.75
3.89
0
0.02
0
0
0
0.01
7.04
3.29
0.15
0
0
1.39
0.03
6.82
4.45
2.73
0
0.11
0
0
0
0
0
0.02
0.2
2.62
2.63
3.83
1.51
0.26
0
0.01
0
0.46
4.38
0.37
0.4
0.04
0
0
0
0
0
0
0
0
0
0
0
0.01
0
0.05
0.08
0
0.01
0
0.02
0
0
0
0
0.6
4.46
4.86
0
0.49
0.01
0.3
28.55
3.07
0
1.32
3.49
0
0.17
0.09
4.14
2.34
0.11
0
0.66
4.3
0.07
0.28
0.05
0
0
0
0
0
0
0
0
0
0
1.13
5.6
3.82
1.21
0.1
0.66
6.2
3.61
0.25
0
0
0.05
0
0
0.01
0.03
0.01
0
0
0
0
0
0
0
0
0
0
0
0
0
0
0
0
0
0
0.01
7.91
0
0
0
0
0
0
0.12
0
0
0
0
0
0
0
0
0
0
0
0.86
2.16
2.5
0.41
0.49
0
0
3.6
7.15
11.52
0.43
0
0
0
0
0.01
34.38
4.23
0
3.15
0.46
0
0
0
0
0
0
1.46
0
0.88
0
0
0
0.03
0
0.01
1.44
0
0
0
0
0.64
11.18
8.46
6.96
18.03
0.98
5.99
5.36
0.02
5.74
0.41
0
0
0
0
0
0
15.82
15.03
3.01
0.02
1.75
4.29
0
0.04
0
0
0
0
0.01
8.63
14.2
0
0
0
0
0
0.69
2.66
4.57
3.61
0.02
0.43
0.81
0.01
0
0
0
0.18
1.68
13.89
3.33
10.21
0.41
0
0
0
0
0
0
0
0
0
0
0
0
0
0
0
0
0
0
0
0
0.01
0
0
0.07
0.24
0.02
0
0
0
0
0
0
0.09
0.27
0
0.05
0
0.24
0
0
0
0.03
0
0
4.95
0.16
1.51
2.97
4.93
0.16
0
0.45
0.9
0
0
2.63
3.75
2.2
0.65
0
2.63
14.35
4
4.09
2.64
0
0.35
2.51
0.07
5.85
0.04
0
0.11
5.23
0.9
0.2
2.27
1.41
3.07
0.29
0.02
0
0
0
0
0
0.46
3.82
2.25
0
0
0
0
0
0
0.02
0.01
0.16
0
0
0.38
0.57
0.45
0
0
0.31
0.08
4.4
4.3
1.77
0.17
1.7
3.38
6.6
3.12
2.55
0.58
0.6
5.74
6.27
2.89
2.21
0.49
4.4
7.61
3.27
1.46
0.27
1.52
0.84
0.11
0.05
0.92
0
0.1
0
0.01
5.19
14.84
8.98
12.37
2.68
5.8
0.4
5.85
5.49
0.34
0.22
0
0
0
0
0
0
0.01
1.06
0.07
0.01
0
0.39
0
9.14
13.72
1.54
2.17
9.67
1.51
3.7
2.16
0.6
0.05
0
0
0
0
0
0
0
0.07
0.06
0
0
0.91
0
0
0.06
0
2.95
3.67
18.47
3.48
0
0.01
0
0
0
0.04
0.06
0.02
0
0
0
0
0
0
0
0
0
0
0
1.54
0
0
0
0
0
0
0
0
0
0
0
0
0
0.01
0
0
0
0
0
0
0
0
0
0
0
0
0
0
1.87
1.21
0
0
0
0
0
0.02
0.01
0
0
0
0
0
0
0
0
0
2.28
1.06
0
0.07
0
0
0.02
0
0
0
0
0.02
0
0
0
0
0
0
0
0
1.54
0.68
6.6
0.98
0
0
0.06
0
0
5.63
0.53
0.52
0.23
0
0.48
0
0.07
0.2
0.41
2.32
4.73
1.79
9.21
2.64
0.21
0
0.01
0
0
0
0
0
0
0
0
0
0.01
0
0
0
0
8.36
0
0
0
0
0
0.03
0
0
0
0
0
0
0
0
0
0
0
0
0
0
0
0
0
0
0.01
0
14.23
16.95
0
2.22
0
0.08
0
0
0
0
0
0
0.85
0.05
0
0
0
0
0
0.01
0.26
0.16
0
0
0
0
0
0
0.8
1.31
0.65
1.12
0.63
0.8
0
0
0
0
0
0
0
0
0
0.9
9.11
2.06
0
0.18
0.35
0.48
0
0.14
0.61
9.75
0.27
1.22
0.93
2.14
0.97
0.02
0
0
0.22
0
0
0
0
0
0
0
0
0
0
0
1.77
0.77
10.34
0.97
0
0
0
0
0
0.01
0
0
0
0.46
0
0
0.91
1.51
15.66
2.77
0.61
0
0.18
4.09
0.5
0
3.52
1.2
0.02
0.02
0
0
0
0
0
0.01
0
0
0.01
0.16
0
0
0
0
0
1.1
0.21
0
0.11
0.45
5.4
0
0.77
0.01
0.46
0
0
0
2.31
0.17
0
0
0
0.02
0
0
19.05
12.42
13.05
9.77
4.44
0
1.07
0.07
0.26
8.49
14.38
7.18
16.95
8.68
2.1
0
0.47
0.29
0
0
0
0
0
0
0
0.01
0
0.06
0.16
0.02
1
12.52
15.13
13.63
0.63
6.63
7.35
1.75
4.64
3.27
2.8
3.58
0.79
0
6.13
1.32
9.25
4.24
6.88
0.83
0.12
2.09
0.38
1.59
16.42
3.64
2.55
0.44
0
3.72
0.02
0.08
6.86
9.06
5.21
0.98
0
0
0.87
1.96
6.31
0.15
0
0
0
0
0
12.26
3.7
0.12
0.05
0
0
0
0.22
0
0
0
0.01
0
0.04
0
0
0
0
0
2.94
1.04
0
0
0.19
0
0
0
0.03
0.02
0
0
0
0
0
0
0
0
0
0
0
0
0
0
0.24
0.01
0
0
0
0
0
0
0
0.02
0.01
0
0
0
0
0
0
0.65
0.16
0
0
1.42
0
0.21
0
0
0
0
0
0
0
2.18
2.4
0.38
0.48
0.43
4.74
1.37
0.02
0
0
0
0
0.01
0
0
0
1.32
3.11
1.46
0.3
0
0.38
0.39
0.04
0
0
0
0
0
0.01
0
0.02
3.93
0
0
0
10.5
5.66
0.73
0.47
0
0
0
7.3
0.34
2.71
8.98
7.32
0.59
0.92
0
0.02
9.8
15.75
2.53
5.64
21.74
4.63
3.52
0.98
0.14
0.24
0
1.35
0.42
0
0.01
0.03
0
0
0
0
0
0
0
0
0
0
0
0
2.05
0
0
0.11
7.91
3.17
0
1.62
0.87
1.56
1.06
1.13
6.13
20.48
5.23
2.58
0.64
0.14
0.4
11.44
1.41
0.24
0.41
0
0.01
0
0.1
0
0
0
0
0.01
0
0
0.01
0.01
0.15
0.04
0.34
2.91
8.13
0.41
0.01
0.15
0.26
2.07
3.34
0.86
0.52
0.05
1.36
0
0.01
0
0.02
2.66
3.11
1.37
1.94
7.54
0.85
0.82
2.5
0.92
0.35
0.5
1.11
1.3
2.49
5.53
7.56
2.7
6.4
8.68
3.38
1.03
0.5
1.45
0
0
0
0
0
0
0
0
0
0
0
0
0
0
0
0
0
0.04
0.81
2.11
2.02
1.1
7.35
2.16
0.66
0
0.26
0.17
0
0
0
0
0
0
0
0
0
0
0
0
0
0
0.36
0
0
0
4.39
0
0.84
0.52
0
0
0
0
0.1
4.88
1.14
0
5.16
14.29
1.68
1.96
0
6.42
3.79
4.58
1.54
7.41
1.93
0.51
0.63
0
0
0
0.13
0.81
0
0
0
0.86
0.11
0
0
0.16
0
0
0
0
4.46
1.17
0
0
0
0.02
0
0
0
1.43
0
2.04
0
0
0
3.08
0.23
0.02
0
0.16
0.03
1.23
0
0.01
0
0
0
0
6.33
0.2
0.41
0
0
0
0
1.4
2.66
0
0.38
0
0.33
0.6
0
0
0
0
0
0.06
0
0
0
0
0.03
0.02
0
0
0
0
0
0
0
0.91
0.03
0
0
0
0
0
0
0
0
0
0
0.18
0
0.02
0.02
0
0
0
0
0
0
0.01
0
0
0
0
0.03
2.09
0
1.36
0
6.87
0.62
0.22
0
0.13
0
0
0
0
0
0
0
0
0
0
0
0
0
0
0
0
0.04
0
0
0
0
3
0.2
1.44
0.53
0
0
0
0.61
0.11
0.48
0
0
10.98
1.27
0.09
0.05
0
0
0
0.02
0
0
0.05
0.17
0.96
0.43
0.84
0
0.59
0.72
0
1
3.58
1.58
0
0
0
0
0.2
0.21
0.03
0
0
0
0.27
14.09
8.74
0.76
0
0.02
0
0
0
0
0
0
0
0.21
0
0
0
0
0
0.46
0.4
0.23
0
0
0
0
0.24
0.12
0
0
0.01
0
0
0.68
0.18
0.02
0.02
0.16
2.06
0.12
4.78
6.58
0.37
0.52
5.8
4.23
0
0.49
1.46
2.13
0.2
0.14
0.01
0
1.72
0.86
1.34
0
3.61
0.71
0.09
0.02
3.84
13.22
18.88
26.65
15
18.32
6.88
4.49
13.87
14.15
8.41
5.42
2.81
0
4.64
7.16
1.54
1.04
6.32
0.13
0.03
3.51
2.25
9.12
11.32
1.82
0.1
2.64
1.5
0.7
2.7
0
0.18
0.21
0
0
1.43
0.14
0
0
0
0
0.72
0.19
0
0.32
4.05
2.04
0
0.39
9.71
3.36
0
0.01
0
0
0
6.74
17.04
2.79
1.14
0.16
0.3
7.99
6.59
4.66
1.18
8.09
4.31
0.89
2.48
0.45
4.25
4.8
0.22
14.25
3.95
6.7
0.57
0
0
0
0
0
0
0
0
0
0.07
0.41
0
4.43
0.79
2.55
20.1
7.37
0.41
0
0.58
4.43
0.93
1.7
0
0.02
3.72
0.13
0
1.59
2.9
0.2
0
0
0
2.09
7.72
10.26
6.83
3.71
11.75
4.98
0.86
0.02
1.26
1.88
0.66
0
2.23
0
0
0
0
3.3
3.15
2.07
3.98
0
1.47
0.01
3.59
12.01
6.91
5.42
3.91
8.73
5.12
1.58
0.1
0.02
0.01
0.04
0
0
0
0
2.91
0
0
0
0.31
0
0
0
0
0
0.04
0.01
0
0
0
0
4.46
18.23
4.32
3.59
10.95
3.61
1.27
3.89
0.67
0.77
1.4
0.41
0
0
0
0.02
2.59
14.12
2.76
1.3
3.48
1.62
0.01
0.12
10.75
9.03
0.09
0
0.17
0
0.32
0
0
0.41
0
0
0
0
0
0
0
0.01
0
0
0.02
0.02
0
0
0
0
0
0
0
0
0
0
0
0
0.02
0
0
1.26
0.95
0.91
0.28
0
0
0
0
0
0
0
8.1
0
0
0
0.19
0
0
0
0
0
0
0.01
0.02
22.6
1.14
0.13
0
0.02
0
0.41
0
0
0
0
0.34
0
0.39
0
14.33
6.04
0.65
2
1.18
0.14
0
0.98
0
0
0
0
0
0
0
0
0
2.32
0.55
0.01
0
0.46
6.23
20.44
5.91
3.8
0.32
0
0
0
0
0
0
0
0
0
0
0
0
0
0
0
1.15
1.98
10.69
2.24
0.37
0.1
0
0
0
0
0.61
9.46
1.63
0.63
0
0.59
0
7.98
1
1.82
1.08
0
3.3
2.38
2.67
0.86
0
0
0
0
0
0
4.25
4.48
3.18
2.47
0.02
0
4.31
10.17
8.01
3.65
0.02
0
0.07
0.11
0.8
0.49
0
0.18
0.19
1.14
0.91
5.47
18
13.21
1.88
0
0
0
0
0.01
0.26
2.73
1.88
0.02
0
0
0.99
2.05
0.87
0.78
9.23
6.55
2.67
0.38
0
0.01
0
0
0
0
0
2.56
0.78
0
0
0
0
0
0.46
3.56
10
3.48
2.34
0.07
0
0
0
0
0
0
0
0
0
0
0
0.07
1.36
3.19
6.49
9.28
2.78
0.6
7.27
2.98
0.44
0.77
0
0
0
0
0
0
0
0
3.38
4.36
0.09
0.33
0
1.14
0.32
0.01
11.21
0.6
1.15
5.26
5.84
9.3
3.06
0
0.04
0
1.33
0.59
2.38
1.32
3.6
6.14
3.81
0
0
0
0
0
0
4.66
0.52
0
0
0
0
0.03
0.01
0.04
0
0.02
0
0
0
0
0.08
1.14
0
19.19
3.56
0.38
0.23
0
0
0
0
6.34
3.21
3.8
2.39
2.7
0.18
1.83
0.48
20.61
0.55
0.02
0
0
3.24
1.84
4.58
1.08
0
0
0.03
0.11
0
0.03
1.79
0.28
0.1
0
4.35
7.29
3.09
14.32
8.04
0.3
0
0
0
2.28
4.27
11.09
10.78
1
0.59
0.17
0.01
0
0.02
0
0
0
0
0
0
0.08
0.07
0
0
0
0
0.01
0.62
0.02
0
0.37
0.25
1.31
0.2
0.25
0
0
0
0
0
0
0.01
3.04
0
0
0
0
0.02
0
0
0
0
0
0
0
0
0
0
0
0.03
0.13
0
0.34
0.08
0
0
0.02
0
0
0
0.01
0
0
3.7
0.87
0
0
0
0.45
0.5
0
0
0
0
0.01
0.01
0
0
0
0
0
0
0
0.13
0.03
0.13
0
0
0
0
0
0
0
0
0.07
0
0
0
0
0
0
0
0
0
0
0
0
0
0
0
0
0
0
0
0
0
0
0
0
0
0
0
0
0
0
0
0
0
0
0
0
0
0
0
0
2.77
9.51
1.07
6.14
16.92
1.51
0
0
0.06
0
7.96
17.43
20.18
10.33
1.63
0.68
0.04
0.54
0.27
0.15
0
0.04
8.54
2.12
0
0.44
0.8
0.13
1.19
0.5
3.26
0.02
0
0
0
0
0
0
0.09
2.71
3.02
0
0.09
0
0.38
0.01
0
0
0.18
0
0.04
0.34
0.03
0.09
2.32
0.34
0
0
0.1
0
0
0.01
0
0
0
0
0
0
0
0.09
0.3
0.58
0
0
0.01
0
0.02
0.2
0.03
0
0
0
0
0.94
1.9
2.15
0.27
0
0
0
0
0
0
0
0
0.05
0.38
0
0
0
0
0
0
0
0.02
0
0.01
0
0
0
0
0
0
0
0.33
0
0
0
0
0
0
0
0
0
0.01
0
0
0
0
0
0
1.9
0
0
0
0
0
0
0
0
0
0
0
0
0
0.02
0
0
0
1.53
1.77
0
0
0.03
0
0
0
0
0
0
0
0.01
13.05
6.65
11.22
12.18
3.76
0.34
0
0.07
1.45
0.71
3.89
1.55
2.17
0.1
0
0
0.27
2.5
1.26
0.31
0.02
0.01
0
0
0
1.54
5.28
9.46
6.39
2.1
0.01
4.02
5.95
0.29
0.05
0.32
0.07
0
0.03
0
0
0.13
0.15
0
0
0.01
0.01
7.06
3.48
0.56
0.01
0
0
0
0.01
0
0
0.01
0
0
0
4.77
0.29
0.01
0
0
0
0.53
0
0
0
0
0
0
0
0.01
0.02
1.6
5.21
0.34
0
0
0
0
0
0
0
0
0
0
0
0
0
0
0
0
0
0
0
0
0.02
0.02
0
0
0
0
0
0
0
0
0
0
0
0
0
0.78
0
0.14
0.01
0
0
0
0
0
0
0
0
0
0
0
0
0
0
0
0
0
0
0
0
0
0
0
0
0
0
0
0.02
0
0
0.04
0.05
0
0
0
0
0
0
1.02
0
0.27
0
0.02
0
0
0
0
0
0
0
0
0
0
0
0
4.2
0.41
3.03
4.83
2.17
21.6
0
0.05
0.02
0
0.02
0
0
0
0
0
0
0
2.51
1.34
0.01
4.13
0.13
0
0.57
9.21
11.55
12.63
11.41
0.36
0.19
10.16
5.14
6.45
2.1
0.08
0
11.82
0.4
0.4
5.15
13.72
10.25
0
0
1.02
13.49
4.02
4.75
1.09
0
0.09
0
0
0
2.97
0
0
0
0.19
0
0
0.02
1.37
7.93
0.65
0
0
0
0.01
0
0
0
0
0.07
0.15
0
0.01
0
0
0
0.88
7.32
0.56
1.06
0.31
0.09
0.2
0.03
0.11
0
0
0
5.04
0.01
0.01
0.04
0.21
0.03
1.52
0.59
0
0
0
0
0
0.09
0.04
0
0.16
0.37
2.44
2.16
0
0.13
2.86
1.7
5.25
6.97
2.68
0.68
8.35
3.1
0
0
0.03
3.6
0
0
0
0
2.91
1.18
0
0
0.48
0.42
0
0
0
4.28
0
0
0
0
0
0.13
1.33
0.64
1.27
0.41
4.55
7.73
1.42
0
0
0
0
0
0.2
0.01
0.09
10.13
3.1
2.89
12.46
14.47
3.88
1.06
3.49
2.77
0.55
0
0.05
1.5
10.66
0.52
7.42
0.26
0
2.37
3.31
2.8
8.19
16.34
5.21
3.18
8.98
0.57
9.3
0
0.1
9.7
7.46
0.73
0
2.14
0.3
0.05
0
0
0
0
0
0
0
0
0
0
0
0
0
0
0
0.03
6.15
2.31
7.75
0.97
1.73
1.86
0
0.2
0
0
0
0.09
0
0.34
0.23
0.09
0.08
0.1
0.59
6.92
3.53
10.3
5.45
2.2
0.41
0
0
0
0
0
5.58
0.58
0.45
4.38
0.22
0
0
0
0.01
0
1.64
0.17
0.46
0.46
0.67
0
0
0
0
0.01
0
0.01
1.04
0.99
0.86
0.27
0
0
0
0
0
0
0
0
0
0
0
0.02
0
0
0.02
0
0
0
1.24
2.06
2.43
0
0
0.02
0
0
0
0
0.19
2.36
7.27
0
0.02
0
0
0
0
0
0
0
0
0
0
0.02
0
0
0
0.51
0
0
0
0.11
0.72
0
0
0.54
3.71
0
0
0
0
0
0
0
0
0
0
1.08
4.46
0
0
0
0
0
0
0.02
2.14
0.03
1.57
0
0
0.09
0
0
0
0
0
0
0
0
0
0
0
0
0
0
0
0
0.28
10.52
0.78
1.26
0.35
1.47
4.92
7.48
0.48
0
0
0
0
0.02
0.02
0
0
0
0
0
0
0.01
8.12
0
0
17.97
0
3.68
4.63
0.17
0.09
0
0
0
0
0
0
0.55
0
0
0.01
0
0.66
0.02
0
0
0
0
0.01
0
2.91
8.63
1.93
0.57
0
0
0
0
0
0
0
0.92
0.88
0
0.22
0
0
0
0
0
0
0.05
0
0
0.01
0
0
2.88
0
0.01
0.02
0.08
6.13
12.16
0.04
0
0
0
23.3
5.84
0
8.97
0
0
0.15
0.86
5.67
10.82
11.46
7.45
1.94
0
0
0
0
0
0
5.68
3
0.98
5.16
1.46
6.2
5.54
1.64
0.56
4.96
3.55
0
0
0
0
0
4
4.81
2.11
1.03
0
0.09
0.69
11.38
1.23
3.74
5.3
3.52
13.06
1.71
9.84
2.9
1.47
1.75
2.82
0.22
0.59
0
0
1.84
0.13
0
0
1.57
0
0.45
0.17
0.27
8.06
2.21
0.07
0
0.2
0
0
0
0
0
0
0
0.03
0
0
0
0
0
0.61
2.35
1.54
1.57
0.2
0.52
2.13
0.54
0
0
0
0.21
0.06
1.61
12.7
3.67
0.88
0.14
0.01
0
0
0.02
0
0
5.16
0
0
0.43
0
0
0
0.65
2.1
9.52
0
0
9.32
0.24
0.91
0.25
0
0
0
0
0
0
0
0
0
0
0
0.12
0
0
0
0
0
0
0
0
0.01
1.4
3.48
4.12
1.13
1.77
2.9
1.13
0.03
0.73
1.74
0
0
0.43
0
0
0
0
0
0.13
0
0.04
0.01
0
5.66
0
0.41
0
0
0
0.07
0
0
0
0.01
0
2
12.81
0.07
4.66
0
0
0
0
0
9.64
17
0.02
0
6.88
0.05
0
0
0
0
0
0
0
0
0
0
0
0.01
0
0.02
0
0
0
0
0
0
0
0
0
0
0
0
0
0
0
0
0
0.02
0
0
0
0
0
0
0
0
0
0
0
0
0
0
0
0
0
0
0
0
0
1.07
0.19
0
0.27
0
0
0
0
0.13
0
0
0
0
0
0
3.02
0.14
0.13
1.22
0.93
1.32
0
9.94
4.56
1.74
4.88
0
0.02
0.39
3.76
0.21
0.77
0.28
0
0
0
0
0
0
4.4
20.27
14.77
12.6
11.07
7.61
1.54
1.09
0
0
0
0
0
0.03
0.05
0.04
0
0
0
0
0.02
0
0
0
0
0.33
15.89
7.46
0.88
0.2
1.18
3.93
0
5.86
11.65
0
8.76
5.31
1.38
0.13
0
0.02
0
0
0
0
0
0
10.97
4.32
6.5
30.59
9.82
0
0.46
0.27
0.12
0
0
1.4
0.19
0
0
0
0
0
8.79
7.57
0.23
0.21
0.02
0.01
0.01
0
0
0
0
0
0
0.04
0.61
1.36
0
0
0
0
0
0
0
0
0
0
0
0
0
0
0
0
0.34
8.93
0.48
0
2.4
1.56
0
0.32
0.53
0.23
0
0
0.01
0
0.26
0.65
12.61
0.57
0
6.32
3.69
0.68
2.13
0.14
0
0
0
0
2.82
2.27
0
1.03
0.31
0
0.01
0
0.16
1.17
2.06
0
0.66
0
0
0
0.01
0
0
0.01
0.09
0
0
0
0
0
0
0
0
0
0.01
0.02
0
0
1.41
12.26
1.65
3.16
2.9
6.06
18.69
0
0
0
0
0
0
0.02
0.01
0
0
0
0
0.01
0.39
0
0.71
3.24
0.09
2.11
0.77
0.17
0
2.09
3.85
0.31
0
0
0
0
0
0
0.02
5.27
14.51
0.63
0.09
0
0
0
0.04
0.04
0.05
0
0
0
0
0
0
0
0
0
0
0
0
0
0
0
0
0
0
0
0
0
0
0
0.02
0
0.38
0
0
0.02
0.24
0.67
0
0
0.03
0
1.18
14.17
14.25
2.16
0.28
1.68
1.97
0.34
0
0
0
0
0.05
3.58
2.09
1.1
0.01
0
0
0
0
0
0.1
0
0
0.44
0
0
0
0
0
0
0
0
0
0
0
0.01
2.47
0.26
0
0.04
0
1.3
0.62
0
0
0
0
0
0
0
11.39
0.05
0
8.49
0
0
0.14
0.7
2.23
0.05
0
0
0.18
0.08
0.01
0
0.06
0
0.02
0
0
15.69
0.2
0
0.02
0
0
0.13
0
0
4.59
4.53
1.25
0.23
0
0.72
0.3
0
0.71
0.02
0
0
0
0.02
0
0
0
15.21
0
0
0
0
0
0
0
0
0
0.05
0.04
0.41
2.77
1.9
0
0.23
0.04
1.79
6.88
3.38
0
0
0
0.62
0.39
3.14
3
0
0.04
0
5.43
4.35
0.15
0.26
0.02
0
0
0.28
0.01
1.13
1.8
0.05
0
0
0
10.61
19.64
1.64
0.39
0
0
0
0
0
0
0.01
0
0.04
0
0
0
0
0
0
1
2.15
0
0
0.3
0.29
0
0.13
0
0
0
0
0
0
0
0
0
0
0
0
0
0
0
0.55
0
0
0
0
0
0
0
0
0
0
0
0
0
0
1.7
0.48
0.7
1.09
4.69
0.02
10.46
16.73
1.01
1.23
0.95
4.09
3.55
15.88
0.97
0.01
0.26
3.75
0.02
0
0
0
0.03
0
0.32
0.01
0.02
0
0
0.07
0.05
2.6
0.21
0.04
0
0
0
0
0
0
10.88
1.74
0.02
1.5
2.95
1.98
18.12
8.64
3.98
0.19
0.01
0.74
1.02
0.23
0
0.04
0.01
0
2.06
0.19
12.14
4.22
0.8
0.18
0
0
0
3.43
0.6
2.84
3.61
0.07
1.49
0
0
0
0.02
0
0
0
0
20.62
8.65
0.93
8.25
0
0
0
0
1.42
0.14
0
0.01
0.54
0.39
0.01
0
5.35
27.02
0
0.16
0.03
0.03
0.19
5.5
6.69
9.99
1.14
0
0.37
7.11
0
0
10.7
6.63
2.06
0.55
4.82
0.14
0
0
0
0
1.88
0.22
0
0
0
0
0.5
7.59
14.49
20.78
5.93
8.09
4.16
3.19
2.35
0
0
0
0
0
0
0
0.21
1.18
0.53
0
0
0
0.02
0.52
0.71
0
0
0
0
0.06
1.22
0
0
0
0
0.28
0
0.01
0
0
0.42
2.16
0.36
0
0.01
0
0
0
0
0
0.02
0
0.33
0
0
6.16
0.21
0.01
0
0
0.07
1.53
8.19
0.53
0
0
0
0
0
0
0
0
0
0
0
0
0.13
0
0
0
0
0
0
0
0
0.22
0
0
0
0
0
0
0
0
0
0.01
0.4
0
0
0
0
0
0
0
0
0
0
0.01
0
0
0
0
0
0.13
0.01
0
0.02
0
0.13
0.66
0
0
0
0
0
0
0.01
0
0
0
0.57
9.67
7.92
0
0
0
0
0
0
0
0
0
0.05
0.2
0
0
0
0
0
0
0
0
0
0.01
0
0
0
0.01
0
2.84
11.88
3.33
0.11
0
0
4.6
0.82
3.5
3.34
3.95
9.4
12.82
3.64
0.14
0.02
0
0
0
0
0
0
0
2.89
9.14
16.03
2.91
0
0.65
0
0.01
0
0.05
0
0
0
0
0
0
1.08
19.24
4.09
8.43
8.42
1.44
3.02
6.1
0.67
0
0.45
0
0
0.03
2.66
2.15
0.1
0.17
0.06
0.02
0
0
0.03
0.18
0.01
0
0.21
1.63
0
0
0
0
0.04
0.05
0.05
0
0.04
0.02
0
0
0
0
0
0
0.02
0
0
0
0
0
0.01
0.19
0.04
0.04
0.02
0
0
0
0
0.02
0
0
0
0.02
0
0
0
0
3.02
10.06
0.57
1.31
1.19
0.07
4.65
7.34
5.99
4.88
1.5
0
1.06
0.24
0
0.66
1.53
2.99
2.28
0.13
0
0
0
0.02
0
0
0
0
0.66
0.02
0
0.02
0.04
0
0.59
0
9.48
0.14
0
0.01
0.61
0
0
0
0
0.61
0.25
0
0
0
0
0
0.01
0
0
5.89
2.2
0.4
4.98
2.86
2.21
0
0.02
0
0.7
0
0
0
0
0
0
0
0
0
0
0
0
0
0
0
0
0
0
0.18
0.57
0
0
0.08
2.88
4.14
0
1.6
0.89
2.97
3.2
0.16
0
0.02
0.39
3.4
0.1
0.07
0
0.01
10.11
11.54
2.99
0
0
0
0
3.75
10.85
0.08
0
0.01
0
0
0
0
0
0
0.32
0.53
0.7
0
5.87
6.09
0.47
16.59
0
0
1.66
0
0
0
0
0
0
0
8.49
0.78
0.16
0
10.73
0
0
0
0
0.02
10.39
0
1.91
11.06
0
0
0
0
0
0
3.33
10.88
13.09
0.61
0.1
0
0
0
0
0.01
0.02
0
0
0
0
0.01
0
0
0
0
0
0
0
0
0
0
0
0.02
0.12
0
0
0
0
0
0
0
0
0
0
0
0
0
0
0
0
0
0
0
0.02
0
0
0
0.41
0.73
5.31
6.2
0
0
0.04
0
0
0
0.01
0.01
0.01
0.05
0
0
0
0
0.01
0.01
0
0.85
0
0
0
0
0.29
7.32
0
0
0
0
0
0.05
0.02
0
0
0
0.11
0.01
0
0
0
0
0
0
0
0
0
0
0.31
0.15
4.09
18.91
0
0.07
0.16
0
0
0
0
0
0
0
0
0
0
0
0.03
0.63
3.96
0.15
0
0
0.15
0
0
0
0
0
0
0
0
0.01
0.02
0
0
0
0
0.06
0.06
0
0
0
1.66
0.14
0
0
0.05
0
0
0
0
0
0.45
0.06
12.05
4.03
0.02
0.13
1.34
2.04
0
0.02
0.03
0
0
0
0.01
0.01
0
2.03
7.83
0.48
0
1.03
0
0.5
0
0
0.02
0.06
7.71
19.7
6.61
1.18
1.33
2.38
0.3
0
4.67
0.44
0
0
0.03
0
0
0
0.01
0.09
0
0
12.81
3.03
0
0.05
0.01
0
0
0.54
0.17
3.06
6.63
5.62
1.73
1.31
0.7
1.15
0.03
0.75
0.37
0.11
0
0.05
0
0
0
0.93
0
0
0
0
0
0
0
16.5
13.93
16.14
9.65
8.73
6.22
2.01
2.44
1.11
1.14
11.08
16.12
1.98
1.75
1.59
25.54
0.44
3.16
12.36
0.68
8.19
0
0
0
7.59
0.27
0.14
0.02
0
0
1.76
2.71
0
0.03
1.67
0.58
3
0.1
13.41
7.6
6.46
9.8
15.04
8.49
6.99
0.98
0
10.06
0.84
0.01
0.2
0
0
0
0
0.17
0
0.07
0
0.28
0.86
6.88
0.55
0.07
0
0
0
0.48
1.56
1.25
2.19
0
0
0.02
0
0
0
0.01
0.05
3.03
3.22
10.16
5.82
4.5
2.49
0
0
2.3
0.24
6.26
4.94
12.33
3.03
0.81
10.73
14.79
2.72
0.5
8.54
3.87
0.55
5.45
5.98
1.5
0.02
0.16
0
0
0
0
0
0
0
0
0
0
0
0
0
0.59
1.39
1.84
2.81
2.34
0
0
0
0
0
0.02
0
0
0.02
0
0.32
0
0.03
0
0.39
0.3
0
0.03
0
0.27
0.57
0.47
0
0
0
0.02
0
0
0
0
0
0
0
0
0
0
0.21
0
0.18
0.01
0
0.04
3.73
0
0.02
2.56
3.64
0.12
0.02
0.01
0
0.04
1.21
1.61
0.29
1.59
0
0
0
0.03
0.27
0.01
0
3.27
0
0.11
0.06
0.35
11.67
0.05
0
0
21.68
2.27
0
0.03
1.83
0.1
9.18
0
0
0
0
0
0
0
0.05
0.45
0
0
0
0
0
0.02
0
0
0.01
0
0
0
0
0.09
0.82
0
2.5
1.59
0.11
0
0.22
14.94
7.79
0.95
0.77
0.12
0
0
0
2.61
3.2
0
1.27
9.11
13.41
0
0.22
0.02
5.62
5.13
0.99
0.65
4.45
0.45
2.69
1.38
0
0
0
2.39
0.34
0.51
4.9
3.46
8.05
3.57
3.48
2.43
1.44
8.23
4.47
0
0
2.19
0.39
0
0
0
0
0
0
0
0.07
0
0.01
0.01
4.13
7.28
0.39
2.25
1.89
0.13
1.43
0.09
0
0.03
0.01
0.03
0
0
0
0
0
0
0
0
0
0
0
0
0
0
0
0
0
0
0
0
0
0
0
0
0
0
8.53
0.55
0
0
0
0
0
0
0
0.27
0.86
5.16
7.22
4.89
0
0
0
0
0
0
0
0
0
0
0
0
0
0
0
0
0
0
0
0
0
0
0
0
0
0
0
0.02
0
0
0
0
10.89
0
0.92
0
0
0
0
0
0
0
0
0
0
0
0
0
0.01
0.01
0
0
0
0
0
0
0
6.25
5.34
5.88
0
2.08
9.92
8
2.38
5.55
2.28
2.55
0
0
0
0
0
0
15.56
17.62
12.91
1.67
0.75
0.55
5.98
24.5
1
0.21
0
0
0.01
0.12
0
0
0.11
0
0
0
0.14
0
0.06
1
0
0
0
0
0
0
0.75
0.06
0
0
0
0
0
0
0
0
0
0
0
0
0
0.06
0
0
0.48
0.46
1.17
0.96
0
0
0.04
0.02
0.07
0.05
0
0
0
0
0
0.01
0.06
0
0
0
0
0.04
0
0.1
0
0
0
1.66
3.27
0.02
0
0
0
0
1.41
1.22
0
0.13
0.02
0.34
0.01
0.14
1.08
0.33
0
0
0
0
0
0
0
0.85
0.56
0
0
0
0
0
0
0.01
0
0
0
0
0
0
0.05
0.01
0
0
0
0
0
0
0
0
0.19
0
3.66
2.94
0
0
0
1.3
0.47
0
0.4
1.12
0
0
0.14
0.01
0
0
0
0.02
0
0
0
0.25
0.06
1.5
4.84
34.88
1.96
1.84
0.12
1.57
0.72
0.98
0.43
0
0
0
0.02
0
0
0
0.1
0
0
0
0
0
0
0
0
0
0
0.01
2.03
0.17
4.28
0.16
0.53
1.25
2.3
8.44
5.06
0.22
7.5
4.56
0.31
0.01
0
0
0
0.02
0
0
0.03
1.2
1.33
8.45
2.34
0.69
0
0.03
0
0.38
0.41
4.59
4.08
4.09
1.03
0
1.73
0
0
2.56
2.09
8.09
3.94
1.98
0.2
2.11
0.36
0.33
3.91
6.59
0
0
1.5
0.53
0
0
0
2.7
0.37
0.09
0.44
2.09
0.03
0.19
1.44
0
1.11
0.16
27.5
15.44
6.34
1.77
0.07
0
0.02
0
0
0
0.01
0
0
0
0
0
0
0
0
0
0
0
0.14
0
0
0
0
0
0
0.06
3.8
0.06
0
3.56
0.69
1.09
2.16
7.22
0
0.17
0.02
0
0.38
1.31
0.02
0.21
0
0.01
0
0
0
0.11
0
0
0.05
0.06
0
0
0.01
0.04
0
0
0
0
0
0
0
0
0
0
0
0
0.14
12.94
1.86
0.27
0
2.78
0.17
0
0
0
0
0
0
0
0
28.61
17.19
1.66
0.01
0.05
0
3.95
3.38
3.47
0.38
0.45
1.27
0.8
0.02
0.43
5.3
28.12
3.16
0
0
0
0.69
11.14
5.73
0.93
5.34
4.59
0.92
0.53
0
2.7
7.47
4.89
5.73
10.19
5.34
0.59
4.44
0
0
2.44
9.56
1.18
0.95
0.49
0.02
0
0
0
0.01
0.23
0
0
0.03
2.87
0.83
1.5
0
20.69
0.57
3.52
10.18
0
0
0
0.01
0
0
0
0.07
0
5.95
2.04
1.52
0
0
0
5.85
0.06
0.06
10.02
8.17
0.98
0
9.62
0
0
0
0.97
0.98
0.09
0
0
0.02
0.01
0
0.02
0
0
0.01
0.12
2.31
0.66
0
0.02
0
0.01
0.09
0
0
0
0
0
0
0.01
0.82
10.78
0
0.82
3.12
0
0
0
0
0
0
0
0
0.38
0
0.14
0
0
0.01
0
0
0
0.57
0
0
0
0
0
0
0
0.27
0.1
0
1.9
20.05
0.08
0
0
0
0
0
0
0
0
0.01
0
0
0
0
0
0
0
0.03
0
0
0
0
0
0
0
0.16
0
0
0
0
0
0
0
0.38
0
0.27
5.78
10.56
0.41
0
0
0.09
5.15
6
0
0
0
0
0
0.02
0
16.88
0.03
0.51
0
0
0
0
0
0
0
0
0
0
0
0.01
0
0.01
1.55
10.69
4.91
0.78
1.5
0.06
8.69
0.02
0.02
0.04
0
0
0
0
0.02
3.48
0
13.19
12.86
2.53
2.03
0.18
0.3
0
0
0.02
0.7
0.34
0
0.03
0.05
0
0
0.01
0.01
0
0
0
0.03
0.84
0.23
0
0.01
0
1.45
3.11
1.56
0
2.61
4.58
0.91
2.34
4.03
2.02
0.02
0.13
1.39
1.28
0.19
0
0.03
4.48
0.12
0.12
0.03
0.12
1.07
0.15
0.03
3.94
1.91
0.28
0
2.58
3.48
1.23
0.61
0.22
0.01
0
0.72
18.09
8.31
1.27
0.2
0.05
0.01
0.01
0
0
0
0
0
6.39
8.5
2.53
12.52
1.19
6.92
0
0.38
0.66
3.94
2.42
0.16
0.2
0.34
0.25
0
8.06
9.33
11.92
11.38
21.03
0.34
5.53
1.45
0.06
0
0
0
0
0
0
0
16.25
0.88
0
0
0
0
0
0
0.95
0
0
0.92
0.16
0.16
10.28
5.59
0.09
0.04
0
0
0
0
0
0
0
0
2.56
0
0.01
0
0
0
0
0
0
0
0
0
0
0.72
3.5
0.62
0
0
0
0
1.88
5.61
14.25
5.45
0
0.55
2.57
2.3
0.09
0
0.01
0.18
9.66
6.1
5.08
1.48
2.78
1.45
3.88
2.38
7.85
3.65
0.03
0.99
1.21
4.37
0.41
0.01
0
0
0.77
8.28
0.36
0.28
0
0
0.05
0
0
0
0
0
0
0
0
4.56
0.19
0
0
1.3
0.18
0
0
12.27
4.13
3.43
7.75
7.97
6.75
0.13
0.04
0
0
0.01
19.48
1.41
0
1.79
0
8.45
4.34
15.78
3.23
0.31
0
0
0
0
0
0.02
0.02
0
0
0
0
0
0
0
0.01
1.91
0.12
0
0
0
0.01
0
0
0
0
0
0
0
0
0.03
0
0
0
0
1.94
0.03
0
0
0
0
6.38
0
0.13
0
0
0
0
0
0
0
0
4.06
0.02
0
0.93
0
0.01
0
1.12
0
0
0
0.21
1.91
0.25
0.17
0
0
0.02
0.56
0.11
25.44
27.5
1.27
0
0
0
0
0
0
0.64
0
0
0
1.58
26.16
4.62
1.42
0
0
0
0.08
0.31
0.16
0.12
21.66
0
0
0
0
0
0
0
0
8.08
0.02
0
0
0
0
0
0
0
0
0
0.01
0
0.71
0.35
0
0
0
0
0
0
0
0
0
0
0
41.88
11.34
24.31
2.77
8.59
0.69
0.08
0
0
0
0
0
0
0
0
0
0
0
0
0
0.02
0.06
0.03
3.33
16.78
0
0
0.56
0.19
2.7
0
0
0.89
3.72
0.31
0.03
0.14
0.95
0
5.31
0
0
0
0.03
0.01
0
0.01
0
0
0
0
0
0
0
0
2.5
3.69
5.17
11.72
0.2
0
0.01
0
0
0
0
0
7.48
3.95
0.14
0
0
0
0
0
0
0
0
0
0
0
0
0
0
0
0
0
0
0
0
0
0
0
0
0
0
0
0
0
0
0
0
0
0
0
0.06
0.68
2.11
0.59
0
0
0
0.08
1.35
0.01
0
0
0
0.27
0.93
0.86
0
0
0
0
8.61
0.27
0.11
2.45
3.77
0.01
0.02
0.41
17.88
13.56
4.06
3.44
0.44
0
0
0
0.22
0.94
4
2.22
0.16
1.47
2.34
0.69
0.41
0
1.03
5.66
1.11
0.27
0.27
0
0
0.05
0
0
0
0.43
0
4.47
3.47
0
0
0
0
0.01
0
10.52
6.03
0
15.91
1.09
0.69
0
5.72
4.04
2.12
0.04
1.09
1.07
4.8
0.34
0
0
0
0
0
0
0
0
0
0
2.55
0.34
0
0
0
0
0
0
0.02
0
0.5
0.36
0
0
0
0
0
0
0
1.39
0.38
0
0
0
0
0
0
0
0
0
0
0
1.34
1.99
0.24
0.11
0
0
0.41
0.45
0
0.03
0
0
1.08
0
0
0.03
0
0.01
0.07
0
0.05
1.09
0
0
0
0
0.48
0.01
0
0
0.23
0
0
0
0
0.04
0
0
0
0
0
0
0
0
0
1.47
0.39
0
0.11
0
0.19
0
0.03
0
0
0
0
0
0
0.27
0
0
0
7.72
0.16
0
0
0
0
0
0.16
0
0.7
2.66
0.07
0.38
0.02
0
0
0
0
0
0
0
0.31
0
0
0
2.16
6.16
11.92
0.2
0
0
0
3.64
10.94
6.03
0
0
0
0.03
1.56
0.03
0.07
0
1.89
0.27
0
0
0
0
0
0
0
0
0
15.27
3.09
0.6
0
0
0
1.89
0.04
0.3
7.94
6.44
4.88
0.12
2.56
0.2
0
0
0
0
0
0.17
2.42
0.14
0.23
1.07
0.4
0
0.03
0
3.41
2.8
0.59
0
0.38
0.02
1.2
3.14
3.98
2.55
3.03
0.06
2.16
7
6
1.16
5.7
0.67
0.02
4.72
0.22
0
0.01
0
0
0.44
2.77
1.97
0.3
2.22
11.97
11.59
9.56
3.81
21.69
23.06
14.73
3.66
3.69
1.25
0.53
0
5.2
0.28
0.52
0.16
0.03
0
0
0
0
0.42
0.04
0
