19510101
20.67
6.2
0.7
0
0
0.02
0.01
0
9.6
1.15
1.44
4.32
4.53
0
0
0
0.01
0.94
0
0.02
0
0.11
2.93
5.61
4.69
5.05
8.52
7.89
0
0
0
0
0
1.68
24.2
0
9.66
0.44
5.78
7.98
9.95
8.3
7.27
1.46
5.99
1.84
0
1.5
2.66
0.03
5.05
0.05
3.94
10.55
0
0
0
0
0
0.14
0.48
1.32
0.38
2.65
1.57
4.5
0.61
2.75
27.35
1.56
21.74
10.36
6.54
2.66
2.63
2.15
0.57
0
0
0
0
0
0
0
0
0
0.43
0.01
0.04
0
0
0
0
0
0.05
0.02
0.02
0.03
0
8.02
0
0
0.01
0
0.01
0
3.17
2.1
2.61
3.09
0.01
0.18
1.97
1.14
12.38
3.2
8.01
1.82
2.12
28.51
3.2
3.29
0
0.75
4.51
4.61
3.46
1.3
0
0.33
0.36
0
0
0
0
0
0.01
3.71
0.81
0.76
0
0
0
0.08
0.2
6.84
0
0.37
6.34
3.96
0
0
0
8.72
7.39
5.01
0
7.17
0
0
0
0.07
0
0
0
5.75
0.71
1.88
0
0.09
0
0
0.23
0.07
0
0.02
0.89
0
0.12
0
0
2.77
0.39
0
0.8
0
0.44
2.28
2.22
0.2
0
0
0
0
0.09
0
0.06
0
0
0
0
0
0
0
0
0
0
0.5
1.04
0
13.79
11.91
6.97
8.59
0
0.03
0
0
0
0
0
0
0
0
0
0
0
0
0
0
0.02
0
0
0
1.88
8.25
0
0
0
0
0
0
0.15
0
0
0
0.09
0
6.96
7.93
1.66
3.4
0
19.13
11.37
0.75
0
0.02
0
0
0
0
0
0
6.95
30.21
0
0
0
0
0.03
0
0
8.95
24.27
0.33
0.03
0.07
0
0.03
0
3.28
0
0.45
3.91
0.61
0.95
0
0
0
0.09
1.84
1.36
1.14
0
0
0.01
0
0
1.16
1.32
0.42
4.93
0
0
0
0.06
0
1.78
18.45
15.34
17.47
24.28
7.64
3.6
9.43
2.65
0
0.51
0
1.84
24.14
8
0.93
0
0
0
0
0
0
0
0
0
0
0
0.01
0.88
1.23
0
0.38
0
0
0
0
0
1.48
0
0
0.32
0.25
0
0
0
4.8
0.16
0
0.74
0.03
2.78
0
3.36
0.74
0
0
0.01
0
0.02
0
0
0
2.53
0.01
0
0
0
0
3.41
0.23
0
0
1.79
0
0.3
0.04
1.74
1.62
1.28
6.82
3.46
3.44
15.54
3.8
1.24
2.53
1.29
0.24
0
1.17
0
0
0
0
0
0
1
0.02
0.76
7.79
6.34
3.11
0.62
0
0
0.49
0
0
0
0
0
0.88
0
1.29
0
0
0.27
0.18
0.26
1.33
0.24
0.09
0
0
2.05
2.59
0.35
4.28
3.08
0
1
0
5.65
0.75
1.22
0.2
0
0.01
0.24
0.8
0.32
0
2.22
8.57
12.71
13.25
2.75
8.52
3.29
0
0.09
0.03
1.14
0
0
0.01
1.59
10.1
14.63
3.89
15
0.57
0
0.07
0
1.09
0
0
0
0
0
0
0
0.75
0.17
0
0.02
4.66
3.24
0.68
21.77
8.09
5.07
0
0
0.42
0
0.95
0.75
0
0
0.8
0.04
0.1
1.84
6.88
2.79
2.24
1.61
10.53
4.02
1.69
0.06
0
1.83
0.41
0.32
1.2
0
0
0
0.24
0
1.4
0.19
0.02
0.02
0.4
1.22
0.68
0.03
0
0.03
0.55
0
0.54
0
0
0.08
0
0.03
0.05
0
1.36
14.02
0.31
0
0.06
0
0.84
2.02
7.96
8.3
11.22
0.01
0.01
0
0.05
0
0
0
2.06
1.05
0.72
0
0
0.07
0
2.13
0
4.8
0
0
2.06
2.89
4.86
1.36
11.91
0
0.48
0
0.09
0.02
0.44
0.14
0
0
0.02
0.05
0
0
0
0.04
0
0
0
0.67
0.14
0
0
0
0
0.84
0.02
0
0
2.29
22.82
5.19
0.29
0.01
0
0
0
0.13
0
7.24
0
0
1.05
0
0.23
0.62
0.55
0
5.82
2.41
0
0.02
0.01
0
0
0
0
0
0
8.52
1.11
0
0
0
0
0.02
0
0.07
0.01
4.89
0
0
0
0.75
0.36
2.12
0
0.16
0.47
0.04
0
2.61
7.36
2.3
0.64
0.56
0
1.23
8.28
1.93
0
2.14
0.43
0.02
0
0
0.36
0.02
0
0
0
0
0
0
0
0
0
0
1
0.57
0.43
2.31
4.34
0.38
1.38
0
0
0
1.98
2.67
0.21
1.11
1.18
4.23
12.31
2.64
8.01
0.04
0.02
0.01
0
0
0.01
0.8
0.02
0
0.45
4.11
2.25
0
1.14
5.4
1.29
0
0
0
0.31
0
0.63
0.53
0.3
0.8
2.33
2.28
0.08
0.34
0.05
1.23
0.69
0
0.23
0
0
0
0
0.4
1.06
0
0
0
0
0
0.08
0
0
0
0
0
0.01
0.02
0
0
0
0
0
0
0
0
0
0
1.4
15.46
7.5
0
0
0
7.87
0.64
0
0.69
1.48
0
0
0
0.08
0.01
0
0
0
0.01
0
0
0
0
0
0
0
0
0
0
0
0.01
0
0
0
0
0
0
1.1
0.16
0.15
0.07
2.46
2.87
0.5
0.24
0.09
0
0.09
0
0
0.02
0.4
0.54
0
0.04
0
6.91
1.51
0.81
0
0.41
0.24
10
0
0
0
1.19
0.1
0.05
0.03
0
1.28
19.66
23.83
4.6
0.27
9.3
0.82
5.76
1.62
10.71
0.51
0
0
0.07
0
0
0
0
0
0.02
0.02
0
0.01
0.09
0.21
2.44
8.69
0
0
0.88
0
0.06
0
0
0
0
0
1
0.46
0.96
0
0
0
0
0
0
0
0
0
5.8
16.19
0.79
0
0
0
0
0
0.04
0.01
0.05
1.06
2.25
0.46
14.11
0.46
0.11
0.06
0
0.05
1.73
21.7
5.66
11.96
6.76
0.08
0
0.89
5.63
6.56
0
0.04
0.03
0
0
0
0
0
0
0
1.54
0
0
0
0
0
0
0
0
0.02
0
0.01
0
0.45
0.05
0
0
0.57
0
0
0
0
0
0
0
0
0
0.03
0.15
2.94
2.68
0.29
0
0
0.01
0
0.02
0.01
0
0
5.5
0
0
0
0.01
0
0
0
0.01
0.01
0.99
0
0
9.57
0.37
0
0
0.05
0
0
0
0
0
0
0
0
0
0
0
0
0.01
0.03
3.71
21.16
0.26
0
0
0
0
0.03
3.27
1.25
0.23
0
0
0
0
0
9.16
10.91
17.19
12.42
5.04
0
0
0
0.38
0
0.01
0.37
0.5
0.25
1.44
0.84
2.32
0
0.04
0.01
0
5.27
0.04
0
0
0
0
0
0
0
0
0
0
0
0
0.02
0.02
0.03
0
0.01
0
0
0
0
0
0
0.03
3.81
0
0.04
0
1.27
0
1.44
8.74
2.16
0
15.85
2.38
0
0
0
0
1.46
3.69
2.16
0
0.88
3.4
0.31
0
0
0
0
0
0
0
0
0.03
0
0
0.06
0
0
0
0.02
0
0.06
0
0
0
0
0.01
0
0.03
0
0.02
0.02
0.02
0
0
0
0
0
0
0.01
0
0
0.12
3.84
5.13
0.02
0.22
0
0
0.37
0.52
0
0.38
0.03
0.21
1.24
11.46
0
0.26
3.79
3.31
0.38
0
0
0
0
0
0
0
0
0.13
0.2
0
0
0.09
0.04
0
0.3
3.97
0
0
5.73
7.48
3.91
0
5.93
7.57
7.02
2.95
0
4.63
2.27
1.83
3.36
0
0
3.21
4.9
0
1.38
0
0
0
0
2.99
3.88
0.09
0
0
0
0
0
0
0
0.02
0
0.17
0
0.07
0
0
0
0
0
0
0.01
0.01
0.06
0
0
4.42
15.07
7.72
0.72
1.13
0
8.99
1.76
0
0
0
0
0
4.73
3.82
0.13
1.15
13.82
9.93
21.14
17.16
0.54
0
0
0.02
0
0
0.02
0
0
0.03
0
0
0
1.36
6.09
8.4
16.64
39.61
7.75
0.25
0
0
0.02
1.63
0
0
0
0
0
0.02
0
0
0
0
0
0.91
0.21
4.92
0
0
0
0
0
0
0
0
0
0
0
0
0
0
0.01
0.12
0
0.05
1.11
0.03
0
0
0
0.29
0
0
0
0
0
0
0
0
0
0
0
0
0
0
0
0
0.03
0.01
0
0
0
0.01
0
0
0
0
0
1.23
2.41
0.09
0.04
0
0
0.76
0
1.33
0.26
0.01
0.02
0
0
0.02
0
0
0
0.04
0
0
0.12
0
0
0
0.02
0
0.02
0
0
0.01
0.3
2.31
0.94
0
0
0
0
0
0.01
0
0
0
0
0
0
0
0
0
0
0
0
0
0
0.02
0
0
0
0
0
0
0
0.03
0.02
0.19
0.05
0.34
0.37
1.58
0
0.63
0
0.13
0.02
0
0
0.02
0.2
0.15
0.27
1.3
0
0.04
0
1.1
3.04
7.06
8.36
0
0
0
0
0
0
0
0
0
0
0
0.03
0.06
2.41
5.36
0.89
0.55
2.67
14.63
1.62
10.7
14.05
0.54
0
0
0.04
0.01
0
1
12.8
1.02
0
0.08
0.13
0
0
0.01
0
0
0.03
0
0.02
0
0
0
0
0
0
0
0
0
0
0
0.02
7.45
18.41
7.04
7.29
3.35
2.41
1.39
8.99
0
0.13
0.89
0
0.7
4.32
0.63
11.71
7.48
4.3
0.91
2.07
3.07
1.09
0.01
0
0.08
1.95
0.21
1.09
5.8
8.97
3.88
20.34
0.94
0
0
1.66
0
2.11
0.02
0
0.2
1.29
3.45
0.54
10.18
23.99
9.38
3.27
5.31
1.56
1.37
9.96
2.85
1.85
3.98
1.96
0.43
0
0.04
0
0
0.02
0
0
0.05
0
0.45
0.67
0.18
0.01
0.53
0.11
0
0
2.13
0
0.63
9.02
8.35
4.1
0
0
0.04
0
0
0
0
5.43
0.13
0.02
0
0
0
1.26
0.01
0.63
0.4
0
1.01
0
0
0.02
0
0.31
0.06
0.1
2.56
0
11.36
3.92
2.39
16.64
8.27
1.98
0.34
0.15
0
2.21
0.18
0
3.98
0.23
0
0
3.1
0.02
0.01
0
0.05
0.66
0.77
0.18
0.04
0
0.09
0.48
0.06
0.16
0
0.32
0.89
2.5
8.93
6.1
0.09
0
0
0.13
0.85
20.26
3.05
0
0
0.02
7.6
5.45
0.73
10.03
0
0.09
0.03
0.14
0
0.4
0.33
3.3
8.09
12.47
3.48
0.95
0
0
0.03
16.22
0.48
0.22
0.48
0
0
0
0
0.05
0
0.02
0
0
0
0
0
0
0.01
0
0
0
0
0
0.82
0.03
0
4.8
3.77
0
0
2.49
0
0
2.55
0
0.01
3.13
0.03
0.12
0.05
0.13
0.22
5.13
10.13
0
0
0.01
0
1.1
0
0.18
5.67
0
0.68
0
0
0
6.75
0
0
0.8
1.84
0
6.62
7.55
0.55
1.13
0.28
0.39
0
0
1.06
0.59
0
0.45
0.61
4.25
0
0
0.03
0.59
0.01
0
0.06
0
4.99
11.78
6.93
0
0
3.22
0.16
0.21
0.08
0.07
0.02
0
0
0.02
0.38
5.34
7.49
2.16
0
1.15
0.01
0
0
0.02
0.11
0.07
0
0.02
2.27
0.11
0.74
1.26
0.58
16.04
0.17
0
0.67
0.19
0
0.03
0.78
9.4
19.7
20.3
3.56
0.09
0.05
3.29
23.2
0.39
0
1.29
2.76
0
0.2
4.47
4.94
0.35
0
0
0
1.73
0.02
0
0
1.16
3.05
15.83
1.09
0.38
0
0
0.08
4.91
9.88
4.8
0
0.32
0.02
0
1.17
0
0
0.02
0
0.17
4.43
6.52
21.03
17
19.37
3.22
3.67
5.63
9.96
6.41
0.03
0.01
0.71
0
0
0.95
0
0
0.58
0.19
0
0.01
0.17
0
0
0.49
0.3
1.45
4.44
0
1.48
17.32
3.75
3.61
5.56
7.37
0.13
8.05
1.13
2.34
0.4
0.09
2.52
0
0.05
0
1.59
0.02
0
4.73
0.05
0
0
0.09
0.09
1.16
0
0.01
0
0
0
0
0.25
0.01
0.01
0
0
2.55
0
0.53
0.5
0.13
1.49
9.33
2.03
1
0.18
0
0
0
0.01
0.02
0
1
0
0
0
0.75
0.97
0
0
0.02
0
0.83
0.07
0
0
12.02
7.17
8.48
3.04
9.84
34.97
5.53
5.41
2.78
12.94
26.3
13.13
13.29
4.56
0
0.8
0.48
0.02
0
0.75
0
0.31
1.56
0.45
1.07
0.07
6.9
9.95
8.29
2.07
2.56
0.53
1.38
3.97
6.45
4.33
7.47
2.02
0.74
7.95
4.07
4.2
1.38
0.03
0
0
0.01
1.02
0
0
0
1.27
0.01
0
0
1.53
0
0
0
1.12
0
3.21
1.03
14.14
18.13
8.16
2.8
4.32
38.51
21.14
2.8
0
0.04
0
0
0
0
0
0
0.21
0
0.77
0
0
3.63
0
0
0.16
0.1
0.05
0.07
2.52
0
0
0.04
0
0.23
12.82
21.61
5.66
0.74
0.9
3.27
0.83
0
0
0
0
0
0
0.5
0.02
0.02
0
0
0
0.01
0.16
0
0
0
0
0
0.02
0.7
3.87
0
0
0
0.01
0
0.05
0.01
0
5.48
7.8
0.6
0.23
0.02
0.33
0
17.7
5.82
0.24
0
0
0
0
0
0.04
0
0.44
0
0.05
0
0
0.01
0
0.01
0
0.02
0.08
0.08
0
0
0
0
0.01
0
0.14
0
0
0
0.03
0
0
0
0.02
0
0
0
0.03
6.86
1
0.91
0.56
6.26
11.91
0
26.28
16.55
1.31
0
0
0
0
0
0.33
0
0.17
0.45
0.43
0.23
0
0
2.18
4.7
0.71
0
2.01
2.83
4.91
1
0.23
0
0
0.44
0
6.17
0
0
0.66
0
0
0
0.02
0
12.14
2.35
0
0
0
0
0.29
1.54
6.65
0.76
0
0.48
0.25
0.02
0
0
0.43
1.75
0
0.9
3.53
0.59
0
0.87
0
0
0
0
0.54
0
0
0
0
0
1
0
0.01
0
0
0
0
0
0.01
0
0
1.64
0
0
0
0
0
0.27
0.11
0.77
0
1.4
0.23
0.42
6.04
7.46
8.75
3.3
2.5
0
0
0
0.01
0
0
0.47
0.48
0.2
0
1.38
0
0
0
0
0
0.59
0.23
0.21
0
0
2.05
4.79
1.09
0.59
0
0
0.53
0
0
0
0.14
0.27
1.45
1.22
0.83
1.16
1.64
0.58
0
0
0
0
6.44
5
14.67
11.2
0
0
1.85
0.09
0
0
0.1
0
0
0
0.3
0
0
0
0
2.91
3.27
0
1.15
0
0.45
0.26
0.36
0
0
0
0
0
0
0
0.52
0.89
3.3
1.7
1.62
2.82
0
0
0.8
0.36
1.27
5.31
0
0.2
0
0
0
1.64
0.6
0.03
0
0.67
0.05
0
0
0
1.03
2.98
8.35
0
0
0.26
0
0.13
0
1.6
1.57
9.12
4.46
3.62
9.49
2.69
5.62
5.74
0
14.6
1.59
0
1.65
9.46
7.31
3.18
0
0.26
0.12
0.41
0.02
0
1.34
0
0
0.71
0
0
0
0.28
2.55
1.18
10.23
4.03
10.95
0.28
2.88
1.29
3.9
2.04
0.73
0
0.31
0
0
20.84
5.26
0.34
0
0
8.64
0.35
1.7
5.62
3.99
2.78
1.02
0.93
1.98
14.58
1.02
0.01
0
0
0.01
0
0.04
0
0
0.01
0.05
0.04
0
0.03
0
0
0.02
0.02
0
0
0
0
0
0.01
0.02
0
0
0
0
0.01
0
0
0
0
0
0
0.01
0.02
0.02
0.14
0.47
0
0
1.13
0.2
0
0
0
0.03
0
0
0.1
0.01
0
0
0.09
0
0
0
0.21
0
0
0
0
0
0
3.21
1.91
9.62
0.31
0.05
0.02
0
0.03
0
0.3
0.57
0.41
0.68
0
0.01
0.02
0
0.01
0.72
8.33
6.53
9.92
3.18
0
0
0.16
2.13
0
0
0
0.04
0
5.05
4.21
18.18
0
0.11
0
0
1.52
0.02
1.22
1.7
3.92
3.48
9.27
4.79
4.02
0
0.03
0.68
5.3
0.23
0
0.02
0.01
0
0.52
0
0
0
0.18
0
0.3
4.36
2.53
1.21
2.61
6.84
8.32
2.23
5.77
0
0
0
0.05
0
0.05
0
0.01
0
0
0
0
0.05
1.13
0.07
0.34
0.05
0.03
0.04
0
0.06
0.02
0
0.03
0.01
0
0
0
0
0.78
0.94
15.77
19.26
6.57
0.37
0
0
0
0.01
0
0
0
0
2.59
10.62
0.8
0.04
0
0
0.02
0
0.01
0.02
0.49
0
0
0.46
0
0.11
0
0.02
0.05
0
0.08
0
0.03
0
0
0
0.01
0
0
0
0
3.35
0.69
0.89
2.8
3.2
4.29
15.61
17.7
0
0
0
0
0
0
0.02
0
0.26
3.09
1.54
3.07
1.15
1.74
9.55
0.94
0.01
0
0.01
1.45
0.73
0.14
0
1.01
2
0.51
1.73
0.49
0.23
0
0
0.55
0.2
0.01
0
0
0
0.93
0.12
2.72
0.49
1.34
0
0
0
0.1
4.35
0.93
7.14
1.1
0.6
0
2.3
17.07
4.39
6.77
3.29
5.85
10.81
2.43
6.66
1.25
4.73
5.86
8
2.17
2.96
0.07
0
0
0.02
0
0.05
1.7
1.8
0
0
0
0
0.01
0.4
0
0.03
0
0
0
0
0.25
0
0
0
0.02
0.01
0
0
0
0.02
0.53
0.05
12.66
4.35
0.5
2.41
16.09
0
0
0
0
0
0
0
0.04
0
0
0
0.35
0.06
0
0.01
0
0
0
0.99
0
0
0
0.8
0
0
4.18
7.62
1.21
0
0.06
0.59
0.01
0.02
0
15.27
13.89
4.57
0
1.6
0.21
0.76
0.35
4.42
2.98
1.01
0.06
0.6
0.4
0.86
0.3
0
0.38
0
3.64
0
0
0
0.01
0
0
0
0
0.1
0
0
0
0
0
0
0
0.01
0
0.04
0
0
0.01
0.01
0
0.45
1.12
3.41
0.23
0.18
0.17
0
0.01
0
0
0.01
0.01
0
0
0
0.01
0
0
0
0
2.33
4.3
0.11
0
0.02
0
0
0.01
0
0.48
0
0
0.12
0.01
0.03
0.01
0.03
0
1.52
0
1.72
0.09
4.55
0.77
0.01
2.84
0.63
0.71
0.32
0.02
0
0
0
0
0
0.21
0.99
0
0
0
1.19
4.02
1.01
0
5.63
0
3.18
9.64
0
0
0.15
0
1.31
0
0
0.02
0
0
0
0
0
0
0
0
0
0
0
1.41
0.06
0.02
0.48
0.32
0.29
0
0
0.02
0
0.93
0.59
0
0.45
0.01
0
0
0.28
0.35
0
0
0
1.68
0.23
0
0
0
0
0
0.33
1.32
0
4.34
1.41
0
1.55
6.04
7.48
21.93
14.99
11.56
2.46
3.13
2.91
2.07
1.71
0.91
6.9
20.02
8.59
13.21
4.3
11.46
32.67
15.88
11.55
12.37
7.18
0.63
0.38
2.18
0
0
0
0
0
0
0.23
0
0
0
0
0.05
0
0
3.41
3.24
0.97
0.65
0.38
7.23
0.18
0
0
0.05
0.33
8.65
1.47
5.02
0.78
0.02
0
0
0.44
0.36
0
0
0
0.04
3.71
1.69
0.58
0.44
0.3
4.55
0.6
0.5
0.66
0.49
0.13
0
0
0.02
0
0
0
0
0
0
0
0
0.02
0.35
0
0
0
2.04
6.87
29.67
3.88
5.7
7.1
0
9.19
17.76
6.18
6.35
5.54
0
0.01
0.03
0.04
0.68
0.23
0
11.98
8.32
1.48
6.93
2.22
0.23
0
0
1.62
1.23
0
0.12
0
0.57
0.05
1.81
0.84
2.23
1.72
0.55
0
0
0.45
0.73
13.63
4.41
8.01
2.05
0
0
0.02
1.95
1.71
2.89
1.02
0.09
0
0.33
2.33
0.02
4.46
0.28
0.01
1.42
0.95
0.6
1.35
16.21
9.88
0.51
0.05
1.52
0.27
2.22
0
0
0
1.23
12.53
4.64
8.32
10.26
0
2.92
0
1.2
0.52
1.57
4.82
14.43
0.72
0
0
0.02
0
1.5
6.62
11.63
8.66
0
0
0.01
0
0
0.16
4.32
7.19
0
0
0
0.09
0
0.03
0
0
0.02
0.42
0.17
0.37
0
0.01
0
0
0
0
0.02
0
0
0.4
0
0
0.9
0.19
0.29
0
11.74
1.68
0
0.32
2.81
10.36
1.21
0
4.57
1.04
1.52
0
0
0.19
1.25
0.08
0.04
0
0.01
1.16
5.28
7.28
10.44
5.66
1.13
3.86
0.18
0
0
0.02
0
0.01
0
0
0
0
0
0
0
0.18
0.03
0
0
4.75
0
6
1.82
0.05
0.2
1.42
1.9
9.95
37.38
6.2
0
0
0.01
0
2.24
1.7
9.94
0.23
0
0.13
0
2.2
0.05
1.51
0.26
3.61
6.18
1.4
15.5
20.36
1.16
0.68
7.73
12.89
8.34
0
0
0.59
0
20.55
1.04
0
0
1.27
2.62
0
0.05
0
0
0
2.95
6.3
5.52
2.75
11.16
0.59
0.11
0
0
0
1.44
10.51
6.27
4.54
1.68
0.46
0.64
1.4
1.7
0
0.03
0.04
0
0.02
0.02
0.02
1.76
8.15
0
0.85
3.55
15.13
12.66
4.93
1.14
3
19.86
0.94
1.09
0
0.08
2.39
10.7
2.39
0.34
14.32
28.45
0.34
0.64
0
0.06
1.03
12.55
10.91
11.28
20.95
16.44
6.76
0
0
1.8
4.13
0.64
0
1.77
0
0
0
2.05
6.84
3.03
5.93
8
4.71
0
0.56
1.02
0.15
0.2
0
0
0
0
0
0
0.03
4.18
6.42
0.05
0.13
1.21
1.86
0.02
0
0.38
3.48
0.76
0
2.24
1.52
4.97
8.34
19.39
21.8
15.89
12.66
3.74
0.59
0
0.02
0.54
0
2.02
5.62
7.17
0.31
0.94
2.73
9.72
4.87
4.29
4.44
8.03
4.91
8.57
8.24
7.02
6.92
7.6
8.74
4.49
1.06
2.27
0.45
0.33
0.01
0.84
0
0
0
0.01
0
0
4.27
1.1
2.15
3.21
2.32
0.22
4.85
8.75
9.7
2.89
0.67
0
0.01
0.01
0.05
0
0.09
2.39
12.33
6.67
6.15
3.74
2.64
1.52
4.43
0.02
0.32
2.43
0
0
0.68
0.17
0
0.17
0
0
0
0
0.01
0.02
0.02
0.02
0
0
0
0.48
2.89
0.2
0
0
0.01
0
0.53
0
2.09
0.51
2.38
0.27
0.23
0.01
0
0
0
0
0
0.11
0
0
0
0
5.54
1.23
12.04
5.9
0.54
1.67
0.09
3.04
0
0
0
0.05
2.51
0.44
0.08
2.71
45
8.46
2.61
2.54
5.24
0.41
1.59
0.64
0
0.02
0
0
0.66
0
0.59
0
0
0
0
0
0
0
0.02
0
0.02
0.02
0
0.07
6.29
0.09
0.07
0
0.53
0.08
0.01
0.02
0
0
0.01
0
0
0
0
0.27
0
0.21
0
0
0
0.05
0
0.08
0
0
0
0
0.15
5.45
9.55
4.34
0.09
0.04
0.01
0
0
0
0.01
0
0
0
0
0
0
0
0
0
0
0.08
4.3
4.71
0.79
0
0
0
0
0
0
0
0
0
0
0.03
0.05
2.7
0.14
0.07
0.59
0.19
0
0
0
0
0
0
0
0
1.43
4.33
2.58
4.41
0
0
0
1.66
0.41
0.57
0
2.1
0.75
0.75
0
6.27
2.56
0.67
24.94
17.75
15.28
10.05
3.11
3.45
0.72
1.5
0
0.11
8.04
13.36
0
0
0
0
0.52
17.19
9.09
14.35
15.33
16.59
9.32
0
4.17
10.38
21.16
0.39
10.19
0
4.57
0.91
3.74
8.35
1.76
0.7
0.04
0
0.16
6.42
3.98
0.66
0
0.68
0.43
0.18
0
1.04
0.08
0
16.93
0.86
1.02
0
0
0.06
0.59
0
0
0.01
3.07
1.13
0.11
0.27
8.16
1.54
13.59
0.04
0.55
0.79
0.1
1.45
1.79
1.61
0.45
0
2.73
0.57
0.82
0.07
0
0
0.77
1.38
1.86
3.83
4.27
3.18
0.75
0
6.25
3.95
1.5
4.35
2.07
1.05
0
0
0.06
0
4.46
0
0
0
0.03
0
0
0
0.14
3.16
0.63
10.18
3.92
1.56
1.71
1.02
0.88
0.18
0.27
0
0.26
0.14
0
0.21
0
0
0.01
0.01
0.01
0
0
0
0
0
0
0
0
0
0
0.4
2.04
0
0
0
0.2
0.91
0.1
0
0
0
0
0
0
0
0
0
0
0
0
0
0
0
0
0
0
0
0
0.38
4.9
6.14
0.93
3.55
0.85
0.41
0
0
0.01
0
0
0.02
0
0.01
0
0.02
0.28
3.09
6.96
6.2
4.26
3.37
1.09
0
0
0
0
0.66
9.95
2.13
0.7
0.3
0.21
3.04
9.97
1.2
0.35
0.36
0.41
1.71
2.15
3.36
0
0.02
0.01
0
2.45
2.36
0
0.6
0.31
0
0.49
0
0
0
0.01
0
0.02
0.27
0
0.09
0.03
0
2.25
2.46
0
0
1.81
1.63
4.39
12.84
15.33
12.21
0
0
0.01
0
1.98
0.69
0
0.01
0.1
0.02
0
0.17
0.02
0
0.29
0
0
0.03
0
0.04
0.01
0
0
2.4
2.18
5.59
0
0.86
0
0
0.7
0.15
0.01
0
0
0
0.01
0
0
0
0
0
0
0
0
0
0
0
0
0.01
0
0
0
0
2.61
1.66
0.4
0
0.84
2.87
4.04
0.99
0.32
0.41
0
0
0
0.02
0.12
0.08
0.38
2.8
0.5
16.11
1.91
0.05
0
0
0
0
0.06
0.01
0
0
0
0
0
0
0
0
0
0
0.18
6.8
4.45
3.37
1.41
0.05
0
0
0
0.65
0.15
0
0
0
0
0
0.14
35.67
5.09
0.2
0
0
0
0
0
0.99
6.38
18.82
11.59
3.53
0.89
0
3.07
0.08
0
7.57
4.07
0.07
0.02
0
0
0
0
12.57
12.51
5.05
0
0
0
0
0
0
0
0.09
0
1.19
0.1
0.3
4.93
2.86
0.08
0
0
0
0
0
0
0
0
3.27
2.35
8.33
2.84
0.99
0
4.58
8.49
4.37
3.2
2.66
16.26
21.25
11.32
6.79
2.05
18.83
15.5
2.5
45.37
0.87
0
0
0.72
1.25
1.02
0.02
0
0.14
0
1.34
0
0
0
0.02
0.01
0
0
1.38
1.39
0.01
0
0.22
2.18
4.89
7.22
15.17
4.61
1.58
1.4
0
7.2
4.13
2.16
14.11
2.53
2.79
1.3
0
1.1
0
0.64
0.13
1.75
3.66
0.82
7.1
5
0
10.42
11.73
0.76
0.01
0
0
0
0.08
0.04
0
0
0
0
0
0
0
0
0
0
0
0.02
4.34
0.32
0
0
0
0
0
0
0
0
0
0
0
0
0
0
1.16
7.74
5.42
5.17
16.54
0.64
0.66
5.82
6.57
4.16
3.8
0.77
7.68
11.24
3.54
0.95
1.18
0
0
0.21
0
0.01
0.01
0.2
1.37
1.42
0.95
0.17
0
1.94
1.57
0
0
0.39
0.09
0
0
0
0
0.57
0
0
0
0
0
0
0
0.04
0.14
4.74
3.43
0.22
11.63
9.73
4.07
0.07
0.42
0.4
0.39
2.33
7.57
5.89
4.18
4.63
1.48
3.66
6.05
4.67
0.93
0.71
0.02
0
0
0.01
0
0
0.35
1.22
0.57
0.59
0
0.63
0.02
0
1.86
0
0.94
0.05
0
0
4.38
5.83
7.75
6.27
0.58
2.88
19.05
1.76
0
0.91
1.19
5.09
1.96
0.16
0
0.08
0.02
0.06
0
3.66
13.21
3.47
0
0.05
0.09
0.18
0.21
0
0
0
0.14
0
3.59
3.74
11.64
0.91
2.2
0.62
0.02
0
0
0
0
0
0.04
0.13
0.03
0.05
0.02
0
0
0
0
0
0.01
0
0.13
0
0
0
0
0
0
0.02
0
0.04
0.04
0.02
0.02
0.02
0
0.11
0
0
0
0
0
0
0
0
0
0
0
0.05
0
0
0
0
0
0
0
0
0
0.2
0.05
0
0.04
0
0
0.03
0.07
0
0
0
0
0
0.02
0
0.03
0
0.05
0.02
0
0.02
1.41
0.14
0
5.08
2.09
1.52
0.02
0.38
0
7.25
15.48
6.98
0
0.64
0
0.01
0
0.05
0.29
0
0.52
0.03
0.01
0
0
1.39
0
1.19
8.2
5.48
6.13
0
0.21
1.13
0.16
0.19
0.75
0.23
0.01
0
0
8.24
4.35
0.13
0
0
0
0
0
4.93
6.41
2.87
7.91
0.47
0.65
1.66
1.34
1.18
0
0.14
0.32
0.38
0
0.4
1.02
0.57
3.45
1.94
0.7
0
0
0
0
0
0
0
0.02
0
0.05
0.03
0
0
0.04
0.08
0.13
0.01
0.11
0.26
0.23
1.98
0
0.03
0
0
0.07
0
0
0.01
0
0
0.03
0.04
0
9.95
17.28
20.59
16.45
4.09
8.75
14.28
1.17
3.37
6.84
10.23
0.69
3.67
5.55
8.13
1.08
2.55
2.86
0.93
0
3.14
6.53
1.96
1.12
1.45
0
0.52
0.73
0.38
0.04
0.23
0
0.12
0
0.04
0.8
2.71
1.73
2.04
1.95
2.25
8.16
0
6.48
12.35
13.1
4.6
0.57
1.41
9.29
20.23
6.64
1.79
4
4.55
0.72
0.14
0.2
1.66
0.26
0
0.58
0.47
1.05
0
0.18
1.53
0.05
0.03
0.01
0.73
2.56
1.57
7.12
3.92
3.59
0.59
0.78
0
7.93
0
0
0
0
0
0
0
0
0
0
0
0
0.38
0
0
0.02
0
2.29
6.09
0
0
0
20.7
21.98
13.17
4.7
8.11
6.4
0
0
0.41
10.72
7.86
0
0.01
0.03
0
0
0
0
0.27
0.02
0.28
0.5
0
0
0.96
0
0.03
4.14
1.75
0.15
0
0.02
0
0
0
0
0
0
0
0
0
0
0.01
0.57
0.73
0.04
0.96
0.47
0.04
0.84
0.34
1.16
2.6
0.28
0
2.07
7.25
9.79
0.82
1
0.19
0
0
0.01
0.03
1.51
0.02
0
0.01
0.01
0.02
0
0.02
0.25
0.38
0.14
1.09
1.13
0.11
6.59
15.02
1.58
18.67
0.63
0.02
0.04
0.02
0.01
0.7
0.15
0.08
0
0
0
0
0
0.02
0
0
0.02
0.03
0.03
0.02
0.05
1.22
0.05
0.59
3.46
11.25
16.3
1.86
3.19
4.16
8.25
2.2
2.88
0.86
0.13
0.06
0
0
0
0.04
0
0
0
0.13
2.44
0.16
0.02
0
0
0
0.02
0.02
0
0
0
0
0.04
0.01
0
0.23
0.5
0.03
0.02
0
0.94
8.09
5.2
4.16
0.05
0
0.21
0.16
0
0
1.47
1.64
3.05
3.9
8.97
0
4.9
0
0.48
0
0.31
4.71
0.36
0
0
0
0
0
0
0
0.05
0
0
0.07
0
0
0
0
0.01
0.01
0
0
0
0.02
0
0
0
0
0
0
0.01
0
0
0
0.08
0.85
0
0
20.52
10.5
6.66
16.5
2.62
15.94
11.42
3.92
1.99
3.7
5.9
1.32
3.66
18.09
31.14
7.09
9.92
1.12
0.99
0.93
2.76
0.81
0
0.89
0.72
1.24
8.74
5.7
1.25
1.5
5.36
0.65
3.64
8.5
4.71
5.61
0.84
5.19
3.46
1.1
2.75
6.59
6.35
0.55
0
8.7
1.7
0.63
5.88
2.62
0.45
0
0
0
0
0.1
0.15
0
0.02
0.37
0.19
0
0.12
0.12
0
0
0
0
0.01
0
0
0
0
0.58
0.71
1.48
0.72
0
0.01
0
0
0.07
0.03
0
0
0
0
0
0
0
0
0
0
0
0.02
0
0
0
0
0
0
0
0
0
0
0
6.1
18.56
7.13
11.82
4.61
10.88
0.12
0
0.62
4.13
21.86
22.91
3.74
3.27
3.59
2.34
0
0
0.19
0
0.48
0.17
2.11
1.55
0.35
2.14
5.45
6.11
2.76
1.36
2.41
0
0
0
0
4.81
3.25
2.13
0
0
2.97
0
0
0
4.3
8.79
0.6
6.92
1.75
2.99
3.96
3.41
1.18
2.14
2.86
1.38
0.33
0.11
0.1
0.11
0.04
0
1.73
17.63
10.59
11.48
4.76
0
0
0
0
0
0
0
0
0.01
0
0
0.05
0.06
0
0
0
0
0
0
0.02
0
0.02
0.08
0
0
0.15
0.51
0
0.02
0.91
15.44
2.53
1.96
0.2
0
0.02
0.03
0.05
0
2.05
0.71
5.93
3.29
1.28
0
3.66
0.66
0
0
0
0
0
0.02
0
0
0
0
0
0
3.7
9.05
0
26.68
3.71
0
0
26.97
2.3
0.3
0
0
0
0
0
0.01
0
0.74
0.19
0.17
0.02
0
0
0
0.5
0
0.02
0.09
0.63
0
0
1.25
0.66
0
0.29
0.52
3.44
3.08
0
0.04
0
0.21
0
0
0.04
0
0.03
0.25
1.47
0.17
0
0
0
0.05
5.74
2.26
0.09
0
0.03
0
0.02
0
0
0.01
0.03
0.01
0
0
0
0.01
0.02
0.05
0.56
0
0.01
0.05
0
0
0.16
0.52
0
0
0
0.1
0.16
0.08
0.02
0.81
0.21
0.02
0.01
0
0
0
0.33
0
0.01
0
0.02
0
0.93
3.38
5.65
5.09
0.73
0.55
0
0
0
0.02
0
0
0.12
0.32
0.33
3.41
2.11
3.97
1.35
0
0
0.01
0
0
0.01
0
0
0
0
0
0
0
0
0
0
0
0.02
0
0.72
11.81
38.18
0
0.02
0
0.01
0.03
0.11
0
0
0
0
0
0.01
0
0
0
0
0
0
0
0
0.01
0.04
2.11
1.25
0
0.51
0
0
0
0
0.1
0.02
0.02
0.06
1.61
0.31
0
0
1.34
0.15
1.52
5.41
0
0.59
2.55
2.23
2.5
3.78
2.34
0.64
0
6.76
0.53
0.98
0
0.01
4.28
1.59
0
0
0.22
0
0
3.92
2.44
1.08
0.69
0.06
0.34
0.45
0.13
1.16
0.71
5.27
0.92
0.43
0.98
0
0
0.01
0.06
2.46
10.67
3.94
7.3
9.49
0.13
0.19
0
0
0
0
0
0.04
0
0
0
0
0
0
0
0
0
0
1.48
0.83
1.95
11.9
10.18
3.39
3.36
5.97
2.05
1.81
19.51
21.82
2.48
1.67
10.38
0.02
0
0.05
0.55
1.05
7.02
15.28
13.85
4.94
9.91
3.55
1.17
2.52
0
0
0.79
0.01
0
0
0
0
0
0
0
0
0
0.08
9.25
2.07
0.26
2.79
1.72
0.13
0
0.39
0
0
0
0
0.19
0
0
0
0.01
0
0
0
0
0
0
0.01
0
0
0
0
0
0.03
1.87
0.48
0.09
0
0.79
0
0.01
0
0.01
0
0
0
0
0
0
0
14.66
16.7
0.3
0.04
0
0
0
0
0.48
7.16
0
0
1.82
0
0
3.7
1.97
0.22
0.01
0
1.36
1.13
0
0
0
0
0.07
0.06
0
0.02
0
0
0
0
0.04
0
0
0.01
0
0
0.02
0
0
0.59
3.81
0.63
0
0
0
0
0.03
0
0
0
0
0
0
0
0
0
0
0.04
0.13
0
0.02
0
0
0
0
0
0
3.05
5.08
0
0
0
0
0
0
0
0
0.01
0
0
0.04
0.04
0
0
0
0.02
0
0
5.42
0.53
0.47
0.53
0
0.01
0.02
0
0.02
0
0
0
0.01
0
1.59
0
0
0
0.01
0
0
0
0
0
0
0
0
0
0.01
0
0
0.03
0
0
0.01
0
0
0
30.07
20.46
12.29
6.67
4.39
14.78
0
0.14
0.05
0.11
14.3
3.06
5.88
6.6
23.25
11.58
3.62
0
0
0.02
0
0.21
0.84
2.68
4.51
11.13
0.7
1.86
0.05
0
5.51
13.45
0.88
3.69
13.7
3.21
0
0
0
0
6.83
22.83
32.03
4.82
1.93
2.16
0.13
1.92
1.39
3.05
1.03
2.85
1.38
9.79
5.21
10.17
3.78
7.57
3.13
0
0.27
0
0.73
1.4
0.97
1.64
3.02
0.05
1.55
3.41
1.46
0
0
0.6
11.69
5.48
0.16
0.09
0
0.47
0
0.1
7.57
0
0.07
0.23
0.07
0.51
0
0.24
0.3
0
2.84
17.5
5.81
0.14
0
0.01
0.01
0.06
0.08
0.74
0
0
0
0.16
4.05
0.45
0.24
4.56
6.34
2.48
5.88
6.21
5.84
5.94
15.57
15.97
18.26
7.15
5.93
2.67
0.83
3.7
0.78
0.06
0.94
4.02
2.3
0.1
0.95
1.3
0.44
0.02
0
0
0
0
0.52
7.29
3.48
16.53
3.89
3.42
12.98
6.56
0
2.35
4.51
13.08
8.5
3.45
0.07
0
0
2.68
17.22
2.01
0
0
0
0.04
0
0.02
0
0
0
0.01
0
0
0
0.01
0
0
0.01
0.03
0
0
0
0
0.02
0
0.01
0
0
0
0.01
0.28
5.43
9.63
1.53
0.8
1.54
1.02
0.73
2.22
6.07
4.64
4.01
6.96
4.4
1.86
8.55
11.88
4.8
0.34
0
0.73
0
0
0
1.36
0
0.96
0
2.2
0.05
0.62
0
0.41
1.55
2.77
0
0
0
0.04
0.09
0
2.75
8.41
6.61
0.58
0
1.08
3.54
1.22
8.23
0
0
0
0
0
0
1.94
0.71
0.77
0
3.82
1.91
1.22
2.6
5.26
5.98
11.85
0.84
0
1.08
10.08
4.43
1.23
0.96
0.74
5.96
4.47
0.17
0.03
0
0.01
0
0
0
0.3
0.02
0
0
0
0
0
0
0
0
5.09
0.64
0
0.01
0
0
0
0
0
0.02
0
0.07
0
0.01
0.02
0
0.01
0
0
0
0
0
0
0
0.48
0.23
0
0
0
0
0
0.19
0.01
0
0
0
0
0
0
0
0
0
0.09
0.02
0.05
0.07
0
0
0.05
0.04
0.47
0
0
0
0
0.11
0
0.8
0
0.05
0
0
0
0
0
0
0
0
0
0.19
0
0
0.18
0.16
1.1
2.62
0.03
0.04
0
0
0
0
0
0.03
0
0
1.69
12.36
14.68
3.36
2.87
1.42
3.71
14.88
4.92
0.26
0
12.41
7.3
1.17
0
0.02
0
20.92
8.73
2.28
0
1.99
5.87
1.59
3.82
0.39
0.04
0.13
11.73
7.82
0.51
0
0.14
0
0.05
0
0
2.81
0
5.13
22.01
19.07
12.78
16.4
4.89
1.32
0
0
0
0
0
0.02
0.52
0
0.23
0
0.11
0.1
0.17
0
0
0
0.01
0.23
0
0.6
3.45
1.37
0.13
0
0.06
0
0
0
0
0
0
0.7
0
0.04
0
0
0
0
0
0
0
0.01
0.02
0
0
0
0
0
0.09
0
0.01
0
0
0.35
0.01
0.27
0.68
0
0.48
13.79
8.91
3.78
0.32
0
0
0.84
0
0
0
4.24
3.68
7.09
0.84
1.23
0.04
0.59
0.62
0.01
0
0.34
0
0
0
0
0
0
0
0.59
0.41
0
0
0.09
0.01
0.01
5.04
4.33
9.19
12.71
14.98
3.18
0
0
0
0
0
0.89
2.33
0.1
0.45
0
0
0
0.04
0
3.31
0.63
0
16.86
9.01
0.22
0
0
0
0
0
0
0
0
0
0
0
0
0.01
0
0
0
2.7
7.78
2.35
0
0.1
0.01
0
0
0
0
0
7.25
13.16
4.06
2.63
1.41
3.52
1.58
1.5
4.15
4.78
3.82
1.07
1.49
0.18
0.88
0
0.02
0.01
0
0
0
2.98
0
0.11
3.12
0.94
0.05
0
5.43
0.64
0.41
4.82
5.72
2.33
3.3
0
4.56
1.31
0.71
4.06
2.7
1.53
0
0
0.01
0
0
0
0
0
0
0
0
0
0
0
0
0.39
3.14
6.25
6.94
0.55
0
0.72
0
0
0
0
0
3.19
0
0
0.08
0.19
0
0
0
0
0
0
0
0.05
0
0
0
0
0
0
0
0
0
0.01
0
0.15
0
1.56
0.3
1.26
0.09
0
0
0
0
0
0
0.02
0
0.01
0
0.03
0.18
0
0
0.04
0
0
0
0
0
1.09
0.04
0.38
0.06
1.28
0.79
0.01
0
0.25
0
0
0
0
0
0
0
0.01
0.73
0
0.01
0
0.54
0
0.44
0
0.14
0.01
0.09
0.87
7.21
0.84
0
0
0
0.03
0
0
0
0
0
0.01
0.01
0
0
0.09
0
0
0
1.03
0
0.01
0.01
0
0
0
0
0
0.2
0.02
0.02
0.01
0
0
0
0
0
0.07
0.12
0
0.18
2.04
1.96
0
0
0
0
0.01
0.59
5.73
1.13
6.21
0.18
0
0.75
0
0
0
0.01
0
0
4.48
3.83
5.59
0
0
13.31
11.82
1.21
0.55
0
0
0.25
8.57
26.82
21.67
26.38
9.39
0
0.7
1.22
0.73
0
2.7
6.78
10.72
3.05
0
0
0
0
0
0
0
0
0
0.15
0.29
0
0
0
0
0
0.04
0
0
0
0
0.25
0
0
0
0.16
0.09
0.16
0.17
0.05
0
0.44
0.1
0
0
0.01
0
0
0
0
0
0
0
0
0
0
0
0
0
0
0
0
0
0
0
0
0
0
0
0
0.02
2.48
0.26
0
0.03
0.02
0
0
0
10.7
3.21
6.16
13.15
2.59
0.54
3.93
5.48
11.98
8.22
4.42
0.76
1.41
2.14
2.83
5.75
10.69
3.82
0.08
5.84
9.02
2.53
1.28
0.1
4.26
10.23
1.13
0
0
0.09
0
0.12
6.64
0
0.06
0
0
0
0.08
0
0
0
0
7.74
3.17
0
0
0
0.27
20.18
3.48
0
4.66
11.96
3.86
1.02
0
0
0
0.79
4.91
0.63
0.08
0
0.85
1.62
1.3
6.28
18.64
0.5
0.78
0.09
0.05
0
0
4.28
11.36
21.94
0
0
0
0.1
0
4.84
2.71
0.52
0.02
0.71
0.98
6.88
6.5
0.37
1.9
3.84
1.07
0
0.03
0
0
0.02
0.01
0
0.67
0.04
10.78
1.45
0
0
0.28
4.47
3.29
3.08
4.1
2.41
0.34
0
0.01
0
1.7
0.58
0.73
0
0.02
0
0
0
0.97
0.12
0
0.4
3.4
1.49
0
1.63
2.93
1.66
0.04
0
0
0
0.09
0
0
0
0.01
0
0
0
0
0.01
0.01
0
0
0
0
6.34
0.59
0.06
1.59
0
0
0
0
0
0
0
0
0
0.02
0
0
0.01
0
0.02
0
0
0
0
0.02
0
0.07
3.04
5.67
0
0
0
0
0.05
0
0
0
0
0
0.43
0.01
0
0.06
1.12
0.9
0
0
0
0
0.01
4.11
4.92
7.36
3.22
0.13
1.71
1.45
0
0
0.4
0
0.01
0
0
0
0
0.04
2.88
4.02
2.96
3.94
6.2
1.33
0.02
0
0
0
0
0
0
0
0
0
0.94
0.02
0.02
0
0
0
0.01
0
0.02
0
0
0
0
0
0
0
0.04
0
0
0
0
0
0
0.03
0.02
0
0.3
0.04
0
0
0
2.79
14.32
7.46
7.91
1.38
1.21
12.1
2.56
6.7
7.18
0.6
0.75
0.12
0
0.68
0.76
5.42
1.99
0
0
0
0
0
0.17
0.08
0.02
0
0.06
7.47
5.62
2.79
0.77
1.86
8.22
0.64
0
0
2.5
4.82
0
0.27
0.28
0
0
7.28
1.92
5.9
8.6
10.59
2.5
0.42
0.75
0
0.23
0.06
0.27
0
0.34
0
0
0
0
0
0
0.29
0.01
0.17
0
2.11
0.94
0.05
2.8
3.07
7.02
5.61
9.7
4.82
12.73
0.89
0.34
0.6
0
0.08
0
0.03
0.02
0
0
0.01
0.38
0
5.92
1.64
0.03
0
2.5
1.91
0.2
0
0.01
0.01
0
0.15
0
0
0
1.67
0.01
1.77
0.25
9.68
21.07
7.43
4.88
19.5
15.55
4.98
0.08
0.59
0
3.95
18.88
1.66
7.75
3.05
2.72
2.44
0.64
3.49
1.09
2.83
0.45
0.42
12.68
23.42
8.25
1.27
12.68
9.33
2.24
0.23
0.01
6.71
2.69
0.04
2.05
0
0.07
0
0
0
0
0
1.33
8.28
7.1
0.91
0.42
1.72
4.27
1.39
0.08
0
0
0
0
0
0
0
0
0
0
0.02
0
0
0
2.08
22.95
4.4
22.36
14.41
1.19
0
6.51
8.09
8.39
4.38
1.63
2.47
0.57
6.2
0.59
0.63
0
0
0.04
0
0.14
0
0.29
0
0.09
0
0
2.57
3.03
3.75
4.32
0.55
17.17
12.04
1.74
0.84
0
0.01
0
0
0
0.01
0
0
8.05
6.88
8.66
4.55
10.1
6.16
6.51
0.64
0
0.18
1.64
0.08
0.67
0.03
2.32
5.58
0.18
0
0.02
0.03
0
0
0
0.18
0
0
0.15
2.04
0.58
0
0
0
0
0
0
0
0
0.01
0
0
0.01
0.04
0.01
0.04
1.21
0
0
0.03
0
0.66
0
0.02
0
0
0.34
0
0
0.01
0
0
0.41
0.05
0.07
0.09
0
0
0.01
0
0
0
0
0
0
0
0
0
0.03
0.01
0
0
0
0
0.13
0.1
9.94
18.08
2.83
2.72
0
2.24
0
0.02
0.88
1
0
0.7
11.83
7.62
2.54
7.09
0
0.66
7.6
0.94
0.01
0
0.01
0
0.01
0
0
0.16
0
10.38
2.32
0.29
0
0.32
2.15
3.05
0.18
0.09
0
0
0.05
0.13
2.68
6.22
0.68
0.77
0.46
6.29
13.5
5.84
3.48
0.11
0.81
0
0
0
0
2.07
0
0.05
0
0
0
0
0.25
0
0.16
0
3.79
0.84
0.01
0.32
25.25
8.92
0.13
1.1
0.16
0.68
0
0.73
0.45
0.95
4.38
14.26
7.13
9.88
3.89
0.31
0.02
0.2
0
0
0
0
0
0
0.01
0
0
0
0
0.01
0.02
0.01
0
0.65
0.2
0
2.78
0.72
0.09
0
0.72
0
0.93
0.7
8.47
3.09
2.77
3.25
4.95
5.49
10.23
1.33
6.39
12.46
16
9.51
1.64
8.81
13.32
13.95
20.5
12.37
3.08
3.62
3.66
2.63
0.26
1.58
0.11
0.4
5.7
1.25
0.15
0
0.44
14.77
8.97
3.62
0.36
0.76
0
1.04
0.35
0
0
2.37
1.29
2.9
1.64
0.02
0
0
0
0.1
1.09
0.01
0.06
0.03
0.19
0
0
0.01
0
0
0.01
0.14
0
0
0
0
0
0
0
0
0
0
0.14
0.17
0.61
1.06
0
0.03
2.19
4.38
1.04
0.46
0.01
0
0
0.08
0.11
4.34
1.79
0.04
2.61
1.15
0
0
0
0.91
0.37
0.77
0.05
0
0.02
0
0
2.81
0.57
0
0
0.47
3.71
0
0
0
0
0
0.01
0.01
0
0
0
0.19
0.32
0.03
0.01
0
0
0
0.01
0
0.01
0.1
0.57
1.55
3.97
0.66
4.77
3.71
2.36
2.5
1.23
0.3
1.93
4.95
3.64
0.02
0
0
0
0.01
0
0
0.04
0
0
0
0.04
0.01
0
0
0
0
0.01
0.04
3.14
3.24
11.18
6.45
0.32
0.46
1.96
0.9
0
0.06
0
0.1
0.28
0.8
0.02
0
0
5.57
1.7
0
0.68
0.95
0.11
0.01
0
0
0
0.02
0
0
0
0
0
0
0
0
0.04
0
0.17
0.84
0
0
0
0
0
0
0
0
0
0
0
0
0.01
0
0
28.63
3.35
2.77
5.2
0
0.01
0.02
0.01
0
0
0
0
0
0
0
0
0
0
0
0
0
0
0
0
0
0.07
0
0
0
0.69
0
0
0
0
0
0.02
0
0
0
0
0
0.02
0
0.05
0
0
0
0
0
0.01
0
0
0
0
0
0.03
0
0.74
0.13
0
0
0
0.01
0
0
0
0
0
0.01
2.43
9.38
3.34
1.78
0.57
0.07
0
0
0
0
0
0
0
0
0.02
0
0
0
0
0
0
0
0
0
0
0
0
0
0.9
0.66
0.21
10.38
2.17
0.03
0.01
0.07
8.03
3.03
1.47
0.11
0
0.29
7.51
1.29
13.04
0.25
0
0
4.13
0.85
0
0.16
2.38
2.63
0
0
0
0
0
0.02
0
0.02
5.39
14.9
3.23
0.5
0
0
0
0
0
0
0.02
0.02
0.01
0.04
0.07
0.04
0.21
0.86
1.12
0.43
2.5
0.66
0.97
0.9
0
0.02
0.05
0
0
0
0.03
0
0.28
0
2.64
1.82
0.4
0.11
0
0
10.88
6.52
11.25
8.03
0.98
7.58
7.69
2.5
1.74
0.27
0.53
0.18
2.84
2.86
0.15
0.62
0.34
0.01
0
0
0
0
0.46
9.96
4.45
0.25
0.14
0.01
0.33
1.88
0.72
0
0
0
0
0
0.02
0.02
0.01
0.01
0
0
0
0
0
0
0
0
0
0.13
8.11
2.88
0.16
0
0.39
0.4
2.85
0.11
2.73
4.46
9.44
16.62
3.77
0
0
0
0
0.09
0
0.04
0
0.5
1.28
0.69
4.33
8.59
4.23
5.34
2.84
14.85
5.64
2.94
5.08
0.4
0
2.23
7.28
0.73
0
0.06
0
2.21
0
0
6.57
16.41
9.97
2.21
0.84
0
0
3.13
2.84
8.49
4.67
0.49
0
0
0.64
5.58
8.12
1.94
0.02
0.94
18.08
19.87
1.14
3.02
10.64
14.09
6.98
19
4.18
2.57
3.21
9.21
3.48
13.92
6.01
1.91
0
0
0.63
0.33
0.35
1.2
10.05
9.24
12.03
3.42
1.52
0.86
5.66
4.26
6.52
0.26
0
11.1
5.67
0.04
5.94
1.09
0.11
0
0.03
0
0.75
0
9.28
1.99
0
0
0.01
0.01
0.41
2.05
6.59
3.05
2.95
0.62
0.18
0
0
0.01
0
0
16.82
0.89
1.16
0.25
0
0
0
0
0
0.05
0
0.08
0
0
0.06
0
0.04
0
0.06
0
0
0
0
0
0
0
0.19
0.02
1.3
0.05
0.35
0
0
0.01
0
0
0
0.01
0
0
0
0
0.05
2.34
0.77
0.07
0
0.49
1.71
0.07
0
0
0
0.02
0.09
0.03
0.11
2.13
17.34
3.96
0
0
0
5.25
0.99
0.03
0.03
0.06
0.01
0
4.04
0.82
0
21.55
0.57
0
0.01
0.98
0.02
0
0
0
0
0
0
0
0
0
27.59
5.88
0.09
0.29
1.3
1.17
0.47
0
0
0
0
0
0
0.69
0.05
0
0
0
1.05
0.21
0
0.05
0
0
0
0
0
0
2.94
5.23
1.87
0.58
0.23
0.34
0
0
0.19
0.15
0.01
0
0
0.01
0
0.01
0
0.07
0
0.04
0.01
0
0.01
1.94
1.28
1.18
0
4.42
0.29
0.22
0
0.26
0.03
0.01
0
0.01
0.01
0.19
0
0
0
1.22
0.47
0.01
0
0
0
0.53
5.16
2.84
5.56
1.68
1.17
1.38
10.62
6.75
1.44
6.43
1.43
0.19
0
0.25
0
0.05
7.19
12.06
0.86
1.87
0.95
3.06
7.08
7.11
6.45
6.77
0
0.47
5.55
1.29
0
0
0
0
0
0.05
0
0
0.23
7.63
13.3
24.57
18.81
11.96
8.85
9.33
4.91
2.11
3.21
2.23
8.3
0.31
0.06
0.15
0.13
1.58
2.62
1.26
0
0.63
0.11
0.19
0.01
0
0
1.07
0.2
0.27
0.32
4.96
1.42
3.72
8.38
2.91
2.84
2.89
1.18
0.06
0.09
0
1.69
0.1
4.79
4.78
0.97
0.08
0.03
2.69
1.92
0
0
0
0
0
0.09
0
0
0
0
0.48
0.03
0.02
0
0
0
0
0
0.25
1.68
0.46
0.38
0.09
0.01
0
0.01
0
0.01
0
0.11
0.03
0.24
0.27
0.13
0.67
0.02
0.43
0.13
0
0.27
2.98
9.17
4.03
1.27
0.05
0.05
1.83
1.22
0.18
0.01
0
0
0.97
2.59
0.18
0.55
1.16
0.22
0.98
2.74
2.11
0
0
0.05
0
0
0
0.01
0.02
0
0.16
0
0.02
0
1.78
0.25
0.03
0.02
0
0.23
0.01
0
0.02
0.31
12.36
20.08
4.73
0
0.3
0.21
1.66
0.24
7.43
1.64
0.02
0
0
0
0.05
0
0.02
0
0
0.05
0
0
0.04
0.02
0.04
0.06
0.02
0
0.02
0.01
0
0
0.05
0.02
0.05
0
0
0
0.01
0
0
0.64
0.17
0.21
3.84
3.89
2.77
0.01
3.4
0
0
0.45
0
0
0.91
0
0
0
0.31
2.8
0
0
0.07
0.01
0
0
0
0.01
0
0
0
0
0
0
0.01
0
0.98
0
0
0
0.36
1.52
12.66
10.13
9.9
14.52
4.09
1.83
2.05
0.76
0
0.09
0.43
0
0
0
0.01
0.3
0.43
5.88
32.57
27.03
5.3
0.18
3.05
6.8
4.72
0
0.6
2.51
12.21
6.98
2.52
0.63
3.83
2.58
1.41
0.9
0.19
4.23
1.92
11.63
6.17
0.27
0.14
0.22
2.16
1.86
7.64
5.59
0.51
0
0
0
4.97
6.13
6.11
0
0.23
0.31
3.53
1.78
10.44
26.32
12.78
3.72
4.23
2.31
0
0.05
0
0
0.03
0
0.06
0.1
0.1
0
0
1.78
1.07
0.6
0.39
0.11
0
0.04
0.02
0.18
9.14
19.96
4.47
0.91
4.69
1.96
0.12
0.23
0
9.68
8.59
1.28
0
0
0
0
0.01
0
0
0
0
0
0
0
0
0.02
0.02
9.41
12.46
7.82
1.42
0
0
0
0
0
0.21
0
0
0.02
0.24
0
0.09
0.29
0.16
0.11
7.34
3.17
0.14
17.46
8.65
2.27
0.25
1.71
3.39
0.24
0.05
0.48
0.12
0
0
0
0
0
0
0.58
0.02
0
0
0
0
0
0
0
0.05
0
0
0
0.87
0.73
0
0
0
0
0.04
0
0.03
0
0
0
0
0
0.01
0
0
0
0
0
0
0
0
0
0
0
0
0
0
0
0
0.14
0
0
0
0
0.68
1.48
2.91
1.23
0.27
1.15
4.6
0.65
0.02
0
0
0
0
0
0
0
0.09
8.62
2.95
0.28
0.03
0
0
0
0.24
0
0
0
0
0
0.76
5.22
1.79
0.34
0.23
0
5.15
3.84
0.11
0.25
3.75
2.77
1.56
0.2
3.25
0.52
0
0
0
0.03
0
0
0.2
0.21
0.13
4.43
3.86
14.55
14.64
8.66
3.17
0
0
0.02
0
0
0.05
0.14
0
0.02
0
0.14
1.07
8.53
6.38
2.35
6.62
1.95
1.81
0.1
4.51
0.91
2.24
2.82
0.16
1.11
11.18
8.38
0
0
0.01
0.08
0
0.11
0
0.01
0.12
0.35
0
0
0
0.08
0
0
0
0
0
1.21
1.16
0
0.02
0.02
0.09
2.48
0.38
0.6
1.32
0
0.01
0
0
0
0.15
0
0
0
0
0
0.32
1.33
0
0
0.79
0.97
0.01
0
0.01
0
0
0.01
0
0
0.74
0.81
0
0
0
0
1.18
2.17
0
0
0.09
1.6
0
0.46
0.01
0.21
0.17
0.1
0
0
0
0
0
0.01
0.04
0.37
0.34
3.43
0.76
0
0.06
0
0
0
0
0
0
0
0
0.07
0
0
0
0
0
0
0
0
0.03
0
0.43
0.13
0.13
0.02
0.01
0
0.02
0
0.04
0
0.88
0.93
2.56
0.57
3.32
3.33
3.72
1.3
1.3
4.4
4.3
0.26
0
0.01
0
0
0
0.16
0
0.15
3.38
3.7
3.12
6.24
7.21
4.09
20.06
8.81
2.41
0
0.02
0.01
0
0
0
0
0
0
0
0
0
0
0
0
0
0
0.13
0
0
0
0
0
0.14
0.24
0
0
0
0
0
0
0
0
0
0
0
0
0.17
0.09
0.18
0.46
9.9
15.84
6.35
15.99
12.98
9.45
5.26
0.93
0.12
0.13
0.12
0.16
0.06
0.03
0.02
4.2
2.14
6.92
7.88
3.12
4.89
2.29
0.02
0.2
0.25
0.2
0.09
0.1
0.38
0.6
0.31
0
0
0.21
0.17
0
0.57
3.36
0.96
1.41
3.19
1.8
1.69
1.08
2.19
7.73
2.3
1.24
0.45
5.25
0.58
0.05
0
0
5.69
11.48
4.17
2.52
4.95
2.38
0.5
0.21
6.92
0.8
0
0
0
0
0.24
0
0.09
0
0
1.89
0.22
0
0
0
0.16
0.29
1.54
8.88
1.05
1.63
0.25
0.27
0
0
0
0.16
1.07
5.72
7.12
9.44
1.73
2.11
2.91
4.02
0.2
3.36
2.04
0.48
0.02
0.14
14.76
2.63
1.58
0.13
0.41
0.28
0
4.06
4.85
2.34
0.8
0
5.73
1.09
0.02
0.03
1.78
0.78
1.14
1.17
2.17
0
0.32
2.48
3.23
4.27
16.93
3.53
0.7
0.89
2.26
5.8
1.29
0.11
0.02
0
0.04
0.16
0.64
0.25
0
0
0.6
1.19
1.82
0.04
0
4.06
0.01
0
0
0
0
7.74
7.63
0
0.09
0.13
0.14
0
0
0
0.07
3.66
0.24
0
0.19
0.66
0.41
0.04
0
0.01
2.51
1.66
14.61
24.99
2.9
0.79
2.18
3.13
0
0.04
0
0.37
7.05
0
4.81
7.8
0
0.05
0
0
0.18
13.33
8.45
0.73
0.02
0.14
0.09
0
0
0.02
2.56
6.93
0
0
0
0.01
0.09
0.11
0
0
0.01
0
0.01
0
0
0
0.06
0
0
0.1
0
0
0.02
0
0
0
0
0
0
0
0
0
0
0.01
0
0.62
2.48
6.23
3
0
0.02
0
0.38
0.15
0
0.01
0
0
0
0
0.03
0
0
0.01
0
0.03
0.01
0
0.01
0.01
0
0.04
0.73
0
1.84
0
0.01
0
0
0.07
0
0
0.18
0.01
0
0
0.04
0
0
0
0
0.01
0
0.08
0
0.16
0.02
0
0.09
1.64
0.49
1.02
0
0.58
0.01
2.77
3.68
0.58
0
0.03
0
0.2
0.02
0
0.27
0
0
0
0.03
0
0
0
0
0
0
0
0.02
0
0
0
0
0
0
0.23
0
16.74
4.75
21.56
8.97
2.72
2.71
0.42
0.32
9.19
1.5
0
0
0
0
0
0
0
0
0
0
0
0
0
0
0
0
0.01
0
0
0
0
0
0
0
0
0.02
0.03
0.17
4.34
5.15
1.41
0
0.01
0
0
0
0
0
0
0
0.17
0
0
0
0
0
0
0.05
0.04
0.52
2.65
3.86
3.18
5.8
1.5
0.02
1.57
0.51
0.18
1.12
0.69
0
0
0
0.13
0
0.02
0
0
0
0
0
8.2
17.52
3.71
2.61
7.67
3.32
2.32
0.91
0.28
2.59
1.06
1.05
0.15
0.15
0
0.01
0
0
0
0.17
0.95
0.66
0
0.26
5.93
6.09
4.24
0
0.13
0.15
0.41
3.37
0.91
0
5.96
0.98
0
0
0.18
1.75
5.2
3.28
4.22
0.81
0
0
0.01
0
0
0.18
0.16
0.09
4.42
1.12
0
0.23
0
0.3
7.71
2.01
0.23
0.19
0.16
0
0
0.01
0.01
0.03
0
0
0
0
22.28
12.63
1.48
0
26.65
10.92
0
3.14
2.34
1.18
0.08
0
0
0.2
0
0
0
0
0
0
0.15
0.67
7.91
2.46
0.23
1.57
0.2
0.35
0.17
6.17
8.84
21.61
11.56
3.01
4.77
0.85
0.38
0.8
4.3
13.97
5.74
0.03
3.81
3.15
7.17
2.38
0.19
0.14
0
0
0
2.59
0.57
0
1.15
0.46
0.38
3.5
3.67
6.12
3.43
0
0.53
4.41
1.3
0
0
6.96
1.18
0.06
0.77
0.13
0
0
0.02
0
0
0
0
0
0
0.01
0
0
0.12
0
0
0
0
0
0.1
0
0
0.01
0
0
0
0.02
0
0
0
0
0.01
0
0
0.15
1.84
0
0
0
0
0
0
0
0
0
0.03
0.64
13.27
10.89
0.08
0
0
0.11
4.79
1.95
0.99
0.04
0
0
0
0.1
0.01
0.06
0.04
0.14
0
0.04
1.34
0.81
0.02
12.09
10.97
12.96
4.54
0.61
0.19
0
0
0.98
6.92
3.46
0
0
0
0.01
0.02
0
0
0
0
0
0
0
5.12
5
0.07
0.04
0
0.09
0
0
0
0
0
0.05
0
0
0.05
0
3.55
1.2
0.07
0
0
0.23
0.08
0
0
0
0
1.45
0.44
0
0
0.79
1.01
0.92
0.07
0
0
0.01
0
0
0
0.17
0
0.52
4.65
0.73
0.01
0
0
0
0
0
0
0.08
0
0
0
0.38
0.83
0
0
7.05
0
0.79
2.66
2.23
0.08
0.02
0.05
0.01
0
0
1.15
3.6
8.42
7.82
2.53
8.41
0.37
1.96
0.18
0.05
0
0
0
0
0
0
0
0
0
0
0
0
0
0
0
0
0
0
0
0
0
0.05
0
0
0.01
0
0.04
0
0
0
0.02
0
0.07
0.12
0.26
0.25
0.13
0.81
0.61
2.58
5.3
5.99
2.9
1.67
3.7
10.11
9.74
3.7
1.15
0.01
0.4
0
0.68
0.31
0.25
0
0
0
0
4.45
6.88
6.45
1.27
0
0
0
0
0
0
0
0.01
0
0.02
0
0
0
0.04
0.04
6.88
3.77
0
0.63
0
2.02
1.37
0.07
1.02
0.13
0.27
0
0
0.26
0.1
0.51
0
0.06
0
0
0
0
0
0
0
0
0
11.46
25.91
10.23
2.32
0.02
0.05
0.25
0
0.04
1.02
0
0.3
1.04
0
5.54
8.76
1.42
1.12
0.31
5
0
0.87
0.02
2.5
0.46
1.6
0.39
0
0
0.01
0.01
0.31
0.03
0
0
0.25
10.57
9.89
2.38
0.02
0.2
1.23
0.32
0.03
0.13
0
0
0
0.03
0
0.36
0.38
2.76
0
5.08
8.57
6.36
2.36
0
0
0
0.04
0
0
0.04
0.13
2.87
0.79
0
0.32
0.04
0.72
1.67
0
0.67
9.79
0
2.88
3.18
4.8
0.93
0.42
0.63
3.36
6.03
1.42
0.09
8.42
0.96
0.52
0.71
14.04
5.91
0.88
0.06
0
0.16
0
8.39
2.5
0.48
0
0.31
0.09
1.36
0.65
0.69
0.09
2.1
3.49
1.63
0
0.03
1.72
0.53
0.08
0.17
0.02
0
3
0
0.11
0
0.02
0
0.02
0
0
0
0
0
0.05
8.91
5.35
0.6
0.02
0
0.23
0.07
0.23
6.61
0.81
2.91
3.34
0
4.93
14.57
12.25
2.09
0
0
0
0.01
0.06
0.18
0
0.05
0.23
0
0.99
0
0.14
8.97
1.42
0
0.33
0.07
0.03
0
0
0.05
0
0.36
0
1.16
2.91
6.08
13.73
0.88
0
4.25
0.91
0.46
1.77
1.32
0
0.2
0.04
0.05
0.43
10.41
17.41
16.15
2.93
5.42
0.33
0
0
1.5
0.41
1.13
0
0.2
0.38
9.18
2.86
0.52
6.8
2.13
0.1
0.31
0
3.54
1.19
0
0.86
0.03
4.67
1.68
10.61
13.62
10.05
5.56
1.59
0.12
0
0.06
0
0.13
0.14
0.28
0.07
0
0
0.07
0.05
0.11
0.22
0
0.03
0
0
0
0
0.2
0.4
3.86
8.61
2.2
0.6
0.13
0.25
0
0.02
0.52
0.31
0.04
0
3.48
9.45
21.29
3.21
0
0.02
0.16
4.6
4.13
0.65
0
0.33
4.15
20.21
22.81
10.6
12.18
1.13
0.07
0.3
1.89
0.8
0.24
0.12
0.88
5.05
1.71
8.23
6.48
2.06
0.17
0.22
1.22
0.3
18.75
6.15
7.61
4.35
1.34
3.26
1.46
8.5
6.98
1.78
3.46
2.76
0.72
3.84
4.65
3.74
0.16
0
0.24
0
0.64
4.64
8.41
3.29
4.74
1.01
0.23
0
0.37
5.49
7.77
10.31
5.4
1.66
7.15
5.52
1.85
0.34
1.4
0.74
0
0
0
0.13
0
0.51
0.04
0.15
0
1.13
9.28
6.04
0.04
0.17
0.03
0.05
0
0
3.54
0.72
0.28
19.77
6.38
4.7
0.04
0.29
0
1.51
0
0.5
0.05
0
0.1
0.96
0
0.29
0
2.52
0
0.12
0
0.04
0.01
0
0
3.31
2.76
1.3
0.73
0.01
0
0
0
0.06
0
0
0.23
0.13
0.53
1.48
2.98
1.52
0.48
0.19
4.95
2.04
0.04
0
0.17
0.27
0.02
0.17
5.69
0.76
0
0
2.95
0
0
0.72
0
1.36
5.64
1.41
0.62
2.32
0.89
0.2
0.22
0.67
9.08
5.56
11.14
1.55
2.17
0.12
0.14
0.33
0.18
0.08
5.46
0.89
0
18.03
4.41
0.09
0
0
1.25
0.18
3.61
2.1
0.71
6.98
1.07
0.04
0
0
0.44
0.66
0.18
0.32
0
0
0.02
0.02
0
0.2
1.88
0
5.5
0.26
0.01
0.07
0.29
1.16
7.41
4.55
0
0.01
0.02
0
0
1.05
9.8
2.63
0.71
1.15
0.42
2.73
0.77
0.21
0.02
0
0.76
5.46
1.88
0.03
0
0
0
0
0
0
0.33
0
0
0
0.13
0.18
0
3.16
0
1.16
0.03
0.01
0
0
0
0
0
0.13
0
0
0
0
0
0
0
0
0
0
0.11
0
0
0
0.01
0
0
0.37
0
14.95
1.19
0.01
2.85
0.71
0.84
1.54
2.75
0.23
0
0
0
0.05
0
0.01
0
0
2.83
18.88
8.15
10.59
7.68
0.79
0.06
0.03
0.37
0.04
0.42
0
1.81
16.42
4.64
7.24
2.67
8.93
0.82
0
0.66
0.13
0
0.02
0.07
0
0
0
0.01
0.22
0.11
0.03
0.12
0
0.2
0.03
0.01
0.07
0.22
0
0.04
0
0.08
0
2.02
1.61
8.31
3.5
0.01
0
0
0.2
0
1.5
1.62
4.69
15.62
3.96
0.42
1.57
4.95
5.41
2.38
27.29
8.11
0.62
1.86
0.61
2.46
0.07
0
0
3.68
0.02
0
0.55
3.09
5.71
1.64
1.59
0.03
0.06
0.03
0.14
6.79
2.18
0.34
0.08
0.38
0.1
0
0.21
0.23
0
0
0.25
0.05
0.07
1.68
3.1
3.14
4.24
1.82
2.33
1.02
0.99
4.61
1.58
6.8
0.2
0
1.4
2.52
0.12
0.49
14.06
3.53
0
0
0.02
0.64
0.56
0.15
0.04
0.36
0.58
1.78
4.8
5.09
2.91
0.01
0.06
0.88
5.33
4.52
3.33
2.84
7.24
2.01
0
0
4.11
7.73
15.48
8.9
12.7
8.2
5.16
13.49
11.17
2.01
0.18
0.05
0.02
0.02
0.23
0.05
0.28
9.41
1.16
0.02
0.07
1.7
1.64
0.35
0.44
0.19
0.21
0.01
0.36
0.22
0.01
0.33
0.2
0
2.14
0
0
3.63
1.2
0.02
8.86
4.42
0.8
0.01
0
0.36
1.07
2.56
1.92
0.25
0
0.05
0.23
0.69
0.26
0.2
0.05
0.01
0.18
3.18
0.73
9.73
9.67
4.54
5.61
7.74
2.98
0.48
0.83
5.27
9.01
4.19
0.74
0.13
0.14
0
0.05
0.02
0
0
0.21
0.02
0.05
0.28
0
0.04
2.73
10.7
9.41
16.8
8.27
0
0.92
0
1.8
2.73
1.59
0.53
0.16
0
0
0.46
0.38
0
0.56
0
3.27
2.87
0.63
0
1.62
0.91
0.34
3.09
0.75
4.21
4.29
3.53
2.42
0.12
0.14
0
0.16
0
0
0
0
0
0
0
0
0.05
0.02
0.05
0
0.07
0
0
0.08
0
0
0
0.05
0
0
0
0
0.02
0.01
0.01
0.03
0.01
0
0
0
0.01
0.01
0
0.01
0
0
0.03
0.01
0
0.02
0
0.01
0
0
0
0
0
0.03
0
0
0
0
0.01
0.12
0.01
0
0
0
0
0
0.09
0
0.03
0
0
0.63
0.8
4.07
6.18
1.46
0
0
0
0
0
0
0
0
0
0
0
0
0.01
0
0.01
0
0
0
0
0
0
0
0
0.01
0
0.54
0.06
0
0
0
0
0
0
0
0.02
0.02
0
3.16
0.75
0
0.08
0
0.21
0
0
0
0
0
0
0
0.19
0.12
0
0
0
0
0
0
0.08
0
0
0
0.47
2.28
0
0.68
0.05
0.03
0.31
0
0
0.23
0
0
0
0.37
0
0.01
0
0.26
0
0
0.91
0.03
0.29
0
0.81
6.75
13.33
2.91
1.3
1.47
7.83
14
4.28
1.86
4.07
6.28
9.59
2.34
3.09
2.09
0.84
0.75
1.28
1.57
1.07
1.27
4.75
8.04
7.98
6.84
4.63
3.6
1.04
9.12
3.4
0.84
1.53
11.77
2.32
0
0.54
4.89
1.42
0.63
0
0
1
0.05
0
0.36
0.35
0.67
13.32
16.05
3.34
6.14
3.32
0.02
0
0.34
12.02
27
14.42
1.14
0
0.32
1.41
9.67
1.73
2.97
5.78
2.6
6.34
2.32
9.27
12.22
12.83
8.3
6.86
6.68
1.97
0.34
0.03
0.14
0
0.02
0
0.17
0
0.06
0.2
0.19
0.51
1.54
0.57
0.2
0.06
0.09
0.08
0.82
5
6.41
1.02
0.05
0.14
0
0
3.34
0.65
5.91
4.53
8.46
6.89
5.75
3.53
1.32
2.36
2.05
7.94
6.97
3.45
1.48
0.87
0
0
0
0
2.74
6.89
4.41
0
0
2.51
7.02
4.64
3.59
0.69
12.4
13.05
1.27
0
0.04
0
0
0
0
0.01
0
0
0.16
0
0
0
0
0.03
0
0
0.03
0.05
2.05
2.23
3.24
5.23
2.36
0
0.19
0.01
0
0.02
0
0
0.05
0
0
0
0.04
0
0
0.16
0
0.04
0.78
0.6
2.98
18.89
12.97
8.02
0.59
2.07
0
3.17
0
0
1.46
4.32
1.89
0.16
0.06
0
0.2
0
0
0
0
0
0.1
0
0.16
0.09
0
0
0
1.27
11.56
2.05
0
8.52
1.47
3.79
3.94
0.4
1.45
0.01
0
2.22
4.31
6.63
2.23
0.02
0
0
0.02
0.04
0
0.91
0.42
0
0
0.05
0
0
0.13
0
0.12
0.01
0
0
0
0
0
0.71
0.01
0.36
0
0
0
0
0
0
0.01
0
0
0.16
0
0
0
0
0
0
0
0
0
0
0.13
8.69
0.05
2.82
8.01
2.07
0
0
0
0.71
4.45
2.25
0
1.63
1.12
0.04
1.58
5.02
5.04
3.89
0
3.31
2.02
3.8
5.61
0.07
0
0.34
0
0.01
0.15
0
0.11
0.02
0
0.01
0
0.53
0
0.38
9.77
2.42
0
17.84
6.27
1.23
11.67
13.5
8.66
15.41
4.51
0.07
0
0.37
0.75
3.18
3.85
3.99
3.49
7.7
8.63
5.19
3.45
0
0
0
0.01
0.02
0.16
0
0
0.01
0
0.21
1.24
0.04
0
3.84
7.3
8.93
2.89
0
0.03
0
0.16
0
0
0.11
0.57
0.11
0.15
0.02
0
0.2
0.14
0.05
0
0.01
0.14
0
0.2
0
0
1
0.25
1.16
0
0.14
0.95
0
0
0.03
0.03
0.3
0
0
0
0.89
2.42
11.57
5.96
0.25
0.16
0
0.1
0
0
0.07
0
0.02
0.13
0
0.01
0.24
1.84
3.24
1.38
0.96
0
0
0
0
0.45
0.09
0.1
0.95
0.82
0
0
0.28
0.3
0.37
0.05
0.25
0
0
1.67
2.88
0.53
0
0
0
0.15
0
0.18
0.06
4.66
0.74
0.05
0.01
0.01
0
1.41
0.05
0
0.13
1.12
3.54
2.52
5.19
2.09
0
3.6
7.42
2.21
0.15
0.55
0.22
0
4.51
3.08
1.49
0.01
0.12
0
0
0
0.01
0
0.8
0.2
0.41
0
0.04
5.66
8.65
4.13
14.13
7.24
0.68
0
0
0
0.49
1.2
0.32
1.23
0
0.01
0
0.04
0.16
0.04
0.02
0.35
0.5
0.79
0.2
0.05
0.29
0.28
6.66
3.11
0
0.96
4.49
0
0
0.02
0
0
0
0.05
0
2.29
7.73
5.09
2.97
1.29
3.13
14.07
8.13
9.21
7.52
0
0.01
0.01
0.46
0
19.04
0
0
0.26
0
0
0.27
0
0
0
0
0
0.77
3.61
3.25
4.36
1.04
0.21
0
0
0
0
0
0
0
0
1.36
7.13
5.35
0.88
13.64
13.24
9.36
4.37
0.04
0
0
0.35
0
0.25
0.25
0.22
0
0
0
0.01
0.07
0
0
4.27
0.33
0
0.05
0
0.74
0.05
0
0
0.99
0.1
0
0
0
0.23
0
0.34
0.13
0.32
0.21
0
0.16
0.35
0
0
0.01
0
0
0.03
0
0
0
0
0
0
0
0
0
0
0.02
0
0
0
0
0.02
4.02
0
0.09
0.08
10.57
0
0.2
0.16
5.13
0.82
0.3
0
1.2
0.01
0.23
0
0
0
0.72
0.02
0
0.09
0.85
0.01
0.3
5.2
0.34
0
0.19
0
0
0
0.02
0.06
0.77
0.14
2.84
2.8
0.7
0.01
0.14
0.01
0.17
0.01
0.89
3.73
0
1.77
0.11
0
0.36
0.66
0.36
0
1.25
2.12
0.73
0
0.09
0.22
0.29
0.22
12.77
13.37
0
0
0.02
1.34
0.39
0.01
0.79
10.96
3.98
0.5
0
0.02
0
0
0
0.45
4.05
1.79
2.16
1.18
2.08
5.44
35.54
4.26
3.62
3.39
1.55
0.63
0.02
0
0.14
0.09
0.27
0
0
0
0
0
0.02
0
1.91
0
0.16
0.19
2.41
0
0
0
0.1
0.02
0
0.01
0
0.12
0
0
0
0
0
1.54
0
0
0
0
1.07
0
0
0
0
0
0.01
0
0
0
0
0
0
0
0.26
0
0.01
0
0.01
0
0.38
0.16
0
1.35
1.07
0.3
0
0.19
0.01
0
0
0
0.32
0
0
0.41
0
0
0
0.34
0
0
0
0
0.33
0
0
0
0
0.22
0.1
2.38
12.15
1.39
1.7
0.28
0
0.21
0
0
0.03
1.13
0.74
0
0
0
0
0
1.2
3.4
1.36
0
0.06
0
0.13
0.24
0
0.01
0.49
0
0
0.34
1.59
0.01
0
0.01
0.52
0
0.04
0.19
0
1.56
0.73
0.18
0.01
0
0.5
6.65
8.16
4.66
0.93
0.44
0.07
6.27
0.97
0
0.33
0.51
0
0.41
2.83
11.4
3.59
16.59
6.7
1.27
2.22
0.99
0.07
0.28
0.05
0.38
0
5.31
0.24
0.41
1.47
0
8.63
1.13
0
0.15
0
0.1
0.01
0
0
0.38
6.16
14.32
10.66
7.26
7.97
0.21
0
0.44
0
0
0
0
0
0.35
0
0
0
1.62
12.3
0.2
0
0
1.65
5.82
2.32
0.11
0.22
0.15
0.29
0
0.27
0
0
0.26
0.27
0
0.26
0
0.34
0
0
0
0
0.01
0.27
0
0.04
0.18
0.24
0.79
2.69
4.37
2.16
1.41
1.2
0
3.38
0
0.63
0.02
0.03
0.3
0.04
0.86
0.46
0.02
0
0
0
0
0
0.12
0
0
0
0
0.02
0
0
0
0
0
0.23
0
0.2
0.02
0
4.54
1.44
0.36
0
0
0.09
3.05
0.06
0
0.16
0
0.02
0.01
0
0.74
0.1
0.02
0
0
0.13
0.02
0
0
0
0
0
0.05
1.05
4
0.09
0.05
0
0.07
0
0
0.01
0
0
4.89
1.73
0.3
0
0
0
0.35
0
1.52
0
0
0
1.76
3.7
2.82
0
7.91
7.19
2.04
0
0
0.06
2.1
0
0.75
0
0.02
0
0.45
0.23
0.09
0.23
0
0.13
0
0.09
0
0
0
0.34
0.09
0.91
1.34
0.19
0.01
0
0.13
0.28
0
0
0
0
0
0
0
0.23
0
0
0
0.3
0
0
0
0
0
0
0
0
0
0.43
0
0
0
0
0
0.02
0.15
0.02
0
0
0
0
0
0
0
0.02
0.29
0
0
0
0.08
0
0.47
0.36
0.2
0
0.19
0
0.93
13
1.05
0.41
5.71
7.96
5.81
3.99
0.87
0.58
8.55
15.05
23.24
12
12.66
8.28
1.41
0.01
0
0.25
0.01
0.04
0
0
0
0.61
5.89
1.59
0.09
0
1.82
5.87
0.38
0.53
0.2
0
0.27
0
0.13
0.64
0.04
0
0.03
0
0.17
0.01
0
0
0
0.05
0
0
0
0
0
0
0
0
0
5.55
2.98
11.78
3.7
0
4.1
2.88
0
3.55
0.65
0.57
3.05
0.76
0.95
1.89
0
0
0.01
0
0.17
0
0
0
0
0.22
0
0
0
0.39
0
0
0.01
0.15
0.01
0
0
0
0
0
0
0
0
0
0.41
1.96
0.46
11.04
5.37
0
0
3.16
0.75
1.09
0
0
0.29
0
0.17
0.21
1.32
0.2
0.05
11.53
8.83
12.75
2.82
0
0.01
0
0.25
0
0
0
0.22
0.33
0.27
0
0
0.09
0.37
0
0
0
0.3
0
0.06
0.39
0
0
0
0
28.52
7.13
0.52
0.6
0
0
0
0.25
0
1.57
4.74
5.63
6.83
10.86
10.18
7.57
2.47
0
13.63
10.9
0.75
0.03
0.22
0.71
2.96
6.18
1.73
0
0
0
0
0.01
0.34
0
0
0.21
0.21
0
0
0.14
0.23
0.04
0.11
0.01
0
0.07
0.28
0.42
3
26.45
2.48
0.44
0
0.37
0.02
0
0
0.61
0.16
0
0
0
0.13
0.01
0
0.58
0
0
0
0
0
0
0
0
0
1.48
18.7
1.32
0
0
0.02
0
0
0
0
0
0
0
0.21
0.01
0.02
0.98
1.06
0
0
0
0
0
0.05
1.23
6.3
0
0.07
0.25
5.13
0.03
0.02
0
0.02
0
0
0
0
0
0
0
0
0
3.39
1.53
0
0
0.27
0.96
0.27
1.67
0.45
7.65
0.09
0.91
0
0.1
2.28
19.61
0
0
0.17
3.91
0.45
0
0
0
0
0
0.26
0
0.23
0.14
0.07
0
0.05
4.55
1.43
0.36
0
2.13
9.63
0.34
0
0
5.29
0.15
2.13
0.02
0
0.18
0
0.01
0.36
0
0
0.02
0
0
0.12
29.43
21.35
10.91
1.47
0.02
0
0.17
3.23
0
0.27
0.15
0.23
0.25
0
0
0
0.01
0
0
5.31
5.65
1.35
0
0.21
0
0
0
0
0
0
0
0.33
1.33
0.75
1.81
0.72
4.38
1.16
0
0
0
0.76
0.04
1.01
2.65
0
0
0
0
0
0.06
0.07
0
0
0
0
0
0
0.01
0
0
0
0
0
0
0
0
0
0.01
0
0.01
0
0
0
0
0
0
0
0
0
0
0
0
0
0
0
0
0
0
0
0
0
0.01
0.18
0.96
0
0
0
0
0
0.01
0
0
0
0
0
0.02
0.05
1.22
0.13
0
7.59
0.61
0.48
0
0
0
0
0
0
0
0
0
0
0
0
0
0
0.09
0.09
0
0
0
0
0
0
0.05
0.06
0
0
0.38
1.92
0
0
0
0.83
0.28
0
0
0
0
0
0.02
0
0
0.02
0.01
0
0
0
0.01
1.04
10.09
4.12
1.75
11.66
0
8.44
3.89
15.37
0.79
1.3
0.05
0.41
1.68
7.93
0.6
0
0
0
0
0
0
0
0
0
1.02
2.48
3.43
2.06
0.96
9.76
0.68
0
0.27
0
0.23
0
0.02
0
0
0
0.02
0
0
0
0
0.01
0
0.05
0
0
0
0
0.04
0.27
0
0.36
0
0.05
0.01
0
0
0.01
0
0
0
2.59
1.59
3.96
10.12
0.84
0.28
0.71
0
0
0.17
1.21
10.52
2.48
0.97
3.31
0.55
0.01
0
0.33
0
0
0
0
0
0
0
0
0
0
0
0
0
0
0.02
0.01
0
0
0
0
0
0
0.01
0
0.86
9.71
1.35
0
0
4.61
1.97
0
0
0
0
0
0
3.25
0
0
0.04
0
0
9.49
2.83
0.02
0
0
1.31
3.09
0.38
0
20.28
13.72
0
0.11
0
0
0
0
0
0
0
0
0
0
0
0
0
0
0.01
0
0.01
0.01
0
0
0
0
0
0
0
2.21
0.57
0
0
0
0
0.05
0
0
0.04
0
0
0
0.96
2.94
0.27
0
0.54
0
0
0
0
0
0
0
0
0
0.12
0.27
1.34
7.79
0.23
0.06
0
0.06
0
0.93
3.64
3.76
0.45
0.13
8
1.05
0
0
0.17
7.29
4.02
5.34
5.8
0.8
1.7
12.69
4.62
0.57
0
0.12
0
0
0
0
0.15
0
0.01
0
0
0
0
0.05
0
0
0.27
0
0
0.93
0.67
4.55
7.15
2.5
7.27
15.36
3.1
9.88
4.41
2.3
2.16
0
0
0.01
0.01
0
0.14
0.33
0.02
0
0.01
0.37
0.03
0.02
0.45
2.69
2.65
0.2
0.17
0
0
0
0
0.26
0.18
0.19
1.14
0.39
9.82
5.61
0.87
2.04
2.29
0.59
2.61
0.45
0
0.75
1.12
0.69
1.07
1.38
0
0
0
0
0
0
0
0
0
0
0
0
0
0
0
0
0
0.15
0
1.71
1.02
0
0
0
16.77
17.35
0.73
0.07
0
0
0
0
0.13
0.13
0
0
0
0.21
0
3.54
3.74
8.64
4.18
3.05
2.08
6.55
13.8
3.36
0
2.04
5.76
3.59
0
0
12.53
1.01
1.82
9.67
1.73
1.89
2.59
0.35
0
0
0
0
0
0
0.48
0.64
0.3
9.96
2.69
0.14
0
0.02
0.27
0.32
0.23
0
0
0.85
2.99
0
0.17
0
0.63
4.17
7.11
4.53
0.77
0
7.93
3.83
0.55
3.54
0.18
0
0
0
32.27
13.09
0
5.32
16.08
2.39
0.72
9.77
9.73
4.8
1.13
4.73
0
5.32
0
3.37
1.02
0.08
0
0.09
1.57
21.39
16.52
2.08
0.12
0
0.01
0
0
0
0
0
0
0
0
10.14
3.73
0
0.98
1.15
0
0
0
0
0
0.05
0.08
0
0
0
0
0.01
0.02
0.37
0.01
0
0
0
0
0
0
0
0.17
0
0
0.19
0.16
0.01
0
0
0
0
0
0
0
0
0
0
0
0.01
0
0
0
0.01
0.04
0
0.02
0
0
0
0
0.18
0.14
0
0
0.01
0
0
0
0.03
3.01
3.41
0.56
0.06
0
0
0
0
0.04
0
0
0
0
0.01
0
0
0.01
0
0
0
0.14
0
0.01
0
0.02
0
0
0
0.01
0
0.01
0
0
0
0.03
0
0.01
0
9.97
0.77
0
1.43
4.38
5.08
5
0
0
0
0
0
0
0
0.01
0
0
0
0
0.05
0.05
5.73
1.74
0
0.04
0
0.01
0.81
7.82
0.57
0
0
0
0
2.72
2.2
0
12.81
2.71
7.25
20.24
28.66
2.7
5.72
0
6.83
29.22
6.06
14.39
1.39
1.26
7.89
0.08
0
0
0.58
0.02
0
0
0
0.01
0
0.31
20.38
1.8
0
1.11
0.07
0
0
0
0
0
0.01
0.07
2.02
0
0
2.35
0.03
0.05
0
0
0.4
0.19
0
0
0
0
0
0.51
0
0
0
0
0
0
0.45
3.9
4.02
0.78
0
0.25
0.03
0.09
0
0
0
0.24
1.68
3.2
6.16
1.73
1.34
9.67
18.38
14.71
7.92
1.36
13.05
1.82
0
0.01
0.13
0
0
0
0
0
0
0
0
2.23
8.25
7.38
10.89
7.16
0.03
1.79
1.59
0.9
5.74
7.02
3.38
0.38
0
1.19
0.25
0.02
0.11
1.21
0
0
1.01
4.83
1.11
0
0
0.25
0.01
0
0
0
0
0
0.2
0
0
0
0
0.02
1.8
7.49
0.16
3.22
4.6
0
0.01
0.18
0.02
0.3
0
0
0
0.01
0.02
0.14
0
5.89
4.45
4.04
4.91
7.47
0.97
0
0.53
0.54
0.01
0.5
0
0.48
0
0
0
1.86
15.72
7.91
3.05
4
0.75
0.21
0.27
0.11
0
0
0
0.53
1.49
1.97
5.48
0.72
0
0.01
0
1.75
2.83
3.41
4.86
1.46
10.66
6.52
0.01
0.23
1.7
2.26
0.19
0.32
2.61
0.65
0.06
0.5
1.7
0.2
0.8
0
0
20.7
2.76
1.02
0.93
0.06
0.06
0.09
0.11
0.01
0.01
0
0
0
0
0
0
0.02
1.18
2.36
0.05
0
0
0
0
1.28
0.53
0.01
6.09
0.02
0.19
0
3.29
1.15
0.18
0.05
0
0
0.02
0
0.03
0
0
0.12
0.11
0.71
0.2
0.13
0
0
0
0
0
0.02
0.2
0.03
0
0
0.02
0
0.98
0.68
5.14
0
0
0
0
0
0
0
0
0
0
0.01
0
0
0
0
0
0
0
0
0
0
0
0.06
0
0
0
0
0
0
0.01
0
0
0
0
0.01
0.02
0
0
0
0
0
0.03
0
0
0
0
0
0
0
0
0
0
0
3.69
0.15
0
0
0.7
0
0
0
0
0.02
0
0
0
0
0
0
0
0
0
0
0
0
0
0.09
0
0.01
0.01
0
0.01
0.09
0
0.84
0
0
0.04
0
0
0.02
0.41
4.87
5.25
6.98
2.62
0.68
0
0
0
1.23
3.12
1.96
0.83
0
0
0.02
0
0.01
0.02
0.12
0.03
0.21
0.03
0.1
7.38
11.17
0.88
0.23
0
0
0.13
0.14
0.23
0.98
9.45
0.71
2.56
4.1
0
0.7
0.02
0.13
0.23
0.2
0
0
0
0
0
0.09
0.11
9.33
6.77
6.53
4.55
0
11.96
12.66
3.7
1.88
1.7
3.98
2.44
2.7
0
1.16
0.06
4.99
0
0
0.31
0.11
0
0
0
0
0
0
0
0.02
0
0
0
0
0
0
0
0
4.37
8.1
0.53
0
0
1.3
1.26
4.77
0
0.29
2.49
0.8
0.41
0.43
0
3.17
24.02
7.98
6.46
8.35
8.58
6.46
2.63
12.36
2.51
0
1.16
3.95
0.98
0
0
3.78
6.45
1.71
0.42
0.35
0
0
3.92
0.74
0
0.69
0.09
5.47
4.84
0.84
0
0
0
1.44
0
0
0
0
0
0
0
0
0
0
0
0
0.01
0
14.21
2.05
0
5.08
6.41
4.73
3.41
0.54
3.2
8.55
0.84
0
1.77
2.15
1.34
0.49
0.98
0
0
10.31
3.02
3.82
11.91
7.34
6.79
1.8
1.19
0
0
0.05
0.47
0.56
0.43
4.74
4.57
0
0
0
0
0.5
0.68
2.2
0
0
0.05
0
0.13
0.09
0
0.61
3.11
0
0
7.35
0.59
0.09
0
0.19
0
0
0
0
0.03
0
0
0.02
0
0.01
0.43
0
0
0
0
0
0.92
1.19
0
0.3
5.17
2.52
0.85
0.06
0.45
0
1.46
0.42
0
0
0.24
0.04
0.05
4.44
0
0
0.05
0
0
0
0.04
0
0.01
0
0
0.01
0
0
0
0
0
0
0
0
0
0
4.59
1.79
0
0.02
0
0.01
0
0
0
0.02
0
0
0
0
0.03
0
0.01
0.01
0.1
0
0.02
0
0
0
0.63
0
0
0.01
0
0
0
0.03
0.03
0
0
0
3.46
8.72
0.27
0
0.01
0
0
0.82
0.34
0
0.12
0
25.01
3.05
0.02
0.06
0
0.31
6.12
7.86
2.43
6.74
0
3.46
15.38
1.48
0
1.82
0
0
0
0
0
0
0.24
1.44
0.85
5.56
0.09
0.02
0.02
0
5.08
4.45
2.94
4.08
10.48
3.48
2.35
1.97
0
0
0.12
0.14
4.3
9.94
1.05
0.04
0
0.02
0.02
0
0
0
0
0
0
0
0
0
0
0
0
0
1.14
10
11.98
4.79
0.99
2.7
2.73
0
0.01
0.74
1.12
0
0
0
0
0.52
0
0
0
0.01
0.02
0
0.01
0.52
0.31
0.11
6.04
2.04
0
0.04
0.23
9.41
5.64
0.06
0.16
0
0
0
0
1.83
0.64
1.46
0.58
0.12
0.02
0.92
0.88
0.03
0.07
0.11
0.02
0
0
0
0
0
0
0.1
17.95
15.38
0.73
7.15
13.53
1.31
1.05
0
0.04
0
0
0.02
0
0.74
0.84
0.16
3.07
7
10.49
7.32
10.12
7.54
0.97
0
13.82
1.41
0
0
0
0
0
0
6.09
11.57
1.2
0.07
0.02
0
10.02
9.64
2.34
0
0
0
0
0
7.57
3.7
2.12
1.02
0
0
0
0
0
0
0
0.01
0.95
0.82
0.01
0
0
0.39
0
0
0
0
0
0.02
0.18
0.45
0
0
1.32
3.18
0.6
0
0
0
0
0
0
11.02
8.82
12.46
6.91
1.09
12.28
16.04
0.48
0.27
0.09
0
0
0
0.63
0
0
0
0
0
0
0
1.57
5.55
2.28
0
0.01
0.09
0.3
0
0
0
0.02
0
0
0
0
0.01
0
0
0.93
0.06
0.02
0
0.22
11.58
0
1.15
0
0
0.91
4.88
9.92
0.14
0
0.03
0
0.07
0
0
0
0
0
0
0
0.01
0
0.01
0.5
0.01
0.01
0
0.07
0
1.38
0.19
0.3
0.13
0
0.01
0
0
0
0
0.15
0.37
0
0.02
0.33
0.74
0.18
0
0
0.21
0.63
0
15.32
7.5
2.01
0
0.84
5.86
22.16
13.58
6.94
0
0.02
0
0.01
0.91
0
0
0.02
0
2.81
30.14
3.25
0.05
0.1
0
0
0.25
0
0
0
0
0
0.04
0
0
0.02
0.67
0
0
0
0.04
0.01
0
0
0
0
0.01
0
0.06
0.02
0
0.08
0
0
0.93
1.49
0.34
0
0
3.76
0.16
0
0
0.02
0
0
0
0
0
0.02
0
0
0
0
0
0
0
3.56
2.71
0.01
0.74
3.44
4.61
1.28
0.05
0.02
1.57
0.26
10.71
3.23
2.86
2.84
8.45
0.8
0.15
0
16.6
17.05
6.98
0.2
0
0.35
0.66
1.69
0.31
0
1.14
6.76
2.26
18.8
9.06
8.71
0
0
6.94
1.14
0.83
0.06
0.23
0.03
0.32
1.39
0.29
0.18
2.97
19.06
3.13
0.59
0.1
0.12
0.21
0.44
0
0
0
0
0
0
0
0.02
0.5
0.47
0.11
0.2
0
0
0
0
0
0.32
5.04
14.51
9.4
5.16
1.39
0.07
0
0.53
6.8
23.86
4.7
8.21
2.75
1.66
1.31
2.14
0.07
0
0.03
0.07
0.47
0
0.21
0
0.08
0.19
0.05
0.09
0.2
6.11
1.61
0.3
0
0.3
3.17
0.97
0
0
0
0
7.03
5.35
8.45
6.05
14.25
3.99
5.54
0.59
0
0
0
0.29
0.34
0.28
3.05
3.51
6.66
0
4.66
3.14
0.39
1.49
0.17
0.53
0.6
0.6
8.53
1.13
0
0.01
0
0.18
0
0.5
0
0.32
2.25
2.38
0
0.05
0
0.03
0.01
0.93
0.23
0
0
0.32
0
0.01
0
0.05
0.2
0.67
0.35
0
0.01
0
0
0
0
0
0
0
0
0
0
0
0
0
1.23
0
0.01
0
0.05
0.14
0.05
0
0.48
0.34
0
1.38
5.71
5.33
17.09
4.59
4.09
0.31
0.48
0.23
11.96
13.99
4.83
0.41
2.34
14.66
0.77
1.49
4.29
5.14
1.61
0.02
2.63
0.61
1.79
22.45
9.04
0.04
0.42
0.46
0
3.55
2.47
3.27
13.04
2.98
2.38
0.61
4
11.53
2.55
1.28
7.64
7.14
1.95
2.65
7.98
1.02
1.74
0.67
1.63
0
0.52
0.18
15.08
1.66
2.28
0.89
0
0
0.77
0
0
0.05
1.8
1.83
1.23
0.13
3.69
44.21
30.6
0.63
0.97
2.45
6.4
4.35
5.27
6.62
11.62
1.17
0
1.95
4.55
2.85
7.09
4.46
0.67
20.88
11.3
0.45
11.09
12.18
1.07
0
0.96
1.45
1.44
0.04
0.93
0
1.02
0.05
0
0.37
0
0
0
0.37
0
0.04
0.45
0.01
0
0
2.26
0
0
0
0
0
0
0
0
0
0.02
0
0
0
0
0
0
0.01
0
0
0
0
0
0
0
0.01
0
0
0
0
0
0
0
0
0
0
0
0
0.09
0
0.02
0
0
0
0
0
0
0.11
0.03
0
0
0
0.02
0.38
0
0
0.21
0.09
0
0.01
0
0
0
0
0
0
0.01
0
0
0
0.51
0.3
0
0.24
0.04
0
0.08
0.03
0.16
0.33
1.12
0
0.94
10.49
9.75
21.4
8.34
7.65
2
0.48
0
0
0
0.08
0.02
0
0.01
0
0
0
0
0.11
0.39
0.08
0.16
0
0
1.16
0.59
0.69
0.3
3.64
5.09
0.95
0.51
0
0
0
0
0
0
0
0
0.02
0.01
0
0
0.02
0.13
0
8.61
5.57
0.79
0
0
0
0.01
0
0
0
0
0
0
0
0
0
0
0
0
0
0
0
0
0
0
0
0
0
0
0
0
0
0
0
0
0.01
0.58
3.99
0.13
0.07
0.06
0.08
0.02
0.02
0
0
0
0
0
0
0.88
2.01
0.02
0
0
0.06
0
0
0
0
0
0
0
0.01
0.03
0.14
0.35
0
0.2
1.84
2.32
2.88
1.76
0
0
0
0
0
0.2
0
0
0
0.07
0.05
0.91
13.16
14.52
7.37
1.88
3.79
1.86
0
0.09
0
0.76
0
0.21
4.82
2.51
0.54
0
0
0
0.25
0.01
0
0.77
5.06
0.14
0
0
0.08
0
0
0
0
0
0
1.14
0
4.52
3.2
0.02
4.11
4.57
7.2
4.18
3.07
5.1
1.18
1.95
0.74
0.59
3.67
5.72
2.39
0.2
0.48
0.01
0.39
3.34
0.67
2.42
6.95
9.57
18.36
17.23
1.24
2.91
0.65
0.13
0
0
0.01
0
0
0
0.01
0
4.17
0.05
0.04
0
0
2.64
2.72
0.06
0.02
0
6.58
0.08
0.11
7.27
9.36
13.58
21.56
3.02
6.41
7.12
13.56
17.07
12.17
7.93
4.05
3.74
0.36
0.13
0
1.38
0.09
0.69
0
0
0
0
1.23
5.2
5.32
4.03
5.04
5.64
1.63
0
0
0
0.04
0
0.02
0
0.01
0
0.01
0
0
0.04
1.68
0
0
0
0
0.03
1.27
0.33
0
0
0
0
0.12
0
0
0
0
0.66
0.52
1.14
0.7
0
0
0
0
0
8.94
3.02
0.63
0.2
0
0
0
0
0.09
0
0.01
0.38
0.3
0
0
0.02
0
0
0
0.01
0
0
0.32
0
0
0
0
0
0.02
0
0
0
2.16
0.05
0.11
0
1.19
1.75
0.07
2.03
2.88
2.95
4.16
0
0.02
0.53
0
0
0
0.3
0.46
0.27
0
0.13
0
1.3
0
0.01
0
0
0.06
0
0
0
0
0
0
0.08
0.01
0
0.18
0.03
0
0
0
0
0
0.02
1.64
0.32
14.45
1.77
0.12
0.02
1.81
0.66
0
0.01
0.7
0.24
0.93
0
0.05
0
0
0
0.58
0.72
0.13
1.33
0
0.04
0.03
0
0
0
0.04
0.63
0.47
1.13
5.05
5.27
3.71
13.9
9.48
4.02
11.5
5.01
0.9
6.45
8.35
11.09
3.48
4
2.21
3.5
0.84
1.62
2.56
3.23
2.95
3.22
2.59
7.28
2.05
1.6
9.2
5.95
2.57
2.32
12.14
11.13
7.44
0.59
1.48
4.62
1.49
0
0
5.36
6.43
0.99
0
0.23
0.05
0
3.34
1.21
7.42
0.38
0
0.01
0
0.61
1.33
0.77
1.81
0
0.01
0.55
0.93
0.03
0
0
0
0
0
0
0
1.32
0.89
1.67
6
4.69
3.46
1.38
4.69
1.37
0
0.05
0.05
0
0
0
0
0
0
0
0
0.28
0
0
0
0
0
0
0
0.24
0
0
0
0
0
0
0
0
0.14
0.02
0
0.01
0.27
0.23
2.03
0.16
0.01
1.11
0.19
0.33
0.04
0
0
0
0.01
0
0
0
0
7.88
0.98
0
0
0.62
0.07
0
0.11
0
3.96
4.25
0.35
8.27
9.76
6.38
1.61
4.37
0.64
0
0
0
0.03
0.51
0.03
0.05
0
0
0.1
0.66
0.37
0.95
1.69
2.75
3.41
3.07
0.53
0
0.47
0
0.25
0
0
0
0
0.52
0
0
0.03
0.04
1.12
3.86
0
0
0
1.98
0.57
1.13
3.37
7.39
1.45
0
0
0.1
0
0.22
0.39
0
0
0
0
0.11
0.04
0
0
0
0
0.02
0
0.01
0.05
1.44
0
3.07
5.61
0.28
0.48
0.02
0.09
0.08
0
0
1.55
0
0.02
0.48
1.77
0
0.05
0.07
0
0
0
0
0
0
0
0
0.02
0
0
0
0
0
0.06
0.5
0.05
0
0
0
0.5
0.95
0.68
0.87
0.11
0.22
0
0.85
6.27
0.36
0.46
0
0
8.65
3.86
0.01
0
0.02
0.08
0
0
7.26
0
0.88
0
0.41
0
0
4.1
0.07
1.84
17.45
1.28
2.19
0
2.68
0.52
0.47
0.14
0.46
0
0
0.02
0.06
1.09
0.88
0
0
0.08
4.47
37.77
7.26
0.24
0
1.52
0
0.01
0
8.31
1.43
0
1.21
1.65
0
0.02
0.07
0.16
0.8
1.59
0
0.56
7.48
0
0.1
3.5
0
0
0.31
0.36
1.59
0.19
0
0.84
0
0.07
0
1.32
2.05
1.36
1.64
6.41
0.27
0.11
10.41
23.98
11.15
4.58
0.22
0.27
0.7
3.01
0
4.6
4.26
0
1.7
0
0.8
1.25
0.04
11.28
16.03
3.17
0.54
0
0.5
0.97
1.76
0.04
0
0.02
1.29
0.33
1.02
8.2
1.87
3.92
7.54
0.7
0
0.3
0.09
0
0.02
0
0
0.01
0
0
0
0.38
12.4
2.05
1.49
0.06
0
0
0
0.26
0
0
1.36
0
0
0
0
0
0
1.1
0
0.27
0
0.66
0.26
0.24
0.03
0.12
0
0
0
0.06
4.11
1.55
0.33
0.98
0.38
1.05
0
0
0.04
0.46
0.99
0
0
0
0
0
0
0
0
0.07
0
0
0.86
0
0.07
2.47
6
1.01
0
0.95
1.23
2.02
2.1
2.67
1.45
0
0.55
0.42
0.72
0.2
8.68
2.1
11.52
1.38
0
0.11
0
0
0.59
0
0.99
1.32
9.96
2.9
2.3
3.66
0
10.25
9.46
7.76
1.46
3.78
3.35
2.46
3.08
0.14
0.63
0.68
1.15
2.88
0.08
0.35
0
0.55
0.01
0
0
1.28
2.87
0.31
0
0
0.04
0.33
0.16
1.36
2.07
6.09
0.63
0
0
0
0
0
0
6.39
5.47
10.01
18.64
3.23
0.78
0.16
0.67
0.42
0.02
0
0
1.69
1.43
0.57
0
0.06
0
0
1.95
0
0
0.01
1
0
0
0.58
0.47
0
0
0
0
0
0
0
0
0
0
0
0
0
0
0
0
0.02
0
0.1
1.59
6.64
8.72
2.07
4.79
0.63
0
0
0.01
0
0
0
0
0.28
0.1
0
2.72
8.7
0
0
0
0.02
0
0.07
0
0
0
0
0
0
0
0
0
10.92
0
11.92
0.75
0
0
0
0.5
0
0
0
0
0
0
0
0
0
0.01
0
5.45
0
0.34
0.01
0
0.01
0
0
0
0.01
0
0
0
0.37
0.09
0.2
0
0.01
0
0
0
0
0.01
0
0.05
0.04
0
0
0
0.7
0
0
0.02
0.29
0
0.16
0
0
1.6
0.94
0.02
0
0
0
0.35
19.23
9.29
19.33
0
0.05
0.07
0.05
0.08
0.52
0.18
0
0.01
0
0.27
0.22
0.02
0.5
6.01
14.09
0.42
0.02
0.52
5.59
3.82
1.21
11.99
2.55
0.11
0.46
0.11
0
0.3
0.02
0.25
0
0
23.14
19.2
12.51
2.52
3.94
1.02
1.12
0
0
0.04
0.02
0
0.01
0
0
1.78
12.49
4.44
6.36
0.38
0.14
0
0
0
0
0.67
0.56
0
0
0
0
0
0
0
0.3
0.36
1.83
7.95
0
0.12
0
1.62
0
0
0.02
0
3.13
0.59
0
0.23
0.65
11.2
6
2.53
3.8
0.48
0.24
0.11
0
0
0
0
0
0.01
0
0.03
4.26
4.02
0.35
0.05
0
0
0
0
0
0
0
0
0
0
0
0
0
0
0.01
0
0
0.01
0
0
0.35
4.14
3.57
0
0
0
0.01
0.01
0
0
0
0
0
0.01
0.07
0.13
0
0
0
0
0
0
0
0
0
0
0
0
0
0
0
0
0
0.02
0.01
0
3.31
0
0
0
0
0
6.91
1.25
0.12
0
0
0
2.14
1.97
0.19
0
0
0.23
2.44
0.53
0
0
0
0
0
0
0
0
0
0
0
0
0
0
0
0.05
0
0
0
0
0.89
0
0
1.88
0
0.15
0.02
14.95
2.73
5.92
15.06
10.27
5.91
0.52
2.86
0.05
0.07
0
0
0
0
0
0.03
0.02
0
0.01
0
0
0
0.01
0
0
0
0
0
0
0
0
0
13.65
4.15
1.46
0
0.01
2.73
0
0
0
0
0
0
0
0
0
0
0
12.3
4.82
3.91
2.15
0.88
6.9
0.21
0.08
0.16
0
12.82
16.83
18.48
5.45
4.59
1
1.16
1.87
0.72
0.21
0.16
1.6
5.91
0.13
1.36
2.45
10.25
2.75
5.59
2.55
0
0.04
0
0
3.98
14.45
0
0
0
0
0
0.11
0.03
0.44
0.31
0.02
0
0
0
0
0
0.02
0
0.23
0
0.07
0
0.02
2.41
0.26
0.02
0.14
0.07
0.52
0
0.04
0.51
0
3.95
0.67
0.19
0.55
2.84
3.01
0.46
1.25
5.83
0
0
0.81
0.47
0
0
0.07
0.01
0
0
0
0
1.13
0
0.16
0
5.45
0.12
0
0
0.14
0
0.02
0.02
0.13
0.93
1.9
0.07
0.1
0
0
0
0.05
0
0
0
0.3
0
0
0
0.02
0.1
0
0
0.02
0.04
0
0
0.03
0
0.01
0
0.37
8.76
16.09
10.18
0
0
0
0.15
0.02
0
0
0.29
0.2
0.11
6.08
7.93
8.2
6.38
5.25
0.6
3.19
7.02
19.01
3.57
16.14
10.25
0
0
0
0
0
1.78
0.87
2.57
1.77
3.2
6.79
2.31
0.18
0.65
0
0
0.04
0
0
0.04
0
0.02
0
0
0
0
5.5
0.25
0
0
0
0
0
0
0
0
0
0
0
0
0.05
0.07
0.49
2.41
1.04
10.66
0
8.27
1.6
1.98
0
0.03
0.02
0
0
0.23
6.29
3.15
0
0.06
0
0
0
0
1.83
2.3
0
0.61
0.08
0
0.07
0
0
0
0
0.44
0
0
0
0
0
0
0
0.06
0.27
0.16
0
0
0
0
0
0
0
0
0
0
0
0
0
0
0.19
0
0.21
0.06
0
0
0.08
1.74
0.13
0.21
0.05
0
0.57
4.2
2.97
0
0.03
0
0
0
0
0
0
0
0
0
0
0
0
0.89
0
0.21
2.28
2.07
0.34
0
0
0
0
0
0.12
0.75
0.73
0.2
2.19
7.11
1.41
0
0
0
0.21
0.76
0.88
0.04
2.82
1.05
0.36
0.02
0
0
0
0
0.03
0
0.02
0
0
0
0
0
0
0
0
1.39
1.51
0.14
2.03
0.23
0
0
0
0
0.35
0.77
0
5.05
11.33
10.58
2.59
4.01
0.51
3.95
1.27
5.21
0.8
1.09
0.59
0.13
0.76
1.75
0.25
6.03
6.73
1.05
5.07
8.06
3.74
1.51
1.44
8.13
1.98
0.69
0
0.05
0
13.96
15.18
11.72
8.34
1.49
0.62
0.3
0
0
0
0
0
0.18
7.02
4.64
6.51
4.63
14.75
2.8
0.36
0.01
0.09
0.29
0.2
0
0
6.05
0
0.11
0.04
0
1.21
0.27
0.37
0
0
0.03
0
0
7.8
0
0.19
0
0
0
0
0
0.02
0.22
0.02
0
0
0
0.01
0
0
0.01
0
0
0
0
0
0.07
0
0
0
0
0.02
0.02
0
0
0
0.02
0.37
0.6
0.18
0.03
0
0
0.47
0.01
0
0
0.02
0
0
0
0
0
0
0
0.02
1.25
2.52
0.46
0.11
0.11
0.26
0.08
0
0
0
0.25
0.15
0
0.01
0.66
2.33
1.29
0.39
0.13
0
0
0.01
0
2.13
0
0
0
0.05
0.05
20.02
10.79
0.43
2.3
0.01
0.04
0.05
0
4.98
0.41
3.86
0
0.22
6.91
7.66
3.48
4.84
6.48
33.86
10.56
9.28
16.74
6.41
0.28
3.23
2.29
4.89
0
0.22
0.73
0.13
0.7
0.74
0.96
3.85
12.19
12.41
3.44
0.75
1.18
6.63
1.41
5.74
7.65
0.91
6.49
1.72
2.2
0
0
0.07
0
0.01
0.01
0
0
0.73
0.21
0
0
0
0
0.04
0.46
0.01
0.01
1.05
0.93
4.59
0.45
6.3
0
0
0
0
0.03
0
0
0
0.01
0
0
0.01
0
0.03
0.04
0.02
0.01
0.01
0
0.04
0
0
0.05
0
0
0.34
1.45
0
0
0.66
1.21
0
0.72
4.49
1.34
7.3
9.61
2.73
4.49
14.8
1.02
0.23
0.06
0
0.62
0.74
0
0.02
0.06
0
0
0
0
0
0.01
0.54
0.64
0
0
0
0
0
0
3.38
7.29
1.02
0.83
1.27
0.16
0.07
0
0
0.01
0
0
0
0.36
0.23
0.41
0.51
2.21
0.29
0.13
2.11
0.24
0.24
0
2.33
5.8
3.63
0.85
0.58
0
0
0
0.01
0
0
0
0.01
0
0
0
0
0
0.34
0.56
0.45
0
0.09
0
0
0
0
0
0
0
0.23
0.45
0.76
0.01
0.05
0
0
0.41
1.2
0.8
0
2.29
0
0
0
0
0
0
1.28
2.35
0.03
0.66
4.41
0.98
0.04
0
4.7
6.56
0
0
0
0
0
0
0
0
0.36
0.95
0
0
4.27
0.18
0
0
0.09
0
2.29
2.35
8.64
8.02
1.64
1.36
3.75
1.9
1.09
0.4
1.33
0
0
0
0
0
0
0
0
1.38
0.04
0.04
0
0
0
1.11
0.28
0
0.01
0
0
0
0
0
0
0
0
0.04
0
0
0
0
0
0
0
0.01
0
0
0
0
0
0
0
0
0
0
0
0
0
0
0
0
0.02
0
0.11
0
0
0
0
0
0
0
0
0
0
0.02
0
0.82
1.1
0
0
0.02
0
0
0
0
0
0
0
0
0
0
0.16
0
0.28
0
0
0
0
0
0
0
0
0
0
0
0
0
0
0.02
0.02
0
0
0
0.04
0
0.01
0
0
0
0
0
0.2
0.11
0.13
0
0
0.04
0
0
0.51
1.25
0.59
6.48
2.63
0.89
0.05
0
2.54
2.41
1.23
2.13
1.84
0
2.83
0
0.16
0.3
1.43
9.02
2.49
0.87
0.05
0
19.18
8.25
4.89
0
3.84
3.89
2.59
0
5.29
0.3
0
0.59
0
10.44
2.35
0
0
0.13
0.02
0.05
11.51
8.8
3.72
16.06
3.08
7.77
2.05
0.67
0.33
2.22
0.56
0
0
0.06
0
0
0
0
0
0
0
0
0
0
0
0.39
0.24
0
0.61
0.39
0.25
0
1.19
1.14
4.43
0
0
0
0
0.04
0.24
0
0.02
0.02
0
0.86
0.25
0.41
0.2
0
0
0
0
0
0.02
0.02
0.11
0.24
6.68
1.74
0.16
0.05
0
0.52
0
0
0
0
0.03
0
0
0
0
0
0
8.19
3.56
0.4
0.93
0.41
0
0.14
1.29
0.05
0.31
0.01
0.04
1.5
0
0
0
0
0
0.01
0.01
0.01
0
1
0.92
0.47
0.47
22.1
3.7
0.41
0
0
4.46
0.64
0
0.05
0
0
0
0.4
0.49
0
0
0.23
0.02
0
0.17
0
2.03
0.65
0.13
0.02
0
0.46
0.14
0
0.04
0
0
0
0
0
0
0
0.12
0
0.38
0
0
0
0.29
0.09
0
0
0
0
0
0
0
0
0
0
0
0
0
0
0
0
0
0
0
0
0.01
0.02
0.62
4
5.84
3
4.04
2.76
0.46
4.71
0.87
0.03
0.01
0.36
6.05
2.44
0.63
0.03
0
2.47
16.43
5.14
5.39
10.91
0
0.05
1.65
0.3
0.66
0.04
0
0
0
0
0
0
0
0.01
0
0
0
0.05
0
0
0
0
0
0
0.41
0.94
3.25
3.48
8.81
0.54
0
0.02
0.07
0
1.02
0
0.09
0
0
0.41
0
0
0
50.33
4.48
0.97
3.71
3.79
0.59
0.93
0.75
0.23
0.02
0
0
0
0.19
0.09
0.26
0.13
0.15
0
0
0
0
0
0
0
0
0
0
0.01
0
0
0.17
0
0
0
0
0.45
0
0
0
0
0
0
0
0
0
37.36
3.09
0.81
0.02
0.07
0
0
0
0.02
0
0
2.28
5.46
3
7.36
0
0.01
0
0
0
0
0
0.03
0.02
0
0.08
0
0
0
0
0.03
0
0.06
0.01
0
0.02
0
0
0.11
1.1
7.57
0.16
0.02
0.03
0.01
0
0
0
0
0
0
0
0
0.01
0
0.09
0.64
0
0
0
0
0.02
0.02
0.04
0.02
0
2.69
0.41
0
0
0
0.66
0
0.02
0.02
0.2
2.18
0
0
0
0.12
0
0
0.01
0
0
0
0
0
0
0.03
0
1.54
16.77
21
18.73
0
3.01
8.46
8.62
0.64
4.13
0
0
0.71
0
0.34
0.27
6.7
1.89
2.43
0.56
0
3.84
0
0.05
0.12
10.22
0.23
2.8
5.89
3.13
0
3.23
0.47
0.29
0
0
16.9
2.1
0.2
0
0
0
0
8.51
1.67
3.81
13.2
6.28
5.91
4.32
7.55
16.64
12.44
3.59
0.67
0.83
7.64
6.34
14.31
0.34
15.41
2.22
0.94
7.08
0.05
0.14
0
0
0
0.01
0
2.14
1.84
8.71
3.48
16.9
5.66
0
2.87
3.24
6.25
2.9
0
7.18
10.78
0
0
0.61
8.89
0
0
0
0
0
0
0
2.33
0.55
0
0
0
0
1.2
0
0.02
0
0
0
1.49
6.38
0.1
0
0
0
0
0
0
0
0
0
0
0
0.01
0
0.42
3.63
2.15
0.38
0
0
0
3
0.03
0
0.02
0.19
0.04
0.14
3.19
0
0
1.76
6.84
7.33
6.01
0
0
0
0
3.19
2
0
0
0
0
0
0.02
0
0
0.17
0.34
0
0
0
0
9.53
0.01
0
0
0.01
0
1.68
1.65
2.74
1
0.96
0.16
0.06
3.04
20.12
9.43
1.61
5.1
23.23
9.58
0.95
0
0
0.99
0.89
15.13
9.17
3.96
1.57
0.18
0
0
0
0
0
0
0
0
0
4.13
2.11
0
0
0
0
0
0.13
0
0.4
0.39
0.03
0.61
0
0
0.3
1.32
6.23
0.58
1.82
0.4
0.02
0
0
0
0
0
0
0
0
0
0
0
0
0
0
0.11
0.71
0.58
0
0
0
0
0
0.06
0
0.01
0
0
0
0
0
0
0
0.08
0.25
9.32
0
0.01
0
0
0
0
0.09
0
0.15
0
0
1.18
0.62
0
0
0
0.13
21.55
2.91
1.1
0.74
0
0
0
0.2
0
0.02
0
0
0
0
0
0.23
0
0
0
0.01
0
0.02
2.22
0
0.04
0
1.39
0
0.12
1.13
0
0.96
0.02
0
0
0.7
1.28
1.8
9.46
6.6
0.86
0
0.01
0
0
0
0
0
0.05
0
0
0
0
0
0
0
0
0
0
0
0.02
12.04
0.32
0.3
0
0.38
0
0
0.28
0
0
0
0
0
0
0
0
0
0
0
0
0
0.35
2.23
0.33
0
0
0
0
18.13
31.17
14.11
12.39
3.07
0
4.44
0
2.45
2.68
1.03
0
1.66
0.64
0
0.03
0.38
0
0
0.01
0.05
0.05
0
0
11.66
8.48
0.81
1.53
0
0.8
0.31
12.01
22.79
20.4
3.78
0
0
4.44
10.44
11.74
19.14
11.66
5.88
9.72
5.51
1.45
0
0
2.03
8.28
0.77
14.86
0.77
12.02
2.13
0.92
10.77
2.95
13.91
18.36
0
0
0
0
0
0
3.6
11.42
1.57
11.52
19.17
15.8
4.79
7.05
2.32
0
0.4
0.11
0
0
0
0
0
0
3.45
0.8
0.16
0.01
0
0
0
0
0
0
0.16
0.11
0.08
0.03
0.01
0.2
0
0
0
0
2.07
0.34
0.58
0
0
0
0
0
0
0
0
0
0
0
0
0
0
0
0
0
0
0
0
0
0
0
0
0
0
0
0
0
0
0
0
0
0
0
0
0
0.13
0
0.01
0.05
1.28
0.29
0
0
0
0
0
0
0.01
0.44
5.37
20.79
17.48
3.68
0.83
0
0
0
0
0
0
0.04
0.01
0
0
0.06
0.19
0
1.27
0.85
1.82
0.25
0.04
0
0
1.16
2.2
2.77
3.34
12.9
3.97
1.64
0.06
0
0
0
6.77
3
6.72
0
0
0.25
7.81
17.71
1.8
4.51
0.32
5.63
17.27
4.72
0
0
0
0
0
0
0
0
0
0.01
0
0
0
0
0
0
0
0
0
0
0
0.07
0.59
0.58
0.01
9.42
4.95
1.28
0
0.02
0
0.11
0.72
0.74
4.38
0
0
0.02
1.13
0.23
0
0.06
0.01
0
0
2.78
2.96
18.66
0.77
0
0
1.2
1.96
0
0.43
0
0
0.1
1.47
0.59
0
0.05
0
18.39
0.28
7.68
0.37
0
0.92
0.06
0.02
0
0
0.14
0.02
0
0.05
1.73
0.02
0.02
12.7
1.34
5.3
0
0
0.02
0
0.29
0.03
0
0
0
0
0
0.62
0.2
0
0
0
0
0.2
7.35
0
0.16
0.27
0
1.17
0.27
0
3.2
1.82
1.48
5.08
0.26
0.04
0
0.6
0
0
0
0.16
0.09
0.45
0
0.03
0
0
0
0
0
0
0
0
0
0
0.68
2.37
3.94
5.35
2.04
0
1.56
3.04
6.24
6.22
0.15
0
0
0.11
11.2
15.21
5.66
38.48
12.36
1.04
4.88
3.3
5.99
6.98
0.93
9.02
0.54
0.04
0.34
3.19
8.11
2.81
4.44
17.95
5.71
0.88
2.48
7.44
0
0.21
1.73
0.4
0.41
0.04
0.85
0
9.35
0
0
0
0.98
0
0.22
2.77
1.81
0.03
0
7.73
16.73
29
5
2.44
0
2.98
6.56
0
0.02
1.33
0.7
0.16
1.23
0.86
3.13
10.02
0.06
0.81
0
0.83
0.45
0.02
0.16
0
0
0
0
3.36
4.19
0.04
0
0
0
0
0
0
0
0
0
0
0.57
4.3
0.01
1.02
3.88
0.11
0.92
1.7
16.44
1.92
2.92
0.15
0
0.01
0.05
0.26
0.04
0
0.01
0
0.01
0
0
0
0
0
0.14
0.53
0.56
0
0
0
0
0
0
0
0
0
0
0
0
0
0
0
0
0
0
0.16
0
0
0.01
0
0
0
0
0
0.63
0.45
0.42
0.18
0
0
0
6.25
1.39
1.46
0
0.6
3.25
2.61
3.59
2.02
0.21
0
3.86
3.66
1.83
0.89
1
13
2.42
2.41
0.49
0
0.02
0
0.64
0.56
0.25
0.02
0.18
3.22
0.68
3.21
5.5
2.34
2.62
2.32
2.45
0.81
0.35
0.67
0
0
0
7.23
8.48
2.42
9.21
7.66
2.2
1.23
0.36
0.51
3.84
3.41
0
0.73
0.63
4.59
0.26
10.06
18.12
1.77
13.82
0.52
4.38
0.95
0.53
0.02
0
2.86
0.99
0
0
0
0
0
0
0
0
0
0
0
0
0
0
0
0
0
0
0
0
0
0
0
0.37
0
0.84
0.08
0
0
0
0
0
0
0
0
0
0
0
0
0
0
0.11
0
0
0
0
0
0
0
0
0.05
0
0
0
0
0.75
1.45
0
0
0
0
0
0
0
0
0.05
0.33
0
0
1.36
1.68
0
1.73
0
0
0
0
0
0
0.05
0
6.37
0.04
0
0
0
0
0.08
0.01
0
0
0
0
0.01
0
0.14
0.08
0.07
0
0
0
0.03
0
0
0.31
0.23
2.82
10.05
0
9.16
9.81
6.62
1.28
4.63
3.16
1.36
0.3
0.93
1.79
4.59
15.75
4.65
0.05
1.12
0.95
0.18
0.13
0
0
0
0
0
0
0
0
0
0
0
0.02
0.01
0.3
1.14
0.01
0.08
0.01
0
0
0.05
0.6
18.36
8.57
0.55
0
0
0
0.01
0.48
0.18
0
0
0.31
0
0
0
0
0
0
0
0.01
0.01
0
0.29
0
0
0
0
0
0
0
0.23
0
0
0
0.3
0
0.04
0.22
0.73
0.32
0
0
0
0
0.01
0
0
0.02
0.03
0
0
0.02
0
0
0
0
8.65
12.65
1.74
0
0.04
0
0
0
0
0.58
0.71
3.29
1.1
0.02
0
0.01
0
0
6.58
4.2
0
0
0.25
0.17
1.33
0.13
0.01
0
0
0
0
0
0
0
0
0
0
0
0
0.14
0
0.47
4.73
0
0.01
0
0
0
0
0
0
0.01
0
0
0
0
0
11.63
6.17
0.8
1.95
0
0
0.21
2.77
0.05
0
0
0
0
0
0.83
16.32
5.66
0
0.33
1.28
0.01
0
0
0
0
0
0
0
5.47
5.38
2.41
2.05
0.82
0
0
0
1.02
0
0
0
0
0
0
0
0
0
0.01
0
0.02
1.95
2.4
6.77
1.1
0
0
0.71
0.67
0
0
0.02
2.29
6.21
15.65
9.25
5.77
0.99
10.4
1.91
2.43
0.3
1.29
3.47
6.32
0.29
0
0
0
0
0
0
0
2.11
3.73
8.74
5.09
0.8
0
0
0
0.02
0
0
0
0
0
0
1.19
11.77
2.03
0
0
0
0
0.16
0.48
4.31
0
0
3.29
23.95
0.34
0
0.1
0.18
0.13
0.05
0
0
1.11
0.19
0
0.02
0.45
0.09
0
0
0.36
0.04
0
0
2.02
0
0
0
0
0
0
0.16
0.49
1.77
0
0
0.02
0
0.02
0.08
0
0
0
0
0
0
15.09
2.11
0
0.07
0
5.37
0
0
0.06
0
0
0
2.26
0.23
0
0
0
0.48
0
0
0
0
0
0
8.76
0
0
0
0.03
0.53
1.39
0
0
0
0
0
8.57
4.12
0.32
0
15.94
4.14
4.27
2.23
0.17
0
0
0
0.19
0
7.2
0.87
0.14
0
9.85
26.03
2.78
0
0
0
7.05
8.93
0.95
0
0
0
0.12
0
0
0
0
0.44
1.03
2.43
0.07
0
0
3.88
8.75
1.95
0
0
0.22
9.59
3.09
18.62
10.58
10.34
13.2
19.34
7.2
1.86
12.84
10.82
3.95
0.19
0.21
0
0
0
0
0
0
0
0
0
0
0.09
17.96
10.45
1.56
3.4
2.12
0.59
0
0
0
0.63
0.91
0.03
0
0
0
0
0
0
0.03
0
0
0
0.05
0.32
0.05
0.16
0.02
0
4.21
0.27
0.13
0.02
0
4.23
1.73
0.56
0
0
0.7
0.09
0
0
0.03
0.56
0
0.03
1.5
2.45
4.83
1.49
0
0
0
0.02
0
0
0
0
0.39
1.58
0.37
0
0
1.94
3.79
2.78
0
0.31
0
0
0
0
0
0
0
0.13
0
0
0
0
0
0.36
0.69
0
0
0
0
0
0
0
0
0
0
0
0
0
0
0
0
0
0
0
0
0
0
0
0
0
0
0
0
0
0
0
0
0
0
0
0
0
0
0
0.04
0
0
0
0
0.01
0.02
0.23
4.87
0.96
6.48
4
1.27
1.01
0.74
0
0.78
0
7.45
1.87
2.04
11.96
6.2
2.27
0.03
0
1.43
5.75
3.23
5.59
2.14
0
1.78
8.24
24.31
11.13
1.43
8.46
2.83
0
0.26
9.52
1.28
0.02
0.64
4.71
15
1.28
0
0.14
0.37
0.24
0.38
3.89
2.12
8.52
14.48
6.09
1.01
2.06
1.93
0.03
0.01
0
0
6.95
4.18
1.07
0
1.69
3.35
3.09
0
0
0
10.35
0.84
0
0
0
0
0.9
0.73
3.73
10.81
1.84
0
0.01
0
0
0
0.02
0
0
0
0
0
0
0
0
0.01
0
0
0
0
0
1.6
3.05
0
0
0
0
0
0
0
0
0.04
0
0
0
0
0
0.02
0
0.06
0
1.72
3.3
0.7
0
0.01
0
0
0
0
0.42
0
0
0
0
0
0
0
0
0.01
0
0
0
0
0
0
0.02
3.45
0
0
0
0.02
0
0
0
0
0
0
0
0
0
0
0.13
0
0
0
0.35
0
0
0
0.01
0
0.01
0
0
0
0
0.97
0.05
0.06
0
0
0
0
0
0.82
6.7
0
0
0
0.15
0
0.76
0.82
0.38
1.7
0.39
0
0.27
0
0
0
0
0
0
0
0
0
17.22
0.93
0
0.49
2.2
0
0
0
0.3
5.26
2.89
1.12
0.99
0.26
0
0.2
0.01
0
0
8.27
0.71
1.37
19.23
0.05
2.84
17.54
2.52
0
0
0
0.01
0
7.76
3.34
0.7
0.02
0.02
0
0
0
0
10.78
26.21
3.71
2.23
0.1
0.84
0.05
1.09
12.46
0.67
15.41
3.83
0
0
7.59
17.3
3.27
1.56
0.22
0
0
0.15
0.06
2.67
0
0.04
0.09
0
0
0
1.7
11.02
13.46
8.69
7.3
13.99
3.44
6.29
9.08
5.56
0
7.06
0.04
4.11
3.05
12.76
4.23
0
0.7
4.59
2.62
8.63
0
0.34
0.57
1.71
3.31
1.13
12.09
2
0
0
0.41
4.68
8.59
5.25
20.91
4.44
2.29
1.1
0
0
0
0.02
0
0.25
2.11
1.79
5.27
7.51
1.04
0.23
0
0
0
0
0.12
0
0
0
0.05
0
0
0
0
0.12
0.77
0.78
0.77
0.15
20.66
20.45
6.69
17.88
2.66
0
6.61
3.64
0.04
2.06
1.45
2.71
0
0
0
2.05
0.14
0
0
0
0
0
0.02
0.11
0.09
6.05
0.28
0.67
0.89
0.38
0
0
0
0
0
0
0
0
0
0
0
0
0
0
0
0.22
0
13.27
4.89
0.08
0
0
0
0.02
0.25
0.01
0.02
0.39
0.38
2.05
0.48
0.94
2.89
0.86
2.38
0.22
0.01
0
0.67
7.21
2.86
0
0
0
1.41
0.87
0.05
0.69
9.54
5.31
17.94
3.16
3.85
1.16
1.95
0
0
0
0
0
0.02
0
0.03
0
0
0.04
0
0
0
0
6.17
2.93
0.13
0
0
0
0
0
0
0
0
0
0
0
0
0
0
0
0.01
0
0
0
0
1.2
0.93
0
0
0.83
0
1.37
3.7
0.02
0.48
0.7
0
1.36
3.12
0
0
0.1
0.01
0.04
0
0
0
0.01
0
0
0.02
0.07
0.84
0
0
0
0
0.01
0
0
0
0
0
0.01
0
0.02
0.35
5.53
0.13
0.35
0.39
0
0
0
0
0
0
0
0.01
0
0
0
0.02
0
0
0
0
0.01
1.11
0.63
0.02
0.62
0
0
0
0.04
0
0
0
0
0
0
0
0
0.39
4.73
16
12.74
8.62
0.95
0.81
0.38
0
11.41
1.3
0
0
0
0
0
0.55
8.54
1.16
6.68
1.08
0
0
6.61
0.83
0.01
0
1.85
9.32
14.66
28.86
5.43
0
2.3
0.09
0
0
0.02
0.02
0
0
0.01
0
0
0.06
0
0.65
0.41
0
0
0
0
0
0
0
0.45
0.51
0.4
0.02
0
0
0
0
0
0
0
0
0
0.01
0.04
0
0
0
0
0
0
0
0
0
0
0
0
0.02
0
0
0
0
0
0.01
0
0
0
0
0.06
0.81
1.82
0.47
0
0.02
0
0
0
2.95
3.48
3.41
6.34
7.75
0
0
0
0
0
0.06
0
0.01
0.83
0.98
0.03
1.2
0.52
0.55
0
0
0
1.57
0.86
11.85
1.77
0
0
0
0.03
0
0
0
0
0
0.36
0
5.66
0.25
0.22
0
0.02
0.02
0
0
0
0
0
0
0
0
0
0
0
0
0
0
0
0
0
5.27
3.61
1.01
12.09
3.68
1.34
0.23
0.08
0.01
0
0
0
0.53
9.2
6.66
19.02
7.46
1.75
0
0
0.03
0.04
0.03
0
0
0
0.01
0
0.04
0
0
0.06
0
2.18
1.15
0
8.29
11.62
4.41
1.33
0
6.34
9.39
3.62
0
0
0
0
0
0.83
0.01
0
0
0
0
0.01
0
0
0
0
0
0
0.13
0.88
0.08
2.7
9.97
2.32
18.69
23.54
1.38
0.95
1.11
0
0
0
0
0
0
0.01
0
0
0.58
1.58
0
0
0
0.01
0
0
0
0.08
0.5
0.16
0.33
2.93
7.98
11.02
5.3
9
2.09
0
0
0
0.02
0
0
0
0
0.02
0
0
0
0
0
0
0
0
0.02
0.01
0.03
0
6.95
0
0
0
0
0.02
0
0.45
0.82
0
0.09
0
0.04
0
0
0
0
0
0
0
0
0
0.03
5.53
0.02
0
0
0
0
0
0
0.07
0.02
0
0
0.01
0.15
0
0.17
0
1.45
3.03
0.43
0
0.07
2.43
0.93
0
0
2.26
0.1
0
0.15
0
20.8
4.39
0
5.07
1.16
0
0.05
0.11
0.02
3.65
2.69
0.14
0.02
0
0.31
0
1.95
0.05
0
0
0
0
0
1.02
5.96
16.35
5.34
0.52
5.91
0.89
8.07
0.55
0.05
0
0
0
0
0.02
0
6.14
0.12
0
0.01
0
0
0.62
14.04
21.14
5.44
0.6
0
0
0
0
2.57
0.1
0.01
0
5.84
7.12
0
0
0
0
0.02
0
0
2.33
2.15
0
0
0.23
0
0.02
0
0
0
0
0
0.02
0.25
1.08
13.41
8.29
4.12
6.82
2.32
3.8
13.34
3.25
4.17
11.72
1.85
6.61
0.23
0.11
2.8
2.55
2.27
0
0.88
0.07
0
0.05
0.12
0.22
0
0
7.51
10.37
2.91
0.2
3.7
1.34
0
3.55
3.68
5.46
4.98
0.18
0
0
0
1.71
0.97
4.32
7.72
0
0
3.37
1.59
2.04
7.82
2.61
1.9
10.15
0.64
7.96
1.34
6.14
0.04
0.34
0
0
0
0
0
0.25
5.91
2.23
6.14
3.02
10.43
0
0
0
0
0
0
0.08
0.96
1.67
0.33
0
0
0
0
0
0
0
0.01
0
0
0
0
0
0
0
0
6.35
10.14
1.54
0.48
1.44
0
2.04
19.89
10.31
1.64
0.2
0
0
0
0.08
1.66
0.06
0
0.01
0
0
0
0
0
0.11
0
0.02
0
0
0
0
0.02
0
0.73
0.94
0.08
7.92
17.27
4.31
12.72
21.98
5.58
0
0
0
0
0
0.01
0
0
0.04
0.69
1.35
2.02
6.77
12.24
1.42
0.88
0
2.14
6.37
1.58
0.19
0.52
0.61
0
0.85
2.34
0.02
0
0
0.31
0
0
0
0.8
2.45
7.46
2.62
6.26
1.07
0
0.13
0.09
0
0.02
0
26.13
0.49
0.01
0.01
0
0
0
0
0.02
0
0
0
0
0
0
7.5
6.73
1.13
0.21
4.31
1.99
0
1.1
0
0
0.02
0.27
0
0
0
1.16
0.11
0
0
0
0
0
0
3.79
0.45
0
0
0
0
0.2
0.15
0
0
0
0
0
0.05
0.02
0
0
0
0.34
0.65
0
0
0.25
0
0
0
0
0.01
0.03
0
0
0
0
0
0
0
0
0
0
0
0
0
0
0
0
0.03
0
0.01
0.09
0
0
0.01
0.01
0
0.08
0
0.11
0
0
5
0
2.52
0.17
0.09
0
0.05
0
0
0
0.13
0
0.08
1.42
9.95
1.03
1.97
0
0.05
0
0
0
0
0
0
0
0
0.02
0
0.02
0.02
0.02
0.19
0
0
0
0.34
0.25
2.43
3.44
17.82
9.33
6.49
0.46
0
0
0
0
0
0.09
0.09
0.34
3.77
8.2
8.21
0.35
11.54
1.78
27.07
10.2
1.35
1.72
0
0
0
15.05
2.58
2.34
9.23
0.02
17.15
13
1.72
0
0
0
0.21
0
0
7.72
1.43
0.4
0.01
0
0.02
0
12.05
6.04
0.17
0
0
0
0.01
5.34
5.95
0
0
8.96
0.65
0
1.53
7.71
2.82
0.5
0.26
0
1.02
3.42
0.82
1.27
2.34
0.26
0
0
0
0
0
0
0.95
1.91
0
0
0
0
0
0
0
0
2.55
0.89
0.17
0.41
0
0
0
0
0
0
0
0.02
0.11
0
0
0.05
0.34
0.03
0.18
0
0
0.13
0
0
0.02
0
0.05
0
0
0.34
3.84
2.54
0.34
0.03
2.95
5.63
0.63
0.02
0.13
0
0.12
0.2
0.12
0.05
0
0
0
0
0
0
0
0
0
0
0.38
6.91
5.84
5.27
3.55
14.13
16.5
3.98
1.79
0.35
0.8
0
0
0
0
0
0.22
0
0
1.33
0.93
0.3
12.17
1.95
0
0
0.01
0.03
0.69
0
0.01
0
0
0.02
0.07
0
0.77
5.94
5.61
6.16
5.95
0.82
12.88
0.99
0
0
0
0
0
0
0
0
0
0
0
0
11.3
9.97
1.09
1.75
0
0
4.91
1.56
0.05
0
0
0.04
2.02
18.77
3.8
2.81
10.85
23.3
2.8
2.73
5.69
1.4
0.11
0.04
6.24
4.39
0.44
0.05
0
0.01
0
0
0.44
0.01
0
0
0
3.79
5.39
0.48
2.97
0.11
2.31
0.03
0
0
0
0
0
0
0
0
5.53
5.55
0
1.09
0.28
0
3.97
0.24
0
0.04
0
0.02
0
1.16
0.09
0
0
0
0.04
0
0.02
0.26
0.14
0
0.01
0
0
0
0
3.21
19.85
0.07
0
0
0
0
0
0
0
0.66
9.41
3.64
0.04
0
0
0.02
0.01
0
0
0.01
0.01
0.04
8.08
0.01
0
0
0.49
0.54
0.2
1.68
0
0
0
4.02
4.04
0.77
0.21
0.12
0
0
0
0
2.55
0.7
1
0
0
0
0.03
0
0
0
0
0
0
0
0
0
9.75
11.26
0.55
1.1
2.38
0
0
0
0
0
0.16
0
0
0
0.09
0
0
0
0
0
0
0
0
0
0
0
0
0
0
0
0
0
0
0.15
0
0.11
0
0.16
0
0.34
0.07
0
0
0
0
0.57
4.78
9.62
5.23
3.67
0.55
0
0
26.96
4.86
22.23
9.26
2.14
1.85
2.61
1.86
1.24
1.76
11.17
3.93
0
0.52
0.66
0
0
0
0
0
0
0.02
0
0.07
0
0
0
0.05
0
0
0
0
0
0.13
2.7
3.83
0
12.16
1.98
4.33
0.04
0.57
0.02
0
0.33
0.43
0.11
0
0
0.2
0.43
0.28
0.2
0
0.13
0.01
0
0
0
0
0
0
0
0.14
0
0
0
0
0
0
0
0
0
0.01
0
0
0
0
0
0
0
0
0
0
0
0
0
0
0
0
0
0.25
2.15
0.31
0.16
0
0
0
0
0
0
0
0.07
1.63
6.59
0.24
0.55
0.02
0.03
0
0
0.05
0
0.04
0
0
0
0
0.14
1.37
7.29
1.3
1.48
0
0
0
0
0
0
0
0
0
0
0
0
0
0
0
0.01
0
0
0.86
0.09
0
0
0
0
0.82
0.65
5.69
0.41
0.36
9.02
0.41
0.8
0
0
0
0
9.05
4.71
0.79
0
0.07
0.12
0
0.12
0
0
0
0
1.2
0.27
0
0
0
0
0.28
0
0
0
1.3
0
0
0.11
0
0
0
0.01
0
0
0.01
0.02
0
0
0.01
0.1
0
1.78
3.04
9.1
1.59
0
3.39
0.05
0.2
0
0
0
0
0
0
0
0
0
0.02
0.51
1.39
12.41
4.44
1.55
0
0
0.01
0.01
0
0
0
0.05
0
0.85
0.02
0
0
0
0
0
0
0.93
0.64
2.07
1.83
1.04
0
0
6.27
0.32
0.01
0.02
0
0
0.3
0.48
0
0
1.39
0.11
0
0.01
0
0
0.01
0
0
0
0
0
0
0
0
0.09
0
0
0.04
0
0
0
0
0.01
0
0
0.02
0
0
0
0
0
0
0
1.04
0.08
0
0.01
0
0.02
0.16
0.03
0
0.02
0
0
0
0
0
0
0
0
0
0
0
0.04
0.09
0.08
0.01
0.01
0
1.89
5.58
1.94
0.48
0
0
0
0
0
0
1.54
0.03
0.01
0
0
0
0
0.02
0
0
0
0
0
0
0
0
0
0
0
0
0
0.02
0
0.02
0.98
3.57
3.85
6.16
1.41
0
0
8.38
5.97
0.23
3.25
3.53
12.38
0.86
0.74
0
0
0.83
24.54
0.59
4.91
2.67
0
0
0.1
0.34
0
0
0.04
2.92
1.54
0.1
0.77
16.82
12.66
22.86
9.94
0.27
0.26
0.02
0
0.02
0
0
0
0.01
1.38
0
0.14
0.27
0
0
15.51
13.4
0.52
0.37
0.11
0.11
0
0
0
0
0.01
0
0
0
0
0
0
0.02
0
0
0
0
0
0
0
9.12
2.04
0
1
0
0.16
0
0
0
0
0.79
4.56
2.67
2.21
9.28
0
0
0.05
0.01
1
2.85
4.05
0.16
0.33
0.1
0
0
0
0
0
0
0
0
0.04
0
0
0
0
0
0.05
0
0
0
0
0
0
0
0
0
0
0
0.17
0
1.27
4.69
2.61
3.27
2.61
0.64
2.71
2.21
17.59
5.05
0.22
0.2
0
0
1.85
13.62
1.93
0.45
0
0.08
0.08
0.01
0.01
0.02
0
0
0
0
2.55
8.18
4.09
1.85
0.94
2.21
5.86
0.3
0.04
0
0
0
0.07
0
0
0
0.03
0
0.27
1.2
3.07
4.35
0
0.04
0
0
0
0.03
7.05
3.18
0.23
0
0
1.71
0.02
7.6
3.71
2.26
0
0.08
0
0
0
0
0.01
0.01
0.1
2.23
2.95
4.59
1.16
0.46
0
0
0
0.17
4.75
0.88
0.2
0.01
0
0
0.01
0
0
0
0
0.02
0
0
0
0.01
0
0.15
0.07
0
0.01
0
0.02
0
0
0
0
0.8
5.55
3.96
0
0.54
0.01
0
31.56
2.14
0
1.13
3.42
0.08
0.23
0.16
4.56
2.6
0
0
0.95
5.39
0.01
0.24
0.05
0
0
0
0
0
0
0
0
0
0
0.9
6.19
3.13
1.34
0.54
1.84
6.43
2.2
0.3
0.02
0
0.09
0
0
0.02
0.04
0.01
0
0
0
0
0
0
0
0
0
0
0
0
0
0
0
0
0
0.01
0
9.92
0
0.02
0
0
0
0
0.05
0
0
0
0
0
0
0
0
0
0
0
0.71
2.58
3.25
0.66
0.48
0
0
2.95
7.41
10.93
0.81
0
0.01
0
0
0
34.69
6.43
0
3.25
0.56
0
0
0
0
0
0
1.42
0
1.03
0
0.02
0
0.03
0
0.02
1.42
0
0
0
0
0.67
11.22
7.64
6.42
15.37
1.04
5.88
4.82
0.12
5.08
0.13
0
0
0
0
0
0
15.34
14.95
2.7
0
1.48
3.22
0
0.13
0
0
0
0
0.02
7.2
13.14
0
0
0
0
0
0.64
2.54
4.03
3.23
0.07
0.45
0.93
0
0
0
0
0
2.07
12.95
4.15
9.47
0.31
0
0
0
0.01
0.01
0
0
0
0
0
0
0
0
0
0
0.01
0
0
0
0
0.02
0
0
0.07
0.11
0.01
0
0
0
0.01
0
0
0.05
0.15
0
0.02
0
0.17
0
0
0
0.03
0
0
4.83
0.36
1.78
2.34
4.3
0.09
0
0.16
0.99
0
0
2.75
3.87
2.44
0.49
0
2.54
13.29
4.56
3.86
2.14
0
0.48
2.55
0.18
5.93
0
0
0
5.6
1.27
0.1
2.29
1.43
3.39
0.38
0.04
0
0
0
0
0
0.48
2.78
2.09
0.02
0
0
0
0
0
0.01
0.02
0.14
0
0
0.39
0.56
0.48
0
0
0.41
0.05
4.25
5.29
2.15
0.32
1.6
3.34
6.37
4.27
2.84
0.39
0.37
4.96
6.05
2.99
2.01
0.58
4.53
7
3.99
1.25
0
1.21
0.35
0.05
0.02
0.6
0
0
0
0
3.04
13.36
8.34
11.43
2.68
6.19
0
5.46
5.21
0.63
0.33
0
0
0
0
0
0
0
1.31
0.28
0.02
0
0.27
0
8.9
15.3
2.09
1.64
8.47
1.9
3.32
2.31
0.4
0.16
0
0
0.01
0
0
0
0
0.05
0.08
0
0.02
0
0
0
0.12
0
3.14
3.91
19.53
3.63
0.05
0.02
0
0.01
0
0.05
0.02
0.02
0
0
0
0
0
0
0
0
0
0
0
1.94
0
0
0
0
0
0
0
0
0
0
0
0
0
0
0
0
0
0
0
0
0
0
0
0
0
0
0
0
1.3
1.35
0
0
0
0
0
0
0.02
0
0
0
0
0
0
0
0
0
2.64
0.79
0
0.09
0
0
0.04
0
0
0
0
0.02
0
0
0
0
0
0
0
0
1.71
0.13
6.65
1
0
0
0.16
0
0
5.26
0.66
0.35
0.26
0
0.55
0
0.23
0.31
0.36
2.45
3.05
1.65
10.74
4.11
0.55
0
0.02
0
0
0
0
0
0
0
0
0
0.01
0
0
0
0
8.65
0
0
0
0
0
0.07
0
0.01
0
0.01
0
0
0
0
0
0
0
0
0
0
0
0
0
0
0.01
0
13.64
16.91
0.48
2.55
0.01
0.08
0
0
0
0
0
0
0.87
0.08
0
0
0
0
0
0
0.3
0.11
0.01
0
0
0.02
0
0
0.79
0.99
0.48
0.71
0.59
0.72
0
0
0
0.02
0
0.01
0
0
0
1.36
8.43
2.13
0.25
0
0.35
0.52
0
0.19
0.46
9.37
0.53
1
0.79
2.04
0.94
0.04
0
0
0.34
0
0
0
0
0
0
0
0
0
0
0
1.96
0.75
10.28
1.4
0
0
0
0
0
0.01
0
0
0
0.3
0
0
0.48
1.24
16.07
3.87
0.46
0
0
3.7
0.5
0
3.39
0.79
0.04
0.01
0
0
0
0
0
0.01
0
0
0.01
0.13
0
0
0
0
0
1.15
0.29
0
0.1
0.48
5.21
0
1.1
0
0.29
0
0
0
2.09
0.35
0
0
0
0.03
0
0
19.4
12.7
14.21
11.56
4.47
0
1.29
0.4
0
8.59
13.5
7.45
16.37
10.05
3.47
0
0.91
0.43
0
0
0
0
0
0
0
0.01
0
0.05
0.37
0.05
0.78
12.43
14.43
11.89
1.55
5.63
8.06
1.61
4.06
3.3
2.57
3.76
1.27
0
4.86
1.23
8.63
5.53
6.72
0.9
0.13
1.97
1.08
1.01
16.32
4.35
3.38
0.77
0
4.05
0.31
0.14
5.58
7.4
5.85
0.94
0
0
1.02
2.37
6.46
0.61
0
0
0
0.01
0
11.9
4.81
0.14
0.05
0.01
0
0
0.38
0.01
0
0
0.01
0
0.05
0
0
0
0
0
3.11
1.3
0
0
0.12
0
0
0.01
0.04
0.02
0
0
0
0
0
0
0
0
0
0
0
0
0
0
0.15
0.02
0
0
0
0
0
0
0
0.02
0.01
0
0
0
0
0
0
0.94
0.7
0
0
1.45
0
1.01
0
0
0
0
0
0
0
2.29
2.82
1.2
0.57
0.43
4.6
2
0.03
0
0
0
0
0.01
0
0
0
2.49
3.5
1.79
0.29
0
0.54
0.2
0.15
0
0
0
0
0
0.02
0
0.02
3.98
0
0
0
12.48
5.1
0.64
0.51
0
0.05
0
8.18
0.02
3
10.63
7.39
0.66
1
0
0.02
9.67
15.35
2.72
6.57
22.85
5.92
4.16
0.85
0.14
0.2
0
1.02
0.59
0
0.01
0.27
0
0
0
0
0
0
0.02
0.01
0
0
0
0.01
1.7
0
0
0.14
7.97
4.07
0
1.81
1.02
1.37
1
1.21
6.3
18.41
6.06
2.72
0.65
0.36
0.22
11.02
1.55
0.28
0.4
0
0.01
0
0.2
0
0
0
0
0.01
0
0
0
0.01
0.14
0.04
0.3
2.44
7.36
0.63
0.01
0.09
0.36
1.66
3.41
1.35
0.49
0.05
1.07
0
0
0
0.04
2.52
2.78
2.41
1.99
6.99
1.14
1.16
2.43
0.83
0.17
0.16
1.16
1.11
2.26
4.33
7.35
2.64
6.27
9.07
2.98
1.2
0.38
1.59
0
0
0
0
0
0
0
0
0
0
0
0
0
0
0
0
0
0.04
0.7
2.52
1.59
1.01
7.34
2.15
0.72
0
0.4
0.27
0
0
0
0
0
0
0
0
0
0
0
0
0
0
0.34
0
0
0
4.69
0
0.41
0.46
0
0.01
0
0.02
0.09
4.8
1.77
0.02
5.25
14.5
2.3
2.84
0.02
5.98
3.87
5.05
1.6
6.79
1.71
0.55
0.7
0
0
0
0.36
0.81
0
0
0
0.84
0.34
0
0
0.32
0.01
0.03
0
0
3.96
1.66
0
0
0
0.02
0
0
0
1.69
0
2.3
0
0
0
3.24
0.25
0.08
0
0.3
0.03
0.84
0
0.02
0
0.01
0
0
6.37
0.49
0.18
0
0
0
0.01
1.17
3.22
0.15
0.18
0
0.49
0.34
0
0
0
0
0
0.07
0.05
0
0
0
0.04
0.02
0
0
0
0
0
0
0
0.89
0.05
0
0
0
0
0
0
0
0
0
0
0.15
0
0.01
0.02
0
0
0
0
0
0
0.01
0
0
0
0
0.05
2.46
0
2.59
0
6.46
0.7
0.3
0
0.34
0
0
0.01
0
0
0
0
0
0
0
0
0
0
0
0
0
0.03
0.01
0
0
0
2.6
0.3
1.59
0.59
0
0
0
0.51
0.3
0.41
0
0.01
10.51
1.8
0.18
0.05
0
0
0
0.02
0
0
0
0.17
0.3
0.7
0.95
0
0.5
0.6
0
0.85
3.28
2
0.01
0
0
0
0.33
0.35
0.03
0
0
0
0.24
15.47
9.13
0.81
0
0.05
0
0
0
0
0
0
0.01
0.15
0
0
0
0
0
0.76
0.49
0.25
0
0
0
0
0.27
0.24
0
0
0.01
0
0
0.62
0.21
0.02
0.02
0.25
2.15
0.13
4.47
7.08
0.64
0.34
5.43
4.64
0
0.42
1.42
2.43
0.28
0.13
0.01
0
1.51
0.26
1.54
0
3.9
0.93
0.26
0.02
3.12
12.8
18.27
27.37
15.57
18.36
6.68
4.04
13.56
13.34
9.01
4.99
3.45
0
4.18
7.62
1.65
0.54
5.27
0.27
0
3.48
2.4
8.65
10.95
1.82
0.02
2.82
1.65
0.85
2.83
0
0.19
0.15
0
0
1.03
0
0
0
0
0
0.96
0.38
0
0.16
3.94
2.38
0
0.38
9.77
3.96
0
0
0
0
0.01
5.09
16.73
3.1
1.3
0.31
0.09
6.91
6.27
4.54
1.2
7.92
4.51
0.94
2.49
0.41
4.1
5.17
0.22
12.23
3.63
6.93
1.15
0
0
0
0
0
0
0
0
0
0.05
0.23
0
4.62
0.98
2.96
20.02
8.65
0.47
0
0.63
4.43
0.84
1.93
0.07
0
3.55
0.35
0
1.5
3.34
0.48
0
0
0
2.37
7.28
9.36
6.84
3.47
11.79
5.07
1.3
0.04
0.92
1.99
0.82
0
2.14
0
0
0
0
3.45
2.66
2.77
4.48
0
1.2
0
3.3
11.32
8.61
5
4.82
8.98
6.97
2.36
0.12
0.03
0.01
0.05
0
0
0
0
1.74
0
0
0
0
0
0
0
0
0
0.07
0.01
0
0
0
0
4.19
16.33
4.93
4.04
9.42
4.34
1.45
4.25
0.97
0.74
1.18
0.6
0
0
0
0.02
2.32
11.95
1.79
2.56
3.91
2.73
0.02
0.12
8.65
8.46
0.35
0
0.05
0
0.16
0
0
0.53
0
0
0
0
0
0
0
0.02
0
0
0.03
0.04
0
0
0
0
0
0
0
0
0.01
0
0
0
0.03
0
0
1.09
0.64
1.12
0.19
0.02
0
0
0
0
0
0
5.15
0.23
0
0
0.13
0
0
0
0
0
0
0.02
0.04
20.91
2.16
0.15
0
0.04
0.02
0.46
0
0
0
0
0.38
0
0.33
0.11
14.2
6.43
1.45
1.64
0.82
0.14
0
1.37
0
0
0
0
0
0
0
0
0
1.92
0.67
0
0
0.32
5.96
18.49
6.95
4.05
0.08
0
0
0
0
0
0
0
0
0
0
0
0
0
0
0
1.11
1.46
10.13
2.61
0.55
0.2
0
0
0
0
0.46
8.82
2.16
0.7
0
0.6
0
7.89
1.75
1.78
0.78
0
3.06
2.75
2.57
0.94
0
0
0
0
0
0
4
5.07
3.71
2.95
0.01
0
4.12
10.35
8.53
3.7
0
0
0.04
0.13
0.8
0.46
0
0.16
0.14
0.74
0.98
4.95
17.62
13.47
2.09
0
0
0
0
0.02
0.18
2.17
1.98
0.02
0
0
0.86
1.86
0.78
0.88
8.57
6.31
2.66
0.43
0
0.01
0
0
0
0
0
2.2
0.78
0
0
0
0
0
0.37
2.5
10.85
3.76
2.21
0.23
0
0
0
0
0
0
0
0
0
0
0
0.06
1.23
3.21
5.63
9.66
3.27
0.66
6.4
3.22
0.14
0.69
0
0
0
0
0
0
0
0
2.89
4.16
0.1
0.33
0
1.07
0.44
0.03
11.04
0.79
0.98
4.82
6.18
10.08
4.13
0.01
0.04
0
1.55
0.69
2.27
1.47
3.45
6.3
3.97
0
0
0
0
0
0
3.91
0.49
0
0
0
0
0.08
0
0.04
0
0.01
0
0
0
0
0.05
1.11
0.3
19.06
3.61
0.67
0.06
0
0
0
0
7.26
2.95
3.56
2.31
2.7
0.18
1.33
0.41
18.96
1.28
0.04
0
0
3.7
2.16
3.25
1.5
0
0
0.22
0.19
0
0.08
1.75
0.32
0.22
0
3.13
6.74
5.32
13.71
8.62
0.71
0
0
0
1.93
3.52
10.79
9.5
0.91
0.52
0.22
0.01
0
0.02
0
0
0
0
0
0
0.11
0.17
0
0
0
0
0
0.73
0
0.05
0.68
0.28
1.36
0.38
0.15
0
0
0
0
0
0
0.02
3.11
0.01
0
0
0
0.03
0
0
0
0
0
0
0
0
0
0
0
0.02
0.53
0
0.34
0.16
0
0
0.02
0
0
0
0.02
0
0
4.14
0.85
0
0
0
0.56
0.41
0.01
0
0
0.01
0.01
0.01
0
0
0
0
0
0
0
0.02
0
0.38
0
0
0
0
0
0
0
0
0.03
0
0
0
0
0
0
0
0
0
0.01
0
0
0
0
0
0
0
0
0
0
0
0
0
0
0
0
0
0
0
0
0
0
0
0
0
0
0
0
0
0
2.24
9.22
2.23
5.25
14.91
2.26
0
0
0.04
0
6.99
17.5
19.91
9.28
2.04
0.53
0.01
0.51
0.34
0.28
0
0
7.9
2.53
0
0.5
0.75
0
1.02
0.55
2.88
0.07
0
0
0
0
0
0
0.09
2.6
3.39
0
0.18
0
0.4
0.02
0
0
0.19
0
0.02
0.28
0.04
0.12
2.43
0.5
0
0
0.1
0
0
0
0
0
0
0
0
0
0
0.11
0.28
0.56
0
0
0.01
0
0
0.16
0.02
0
0
0
0
0.86
1.87
2.46
0.5
0
0
0
0
0
0
0
0
0.02
0.13
0
0
0
0
0
0
0
0.02
0.14
0.08
0
0
0
0
0
0
0
0.44
0
0
0
0
0
0
0
0
0
0.01
0
0
0
0
0
0
1.36
0
0
0
0
0
0
0
0
0
0
0
0
0
0.03
0
0
0
1.23
2.31
0
0
0.04
0
0
0
0
0
0
0
0
14.3
6.67
12.09
11.67
4.34
0.31
0
0.09
1.44
0.85
3.15
1.51
1.98
0.28
0
0
0.4
2.88
1.19
0.25
0.02
0.01
0
0
0
1.78
6.01
9.62
6.11
1.78
0.01
3.38
6.76
0.03
0.13
0.28
0.07
0
0.04
0
0
0.27
0.29
0
0
0.02
0.02
6.91
4.5
0.62
0.01
0
0
0
0.01
0
0
0.02
0
0
0
5.52
0.64
0.01
0
0
0
0.45
0
0
0
0
0
0
0
0.04
0.02
1.88
4.37
1
0
0
0
0
0
0
0
0
0
0
0
0
0
0
0
0
0
0
0
0
0.03
0.02
0
0
0
0
0
0
0
0
0
0
0
0
0
0.61
0.18
0.17
0
0
0
0
0
0
0
0
0
0
0
0
0
0
0
0
0
0
0
0
0
0
0
0
0
0
0
0
0.02
0
0
0.04
0.02
0
0
0
0
0
0
1.19
0
0.94
0
0.04
0
0
0
0
0
0
0
0
0
0
0
0
3.88
0.45
2.83
5.43
2.12
20.01
0
0.05
0.03
0
0.02
0
0
0
0
0
0
0
2.38
1.33
0
4.33
0.39
0
0.54
7.4
12.42
14.16
12.53
0.83
0.13
9.34
5.33
6.1
2.8
0.17
0
10.8
1
0.4
4.74
12.97
10.86
0
0
0.51
12.8
3.82
5.12
1.26
0
0.07
0
0
0
3.5
0
0
0
0.24
0
0
0.03
1.54
8.57
0.55
0
0
0
0.01
0
0
0
0
0.04
0.07
0
0
0
0
0
0.85
7
0.96
0.88
0.43
0
0.17
0.01
0.09
0
0
0
4.89
0
0
0.04
0.25
0.05
1.3
0.64
0
0
0
0
0
0.09
0.04
0
0.15
0.24
2.44
2.08
0
0.2
2.43
1.96
5.36
6.86
2.79
0.72
8.1
3
0.14
0
0
3.5
0
0
0
0
2.82
1.45
0.01
0
0.43
0.41
0
0
0
4
0
0
0
0
0
0.11
1.25
0.55
1.31
0.39
4.8
7.95
1.57
0
0
0
0
0
0.32
0
0.07
8.76
3.42
2.92
12.62
13.37
3.79
1.16
3.91
3.02
0.68
0
0
1.23
10.74
0.96
7.65
0.48
0
2.05
3.1
2.65
7.98
15.95
6.01
3.24
8.51
0.87
8.84
0
0.06
9.51
8.2
0.77
0
2.15
0.29
0.13
0
0
0
0
0
0
0
0
0
0
0
0
0
0
0
0
6.42
2.09
6.93
0.37
1.64
2.05
0
0.2
0
0
0
0.1
0
0.32
0.34
0.23
0.05
0.02
0.41
6.08
3.42
10.72
6.04
2.61
0.36
0
0
0
0
0
5.18
0.98
0.58
3.01
0.3
0
0
0
0.02
0
1.8
0.34
0.48
0.45
0.76
0
0
0
0
0
0
0
1.13
1.13
1.14
0.32
0.02
0.03
0
0.01
0
0
0
0
0
0
0
0
0
0
0.02
0
0
0
1.27
2.05
2.99
0
0
0.05
0
0
0
0
0.46
3.04
6.54
0
0.04
0
0
0
0
0
0
0
0
0
0
0.05
0
0
0
0.82
0.01
0
0
0.09
1.01
0
0
0.77
4.23
0
0
0
0
0
0
0
0
0
0
1.08
3.35
0
0
0
0
0
0
0.02
2.25
0
1.94
0
0
0.14
0
0
0
0
0
0
0
0
0
0
0
0
0
0
0
0
0.31
10.29
0.8
0.98
0.27
1.6
4.18
8.96
0.53
0
0
0
0
0.01
0.02
0
0
0
0
0
0
0.02
7.89
0
0
17.41
0
3.06
4.67
0.03
0.11
0
0
0
0
0
0
0.48
0
0.03
0.02
0
0.55
0.04
0
0
0
0
0.02
0
2.56
8.43
2.28
1
0
0.07
0.01
0
0
0
0
0.94
1
0
0.22
0
0
0
0
0
0.01
0.09
0
0
0.05
0.01
0.02
2.58
0
0.01
0.02
0.04
5.25
12.09
0.19
0
0
0
22.77
7.29
0
8.75
0.11
0
0.14
0.86
5.47
10.33
10.97
7.38
2.02
0
0
0
0
0.1
0
5.74
3.44
0.98
5.08
1.61
5.36
5.72
1.83
0.44
4.27
3.63
0
0
0
0
0
4.2
4.97
2.34
1.18
0
0
0.63
11.98
2.02
4.03
5.72
3.74
13.3
2.13
8.94
2.96
1.46
1.59
3.28
0.2
0.73
0.07
0
1.66
0.21
0
0
1.48
0
0.61
0.27
0.23
8.19
2.54
0.15
0
0.34
0
0
0
0.02
0
0
0
0.05
0.01
0.01
0
0.01
0
0.66
2.27
1.64
1.72
0.21
0.64
2.16
0.75
0
0
0
0.18
0
1.61
11.99
4.02
0.89
0.2
0.01
0.01
0
0.03
0
0.08
4.9
0
0.01
0.35
0
0
0
0.86
1.82
9.83
0
0
9.18
0.2
0.97
0.52
0
0
0
0
0
0
0
0
0
0
0
0.15
0.01
0
0
0
0
0
0
0
0.02
1.42
3.45
4.64
0.84
1.84
3.75
1.49
0.05
0.46
1.79
0
0
0.26
0
0
0
0
0
0.34
0
0.04
0
0
6.61
0.06
0.45
0
0
0
0.06
0
0
0
0.02
0
2.2
10.06
0.19
5.05
0
0
0
0
0
8.24
17.89
0.08
0
8.7
0.09
0
0
0
0
0
0
0
0
0
0.01
0
0
0
0.03
0
0
0
0
0
0
0
0
0
0
0
0
0
0
0
0
0
0.03
0
0
0
0
0
0
0
0
0
0
0
0.01
0
0
0
0
0
0
0
0
0
1.2
0.55
0.09
0.5
0
0
0
0
0.2
0
0
0
0
0
0
3
0.44
0.13
1.32
0.84
1.28
0
9.4
6.34
2.54
4.63
0
0.02
0.36
3.5
0.58
0.87
0.33
0
0
0
0
0
0
4.12
19.34
16.16
12.19
10.87
6.86
1.35
1.09
0
0
0
0
0
0.02
0.05
0.04
0
0
0
0
0.01
0
0
0
0
0.18
16.82
7.92
0.9
0
1.41
3.4
0
4.91
10.65
0
9.69
5.62
1.65
0.27
0.04
0.03
0
0
0
0
0
0
11.27
4.72
5.77
29.48
10.19
0
0.7
0.46
0.11
0
0
1.57
0.34
0
0
0
0
0
8.11
7.69
0.12
0.07
0.02
0.01
0.02
0
0
0
0
0
0
0.04
0.71
1.43
0
0
0
0
0
0
0
0
0
0
0
0
0
0
0
0
0.14
9.64
0.07
0
1.98
1.55
0
0.1
0.58
0.35
0
0
0
0
0.24
0.44
14.17
0.04
0
5.78
3.19
0.79
2.38
0.15
0
0
0
0
3.2
2.56
0
0.51
0
0
0
0
0.14
1.05
2.45
0
0.69
0
0
0
0.02
0
0
0
0.08
0
0
0
0
0
0
0
0
0
0.02
0.03
0
0
1.3
12.05
1.96
3.11
2.91
5.8
18.11
0
0
0
0
0
0
0.01
0.01
0
0
0
0
0.02
0.34
0
0.73
2.5
0.29
1.98
0.84
0.12
0
1.38
3.91
0.48
0
0
0
0
0
0
0.02
4.42
13.75
1.22
0.14
0
0
0
0.04
0.01
0.04
0
0
0
0
0
0
0
0
0
0
0
0
0
0
0
0
0
0
0
0
0
0
0
0.02
0.07
0.34
0
0
0.02
0.19
0.66
0
0
0
0
1.35
13.36
14.88
3.04
0.81
1.13
1.02
0.23
0
0
0
0
0.02
4.04
2.55
1.52
0
0
0
0
0
0
0.12
0
0
0.55
0
0
0
0
0
0
0
0
0
0
0.02
0.06
1.74
0.26
0
0.08
0
1.04
1.51
0
0
0
0
0
0
0
13.71
0.05
0.02
10.37
0
0
0.18
0.7
3.18
0.05
0
0
0.13
0.09
0.01
0
0.05
0
0.03
0
0
16.61
0.63
0
0
0
0
0.35
0
0
4.2
3.7
1.48
0.21
0
1.1
0.57
0
1.06
0.01
0.01
0
0
0.04
0
0
0
14.77
0
0.01
0
0
0
0
0
0
0.01
0.05
0
0.29
2.97
2.84
0
0.28
0.03
1.63
6.82
4.04
0
0
0
0.49
0.37
3.32
3.99
0
0.04
0
5.66
4.09
0.07
0.34
0.03
0
0
0.28
0.02
0.94
1.94
0.28
0
0
0
9.35
20.37
1.24
0.34
0
0
0
0
0
0
0.01
0
0.05
0
0
0
0
0
0
1.09
1.97
0
0
0.38
0.41
0
0.14
0
0
0
0
0
0
0
0
0
0
0
0
0
0
0
0.57
0
0
0
0
0
0
0
0
0
0
0
0
0
0
1.53
0.65
0.71
1.17
4.53
0.06
11.12
19.1
1
1.22
0.82
4.08
3.55
15.84
0.61
0
0.27
3.46
0.02
0
0
0
0.04
0
0.3
0
0.02
0
0.01
0.08
0.05
3.13
0.15
0.03
0
0
0
0
0
0
10.55
1.74
0
1.37
3.33
2.33
18.27
9.22
4.03
0.34
0
0.71
1.38
0.29
0
0.04
0.01
0.01
1.99
0.29
11.5
5.57
1.12
0.27
0
0
0
3.39
0.63
2.56
3.91
0.07
1.59
0
0
0
0.02
0
0
0
0
20.29
9.17
1.41
7.15
0
0
0
0
1.52
0.1
0
0
0.49
0.39
0.01
0
5.03
27.42
0
0.08
0.02
0.02
0.2
5.45
7.21
9.99
1.63
0
0.29
6.66
0
0.02
8.48
6.45
2.02
0.51
4.77
0.35
0
0
0
0
1.66
0.5
0
0
0
0
0.29
6.92
15.03
20.38
6.34
8.31
4.32
3.44
2.75
0
0
0
0
0
0.02
0
0.24
1.18
0.68
0
0
0.01
0.03
0.45
0.78
0.34
0
0
0
0.27
1.33
0
0
0
0
0.27
0
0.02
0
0
0.29
1.98
0.81
0
0
0
0
0
0
0
0.02
0
0.52
0
0
7.17
0.23
0.02
0
0
0
1.55
9.86
1.3
0
0
0
0
0
0
0
0
0
0
0
0
0.1
0
0
0.01
0
0
0
0
0
0.22
0
0
0
0
0
0
0
0
0
0.01
0.41
0.02
0
0
0
0
0
0
0
0.01
0
0.02
0
0
0
0
0
0.06
0.01
0
0.05
0
0.17
1.41
0
0
0
0
0
0
0.01
0
0
0
0.5
9.52
8.74
0
0
0
0
0
0
0
0
0
0.05
0.23
0.01
0
0
0
0.01
0
0
0
0
0.01
0
0
0
0
0
3.07
10.46
3.26
0.14
0
0
4.8
0.54
2.45
2.86
3.76
9.06
12.24
3.55
0.18
0.01
0
0
0
0
0
0
0
2.66
9.36
16.22
3.12
0
0.66
0
0.01
0
0.04
0
0
0
0
0
0
0.71
18.66
4.61
8.7
8.85
1.23
2.56
4.76
0.52
0.01
0.3
0
0
0
1.96
1.61
0.22
0.18
0.06
0.02
0
0
0.03
0.18
0.01
0
0.07
1.09
0
0
0
0
0.02
0.05
0.05
0
0.04
0.01
0
0
0
0
0
0
0.02
0
0
0
0
0
0.01
0.16
0.11
0.09
0.02
0
0
0
0
0
0
0
0
0.03
0
0
0
0
2.62
10.32
0.93
1.18
1.27
0.08
4.11
7.79
6.7
5.12
1.64
0
1.09
0.44
0
0.48
1.26
2.09
2.61
0.21
0
0
0
0.01
0
0
0
0
0.66
0
0
0.02
0.04
0
0.61
0.01
9.7
0.09
0
0
0.62
0
0
0
0
0.79
0.2
0.01
0
0
0
0
0
0
0.03
6.6
2.14
0.26
5.48
2.57
2.42
0
0.02
0.01
1.11
0
0
0
0
0
0
0
0
0
0
0
0
0
0
0
0
0
0
0.14
0.61
0
0
0.11
2.55
4.7
0
2.05
0.8
2.54
3.51
0.13
0
0.02
0.33
3.27
0.25
0.09
0
0
10.63
12.52
2.97
0
0
0
0.01
4.32
11.93
0.04
0
0
0
0
0
0
0
0
0.19
0.48
1.31
0
6.4
5.88
1.73
15.81
0
0
1.18
0.04
0
0
0
0
0
0
9.28
0.78
0.1
0
11.38
0
0
0.02
0
0.02
11.69
0
2.04
11.72
0
0
0
0
0
0
4.1
8.89
14.42
0
0.13
0
0
0
0
0.01
0.02
0
0
0
0
0.01
0.01
0
0
0
0
0
0
0
0.01
0
0
0.02
0.07
0
0
0
0
0
0
0
0
0
0
0.01
0
0
0
0
0
0
0
0
0.01
0
0
0
0.46
1.29
6.64
7.2
0
0
0.05
0
0
0
0.02
0.01
0.01
0.07
0.39
0
0
0
0.02
0.01
0
0.84
0.01
0
0
0
0.44
8.46
0.01
0
0
0
0
0.02
0.01
0
0
0
0.11
0.01
0
0
0
0
0
0
0
0
0
0
0.57
0.24
4.32
17.63
0
0
0.13
0
0
0
0
0
0
0
0
0
0
0
0.02
0.32
3.92
0.38
0
0.06
0.12
0
0
0
0
0
0
0
0
0
0.01
0
0
0
0
0.04
0.04
0
0
0
1.16
0.09
0
0
0.05
0
0
0
0
0
0.48
0.05
11.65
5.14
0
0.09
1.57
2.23
0
0
0.02
0
0
0
0.01
0.01
0
2.1
8.53
0.4
0
0.98
0
0.45
0
0
0
0.06
7.2
19.04
7.61
0.96
1.05
2.49
0.48
0
4.67
0.54
0
0
0.02
0
0
0
0
0.09
0
0
12.41
3.47
0
0.01
0.01
0
0
0.46
0.18
2.92
6.7
5.07
1.73
1.38
0.69
1.31
0.09
0.69
0.44
0.15
0
0.02
0
0
0
1.03
0
0
0
0
0
0
0
14.69
14.2
16.56
9.16
8.1
6.3
1.73
2.24
1.02
0.98
10.57
15.95
2.02
1.72
1.57
26.11
0.43
2.94
12.57
0.83
7.61
0
0
0.02
7.68
0.49
0.13
0
0
0.01
1.77
2.84
0
0.02
1.41
0.67
3.13
0.3
13.44
8.47
6.59
9.7
13.27
8.18
7.3
1.21
0
9.89
1.58
0
0.15
0
0
0
0
0.29
0.17
0.06
0
0.3
0.83
6.68
0.84
0.26
0
0
0
0.27
1.41
0.97
1.7
0
0
0.01
0
0
0
0
0.06
3.16
3.13
9.54
7.14
4.84
3.24
0
0.04
2.13
0.55
7.43
4.83
11.72
3.54
1.72
8.99
16.94
3.02
0.47
8.73
3.8
0.75
5.05
7.53
2.05
0
0.2
0
0
0
0
0
0
0
0
0
0
0
0
0.07
0.88
1.33
2.26
3.16
2.32
0
0
0
0
0
0.03
0
0
0.04
0
0.38
0
0.07
0
0.58
1.39
0
0.05
0
0.29
0.57
1.25
0
0
0.02
0.04
0
0
0
0
0
0
0
0
0
0
0.2
0
0.17
0.02
0
0.05
3.36
0
0.02
3.09
4.63
0.32
0
0
0
0.16
0.99
1.52
0.71
1.81
0
0
0
0.03
0.23
0.02
0
3.18
0.02
0.08
0.12
0.72
11.86
0.08
0
0
19.41
2.73
0
0.02
1.59
0.2
7.16
0
0
0
0
0
0
0
0.04
0.77
0
0
0
0
0
0.02
0
0
0.01
0
0
0
0
0.15
0.77
0
2.06
1.79
0.06
0
0.32
14.82
8.79
1.17
0.63
0.06
0
0
0
2.74
3.15
0
1.19
7.96
14.29
0
0.26
0
4.95
5.34
1.44
0.48
4.93
0.83
2.5
1.57
0
0
0
3.14
0.4
0.66
4.31
3.01
8.16
4.27
3.55
2.72
1.25
7.67
5.01
0
0
1.88
0.46
0
0
0
0
0
0
0
0.08
0
0
0.01
3.81
7.15
0.17
2.66
2.14
0.11
1.47
0.12
0
0.02
0
0.02
0
0
0
0
0
0
0
0
0
0
0
0
0
0
0.01
0
0
0
0
0
0
0
0
0
0
0
8.3
0.73
0
0
0
0
0
0
0
0.31
0.84
4.97
6.88
5.84
0
0.01
0
0
0
0
0
0
0
0
0
0
0
0
0
0
0
0
0
0
0
0
0
0
0
0
0
0.01
0
0
0
0
11.59
0
0.92
0
0
0
0
0
0
0
0
0
0
0
0
0
0
0.02
0
0
0
0
0
0
0
6.5
6.23
6.18
0.09
1.78
9.38
8.11
2.31
6.3
2.66
2.38
0
0
0
0
0
0.02
13
19
14.91
1.53
0.5
0.56
6.23
26.88
0.92
0.06
0
0
0.01
0.03
0
0
0.08
0
0
0
0.12
0
0.08
1.2
0
0
0
0
0
0
1.27
0.06
0
0
0
0
0
0.03
0
0
0.01
0
0
0
0
0.04
0
0
0.42
0.66
1.42
1.14
0
0
0.02
0.09
0.15
0.16
0
0
0
0
0
0
0.09
0
0
0
0
0.03
0
0.07
0
0
0
1.7
3.98
0.14
0.01
0
0
0
1.09
2.38
0
0.15
0.02
0.35
0.01
0.11
1.11
0.7
0
0
0
0.01
0
0
0.01
0.74
0.94
0
0
0
0
0
0
0.01
0
0
0
0
0
0
0.04
0.01
0
0
0.01
0
0
0
0
0
0.53
0
3.4
4.19
0
0
0
1.7
0.62
0
0.91
0.8
0
0
0.14
0.02
0
0
0
0.02
0
0
0
0.31
0.12
1
3.64
28.41
2.51
1.78
0.12
1.47
0.42
0.69
0.34
0
0
0
0
0
0
0
0.01
0
0
0
0
0
0
0
0
0
0
0
1.77
0.42
4.19
0.16
0.53
1.05
2.55
8.47
5.58
0.47
7.69
4.72
0.33
0
0
0
0
0.01
0
0
0.09
1.7
1.69
8.12
2.66
0.88
0
0.06
0
0.38
0.4
4.38
4.39
4
1.19
0.06
2.11
0
0
2.21
1.75
8.22
5.03
2
0.31
2.16
0.42
0.39
3.77
6.36
0
0
1.25
0.25
0
0
0
2.8
0.37
0.05
0.41
2.56
0.03
0.17
1.62
0
1.16
0.06
26.75
14.25
6.95
2.15
0.05
0
0.03
0
0
0
0.01
0
0
0
0
0
0
0
0
0
0
0
0.14
0
0
0
0
0
0
0.05
3.91
0
0
4.19
1.19
1.66
1.78
7.5
0
0.17
0
0
0.34
1.27
0
0.21
0
0.01
0
0
0
0.12
0
0
0.07
0.05
0
0
0.01
0.03
0
0
0
0
0
0
0
0
0
0
0
0
0.08
13.78
1.95
0.17
0
3.09
0.2
0
0
0
0
0
0
0
0
28.31
20.06
2.2
0.02
0.05
0
4.06
2.55
3.31
0.5
0.39
1.22
0.56
0.01
0.51
4.39
27.25
4.34
0
0
0
0.39
10.3
5.99
1.09
5.49
4.72
0.71
0.3
0
3.23
6.47
4.86
6.91
10.84
6.03
0.44
4.91
0
0
3.41
9.62
2.03
0.87
0.28
0.02
0
0
0
0
0.28
0
0
0.03
2.91
0.95
1.97
0
20.55
0.52
3.3
11.3
0
0
0
0.02
0
0
0
0.12
0
6.16
3.16
1.24
0
0
0
5.94
0.12
0.1
9.88
8.95
1.18
0
9
0
0
0
1.3
0.8
0.08
0
0
0.34
0.01
0
0.04
0
0
0.01
0
1.56
0.94
0
0.01
0.01
0.01
0.16
0
0
0
0
0
0
0.01
1.09
12.38
0
0.57
3.73
0
0
0
0
0
0
0
0
0.27
0
0.18
0
0
0.01
0
0
0
0.61
0
0
0
0
0
0
0
0.33
0.13
0
1.51
20.61
0.12
0
0
0
0
0
0
0
0
0
0
0
0
0
0
0
0
0
0
0
0
0
0
0
0
0.12
0
0
0.01
0
0
0
0
0.44
0
0.36
5.83
10.72
0.48
0
0
0.11
5.94
7.62
0
0
0
0
0
0.03
0
16.72
0.05
0.61
0
0
0
0
0
0
0
0
0
0
0
0.01
0
0.01
1.42
9.44
4.91
0.56
1.65
0.06
9.2
0.02
0
0.04
0
0.01
0
0
0.01
3.75
0
11.25
13.55
2.56
2
0.12
0.32
0.01
0.01
0.02
0.65
0.4
0
0.03
0.05
0
0
0.02
0.01
0
0
0
0
0
0.17
0
0
0.01
1.69
3.02
1.44
0
3.03
4.69
0.83
2.06
4.34
2.03
0.02
0.16
1.15
1.53
0.09
0
0.02
4.23
0.12
0.13
0.05
0.1
0.91
0.17
0.01
4.44
2.22
0.16
0.01
1.98
3.58
1.33
0.75
0.22
0
0
0.22
16.47
8.22
1.34
0.32
0.07
0
0.01
0
0
0
0
0
6.3
8.22
2.65
12.73
1.08
7.66
0
0.53
0.8
3.89
2.39
0
0.16
0.28
0.11
0
8.31
9.08
12.12
10.38
22.09
0
5.66
1.95
0.03
0
0
0
0
0
0
0
14.72
1
0
0
0
0
0
0
1.59
0
0.01
1.12
0.12
0.06
11.25
4.62
0.06
0.02
0
0
0
0
0
0
0
0
3.05
0
0.02
0
0
0
0
0
0
0
0
0
0
0.87
2.99
0.47
0
0
0
0
1.71
5.61
14.11
6.47
0
0.79
2.08
2.1
0.03
0
0
0.09
10.05
6.23
5.66
1.5
3.23
1.59
3.72
2.67
9.01
4.38
0.39
0.98
1.07
3.5
0.84
0.01
0
0
0.77
8.44
0.88
0.24
0
0
0.11
0
0
0
0
0
0
0
0
4.31
0.38
0
0
0.92
0.34
0
0
10.94
5.27
4.33
6.31
8.85
5.39
0.34
0.03
0
0.01
0
19.31
3.3
0
1.6
0
8.48
4.19
12.8
4.06
0.27
0
0
0
0
0
0.02
0.02
0
0
0
0
0
0
0
0
2.05
0.34
0
0
0
0.01
0
0
0
0
0
0
0
0
0.05
0
0
0
0
1.61
0.08
0
0
0
0
6.97
0
0.2
0
0
0
0
0
0
0
0
3.09
0.03
0
1.2
0
0.02
0.04
2.39
0
0.01
0
0.24
2.17
0.25
0.27
0
0
0.02
0.73
0.19
25.66
31.06
1.43
0
0
0
0.01
0
0
1.42
0
0.01
0
1.77
26.78
4.03
1.78
0
0
0
0.02
0.12
0
0
21.14
0
0
0
0
0
0
0
0
8.55
0.02
0
0
0
0
0
0
0
0
0
0.01
0
0.77
0.37
0
0
0
0
0
0
0
0
0
0
0
39.81
11.72
21.91
3.2
9.11
0.77
0.12
0
0
0
0
0
0
0
0
0
0
0
0
0
0.02
0.05
0.06
3.7
18.16
0
0
1.03
0.2
2.94
0
0
1.02
3.77
0.3
0.01
0.19
0.95
0
5.84
0
0
0
0
0
0
0.02
0
0
0
0
0.01
0
0
0
2.03
3.59
5.2
11.41
0.33
0
0.01
0
0
0
0
0
7.69
4.16
0.27
0
0
0
0
0
0
0
0
0
0
0
0
0
0
0
0
0
0
0.01
0
0
0
0
0
0
0
0
0
0
0
0
0
0
0
0
0.02
0.52
1.98
0.72
0
0
0
0.07
1.17
0.03
0
0
0
0.23
0.67
0.54
0
0
0
0
8.05
0.48
0.13
1.91
4.14
0.02
0
0.27
17.41
13.97
4.38
3.09
0.73
0
0
0
0.25
0.22
2.75
1.84
0.03
1.5
2.23
0.75
0.63
0
1.05
5.73
0.98
0.32
0.41
0
0
0.03
0
0
0
0.66
0
3.47
3.44
0
0
0
0
0.01
0
9.59
7.03
0
16.38
0.86
0.74
0
5.27
4.52
2.1
0.04
0.98
1.55
4.27
0.75
0
0
0
0
0
0
0
0
0
0
3.16
0.62
0
0
0.01
0
0
0
0.02
0
0.67
0.7
0
0
0
0
0
0
0
1.13
0.66
0
0
0
0
0
0
0
0
0
0
0.01
1.46
1.17
0.36
0.09
0
0
0.48
0.42
0
0.03
0
0
1.73
0
0
0.02
0
0.01
0.12
0
0.09
2.16
0
0
0
0
0.7
0.01
0
0
0.28
0
0
0
0
0.07
0
0
0
0
0
0
0
0
0
0.89
0.71
0.02
0.12
0.02
0.23
0
0
0
0
0
0
0
0
0.25
0
0
0
5.56
0.31
0
0
0
0
0
0.16
0
1.23
4.55
0.07
0.44
0.02
0
0
0
0
0
0
0
0.31
0
0
0
2.05
5.33
13.91
0.44
0
0
0
4.39
9.29
6.88
0
0
0
0.06
1.69
0.09
0.06
0
1.84
0.34
0
0
0
0
0
0
0
0
0
13.86
2.45
1.11
0
0
0
1.41
0.11
0.58
8.34
5.91
6.19
0.56
2.81
0.36
0
0
0.03
0
0
0.29
2.05
0.17
0.29
0.91
0.55
0
0.04
0
2.94
3.05
0.75
0.06
0
0
1.17
2.58
3.95
2.95
3.19
0.17
2.12
6.72
5.75
1.45
5.8
1.17
0.02
4.38
0.44
0
0
0
0
0.26
2.88
1.78
0.41
1.84
11.59
12.09
9.69
3.94
20.62
22.78
14.09
4.5
4.05
1.59
0.45
0
4.83
0.53
0.48
0.16
0
0
0
0
0
0.23
0.05
0
