19510101
21.21
7.7
0.59
0.01
0
0
0.01
0
9.71
1.88
1.62
5.13
4.78
0.15
0
0
0
1.05
0.02
0
0
0.07
2.99
6.57
5.29
4.7
7.85
8.66
0
0.07
0
0
0
2.04
25.34
0.34
9.46
0.57
5.88
7.81
9.71
7.7
8.3
1.64
5.94
2.07
0
1.72
2.84
0.02
5.49
0.12
4.5
10.62
0
0
0.01
0
0
0.22
0.68
1.49
0.59
2.22
1.77
4.73
1.45
2.43
28.16
1.89
22.29
10.98
6.56
2.6
2.34
2.04
0.64
0
0
0
0
0
0.01
0
0
0
0.41
0
0.02
0
0
0
0
0
0.1
0
0.2
0
0
9.03
0.25
0
0.01
0
0.01
0
3.27
2.33
3.01
2.66
0.14
0.13
2.7
3.29
12.04
3.91
7.61
2.56
2.39
27.79
3.79
4.2
0
1.01
5.13
4.69
4.19
2.2
0.05
0.81
0.86
0
0
0
0
0
0
4.79
1.09
1.07
0
0
0
0.03
0.16
7.66
0
0.55
5.56
4.38
0
0
0
8.93
7.15
5.87
0
7.23
0
0
0
0.08
0
0
0
6.08
0.61
1.99
0
0.13
0
0
0.32
0.04
0
0.02
1
0
0.09
0.06
0
2.57
0.34
0
0.48
0
0.57
1.68
2.27
0.12
0
0
0
0
0.05
0
0.05
0
0
0
0
0
0
0
0
0
0
0.59
0.94
0
11.62
11.63
6.63
9.62
0
0.01
0
0
0
0
0
0
0
0
0
0
0
0
0
0
0.01
0
0
0
2.02
8.84
0
0
0
0
0
0
0.24
0
0
0
0
0
7.78
9.23
1.8
2.8
0.02
18
12.27
1.01
0
0.01
0
0
0
0
0
0
4.86
32.25
0
0
0
0
0.02
0
0
9.41
22.73
0.54
0.14
0.07
0
0.04
0
3.15
0
0.22
4.15
0.71
1.11
0.01
0
0
0.1
1.82
1.66
1.23
0
0
0.01
0.02
0.06
1.01
1.41
0.51
4.36
0
0
0.06
0.01
0
2.21
19.36
16.43
17.93
24.8
7.32
3.44
9.83
2.48
0
0.54
0
1.59
23.9
8.03
1.08
0
0
0
0
0
0
0.12
0
0.02
0.02
0
0.01
0.96
1.34
0
0.42
0
0
0
0
0
2.12
0.1
0
0.49
0.39
0
0
0
3.98
0.88
0
1.47
0.23
2.82
0
3.42
1.04
0
0
0
0
0.02
0
0
0
2.47
0
0
0
0
0
3.73
0.33
0
0
1.72
0
0.44
0.07
2.2
1.77
1.43
6.8
3.45
3.8
14.98
3.93
1.66
2.69
1.22
0.54
0.02
1.13
0
0
0
0
0
0
0.93
0
0.84
8.15
6.56
3.02
0.74
0
0.05
0.49
0
0
0
0
0
0.57
0.13
1.55
0
0
0.14
0.1
0.14
0.81
0.13
0.05
0
0
1.98
2.82
0.54
4.28
3.63
0
1.16
0
5.97
1.27
1.3
0.2
0
0
0.13
0.67
0.16
0
2.64
9.29
14.13
14.14
3.62
9.07
4.56
0.19
0.25
0.06
1.25
0
0
0.02
1.38
11.7
15.09
4.05
16.78
0.76
0
0
0
1.02
0
0
0
0
0
0
0
0.8
0.25
0
0.21
4.91
3.63
1.01
23.48
8.46
5.23
0
0
0.25
0
0.86
0.86
0
0
1.23
0.09
0.04
1.75
7.01
2.57
2.37
2.2
11.13
5.28
2.29
0
0
2.06
0.5
0.2
1.81
0
0
0
0.42
0.34
1.29
0.27
0
0.14
0.45
1.22
0.43
0
0
0.02
0.62
0
0.65
0
0
0.65
0.02
0.02
0.05
0
1.4
15.41
0.44
0
0.02
0
0.98
2.29
7.28
9.97
12.59
0.01
0.01
0
0.04
0
0
0
2.44
1.01
0.88
0
0
0.05
0
3.21
0
6
0
0
2.02
4.16
5.4
1.76
12.69
0
1.63
0
0.06
0
0.57
0.08
0
0
0
0.11
0
0
0
0.01
0
0
0
0.74
0.34
0
0
0
0
1.26
0.01
0
0
3.74
23.2
3.96
0.31
0.01
0
0
0
0.15
0
7.71
0
0
1.19
0
0.04
0.12
0.31
0
6.21
2.85
0
0.05
0
0
0
0
0
0
0
9.07
1.33
0
0
0
0
0.01
0
0.05
0.01
5.74
0
0
0.02
0.67
0.97
2.55
0
0.29
0.61
0
0
2.6
7.86
2.43
0.45
1.12
0
0.84
8.27
2.2
0
2.5
0.56
0.01
0
0
0.45
0.01
0
0
0.03
0
0
0
0
0
0
0.02
1.17
0.66
0.54
2.13
5.3
0.85
1.65
0.09
0.23
0
2.18
2.66
0.62
1.58
1.46
4.76
12.99
3.23
8.36
0.28
0.05
0.01
0
0
0.01
0.92
0.01
0
0.51
5.66
2.51
0
1.3
5.07
1.68
0
0
0
0.48
0
0.7
0.57
0.8
1.75
2.6
2.87
0.29
0.48
0.8
1.77
1.05
0
0.52
0
0
0
0
0.47
1.17
0
0
0
0
0
0.09
0
0
0
0
0
0
0
0
0
0
0
0
0
0
0
0
0
1.2
15.48
7.88
0
0
0
8.93
0.95
0.14
0.97
1.4
0
0
0
0.09
0.01
0
0
0
0.01
0
0
0
0
0
0.01
0
0
0
0
0
0.01
0
0
0
0
0
0
1.21
0.2
0.07
0.03
2.36
2.98
0.84
0.33
0.08
0
0.04
0
0
0.02
0.43
0.59
0
0
0
7.4
1.48
0.67
0
0.3
0.3
10.54
0.45
0
0
1.34
0.12
0.04
0.02
0
1.41
20.22
23.44
5.4
0.48
8.95
0.84
5.85
1.02
11.56
0.76
0
0
0.14
0
0
0.02
0
0
0.01
0.02
0
0
0.13
0.21
1.58
9.7
0.3
0
0.8
0.02
0.19
0
0
0
0
0
0.86
0.25
0.8
0
0
0
0
0
0
0
0.05
0
5.96
16.81
1.48
0.01
0
0
0
0
0.03
0.01
0.02
1.02
2.15
0.59
14.25
0.79
0.23
0.12
0
0.18
2.17
21.78
5.73
12.5
6.97
0.32
0.07
1.2
4.9
6.5
0
0.08
0.02
0
0
0
0
0
0
0
1.66
0
0
0
0
0
0
0
0
0.01
0
0
0
0.21
0.05
0
0
0.8
0
0
0
0
0
0
0
0
0
0.01
0.16
3.24
3.32
0.24
0
0
0.01
0
0.01
0
0
0
5.23
0
0
0
0.01
0
0
0
0
0
0.66
0.05
0
10.8
0.87
0
0.27
0.02
0
0
0
0
0
0
0
0.02
0
0.01
0
0
0
0.04
4.25
18.71
1.13
0.12
0
0
0
0.41
3.25
1.95
0.12
0.06
0
0
0
0
10.4
11.56
17.85
13.41
6.21
0
0
0
0.61
0.01
0
0.47
0.54
0.47
1.91
1.13
2.25
0
0
0.02
0.14
4.61
0.05
0
0
0
0
0
0
0
0
0
0
0
0
0.02
0.01
0.02
0
0.01
0
0
0
0
0
0
0
4.02
0
0
0
1.03
0
1.9
8.14
2.22
0
15.71
3.43
0.16
0
0
0
1.47
3.02
1.89
0
1.63
3.01
0.86
0
0.01
0.01
0
0
0
0
0
0.11
0
0
0.15
0.06
0
0.06
0.28
0.16
0.27
0.05
0
0
0
0
0
0
0
0.03
0.01
0.02
0
0.01
0
0
0
0
0
0
0
0
3.62
5.74
0.75
0.33
0
0
0.63
0.6
0
0.48
0.22
0.48
1.3
12.27
0.4
0.6
3.83
4.04
0.71
0
0
0
0
0
0
0
0
0.27
0.24
0
0
0.36
0.05
0
0.57
4.09
0.06
0
5.57
8.84
4.19
0
5.96
8.19
8.26
3.5
0
4.46
2.34
2.09
3.63
0
0
3.47
5.33
0
1.65
0
0
0
0
3.22
4.03
0.26
0
0
0
0
0
0
0
0.04
0.7
0.33
0
0.37
0
0
0
0
0
0
0
0.01
0.04
0
0
3.74
16.41
7.25
0.27
1.55
0
7.5
2.13
0
0
0
0
0
3.88
3.04
0
0.5
12.75
8.65
21.64
18.13
1.07
0
0
0.01
0
0
0.02
0
0
0.03
0
0
0
1.27
5.72
9.74
16.83
37.54
8.36
1.98
0
0
0.02
1.56
0
0
0
0
0
0.01
0
0
0
0
0
0.84
0.43
4.5
0.12
0.46
0
0
0
0
0
0
0
0
0
0
0
0
0
0.19
0
0.07
0.98
0.03
0
0
0
0.59
0
0
0
0
0
0.71
0
0
0
0
0
0
0
0
0
0
0.02
0.01
0
0
0
0.01
0
0
0
0
0
1.08
2.23
0.21
0.03
0
0
0.8
0
1.91
0.34
0.01
0.01
0
0
0.01
0
0
0
0.02
0
0
0.08
0
0
0
0.01
0
0.02
0
0
0.02
0.27
2.49
1.07
0
0
0
0
0
0.01
0
0
0
0
0
0
0
0
0
0
0
0
0
0
0.01
0
0
0
0
0.01
0
0
0.02
0.02
0.41
0.03
0.42
0.29
1.52
0
0.9
0
0.22
0.01
0
0
0.02
0.32
0.11
0.12
0.92
0
0.05
0
1.18
2.78
7.04
8.6
0
0
0
0
0
0
0
0
0
0
0
0.05
0.01
2.36
6.32
1.22
0.5
3.15
14.14
2.71
10.75
14.01
1.8
0
0
0.06
0
0
1.01
12.27
2.24
0
0.23
0.33
0
0
0
0
0
0.01
0.01
0.02
0
0
0
0
0
0
0
0
0
0
0
0.18
7.77
17.19
7.7
7.74
4.45
3.21
1.63
8.99
0.38
0.21
1.14
0.19
1.15
4.51
1
11.27
8.87
5.18
1.84
2.3
3.43
1.51
0.09
0
0.03
1.61
0.2
0.89
5.84
9.03
4.55
19.47
2.4
0
0
1.62
0.02
2
0.01
0
0.14
1.17
4.03
1.74
10.13
24.95
10.77
4.52
6.19
2.19
1.65
9.55
3.66
2.63
4.28
2.63
0.66
0
0.07
0
0
0.01
0
0
0.11
0
0.92
0.91
0.28
0.11
0.7
0.15
0
0
2.01
0
0.88
9.78
8.37
4.33
0
0
0.09
0
0
0
0
5.29
0.13
0.02
0
0
0
1.16
0
0.74
0.48
0
0.94
0
0
0.01
0
0.46
0.06
0.22
2.38
0
11.71
4.22
2.37
16.89
8.07
3.62
0.62
0.2
0
1.98
0.18
0
5.23
0.5
0
0.01
3.18
0.03
0.01
0
0.02
0.87
0.82
0.28
0.04
0
0.07
0.41
0.07
0.23
0
0.8
1.52
2.94
8.2
5.8
0.32
0
0
0.09
0.68
21.32
3.77
0.21
0.4
0.08
7.87
5.38
1.21
10.98
0.13
0.01
0.03
0.03
0
0.06
0.32
3.49
7.5
11.16
4.35
0.69
0
0
0
17.13
0.52
0.37
0.76
0.01
0
0.05
0
0.02
0
0.01
0
0
0
0
0
0
0.02
0.02
0
0
0
0
0.51
0.02
0
4.8
4.89
0
0
3
0
0
2.29
0
0.01
3.65
0
0.06
0.06
0.14
0
5.25
10.89
0
0.01
0.12
0.18
1.18
0.35
0.08
6.56
0
0.75
0
0
0.26
6.87
0
0.07
0.34
1.66
0.1
6.04
7.39
1.18
2.23
0.39
0.83
0
0
1.38
0.28
0
0.73
0.55
3.77
0.14
0
0.17
0.77
0.01
0
0.07
0
4.33
12.84
8.84
0
0
3.12
0.14
0.29
0.04
0.34
0.14
0.07
0
0
0.27
5.19
6.61
2.2
0.06
1.07
0
0
0
0.02
0.31
0.32
0
0.01
2.12
0.16
0.74
1.95
0.38
15.87
1.01
0
1
0.54
0.01
0
0.5
9.14
20.91
21.7
4.19
0.55
0.41
4.29
22.25
0.48
0
1.49
2.94
0
0.26
4.98
5.04
0.2
0
0
0
1.62
0.01
0.04
0
1.14
3.22
16.08
0.77
0.43
0
0
0.19
5.31
10.5
6.03
0
0.72
0.02
0
1.11
0.01
0
0.01
0
0.62
4.56
6.59
21.85
19.94
21.07
4.41
3.86
6
10.31
6.66
0.42
0.13
0.86
0
0
0.89
0
0.07
0.71
0.31
0.04
0.17
0.35
0.01
0
0.45
0.48
1.46
4.68
0
1.63
16.2
4.3
4.29
5.57
7.46
0.69
8.03
1.24
2.21
0.65
0.2
2.65
0.09
0.02
0
1.52
0.01
0
5.16
0.52
0
0.07
0.27
0.31
1.1
0
0
0
0
0.02
0
0.31
0.04
0
0
0
2.75
0.22
0.42
0.85
0.12
1.34
7.82
2.31
1.41
0.18
0
0
0.01
0
0.02
0
0.95
0
0
0
0.69
0.95
0
0.01
0.02
0
0.79
0.06
0
0
12.4
8.47
8.84
3.95
10.09
35.08
7.79
6.57
3.09
13.15
26.14
15.68
13.74
5.41
0.08
0.73
0.43
0
0
0.68
0
0.34
1.51
0.61
1
0.08
6.93
10.21
8.99
2.32
2.57
0.52
1.35
4.04
6.71
5.41
7.6
2.78
0.75
7.86
4.93
4.94
1.92
0.2
0
0
0.01
0.93
0
0
0
1.17
0.01
0
0
1.4
0
0
0
1.03
0
2.92
0.91
14.19
18.63
9.44
2.99
4.7
37.68
24.44
4.73
0.01
0.03
0.03
0
0
0.01
0
0
0.17
0
0.7
0
0
4.42
0
0
0.13
0.27
0.04
0.04
2.29
0
0
0.01
0
0.1
15.11
19.65
7.27
0.84
1.42
3.54
1.64
0
0.01
0
0
0
0
0.44
0.02
0.02
0
0.01
0
0
0.16
0
0
0
0
0
0.01
0.2
3.42
0
0
0
0.01
0
0
0
0
5.98
6.98
1.39
0.16
0.01
0.2
0
17.12
8.44
0.78
0
0
0
0.02
0
0.03
0
0.37
0
0.01
0
0
0.01
0
0.02
0
0.01
0.02
0.1
0
0
0
0
0.01
0
0.16
0
0
0
0
0
0
0
0.01
0
0
0
0.13
7.59
2.65
1.22
0.63
6.48
11.86
0
24.97
17.94
2.4
0.03
0
0
0
0
0.59
0
0.27
0.45
0.73
0.13
0
0
2.66
3.6
1.09
0
2.32
2.49
5.3
1.09
0.27
0
0
0.75
0
6.61
0
0
0.94
0
0
0
0.22
0
11.81
2.05
0
0
0
0
0.34
1.74
6.64
0.91
0
0.48
0.5
0.05
0.07
0
0.49
1.54
0
0.77
3.39
0.95
0
1.49
0
0
0
0
0.49
0
0
0
0
0
0.95
0
0.01
0
0
0
0
0
0.01
0
0
1.61
0
0
0
0
0
0.27
0.16
0.73
0
1.64
0.33
0.57
5.99
7.58
8.95
3.88
2.64
0.06
0
0
0
0
0
0.46
0.51
0.21
0
1.29
0
0.07
0
0
0
0.59
0.57
0.49
0
0
2.05
4.75
1.24
0.68
0
0
0.48
0
0
0
0.24
0.23
1.66
1.21
0.77
1.13
1.56
0.69
0
0
0
0
7.36
5.8
14.71
12.45
0.68
0
2.1
0.19
0
0
0.09
0
0
0
0.27
0
0
0
0
2.77
3.77
0
1.7
0
0.48
0.28
0.33
0
0.02
0
0
0
0
0
0.49
1.08
3.37
2.12
1.92
3.75
0
0
1.09
0.28
1.34
5.34
0
0.52
0
0
0
1.62
0.62
0.03
0
0.83
0.32
0
0
0
1.05
2.2
8.26
0
0
0.24
0
0.11
0
1.66
1.38
9.81
4.6
3.45
8.19
2.38
5.63
4.61
0
14.9
1.98
0
1.73
9.95
9.68
4.07
0
0.07
0.16
0.38
0.02
0
1.16
0
0
0.66
0
0
0
0.32
2.77
1.38
10.78
4.1
11.43
0.58
3.09
1.81
3.99
2.09
0.68
0
0.23
0
0
19.3
9.1
0.31
0
0
8.5
1.02
1.71
5.98
5.75
4.36
1.89
0.72
1.37
13.71
2.02
0.01
0
0
0.01
0
0.06
0
0.01
0.01
0.04
0.04
0.18
0.03
0
0
0.02
0.02
0
0
0
0
0
0.01
0.02
0
0
0
0
0.02
0
0
0
0.01
0
0
0.01
0.01
0.17
0.15
0.36
0
0
0.88
0.16
0
0
0
0
0
0
0.12
0
0
0
0.06
0
0
0
0.16
0
0
0
0
0
0.04
3
0.65
9.54
0.77
0.02
0.02
0
0.02
0
0.32
0.63
0.42
0.48
0
0
0.02
0
0.01
0.7
7.21
6.34
10.04
3.93
0
0
0.09
1.87
0
0
0
0.02
0
4.89
3.93
15.76
0
0.27
0
0
1.36
0.01
1.09
1.45
3.43
3.83
10.32
5.93
4.3
0
0
0.49
5.14
0.6
0
0.01
0
0
0.47
0
0
0
0.2
0
0.33
4.2
2.8
1.26
2.44
6.86
10.42
3.23
5.61
0.68
0
0
0.03
0
0.04
0
0
0
0
0
0
0.03
1.3
0.13
0.33
0.04
0.01
0.03
0
0.05
0.02
0
0.02
0
0
0
0
0
0.68
1.24
15.89
18.91
8.26
0.86
0
0
0
0
0
0
0
0.01
2.69
10.7
1.75
0.16
0
0
0.01
0
0
0.01
0.53
0
0
0.5
0
0.07
0
0.02
0.05
0.18
0.2
0
0.09
0
0
0
0.01
0
0
0
0
3.5
0.81
0.9
2.5
3.85
4.59
14.76
18.5
0.15
0
0
0
0
0
0.08
0
0.42
3.03
1.84
3.05
1.99
1.94
9.81
1.25
0.01
0
0.01
1.32
1.15
0.23
0
1.08
1.9
0.57
1.92
1.06
0.45
0
0
0.6
0.21
0.01
0
0
0
0.91
0.34
2.83
1.03
1.59
0
0
0
0.22
5.05
1.2
7.64
2.28
0.63
0
2.16
18.09
6.48
6.59
3.61
5.66
10.96
3.09
6.43
1.08
4.87
6.62
9.33
2.62
3.16
0.29
0
0
0.01
0
0.15
1.81
2.09
0
0
0
0
0.01
0.41
0
0.02
0
0
0
0
0.26
0
0
0
0.02
0.01
0
0
0
0.02
1.09
0
13.79
4.44
0.59
2.59
17
0
0
0
0
0
0
0
0.17
0
0
0
0.28
0.05
0
0.01
0
0
0
0.63
0
0
0
0.67
0
0
3.62
8.47
2.51
0
0.25
1.25
0.01
0.01
0
14.12
9.43
4.29
0.05
1.3
0.16
0.77
0.37
3.92
2.95
1.52
0.12
0.74
0.63
1.53
0.83
0
0.3
0
3.63
0
0
0
0.01
0.01
0
0
0
0.08
0
0
0
0
0
0
0
0.01
0
0.03
0
0
0.01
0
0
0.38
0.93
4.29
0.53
0.14
0.38
0
0
0
0
0
0.01
0
0
0
0
0
0
0
0
2.91
4.23
0.2
0
0.02
0
0
0.01
0
0.58
0
0
0.09
0.01
0.02
0.01
0.03
0
1.76
0
2.02
0.06
4.02
0.7
0
2.64
0.93
0.57
0.8
0.02
0
0
0
0
0
0.16
0.65
0
0
0
1.15
4.18
1.77
0
5.09
0
3
10.53
0.47
0
0.12
0
0.98
0
0
0.01
0
0
0
0
0
0
0
0
0
0
0
1.51
0.02
0
0.42
0.3
0.23
0
0
0.01
0
0.63
0.41
0
0.28
0
0
0
0.39
0.38
0
0
0
1.68
0.23
0.13
0
0
0
0
0.37
1.39
0
4.47
1.78
0
1.34
6.48
7.42
21.02
15.43
11.22
3.18
2.88
2.65
2.51
1.7
1.66
7.7
21.26
9.54
13.94
4.83
12.71
31.86
18.16
12.63
11.33
7.32
0.9
0.55
2.63
0
0.02
0
0
0
0
0.2
0
0
0
0
0.06
0
0
3.5
3.63
0.92
0.86
0.58
7
0.54
0
0
0.02
0.35
9.47
2.03
5.06
0.57
0.03
0
0
0.47
0.38
0
0
0
0.01
3.27
1.95
0.93
0.45
0.58
4.4
0.79
0.87
0.69
0.54
0.21
0
0
0
0
0
0
0
0
0
0
0
0.01
0.25
0
0
0
2.06
6.53
30.15
5.13
5.7
7.85
0
9.09
19.1
6.37
7.02
6.17
0
0.04
0.02
0.05
0.54
0.19
0
11.83
9.18
1.64
6.27
2.43
0.33
0
0
1.61
1.52
0
0.74
0
0.59
0
1.09
0.7
2.23
1.79
0.58
0
0
0.45
0.52
12.84
5.24
8.18
2.9
0.21
0
0.02
2.45
1.77
3.47
0.88
0.46
0
0.32
2.43
0.04
4.77
0.86
0.01
1.46
0.98
0.56
2.14
15.82
10.2
1.53
0.13
1.45
0.11
3.23
0
0
0
0.91
10.69
4.5
8.1
9.53
0
3.68
0
1.36
0.63
1.8
4.38
14.97
1.76
0
0
0.01
0.02
1.5
7.6
11.97
10.18
0
0
0
0
0
0.09
3.35
6.59
0
0
0
0.06
0
0.03
0
0
0.01
0.41
0.13
0.29
0.04
0
0
0
0
0
0.01
0
0
0.41
0
0
0.89
0.28
0.46
0
11.35
1.53
0
0.33
2.27
10.12
0.57
0.29
4.9
1.25
2.71
0
0
0.46
1.23
0.06
0.04
0
0
1.16
4.49
7.59
8.94
6.33
0.76
2.84
0.32
0
0
0.02
0
0.01
0
0
0
0
0
0
0
0.14
0.02
0
0
4.09
0
5.8
1.61
0.34
0.98
1.45
1.77
8.63
33.92
6.98
0
0
0.01
0
1.54
2.45
8.35
0.29
0
0.13
0
2.35
0.11
1.45
0.27
3.72
5.84
0.84
15.77
18.78
1.45
0.88
9.53
11.98
8.39
0.58
0
0.79
0
17.97
1.09
0
0.11
1.3
2.3
0
0.16
0
0
0
2.71
6.27
6.02
2.79
9.25
1.47
0.37
0
0
0
1.26
9.6
6.19
5.39
2.05
0.43
0.71
1.45
1.79
0
0.01
0.02
0
0.02
0.02
0.02
1.72
8.68
0
1.02
3.84
14.78
12.15
6.1
1.52
3.28
18.34
1.32
1.46
0
0.07
2.67
10.46
2.28
0.49
13.45
28.23
2.11
0.95
0
0.42
1.21
13.88
12.78
12.3
21.41
19.07
8.15
0.48
0
1.47
3.8
0.63
0.01
1.89
0
0
0.45
2.53
8.41
3.74
6.03
8.15
5.83
0
0.61
1.12
0.14
0.25
0
0
0
0
0
0
0.03
4.25
6.39
0.61
0.61
1.67
1.94
0.36
0.17
0.63
3.13
0.81
0
2.46
1.89
4.98
7.69
19.91
21.66
18.84
14.03
4.04
0.59
0
0.01
0.57
0
1.9
5.8
7.42
0.77
0.97
2.72
9.5
5.23
4.73
5.12
8.66
5.32
8.85
9.85
8.81
7.72
7.85
9.41
5.22
1.96
2.62
0.61
0.3
0.01
0.87
0
0
0
0.01
0
0
4.81
1.77
3.2
3.91
2.64
0.34
5.02
8.98
10.63
4.64
1.51
0
0
0.01
0.05
0
0.11
2.05
11.45
7.35
6.31
3.74
3.1
1.7
4.9
0.4
0.29
2.96
0
0
0.52
0.17
0
0.23
0
0
0
0
0.01
0.02
0.02
0.02
0
0
0
0.62
2.63
0.43
0
0
0.02
0
0.52
0
2.49
1.17
1.41
0.29
0.16
0
0
0
0
0
0
0.02
0
0
0.01
0
6.27
1.32
9.94
7.11
0.64
2.15
0.04
3.69
0
0
0
0.13
1.91
1.45
0.11
1.91
45.81
9.97
3.77
2.92
5.85
0.87
1.59
1.02
0
0
0
0
0.14
0
0.49
0
0
0
0
0
0
0
0
0
0.04
0.02
0
0.06
8.18
0.06
0.16
0
0.33
0.06
0
0.01
0
0
0
0
0
0
0
0.17
0.02
0.1
0
0
0
0.02
0
0.05
0
0
0
0
0.13
4.83
9.08
5.26
0.03
0.03
0.01
0
0
0
0
0
0
0
0
0
0
0
0
0
0
0
3.34
4.72
1.37
0
0
0
0
0
0
0
0
0
0
0.02
0.04
2.34
0.35
0.05
0.59
0.17
0
0
0
0
0
0
0
0
1.45
4.57
3.75
3.84
0
0
0
1.96
0.56
0.73
0
2.96
1.28
0.93
0
6.51
2.87
0.48
26.45
19.07
17.26
11.5
3.66
4.02
1.09
1.95
0
0.14
7.55
12.55
1.27
0
0
0
0.26
19.83
10.22
16.71
15.69
18.78
10.81
0
3.99
11.28
22.3
0.96
11.08
0
5.23
0.91
3.66
8.63
2.41
1.11
0.03
0
0.21
6.72
4.18
0.7
0
0.61
0.53
0.4
0.05
1.03
0.26
0
16.81
1.79
1.21
0
0
0.16
0.64
0
0
0
2.98
1.01
0.11
0.27
8.33
1.58
13.47
0.05
0.74
1.15
0.2
1.33
1.88
1.77
0.35
0
2.78
0.47
1.23
0.04
0
0
0.79
1.52
2.1
3.95
4.77
3.86
1.24
0
6.54
4.04
2.09
4.64
2.5
1.19
0.03
0
0.01
0.14
4.25
0.14
0
0
0.01
0
0
0
0.16
2.75
0.84
10.24
4.25
2.02
1.75
1.25
1.05
0.18
0.4
0
0.27
0.14
0.02
0.25
0
0
0.01
0.04
0.01
0
0
0
0
0
0
0
0
0
0
0.23
1.63
0
0
0
0.17
1.05
0.15
0
0
0
0
0
0
0
0
0
0
0
0
0
0
0
0
0
0
0
0
0.4
4.91
5.65
1.07
4.25
1.1
0.6
0
0
0
0
0
0.01
0
0.01
0
0.02
0.27
2.9
7.3
6.72
4.19
3.22
1.45
0.04
0
0
0
0.73
10.52
2.65
0.68
0.33
0.31
2.98
10.88
2.11
0.35
0.64
0.45
1.98
2.95
3.77
0
0.01
0.01
0
2.37
2.85
0
0.93
0.52
0
0.84
0
0
0
0.01
0
0.02
0.5
0
0.14
0.11
0
1.85
3.15
0
0
1.56
1.36
4.88
12.97
17.55
11.9
0
0
0
0
1.68
0.77
0
0
0.11
0.01
0
0.17
0.01
0
0.27
0
0
0.04
0
0.04
0.01
0
0
2.2
3.43
5.22
0
0.67
0
0.03
0.78
0.14
0.01
0
0
0
0
0
0
0
0
0
0
0
0
0
0
0
0
0
0
0
0
0
2.57
1.52
0.79
0.02
0.68
3.17
4.35
1.34
0.47
0.36
0
0
0
0.02
0.13
0.74
0.04
2.77
0.43
14
1.66
0.04
0
0
0
0.01
0.04
0
0
0
0
0
0
0
0
0
0
0
0.2
6.34
5.84
3
2.61
0.04
0
0
0
1.4
0.12
0
0
0
0
0
0.22
36.02
8.5
0.25
0
0
0
0
0
0.83
6.02
19.07
13.18
4.09
0.93
0
3.54
0.07
0.07
8.04
3.57
0.05
0.02
0
0
0
0
9.21
12.33
5.08
0.01
0
0
0
0
0
0
0.04
0
1.86
0.14
0.23
5.07
2.43
0.05
0
0
0
0
0
0
0
0
3.81
2.46
10.41
4.24
1.41
0.34
5.05
8.91
4.77
3.02
2.54
17.49
22.22
11.97
7.17
1.88
21.38
15.47
2.78
43.34
1.42
0
0
0.95
1.32
0.91
0.06
0
0.15
0
2.21
0
0
0
0.01
0.01
0.01
0.01
1.59
1.52
0.01
0
0.16
2.08
5.3
7.37
15.91
5.84
1.68
1.26
0
9.15
4.64
3.18
14.61
3.09
2.79
1.23
0
1.23
0
1.04
0.33
2.41
4.05
1.28
7.99
4.9
0
9.57
11.4
1.26
0.02
0
0
0
0.05
0.03
0
0
0
0
0
0
0
0
0
0
0
0
4.52
0.7
0
0
0
0
0
0
0
0
0
0
0
0
0
0
1.81
8
5.93
5.97
16.76
1.09
0.74
6.18
8.31
4.81
4.35
0.8
8.02
11.85
4.59
1.18
1.45
0
0
0.4
0
0.01
0.01
0.45
1.14
1.69
1.05
0.21
0
2.28
1.49
0
0
0.65
0.3
0
0
0
0
1.02
0
0
0
0
0
0
0
0.04
0.05
4.34
3.16
0.51
10.55
9.36
4.74
0.22
0.4
0.41
0.32
1.89
7.7
5.5
3.44
4.74
1.81
3.76
7.18
4.75
0.79
0.66
0.03
0
0
0.01
0
0
0.77
1.17
0.57
0.34
0
0.56
0.02
0
3.35
0
1.63
0.04
0
0.04
4.81
7.52
8.61
5.93
0.69
3.49
17.43
2.92
0
0.57
1.15
5.49
2.21
0.07
0
0.28
0.03
0.05
0
3.51
12.65
3.9
0.16
0.05
0.05
0.14
0.2
0
0
0
0.26
0
4.24
3.65
11.06
1.5
2.27
1
0.02
0
0
0
0
0
0.03
0.08
0.02
0.03
0.01
0
0
0
0
0
0.01
0
0.08
0
0
0
0
0
0
0.02
0
0.06
0.04
0.01
0.01
0.25
0.02
0.1
0
0
0
0
0
0
0
0
0
0
0
0.05
0
0
0
0
0
0
0
0
0
0.2
0.25
0
0.04
0
0
0.02
0.08
0
0
0
0
0
0.02
0
0.02
0
0.05
0
0
0
1.6
0.12
0
5.89
2.22
1.64
0.02
0.4
0
8.98
15.63
7.3
0
0.73
0
0
0
0.06
0.33
0
0.59
0.01
0.01
0
0
2.05
0.11
1.28
8.3
6.35
6.04
0
0.28
1.38
0.26
0.11
0.26
0.66
0
0
0
9.04
4.63
0.1
0
0
0
0
0
7.35
8.01
2.93
8.36
0.23
0.91
2.09
1.56
0.95
0
0.15
0.32
0.41
0
0.54
0.71
0.61
3.41
1.77
0.83
0
0.01
0
0
0
0.01
0
0.02
0
0.02
0.02
0
0
0.02
0.05
0.07
0.01
0.09
0.23
0.29
2.14
0.24
0
0
0
0.04
0
0
0
0
0
0
0
0
10.05
17.52
21.45
16.94
4.69
10.88
14.59
1.21
3.63
7.37
11.89
0.73
3.93
5.77
9.05
1.21
2.8
2.71
1.03
0
2.95
6.31
1.96
1.39
1.38
0
0.34
0.57
0.29
0.02
0.18
0
0.1
0
0.01
0.54
2.67
1.91
2.27
1.8
2.22
8.06
0
7.12
12.66
14.84
4.52
0.41
1.21
9.13
22.26
7.45
2.22
4.96
5.02
0.95
0.24
0.22
1.55
0.44
0.01
0.59
0.7
1.02
0
0.16
1.4
0.04
0.02
0
0.77
3.14
2.01
8.41
4.37
4.02
0.55
0.71
0.15
8.49
0
0.01
0
0
0
0
0
0
0
0
0
0
0.4
0.2
0
0.02
0
1.66
5.59
0
0
0
23.15
24.06
14.58
4.82
8.11
6.79
0
0
0.84
11.34
8.65
0
0.01
0.02
0
0
0
0
0.3
0.02
0.3
0.55
0
0
1.31
0
0.02
3.68
1.37
0.22
0.07
0.01
0
0
0
0
0
0
0
0
0
0.01
0.02
0.35
0.7
0.03
0.95
0.41
0
0.8
0.36
1.36
3.47
0.23
0.05
2.15
8.05
10.38
1.21
0.79
0.13
0
0.13
0
0.01
1.23
0
0
0
0.01
0.01
0
0.02
0.13
0.16
0.1
1.66
0.65
0.23
7.02
13.41
2.04
15.56
0.53
0.02
0.04
0.02
0.01
2.07
0.11
0.06
0
0
0
0
0
0.01
0
0
0.02
0.01
0.02
0
0.02
1.02
0.02
0.48
2.96
11.78
20.35
2.72
3.31
2.91
7.65
3.01
3.61
0.71
0.11
0.05
0
0
0
0.03
0
0
0
0.11
2.18
0.11
0.01
0.02
0
0
0.02
0.02
0
0
0
0
0.04
0.02
0
0.14
0.64
0.02
0.01
0
1.73
8.28
4.98
3.58
0.12
0
0.21
0.16
0
0
1.77
2.41
2.92
3.64
7.44
0
4.46
0
0.65
0
0.44
4.54
0.24
0
0.01
0
0
0
0
0
0.03
0.01
0
0.02
0
0
0
0
0
0
0
0
0
0.01
0
0
0
0
0
0
0
0
0
0
0.07
1.3
0
0
21.16
9.84
7.58
17.57
3.1
17.4
12.86
4.21
1.87
3.39
8.93
1.21
4.45
19.43
33.27
9.06
12.1
0.78
0.8
0.77
2.46
0.66
0
0.72
0.59
1.09
9.73
6.59
0.98
1.55
5.48
0.58
3.84
8.64
5.45
5.86
0.92
5.98
3.52
1.01
2.66
7.25
6.88
0.8
0
10.51
1.48
0.64
6.21
2.78
0.65
0
0
0
0
0.07
0.11
0
0
0.16
0.06
0
0.07
0.05
0
0
0
0
0.02
0
0
0
0
0.57
1.02
2.13
0.73
0
0.02
0
0
0.13
0.05
0
0
0
0
0
0
0
0
0
0
0
0.01
0
0
0
0
0
0
0
0
0
0
0
5.84
18.54
8.63
11.46
5.29
12.99
0
0
1.31
4.49
22.88
24.81
3.84
4.1
4.57
3.02
0
0
0.7
0
0.49
0.13
1.78
1.28
0.26
2.08
6.61
8.15
2.91
1.64
3.07
0
0
0
0
5.4
3.45
2.73
0.31
0.03
3.33
0
0
0
4.66
8.94
0.48
7.68
1.92
2.88
3.61
3.29
1.17
2.24
2.26
1.1
0.63
0.23
0.43
0.19
0.02
0
1.48
19.69
10.75
13.49
4.76
0
0
0
0
0
0
0.01
0
0.01
0
0
0.09
0.05
0
0
0
0
0
0
0.01
0
0.02
0.06
0
0
0.18
0.5
0
0.02
0.54
17.07
1.84
2.41
0.16
0
0.01
0.02
0.03
0
3.46
0.27
7.84
3.11
1.18
0
3.04
0.62
0
0
0
0
0
0.01
0
0
0
0
0
0.17
3.71
8.71
0.11
26.79
3.71
0
0.22
27.43
2.3
0.28
0.03
0
0
0
0.13
0.01
0
0.79
0
0.04
0.02
0
0
0
0.31
0.05
0.02
0.06
0.3
0.02
0
1.27
0.38
0
0.2
0.95
3.82
2.95
0
0.03
0
0
0
0
0.02
0
0.01
0.13
1.8
0.07
0
0
0
0.05
6.62
2.17
0.08
0
0.02
0
0.01
0
0
0
0
0
0
0
0
0
0.01
0.03
0.55
0
0
0.03
0.04
0
0.14
0.32
0
0
0
0.1
0.04
0.08
0.02
1.01
0.39
0.06
0
0
0
0.01
0.68
0
0
0
0.01
0.07
1.01
3.41
5.52
6.41
1.09
1.04
0
0
0
0.02
0
0.01
0.06
1.02
0.23
4.5
2.67
4.77
1.8
0
0
0
0
0
0
0
0
0
0
0
0
0
0
0
0
0
0.02
0
0.79
13.73
38.13
0.23
0
0
0.01
0.02
0.12
0
0
0
0
0
0
0
0
0
0
0
0
0
0
0
0.03
2.58
1.51
0
0.63
0
0
0
0
0.24
0.05
0.02
0.02
1.67
0.42
0
0
1.5
0.36
1.68
4.99
0.23
0.57
2.29
2.34
2.15
4.52
2.42
0.83
0
8.44
0.68
0.93
0
0
4.03
1.34
0
0
0.36
0
0
4.08
2.36
1.25
0.8
0.05
0.32
0.4
0.09
1.28
1.05
6.38
2.19
1.2
0.92
0
0
0
0.04
2.66
10.67
4.31
8.16
10.54
0.07
0.14
0
0
0
0
0
0.03
0
0
0
0
0
0
0
0
0
0
1.63
0.68
2.03
12.44
9.9
3.03
3.2
6.14
2.52
2.18
21.52
22.96
2.79
2.21
10.72
0
0
0.16
0.5
1.41
7.47
16.11
13.93
4.85
10.72
4.13
1.62
2.75
0.02
0
0.47
0.02
0.05
0
0
0
0
0
0
0
0.02
0.16
8.74
1.99
0.29
3.33
1.46
0.32
0
0.52
0
0
0
0
0.23
0
0
0
0
0
0
0
0
0
0
0.01
0
0
0
0
0
0.08
2.23
0.88
0.13
0
0.7
0
0.01
0
0.01
0
0
0
0.1
0
0
0
14.25
16.54
0.08
0.01
0
0
0
0
0.96
6.72
0
0
1.97
0
0
3.19
2.1
0.14
0
0
1.72
1.23
0
0
0
0
0.25
0.23
0
0.13
0
0
0
0
0.03
0
0
0
0
0
0.02
0
0
0.95
3.53
0.5
0
0
0.07
0
0.02
0
0
0
0
0
0
0
0
0
0
0.04
0.14
0
0.03
0
0
0
0
0
0
3.48
4.81
0
0
0
0
0
0
0
0
0.01
0
0
0.04
0.04
0
0
0
0.02
0
0.1
6.27
0.77
0.17
0.61
0
0
0
0
0.01
0
0
0
0
0
1.7
0
0
0
0.01
0
0
0
0
0
0
0
0
0
0
0
0
0.02
0
0
0.01
0
0
0
36.25
19.14
14.27
7.65
6.45
18.48
0
0.04
0
0.3
16.21
3.21
6.41
5.69
24.5
11.25
3.87
0
0
0.02
0
0.05
0.66
2.41
4.63
12.5
0.8
2.4
0
0
5.4
12.19
0.69
4.68
13.51
2.84
0
0
0
0.04
7.83
24.07
29.95
4.96
2.01
2.23
0
2.16
2.77
3.44
1.03
3.21
1.52
10.68
5.96
11.34
3.35
9.78
2.66
0
0.16
0
0.86
1.65
1.14
1.83
3.57
0.02
1.61
4.55
1.24
0
0
1.21
12.68
5.34
0.22
0.03
0
0.31
0
0.05
8.06
0
0.01
0.17
0.12
0.63
0
0.31
0.51
0
2.82
18.89
5.73
0.72
0
0.01
0.01
0.11
0.14
0.77
0
0
0
0.09
4.81
0.79
0.61
7.15
6.36
2.87
6.38
6.82
7.06
6.89
17.39
17.95
18.33
7.77
6.28
2.72
1.28
3.89
0.84
0.03
0.97
4.08
2.15
0.15
0.8
1.14
0.41
0.02
0
0
0
0
1.05
8.63
3.7
18.66
5.21
3.48
14.27
6.98
0
3.79
5.61
15.69
9.58
3.96
0.05
0.03
0
3.07
20.13
2.48
0
0
0.21
0.06
0
0.02
0
0
0
0.01
0
0
0
0
0
0
0
0.02
0
0
0
0
0
0
0
0
0
0
0
0.17
5.13
10.07
2.56
0.63
2.25
1.31
1.05
2.6
7.96
4.61
4.84
7.62
5.25
2.34
10.27
13.28
5.26
0.23
0
1.54
0
0
0
2.08
0
1.2
0
2.92
0
0.79
0
0.38
2.13
3.07
0
0
0.04
0.04
0.11
0
2.37
7.53
6.99
0.33
0
0.8
3.88
1.04
7.95
0
0
0
0
0
0
2.37
0.54
0.7
0
3.88
2.58
1.46
3.55
5.85
5.18
12.71
0.35
0
1.88
11.02
4.95
0.98
0.7
0.52
5.66
3.98
0.09
0.02
0
0.01
0
0
0
0.26
0.02
0
0
0
0
0
0
0
0
4.16
0.28
0
0
0
0
0
0
0
0.02
0
0.08
0
0
0.02
0
0.01
0
0
0
0
0
0
0
0.65
0.14
0
0
0
0
0
0.31
0.02
0
0
0
0
0
0
0
0
0
0.17
0.01
0.04
0.06
0
0
0.02
0.04
0.49
0
0.01
0
0
0.04
0
1.25
0
0.05
0
0
0
0
0
0
0
0
0
0.69
0
0
0.33
1.01
1.8
2.68
0.02
0.01
0
0
0
0.01
0.01
0.01
0
0
1.75
12.22
15.94
3.51
2.96
1.86
4.39
16.77
5.22
0.18
0
14.5
7.51
0.92
0
0
0
19.86
9.8
3.08
0.11
2.09
6.62
1.89
4.82
0.46
0.01
0.07
11.78
8.52
0.82
0.02
0.24
0.03
0.05
0
0
3.13
0
7.48
25.97
20.37
11.77
15.13
5.17
1.32
0
0
0.01
0
0
0.02
0.32
0
0.25
0
0.21
0.36
0.17
0
0
0
0
0.42
0
1.09
4.87
1.6
0.28
0
0.08
0
0
0
0
0
0
0.93
0
0.03
0
0
0
0
0
0
0
0
0.01
0.01
0
0
0
0
0.13
0.03
0
0
0
0.43
0.04
0.61
0.93
0.24
0.7
14.1
9.38
3.76
0.34
0
0
1.04
0
0
0
5.08
3.44
7.81
1.3
1.55
0
0.59
0.61
0
0
0.41
0
0
0
0
0
0
0
0.8
0.5
0
0
0.04
0.07
0.1
5.16
4.91
10.7
12.91
15.51
3.04
0
0
0
0
0
0.73
2.93
0.05
0.41
0
0
0
0.04
0
3.53
0.69
0
21.36
8.42
0.24
0
0
0
0
0
0
0
0
0
0
0
0
0
0
0
0
3.5
9.44
2.36
0
0.18
0.01
0
0
0
0
0
7.88
14.88
5.28
3.35
1.05
3.18
1.15
1.86
4.32
4.3
3.43
1.06
1.67
0.25
0.91
0
0
0
0
0
0
3.57
0
0.07
3.99
1.12
0.06
0
6.03
0.88
0.24
5.19
6.16
1.71
2.97
0
4.08
1.72
1.38
4.88
3.26
1.72
0
0
0
0
0.01
0
0
0
0
0
0
0
0
0
0
0.25
2.57
5.98
7.34
1.73
0
0.7
0
0
0
0
0.08
3.18
0
0
0.18
0.16
0
0
0
0
0
0
0
0.06
0
0
0
0
0
0
0
0
0
0
0
0.14
0
1.95
0.89
1.59
0.16
0
0
0
0
0
0
0.02
0
0
0.01
0.02
0.16
0
0
0.06
0
0
0
0
0
1.07
0.05
0.57
0.03
1.32
0.8
0.01
0
0.11
0
0.01
0
0
0
0
0
0.01
0.45
0
0
0
0.44
0
0.62
0
0.09
0.01
0.22
0.66
6.33
1.43
0
0.14
0
0.04
0
0
0
0
0
0.01
0
0
0
0.06
0
0
0
1.82
0
0.01
0.01
0
0
0
0
0
0.15
0
0.01
0
0
0
0
0
0
0.03
0.06
0
0.45
2.11
1.87
0
0
0
0
0.01
1.02
5.8
1.18
7.22
0.34
0
0.47
0
0
0
0
0
0
4.98
4.14
6.58
0.44
0
12.96
10.66
1.54
0.49
0
0
0.28
8.9
28.54
19.66
26.25
8.92
0
0.69
1.01
0.71
0
2.38
8.28
11.76
2.62
0
0
0
0
0
0
0
0
0
0.12
0.34
0
0
0
0
0
0.02
0
0
0
0
0.35
0
0.01
0
0.16
0.07
0.38
0.64
0.06
0
0.52
0.25
0
0
0
0
0
0
0
0
0
0
0
0
0
0
0
0
0
0
0
0
0
0
0
0
0
0
0
0.01
3.36
0.28
0
0
0.05
0
0.11
0.13
12.26
4.45
6.64
14.69
3.37
1.25
4.25
8.17
13.1
8.84
5.16
0.87
1.67
2.47
3.23
6.08
10.89
3.96
0.09
6.41
9.87
2.75
1.55
0.09
4.22
10.67
1.27
0
0
0.13
0
0.29
6.27
0
0.09
0.01
0
0
0.09
0
0
0
0
8.76
3.3
0.04
0
0
0.32
18.98
3.15
0
4.47
12.85
5.4
1.13
0
0
0
1.55
5.61
0.88
0.2
0
1.01
1.8
1.6
6.06
19.19
1.36
0.96
0.19
0.11
0
0.01
5.25
9.45
21.62
0.21
0
0
0.2
0.01
5.61
3.16
0.5
0.02
0.67
1.02
7.95
7.19
0.55
1.75
4.9
0.97
0
0.03
0
0
0.03
0.01
0
0.6
0
12.45
1.53
0
0
0.22
5.34
2.9
3.48
4.66
2.41
0.56
0
0.01
0
1.77
0.8
0.78
0
0.01
0
0
0
0.95
0
0
0.56
4.5
2.38
0
1.41
3.09
1.77
0.01
0
0
0.01
0.15
0
0
0
0.01
0
0
0
0.01
0
0.01
0
0
0
0.02
5.07
0.95
0.07
1.38
0
0
0
0
0
0
0
0
0
0.02
0
0
0.01
0
0.02
0
0
0
0
0.02
0
0.06
4.82
5.43
0
0
0
0
0.04
0
0
0
0
0
0.52
0.01
0
0.2
1.05
0.77
0
0
0
0
0
3.7
5.85
8.34
2.59
0.09
2.11
1.52
0
0
0.55
0
0.01
0
0
0
0
0.05
3.46
4.17
3.01
4.69
6.58
1.38
0.02
0
0
0
0.01
0
0
0
0
0
1.32
0.02
0.01
0
0
0
0.01
0
0.01
0
0
0
0
0
0
0
0.05
0
0
0
0
0
0
0.02
0
0
0.23
0.06
0
0
0
3.38
14.91
9.6
9.23
1.93
1.59
12.42
2.65
8
7.61
0.82
0.79
0.18
0
0.45
0.59
5.98
2.11
0
0
0
0
0
0.17
0.07
0.02
0
0
7.69
5.74
3.56
0.75
1.67
8.55
0.77
0
0
2.63
4.16
0
0.3
0.83
0
0
7.18
2.3
8.5
11.27
12.31
2.39
0.61
1.02
0
0.19
0.08
0.29
0
0.52
0.02
0
0
0.01
0
0
0.3
0
0.14
0
2.53
1.05
0.03
3.56
3.34
7.52
6.13
11.08
5.8
13.75
1.25
0.47
0.67
0
0.09
0
0
0.01
0
0
0.01
0.25
0
6.12
1.84
0.11
0
2.82
2.19
0.26
0
0.01
0.02
0
0.14
0
0
0
2.27
0.38
1.86
0.34
9.12
22.98
8.83
5.88
20.87
17.86
4.7
0.27
0.43
0
4.07
21.12
1.64
8.09
4.45
3.51
3.34
0.84
3.87
1.27
2.92
0.36
0.89
14.22
23.92
7.94
1.8
15.6
9.41
2.07
0.27
0.01
7.71
2.97
0
2.66
0
0.04
0
0
0
0
0
1.22
8.86
7.41
1
0.48
1.97
4.15
1.76
0.01
0
0
0
0
0
0
0
0
0
0
0.01
0
0
0
2.32
22.7
4.7
24.09
14.21
1.02
0
7.43
8.93
9.16
4.64
2.01
2.77
0.98
7.74
0.7
0.95
0
0
0.04
0
0.12
0
1.16
0
0
0
0
2.45
3.8
4.48
5.22
0.46
19.12
10.98
1.53
0.66
0
0
0
0
0
0.01
0.01
0
10.26
8.76
10.24
4.66
10.25
7.26
6.38
0.76
0
0.12
1.95
0.05
0.71
0.06
2.68
5.62
0.15
0
0
0.04
0
0.01
0
0.11
0
0
0.07
1.42
0.57
0
0
0
0
0
0
0
0
0
0
0
0
0.01
0
0.03
0.96
0
0
0.03
0
0.74
0
0.01
0
0
0.46
0
0
0
0
0
0.48
0.05
0
0
0
0
0
0
0
0
0
0
0
0
0
0
0
0
0
0
0
0
0.19
0.23
9.92
20.01
3.62
3.88
0
2.1
0
0.14
1.48
1.01
0
0.69
11.8
9.31
4.1
7.25
0
0.44
8.48
0.7
0.06
0
0.01
0
0
0
0
0.16
0
11.2
2.06
0.18
0
0.26
1.65
3.27
0.32
0.07
0
0
0.03
0.08
2.8
6.46
0.88
0.65
0.21
7.09
14.7
5.64
4.1
0.1
1.17
0
0
0
0
2.13
0
0.01
0
0
0
0
0.28
0
0.11
0.06
4.05
1
0
0.38
30.77
10.91
0.05
1.49
0.25
0.64
0
0.67
0.46
1.11
5
17.09
7.61
9.8
3
0.5
0.02
0.21
0
0
0.01
0
0
0
0.08
0
0
0
0
0.02
0.02
0
0
0.6
0.2
0
3.16
0.71
0.13
0
0.64
0
1.02
0.66
9.26
4.38
3.37
3.61
5.77
6.17
11.61
1.31
6.08
15.09
17.38
9.52
1.62
9.41
15.22
15.68
22.42
14.09
3.15
3.72
4.52
3.27
0.38
1.46
0.16
0.34
6.66
1.06
0.1
0.03
0.43
14.64
9.95
4.03
0.54
1.23
0.01
1.3
0.75
0
0
2.87
1.34
3.17
1.56
0.01
0
0
0
0.21
1.23
0.15
0.22
0.15
0.24
0
0
0.01
0.01
0
0
0.15
0.01
0
0.02
0
0
0
0
0
0
0
0.08
0.2
0.86
1.16
0
0.03
2.61
4.21
1.16
0.73
0
0
0
0.09
0.19
4.91
1.54
0.07
2.75
1.42
0
0
0.05
1.27
0.57
1.09
0.05
0
0.01
0
0
3.67
0.68
0
0
0.61
3.97
0.02
0
0
0
0
0.01
0.01
0
0
0
0.2
0.32
0.02
0
0.01
0
0
0
0
0.01
0.11
0.97
2.15
4.74
0.95
5.44
3.84
2.41
2.96
1.79
0.48
2.39
5.34
4
0.01
0
0
0
0
0
0
0.02
0
0
0
0.04
0.01
0
0
0
0
0
0.02
5.04
4.16
10.64
7.25
0.59
0.45
1.98
1.06
0
0.04
0
0.03
0.25
1.1
0.02
0
0
8.31
2.64
0
0.66
0.76
0.14
0.01
0
0
0
0.02
0
0
0
0.14
0
0
0
0
0.01
0
0.09
0.99
0
0
0
0
0
0
0
0
0
0
0
0
0
0
0.01
25.51
4.26
3.77
8.11
0
0.01
0.02
0
0
0
0
0
0
0
0
0
0
0
0
0
0
0
0
0
0.01
0.1
0
0
0
0.79
0
0
0
0
0
0.02
0
0
0
0
0
0
0
0.04
0
0
0
0
0
0.01
0
0
0
0
0
0.03
0
0.81
0.09
0
0
0
0
0
0
0
0.01
0
0
2.57
9.95
3.27
1.79
0.55
0
0
0
0
0
0
0
0
0
0.01
0
0
0
0
0
0
0
0
0
0
0
0
0
0.62
0.45
0.21
9.84
2.05
0.03
0.01
0.08
8.75
3.4
2
0.43
0.32
0.34
8.98
1.3
14.71
0.34
0
0
4.88
0.87
0
0.23
2.52
3.27
0.22
0
0
0
0
0.02
0
0
5.83
15.28
2.88
0.53
0
0
0
0
0
0
0.01
0.01
0.01
0.04
0.07
0.04
0.15
1.18
1.68
0.45
2.39
0.95
1.21
0.76
0
0.02
0.03
0
0.06
0
0.05
0
0.45
0
2.96
2.01
0.79
0.27
0
0
12.42
6.5
11.96
9.18
1.18
8.14
8.37
2.94
2.09
0.57
0.34
0.11
3.27
2.76
0.16
0.53
0.3
0.01
0
0
0
0
0.43
8.82
3.74
0.18
0.11
0.01
0.41
2.51
0.98
0
0
0
0
0
0.01
0.01
0.01
0
0
0
0
0
0
0
0
0
0
0.21
9.37
2.98
0.14
0
0.61
0.77
3.53
0.09
3.02
6.24
11.09
18.66
3.76
0
0
0
0
0.08
0
0.05
0
0.55
1.36
0.8
4.84
10.13
5.54
6.54
2.22
15.95
5.76
2.93
4.43
0.29
0
1.76
7.02
0.61
0
0.02
0
1.88
0
0
5.53
19.61
11.01
2.47
0.73
0
0
3.13
3.28
10.06
4.88
0.29
0
0
1.27
6.59
8.56
2.51
0.06
0.71
17
24.1
1.05
3.25
11.5
15.06
7.21
19.43
3.92
2.79
3.08
10.11
4
16.58
6.63
2.2
0.03
0
0.62
0.4
0.62
1.39
10.38
8.38
13.01
3.93
2.8
1.91
7.14
4.62
7.68
0.38
0
13.1
6.07
0.04
6.37
0.98
0.12
0
0.02
0
1.05
0
9.51
2.44
0
0
0
0.01
0.57
2.43
7.96
3.55
2.77
0.96
0.04
0
0
0
0
0
17.8
0.96
1.83
0.45
0.41
0
0
0
0
0.03
0
0.05
0
0
0.39
0
0.07
0
0.04
0
0
0
0
0
0
0.01
0.26
0.02
1.52
0.05
0.35
0
0
0.01
0
0
0
0.01
0
0
0
0
0.01
2.06
0.59
0.07
0
0.27
1.96
0.15
0
0
0
0.02
0.05
0.04
0.07
2.36
17.25
4.35
0
0
0
5.59
1.2
0.02
0.04
0.04
0
0
4.45
1.15
0
22.06
0.81
0
0.01
0.96
0.02
0
0
0
0
0
0
0
0.11
0
28.92
6.58
0.08
0.64
1.61
1.02
0.39
0
0
0
0
0
0
0.5
0.05
0
0
0
1.28
0.15
0
0.05
0
0
0
0
0
0
3.05
5.7
2.26
0.86
0.3
0.35
0
0
0.26
0.13
0
0
0
0
0
0.01
0
0.15
0
0.11
0.02
0
0.15
2.54
2.44
1.23
0
5.57
0.42
0.95
0
0.4
0.01
0
0
0.01
0.01
0.2
0
0
0
1.32
0.38
0
0
0
0
0.73
5.47
3.03
5.92
1.68
1
1.76
9.52
7.05
1.35
7.03
1.2
0.14
0
0.39
0
0.07
8.4
12.22
0.61
2.27
1.1
3.44
7.79
7.39
6.77
7.29
0.14
0.66
5.66
1.71
0.01
0
0
0
0
0.09
0
0
0.45
9.27
14.28
28.96
19.42
13.82
10.89
8.77
4.94
2.31
4.36
3.39
11.48
0.25
0.35
0.15
0.11
1.93
3.27
1.3
0
1.01
0.13
0.18
0.03
0
0
0.92
0.34
0.24
0.37
5.19
1.96
4.47
10.56
3.82
3.55
3.41
1.03
0.1
0.09
0
2.09
0.77
4.09
4.25
0.75
0.06
0.01
3.03
2.07
0
0.01
0
0
0
0.09
0
0
0
0.05
0.21
0.02
0.02
0
0
0
0
0
0.23
2.3
0.61
0.8
0.02
0.01
0
0
0
0
0
0.12
0.17
0.36
0.15
0.13
0.88
0.02
0.66
0.09
0
0.16
3.39
10.26
3.95
1.59
0.02
0.05
1.74
1.02
0.11
0.01
0
0
1.26
3.23
0.93
0.49
1.19
0.04
1.03
2.86
2.52
0
0
0.02
0
0
0
0.01
0.02
0.04
0.38
0
0.03
0
2.34
0.16
0.01
0.02
0
0.35
0.01
0
0.01
0.73
14.57
20.96
3.93
0.03
0.43
0.19
1.71
0.73
7.35
1.16
0.01
0
0
0
0.03
0
0.02
0
0
0.06
0
0
0.03
0.01
0.02
0
0.01
0
0.02
0.01
0
0
0.04
0
0.02
0
0.01
0
0.01
0
0
0.5
0.04
0.68
5.14
3.55
4.95
0
2.82
0
0
0.58
0
0
0.98
0
0
0
0.18
3.59
0
0
0.05
0
0
0
0
0.01
0
0
0
0
0
0
0.01
0.01
1.09
0
0
0.02
0.22
1.16
12.35
10.72
10.38
14.44
4.41
2.02
2.16
0.57
0
0.07
0.52
0
0
0
0
0.16
0.47
8.57
34.65
28.55
5.31
0.16
4.01
6.45
3.93
0
0.43
1.95
13.38
6.06
2.14
0.55
4.3
2.23
1.23
1.01
0.48
4.68
2.48
14.03
5.61
0.24
0.11
0.21
1.96
1.75
7.38
5.55
0.41
0
0
0
4.83
8.2
6.46
0.05
0.16
0.48
3.36
1.69
10.29
25.8
12.29
3.51
5.12
1.69
0
0.07
0
0
0.02
0
0.02
0.05
0.07
0
0
2.51
1.82
0.97
0.45
0.1
0
0.05
0.02
0.14
8.26
18.63
4.63
0.89
6.01
2.34
0.07
0.14
0
11.42
9.41
1.05
0
0
0
0
0.01
0
0
0
0
0
0
0
0
0.02
0.01
10.2
14.07
9.28
1.26
0
0
0
0
0
0.16
0
0
0.01
0.2
0
0.18
0.21
0.21
0.18
7.79
4.03
0.19
21.42
8.69
2.13
0.45
2.48
3.58
0.5
0.06
0.48
0.09
0
0
0
0
0
0
1.04
0.02
0
0
0
0
0
0
0.1
0.07
0
0
0
1.43
0.95
0
0
0
0
0.05
0
0.02
0
0
0
0
0
0
0
0
0
0
0
0
0
0
0
0
0
0
0
0
0
0
0.16
0
0
0
0.1
0.7
1.48
4.13
1.84
0.23
1.24
5.85
0.52
0.01
0
0
0
0
0
0
0
0.06
9.94
3.12
0.45
0.06
0
0
0
0.13
0
0
0
0
0
0.87
5.82
2.29
0.18
0.16
0
6.27
3.24
0.09
0.22
4.91
2.76
2.51
0.41
3.12
0.5
0
0
0
0.08
0
0
0.11
0.12
0.06
5.97
4.24
17.41
17.5
10.77
2.73
0
0
0
0
0
0
0.08
0
0.02
0
0.28
0.92
9.11
5.55
2.54
5.3
1.94
1.02
0
6.15
1.61
2.49
2.22
0.05
1.08
14.25
6.79
0
0
0.01
0.04
0
0.06
0
0.01
0.44
0.54
0.01
0
0
0.09
0
0
0
0
0
2.34
2
0
0.02
0.02
0.28
5.38
0.38
1
1.53
0
0.01
0
0
0
0.05
0
0
0
0
0
1.22
1.69
0
0
0.78
1.31
0
0
0
0
0
0.02
0
0
1.84
1.41
0
0
0
0
0.55
1.8
0
0
0.21
2.38
0
0.57
0.03
0.34
0.14
0.05
0
0
0
0
0
0.01
0.05
0.41
0.59
3.55
0.65
0
0.02
0
0
0
0
0
0
0
0
0.05
0
0
0
0
0
0
0
0
0.02
0
0.44
0.09
0.27
0.11
0.01
0
0.02
0
0.04
0
1.08
1.26
3.07
1.02
4.38
3.84
4.35
0.8
1.02
5.07
4.55
0.16
0
0
0
0
0
0.1
0
0.1
3.64
4.23
3.45
7.48
8.04
4.42
21.69
8.51
1.64
0
0.02
0.01
0
0
0
0
0
0
0
0
0
0
0
0
0
0
0.04
0
0
0
0
0
0.29
0.33
0
0
0
0
0
0
0
0
0
0
0
0
0.12
0.05
0.14
0.92
12.25
17.92
7.07
18.9
13.12
9.31
6.26
0.82
0.08
0.09
0.1
0.12
0.07
0.02
0.02
4.32
2.21
8.84
9.15
4.31
6.08
3.04
0.05
0.14
0.18
0.14
0.05
0.15
0.42
0.6
0.21
0
0
0.16
0.13
0
0.59
3.63
1.67
1.41
4.08
2
1.72
1.2
2.02
8.19
2.51
1.65
0.66
7.51
0.31
0.04
0
0
6.67
12.44
4.52
2.86
5.35
2.82
0.7
0.18
8.13
1.15
0
0
0
0
0.17
0
0.06
0
0
2.04
0.29
0.05
0
0
0.11
0.22
1.77
9.09
1.32
2.33
0.51
0.21
0
0.02
0
0.26
1.43
7.09
6.77
9.86
1.76
2.66
3.2
4.1
0.41
3.21
1.79
0.35
0.02
0.39
17.37
2.28
1.41
0.09
0.29
0.19
0
4.52
5.82
2.3
0.85
0.21
7.21
1.13
0.02
0.03
1.23
0.53
0.92
1.77
1.62
0
0.22
2.41
3.6
4.21
16.93
3.61
0.81
1.09
3.91
5.52
1.46
0.23
0.07
0
0.02
0.09
0.8
0.25
0
0
0.41
1.55
1.42
0.02
0
6.19
0
0
0
0
0
9.66
7.72
0
0.09
0.26
0.24
0
0
0
0.06
3.62
0
0
0.1
1.33
0.39
0.02
0
0.29
3.87
3.41
15.67
23.28
2.65
0.87
1.95
3.1
0
0.02
0
0.25
8.62
0
6.75
7.57
0
0.05
0
0
0.09
18.25
8.39
0.8
0.01
0.05
0.02
0
0
0.04
2.98
6.92
0
0
0
0.01
0.03
0.04
0
0
0
0
0
0
0
0.01
0.02
0
0
0.05
0
0
0.01
0
0
0
0
0
0
0
0
0
0
0.01
0
0.77
3.55
7.87
3.27
0
0
0
0.38
0.21
0
0.01
0
0
0
0
0.05
0
0
0.01
0
0.02
0.01
0
0.01
0
0
0.03
1
0
2.49
0
0
0
0
0.04
0
0
0.2
0.01
0
0
0.03
0
0
0
0
0.01
0
0.11
0
0.32
0.02
0
0.05
1.91
0.6
1.01
0
0.8
0.01
2.65
3.92
0.43
0
0.05
0.33
0.65
0.01
0
0.17
0
0
0
0.04
0
0
0
0
0
0
0
0.01
0
0
0
0
0
0
0.16
0
19.32
4.64
22.74
8.57
2.76
2.51
0.37
0.15
10.15
1.58
0
0
0
0
0
0
0
0
0
0
0
0
0
0
0
0
0.03
0
0
0
0
0
0
0
0
0.01
0.03
0.13
5.09
6.36
1.17
0
0.02
0
0
0
0
0
0
0
0.12
0
0
0
0
0
0
0.05
0.04
0.39
3.46
4.84
3.47
7.6
1.3
0.05
1.71
0.56
0.11
1.45
0.59
0
0
0
0.15
0
0.02
0
0
0
0
0
7.57
18
3.85
2.71
8.51
3.55
3.51
0.99
0.4
3.21
0.92
0.85
0.1
0.11
0.01
0.01
0
0
0
0.09
1.1
0.56
0
0.48
6.85
6.89
4.82
0
0.29
0.29
0.48
3.95
0.77
0.12
5.4
1.56
0.05
0.03
0.2
2.14
5.53
3.1
4.11
0.72
0
0
0.01
0
0
0.12
0.12
0.1
5.6
1.11
0.14
0.73
0
0.59
7.95
2.18
0.34
0.15
0.09
0
0
0.01
0
0.01
0
0
0
0
23.95
10.3
1.44
0
29.38
9.3
0
3.42
2.24
0.95
0.1
0.02
0
0.2
0
0
0
0
0
0
0.06
1.19
8.45
2.38
0.34
1.42
0.12
0.41
0.09
6.32
10.55
22.43
11
3.03
4.83
1.3
0.45
1.11
4.88
16.13
4.65
0.17
3.83
3.13
8.05
2.18
0.26
0.08
0
0
0
3.75
1.32
0.41
1.64
0.23
0.69
5.54
3.95
6.23
3.57
0
0.62
6.46
2.17
0
0
6.94
1.01
0.03
1.09
0.18
0
0
0.02
0
0
0
0
0
0
0.01
0
0
0.04
0
0
0
0
0
0.03
0
0
0.01
0
0
0
0.02
0
0
0
0
0
0.01
0
0.18
2.66
0
0
0
0
0
0
0
0
0
0.05
0.5
14.61
8.62
0.05
0
0
0.12
3.87
1.88
1.06
0.02
0
0
0
0.04
0.02
0.02
0.03
0.1
0
0.15
1.03
0.49
0.21
12.76
11.02
11.43
4.79
0.41
0.11
0
0
0.71
7.62
3.92
0
0
0
0.01
0.01
0
0
0
0
0
0
0
5.88
5.18
0.25
0.03
0
0.06
0
0
0
0
0
0.04
0
0
0.16
0
4.66
1.28
0.05
0
0
0.56
0.05
0
0
0
0
1.48
0.57
0
0
0.93
0.84
1.01
0
0
0
0.01
0
0
0
0.16
0
0.6
4.37
0.78
0
0
0.24
0
0
0
0.02
0.41
0
0
0.08
0.29
0.94
0
0
8.7
0
1.01
3.25
2.29
0.18
0
0.02
0.01
0
0
1.03
3.38
8.91
7.86
2.55
9.07
0.14
1.84
0.16
0.06
0
0
0.02
0
0
0
0
0
0
0
0
0
0
0
0
0
0
0
0
0
0
0.03
0
0
0.01
0
0.03
0
0
0
0.01
0
0.02
0.03
0.09
0.13
0.1
0.96
0.77
2.64
6.73
6.79
3.1
1.88
3.76
11.08
10.32
5.05
1.34
0
0.29
0
0.64
0.16
0.18
0
0
0
0
5.01
7.42
6.47
0.96
0
0
0
0
0
0
0
0.01
0
0.01
0
0
0
0.04
0.02
8.1
4.66
0
0.74
0
2.35
1.52
0.19
1.21
0.15
0.21
0
0
0.3
0.22
0.64
0
0.07
0
0
0
0
0
0
0
0
0
12.25
29.02
10.89
2.01
0.02
0.03
0.16
0
0.01
1.13
0
0.2
1.07
0.23
5.36
8.64
1.31
1.02
0.24
4.95
0
0.78
0.03
2.27
0.8
2.16
0.55
0
0
0
0
0.19
0.02
0
0
0.41
11.38
9.54
2.31
0
0.11
0.96
0.31
0.02
0.09
0
0
0
0.02
0
0.18
0.44
3.15
0
7.44
9.38
7.14
2.51
0
0
0
0
0
0
0
0.14
4.05
1.02
0
0.18
0.12
0.81
1.95
0
0.99
9.78
0
3.28
2.49
3.79
0.72
1.27
0.63
3.41
6.18
1.29
0.13
8.23
1.13
0.53
1.38
16
6.65
1.19
0.14
0
0.08
0
7.09
2.82
0.66
0
0.16
0
1.13
0.42
0.65
0.09
3.16
4.43
1.79
0
0
1.86
0.58
0.06
0.09
0.04
0
3.48
0
0.11
0
0.01
0
0.01
0
0
0
0
0
0.05
7.66
5.68
0.82
0
0
0.13
0.02
0.12
9.14
0.79
2.33
3.07
0
4.39
15.72
13.36
1.84
0
0
0
0.02
0.07
0.11
0
0.08
0.32
0
1.04
0
0.19
10.29
1.18
0
0.21
0.05
0.02
0
0
0.04
0
0.36
0
1.38
3.77
6.54
15.1
1.13
0
4.91
1.25
0.69
1.86
1.68
0
0.13
0.02
0.04
0.68
10.6
19.77
17.59
3.14
5.4
0.55
0
0
1.6
0.46
1.2
0
0.29
0.59
9.96
2.88
0.65
7.55
2.74
0.13
0.21
0
3.64
1.47
0.04
1.25
0.08
5.52
2.18
11.88
17.54
10.43
6.22
1.69
0.07
0
0.01
0
0.09
0.1
0.11
0.05
0
0
0.05
0.03
0.1
0.15
0
0.02
0
0.05
0.65
0
0.34
0.73
4.76
9.38
3.17
0.71
0.1
0.17
0
0.02
0.45
0.27
0.02
0
4.43
10.84
22.5
3.41
0
0
0.12
4.25
5.05
0.69
0
0.36
4.29
23.48
23.61
12.93
11.75
1.4
0.09
0.27
1.98
1.69
0.18
0.16
1.61
5.73
2.29
9.39
8.46
2.34
0.31
0.15
1.14
0.51
18.83
7.21
8.26
5.36
1.3
3.68
2.31
9.24
7.66
2.34
3.49
3.13
0.78
4.66
5.58
4.35
0.34
0
0.18
0
1.05
5.35
9.91
4.11
4.42
1.07
0.2
0
0.48
5.64
10.2
12.52
6.48
2.09
8.01
5.92
1.8
0.51
1.45
0.83
0
0
0
0.09
0
0.77
0.02
0.11
0
1.33
9.76
6.48
0.04
0.13
0.02
0.04
0
0
4.61
0.84
0.44
20.3
8.14
5.38
0.04
0.27
0.11
1.52
0.03
0.74
0.04
0
0.13
0.72
0
0.28
0
2.52
0.11
0.1
0
0.09
0.01
0
0
2.61
2.7
1.54
0.78
0.12
0
0
0
0.04
0
0
0.25
0.2
0.72
1.91
3.36
1.76
0.65
0.67
5.27
2.6
0.05
0
0.11
0.16
0.01
0.26
6.09
0.75
0
0
3.37
0
0
1.31
0
1.55
5.24
1.42
0.69
2.65
1.14
0.24
0.13
0.82
8.87
6.04
11.53
1.09
1.91
0.12
0.07
0.22
0.26
0.04
6.08
0.85
0.52
19.32
5.58
0.23
0
0
1.2
0.26
3.65
2.38
1.12
6.38
1.93
0.03
0
0
0.43
0.71
0.48
0.38
0
0
0.02
0.02
0
0.07
1.88
0
6.34
0.37
0.01
0.04
0.41
0.43
8.5
4.77
0
0.01
0.01
0
0
1.36
8.02
1.88
0.72
1.68
0.39
2.49
1.8
0.51
0.05
0
1.04
4.8
1.96
0.2
0
0
0
0
0
0
0.34
0
0
0
0.11
0.14
0
3.11
0
1.31
0.03
0.01
0
0
0
0
0
0.04
0
0
0
0
0
0
0
0
0
0
0.07
0
0
0
0.01
0
0
0.42
0
15.46
1.46
0.01
3.23
0.45
0.91
1.98
3.07
0.31
0
0
0
0.04
0
0.01
0
0
1.97
21.49
10.27
11.77
8.89
1.14
0.05
0.03
0.25
0.02
0.5
0
0.99
15.87
5.51
8.06
3.59
8.7
1.09
0
0.7
0.16
0
0.03
0.05
0.01
0
0
0.01
0.15
0.11
0.04
0.07
0
0.14
0.02
0
0.05
0.16
0
0.03
0
0.05
0
2.28
1.36
8.45
3.85
0
0
0
0.15
0
1.35
1.93
5.16
15.46
4.91
0.54
1.45
5.01
6.24
2.79
30.45
10.73
0.91
1.82
0.74
2.72
0.05
0
0
3.6
0.17
0
0.63
2.95
6.34
1.87
1.96
0.02
0.04
0.02
0.16
6.4
2.01
0.23
0.07
0.36
0.16
0
0.16
0.16
0
0
0.19
0.04
0.11
1.89
4.36
3.53
4.02
1.59
2
0.78
1.18
5.73
2
7.29
0.35
0.16
1.98
3.77
0.3
0.93
15.13
3.91
0
0
0.02
0.43
0.35
0.11
0.02
0.29
0.59
1.72
4.52
5.73
3.71
0
0.1
0.7
5.93
5.7
3.38
3.7
8.38
2.53
0
0
5.11
9.37
17.13
11.52
14.51
9.19
6.04
15.08
12.71
2.75
0.27
0.06
0.02
0.02
0.17
0.03
0.29
10.29
1.38
0.02
0.06
2.16
1.55
0.33
0.34
0.11
0.2
0.01
0.26
0.11
0.01
0.24
0.07
0
2.68
0
0
4.24
1.6
0
9.48
4.48
0.82
0.06
0
0.47
1.16
2.96
2.25
0.14
0
0.03
0.15
0.5
0.13
0.22
0.05
0.01
0.09
3.58
1.1
11.84
11.28
5.04
6.66
9.26
4.66
0.63
0.94
4.86
9.18
4.27
0.78
0.17
0.19
0
0.2
0.02
0
0
0.13
0.02
0.02
0.16
0
0.03
2.23
11.72
10.16
17.44
8.89
0
1.16
0
1.66
3.82
1.55
0.56
0.12
0
0
0.57
0.2
0
0.69
0
3.78
2.89
0.76
0
2.35
0.66
0.39
3.76
0.55
4.4
3.29
3.02
2
0.09
0.09
0
0.11
0
0
0
0
0
0
0
0
0.05
0.02
0
0
0.04
0
0
0.04
0
0
0
0.02
0
0
0
0
0.02
0
0.01
0.03
0.01
0
0
0
0
0.03
0
0.02
0
0.01
0.02
0.01
0
0
0
0
0
0
0
0
0
0
0
0
0
0
0
0.09
0.02
0
0
0
0
0
0.07
0
0.04
0
0
1
0.9
2.5
6.77
1.77
0.08
0
0
0
0
0
0
0
0
0
0
0
0.01
0
0.01
0
0
0
0
0
0
0
0
0.01
0
1.02
0.31
0
0
0
0
0
0
0
0
0.02
0
2.94
1.27
0
0.03
0
0.26
0
0
0
0
0
0
0
0.14
0.09
0
0
0
0
0
0
0.07
0
0
0.01
0.53
2.29
0.14
0.71
0.29
0.03
0.24
0
0
0.17
0
0
0
0.29
0
0.01
0
0.2
0
0
0.96
0.14
0.23
0
0.77
7.24
15.64
3.63
1.38
1.42
8.89
15.88
5
2.45
5.71
8.07
11.93
2.53
4.04
2.44
0.73
0.89
1.34
1.66
1.16
1.23
5.59
10.04
8.2
7.39
5.9
3.77
1.48
10.19
3.98
0.82
1.93
13.64
2.54
0
0.68
4.89
1.27
0.7
0
0
0.98
0.04
0
0.23
0.25
0.72
14.2
17.29
3.32
6.21
3.01
0.02
0.04
0.64
13.3
29.9
16.24
1.33
0
0.45
1.42
11.52
1.81
6.89
7.26
4.12
6.98
2.82
11.04
14.19
13.93
10.44
7.89
8.34
2.52
0.71
0.02
0.12
0
0.02
0
0.13
0
0.06
0.2
0.14
0.63
1.97
0.63
0.16
0.05
0.05
0.07
1.13
5.8
6.38
1.14
0.05
0.11
0
0
3.66
0.8
5.77
5.18
9.32
7.82
6.14
4.49
1.47
2.83
2.66
10.01
7.98
3.92
1.89
1.08
0.07
0
0
0
2.68
8.05
5.73
0
0
2.77
8.25
5.73
4.4
0.96
11.41
13.16
1.28
0
0.04
0
0
0
0
0.02
0
0
0.1
0
0
0
0
0.02
0
0
0.07
0.03
2.2
2.07
2.8
7.19
2.54
0
0.12
0.01
0
0.02
0
0
0.01
0
0
0
0.03
0
0
0.1
0
0.28
0.77
0.58
2.68
20.74
15.23
9.89
0.38
1.73
0
3.52
0
0.28
1.64
4.69
2.03
0.09
0.05
0
0.23
0
0
0
0
0
0.04
0
0.12
0.06
0
0
0
1.97
12.35
1.64
0
10.58
0.56
3.35
4.38
0.72
1.57
0
0
2.01
4.2
5.83
2.5
0.01
0
0
0
0.03
0
0.48
0.18
0
0
0.05
0
0
0.09
0
0.06
0.01
0
0
0
0
0
0.61
0.01
0.2
0
0
0
0
0
0
0.01
0
0
0.09
0
0
0
0
0
0
0
0
0
0
0.09
9.55
0.09
2.35
7.95
2.97
0
0
0
0.78
3.74
2.48
0
1.53
1.01
0
2.09
4.45
5.29
4.39
0.25
3.34
2.11
3.66
5.69
0.09
0
0.27
0
0
0.04
0
0.08
0
0
0.01
0
0.31
0
0.48
9.72
2.89
0
21.37
5.93
2.02
16.2
14.05
10.44
18.7
4.44
0.14
0.01
0.24
0.73
4.53
4.3
3.98
3.57
8.38
10.58
7.42
5.09
0
0
0
0
0.01
0.13
0
0
0.04
0
0.21
1.87
0.05
0
3.98
9.46
10.66
3.43
0
0.25
0
0.18
0
0
0.06
0.65
0.13
0.11
0.01
0
0.14
0.1
0.02
0
0
0.11
0
0.15
0
0
1.18
0.33
1.34
0
0.1
0.95
0
0
0.02
0.02
0.27
0
0
0
1.23
3.92
11.37
6.73
0.26
0.2
0
0.27
0.01
0
0.09
0
0.02
0.14
0
0
0.18
1.8
3.79
2.12
1.01
0
0.31
0
0
0.36
0.11
0.17
0.92
1.15
0
0
0.32
0.64
0.34
0.01
0.18
0.02
0
2.22
3.54
0.59
0
0
0
0.11
0
0.2
0.04
5.02
0.73
0.01
0.01
0.01
0
1.35
0.12
0
0.24
1.32
3.45
2.27
4.55
2.09
0
3.59
7.11
1.98
0.08
0.66
0.2
0
4.02
3.64
1.74
0.04
0.09
0
0
0
0
0
0.86
0.41
0.45
0
0.02
5.02
10.41
4.48
15.4
8.25
0.84
0
0
0
0.56
1.46
0.56
1.44
0
0
0
0.02
0.11
0.03
0
0.23
0.6
0.7
0.25
0.04
0.2
0.37
6.3
3.39
0
0.84
4.72
0
0
0.01
0
0
0
0.02
0
3.21
7.8
5.7
3.28
1.82
2.88
15.3
8.66
11.07
9.95
0
0
0
0.3
0
20.38
0.59
0.53
0.25
0
0
0.17
0
0
0
0
0
0.5
3.79
3.35
4.7
0.94
0.48
0
0
0
0
0
0
0
0
1.59
8.22
5.77
0.7
14.51
14.73
9.04
5.07
0.03
0
0
0.22
0
0.14
0.15
0.14
0.09
0
0
0.01
0.05
0
0
3.72
0.64
0
0.03
0
0.47
0.04
0
0
0.84
0.11
0.16
0.04
0
0.43
0
0.32
0.11
0.18
0.11
0.06
0.13
0.52
0
0.02
0.01
0
0
0.03
0
0
0
0
0
0
0
0
0
0
0.01
0
0
0
0
0.01
5.35
0
0.06
0.21
10.58
0
0.14
0.1
5.5
0.81
0.36
0
1.16
0
0.3
0
0
0
1.21
0
0
0.13
0.81
0.01
0.27
5.47
0
0
0.13
0
0
0
0.01
0.06
1.09
0.12
3.54
3
0.81
0
0.13
0.01
0.17
0.03
0.66
3.68
0
2.14
0.12
0.02
0.48
0.53
0.25
0
1.05
2.51
0.81
0
0.05
0.13
0.27
0.37
11.56
15.95
0
0
0.01
1.49
0.29
0.09
0.46
11.35
4.69
0.45
0
0
0
0
0
0.71
3.8
1.88
2.42
1.54
2.05
6.29
37.64
4.69
3.85
3.33
2.26
0.8
0
0.01
0.15
0.09
0.25
0
0
0
0
0
0.05
0.05
2.45
0
0.16
0.3
3.4
0
0
0
0.08
0
0.01
0.01
0
0.16
0
0
0
0
0
2.18
0.07
0
0
0.26
1.34
0
0
0
0
0
0
0
0
0
0
0
0
0
0.2
0
0
0
0
0
0.3
0.41
0
1.27
0.97
0.32
0
0.14
0
0
0.05
0
0.25
0
0
0.32
0
0
0
0.27
0
0
0
0
0.26
0
0
0.01
0
0.17
0.25
2.48
11.52
1.73
1
0.47
0
0.04
0
0
0.02
1.38
0.99
0
0
0
0
0
1.47
3.7
1.69
0
0.02
0
0.12
0.29
0
0.01
0.46
0
0
0.28
2.21
0.01
0
0
0.73
0
0.05
0.17
0
1.7
1.08
0.25
0
0
0.54
6.84
7.58
5.88
0.94
0.24
0.07
6.81
1.03
0
0.23
0.29
0
0.25
3.53
10.03
3.89
16.12
7.9
1.39
2.56
1.16
0.04
0.41
0.08
0.24
0
5.37
0.73
0.86
1.63
0
8.61
1.13
0
0.18
0
0.03
0.01
0.01
0
0.26
6.87
14.55
12.47
8.33
10.33
0.28
0
0.28
0
0
0
0
0
0.23
0
0
0
1.91
12.48
0.26
0
0
1.64
6.02
2.86
0.08
0.13
0.11
0.39
0
0.18
0
0
0.15
0.18
0
0.18
0
0.23
0
0.01
0
0
0
0.18
0
0.02
0.1
0.29
1.09
3.54
5.48
2.98
1.86
1.5
0.05
2.95
0
1
0.01
0.02
0.17
0.02
0.77
0.44
0.02
0
0
0
0
0
0.08
0
0
0
0
0.02
0
0
0
0
0
0.13
0
0.11
0
0
4.18
1.49
0.24
0
0.22
0.24
3.26
0.08
0
0.07
0
0.01
0
0
0.64
0.05
0.01
0
0
0.07
0.01
0
0
0
0
0
0.05
1.03
4.39
0.19
0.05
0
0.08
0
0
0.01
0
0
4.71
1.81
0.21
0
0
0
0.25
0
1.88
0.04
0
0.02
2.1
4.06
3.91
0
8.66
7.42
3.2
0.01
0
0.06
2.52
0
1
0
0
0
0.33
0.35
0.12
0.17
0
0.1
0
0.07
0
0
0
0.45
0.03
0.7
1.5
0.15
0.01
0
0.13
0.26
0
0
0
0
0
0
0
0.17
0
0
0
0.22
0
0
0
0
0
0
0
0
0
0.32
0
0
0
0
0
0.02
0.32
0.02
0
0
0
0
0
0
0
0.02
0.23
0
0
0
0.1
0.26
0.72
1.04
0.67
0.9
0.22
0.5
1.35
14.39
1.36
0.45
6.16
8.55
7.9
5.38
1.02
0.67
8.4
15.36
25.93
15.37
13.04
9.09
1.83
0.01
0
0.21
0
0
0
0
0
0.76
6.73
1.91
0.13
0
2.18
5.46
0.39
0.47
0.29
0
0.21
0
0.2
0.68
0.13
0
0.03
0
0.13
0.01
0
0
0
0.06
0
0
0
0
0
0
0
0
0
6.24
2.78
11.32
4.4
0.09
3.88
3.11
0
4.12
0.78
0.99
3.3
0.83
1.21
2.34
0
0
0
0
0.14
0
0
0
0
0.17
0
0
0
0.31
0
0
0.01
0.24
0
0
0
0
0
0
0
0
0
0
0.53
1.98
0.88
11.26
6.38
0
0
2.82
0.52
1.05
0
0
0.2
0
0.13
0.14
1.44
0.1
0.07
14.16
9.18
11.62
3.08
0
0
0.01
0.18
0
0
0
0.16
0.32
0.2
0
0
0.08
0.29
0.01
0
0
0.21
0
0.06
0.28
0
0
0
0
31.44
6.93
0.72
0.71
0
0.06
0
0.41
0
2.05
4.6
5.46
6.58
11.36
11.72
9.56
1.96
0
16.25
9.9
0.89
0.02
0.15
0.63
4.11
6.01
1.27
0
0
0
0
0.02
0.22
0
0
0.19
0.14
0
0
0.09
0.15
0.12
0.11
0.01
0
0.07
0.26
0.2
3.96
26.59
3.08
0.32
0
0.04
0.02
0
0
0.82
0.18
0
0
0
0.07
0.01
0
0.87
0
0
0
0
0
0
0
0
0
0.38
19.01
2.13
0
0
0
0
0
0
0
0
0
0
0.13
0.01
0.02
1.91
1.19
0
0
0
0
0
0
1
5.08
0
0.05
0.23
5.66
0
0.01
0.01
0.01
0
0
0
0
0
0
0
0
0.05
3.47
2.05
0
0
0.19
0.67
0.26
2.36
0.25
8.39
0.19
1.08
0
0.07
2.91
20.64
0
0
0.27
3.78
0.7
0
0
0
0
0
0.21
0
0.17
0.14
0.08
0
0.03
5.36
1.96
0.28
0
2.45
9.91
0.85
0
0
6.64
0.09
2.64
0.01
0
0.14
0
0.01
0.26
0
0
0
0
0
0.46
31.27
24.28
11.94
1.77
0.03
0
0.42
4.49
0
0.25
0.27
0.18
0.2
0
0
0
0
0
0
6.7
6.27
1.77
0
0.15
0
0
0
0
0
0
0
0.26
1.51
1.16
1.82
1.3
4.62
1.87
0
0
0
1.04
0.1
1.32
3.21
0
0
0
0
0.02
0.04
0.06
0
0
0
0
0
0
0
0
0
0
0
0
0
0
0
0
0.01
0
0.01
0
0
0
0
0
0
0
0
0
0
0
0
0
0
0
0
0
0
0
0
0
0.01
0.36
0.72
0.07
0
0
0
0
0
0
0
0
0
0
0.02
0.02
1.08
0.04
0
8.36
0.66
0.6
0
0
0
0
0
0
0
0
0
0
0
0
0
0
0.09
0.14
0
0
0
0
0
0
0.04
0.09
0.01
0
0.44
2.14
0
0
0
0.9
0.46
0.08
0
0
0
0
0.01
0
0
0.02
0
0
0
0
0
1.69
9.98
4.16
3.25
10.63
0
9.69
5.13
17.75
1.46
1.38
0.09
0.52
2.24
9.78
0.77
0
0
0
0
0
0
0
0
0
1.02
1.96
3.95
2.11
1.16
10.57
0.65
0
0.14
0.01
0.21
0
0.01
0
0.01
0
0.01
0
0
0
0
0.01
0
0.05
0
0
0
0
0.03
0.22
0
0.45
0
0.03
0.01
0
0
0
0
0
0
2.54
2.53
3.67
13.66
0.8
0.15
0.6
0
0
0.31
1.33
8.94
3.18
1.23
3.94
0.54
0.01
0
0.45
0
0
0
0
0
0
0
0
0
0
0
0
0
0
0.01
0.01
0
0
0
0
0
0
0
0
1.41
8.39
1.9
0
0
4.09
2.95
0
0
0
0
0
0
3.69
0
0
0.04
0
0
11.7
3.48
0.01
0
0
1.91
2.97
0.52
0
20.24
16.75
0
0.07
0
0
0
0
0
0
0
0
0
0
0
0
0
0
0
0
0.01
0
0
0
0
0
0
0
0
2.3
0.78
0
0
0
0
0.04
0
0
0.03
0
0
0
0.77
3.4
0.3
0
0.59
0
0
0
0
0
0
0
0
0
0.09
0.24
1.33
8.37
0.16
0.05
0
0.07
0
0.99
3.2
3.61
0.39
0.38
8.72
1.07
0
0
0.15
7.77
4.88
5.75
6.07
0.8
1.73
12.28
6.34
0.83
0
0.09
0
0
0
0
0.1
0
0.01
0
0
0
0
0.03
0.01
0
0.37
0
0
1.15
0.96
5.11
7.37
3.39
7.86
16.73
4.77
11.48
5.43
2.77
2.61
0
0
0.01
0.01
0
0.11
0.28
0.02
0
0
0.37
0.2
0.01
0.54
2.77
2.77
0.3
0.13
0
0
0
0
0.23
0.15
0.15
1.31
0.64
10.39
7.07
1.32
2.91
2.68
0.67
2.96
0.45
0
0.73
1.2
0.65
1.25
1.77
0
0
0
0
0
0
0
0
0
0
0
0
0
0
0
0
0
0.25
0.04
2.3
1.48
0
0
0
15.05
18.55
0.91
0.3
0
0
0
0
0.1
0.1
0.01
0
0
0.17
0
3.18
3.92
8.52
4.05
3.68
2.09
6.6
13.48
4.2
0
2.45
6.43
3.81
0
0.11
13.5
1.23
2.77
11.31
2.23
2.41
2.55
0.37
0
0
0
0
0
0
0.43
0.91
0.35
9.03
2.55
0.09
0
0.02
0.21
0.24
0.17
0
0.03
1.27
3.46
0
0.15
0
0.7
4.65
8.2
4.92
0.91
0
7.23
4.71
0.41
4.7
0.1
0
0
0
33.51
13.65
1.29
6.89
18.5
3.34
0.7
10.67
12.02
5.38
1.41
5.85
0
5.8
0
3.7
1.13
0.05
0
0.08
3.07
22.68
18.88
2.44
0.11
0
0.01
0
0
0
0
0
0
0
0
11.38
3.33
0
0.61
1.47
0
0
0
0
0
0.04
0.08
0
0
0
0
0
0.02
0.49
0
0
0
0
0
0
0
0
0.1
0
0
0.11
0.09
0.01
0
0
0
0
0
0
0
0
0
0
0
0
0
0
0
0.02
0.02
0
0.02
0
0
0
0
0.38
0.32
0
0
0.01
0
0
0
0.02
2.77
3.61
0.87
0.04
0
0
0
0
0.04
0
0
0
0
0.01
0
0
0.02
0.02
0
0
0.1
0
0.01
0
0.01
0
0
0
0
0
0
0
0
0
0.02
0
0
0
10.95
0.64
0
1.61
4.81
5.87
6.57
0
0
0
0
0
0
0
0.01
0
0
0.01
0
0.03
0
6.05
1.89
0
0.03
0
0
1.1
8.41
0.66
0
0
0
0
3.27
2.41
0
13.04
3.75
7.52
22.97
31.93
2.92
5.13
1.44
6.41
29.16
6.74
16.94
2.12
1.32
8.7
0.59
0.24
0.01
0.57
0.02
0
0.01
0.02
0.02
0
0.84
22.59
2.64
0
1.11
0.08
0.01
0
0
0
0
0.01
0.06
1.94
0.61
0.05
2.36
0
0.07
0.62
0
0.58
0.13
0
0
0
0
0
0.83
0
0
0
0
0
0
0.47
4.04
3.75
0.81
0
0.3
0.04
0.09
0
0
0
0.38
2.02
3.08
6.66
1.96
1.38
10.18
20.64
16.4
8.37
1.55
13.95
1.95
0
0.03
0.1
0
0
0
0
0
0
0.01
0
2.64
8.99
8.35
11.25
8.59
0.44
1.68
1.59
1.22
6.18
7.37
3.88
0.34
0
1.13
0.23
0.02
0.07
1.29
0
0
0.99
5.58
1.24
0
0
0.48
0.02
0
0
0
0
0
0.16
0
0
0
0
0.02
2.84
9.35
0.81
4.39
5.85
0
0.01
0.18
0.02
0.39
0
0
0
0
0.01
0.1
0
6.85
5.14
5.25
5.13
9.15
1.34
0
0.61
0.62
0.01
0.55
0
0.54
0
0
0
1.54
15.39
8.68
3.16
3.5
0.91
0.36
0.41
0.1
0
0
0.01
0.76
1.38
2.32
5.86
0.88
0
0
0
1.91
2.87
3.92
5.88
1.48
10.24
8.41
0.01
0.24
2.38
2.45
0.26
0.15
3.61
0.98
0.02
0.57
1.88
0.49
0.77
0
0
20.39
2.71
0.58
0.79
0.04
0.04
0.07
0.04
0
0.01
0
0
0
0
0
0
0.01
0.73
2.64
0.03
0.01
0
0
0
1
0.96
0
6.85
0.04
0.13
0
3.12
1.16
0.14
0.04
0
0
0.01
0
0.02
0
0
0.06
0.14
0.79
0.24
0.17
0
0
0
0
0
0.01
0.12
0.02
0
0
0.02
0
1.69
0.54
6.61
0
0
0
0
0
0
0
0
0
0
0.01
0
0
0
0
0
0
0
0
0
0
0
0.03
0
0
0
0
0
0
0.01
0
0
0
0
0.01
0.01
0.06
0
0
0
0
0.01
0
0
0
0
0
0
0
0
0
0
0
5.02
0.21
0
0
0.69
0
0
0
0
0.03
0.13
0
0
0
0
0
0
0
0
0
0
0
0
0.04
0
0
0
0
0
0.06
0
1.07
0
0
0.02
0
0
0.02
0.4
5.04
5.59
7.44
3.63
0.95
0
0
0
1.26
3.24
2.57
0.8
0
0
0
0
0
0.03
0.09
0
0.17
0.03
0.15
7.69
11.96
0.98
0.34
0
0
0.1
0.11
0.19
0.77
10.14
0.66
2.25
4.16
0
0.49
0
0.1
0.19
0.16
0
0
0
0
0
0.07
0.02
9.64
7.25
8.55
4.95
0
12.93
13.54
5.06
2.13
1.84
4.73
2.84
3.01
0
1.61
0.19
4.9
0
0
0.19
0.09
0
0
0
0
0
0
0
0.01
0
0
0
0
0
0
0
0
4.93
8.68
1.2
0.24
0
1.26
1.45
4.89
0.09
0.24
2.42
1.01
0.46
0.5
0
3.15
24.4
8.98
7.71
9.16
9.23
7.81
3.2
12.79
3.26
0.04
1.13
4.3
1.22
0.03
0.04
3.68
6.88
1.94
0.51
0.48
0.28
0
3.99
0.64
0
0.75
0.15
5.11
6.24
1.01
0
0
0
1.62
0
0.11
0
0
0
0
0.15
0
0
0
0
0
0.01
0
14.65
2.2
0
4.6
5.18
5.05
4.12
0.8
3.18
9.19
0.96
0
2.33
2.16
1.84
0.48
1.01
0
0
11.02
3.71
4.24
12.48
8.64
6.34
1.86
1.46
0
0
0.04
1.3
0.77
0.4
5.24
5.21
0
0
0
0
0.44
0.54
1.97
0
0
0.05
0
0.08
0.02
0
0.96
2.76
0
0
8.61
0.78
0.03
0
0.1
0
0
0
0
0.01
0
0
0.02
0
0
0.61
0
0
0
0
0
0.93
1.84
0
0.46
5.7
3.44
0.91
0.04
0.63
0
1.22
0.73
0
0
0.18
0.04
0.03
5.38
0
0
0.03
0
0
0
0.02
0
0.01
0
0
0.01
0
0
0
0
0
0
0
0
0
0
5.47
2.13
0
0.01
0
0.01
0
0
0
0.01
0
0
0
0
0.02
0
0.01
0
0.02
0
0.02
0
0
0
0.47
0
0
0.01
0
0
0
0.02
0.02
0
0
0
3.76
8.27
0.27
0
0.01
0
0
1.42
0.47
0
0
0
25.15
3.44
0.01
0.04
0
0.19
6.41
8.99
2.97
6.38
0
3.1
14.64
1.98
0
2.12
0
0
0
0
0
0
0.28
1.41
0.63
5.7
0
0
0.04
0.05
4.75
4.47
2.97
3.64
10.68
4.23
1.99
1.8
0
0
0.08
0.05
5.01
10.28
1.1
0.03
0
0.01
0.01
0
0
0
0
0
0
0
0
0
0
0
0
0
1.21
10.29
13.26
4.88
0.84
3.26
3.3
0
0
0.98
1.11
0
0
0
0
0.5
0
0
0
0.01
0.02
0
0.01
0.63
0.26
0.07
6.92
2.07
0
0.02
0.26
10.8
5.25
0.08
0.13
0
0
0
0
1.8
0.88
2.25
0.75
0.13
0.51
1.1
1.09
0.04
0.09
0.13
0.01
0
0
0
0
0
0
0.08
18.88
14.75
1.17
6.84
14.63
1.4
1.32
0
0.04
0
0
0.01
0
0.63
0.79
0.15
3.51
8.72
11.87
7.3
11.15
8.23
1.45
0.1
13.41
1.52
0
0
0
0
0
0
6.73
12.18
1.05
0.05
0.01
0.04
10.48
9.53
2.48
0
0
0
0
0
7.88
4.4
2.55
1.09
0
0
0
0
0
0
0
0
0.92
0.96
0
0
0
0.33
0
0
0
0
0
0.01
0.16
0.55
0
0
1.2
3.25
0.64
0.02
0.1
0
0
0
0
12.24
9.98
13.9
7.89
1.95
14.13
16.4
0.52
0.2
0.1
0
0.01
0
0.75
0
0
0
0
0
0
0
2.25
5.89
2.22
0
0
0.05
0.42
0
0
0
0.01
0
0
0
0
0.01
0
0
0.95
0.03
0.02
0
0.09
11.47
0
1.29
0
0
1.02
5.57
9.58
0.11
0
0.03
0
0.02
0
0
0
0
0
0
0
0
0
0.04
0.45
0
0
0
0.06
0.08
2.32
0.14
0.21
0.09
0
0.01
0
0
0
0
0.27
0.26
0
0
0.21
0.84
0.39
0
0
0.08
0.9
0
12.75
7.81
2.3
0
1.04
6.11
19.89
14.11
6.55
0
0
0
0.01
1.15
0
0
0.01
0.01
2.37
27.25
3.7
0.03
0.07
0
0
0.34
0
0
0
0
0
0.02
0
0
0.01
0.72
0
0
0
0.03
0.01
0
0
0
0
0.01
0
0.05
0
0
0.06
0
0
0.85
1.79
0.23
0
0
3.41
0.38
0
0
0.02
0
0
0
0
0
0.02
0
0
0
0
0
0
0
3.98
2.83
0
0.43
4.19
4.34
1.87
0.03
0
1.51
0.34
12.17
3.47
2.54
3.45
9.21
1.06
0.11
0
21.52
17
7.05
0.19
0
0.29
0.46
1.48
0.26
0
0.77
7.07
2.11
20.9
10.31
9.88
0
0
6.44
0.86
0.65
0.05
0.2
0.03
0.32
1.23
0.37
0.18
4.05
17.96
3.33
0.61
0.09
0.1
0.37
0.59
0
0
0
0
0
0
0
0.01
0.64
1.07
0.67
0.41
0
0
0
0
0
0.42
5.08
14.74
9.88
5.52
1.18
0.15
0.22
0.75
7.47
25.5
4.55
10.01
3.18
1.81
1.62
2.03
0.03
0
0
0.07
0.42
0
0.18
0
0.07
0.17
0.04
0.07
0.14
6.09
1.88
0.54
0.04
0.31
3.87
1.12
0
0
0
0
7.17
5.82
8.04
5.41
15.63
4.03
6.19
0.42
0
0
0
0.27
0.33
0.68
3.79
3.94
6.79
0
6.81
3.36
0.4
1.81
0.29
0.73
1.08
0.72
9.27
1.27
0
0.11
0
0.18
0
0.42
0
0.25
2.12
2.17
0
0.02
0
0.02
0.01
0.86
0.23
0
0
0.59
0
0
0
0.02
0.29
0.8
0.42
0
0
0
0
0
0
0
0
0
0
0
0
0
0
0
1.7
0
0
0
0.05
0.13
0.05
0
0.59
0.38
0
2.02
4.87
5.14
14.66
4.53
4.17
0.36
0.55
0.21
12.68
16.96
4.83
0.36
2.7
15.75
0.71
1.45
3.5
6.45
1.75
0
2.44
1
1.71
23.06
8.06
0.02
0.41
0.38
0
4.33
2.81
2.96
15.19
3.06
1.86
0.66
4.85
11.67
1.91
2.34
7.99
6.86
2.04
2.55
7.98
0.89
1.91
0.67
1.87
0
0.73
0.36
17.39
1.13
2.83
1.08
0
0
0.9
0
0.08
0.05
1.58
1.53
1.38
0.09
4.18
44.29
31.44
0.84
0.8
2.38
6.32
5.24
6.34
5.25
9.79
1.26
0
2.41
4.83
2.95
8.08
4.33
0.73
22.28
13.16
1.03
10.92
12.23
1.15
0
1.07
2.05
1.43
0.03
1.13
0
1.25
0.03
0
0.45
0
0
0
0.5
0
0
0.46
0.01
0
0
2.54
0
0
0
0
0
0
0
0
0
0
0
0
0
0
0
0
0
0
0
0
0
0
0
0
0
0
0
0
0
0
0
0
0
0
0
0
0
0.06
0
0.26
0.01
0
0
0
0
0
0.14
0.04
0.03
0
0
0.02
0.34
0
0
0.18
0.07
0
0
0
0
0
0
0
0
0
0
0
0
0.36
0.32
0
0.3
0.05
0
0.07
0.02
0.15
0.38
1.44
0
1.25
10.8
7.85
21.5
9.37
7.85
1.8
0.43
0
0
0
0.06
0.02
0
0.01
0.01
0
0
0
0.13
0.35
0.15
0.02
0
0
1.66
0.94
0.86
0.15
4.5
5.45
0.84
0.54
0
0
0
0
0
0
0
0
0.02
0
0
0
0.02
0.11
0
9.71
5.98
0.94
0
0
0
0.17
0
0
0
0
0
0
0
0
0
0
0
0
0
0
0
0
0
0
0
0
0
0
0
0
0
0
0
0
0
0.57
4.49
0.15
0.07
0.05
0.07
0.02
0.01
0
0
0
0
0
0
1.02
1.95
0.02
0
0
0.05
0
0
0
0
0
0
0
0
0.02
0.11
0.4
0
0.18
1.56
2.35
2.91
2.18
0
0
0
0
0
0.16
0
0
0
0.09
0.05
1.05
14.38
16.77
8.89
2.35
5.58
2.37
0
0.11
0
0.62
0
0.21
5.27
2.95
0.59
0
0
0
0.2
0.01
0
1.21
5.19
0.11
0
0
0.07
0
0
0
0
0
0
0.79
0
5.85
3.77
0.03
5.22
5.15
8.2
5.21
3.67
5.7
1.2
2.22
0.59
0.8
5.05
6.14
2.01
0.26
0.45
0.01
0.25
3.32
0.75
2.75
7.9
11.72
18.2
15.88
1.43
2.43
0.84
0.16
0
0
0.01
0
0
0
0.01
0
4.45
0.09
0.02
0
0.14
2.92
2.73
0.04
0.02
0
8.16
0.23
0.03
8.8
10.33
13.58
21.4
3.26
8.59
6.94
12.76
19.59
13.35
7.39
3.44
3.98
0.57
0.28
0
1.62
0.14
0.57
0
0
0
0
0.99
4.55
4.99
5.05
5.27
6.36
1.89
0.01
0
0
0
0
0.01
0
0
0
0.01
0
0
0.03
2.23
0
0
0
0
0.02
1.62
0.49
0
0
0
0
0.1
0
0
0.01
0
0.55
0.43
0.72
0.51
0
0
0
0
0
8.46
2.65
0.58
0.14
0
0.01
0
0
0.07
0
0.03
0.34
0.46
0
0
0.02
0
0
0
0
0
0
0.3
0
0
0
0.01
0
0.01
0
0
0
1.89
0.04
0.08
0
1.17
1.59
0.06
1.68
2.55
2.76
4.98
0
0.02
0.6
0
0
0
0.35
0.19
0.21
0
0.25
0
1.16
0
0
0
0
0.02
0
0
0
0
0
0
0.09
0.02
0
0.08
0.02
0
0
0
0
0
0.05
1.96
0.46
14.2
1.77
0.11
0.01
1.45
0.54
0
0
0.79
0.2
1.5
0
0.13
0
0
0
0.51
0.99
0.11
1.61
0
0.09
0.02
0.03
0
0
0.02
0.8
0.77
1.21
6.95
6.16
4.41
15.78
9.33
4.83
11.48
5.33
1.05
6.45
8.95
11.57
3.56
4.2
2.36
3.45
0.86
1.75
2.8
3.2
3.3
3.27
2.66
8.5
2.5
1.83
10.02
6.63
3.12
2.69
13.08
14.02
8.6
0.89
1.94
5.26
1.99
0
0
5.32
6.56
0.96
0.02
0.35
0.06
0
3.27
1.26
7.66
0.79
0
0.16
0
0.52
1.34
0.89
2.01
0
0
0.61
1.02
0.02
0
0
0.06
0
0
0
0
1.12
0.9
1.99
6.39
5.87
4.02
1.68
4.21
1.98
0
0.05
0.04
0
0.01
0
0
0
0
0
0
0.31
0
0
0
0
0
0
0.05
0.21
0
0
0
0
0
0
0
0
0.13
0.04
0
0
0.3
0.23
1.96
0.19
0
1.03
0.34
0.48
0.02
0
0
0
0
0
0
0
0
8.21
0.73
0
0
0.68
0.07
0
0.13
0
4.2
4.27
0.32
8.59
10.44
6.84
1.78
3.67
0.57
0
0
0
0
0.58
0.01
0.05
0
0
0.12
0.82
0.64
0.88
1.8
2.5
2.94
3.62
0.47
0
0.54
0
0.3
0
0
0
0
0.59
0
0
0.02
0.03
1
4.39
0
0
0
1.63
0.49
0.86
3.5
6.52
1.1
0
0
0.07
0
0.44
0.46
0
0
0
0
0.08
0.03
0
0
0
0.03
0.02
0
0.01
0.18
1.81
0
3.52
5.79
0.29
0.63
0.02
0.08
0.08
0
0
1.2
0
0.02
0.62
2.19
0.27
0
0.04
0
0
0
0
0
0
0
0
0.01
0
0
0
0
0
0.04
0.48
0.03
0
0
0
0.28
1.19
0.55
0.83
0.16
0.3
0
0.56
6.24
0.52
0.57
0
0
11.36
5.23
0
0
0.02
0.05
0
0
6.45
0
1.01
0
0.28
0
0
3.06
0.04
2.3
17.73
1.31
2.03
0
2.01
0.63
0.41
0.16
0.39
0
0
0.03
0.01
1.38
0.76
0
0
0.07
3.51
40.05
6.73
0.24
0
1.23
0
0.01
0
8.87
1.05
0
1.31
1.84
0
0.01
0.04
0.1
1.1
1.76
0
0.55
8.38
0
0.14
4.66
0
0
0.24
0.38
1.75
0.1
0
0.85
0
0
0
1.25
2.2
2.13
1.86
7.33
0.22
0.05
13.11
24.73
12.31
4.88
0.21
0.29
1.13
3.72
0.19
6.16
5.33
0
1.43
0
0.88
1.32
0.14
11.96
18.61
2.55
0.44
0
0.55
1.08
1.95
0.02
0
0.01
1.07
0.34
0.88
9.02
1.92
4.59
8.06
0.76
0.05
0.41
0.05
0
0.01
0
0
0
0
0
0
0.36
13.65
2.79
1.91
0.04
0
0
0
0.22
0
0
1.59
0
0
0
0
0
0
1.77
0
0.34
0.02
0.66
0.25
0.19
0.02
0.08
0
0.01
0
0.19
5.23
1.95
0.45
1
0.15
1.02
0
0
0.05
0.48
0.98
0
0
0
0.01
0
0
0
0
0.01
0.02
0
0.96
0
0.27
2.7
6.29
1.18
0
1.02
2.41
2.22
1.86
3.73
1.56
0
0.7
0.52
0.83
0.21
7.82
2.52
10.8
1.75
0
0.09
0
0
0.66
0
1.01
1.48
11.12
3.44
2.2
3.3
0
11.01
9.59
7.98
2.03
5.11
3
2.34
4.19
0
0.66
0.83
1.53
3.31
0.06
0.38
0
0.71
0
0
0
1.61
3.02
0.18
0
0
0.05
0.36
0.09
1.6
2.39
7.13
0.67
0
0
0
0
0
0
6.59
8.37
9.45
18.17
3.78
0.87
0.11
0.76
0.47
0.02
0
0
1.93
1.54
0.66
0
0.05
0
0
3.42
0
0
0.12
1.02
0
0.01
0.49
0.56
0
0
0
0
0
0
0
0
0
0
0
0
0
0
0
0
0.02
0
0.07
1.38
7.46
9.11
1.49
4.45
0.4
0
0
0.03
0
0
0
0
0.21
0.07
0
3.06
9.65
0
0
0
0.01
0
0.06
0
0
0
0
0
0
0
0
0
12.25
0
9.34
0.61
0
0
0
0.61
0
0
0
0
0
0
0
0
0
0.01
0
3.89
0
0.23
0
0
0.02
0
0
0
0.01
0
0
0
0.26
0.06
0.14
0
0.01
0
0
0
0
0.01
0
0.03
0.02
0
0.02
0
0.99
0.03
0
0.02
0.2
0
0.18
0
0
1.94
1.18
0.04
0
0
0
0.55
20.32
10.33
21.43
0
0
0.06
0.04
0.01
0.52
0.28
0
0.01
0
0.21
0.17
0
0.3
6.19
15.88
0.41
0
0.4
4.67
4.23
1.17
13.01
2.93
0.09
0.42
0.09
0
0.25
0.01
0.2
0
0
25.27
19.06
12.68
3.47
4.16
1.13
0.98
0
0
0.02
0.02
0
0.01
0
0
2.09
12.77
4.36
6.08
0.41
0.1
0
0
0
0
0.8
0.97
0
0
0
0
0
0
0
0.23
0.8
2.39
10.23
0
0.11
0
2.21
0
0.13
0.02
0.04
3.41
0.58
0
0.24
0.48
10.24
5.7
2.5
4.73
1.13
0.29
0.07
0
0
0
0
0
0.02
0
0.02
4.43
4.07
0.41
0.04
0
0
0
0
0
0
0
0
0
0
0
0
0
0
0.01
0
0
0.01
0
0.01
0.4
4.25
3.92
0.02
0
0
0.01
0.01
0.04
0
0
0.01
0.01
0.02
0.05
0.13
0
0
0.01
0.01
0
0.01
0.01
0.01
0.01
0
0
0
0
0
0
0
0
0.01
0.01
0
3.92
0
0
0
0
0
7.59
1.26
0.06
0
0
0
2.62
1.74
0.16
0
0
0.26
2.43
0.5
0
0
0
0
0
0
0
0
0
0
0
0
0
0
0
0.04
0
0
0
0
1.13
0
0
2.24
0.04
0.17
0.14
17.16
2.78
8.23
17.7
10.51
6.14
0.61
3.29
0.13
0.33
0
0
0.01
0.01
0
0.01
0.01
0
0
0
0
0
0.01
0
0
0
0
0
0
0
0
0
15.91
4.63
1.34
0
0
2.89
0
0.01
0
0
0
0
0
0
0
0
0
11.64
6.37
3.54
2.08
0.79
5.79
0.2
0.05
0.1
0.25
13.79
19.36
21.59
5.37
5.4
1.3
1.22
2.53
0.47
0.38
0.11
1.46
5.45
0.1
1.17
3.41
9.82
2.08
5.86
1.98
0
0.04
0
0
4.05
15.17
0
0
0
0
0
0.09
0.03
0.68
0.36
0.01
0
0
0
0
0
0
0
0.27
0
0.03
0
0
1.93
0.35
0
0.07
0.04
0.48
0
0.02
0.63
0
4.21
0.83
0.33
0.98
2.49
2.3
0.43
1.05
5.06
0
0
1.09
0.42
0
0
0.04
0.01
0
0
0
0
0.99
0
0.1
0
5.53
0.15
0
0
0.17
0
0.11
0.06
0.06
0.8
1.98
0.04
0.05
0
0
0
0.03
0
0
0
0.18
0
0
0
0.02
0.08
0
0
0.02
0.02
0
0
0.03
0
0
0
0.27
9.91
18.47
10.98
0
0
0
0.11
0.02
0
0
0.2
0.14
0.06
6.16
8.2
8.48
6.31
5.42
0.44
2.95
8.21
21.75
3.31
17.07
12.18
0
0
0
0
0
1.9
1.02
2.97
2.7
5.02
8.69
2.88
0.25
0.59
0
0
0.03
0
0
0
0
0.01
0
0
0
0
6.51
0.18
0
0
0
0
0
0
0
0
0
0
0
0
0.04
0.06
0.45
3.19
1.81
11.55
0.44
9.56
1.67
1.85
0
0.07
0.01
0
0
0.15
7.27
3.7
0
0.07
0
0
0
0
1.4
2.39
0
0.59
0.04
0
0.05
0
0
0
0
0.42
0
0
0
0
0
0
0
0.06
0.27
0.14
0
0
0
0
0
0
0
0
0
0
0
0
0
0
0.23
0
0.2
0.07
0
0
0.16
1.74
0.07
0.19
0.12
0
0.61
4.29
2.66
0
0.04
0
0
0
0
0
0
0
0
0
0
0
0
0.69
0.17
0.25
2.51
2.59
0.34
0
0
0
0
0
0.1
0.56
0.67
0.2
2.54
8.17
1.66
0
0
0
0.19
0.63
0.89
0.04
3.07
1.06
0.31
0.01
0
0
0
0
0.02
0
0.01
0
0
0
0
0
0
0
0.01
1.72
1.64
0.3
2.2
0.28
0
0
0
0
0.39
0.78
0.14
6.2
11.52
11.09
2.13
3.66
0.59
4.22
1.15
5.06
1.02
1.11
0.63
0.13
1.12
1.66
0.31
5.9
8.03
1.4
5.46
9.37
5.19
1.71
2.04
8.28
2.64
0.84
0
0.04
0
14.61
12.54
11.02
8.09
1.88
0.73
0.37
0
0
0
0
0
0.14
6.39
4.56
6.72
4.62
17.15
4.42
0.39
0.01
0.11
0.34
0.23
0
0
5.01
0
0.08
0.02
0.02
1.38
0.34
0.45
0
0
0.02
0
0
7
0
0.16
0
0
0
0
0
0.04
0.49
0.02
0
0
0
0
0
0
0
0
0
0
0
0
0.03
0
0
0
0
0.01
0.02
0
0
0
0.02
0.33
0.63
0.15
0.04
0
0
0.63
0.01
0
0
0
0
0
0
0
0
0
0
0.01
1.25
2.75
0.53
0.06
0.06
0.27
0.05
0
0
0
0.32
0.2
0
0
0.55
2.08
1.38
1.13
0.1
0
0
0.01
0
2.57
0
0
0.08
0.03
0.07
22.77
12.71
1.09
2.8
0
0.04
0.02
0
5.84
0.43
5.49
0.14
0.43
7.6
9.52
4.55
4.89
7.13
33.82
11.94
10.3
15.99
6.81
0.59
3.23
3.44
5.24
0
0.32
0.86
0.09
0.74
0.85
1.11
3.72
12.11
13.13
4.57
0.97
1.38
7.82
2.04
6.7
7.19
0.71
7.57
1.85
2.2
0
0
0.09
0
0
0.01
0
0
0.83
0.23
0
0
0
0
0.03
0.54
0
0
1.18
1.05
5.09
0.41
7.02
0
0
0.07
0
0.13
0
0.01
0
0.01
0
0
0.01
0.05
0.02
0.02
0.02
0.01
0.16
0.05
0.03
0
0
0.2
0
0.33
0.65
1.55
0
0
0.63
1.36
0
0.77
5.59
1.36
8.19
11.13
3.22
5.33
16.04
1.17
0.52
0.13
0
0.7
1.01
0
0.06
0.2
0
0
0
0.15
0.07
0
0.68
0.81
0
0
0
0
0
0
3.66
8.26
1.36
1.07
1.57
0.11
0.06
0
0
0.01
0
0
0.43
0.52
0.33
0.55
0.48
3.02
0.32
0.09
2.82
0.34
0.23
0
2.44
6.14
4.32
1.18
0.63
0
0
0
0.01
0
0
0
0
0.02
0
0
0
0
0.39
0.65
0.52
0
0.07
0
0
0
0
0
0
0
0.26
0.48
0.85
0.01
0.05
0.02
0
0.48
1.42
0.95
0
2.7
0
0
0
0
0
0
2.31
2.49
0.07
0.69
4.39
0.95
0.06
0.11
4.03
6.7
0
0
0
0.09
0
0
0
0
0.69
1.15
0
0
4.64
0.05
0
0
0.18
0.34
1.79
2.27
9.07
8.67
1.93
1.37
4.89
1.61
0.87
0.64
1.82
0
0
0
0
0
0
0
0
0.92
0.07
0.02
0
0
0
0.52
0.34
0
0
0
0
0
0
0
0
0
0
0.06
0
0
0
0
0
0
0
0.01
0
0
0
0
0
0
0
0
0
0
0
0
0
0
0
0
0.02
0
0.2
0
0
0
0
0
0
0
0
0.01
0
0.01
0.03
0.83
1.56
0
0
0.02
0
0
0
0
0
0
0
0
0
0.02
0.18
0
0.46
0
0
0
0
0
0
0
0
0
0
0
0
0
0
0.04
0.01
0
0
0
0.01
0
0
0
0
0
0
0
0.23
0.21
0.08
0
0
0.03
0
0
0.86
1.27
1
5.22
3.08
0.89
0.09
0
2.21
2.37
1.9
1.98
2
0.01
3.05
0.81
0.17
0.35
1.59
9.01
3.84
1.17
0.05
0
19.79
8.52
4.9
0.2
4.69
4.34
2.83
0
5.91
0.62
0.08
0.8
0.04
11.09
2.66
0
0
0.13
0.19
0.29
13.14
10.03
4.3
16.67
3.47
8.3
2.51
1.15
0.29
2.77
0.61
0.04
0
0.04
0.02
0
0
0.01
0
0
0
0
0
0
0
0.44
0.28
0
0.7
0.45
0.22
0
1.21
1.34
4.88
0
0
0
0
0.06
0.28
0
0.02
0.02
0
0.85
0.42
0.43
0.63
0.05
0
0
0
0
0.08
0.08
0.32
0.3
8.43
2.08
0.79
0.09
0.16
0.71
0
0
0
0
0
0
0
0
0
0
0
8.99
4.59
0.64
1.06
0.46
0
0.72
1.54
0.14
0.41
0.03
0.06
1.71
0
0
0
0
0
0
0.01
0
0
1.31
1.38
0.26
0.67
23.15
4.44
1.09
0.11
0
4.7
0.67
0
0.05
0
0
0
0.37
0.97
0.36
0
0.25
0.01
0
0.49
0.2
2.68
0.75
0.11
0.03
0
0.39
0.16
0
0.04
0
0
0
0
0
0
0
0.11
0
0.36
0
0
0
0.27
0.09
0
0
0
0
0
0
0
0
0
0
0
0
0
0
0
0
0
0
0
0
0.01
0.02
0.65
4.2
5.62
3.55
5.1
3.25
0.44
4.95
0.79
0.04
0
0.38
6.75
2.71
0.64
0.05
0
3
17.43
4.63
6.14
11.12
0
0.09
1.79
0.37
0.73
0.07
0
0
0
0
0
0
0
0.02
0
0
0
0.01
0
0
0
0
0
0
0.31
0.52
4
3.81
10.37
0.38
0
0.02
0.05
0
1.17
0
0.02
0
0
0.63
0
0
0
51.21
3.65
1.07
3.41
3.97
0.45
0.41
0.7
0.34
0.06
0
0
0
0.14
0.16
0.18
0.36
0.04
0
0
0
0
0
0
0
0
0
0
0
0
0
0.13
0
0
0
0
0.59
0.02
0
0
0
0
0
0
0
0
39.44
3.6
1.05
0.02
0.04
0
0
0
0.01
0
0
2.61
6.46
3.8
5.92
0
0.01
0
0
0
0
0
0.01
0
0
0.21
0
0
0
0
0.02
0.04
0.11
0.01
0
0.06
0
0
0.05
0.84
6.99
0.09
0.05
0.02
0.01
0
0
0
0
0
0
0
0
0
0
0.09
0.96
0
0
0
0
0.02
0.02
0.08
0.01
0
2.46
0.4
0
0
0
0.68
0
0.01
0.01
0.3
2.3
0
0
0
0.18
0
0
0
0
0
0
0
0
0
0.02
0
1.49
16.42
23.52
19.17
0
2.99
9.38
9.27
1.61
5.48
0.02
0
1.18
0
0.34
0.23
6.6
2.2
2.46
0.75
0
3.73
0
0.02
0.23
11.93
0.53
2.86
6.05
3.42
0
3.14
0.46
0.32
0
0
16.7
2.14
0.34
0
0.18
0
0.14
9.63
2.72
5.84
16.11
7.22
6.28
4.45
7.93
17.54
13.86
3.33
0.57
0.71
8.55
6.61
14.67
0.78
16.28
2.91
0.97
8.13
0.24
0.41
0
0
0
0
0.01
2.39
2.18
9.27
4.67
17.5
6.52
0.11
2.63
4
6.21
3.39
0
6.97
12.18
0.21
0
0.77
10.22
0.28
0
0
0
0
0
0
2.87
0.51
0
0
0
0
1.16
0.09
0.09
0.02
0
0
1.1
7.54
0.14
0.36
0
0
0
0
0
0
0
0
0
0
0
0
0.42
4.16
2.3
0.37
0.01
0
0
3.49
0.04
0
0.02
0.16
0.05
0.09
3.82
0.06
0
1.67
7.27
8.13
7.09
0.06
0
0.05
0
4.09
2.13
0.06
0
0
0
0
0.23
0
0
0.24
0.38
0
0
0
0
9.61
0.07
0
0
0
0.03
1.9
1.84
2.79
1.31
1.34
0.07
0
3.05
21
9.47
2.59
4.8
22.99
9.9
1.45
0
0
0.98
1.09
15.13
10.29
4.45
1.41
0.13
0
0
0
0
0
0
0
0
0
4.54
2.63
0
0
0
0
0
0.19
0
0.79
0.36
0
0.69
0
0
0.72
0.88
5.94
1.28
2.41
0.49
0.01
0
0
0
0
0
0
0
0
0
0
0
0
0
0
0.1
0.69
0.82
0
0
0
0
0.12
0.04
0.01
0
0
0
0
0
0
0
0
0
0.68
9.67
0
0.01
0
0
0
0
0.16
0.05
0.15
0
0
1.59
0.94
0
0
0
0.13
24.03
4.26
2.13
1.02
0
0.03
0
0.15
0
0.02
0
0
0
0
0
0.28
0
0
0
0.01
0
0.13
2.54
0.06
0.05
0
1.63
0
0.21
1.29
0
0.62
0.02
0
0
0.84
1.3
1.33
10.81
7.29
0.85
0
0
0
0
0
0
0
0.03
0
0
0
0
0
0
0
0
0
0
0
0.02
14.22
0.44
0.33
0.01
0.48
0
0
0.27
0
0
0
0
0
0
0
0
0
0
0
0
0
0.56
2.2
0.54
0
0
0
0
19.93
33.95
15.24
12.43
3.27
0
5.86
0
2.7
3.63
2.02
0.02
2.07
1.08
0
0.63
0.51
0.01
0
0.01
0.04
0.05
0
0
13.06
9.2
0.98
2.11
0
0.93
0.51
12.63
24.24
22.67
4.45
0
0
4.46
11.99
12.67
20.43
12.43
6.54
10.33
5.75
2
0
0
2.5
8.41
0.93
15.59
1.35
11.69
2.46
0.93
11.3
3.21
14.18
20
0
0
0
0
0
0
3.41
12.22
1.84
12.3
20.46
16.9
4.76
6.81
2.33
0
0.4
0.17
0
0
0
0
0
0
3.35
0.71
0.17
0.01
0
0
0
0
0
0
0.14
0.16
0.29
0.07
0
0.18
0
0
0
0
2.25
0.35
0.56
0
0
0
0
0
0
0
0
0
0
0
0
0
0
0
0
0
0
0
0
0
0
0
0
0
0
0
0
0
0
0
0
0
0
0
0
0
0.13
0
0.01
0.06
1.07
0.43
0
0
0
0
0
0
0.01
0.69
5.59
20.38
17.96
4.02
0.85
0
0
0
0
0
0
0.02
0
0
0.01
0.12
0.14
0
2.06
1.22
2.08
0.21
0.04
0
0
1.1
2.38
2.87
2.62
13.9
4.59
1.98
0.12
0
0
0
6.88
2.97
6.24
0
0
0.13
7.73
18.24
2.2
6.11
0.29
5.61
17.02
6.3
0
0
0
0
0
0
0
0
0
0
0
0
0
0
0
0
0
0
0
0
0
0.04
1.02
0.79
0.03
11.43
5.34
1.77
0
0
0
0.08
0.66
0.96
4.61
0
0
0.03
1.01
0.13
0
0.04
0.01
0
0
2.78
2.14
18.38
1.25
0
0
0.55
1.41
0.24
0.3
0
0
0.06
1.5
0.47
0
0.03
0
15.1
0.32
8.96
0.28
0
0.83
0.03
0
0
0
0.14
0.02
0
0.19
2.41
0.34
0.34
12.68
1.07
6.45
0
0
0.01
0
0.38
0.02
0
0
0
0
0
0.54
0.3
0
0
0
0.25
0.8
7.84
0
0.22
0.3
0.02
1.65
0.41
0
3.47
1.63
1.3
4.71
0.25
0.1
0
0.37
0
0
0
0.2
0.05
0.38
0.03
0.01
0
0
0
0
0
0
0
0
0
0
0.48
2.35
3.86
6
2.25
0
1.71
2.63
6.84
8.44
0.16
0
0
0.03
11.09
14.44
5.4
40.02
13.94
1.59
6.3
3.61
7.27
8.05
0.96
8.93
0.57
0.05
0.27
2.88
8.59
3.35
4.59
17.04
5.56
0.71
3.1
7.59
0
0.22
1.77
0.4
0.69
0.1
1.4
0
9.84
0
0
0
0.96
0
0.22
2.98
1.69
0.05
0
7.49
18.62
33.31
5.85
3.3
0.13
3.4
7.2
0
0.02
1.52
0.63
0.21
1.28
0.83
3.44
10.37
0.03
1.11
0
0.95
0.38
0.02
0.13
0
0
0
0
3.84
4.61
0.07
0
0
0
0
0
0
0
0
0.05
0
0.63
3.96
0.24
1.19
3.97
0.22
1.06
1.64
15.01
1.93
3.18
0.16
0
0
0.04
0.17
0.03
0
0.01
0
0
0
0
0
0
0
0.14
0.9
0.5
0
0
0
0
0
0
0
0
0
0
0
0
0
0
0
0
0
0
0.19
0
0
0
0
0
0
0.03
0
0.59
0.83
0.45
0.28
0
0
0
6.1
1.44
1.82
0
0.5
3.62
2.48
3.95
2.55
0.37
0.05
4.04
4.27
2.2
1.06
0.84
14.36
2.77
3.76
0.6
0
0.02
0
0.57
1.01
0.26
0.04
0.11
3.82
0.89
3.41
6.84
2.64
2.58
2
2.9
0.88
0.41
0.67
0
0.01
0
8.01
7.57
2.56
10.15
8.1
1.84
1.45
0.4
0.6
4.27
4.06
0
0.9
1.41
4.31
1
10.18
20.83
2.04
14.75
0.63
4.24
1.05
0.56
0.39
0
2.52
1.9
0
0
0
0
0
0
0
0
0
0
0
0
0
0
0
0
0
0
0
0
0
0
0
0
0.27
1.06
0.02
0
0
0
0
0
0
0
0
0
0
0
0
0
0
0.07
0
0
0
0
0
0
0
0
0.02
0
0
0
0
1.32
1.8
0
0
0
0
0
0
0
0
0.14
0.64
0
0
1.29
1.66
0
2.33
0
0
0
0
0
0
0.07
0
7.21
0.05
0
0
0
0
0.06
0
0
0
0
0
0.01
0
0.16
0.19
0.08
0
0
0
0.01
0
0
0.3
0.25
2.92
10.37
0
9.63
10.09
6.48
1.32
4.47
3.5
1.78
0.28
0.66
1.53
5.1
17
4.69
0.04
1.23
1.09
0.27
0.13
0
0
0
0
0
0
0
0
0
0
0
0.01
0.04
0.68
1.19
0
0.06
0
0
0
0.06
0.78
20.14
8.77
0.54
0
0
0
0.03
0.48
0.17
0
0
0.25
0
0
0
0
0
0
0
0.01
0.03
0
0.32
0
0
0
0.03
0.01
0.03
0
0.7
0
0
0
0.25
0
0.05
0.42
1.1
0.42
0
0
0
0
0
0
0
0.15
0.21
0
0
0.03
0
0
0
0
8.86
13.37
2.09
0
0.04
0
0
0
0
0.48
0.83
3.66
1.34
0.03
0
0.01
0
0
7.29
5.05
0
0
0.27
0.2
0.93
0.07
0
0
0
0
0
0
0
0
0
0
0
0
0
0.12
0
0.46
6
0.08
0
0
0
0
0
0
0
0
0
0
0
0
0
12.88
5.82
0.9
2.22
0
0
0.23
3.34
0.16
0
0
0
0
0
0.76
17.38
5.93
0
0.45
1.27
0.01
0
0
0
0
0
0
0
6.13
6.18
2.81
2.39
0.72
0
0
0
1.16
0
0
0.05
0
0
0
0
0
0
0.01
0
0
2.4
2.36
7.28
1.16
0
0
0.82
0.77
0
0
0
2.48
5.59
15.15
10.24
5.94
0.75
9.49
2.02
2.89
0.57
1.56
4.03
6.12
0.34
0
0
0
0
0
0
0
2.85
4.65
9.44
5.69
0.92
0
0
0
0.01
0
0
0
0
0
0
1.17
12.77
1.91
0
0
0
0
0.2
0.64
5.81
0
0
2.36
23.7
0.31
0
0.36
0
0.21
0.05
0
0
0.84
0.34
0
0.01
0.28
0.06
0
0
0.23
0.02
0
0
1.67
0
0
0
0
0
0
0.04
0.79
2.11
0
0
0.02
0
0.05
0.05
0
0
0
0
0
0
18.3
1.77
0
0.07
0
6.41
0.02
0
0.05
0
0
0
2.52
0.29
0
0
0
0.27
0
0
0
0
0
0
7.97
0
0
0
0.09
0.77
1.3
0
0
0
0
0
9.7
2.86
0.38
0
14.98
5.33
3.24
2.49
0.16
0
0
0
0.15
0.84
9.61
1.05
0.12
0
9.35
28.16
3.52
0.05
0
0
6.1
8.79
1.27
0
0
0
0.12
0
0
0
0
0.45
1.42
2.72
0.1
0
0
3.44
9.72
2.41
0
0
0.07
10.7
3.63
20.37
11.79
11.05
15.96
20.27
8.14
1.8
10.95
9.93
4.77
0.23
0.27
0
0
0
0
0
0
0
0
0
0
0
17.05
10.08
1.73
3.82
2.41
0.69
0
0
0
0.65
1.08
0.02
0
0
0
0
0
0
0.03
0
0
0
0.04
0.33
0.08
0.16
0.02
0
4.24
0.31
0.23
0.09
0.08
6.2
1.84
0.66
0
0
0.82
0.12
0
0
0.02
0.51
0.02
0.09
2.23
2.3
4.27
1.66
0
0
0
0.02
0
0
0
0
0.3
1.8
0.47
0
0
1.48
3.57
2.76
0
0.32
0
0
0.01
0.01
0
0
0
0.1
0
0
0
0
0
0.43
0.73
0.02
0
0
0
0
0
0
0
0
0
0
0
0
0
0
0
0
0
0
0
0
0
0
0
0
0
0
0
0
0
0
0
0
0
0
0
0
0
0
0.04
0
0
0
0
0
0.02
0.18
4.71
0.95
6.48
4.38
1.46
1.3
0.62
0.01
0.73
0.03
7.69
2.17
1.83
11.49
6.88
3.18
0.01
0
1.56
6.05
3.95
6.49
2.22
0
1.99
9.76
25.06
13.14
1.33
9.95
3.63
0
0.12
10.14
1.53
0
0.55
4.58
14.91
1.54
0
0.13
0.22
0.25
0.17
4.08
2.3
8.57
14.9
6.26
1.84
2.32
1.57
0
0
0
0
5.91
3.83
1.31
0
1.52
3.04
3.08
0
0
0
10.05
1.22
0
0
0
0
0.36
0.84
3.93
11.17
2.61
0
0.01
0
0
0
0.01
0
0
0
0
0.01
0
0
0
0.01
0
0
0
0
0
1.77
3.9
0
0
0
0
0
0
0
0
0.04
0
0
0
0
0.01
0.02
0
0.04
0
1.37
2.86
0.66
0
0.01
0
0
0
0
0.37
0
0
0
0
0
0
0
0
0
0
0
0
0
0
0
0.01
2.06
0
0
0
0.01
0.01
0
0
0
0
0
0
0
0
0
0.14
0
0
0.07
0.45
0
0
0
0
0
0
0
0
0
0.06
1.59
0.02
0.03
0
0
0
0
0
1.39
6.53
0
0
0
0.14
0
1.06
0.73
0.51
1.87
0.66
0.02
0.43
0
0
0
0
0
0
0
0
0
19
0.88
0.09
0.79
2.91
0
0
0
0.63
5.15
4.2
1.63
1.2
0.36
0
0.2
0.01
0
0
9.3
0.55
1.23
19.83
0.29
2.64
18.49
2.71
0
0
0
0
0
9.6
3.39
0.56
0.02
0.09
0
0
0
0
13.06
27.75
3.62
2.16
0.22
1.04
0.09
1.09
13.27
0.91
15.91
4
0.02
0
7.64
18.12
3.95
1.63
0.27
0
0
0.2
0.15
3.3
0
0.04
0.12
0
0
0
2.31
10.84
13.9
9.73
8.75
14.66
4.32
6.45
10.34
5.63
0
8.2
0.38
5.02
3.42
14.28
4.47
0
0.74
4.89
3.12
8.71
0
0.38
0.74
2.01
3.91
1.11
11.97
2.22
0
0
0.62
5.53
8.9
6.31
22.73
5.01
3.38
1.36
0
0
0
0.01
0
0.54
2.06
2.19
6.63
8.14
1.43
0.39
0
0
0
0
0.14
0
0
0
0.04
0
0
0.01
0
0.25
0.77
0.89
1.03
0.32
22.61
23.47
8.36
19.22
2.49
0
8.24
4.68
0.14
2.09
1.34
3.13
0
0
0
2.69
0.17
0
0
0
0
0
0.02
0.25
0.44
6.15
0.38
0.98
1.22
0.43
0
0
0
0
0
0
0
0
0
0
0
0
0
0
0
0.27
0.07
11.69
5.19
0.03
0
0
0
0.02
0.25
0.01
0.01
0.51
0.35
2.08
0.53
1.76
3.61
1
2.55
0.15
0
0
0.57
6.88
3.28
0
0
0
1.43
1.03
0.1
0.59
10.11
4.73
17.01
3
4.02
1.36
1.89
0
0
0
0
0
0.01
0
0.05
0
0
0.02
0
0
0
0
6.25
3.5
0.21
0
0
0
0
0
0
0
0
0
0
0
0
0
0
0
0
0
0
0
0
1.53
1.17
0
0
1.09
0
1.34
3.06
0.01
0.69
0.69
0
0.91
3.26
0
0
0.09
0.02
0.02
0.01
0
0
0
0
0
0.02
0
1.93
0
0
0
0
0
0
0
0
0
0
0
0
0.34
0.32
6.54
0.09
0.53
0.44
0
0
0
0
0
0
0
0.01
0
0
0
0.01
0
0
0
0
0.02
1.32
0.56
0
0.07
0
0
0
0.02
0
0
0
0
0
0
0
0
0.39
5.43
16.68
12.43
10.06
1.25
1.05
0.54
0
12.47
1.57
0
0
0
0
0
0.46
9.08
1.49
7.51
1.5
0
0
6.82
0.65
0
0
1.53
10.35
14.77
30.03
6.45
0.04
2.38
0.05
0
0
0.01
0.02
0
0
0
0
0
0.03
0
0.46
0.38
0
0
0
0
0
0
0
0.47
0.73
0.8
0
0
0
0
0
0
0
0
0
0
0
0.04
0
0
0
0
0
0
0
0
0
0
0
0
0.01
0
0
0
0
0
0
0
0
0
0
0.17
0.84
1.9
0.45
0
0.01
0
0
0
2.89
3.71
3.11
6.58
7.16
0
0
0
0
0
0.07
0
0
0.79
0.84
0
1.34
0.48
0.47
0
0
0
1.59
1.07
13.05
1.84
0
0
0
0.04
0
0
0
0
0.02
0.23
0
6.6
0.34
0.22
0
0.01
0.01
0
0
0
0
0
0
0
0
0
0
0
0
0
0
0
0
0
5.88
3.91
1.01
12.47
3.95
1.75
0.3
0.08
0.01
0
0
0
0.61
10.07
7.67
19.05
7.97
1.99
0
0
0.02
0.02
0.02
0
0
0
0.01
0
0.09
0.02
0
0.12
0
2.55
1.59
0
9.07
11.65
4.67
1.24
0
7.46
9.5
3.86
0
0
0
0
0
0.83
0
0
0
0
0
0
0
0
0
0
0
0
0.2
1.29
0.06
3.02
9.88
2.48
17.7
24.3
1.62
0.83
1.21
0
0
0
0
0
0.02
0.01
0
0
0.44
1.95
0
0
0
0
0
0
0
0.02
0.45
0.11
0.3
4.7
8.34
13.08
5.57
9.05
2.51
0
0
0
0.02
0
0
0
0
0.02
0
0
0
0
0
0
0
0
0.02
0.02
0.02
0
8.38
0.02
0
0
0
0.01
0
0.2
0.72
0
0.07
0.01
0.02
0
0
0
0
0
0
0
0
0
0.08
5.16
0.02
0
0
0
0
0
0
0.04
0.02
0
0
0.01
0.08
0
0.17
0
1.7
3.04
0.35
0
0.09
2
2.32
0
0.12
2.76
0.08
0
0.44
0
20.05
5.54
0
6.49
1.64
0
0.02
0.1
0
4.42
2.29
0
0
0
0.22
0
1.59
0.11
0
0
0
0
0
1.11
6.14
15.77
4.88
0.66
6.78
1.37
7.85
0.44
0
0
0
0
0
0.01
0
6.49
0.2
0
0
0
0
0.8
14.22
21.71
7.93
0.61
0
0
0
0
3.3
0.18
0
0
7.08
8.43
0
0
0
0
0.01
0
0
2.45
3.18
0
0
0.26
0
0.01
0
0
0
0
0
0.02
0.3
1.26
13.98
8.02
4.32
7.05
2.44
3.94
14.05
3.73
5.24
12.73
2.27
7.15
0.22
0.1
2.95
2.63
2.46
0.11
1.82
0.3
0
0.06
0.16
0.23
0
0
7.83
11.36
3.6
0.39
3.68
1.17
0
3.64
4.03
5.56
5.05
0.18
0
0
0
1.6
1.21
4.64
9.11
0
0
3.55
1.85
2.16
8.93
3.07
2.77
10.98
1.04
8.69
1.57
6.23
0.03
0.3
0.01
0
0
0
0
0.21
6.39
3.18
7.46
3.37
10.84
0.04
0
0
0
0
0
0.5
0.96
1.63
0.41
0
0
0
0
0
0
0
0
0
0
0.01
0
0
0
0
0
6.2
10.17
1.91
0.7
1.45
0
3.9
18.56
11.26
1.83
0.18
0
0
0
0.11
1.78
0.09
0
0.01
0
0
0
0
0
0.2
0.21
0.03
0
0
0
0
0.01
0
0.9
1.14
0.06
8.83
17.63
4.78
13.37
24.37
5.75
0.01
0
0
0
0
0
0
0
0.1
1.13
1.41
1.84
7.29
11.48
1.21
0.81
0
1.83
6.71
1.68
0.21
0.51
0.78
0
1.05
2.5
0
0
0
0.47
0
0
0
1.95
2.29
8.77
2.81
6.65
1.21
0
0.21
0.11
0
0.01
0
25.73
0.59
0
0.01
0
0
0
0
0.11
0
0
0
0
0
0
6.36
7.85
1.29
0.39
5.21
2.33
0
1.14
0
0
0.01
0.16
0
0
0
1.33
0.21
0
0
0
0
0
0.01
3.98
0.6
0
0
0
0
0.17
0.1
0
0
0
0
0
0.06
0.02
0
0
0
0.31
1.63
0
0
0.33
0
0
0
0
0
0.04
0
0
0
0
0
0
0
0
0
0
0
0
0
0
0
0
0.02
0
0.19
0.21
0
0
0.01
0.01
0.04
0.09
0
0.25
0
0
4.33
0
3.12
0.18
0.07
0
0.02
0
0
0
0.11
0
0.13
3.13
11.55
1.53
2.19
0
0.02
0
0
0
0
0
0
0
0
0.02
0
0.01
0.01
0
0.46
0
0
0
0.55
0.32
3.25
3.07
18.43
9
7.25
0.5
0
0
0
0
0
0.05
0.05
0.5
3.03
11.03
7.91
0.72
13.08
2.52
27.7
10.25
1.58
2.68
0
0
0
15.35
2.67
2.39
9.89
0.29
16.84
14.82
1.68
0
0
0
0.27
0
0
9.54
1.09
0.48
0
0
0.02
0
12.19
6.75
0.19
0
0
0
0
5.18
6.36
0
0
10.05
0.51
0
1.92
8.07
3.3
0.53
0.29
0
1.41
4.04
0.9
1.23
2.07
0.16
0
0
0
0
0
0
0.93
2.46
0
0
0
0
0
0
0
0
2.98
0.77
0.91
0.5
0
0
0
0
0
0
0
0.02
0.16
0
0
0.04
0.31
0.02
0.26
0.05
0
0.18
0
0
0.24
0
0.03
0
0
0.35
5.33
3.26
0.38
0.12
2.83
5.61
0.68
0.01
0.1
0
0.07
0.12
0.07
0.02
0
0
0
0
0.01
0
0
0
0
0
0.44
6.73
5.74
5.51
3.97
14.02
16.47
4.03
1.91
0.88
0.7
0
0
0
0
0
0.32
0
0
1.61
1.37
0.55
12.44
1.85
0
0
0
0.05
0.84
0
0.01
0
0
0.07
0.07
0
0.84
7.16
5.25
6.27
7.08
1.17
14.22
1.16
0
0
0
0
0
0
0.01
0
0
0
0
0
12.09
10.85
1.04
2.66
0
0
5.02
2.08
0.01
0
0
0.03
2.63
21.23
4.44
2.87
11.05
24.24
2.55
3.03
6.41
0.93
0.35
0
6.41
3.81
0.34
0.05
0
0.01
0
0
0.55
0
0
0
0
4.29
5.16
1.08
2.95
0.43
2.28
0.02
0
0
0
0
0
0
0
0
4.3
4.39
0
1.27
0.32
0.47
4.77
0.16
0
0.02
0
0.01
0.07
1.06
0.03
0
0
0
0.02
0.01
0.02
0.45
0.16
0
0.01
0
0
0
0
3.05
19.14
0.05
0
0
0
0
0
0
0
0.5
9.59
3.18
0.02
0
0
0.01
0.01
0
0
0.01
0
0.05
8.45
0.02
0
0
0.93
0.59
0.15
1.54
0
0
0
3.54
3.82
1.09
0.33
0.07
0
0
0
0
2.22
0.55
0.99
0
0
0
0.03
0
0
0
0
0
0
0
0
0
9.91
14.13
0.87
1.33
2.37
0
0
0
0
0
0.11
0
0
0
0.04
0
0
0
0
0
0
0
0
0
0
0
0
0
0
0
0
0
0
0.13
0.13
0.15
0.05
0.12
0
0.46
0.16
0
0
0
0
0.6
4.72
9.83
6.14
4.38
0.81
0
0
25.09
5.84
21.27
10.7
2.89
2.21
2.46
1.79
1.28
1.74
11.89
4.55
0
0.41
0.55
0
0
0
0
0
0
0.01
0
0.05
0
0
0
0.04
0
0
0
0
0
0.09
2.86
4.28
0
12.26
2.48
5.15
0.06
1.04
0
0
0.25
0.36
0.17
0
0.03
0.17
0.41
0.33
0.2
0
0.09
0.02
0
0
0
0
0
0
0
0.19
0
0
0
0
0
0
0
0
0
0.02
0
0
0
0
0
0
0
0
0
0
0
0
0
0
0
0
0
0.48
2.52
0.4
0.14
0
0
0
0
0
0
0.01
0.05
1.63
6.38
0.25
0.49
0.01
0.02
0
0
0.06
0
0.05
0
0
0
0
0.45
1.52
7.98
1.35
1.56
0
0
0
0
0
0
0
0
0
0
0
0
0
0
0
0
0
0
1.13
0.13
0
0
0
0
1.26
0.56
6.1
0.73
0.37
9.6
0.43
1.06
0
0
0
0
9.23
3.98
1.14
0
0.06
0.1
0
0.07
0
0
0
0
1.59
0.32
0
0
0
0
0.34
0
0
0
1.52
0
0
0.08
0
0
0
0
0
0
0.01
0.02
0
0
0
0.09
0
1.48
2.37
10.11
1.75
0
3.89
0.64
0.19
0
0
0
0
0
0
0
0
0
0.13
0.62
1.83
13.45
4.13
2.02
0
0
0.01
0
0
0
0
0.07
0
0.81
0
0
0
0
0
0
0
1.11
1.03
2.57
2.63
1.2
0
0
8.04
0.3
0
0
0
0
0.28
0.44
0
0
1.47
0.02
0
0
0
0
0
0
0
0
0
0
0
0
0
0.05
0
0
0.03
0
0
0
0
0
0
0
0
0
0
0
0
0
0
0
0.86
0.11
0
0.01
0
0
0.19
0.09
0
0
0
0
0
0
0
0
0
0
0
0
0
0.04
0.03
0.05
0
0.01
0
2.87
7.2
2.12
0.54
0
0
0
0
0
0
1.65
0
0.02
0
0
0
0
0.03
0
0
0.01
0
0
0
0
0
0
0
0
0
0
0.01
0
0
0.72
3.55
3.75
6.1
1.66
0
0
8.69
5.93
0.38
3.54
3.63
12.27
0.58
0.73
0
0
0.73
24.95
0.55
5.67
2.75
0
0
0.13
0.35
0
0
0.05
3.43
1.77
0.1
0.76
15.89
13.21
22.98
9.61
0.59
0.16
0.01
0
0
0
0.02
0
0.05
1.59
0.05
0.2
0.2
0
0
17.04
15.77
0.51
0.63
0.14
0.11
0
0
0
0
0
0
0
0
0
0
0
0.01
0
0
0
0
0
0
0
10.59
3.1
0
1.39
0
0.27
0
0
0
0
0.87
3.77
2.64
2.34
9.69
0
0
0.03
0
1.34
2.55
3.82
0.21
0.36
0.11
0
0
0
0
0
0
0
0
0.02
0
0
0
0
0
0.09
0
0
0
0
0
0
0
0
0
0
0
0.29
0
1.35
4.88
2.94
3.48
3.02
1.03
3.4
2.34
18.03
4.93
0.18
0.3
0
0
1.89
14.53
2.18
0.72
0
0.11
0.12
0.05
0.02
0.01
0
0
0
0
3.01
8.06
4.64
2.24
1.21
2.79
6.25
0.49
0.05
0
0
0
0.05
0
0
0
0.02
0
0.36
1.46
3.29
4.43
0
0.02
0
0
0
0
8.65
2.91
0.65
0.56
0.01
1.59
0.09
8.75
3.07
2.12
0
0.05
0
0
0
0
0
0
0.12
2.24
3.95
4.7
1.04
0.43
0
0
0
0.17
4.51
1.13
0.13
0.07
0
0
0
0
0.01
0
0
0
0
0
0
0.02
0
0.44
0
0
0
0
0.02
0
0
0
0
1.01
7.13
4.13
0
0.47
0
0
32.14
1.66
0
0.89
2.92
0.23
0.23
0.12
4.95
3.66
0
0
1.08
5.47
0
0.21
0.01
0
0
0
0
0
0
0
0
0
0
0.56
5.6
3.17
1.29
0.64
2.52
6.79
1.97
0.3
0.09
0
0.07
0
0
0.01
0.01
0.01
0
0
0
0
0
0
0
0
0
0
0
0
0
0
0
0
0
0.01
0
10.35
0
0.05
0
0
0
0
0.03
0
0
0
0
0
0
0
0
0
0
0
0.77
2.48
4.32
0.82
0.59
0
0
3.72
8.7
10.72
0.95
0
0
0
0
0.01
35.31
7.12
0
3.28
0.6
0
0
0
0
0
0
2.04
0.06
1.07
0
0.08
0
0.01
0
0
1.67
0
0
0
0
1.28
12.82
8.4
7.76
15.83
1.2
6.61
6.55
0.16
4.34
0.01
0
0
0
0
0.01
0
15.19
14.86
2.8
0
1.33
2.99
0
0.17
0
0
0
0
0
7.19
13.77
0.06
0
0
0
0.09
0.56
2.98
4.05
3.34
0.12
0.4
0.89
0
0
0
0
0.2
2.65
13.88
4.53
11.12
0.18
0
0
0
0
0
0
0
0
0
0
0
0
0
0
0
0.02
0
0
0
0
0.01
0
0
0.07
0.05
0
0
0
0
0
0
0
0.02
0.09
0
0.02
0
0.13
0
0
0
0.05
0
0
5.01
0.84
2.36
2.68
4.62
0.12
0
0.2
1
0
0
3.72
3.97
2.73
0.73
0
3.09
13.72
5.54
4.81
3.01
0.36
0.7
2.6
0.11
6.4
0.56
0.45
0
6.02
1.36
0.21
2.61
1.52
4.5
0.42
0.02
0
0
0
0
0
0.37
3.31
2.64
0.08
0
0
0
0
0
0.02
0.01
0.23
0
0
0.39
0.93
0.48
0
0
0.32
0.05
4.12
6.84
2.85
0.53
2.19
3.94
6.61
4.5
3.21
0.44
0.55
5.07
6.36
3.04
2.19
0.66
5.06
7.45
4.29
1.17
0
1.34
0.27
0
0
0.43
0
0
0
0.04
3.15
12.89
7.79
10.36
2.97
6.94
0.26
6.31
5.73
0.83
0.39
0
0
0
0
0
0
0
1.76
0.41
0.01
0
0.09
0.8
9.63
16.14
2.6
1.42
6.91
2.36
3.36
2.52
0.19
0.23
0
0
0
0
0
0
0
0.12
0.05
0
0
0
0
0
0.09
0
4.15
4.13
19.8
3.93
0.06
0.01
0
0.01
0
0.03
0
0.01
0
0
0
0
0
0
0
0
0
0
0
1.99
0
0
0
0
0
0
0
0
0
0
0
0
0
0
0
0
0
0
0
0
0
0
0
0
0
0
0
0
1.03
1.48
0
0
0
0
0
0
0.01
0
0
0
0
0
0
0
0
0
2.37
0.91
0
0.06
0
0
0.02
0
0
0
0
0.05
0
0
0
0
0
0
0
0
2.42
0.21
5.78
1.28
0
0
0.2
0
0
5.04
0.79
0.33
0.28
0
0.52
0
0.82
0.55
0.42
2.34
2.96
1.7
12.34
4.57
0.72
0
0.01
0
0
0
0
0
0
0
0
0
0
0
0
0
0.02
8.96
0
0
0
0
0
0.09
0
0
0
0.02
0
0
0
0
0
0
0
0
0
0
0
0
0
0
0
0
14.17
18.68
0.67
2.79
0.05
0.08
0
0
0
0
0
0
0.85
0.09
0
0
0
0
0
0.04
0.27
0.07
0.01
0
0
0.01
0
0
1.05
0.94
0.56
0.67
0.72
0.66
0
0
0
0.03
0
0
0
0
0
2.22
8.71
2.88
0.51
0.13
0.36
0.54
0
0.16
0.53
10.03
0.7
1.37
0.91
2.82
0.88
0.03
0
0
0.55
0
0
0
0
0
0
0
0
0
0
0
2.25
0.94
10.95
1.59
0
0
0
0
0
0
0
0
0
0.38
0
0
0.51
1.39
17.34
4.37
0.4
0
0
3.51
0.53
0.1
3.26
0.87
0.01
0.01
0
0
0
0
0
0
0
0.01
0.29
0.14
0
0
0
0
0
1.19
0.31
0
0.11
0.5
6.25
0
1.36
0
0.76
0.04
0
0
2.5
0.55
0
0
0
0.01
0
0
20.27
14.41
13.73
14.44
5.06
0
1.46
0.61
0
9.73
15.66
8.76
18.21
10.42
4.68
0
1.36
0.45
0
0
0
0
0
0
0
0.01
0
0
0.59
0.13
0.98
10.89
14.23
11.74
2.04
5.66
8.76
1.66
4.02
3.64
3.12
3.71
1.5
0
4.37
1.09
9.66
5.86
6.53
0.83
0.48
2.55
1.71
1.08
15.41
4.79
4.09
1.12
0
4.38
0.48
0.27
5.61
7.67
6.64
0.64
0
0
0.95
2.22
6.63
0.93
0
0
0
0.01
0
11.19
5.04
0.16
0.05
0
0
0
0.38
0.01
0
0
0.01
0
0.04
0
0
0
0
0
2.94
1.21
0
0
0.03
0
0
0
0.04
0.02
0
0
0
0
0
0
0
0
0
0
0
0
0
0
0.06
0.01
0
0
0
0
0
0
0
0.01
0
0
0
0
0
0
0
0.76
1.06
0
0
1.39
0.45
1.86
0
0
0
0
0
0
0
2.13
3.14
1.67
0.54
0.27
5.55
2.46
0.02
0
0
0
0
0.01
0.01
0
0
2.54
4.14
2.09
0.18
0
0.56
0.21
0.23
0
0
0
0
0
0.01
0
0.02
3.83
0
0
0
13.66
5.33
0.05
0.53
0
0.12
0
8.27
0
3.12
11.72
7.6
1.12
1.04
0
0.02
9.69
15.55
2.5
7.47
25.44
7.47
4.66
0.77
0.2
0.16
0
1.19
0.7
0
0.01
0.17
0.03
0
0
0
0
0
0.11
0
0
0
0
0
1.82
0
0
0.28
8.52
4.38
0.23
2.59
1.28
1.66
2.14
1.17
6.18
18.91
6.12
2.69
0.62
0.55
0.36
11.2
1.48
0.27
0.26
0
0
0
0.48
0
0
0
0
0.01
0
0
0.02
0.02
0.11
0.03
0.53
2.39
6.65
0.54
0.02
0.21
0.59
1.52
3.37
1.48
0.43
0.05
1.09
0
0
0
0.03
2.59
3.79
3.71
2.09
8.98
2.48
1.41
3.06
0.98
0.15
0.8
1.64
1.02
2.45
4.24
7.79
2.88
6.77
9.76
3.42
1.16
0.46
2.01
0
0
0
0
0
0
0
0
0
0
0
0
0
0
0
0
0
0.04
0.73
3.37
1.53
1.15
8.12
2.6
1.24
0
0.61
0.43
0
0
0
0
0
0
0
0
0
0
0
0
0
0
0.27
0
0
0
6.29
0
0.43
0.49
0
0
0
0.15
0.09
4.8
2.6
0.02
4.59
15.8
3.48
3.02
0.04
5.82
4.48
5.87
1.82
7.07
1.61
0.59
0.74
0
0
0.01
0.27
0.83
0
0
0
1.23
0.47
0
0
0.55
0
0.02
0
0
4.34
2.02
0
0
0
0.03
0
0
0
1.59
0
2.24
0
0
0
3.48
0.16
0.12
0
0.53
0.09
1.02
0
0.02
0
0
0
0
6.4
0.64
0.33
0
0
0
0
1.33
2.95
0.48
0.21
0
0.48
0.34
0
0
0
0
0
0.04
0.03
0
0
0
0.02
0.01
0
0
0
0
0
0
0
0.73
0.03
0
0
0
0
0
0
0
0
0
0
0.15
0
0
0.02
0
0
0
0
0
0
0
0
0
0
0
0.03
2.3
0
4.86
0
5.46
0.67
0.36
0.15
0.62
0
0
0
0
0
0
0
0
0
0
0
0
0
0.03
0
0
0.07
0.01
0
0
0
2.84
0.25
1.78
0.63
0
0
0
0.79
0.56
0.36
0
0
10.83
2.45
0.18
0.03
0
0.01
0
0.01
0
0
0
0.27
0.44
0.86
1.23
0
0.52
0.64
0
0.87
2.86
1.94
0
0
0
0
0.25
0.27
0.03
0
0
0
0.23
15.48
10.36
1
0
0.05
0
0
0
0
0
0
0
0.27
0
0
0
0
0
1.12
0.62
0.25
0
0
0
0
0.39
0.32
0
0
0.01
0
0
0.81
0.21
0.01
0.01
0.44
2.34
0.15
4.42
7.47
0.97
0.52
6.82
5.08
0
0.44
1.45
3.15
0.32
0.13
0.01
0
1.62
1.14
2.04
0
4.49
1.55
0.36
0
3.3
14.13
20.53
29.12
16.34
19.56
7.64
4.4
14.84
16.08
11.32
5.67
4.32
0
4.34
7.98
1.93
0.46
5.87
0.49
0
3.61
2.34
9.21
12.05
2.14
0.05
3.2
1.86
0.99
3.14
0
0.19
0.2
0.01
0
0.89
0
0
0
0
0
1.37
0.49
0
0.26
4.7
2.54
0
0.32
10.56
4.24
0
0
0
0.01
0.29
4.99
16.34
3.67
1.64
0.4
0.11
7.25
7.62
6.34
1.8
9.13
4.68
1.07
2.91
0.3
4.34
5.37
0.37
11.74
3.7
7.28
1.59
0
0
0
0
0
0
0
0
0
0.07
0.36
0
5
1.06
2.92
20.87
10.39
0.54
0
0.96
4.94
0.71
2.13
0.15
0.08
3.68
0.57
0
1.41
3.63
0.68
0
0
0
2.69
7.4
8.8
7.03
4.02
11.75
5
1.74
0.05
1.02
2.24
0.94
0
2.02
0
0
0
0
3.38
2.29
2.8
4.86
0.12
1.3
0
3.93
11
8.94
5.95
5.7
9.94
7.54
2.91
0.14
0.02
0.01
0.04
0
0
0
0
1.22
0
0
0
0
0.07
0
0
0
0
0.1
0.02
0
0
0
0
3.91
16.76
6.52
5.71
8.55
4.59
2.24
4.03
1.13
0.73
1.23
0.72
0
0
0
0.02
2.28
10.92
1.43
3.87
3.57
3.19
0.01
0.15
8.32
7.69
0.52
0
0
0
0
0
0
0.63
0
0
0
0
0
0
0
0.01
0.01
0
0.03
0
0
0
0
0.01
0
0
0
0
0
0.02
0
0
0.02
0
0
1.86
0.55
1.75
0.05
0
0
0
0
0
0
0
3.72
0.37
0
0
0.05
0
0
0
0
0
0
0.01
0
21.04
3.68
0.15
0
0.01
0.05
0.55
0
0
0
0
0.47
0
0.22
0.02
12.92
7.02
2.01
1.09
0.98
0.16
0
1.98
0
0
0
0
0
0
0
0
0.01
2.65
0.75
0
0
0.32
5.39
19.52
7.95
3.98
0.14
0
0
0
0
0
0
0
0
0
0
0
0
0
0
0
0.91
1.72
11.49
4.19
0.84
0.27
0
0
0
0
0.54
11.07
2.69
0.61
0
0.62
0.03
8.03
2
1.61
1.02
0
3.17
3.41
3.02
0.88
0
0
0
0
0.01
0
3.8
5.6
4.34
4.25
0.09
0
4.59
10.3
8.6
4.26
0
0
0.06
0.14
0.88
0.48
0
0.16
0.19
0.57
0.99
5.16
18.67
13.61
2.54
0
0
0
0
0.01
0.21
2.35
2.06
0.05
0
0
1.05
2.2
1.2
0.85
9.12
5.72
3.22
0.51
0
0.01
0
0
0
0
0
2.41
0.81
0
0
0
0
0
0.33
2.44
11.35
4.13
2.28
0.39
0
0
0
0
0
0
0
0
0
0
0
0.07
1.66
3.73
5.9
10.8
4.19
0.73
6.74
3.35
0.37
0.55
0
0
0
0
0
0.17
0
0
2.81
4.14
0.1
0.39
0
0.92
0.56
0.02
10.79
1.36
1.3
5.49
7.68
12.35
4.96
0
0.05
0
1.77
0.71
2.73
1.7
3.22
6.4
4.49
0
0
0
0
0
0
4.4
0.48
0
0
0
0
0.14
0
0.05
0
0.02
0
0
0
0
0
1.09
0.53
20.18
4
1.15
0.1
0
0
0
0.16
7.71
2.74
3.33
2.92
2.59
0.16
1.73
0.63
17.89
1.84
0.02
0
0
3.91
2.42
3.32
1.74
0
0
0.27
0.38
0
0.11
1.61
0.34
0.34
0
2.37
6.41
6.77
14.14
9.52
1.04
0
0
0.02
1.94
2.74
10.03
9.79
1.07
0.43
0.21
0
0
0.01
0
0
0
0
0
0
0.11
0.19
0
0.01
0
0
0
0.73
0.02
0.12
0.89
0.25
1.23
0.57
0.12
0
0
0
0
0
0
0
2.63
0
0
0
0
0.02
0
0
0
0
0
0
0
0
0
0
0
0.2
0.79
0
0.3
0.21
0
0
0.02
0
0
0
0.02
0
0
4.96
0.98
0
0
0
0.8
0.26
0
0
0
0
0
0
0
0
0
0
0
0
0
0
0.12
0.62
0
0
0
0
0
0
0
0
0
0
0
0
0
0
0
0
0
0.01
0
0
0
0
0
0
0
0
0
0
0
0
0
0
0
0
0
0
0
0
0
0
0
0
0
0
0
0
0
0
0
2.45
10.42
2.86
5.7
14.36
2.98
0
0
0.05
0
7.79
18.54
19.78
10.52
3.02
0.84
0.04
0.5
0.45
0.36
0
0.05
7.55
2.79
0.01
0.71
0.88
0
1.3
0.32
3.08
0.24
0
0
0
0
0
0
0.09
2.47
3.92
0
0.26
0
0.43
0.01
0
0
0.21
0
0.11
0.54
0.2
0.14
2.77
0.65
0
0
0.11
0
0
0
0
0
0
0
0
0
0
0.18
0.47
0.63
0
0
0.02
0
0
0.1
0.02
0
0
0
0
0.88
1.88
2.66
0.72
0
0
0
0
0
0
0
0
0.01
0.08
0
0
0
0
0
0
0
0.03
0.84
0.27
0
0
0
0
0
0
0
0.61
0.04
0
0
0
0
0
0
0
0
0
0
0
0
0
0
0
1.29
0
0
0
0
0
0
0
0
0
0
0
0
0
0.04
0
0
0
1.56
2.47
0.01
0
0.05
0
0
0
0
0
0
0
0
13.13
6.56
11.88
11.59
5.07
0.41
0
0.19
1.22
1.18
3.58
1.91
2.84
0.59
0
0.09
1.43
3.71
1.42
0.35
0.03
0
0
0
0
2.89
7.2
10.41
6.6
1.89
0
3.17
7.5
0.06
0.15
0.25
0.16
0
0
0
0.06
0.66
0.64
0
0
0.02
0.01
7.18
4.68
0.58
0
0
0
0
0.01
0
0.01
0.02
0
0
0
5.34
0.77
0
0
0
0
0.48
0
0
0
0
0
0
0
0.02
0
3.18
4.53
1.47
0
0
0
0
0
0
0
0
0
0
0
0
0
0
0
0
0
0
0
0
0.02
0.02
0
0
0
0
0
0
0.01
0
0
0
0
0
0.5
0.42
0.65
0.13
0.02
0
0
0
0
0
0
0
0
0.01
0
0
0
0
0
0
0
0
0
0
0
0
0
0
0.01
0
0
0
0.02
0
0
0.03
0.01
0
0
0
0
0
0
1.11
0.04
1.3
0
0.03
0
0
0
0
0
0
0
0
0
0
0
0
3.76
0.45
3.01
5.56
2.4
19.91
0
0.02
0.02
0
0.02
0
0
0
0
0
0
0
2.87
1.54
0
4.7
0.52
0
0.52
6.11
12.91
13.87
12.74
1.15
0.14
9.08
6.45
7.23
3.13
0.22
0
10.95
1.35
0.51
5.25
14.44
11.7
0
0
0.46
14.6
4.27
6.2
1.36
0
0.07
0
0
0
4.96
0
0
0
0.38
0
0
0.02
1.66
9.17
0.59
0
0
0
0
0
0
0
0
0.06
0.17
0
0.01
0
0
0.01
1.02
8.34
1.24
1.42
0.5
0.01
0.18
0.07
0.17
0
0
0
5.16
0.02
0
0.03
0.48
0.08
1.4
0.66
0
0
0
0
0
0.08
0.04
0.03
0.14
0.27
3.01
2.29
0
0.45
4.13
2.86
7.82
8.24
3.57
0.93
8.91
4.09
0.11
0.03
0
4.51
0
0.02
0
0
3.47
1.73
0
0
0.49
0.38
0
0
0
4.79
0
0
0
0
0
0.12
1.43
0.58
1.76
0.33
5.71
8.68
1.55
0
0
0
0
0.6
0.58
0.02
0.1
7.97
3.59
3.65
13.32
13.89
4.42
1.62
4.45
3.24
0.96
0
0.01
1.68
10.95
1.24
8.23
0.63
0
2.2
3.09
3.02
9.88
18.21
7.1
3.89
10.31
1.19
9.48
0
0.41
8.71
9.05
1.09
0
2.61
0.4
0.2
0
0.08
0
0
0
0
0
0
0
0
0
0
0
0
0
0.09
7.34
2.5
7.29
0.27
2.05
2.02
0
0.21
0
0
0
0.09
0
0.51
0.31
0.31
0.11
0.02
0.89
5.34
3.61
10.85
7.41
2.86
0.55
0
0
0.01
0
0
5.07
1.64
0.86
3.03
0.38
0
0
0
0.01
0
1.77
0.41
0.71
0.6
1.08
0
0
0
0.02
0.01
0
0
1.01
1.17
1.36
0.31
0.05
0.04
0
0
0
0
0
0
0
0
0
0.01
0
0
0.01
0
0
0.01
1.77
1.66
3.21
0
0
0.12
0
0
0
0
0.61
3.1
6.98
0
0.03
0
0
0
0
0
0
0
0
0
0
0.02
0
0
0
1.17
0
0
0
0.09
1.65
0.02
0
0.77
3.81
0
0
0
0
0
0
0
0
0
0
1.32
4.74
0.15
0
0
0
0
0
0.02
3.48
0.03
2.06
0
0
0.09
0
0
0
0
0
0
0
0
0
0
0
0
0
0
0
0
0.46
10.97
1.04
1.24
0.32
2.23
4.14
9.28
0.48
0
0
0
0
0
0.02
0
0
0
0
0
0
0
7.43
0
0
18.3
0
2.59
4.21
0
0.09
0
0
0
0
0
0
0.51
0.85
0.06
0
0
0.79
0.07
0
0
0
0
0.02
0
2.29
9.5
3.77
1.41
0
0.17
0
0
0
0
0
0.96
1.01
0.02
0.3
0
0
0
0
0
0.01
0.12
0
0
0.02
0
0
2.38
0
0.02
0
0.04
5.08
12.72
0.29
0
0
0
24.93
8.8
0
8.78
0.4
0
0.13
0.9
6.33
10.94
12.23
8.73
2.22
0.03
0
0
0
0.21
0
5.73
4.22
1.85
5.03
1.91
4.98
6.21
2.09
0.53
4.2
3.73
0
0
0
0
0
5.2
5.43
2.96
1.77
0
0.1
0.91
13.85
2.56
5.68
6.15
4.78
14.69
2.61
8.77
3.32
1.78
1.59
3.38
0.27
0.92
0.16
0
2.04
0.26
0
0
1.57
0.01
0.79
0.59
0.42
9.3
3.57
0.26
0
0.42
0
0
0
0.01
0
0
0
0.03
0
0.01
0
0
0
0.64
2.28
1.86
2.07
0.21
1.07
2.62
1.13
0
0
0
0.21
0.07
1.54
11.33
4.49
1.16
0.22
0
0
0
0.02
0
0.06
4.55
0
0
0.48
0
0
0
1.12
2
10.03
0
0
9.5
0.21
1.1
0.7
0
0
0
0
0
0
0
0
0
0
0
0.22
0.01
0
0
0
0
0
0
0
0.02
1.74
3.33
5.72
1.02
2.08
4.97
1.69
0.07
0.38
2.25
0
0
0.71
0
0
0
0
0
0.59
0
0.04
0.04
0.72
7.15
0.78
0.42
0
0
0
0.07
0
0
0
0.02
0
2.02
9.27
0.33
4.88
0
0
0
0
0
8.69
21.36
0.05
0
9.16
0.15
0
0
0
0
0
0
0
0
0
0
0
0.04
0
0.02
0
0
0
0
0
0
0
0
0
0
0.02
0
0.01
0
0
0
0
0.02
0
0
0
0
0
0
0
0
0
0
0
0
0
0
0
0
0
0
0
0
0
1.68
1.04
0.17
0.34
0
0
0
0
0.13
0.04
0
0
0
0
0
2.73
0.6
0.16
1.6
0.91
1.24
0
10.99
8.28
2.71
5.1
0
0.02
0.59
3.94
0.89
0.84
0.65
0.02
0
0
0
0
0
4.52
18.09
17.72
12.08
11.59
6.88
1.65
1.29
0
0
0
0
0
0.01
0.02
0.02
0
0
0
0
0.02
0
0
0
0
0.49
18.91
8.16
0.9
0
1.8
3.98
0
5.12
10.98
0.25
11.38
6.61
2.08
0.43
0.24
0.03
0
0
0
0
0
0
11.95
4.63
5.91
28.88
9.46
0
1.34
0.59
0.2
0
0
1.78
0.49
0
0
0
0
0
8.22
8.28
0.2
0.25
0.02
0.01
0.02
0
0
0
0
0
0
0.04
0.84
1.53
0
0
0
0
0
0
0
0
0
0
0
0
0
0
0
0
0.15
10.56
0.06
0
1.81
1.46
0
0.53
0.93
0.51
0
0
0.01
0
0.24
0.8
17.57
0.13
0
5.98
4.15
1.24
2.69
0.23
0
0
0
0.02
3.6
2.62
0
1
0.21
0
0
0
0.15
1.43
2.59
0
0.74
0
0.04
0
0.02
0
0
0
0.08
0
0
0
0
0
0
0
0
0
0.01
0.02
0
0
1.29
11.9
2.06
3.31
3.48
5.81
17.08
0
0
0
0
0
0
0.02
0.01
0
0
0
0
0.05
0.26
0
0.67
2.42
0.52
2.04
0.87
0.09
0
1.13
4.13
0.54
0
0
0
0
0
0
0.02
4.07
14.32
1.66
0.13
0
0
0
0.04
0.03
0.05
0
0
0
0
0
0
0
0
0
0
0
0
0
0
0
0
0
0
0
0
0
0
0
0.02
0.48
0.32
0
0
0.02
0.43
0.72
0
0
0.01
0
1.51
12.42
16.01
3.64
1.32
0.76
1.2
0.2
0
0
0
0
0.02
3.83
2.35
2.22
0.01
0
0
0
0
0
0.09
0
0
0.52
0
0
0
0
0
0
0
0
0
0
0
0.05
1.14
0.46
0
0.03
0
1.16
2.23
0
0
0
0
0
0
0
13.14
0.08
0.01
10.43
0.01
0
0.24
0.87
3.95
0.07
0
0
0.07
0.08
0.01
0
0.05
0
0.02
0
0
16.19
0.78
0
0
0
0
0.51
0
0
4.27
3.87
1.75
0.17
0
1.9
0.77
0
1.72
0.04
0
0
0
0.04
0
0
0
14.74
0
0
0
0
0
0
0
0
0
0.06
0
0.44
3.19
3.03
0
0.34
0.05
2.17
6.45
4.26
0
0
0
0.41
0.45
3.06
4.46
0
0.01
0
5.81
4.58
0.22
0.37
0.04
0
0
0.28
0.01
1.04
2.55
0.89
0
0.01
0.01
9.01
21.37
1.75
0.38
0.02
0
0
0
0
0
0
0
0.02
0
0
0
0
0
0
1.08
2.26
0
0
0.63
0.47
0
0.14
0
0
0
0
0
0
0
0
0
0
0
0
0
0
0
0.61
0.03
0.01
0
0
0
0
0
0
0
0
0
0
0
0
1.65
0.73
0.88
1.34
5.27
0.02
13.45
22.54
1.07
1.82
1.1
4.71
3.93
17.14
0.73
0
0.25
3.89
0.03
0.02
0
0.16
0.07
0
0.32
0.11
0.01
0
0.01
0.06
0.02
3.43
0.17
0.03
0
0
0
0
0
0
10.73
1.94
0.02
2.2
5.02
3.18
22.05
11.8
4.78
0.67
0
0.85
2.14
0.37
0
0.04
0.01
0
2.63
0.32
12.71
7.31
1.72
0.44
0
0
0
3.71
0.76
2.55
4.34
0.17
2.03
0
0
0
0.02
0.02
0.02
0
0
19.04
9.83
2.16
6.77
0
0
0
0
1.83
0.14
0
0.01
0.48
0.48
0.02
0
4.68
29.72
0
0.09
0.03
0.02
0.16
6.27
7.94
10.98
2.16
0
0.28
6.8
0
0
7.6
6.79
1.81
0.81
5.01
0.47
0
0
0
0
1.85
0.67
0
0
0
0
0.3
6.46
15.95
20.45
7.09
8.93
4.53
3.7
3.55
0
0
0
0
0.1
0.02
0
0.34
1.53
0.82
0
0
0
0.02
0.43
1.08
0.73
0
0
0
0.58
1.51
0
0
0
0
0.3
0
0
0
0
0.2
2.24
1.47
0
0
0
0
0
0
0
0
0
0.66
0
0
8.51
0.22
0.01
0
0
0
1.41
10.33
2.22
0
0
0
0.01
0
0
0
0
0
0
0
0
0.13
0
0
0
0
0
0
0
0
0.18
0
0
0
0
0
0
0
0
0.01
0.01
0.53
0.04
0
0
0
0
0.04
0
0
0
0
0.01
0
0
0
0
0
0.04
0
0
0.02
0
0.21
1.47
0
0
0
0
0
0
0.02
0
0
0
0.39
10.01
9.62
0
0
0
0
0
0
0
0.01
0
0.05
0.21
0.01
0
0
0
0
0
0
0
0
0
0
0
0
0.01
0
2.88
10.12
3.35
0.25
0
0
4.84
0.39
2.29
3.37
3.88
9.55
12.67
3.86
0.13
0
0
0
0
0
0
0
0
2.44
10.3
18.15
3.16
0
1.19
0.11
0.01
0
0.05
0
0
0
0
0
0
0.68
20.06
5.54
8.83
8.98
1.43
2.75
4.95
0.7
0
0.34
0
0
0.01
1.96
2.05
0.3
0.17
0.06
0.01
0
0
0.03
0.18
0
0
0.13
1.15
0
0
0
0
0.04
0.05
0.05
0
0.05
0.01
0
0
0
0
0
0
0.01
0
0
0
0
0
0.01
0.23
0.37
0.11
0.02
0
0
0
0
0.01
0
0
0
0.11
0
0
0.01
0.01
2.34
10.33
1.2
1.49
1.4
0.07
3.92
8.25
8.82
6.66
1.8
0
1.35
0.54
0
0.41
1.38
2.88
2.87
0.25
0
0
0
0.02
0
0
0
0
0.89
0
0
0.01
0.04
0
0.63
0
10.91
0.38
0.04
0
0.64
0
0
0
0
1.73
0.6
0
0
0
0
0
0
0
0.02
6.97
2.25
0.38
6.3
2.96
2.71
0
0.01
0
1.44
0
0
0
0
0
0
0
0
0
0
0
0
0
0
0
0
0
0
0.17
0.56
0
0
0.13
2.27
4.77
0
2.45
0.85
2.32
4.45
0.15
0
0.02
0.38
3.25
0.37
0.28
0
0
11.23
12.93
3.23
0
0
0
0
4.38
12.2
0.05
0
0.01
0
0
0
0
0
0
0.12
0.45
1.99
0
6.02
6.59
2.34
16.33
0
0
0.91
0.01
0
0
0
0
0
0
9.3
0.85
0.13
0
12.18
0
0
0
0
0.02
11.7
0
1.95
11.24
0
0
0
0
0
0
4.36
7.26
14.67
0.16
0.09
0
0
0
0
0
0.01
0
0
0
0
0.01
0
0
0.02
0
0
0
0
0
0
0
0
0.02
0.16
0
0
0
0
0
0
0
0
0
0
0
0
0
0
0
0
0
0
0
0.01
0
0
0
0.68
2.01
9.05
7.98
0
0
0.05
0
0
0
0
0.04
0.01
0.14
0.75
0
0
0
0.01
0.01
0
0.89
0
0
0
0
0.55
9.45
0
0
0
0
0
0.01
0
0
0
0
0.1
0.01
0
0
0
0
0
0
0
0
0
0
0.71
0.41
4.61
17
0
0
0.38
0
0
0
0
0
0
0
0
0
0
0
0.01
0.34
4.42
0.48
0
0.13
0.09
0
0
0
0
0
0
0
0
0.01
0.02
0
0
0
0
0.08
0.07
0
0
0
1.38
0.08
0
0
0.08
0
0
0
0
0
0.76
0.21
13.13
5.93
0.14
0.2
2.14
2.51
0
0
0.02
0
0
0
0.01
0.01
0
2.43
9.68
0.48
0
1.18
0
0.77
0.05
0
0.02
0.02
6.49
17.87
7.57
1.2
1.02
2.79
0.65
0
4.46
0.79
0
0
0.02
0
0
0
0
0.09
0
0
12.39
4.39
0
0.08
0.02
0
0
0.49
0.25
3.29
6.11
4.89
1.84
1.32
0.71
1.64
0.18
1.2
0.54
0.25
0
0.02
0
0
0
1.14
0
0
0
0
0
0
0
14.96
16.31
17.08
9.5
8.15
7.16
2.06
2.73
1.07
1.3
11.34
16.6
3.16
1.98
1.49
27.68
0.97
2.95
12.89
0.98
7.82
0.12
0
0.14
8.6
0.75
0.41
0.05
0
0.01
1.75
3.2
0
0.03
1.3
1.14
3.28
0.45
13.55
9.14
7.11
10.41
14.3
11.21
8.21
1.52
0
9.69
1.98
0.01
0.14
0
0
0
0
0.34
0.2
0.03
0
0.27
1.27
7.39
1.16
0.34
0
0
0
0.32
1.34
0.98
1.53
0
0
0.03
0
0
0
0
0.14
3.77
3.21
8.77
7.76
5.52
3.82
0
0.25
2.2
0.66
7.64
4.99
11.77
4.2
2.22
8.6
18.23
3
0.66
8.51
4.12
0.92
4.75
8.78
2.11
0.09
0.28
0
0
0
0
0
0
0
0
0
0
0
0
0.14
1.48
1.48
2.85
2.66
2.7
0
0
0
0
0
0.02
0
0
0.02
0
0.49
0
0.02
0
0.6
1.95
0
0.03
0
0.25
0.75
1.54
0
0
0.01
0.03
0
0
0
0
0
0
0
0
0
0
0.18
0
0.22
0.01
0
0.07
4.1
0
0.02
3.8
5.61
0.31
0.02
0.01
0
0.47
1.07
1.83
0.95
1.73
0
0
0
0.02
0.25
0.01
0
3.07
0.1
0.01
0.13
0.72
11.52
0.16
0
0
16.94
2.75
0
0.02
1.44
0.4
7.56
0
0
0
0
0
0
0
0.05
0.7
0
0
0
0
0
0.02
0
0
0.01
0
0
0
0
0.21
0.85
0.02
1.64
2.45
0.05
0
0.36
16.39
9.3
1.36
0.75
0.05
0
0
0
3.15
3.55
0
1.42
7.79
15.08
0.29
0.28
0.02
5.07
7.15
2.17
0.66
5.78
1.08
2.63
1.71
0.04
0
0
3.32
0.66
0.7
4.39
3.56
8.9
4.77
3.18
3.14
1.4
8.58
5.21
0
0
1.99
0.51
0
0
0
0
0
0
0
0.09
0
0
0
4.02
8.68
0.33
2.91
2.79
0.17
1.72
0.18
0
0.02
0
0.02
0
0
0
0
0
0
0
0
0
0
0
0
0
0
0
0
0
0
0
0
0
0
0
0
0
0
8.56
0.81
0
0
0
0
0
0
0
0.3
1.12
5.69
8.59
6.44
0
0.02
0
0
0
0
0
0
0
0.02
0
0
0
0
0
0
0
0
0
0
0
0
0
0
0
0
0
0.01
0
0
0
0
12.48
0
1.02
0
0
0
0
0
0
0
0
0
0
0
0
0
0.01
0.01
0
0
0
0
0
0
0
6.75
6.75
5.97
0.19
1.58
9.52
8.48
2.78
6.7
3.05
2.4
0
0
0
0
0
0.01
11.06
21.16
16.06
1.8
0.5
0.59
6.86
28.34
1.38
0.06
0
0
0
0.05
0
0.16
0.05
0
0
0
0.1
0
0.27
1.09
0
0
0
0
0
0.08
1.58
0.06
0
0
0
0
0
0
0
0
0
0
0.01
0
0
0.05
0
0
0.31
0.82
1.42
1.16
0
0
0.03
0.13
0.2
0.16
0
0
0
0
0
0.01
0.05
0
0
0
0
0.02
0
0.05
0
0
0
1.73
3.83
0.27
0
0
0
0
0.94
2.92
0
0.14
0.05
0.25
0.01
0.08
0.98
0.91
0
0
0
0
0
0
0.01
0.89
1.27
0
0
0
0
0
0
0
0
0
0
0
0
0
0.06
0
0
0
0
0
0
0
0
0
1.12
0
3.09
5.24
0
0
0
2.33
1.47
0
1.06
0.91
0.11
0.52
0.27
0.05
0
0
0
0.04
0
0
0
0.31
0.12
0.91
3.17
25.91
3.14
2.62
0.2
1.68
0.94
0.62
0.53
0
0
0
0.01
0
0
0
0.04
0
0
0
0
0
0
0
0
0
0
0
1.44
0.31
4.91
0.16
0.5
1.16
2.78
9.5
6.09
0.81
7.81
5.34
0.38
0
0
0
0
0.02
0.08
0
1.17
2.73
2.45
8.22
3.06
1.31
0
0.12
0.02
0.69
1.13
5.47
4.98
4.94
1.3
0.22
3.02
0
0.06
2
1.84
9.72
5.59
2
0.45
2.44
0.56
1.2
3.88
6.69
0
0
1.31
0.41
0
0
0
2.84
0.36
0.06
0.47
4.41
0.08
0.14
1.59
0
1.23
0.28
29.94
16.19
8.78
2.96
0.06
0
0.04
0
0
0
0.01
0
0
0
0
0
0
0
0
0
0
0
0.15
0
0
0
0
0
0
0.08
4.39
0.12
0
5.06
1.81
2.31
1.66
7.59
0
0.33
0.8
0.03
0.73
1.52
0
0.21
0
0
0
0
0
0.22
0
0
0.05
0.04
0
0
0.01
0.03
0
0
0
0
0
0
0
0
0
0
0
0
0.21
16
2.27
0.69
0
3.58
0.39
0
0
0
0
0
0
0
0
28.39
21.84
2.59
0.03
0.04
0
4.28
2.42
3.03
0.64
0.54
1.31
0.5
0.02
0.64
4.5
26.88
4.88
0.09
0
0
0.31
10.02
5.41
1.27
5.71
4.73
0.76
0.17
0
4.12
6.48
4.89
7.39
11.3
5.78
0.47
5.47
0
0
3.7
10.02
2.71
1.26
0.22
0.02
0
0
0
0
0.27
0
0
0.03
2.99
1.02
2.34
0
20.95
0.62
3.81
11.98
0
0
0
0.01
0
0
0
0.11
0
5.7
3.83
1.04
0
0
0
5.32
0.09
0.09
10.44
9.14
1.14
0
8.48
0
0
0
1.44
0.88
0.05
0
0
0.58
0
0
0.03
0
0
0
0
1.11
1.19
0
0
0
0.01
0.09
0
0
0
0
0
0
0.03
1.18
13.77
0.01
0.44
3.62
0
0
0
0
0
0
0
0
0.2
0
0.19
0
0
0
0
0
0
0.66
0
0
0
0
0
0
0
0.28
0.16
0
1.41
22.77
0.09
0
0
0
0
0
0
0
0
0.01
0
0
0
0
0
0
0
0
0
0
0
0
0
0
0
0.09
0
0
0
0
0
0
0
0.38
0
0.36
5.62
11.66
0.62
0.3
0
0.11
6.34
8.55
0
0.12
0
0
0
0.02
0.12
18.25
0.05
0.76
0
0
0
0
0
0
0
0
0
0
0
0.01
0
0
1.25
9.19
4.91
0.44
2.39
0.06
9.75
0.05
0.06
0.05
0
0
0
0
0
3.88
0
10.12
14.23
2.88
1.62
0.06
0.32
0
0
0.02
0.72
0.62
0
0.02
0.03
0
0
0.02
0.01
0
0
0
0
0.31
0.19
0
0
0.02
1.66
3.39
1.73
0
4.09
5.95
0.88
2.48
6.09
3
0.03
0.28
1.38
1.5
0.14
0
0.03
4.34
0.12
0.16
0.05
0.21
0.97
0.17
0.01
5.19
2.25
0.14
0.03
2.16
3.64
1.38
0.95
0.3
0.02
0
0.16
16.16
7.72
1.34
0.31
0.14
0.01
0.01
0
0
0
0
0
6.97
9.59
2.63
14.59
1.14
9.12
0.34
0.62
1.17
4.23
2.59
0.11
0.16
0.28
0.16
0
9.12
9.53
12.91
11.05
23.94
0.09
5.5
2.64
0.02
0
0
0
0
0
0
0
13.52
1.25
0
0
0
0
0
0
2.31
0
0
1.38
0.12
0.06
11.69
4.38
0.07
0.02
0
0
0
0
0
0
0
0
3.83
0
0.01
0
0
0
0
0
0
0
0
0
0
0.79
2.88
0.59
0
0
0
0
1.95
5.27
14.03
7.05
0
1.1
2.62
2.04
0.02
0
0
0.14
9.98
6.58
5.97
1.55
4.35
1.53
4
2.75
10.7
4.88
0.91
1.26
1.27
2.95
1.09
0.01
0
0
0.95
8.88
1.27
0.27
0
0
0.14
0
0
0
0
0
0
0
0
4.44
0.51
0
0
0.77
0.4
0
0
9.54
6.29
4.21
5.88
9.84
5.64
0.45
0.02
0
0
0
21.45
4.34
0.01
1.95
0
7.8
3.34
10.39
4.12
0.38
0.01
0
0
0
0
0.03
0.02
0
0
0
0
0
0
0
0
2.36
0.47
0
0
0
0.03
0
0
0
0
0
0
0
0
0.03
0
0
0
0
1.17
0.08
0
0
0
0
6.83
0
0.18
0
0
0
0
0
0
0
0
2.43
0.01
0
1.57
0
0.01
0.08
3.97
0
0
0
0.21
2.72
0.22
0.32
0
0
0.01
0.97
0.19
24.94
36.25
1.4
0
0
0
0.01
0
0
1.88
0
0
0
2.53
29.31
4.03
1.58
0
0
0
0.02
0.16
0
0
20.7
0
0
0
0
0
0
0
0
9.45
0.06
0
0.01
0
0
0
0
0
0
0
0.01
0
0.79
0.38
0
0
0
0
0
0
0
0
0
0
0
42.06
12
25.16
3.08
10.11
0.78
0.14
0.02
0
0
0
0
0
0
0
0
0
0
0
0
0
0.05
0.28
4.36
18.53
0
0.38
1.94
0.47
3.17
0
0.02
0.95
4.2
0.36
0.02
0.38
1.11
0
7.09
0
0
0
0.01
0
0
0.02
0
0
0
0
0
0
0
0
1.81
3.84
5.58
12.12
0.53
0.01
0.01
0
0
0
0
0
7.73
4.23
0.4
0
0
0
0
0
0
0
0
0
0
0
0
0
0
0
0
0
0
0
0
0
0
0
0
0
0
0
0
0
0
0
0
0
0
0
0
0.48
2.38
0.84
0
0
0
0.09
1.3
0.05
0
0
0
0.21
0.59
0.54
0
0
0
0
8.16
0.66
0.11
1.56
4.53
0.09
0
0.23
18.53
14.81
4.69
3.31
0.89
0
0
0.03
0.47
0.44
3.62
1.97
0.19
1.66
2.36
1
0.75
0
1.45
6.41
0.97
0.37
0.4
0
0
0
0
0
0
0.91
0
2.95
3.38
0.06
0
0
0
0.01
0
10.2
7.19
0
17.66
1.77
0.83
0
5.41
4.31
2.23
0.07
1.21
2.16
4.86
1.03
0
0
0
0
0
0
0
0
0
0
4.66
0.8
0
0
0.01
0
0
0
0.02
0
0.98
0.88
0
0
0
0
0
0
0
1.15
0.87
0
0
0
0
0
0
0
0
0
0
0
1.87
0.98
0.33
0.12
0
0
0.73
0.31
0
0.02
0
0
2.03
0
0
0.01
0
0.01
0.09
0
0.08
3.02
0
0
0
0
1.1
0
0
0
0.26
0
0
0
0
0.07
0
0
0
0
0
0
0
0
0
1.22
1.06
0.09
0.12
0.05
0.26
0
0
0
0
0.02
0
0
0
0.33
0
0
0
4.91
0.44
0
0
0
0.02
0
0.14
0
1.5
5.49
0.1
0.48
0.02
0
0
0
0
0
0
0
0.27
0.01
0
0
1.76
4.67
14.42
0.61
0
0.03
0
4.12
9.61
8.06
0
0
0
0.03
2.31
0.18
0.05
0
2.11
0.37
0
0
0
0
0
0
0
0
0
13.05
2.25
1.38
0
0
0
1.22
0.14
0.72
8.78
6.19
6.03
0.84
3.38
0.45
0
0
0.03
0
0
0.56
2.35
0.2
0.25
1.24
0.59
0
0.02
0
2.69
3.61
0.91
0.06
0
0
1.41
3.17
4.62
3.72
4
0.41
2.48
7.36
6.94
2.22
6.67
1.47
0.02
4.59
0.56
0
0
0
0
0.26
3.12
1.75
0.49
1.84
11.78
13.31
9.91
4.67
21.66
24.81
13.92
5.42
4.02
2.08
0.58
0
5.45
0.77
0.58
0.16
0
0
0
0
0
0.5
0.1
0
