19510101
21.56
9.29
0.46
0.02
0.01
0
0.01
0
9.67
2.75
1.82
6.04
5.04
0.49
0.04
0.09
0
1.13
0.04
0
0
0.04
3.05
7.89
5.79
4.39
7.24
9.36
0.2
0.23
0.05
0.08
0.03
2.55
25.89
1.16
9.13
0.71
5.83
7.49
9.47
7.17
9.6
1.83
5.78
2.21
0
1.92
3.02
0
6.18
0.25
4.92
10.95
0.22
0.19
0.1
0
0.07
0.3
0.93
1.7
0.94
1.82
2
5.04
2.53
2.16
28.63
2.26
22.88
11.79
6.45
2.51
2.17
1.93
0.72
0.02
0.02
0.01
0
0
0.03
0
0
0
0.37
0
0.02
0.03
0
0
0
0.01
0.16
0
0.43
0
0
9.93
0.66
0
0
0
0
0
3.42
2.52
3.44
2.3
0.41
0.27
3.91
6.11
11.72
4.77
6.92
3.43
2.57
26.88
4.58
5.1
0
1.3
5.78
4.75
5.16
3.2
0.35
1.47
1.62
0
0.01
0
0
0
0
6.09
1.37
1.38
0.02
0.02
0.02
0
0.13
8.52
0.07
0.69
4.73
4.71
0
0
0.02
8.95
6.81
6.91
0
7.08
0
0
0
0.06
0
0
0
6.08
0.38
2
0
0.3
0.02
0
0.42
0
0
0.01
1.07
0
0.02
0.13
0
2.77
0.26
0.16
0.1
0.45
0.7
1.29
2.3
0
0
0
0
0
0.01
0.14
0.04
0
0
0
0
0
0
0
0
0
0
0.66
0.83
0
9.83
10.97
6.34
10.62
0
0
0
0
0
0.01
0
0
0
0
0
0.04
0
0
0.02
0
0
0
0
0
1.98
9.26
0.18
0.36
0
0
0
0
0.35
0
0
0
0
0
8.45
10.79
1.93
2.06
0.41
16.72
13.01
1.37
0
0
0
0.02
0
0
0
0
2.67
33.91
0
0
0.02
0
0
0
0
10.01
20.74
0.87
0.31
0.07
0
0.06
0.16
2.95
0
0
4.24
0.77
1.39
0.15
0.01
0
0.13
1.7
1.94
1.31
0.79
0
0.06
0.06
0.33
0.91
1.44
0.52
3.74
0
0.01
0.48
0
0.52
2.84
19.85
17.8
18.25
25.05
7.02
3.29
10.17
2.34
0.02
0.59
0
1.49
23.19
7.79
1.21
0.13
0.04
0
0.02
0
0
1.14
0
0.39
0.12
0
0
1.02
1.42
0
0.45
0.52
0.81
0.41
0
0.24
3.04
0.27
0.04
0.66
0.55
0
0
1.17
3.21
2.04
0
2.22
0.49
3.04
0
3.53
1.38
0
0
0
0
0.01
0.02
0
0.12
2.37
0
0.01
0
0
0
4.04
0.43
0
0
1.62
0
0.66
0.09
2.82
1.91
1.6
6.77
3.34
4.11
14.35
3.88
2.13
2.78
1.11
0.96
0.13
1.04
0
0.01
0
0
0.01
0
0.83
0
0.87
8.42
6.74
2.86
0.89
0.02
0.53
0.51
0.03
0.01
0.02
0.01
0
0.27
0.68
2.02
0
0
0.02
0.03
0.04
0.35
0.04
0.02
0
0
1.86
3
0.75
4.32
4.2
0
1.28
0
6.34
1.98
1.47
0.21
0
0
0.04
0.58
0.02
0
3.11
10.15
15.73
15
4.79
9.66
6.11
0.52
0.48
0.08
1.27
0.02
0
0.03
1.19
13.15
15.54
4.2
18.56
1.08
0
0
0
0.92
0.02
0.01
0.24
0
0
0
0
0.91
0.35
0.13
0.56
5.24
4.06
1.52
25.14
8.91
5.31
0
0.02
0.07
0
0.74
0.94
0
0
1.84
0.15
0
1.61
6.83
2.52
2.46
2.81
11.29
6.61
2.79
0
0
2.25
0.57
0.04
2.43
0
0
0
0.65
0.95
1.15
0.35
0
0.3
0.46
1.38
0.16
0
0.01
0
0.65
0
0.97
0
0
1.49
0.13
0.01
0.04
0
1.37
16.02
0.64
0
0
0.02
1.02
2.5
6.93
11.49
13.04
0
0.01
0
0.03
0.02
0
0.1
2.7
0.92
0.99
0
0
0.02
0
4.3
0
6.91
0.32
0.42
1.77
5.55
5.82
2.18
12.6
0.95
3.2
0
0.02
0
0.73
0.01
0
0
0
0.19
0
0
0
0
0
0
0
0.77
0.58
0.01
0
0
0.69
1.67
0
0.02
0.02
5.44
23.06
2.75
0.52
0.01
0.02
0.05
0
0.18
0.05
7.68
0
0
1.28
0
0
0
0.25
0
6.77
3.44
0.15
0.11
0
0
0
0
0
0
0
9.04
1.49
0.02
0
0.11
0.28
0
0.01
0.02
0.02
6.39
0
0
0.05
0.62
1.71
2.93
0
0.41
0.71
0
0
2.63
8.29
2.56
0.3
1.69
0
0.55
8.09
2.38
0.01
2.77
0.64
0
0
0
0.49
0.01
0
0.02
0.11
0.06
0.04
0.01
0
0
0
0.06
1.29
0.73
0.66
2.01
6.27
1.59
1.87
0.27
0.57
0.21
2.35
2.7
1.22
2.2
1.83
5.36
13.56
4.49
8.86
0.65
0.1
0
0
0
0
0.99
0
0
1.02
7.36
2.83
0.35
1.5
4.63
2.05
0.26
0
0
0.67
0
0.75
0.58
1.53
3.12
3.15
3.77
0.57
0.65
1.91
2.48
1.52
0
0.86
0.25
0.28
0.42
0.07
0.55
1.26
0.02
0.02
0.02
0.02
0.01
0.11
0
0.01
0.01
0.01
0.02
0
0.02
0.04
0.02
0.01
0.01
0.01
0
0.02
0
0
0
0.98
15.17
8.24
0
0.05
0
10.07
1.5
0.45
1.34
1.34
0.09
0
0.01
0.11
0.01
0
0
0
0.01
0
0
0
0
0
0.02
0
0
0
0
0
0.01
0
0
0
0
0
0
1.29
0.25
0.01
0.03
2.53
3.36
1.35
0.53
0.07
0.01
0
0
0
0.03
0.43
0.63
0
0
0
7.73
1.55
0.51
0.01
0.2
0.48
11.01
1.35
0.26
0
1.7
0.16
0.02
0
0
1.54
20.33
22.95
6.21
0.89
8.46
0.89
5.76
0.51
12.32
1.17
0
0
0.22
0.02
0.09
0.1
0.01
0
0
0
0
0
0.2
0.23
0.81
10.75
0.95
0
0.69
0.05
0.41
0.06
0
0
0
0
0.72
0.04
0.65
0.02
0
0
0
0
0
0
0.18
0
6.7
17.52
2.66
0.26
0.03
0
0
0
0
0
0
0.98
2.05
0.74
14.52
1.28
0.33
0.17
0.02
0.27
2.67
21.13
6.57
13.19
7.13
0.64
0.14
1.5
4.13
6.23
0
0.13
0.01
0
0
0
0.04
0.04
0
0
1.71
0
0
0
0
0
0
0
0
0
0
0
0
0
0.02
0
0
1.05
0
0
0
0
0
0
0
0
0
0
0.21
3.8
3.96
0.18
0.02
0
0
0
0
0
0
0.09
4.33
0.05
0
0.01
0.01
0
0
0
0
0
0.4
0.18
0.02
11.57
1.51
0.04
0.78
0
0
0
0
0
0.04
0
0
0.04
0.01
0.02
0
0
0
0.04
4.55
15.84
2.3
0.3
0.02
0
0
1.02
3.52
2.64
0.02
0.34
0
0
0
0
11.96
12.68
18.26
14.56
7.8
0.11
0
0.46
0.83
0.1
0
0.54
0.56
0.82
2.38
1.48
2.24
0.08
0
0.02
0.32
3.84
0.16
0
0.02
0
0
0
0
0
0
0
0.01
0.02
0.01
0
0
0
0
0.01
0
0
0
0
0
0
0
4.14
0.17
0
0
0.76
0
2.4
7.62
2.3
0
15.45
4.6
0.6
0
0
0.01
1.55
2.39
1.64
0
2.87
2.81
1.56
0
0.01
0.02
0
0.04
0
0.01
0.05
0.23
0.03
0
0.27
0.31
0
0.19
0.69
0.59
0.53
0.2
0.16
0.02
0.26
0
0.02
0
0.06
0.04
0
0.01
0.33
0.02
0.02
0
0.32
0.01
0
0.02
0.36
0
3.48
6.42
1.89
0.45
0.06
0.28
0.95
0.66
0.37
0.58
0.5
0.89
1.46
12.94
1.31
1.04
3.94
4.89
1.17
0.09
0
0.09
0.1
0
0
0.02
0
0.48
0.25
0
0.01
0.76
0.09
0
0.99
4.3
0.53
0
5.33
10.29
4.41
0.07
6.07
8.8
9.43
4.07
0.01
4.27
2.43
2.34
3.75
0
0.09
3.71
5.74
0.18
1.95
0.12
0
0.01
0
3.36
4.36
0.47
0
0
0.03
0.02
0
0.16
0.14
0.04
1.95
0.56
0.2
0.79
0
0
0
0
0
0
0
0
0.02
0
0
3.11
17.18
6.73
0
2.15
0.27
5.99
2.72
0.11
0
0
0
0
3.04
2.36
0
0
11.19
7.43
21.3
18.28
1.75
0
0.02
0
0
0
0.01
0
0
0.03
0.3
0
0
1.13
5.19
11.12
16.09
33.6
10.1
4.48
0
0
0.01
1.46
0.28
0
0
0
0
0
0
0
0
0
0
0.73
0.68
3.89
0.35
1.47
0
0
0
0
0
0
0
0
0
0
0
0
0
0.21
0.03
0.08
0.86
0.02
0
0
0
0.94
0
0
0
0
0
2.16
0
0
0
0
0
0
0
0
0
0
0
0
0
0
0
0
0
0
0
0
0
0.89
2.03
0.4
0.02
0
0
0.76
0
2.59
0.43
0
0
0
0
0
0
0
0
0
0
0
0.04
0
0
0
0
0
0.01
0
0
0.04
0.23
2.57
1.23
0
0
0
0
0
0.01
0
0
0.11
0
0
0
0
0
0
0
0
0
0
0
0
0
0
0
0
0
0
0
0.02
0.01
0.73
0.01
0.48
0.16
1.52
0
1.21
0
0.38
0.01
0
0
0.01
0.46
0.04
0
0.78
0
0.05
0
1.45
2.79
6.98
8.82
0.17
0
0
0
0
0
0
0
0
0
0
0.07
0
2.23
7.41
1.77
0.46
3.57
13.41
4.57
10.78
14.27
3.59
0.11
0.01
0.09
0
0.02
1
11.48
3.76
0
0.42
0.6
0
0
0
0
0
0
0.01
0
0
0
0
0
0
0
0
0
0
0
0
0.43
8.09
15.54
8.52
8.23
5.77
4.09
1.99
9
1.53
0.37
1.51
0.62
1.77
4.69
1.41
10.99
10.81
6.29
3
2.64
3.87
2.01
0.2
0
0
1.24
0.18
0.81
5.62
9
5.34
18.3
4.44
0
0
1.52
0.03
1.8
0
0
0.08
1.07
4.83
3.43
9.84
25.81
12.91
6.19
7.46
2.98
2.04
8.96
4.61
3.57
4.66
3.43
1.01
0
0.1
0
0
0
0
0.02
0.19
0
1.6
1.23
0.42
0.3
0.88
0.2
0
0
1.8
0
1.15
10.84
8.13
4.46
0
0
0.14
0
0
0
0
4.94
0.15
0.01
0
0
0
1.02
0
0.73
0.48
0
0.82
0
0
0
0
0.61
0.04
0.39
2.09
0
11.29
4.51
2.59
16.4
7.75
5.68
0.94
0.26
0
1.63
0.12
0
6.64
0.81
0
0.02
3.13
0.05
0.01
0
0
1.1
0.8
0.37
0.03
0
0.04
0.33
0.08
0.29
0
1.38
2.21
3.16
7.26
5.3
0.66
0
0.01
0
0.77
21.53
4.44
0.64
0.95
0.18
7.88
5.11
1.78
11.64
0.48
0
0.02
0
0.01
0
0.29
3.61
7.12
9.56
5.24
0.4
0.01
0
0
16.95
0.68
0.52
1.04
0.02
0
0.25
0
0
0
0
0
0
0
0
0
0.02
0.02
0.36
0
0
0
0.05
0.28
0
0
4.55
6.37
0
0
3.34
0
0
1.95
0
0
3.97
0
0.01
0.04
0.2
0
5.16
11.29
0
0.02
0.36
0.55
1.41
0.99
0
7.51
0
0.78
0
0
0.88
6.69
0
0.21
0.16
1.41
0.29
5.29
6.9
1.94
3.6
0.62
1.34
0
0
1.78
0.02
0
1.01
0.57
3.05
0.46
0.07
0.38
0.99
0.01
0
0.05
0
3.95
13.4
11.23
0.07
0
2.91
0.14
0.45
0
0.76
0.33
0.2
0
0
0.16
4.7
5.74
2.62
0.57
0.96
0
0
0
0.01
0.59
0.69
0
0
1.86
0.36
0.88
2.8
0.16
15.55
2.26
0.02
1.45
1.04
0
0
0.18
8.71
21.77
23.14
4.99
1.27
0.91
5.39
20.49
0.62
0
1.69
3.1
0.07
0.29
5.5
5.17
0.19
0.13
0.23
0.03
1.44
0.01
0.09
0.02
1.08
3.34
15.85
0.59
0.48
0
0
0.34
5.67
10.98
7.4
0
1.26
0.02
0
1
0.02
0.02
0
0
1.25
4.55
6.68
22.61
23.44
23.16
6.21
3.89
6.38
10.41
6.91
0.96
0.28
0.93
0
0
0.8
0
0.23
1
0.52
0.15
0.42
0.6
0.02
0.01
0.39
0.68
1.5
4.94
0
1.83
14.87
4.99
5.01
5.52
7.49
1.55
7.98
1.51
2
1.02
0.34
2.75
0.25
0
0
1.38
0
0
5.79
1.21
0
0.36
0.48
0.61
1
0
0
0.03
0
0.05
0.01
0.38
0.08
0
0
0
2.94
0.55
0.38
1.26
0.16
1.26
6.39
2.64
1.86
0.17
0
0
0
0
0.02
0.01
0.85
0
0
0
0.59
0.9
0
0.02
0
0.01
0.72
0.05
0
0
12.59
10.05
9.36
5.09
10.39
34.32
10.62
7.91
3.41
13.09
25.31
18.55
14.31
6.34
0.51
0.62
0.38
0
0
0.59
0
0.33
1.36
0.8
0.94
0.2
7.08
10.52
9.24
2.54
2.39
0.47
1.38
4.02
6.98
6.52
7.77
3.73
0.78
7.65
5.9
5.63
2.57
0.45
0
0
0.01
0.8
0
0
0
1
0.01
0.01
0.01
1.2
0
0
0
0.89
0
2.63
0.86
13.7
18.48
10.38
3.37
4.84
35.55
27.4
7.17
0.02
0.02
0.2
0
0
0.01
0
0
0.09
0
0.59
0
0
5.32
0
0
0.08
0.49
0.01
0
1.96
0
0
0
0
0
17
17.41
9.47
1.13
1.98
3.83
2.63
0
0.03
0
0
0
0
0.36
0
0.01
0.01
0.01
0
0
0.14
0
0
0
0
0
0
0
2.95
0
0
0
0
0
0
0
0
6.13
5.72
2.39
0.04
0
0
0
15.95
11.52
1.41
0
0
0
0.03
0.01
0.01
0
0.28
0
0
0
0
0.01
0
0.03
0
0
0
0.12
0
0
0
0
0.01
0
0.17
0
0
0
0
0
0
0
0.01
0
0
0
0.34
8.48
4.66
1.5
0.62
6.57
11.64
0
22.6
19.36
3.91
0.22
0.01
0
0
0
0.91
0
0.39
0.39
1.1
0.04
0
0.03
3.02
2.77
1.47
0
2.55
2.27
5.59
1.13
0.34
0
0
1.11
0
6.7
0.04
0
1.27
0
0
0
0.57
0
10.81
1.69
0
0
0
0
0.37
1.85
6.43
1.24
0
0.45
0.94
0.13
0.22
0
0.59
1.25
0
0.63
3.18
1.35
0.11
2.23
0
0
0
0
0.43
0
0.04
0.01
0
0
0.85
0
0.01
0
0
0
0
0
0.01
0
0.02
1.5
0.02
0.02
0
0.01
0
0.27
0.22
0.67
0
1.88
0.56
0.73
5.78
7.61
9
4.45
2.76
0.34
0.01
0.01
0
0
0
0.41
0.46
0.2
0
1.15
0
0.3
0
0
0
0.57
1.04
0.87
0
0
2
4.59
1.49
0.82
0
0
0.42
0
0
0
0.39
0.29
1.89
1.19
0.71
1.05
1.51
0.95
0
0
0.04
0
8.41
6.74
14.34
13.63
1.64
0
2.26
0.36
0
0
0.11
0
0
0
0.25
0
0
0
0
2.72
4.29
0.03
2.43
0
0.46
0.27
0.29
0
0.03
0
0
0
0
0
0.44
1.26
3.57
2.86
2.39
4.85
0
0
1.44
0.2
1.38
5.39
0
0.94
0
0
0.02
1.51
0.55
0.02
0
1.02
0.69
0
0
0
1.02
1.44
7.89
0
0.01
0.21
0
0.13
0
1.66
1.29
10.4
4.73
3.51
7
2.08
5.45
3.6
0.25
14.45
2.6
0
1.72
10.91
12.59
5.4
0
0.14
0.16
0.28
0
0
0.92
0
0
0.55
0
0
0
0.29
2.84
1.66
11.16
4.22
11.47
1.05
3.38
2.51
3.91
2.16
0.61
0
0.1
0.01
0
17.09
13.83
0.5
0
0.09
8.05
1.87
1.83
6.13
7.72
6
2.93
0.5
0.73
12.35
3.35
0
0
0
0
0
0.06
0
0.01
0.01
0
0.08
0.5
0.03
0
0
0.01
0.01
0.01
0
0
0
0.01
0.01
0.01
0.01
0
0
0
0.02
0
0
0
0.02
0
0
0
0
0.4
0.18
0.23
0
0
0.65
0.09
0
0
0
0
0.02
0
0.11
0
0.01
0
0.01
0
0
0
0.07
0
0
0
0.01
0
0.52
2.93
0
9.67
1.31
0
0.01
0
0
0
0.3
0.69
0.44
0.25
0
0
0.01
0
0
0.7
5.7
5.91
10.25
4.49
0.31
0
0.02
1.53
0
0
0
0.01
0
4.57
3.9
12.96
0
0.55
0
0
1.15
0
0.94
1.13
2.79
4.61
11.2
7.31
4.43
0
0
0.32
4.79
1.13
0
0
0
0
0.39
0
0
0
0.21
0
0.33
3.76
3.07
1.29
2.25
6.71
12.64
4.67
5.29
2.38
0
0
0
0
0.02
0
0
0.02
0
0
0
0.01
1.51
0.24
0.29
0.01
0
0.01
0
0.02
0
0
0
0
0
0
0
0
0.54
1.51
15.61
18.27
10.08
1.49
0
0.02
0.01
0
0
0
0
0.02
2.66
10.54
3.18
0.33
0
0
0
0
0
0
0.56
0
0.09
0.54
0
0.04
0
0.01
0.04
0.56
0.37
0
0.16
0
0
0
0.01
0
0
0
0
3.72
0.99
1.12
2.36
4.61
4.83
13.8
19.19
0.7
0.05
0
0.03
0
0
0.16
0
0.63
3
2.3
3.24
3.11
2.14
9.98
1.65
0
0
0
1.14
1.65
0.33
0
1.11
1.72
0.63
2.16
1.86
0.73
0.05
0
0.64
0.22
0.01
0
0
0
0.84
0.64
2.95
1.79
1.86
0.02
0
0
0.4
5.67
1.6
8.16
3.79
0.63
0
2.05
18.82
9.28
6.53
4.22
5.39
10.88
4
6.08
0.9
5.03
7.38
10.79
3.1
3.2
0.66
0.02
0
0
0
0.25
1.99
2.47
0.58
0
0
0
0.01
0.42
0
0.01
0
0
0
0
0.25
0
0
0
0.01
0.01
0
0
0
0.02
1.77
0
14.25
4.3
0.6
2.77
18.22
0
0
0
0
0
0
0
0.32
0
0
0
0.21
0.02
0
0.01
0.01
0
0
0.32
0
0
0
0.53
0
0
2.98
8.84
4.21
0
0.48
2.09
0
0
0
12.51
5.62
4.31
0.45
0.92
0.08
0.73
0.36
3.42
3.15
2.28
0.19
0.93
1.01
2.13
1.51
0
0.23
0
3.46
0
0
0
0
0.04
0
0
0
0.05
0
0
0
0
0
0
0
0
0
0.01
0
0
0
0
0
0.3
0.7
5.07
0.88
0.05
0.63
0.16
0
0
0
0
0
0
0
0
0
0
0
0
0
3.76
4.25
0.3
0
0.01
0
0
0
0
0.64
0
0
0.04
0
0.01
0
0.02
0
1.95
0
2.2
0.02
3.2
0.58
0
2.54
1.31
0.44
1.41
0.01
0
0
0
0
0
0.11
0.32
0
0
0.02
1.12
4.56
2.94
0
4.43
0
2.85
11.23
1.2
0.01
0.09
0
0.64
0
0
0
0
0
0
0
0
0
0
0
0
0
0
1.55
0
0
0.35
0.29
0.14
0
0
0
0
0.34
0.23
0
0.13
0
0
0
0.6
0.43
0
0.05
0
1.56
0.24
0.68
0
0
0
0
0.42
1.41
0
4.43
2.21
0
1.16
6.65
7.07
19.74
15.69
10.91
4.03
2.65
2.78
2.94
1.63
2.73
8.7
22.75
10.98
14.67
5.8
13.96
31.06
21.31
13.51
10.39
7.52
1.29
0.8
3.15
0
0.54
0
0
0
0
0.16
0
0
0
0.04
0.09
0
0.14
3.53
3.98
0.89
1.06
0.82
6.71
1.25
0
0.01
0
0.36
10.16
2.76
5.12
0.54
0.04
0
0
0.47
0.39
0
0
0
0
2.88
2.29
1.42
0.42
0.9
4.03
1.03
1.35
0.67
0.58
0.32
0
0
0
0
0
0
0
0
0
0
0
0
0.15
0
0
0
2.05
6.1
30.06
7.01
5.88
8.63
0.34
8.78
20.12
6.56
7.68
6.74
0
0.07
0.02
0.05
0.36
0.15
0
11.46
9.95
1.8
5.47
2.55
0.42
0
0
1.51
1.77
0
1.58
0
0.58
0
0.44
0.68
2.13
1.75
0.57
0
0
0.45
0.28
11.52
6.42
8.65
4.14
0.52
0
0.02
2.85
1.75
3.91
0.82
0.84
0
0.34
2.43
0.15
5.02
1.59
0
1.41
0.95
0.47
2.95
14.98
10.77
2.89
0.3
1.42
0.02
4.27
0
0
0
0.57
8.86
4.63
7.59
9.14
0
4.29
0
1.6
0.8
2.02
3.95
15.01
3.11
0
0
0
0.14
1.33
8.19
11.69
12.03
0
0
0
0
0
0.02
2.29
5.52
0
0
0.07
0.02
0
0.02
0
0
0.01
0.31
0.07
0.11
0.11
0
0
0
0
0
0
0
0
0.39
0.01
0
0.8
0.39
0.63
0
10.73
1.23
0
0.31
1.65
9.13
0.21
0.74
5.65
1.43
4.26
0
0
0.76
1.13
0.02
0.03
0
0
1.07
3.58
7.96
7.41
6.9
0.42
2.62
0.52
0
0
0.01
0
0
0
0
0
0
0
0.01
0
0.07
0.02
0
0
3.2
0
5.46
1.3
0.88
1.98
1.4
1.56
6.89
29.06
8.55
0.25
0.04
0.01
0
0.87
3.17
6.6
0.41
0
0.07
0
2.35
0.16
1.27
0.56
3.95
5.32
0.52
15.4
16.18
1.83
1.05
11.37
10.46
8.14
1.32
0
0.97
0
14.81
1.13
0.11
0.35
1.37
2.09
0
0.36
0
0
0
2.52
5.89
6.48
3.26
7.5
2.54
0.78
0
0
0
1.13
8.39
6.11
6.24
2.44
0.45
0.73
1.43
1.8
0
0
0
0
0.02
0
0.02
1.82
8.96
0
1.24
4.03
13.79
11.31
7.62
2.05
3.61
15.88
1.71
1.95
0
0.05
2.89
9.81
2.24
0.77
12.41
28.19
4.45
1.3
0.29
0.89
1.5
14.87
14.48
13.3
21.41
21.57
9.65
1.38
0
1.13
3.28
0.73
0.08
2
0
0.18
1.23
3.14
10.3
4.55
6.04
8.29
7.43
0
0.65
1.25
0.2
0.32
0
0.04
0
0
0
0.01
0.03
4.16
6.21
1.57
1.34
2.2
1.94
0.89
0.48
0.92
2.8
0.92
0
2.57
2.38
4.87
7.49
20.16
21.55
22.27
15.3
4.3
0.58
0
0
0.57
0
1.76
5.82
7.42
1.39
1.08
2.84
9.17
5.76
5.23
5.81
9.23
5.84
9.23
12.04
10.98
8.95
8.06
10.26
5.95
3.11
3.01
0.78
0.25
0
0.87
0
0
0
0.01
0
0.02
5.31
2.66
4.65
4.89
3.15
0.6
5.24
9.46
11.84
6.73
2.7
0
0
0
0.05
0
0.13
1.69
10.15
8.14
6.41
3.82
3.61
1.96
5.23
0.96
0.25
3.64
0
0
0.35
0.16
0
0.3
0
0
0
0
0.01
0
0.01
0.01
0
0
0
0.83
2.26
0.75
0
0
0.02
0
0.47
0
2.85
2.05
0.92
0.34
0.1
0
0.01
0.02
0
0
0
0
0
0
0.1
0.15
6.96
1.6
7.65
8.35
0.81
2.55
0
4.12
0
0
0
0.18
1.3
2.71
0.12
1.05
46.28
11.68
5.2
3.15
6.69
1.42
1.93
1.46
0.16
0
0
0
0
0
0.29
0
0
0
0
0
0
0
0
0.01
0.07
0.02
0
0.04
10.42
0
0.27
0
0.22
0.05
0
0
0
0
0
0
0
0
0
0.07
0.05
0
0
0
0
0
0
0
0.01
0
0
0
0.1
3.84
8.56
6.13
0
0.02
0.01
0
0
0
0
0
0
0
0
0
0
0
0
0
0
0
2.65
4.52
2.05
0
0
0
0
0
0
0
0
0
0
0.01
0.02
1.81
0.59
0.03
0.6
0.1
0
0
0
0
0
0
0
0
1.56
5.26
5.14
3.3
0.29
0
0
2.14
0.63
0.92
0.01
3.98
1.92
1.23
0.01
6.74
3.52
0.68
27.8
20.57
19.18
13.08
4.3
4.4
1.55
2.34
0
0.14
6.97
12.04
3.77
0
0
0
0.05
22.52
11.25
19.74
16.18
21.03
12.88
0
3.77
12.39
22.84
2.04
11.68
0.23
6
0.88
3.57
9.33
3.02
1.59
0.01
0
0.27
6.95
4.38
0.92
0
0.52
0.66
0.81
0.36
1.02
0.5
0.59
17.38
3.05
1.43
0
0
0.27
0.77
0
0.01
0.01
2.95
0.88
0.09
0.23
8.68
1.67
13.09
0.19
0.94
1.56
0.34
1.16
2.14
1.91
0.29
0
2.8
0.32
1.83
0.04
0
0
0.82
1.61
2.32
4.2
5.29
4.67
1.82
0.32
6.94
3.98
2.93
5
2.85
1.26
0.09
0
0.01
0.35
3.92
0.41
0
0
0
0
0.01
0
0.17
2.34
1.03
10.4
4.58
2.63
1.83
1.57
1.17
0.15
0.71
0
0.26
0.15
0.06
0.3
0
0
0
0.07
0.01
0
0
0
0
0
0
0
0
0
0
0.09
1.33
0
0
0
0.13
1.22
0.2
0
0
0
0
0
0
0
0
0
0
0
0
0
0
0
0
0
0
0
0
0.42
4.96
5.23
1.19
4.92
1.4
0.83
0
0
0
0
0
0
0
0
0
0.01
0.25
2.63
8
7.29
4
3.49
1.74
0.12
0
0
0
0.78
10.9
3.31
0.57
0.35
0.48
2.86
12.78
3.16
0.33
1.04
0.45
2.27
4.16
4.18
0
0.01
0.01
0
2.1
3.52
0
1.34
0.76
0
1.27
0
0
0
0
0.02
0
0.79
0
0.2
0.2
0
1.41
4
0.23
0
1.25
1.36
5.19
12.71
20.52
11.75
0.96
0
0
0
1.3
0.96
0
0
0.07
0.01
0
0.12
0
0
0.18
0
0
0.04
0
0.04
0
0
0
1.88
5.19
4.68
0
0.43
0
0.13
0.86
0.14
0
0
0
0
0
0
0
0
0
0
0
0
0
0
0
0
0
0
0.02
0
0
0
2.2
1.96
1.26
0.04
0.42
4.24
5.3
1.79
0.83
0.14
0
0
0
0.01
0.14
1.28
0
2.69
0.51
11.16
1.28
0.02
0
0
0
0.01
0
0
0
0
0
0
0
0
0
0
0
0
0.25
5.5
7.69
2.96
4.06
0.02
0
0
0
2.47
0.03
0
0
0
0
0
0.66
36.08
12.52
0.29
0
0.02
0
0
0
0.64
5.68
19.27
14.72
4.65
0.95
0
3.8
0.03
0.4
8.85
2.86
0.02
0.02
0
0
0
0
6.34
12.25
4.89
0.05
0
0
0
0
0
0
0.01
0
2.7
0.18
0.25
5.42
1.77
0
0
0
0
0
0
0
0
0
4.48
2.74
12.42
6.2
1.99
1.55
5.66
9.13
5
2.69
2.82
18.66
22.32
12.34
7.34
1.92
23.9
15.39
3.47
39.6
1.86
0
0
1.22
1.43
0.75
0.12
0
0.2
0.04
3.22
0.09
0
0.01
0
0
0.03
0.02
1.71
1.58
0
0
0.11
2
5.82
7.63
16.97
7.14
1.68
1.17
0.09
11.73
5.57
4.66
15.19
3.82
2.77
1.07
0
1.3
0
1.45
0.75
3.33
4.34
1.91
8.94
4.64
0
8.72
10.86
1.94
0.03
0
0
0
0
0.01
0
0
0
0
0
0
0
0
0
0
0
0
4.65
1.18
0
0
0
0
0
0
0
0
0
0
0
0
0
0
2.59
8.23
6.55
6.96
16.99
1.59
1.05
6.85
10.59
5.69
4.87
0.84
8.58
12.72
5.82
1.39
1.9
0
0
0.63
0
0.02
0
0.84
0.98
2.01
1.16
0.25
0
2.71
1.27
0
0
0.95
0.56
0.01
0
0
0
1.64
0
0
0
0
0
0
0
0.04
0
4.04
2.82
1.14
9.21
8.95
5.37
0.45
0.36
0.45
0.28
1.5
7.89
5.21
2.93
4.63
2.14
3.79
8.13
4.95
0.66
0.55
0.02
0
0
0
0
0
1.3
1.12
0.66
0.16
0
0.45
0.01
0.04
5.24
0
2.45
0.02
0
0.16
5.27
9.51
9.85
5.47
0.74
3.91
16.25
4.3
0
0.28
1.12
5.89
2.51
0.04
0
0.55
0.02
0.02
0.01
3.47
11.95
4.52
0.46
0.05
0
0.07
0.12
0
0
0
0.38
0
4.65
3.64
10.46
2.13
2.45
1.45
0.01
0
0
0
0
0
0.02
0
0.01
0.02
0.01
0
0
0
0
0
0
0
0.04
0
0
0
0
0
0
0.01
0
0.08
0.03
0.01
0
0.5
0.08
0.07
0
0
0
0
0
0
0
0
0
0
0
0.05
0
0
0
0
0
0
0
0
0
0.14
0.5
0.05
0.04
0
0
0.01
0.07
0
0
0
0
0
0.02
0
0.02
0
0.02
0
0
0
1.78
0.08
0
6.47
2.5
1.65
0.07
0.36
0
11.36
16.05
7.8
0
0.88
0
0
0
0.06
0.29
0
0.6
0
0.02
0
0.03
2.99
0.38
1.53
8.34
8.23
5.77
0.12
0.4
1.59
0.39
0.09
0
1.22
0
0
0.06
9.95
4.79
0.06
0
0
0
0
0
10.46
9.58
3.24
8.76
0.09
1.23
2.59
1.83
0.71
0
0.14
0.28
0.38
0
0.68
0.6
0.61
3.48
1.53
0.91
0.02
0.04
0
0
0
0.01
0
0.02
0
0
0
0
0
0
0.01
0
0
0.07
0.2
0.43
2.38
0.87
0
0
0
0
0
0
0
0
0.02
0
0
0
9.97
17.79
22.59
17.42
5.43
13.7
14.9
1.53
4.39
7.83
13.92
0.96
4.45
6.08
10.08
1.45
3.05
2.6
1.1
0
2.65
6.15
2.03
1.75
1.37
0
0.15
0.4
0.19
0
0.12
0
0.08
0
0
0.31
2.71
2.11
2.45
1.74
2.04
8.16
0.26
7.65
13.41
16.93
4.39
0.26
1.02
9.25
24.84
8.05
2.8
6.26
5.46
1.27
0.4
0.29
1.4
0.69
0.02
0.61
0.88
0.91
0.14
0.14
1.29
0.05
0.01
0
0.8
3.83
2.52
9.85
5.18
4.7
0.46
0.59
0.46
8.94
0
0
0
0
0
0
0.2
0.02
0
0
0.08
0.07
0.51
0.48
0
0.01
0
1.11
5.05
0.04
0.01
0
26.38
26.23
16.21
4.82
8.16
6.85
0
0
1.66
11.72
9.68
0
0.05
0.01
0
0
0
0
0.29
0.01
0.27
0.51
0
0
1.78
0
0.01
2.93
0.98
0.31
0.16
0
0
0
0
0
0
0
0
0
0
0.01
0.01
0.19
0.61
0.01
0.87
0.5
0
0.74
0.47
1.73
4.67
0.14
0.38
2.5
9.2
11.01
2.15
0.51
0.03
0.01
0.39
0
0
1
0
0
0
0.01
0.01
0
0.01
0.14
0
0.13
2.59
0.13
0.29
7.18
11.57
2.34
12.95
0.44
0.02
0.02
0.01
0
3.89
0.03
0.04
0
0
0
0
0.02
0
0
0
0
0
0.01
0
0.01
0.75
0.01
0.34
2.37
11.66
25.77
3.31
3.44
1.76
6.48
3.57
4.95
0.45
0.06
0.03
0
0
0
0.02
0
0
0
0.07
1.73
0.06
0.01
0.06
0
0
0.02
0.01
0
0
0
0
0.02
0.01
0
0.05
0.7
0.02
0.01
0
2.74
8.48
4.71
2.77
0.18
0
0.17
0.13
0
0
2.37
3.71
2.72
3.5
6.1
0
3.84
0
0.75
0
0.62
4.25
0.07
0
0.01
0
0
0
0
0
0.05
0.01
0
0
0
0
0
0
0
0
0
0
0
0
0
0
0
0
0
0
0
0
0
0
0.05
1.79
0
0.13
21.94
9.25
8.72
18.62
4.01
19.26
14.95
4.95
1.67
3.05
12.7
1.12
5.69
21.4
36.45
12.29
15.45
0.31
0.59
0.59
2
0.48
0
0.54
0.47
1.02
10.88
7.94
0.63
1.69
5.48
0.48
4.26
9.45
6.21
6.14
1.06
6.99
3.65
0.88
2.41
8
7.65
1.15
0
12.7
1.08
0.61
6.58
2.93
0.82
0
0
0
0.01
0.07
0.08
0
0
0
0
0
0.04
0
0.01
0
0
0.01
0.02
0.01
0
0
0
0.52
1.34
3.02
0.69
0
0.03
0
0.01
0.2
0.09
0
0.01
0.02
0.01
0
0
0
0
0
0
0
0
0
0
0
0
0
0
0
0
0
0
0
5.64
18.32
10.34
11.07
6.3
15.78
0
0
2.25
5
23.76
26.91
3.98
5.34
5.91
3.94
0
0
1.33
0
0.62
0.08
1.42
1
0.17
1.97
7.96
10.54
3.09
2.17
3.93
0
0
0
0
5.94
3.91
3.46
0.77
0.08
4.04
0.05
0
0
5.13
9.03
0.36
8.38
2.3
2.82
3.16
3.08
1.12
2.32
1.65
0.82
0.98
0.39
0.89
0.27
0.01
0
1.18
21.64
10.58
15.73
4.77
0
0
0
0
0
0
0.03
0
0
0
0
0.14
0.04
0
0
0
0
0
0
0
0
0.02
0.05
0
0
0.22
0.45
0
0.02
0.27
18.31
1.27
2.85
0.11
0
0
0
0.01
0.03
5.26
0
10.03
3.02
1.18
0
2.67
0.54
0
0
0
0
0
0
0
0
0
0
0
0.37
3.87
8.49
1.16
26.59
3.87
0
0.88
28.88
2.56
0.3
0.08
0
0
0
1.02
0.01
0
0.74
0
0
0.01
0
0
0
0.2
0.09
0.02
0.03
0.21
0.07
0
1.43
0.1
0.17
0.13
1.41
4.19
2.38
0.05
0.02
0.01
0
0
0.03
0.01
0
0
0.03
2.16
0
0
0
0
0.02
7.59
1.91
0.06
0
0.02
0
0
0
0
0
0
0
0
0
0
0
0
0.01
0.49
0
0
0
0.07
0
0.17
0.13
0
0
0
0.07
0
0.05
0.02
1.24
0.61
0.11
0
0
0
0.13
1
0
0
0
0
0.26
1.26
3.46
5.2
8.05
1.66
1.7
0.17
0
0
0.01
0
0.07
0
2.02
0.17
6.2
3.61
5.56
2.56
0
0
0
0
0
0
0
0.34
0
0
0
0
0
0
0
0
0.01
0.01
0
0.79
15.19
37.75
1.04
0
0
0.01
0.02
0.1
0.01
0
0.01
0
0
0
0
0
0
0
0
0
0
0
0
0.02
3.21
1.77
0
0.77
0
0
0
0.02
0.41
0.07
0.01
0
1.82
0.55
0
0
1.65
0.64
1.87
4.4
0.54
0.57
2.15
2.5
1.7
5.59
2.36
0.98
0
10.36
0.82
0.82
0
0
3.72
1.03
0.07
0
0.54
0
0
4.3
2.18
1.4
0.98
0.05
0.3
0.32
0.04
1.33
1.58
7.65
3.88
2.41
0.77
0
0
0
0.02
2.78
10.62
4.99
9.09
11.45
0.03
0.08
0
0
0
0
0
0.01
0
0
0
0
0
0
0
0
0.06
0
1.88
0.52
2.07
12.66
9.88
2.72
3.11
6.35
3.09
2.54
23.07
24.23
3.61
2.8
10.93
0
0
0.33
0.42
1.77
7.95
16.92
13.8
4.57
11.45
4.82
2.31
3.1
0.04
0
0.24
0.03
0.23
0
0
0
0
0
0
0
0.06
0.41
8.15
1.89
0.3
3.88
1.6
0.75
0.02
0.7
0
0
0
0
0.25
0
0
0
0
0
0
0
0
0
0
0.01
0
0
0
0
0
0.16
2.71
1.62
0.29
0
0.57
0
0
0
0.01
0
0
0
0.57
0
0
0
13.63
16.13
0
0
0
0
0
0
1.62
6.01
0
0
2.2
0
0.03
2.48
2.43
0
0
0.06
2.13
1.39
0.17
0
0
0
0.46
0.43
0
0.26
0
0
0
0
0
0
0
0
0
0.01
0.02
0.04
0.04
1.41
3.11
0.32
0
0
0.25
0
0.02
0
0
0
0
0
0
0
0
0
0
0.02
0.13
0
0.04
0
0
0
0
0
0.02
3.83
4.29
0
0
0
0
0
0
0
0
0.01
0
0.02
0.03
0.03
0.06
0
0
0
0
0.63
7.48
1.19
0
0.6
0
0
0
0
0
0
0
0
0
0
1.77
0
0
0
0
0
0
0.01
0
0.04
0
0
0
0
0
0
0
0.02
0
0
0
0
0
0.41
42.55
17.45
16.34
8.86
9.2
22.9
0
0
0
0.52
18.45
3.55
6.98
4.61
25.24
10.76
4.24
0
0
0
0.22
0
0.49
2.27
4.91
13.81
0.9
2.82
0
0
5.37
10.34
0.58
5.64
13.07
2.84
0.08
0
0
0.12
8.58
25.25
27.95
5.73
2.09
2.51
0
2.55
4.82
4.05
1.02
3.42
1.74
12.23
7.12
12.97
3.02
12.61
2.11
0
0.07
0.03
0.99
1.86
1.34
1.89
4.66
0
1.67
5.88
1.09
0
0.1
2.14
14.12
5.04
0.27
0.01
0
0.15
0
0.03
8.63
0
0
0.11
0.16
0.88
0
0.41
0.79
0
2.84
20.41
5.91
1.61
0
0.01
0
0.17
0.23
0.77
0
0
0
0
5.7
1.25
1.11
10.32
6.57
3.29
7.11
7.48
8.62
8.14
19.62
20.81
18.92
8.84
6.72
2.91
1.88
4.13
0.87
0
0.97
4.21
1.88
0.2
0.66
1.02
0.37
0.01
0
0
0.05
0.08
1.83
10.55
4.09
21.34
6.92
3.38
15.69
7.39
0
5.61
7.07
18.88
10.81
4.65
0.03
0.09
0
3.28
23.3
2.89
0
0.01
0.54
0.11
0
0
0
0
0
0.01
0
0
0
0
0
0
0
0
0
0
0
0
0
0
0
0
0
0
0
0.09
4.78
10.29
3.85
0.61
3.07
1.88
1.52
3.06
10.34
4.64
5.83
8.45
6.3
2.93
12.57
15.27
5.67
0.05
0
2.48
0.02
0
0
3.15
0
1.36
0
3.81
0
0.9
0.17
0.36
2.7
3.19
0
0
0.09
0.02
0.1
0
1.97
6.75
7.21
0.17
0
0.55
4.15
0.92
7.35
0
0
0
0
0.06
0
2.69
0.33
0.59
0.13
3.91
3.49
1.63
4.67
6.95
4.78
13.28
0
0
2.96
12.11
5.72
0.66
0.48
0.33
5.32
3.19
0
0
0
0
0
0
0
0.22
0.01
0
0
0
0
0
0
0
0
3.16
0
0
0
0
0
0
0
0
0.01
0
0.09
0
0
0.01
0
0
0
0
0
0
0
0
0
0.85
0.04
0
0.01
0
0
0
0.43
0.02
0
0
0
0
0
0
0
0
0
0.27
0
0.02
0.02
0
0
0
0.02
0.48
0
0.01
0
0
0.01
0
1.77
0.08
0.03
0
0
0
0
0
0
0
0
0.01
1.44
0
0.01
0.48
2.08
2.56
2.43
0
0
0
0
0.01
0.01
0.02
0
0
0
1.84
12.28
17.01
3.5
3.04
2.41
5.01
18.81
5.41
0.09
0
16.89
8.01
0.56
0
0
0
19.02
11.17
3.95
0.25
2.26
7.84
2.4
6.15
0.5
0
0
12.26
9.41
1.16
0.12
0.41
0.09
0.06
0
0
3.54
0.13
10.37
31.13
21.6
10.97
13.77
5.3
1.24
0
0
0.02
0
0.02
0.02
0.2
0
0.24
0
0.34
0.71
0.15
0
0
0.01
0
0.66
0.12
1.74
6.79
1.86
0.45
0
0.09
0
0
0
0
0
0
1.26
0
0.03
0
0
0
0
0.01
0
0
0
0.01
0.01
0
0
0
0.02
0.16
0.07
0
0
0
0.48
0.07
1.05
1.14
0.64
0.99
14.35
9.83
3.49
0.33
0.01
0
1.18
0
0
0
6.13
3.07
8.68
1.8
1.88
0
0.61
0.55
0
0
0.45
0
0.02
0
0
0
0
0.01
1.02
0.57
0
0
0
0.15
0.3
5.24
5.48
12.52
13.15
16.39
2.67
0
0
0
0
0
0.6
3.57
0.11
0.34
0
0
0
0.07
0.02
3.95
0.79
0
26.52
7.41
0.27
0
0
0
0.01
0
0
0
0
0
0
0.01
0
0
0
0
0
4.36
11.7
2.3
0.12
0.29
0
0
0
0.01
0
0
8.79
16.76
6.83
4.16
0.77
2.83
0.78
2.27
4.35
3.77
3.08
1.13
1.82
0.31
0.93
0
0
0
0
0
0
4.09
0
0.04
5
1.26
0.07
0
6.61
1.24
0.1
5.43
6.48
1.31
2.85
0.04
3.85
2.18
2.19
6.01
3.84
1.93
0
0
0
0
0.01
0
0
0
0
0
0
0
0
0
0
0.13
2.35
5.7
7.98
3.13
0
0.63
0
0
0
0
0.4
3.13
0.06
0
0.31
0.12
0
0
0
0
0
0
0
0.04
0
0
0
0
0
0
0
0
0
0
0
0.09
0
2.47
1.54
1.99
0.21
0.02
0
0
0
0
0
0.01
0
0
0.03
0
0.15
0
0.05
0.07
0
0
0
0
0.01
1.04
0.07
0.73
0
1.29
0.73
0
0
0.01
0
0.11
0
0
0
0
0
0
0.23
0
0
0
0.5
0
0.77
0.02
0.06
0.01
0.34
0.48
5.53
2.11
0
0.33
0
0.04
0.01
0.01
0
0
0
0.01
0
0
0
0.05
0
0
0
2.87
0
0.01
0
0
0
0
0
0
0.12
0
0
0
0
0
0
0.02
0
0
0
0
0.73
2.15
1.63
0.02
0
0
0
0
1.39
6.13
1.34
8.19
0.58
0.01
0.26
0
0
0
0
0
0
5.88
4.5
7.93
1.05
0
12.69
9.46
2.16
0.43
0
0
0.27
9.61
30.4
18.08
26.13
7.81
0.04
0.73
0.84
0.63
0
2.22
9.76
12.96
2.11
0
0
0
0
0
0
0
0
0
0.07
0.39
0
0
0.01
0
0
0
0
0
0
0
0.52
0
0.02
0
0.16
0.05
0.66
1.3
0.09
0
0.61
0.44
0
0
0
0
0
0
0
0
0
0
0
0
0
0
0
0
0
0
0
0
0
0
0
0
0
0
0
0.01
4.3
0.36
0
0
0.09
0
0.26
0.34
14.07
6.01
7.22
16.75
4.41
2.13
4.99
11.49
14.29
9.62
5.97
1.02
1.86
3.08
3.61
6.3
11.04
4.05
0.38
6.97
10.65
3.02
1.77
0.06
4.24
10.96
1.41
0.01
0
0.21
0
0.48
5.89
0
0.12
0.02
0
0
0.1
0
0
0
0
9.92
3.46
0.13
0.02
0
0.39
17.64
2.79
0
4.35
13.85
7.13
1.2
0
0
0
2.48
6.84
1.23
0.36
0
1.14
1.95
1.92
6.05
19.58
2.68
1.13
0.27
0.18
0.02
0.01
6.07
7.96
20.84
0.58
0
0
0.33
0.15
6.45
3.71
0.46
0.02
0.57
0.98
9.06
8.38
0.89
1.43
6.35
0.79
0
0.02
0
0.02
0.03
0
0
0.45
0
13.97
1.55
0
0
0.25
6.32
2.34
3.82
5.07
2.41
0.84
0.01
0.01
0
1.85
1.02
0.74
0
0
0.02
0.02
0
0.91
0
0
0.88
5.75
3.18
0
1.16
3.19
1.75
0
0
0.01
0.14
0.21
0
0
0.01
0.01
0
0
0.01
0.01
0
0
0
0
0
0.39
4.03
1.27
0.07
1.05
0
0
0
0
0
0
0
0
0
0.02
0
0
0
0
0.01
0
0.02
0
0
0.01
0
0.04
6.99
4.75
0
0
0
0
0.04
0.13
0
0
0
0
0.54
0.01
0
0.37
0.93
0.55
0
0
0
0
0
3.46
7.22
9.07
1.8
0.05
2.71
1.6
0
0
0.66
0
0
0
0
0
0
0.1
4.21
4.41
2.83
5.53
6.82
1.31
0.01
0
0
0.39
0.02
0
0
0
0
0
1.61
0.02
0
0
0
0
0
0
0
0
0
0
0
0
0
0
0.05
0
0
0
0
0
0
0
0
0
0.2
0.11
0
0
0
4.01
15.68
12.11
10.57
2.47
2.19
12.73
2.73
9.5
7.86
1.02
0.85
0.22
0.05
0.24
0.41
7.15
2.08
0
0
0
0
0
0.14
0.05
0.04
0
0
8.52
5.82
4.33
0.72
1.43
8.75
0.93
0
0
2.67
3.59
0
0.34
1.54
0
0
7.12
2.68
12.2
14.98
14.54
2.48
0.79
1.33
0.08
0.14
0.09
0.3
0
0.75
0.12
0
0
0.01
0
0
0.3
0
0.12
0
2.96
1.12
0.11
4.35
3.76
7.99
6.78
12.75
6.98
14.7
1.84
0.79
0.82
0
0.09
0
0
0.01
0
0
0
0.17
0
6.42
2.16
0.2
0
3.14
2.6
0.31
0
0.01
0.03
0.05
0.12
0
0
0
3.06
1.09
1.86
0.45
8.82
25.4
10.39
7.07
22.19
20.49
4.56
0.53
0.3
0
4.09
23.1
1.68
8.5
6.16
4.43
4.3
1.05
4.14
1.39
2.95
0.28
1.49
16.2
25.29
7.85
2.84
19.59
9.83
2.19
0.29
0
8.99
3.64
0
3.15
0
0.02
0
0
0
0
0
1.13
9.67
7.6
1.04
0.54
2.21
4.09
2.32
0
0
0
0
0
0
0
0
0
0
0
0
0
0
0
2.6
21.9
5.24
25.88
14.05
0.87
0
8.24
9.89
9.97
5.07
2.27
3.32
1.53
9.76
0.75
1.21
0
0
0.02
0
0.07
0
2.27
0
0
0
0
2.16
4.63
5.6
6.21
0.33
20.36
10.2
1.38
0.45
0
0
0
0
0.01
0.01
0.02
0
12.2
10.88
11.93
5.02
9.76
8.79
5.84
0.74
0
0.03
2.35
0.01
0.67
0.09
3.02
6.05
0.06
0
0
0.04
0
0.05
0
0
0
0
0
1.09
0.5
0
0
0
0
0
0
0
0
0
0
0
0
0
0
0
0.66
0
0
0.02
0
0.74
0
0
0
0
0.53
0
0
0
0
0.09
0.47
0.03
0
0
0
0
0
0
0
0
0
0
0
0
0
0
0
0
0
0
0
0
0.24
0.42
9.96
22.05
4.94
5
0
1.91
0
0.6
2.26
1.04
0
0.61
12.22
11.07
5.82
7.77
0.25
0.32
9.44
0.52
0.09
0
0.01
0
0
0
0
0.13
0
11.98
1.82
0.08
0
0.19
1.16
3.66
0.6
0.05
0
0
0
0.01
3.07
6.57
1.05
0.47
0
8.17
15.77
5.82
4.44
0.06
1.5
0.01
0
0.01
0
1.89
0
0
0
0
0
0
0.29
0
0.07
0.21
4.25
1.08
0
0.48
37.28
13.59
0.07
2
0.31
0.55
0
0.55
0.42
1.38
5.69
20.52
8.13
9.63
2.16
0.8
0.02
0.2
0
0
0.02
0.03
0.06
0.07
0.18
0.2
0
0
0
0.01
0.01
0
0
0.51
0.18
0.03
3.75
0.7
0.15
0
0.52
0.08
1.05
0.84
9.99
5.96
3.97
4.09
6.66
6.85
12.81
1.3
5.76
18.63
19.08
9.16
1.61
10.4
17.56
17.61
24.28
15.87
3.5
3.87
5.63
4.01
0.54
1.37
0.23
0.36
7.81
0.77
0.05
0.08
0.48
14.59
10.62
4.2
0.76
1.78
0.07
1.55
1.41
0.01
0
3.38
1.45
3.42
1.45
0
0
0
0.02
0.39
1.45
0.45
0.49
0.31
0.27
0
0
0.01
0.01
0
0
0.13
0.02
0.01
0.1
0.01
0
0
0.02
0
0
0
0
0.23
1.22
1.19
0.22
0.03
3.27
4
1.27
1.02
0
0
0
0.1
0.32
5.68
1.25
0.11
2.92
1.66
0
0
0.12
1.72
0.92
1.45
0.03
0
0.01
0
0
4.88
0.78
0
0
0.86
3.98
0.03
0
0
0
0
0
0.01
0
0
0
0.17
0.28
0.02
0
0.05
0.1
0
0
0
0
0.12
1.56
2.82
5.55
1.33
6.05
4.04
2.63
3.57
2.47
0.66
2.94
5.95
4.2
0
0
0
0
0
0
0
0.01
0
0
0
0.02
0.01
0
0
0
0
0
0.01
7.26
5.1
9.58
7.97
0.84
0.44
1.98
1.13
0
0
0
0
0.32
1.48
0
0
0
11.25
3.52
0
0.55
0.52
0.17
0.01
0
0
0
0.01
0
0
0.01
0.46
0
0
0
0
0
0
0.03
0.97
0
0
0
0
0
0
0
0
0
0
0
0
0
0
0.15
21.74
5.3
4.95
11.42
0
0.01
0.02
0
0
0
0
0
0
0
0
0
0
0
0
0
0
0
0
0
0.01
0.13
0
0.01
0
1.03
0
0
0
0
0
0.02
0
0
0
0
0
0
0.02
0.03
0
0
0
0
0
0.01
0
0
0
0
0
0.02
0
0.85
0
0.43
0
0
0
0
0
0
0.01
0
0
2.73
10.61
3.04
1.71
0.65
0
0
0
0
0
0
0
0
0
0
0
0
0
0
0
0
0
0
0
0
0
0
0
0.37
0.27
0.23
9.09
1.83
0.02
0
0.13
9.54
3.8
2.73
0.81
0.84
0.46
10.65
1.58
16.91
0.37
0
0.02
5.74
0.89
0
0.33
2.94
3.98
0.6
0
0
0
0
0.02
0
0
6.27
15.34
2.33
0.52
0
0
0
0
0
0
0.01
0
0.01
0.04
0.07
0.04
0.08
1.56
2.41
0.51
2.3
1.34
1.43
0.63
0.01
0.03
0
0
0.21
0
0.08
0
0.62
0
3.46
2.24
1.45
0.59
0
0.02
14.1
6.46
12.82
10.74
1.51
8.84
9.31
3.62
2.52
1.16
0.2
0.05
3.84
2.61
0.19
0.41
0.23
0.01
0
0
0
0
0.37
7.87
2.98
0.17
0.08
0
0.46
3.62
1.29
0
0
0
0
0
0
0
0
0
0
0
0
0
0
0
0
0.01
0
0.3
10.68
3.06
0.08
0
0.87
1.22
4.3
0.16
3.47
8.5
13.13
20.73
3.59
0.22
0
0
0
0.07
0
0.05
0
0.57
1.54
0.93
5.63
11.95
6.93
8.24
1.7
16.78
5.8
2.95
3.5
0.16
0.07
1.27
6.6
0.46
0
0.01
0
1.35
0.02
0
3.95
23.88
12
2.62
0.55
0
0.14
3.22
3.77
11.75
5.07
0.14
0.01
0
1.85
7.91
9.27
3.13
0.09
0.59
15.13
27.88
1.32
3.46
12.12
15.46
7.23
19.45
3.93
2.97
3.02
11.16
4.76
19.63
7.42
2.55
0.38
0.27
0.59
0.43
0.99
1.51
11.46
7.85
13.59
4.5
4.24
3.15
8.96
5.13
9.06
0.45
0
15.48
6.43
0.03
6.69
0.88
0.11
0
0
0
1.36
0
8.89
2.7
0
0
0
0.01
0.71
3.06
9.9
4.09
2.64
1.29
0
0
0
0
0
0
17.01
0.99
2.66
0.61
2.45
0
0.02
0
0
0.01
0
0.03
0
0
0.8
0
0.11
0
0
0
0
0
0
0
0
0.01
0.3
0.02
1.63
0.02
0.37
0
0.05
0
0
0
0
0
0
0
0
0
0
1.77
0.37
0.03
0
0.09
2.31
0.22
0
0
0
0.02
0.01
0.04
0.05
2.56
16.36
4.49
0.07
0
0.02
5.51
1.68
0
0.05
0
0
0
4.61
1.4
0
23.29
0.98
0
0
0.91
0.02
0
0
0
0
0
0
0.01
0.26
0
29.09
6.76
0.06
1.13
2.04
0.94
0.26
0
0
0
0
0
0
0.37
0.05
0
0.01
0
1.73
0.09
0.02
0.06
0
0
0
0.01
0
0
3.21
6.23
2.8
1.21
0.38
0.43
0.05
0
0.31
0.08
0
0
0
0
0
0
0
0.28
0
0.23
0.03
0
0.38
3.17
4.01
1.31
0
6.73
0.75
2.06
0.15
0.52
0
0
0
0
0.01
0.2
0
0
0
1.53
0.25
0
0
0
0
0.98
5.7
3.26
6.14
1.75
1.16
2.46
8.54
7.36
1.25
7.48
0.92
0.08
0.02
0.55
0.02
0.08
10.25
12.07
0.45
2.7
1.42
3.95
8.77
7.58
7.19
7.66
0.45
0.96
5.85
2.22
0.04
0
0
0
0.01
0.15
0
0
0.7
11.27
15.52
34.86
20.06
15.66
13.25
8.13
4.8
2.4
5.86
5.04
15.77
0.25
0.75
0.13
0.08
2.43
4.05
1.35
0.05
1.41
0.15
0.16
0.06
0
0
0.86
0.56
0.21
0.47
5.46
2.59
5.48
13.57
5
4.45
4.12
0.93
0.15
0.09
0.16
2.52
1.63
3.68
3.52
0.56
0.02
0
3.44
2.2
0
0.01
0
0
0.03
0.08
0
0
0
0.18
0.05
0.01
0.01
0
0
0
0
0
0.27
2.99
0.77
1.33
0
0
0
0
0.01
0
0
0.14
0.37
0.48
0.09
0.16
1.12
0.04
0.93
0.07
0
0.08
3.91
11.13
3.98
2.25
0
0.03
1.51
0.88
0.05
0.01
0
0
1.98
3.99
2.07
0.45
1.16
0
1.15
3.33
2.77
0
0
0
0
0
0
0.01
0.01
0.16
0.59
0
0
0
2.86
0.05
0
0
0
0.43
0
0
0
1.45
16.59
21.29
2.96
0.49
0.61
0.17
1.65
1.14
7.13
0.84
0
0.01
0
0
0
0
0.01
0
0
0.04
0
0
0.02
0
0.01
0
0
0
0
0.01
0
0
0.02
0
0
0.02
0.01
0
0.01
0
0
0.32
0
1.12
6.14
3.17
7.46
0
1.9
0
0
0.66
0
0
1.03
0
0
0
0.07
4.18
0
0.01
0.02
0
0
0
0
0.01
0
0
0
0
0
0
0.01
0.01
1.24
0.01
0
0.18
0
1.08
12.88
10.85
10.98
13.35
4.63
2.22
2.37
0.34
0
0.04
0.57
0.04
0.01
0
0
0.05
0.58
12.52
35.54
29.11
4.91
0.14
5.08
5.96
2.73
0
0.28
1.49
14.03
5.05
1.64
0.64
4.97
2.3
1.07
1.21
0.95
5.53
3.05
16.46
4.57
0.18
0.09
0.2
1.79
1.86
7.44
5.29
0.27
0
0.03
0.07
4.54
10.8
6.7
0.37
0.12
0.72
3.32
1.61
10.04
25.58
11.05
3.12
6.13
1.05
0.09
0.09
0
0
0.01
0
0.02
0.03
0.04
0.31
0.16
3.69
3.16
1.37
0.53
0.1
0
0.05
0.02
0.1
7.43
16.56
4.86
0.82
7.55
2.93
0.06
0.09
0.17
13.71
10.11
0.75
0.18
0
0
0
0.01
0
0
0
0
0
0
0
0
0.01
0
11.02
15.63
11.2
1.05
0
0
0.05
0
0
0.09
0
0
0
0.12
0
0.3
0.14
0.27
0.35
8.23
5.16
0.38
26.08
8.76
1.94
0.83
3.31
3.98
0.85
0.06
0.48
0.06
0
0
0
0
0
0
1.64
0.05
0
0
0
0
0
0
0.3
0.09
0
0.21
0.25
2.3
1.22
0.08
0
0
0.13
0.07
0
0.01
0
0
0
0
0
0
0
0
0
0
0
0
0
0
0
0
0
0
0
0
0.07
0
0.2
0
0
0
0.28
0.72
1.44
5.65
2.61
0.18
1.48
7.3
0.34
0
0
0
0
0
0
0
0
0.02
11.63
3.45
0.66
0.1
0
0
0
0.03
0
0
0
0
0
0.88
6.39
3
0.04
0.09
0
7.7
2.43
0.06
0.24
6.28
2.51
3.68
0.84
2.79
0.46
0
0
0
0.13
0
0
0.04
0.05
0
7.59
4.86
20.38
20.31
12.78
2.31
0
0
0
0
0
0
0.03
0
0.01
0
0.42
0.77
10.07
5.43
2.89
3.97
1.8
0.45
0
8.39
2.67
2.88
1.92
0
1.06
17.12
5.07
0
0
0.01
0.01
0
0.02
0
0
0.79
0.69
0.01
0
0
0.08
0
0
0
0
0
3.68
2.89
0
0.01
0
0.58
8.73
0.36
1.65
1.72
0
0
0
0
0
0
0
0
0
0
0
2.63
1.89
0
0
0.65
1.57
0
0
0
0
0
0.01
0
0
3.59
2.04
0
0
0
0
0.22
1.53
0
0
0.4
3.17
0
0.66
0.07
0.47
0.1
0.02
0
0
0
0
0
0
0.03
0.42
0.81
3.61
0.52
0
0
0
0
0
0
0
0
0
0
0.04
0
0
0
0
0
0
0
0
0.01
0.01
0.64
0.04
0.46
0.21
0.01
0
0.01
0
0.02
0
1.32
1.54
3.87
1.48
5.8
4.8
5.09
0.4
1.17
6.03
4.64
0.07
0
0
0
0
0
0.05
0
0.05
4
4.8
3.63
8.73
8.93
5
23.54
7.95
0.94
0
0.01
0.01
0
0
0
0
0
0
0
0.02
0.05
0.2
0
0
0
0
0.01
0
0
0
0
0
0.51
0.41
0
0
0
0
0
0
0
0
0
0
0
0
0.08
0.02
0.11
1.52
15.5
19.86
7.71
22.16
12.92
9.12
7.43
0.63
0.03
0.06
0.08
0.09
0.06
0
0.02
4.38
2.2
11.41
10.98
5.8
7.6
4.09
0.08
0.1
0.13
0.09
0.03
0.2
0.45
0.58
0.13
0
0
0.12
0.09
0
0.57
3.96
2.7
1.33
5.27
2.09
1.75
1.46
1.83
8.71
2.66
2.02
0.85
10.53
0.05
0.01
0
0
8.04
13.3
4.93
3.38
5.83
3.35
1.05
0.24
9.41
1.5
0
0
0
0
0.11
0
0.05
0
0.1
2.36
0.38
0.22
0.03
0.01
0.05
0.15
2.28
9.01
1.79
3.29
0.89
0.17
0
0.05
0
0.36
1.78
9
6.38
10.29
1.9
3.27
3.59
4.09
0.72
2.89
1.5
0.22
0.02
0.82
20.03
1.98
1.18
0.05
0.16
0.1
0
4.99
6.96
2.32
1.02
0.56
8.52
1.13
0.02
0.04
0.73
0.32
0.71
2.45
1.15
0
0.17
2.27
4.16
4.2
16.41
4
0.94
1.23
6.31
5.31
1.54
0.4
0.11
0
0.01
0.02
1.16
0.24
0
0
0.24
1.9
0.92
0.01
0
8.36
0
0
0
0.01
0.13
11.96
7.15
0
0.11
0.38
0.33
0
0
0
0.04
3.37
0
0
0.03
2.13
0.31
0
0
0.66
5.15
5.62
17.16
19.81
2.2
0.85
2.24
3.16
0
0
0
0.27
10.18
0
8.91
6.71
0
0.05
0
0
0
22.95
7.77
0.81
0
0
0
0
0
0.04
3.73
6.73
0
0
0
0
0
0
0
0
0
0
0
0
0
0.01
0
0
0
0
0
0
0.01
0
0
0
0
0
0
0
0
0.04
0
0
0
0.92
4.73
9.96
3.69
0
0
0
0.33
0.23
0
0
0
0
0
0
0.06
0
0
0.01
0
0.02
0
0
0.01
0
0
0.01
1.23
0.02
3.07
0
0
0
0
0.02
0
0
0.21
0
0
0
0.04
0
0
0
0
0
0
0.16
0.19
0.5
0
0.02
0.03
2.23
0.77
0.87
0.03
0.98
0
2.71
4.26
0.22
0
0.11
1.77
1.2
0
0
0.13
0
0
0
0.05
0.01
0
0
0
0
0
0
0
0
0
0
0
0
0
0.09
0.2
22.31
4.58
24.04
7.73
2.97
2.2
0.3
0
11.15
1.84
0
0
0
0
0
0
0
0
0
0
0
0
0
0
0
0
0.06
0
0
0
0
0
0
0
0
0
0.04
0.09
5.79
8.14
0.94
0
0.03
0
0
0
0
0
0
0
0.08
0
0
0
0
0
0
0.05
0.04
0.29
4.42
5.9
3.99
9.88
1.29
0.08
1.93
0.61
0.06
1.78
0.47
0.02
0
0
0.16
0
0.02
0
0
0.01
0
0
7.19
18.51
3.78
2.77
9.34
3.74
5.01
1.15
0.55
4.1
0.75
0.6
0.06
0.06
0.02
0
0
0
0.01
0.01
1.23
0.43
0
0.83
7.9
7.69
5.37
0
0.48
0.46
0.56
4.81
0.67
0.59
5.05
2.21
0.18
0.12
0.23
2.63
5.95
2.84
4.01
0.57
0
0
0.01
0
0
0.04
0.09
0.11
7.07
1.05
0.73
1.44
0
1.06
8
2.36
0.48
0.09
0.03
0
0
0.01
0
0
0
0
0
0.04
26.19
7.55
1.33
0.09
32.48
7.01
0.04
3.59
2.22
0.73
0.11
0.02
0
0.19
0
0
0
0
0
0.04
0
1.77
9.01
2.36
0.41
1.24
0.07
0.49
0.02
5.97
12.44
23.07
9.85
3.09
4.82
1.82
0.49
1.47
5.88
18.46
3.56
0.37
3.95
3.2
9.15
1.74
0.3
0.03
0
0.03
0.23
5.31
2.55
1.55
2.1
0
0.95
7.83
4.36
6.46
3.35
0
0.63
8.73
3.16
0.33
0
6.84
0.85
0
1.34
0.23
0
0
0
0
0
0
0
0
0
0.01
0
0
0
0
0
0
0
0
0
0
0
0
0
0
0
0.02
0.01
0
0
0
0
0.01
0
0.19
3.49
0.02
0
0
0
0
0
0
0
0
0.02
0.5
16.75
5.91
0.01
0
0
0.14
3
1.97
1.08
0.01
0
0
0
0
0.03
0
0.01
0.04
0
0.29
0.94
0.2
0.55
12.51
11.09
10.29
5.33
0.25
0.04
0
0
0.65
8.68
4.47
0.09
0
0
0
0
0
0
0
0
0
0
0
7.28
5.3
0.48
0.02
0
0.04
0
0
0
0
0
0.02
0
0.04
0.31
0.53
5.93
1.29
0.03
0
0
1.01
0.03
0
0
0
0
1.39
0.67
0
0
1.02
0.66
1.07
0
0.01
0.01
0
0
0.02
0
0.14
0
0.66
4.19
0.78
0
0
0.86
0
0
0
0.08
0.86
0.08
0
0.22
0.19
1.08
0
0
10.55
0
1.22
4.09
2.39
0.36
0
0
0.01
0
0.05
0.89
3.24
9.05
7.86
2.48
9.82
0.05
1.67
0.15
0.07
0
0
0.04
0
0
0
0
0
0
0
0
0
0
0
0
0
0
0
0
0
0
0
0
0
0
0
0.01
0
0
0
0
0
0
0
0
0.02
0.09
1.05
0.93
2.69
8.66
7.67
3.28
2.09
3.88
12.11
10.99
6.77
1.59
0
0.18
0
0.67
0.01
0.11
0
0
0
0
5.57
8.13
6.52
0.63
0
0
0
0
0
0
0
0
0
0
0
0
0
0.03
0
9.29
5.61
0
0.8
0
2.86
1.58
0.36
1.44
0.16
0.16
0
0
0.32
0.36
0.86
0.02
0.08
0
0
0
0
0
0
0
0
0
12.94
31.89
11.63
1.75
0.02
0.02
0.08
0
0
1.2
0
0.11
1.21
1.09
5.41
8.18
1.3
0.88
0.2
4.86
0
0.67
0.04
1.97
1.26
2.73
0.73
0
0
0
0
0.09
0.01
0.01
0.02
0.85
11.74
9.21
2.31
0
0.14
0.66
0.27
0
0.01
0
0
0
0
0
0.02
0.52
3.29
0
9.86
10.23
7.98
2.63
0
0
0
0.01
0
0
0
0.14
5.34
1.24
0
0.09
0.22
0.98
2.29
0
1.38
8.96
0
3.5
2.32
2.95
0.48
2.68
0.63
3.13
6.39
1.4
0.28
7.48
1.34
0.53
2.25
17.12
7.44
1.62
0.2
0
0.02
0
5.64
3.18
0.81
0
0.02
0
0.96
0.32
0.5
0.08
3.98
6.33
1.8
0
0
1.94
0.64
0.02
0.02
0.04
0
3.79
0.05
0.1
0
0
0
0
0
0
0
0
0
0.03
6.02
5.99
1.01
0
0
0.04
0
0.02
11.84
0.66
1.65
2.99
0
4.08
17.28
14.76
1.73
0.02
0
0
0.03
0.06
0.06
0
0.11
0.53
0.11
1.02
0
0.35
11.56
0.88
0
0.09
0.01
0
0
0
0.01
0
0.29
0
1.66
4.8
7.27
16.57
1.4
0
5.56
1.7
0.97
2.16
1.99
0
0.05
0
0.02
0.99
10.66
22.85
18.79
3.26
5.37
0.8
0.02
0
1.8
0.61
1.2
0
0.36
0.91
10.75
2.89
0.84
8.25
3.6
0.22
0.09
0
3.7
1.84
0.86
1.72
0.17
6.38
2.87
13.07
22.02
10.82
7.02
1.78
0.01
0
0
0
0.05
0.05
0
0.02
0
0
0.01
0.01
0.06
0.06
0
0
0
0.28
1.96
0
0.66
1.09
5.88
10.33
4.66
0.9
0.06
0.09
0
0.01
0.35
0.24
0
0
5.68
12.46
23.28
3.91
0
0
0.04
3.99
6.09
0.7
0
0.41
4.4
26.7
24.89
15.93
11.09
1.63
0.11
0.24
2.34
2.82
0.14
0.28
2.66
6.43
2.91
11.09
11.12
2.69
0.47
0.07
1.08
0.74
18.74
8.13
8.89
6.16
1.31
4.2
3.42
10.39
8.34
2.91
3.54
3.36
0.82
5.49
6.82
5.01
0.55
0.04
0.11
0.01
1.76
6.03
11.46
5.28
4.3
1.07
0.17
0
0.57
5.92
13.3
15.49
7.76
2.63
9.05
6.29
1.84
0.77
1.56
0.94
0
0
0
0.05
0
1.09
0
0.07
0
1.57
10.09
7.03
0.02
0.09
0.01
0.01
0
0
5.98
1.04
0.63
20.4
10.09
5.84
0.04
0.3
0.26
1.52
0.14
0.99
0.03
0
0.18
0.43
0
0.25
0
2.46
0.37
0.08
0
0.16
0
0
0
1.87
2.68
1.74
0.9
0.25
0
0
0
0.02
0
0
0.24
0.27
0.88
2.49
3.52
2.16
0.82
1.3
5.64
3.05
0.06
0
0.05
0.08
0
0.33
6.79
0.67
0
0
3.94
0
0.57
2.02
0
1.82
4.97
1.36
0.89
2.87
1.35
0.27
0.04
1
8.85
6.36
11.98
0.99
1.56
0.1
0.02
0.15
0.32
0
6.9
0.71
1.51
21.15
6.7
0.41
0
0
1.12
0.32
3.41
2.55
1.5
6.04
2.98
0.02
0
0
0.37
0.89
0.8
0.39
0
0
0.01
0.01
0.01
0
1.66
0.04
6.48
0.56
0
0.01
0.49
0.02
9.52
4.53
0
0.01
0.01
0
0
1.65
6.3
1.52
0.64
2.15
0.38
2.26
2.93
0.88
0.12
0
1.24
4.09
1.89
0.43
0
0
0
0
0
0
0.3
0
0
0
0.06
0.1
0
2.95
0
1.4
0.01
0
0
0
0.01
0
0
0
0
0
0
0
0
0
0
0
0
0
0.04
0
0
0
0
0
0
0.43
0
16.08
1.76
0
3.59
0.27
0.94
2.52
3.32
0.38
0
0
0
0.02
0
0
0
0
1.61
24.52
12.54
13.54
10.35
1.55
0.02
0.02
0.05
0
0.53
0
0.59
14.91
6.22
8.71
4.53
8.25
1.43
0.02
0.67
0.23
0
0.04
0.01
0.01
0
0.05
0.01
0.09
0.09
0.09
0.02
0
0.09
0
0
0.02
0.1
0
0.01
0
0.01
0
2.52
1.16
8.5
4.07
0
0
0
0.09
0.03
1.14
2.28
5.73
15.16
5.7
0.59
1.26
5.22
7.35
3.29
34.34
13.61
1.34
1.75
0.9
2.73
0
0.02
0
3.44
0.36
0
0.8
3.11
7.23
2.01
2.23
0
0.01
0.01
0.23
6.49
1.82
0.08
0.05
0.34
0.21
0
0.1
0.06
0
0
0.13
0.01
0.12
2.32
5.87
3.74
3.78
1.51
1.69
0.57
1.41
7.3
2.52
7.48
0.54
0.63
2.79
5.32
0.51
1.94
15.83
4.43
0
0
0.02
0.21
0.11
0.06
0
0.2
0.51
1.64
4.12
6.61
4.54
0
0.15
0.52
6.62
7.23
3.41
4.84
10.02
3.16
0.11
0.64
6.42
11.68
18.98
14.73
16.56
10.09
7.18
16.88
14.4
3.65
0.41
0.06
0.01
0.01
0.12
0
0.26
11.37
1.67
0.04
0.07
2.73
1.54
0.3
0.23
0.02
0.16
0.01
0.15
0
0
0.16
0
0.01
3.3
0
0.09
4.9
1.99
0
9.98
4.52
0.87
0.08
0
0.67
1.29
3.28
2.49
0.06
0
0
0.07
0.34
0.03
0.24
0.03
0
0
3.96
1.66
15.01
12.82
5.8
8.05
10.83
6.57
0.86
1.13
4.66
9.13
4.27
0.87
0.21
0.2
0.19
0.37
0.01
0
0
0.07
0
0
0.08
0
0.01
2.07
12.66
11.22
17.95
9.18
0
1.31
0
2.13
5.03
1.68
0.61
0.05
0
0
0.63
0.07
0.12
0.86
0.12
4.13
2.66
0.86
0
3.27
0.47
0.42
4.67
0.39
4.68
2.66
2.34
1.58
0.04
0.04
0
0.05
0
0
0
0
0
0
0
0
0.03
0.02
0
0
0.02
0
0
0.01
0
0
0
0.01
0
0
0
0
0.01
0
0.01
0.02
0
0
0
0
0
0.06
0
0.02
0
0.04
0.01
0
0
0
0
0
0
0
0
0
0
0
0
0
0
0
0
0.04
0.01
0
0.01
0.32
0
0
0.04
0
0.01
0
0
1.49
0.95
1.44
7.33
1.99
0.18
0
0
0
0
0
0
0
0
0
0
0
0.01
0
0.01
0
0
0
0
0
0
0
0
0
0
1.59
0.64
0.02
0.01
0
0
0
0
0
0
0
0
3.1
1.83
0
0
0.03
0.31
0
0
0
0
0
0
0
0.09
0.05
0
0
0
0
0
0.01
0.1
0
0
0.01
0.55
2.28
0.38
0.73
0.54
0.02
0.17
0
0
0.13
0
0
0
0.21
0
0.01
0
0.13
0
0
1.18
0.29
0.19
0
0.79
8.17
18.05
4.53
1.39
1.48
10.35
17.71
5.76
3.12
7.93
10.53
14.82
2.98
5.47
2.75
0.58
0.99
1.41
1.85
1.3
1.19
6.62
12.05
8.59
8.04
7.58
3.91
2.08
11.73
4.56
0.9
2.27
16.13
2.77
0
1.02
4.84
1.09
0.89
1.28
0
0.91
0.02
0
0.13
0.16
0.91
15.35
18.68
3.21
6.68
2.57
0.02
0.12
1.07
15.04
32.69
17.82
1.64
0
0.63
1.86
13.33
2.09
12.58
9.18
5.98
7.89
3.45
12.87
16.97
14.86
12.95
9.25
10.42
3.13
1.11
0.01
0.13
0
0.01
0
0.09
0.27
0.06
0.24
0.09
0.7
2.52
0.64
0.11
0.05
0.02
0.05
1.62
6.69
6.32
1.16
0.07
0.05
0
0.1
4.1
0.95
5.52
6.03
10.44
8.71
6.63
5.41
1.71
3.52
3.66
12.78
8.81
4.25
2.38
1.3
0.38
0
0
0
2.78
9.46
7.07
0
0
3.41
10.11
6.8
5.02
1.25
10.66
12.96
1.18
0
0.03
0
0
0
0
0.03
0
0
0.05
0.05
0
0
0
0.01
0
0
0.13
0
2.27
1.86
2.62
9.21
2.42
0
0.06
0
0
0
0
0
0
0
0
0
0.01
0
0
0.04
0
0.66
0.82
0.85
2.26
22.57
17.63
11.36
0.15
1.34
0.63
3.56
0
0.73
2.05
4.98
1.96
0.05
0.02
0
0.23
0
0
0
0
0
0
0
0.04
0.02
0
0
0
3.14
12.63
1.47
0
12.54
0.1
3.37
4.51
1.06
1.57
0
0
1.62
3.94
5.27
2.61
0.01
0
0
0
0.02
0
0.09
0.04
0
0
0.02
0
0
0.04
0
0.02
0
0
0
0
0
0
0.42
0
0.08
0
0
0
0
0
0
0
0
0.02
0.04
0
0
0
0
0
0
0
0
0
0
0.05
9.55
0.16
1.67
7.24
3.95
0
0
0
1.09
3.05
2.49
0
1.36
0.81
0
2.63
3.77
5.36
4.75
1.16
3.22
2.5
3.51
5.36
0.1
0
0.22
0
0
0
0
0.03
0
0
0
0
0.18
0
0.56
9.52
3.27
0
24.42
5.16
3.05
21.72
13.99
12.54
22.01
4.14
0.21
0.01
0.16
0.69
5.92
4.53
3.72
3.62
9.46
12.94
10.28
6.94
0
0
0
0
0
0.1
0
0
0.08
0.02
0.23
2.54
0.08
0
4.12
12.04
12.91
3.79
0
0.61
0
0.19
0
0
0.03
0.68
0.13
0.07
0
0
0.09
0.07
0.01
0
0
0.07
0
0.09
0
0
1.38
0.41
1.49
0.01
0.06
0.97
0
0
0
0
0.22
0.1
0
0.01
1.72
5.92
11.45
7.37
0.25
0.32
0
0.48
0.3
0.02
0.09
0
0
0.16
0
0
0.14
1.84
4.31
2.98
1
0.06
0.93
0.04
0
0.32
0.13
0.29
0.97
1.5
0
0
0.34
1.09
0.29
0
0.13
0.06
0
2.94
4.3
0.64
0
0
0
0.07
0
0.2
0.02
5.53
0.66
0
0
0
0
1.41
0.23
0
0.38
1.55
3.23
2.16
3.88
2.09
0
3.82
6.59
1.63
0
0.72
0.16
0.16
3.34
4.34
1.87
0.09
0.07
0.01
0
0
0.02
0
0.9
0.73
0.5
0
0.01
4.43
12.36
4.88
16.85
9.08
0.98
0
0
0
0.63
1.76
0.93
1.58
0
0
0.02
0.01
0.16
0
0
0.13
0.71
0.61
0.28
0.02
0.12
0.48
6.21
3.64
0.16
0.71
4.77
0.16
0.14
0.01
0
0.02
0.02
0
0
4.22
7.98
6.14
3.46
2.38
2.54
16.44
8.65
13.26
12.55
0
0
0
0.17
0
21.7
1.85
1.63
0.22
0
0.01
0.09
0
0
0
0
0
0.28
3.93
3.35
4.98
0.84
0.84
0
0
0
0
0
0
0.03
0
1.95
9.12
6.22
0.46
15.27
15.96
8.72
5.41
0.01
0
0
0.11
0
0.06
0.08
0.07
0.22
0
0
0
0.02
0
0
3.03
1
0
0.01
0
0.19
0.02
0
0
0.71
0.1
0.54
0.14
0
0.63
0
0.28
0.05
0.07
0.04
0.22
0.06
0.64
0
0.13
0
0
0
0.02
0
0
0
0
0
0
0
0
0
0
0
0
0
0
0
0
6.45
0
0.03
0.36
10.23
0
0.09
0
5.59
0.79
0.44
0
1.02
0
0.38
0
0
0
1.77
0
0
0.16
0.62
0.01
0.3
5.79
0
0
0.09
0
0
0
0
0.26
1.46
0.11
4.3
3.32
0.86
0
0.11
0
0.14
0.05
0.59
3.62
0
2.41
0.12
0.05
0.59
0.43
0.16
0
0.78
2.95
0.86
0
0.03
0.07
0.21
0.46
10.35
18.95
0.37
0
0
1.61
0.19
0.23
0.3
11.71
5.09
0.32
0
0
0
0
0
1.01
3.45
1.89
2.55
1.91
2.11
7.19
39.48
4.74
4.04
3.32
3.43
0.92
0
0.13
0.19
0.1
0.19
0
0
0
0
0
0.11
0.17
3.03
0
0.14
0.42
4.42
0.01
0
0
0.06
0
0.01
0
0
0.21
0
0
0
0
0.02
3.01
0.17
0
0
1.38
1.59
0
0
0
0
0
0
0.02
0
0
0
0
0
0
0.15
0
0
0
0
0
0.21
0.72
0.3
1.2
0.81
0.33
0
0.1
0
0
0.34
0
0.18
0
0
0.24
0
0
0
0.2
0
0
0
0
0.18
0
0
0.13
0
0.13
0.46
2.68
10.27
2
0.44
0.75
0
0
0
0
0.02
1.6
1.24
0
0.04
0
0.01
0
2
4.16
2.18
0.05
0
0
0.13
0.34
0
0
0.43
0
0.01
0.21
2.87
0
0
0
0.99
0
0.07
0.17
0
1.88
1.55
0.32
0
0
0.56
7.09
6.95
7.32
1
0.08
0.13
7.34
1.01
0.13
0.13
0.11
0
0.18
4.42
8.61
4.06
15.14
9.2
1.54
2.91
1.36
0.03
0.54
0.1
0.14
0
5.93
1.26
1.35
2.09
0
8.93
1.04
0
0.2
0
0.06
0
0.01
0
0.16
7.7
14.7
14.37
9.47
12.88
0.36
0.02
0.14
0
0
0
0
0
0.13
0
0
0
2.22
12.38
0.39
0
0
1.63
6.04
3.27
0.04
0.05
0.18
0.48
0
0.11
0
0
0.08
0.1
0
0.13
0
0.15
0
0.01
0
0
0
0.1
0
0
0.05
0.34
1.32
4.46
6.53
3.8
2.39
1.74
0.13
2.51
0
1.52
0
0
0.07
0
0.61
0.42
0.01
0
0
0
0
0.02
0.04
0
0
0
0
0
0
0
0
0
0
0.06
0
0.05
0
0.04
3.72
1.54
0.13
0
0.63
1.26
3.18
0.1
0
0.06
0
0
0
0
0.51
0
0
0
0
0
0
0.06
0
0
0
0
0.03
0.99
4.56
0.36
0.03
0
0.07
0
0
0.01
0
0
4.95
1.73
0.13
0
0
0
0.17
0
2.27
0.07
0
0.1
2.49
4.49
5.05
0
9.45
7.98
4.54
0.06
0
0.05
3.21
0
1.39
0
0
0
0.22
0.51
0.14
0.11
0
0.07
0
0.05
0
0
0
0.53
0
0.48
1.61
0.15
0
0
0.11
0.27
0
0
0
0
0
0
0
0.12
0
0
0
0.15
0
0
0
0
0
0
0
0
0
0.21
0
0
0
0
0.07
0.03
0.55
0
0
0
0
0
0
0
0
0.02
0.16
0
0
0
0.13
0.92
1.05
1.99
1.29
2.3
0.25
1.21
1.98
16.09
1.8
0.45
6.6
9.58
10.24
7.49
1.13
0.68
8.45
15.95
29.05
19.27
14.14
10.08
2.23
0
0
0.17
0
0
0
0
0
1
7.74
2.16
0.17
0.11
2.61
5.11
0.42
0.5
0.42
0
0.16
0
0.29
0.75
0.24
0
0
0
0.1
0.01
0
0
0
0.05
0
0
0
0
0
0
0
0
0.2
7.06
2.5
11.28
4.92
0.23
3.68
3.18
0
4.93
0.95
1.51
3.66
0.96
1.46
2.7
0
0
0
0
0.13
0
0
0.03
0
0.13
0
0
0
0.23
0
0
0
0.33
0
0
0
0
0
0
0
0
0
0
0.7
2.3
1.41
11.43
7.21
0.02
0.08
2.75
0.31
0.94
0
0
0.13
0
0.14
0.11
1.57
0.03
0.07
16.99
9.2
10.2
3.08
0
0
0.12
0.11
0
0
0.01
0.1
0.27
0.13
0
0
0.05
0.2
0.09
0
0
0.13
0
0.05
0.19
0
0
0
0
33.76
6.35
0.94
0.87
0
0.34
0.05
0.61
0
2.48
4.64
5.23
6.52
12
13.13
11.73
1.3
0
20.53
8.95
0.97
0
0.13
0.5
5.47
5.69
0.84
0
0
0
0
0.02
0.12
0
0
0.14
0.08
0
0
0.07
0.08
0.25
0.08
0
0
0.05
0.15
0.02
4.78
26.68
3.33
0.17
0
0
0
0
0
0.97
0.2
0
0
0
0.04
0.01
0
1.19
0
0
0
0
0
0
0
0
0
0
18.93
2.89
0
0
0
0
0
0
0
0
0
0
0.07
0.01
0
3.12
1.24
0
0
0
0.01
0.02
0
0.62
3.89
0
0.01
0.23
6.25
0
0
0
0
0
0
0
0
0
0
0
0
0.11
3.81
2.55
0
0.01
0.13
0.43
0.19
2.96
0.3
8.89
0.36
1.15
0
0.03
3.32
22.03
0
0
0.42
3.99
0.89
0.04
0
0
0
0
0.18
0
0.11
0.14
0.13
0
0.08
6.8
2.46
0.2
0
2.64
10.4
1.55
0
0
8.24
0.04
3.01
0
0
0.07
0
0
0.17
0
0
0
0
0.07
0.92
33.42
28.27
13.1
2
0.04
0
0.84
6.21
0
0.25
0.4
0.11
0.12
0.01
0
0
0
0
0
8.64
6.86
2.22
0
0.11
0
0
0
0.02
0
0
0
0.22
1.77
1.65
1.85
1.96
5.13
2.77
0
0.03
0.02
1.46
0.21
1.66
4.02
0.05
0
0
0
0.09
0.01
0.04
0
0
0
0
0
0
0
0
0
0
0
0
0
0
0
0
0
0
0
0
0
0
0
0
0
0
0
0
0
0
0
0
0
0
0
0
0
0
0
0
0
0.6
0.55
0.2
0.07
0
0.04
0
0
0
0
0
0
0
0.01
0
0.96
0.02
0
9.4
0.67
0.68
0
0
0
0
0
0
0
0
0
0
0
0
0
0
0.11
0.2
0
0
0
0
0
0
0.03
0.13
0.28
0
0.47
2.37
0
0
0
1.03
0.7
0.2
0
0
0
0
0
0
0
0
0
0
0
0
0
2.47
9.91
4.18
4.98
9.74
0.11
11.51
6.32
20.95
2.3
1.48
0.17
0.59
2.77
12.14
0.99
0
0
0
0
0.01
0
0
0
0
1.04
1.54
4.49
2.27
1.33
11.48
0.62
0
0.04
0.07
0.32
0
0
0
0.01
0
0
0
0
0
0.01
0
0
0.03
0
0
0
0
0.01
0.12
0
0.5
0
0
0
0
0
0
0.01
0
0
2.5
3.84
3.78
17.71
0.63
0.05
0.46
0
0
0.43
1.3
7.08
3.85
1.49
4.35
0.42
0
0
0.54
0
0
0
0
0
0
0
0
0
0
0
0
0
0
0
0
0
0
0
0
0
0
0
0.04
2.02
7.1
2.45
0
0
3.65
3.95
0
0
0
0
0
0
4.3
0
0
0.01
0
0
14.56
4.46
0.05
0
0
2.72
2.79
0.76
0
19.9
18.97
0.01
0.04
0
0
0
0
0.01
0
0
0
0
0
0
0
0
0
0
0
0
0
0
0
0
0
0
0
0
2.32
0.98
0
0
0
0
0
0
0
0.02
0
0
0
0.59
3.8
0.32
0
0.68
0
0
0
0
0
0
0
0
0
0.06
0.21
1.49
8.89
0.08
0.03
0
0.09
0.2
1.05
2.88
3.55
0.29
0.68
9.66
1.16
0
0
0.13
8.3
5.82
5.99
6.18
0.8
1.9
12.17
8.21
1.1
0
0.06
0
0
0.01
0
0.06
0
0.01
0
0
0
0
0.02
0.01
0
0.5
0
0.07
1.38
1.29
5.86
7.64
4.6
8.66
18.51
6.85
14.05
6.33
3.07
2.93
0
0
0.01
0
0
0.08
0.19
0.01
0
0
0.39
0.45
0.05
0.67
2.81
3.05
0.5
0.1
0
0
0
0
0.23
0.11
0.15
1.61
1.09
11
8.68
1.86
3.98
2.91
0.71
3.4
0.43
0
0.69
1.39
0.55
1.6
2.09
0
0
0
0
0
0
0
0
0
0
0
0
0
0
0
0
0
0.38
0.12
3.18
2
0
0
0
13.25
19.5
1.08
0.62
0
0.02
0
0
0.07
0.08
0.01
0
0
0.14
0
2.84
4.03
8.16
4
4.17
1.98
6.65
12.72
5.06
0
2.85
7.63
3.98
0.01
0.49
14.59
1.46
3.86
13.52
2.6
3.03
2.68
0.34
0.01
0
0
0
0
0
0.38
1.38
0.51
8.02
2.24
0.05
0
0.01
0.14
0.17
0.12
0
0.29
1.74
3.75
0.01
0.09
0.05
0.99
5.19
9.45
5.44
1.16
0
6.73
5.74
0.87
5.93
0.03
0
0
0
33.76
14.23
3.34
8.48
21.05
4.43
0.82
11.56
14.3
6.1
2.05
7.1
0.02
6.43
0
3.89
1.17
0.02
0
0.12
5.38
24.85
20.94
2.5
0.13
0
0
0
0
0
0
0
0
0
0
11.8
3.16
0
0.38
1.71
0
0
0
0
0
0.02
0.05
0
0
0
0
0
0
0.58
0
0
0
0
0
0
0
0
0.05
0
0
0.05
0.05
0
0
0
0
0
0
0
0
0
0
0
0
0
0
0
0
0.01
0.02
0
0.01
0
0
0
0
0.61
0.56
0
0
0.01
0
0
0
0
2.25
4.18
1.15
0.02
0
0.01
0
0
0.02
0
0
0
0
0
0
0
0.02
0.11
0
0
0.06
0
0
0
0
0
0
0
0
0
0
0
0
0
0
0
0
0
12.16
0.45
0
1.81
5.59
6.68
8.27
0.23
0
0
0
0
0
0
0
0.04
0
0.02
0
0
0
6.56
1.86
0
0
0
0
1.37
9.07
0.69
0
0
0
0
4
2.72
0
13.3
4.76
7.84
26.13
35.76
2.84
4.53
4.03
6.13
28.71
7.11
20.13
3.05
1.46
9.81
1.48
0.93
0.43
0.59
0.05
0
0.16
0.1
0.04
0
1.66
25.29
3.7
0.1
1.13
0.08
0.1
0.07
0
0
0.04
0
0.05
1.96
2.02
0.11
2.38
0
0.12
1.78
0
0.98
0.09
0
0
0
0.02
0
1.24
0
0
0
0
0
0
0.43
4.27
3.44
0.79
0.08
0.35
0.05
0.09
0
0
0.02
0.5
2.46
3.05
7.43
2.09
1.43
11.54
22.88
17.8
8.85
1.7
15.04
1.98
0.02
0.05
0.08
0
0
0
0
0
0
0.01
0
3.24
9.7
9.61
12.3
9.97
1
1.59
1.51
1.52
6.66
7.75
4.33
0.27
0.1
1.04
0.21
0
0.03
1.36
0
0
1.02
6.34
1.26
0.04
0
0.75
0.05
0
0
0
0
0
0.16
0
0
0
0
0.02
4.23
11.97
1.89
5.98
7.03
0
0.02
0.17
0.02
0.53
0
0
0
0
0.01
0.07
0.01
8.18
6.11
6.52
5.52
11.27
2.05
0.04
0.65
0.63
0
0.55
0
0.55
0
0
0
1.3
15.14
9.51
3.13
3.2
1.08
0.54
0.61
0.07
0.01
0
0.04
1.05
1.13
2.53
6.46
1.08
0
0
0
1.94
2.98
4.47
7.31
1.91
10.06
10.14
0.05
0.27
3.14
2.59
0.34
0
5.32
1.24
0
0.65
2.05
0.86
0.72
0
0
19.58
2.72
0.19
0.5
0.02
0.02
0.07
0
0
0
0
0
0
0.01
0
0
0
0.46
2.91
0.02
0.01
0
0
0
0.94
1.45
0
7.51
0.05
0.07
0.02
3.59
1.21
0.09
0.02
0
0
0
0
0.01
0
0
0.01
0.15
0.88
0.25
0.2
0
0
0
0
0
0
0.06
0.01
0
0
0.01
0
2.47
0.77
7.73
0
0
0
0
0
0
0
0
0
0
0.02
0
0
0
0
0
0
0
0
0
0
0
0
0
0
0
0
0
0
0
0
0
0
0
0
0
0.17
0.01
0
0
0.14
0
0
0
0
0
0
0
0
0
0
0
0.01
6.23
0.26
0
0
0.66
0
0
0
0
0.02
0.68
0
0
0
0
0
0
0
0
0
0
0
0
0
0
0
0
0
0
0.02
0.17
1.27
0
0
0
0
0
0.02
0.38
5.29
6.25
8.15
4.85
1.29
0
0
0
1.2
3.52
3.33
0.7
0
0
0
0
0
0.03
0.08
0
0.13
0.03
0.29
8.27
12.29
0.96
0.45
0.02
0
0.07
0.08
0.14
0.56
10.84
0.57
1.84
4.09
0
0.31
0
0.07
0.14
0.11
0
0
0
0
0
0.06
0
9.88
7.8
11.53
5.23
0.59
14.47
14.24
7.09
2.45
2.13
5.64
3.52
3.28
0
2.11
0.38
4.71
0
0
0.1
0.07
0
0
0
0
0
0
0
0
0
0
0
0.01
0
0
0
0.02
5.69
9.67
2.12
0.81
0.17
1.29
1.8
4.97
0.26
0.23
2.61
1.33
0.5
0.54
0
3.3
24.66
9.92
9.04
9.94
10.04
8.95
3.66
13.05
3.96
0.43
1.21
5
1.41
0.22
0.14
3.48
7.23
2.03
0.59
0.62
0.91
0.04
3.99
0.61
0.02
0.8
0.22
4.7
8.05
1.11
0.07
0.08
0
1.76
0
0.73
0.02
0.11
0
0
0.43
0
0
0.02
0
0
0.02
0
14.91
2.19
0
4.18
3.79
5.35
4.81
1.07
3.16
9.77
1.13
0.14
2.86
2.21
2.54
0.52
1.05
0
0.02
12.05
4.21
4.91
12.96
9.84
5.8
2.05
1.63
0
0
0.02
2.52
0.94
0.48
5.88
5.62
0
0
0
0
0.34
0.4
1.67
0
0
0.05
0
0.04
0
0.06
1.32
2.4
0
0
9.48
0.98
0
0.57
0
0
0
0
0
0
0
0
0
0
0
0.75
0
0
0
0
0
1.04
2.54
0
0.61
6.45
4.87
0.81
0.02
0.78
0
0.97
1.07
0
0
0.11
0.03
0.01
6.18
0
0
0
0
0
0
0.01
0
0
0
0
0.01
0
0.04
0
0
0.05
0.06
0
0
0
0
6.84
2.38
0
0.01
0
0
0
0
0
0
0
0
0
0
0
0
0
0
0
0
0
0
0
0
0.19
0
0
0
0
0
0
0
0.01
0.04
0
0
4.26
7.43
0.2
0
0.01
0
0
1.96
0.67
0
0
0
26.54
3.41
0
0.01
0.02
0.08
6.87
9.88
3.36
6.02
0
3.01
13.77
2.34
0
2.19
0
0
0.01
0
0
0
0.28
1.35
0.47
5.8
0
0
0.05
0.14
4.25
4.74
2.88
3.42
10.63
5.2
1.66
1.47
0
0
0.03
0.06
5.77
10.88
1
0.01
0
0
0
0
0
0
0
0
0
0
0
0
0
0
0
0
1.23
10.7
15.2
4.95
0.66
3.63
3.65
0
0
1.32
1.01
0.05
0
0
0
0.41
0
0
0
0
0.01
0
0
0.7
0.21
0.04
8.04
1.96
0
0
0.3
13.09
4.48
0.13
0.09
0.01
0
0
0
1.8
1.16
3.2
0.93
0.14
1.25
1.21
1.25
0.05
0.1
0.15
0.01
0
0
0
0
0
0
0.13
20.37
13.34
1.83
6.71
15.64
1.67
1.57
0.05
0.05
0
0
0
0
0.56
0.7
0.13
4.27
11.31
13.66
7.68
12.17
8.67
2.06
0.29
12.83
1.62
0.19
0
0
0
0
0
7.48
12.58
0.84
0.07
0.01
0.15
11.45
9.2
2.73
0
0
0
0
0
8.11
5.43
2.88
1.13
0
0
0
0
0
0
0
0
0.92
1.1
0
0
0
0.2
0
0
0
0
0
0
0.13
0.64
0
0
1.09
3.32
0.62
0.16
0.48
0.02
0
0
0
14.37
11.25
15.67
8.56
2.94
17.01
16.51
0.53
0.16
0.13
0
0.01
0
0.81
0
0
0
0
0
0
0
2.87
6.54
2.03
0
0
0.02
0.55
0
0
0
0.01
0
0
0
0
0
0.09
0
0.92
0
0.01
0
0.05
11.45
0
1.29
0
0
1.11
7.09
9.47
0.03
0
0.03
0
0
0
0
0
0
0
0
0
0
0
0.11
0.34
0
0
0
0.05
0.26
3.83
0.07
0.13
0.06
0
0
0
0
0
0
0.41
0.16
0
0
0.08
1.17
0.74
0
0
0.07
1.13
0
10.33
8.65
2.45
0
1.27
6.3
15.8
16.33
5.84
0.17
0
0.02
0
1.27
0
0
0.01
0.01
1.96
24.11
3.74
0
0.02
0
0
0.41
0
0
0
0
0
0
0
0
0
0.74
0
0
0
0.01
0
0
0
0
0
0.01
0.02
0.02
0
0
0.05
0
0
0.68
2.05
0.13
0.01
0
2.78
0.61
0
0
0
0
0
0
0
0
0
0.11
0
0
0
0
0.03
0
4.38
2.77
0
0.17
4.99
4.11
2.45
0
0
1.48
0.54
14.01
4.3
2.12
4.29
10.13
1.47
0.08
0.31
27.22
17.05
6.56
0.15
0
0.3
0.3
1.21
0.2
0
0.49
7.18
1.85
23.1
11.32
10.58
0
0
6.19
0.55
0.45
0.05
0.15
0.04
0.3
1.1
0.57
0.19
5.29
16.91
3.47
0.54
0.07
0.07
0.51
0.81
0.09
0
0
0
0
0
0
0.01
0.86
1.85
1.45
0.7
0
0.02
0
0
0
0.55
5.29
15.13
10.38
5.95
0.94
0.27
1.07
1.33
8.48
27.08
4.38
12.38
3.68
1.98
1.95
1.79
0.01
0
0
0.05
0.34
0
0.14
0
0.05
0.13
0.03
0.05
0.04
6.27
2.06
0.84
0.24
0.27
4.84
1.29
0
0
0
0.26
7.48
6.1
7.57
4.93
17.05
4.14
7.44
0.31
0
0.13
0
0.23
0.27
1.37
4.83
4.38
7.09
0.51
9.77
3.39
0.41
2.29
0.39
1.02
1.77
0.88
10.28
1.33
0
0.24
0
0.2
0
0.33
0
0.17
1.95
2.01
0
0
0
0
0.01
0.77
0.23
0
0.05
0.93
0
0
0
0
0.38
1.05
0.5
0
0
0
0
0
0
0
0
0
0
0
0
0
0
0
2.27
0
0
0
0.04
0.1
0.04
0
0.7
0.47
0
2.67
4.04
5.03
12.12
4.52
4.19
0.4
0.79
0.24
12.83
20.73
4.64
0.38
3.06
16.22
0.62
1.46
2.94
8.16
1.77
0
2.38
1.41
1.55
23.75
6.91
0
0.47
0.27
0
5.52
3.21
2.62
17.27
3.06
1.34
0.75
5.74
11.09
1.38
3.67
8.58
6.46
2.2
2.31
7.93
0.62
1.95
0.63
1.93
0
0.93
0.79
19.69
0.61
3.62
1.17
0
0
0.95
0
0.17
0.01
1.59
1.14
1.39
0.04
4.33
44.31
32.32
1.23
0.66
2.25
6.3
6.05
7.59
3.88
8.23
1.22
0
2.77
5.29
3.17
9.23
4.18
0.63
23.7
14.71
2.22
10.78
12.01
1.13
0
1.07
3.15
1.19
0.01
1.23
0
1.34
0.02
0
0.48
0
0
0
0.62
0
0
0.41
0.02
0
0
2.86
0.01
0
0
0
0
0
0
0
0
0
0
0
0
0
0
0
0
0
0
0
0
0.07
0
0
0
0
0
0
0
0
0
0
0
0
0
0
0
0.04
0
0.57
0.07
0
0
0
0
0
0.18
0.16
0.13
0
0
0.01
0.25
0
0
0.12
0.05
0
0
0
0
0
0
0
0
0
0
0.02
0.08
0.14
0.31
0
0.35
0.06
0.01
0.05
0
0.17
0.59
1.92
0
1.45
11.89
6.42
21.46
10.31
8.13
1.61
0.36
0
0
0
0.02
0.01
0
0.01
0.02
0
0.11
0
0.16
0.29
0.23
0
0
0
2.43
1.5
0.95
0.02
5.88
5.75
0.75
0.53
0
0
0
0.01
0
0.01
0
0
0
0
0.02
0.02
0
0.08
0
11.63
6.36
1.05
0
0
0
0.4
0
0
0
0
0
0
0
0
0
0
0
0
0
0
0
0
0
0
0
0
0
0
0
0
0
0
0
0
0
0.5
5.2
0.19
0.05
0.05
0.07
0.02
0
0
0
0
0
0
0
1.21
1.76
0
0
0
0.04
0
0
0
0
0
0
0
0
0.01
0.07
0.42
0
0.16
1.4
2.3
2.98
2.53
0
0
0
0
0
0.13
0
0
0
0.1
0.05
1.38
15.46
19.66
11.35
3.27
8.16
2.96
0.11
0.12
0
0.48
0
0.17
5.7
3.22
0.59
0
0
0
0.14
0.01
0
1.84
5.43
0.11
0
0
0.05
0
0
0
0
0
0
0.5
0.09
7.66
4.31
0.06
6.66
5.94
9.4
6.15
4.34
6.55
1.6
2.52
0.44
1.2
6.72
6.67
1.55
0.38
0.41
0.01
0.14
3.19
0.9
2.92
9.21
13.44
18.09
14.27
1.5
2.04
1.02
0.22
0
0
0
0
0
0
0
0
4.52
0.13
0.01
0
0.98
3.4
2.46
0
0.01
0
9.45
0.43
0
10.08
11.66
13.18
21.41
3.25
11.36
6.7
11.65
22
14.61
6.8
2.84
4.27
0.86
0.43
0
1.7
0.18
0.45
0
0
0
0.03
0.7
4.13
4.5
5.73
5.35
7.89
2.13
0.07
0
0.48
0
0
0
0
0
0
0
0
0
0.01
2.67
0.24
0
0
0
0.01
2.03
0.66
0
0
0
0
0.05
0
0
0.01
0
0.44
0.4
0.41
0.32
0
0
0
0
0
8.02
2.1
0.52
0.08
0.03
0.07
0.03
0
0.02
0
0.07
0.27
0.64
0
0
0.01
0
0
0
0
0.02
0
0.19
0
0
0.01
0.02
0
0
0
0
0
1.61
0.04
0.05
0
1.05
1.21
0.11
1.18
2.72
2.49
5.94
0.42
0.01
0.62
0
0
0
0.37
0
0.03
0
0.43
0
0.81
0
0
0
0
0
0
0
0
0
0
0
0.1
0.03
0
0
0
0
0
0
0
0
0.09
2.15
0.58
13.84
1.64
0.09
0
1.05
0.4
0
0
0.8
0.13
2.63
0
0.25
0.02
0
0
0.44
1.27
0.08
1.88
0.07
0.15
0.01
0.19
0
0
0
0.95
1.41
1.36
9.16
7.02
5.08
18.12
9.08
6.02
11.71
5.8
1.34
6.39
9.48
11.88
3.38
4.26
2.62
3.36
0.84
1.87
3.08
3.11
3.67
3.25
3
10.21
3.05
2.05
11.16
7.61
3.82
3.04
14.49
17.32
10.38
1.19
2.38
6.26
2.57
0
0
5.37
6.79
1.07
0.23
0.48
0.11
0.04
3.19
1.47
7.77
1.27
0.02
0.34
0
0.39
1.28
0.94
2.05
0
0
0.64
1.03
0.01
0
0
0.14
0
0
0
0
0.88
0.9
2.49
6.95
7.25
4.62
2.11
3.9
2.66
0.11
0.05
0.04
0
0.03
0
0
0
0
0
0
0.32
0
0
0
0
0
0
0.11
0.19
0
0
0
0
0
0
0
0
0.13
0.08
0
0
0.31
0.23
1.84
0.22
0
0.93
0.53
0.66
0
0
0
0
0
0
0
0
0
8.65
0.47
0
0
0.7
0.05
0
0.16
0
4.47
4.39
0.37
8.9
11.26
7.61
2.02
3.05
0.63
0
0
0
0
0.68
0
0.05
0.01
0.01
0.14
0.95
0.93
0.88
1.91
2.11
2.55
4.04
0.39
0
0.56
0
0.33
0
0
0
0
0.6
0
0
0
0.02
0.82
4.94
0
0
0
1.29
0.36
0.59
3.81
5.26
0.75
0
0.02
0.03
0.04
0.73
0.52
0.05
0.06
0.07
0
0.05
0.02
0
0
0
0.06
0
0
0.01
0.4
2.2
0
4.09
5.73
0.27
0.73
0
0.05
0.08
0
0
0.82
0
0.01
0.77
2.43
0.66
0
0
0
0
0
0
0
0
0
0
0.01
0
0
0
0
0
0
0.38
0
0
0
0
0.27
1.33
0.39
0.71
0.19
0.38
0
0.29
6.31
0.59
0.61
0
0
14.13
6.38
0
0
0.01
0
0
0
5.22
0.08
1.05
0
0.19
0
0
1.98
0.02
2.77
17.09
1.2
1.63
0
1.33
0.69
0.25
0.17
0.29
0
0
0.03
0
1.64
0.67
0.01
0
0.07
2.46
41.56
6.34
0.25
0
0.88
0
0.03
0
9.32
0.7
0
1.36
2.05
0
0
0
0.01
1.61
1.74
0
0.55
9.97
0.02
0.2
5.75
0.37
0
0.18
0.45
2.36
0.06
0
0.77
0
0
0.01
1.13
2.26
3.11
2.04
8.6
0.2
0.05
16.69
26.43
13.1
5.14
0.23
0.39
1.82
4.79
0.57
7.89
6.81
0
1.05
0
0.88
1.29
0.27
13.1
21.76
1.88
0.33
0
0.55
1.09
1.98
0
0
0
0.8
0.3
0.76
9.88
1.97
5.55
8.88
0.9
0.41
0.54
0.04
0
0
0
0
0
0
0
0
0.38
15.59
3.81
2.5
0.03
0
0
0
0.2
0
0.02
1.76
0.01
0
0.05
0
0.01
0
2.57
0
0.56
0.23
0.61
0.24
0.12
0.02
0.06
0
0.05
0
0.37
6.87
2.42
0.66
0.95
0.01
1.06
0
0.02
0.05
0.49
0.98
0
0
0
0.03
0
0
0.02
0.03
0
0.04
0
1.02
0
0.58
3.07
6.72
1.33
0
1.05
4.14
2.42
1.66
5.2
1.55
0
0.85
0.62
0.89
0.25
7.06
3.03
10.23
2.09
0
0.07
0
0
0.68
0.02
1.03
1.78
12.85
3.83
1.98
2.81
0
12.16
9.98
8.62
2.91
6.87
2.52
2.14
5.67
0
0.62
0.95
1.98
3.84
0.03
0.38
0
0.85
0
0.18
0.69
2.02
3.35
0.07
0
0.01
0.05
0.43
0.01
1.76
2.7
8.41
0.69
0
0
0
0
0
0
6.62
12.4
8.75
17.93
4.47
1.03
0.09
0.79
0.47
0.02
0
0
2.07
1.64
0.83
0.1
0.04
0
0
5.33
0
0
0.31
1.1
0
0.17
0.35
0.64
0.07
0.01
0
0
0
0
0
0
0
0
0
0
0
0
0
0
0.02
0
0.04
1.25
8.2
9.44
1.13
4.14
0.25
0
0
0.05
0
0
0
0
0.15
0.05
0
3.22
10.39
0
0
0
0.01
0
0.04
0
0
0
0
0
0
0
0
0
14
0.93
6.8
0.43
0
0
0
0.67
0
0
0
0
0
0
0
0
0
0
0
2.5
0
0.14
0
0
0.03
0
0
0
0
0
0
0
0.17
0.04
0.09
0
0
0
0
0
0
0
0
0.02
0
0.01
0.09
0.45
1.29
0.09
0
0
0.13
0.01
0.17
0
0.07
2.23
1.36
0.05
0
0
0
0.78
21.52
11.11
23.52
0
0
0.05
0.01
0.15
0.52
0.38
0
0
0
0.15
0.11
0
0.13
6.49
17.41
0.21
0
0.26
4.06
4.48
1.16
14.88
3.05
0.05
0.38
0.06
0
0.2
0
0.13
0
0
27.89
19.51
12.66
4.71
4.43
1.41
0.76
0.01
0
0
0.02
0
0
0
0
2.28
13.34
4.5
5.46
0.48
0.02
0
0
0
0
1.14
1.55
0
0
0
0
0
0
0
0.25
1.53
3.04
13.05
0
0.1
0
2.9
0.11
0.53
0.01
0.1
3.38
0.5
0
0.2
0.34
9.39
5.27
2.55
5.84
1.94
0.4
0.03
0
0
0
0
0
0.03
0.03
0.05
4.57
4.02
0.46
0.02
0
0
0
0
0
0
0
0
0
0
0
0
0
0
0.01
0.01
0
0.01
0
0.01
0.47
4.28
4.35
0.11
0
0
0.01
0.01
0.09
0.01
0.01
0.01
0.01
0.02
0.04
0.18
0
0
0.01
0.01
0.01
0.01
0.01
0.02
0.01
0
0
0
0
0
0
0
0
0
0
0
4.67
0
0
0
0
0
8.08
1.3
0.02
0
0
0.01
3.25
1.48
0.11
0
0
0.27
2.3
0.44
0
0
0
0
0
0
0
0
0
0
0
0
0
0
0
0
0
0
0
0
1.36
0.17
0.16
2.77
0.24
0.18
0.27
19.55
3.15
11.35
20.3
11
6.66
0.65
3.56
0.26
0.67
0
0
0.02
0.02
0
0
0
0
0
0
0
0
0
0
0
0
0
0
0
0
0
0
18.44
4.99
1.04
0
0
2.95
0
0.01
0
0
0
0
0
0.02
0
0
0
10.15
8
3.17
1.88
0.66
4.83
0.18
0.03
0.07
0.55
14.79
22.64
24.27
4.98
6.2
1.63
1.34
3.3
0.34
0.82
0.13
1.35
4.75
0.06
0.89
4.67
9.48
1.36
5.95
1.36
0
0.06
0
0
3.99
15.65
0.13
0
0
0
0
0.04
0
1.13
0.37
0.01
0
0
0
0.01
0
0
0
0.31
0
0.01
0
0
1.52
0.4
0
0.02
0.01
0.41
0
0.01
0.68
0
4.43
0.91
0.47
1.59
2.23
1.72
0.34
0.93
3.83
0
0
1.34
0.41
0
0.33
0
0
0
0
0
0
0.77
0
0.05
0
5.84
0.13
0
0
0.18
0
0.27
0.11
0.02
0.8
2.29
0.02
0.13
0
0
0
0.02
0
0
0
0.05
0
0
0
0.02
0.05
0
0
0.02
0
0
0
0.03
0
0
0
0.18
11.46
20.79
11.06
0
0
0
0.07
0
0
0
0.29
0.1
0.05
6.36
8.41
8.77
6.54
5.52
0.23
2.51
9.52
25.65
2.88
18.31
14.02
0
0
0
0
0
1.87
1.1
3.8
3.93
8.02
10.81
3.47
0.3
0.49
0
0
0.03
0
0
0
0
0
0
0.04
0
0
7.75
0.1
0
0
0
0
0
0
0
0
0
0
0
0
0.03
0.06
0.41
4.41
2.78
13.09
1.65
11.28
1.73
1.61
0
0.11
0
0
0
0.11
8.43
4.55
0
0.06
0
0
0
0
1.04
2.4
0
0.62
0.03
0
0.01
0
0
0
0
0.38
0
0
0
0
0
0
0
0.05
0.3
0.12
0
0
0
0
0
0
0
0
0
0
0
0
0
0
0.26
0
0.2
0.1
0.07
0
0.27
1.77
0
0.16
0.2
0
0.63
4.38
2.36
0
0.05
0
0
0
0
0
0
0
0
0
0
0
0
0.59
0.52
0.29
2.81
3.1
0.29
0
0
0
0
0
0.09
0.4
0.57
0.24
3.19
9.31
1.8
0
0
0
0.16
0.5
0.89
0.07
3.38
1.25
0.23
0.01
0
0
0
0
0.02
0
0
0
0
0
0
0
0
0
0.04
2.14
2.08
0.56
2.42
0.35
0.03
0
0
0
0.48
0.86
0.45
7.22
11.56
11.74
1.79
3.06
0.7
4.55
1.12
4.55
1.19
1.1
0.65
0.13
1.53
1.5
0.38
5.72
9.19
1.67
5.7
10.77
6.82
1.87
2.66
8.55
3.43
1
0
0.02
0
14.88
11.03
10.6
7.86
2.25
0.78
0.41
0
0
0
0
0
0.09
5.96
4.44
6.57
4.82
19.41
6.23
0.39
0.01
0.12
0.37
0.25
0
0
3.71
0
0.13
0
0.23
1.56
0.36
0.48
0
0
0.01
0
0
5.85
0.03
0.1
0.01
0
0
0
0
0.09
0.88
0.01
0
0
0
0
0
0
0
0
0
0
0
0
0.01
0
0
0
0
0
0.01
0
0
0
0.02
0.31
0.7
0.19
0.03
0
0
0.77
0.01
0
0
0
0
0
0
0
0
0
0
0
1.12
2.89
0.57
0.02
0.04
0.27
0.03
0
0
0
0.38
0.24
0.03
0
0.46
1.78
1.61
2.19
0.07
0
0.01
0.01
0
2.92
0
0.01
0.38
0.02
0.11
25.37
14.67
2.09
3.18
0
0.05
0
0
6.79
0.49
7.79
0.41
0.74
8.14
11.81
6.01
5.14
7.63
33.73
13.3
12.19
14.48
7.36
1.11
3.17
4.96
5.7
0
0.42
0.91
0.06
0.75
0.91
1.16
3.54
12.13
14.26
5.66
1.17
1.58
9.16
3.02
7.91
6.84
0.49
8.78
2.18
2.17
0
0
0.1
0
0
0
0
0
0.86
0.24
0
0
0
0
0.02
0.59
0
0
1.22
1.12
5.59
0.45
7.95
0
0
0.19
0
0.27
0
0.02
0
0.01
0
0
0
0.25
0.02
0
0.01
0.01
0.38
0.17
0.02
0
0
0.4
0
1.12
1.14
1.67
0.03
0.02
0.59
1.46
0
0.86
7.15
1.41
9.8
12.8
3.63
6.6
17.31
1.39
0.9
0.23
0
0.74
1.3
0.18
0.13
0.39
0
0
0
0.38
0.16
0
0.82
0.98
0
0
0
0
0
0.03
4.2
9.54
1.75
1.29
1.83
0.13
0.04
0
0
0
0
0
1.05
0.69
0.4
0.73
0.44
4.11
0.41
0.03
3.85
0.45
0.22
0.02
2.65
6.66
5.14
1.51
0.62
0
0
0
0
0
0
0
0
0.06
0
0
0
0
0.42
0.7
0.56
0
0.06
0
0
0
0
0
0
0
0.28
0.49
0.89
0.01
0.05
0.09
0
0.52
1.55
1.03
0
2.92
0
0
0
0
0
0.07
3.7
2.34
0.13
0.66
4.55
0.9
0.09
0.38
3.77
6.82
0
0.01
0
0.23
0
0
0
0.04
1.11
1.27
0
0
5.31
0
0
0.01
0.3
0.93
1.85
2.11
9.61
9.1
2.21
1.3
6.55
1.29
0.87
0.91
2.34
0
0
0
0
0
0
0
0
0.63
0.08
0.01
0
0
0
0.13
0.38
0
0
0
0
0
0
0
0
0.01
0
0.1
0
0
0
0
0
0.01
0.01
0.01
0.01
0
0
0
0
0
0
0
0
0
0
0
0
0
0
0
0.02
0
0.32
0
0
0
0
0
0
0.01
0
0.03
0
0
0.14
1
1.95
0
0
0
0
0
0
0
0
0
0
0
0
0.05
0.2
0.11
0.64
0
0
0
0.01
0
0
0
0
0
0
0
0
0
0.05
0.05
0.01
0
0
0
0
0
0
0
0
0
0
0
0.28
0.34
0.01
0
0.01
0.02
0
0
1.43
1.16
1.58
4.3
3.32
0.84
0.15
0.41
1.77
2.1
2.75
1.95
2.23
0.1
3.3
2.06
0.14
0.32
1.65
9.27
5.59
1.48
0.05
0
20.62
8.94
4.75
0.45
5.79
5.04
3.12
0
7.1
0.93
0.16
1.21
0.11
11.97
2.8
0
0
0.12
0.42
0.63
15.05
11.5
4.82
17.26
3.87
9
3.21
1.72
0.32
3.54
0.57
0.07
0
0.03
0.05
0
0
0.03
0
0
0
0
0
0
0
0.45
0.3
0
0.74
0.48
0.19
0
1.23
1.44
5.31
0
0.06
0
0
0.1
0.3
0
0.03
0.01
0
0.89
0.63
0.43
1.26
0.2
0
0
0
0
0.15
0.18
0.64
0.53
11.2
2.44
1.64
0.15
0.4
0.91
0
0
0
0
0
0
0
0
0
0
0
10.11
5.89
0.91
1.28
0.5
0
1.53
1.88
0.26
0.59
0.05
0.09
1.97
0
0
0
0
0
0
0.01
0
0
1.79
1.87
0.13
1.18
24.15
5.43
2.03
0.3
0.01
5.05
0.66
0
0.04
0
0
0
0.33
1.58
0.94
0
0.26
0
0.01
1.04
0.72
3.64
0.81
0.09
0.04
0
0.33
0.19
0
0.03
0
0
0
0
0
0
0
0.09
0
0.31
0
0
0
0.23
0.07
0
0
0
0
0
0
0
0
0
0
0
0
0
0
0
0
0
0.01
0.01
0
0.01
0.03
0.72
4.24
5.32
4.16
6.25
3.62
0.39
5.46
0.66
0.04
0
0.41
7.84
2.77
0.63
0.09
0.11
3.63
18.31
4.13
6.88
11.4
0
0.12
2.01
0.43
0.8
0.11
0.19
0
0
0
0
0
0
0.05
0.01
0
0
0
0
0
0
0
0
0
0.34
0.2
4.84
4.02
12.27
0.11
0.02
0.01
0.02
0
1.39
0.24
0
0
0
0.88
0.02
0
0
51.05
2.97
1.19
3.2
4.09
0.75
0.14
0.55
0.45
0.11
0
0
0.01
0.1
0.22
0.11
0.68
0
0
0
0
0
0
0
0
0
0
0
0
0.05
0
0.09
0
0
0
0.01
0.73
0.03
0.03
0
0
0
0
0
0
0
40.46
3.93
1.19
0.02
0
0
0.05
0
0
0.01
0
2.88
7.37
4.5
4.76
0
0.01
0
0
0
0
0
0
0
0
0.42
1.05
0.01
0
0.02
0
0.09
0.18
0.01
0
0.1
0
0
0
0.77
6.48
0.1
0.11
0.02
0.01
0
0
0
0
0
0
0
0.01
0
0
0.08
1.32
0.14
0
0
0
0
0
0.15
0
0
2.26
0.39
0
0
0.05
0.69
0
0
0
0.41
2.37
0
0
0
0.25
0
0
0
0
0
0
0.01
0.02
0
0.02
0
1.41
16.68
26.41
18.9
0.08
3
10.21
10.15
2.93
7.01
0.04
0
1.91
0.52
0.34
0.17
6.41
2.51
2.54
0.94
0
3.57
0
0
0.4
13.65
0.96
2.98
6.13
3.93
0
2.89
0.49
0.34
0
0.03
16.52
2.43
0.54
0
0.46
0
0.49
11.11
4.15
8.64
20.21
8.54
7
4.74
8.82
18.92
15.69
2.98
0.48
0.59
9.88
6.9
15.46
1.41
17.03
3.78
1.06
9.5
0.47
0.78
0
0
0
0
0.06
2.84
2.59
10.35
6.22
18.13
7.37
0.29
2.4
4.93
6.22
3.88
0
6.79
14.18
1.04
0
0.93
12.12
1.32
0.05
0
0
0
0
0.68
3.59
0.43
0
0
0
0.09
1.16
0.28
0.19
0.09
0
0
0.78
8.87
0.16
0.83
0
0
0
0
0
0
0
0
0
0.01
0
0
0.4
4.77
2.51
0.36
0.02
0
0
4.09
0.05
0
0
0.12
0.05
0.07
4.43
0.13
0
1.87
7.6
9.25
8.58
0.36
0
0.16
0.19
5.13
2.26
0.31
0
0
0
0
0.51
0
0
0.39
0.38
0
0
0
0.05
9.5
0.13
0
0.01
0
0.28
2.27
2.11
2.81
1.79
1.78
0
0
3.23
21.8
9.58
3.97
4.57
22.68
10.33
1.82
0.01
0
0.91
1.36
15.29
11.47
5
1.2
0.09
0
0
0
0
0
0
0
0
0
4.81
3.03
0
0
0.16
0.12
0
0.41
0
1.27
0.43
0
0.75
0
0.06
1.34
0.39
5.59
2.14
3.09
0.56
0
0
0
0
0.02
0
0
0
0
0
0
0
0
0
0
0.13
0.79
1.01
0
0
0
0.02
0.91
0.01
0.02
0
0
0.01
0.02
0
0
0.01
0
0
1.2
9.94
0
0
0
0
0
0
0.24
0.23
0.12
0
0
2.02
1.15
0
0
0
0.1
25.58
6.59
3.13
1.27
0
0.23
0
0.04
0
0.01
0
0
0
0
0
0.34
0
0
0
0
0
0.28
2.82
0.19
0.06
0.01
2.01
0
0.29
1.57
0
0.34
0
0
0.13
1.06
1.32
0.9
12.3
8.25
0.8
0
0
0
0
0
0
0
0.02
0
0
0
0
0
0
0
0
0
0
0
0
16.57
0.58
0.31
0.03
0.61
0.04
0
0.24
0
0
0
0
0.01
0
0
0.02
0.01
0
0
0
0
0.83
2.23
0.78
0
0
0
0
22.36
37.57
16.12
12.36
3.44
0
7.66
0.51
2.81
5.15
3.31
0.63
2.72
1.58
0
1.44
0.64
0.1
0.01
0.01
0.02
0.06
0
0
14.8
9.62
1.16
2.82
0
1
0.78
13.37
25.87
25.66
5.2
0
0.06
4.61
13.74
13.61
21.57
13.34
7.25
11.27
6.28
2.75
0
0
2.95
8.32
1.37
16.23
2.15
11.45
3.02
0.94
11.95
3.55
14.38
21.98
0
0
0
0.02
0
0
3.34
13.21
2.23
13.25
21.73
18
4.51
6.7
2.47
0
0.38
0.28
0
0
0
0
0
0
3.24
0.59
0.16
0
0
0
0
0
0
0
0.13
0.23
0.56
0.12
0
0.16
0
0
0
0
2.47
0.34
0.5
0
0
0
0
0
0
0
0
0
0
0
0
0
0
0
0
0
0
0
0
0
0
0
0
0
0
0
0
0.02
0
0
0
0
0
0
0
0
0.13
0
0
0.07
0.88
0.55
0
0
0
0
0
0
0
0.96
6.04
19.9
18.5
4.47
0.81
0.02
0
0
0.11
0
0.06
0
0
0
0.03
0.2
0.09
0
3.3
1.63
2.52
0.17
0.02
0
0
1.15
2.66
2.89
2.11
14.7
5.22
2.29
0.2
0
0
0
6.78
2.99
5.31
0
0
0
7.37
19.25
2.93
8.13
0.18
5.61
16.5
7.89
0
0
0
0
0
0
0
0
0
0
0.05
0.04
0
0
0
0
0
0
0
0
0
0.01
1.64
1.07
0.04
13.63
5.73
2.07
0
0
0
0.04
0.68
1.1
4.8
0
0
0.04
0.82
0.04
0
0
0
0
0
3.04
1.66
18.38
1.57
0
0.03
0.02
0.95
0.63
0.37
0
0
0.02
1.55
0.29
0
0
0
11.6
0.49
10.49
0.1
0.01
0.66
0
0
0
0.01
0.09
0.01
0.02
0.37
2.95
0.63
0.88
11.77
0.9
7.76
0.17
0
0
0
0.45
0.01
0
0
0
0
0
0.3
0.41
0
0
0
0.61
1.59
7.92
0
0.27
0.31
0.07
2.34
0.53
0.03
3.58
1.95
1.32
4.44
0.2
0.21
0
0.18
0
0
0
0.22
0
0.27
0.12
0
0
0
0
0
0
0
0
0
0
0
0.32
2.41
3.72
6.83
2.27
0
1.92
2.08
7.67
11.24
0.14
0
0
0
10.91
13.84
5.39
41.48
15.88
2.63
8.16
3.82
8.88
9.6
0.98
8.84
0.56
0.07
0.23
2.54
9.23
3.78
4.7
16.35
5.17
0.59
3.88
8.02
0.07
0.25
1.84
0.38
1.1
0.19
2.08
0.05
10.34
0
0
0
0.95
0
0.2
3.2
1.63
0.08
0
7.16
21.17
38.32
7.05
4.59
0.34
3.88
8.2
0
0.02
1.81
0.55
0.24
1.38
0.79
3.91
10.68
0
1.41
0.17
1.09
0.31
0.01
0.1
0
0
0
0.02
4.63
4.98
0.11
0
0
0
0
0.01
0
0
0
0.46
0
0.78
3.67
0.53
1.41
4.1
0.34
1.25
1.66
13.71
1.97
3.4
0.17
0
0
0.02
0.07
0.01
0
0
0
0
0
0
0
0
0
0.14
1.44
0.4
0
0
0
0
0
0
0
0
0
0
0
0
0
0
0
0
0
0
0.21
0
0
0
0
0
0
0.09
0
0.52
1.36
0.43
0.4
0
0
0
6.11
1.36
2.35
0
0.41
4.1
2.25
4.4
3.16
0.6
0.25
4.36
5.02
2.65
1.18
0.73
15.79
3.16
5.63
0.66
0
0.02
0
0.45
1.61
0.21
0.06
0.02
4.52
1.15
3.84
8.4
3.16
2.57
1.56
3.18
0.91
0.43
0.63
0
0.02
0
8.75
7.09
2.57
10.66
8.75
1.36
1.51
0.41
0.67
5.38
4.64
0
1.11
2.55
4.29
2.09
10.44
22.88
2.45
15.54
0.7
4.2
1.14
0.53
1
0
2.23
3.01
0.01
0
0
0
0
0
0
0
0
0
0
0
0
0
0
0
0
0
0
0
0
0
0
0
1.55
1.16
0
0
0
0
0
0
0
0
0
0
0
0
0
0
0
0.02
0
0
0
0
0
0
0
0
0.01
0
0
0
0
2.24
1.92
0
0
0
0
0
0
0
0
0.24
1.02
0
0
1.73
1.43
0
2.87
0.05
0.13
0
0
0
0
0.07
0
8.32
0.01
0
0
0
0
0.02
0
0
0
0
0.19
0.01
0
0.16
0.37
0.09
0
0
0
0
0
0
0.28
0.24
3.03
10.68
0
10.18
10.62
6.23
1.48
4.2
4.02
2.28
0.25
0.45
1.39
5.62
18.39
4.48
0.02
1.39
1.31
0.36
0.13
0
0
0
0
0
0
0
0
0
0
0
0
0.06
1.39
1.12
0
0.05
0
0
0
0.12
1.05
22.36
9.3
0.42
0
0
0
0.05
0.47
0.16
0
0.01
0.19
0
0
0
0
0
0
0
0
0.04
0.02
0.38
0
0
0
0.11
0.12
0.25
0
1.37
0
0
0
0.2
0
0.07
0.73
1.56
0.51
0
0
0
0
0
0
0
0.35
0.46
0
0
0.05
0
0
0
0
9.3
14.02
2.55
0
0.04
0
0
0
0
0.38
0.94
4.59
1.59
0.07
0
0.01
0
0
8.12
5.95
0
0
0.27
0.24
0.53
0.02
0
0
0
0
0
0
0
0
0
0
0
0
0
0.09
0
0.37
7.55
0.25
0
0
0
0
0
0
0
0
0
0
0
0
0
14.17
5.37
0.98
2.59
0
0
0.22
3.92
0.32
0
0
0
0
0
0.7
18.28
6.16
0
0.6
1.27
0.03
0
0
0
0
0
0
0
7.12
7.16
3.18
2.8
0.61
0
0
0
1.26
0
0
0.09
0
0
0
0
0
0
0.02
0
0
2.98
2.33
8.09
1.16
0
0.04
0.98
0.88
0
0.04
0
2.71
4.78
14.55
11.31
6.15
0.57
8.22
2.25
3.59
0.92
1.85
4.84
5.81
0.36
0
0
0
0
0
0.04
0
3.54
5.91
10.47
6.18
0.95
0
0
0
0
0
0
0.01
0
0
0
1.36
14.16
1.64
0
0
0
0.02
0.24
1.02
7.93
0
0
1.47
23.44
0.2
0
0.75
0
0.23
0.04
0
0
0.58
0.48
0
0
0.16
0.03
0
0
0.13
0.01
0
0
1.53
0
0
0
0
0
0
0
1.5
2.26
0
0
0
0
0.1
0.01
0
0
0
0
0
0
21.27
1.6
0.07
0.06
0
7.66
0.02
0.01
0
0.01
0
0
2.91
0.33
0
0
0
0.13
0
0
0
0
0
0.07
6.86
0
0
0
0.16
1.02
1.1
0
0
0
0
0
10.59
2.14
0.48
0
14.22
6.96
2.39
2.61
0.15
0
0
0.04
0.1
2.95
12.22
1.15
0.07
0
9.36
30.33
3.98
0.27
0
0
4.96
8.63
1.48
0
0
0.03
0.11
0
0.01
0
0
0.46
1.93
3.18
0.13
0
0
2.95
10.88
2.71
0
0
0
11.9
4.36
22.13
13.41
11.78
19
22.57
9.38
1.77
9.52
8.45
5.33
0.27
0.36
0
0
0.02
0
0
0
0
0
0.01
0
0
15.97
9.89
1.92
4.38
2.68
0.75
0
0.02
0
0.83
1.21
0.01
0
0
0
0
0
0
0.05
0
0
0
0.02
0.36
0.1
0.14
0.02
0
4.19
0.37
0.37
0.23
0.68
9.07
1.8
0.74
0
0
0.95
0.12
0
0
0.02
0.46
0.23
0.19
3.23
2.15
3.68
1.77
0
0
0
0.03
0
0
0
0.02
0.21
2.13
0.6
0
0
1.1
3.84
2.53
0
0.29
0
0
0.02
0.03
0
0
0
0.07
0.05
0
0
0
0
0.48
0.91
0.05
0
0
0
0
0
0
0
0
0
0
0
0
0
0
0
0
0
0
0
0
0
0
0
0
0
0
0
0
0
0
0
0
0
0
0
0
0
0
0.04
0
0
0
0
0
0
0.09
4.75
0.98
6.85
4.69
1.57
1.63
0.52
0.12
0.75
0.11
7.96
2.54
1.63
11.38
7.56
4.25
0
0
1.87
6.36
4.75
7.64
2.19
0
2.3
11.41
26.33
14.97
1.3
12.3
4.56
0
0.08
11.06
1.73
0
0.46
4.64
14.39
1.69
0.05
0.09
0.11
0.23
0.17
4.36
2.54
8.4
15.08
6.48
3.04
2.64
1.21
0
0
0
0
4.56
3.59
1.44
0
1.22
2.82
2.86
0
0.04
0
9.77
1.5
0
0
0
0
0.04
0.88
4.02
12.02
3.09
0
0
0.01
0.08
0
0
0
0
0
0
0
0
0
0
0
0
0
0
0
0
2.04
4.53
0
0
0
0
0
0.03
0
0
0.04
0
0
0.09
0.02
0.02
0
0
0
0
1
2.37
0.59
0
0.01
0
0
0.01
0.01
0.29
0
0
0
0
0
0
0
0.01
0
0
0
0
0
0
0
0
1.02
0
0
0
0
0.01
0
0
0
0.03
0
0
0
0
0
0.13
0
0
0.19
0.53
0
0
0
0
0
0
0
0
0
0.15
2.29
0.02
0
0
0
0
0
0
2.06
6.58
0
0
0
0.11
0
1.3
0.68
0.64
2.2
0.93
0.07
0.64
0
0
0
0
0
0
0
0
0
21.05
0.74
0.29
1.28
3.86
0
0
0
1.02
5.42
5.63
2.23
1.47
0.51
0
0.2
0
0
0
10.62
0.34
1.17
20.37
0.52
2.64
20.04
2.8
0.19
0
0
0
0
11.87
3.47
0.4
0.01
0.18
0
0
0
0
14.82
30.45
3.3
2.26
0.38
1.39
0.13
1.2
13.92
1.16
16.43
4.24
0.09
0
7.82
18.72
4.92
1.84
0.32
0
0
0.23
0.29
4.03
0
0.04
0.14
0
0
0
2.93
11.25
14.07
11.05
10.45
15.25
5.27
6.97
12.3
5.58
0
9.58
1.02
6.14
3.76
16.04
4.73
0.02
0.77
5.19
3.88
8.78
0.02
0.42
0.99
2.53
4.54
1.15
11.67
2.42
0
0
0.98
6.48
9.56
7.71
25.4
5.67
4.77
1.56
0.01
0
0
0
0
0.93
1.97
2.74
8.62
8.81
1.83
0.55
0
0
0
0
0.23
0
0
0
0.03
0
0
0.02
0
0.38
0.68
1.04
1.37
0.61
24.71
27
10.48
21.13
2.33
0
10.38
6
0.39
2.21
1.16
3.76
0
0
0
3.45
0.18
0
0
0.01
0
0
0.03
0.45
0.93
6.16
0.45
1.36
1.7
0.44
0
0
0
0
0.02
0
0
0
0
0
0
0
0
0
0
0.3
0.15
10.49
5.23
0
0
0
0
0
0.24
0
0
0.7
0.32
2.16
0.65
2.91
4.38
1.13
2.66
0.08
0
0.02
0.44
6.29
3.66
0
0
0.01
1.5
1.26
0.16
0.5
10.44
3.91
14.78
2.7
4.34
1.58
1.75
0
0
0.01
0
0
0
0
0.04
0
0
0
0
0
0
0
6.63
3.93
0.27
0
0
0
0
0
0
0
0
0
0
0
0
0
0
0
0
0
0
0
0
1.79
1.41
0
0
1.36
0
1.23
2.73
0
0.83
0.62
0
0.52
3.23
0
0
0.09
0.03
0.01
0
0
0
0
0
0
0.02
0
3.3
0
0
0
0
0
0
0.01
0
0
0
0
0
0.8
0.46
8.09
0
0.71
0.42
0
0
0
0
0
0
0
0.01
0
0
0
0
0
0
0
0
0.02
1.79
0.42
0
0
0
0
0
0.01
0
0
0
0
0
0.01
0
0
0.35
5.91
17.4
12.02
11.59
1.74
1.2
0.68
0
13.37
1.8
0
0
0
0
0
0.35
9.58
1.86
8.38
1.89
0
0
7.08
0.44
0
0
1.15
11.66
15.07
31.02
7.67
0.26
2.57
0.02
0
0
0
0.02
0
0
0
0
0
0
0
0.26
0.34
0
0
0
0
0
0
0
0.48
0.98
1.36
0
0.01
0
0
0
0
0
0
0
0
0
0.05
0
0
0
0
0
0
0
0
0
0.01
0
0
0.01
0
0
0
0
0
0
0.02
0
0
0
0.34
0.9
2.21
0.4
0.01
0
0
0.01
0
2.95
3.88
2.88
6.84
6.53
0
0.01
0
0
0
0.07
0.02
0
0.78
0.72
0
1.49
0.45
0.41
0
0
0
1.67
1.39
14.51
1.82
0.02
0.01
0
0.04
0
0.01
0.01
0
0.05
0.14
0.02
8.02
0.48
0.2
0
0
0.01
0
0
0
0
0
0
0
0
0
0
0
0
0
0
0
0
0.34
6.54
4.24
0.95
12.82
4.11
2.18
0.36
0.07
0
0
0
0
0.65
11.24
8.96
19.21
8.27
2.17
0.07
0
0
0
0
0
0
0
0.02
0
0.16
0.07
0
0.19
0
3.01
2.24
0
10.29
11.45
4.81
1.12
0
9.04
10.04
4.01
0
0
0
0
0
0.84
0
0
0
0
0
0
0
0
0
0
0
0
0.28
1.8
0.05
3.1
9.42
2.66
16.9
25.27
1.86
0.77
1.28
0.01
0
0
0
0
0.1
0.01
0
0
0.33
2.52
0
0
0
0
0
0
0
0
0.48
0.02
0.24
7.09
8.83
15.41
5.85
9.38
2.74
0
0
0
0.01
0
0
0
0
0.01
0
0.02
0
0
0
0
0
0
0.02
0.02
0
0
10.28
0.02
0
0
0
0
0
0.05
0.58
0
0.03
0
0.01
0
0
0
0
0
0
0
0
0
0.15
4.98
0
0
0
0
0.02
0
0
0
0.01
0
0
0
0.04
0
0.18
0
2
3.03
0.28
0
0.09
1.64
4.21
0.05
0.35
3.33
0.02
0
0.73
0
18.13
6.76
0
7.93
2.3
0
0
0.07
0
5.34
1.7
0
0
0
0.16
0
1.19
0.17
0
0
0
0
0
1.54
6.19
14.84
4.6
0.77
7.98
1.89
7.22
0.3
0
0
0
0
0
0
0
6.95
0.32
0
0
0
0
1.05
14.58
22.15
11.1
0.48
0
0
0
0
3.99
0.29
0
0
8.44
10.41
0.23
0.05
0
0.02
0.01
0
0
2.63
4.56
0
0.01
0.3
0.05
0.01
0
0.03
0
0
0
0.02
0.38
1.36
14.88
8.01
4.71
7.22
2.46
4.09
15.1
4.37
6.85
14.55
2.93
7.93
0.19
0.12
3.14
2.79
2.83
0.3
3.11
0.59
0
0.08
0.25
0.22
0
0
8.38
12.53
4.27
0.61
3.66
0.99
0
3.77
4.59
5.59
5.2
0.16
0
0
0
1.52
1.5
5.14
10.95
0.03
0
3.8
2.12
2.27
10.27
3.66
3.86
12.13
1.62
9.65
1.9
6.32
0.04
0.27
0.01
0
0
0
0
0.18
6.94
4.44
9.18
3.9
11.23
0.17
0
0
0
0
0
1.07
1.09
1.55
0.47
0
0
0
0
0
0
0
0
0
0
0.05
0
0
0
0
0
6.17
10.13
2.39
0.88
1.48
0.27
6.34
17.12
12.12
1.95
0.15
0.01
0
0
0.14
1.96
0.1
0
0.01
0
0
0
0
0
0.31
0.62
0.04
0.01
0
0
0
0
0.02
1.12
1.29
0.06
10.03
18.04
5.32
13.91
27.16
5.79
0.21
0
0
0
0
0
0
0.01
0.2
1.7
1.59
1.68
8.13
10.32
1.06
0.69
0
1.55
7.66
1.73
0.25
0.48
0.91
0
1.21
2.75
0
0
0
0.66
0
0
0
3.55
2.09
11.01
3.18
6.88
1.41
0
0.46
0.11
0
0
0
24.42
0.61
0
0
0
0
0
0.05
0.23
0
0
0
0
0
0
5.32
8.83
1.27
0.63
6.38
2.46
0
1.08
0
0
0
0.04
0
0
0
1.82
0.37
0
0
0
0
0
0.01
3.86
0.71
0
0.01
0
0
0.15
0.05
0
0
0
0
0
0.06
0.01
0
0
0
0.25
2.82
0
0
0.38
0
0
0
0
0
0.05
0
0
0
0
0
0
0
0
0
0
0
0
0
0
0
0
0
0
0.52
0.38
0
0
0.01
0
0.13
0.11
0
0.4
0
0
3.66
0.21
3.42
0.16
0.03
0
0
0.04
0
0
0.09
0
0.23
4.95
12.56
2.01
2.32
0
0
0
0
0
0
0
0
0
0
0.01
0
0
0
0
0.84
0
0.01
0.01
0.8
0.38
4.33
2.74
19.34
8.54
8.22
0.54
0
0
0
0
0
0
0
0.74
2.25
14.27
7.31
1.13
14.73
3.3
28.24
10.47
1.88
3.87
0
0
0
15.7
2.83
2.75
10.98
0.88
16.65
17.42
1.65
0
0
0
0.36
0
0
11.55
0.85
0.65
0
0
0.03
0.01
12.45
7.82
0.19
0
0
0.01
0
5.12
7.02
0
0
11.58
0.36
0
2.38
8.4
3.97
0.55
0.31
0
2.02
4.93
0.96
1.16
1.93
0.09
0
0
0
0
0
0
0.91
3.34
0
0
0
0
0
0
0
0
3.57
0.62
1.83
0.66
0.03
0
0.02
0
0
0.01
0
0.01
0.26
0
0
0.02
0.27
0.01
0.38
0.13
0
0.28
0
0
0.55
0
0.02
0
0
0.44
7.28
4.24
0.43
0.21
2.71
5.4
0.7
0
0.08
0
0.02
0.04
0.02
0.01
0
0
0
0
0.02
0
0
0
0
0
0.48
6.46
5.88
5.79
4.45
13.91
16.22
4.05
2.23
1.68
0.58
0
0
0.02
0.01
0
0.48
0
0
2.03
1.94
0.84
12.9
1.68
0
0
0
0.07
0.98
0
0
0
0
0.16
0.07
0
0.91
8.54
4.97
6.71
8.52
1.6
15.71
1.63
0
0
0
0
0
0.02
0.02
0
0
0
0
0
12.94
11.45
0.98
3.79
0
0
5.18
2.72
0
0.01
0
0.01
3.41
23.88
5.3
2.84
11.07
25.13
2.42
3.4
7.18
0.52
0.64
0
6.52
3.31
0.6
0.07
0
0
0
0
0.7
0.01
0
0
0
4.98
4.81
1.94
2.87
0.99
2.3
0.02
0
0
0
0.01
0
0
0
0
2.98
3.19
0
1.44
0.38
1.25
5.59
0
0.01
0
0
0
0.59
0.88
0
0
0
0
0
0.03
0.01
0.72
0.15
0
0
0
0
0
0.01
2.8
18.66
0.02
0.01
0
0
0
0
0
0
0.36
9.66
2.39
0
0
0
0
0.01
0
0
0
0
0.05
8.39
0
0
0
1.64
0.66
0.09
1.31
0
0
0
2.86
3.87
1.34
0.43
0.04
0
0
0
0.06
1.86
0.42
0.95
0
0
0
0.02
0
0
0
0
0
0
0
0
0
9.68
16.92
1.22
1.52
2.16
0
0
0
0
0
0.08
0
0
0
0
0
0
0
0
0
0
0
0
0
0
0
0
0
0
0
0
0
0
0.11
0.32
0.18
0.18
0.09
0.1
0.62
0.27
0
0.01
0
0
0.61
4.63
10.35
7.8
4.88
1.11
0
0
23.38
6.71
20.08
12.48
3.84
2.65
2.5
1.69
1.29
1.64
13.08
4.83
0
0.33
0.46
0.04
0.01
0
0
0
0
0
0
0.03
0
0
0
0.02
0
0
0
0
0
0.02
3.21
4.65
0
12.94
3.06
5.92
0.11
1.65
0
0
0.16
0.25
0.24
0.01
0.08
0.14
0.38
0.37
0.17
0
0.03
0.02
0
0
0
0
0
0.13
0.28
0.25
0
0
0
0
0
0
0
0
0
0.05
0
0.01
0
0
0
0
0
0
0
0
0
0
0
0
0
0
0
0.78
2.95
0.53
0.12
0
0
0
0
0
0
0.02
0.06
1.64
6.06
0.35
0.41
0
0
0
0
0.09
0
0.13
0
0.01
0.01
0
0.89
1.67
9.12
1.63
1.51
0
0
0.01
0
0
0
0
0.02
0
0
0
0
0
0
0
0
0
0
1.43
0.18
0
0
0
0
1.87
0.48
6.48
1.12
0.45
10.11
0.45
1.38
0
0
0
0.22
9.46
3.18
1.5
0
0.03
0.06
0
0.04
0
0
0
0
2.14
0.38
0
0
0.11
0
0.41
0
0
0
1.77
0
0
0.06
0
0
0
0
0
0
0
0.01
0
0
0
0.12
0
1.25
1.73
10.86
1.72
0
4.6
1.38
0.13
0
0
0
0
0
0
0
0
0
0.27
0.77
2.3
15.07
3.77
2.41
0.08
0
0
0
0
0
0
0.07
0
0.89
0
0
0
0
0
0
0
1.4
1.56
3.14
4.11
1.2
0
0
9.9
0.24
0
0
0
0
0.23
0.37
0
0
1.44
0
0
0
0
0
0
0
0
0
0
0
0
0
0
0.02
0
0
0.02
0
0
0
0
0
0
0
0
0
0
0
0
0
0
0
0.75
0.13
0
0
0
0
0.24
0.13
0.02
0
0
0
0
0
0
0
0
0
0
0
0
0.04
0
0
0
0.01
0
4.36
9.52
2.3
0.59
0
0
0
0
0
0
1.85
0
0.02
0
0
0
0
0.04
0
0
0.03
0
0
0
0
0
0
0
0
0
0
0
0
0
0.54
3.41
3.7
6.05
2.16
0
0
9.04
5.46
0.55
3.84
3.8
12.19
0.28
0.66
0
0
0.91
25.36
0.62
6.66
2.71
0
0
0.17
0.36
0
0
0.07
4.2
2.04
0.21
0.72
14.95
13.59
23.4
8.92
1.02
0.03
0
0
0
0.01
0.03
0.08
0.1
1.9
0.1
0.26
0.19
0
0.01
18.83
19.25
0.54
1.04
0.2
0.11
0
0
0
0
0
0
0
0
0
0
0
0
0
0.02
0
0
0
0.01
0
12.58
4.39
0.09
1.95
0
0.4
0
0
0.02
0
0.92
3.12
2.57
2.5
9.99
0
0.01
0.02
0
1.73
2.28
3.45
0.27
0.34
0.1
0
0
0
0
0
0
0
0.01
0
0
0.15
0
0
0
0.13
0
0
0
0
0
0
0
0
0
0
0
0.43
0.01
1.46
5.44
3.29
3.75
3.47
1.44
4.53
2.44
18.41
5.28
0.07
0.39
0
0
2.05
15.77
2.38
1.03
0
0.15
0.21
0.09
0.02
0
0
0
0
0.01
3.59
8.16
5.25
2.73
1.55
3.45
6.85
0.77
0.07
0
0
0
0.04
0.01
0
0
0.01
0
0.41
1.82
3.68
4.36
0
0
0
0
0
0
10.69
2.48
1.13
1.91
0.16
1.34
0.2
10.48
2.35
1.95
0
0.04
0
0
0
0
0
0
0.15
2.36
5.08
4.56
1.11
0.36
0.01
0.02
0
0.27
4.16
1.28
0.07
0.14
0.01
0
0
0
0.01
0
0
0
0
0
0
0.04
0
0.85
0
0
0
0
0.01
0
0
0
0
1.24
9.2
3.97
0.01
0.36
0
0
32.49
1.4
0.71
0.58
2.26
0.54
0.16
0.05
5.51
5.3
0
0
1.23
5.32
0
0.24
0
0
0
0
0
0
0
0
0
0
0
0.67
4.58
2.93
1.13
0.59
3.06
7.18
2.27
0.27
0.22
0
0.02
0
0
0
0
0
0
0
0
0
0
0
0
0
0
0
0
0
0
0
0
0
0
0
0
10.61
0
0.11
0
0
0
0
0.01
0
0
0
0
0
0
0
0
0
0
0
0.86
2.27
5.63
0.9
0.68
0
0
5.23
10.2
10.67
0.95
0
0
0
0.02
0.02
35.76
7.02
0
3.37
0.64
0
0
0
0
0
0
2.82
0.31
1.12
0
0.16
0
0
0
0
2.01
0.01
0
0
0
2.13
14.83
9.31
9.41
16.8
1.18
7.7
9.01
0.09
3.68
0
0
0
0
0
0.01
0
14.96
14.64
3.06
0
1.16
3.06
0.15
0.2
0
0
0
0
0
7.21
14.65
0.27
0
0
0
0.25
0.57
3.62
4.18
3.47
0.15
0.36
0.8
0
0
0
0
0.8
3.24
15.14
4.74
13.51
0.03
0
0
0
0
0
0
0
0
0
0
0
0
0
0.07
0
0.04
0
0
0
0
0
0
0
0.06
0
0
0
0
0
0
0
0
0.01
0.04
0
0.01
0
0.09
0
0
0
0.05
0
0
5.32
1.44
3.07
3.11
4.74
0.16
0
0.33
0.96
0
0.07
4.93
3.95
3.02
1.09
0
3.92
14.84
6.41
5.84
4.26
0.96
1.02
2.73
0.04
6.88
1.51
1.3
0.05
6.49
1.31
0.35
3.18
1.6
5.84
0.42
0.01
0
0.01
0.01
0
0
0.25
4.13
3.32
0.14
0
0
0
0
0.01
0.02
0
0.37
0
0
0.39
1.48
0.51
0
0
0.2
0.04
3.87
8.68
3.61
0.78
2.99
4.81
6.82
4.49
3.66
0.56
0.82
5.48
6.48
2.98
2.44
0.78
5.66
8.14
4.43
1.02
0
1.47
0.38
0
0
0.32
0
0
0.01
0.1
3.91
12.5
7
9.21
3.39
7.72
0.79
7.13
6.36
0.99
0.39
0
0
0
0
0.02
0
0
2.41
0.51
0
0
0
2.02
10.48
16.41
3.04
1.28
5.35
2.87
3.39
2.87
0.13
0.26
0
0
0
0
0
0
0.03
0.26
0
0
0
0
0
0
0.02
0
5.45
4.34
20.05
4.13
0.04
0
0.01
0
0
0.01
0
0
0
0
0
0
0
0
0
0
0
0
0
2.08
0
0
0
0
0
0
0
0
0
0
0
0
0
0.01
0
0
0
0
0
0
0
0
0
0
0
0
0.01
0
0.98
1.44
0.02
0
0
0
0
0.1
0
0
0
0
0.01
0
0.01
0
0
0
1.93
1.27
0.1
0.01
0
0
0
0
0
0
0
0.07
0
0
0
0
0
0
0
0
3.38
0.38
4.69
1.53
0
0.16
0.23
0
0
4.61
0.91
0.35
0.27
0
0.45
0
1.64
0.87
0.44
2.16
3.16
1.86
14.2
4.86
0.85
0
0
0
0
0
0.01
0
0.02
0
0
0
0
0.01
0
0
0.14
9.33
0
0
0
0
0
0.11
0
0
0
0.03
0
0
0
0
0
0
0
0
0
0
0
0
0
0
0
0.01
14.56
21.34
0.92
3.04
0.12
0.08
0
0
0
0
0
0
0.82
0.08
0
0
0
0
0
0.09
0.23
0.04
0
0
0
0
0
0
1.38
0.93
0.66
0.79
0.89
0.55
0
0
0
0.05
0
0
0
0
0
3.29
9.18
4.02
0.77
0.32
0.35
0.5
0
0.16
0.67
10.93
0.81
1.87
0.99
3.96
0.82
0.02
0
0
0.77
0
0
0
0
0
0
0
0
0
0
0
2.55
1.14
11.69
1.84
0
0
0
0
0
0
0
0
0
0.48
0
0
0.59
1.55
18.45
4.65
0.33
0
0
3.27
0.52
0.31
3.1
0.95
0
0.02
0
0
0.02
0
0
0
0
0.11
0.65
0.15
0
0
0
0
0
1.21
0.31
0
0.1
0.46
7.55
0
1.58
0
1.41
0.3
0
0
3.07
0.77
0
0
0
0
0
0.01
21.8
16.59
13.78
18.09
5.36
0
1.77
0.76
0
11.28
18.62
10.46
20.99
10.93
5.84
0
1.96
0.47
0
0
0
0
0
0
0
0
0
0
0.87
0.24
1.27
9.06
14.41
12.21
2.45
5.68
9.44
1.61
4.07
4.07
3.69
3.82
1.56
0
3.97
0.97
11.08
5.81
6.35
0.7
0.95
3.18
2.29
1.4
14.21
4.94
4.9
1.42
0
4.73
0.63
0.42
5.7
8.01
7.39
0.38
0
0
0.81
1.88
7.09
1.18
0
0
0
0.01
0
10.3
4.85
0.15
0.05
0
0
0
0.3
0
0
0
0
0
0.03
0
0
0
0.01
0
2.75
1.01
0
0
0
0
0
0
0.02
0.01
0
0
0
0
0
0
0
0
0
0
0
0
0
0
0
0
0
0
0
0
0
0.01
0
0
0
0
0
0
0
0
0.09
0.52
1.36
0
0
1.2
1.3
2.75
0.01
0
0
0
0
0
0
2.06
3.52
2.03
0.46
0.28
6.22
2.83
0
0
0
0
0
0
0.01
0
0
2.79
4.69
2.22
0.07
0
0.48
0.23
0.29
0
0
0
0
0
0
0
0.01
3.7
0
0
0
14.72
6.33
0
0.66
0
0.23
0.84
8.05
0
3.25
12.73
7.81
1.68
0.97
0
0.02
9.91
15.85
2.17
8.84
28.65
9.08
5.08
0.68
0.27
0.15
0
1.36
0.75
0
0.01
0.02
0.13
0
0
0
0
0.02
0.25
0
0
0
0
0
2.07
0
0
0.48
9.12
4.62
0.66
3.55
1.58
1.96
3.66
1.07
5.89
19.49
6.34
2.71
0.64
0.73
0.51
11.46
1.38
0.26
0.12
0
0
0
0.83
0.01
0
0
0
0.01
0
0
0.07
0.03
0.09
0.01
0.8
2.29
5.93
0.35
0.02
0.36
0.88
1.38
3.61
1.54
0.36
0.04
1.11
0
0.02
0.04
0.02
2.68
5.26
5.21
2.07
11.47
4.33
1.7
3.92
1.16
0.22
1.71
2.23
0.99
2.74
4.37
8.07
3.11
7.47
10.43
4.1
1.14
0.66
2.61
0
0
0
0.02
0
0
0
0
0
0
0
0
0
0
0
0
0
0.04
0.76
4.35
1.53
1.33
9.17
3.21
1.85
0
0.86
0.63
0
0
0
0
0
0
0
0
0
0
0
0
0
0
0.21
0
0
0
8.23
0
0.55
0.49
0.26
0
0
0.32
0.08
4.81
3.52
0.05
3.85
17.45
4.77
2.98
0.1
5.85
5.21
6.89
2.11
7.27
1.41
0.56
0.68
0
0
0.01
0.22
0.84
0.05
0
0
1.8
0.55
0
0
0.81
0
0
0
0
4.71
2.36
0
0
0
0.04
0
0
0
1.36
0
2.13
0
0.02
0
3.84
0.04
0.14
0
0.8
0.16
1.3
0.06
0.01
0
0
0
0
6.48
0.72
0.59
0
0
0
0
1.45
2.46
0.78
0.35
0
0.47
0.36
0
0
0
0
0
0
0
0
0
0
0
0
0
0
0
0
0
0
0
0.57
0
0
0
0
0
0
0
0
0
0
0.01
0.13
0
0
0.02
0
0
0
0
0
0
0
0
0
0
0
0
1.95
0
8.25
0
4.75
0.73
0.36
0.4
0.98
0
0
0
0
0
0
0
0
0
0
0
0
0
0.13
0
0
0.12
0
0
0
0
2.93
0.11
1.91
0.66
0
0
0
1.29
0.87
0.29
0
0.08
11.17
3.16
0.16
0.02
0
0.02
0
0
0
0.02
0
0.36
1.04
1.01
1.68
0
0.51
0.63
0.01
0.84
2.52
1.76
0
0
0
0
0.18
0.2
0.04
0
0
0
0.2
15.59
12.17
1.27
0
0.02
0
0
0
0
0
0
0
0.45
0.01
0.03
0.02
0.14
0.09
1.53
0.8
0.25
0.01
0
0
0
0.53
0.38
0
0
0.01
0
0
1.04
0.21
0
0
0.63
2.58
0.17
4.34
8.02
1.43
0.79
8.83
5.29
0
0.45
1.45
4.04
0.35
0.12
0
0
1.65
2.63
2.51
0.02
5.05
2.4
0.47
0
3.52
16.05
23.48
31.43
17.3
20.84
8.53
4.82
16.64
19.83
14.15
6.71
5.39
0
4.58
8.36
2.25
0.53
6.79
0.77
0.01
3.88
2.2
10.01
13.49
2.56
0.09
3.68
2.09
1.17
3.51
0.04
0.18
0.25
0.05
0
0.78
0
0
0
0
0.03
1.88
0.59
0
0.4
5.69
2.52
0
0.28
11.43
4.32
0.07
0.02
0.02
0.04
0.66
5.11
16.22
4.66
2.02
0.5
0.19
7.9
9.68
8.95
2.61
10.89
4.8
1.23
3.44
0.18
4.79
5.55
0.63
11.13
3.79
7.59
2.01
0.01
0.01
0.01
0
0.01
0
0.01
0.01
0.01
0.09
0.55
0
5.42
1.13
2.76
21.66
12.3
0.7
0.02
1.39
5.6
0.56
2.34
0.23
0.19
3.89
0.79
0
1.39
3.84
0.86
0
0
0
3.09
7.69
8.35
7.08
4.73
11.55
4.9
2.08
0.05
1.29
2.57
0.96
0
1.95
0
0
0.01
0.04
3.24
1.84
2.79
5.08
0.57
1.32
0.05
4.67
10.92
8.97
6.92
6.55
11.39
8.18
3.48
0.15
0
0
0
0
0.01
0
0
0.68
0
0
0
0
0.47
0
0
0
0
0.14
0.02
0
0
0
0
3.66
17.38
8.08
7.72
7.68
4.8
3.27
3.63
1.26
0.63
1.3
0.86
0
0
0
0.02
2.25
10.14
1.08
5.4
2.99
3.64
0
0.22
8.41
6.53
0.66
0
0
0.01
0
0.01
0
0.76
0
0
0
0
0
0
0
0
0.02
0
0.03
0
0.01
0
0
0.05
0
0
0
0
0
0.05
0
0
0
0
0
2.78
0.44
2.65
0
0
0
0
0
0
0
0.05
2.8
0.48
0
0
0
0
0
0
0
0
0
0
0
21.43
5.48
0.11
0
0
0.1
0.63
0
0
0
0
0.59
0
0.15
0
11.4
7.49
2.57
0.72
1.1
0.15
0
2.73
0
0
0
0
0
0
0
0
0.05
3.73
0.83
0
0
0.33
4.71
20.92
8.45
3.93
0.32
0
0
0.01
0
0
0
0
0
0
0
0
0
0
0
0
0.73
2.34
13.55
6.2
1.14
0.34
0
0
0
0
0.66
14.05
3.38
0.5
0
0.58
0.1
8.29
2.16
1.38
1.35
0.05
3.45
4.29
3.55
0.85
0
0
0
0
0.02
0.06
3.56
6.16
5.09
5.96
0.28
0.12
5.19
10.38
8.89
4.96
0
0
0.11
0.14
1
0.44
0
0.15
0.25
0.45
0.98
5.52
20.09
13.86
3.12
0
0
0
0
0
0.23
2.6
2.14
0.1
0.01
0
1.32
2.7
1.84
0.91
9.88
5.15
3.95
0.58
0
0.01
0
0.02
0
0
0
2.5
0.77
0
0
0.01
0
0
0.32
2.59
11.78
4.44
2.36
0.56
0.02
0
0
0.01
0
0
0
0
0
0
0
0.06
2.27
4.47
6.37
12.17
5.22
0.81
7.27
3.44
0.77
0.43
0
0
0
0
0.05
0.48
0
0
2.82
4.01
0.11
0.43
0.01
0.8
0.68
0.01
10.54
2.04
1.83
6.4
9.63
15.01
5.54
0
0.05
0
2.09
0.77
3.36
1.98
2.91
6.52
5.09
0.18
0.05
0
0
0
0
5.11
0.44
0
0
0
0
0.21
0
0.06
0.01
0.02
0
0
0
0
0
1.14
0.77
21.74
4.31
1.79
0.2
0
0
0
0.59
8.01
2.59
3.09
3.8
2.5
0.13
2.14
0.86
17.2
2.24
0
0
0
4.2
2.64
3.69
1.78
0
0.09
0.34
0.61
0
0.12
1.39
0.34
0.45
0
1.69
6.88
8.04
14.77
10.43
1.34
0
0
0.04
1.82
1.92
9.05
10.1
1.2
0.39
0.2
0
0
0
0
0
0
0
0
0
0.12
0.2
0
0.02
0.01
0
0
0.67
0.04
0.23
1.06
0.21
1.03
0.75
0.1
0
0
0.01
0
0
0
0
2.01
0
0
0
0
0
0
0.02
0
0
0
0
0
0
0
0
0
0.44
1
0
0.23
0.24
0
0
0
0
0
0
0
0
0
5.78
1.09
0
0
0
1.04
0.11
0
0.01
0.02
0
0
0
0
0
0
0
0.02
0
0
0
0.57
0.86
0
0
0
0
0
0
0
0
0
0
0
0
0.02
0.01
0
0
0
0.04
0
0
0.04
0
0
0
0
0
0
0
0
0
0
0
0
0
0
0
0
0
0
0
0
0
0
0
0
0
0
0
0
2.71
11.95
3.38
6.36
13.83
3.57
0
0
0.06
0.06
8.93
19.76
19.63
12.1
4.03
1.28
0.09
0.5
0.62
0.43
0
0.14
7.39
2.97
0.02
0.95
1.14
0.46
1.66
0.16
3.46
0.45
0
0
0
0
0
0
0.08
2.34
4.45
0
0.34
0.14
0.42
0
0
0
0.2
0.02
0.24
0.9
0.4
0.17
3.25
0.78
0
0.01
0.12
0
0
0
0
0
0
0
0
0
0
0.28
0.7
0.68
0
0
0.02
0
0
0.04
0
0
0
0
0
0.87
1.88
2.99
0.96
0
0
0.01
0
0
0
0
0
0
0.11
0
0
0
0
0
0
0
0.02
1.79
0.51
0.02
0.02
0.02
0
0
0
0
0.83
0.1
0
0.01
0
0
0
0
0
0
0
0
0
0
0
0
0.01
1.21
0
0.26
0
0
0
0
0
0
0
0
0
0
0
0.05
0
0
0
2.26
2.46
0.11
0
0.05
0
0
0.01
0
0
0
0
0
11.95
6.66
11.63
11.32
5.64
0.57
0.02
0.34
1.2
1.48
4.14
2.43
4.13
0.89
0
0.46
2.99
4.84
1.7
0.5
0.04
0
0
0.1
0.19
4.28
8.86
11.11
6.91
1.98
0
3.32
8.25
0.18
0.2
0.25
0.29
0
0
0
0.5
1.17
1.09
0
0
0
0
7.6
4.77
0.52
0
0
0
0
0
0
0.02
0.01
0
0
0.04
5.05
0.83
0
0
0
0
0.48
0
0
0
0
0
0
0
0
0
4.95
5.28
1.86
0
0
0
0
0
0
0
0.01
0
0
0
0
0
0.01
0
0
0
0
0
0
0.01
0
0
0
0
0
0
0
0.01
0
0
0
0
0
1.37
0.4
1.26
0.02
0.03
0
0
0
0
0
0.02
0
0
0.01
0
0
0
0
0
0
0
0.01
0
0
0.02
0
0
0
0.01
0
0
0
0.02
0
0
0.02
0
0
0
0
0
0
0
0.95
0.2
1.55
0
0.02
0
0
0
0
0
0
0
0
0
0
0
0
3.69
0.43
3.6
5.57
2.54
19.58
0
0
0
0
0
0
0
0
0
0
0
0
3.52
1.83
0
5.21
0.62
0
0.43
5.38
13.17
13.25
12.46
1.43
0.14
8.64
7.66
8.59
3.32
0.25
0
11.01
1.63
0.67
6.14
16.24
12.73
0
0
0.53
16.54
4.82
7.39
1.44
0
0.07
0
0.02
0
6.67
0
0
0
0.55
0
0
0
1.8
9.76
0.7
0
0
0
0
0
0
0
0
0.09
0.3
0.01
0.03
0
0
0.05
1.27
10.18
1.59
2.18
0.56
0.1
0.21
0.17
0.27
0
0
0
5.48
0.05
0.02
0.02
0.76
0.12
1.55
0.66
0.01
0
0
0
0
0.08
0.03
0.3
0.14
0.33
3.79
2.44
0.05
0.77
6.27
3.92
11.25
9.92
4.52
1.29
9.98
5.38
0.05
0.23
0
5.79
0
0.08
0
0
4.41
2
0
0
0.55
0.38
0
0
0
5.82
0.11
0
0
0
0
0.12
1.66
0.66
2.27
0.27
6.68
9.47
1.47
0.14
0
0.09
0
1.85
0.9
0.04
0.12
7.28
3.78
4.65
14.23
14.58
5.2
2.16
5.16
3.47
1.26
0
0.07
2.19
11.26
1.46
8.95
0.74
0.07
2.36
3.06
3.45
12.24
20.98
8.36
4.76
12.87
1.55
10.38
0.39
0.88
7.95
10.05
1.47
0.02
3.07
0.52
0.26
0
0.41
0
0
0
0
0
0
0
0
0
0
0
0
0
0.33
8.53
2.95
7.76
0.23
2.55
1.92
0
0.21
0
0
0.01
0.07
0
0.71
0.3
0.37
0.18
0.04
1.55
4.77
3.91
10.95
8.94
2.96
0.8
0
0
0.01
0
0
5.13
2.23
1.24
3.15
0.41
0.01
0
0
0
0
1.74
0.45
1.08
0.84
1.5
0
0
0
0.2
0.01
0
0
0.8
1.29
1.55
0.3
0.09
0.04
0
0
0
0
0
0
0
0
0
0.05
0
0
0.01
0
0
0.02
2.52
1.19
3.3
0
0.03
0.21
0
0
0
0
0.69
3.03
7.8
0
0.01
0
0
0
0.02
0.01
0
0
0
0
0
0
0
0
0.01
1.59
0
0
0
0.08
2.66
0.13
0
0.74
3.17
0
0.02
0
0
0
0
0
0
0.02
0
1.51
6.3
0.62
0
0
0
0
0.03
0.02
5
0.16
2.14
0
0
0.05
0
0
0
0
0.01
0
0
0
0
0
0
0
0
0
0.01
0
0.63
11.88
1.37
1.65
0.4
2.96
4.46
9.82
0.39
0
0
0
0
0
0.01
0
0
0
0.02
0
0
0
7
0.03
0.03
19.13
0
2.39
3.68
0.02
0.07
0.05
0
0
0
0
0.07
0.51
2.6
0.09
0
0
1.14
0.09
0
0
0
0.02
0.02
0
2.28
10.55
5.59
1.79
0
0.29
0
0
0
0
0
1.03
0.95
0.08
0.4
0
0
0
0
0
0
0.14
0
0
0
0
0
2.1
0
0.03
0
0.06
4.91
13.42
0.38
0
0
0.65
28.06
10.43
0
8.86
0.84
0
0.11
0.98
7.58
11.61
13.85
10.56
2.46
0.2
0.01
0.05
0
0.35
0
5.76
5.04
2.95
5.03
2.3
4.77
6.77
2.3
0.59
4.27
3.66
0
0
0
0
0
6.64
5.88
3.6
2.46
0.11
0.27
1.28
16.38
3.1
7.86
6.52
6.1
16.55
3.12
8.55
3.68
2.21
1.83
3.48
0.36
1.12
0.27
0
2.58
0.3
0
0
1.71
0.27
1.02
0.99
0.7
10.73
4.8
0.38
0.11
0.48
0
0
0
0
0
0
0.01
0.01
0
0
0
0
0
0.58
2.3
2.16
2.43
0.18
1.67
3.16
1.59
0
0
0
0.24
0.18
1.43
10.74
4.84
1.4
0.23
0
0
0
0.02
0
0.02
4.25
0
0
0.59
0
0
0
1.38
2.32
10.15
0
0.02
10.27
0.21
1.34
0.82
0
0
0
0
0
0
0
0
0
0
0.02
0.3
0
0
0
0
0
0
0
0
0.01
2.02
3.11
6.99
1.41
2.37
6.15
1.81
0.09
0.37
2.84
0
0
1.28
0
0
0
0
0
0.88
0
0.04
0.14
2.14
7.52
1.64
0.37
0
0
0
0.07
0
0.02
0
0
0
1.71
8.7
0.46
4.33
0
0
0
0
0
9.17
24.92
0.01
0
9.47
0.22
0
0
0
0
0
0
0
0
0
0
0
0.13
0
0.01
0
0
0
0
0
0
0
0
0
0
0.05
0
0.2
0
0
0.01
0
0.01
0
0
0
0.03
0
0
0.01
0
0
0.14
0
0
0
0
0
0
0
0
0
0
0
2.29
1.54
0.25
0.22
0.04
0
0
0
0.03
0.05
0
0
0
0
0
2.4
0.73
0.2
1.89
1.04
1.17
0.05
13.01
10.41
2.73
5.57
0
0.02
0.89
4.17
1.17
0.73
1.07
0.31
0
0
0
0.01
0
4.71
17.05
19.13
12.09
12.39
7.11
2.1
1.54
0
0
0
0
0
0
0
0
0
0.02
0
0
0.02
0
0
0
0
0.89
21.83
8.02
0.82
0.21
2.24
4.55
0
5.58
11.37
0.71
13.3
7.79
2.69
0.64
0.51
0.03
0
0.01
0
0
0.19
0
12.63
4.45
6.24
28.32
8.19
0.03
2.27
0.69
0.32
0.04
0
1.99
0.63
0
0
0
0
0
8.38
8.98
0.35
0.54
0.01
0
0.03
0
0
0
0
0
0
0.04
0.99
1.56
0
0
0
0
0
0
0
0
0
0
0
0
0
0
0
0
0.19
11.55
0.16
0
1.81
1.3
0
1.14
1.34
0.67
0
0
0.01
0
0.21
1.3
21.91
0.33
0
6.31
5.44
1.81
2.91
0.32
0
0
0
0.12
3.89
2.55
0.05
1.72
0.59
0.05
0.02
0
0.16
1.94
2.66
0
0.78
0.09
0.13
0.1
0.02
0
0
0
0.07
0
0
0
0
0
0
0
0
0
0.01
0.01
0
0.02
1.21
11.73
2.09
3.72
4.17
6.03
15.91
0
0
0.01
0
0
0
0.04
0
0
0
0
0
0.1
0.19
0
0.6
2.51
0.73
2.11
0.89
0.06
0
0.93
4.41
0.57
0.23
0
0
0
0
0
0
3.81
14.89
2.06
0.09
0
0
0
0.05
0.05
0.06
0.01
0
0
0
0
0
0
0
0
0
0.01
0
0
0
0
0
0
0
0
0
0
0
0
0.01
1
0.28
0
0
0.04
0.77
0.69
0
0
0.05
0
1.79
11.45
17.3
4.23
1.87
0.43
1.65
0.16
0.01
0
0
0.01
0.03
3.36
2.03
3.07
0.02
0
0
0
0
0.04
0.06
0
0.01
0.46
0
0
0
0
0
0
0
0
0
0
0
0.03
0.74
0.63
0
0
0
1.53
2.84
0.01
0
0
0
0
0
0
11.94
0.12
0
9.78
0.02
0
0.29
1.06
4.68
0.09
0
0
0.02
0.07
0
0
0.03
0
0.01
0.02
0
15.49
0.88
0.11
0.06
0
0
0.65
0
0
4.44
4.11
1.98
0.12
0
2.93
0.9
0
2.44
0.07
0
0
0
0.03
0.04
0
0.19
14.73
0
0
0
0
0
0
0
0
0
0.07
0
0.57
3.32
3.05
0
0.4
0.09
2.91
6.32
4.27
0.02
0
0
0.34
0.58
2.58
4.99
0
0
0
5.8
5.27
0.45
0.36
0.05
0
0
0.26
0
1.19
3.28
1.72
0
0.05
0.02
8.88
22.43
2.44
0.46
0.06
0
0
0
0
0
0
0
0.01
0
0
0.03
0
0
0
1.05
2.62
0.04
0
0.96
0.5
0
0.13
0
0
0
0
0
0
0
0
0
0
0
0
0
0
0
0.68
0.08
0.01
0
0
0
0
0
0
0
0
0
0
0
0
1.93
0.77
1.13
1.55
6.16
0.03
16.31
26.77
1.15
2.58
1.54
5.56
4.37
18.86
0.95
0
0.22
4.35
0.05
0.05
0.02
0.42
0.11
0.01
0.34
0.29
0
0
0
0.05
0
3.82
0.21
0.03
0
0
0
0
0
0
10.95
2.14
0.12
3.33
7.23
4.45
26.66
15.16
5.59
1.02
0
1.02
3.1
0.45
0
0.05
0.01
0
3.45
0.32
14.36
9.21
2.49
0.62
0
0.01
0
4.14
0.91
2.59
4.66
0.3
2.52
0
0
0
0.02
0.14
0.06
0
0
17.43
10.46
3.06
6.34
0
0
0
0
2.23
0.23
0.12
0.02
0.48
0.58
0.03
0
4.4
31.96
0
0.13
0.04
0.01
0.11
7.31
8.93
12.25
2.67
0
0.31
7.18
0
0
7.38
7
1.6
1.34
5.4
0.55
0
0
0
0
2.3
0.78
0
0
0
0
0.32
5.97
16.63
20.42
7.96
9.61
4.77
4.11
4.29
0.08
0
0
0
0.53
0.03
0
0.46
1.95
0.93
0
0
0
0
0.7
1.47
1.26
0
0
0
1.02
1.83
0
0
0
0
0.28
0
0
0
0
0.13
2.64
2.3
0
0
0
0
0
0
0
0
0
0.74
0
0
9.51
0.19
0
0
0
0
1.51
10.54
3.05
0
0
0
0.02
0
0
0
0
0
0
0.01
0
0.17
0.01
0
0
0
0
0
0
0
0.14
0
0
0
0
0
0
0
0
0.02
0.02
0.74
0.04
0
0
0
0
0.17
0
0.01
0
0.03
0
0
0
0
0
0
0.02
0
0
0
0
0.23
1.71
0
0
0
0
0
0
0.02
0
0
0
0.28
10.46
10.25
0
0
0
0
0
0
0
0.01
0
0.04
0.19
0
0
0
0
0
0.01
0
0
0
0
0
0
0.01
0.04
0
2.56
10.07
3.38
0.42
0.02
0
4.85
0.28
2.24
3.76
3.99
10.11
13.13
4.09
0.06
0
0
0
0
0
0
0
0
2.22
11.56
20.39
3.18
0
1.86
0.37
0
0
0.08
0
0
0
0
0
0
0.72
21.76
6.48
8.86
8.91
1.71
3.07
5.32
0.88
0
0.43
0
0
0.02
2.11
2.66
0.41
0.16
0.05
0
0
0
0.02
0.16
0
0
0.24
1.44
0.28
0.02
0
0
0.05
0.05
0.05
0
0.05
0
0
0
0
0
0
0.01
0
0
0
0
0
0
0
0.34
0.78
0.13
0.02
0
0
0.01
0.37
0.02
0.01
0
0.1
0.2
0
0
0.03
0.01
2.09
10.38
1.43
1.84
1.47
0.06
3.91
8.75
11.53
8.73
1.88
0
1.76
0.61
0
0.38
1.65
4.09
3.24
0.28
0
0
0
0.02
0
0
0
0
1.2
0.02
0
0
0.03
0.01
0.6
0
12.46
0.73
0.37
0.02
0.61
0
0
0
0
3.11
1.13
0
0
0
0
0
0
0
0
7.31
2.38
0.61
7.31
3.52
3.04
0
0
0
1.79
0
0
0
0
0
0
0
0
0
0
0
0
0
0
0
0
0
0.02
0.21
0.48
0
0
0.15
2
4.9
0.14
2.82
0.95
2.24
5.64
0.16
0
0.02
0.42
3.34
0.46
0.55
0
0
12.15
13.06
3.66
0
0
0
0
4.29
12.16
0.04
0
0.02
0
0
0
0
0
0
0.08
0.41
2.72
0
5.21
7.41
2.77
17.23
0
0
0.58
0
0
0
0
0
0
0.04
9.01
0.83
0.14
0
12.67
0
0
0
0
0
11.41
0.12
1.72
10.26
0.01
0
0
0
0
0
4.55
5.83
14.63
0.65
0.04
0
0
0
0
0
0
0
0
0
0
0
0
0
0.05
0
0
0
0
0
0
0
0
0
0.29
0.01
0
0
0
0
0
0
0
0
0
0
0
0
0
0
0
0
0
0
0
0
0
0
1.02
2.93
11.97
8.51
0
0
0.05
0
0
0
0
0.05
0
0.24
1.21
0
0
0
0
0
0
0.84
0
0
0
0
0.66
10.71
0
0
0
0
0
0
0
0
0
0
0.07
0
0
0
0
0
0
0
0
0
0
0.01
0.8
0.61
5.02
16.46
0
0.04
0.72
0
0
0
0
0
0
0
0
0
0
0
0.02
0.5
5
0.55
0
0.23
0.08
0
0
0
0
0
0
0
0
0.02
0.04
0
0
0
0
0.14
0.1
0
0
0
1.66
0.09
0
0
0.13
0
0
0
0
0.02
1.13
0.45
15.51
6.67
0.35
0.34
2.86
2.66
0
0
0.03
0
0
0
0
0
0
2.86
11.11
0.63
0.01
1.29
0.03
1.24
0.2
0.09
0.11
0
6
16.59
7.17
1.42
1.07
3.15
0.82
0
4.25
1.1
0.02
0
0.02
0
0
0
0.01
0.08
0
0
12.35
5.4
0.02
0.15
0.02
0
0.01
0.54
0.33
3.92
5.27
4.78
2
1.16
0.69
1.95
0.29
1.85
0.66
0.36
0.23
0.02
0
0
0
1.27
0
0
0
0
0
0
0
15.56
19.55
17.64
10.18
8.41
8.28
2.6
3.47
1.19
1.67
12.38
17.58
4.7
2.38
1.4
29.95
1.71
3
13.08
1.15
8.1
0.33
0
0.29
9.76
1.09
0.8
0.13
0
0.02
1.71
3.63
0.18
0.03
1.25
1.77
3.6
0.58
13.63
9.76
7.74
11.27
16.02
15.19
9.11
1.7
0
9.84
2.25
0.01
0.11
0
0
0
0
0.39
0.19
0
0
0.23
1.89
8.46
1.56
0.41
0
0.01
0
0.36
1.25
0.96
1.39
0
0.05
0.05
0
0
0.01
0
0.25
4.85
3.27
8.06
7.98
6.17
4.11
0
0.57
2.24
0.73
7.95
5.42
11.7
4.86
2.56
8.79
18.88
3.15
0.96
8.12
4.64
1.04
4.35
9.75
2.07
0.21
0.35
0
0
0
0
0
0
0
0
0
0
0
0
0.26
2.26
1.57
3.6
2.25
3.06
0
0
0
0.01
0
0.01
0
0.02
0
0
0.62
0
0
0
0.66
2.33
0
0
0
0.17
1.08
1.73
0
0
0
0.02
0
0
0
0
0
0
0
0
0
0
0.15
0
0.25
0
0
0.07
4.79
0
0.01
4.47
6.62
0.23
0.05
0.05
0
0.91
1.06
2.17
1.12
1.5
0
0
0
0.02
0.28
0
0
2.81
0.2
0
0.1
0.62
10.89
0.31
0.91
0.08
14.95
2.54
0.01
0.03
1.16
0.66
8.54
0.04
0.05
0
0
0
0
0
0.06
0.6
0
0
0
0
0
0.01
0
0
0.01
0
0
0
0
0.33
1.06
0.05
1.33
3.27
0.05
0
0.39
18.95
10.05
1.54
0.86
0.04
0
0
0
3.62
3.89
0
1.74
7.7
15.77
0.83
0.29
0.05
5.36
9.18
2.98
0.98
6.91
1.37
2.96
1.76
0.17
0
0.04
3.33
0.97
0.71
4.69
4.29
9.87
5.28
2.92
3.51
1.79
10.02
5.05
0
0.02
2.2
0.52
0
0
0
0.01
0
0
0
0.09
0.02
0
0
4.24
10.63
0.58
3.11
3.53
0.25
2.03
0.24
0
0.02
0
0.02
0
0
0
0
0
0
0
0
0
0
0
0
0
0
0
0
0
0
0
0.02
0
0
0
0
0.01
0.02
8.75
0.88
0.01
0.47
0.47
0.14
0.09
0
0
0.28
1.47
6.69
11.22
6.89
0
0.04
0
0
0
0
0
0
0.02
0.07
0
0
0
0
0
0
0
0
0
0
0
0
0
0
0
0
0
0.01
0
0
0.02
0.06
13.47
0.02
1.05
0
0
0
0
0
0
0
0
0
0
0
0
0
0.01
0.01
0
0
0
0
0
0
0
6.91
7.15
5.57
0.25
1.42
9.69
8.98
3.39
7.09
3.52
2.43
0
0
0
0
0
0.01
9.51
23.72
16.66
2.05
0.5
0.58
7.7
30.09
2.03
0.07
0
0
0
0.08
0.24
0.43
0
0
0
0
0.08
0
0.5
0.89
0
0
0
0
0
0.3
1.8
0.06
0
0
0
0
0
0
0
0
0
0
0
0
0
0.05
0
0
0.3
0.99
1.38
1.09
0
0
0.03
0.17
0.23
0.14
0
0
0
0
0
0.02
0
0
0
0
0
0.01
0
0.03
0
0
0
1.54
3.54
0.38
0
0
0
0.01
1.25
3.2
0
0.12
0.08
0.09
0
0.05
0.91
1.02
0
0
0
0
0
0
0
0.99
1.55
0
0
0
0
0
0
0
0
0
0
0
0.02
0
0.09
0
0
0
0
0
0
0
0
0
1.81
0
2.59
6.02
0
0
0
3.7
2.5
0
1.26
1.09
0.58
1.38
0.39
0.09
0
0
0
0.07
0
0
0.19
0.38
0.12
0.88
2.72
23.59
3.73
3.77
0.3
1.8
1.5
0.64
0.82
0
0.04
0
0.02
0
0
0
0.08
0
0
0
0
0
0
0
0
0
0
0
1.14
0.22
5.81
0.12
0.41
1.36
2.92
10.81
6.7
1.19
8.38
5.78
0.41
0
0
0
0
0.03
0.27
0
2.72
4.06
3.33
8.67
3.47
1.83
0.03
0.16
0.41
1.06
2.04
7.06
5.44
6.16
1.44
0.38
4.03
0
0.26
1.76
2.06
11.91
5.88
2.02
0.58
2.91
0.7
2.2
3.98
7.25
0.02
0
1.44
0.72
0
0
0
2.88
0.34
0.09
0.5
6.69
0.11
0.09
1.45
0
1.25
0.53
34.38
19
11.06
3.95
0.07
0
0.03
0
0
0
0.01
0
0
0
0
0
0
0
0
0
0
0
0.15
0
0
0
0.01
0.02
0
0.12
5.06
0.38
0
6.31
2.5
3.03
1.56
7.61
0
0.56
1.94
0.09
1.23
1.8
0.05
0.18
0
0
0
0
0
0.33
0
0
0.04
0.04
0
0
0.01
0.02
0
0
0
0
0
0
0
0
0
0
0
0
0.4
18.88
2.68
1.33
0.06
4.14
0.64
0
0
0
0
0
0
0
0
28.34
23.75
2.94
0.04
0.04
0.03
4.52
2.3
2.72
0.8
0.7
1.41
0.45
0.04
0.77
4.89
26.25
5.31
0.34
0
0
0.3
9.81
4.54
1.45
6.09
4.72
0.82
0.09
0
5.09
6.78
5.17
7.59
11.94
5.19
0.47
6.06
0
0.15
3.84
10.05
3.38
1.72
0.2
0.01
0
0
0
0
0.24
0
0
0.03
2.98
1.06
2.78
0
21.45
0.74
4.34
12.66
0
0
0
0
0
0
0
0.09
0
5.52
4.5
0.82
0
0
0
5.02
0.03
0.08
11.67
8.8
1.01
0
8.12
0
0
0
1.64
0.91
0.02
0
0
0.88
0
0
0.01
0
0
0
0
0.78
1.53
0
0
0
0
0
0
0
0
0
0
0
0.05
1.31
15.11
0.14
0.31
3.55
0.02
0
0
0
0
0
0
0
0.17
0.08
0.18
0
0
0
0
0
0
0.71
0
0
0
0
0
0
0
0.19
0.21
0
1.25
25.19
0.03
0
0
0
0
0
0
0
0
0.09
0
0.01
0
0
0
0
0
0
0
0
0
0
0
0
0
0.06
0
0
0
0
0
0
0
0.37
0
0.35
5.52
13.06
0.76
1.02
0
0.08
6.79
9.5
0
0.38
0
0
0
0.01
0.56
20.31
0.06
0.95
0.01
0
0
0
0
0
0
0.02
0
0
0.02
0.01
0
0
1.08
9.25
4.91
0.42
3.32
0.03
10.47
0.07
0.12
0.07
0
0
0
0
0
4.03
0
8.81
14.98
3.19
1.23
0.02
0.3
0
0
0.01
0.84
0.88
0
0.01
0.02
0
0
0.02
0.01
0
0
0.09
0.31
0.94
0.19
0
0
0.03
1.51
4.05
2.03
0
5.3
7.52
0.92
2.98
8.12
4.19
0.05
0.41
1.71
1.41
0.22
0
0.05
4.42
0.16
0.2
0.06
0.34
1.04
0.17
0.02
6.09
2.17
0.16
0.07
2.62
3.7
1.41
1.17
0.39
0.12
0.03
0.12
16.03
7.23
1.27
0.26
0.21
0.01
0
0
0
0
0
0
7.89
11.56
2.55
16.95
1.22
10.92
0.96
0.73
1.61
4.72
2.86
0.36
0.16
0.25
0.23
0
9.97
9.89
13.75
12.12
25.91
0.38
5.34
3.47
0.03
0
0
0
0
0
0
0
12.09
1.53
0
0
0
0
0
0
3.11
0
0
1.59
0.09
0.06
11.75
4.08
0.06
0.02
0.02
0
0
0
0
0
0
0
4.75
0.02
0
0
0
0
0
0
0
0
0
0
0
0.64
2.67
0.7
0
0
0
0
2.23
4.91
13.91
7.59
0
1.5
3.38
1.85
0.01
0
0.01
0.18
9.73
7.09
6.17
1.5
5.79
1.39
4.5
3.12
12.42
5.27
1.56
1.65
1.48
2.57
1.25
0.01
0
0
1.19
9.31
1.6
0.32
0.03
0
0.16
0
0
0
0
0
0
0
0
4.56
0.6
0
0
0.6
0.45
0.09
0
8.15
7.3
3.75
5.17
10.49
5.95
0.52
0.01
0
0
0
23.67
5.03
0.03
2.33
0
7.34
2.78
7.94
3.89
0.52
0.03
0
0
0
0
0.04
0.02
0
0
0
0
0
0
0
0
2.71
0.55
0
0
0
0.05
0
0
0
0
0
0
0
0
0
0
0
0
0
0.62
0.05
0
0
0
0
6.52
0
0.12
0
0
0
0
0
0
0
0
1.73
0
0
1.88
0
0
0.14
5.81
0
0
0
0.17
3.39
0.06
0.38
0
0
0
1.22
0.16
23.44
41.19
1.25
0
0
0
0
0
0
2.2
0.02
0
0.01
3.25
31.75
4.28
1.2
0.02
0.02
0
0.03
0.22
0
0
19.59
0
0
0
0
0
0
0
0
10.56
0.09
0.02
0.01
0
0
0
0
0
0
0
0
0
0.84
0.39
0
0
0
0
0.03
0
0
0
0
0
0
45.19
11.94
28.84
2.72
11.31
0.78
0.14
0.03
0
0
0
0
0
0
0
0
0
0
0
0
0
0.05
0.56
5.16
18.78
0
1.41
3.09
0.81
3.38
0.19
0.06
0.82
4.75
0.41
0.04
0.61
1.3
0.06
8.55
0
0
0
0.02
0
0
0.03
0
0
0
0
0
0
0
0.02
1.59
4.12
5.97
13
0.75
0.02
0.01
0
0
0
0
0
7.75
4.24
0.52
0
0
0.06
0
0
0
0
0
0
0
0
0
0
0
0
0
0
0
0
0
0
0
0
0
0
0
0
0
0
0
0
0
0
0
0
0
0.43
2.92
0.96
0.01
0
0
0.11
1.45
0.07
0
0
0
0.19
0.51
0.63
0
0
0
0
8.44
0.82
0.1
1.28
4.98
0.21
0.08
0.17
19.62
15.59
4.97
3.66
1.02
0
0.16
0.09
0.75
0.84
5
2.28
0.44
1.84
2.52
1.25
0.83
0.03
1.99
7.03
0.98
0.4
0.38
0
0
0
0.02
0
0
1.17
0
2.66
3.11
0.31
0.05
0
0
0.01
0
11.28
7.22
0
19.38
3.08
0.86
0
5.69
3.93
2.34
0.09
1.42
2.93
5.86
1.25
0
0
0
0
0
0
0
0
0
0
6.43
0.92
0
0
0
0
0
0
0.02
0
1.44
0.98
0
0
0
0
0
0
0
1.12
1.03
0
0
0
0
0
0
0
0
0
0
0
2.39
0.87
0.27
0.15
0
0
1.06
0.21
0.05
0.01
0
0
2.2
0
0
0
0
0
0.05
0
0.05
3.88
0
0
0
0
1.57
0
0
0
0.22
0
0
0
0
0.05
0
0
0
0.02
0
0
0
0
0
1.71
1.46
0.22
0.12
0.11
0.29
0
0
0
0
0.11
0
0
0
0.44
0
0
0.02
4.03
0.5
0
0
0
0.08
0
0.19
0.33
1.81
6
0.12
0.53
0.02
0
0
0
0
0
0
0
0.22
0.05
0
0
1.41
4.22
14.25
0.78
0
0.06
0
3.56
10.5
8.94
0
0.2
0
0
2.94
0.29
0.03
0
2.44
0.38
0
0
0.01
0
0
0
0.03
0.12
0
11.62
2.11
1.56
0
0
0
1.12
0.19
0.81
9.22
6.78
5.75
1.19
4.11
0.51
0
0
0
0
0
0.9
2.73
0.22
0.23
1.73
0.59
0
0
0
2.45
4.31
1.03
0.12
0
0
1.7
4.08
5.53
4.58
4.88
0.7
2.94
8.28
8.34
3.22
7.86
1.7
0.02
4.91
0.66
0
0
0
0
0.32
3.31
1.84
0.59
2
12.19
14.5
10.22
5.73
22.94
26.94
13.89
6.39
3.78
2.61
0.7
0
6.36
1
0.7
0.12
0
0
0
0
0
0.92
0.16
0
