19510101
19.48
4.04
0.89
0.01
0.01
0
0.01
0.1
10.04
1.47
1.16
3.74
5.06
0.23
0
0.04
0
0.81
0.02
0
0
0.17
3.21
5.2
4.33
5.31
9.3
6.61
0
0.01
0
0
0
0.98
20.29
1.03
9.92
0.96
5.45
8.52
11.73
9.61
7.23
1.63
5.62
1.38
0
1.53
2.38
0
5.77
0.4
3.36
10.2
0.37
0
0
0
0
0.11
0.48
1.18
0.38
3.13
1.38
4.81
0.32
3.11
24.73
2.62
21.7
10.34
6.2
2.23
3.5
2.57
0.72
0
0
0
0
0
0
0
0
0
0.3
0.02
0.09
0
0
0
0
0
0.07
0
0
0
0
6
0
0.01
0.01
0
0.01
0
3.25
1.8
2.85
4.49
0.66
1.42
3.23
1.47
13.54
2.38
5.83
1.52
1.56
28.48
2.43
2.02
0
0.61
4.37
5.27
3.38
0.67
0.29
0.33
0.54
0
0
0
0
0
0
2.52
0.31
0.15
0
0
0
0.09
0.38
7.23
0
0.09
6.59
3.59
0
0
0
6.26
8.83
3.58
0
6.64
0
0
0
0.09
0
0
0
4.12
0.39
1.25
0
0.23
0.4
0
0.37
0.03
0
0.01
0.61
0
0.05
0
0
5.52
0.62
0
0.59
0
0.32
3.92
3.52
0.22
0
0
0
0
0.05
0.82
0.05
0
0
0
0
0
0
0
0
0
0
0.29
1.46
0
19.72
11.55
6.4
8.49
0
0.01
0
0
0
0
0
0
0
0
0
0
0
0
0
0
0.01
0
0
0
1.14
5.4
1.1
0
0
0
0
0
0.12
0
0
0
0
0
5.36
7.76
1.43
5.19
0.78
19.53
9.48
0.13
0
0
0
0
0
0
0
0
7.89
26.01
0.99
0
0
0
0
0
0.16
8.96
25.99
1.18
0.29
0.05
0
0.02
0
2.99
0
0.82
2.9
0.45
1.2
0
0.01
0
0.29
1.64
1.26
1.57
0
0.01
0.38
0.04
0.03
1.51
1.01
0
5.47
0.06
0
0
0
0
5.13
19.62
19.18
18.79
25.19
9.35
3.84
9.5
2.99
0.16
0.18
0
3.68
24
6.57
0.59
0
0
0
0
0
0
0
0
0
0.02
0
0.01
0.75
1.07
0
0.31
0
0
0
0
0
1.5
0.17
0
0
0.18
0
0
0
6.3
2.42
0
0
0
4.23
0.1
3.98
0.51
0.02
0
0
0
0.02
0
0
0
3.36
0
0
0
0
0
3.68
0.1
0
0
2.31
0
0.38
0.07
1.95
1.7
1.46
7.53
3.12
2.46
15.18
2.72
1.16
2.23
1.59
0.38
0
1.49
0
0
0
0
0
0
1.23
0
0.65
6.15
5.81
3.7
0.73
0
0.63
0.66
0.04
0
0
0
0
1.09
0.03
2.05
0
0
0.46
0.29
0.44
1.98
0.39
0.15
0
0
2.59
1.96
0.13
4.16
3.13
0
0.76
0
4.89
0.42
1.41
0.27
0.03
0
0.39
1.05
0.52
0
2.18
9.57
13.01
13.23
4.25
8.73
2.24
0.28
0.42
0.11
0.71
0
0
0
2.51
7.55
13.17
4.13
12.14
0.95
0
0.76
0.58
1.51
0
0.05
0
0
0
0
0
0.84
0.06
0.01
0.36
5.34
2.66
1.46
20.09
7.25
4.83
0
0.04
0.47
0
1.33
0.54
0
0
0.69
0
0.1
2.4
4.96
3.52
1.87
0.68
7.39
1.81
0.14
0.15
0
1.35
0.15
0.34
0
0
0
0
0
0
1.98
0.15
0
0
0.03
1.12
1.13
0.06
0
0.01
0.3
0
0.32
0
0
0.19
0
0.01
0.02
0
0.9
9.06
0.28
0.2
0.02
0
0.41
0.36
9.27
5.5
6.26
0
0
0
0.02
0
0.38
0.04
0.86
0.86
0.27
0
0
0.02
0.7
0
0.1
2.8
0
0
1.37
0.87
2.72
1.36
6.78
0
0
0
0.04
0.01
0.05
0.06
0
0
0
0
0
0
0
0.01
0
0
0
0.44
0
0
0
0
0
0.08
0.01
0
0
0.98
21.01
5.35
0.96
0.01
0
0
0
0.1
0
5.04
0
0
0.74
0
0.52
1.98
2.73
0.48
6.34
1.42
0
0.36
0
0
0
0
0
0
0
5.93
0.52
0
0
0.21
0
0
0
0.05
0.01
3.34
0
0
0
1.06
0.02
1.47
0.03
0
0
0.17
0.22
2.89
6.66
2
0.8
0
0
2.02
6.63
1.59
0
1.45
0
0
0
0
0
0.01
0
0
0.01
0
0
0.02
0
0
0
0
0.74
0.42
0.34
2.18
2.98
0.2
0.62
0.14
0
0
1.55
3.45
0.99
0.96
1.25
5.95
11.16
5.86
8.85
0.32
0
0.01
0
0
0
0.32
0
0
2.1
2.27
2.06
0
0.82
5.54
1.31
0
0
0.01
0
0
0.48
0.42
0.33
1.15
3.13
2.7
0
0.36
0.43
1.25
0.63
0
0.29
0.04
0
0
0.04
0.43
1.01
0.01
0
0
0
0.01
0.18
0
0
0
0.01
0.01
0
0.38
0
0
0.01
0
0
0
0.03
0
0
0
1.2
15.67
6.97
0
0.01
0.02
7.94
1.26
0
0.69
1.82
0
0
0
0.08
0.01
0.05
0
0
0.01
0
0
0
0
0
0.01
0
0
0
0
0
0.01
0
0
0
0
0
0
0.93
0.19
0.23
0.23
4.55
5.15
1.81
0.56
0.09
0
0.02
0
0
0.01
0.31
0.46
0
0.14
0
5.35
2.14
1.09
0
0.61
0.52
10.77
0.25
0
0
1.51
0.2
0.01
0
0
1.15
18.71
27.69
4.06
1.1
9.99
1.57
5.23
2.77
9.38
0.73
0
0
0.04
0.01
0
0
0
0
0
0.01
0
0
0.34
0.58
4.3
7.8
0
0
1.37
0
0.04
0
0
0
0
0
1.47
0.9
1.23
0
0
0
0
0
0
0
0
0
8.25
17.73
2.55
0
0.01
0
0
0
0.01
0.01
0.01
2.17
4.22
0.79
15.04
0.95
0
0
0
0
1.73
19.8
8.4
12.79
6.45
0.02
0
0.77
6.37
5.56
0.6
0.02
0.01
0.04
0.01
0.02
0
0
0
0
1.16
0
0
0
0
0
0
0
0
0
0
0
0
0.13
0.02
0
0
0.14
0
0
0
0
0
0
0
0
0
0
0
3.17
1.91
0.15
0
0
0
0
0
0
0
0
3.99
0
0
0
0.01
0
0
0
0
0
1.94
0.05
0.17
6.69
0
0.05
0.12
0
0
0
0.01
0
0.07
0
0
0
0.01
0
0
0
0
0.01
1.96
23.25
0.61
0
0
0
0
0.61
3.99
0.07
0.21
0.04
0
0
0
0.25
9.13
14.41
17.8
12.48
4.73
0
0
0
0
0
0
0
0.33
0.58
0.44
0.43
3.53
0
0
0.02
0.07
5.22
0.4
0
0
0
0
0
0
0
0
0
0
0
0
0
0
0
0
0
0
0
0
0
0
0
0.09
4.25
0.22
0
0
1.55
0.35
2.14
10.78
3.47
0.86
18.84
2.52
0.05
0
0
0
1.55
5.25
3.02
0.08
1.32
5.52
0.84
0
0.01
0.01
0
0
0
0
0.01
0.04
0
0
0.04
0.02
0.01
0.05
0.23
0.05
0.05
0.13
0.14
0.01
0
0
0.02
0
0
0.01
0
0.01
0.03
0.02
0.01
0
0
0.01
0
0
0.01
0.4
4.52
4.85
0.26
0.37
0
0
0.37
0.34
0
0.37
0
0.61
1.95
10.95
0
0.49
4.17
3.31
0.63
0
0.01
0
0.01
0
0
0.01
0
0.21
0
0
0
0.21
0.04
0.07
0.82
4.46
0.25
0
5.04
5.64
3.53
0.22
6.9
6.87
4.89
2.29
0
5.14
2.28
1.79
2.73
0
0.01
2.77
4.52
0.01
1.07
0
0
0.06
0
2.31
3.73
0.07
0
0
0
0.05
0
0
0
0
0.09
0.05
0
0.14
0
0
0
0
0
0
0
0
0.01
0
0.13
6.96
10.79
9.53
1.65
0.84
0
14.55
1.79
0
0
0
0
0
7.77
5.95
0
2.84
13.4
12.7
15.77
14.09
0.53
0
0
0
0
0.02
0.02
0
0
0
0
0
0
1.97
6.59
7.2
13.66
34.46
15.88
0
0
0.01
0
1.59
0
0
0
0
0
0
0
0
0
0
0
1.07
0.19
5.33
0
0
0
0
0
0
0.05
0
0
0
0
0
0
0
0
0
0
0
2.29
0
0
0
0
0.05
0
0
0
0
0
0
0
0
0
0
0
0
0
0
0
0
0
0
0
0
0
0.01
0
0
0
0
0
1.63
2.23
0.08
0.03
0
0
0.42
0
0.79
0.14
0
0
0
0
0
0
0
0
0
0
0
0.11
0
0
0
0
0
0
0
0
0.16
0.02
1.84
0.61
0
0
0
0
0
0
0
0
0
0
0
0
0
0
0
0
0
0
0
0.01
0
0
0
0
0
0
0
0
0.01
0
0.01
0
0.69
0.14
2.5
0
0.44
0.52
0.55
0.03
0
0
0
0.14
0.01
0.43
3.5
0.11
0.02
0.07
2.69
6.88
8.48
9.71
0
0
0
0
0
0
0.01
0
0
0
0
0.04
0.04
1.98
5.2
1.21
0.63
1.05
15.21
3.33
10.2
15.13
0.52
0
0
0.01
0
0
1.45
13.63
0.53
0
0.02
0
0
0
0
0
0
0
0.01
0
0
0
0
0
0
0
0
0
0
0
0
0.13
6.82
18.18
8.07
6.46
2.67
1.75
1.21
9.63
0.01
0.63
1.39
0.69
0.12
4.11
0.44
13.65
7.26
5.05
0.8
2.09
3.2
0.96
0.07
0
0
2.84
0.16
2.14
4.82
8.45
3.25
18.32
1.31
0
0
1.75
0.01
2.7
0
0.04
0.31
1.43
3.27
0.48
9.26
23.7
12.09
3.03
6.06
2.19
1.55
10.87
2.26
1.25
3.38
1.59
0.38
0
0.03
0
0
0
0
0
0.06
0
0.91
0.85
0.22
0.11
0.34
0.1
0
0
2.51
0
0.45
9.25
7.58
4.27
0
0
0.04
0
0
0
0
5.91
0.09
0.01
0
0
0
1.71
0
0
0
0
1.38
0
0
0.01
0
0.05
0.05
0
3.45
0.09
8.43
3.14
3.12
14.37
8.27
1.28
0.18
0.02
0
2.64
0
0
2.71
0.3
0
0
2.45
0.02
0
0
0.14
0.47
0.43
0.16
0.02
0
0.02
0.5
0
0.51
0
0.01
0.34
1.09
11
8.2
0
0
0.01
0
1.65
17
2.05
0.02
0
0.14
6.44
4.4
0.39
7.43
0.25
0.7
0.04
0.53
0.01
1.5
0.45
2.83
8.63
12.96
2.57
0.62
0
0
0
11.25
0.38
0
0.29
0
0
0
0.01
0
0
0
0
0
0
0
0
0.17
0
0
0
0
0
0
2.26
0.02
0
3.87
2.13
1.32
0
0.97
0
0
5.12
0
0
1.71
0.2
0
0
0.34
0
4.23
7.27
0.45
0.02
0.22
0
1.31
0
0.32
4.3
0.02
0.38
0
0
0
6.74
0
0
2.08
2.78
0
6.71
7.18
0.19
0.28
0.29
0.13
0
0
0.65
0.95
0.02
0.2
1.28
4.43
0
0
0
0.35
0.01
0
0
0
5.39
6.88
8.02
0.41
0
4.13
0.05
0
0.01
0
0
0
0
0
0.34
4.02
8.38
3.57
0
1.64
0.1
0
0
0.01
0
0
0
0
2.99
0.08
0.61
0.95
0.62
17.91
0.07
0.01
0.39
0
0
0
0.49
8.48
18.1
23.38
3.07
0.18
0
2.59
23.85
1.21
0.3
1.32
2.69
0.69
0.16
3.89
5.4
1.28
0
0
0
2.16
0.01
0.01
0
1.18
3.31
14.62
2.33
0
0
0
0
3.95
8.26
3.23
0
0.27
0
0.01
1.43
0.02
0.01
0
0.01
0.27
4.21
7.61
19.05
14.78
16.75
5.2
2.51
5.36
8.41
6.68
0.22
0.03
0.07
0
0
1.15
0
0
0.8
0.31
0
0
0.13
0
0
0.58
0.18
1.36
4.32
0.34
2.05
17.88
3.78
3.23
5.78
7.59
1.33
8.71
1.51
2.38
0.57
0.11
2.73
0
0.02
0
1.98
0
0
5.32
0.47
0.06
0.02
0.01
0
1.47
0
0
0
0
0
0.01
0.21
0
0
0
0
2.68
0.09
1.27
0.4
0.49
1.84
11
2.87
0.74
0.13
0
0
0.01
0
0.01
0
1.21
0
0
0
0.82
0.88
0
0.01
0.01
0
0.97
0.02
0.43
1.59
10.98
7.3
9.92
3.44
11.68
32.53
6.24
4.54
2.79
13.44
24.95
10.3
13.06
3.73
0.31
1.24
0.63
0
0
1.01
0
0
1.51
0.2
1.79
0.6
7.17
9.51
6.32
2.29
2.13
0.58
1.98
3.56
5.67
3.39
6.34
1.66
0.54
7.37
3.32
2.44
1.01
0
0
0
0
1.41
0
0
0
1.76
0.01
0
0
2.12
0
0
0
1.59
0
3.63
1.33
9.43
16.02
4.14
3.34
3.64
32.27
13.48
2.77
0.01
0.05
0
0
0
0
0
0
0.04
0
1.11
0
0.03
2.14
0
0
0
0.19
0
0.02
3.67
0
0
0.01
0
0
6.54
26.33
8.77
1.32
0.17
1.98
0.34
0
0
0
0
0
0
0.8
0.01
0.01
0
0
0
0
0.09
0
0
0
0
0
0
0
2.49
0
0
0
0
0
0.33
0
0
2.59
7.57
0.2
0
0
0.05
0
15.07
3.96
0.09
0
0
0
0
0
0
0
0.57
0
0
0
0
0.02
0
0
0
0.07
0.37
0
0
0
0
0
0
0.02
0.1
0
0
0
0.01
0
0
0.01
0.01
0
0
0.04
0.29
6.59
0.45
0.89
0
4.52
11.22
0.25
23.09
14.09
1.25
0.05
0
0
0
0
0.14
0
0.09
0.34
0.2
0.45
0
0
1.39
7.04
0.73
0
1.04
4.05
4.18
0.86
0.29
0
0
0.2
0
3.99
0
0
0.52
0
0
0
0.05
0
10.71
3
0
0
0
0
0.07
0.87
5.93
1.35
0
0.26
0.42
0.27
0.05
0
0.63
2.21
0
0.71
3.06
0.2
0
0.46
0
0
0
0
0.69
0
0
0
0
0
1.25
0
0.01
0
0
0
0
0
0
0
0
2.15
0
0
0
0
0
0.15
0.02
0.98
0
0.6
0.61
0.1
5.27
7.61
8.3
2.38
2.16
0.55
0
0
0
0
0
0.32
0.03
0.01
0
1.87
0
0
0
0
0
0.86
0.63
0.26
0
0.01
1.43
4.41
1.34
0.58
0
0
0.69
0
0
0
0.07
0.39
1.12
1.57
1.05
1.34
1.66
1.4
0
0.05
0
0.06
5.98
2.76
14.74
9.69
0.34
0
1.11
0.08
0
0.01
0.27
0
0
0
0.54
0
0
0
0.02
3.47
2.44
0
1.02
0
0.02
0.01
0.46
0
0.03
0
0
0
0
0
0.7
0.61
3.56
1.78
1.49
2.27
0
0
0.53
0.68
1.28
4.89
0
0.06
0
0
0
0.58
0.26
0.01
0
0.5
0.06
0
0
0
1.05
3.07
7.75
0
0
0.39
0
0.47
0.4
1.18
2.75
8.41
4.12
4.41
10.45
2.95
4.5
5.89
0.03
10.52
2.57
0
1.18
9.1
6.95
3.86
0
1.66
0
0
0
0
1.95
0
0
0.7
0
0
0
0
1.34
1.11
8.77
3.99
8.7
0.73
3.14
0.14
2.39
1.7
1.23
0.24
0.52
0
0.8
17.4
4.02
1.46
0
0
6.78
0.63
2.57
3.4
0.73
0.63
0.42
0.79
1.47
15.82
0.47
0
0
0
0
0
0.02
0
0
0
0.01
0
0.09
0
0
0
0
0
0
0
0
0
0
0
0
0
0
0
0
0
0
0
0
0.01
0
0
0
0
0
0.15
0.31
0
0
1.96
0.05
0
0
0
0
0
0
0
0
0
0
0.02
0
0
0
0.03
0
0
0
0
0
0.01
3.18
5.91
9.29
0.2
0.01
0.01
0
0
0
0
0.41
0.78
1.04
0
0.01
0.01
0
0
0.75
7.86
5.2
8.98
1.63
0
0
0.32
3.03
0
0
0
0.02
0.21
4.62
3.31
16.34
0
0.16
0
0
2.11
0
1.74
1.98
4.42
7.02
7.1
4.13
1.94
0
0
0.57
5.12
0.43
0
0
0
0
0.71
0
0.01
0
0.16
0
0.24
3.2
2.27
1.31
3.68
7.54
7.01
2.2
5.36
0
0
0
0.01
0
0.01
0
0
0
0
0
0
0
0.9
0.2
0.37
0
0
0
0
0
0
0
0
0
0
0
0
0
0.91
0.74
15.8
20.49
5.43
0.47
0
0
0.01
0
0.01
0
0
0
2.31
9.88
0.97
0.05
0
0
0
0
0
0
0.31
0
0.05
0.43
0
0.18
0
0.01
0
0
0
0
0.06
0
0
0
0.01
0
0
0
0
3.6
0.65
2.04
3.72
3.27
4.77
17.08
16.89
0
0
0
0
0
0
0.04
0.15
0.81
4.41
1.9
4.2
0.63
1.36
9.64
0.73
0
0
0
1.88
0.45
0.07
0
0.8
2.48
0.55
1.43
0.68
0.13
0
0
0.45
0.16
0.01
0
0
0
0.95
0.18
2.31
0.82
1.24
0
0
0
0.14
3.56
1.09
7.07
0.82
0.46
0
3.23
15.23
4.98
8.22
4.93
6.46
10.16
2.64
6.63
1.74
4.57
5.64
7.09
2.3
1.95
0.43
0
0
0
0
0.14
2.33
1.85
0.02
0
0
0
0
0.3
0
0.01
0
0
0
0
0.17
0
0
0
0.01
0
0
0
0
0.01
0.16
0.03
9.6
2.24
0
2.15
16.26
0
0
0
0
0
0
0
0
0
0.01
0.07
0.58
0
0
0
0.01
0.01
0
1.83
0
0.01
0
1.34
0
0
4.07
4.52
1.19
0
0.09
0.13
0
0
0.11
12.79
19.59
5.73
0.09
1.68
0
0.47
0.2
5.2
4.47
1.71
0.01
0.16
0.45
0.25
0
0
0.73
0
3.28
0
0.01
0
0
0
0
0
0
0.06
0
0
0
0
0
0
0
0
0
0
0
0
0
0
0
0.52
1.26
0.95
0.21
0.05
0.02
0.03
0
0
0
0
0.01
0
0
0
0
0.01
0
0
0.01
2.38
5.28
0.17
0
0.02
0
0
0
0
0.28
0
0
0
0
0
0
0
0
0.48
0
1.21
0
3.66
0.36
0
4.1
1.42
1.2
0.29
0
0
0
0
0
0
0.46
1.76
0
0
0.03
2.04
4.02
1.33
0
5.95
0
4.14
7.8
0.05
0
0.3
0.13
2.16
0.02
0.01
0
0
0
0
0.01
0
0
0
0
0
0
0
1.19
0.02
0
0.59
0.68
0.03
0
0
0
0
1.54
0.94
0
0.71
0
0
0.05
0.32
0.35
0
0
0
1.21
0.02
0
0
0
0
0
0.37
1.15
0
3.45
1.48
0.12
2.28
5.12
6.66
23.12
16.18
14.3
3.25
3.81
5.05
1.52
1.86
0.92
7.61
19.69
9.97
12.67
6.34
12.17
34.25
16.05
10.42
15.95
7.34
0.88
0.31
1.55
0.39
0.13
0
0
0.01
0
0.2
0
0
0
0.07
0.23
0
0.02
3.02
2.42
0.91
0.48
0
5.82
0
0
0
0.01
0.28
7.13
1.89
6.14
2.86
0.04
0.02
0
0.36
0.3
0
0
0
0
4.45
1.9
1.07
0.33
0.22
3.84
0.55
0.32
0.52
0.4
0.16
0
0
0
0
0
0
0
0
0
0
0
0
0.48
0
0
0
2.06
7.65
27.97
5.96
7.31
7.73
0
7.26
15.62
6.15
5.54
5.26
0
0.11
0.04
0.07
0.42
0.24
0
11.35
6.67
1.43
7.43
1.18
0.16
0
0
1.44
0.76
0
0.36
0.01
0.42
0.16
2.73
1.7
1.8
1.18
0.39
0
0
0.56
1.17
12.8
5.14
8.85
1.79
0.21
0
0
1.24
1.27
2.13
1.11
0
0
0.52
1.85
0.41
4.05
0.16
0
0.96
0.66
0.97
1.02
14.98
9.71
0.98
0.13
1.38
0.73
1.1
0
0
0
2.36
16.01
7.02
7.55
13.3
0
1.7
0
1.02
0.76
1.35
5.55
12.18
0.19
0
0
0.01
0
0.91
4.16
7.42
7.16
0
0
0.01
0
0
0.2
3.97
6.13
0
0.05
0
0.14
0
0
0
0.01
0
0.06
0.18
0
0
0
0
0
0
0
0
0
0
0.29
0
0
0.55
0
0.3
0.14
9.03
1.4
0
0.21
2.19
9.58
3.05
0.47
4.2
0.06
1.05
0
0
0.33
0.8
0
0.01
0
0
0.71
6.06
6.18
12.96
5.41
2.33
8.21
0.77
0
0
0.02
0
0
0
0.02
0
0
0
0
0
0.02
0.01
0
0
4.8
0.06
6.7
1.35
0.84
0.1
0.86
1.83
10.41
37.29
9.26
0
0
0.01
0
3.61
1.54
12.74
0.28
0
0.03
0
1.61
0.04
0.86
1.09
3.38
5.49
4.48
14.23
21.91
1.5
1.41
6.64
10.68
6.3
0.13
0
0.57
0
20.88
1.48
0
0.03
1.13
2.98
0.44
0.08
0
0
0.1
3.59
4.57
4.55
5.02
14.04
0
0.14
0
0
0.11
1.51
11.17
7.58
3.2
1.16
0.68
0.36
1.06
1.31
0
0
0
0
0.02
0.01
0.02
2.83
5.17
0.78
0.77
2.77
15.42
12.7
4.62
2.21
3.8
18.82
0.43
0.99
0
0.04
2.25
8.99
2.82
1.38
13.72
27.71
0.68
0.86
0
0.16
1.9
11.45
9.41
11.29
18.86
15.43
4.98
0.43
0
2.39
4.2
1
0.27
1.58
0.52
0.39
0.18
3.23
4.95
2.8
6.61
7.47
4.32
0
0.49
0.91
0.24
0.43
0.01
0.07
0.01
0
0
0.01
0.02
3.55
4.52
0.94
0.66
1
1.47
0.41
0.24
0.43
4.12
1.17
0
1.42
2.1
5.23
11.85
18.59
23.26
14.13
11.64
3.31
0.53
0.02
0
0.4
0.29
2.2
5.04
5.68
0.32
1.68
3.08
9.33
5.5
4.43
2.93
7.41
5.05
9.1
9.23
7.91
8.55
8.45
9.08
4.06
0.69
2.24
0.61
0.34
0
0.69
0
0.01
0
0
0
0.04
3.24
1.12
1
3.34
2.77
0.75
5.27
10.03
9.81
1.09
0.76
0
0
0
0
0
0.07
2.65
13.49
6.49
6.39
4.34
2.01
1.72
3.39
0.03
0.48
2.46
0.05
0
0.62
0.12
0
0
0.02
0
0
0
0
0
0.01
0
0
0.02
0.01
0.88
3.04
0.14
0
0
0
0
0.45
0
1.18
0
4.37
0.41
0.21
0
0
0
0
0
0
0.34
0.42
0
0.2
0
4.61
2.02
13.3
5.41
1.02
1.13
0.16
1.84
0
0
0
0.04
1.85
0.74
0.01
3.43
41.26
5.64
2.5
1.49
3.63
0
2.16
0
0
0
0
0.23
0.29
0
0
0
0.02
0
0
0.02
0.13
0
0
0
0.03
0.01
0
0
3.63
0
0.09
0
0.65
0.19
0.03
0
0
0
0
0
0
0
0
0.29
0
0.04
0
0
0
0.02
0
0
0
0
0
0
0.64
4
9.57
2.9
0.46
0.02
0
0
0
0.02
0
0
0.01
0
0
0
0.06
0
0
0
0
0.4
8
3.93
0.61
0
0
0.01
0
0
0
0
0
0
0
0.02
0.01
3.2
0.34
0.05
0.53
0.03
0
0
0.01
0
0
0.02
0
0.25
2.42
4.47
1.21
4.77
0
0
0.01
1.09
0
0.57
0
1.14
0.56
1.47
0
6.78
2.74
3.16
24.44
17.57
11.86
8.1
2.85
2.57
0.05
1.24
0.03
0
8.89
13.13
0
0
0
0
0.77
13.28
8.58
15.19
17.97
15.01
10.09
0.82
5.57
11.45
15.8
2.46
8.93
0
4.85
0.91
4.03
9.67
0
0.43
0
0
0
6.21
3.58
0.95
0
0.85
0.64
1.09
0.45
1.34
0.38
0.66
19.68
0.52
1.41
0
0
0
1.02
0
0.04
0.04
3.3
0.86
0.11
0
7.99
1.52
12.36
0.78
0.15
0.62
0.45
1.49
1.98
1.29
0.7
0
2.77
0.27
0.61
0.15
0
0
0.9
0.94
1.21
4.49
3.25
2.52
0.29
0
6.3
3.33
2.17
4.39
1.25
0.78
0
0
0.2
0.02
4.55
0.05
0
0
0
0
0.01
0
0.04
3.72
0.21
10.21
3.28
1.43
1.99
1.08
0.7
0.33
0.79
0
0.15
0.19
0
0.29
0
0
0
0
0.02
0
0
0
0
0
0
0
0
0
0
0.65
3.05
0
0
0
0.23
1.02
0.02
0
0
0
0
0
0
0
0
0
0
0
0
0
0.01
0
0
0
0
0
0
0.34
6.01
8.97
0.94
2.55
0.99
0.31
0
0
0
0
0
0
0
0
0.01
0
0.21
3.35
8.52
5.28
4.21
5.13
0
0
0
0
0
0.74
7.98
1.59
0.39
0.47
0.57
3.44
11.64
0.16
0.28
0.19
0.33
0.95
1.03
3.02
0
0.02
0.01
0
1.97
1.43
0
0.45
0.13
0
0.22
0
0
0.01
0
0
0
0.13
0.01
0.04
0.04
0
2.89
2.24
0.2
0
1.43
2.73
3.04
11.34
17.03
14.7
0
0
0.09
0
2.08
0.34
0
0
0.04
0
0.02
0.01
0
0
0
0.21
0
0
0.01
0
0
0
0
2.5
0
6.17
0
0.96
0
0
0.7
0.3
0.01
0
0
0
0
0
0
0
0
0
0
0
0
0
0
0.01
0.01
0
0
1.38
0
0.02
1.57
3.26
0.08
0.02
0.28
4.18
5.77
1.02
0
0.04
0.07
0
0
0
0.02
0.12
2.55
2.27
1.24
18.66
2.15
0
0
0.01
0.01
0.02
0
0
0
0
0
0.01
0
0
0
0
0
0.02
0.26
7.05
2.83
4.49
0.7
0.01
0
0
0
0
0.02
0
0
0
0
0
1
32.14
2.27
0.04
0.01
0.01
0
0.01
0
1.57
7.33
20.09
9.52
3.13
0.84
0
2.13
0
0.54
7.57
4.35
0.02
0
0
0
0
0
17.89
10.09
4.51
0
0
0
0
0.01
0
0
0.28
0.06
0.38
0.26
0.89
5.46
2.49
0.02
0
0
0
0
0
0
0
0
3.59
2.96
4.77
2.72
1.71
0.04
5.51
8.43
3.68
3.38
7.38
17.18
19.68
10.56
6.68
2.77
15.04
18.87
6.16
41.68
0
0.02
0
0.75
1.54
1.27
0
0
0.46
0
0.66
0
0
0.01
0
0
0.1
0.07
1.11
1.05
0
0
0.21
2.58
5.1
8.38
15.04
3.68
1.39
2.29
1.76
8.43
4.83
4.66
14.04
2.88
3.35
1.18
0
0.82
0
0
1.1
1.88
3.13
0.84
5.67
5.7
0.58
11.68
11.42
1.27
0
0
0
0
0.01
0.01
0.01
0
0
0
0
0.01
0
0
0.02
0
0
0.22
3.62
0
0
0
0
0
0
0
0
0
0
0.01
0
0
0
0
0.67
7.36
5.81
6.17
17.1
0.46
2.08
7
6.79
4.86
3.39
1.13
9.31
13.13
3.02
0.48
1.24
0
0
0.41
0.02
0.03
0.04
1.74
2.93
1.92
0.85
0.13
0
1.23
0.99
0
0
0.33
0.34
0.06
0.03
0
0.17
0.9
0
0
0
0.04
0
0
0
0
0
4.89
4.51
1.14
12.8
11.6
3.56
0.22
0.59
0.5
0.63
2.73
7.77
9.95
7.4
3.9
1.03
4.52
3.58
5.13
1.15
0.63
0
0
0
0
0
0
0.1
0.83
0.61
1.32
0.02
0.71
0
0
0
0
0.33
0.02
0.02
0
3.44
2.81
5.42
6.85
0.36
2.09
25.5
1.02
1.2
1.43
2.31
4.98
1.95
0.41
0.01
0.08
0.02
0.03
0
3.77
13.5
5.68
0.33
0.03
0
0
0.03
0
0
0
0.23
0
2.23
4.62
12.97
0.33
3.63
0.04
0
0
0
0
0
0
0
0.04
0
0.02
0
0
0
0
0
0
0
0
0.19
0.02
0
0
0
0
0
0
0
0
0.01
0
0.02
0
0
0
0
0
0
0
0
0
0
0
0
0
0
0
0
0
0
0
0
0
0
0
0
0.06
0
0
0
0
0.04
0
0.02
0
0
0
0
0
0.01
0
0
0
0.01
0.01
0
0.1
0.44
0
0.32
3.78
1.57
1.04
0.3
0
0
7.92
15.01
7.66
0.11
0.11
0
0
0
0
0
0
0.05
0.01
0
0
0.02
1.88
0.59
2.12
7.87
6.59
5.75
0.25
0.24
0.6
0.16
0.39
1.47
0
0
0
0.78
8.33
3.49
0.11
0
0
0
0
0
2.05
3.9
4.46
7.71
1
0.53
1.39
1.18
1.05
0
0
0.02
0.03
0.01
0.15
1.72
0.57
3.52
2.34
0.45
0
0.02
0
0
0
0
0
0
0
0
0
0
0.01
0
0.01
0
0
0.1
0
0.44
2.07
0.07
0
0
0
0.02
0
0
0
0
0
0.68
0.31
0
8.83
18.18
21.79
18.09
5.45
11.08
13.66
2.4
4.65
6.13
8.88
1.36
4.66
5.56
8.59
1.98
2.34
3.06
0.61
0.11
3.02
9.21
2.66
1.27
1.96
0
0.57
1.29
0.68
0
0.41
0
0.27
0
0
0.59
3.25
2.41
1.99
2.56
1.78
9.22
0
5.95
13.39
13.74
4.81
0.96
1.55
10.73
21.77
4.21
1.36
4.11
3.75
0.59
0.33
0.59
1.7
0.04
0.03
0.64
0.46
0.83
0.26
0.34
2.21
0.15
0.01
0
0.84
2.45
1
6.7
4.72
3.58
0.47
0.74
0.46
7.74
0
0
0
0
0
0.03
0
0
0
0
0
0
0.59
0.08
0
0.01
0.08
4.06
7.32
0
0
1.16
21.26
19.35
10.96
5.7
9.44
4.71
0
0
1.63
10.16
7.2
0
0.23
0.01
0
0
0
0
0
0.01
0
0
0.01
0
0.41
0
0
4.23
2.45
0.04
0
0
0
0
0
0
0
0
0
0
0
0
0.01
1.09
0.41
0
0.61
0.67
0.05
0.59
1.08
1.47
2.14
0.03
0.41
3.12
7.98
8.98
1.34
1.28
0
0.17
0.09
0.01
0
2.47
0
0
0
0
0.01
0
0.01
1.34
1.03
0.46
1.12
0.83
0
5.78
15.1
0.77
27.55
0.91
0
0
0
0
0.22
0.09
0.03
0
0
0
0
0
0.01
0
0
0
0.03
0
0.11
0.06
1.48
0
0.72
4.34
7.83
14.58
0.62
3.49
6.63
6.77
1.18
2.22
0.33
0.03
0
0
0
0
0
0
0
0
0.05
1.96
0.31
0
0
0
0
0
0.01
0
0
0
0
0.01
0.04
0
0.05
0
0
0
0
0.2
6.81
5.58
4.5
0
0
0
0
0
0.14
2.32
1.77
2.7
4.88
10.36
0.46
5.11
0
0.13
0
0
2.47
0.09
0
0
0
0
0
0
0.03
0.29
0
0
0.08
0
0
0
0
0
0
0
0
0
0
0
0
0
0
0
0
0
0
0
0
0.05
0.09
0
0
21.28
12.25
6.34
14.66
5.08
18.72
13.05
4.94
1.97
3.23
3.86
1.63
5.39
17.45
29.75
10.7
10.28
0.85
1.1
1.05
2.67
0.77
0
0.96
0.86
1.62
8.01
6.06
1.31
1.79
4.95
0.34
5.77
12.77
5.44
6.31
1.26
6.05
4.24
1.04
2.56
6.19
7.42
0.2
0.77
7.32
1.12
0.61
5.64
1.7
0
0
0
0
0.07
0.16
0.21
0
0.04
0
0.06
0.09
0.16
0
0
0
0
0
0
0
0
0
0
0.6
0.42
1.79
0.55
0
0.01
0
0
0.02
0.01
0
0
0
0
0
0.01
0
0
0
0
0
0.01
0
0
0
0
0
0
0
0
0
0.64
0.52
7.24
18.52
5.8
12.29
4.55
8.91
1.16
0.11
0.58
4.64
20.3
20.11
4.15
5.37
4.75
2.72
0
0
0
0
0.88
0.21
2.39
1.8
0.5
2.04
5.74
6.16
3.13
2.01
2.37
0.62
0
0
0.24
5.35
4.41
1.93
0
0.34
3.84
0
0
0
4.41
8.58
1.12
5.78
2.4
3.53
3.59
2.89
1.17
1.7
3.16
1.51
0
0.07
0
0
0.01
0
2.16
16.43
9
11.22
5.97
0
0
0
0
0
0
0.02
0
0
0
0
0.05
0.01
0
0
0
0
0
0
0
0
0
0
0
0
0
0.24
0
0.02
1.93
11.25
4.84
1.61
0.2
0
0.01
0.01
0.02
0
0.92
1.76
5.61
3.89
2.13
0.02
5.96
0.57
0
0
0
0
0
0
0
0
0
0
0
0.09
4.22
13.1
0
27.49
4.1
0
0.17
35.32
5.99
0.37
0.04
0
0
0
0
0
0.02
0.69
2.07
0.21
0.02
0
0
0.02
1.96
0
0
0
1.26
0
0.25
1.73
1.05
0.03
0.63
0.28
3.27
1.73
0
0.06
0.07
1.68
0.94
0
0.02
0
0.04
0.1
1.05
0.35
0
0
0
0
3.18
2.2
0.18
0
0
0
0
0
0
0
0
0
0
0
0
0
0
0.02
0.35
0
0
0.04
0.01
0
0.66
0.78
0.02
0
0
0.02
0.9
0.07
0
0.57
0.2
0.02
0
0
0
0.07
0.54
0
0
0
0
0
1.68
5.73
5.01
3.25
1.16
0.72
0
0
0
0.01
0
0.08
0.09
0.68
0
4.78
3.13
2.85
1.22
0
0
0
0
0
0
0
0
0
0
0
0
0
0
0
0
0
0
0
0.21
7.84
38.88
0
0
0
0
0.01
0.01
0
0
0
0
0
0
0
0
0
0
0
0
0
0
0
0
1.56
0.93
0
0.52
0.04
0
0
0
0.16
0.03
0
0.09
1.93
0.3
0
0
0.92
0.31
1.55
6.26
0.02
0.81
3.75
3.66
3.61
5.16
2.63
0.29
0.08
6.06
0.28
0.94
0
0
4.13
1.77
0.11
0
0.37
0
0.05
4.02
2.26
0.96
1.2
0.16
0.35
0.38
0.19
0.77
1.57
4.86
0.65
0.08
0.9
0
0
0
0.08
2.06
10.28
6.84
9.36
8.06
0.62
0.23
0
0
0
0
0
0.01
0
0
0
0
0
0
0
0
0
0
1.5
1.13
1.77
9.96
11.68
4.24
4.47
6.01
2.24
1.47
15.7
20.63
3.37
0.91
9.69
0.41
0
0.06
0.64
0.98
6.91
15.14
13.27
4.67
9.03
3.1
1.23
3.03
0.02
0.01
1.69
0.05
0
0
0
0
0
0
0
0
0
0.33
12.68
1.61
0.44
1.72
2.58
0.72
0
0.34
0.01
0.03
0.01
0
0.13
0
0
0
0
0
0.01
0
0
0
0
0.01
0
0
0
0.01
0
0
2.46
0.88
0.39
0.04
0.88
0
0
0.07
0.02
0
0
0
0
0
0
0
16.46
15.89
0.82
0.12
0
0.02
0
0.03
0.12
7.46
0.03
0.09
1.41
0.09
0
4.39
2.19
0.14
0.01
0.14
1.31
1.66
0
0
0
0
0.13
0.12
0
0.02
0
0
0
0
0.03
0
0
0
0.19
0.01
0.02
0
0
0.48
3.71
0.72
0
0
0.18
0
0
0
0
0
0
0
0
0
0
0
0
0
0.02
0
0
0
0
0
0
0
0
2.3
5.12
0
0
0
0
0
0
0
0.13
0.01
0
0
0
0
0.01
0
0
0
0
1.25
5.22
0.24
0.75
0.13
0
0
0
0
0
0
0
0
0
0.27
1.27
0
0
0
0
0
0
0.02
0
0
0
0
0
0
0
0
0
0
0
0
0
0
0.13
0.14
25.96
18.24
10.09
6.81
7.47
14.05
0
0.25
0.13
0.63
15.57
3.59
5.51
7.49
21.22
12.4
3.64
0.01
0
0.01
0
0.38
1.08
3.73
6.38
10.51
0.55
0.73
0.11
0.27
6.96
14.64
1.74
2.15
15.82
3.86
0.04
0
0
0.04
4.68
21.78
37.33
8.14
2.96
3.48
0.52
1.82
2.59
2.69
1.23
2.29
1.7
13.41
6
11.57
5.92
7.49
3.62
0
0.46
0.25
0.97
0.79
0.93
1.23
4.61
0
1.85
2.87
1.84
0
0.1
1.86
11.15
4.84
0.05
0.38
0
0.73
0
0.35
6.92
0
0.01
0.39
0.08
0.77
0
0.26
0.41
0
3.24
18.1
6.98
0.58
0
0
0
0.27
0.2
0.63
0
0
0
0.02
3.13
0.83
0.89
4.29
7.94
2.36
6.62
5.17
5.05
6.56
16.45
17.3
16.95
8.72
6.36
3.41
0.69
3.59
0.65
0.02
0.86
4.23
2.44
0.08
1.15
1.76
0.53
0.01
0
0
0.08
0.07
0.78
8.35
5.23
17.41
4.94
2.61
14.23
7.12
0
3.04
6.12
14.8
9.34
3.68
0
0
0
1.68
15.5
1.36
0.14
0
0
0
0
0
0
0
0
0
0
0
0
0
0
0
0
0
0
0
0
0
0
0
0
0
0
0
0.02
0.7
5.99
8.88
1.03
1.66
1.14
1.73
1.07
1.91
6.08
7.71
4.85
7.41
4.79
2.2
7.41
13.76
4.79
0.33
0.12
0.41
0.02
0
0
1.25
0
0.38
0
1.95
0.19
0.22
0.18
0.44
0.79
1.75
0.13
0
0.03
0.01
0
0
2.77
11.86
5.99
1.34
0
1.31
2.74
1.06
8.94
0.02
0
0
0
0
0.26
1.34
0.5
1
0
3.43
2.98
0.54
1.66
4.75
9.23
10.86
0.95
0.14
1.21
7.43
4.87
1.38
1.11
0.91
7.02
3.95
0.09
0
0
0
0.03
0
0.05
0.34
0.01
0.01
0
0
0
0
0
0
0.02
6.19
0.81
0
0
0.02
0
0
0
0
0.01
0.02
0
0
0
0
0.01
0
0
0
0
0
0
0
0
0.85
0.08
0
0
0
0
0
0.09
0
0
0
0
0
0
0
0
0
0
0.04
0
0
0
0
0
0.18
0
0.5
0
0
0.01
0
0.36
0.01
0.8
0.26
0.03
0
0
0
0
0
0
0
0
0
0.02
0
0
0.15
0.23
0.11
1.05
0.01
0
0
0
0
0
0.01
0
0
0
1.71
13.44
12.69
3.02
3.02
0.94
4.18
16.98
4.9
0
0
10.25
8.13
0.87
0
0
0.34
26.16
7.81
1.6
0.09
2.16
7.56
2.12
4.3
0.11
0
0.32
12.52
7.85
0.25
0.01
0.27
0.03
0
0
0
3.54
0.74
5.18
26.1
21.91
18.39
19.11
4.61
1.31
0
0
0.01
0
0
0.01
1.19
0
0.13
0
0
0.05
0.11
0
0
0
0
0.15
0
0.56
3.37
1.7
0
0
0.02
0
0
0
0
0
0
0.93
0.05
0.08
0
0
0
0
0
0
0
0
0
0
0
0
0
0
0.02
0.01
0
0
0
0.17
0
0
0.38
0.05
0.27
13.13
7.68
3.77
0.22
0.02
0.02
0.36
0
0
0.19
3.48
3.84
6.89
0.69
0.85
0.34
0.63
0.64
0
0
0.14
0.03
0.02
0
0
0
0
0
0.3
0.16
0
0.04
0.21
0.06
0.85
5.13
3.6
9.99
12.59
16.75
2.64
0
0.16
0
0
0
1.35
1.52
0.55
0.5
0
0
0
0.03
0.02
4.61
0.74
0
15.84
8.44
0.3
0
0
0
0
0.01
0
0
0
0
0
0
0
0
0
0
0
2.63
7.31
1.85
0
0.05
0
0
0
0.01
0
0.01
10.05
12.63
3.95
1.93
2.26
4.17
2.46
1.26
3.91
5.93
4.57
1.45
0.8
0.16
0.8
0
0.15
0.08
0
0
0
1.73
0
0
1.67
0.61
0.02
0.24
4.82
0.71
0.61
4.26
5.71
4.38
4.76
0.3
7.11
1.54
0.37
3.84
2.02
1.38
0.02
0
0.04
0
0
0
0
0
0
0
0
0
0
0
0.02
0.47
5.77
7.18
7.03
0.02
0.05
0.75
0
0
0
0
0
3.78
0.02
0.1
0.23
0.06
0
0
0
0
0
0.01
0
0.01
0.01
0
0.01
0
0
0
0
0
0
0.01
0
0
0
1.47
0.24
0.95
0.04
0.02
0
0
0
0.01
0
0
0
0
0
0
0.21
0
0
0
0
0
0
0
0
0.76
0.02
0.05
0.15
0.87
0.81
0
0
0.67
0
0
0
0
0
0
0
0
1.08
0
0
0
1.86
0
0.06
0.02
0.26
0
0
1.48
10.55
0.61
0
0.14
0
0.03
0.01
0
0
0
0
0
0
0
0
0.41
0.01
0
0
1.73
0.07
0
0
0.01
0
0
0
0
0.38
0
0
0
0
0
0
0
0
0
0
0
0.27
1.72
1.88
0.03
0
0
0
0
0.09
7.39
2.14
3.72
0.57
0
1.63
0.02
0
0.02
0.21
0.02
0.06
5.27
4.25
6.11
0.1
0
16.89
11.92
2.45
0.63
0
0
0.07
9.59
28.28
28.48
30.09
8.95
0.1
0.72
1.56
0.75
0.09
3.38
4.91
11.24
4.27
0
0
0.01
0.01
0
0
0
0
0
0.22
0.25
0
0
0
0
0.01
0.08
0
0
0.01
0
0.05
0
0
0
0.09
0.23
0.21
0.18
0.03
0
0.45
0.05
0
0
0
0.01
0
0
0
0
0.01
0
0
0
0
0
0
0
0
0
0
0
0
0
0
0
0
0
0
0.03
2.14
0.23
0
0.05
0.02
0
0.05
0.45
10.05
3.56
7.64
13.93
3.41
0.27
5.46
4.19
11.23
7.53
3.73
0.84
0.98
2.49
2.26
5.02
10.06
3.77
0.83
6.09
7.89
3.01
0.66
0
5.3
9.52
1.4
0
0
0.3
0.18
0
6.68
0.59
0
0.01
0
0
0.25
0
0.01
0
0
6.91
2.51
0.33
0
0.01
0.47
22.7
4.36
0
5.64
10.36
2.45
0.79
0
0
0
1.1
7.27
0.89
0.02
0
0.66
1.13
1.16
7.39
17.65
1.31
0.66
0.22
0.04
0
0
2.55
18.62
21.11
0.64
0
0
0.14
0.25
4.5
2.68
0.64
0.08
0.75
0.81
4.75
6.2
0.86
1.49
3.27
1.04
0
0
0
0.01
0
0
0
0.46
0.28
8.93
1.27
0
0.1
0.95
3.52
3.77
3
2.63
2.54
0.09
0.01
0
0.01
0.79
0.13
0.41
0
0
0
0
0.01
1.09
0.13
0.02
0.98
1.98
0.31
0
1.82
2.1
1.23
0.03
0
0
0.01
0.05
0
0
0
0
0
0
0
0
0
0
0
0
0
0.21
7.46
0
0.01
1.85
0
0
0
0
0
0
0
0
0
0
0
0
0
0
0
0.05
0.02
0
0
0
0
0.13
1.08
5.35
0.01
0.11
0
0
0
0
0.02
0
0
0
0.38
0
0
0.01
0.61
0.6
0
0
0
0.02
0.01
4.76
5.47
6.34
3.8
0.14
1.69
1.51
0
0.01
0.28
0
0
0
0
0
0
0.22
3.35
3.91
2.07
3
4.54
0.92
0
0
0
0
0
0
0
0
0
0
0.66
0
0
0
0
0
0
0
0
0
0
0
0
0
0
0
0.02
0
0
0
0
0
0.01
0.02
0.05
0
0.57
0.11
0.02
0
0
2.65
15.32
6.58
6.25
0.88
1.88
11.8
3.11
5.54
6.24
0.32
0.67
0.09
0
1.21
0.75
6.07
1.31
0
0
0
0
0
0.01
0
0
0
0
10.31
5.88
1.44
0.98
1.8
6.6
0.7
0
0
2.36
6.8
0.52
0.15
0.02
0
0
6.32
2.09
7.24
10.67
10.63
3.7
0.62
0.64
0.22
0.24
0.05
0.2
0
0.2
0
0
0
0
0
0
0.21
0
0.26
0
1.77
0.64
0.16
3.2
3.45
6.47
5.72
9.08
4.64
13.26
1.7
0.84
0.91
0
0
0.03
0.14
0.02
0
0
0
1.02
0
5.82
1.57
0
0
1.82
1.89
0.17
0.01
0
0
0
0.1
0
0
0
0.93
0.31
1.13
0.36
12.56
21.05
7.78
5.8
18.38
14.52
5.64
0.1
1.16
0
3.56
15.09
1.54
7.73
2.09
2.47
1.91
0.45
2.31
0.65
2.86
0.63
0.21
12.23
24.29
9.77
3.05
12.62
9.84
3.81
0.43
0
6.88
3.71
0.17
1.56
0
0.18
0
0
0
0
0
0.98
7.2
6.92
0.89
0.36
1.86
4.79
1.43
0
0
0
0
0
0
0
0
0
0
0
0.02
0
0
0
1.73
22.17
5.16
19.75
14.17
1.89
0.01
5.73
8.6
8.25
5.03
1.87
3.2
0.34
6.38
0.58
0.41
0
0
0.05
0.03
0.14
0
0
0
0.05
0.02
0
2.71
2.98
4.16
3.97
0.96
13.75
14.07
3.11
1.73
0
0.05
0
0
0
0
0.01
0
4.05
4.76
7.8
7.16
7.81
7.27
6.83
0.66
0
0.2
1.45
0.07
0.35
0.01
2.84
5.98
0.09
0
0.04
0
0
0
0
0.05
0
0
0.06
4.3
0.22
0
0
0
0.01
0
0
0
0
0
0
0
0
0.15
0
0.03
1.39
0.08
0.02
0
0
0.33
0
0.01
0
0
0.01
0
0
0
0
0
0.09
0
0.13
0.02
0.01
0
0
0
0
0
0
0
0
0
0
0
0.13
0
0
0
0
0
0.02
0.15
11.4
16.13
3.47
1.52
0.14
2.61
0.05
0.86
0.63
1.24
0
0.36
13.54
7.24
1.88
9.45
0.46
1.34
7.02
1.75
0
0
0
0
0
0
0
0.03
0
10.56
2.84
0.63
0.18
0.57
2.55
3.17
0.53
0.16
0
0
0
0.08
4.33
5.76
0.48
0.88
0.98
6.5
11.99
7.55
2.81
0.05
0.63
0
0
0
0
0.21
0
0.18
0
0
0
0.01
0.18
0
0.46
0
3.16
0.35
0
0.41
20.62
7.57
0.71
1.45
0.03
0.7
0
0.73
0.36
1.1
4.75
16.12
7.48
9.68
4.84
0.52
0
0.03
0
0
0
0
0
0.08
0.04
0
0
0
0
0
0.02
0
0
0.7
0.21
0.03
3.06
1.02
0.05
0
0.73
0
0.65
1.98
6.7
2.69
2.2
4.12
4.7
5.66
8.12
1.83
6.38
11.15
16.74
11.09
2.62
9.9
15.37
15.7
21.89
12
3.99
4.7
4.07
2.25
0.62
1.67
0.22
0.92
5.18
1.21
0.22
0.04
0.72
17.43
8.2
3.19
0.12
0.39
0
0.7
0.71
0
0
1.72
1
2.32
1.55
0
0
0
0
0.39
1.1
0.32
0.29
0.05
0.08
0
0
0.01
0
0
0
0.04
0.09
0
0
0
0
0
0
0
0
0
0.34
0.14
0.55
0.76
0
0.01
2.68
5.4
0.85
0.23
0
0
0
0.06
0.43
4.77
1.96
0
2.71
0.93
0
0
0
0.6
0.59
0.28
0
0
0.05
0
0
2.82
0.15
0
0
0.77
2.15
0
0
0
0
0
0
0
0
0
0
0.01
0.02
0
0
0.04
0.06
0
0
0
0
0.03
1.19
1.27
3.47
0.35
4.62
4.48
4.23
3.31
1.21
0.23
1.43
5.2
2.98
0.01
0
0
0
0
0
0
0.01
0
0
0
0
0
0
0
0
0
0
0.01
1.67
2.88
9.53
5.59
0.57
0.75
1.84
0.66
0
0.05
0.11
0.34
0.73
0.26
0.08
0
0.01
2.29
0.45
0.04
0.38
0.91
0.02
0
0
0
0
0
0
0
0
0
0.01
0
0
0
0
0.01
0.41
0.17
0.01
0
0
0.01
0.22
0
0
0
0
0
0
0
0.02
0
0
27.54
2.06
1.2
2.48
0
0
0
0.01
0
0
0
0
0
0
0
0
0
0
0
0
0
0
0
0
0
0.01
0
0
0
1.27
0.18
0
0
0
0
0.03
0
0
0
0
0
0
0
0
0
0
0
0
0
0.01
0
0
0
0
0
0.01
0
0.54
0
0
0
0
0
0
0
0
0
0
0
2.52
9.36
3.02
1.39
0.26
0.13
0
0
0
0
0
0
0
0
0.03
0
0
0
0
0
0
0
0
0
0
0
0
0
2.09
1.53
0.06
13.06
3.06
0
0
0.02
6.84
3.63
1.41
0.63
0.04
0.69
7.15
2.4
12.82
0.34
0.21
0
3.43
0.98
0
0.09
3.83
2.88
0.11
0
0
0
0
0.01
0
0
3.83
14.51
4.63
0.43
0
0
0
0
0
0
0.01
0.01
0.01
0.01
0.03
0.01
0.25
0.74
1.08
0.45
2.82
0.57
0.82
1.31
0.02
0.01
0.05
0.24
0.12
0
0
0
0.16
0
3.11
1.9
0.68
0.41
0
0
9.45
7.06
9.76
8.27
1.6
8.88
8.61
3.35
1.38
0.99
1.29
0.43
3.65
2.96
0.12
0.55
0.24
0.01
0
0
0
0
0.45
12.81
5.3
1.1
0.33
0
0.06
2.63
0.97
0
0
0
0
0
0.01
0.01
0.01
0
0
0
0
0
0
0
0
0
0
0.27
7.31
2.4
0.21
0
0.29
0.13
1.68
0.52
3.47
5.18
8.46
13.13
3.4
0
0
0
0
0.09
0
0.07
0
0.42
2.51
1.32
4.83
7.81
3.63
6.53
4.55
14.27
5.47
3.27
5.65
0.59
0
3.18
7.22
0.84
0
0.29
0
1.53
0.01
0
5.04
17.71
7.65
1.27
0.88
0.06
0
3.46
2.63
6.18
4.19
1.14
0
0
0
4.54
8.49
1.43
0
2.05
16.78
13.93
3.23
3.77
9.13
12.23
6.83
18.89
6.13
2.13
4.13
9.22
4.04
11.64
6
1.31
0
0
0.7
0.35
0
0.91
14.57
9
8.96
3.59
0.64
1.04
4.93
3.85
5.8
0.35
0
9.43
4.28
0.05
5.66
1.39
0.1
0
0.01
0
0.46
0.02
6.27
1.19
0
0
0
0
0.08
2.31
6.77
1.99
4.87
0.33
0.71
0
0
0
0
0
9.52
0.86
0.18
0.05
0
0
0
0
0
0.01
0
0.18
0
0
0
0
0
0
0.03
0
0
0
0
0
0
0
0.28
0
0.93
0.16
0.58
0
0
0
0
0
0
0
0
0
0
0
0.3
2.55
1.07
0.06
0
0.52
3
0
0
0
0
0
0
0
0.36
2.03
17.63
3.85
0
0
0
3.32
0.63
0
0
0
0
0
3.97
0.5
0
26.5
1.23
0.01
0
0.63
0
0
0
0
0
0
0
0
0
0
25.79
3.08
0.13
0.13
1.49
1.66
0.34
0.01
0
0
0
0
0
1.28
0
0
0
0.17
1.55
0.35
0
0.15
0
0
0
0
0
0
3.55
4.01
1.8
0.13
0.07
0.41
0.13
0
0.14
0.07
0
0
0
0
0
0
0
0.04
0
0.02
0
0
0
1.57
1.55
0.94
0
3.3
0.47
0
0.88
0.42
0
0
0
0
0
0.13
0
0
0
1.65
0.36
0
0
0
0
0.56
4.68
3.43
4.42
2.24
3.45
2.16
11.06
6.77
1.55
6
1.32
0.18
0
0.25
0
0
9.84
10.67
1.63
1.63
1.67
3.33
7.88
7.31
6.95
5.28
0
0.41
5.87
0.69
0
0
0
0
0
0
0.13
0
0.33
8.2
13.3
25.71
18.84
9.05
9.48
10.99
3.96
1.41
3.24
2.93
8.82
0.83
0.04
0.05
0.04
1.1
2.11
1.18
0
0.31
0.03
0.06
0
0
0
1.36
0.3
0.27
0.31
4.91
0.73
4.88
9.32
3.13
3.46
3.42
1.52
0.05
0.04
0
1.43
1.88
7.14
4.61
1.59
0.02
0
3.34
1.72
0.03
0
0
0
0.01
0.07
0
0
0
0
1.23
0.01
0
0
0
0
0
0
0.44
0.74
0.25
0.43
0.3
0
0
0
0
0
0
0.12
0.01
0.02
0.52
0.14
0.55
0
0.23
0.34
0
0.32
3.87
7.61
4.18
1.76
0.19
0.02
1.38
1.94
0.24
0
0
0
1.75
1.54
0
0.68
0.66
0.86
1.54
4.03
1.12
0
0
0.01
0
0
0
0.01
0
0
0
0.05
0.01
0
0.48
0.24
0
0
0
0
0
0
0
0.84
8.97
17.88
5.27
0
0.25
0.65
1.48
0.75
9.13
1.87
0
0
0
0
0.01
0
0
0
0
0.01
0
0
0.01
0.01
0.05
0.03
0.05
0
0.02
0
0
0
0.01
0.09
0.02
0
0
0
0
0
0
0.77
0.67
0.35
2.02
3.95
0.64
0.01
2.2
0.02
0
0.11
0
0
0.21
0
0.01
0
0.64
1.23
0
0.03
0.01
0
0
0
0
0
0
0
0
0
0
0
0
0
1.37
0
0
0
0.09
2.69
15.02
8.23
9.81
10.77
4.37
1.97
2.5
0.95
0
0.21
0.34
0
0
0
0
0.73
0.93
5.32
26.17
22.31
4.13
0.46
2.75
6.29
3.48
0
0.73
4.38
9.56
9.26
2.61
2.36
5.02
2.82
1.7
1.05
1.05
6.86
2.02
9.83
4.75
0
0.37
0.38
2.98
1.93
8.86
3.79
0.57
0
0
0.24
5.38
4.57
3.66
0
0.58
0.51
4.82
1.77
12.04
28.13
10.63
3.32
4.83
3.36
0.41
0
0.23
0
0
0.14
0.35
0.31
0.25
0
0.07
3.29
3.03
0.23
0.4
0.29
0.15
0
0
0.34
11.41
19.73
4.48
0.54
4.88
1.98
0.26
0.72
0.24
11.55
8.3
1.35
0.05
0.08
0
0
0
0
0
0
0.01
0
0
0
0
0.02
0.01
9.68
10.56
7.81
1.57
0
0
0
0
0
0.23
0
0
0
0.3
0
0.03
0.61
0.19
0.64
7.61
4.1
0.38
17.65
9.52
2.33
0.39
1.27
4.08
0.13
0.06
0.67
0.25
0
0
0
0
0
0
0.43
0.01
0
0
0
0
0
0
0.14
0
0
0
0
1.02
0.43
0
0
0
0
0
0
0.14
0
0
0
0
0
0
0
0
0
0
0
0
0
0
0
0
0
0
0
0
0.02
0
0.23
0
0
0
0.34
0.71
1.43
2.03
0.82
0.18
1.4
4.18
0.62
0
0
0
0
0
0
0
0
0.18
8.49
3.12
0.14
0
0
0
0
0.7
0
0
0
0
0
0.23
5.76
2.55
0.76
0.49
0
5.27
3.82
0.09
0.64
3.38
2.8
1.7
0.48
3.26
0.82
0.03
0
0
0.11
0
0
0.59
0.63
0.02
4.2
5.66
12.32
11.74
5.1
3.41
0
0
0.01
0.01
0.01
0.62
0.41
0
0.01
0.13
0.04
0.73
9.1
10.51
4.05
8.47
1.47
3.41
0.5
3.09
0.77
1.71
4.69
0.35
1.21
7.68
8.83
0
0
0
0.06
0.01
0.38
0
0
0
0.07
0
0
0
0.04
0
0
0
0
0
0
0.53
0
0
0
0
0.43
0.13
0.75
1.25
0.07
0
0
0
0
0.65
0
0
0
0
0
0
0.13
0
0.43
0.42
0.57
0
0
0
0
0
0.01
0
0
0
0.04
0
0
0
0.48
1.98
2.18
0
0
0
0.82
0
0.48
0
0.06
0.3
0.38
0
0
0
0
0
0
0.02
0.26
0.43
2.84
0.68
0
0.19
0.01
0
0
0
0
0
0
0
0.18
0
0
0
0
0
0
0
0
0.09
0
0.47
0.1
0.01
0
0.01
0
0
0
0
0
0.88
0.11
3.41
0.16
3.46
4.86
3.8
2.23
3.39
4.09
2.98
0.44
0.01
0
0.23
0
0
0.41
0
0.3
3.72
2.73
1.54
4.98
6.64
5.88
20.6
6.94
3.5
0
0.04
0.01
0
0
0
0
0
0
0
0
0
0
0
0
0
0
0.51
0
0
0
0
0
0.03
0.19
0
0
0
0
0
0
0
0
0
0
0
0
0.34
0.28
0.4
1.01
11.93
14.7
5.89
15.54
11.46
8.74
4.02
0.68
0.09
0.26
0.34
0.33
0.02
0
0
3.6
2.15
7.52
8.47
2.85
5.79
2.11
0.13
0.55
0.5
0.48
0.32
0.2
0.41
0.67
0.55
0
0
0.34
0.35
0
0.17
3.82
1.63
1.55
3.72
1.71
2.09
1.52
2.19
7.45
1.9
0.68
0.2
5.51
0.94
0
0
0
5.79
11.44
4.49
2.99
4.68
1.98
0.86
0.64
6.09
0.82
0
0
0
0
0.46
0.11
0.27
0
0
2.4
0.29
0.02
0
0
0.25
0.43
1.99
7.18
0.94
1.73
0.08
0.41
0
0
0
0.14
0.98
5.25
8
8.94
1.99
2.39
3.67
3.14
0.31
3.64
2.37
0.81
0.01
0.29
11.11
3.14
1.66
0.05
0.72
0.62
0
3.32
3.84
2.42
1.18
0
3.93
1
0.01
0
2.22
1.21
1.7
1.66
2.55
0
0.58
2.74
3.45
5.4
15.54
4.91
0.95
0.25
3.16
5.38
0.6
0.11
0
0.05
0.11
0.42
0.95
0.17
0
0.01
0.79
0.96
1.8
0.05
0
3.66
0
0
0
0
0
7.54
4.07
0
0.3
0.01
0.45
0
0
0
0
4.46
1.68
0
0.61
0.67
0.3
0
0
0
2.84
0.3
16.83
20.6
2.53
0.38
2.78
2.84
0
0
0
1.94
4.52
0.69
6.31
5.5
0.03
0.04
0
0
0.03
8.29
5.92
0.23
0
0.65
0.4
0
0
0.03
1.92
5.05
0
0.01
0
0
0.4
0.5
0
0
0
0
0
0.03
0.01
0
0.3
0
0
0.13
0
0.01
0
0
0
0
0
0
0
0
0.01
0
0
0
0.17
0.82
1.36
3.25
1.75
0
0.04
0
0.28
0.13
0
0
0
0
0
0
0
0
0
0.02
0
0
0
0
0.01
0
0
0.05
0.27
0.52
1.88
0
0
0
0
0.18
0
0
0.17
0
0
0
0.18
0.18
0.01
0
0
0.01
0
0.26
0.08
0.08
0
0
0.21
1.57
0.22
0.38
0
0.41
0
3.82
3.13
0.34
0
0
0.16
0.02
0
0
0.52
0
0
0
0.1
0
0
0
0
0
0
0
0
0
0
0
0
0
0
0.45
0.28
18.16
4.86
23.87
5.97
3.8
2.14
0.47
1.2
8.36
1.48
0
0
0
0
0
0
0
0
0
0
0
0
0
0
0
0
0.01
0
0
0
0
0
0
0
0
0
0.02
0.29
3.26
6.3
1.88
0.1
0.01
0
0
0
0
0
0
0
0.35
0
0
0
0
0
0
0.09
0.06
0.84
3.56
6.01
3.92
5.5
2.61
0.02
1.64
0.3
0.3
0.84
0.81
0
0
0
0.28
0
0
0
0
0
0
0
11.71
17.84
2.88
3.16
6.95
3.37
1.75
1.17
0.38
2.64
1.3
1.27
0.35
0.31
0
0
0
0
0
0.38
0.71
0.91
0.02
0.42
5.37
5.94
3.51
0.24
0.13
0.18
0.24
3.31
1.46
0.23
7.13
0.56
0.26
0
0.23
1.62
5.13
3.36
4.63
0.75
0.06
0
0
0
0
0.25
0.32
0.13
2.61
0.97
0
0.3
0
0.52
6.18
1.85
0.13
0.12
0.4
0.26
0
0
0
0
0
0
0
0.39
23.97
12.68
1.22
0
27.22
10.52
1.15
2.19
1.84
1.68
0.08
0
0.03
0.11
0
0
0
0
0
0
0.41
0.43
7.25
3.62
0.05
2.08
0.58
0.28
0.29
5.33
9.62
20.81
10.16
2.88
4.23
0.42
0.41
0.57
4.39
13.07
6.51
0.14
5.3
3.53
6.27
1.64
0.01
0.43
0
0.43
0
2.22
0.47
0.57
0.74
0.38
0.15
2
2.73
4.25
2.02
0.01
0.5
2.32
1.02
0.56
0
7.22
1.81
0.01
0.48
0.08
0
0
0
0
0
0
0
0
0
0
0.01
0.02
0.55
0
0
0
0
0.01
0.45
0
0
0
0
0
0
0.01
0
0.25
0
0
0
0
0.06
0.05
0.34
0
0
0
0
0
0
0
0
0
0.41
2.04
13.61
12.64
0.02
0
0
0.03
6.13
2.62
0.84
0.01
0
0
0
0.38
0
0.38
0.04
0.08
0
0
3.48
1.27
0
9.59
10.73
14.67
6.14
1.27
0.53
0
0
2.52
4.95
2.36
0.03
0
0
0
0
0
0
0
0
0
0.02
0.23
7.18
4.9
0
0
0
0.22
0
0
0
0
0
0.13
0
0
0
0
2.27
1.13
0.18
0
0
0.02
0.17
0
0
0
0.46
1.27
0.16
0
0
0.39
0.98
0.48
0.14
0
0
0
0
0
0.11
0.12
0
0.43
5.86
0.73
0.16
0
0
0
0
0.1
0
0
0
0
0.21
0.32
0.76
0
0
5.51
0.24
0.52
2.84
2.32
0.46
0.01
0
0
0
0
1.49
4.11
5.58
6.91
2.6
8.3
1.91
1.62
0.23
0.12
0
0
0
0
0
0
0
0
0
0
0
0
0
0
0
0
0
0
0
0
0
0.01
0
0
0
0
0.01
0
0
0
0
0
0.12
0.2
0.41
0.5
0.2
0.38
0.32
2.9
5.09
4.92
1.93
1.58
4.18
9.95
10.21
2.68
1.2
0.14
0.72
0
1.02
0.12
0.49
0
0
0
0.1
3.57
6.67
6.93
1.38
0
0
0
0
0
0
0
0
0
0
0
0
0
0
0
6.6
3.23
0
0.26
0
2.66
0.71
0.24
0.83
0.13
0.56
0
0
0.19
0.05
0.91
0
0.05
0
0
0
0
0
0
0
0
0
10.03
20.12
9.8
2.88
0
0.01
0.52
0
0.07
0.77
0
0.78
1.12
0
7.04
8.37
2.18
1.29
0.59
4.96
0
1.07
0
2.42
0.98
0.77
0.25
0.06
0
0.03
0.02
0.71
0.01
0
0
0.93
7.33
10.07
3.11
0.01
0.34
1.72
0.21
0.01
0.05
0
0
0
0.01
0
0.98
0.34
1.35
0.04
3.28
7.11
5.37
2.18
0
0
0
0.4
0
0
0.44
0.03
1.36
0.25
0
0.98
0
1.14
1.15
0
0.67
6.83
1.94
1.48
6.75
7.89
0.73
0.96
0.67
2.11
6.11
1.99
0.41
6.41
1.13
0.68
0.32
10.75
4.53
0.42
0
0
0.53
0
11.02
2.02
0.48
0
0.9
1.36
2.59
1.83
0.15
0.02
1.15
4.05
1.03
0
0.84
0.9
0.26
0.02
0.59
0.02
0
1.57
0
0.05
0
0
0
0
0
0
0
0
0
0.02
9.31
4.48
0.55
0.01
0
0.57
0
0.68
2.82
0.57
3.84
3.56
0.69
4.13
14.24
14.71
3.59
0
0
0
0
0.04
0.42
0.02
0
0.43
0
0.48
0
0.84
6.96
1.79
0
0.71
0.02
0.01
0
0
0
0.01
0.11
0
1.27
2.99
8.68
13.35
0.57
0.61
3.84
0.05
0.11
2.7
0.86
0
0.4
0
0.01
0.61
9.33
16.15
13.73
2.61
4.9
0.28
0
0
0.72
0.82
0.84
0
0.2
1.61
8.99
2.84
0.86
5.47
2.23
0.45
0.41
0
3.1
1.12
0
1.17
0.06
3.39
2.1
10.51
12.16
9.69
5.17
1.55
0.02
0
0.02
0
0.21
0.25
0.8
0.03
0
0
0.02
0.02
0
0.25
0
0.01
0
0.03
0.02
0
1.09
0.37
4.25
7.99
3.08
0.77
0.06
0.37
0
0.01
0.74
0.46
0
0
3.85
8.24
19.98
4.48
0
0
0.29
5.98
2.8
0.55
0
0.46
3.6
17.31
24.93
12.19
12.17
0.81
0
0.32
1.91
0.82
0.45
0.11
1.32
4.65
0.99
10.5
8.64
2.29
0.09
0.32
1.29
0.07
18.86
4.64
7.35
3.37
1.77
3.55
2.05
8.74
5.37
1.9
3.88
1.5
0.56
3.1
5.22
3.63
0.05
0
0.33
0
1.26
4.17
6.83
3.14
5.88
1.05
0.32
0
0.24
6.46
8.19
10.82
5.41
1.44
8.09
5.41
2.15
0.23
1.79
0.95
0
0
0
0.2
0
0.35
0
0.31
0
1.14
8.44
6.2
0
0.34
0.01
0.01
0
0
3.18
0.77
0.09
16.96
4.14
3.41
0.01
0.41
0.03
1.03
0
0.27
0.02
0
0.18
2.51
0
0.45
0
1.93
0
0.3
0
0.01
0
0
0
3.75
3.09
0.39
0.83
0
0
0
0
0.14
0
0
0.16
0.01
0.2
0.46
1.46
1.5
0.19
0
5.3
0.64
0.14
0
0.18
0.63
0
0.02
6.23
0.74
0
0.01
2.88
0
1.32
0.2
0.35
1.2
7.77
1.22
0.83
1.53
0.5
0.18
0.5
1.59
11.22
4.3
10.99
2
2.41
0.12
0.39
0.77
0.05
0
5.1
0.3
0
19.19
3.67
0.02
0
0
1.09
0.06
2.27
2.56
0.22
9.98
1.17
0
0.01
0
0.16
0.56
0.06
0.08
0
0
0
0
0
0.37
1.11
0.04
4.16
0.43
0
0.26
0.26
4.2
4.25
2.17
0
0.02
0.01
0
0
0.22
13.17
5.01
0.36
0.13
0.47
3.21
0
0
0
0
0.43
4.63
0.93
0
0
0
0
0
0
0
0.2
0
0
0
0.03
0.4
0.09
2.99
0.02
0.5
0
0
0
0
0
0.46
0.26
0.52
0
0
0
0
0
0
0
0
0
0
0.24
0
0
0
0
0
0
0.33
0
15.57
0.84
0
2.05
1.43
0.45
0.56
2.23
0.16
0
0
0
0
0
0
0
0
6.26
17.59
6.41
12.38
6
0.55
0.02
0.01
0.03
0.03
0.28
0
5.73
15.2
3.5
4.92
1.39
9.61
0.52
0
0.36
0.24
0
0.13
0.01
0
0
0
0
0.44
0.02
0.21
0.07
0
0.42
0.01
0
0.02
0.47
0
0.02
0
0.02
0
1.83
2.54
7.95
2.34
0
0.01
0
0.42
0
1.73
1.55
5.26
16.09
1.78
0.62
1.38
6.43
5.23
2.99
26.78
4.32
0.74
2.03
0.77
0.85
0
0
0
3.98
0.07
0
1.05
4.88
6.07
0.89
0.7
0
0
0
0.19
9.84
1.31
0.23
0
0.25
0
0
0.4
0.29
0
0
0.48
0.02
0
2.18
3.02
2.18
5.28
2.74
2.57
1.5
0.68
5.2
1.47
5.22
0.03
0
1.73
2.13
0.4
2.11
12.41
3.77
0.34
0
0
0.55
0.23
0.25
0.01
0.59
0.14
1.7
5.32
5.19
1.91
0.29
0.11
1.24
5.56
5.21
3.34
2.5
7.54
2.03
0.12
0
5.16
9.19
13.16
7.69
10.36
6.34
5.55
12.24
9.37
1.2
0.3
0
0.01
0.01
0.43
0.01
0.35
8.66
1.16
0
0
1.88
2.23
0.25
0.75
0.38
0.38
0.01
0.56
0.46
0.01
0.62
0.54
0
1.8
0
0.37
2.64
0.93
0.43
6.64
4.29
0.92
0
0
0.58
1.28
1.59
0.97
0.68
0
0
0.48
0.85
0.77
0.16
0
0
0.36
2.69
1.16
9.7
6.77
4.27
6.05
7.29
2.1
0.55
1.02
6.84
8.63
3.89
1.12
0.02
0.15
0.9
0.02
0.01
0.01
0
0.49
0
0.05
0.8
0
0
4.34
9.06
8.72
15.39
6.4
0.37
0.3
0
2.94
1.04
2.13
0.59
0
0.02
0.15
0.21
1.12
0.25
0.73
0.16
1.57
2.24
0.88
0.06
1.03
0.96
0.24
3.05
1.09
4.37
8.73
4.48
3.16
0.03
0.29
0
0.16
0
0
0
0
0.54
0
0
0
0.02
0
0.4
0
0.18
0
0
0.29
0
0
0
0.18
0
0
0
0
0.01
0.01
0
0.02
0
0
0
0
0.01
0
0
0.01
0
0
0.01
0
0
0
0
0
0
0
0
0
0
0.02
0
0
0
0
0
0.05
0
0
0
0.03
0
0
0.02
0.08
0
0.09
0
0.04
0.84
7.66
5.14
0.7
0.22
0
0
0
0
0
0
0
0
0
0
0
0
0
0
0
0
0
0
0
0
0
0
0
0
0.47
0.07
0
0
0
0
0
0
0
0.01
0.01
0.03
4.6
0.49
0
0.19
0.03
0.13
0
0
0
0
0
0
0
0.4
0.25
0
0
0
0
0
0.01
0.23
0
0
0
0.65
2.24
0.72
0.71
0.02
0
0.57
0
0
0.41
0
0
0
0.67
0
0
0
0.42
0
0
1.54
0.05
0.65
0
1
7.41
12.38
2.45
0.95
2.09
8.67
12.49
3.32
1.3
4.42
7.06
9.59
2.96
3.92
1.68
1
0.31
1.41
2.11
1.15
1.48
5.2
6.39
6.99
6.94
5.53
3.86
0.72
10.78
2.4
1.28
1.02
11.95
2.77
0
1.05
5.72
1.86
1.25
0
0
1
0.02
0
0.82
0.74
1.54
15.13
15.89
3
9.19
3.03
0
0.5
0.49
12.99
23.1
11.88
1.63
0.36
0.18
3.39
6.3
2.55
4.66
4.57
2.83
7.02
2.36
7.11
14.83
11.71
7.11
6.53
5.75
1.63
0.22
0
0.32
0
0.01
0
0.33
0
0
0.48
0.37
0.26
1.36
0.36
0.39
0.01
0.23
0
1.41
4.41
6.97
0.57
0.03
0.09
0
0.16
3.73
0.66
6.46
5.66
8.76
5.42
6.11
2.06
1.54
2.66
3.63
6.79
5.43
2.51
1.25
0.66
0
0
0
0
3.58
6.54
2.05
0.17
0
4.09
9.7
3.45
1.98
0.31
16.1
11.78
0.91
0.03
0
0
0
0
0
0
0
0
0.43
0
0
0
0
0.01
0
0
0
0.07
2.54
2.17
6.52
2.78
0.89
0
0.48
0
0
0.01
0
0
0.27
0
0.06
0
0.01
0.03
0
0.27
0
0.02
1.51
1.3
3.06
17.02
9.7
2.93
1.72
2.77
0
1.08
0
0
2.33
3.16
0.79
0.49
0.02
0
0.08
0
0
0
0
0
0.38
0
0.04
0.02
0
0
0.02
0.42
10.32
2.6
0
6.52
4.71
3.89
2.69
0.36
0.94
0
0
1.95
4.48
9.77
0.91
0
0
0
0.2
0.01
0.01
3.09
1.41
0.21
1.88
0
0
0
0.05
0
0.41
0
0
0
0
0
0
1.05
0
1.03
0
0
0
0
0
0
0
0
0
0.48
0
0.01
0
0
0
0
0
0
0
0.02
0.13
7.27
0
2.82
5.47
1.12
0
0
0
1.29
7.43
1.14
0.23
1.71
0.81
0.31
2.16
4.45
3.91
2.39
0.06
3.64
2.76
2.8
3.92
0.1
0.02
0.28
0
0
0.53
0
0.03
0
0
0
0
1.52
0.2
0.4
10.7
1.9
0.66
12.34
4.73
0.69
9.88
10.56
7.37
12.55
3.88
0.12
0
0.93
0.95
1.78
3.02
3.83
3.81
9.14
6.85
2.73
1.53
0.25
0.5
0
0
0.01
0.26
0
0
0
0
0.49
0.73
0.07
0
3.87
6.68
9.96
1.23
0
0.4
0
0.1
0
0
0.28
0.26
0.05
0.28
0.01
0
0.39
0.28
0.01
0
0
0.26
0
0.36
0
0
1.03
0.19
1.18
0.02
0.27
1.42
0.13
0
0
0
0.3
0.27
0
0
1.44
2.4
12.45
3.77
0.19
0.51
0.08
0.04
0.14
0.28
0.02
0
0
0.23
0
0
0.44
2.12
2.48
0.45
0.56
0.36
0.26
0
0
0.77
0.02
0.29
1.66
0.57
0.22
0
0.32
0.34
0.19
0.15
0.48
0
0
2.03
2.88
0.26
0
0
0
0.27
0
0.07
0.16
4.94
0.47
0.16
0.02
0
0.02
2.45
0.04
0
0.01
1.02
4.33
4.3
6.58
2.14
0.09
4.27
7.38
1.89
0.14
0.25
0.2
0
4.36
2.68
0.51
0.06
0.21
0.07
0
0
0.2
0
0.98
0.46
0.4
0
0.06
7.8
7.86
3.71
13.04
4.84
0.46
0
0
0
0.14
1.23
0.73
0.58
0
0.11
0
0.01
0.71
0.01
0.34
0.7
0.27
1.11
0.09
0.02
0.61
0.79
10.07
2.79
0
1.2
3.63
0
0
0.01
0.01
0
0
0.09
0.26
1.43
8.84
3.74
2.24
0.7
4.05
11.17
4.43
9.67
2.56
0.56
0
0.01
1.09
0
18.79
0.06
0.17
0.13
0
0
0.57
0
0
0
0
0
1.04
4.05
2.65
3.46
1.8
0
0
0.05
0
0
0
0
0.31
0
1.58
2.5
5.35
0.92
13.76
10.08
9.42
1.83
0.01
0
0
0.7
0
0.66
0.61
0.47
0
0
0
0
0.02
0
0
6.09
0.04
0
0.01
0
1.3
0.02
0
0.43
1.63
0.01
0
0
0
0.26
0
0.01
0.03
0.79
0.52
0
0.05
0.18
0
0
0
0
0
0.01
0
0
0
0
0
0
0
0
0
0
0
0
0
0
0
0
1.64
0
0.04
0.09
11.8
0
0.38
0.04
3.37
0.82
0.69
0
1.21
0
0.08
0
0
0
0.43
0
0
0.18
0.07
0
0.48
6
0.25
0
0.37
0
0
0
0
0.81
0.59
0.21
1.98
3.32
0.12
0
0.02
0
0
0.04
2.01
3.16
0
0.96
0.13
0
0.23
0.89
0.98
0
1.44
1.59
0.43
0
0.27
0.46
0.05
0
15.89
12.35
0
0
0
1.46
0.69
0.36
2.04
9.92
1.56
0.11
0
0.04
0
0
0
0.29
4.66
1.16
1.48
0.55
2.36
5.05
31.41
1.27
3.57
3.95
1.32
0.13
0.18
0
0.2
0.02
0.07
0
0
0
0
0
0
0.16
1.19
0
0.13
0.09
1.42
0
0
0
0.18
0
0
0.01
0
0
0
0
0
0
0
1.41
0
0.01
0
0.46
0.55
0
0
0
0
0
0
0
0
0
0.01
0
0
0
0.43
0
0
0
0
0
0.55
0.3
0.09
1.37
0.99
0.34
0
0.3
0
0
0
0
0.55
0
0
0.68
0
0
0
0.55
0
0
0
0
0.57
0
0
0
0
0.38
0
2.39
10.33
0.67
2.48
0.89
0
0.71
0
0
0.02
0.55
0.4
0
0
0
0.01
0
2.18
3.74
1.83
0
0.18
0
0.41
0.15
0
0
0.47
0
0.01
0.55
0.82
0
0
0
0.2
0
0.01
0.39
0
1.77
0.92
0.16
0
0
0.32
7.11
10
4.34
0.92
0.68
0.45
5.9
0.42
0
0.64
0.72
0
1.31
2.99
13.42
2.84
16.39
6.05
1.63
1.27
0.78
0.49
0.16
0.11
0.95
0.2
5.38
0
0
2.1
0
9.68
0.72
0.43
0.02
0
0.6
0
0.06
0
0.82
5.76
15.59
8.82
6.28
5.27
0
0.02
0.9
0
0
0
0
0
0.66
0
0
0
1.82
12.67
0.06
0
0
1.5
5.05
1
0.08
0.66
0.76
0.14
0
0.62
0
0
0.8
0.64
0
0.77
0
0.91
0
0
0
0
0
0.64
0
0.01
0.49
0.07
0.23
2.01
4.12
0.41
0.09
0.52
0.02
3.45
0
0.7
0
0
0.72
0
1.02
0.68
0
0
0
0
0
0.01
0.16
0
0.02
0
0
0.02
0
0
0
0
0
0.71
0
0.64
0.03
0
3.98
1.43
0.32
0.01
0.11
1.05
1.46
0.06
0
0.61
0
0
0
0
0.98
0.01
0
0
0
0.02
0.01
0
0
0
0
0
0
0.9
3.44
0
0
0
0.11
0
0
0
0
0
6.11
0.71
0.61
0
0
0
0.84
0
1.21
0
0.05
0
1.36
2.28
1.04
0
8.09
9.7
1.07
0
0
0
2.11
0.05
0.67
0.07
0.11
0
0.83
0.1
0
0.45
0
0.3
0
0.19
0
0
0
0.11
0.01
1.37
0.95
0.52
0
0
0.07
0.34
0
0
0
0
0
0
0
0.43
0
0
0
0.55
0
0
0
0
0
0
0
0
0
0.79
0
0
0.17
0.01
0
0
0.13
0.01
0.01
0
0
0
0
0
0
0.01
0.48
0
0
0
0.32
0.22
0.55
0.52
0.21
0.23
0
0.07
1.39
13.37
0.84
0.04
5.84
9.25
3.49
4.69
0.09
0
10.49
17.36
21.35
11.59
15.06
8.81
0.75
0
0
0.5
0
0.27
0
0
0
1.06
4.77
0.98
0.15
0
2.18
7.19
0.34
0.98
0.17
0.05
0.49
0
0.05
0.73
0.05
0
0.01
0
0.29
0.01
0
0
0
0
0
0
0
0
0
0
0
0
0
5.27
3.21
15.05
2.01
0.1
4.4
1.86
0.09
4.74
0.47
0.41
3.54
0.55
0.48
0.95
0
0
0.01
0
0.43
0
0
0.05
0
0.36
0
0
0
0.66
0
0
0
0.18
0
0
0
0
0
0
0
0
0
0
0.52
2.44
0.8
10.35
3.02
0
0.73
5.25
1.31
0.91
0
0
0.6
0
0.44
0.46
1.7
0.33
0
8.28
7.8
12.18
1.28
0
0
0
0.54
0
0.01
0
0.47
0.04
0.61
0
0
0
0.58
0.01
0
0
0.68
0
0
0.91
0
0
0
0.34
24.7
2.62
0
0.17
0.02
0
0.05
0.27
0
0.84
5.21
4.75
8.27
10.98
7.07
4.21
3.04
0
18.98
11.41
0.43
0
0.48
0.68
2.82
5.8
2.47
0
0
0
0
0
0.77
0
0
0.2
0.53
0
0
0.41
0.45
0.34
0
0
0
0
0
1.54
1.13
23.17
0.55
0.29
0
0.81
0
0
0
0.16
0.04
0
0
0
0.43
0
0
0.22
0
0
0
0
0
0
0
0
0
7.17
18.46
0.44
0
0
0
0
0
0
0
0
0
0
0.53
0.01
0.01
0.38
0.72
0
0
0
0
0.01
0.03
1.12
7.62
0.02
0.02
0.44
5.02
0.12
0
0
0
0
0
0
0
0
0
0
0
0
3.5
0.7
0.03
0.01
0.68
1.23
0
1.08
2.08
4.96
0.09
0.42
0
0.02
0.86
19.51
0
0
0.12
5.44
0.27
0
0
0
0
0
0.67
0
0.5
0.11
0.36
0
0.93
6.23
0.59
0.56
0
1.62
9.16
0.41
0.23
0
3.95
0.08
0.89
0.01
0
0.2
0
0.01
0.65
0
0
0.04
0
0
0.88
33.16
22.92
11.57
1.05
0.03
0
0.89
4.02
0.19
0.34
0
0.26
0.29
0.01
0
0
0
0
0.02
4.5
5.31
1.06
0.09
0.27
0
0
0
0
0
0
0
0.7
1.75
0.91
2.15
0.68
5.48
1.1
0
0.15
0
1.23
0.29
0.82
2.82
0.27
0
0.11
0
0
0.07
0.09
0
0
0
0
0
0
0
0
0
0
0
0
0
0
0
0
0
0
0
0
0
0
0
0
0
0
0
0
0
0
0
0
0
0
0
0
0
0
0
0
0
0.3
1.19
0
0.01
0
0
0
0
0
0
0
0
0
0.02
0.02
2
0.6
0.41
7.45
0.02
0.24
0
0
0
0
0
0
0
0
0
0
0
0
0
0
0.21
0.16
0
0
0
0
0
0
0.03
0.04
0
0
0.14
2
0.1
0
0
0.96
0.31
0.04
0
0
0
0
0
0
0
0.02
0
0
0
0
0
0.98
12.3
3.42
1.77
14.84
0.04
10.32
3.42
15.61
0
1.43
0.06
0.11
1.34
6.95
0.36
0
0
0
0
0
0.06
0.13
0
0
1.46
4.51
3.36
2.98
0.66
10.09
1.23
0.1
0.75
0.19
0.64
0
0.01
0
0
0
0
0
0
0
0.03
0
0
0
0
0
0
0.01
0.04
0.14
0
0.23
0
0
0
0
0.01
0
0
0
0.13
2.09
2.43
5.16
8.09
0.26
1.16
0.94
0.07
0
0.07
0.56
10.8
1.04
0.48
1.5
0.11
0
0
0.21
0
0
0
0
0
0
0
0
0
0
0
0
0
0
0
0
0.08
0
0
0
0
0
0
0
0.31
10.39
1.39
0
0
4.46
0.82
0
0
0.03
0
0
0
3.27
0.01
0
0
0
0.24
7.45
2.23
0
0
0
1.77
4.36
0.61
0
20.75
5.64
0
0.25
0
0
0
0
0
0
0
0
0
0
0
0
0
0
0
0
0
0
0
0
0
0
0
0
0
2.52
0.34
0
0
0
0
0.02
0
0
0.01
0
0
0
1.13
2.08
0.2
0
0.59
0
0
0
0
0
0
0
0
0
0.25
0.57
1.98
6.52
0.16
0.02
0
0.28
0
0.89
5.06
3.77
0.47
0.48
8.57
1.05
0
0
0.23
7.13
4.13
4.02
3.53
0.72
2.43
14.67
2.45
0.49
0
0.23
0.09
0
0.07
0
0.24
0
0.01
0.01
0
0
0.01
0.02
0
0
0.16
0
0
0.66
0.52
4.72
7.65
2.77
8.82
16.37
2.92
11.62
2.34
0.96
1.09
0.01
0.01
0.01
0.01
0
0.23
0.35
0.01
0
0.02
0.59
0.12
0.08
0.54
2.97
3.33
0.12
0.32
0
0
0
0.02
0.39
0.32
0.57
1.7
1.07
9.46
4.75
0.27
1.63
0.92
0.47
2.63
0.24
0
0.77
1.8
0.43
1.32
0.46
0
0
0
0
0
0
0
0
0
0
0
0
0
0
0
0
0
0.15
0.11
1.83
0.75
0
0
0.11
19.68
14.58
0.38
0.02
0
0
0
0
0.21
0.22
0
0
0
0.34
0.02
4.11
3.07
7.7
4.37
1.61
1.48
6.86
13.38
2.21
0
1.57
6.27
4.45
0.02
0.61
11.73
1.18
1.56
9.87
0.56
1.98
2.77
0.05
0
0
0.12
0
0
0
0.56
1.08
0.99
11.77
2.43
0.3
0
0.01
0.62
0.71
0.52
0
0
0.78
1.68
0
0.18
0.03
1.07
3.18
6.65
5.28
0.94
0.34
9.12
3.57
2.84
1.85
0.46
0
0
0.41
27.88
11.99
0.83
3.54
15.04
1.15
0.94
9.56
7.17
4.64
2.34
3.92
0.29
5.8
0
2.13
0.63
0.32
0
0.25
2.05
22.92
12.08
0.63
0.14
0
0
0.01
0
0
0
0
0
0
0
6.24
4.9
0
2.19
0.7
0
0
0
0
0.44
0
0.04
0
0
0
0
0
0
0.1
0
0
0
0
0
0
0
0
0.53
0
0
0.59
0.52
0
0
0
0
0
0
0
0
0
0
0
0
0
0
0
0
0.01
0.16
0
0
0
0
0
0
0
0.16
0.01
0
0
0
0
0
0.01
2.6
6.07
0
0.15
0
0
0
0
0.01
0
0
0
0
0
0
0
0.01
0.09
0.09
0
0.27
0
0
0
0.03
0
0
0
0
0
0
0
0
0
0.01
0
0
0.2
8.8
0.08
0.07
1.56
5.14
3.91
3.59
0.04
0
0
0
0
0
0
0
0
0.01
0
0
0
0.49
6.08
0.42
0
0.01
0
0
0.41
6.54
0.28
0
0
0
0.01
3.08
2.75
0.14
13.15
1.48
8.62
20.94
26.95
0.81
6.3
0.44
8.6
28.73
3.3
14.37
0.62
1.82
9
0.59
0.21
0.12
0.79
0
0
0
0
0
0
1.48
21.47
1.63
0.25
1.29
0.04
0
0
0
0
0
0
0.21
3.01
0.02
0
2.97
0.06
0.27
0.32
0
0.86
0.27
0
0
0
0.05
0
0.44
0
0.01
0
0
0
0
0.05
3.94
3.62
0.23
0.06
0.13
0
0.04
0
0
0
0.12
1.79
4.08
6.63
0.98
1.79
12.02
15.13
12.39
7.85
1.2
13.28
0.99
0
0
0.23
0
0
0
0
0
0.01
0.01
0
2.5
8
6.98
12.88
4.61
0.1
2.2
1.3
0.9
5.71
5.58
2.82
0.18
0
0.87
0.23
0
0.12
0.96
0
0.03
1.59
4.39
0.38
0
0
0.13
0
0
0
0
0
0
0.38
0
0
0
0
0.08
1.62
7.54
0.94
2.82
2.6
0
0.02
0.26
0
0.48
0
0
0
0
0.01
0.32
0.16
5.85
5.15
3.17
5.8
6.98
1.53
0
0.3
0.13
0.01
0.16
0
0.16
0
0
0.02
2.57
16.1
7.05
2.65
4.72
0.43
0.07
0.44
0
0
0
0.2
0.64
0.5
0.95
5.05
0.49
0
0.04
0
1.47
3.02
2.81
5.52
2.9
12.13
3.84
0.12
0.16
1.16
2.78
0.13
0.46
5.09
0
0.12
0.5
1.45
0.05
0.79
0
1.71
20.48
2.27
2.1
0.47
0.11
0.12
0.3
0.15
0
0
0
0
0
0
0
0.53
0
3.25
1.9
0.11
0
0
0
0
1.25
0.21
0
5.58
0.05
0.45
0.23
5.3
2.17
0.16
0.13
0
0
0
0
0.12
0
0
0.07
0.01
0.26
0.04
0.04
0
0
0
0
0
0.01
0.5
0.04
0
0
0.02
0
0.39
0.78
1.04
0.12
0
0
0
0
0
0
0
0
0
0.11
0
0
0
0
0
0
0
0
0
0
0
0
0
0
0
0
0
0
0
0
0
0
0
0
0
0
0
0
0
0
0
0
0
0
0
0
0
0
0
0.01
0
0
2.36
0.09
0
0
0.48
0
0
0
0
0.02
0
0.01
0
0
0
0
0
0
0
0
0
0
0
0.02
0
0
0
0
0
0.02
0
0.15
0.01
0
0.02
0
0
0.12
0.5
5.04
6.39
6.83
2.34
0.51
0
0
0
0.94
4.68
2.15
0.5
0.01
0.05
0
0
0
0.02
0.24
0.14
0.43
0.11
0.3
8.73
7.58
0
0.14
0
0
0.21
0.25
0.37
1.52
9.38
0.41
2.8
3.48
0
0.97
0.06
0.22
0.41
0.32
0
0
0
0
0
0.21
0.27
9.82
6.92
6.48
3.36
0.45
14.69
10.29
3.66
1.73
2.71
3.43
2.83
1.97
0
0.66
0.07
4.91
0
0
0.66
0.23
0
0
0
0
0
0
0
0
0
0.02
0
0
0
0
0
0.02
4.56
8.53
0.19
0.04
0
1.61
1.72
4.57
0
0.84
3.66
0.78
0.4
0.15
0.05
3.73
23.92
6.6
5.28
6.88
8
4.02
1.82
11.49
1.08
0
2.95
4.68
0.38
0.04
0
4.03
5.4
0.7
0.38
0.19
0
0
3.55
1.18
0
0.45
0.13
6
4.7
0.34
0.12
0
0
1.08
0
0
0
0
0
0
0.25
0
0
0
0
0
0.01
0.12
12.66
0.83
0
6.61
7.29
4.46
2.95
0.24
2.91
7.71
0.99
0
0.75
2.14
1.75
0.59
0.95
0
0
11.81
1.98
5.2
10.97
4.79
6.18
2.09
0.42
0
0
0.11
0.04
0.23
1.11
4.3
3.09
0
0
0
0
0.48
1.13
1.98
0
0
0
0
0.17
0.18
0
0.27
3.33
0
0
5.48
0
0
0.16
0
0
0
0
0
0.11
0
0
0
0
0
0.29
0
0
0
0.1
0
1.15
0.47
0
0.17
4.48
1.63
0.37
0.16
0.32
0
1.77
0.2
0
0
0.24
0.01
0.13
3.49
0
0
0.02
0
0
0
0.12
0
0
0.21
0
0
0
0
0
0
0
0
0
0
0
0
5.88
0.82
0
0.01
0
0
0
0
0
0
0
0
0
0
0.01
0
0
0
0.04
0
0.02
0
0
0
0.57
0
0
0.01
0
0
0
0
0.02
0
0
0
4.34
7.31
0
0
0.02
0
0
0.62
0.49
0
0.11
0
28.34
0.29
0
0
0.14
0.45
6.24
4.1
1.33
8.11
0
5.04
18.11
0.95
0.01
0.71
0
0
0
0
0
0.05
0.06
1.63
1.43
5.09
0
0
0.02
0.02
5.13
5.34
1.77
6.16
9.55
3.58
2.84
0.93
0
0
0.18
0.7
4.33
10.69
0.53
0
0
0.01
0
0
0
0
0
0
0
0
0
0
0
0
0
0
1.46
11.38
13.66
3.45
1.04
1.25
1.25
0
0.03
0.61
0.79
0
0
0
0
0.01
0
0
0
0.01
0.01
0
0.01
0.09
0.57
0.41
6.32
1.39
0
0
0.7
10.92
3.82
0.16
0.15
0
0
0
0.08
2.14
0.24
0.87
0.28
0.07
0
0.18
0.11
0
0.02
0.02
0.02
0
0
0
0
0
0
0.73
18.29
11.66
1
7.98
11.64
1.29
0.42
0
0
0
0
0
0.1
0.98
0.9
0.4
3.97
7
10.55
9.98
8.77
4.98
0.83
0.49
15.09
1.24
0
0
0
0
0
0.05
5.7
10.16
1.13
0.19
0.07
0.37
12.26
8.66
2.97
0
0
0
0.14
0
7.75
4.34
1.23
1.23
0
0
0
0
0
0
0.01
0
1.3
0.75
0
0
0
0.03
0
0
0
0
0
0
0.28
0.22
0
0.07
1.65
2.55
0.18
0
0
0.05
0
0
0
13.9
7.73
12.25
4.13
1.96
13.85
13.8
0.35
0.67
0.09
0
0
0
0.35
0
0
0
0
0
0
0
1.08
7.7
1.59
0
0
0.11
0.15
0
0
0
0.01
0
0
0
0
0
0
0
0.73
0.01
0
0
0.77
14.13
0.35
0.27
0
0
0.93
5.26
10.85
0.14
0
0
0
0
0
0
0
0
0
0
0
0
0
0.25
0.45
0
0
0
0.09
0.41
1.93
0.21
0.71
0.33
0
0
0
0
0
0
0.01
0.37
0
0.49
0.44
1.9
0.3
0
0
1.03
0.37
1.51
18.54
6.07
1
0.2
1.57
4
21.23
17.32
5.23
0
0
0
0
0.4
0
0
0.01
0
3.18
34.94
0.55
0.01
0.07
0
0
0.07
0
0
0
0
0
0
0
0
0
0.49
0
0
0
0.02
0.01
0.01
0
0
0
0
0.01
0.02
0
0
0.16
0
0
0.84
1.55
0.26
0
0
3.39
0.24
0
0
0.01
0
0
0
0
0
0.01
0
0
0
0
0
0.16
0
3.01
1.84
0.02
1.4
3.13
6.1
0.63
0
0.01
1.71
1.18
8.7
4.14
2.7
2.97
7.64
0.89
0.37
0.43
14.38
16.64
5.17
0.23
0
1.14
1.83
1.82
0.33
0.03
2.26
5.33
2.11
16.92
5.03
4.43
0
0.16
9.35
1.37
0.79
0.12
0.41
0.1
0.33
1.39
0.32
0.44
4.09
19.41
1.83
0.18
0.18
0.24
0.08
0.77
0
0
0
0
0
0
0
0.02
0.93
0.55
0.3
0
0
0
0.01
0
0
0.34
6.39
17.34
9.62
4.68
1.39
0.02
0.09
1.54
7.46
22.04
4.63
7.91
2.18
1.66
1.22
2.13
0.16
0
0
0.07
0.49
0.03
0.37
0.01
0.08
0.2
0.05
0.14
0.09
6.8
0.8
0.42
0
0.04
3.98
0.92
0
0
0
0
6.91
4.27
8.71
8.39
13.74
5.2
6.87
0.85
0.04
0
0
0.34
0
1
3.68
4.02
8.59
1.37
4.63
1.84
0.49
2.11
0.05
0.69
1.02
1.22
8.3
0.52
0
0.05
0
0.35
0
0.53
0
0.32
2.22
2.42
0
0.01
0
0.01
0
0.81
0.38
0
0.01
0.26
0
0.01
0
0
0.1
0.84
0.35
0
0
0
0
0
0.01
0
0
0
0
0
0
0
0
0.05
1.38
0
0
0
0.06
0.15
0.05
0
0.16
0.64
0
0.75
7.14
5.73
18.04
5.06
4.12
0.01
1.02
0.61
9.68
13.37
3.67
1.29
2.23
11.38
0.44
1.48
7.43
5.86
0.75
0.01
3.43
0.59
1.8
23.84
8.9
0
0.6
0.54
0
4.34
3.07
3.67
10.45
2.53
3.04
0.32
2.98
10.06
2.71
0.78
7.02
8.69
2.21
2.09
7.98
1.08
1.13
0.98
0.43
0
0.14
0.78
12.29
2.57
3.14
0.23
0
0
0.21
0
0
0
1.81
1.66
0.43
0.27
2.05
42.38
28.77
2.64
1.9
2.22
6.65
2.47
4.56
7.82
13.24
0.76
0
0.71
5.36
2.89
6.03
4.48
0.45
20.33
9.39
1.53
9.52
11.91
1.28
0
0.55
2.74
0.5
0
0.16
0
0.18
0.18
0
0.07
0
0
0
0.11
0
0.25
0.25
0
0
0
1.04
0
0
0
0
0
0
0
0
0
0.02
0
0
0
0.01
0
0
0
0
0
0
0
0.27
0
0
0
0
0
0
0
0
0
0
0
0
0
0
0
0.23
0
0.16
0
0
0
0
0
0
0
0.23
0
0.04
0
0.01
0.38
0
0
0.2
0.08
0
0
0
0
0
0
0
0
0
0
0.04
0.44
0.25
0.18
0
0.14
0.03
0
0.08
0
0.52
0.85
0.94
0
0.31
13.83
13.23
22.06
8.05
7.47
2.29
0.87
0
0
0
0.02
0
0
0.02
0
0
0.23
0
0.16
0.5
0.27
0.35
0
0.16
2.06
1
0.11
0.65
3.5
4.29
1.13
0.16
0
0
0.01
0
0
0
0
0
0.01
0
0
0
0
0.25
0
10.33
4.46
0.34
0
0
0
0
0
0
0
0
0
0
0
0
0
0
0
0
0
0
0
0
0
0
0
0
0
0
0
0
0
0
0
0
0
0.21
4.38
0.46
0.08
0.08
0.32
0
0.01
0
0
0
0
0
0
0.82
1.98
0.01
0
0
0.09
0
0
0
0
0
0
0
0
0.01
0.27
0.09
0
0.46
3.01
2.45
3.14
1.18
0
0
0
0.16
0.06
0.4
0
0
0
0.02
0.05
1.7
11.64
14.2
8
2.57
4.79
1.58
0
0.06
0
1.29
0
0.05
3.99
0.94
0.21
0
0
0.01
0.32
0.01
0
1.08
5.12
0.25
0
0
0.16
0
0
0
0
0
0
1.37
0
4.39
2.05
0.24
3.69
4.31
7
2.4
2.66
5.64
3.13
1.23
1.02
1.27
3.5
6.25
2.51
0.49
0.48
0.03
0.67
3.48
0.7
1.62
6.34
4.91
20.14
16.64
0.77
3.5
0.35
0.13
0
0
0
0
0
0
0
0
3.27
0.07
0.02
0
0.17
2.44
2.03
0
0.01
0
3.69
0.29
0.09
3.53
9.63
12.32
21.77
2.49
4.66
7.23
15.46
13.74
10.61
8.43
4.79
4.47
0.37
0
0
0.35
0
0.83
0
0
0
0
1.21
6.58
4.08
1.3
3.48
6.58
0.53
0
0
0
0.12
0
0.01
0
0
0
0
0
0
0.01
0.52
0
1.23
0
0
0.02
1.12
0.12
0
0
0
0
0.08
0
0
0
0
0.86
1.18
1.85
0.78
0
0
0
0
0
9.54
3.54
1.08
0.26
0.3
0
0.08
0
0.02
0
0
0.78
0.26
0
0
0
0
0
0
0
0
0
0.13
0.01
0
0
0
0
0.01
0
0
0
2.81
0.23
0.25
0
0.94
0
0
1.76
6.7
2.55
3.07
0
0
0.16
0
0
0
0.09
0.61
0.08
0
0.18
0
1.21
0
0
0
0
0.09
0
0
0
0
0
0
0.04
0.05
0
0.23
0.04
0
0
0
0
0
0
0.63
0.13
13.22
0.64
0.09
0
1.97
0.71
0.01
0
0.23
0.24
3.24
0
0.26
0
0
0
0.86
0.3
0.25
1.31
0
0.04
0.02
0.02
0
0
0
0.3
3.42
1.67
2.88
5.09
3.95
14.7
8.7
5.12
12.45
4.92
1.11
6.65
7.78
9.49
2.45
3.64
3.63
3.6
0.77
1.96
2.7
3.45
3.3
2.45
4.09
8.18
1.75
1.34
10.27
6.28
2.8
2.17
14
8.7
7.83
0.15
1.06
6.25
0.84
0
0
7.35
7.18
1.25
0.16
0.52
0.2
0
3.95
2.19
7.16
0.08
0
0.05
0
0.59
0.84
0.32
0.75
0
0
0.23
0.38
0.02
0
0
0.03
0
0
0
0
1.7
1.06
2.52
8.23
3.24
2.8
1.49
6.92
1.38
0.38
0.16
0.1
0
0.04
0
0
0
0
0
0
0.11
0
0
0
0
0
0.01
0.12
0.31
0
0
0
0
0
0
0
0
0.29
0.28
0
0
0.11
0.17
1.55
0.11
0
1.63
0.01
0.24
0
0
0
0
0
0
0
0
0
9.04
1.47
0
0
0.31
0.13
0
0.22
0.01
4.07
4.81
0.79
9.21
10.5
7.3
1.98
5.69
1.54
0
0
0
0.07
0.87
0.02
0.13
0.01
0
0.01
0.21
0.21
1.63
1.91
2.78
4.77
1.72
0.49
0
0.12
0
0.09
0
0
0
0
0.15
0
0
0
0.02
1.57
2.66
0
0
0
3.16
0.55
1.41
3.48
6.99
1.62
0.2
0.62
0.18
0.13
0.29
0.23
0
0
0
0
0.16
0.01
0
0
0
0
0.01
0
0.01
0.09
0.82
0
2.05
6.13
0.25
0.17
0
0.02
0.09
0
0
1.65
0
0
0.23
0.77
0
0.05
0.02
0
0
0
0
0
0
0
0
0
0
0
0
0
0
0.01
0.27
0.02
0
0
0
1.8
0.15
0.72
0.8
0
0.05
0
1.57
8.36
0
0.08
0
0
5.98
1.27
0.37
0
0
0.02
0
0
6.84
0.03
0.66
0
1.11
0
0
4.33
0.18
1.27
14.23
0.86
2
0
2.88
0.22
0.41
0.4
0.74
0
0
0.02
0.02
0.71
1.03
0
0
0.23
4.93
30.12
10.21
0.6
0
2.75
0
0.2
0
7.23
2.73
0
0.78
1.93
0
0
0
0.18
0.73
0.65
0
0.55
9.64
0
0.24
1.77
0
0
0.64
0.91
2.41
0.78
0
0.59
0
0.28
0
1.45
1.79
1.52
1.33
6.52
0.26
0.25
10.91
25.02
8
3.9
0.7
0.6
1.77
4.21
0.66
3.79
4.7
0
1.73
0
0.28
0.81
0.18
14.35
14.35
3.45
0.77
0
0.18
0.34
0.64
0
0
0
1.34
0.01
1.78
8.52
2.23
4.73
7.29
0.83
0.07
0.25
0.21
0.01
0
0
0
0
0
0
0
0.49
12.84
2.72
2.13
0.2
0
0
0
0.53
0
0
0.95
0
0
0
0
0
0
1.13
0.01
0.83
0.27
0.56
0.54
0.19
0.2
0.3
0
0.13
0
0.18
4.34
1.64
1.05
0.75
0.91
1.37
0
0
0.07
0.34
1.11
0.09
0
0
0.01
0
0
0
0
0.05
0.01
0
0.4
0
0.21
2.7
6.81
0.45
0
0.79
1.91
1.14
2.44
3.12
0.6
0
0.27
0.18
0.29
0.35
10.42
2.79
14.27
0.95
0
0.15
0
0
0.25
0
0.84
1.7
10.04
1.98
1.97
3.33
0
14.16
12.4
10.43
2.68
4.38
3.52
2.16
3.55
0.55
0.43
0.3
1.13
2.77
0.02
0.15
0
0.39
0.35
0.23
0
1.16
3
0.48
0
0.01
0.01
0.64
0.29
0.54
1.19
6.02
0.65
0
0
0
0
0
0
5.58
4.52
12.34
24.23
3.89
1.02
0.45
0.27
0.17
0.01
0
0
0.74
1.96
0.69
0.24
0.13
0
0
1.23
0
0
0.32
1.01
0
0
0.33
0.34
0
0
0
0
0
0
0
0
0
0
0
0
0
0
0
0
0.02
0
0.22
2.71
5.79
9.38
3.31
7.25
1.39
0
0
0.16
0
0
0
0
0.59
0.2
0
1.58
6.27
0
0
0
0.01
0
0.05
0
0
0
0
0
0
0
0
0
12.18
0
20.3
0.98
0
0
0
0.15
0
0
0
0
0
0
0
0
0
0
0
7.1
0
0.84
0
0
0
0
0
0
0
0
0
0
0.8
0.18
0.43
0
0.01
0
0
0
0
0
0
0.1
0.01
0
0
0.31
0.28
0
0
0.01
0.61
0
0.05
0
0
0.72
0.28
0
0
0
0
0.02
21.56
6.35
15.98
0
0
0.05
0.02
1.12
0.41
0.08
0
0
0
0.51
0.4
0
1.1
5.63
9.82
0
0.74
0.69
9.49
3.81
2.26
13.86
0.88
0.02
0.61
0.18
0
0.55
0
0.42
0
0.05
25.6
22.09
9.07
2.36
3.57
1.25
0.82
0
0
0.01
0.1
0
0
0
0
1.21
13.31
5.08
6.73
0.27
0.11
0
0
0
0.01
1.3
0.88
0.05
0
0
0
0
0
0
0.76
1.07
1.58
7.84
0.14
0.23
0.14
1.4
0
0.01
0
0.01
1.36
0.3
0
0.04
0.98
12.16
6.61
3
2.61
0.51
0.24
0.25
0.06
0
0.05
0
0
0.04
0.02
0.27
4.19
4.09
0.18
0.05
0
0
0
0
0
0
0
0
0
0
0
0
0
0
0
0
0.03
0
0.04
0
0.43
3.95
3.48
0.01
0
0
0
0
0.02
0
0
0
0
0
0.14
0.3
0
0
0
0
0
0
0
0
0
0
0
0
0
0
0
0
0
0
0
0
3.28
0.03
0
0
0
0
5.09
1.38
0.14
0
0
0
2.08
2.34
0.16
0
0
0.1
1.84
0.48
0
0
0
0
0
0
0
0
0
0
0
0
0
0
0
0.01
0
0
0
0
0.43
0.1
0.16
1.96
0.02
0.18
0.1
12.25
3.87
5.34
11.26
11.6
6.76
0.46
1.68
0
0.06
0
0
0
0
0
0
0
0
0
0
0
0
0
0
0
0
0
0
0
0
0
0
10.52
3.09
1.32
0
0
1.18
0
0
0
0
0.01
0
0
0.02
0
0
0
11.26
2.57
5.03
2.22
0.81
9.24
0.49
0.26
0.52
0.22
12.35
16.25
11.54
5.41
3.44
1.04
2.25
1.57
2.61
1.56
0.57
2.41
5.78
0.27
1.68
2.72
11.67
3.8
4.17
3.66
0
0.15
0
0
3.74
14.03
1.46
0.04
0
0
0
0.04
0.01
1.3
0.25
0.17
0
0
0
0
0
0
0
0.09
0
0.28
0
0.18
3.96
0
0
0.41
0.29
0.59
0
0.17
0.1
0.01
3.11
0.15
0.07
1.11
2.88
3.9
0.31
2.62
5.69
0.13
0
0
0.57
0
0
0.02
0
0
0
0
0
1.05
0
0.5
0
6.16
0
0
0
0.03
0
0.04
0
0.46
1.91
3.49
0.28
0.73
0
0
0
0.11
0
0
0
0.12
0
0
0
0.01
0.27
0
0
0
0
0
0
0
0
0
0
0.96
9.91
12.23
7.85
0
0
0
0.3
0
0.05
0
0.96
0.41
0.52
7.62
7.34
6.99
6.89
4.92
1.05
3.21
6.39
19.48
3.95
16.12
6.14
0
0
0
0
0
1.07
0.37
3.52
1.52
5.63
4.2
1.76
0.15
0.79
0
0
0.13
0
0
0.15
0
0
0
0
0
0
5.51
0.55
0
0
0
0
0
0
0
0
0
0
0
0
0.1
0.21
0.71
3.29
0.76
11.45
0.64
7.97
1.8
2.14
0
0
0.01
0
0.02
0.6
5.23
3.53
0
0
0
0
0
0.01
2.43
1.86
0
0.82
0.19
0
0.01
0
0
0
0
0.46
0
0
0
0
0
0
0
0.07
0.45
0.22
0
0
0
0
0
0
0
0
0
0
0
0
0
0
0.1
0
0.33
0.09
0
0
0.03
2.05
0.28
0.21
0.06
0.02
0.37
4.34
3.5
0.19
0.02
0
0
0
0
0
0
0
0
0
0
0
0
1.34
0.12
0.2
2.41
1.51
0.03
0
0
0
0
0
0.23
0.86
0.62
0.27
3.36
6.36
0.98
0
0
0
0.34
0.8
1.15
0.16
2.18
1.94
0.47
0.01
0
0
0
0
0.06
0
0
0
0.07
0.01
0
0
0
0.03
0
1.1
2.75
0.52
2.55
0.26
0
0
0
0
0.6
1.37
0.2
3.58
10.09
10.16
3.87
3.02
0.77
3.57
2.46
3.93
0.21
1.07
0.37
0.1
0.22
1.95
0.29
5.67
4.34
0.46
4.05
7.3
1.98
1.59
0.38
8.52
1.61
0.63
0
0.16
0
11.95
26.65
14.78
10.04
0.63
0.16
0.09
0
0
0
0
0
0.14
7.9
5.04
4.5
5.93
11.23
1.53
0.3
0.11
0.02
0.07
0.05
0.01
0.09
7.71
0
0.13
0
0
1.07
0.08
0.1
0
0
0.01
0
0.55
8.84
0.13
0.05
0
0
0
0
0
0
0.04
0.03
0
0
0
0
0
0
0
0
0
0
0
0
0.29
0
0
0
0
0
0.02
0
0.01
0
0
0.41
0.57
0.29
0
0
0
0.15
0.05
0.01
0
0
0
0
0
0
0
0
0
0
0.73
1.42
0.38
0.27
0.34
0.27
0.25
0
0
0
0.09
0.04
0.27
0
0.77
2.32
1.52
0
0.32
0
0
0.01
0
1.16
0
0
0.28
0.11
0.15
14.99
9.01
0.38
0.69
0
0
0.01
0
3.38
0.68
3.45
0
0.6
5.2
5.66
3.78
6.03
5.71
34.64
10.29
12.01
18.45
7.33
0.61
3.38
2.7
4.88
0
0.13
0.25
0.26
0.55
0.25
0.32
4.04
13.85
11.73
3.47
0.48
0.66
5.3
2.29
5.83
9.37
0.71
5.64
2.38
2.34
0
0
0.04
0
0
0
0
0
0.28
0.08
0
0
0
0
0.06
0.34
0
0
0.39
0.47
3.95
0.99
6.2
0.13
0
0
0
0
0
0
0
0.02
0
0
0
0.04
0.19
0
0.02
0.02
0
0
0.03
0
0
0.02
0
0
0.77
1.27
0.04
0.07
0.73
0.85
0
0.89
4.99
1.96
10.15
7.82
2.03
5.32
14.31
1.33
0.54
0.14
0
0.32
0.35
0
0.06
0.07
0
0
0
0
0
0
0.23
0.29
0
0
0
0
0
0
4.32
6.84
0.96
0.42
0.65
0.44
0.03
0
0
0
0
0
0.91
0.13
0
0.4
0.53
2.7
0.31
0.16
2.83
0.33
0.29
0
2.93
6.32
3.63
0.44
0.22
0
0
0
0
0
0
0
0
0
0
0
0
0
0.15
0.25
0.2
0
0.14
0
0
0
0
0
0
0
0.1
0.31
0.43
0.01
0
0
0
0.14
0.45
0.3
0
0.84
0
0
0
0.01
0
0.08
0.91
0.77
0
0.27
4.52
1.19
0.02
0.59
6.57
7.49
0
0
0
0
0
0
0
0
0.07
0.27
0
0
4.48
0
0
0
0
0.1
5.74
2.92
9.18
6.51
1.22
1.36
3.83
2.65
3.8
0.71
0.9
0
0
0
0
0
0
0
0
3.46
0
0.01
0
0
0
3.21
0
0.23
0
0
0
0
0
0
0.01
0.01
0
0.01
0
0
0
0
0
0
0
0
0
0
0
0
0
0
0
0
0
0
0
0
0
0
0
0
0.02
0
0.08
0
0
0
0
0
0
0
0.01
0.01
0
0
0.02
1.7
0.3
0
0
0
0.09
0
0
0
0
0
0
0
0
0
0.09
0
0.12
0
0
0
0
0.04
0
0
0
0
0
0
0
0
0
0.01
0
0
0
0
0
0
0
0
0
0
0
0
0.27
0.08
0.06
0
0
0.09
0
0
0.48
0.98
0.56
9.51
1.82
0.95
0.05
0
1.58
1.66
1.2
2.99
1.82
0
2.61
0
0.13
0
0.89
9.88
1.36
0.39
0
0
20.59
9.39
4.58
0.1
3.87
3.84
2.08
0
5.86
0
0
0.64
0
9.84
2.11
0.12
0
0
0
0.02
9.43
8.03
3.02
16.47
3.02
8.07
2.92
0.52
0.68
2.34
0.07
0
0
0.08
0
0
0
0.02
0
0
0
0
0
0
0
0.14
0.1
0
0.26
0.16
0.23
0
1.41
0.5
3.72
0
0.04
0
0
0.04
0.1
0
0.02
0.02
0
1.24
0.19
0.34
0.18
0.01
0
0
0
0
0
0
0.22
1.64
7.94
1.18
0
0.04
0.01
0.38
0
0
0
0
0.27
0
0
0.02
0
0
0
9.13
3.52
0.47
1.11
0.34
0.02
0.24
1.49
0.16
0.58
0.03
0
1.86
0.02
0
0
0
0
0
0.01
0
0
1.85
0.65
0.99
1.19
19.73
4.76
0.81
0.02
0.02
4.61
0.69
0
0.13
0.4
0
0
0.53
0.41
0.04
0
0.1
0
0
0.56
0.17
2.71
0.59
0.18
0.01
0
0.68
0.22
0.02
0.05
0
0
0
0
0
0
0
0.13
0
0.44
0
0
0
0.32
0.11
0
0
0
0
0
0
0
0
0
0
0
0
0
0
0
0
0
0
0
0
0
0
0.76
3.46
4.88
2.37
3.14
1.96
0.51
5.69
0.9
0.02
0
0.58
5.79
1.5
0.55
0.07
0.05
1.46
14.56
6.48
4.18
11.05
0
0.02
1.67
0.2
0.66
0
0.16
0
0
0
0
0
0
0.03
0
0
0
0
0
0
0
0
0
0
0.59
1.25
2.4
3.05
7.69
0.23
0
0.01
0.02
0
1.2
0
0
0
0.02
0.13
0
0.12
0
43.15
6.01
1.04
4.58
2.03
3.86
4.32
0.59
0.08
0.01
0.01
0
0
0.45
0.04
0.3
0.28
0
0
0
0
0
0.09
0
0
0
0
0
0
0
0.01
0.4
0
0
0
0
0.28
0.01
0
0
0
0
0
0
0
0
27.67
1.73
0.32
0.02
0.02
0
0
0
0.01
0
0
2.19
3.72
2.32
10.53
0.23
0.01
0
0
0
0
0
0.01
0
0
0.25
0
0
0
0
0.01
0
0.02
0.01
0
0
0
0
0.01
3.68
8.89
0.66
0.05
0.04
0
0
0
0
0
0
0
0
0
0
0
0
0.19
0.06
0
0
0
0.01
0
0
0
0
2.6
0.59
0.01
0
0
0.55
0
0
0.01
0.07
2.18
0.38
0
0.04
0.1
0
0
0
0
0
0
0
0
0
0.04
0
1.71
21.72
18.91
18.41
0
3.37
7.75
7.48
0.46
2.82
0
0.03
1.75
0
0.44
0.36
6.61
1.78
2.27
0.37
0
3.93
0
0.05
0.28
8.16
0.19
3.01
5.45
3.58
0.22
3.61
0.61
0.29
0
0.06
17.8
3.59
0.16
0
0
0
0.35
7.53
1.67
4.73
13.62
7.35
7.1
5.01
9.77
18.26
12.92
4.02
0.74
0.94
8.1
6.2
16.53
0.8
14.88
1.42
1.02
6.87
0
0.01
0
0
0
0
0.17
2.69
2.89
12.85
3.94
17.42
4.57
0
3.29
4.26
7.06
2.76
0
8.24
11.53
0.07
0
0.73
9.2
0.09
0
0
0
0
0
0.09
2.3
0.38
0
0
0
0.03
1.3
0.23
0.04
0
0
0
2.62
5.19
0
0.12
0
0
0
0
0
0
0
0
0
0.02
0
0
0.5
3.24
2.47
0.42
0.01
0
0
2.37
0.09
0
0
0.22
0.09
0.43
2.47
0
0.08
4.02
6.64
8.08
5.98
0.09
0
0
0
2.13
1.59
0
0
0
0
0
0.27
0
0.15
0.41
0.2
0
0
0
0
8.54
0
0
0
0
0
2.6
1.38
3.04
1.02
0.72
0.25
0.13
4.21
18.21
10.47
1.86
5.53
21.16
8.38
0.32
0
0
0.81
0.79
17.69
8.35
3.08
2.02
0.36
0
0
0
0
0
0
0
0
0.01
2.66
1.06
0
0
0
0
0
0.52
0
0.19
0.62
0.05
0.6
0
0
0.06
1.82
5.43
0.34
0.57
0.07
0.02
0
0
0
0
0
0
0
0
0
0
0
0
0
0
0.33
1.5
0.16
0
0
0
0
0
0.05
0
0.03
0
0.04
0.03
0
0
0
0
0.28
0
7.59
0
0
0
0
0
0
0
0
0
0
0
0.53
0.22
0
0
0
0
12.99
3.06
0.33
0.16
0
0.5
0
0.02
0
0.01
0
0
0
0
0
0
0
0
0
0
0
0
1.77
0
0.01
0
1.36
0.11
0.2
0.69
0
1.77
0.01
0
0.02
0.68
1.37
2.65
7.45
7.11
1.02
0.01
0
0
0
0
0
0
0
0.01
0
0
0
0.02
0
0
0
0
0
0
0.01
10.43
0.43
0
0.02
0.55
0
0
0.24
0
0
0
0
0
0
0
0
0
0
0
0
0
0.16
2.48
0.35
0
0.01
0
0
17.46
28.11
13.42
12.84
3
0
3.62
0.09
1.99
3.32
1.12
0.17
1.84
0.18
0
0.07
0.36
0
0
0
0.01
0.08
0
0.06
10.24
6.11
0.43
1.12
0
0.54
0.27
11.79
22.44
20.29
3.47
0.11
0.56
5.17
9.84
11.48
18.22
12.43
5.52
10.85
6.05
1.74
0
0
1.28
6.62
1.55
12.87
0.79
13.12
3.02
0.87
10.49
3.23
13.39
17
0.89
0
0
0
0
0
4.26
12.75
1.61
9.95
17.19
15.85
4.22
8.73
4.46
0.11
0.45
0.13
0
0
0
0
0
0.04
3.66
0.77
0.02
0
0
0
0
0
0
0
0.23
0.08
0.07
0.03
0
0.38
0
0
0
0.01
1.88
0.21
0.54
0
0
0
0
0
0
0
0
0
0
0
0
0
0
0
0
0
0
0
0
0
0
0
0
0
0
0
0
0
0
0
0
0
0
0
0
0
0.02
0
0
0
1.25
0.26
0
0
0
0
0
0
0
0.09
5.98
24.16
17.89
4.31
0.83
0
0
0
0
0
0
0
0
0
0
0
0.16
0
1.74
0.47
1.95
0.41
0.01
0
0
0.97
1.7
2.85
4.19
9.71
3.09
1.5
0.03
0
0
0
6.3
2.86
6.26
0
0
0.5
8.05
21.73
1.97
3.57
0
5.11
16.7
2.96
0
0
0
0
0
0
0
0
0
0
0
0.18
0
0
0
0
0
0
0
0
0
0.15
0.7
0.44
0.04
5.41
4.17
0.39
0
0.2
0
0.12
1
0.2
4.25
0
0
0
1.09
0.21
0
0
0
0
0.15
4
4.56
22.02
0.18
0
0
2.29
3.57
0.38
0.48
0
0
0.24
1.34
0.16
0
0
0
23.46
2.5
6.79
0
0.02
0.82
0
0
0
0
0
0
0
0
0.63
0
0.21
10.26
1.18
4.84
0.05
0
0
0
0.2
0
0
0
0
0
0
0.3
0.11
0
0
0
0
0.71
5.22
0
0.13
0.02
0.06
0.78
0.27
0
2.21
3.11
2.11
6.13
0.3
0
0.02
0.97
0
0
0
0.08
0.01
0.35
0
0
0
0
0
0
0
0
0
0
0
0
1.09
2.77
4.32
5.5
1.02
0
1.84
3.03
6.49
4.62
0.02
0
0
0.22
11.29
17.59
7.83
38.88
12.09
2.16
4.54
2.81
5.65
5.78
0.93
9.41
0.41
0.05
0.63
4.28
7.53
1.74
4.61
19.5
4.23
2
2.6
9.2
0
0.5
1.89
0.46
0.51
0.03
0.59
0
8.38
0
0
0
0.99
0.04
0.18
2.75
2.31
0
0
7.5
18.21
27.63
5.84
2.95
0
3.12
7.01
0
0.03
1.69
0.86
0.07
1.53
0.96
3.38
9.46
0
0.63
0
0.82
0.73
0.01
0.29
0
0
0
0.03
4.34
4.01
0.02
0
0
0
0
0
0
0
0
0
0
1.33
5.79
0.49
1.19
4.07
0.06
0.74
2.34
18.09
2.07
1.8
0.19
0
0
0.01
0.08
0
0
0.01
0
0
0
0
0
0
0
0.09
0.91
0.51
0
0
0
0
0
0
0
0
0
0
0
0
0
0
0
0
0
0
0.09
0
0
0
0
0
0
0
0
0.64
0.91
0.13
0.1
0
0
0
6.69
0.95
1.23
0
0.8
3.5
2.95
3.21
2.09
0.38
0
3.83
3.54
1.5
0.76
1.97
11.92
2.05
2.11
0.3
0.04
0.08
0
0.54
0.36
0
0
0.24
2.64
0.6
3.35
3.78
2.25
2.89
2.11
1.67
0.57
0.11
0.8
0
0.01
0
5.57
11.12
2.09
6.55
6.82
1.96
0.38
0.32
0.3
4.74
2.24
0
0.66
1.65
6.13
0
11.83
10.72
2.32
13.07
0.24
5.26
1.34
0.23
0
0.4
2.29
0.49
0
0
0
0
0
0
0
0
0
0
0
0
0
0
0
0
0
0
0
0
0
0
0.34
3.61
0.11
0
0.56
0
0
0
0
0
0
0
0
0
0
0
0
0
0
0.07
0
0
0
0
0
0
0
0
0.18
0
0
0
0
0.6
0.32
0
0
0
0
0
0
0
0
0.02
0.18
0.02
0
3.25
0.73
0
0.55
0
0
0
0
0
0
0
0
5
0
0
0
0
0
0
0
0
0
0
0
0
0
0.07
0.33
0.05
0
0
0
0
0
0
0.21
0.13
2.72
9.93
0
10.19
10.18
6.7
1.54
4.67
4.3
1.13
0.32
1.67
2.34
3.91
15.32
4.65
0
1.2
0.88
0.09
0.08
0
0
0
0
0
0
0
0
0
0
0
0
0.01
1.04
1.04
0
0.16
0
0
0
0.2
0.79
18.32
8.92
0.32
0
0
0
0
0.45
0.19
0
0.02
0.62
0
0
0
0
0
0
0
0
0
0
0.38
0.02
0
0.01
0
0.01
0
0
0.16
0
0
0
0.49
0
0.02
0.54
0.87
0.24
0
0
0
0
0.01
0
0
0.17
0.08
0
0
0
0
0
0
0
10.49
11.73
2.43
0
0.02
0
0.01
0.01
0
1.01
0.53
6.25
0.85
0.25
0
0.01
0
0
6.55
3
0
0
0.2
0.2
1.68
0.27
0
0
0
0
0
0
0
0
0
0
0
0
0
0.25
0
0.02
4.02
0.54
0
0
0
0
0
0
0
0
0
0
0
0
0
9.95
7.23
0.68
2.39
0
0
0.12
2.05
0.17
0
0
0
0
0
1.19
14.6
5.49
0
0.3
1.55
0.18
0
0
0
0
0
0
0
5.36
4.43
1.8
1.93
1.15
0
0
0.03
0.8
0
0
0
0
0
0
0
0
0
0
0
0
1.78
2.94
7.47
0.77
0.11
0
1.27
0.6
0.02
0
0.13
2.39
6.62
16.1
9.24
5.96
1.85
9.59
2.17
2.73
0.07
1.09
3.25
6.08
0.09
0.03
0
0
0
0
0
0
0.8
3.75
8.97
3.91
0.38
0
0
0
0
0
0
0
0
0
0
2.38
11.91
2.26
0
0
0
0.01
0.06
0.18
4.31
0
0
4.48
23.16
0
0.02
0.17
1.04
0
0.03
0
0
1.32
0.33
0
0
0.81
0.16
0.06
0
0.66
0
0
0
3.66
0
0
0
0
0
0
0
1.14
0.74
0
0
0
0.01
0.5
0.01
0
0
0
0
0
0
10.45
3.84
0
0.31
0
4.41
0
0.09
0
0
0
0
2.1
0.25
0
0
0
1.03
0
0
0
0
0
0
9.39
0
0
0
0.01
0.14
1.27
0
0
0
0
0
6.47
6.5
1.63
0
19.26
3.11
8.46
1.48
0.14
0
0
0
0.24
0
3.7
0.39
0.05
0
10.76
22.7
1.66
0.14
0.13
0
8.25
10.34
0.36
0
0
0.05
0.12
0
0
0
0
0.44
1.12
1.64
0.05
0
0
4.19
8.37
0.74
0
0
0.62
7.55
2.73
16.42
11.09
9.94
9.72
22.53
7.98
2.2
18.25
11.05
2.25
0.06
0.23
0
0.02
0
0.02
0
0
0
0
0
0
0.2
18.27
10.82
1.48
3.32
1.66
0.43
0
0.02
0
1.01
0.53
0
0
0
0
0
0
0
0.07
0
0
0
0.09
0.31
0.03
0.03
0.02
0.13
3.67
0.5
0.11
0.13
0.79
4.98
1.11
0.42
0
0
0.48
0.04
0
0
0.05
0.63
0.13
0.12
1.36
2.35
4.8
1.42
0
0
0
0.01
0
0
0
0
0.59
1.23
0.48
0
0.24
3.27
6.89
2.2
0.29
0.08
0
0
0
0.01
0
0
0
0.2
0.11
0
0
0
0
0.2
1.31
0.07
0
0
0
0
0
0
0
0
0
0
0
0
0
0
0
0
0
0
0
0
0
0
0
0
0
0
0
0
0
0
0
0
0
0
0
0
0
0
0.04
0
0
0
0
0
0
0.1
6.05
0.84
7.63
3.6
0.85
0.69
1.26
0.06
1.51
0
7.13
1.13
2.4
16.91
5.57
1.52
0
0
1.99
5.23
2.77
5.23
1.83
0
2.16
5.16
25.96
7.8
2.45
9.97
1.9
0
1.27
10.01
1.43
0
0.67
5.81
15.26
0.81
0.2
0.07
0.59
0.16
1.68
3.9
1.9
7.08
13.02
6.54
1.08
1.91
2.48
0.2
0.03
0
0
8.05
3.54
0.73
0.07
1.18
4.12
2.74
0
0
0
13.05
0.38
0
0
0
0
2.88
0.51
2.97
10.83
0.29
0
0
0
0
0
0
0
0
0
0
0
0
0
0
0
0
0
0.02
0
0
1.36
1.13
0
0
0
0
0
0.03
0
0
0.03
0
0
0
0.27
0
0
0
0.02
0.12
2.68
4.38
0.69
0
0.01
0
0
0
0.04
0.45
0
0
0
0
0
0
0
0
0
0
0
0
0
0
0
0
7.18
0
0
0
0
0.02
0
0
0
0
0.01
0
0
0
0
0.05
0
0
0
0.11
0
0
0
0
0
0
0
0
0
0
0.46
0.44
0
0
0
0
0
0
0.22
7.21
0
0
0
0.14
0
0.37
0.99
0.16
1.84
0
0.02
0.19
0
0
0
0
0
0
0
0
0.02
14.84
0.57
0
0.79
2.12
0
0
0
0.26
6.43
1.36
0.79
0.47
0.03
0
0.07
0.02
0
0.01
8
0.79
1.33
19.18
0
4.48
19.05
2.26
0
0
0
0
0
6.79
3.93
0.99
0.04
0.09
0
0
0
0.22
5.84
29.91
4.06
2.31
0.37
1.27
0.21
1.52
11.36
0.66
15.42
3.52
0.19
0
7.88
15.45
3.65
1.85
0.26
0
0
0.09
0.13
1.67
0.07
0.09
0
0
0
0
1.13
16.11
12.82
8.63
6.3
12.39
2.48
7.58
9.73
5.8
0.17
7.05
0.96
4.45
2.89
13.95
4.89
0
0.68
4.2
4.37
9.2
0
0.35
0.71
2.09
2.05
1.84
11.9
2.43
0
0.1
0.75
4.3
9.52
5.46
22.49
5.15
1.94
0.63
0.02
0
0
0
0.02
0.27
2.43
3.64
6.66
6.16
0.63
0.23
0
0
0
0.11
0.37
0
0
0.06
0.04
0
0
0.02
0
0
0.22
0.67
0.82
0.39
19.1
17.95
6.08
18.66
3.25
1.23
6.35
3.73
0.93
2.78
1.77
3.02
0.01
0
0
1.39
0.09
0
0
0.05
0.02
0.01
0.02
0.36
0.24
5.77
0.23
0.61
1.08
0.28
0
0
0
0
0.01
0
0
0
0
0
0
0
0
0
0
0.1
0.03
14.57
3.38
0.04
0
0
0.01
0
0.29
0
0
0.11
0.44
2.19
0.86
1.04
1.94
0.64
1.96
0.34
0.01
0
0.51
7.63
2.32
0
0
0.01
1.94
0.96
0
1.18
6.06
4.66
15.88
2.48
4.77
1.12
1.88
0
0
0
0
0
0.01
0
0
0
0
0
0
0
0
0
7.19
1.96
0.02
0
0
0
0
0
0
0
0
0
0
0
0
0
0
0
0
0
0
0
0
0.33
0.4
0
0.04
0.59
0
0.8
5.86
0
0.13
0.42
0.01
2.7
2.89
0
0
0.18
0.03
0.01
0
0
0
0
0
0
0.02
0.05
0.2
0
0
0
0
0
0
0
0
0
0
0
0
0.27
0.93
4.05
0
0
0
0
0
0
0
0
0
0
0.01
0
0
0
0.01
0
0
0
0
0
1.81
0.18
0.18
2.04
0
0
0
0.02
0
0
0
0
0
0
0
0
0.05
2.45
13.93
12.41
7.59
0.98
0.39
0.18
0
8.43
1.13
0
0
0
0
0.09
0.86
7.55
0.88
5.73
1.12
0
0
6.11
0.91
0
0.03
1.96
9.47
15.93
28.57
5.23
0.32
2.55
0.2
0
0
0.01
0
0
0
0
0
0
0
0.19
0.98
0.42
0
0
0
0
0
0
0
0.45
0.45
0.4
0
0.13
0
0
0
0
0
0
0
0
0.02
0.13
0
0
0
0
0
0
0
0
0
0.01
0
0
0
0
0
0
0
0.05
0.05
0.01
0
0.01
0
0.02
0.76
1.68
0.42
0
0
0
0
0
3.68
2.68
4.68
6.36
8.14
0.17
0
0
0
0.05
0
0
0
1.01
1.08
0
1.24
0.65
0.66
0
0
0
1.68
1.23
11.84
1.88
0.11
0
0
0.02
0
0
0.01
0
0
0.57
0.13
5.66
0.63
0.04
0
0.02
0.02
0
0
0
0
0
0
0
0
0
0
0
0
0
0
0
0
0
4.87
3.83
1.02
11.12
3.38
0.68
0.13
0.09
0
0
0
0
0.43
9.87
6.44
20.06
6.07
1.34
0.2
0
0
0
0
0
0
0
0.01
0
0.11
0.05
0
0.03
0
1.91
1.34
0
9.45
11.29
4.35
1.75
0
6.85
11.16
3.25
0
0.04
0
0
0
0.97
0
0
0
0
0
0
0
0
0
0
0
0
0.09
0.44
0.18
1.02
9.75
2.1
21.73
24.65
1.31
1.46
1.2
0
0
0
0
0
0
0
0
0.01
1.2
2.53
0.16
0.03
0
0
0
0
0
0.18
1.15
0.01
0.25
2.58
9.13
9.59
5.03
10.95
1.66
0
0
0
0
0
0
0
0
0
0
0
0
0.01
0
0
0.03
0
0.07
0
0
0
5.28
0.3
0
0
0
0
0
1.28
1.07
0
0
0
0.01
0
0
0
0
0
0
0
0
0
0
6.64
0
0
0
0
0
0
0
0
0
0
0
0
0.56
0
0.26
0
1.57
2.62
0.73
0
0
3.24
0.19
0
0
1.19
0.02
0
0.2
0.02
20.09
3.24
0.8
2.76
1.77
0
0.16
0.18
0.13
2.39
2.11
0.85
0.16
0
0.67
0
2.31
0.18
0
0
0
0
0
2.04
5.38
17.59
7.3
0.45
6.32
0.73
6.75
0.24
0
0
0
0
0
0
0.04
7.45
0
0
0
0
0
0.67
15.84
22.43
2.51
0.16
0
0
0
0
1.5
0.14
0
0
4.77
7.78
0.2
0
0.01
0.04
0.04
0
0
2.21
3.05
0
0
0.31
0.02
0.01
0
0
0
0.04
0.04
0.04
0.49
0.86
14.88
10.48
4.99
6.24
1.68
4.02
15.08
3.23
4.39
14.78
2.07
7.47
0.05
0.27
3
3.08
2.78
0.12
1.11
0.13
0
0.04
0.12
0.09
0
0
8.66
10.63
1.8
0.14
3.89
1.29
0
3.95
4.49
5.41
5.12
0
0
0
0
1.82
0.99
5.06
7.78
0.29
0.01
3.55
1.23
2.14
8.51
2.91
1.45
10.23
0.5
7.95
1.35
6.09
0.2
0.64
0.01
0.11
0
0
0
0.42
6.29
1.57
6.64
3.77
10.91
0.16
0
0
0
0.04
0
0.04
1.24
1.61
0.18
0
0.02
0
0
0
0
0
0
0
0
0.01
0
0
0
0
0.04
7.43
9.91
1.16
0.39
1.69
0.1
2.73
21.3
9.53
0.98
0.24
0
0
0
0.03
1.76
0
0
0
0
0
0
0
0
0.03
0.1
0.07
0
0
0
0
0
0.08
0.67
0.57
0.05
8.72
18.41
4.2
12.38
21.59
6.14
0
0
0
0
0
0
0
0
0.1
0.61
1.64
3.05
7.46
11.95
2.49
0.86
0
3.29
8.22
1.52
0.21
0.5
0.43
0
0.89
2.66
0
0.01
0
0.11
0
0
0
0.18
2.88
9.36
3.16
5.3
1.48
0
0.55
0.04
0
0
0
24.02
0.15
0
0
0
0
0
0
0.01
0
0
0
0
0
0
9.89
4.45
0.24
0.04
3.59
0.8
0
0.68
0
0
0
0.57
0.29
0
0
1.34
0.2
0.15
0
0
0
0
0.01
2.28
0.16
0
0
0
0
0.25
0.23
0
0
0
0
0
0.02
0
0
0
0
0.29
0.39
0.11
0
0.08
0
0
0
0
0.02
0.01
0
0
0
0
0
0
0
0
0.4
0
0
0
0
0
0.07
0
0.02
0
0.23
0.04
0
0
0.01
0
0
0.14
0.49
0.06
0
0
6.54
0.7
0.59
0.07
0.05
0
0
0
0
0
0.06
0
0
0.38
6.6
0.28
0.39
0
0
0
0
0
0
0
0
0
0
0.01
0
0
0.01
0
0.06
0
0
0
0.13
0.12
1.27
4.87
18.71
10.82
6.89
0.7
0
0
0
0
0
0
0
0.37
4.21
5.16
7.8
0.58
10.39
0.55
26.69
10.27
1.34
0.98
0.13
0
0
15.33
1.91
4.05
10.18
1.26
18.69
13.34
2.11
0.09
0
0
0.16
0.06
0
5.96
2.1
0.71
0
0
0.05
0
12.9
7.5
0
0
0
0.01
0
8.38
7.29
0
0
10.3
0.62
0
1.34
8.95
2.96
0.46
0.26
0.05
3.53
3.84
0.64
1.3
3.79
0.36
0
0
0
0
0
0
1.05
3.02
0.07
0
0
0
0
0
0
0
2.59
1.09
0.48
0.64
0.02
0
0.01
0
0
0
0
0.03
0.32
0.02
0
0.07
0.4
0.05
0.3
0
0
0.15
0
0
0
0
0
0
0
0.95
5
2.72
0.29
0.02
3.06
5.14
0.43
0.01
0.21
0
0.14
0.23
0.14
0.05
0
0
0
0
0
0
0
0
0
0
0.26
8.18
8.02
5.3
3.04
14.78
16.66
4.67
2.92
0.79
1.06
0
0
0
0
0
0.65
0
0.02
1.57
1.01
0.25
14.25
1.39
0
0
0
0.02
0.24
0
0
0
0
0.06
0.1
0
0.38
4.57
6.42
8.63
6.03
0.84
12.17
2.16
0
0
0
0
0
0
0.06
0
0
0
0
0
9.1
7.21
1.24
1.61
0.01
0
5.94
1.32
0
0
0
0.01
1.8
16.39
3.69
2.41
10.03
23.55
3.64
2.84
4.41
2.69
0.05
0.6
6.59
5.75
2.21
0.12
0
0
0
0
0.34
0.03
0
0
0
4.06
6.47
0.49
3.03
0.73
2.63
0
0
0.2
0
0
0
0
0
0
4.66
6.26
0
0.62
0
0
2.46
0.02
0
0.01
0
0
1.25
0.94
0
0
0
0
0
0
0
0
0.03
0
0
0
0
0
0
3.75
21.05
0
0
0.01
0
0
0
0
0
1.17
9.83
3.1
0
0
0
0
0
0
0
0
0
0.01
5.49
0.01
0
0
0.5
0.15
0.09
1.91
0
0
0
3.79
6.76
0.29
0.06
0.35
0
0
0
0
2.88
0.98
1.25
0
0
0
0
0
0
0
0.01
0
0
0
0
0
7.85
7.37
0.08
0.91
1.3
0.18
0.07
0
0
0
0.34
0
0.07
0
0
0
0
0
0
0
0
0
0
0
0
0
0
0
0
0
0
0
0
0.13
0
0.04
0.03
0.39
0.02
0.19
0.07
0
0
0
0
0.41
4.75
11.98
9
1.79
0.13
0
0.16
32.53
3.59
23.66
9.07
1.63
1.45
3.46
2.03
1.03
1.4
12.29
2.28
0
1.06
1.18
0
0
0
0
0
0
0
0
0.07
0
0
0
0.05
0
0
0
0
0
0
3.54
3.33
0
15.09
2.05
2.87
0.02
0.24
0
0
0.35
0.25
0.04
0
0.14
0.36
0.53
0.16
0.05
0
0
0.01
0
0
0
0
0
0
0
0.01
0.01
0
0
0
0
0
0
0
0
0
0
0
0
0
0
0
0
0.01
0
0
0
0
0
0
0
0
0
0.17
1.97
0.75
0.3
0
0
0
0
0
0
0.01
0.2
1.96
7.01
0.93
0.46
0.01
0.01
0
0
0.08
0
0.2
0
0
0
0
0.16
0.93
7.85
2.75
0.98
0
0
0
0
0
0
0
0
0
0
0
0
0
0
0.13
0.02
0
0
0.52
0.07
0
0
0
0
0.75
0.94
5.02
0.16
0.93
8.58
0.51
0.82
0
0
0
0.33
8.63
4.13
0.05
0
0.03
0.05
0.11
0.33
0
0
0
0.08
2.36
0.31
0
0
0.07
0
0.37
0
0
0
1.14
0.01
0
0.23
0
0
0
0
0
0
0
0.01
0
0
0
0
0
2.63
3.56
6.49
0.66
0
3.93
0.13
0.06
0.01
0
0
0
0
0
0
0
0
0
0.55
0.9
13.96
4.7
0.79
0
0
0
0
0
0
0
0
0
1.05
0.03
0
0
0
0
0.02
0
0.84
0.23
1.04
2.69
0.16
0
0.03
2.7
0.01
0
0
0
0
0.27
0.42
0
0
0.8
0.04
0
0
0
0
0
0
0
0
0
0
0
0
0
0.01
0
0
0
0
0
0
0
0
0
0
0
0
0
0
0
0
0
0
1.34
0.02
0
0
0
0
0.01
0
0
0
0
0
0
0
0
0
0
0
0
0
0
0
0.03
0.01
0
0
0
3.14
5.6
1.28
0.34
0
0
0
0
0
0
1.74
0.04
0
0
0
0
0
0
0
0
0
0
0
0
0
0
0
0
0
0
0
0
0
0
1.51
3.75
4.66
6.43
1.99
0.46
0
8.61
4.52
0.17
3.07
4.02
12.59
0.9
0.48
0
0
2.46
25.09
2.08
5.18
1.92
0
0
0.05
0.25
0
0
0.38
3.17
1.45
0.61
0.86
19.75
10.91
23.19
10.48
0.45
0.21
0.07
0
0.13
0.01
0.01
0
0
1.24
0
0.06
1.13
0
0.13
14.79
13.47
0.68
0.52
0.16
0.09
0
0
0
0
0
0
0
0
0
0
0
0.01
0
0.01
0
0
0
0
0
8.72
0.66
0.11
1.48
0.09
0.27
0
0
0.01
0
0.74
6.23
2.95
2.19
9
0
0.01
0.03
0
0.7
3.41
3.76
0.2
0.09
0.03
0
0
0
0
0
0
0
0
0
0.15
0.02
0
0
0
0.03
0
0
0
0
0
0
0
0
0
0
0
0.08
0.14
1.71
6.3
2.21
3.93
1.96
0.37
2.61
1.94
17.61
7.36
0
0.07
0
0
2.27
15.04
1.88
0.28
0
0.03
0.4
0.05
0.01
0
0
0
0
0
2.93
10.58
4.21
1.52
0.98
1.66
6.56
0.49
0.02
0
0
0
0.05
0.01
0
0
0.01
0
0.04
1.64
2.94
3.89
0
0.03
0
0
0
0.3
6.05
2.55
0.17
0
0
1.45
0.1
8
4.8
3.05
0
0.29
0
0
0
0
0
0.05
0.13
2.47
1.27
3.94
1.95
0.34
0
0.01
0
1.07
4.98
0.27
0.2
0.06
0
0
0
0
0
0
0
0
0
0
0
0.01
0
0.22
0.07
0
0
0
0
0
0
0
0
0.65
5.47
2.09
0
0.5
0.01
0.57
31.55
3.45
0.59
0.61
3.18
1.31
0.02
0.01
4.89
1.42
0.57
0
0.66
5.11
0.2
0.64
0.17
0
0
0
0
0
0
0
0
0
0.1
4.44
5.45
2.21
1
0
1.32
6.27
4.78
0.02
0
0
0.01
0
0
0
0.01
0
0
0
0
0
0
0
0
0
0
0
0
0
0
0
0
0
0
0.01
0.15
10.15
0
0
0
0
0
0
0.06
0
0
0
0
0
0
0
0
0
0
0
0.32
2.45
2.2
0.24
0.41
0
0
4.3
6.59
11.3
0.28
0
0
0
0.02
0.03
33.72
1.87
0
4.02
0.86
0
0
0
0
0
0
1.08
0
1
0
0.01
0
0.01
0
0
1.34
0
0
0
0
0.74
11.15
6.99
5.73
16.38
0.3
7.73
5.91
0.02
6.88
0.73
0
0
0
0
0.01
0
16.61
15.76
4.88
0
1.77
5.46
0
0.05
0
0
0
0
0
8.29
13.3
0
0.13
0
0
0.02
1.48
3.43
5.25
3.8
0
0.54
0.88
0
0
0
0.05
0.48
1.78
12.77
3.27
10.63
0.18
0
0
0
0
0
0
0
0
0
0
0
0
0
0.19
0
0
0
0
0
0
0
0
0.02
0.08
0.16
0.01
0
0
0
0
0
0.01
0.06
0.2
0
0.03
0
0.13
0
0
0
0
0
0
5.92
0.3
1.56
2.25
3.59
0.45
0.02
0.45
0.84
0
0
1.93
3.55
1.67
0.84
0.02
3.38
16.44
2.32
2.71
2.68
0.46
0.87
2.7
0.31
5.87
0.98
0.08
0.13
5.44
0.59
0.27
3.31
1.62
2.82
0.1
0.02
0
0.02
0
0
0
0.81
3.43
1.76
0.06
0
0
0
0
0
0.01
0
0.19
0
0
0.41
0.75
0.7
0
0
0.5
0.05
4.2
3.21
1.3
0.19
1.66
2.42
5.57
3.25
2.79
1.09
0.65
5.81
5.25
2.79
2.13
0.82
4.1
6.57
3.41
0.76
0.37
0.8
0.94
0.06
0.39
1.29
0
0.04
0
0
5.01
14.38
8.09
12.78
2.98
5.72
0.55
4.12
4.31
0.34
0.09
0
0
0
0
0
0
0
1.54
0.09
0
0
1.12
0.52
8.05
12.32
0.9
2.88
10.94
1.54
3.68
2.68
1.97
0.04
0
0
0
0
0
0
0.09
0.02
0.02
0
0
1.88
0
0
0.01
0
3.71
4.05
19.62
3.42
0
0
0
0
0
0.01
0
0.01
0
0
0
0
0
0
0
0
0
0
0
2.5
0
0
0
0
0
0
0
0
0
0
0
0
0
0
0
0
0
0
0
0
0
0
0
0
0
0
0
0
2.52
0.52
0
0
0
0
0
0
0
0
0
0
0.01
0
0
0
0
0.01
2.64
1.87
0
0.01
0
0
0
0
0
0
0
0.02
0
0
0
0
0
0
0
0
1.21
0.31
6.93
0.39
0
0
0.05
0
0.04
4.62
0.88
0.82
0.02
0
0.46
0
0
0.41
0.21
2.7
4.76
3.8
9.53
3.79
0.38
0
0
0
0
0
0
0
0
0
0
0
0
0
0
0
0.14
9.45
0.52
0
0
0
0
0.03
0
0
0
0
0
0
0
0
0
0
0
0
0
0
0
0
0
0
0
0
13.7
20.84
0.63
2.55
0
0.02
0
0
0
0
0
0
0.88
0.06
0
0
0
0
0
0.06
0.23
0.07
0
0
0
0
0
0
0.43
1.38
0.63
2.72
1.11
0.45
0
0
0
0.02
0
0
0
0
0
0.73
9.17
3.42
0.18
0.27
0.22
0.14
0
0.2
0.8
9.3
0.26
0.99
0.65
2.31
1.1
0.02
0
0
0.2
0
0
0
0
0
0
0
0
0
0
0
1.8
0.8
10.62
1.84
0
0
0
0
0
0
0
0
0
0.52
0
0.15
0.86
1.59
13.96
2.62
0.38
0
0.2
3.52
0.21
0
3.34
0.61
0
0
0
0
0
0
0
0
0
0
0.12
0.11
0
0
0
0
0
1.06
0.22
0
0.02
0.21
4.74
0
1.02
0.03
0.49
0.04
0
0
2.25
0.16
0
0
0
0
0
0
21.16
12.09
21.59
12.64
2.93
0
1.88
0.11
0.33
8.27
14.29
6.82
18.22
12.04
2.02
0
0.7
0.5
0
0
0
0
0
0
0
0
0
0.01
0.11
0.02
1.02
14.37
16.04
14.72
0.69
5.32
6.48
1.38
4.47
3.91
1.7
5.23
0.56
0.45
6.16
1.82
8.68
4.38
7.71
0.89
0.18
1.63
0.34
1.55
17.57
2.84
3.25
0.2
0
3.9
0.12
0.02
5.43
5.71
4.73
1.44
0
0
0.86
1.94
8.32
0.18
0
0
0
0
0
13.2
3.34
0.02
0.03
0
0
0
0.04
0
0
0
0
0.02
0.02
0
0
0
0
0
3.61
1.01
0
0
0.05
0
0
0
0.01
0
0
0
0
0
0
0
0
0
0
0
0
0
0
0
0.4
0
0
0
0
0
0
0
0
0
0
0
0
0
0
0
0
1.28
0.12
0
0
1.29
0
0.23
0
0
0
0
0
0
0
3.16
2.98
0.42
0.49
2.82
1.16
1.48
0
0
0
0
0
0.01
0
0
0.02
3.18
3.02
0.96
0.46
0
0.08
0.35
0.06
0
0
0
0
0
0
0
0.01
4.55
0
0
0
10.98
7.51
2.57
1.18
0
0
0
6.98
0.66
2.88
9.56
6.71
0.14
0.13
0
0.01
11.42
16.07
3.07
8.55
22.64
3.82
3.27
1.02
0.27
0.41
0
0.89
0.18
0
0
0.3
0.15
0
0
0
0
0
0
0
0
0
0
0
1.8
0.1
0
0.07
7.75
3.11
0
1.29
0.73
1.36
1.82
1.2
6.55
18.62
6.95
3.43
1
0.2
0.07
11.17
1.63
0.2
0.77
0.21
0
0
0.15
0
0
0
0
0
0
0
0.02
0.07
0.27
0.04
0.25
2.5
7.8
0.24
0.01
0.19
0.3
1.61
4.78
1.21
0.59
0.04
0.89
0
0
0.13
0.09
2.43
3.34
1.6
1.14
6.33
1.82
1.27
2.53
0.71
0.88
0.63
1.2
1.32
2.07
6.2
6.38
2.34
6.56
8.38
3.32
1.51
1.25
2.02
0.09
0
0
0.04
0
0
0
0
0
0
0
0
0
0
0
0
0
0
0.48
2.01
1.86
1.16
7.66
2.46
0.53
0
0.21
0.14
0
0
0
0
0
0
0
0
0
0
0
0
0
0
0.61
0
0
0
2.21
0
0.81
0.33
0
0
0
0
0.14
4.77
1.56
0.35
7.36
14.58
1.38
2.01
0.81
7.59
3.67
4.82
2.54
5.69
1.34
0.09
0.14
0
0
0
1.19
1.14
0.01
0
0
0.7
0.11
0
0
0.11
0
0
0
0
2.84
1.2
0
0
0
0.01
0
0
0.02
1.47
0.02
2.28
0
0
0
3.66
0.35
0
0
0.11
0.02
0.94
0
0
0
0
0
0.6
7.06
0.09
0.41
0
0
0
0
0.74
2.88
0.03
0.7
0
0.49
0.29
0
0
0
0
0
0
0
0
0
0
0.01
0
0
0
0
0
0
0
0
1.23
0
0
0
0
0
0
0
0
0
0
0
0.08
0
0.03
0.01
0
0
0
0
0
0
0
0
0
0
0
0
2.09
0
3.41
0
9.85
1.37
0.03
0
0
0
0
0
0
0
0
0
0
0
0
0
0
0
0
0
0
0.11
0
0
0
0
1.61
0.01
0.33
1.02
0
0
0
0.95
0.18
0.24
0
0.94
9.03
1.38
0.07
0.05
0
0
0
0.01
0
0
0.14
0
1.13
0.32
1.04
0
0.33
0.41
0
0.55
5.04
2.04
0
0
0
0
0.92
1
0.04
0
0
0
0.15
17.7
10.29
0.96
0
0.01
0
0
0
0
0
0
0
0.34
0.02
0.01
0.01
0.08
0
0.73
0.54
0.31
0.01
0
0
0.01
0.22
0.13
0
0.01
0
0
0
0.61
0.21
0.01
0.01
0.13
1.89
0.07
4.97
7.13
0.87
0.63
5.63
3.44
0.04
0.52
1.61
2.38
0.13
0.04
0.01
0
1.1
0.59
0.76
0.13
2.81
0.45
0.1
0
3.21
12.95
16.87
27.2
16.46
16.94
5.48
3.7
14.15
12.89
7.72
5.38
3.11
0.3
3.93
7.58
1.48
0.82
5.88
0.3
0
3.8
2.77
8.77
10.52
1.49
0.06
2.66
1.74
0.9
2.91
0.01
0.2
0.16
0
0
1.23
0.08
0
0
0
0
0.84
0.26
0
0.31
3.56
1.46
0.03
0.62
9.12
3.25
0
0.02
0
0.01
0.05
5.98
20.21
4.56
1.13
0.09
0.32
7.5
7
4.55
1.27
8.96
3.88
1.42
2.3
0.68
4.57
5.37
0.4
11.14
3.73
6.38
0.59
0
0
0
0
0
0
0
0
0
0.07
0.48
0.11
4.31
1.09
3.13
18.66
7.38
1.01
0.1
0.48
4.26
0.79
1.84
0.06
0.02
3.98
0.21
0
1.96
2.69
0.15
0
0
0
1.96
7.95
11.52
5.81
4.27
11.65
5.38
0.46
0.02
1.12
1.77
0.33
0
2.86
0
0
0
0
3.27
2.65
2.97
3.52
0.04
0.78
0.01
2.13
13.63
8.28
2.43
4.3
9.95
8.52
2.01
0.02
0.01
0
0.01
0
0
0
0
1.57
0
0
0
1.48
0.7
0
0
0
0
0.01
0
0
0
0
0.01
5.14
14.73
3.12
2.79
10.52
3.88
0.72
4.13
1.01
0.24
0.99
0.86
0
0
0
0
3.54
14.04
2
0.65
4.24
2.47
0
0.38
10.66
7.9
0.04
0
0.94
0
1.15
0
0
0.38
0
0
0
0
0
0
0
0
0
0.01
0.03
0
0
0
0
0.01
0
0
0
0
0
0
0
0
0
0
0.01
0.46
0.33
0.84
0.86
0
0
0
0
0
0
0.04
9.69
0
0
0
0.58
0
0
0
0
0
0
0
0
19.04
0.82
0.04
0
0
0.01
0.39
0
0
0
0
0.15
0
0.8
0.58
16.72
4.54
0.74
4.39
0.43
0.04
0
0.82
0
0
0
0
0
0
0
0
0.03
2.42
0.64
0
0
0.25
7.04
18.68
3.75
5.23
0.1
0
0
0
0
0
0
0
0
0
0
0
0
0
0
0
1.71
2.92
10.76
2.31
0.29
0.1
0
0
0
0
0.67
8.05
2.09
0.66
0
0.21
0.03
8.35
1.64
1.72
0.87
0.02
4.13
2.9
2.55
1.55
0
0
0
0
0
0
4.48
4.33
3.55
2.7
0.41
0.08
5.19
12.17
10.98
3.67
0.27
0.17
0.12
0.11
0.7
0.21
0
0.07
0.08
1.14
0.63
5.31
19.55
15.74
2.47
0
0
0
0
0
0.11
2.43
2.03
0.04
0
0
1.07
2.48
1.96
2.14
9.11
7.65
2.66
0.25
0
0.01
0
0.02
0
0
0.02
1.08
0.3
0
0
0
0
0
0.59
3.82
10.73
2.88
2.18
0.12
0.01
0
0
0
0
0
0
0
0
0
0
0.03
1.34
3.91
6.41
9.23
2.85
0.84
6.84
3.54
1.05
1.33
0
0
0
0
0.05
0.01
0
0
3.29
4.6
0.14
0.14
0
1.81
0.16
0
12.59
0.89
1.56
5.84
6.02
8.38
2.09
0
0.01
0
1.73
1.19
3.45
2.29
3.43
6.75
3.64
0.06
0.03
0
0
0
0
4.35
0.33
0
0
0
0
0.01
0
0.02
0
0.01
0
0
0
0
0.14
1.72
0.47
19.84
2.88
0.66
0.25
0
0.09
0.04
0
6.8
4.01
4.31
2.52
3.28
0.2
0.66
0.22
21.89
0.33
0
0
0
3.91
1.98
5.36
0.44
0
0.01
0.35
0.09
0
0
1.78
0.05
0.09
0
3.7
10.56
4.26
13.16
7.6
0.29
0
0
0
1.41
4.5
10.69
8.55
0.79
1.18
0.21
0
0
0.01
0
0
0
0
0
0
0.05
0
0
0
0
0
0.01
0.7
0
0.02
0.3
0.3
1.38
0.1
0.17
0
0
0.01
0
0
0
0
3.36
0
0
0
0
0
0.01
0.01
0
0
0
0
0
0
0
0
0
0.02
0.09
0
0.39
0
0
0
0
0
0
0
0
0
0
2.34
0.63
0
0
0
0.19
0.7
0
0
0
0
0
0
0
0
0
0
0.01
0
0
0.26
0.13
0.1
0
0
0
0
0
0
0
0
0.08
0
0
0
0
0
0
0
0
0
0
0
0
0
0
0
0
0
0
0
0
0
0
0
0
0
0
0
0
0
0
0
0
0
0
0
0
0
0
0
0
2.57
9.77
1.9
5.79
14.96
0.91
0
0
0.05
0.03
8.46
17.6
21.01
10.07
1.13
0.38
0.04
1
0.52
0.14
0
0.02
11.07
2.31
0
0.44
1.92
0.9
1.47
1.21
2.78
0.13
0
0
0
0
0
0
0.09
3.11
2.68
0.06
0.09
0.02
0.16
0
0
0
0.07
0.01
0.12
0.48
0.2
0.09
2.93
0.3
0
0
0.13
0
0
0.04
0
0
0
0
0
0
0
0.06
0.38
0.48
0
0
0.01
0
0.03
0.21
0.03
0
0
0
0
0.71
1.87
2.63
0.43
0
0
0
0
0
0
0
0
0.05
0.4
0
0
0
0
0
0
0
0
0.03
0.15
0.01
0
0
0
0
0
0
0.47
0
0
0
0
0
0
0
0
0
0
0
0
0
0
0
0
0.76
0
0
0
0
0
0
0
0
0
0
0
0
0
0
0
0
0
1.7
1.8
0.48
0.03
0.02
0
0
0
0
0
0
0
0.03
17.84
8.95
14.13
11.98
3.51
0.71
0
0.03
2.77
0.43
2.16
1.72
2.63
0.1
0
0
1.6
3.31
1.39
0.5
0.04
0
0
0.05
0.08
1.25
6.55
8.21
4.91
1.2
0
5.6
6.5
0.29
0.18
0.59
0.23
0
0
0
0
0.08
0.07
0
0
0
0
8.35
4.47
0.75
0
0
0
0
0.01
0
0.05
0
0
0
0
5.88
0.1
0
0
0
0
0.27
0
0
0
0
0
0
0
0
0.01
1.67
5.8
0.32
0
0
0
0
0
0
0
0
0
0
0
0
0
0
0
0
0
0
0
0
0
0
0
0
0
0
0
0
0
0
0
0
0
0.04
0.1
2.87
0.07
0
0.01
0
0
0
0
0
0
0
0
0
0
0
0
0
0
0
0
0
0
0
0.04
0
0
0
0
0
0
0
0
0
0
0
0.02
0
0
0
0
0
0
1.05
0
0.37
0
0.01
0
0
0
0
0
0
0
0
0
0
0
0
4.81
0.53
5.1
4.63
1.75
21.05
0
0.02
0
0
0.01
0
0
0
0
0
0
0
1.23
1.61
0.04
4.29
0.08
0
0.14
11.64
11.44
13.82
10.67
0.37
0.13
10.17
4.68
5.88
2.18
0.07
0.17
10.38
0.44
0.46
5.32
12.75
10.64
0
0
1.28
10.75
2.85
4.15
0.86
0
0.03
0
0
0.04
3.29
0
0
0
0.08
0
0
0
2.04
7.84
0.7
0.13
0
0
0
0
0
0
0
0.12
0.25
0
0.01
0
0
0.01
1.2
8.29
1.36
1.2
0.31
0.18
0.33
0.08
0.16
0
0.01
0
4.28
0.02
0.07
0.05
0.13
0.03
1.55
0.67
0
0
0
0
0
0.09
0.04
0.13
0.24
0.37
2.37
1.48
0
0.23
2.52
1.65
6.16
7.18
2.92
1.42
8.18
2.48
0.27
0.02
0.02
3.72
0
0.04
0
0
2.85
1.27
0
0
0.48
0.72
0
0.05
0
3.76
0
0
0
0
0
0.05
1.34
0.78
1.62
0.57
3.68
7.46
1.26
0.02
0
0
0.02
0.42
0.29
0.02
0.04
11.87
3.6
3.51
13.22
12.88
3.41
0.77
3.59
2.97
0.57
0
0.15
0.72
10.82
0.57
7.12
0.3
0.28
1.94
3.53
2.61
7.91
14.96
5.64
3.59
8.93
0.71
9.66
0.19
0.4
11.53
8.33
0.33
0
1.41
0.12
0.07
0
0
0
0
0
0
0
0
0
0
0
0
0
0
0
0.04
6.05
1.05
6.78
1.03
1.5
2.5
0
0.05
0
0
0
0.06
0
0.48
0.66
0.07
0.05
0.04
0.6
8.89
3.53
11.51
3.82
1.98
0.48
0.16
0
0
0
0
7.38
0.24
0.66
2.72
0.28
0
0
0
0
0
2.09
0.23
0.46
0.71
0.88
0.01
0
0
0
0.01
0
0.03
0.95
1.31
0.97
0.36
0.02
0
0
0
0
0
0
0
0
0
0.04
0
0
0
0
0
0
0
1.14
2.05
2.13
0
0
0.11
0.06
0
0.05
0
0.14
2.48
6.16
0
0
0
0
0
0
0
0
0
0
0
0
0
0
0
0.01
0.14
0
0
0
0.03
0.93
0
0
0.63
5.07
0.07
0
0
0
0
0
0
0
0
0
0.29
1.57
0
0
0
0
0
0.01
0
0.82
0
1.3
0.73
0.2
0.14
0.01
0
0
0
0
0
0
0
0
0
0
0
0
0
0
0
0.07
9.52
1.01
1.17
0.38
1.3
8.38
11.82
0.55
0
0
0
0
0.02
0.02
0
0
0
0.03
0
0
0
9.45
0.14
0
16.67
0.23
6.06
5.89
0.42
0.11
0
0
0
0
0
0.06
0.31
0.05
0
0
0.02
0.69
0.04
0
0
0
0
0
0
3.52
6.92
1.42
0.51
0
0
0
0
0
0
0
1.16
0.84
0
0.32
0
0
0
0
0
0
0.05
0
0
0
0
0
2.53
0
0.01
0.08
0.1
6.07
12.84
0.15
0
0
0
25.61
5.96
0.01
9.98
0.54
0.3
0.18
1.47
6.41
10.21
11.63
8.31
2.32
0.03
0
0
0
0
0
6.25
3.27
1.17
5.91
2.36
7.9
6.44
1.51
0.24
5.09
3.08
0.02
0.02
0
0
0
4.75
4.91
1.83
1
0.02
0.17
0.88
13.41
1.63
4.15
5.41
3.97
13.65
2.24
8.89
2.77
1.82
4.13
4.02
0.17
0.34
0
0
2.16
0.08
0
0.08
1.91
0.36
0.78
0.25
0.53
8.05
2.45
0.16
0.02
0.2
0
0
0
0
0
0
0
0
0
0
0
0
0
0.61
2.55
1.88
1.22
0.2
0.84
1.85
0.38
0
0
0.15
0.24
0.27
2.05
15.26
2.87
0.69
0.21
0
0
0
0
0
0
5.94
0
0
0.16
0.08
0
0
0.2
2.64
9.18
0
0
11.64
0.11
1.62
0.25
0
0
0
0
0
0
0
0
0
0
0
0.04
0
0
0
0
0
0
0
0
0
0.82
3.87
4.36
2.63
1.9
1.07
1.05
0.01
0.72
1.88
0
0
0.24
0
0
0
0
0
0.07
0
0.04
0.04
0
5.2
0
0.49
0
0
0
0.04
0
0
0.01
0
0
1.48
11.25
0.16
4.13
0
0
0
0
0
6.25
14.31
0
0.01
9.86
0.03
0
0
0
0
0
0
0
0
0
0
0
0
0.01
0
0
0
0
0
0
0.04
0
0
0
0
0.03
0.01
0
0
0
0
0
0.01
0
0
0
0.01
0
0
0
0
0
0
0
0
0
0
0
0
0
0
0
0
0
0.5
0.27
0
1.66
0.02
0
0
0
0.24
0
0
0
0
0
0
3.51
0.43
0.12
1.24
1.06
1.35
0.06
8.7
4.73
1.63
3.54
0
0.02
0.28
1.42
0.39
0.73
0.18
0.02
0.39
0
0
0.01
0
2.48
24.53
13.52
14.89
11.3
8.78
2.51
1.41
0.06
0
0
0
0
0.01
0.02
0.02
0
0
0
0
0.01
0
0
0
0
0.43
19.65
6.09
0.43
0.72
1.04
2.16
0
5.59
10.34
1.03
9.22
4.95
2.55
0.64
0.2
0.03
0
0
0
0.02
0
0
11.58
5.23
8.3
35.17
8.12
0.13
0.63
0.27
0.05
0
0
1.49
0.22
0
0
0
0
0
8.7
7.51
0.37
0.19
0.01
0.02
0.01
0.01
0
0
0
0
0
0.02
0.62
0.89
0.02
0
0
0
0
0
0
0
0
0
0
0
0
0
0
0
0.41
8.96
0.51
0.02
2.99
1.66
0
0.42
0.35
0.24
0
0
0.01
0
0.11
0.74
15.37
0.64
0
6.7
2.86
0.8
1.54
0.2
0
0
0
0.05
1.96
2.14
0.13
0.99
0.59
0
0.03
0
0.06
1.13
2.41
0
0.47
0
0.02
0
0.01
0
0
0.01
0.07
0
0
0
0
0
0
0
0
0
0.01
0.01
0
0
0.96
12.81
1.95
4.19
2.82
7.22
20.93
0
0
0
0
0
0
0.02
0.01
0
0
0
0
0
0.52
0
0.75
3.01
0.11
2.1
0.78
0.07
0.01
2.1
4.65
0.42
0.24
0
0
0
0
0
0.01
5.66
12.71
0.8
0.14
0
0
0
0.07
0.04
0.08
0
0
0
0
0
0
0
0
0
0
0
0
0
0
0
0
0
0
0
0
0.01
0
0
0
0.18
0.58
0
0
0.01
0.09
0.05
0
0
0.03
0
1.84
15.64
15.82
3.86
0.25
1.71
2.27
0.23
0
0
0
0
0.03
3.46
3.38
0.94
0
0
0
0
0
0.01
0.11
0.01
0.01
0.57
0
0
0
0
0
0
0
0
0
0
0.11
0.2
3.52
0.18
0
0
0.05
0.91
0.41
0
0
0
0
0
0
0
15.19
0.04
0
8.4
0
0
0.04
0.55
2.24
0.02
0
0
0.34
0.07
0
0
0.02
0
0
0
0
17.5
0.02
0.04
0
0
0
0.1
0
0
3.92
3.69
0.75
0
0
0.94
0.16
0
0.05
0.03
0
0
0
0.01
0
0
0.14
15.83
0
0
0
0
0
0
0
0
0
0.09
0.08
0.13
2.23
2.28
0
0.24
0.03
1.9
9.14
3.43
0.01
0
0
0.61
0.56
3.05
4.86
0
0
0
5.13
5.54
0.06
0.05
0.01
0
0
0.08
0.01
1.2
2.19
0.66
0.04
0.02
0
11.32
22.34
2.24
0.79
0.05
0
0
0
0
0
0
0
0.19
0.06
0
0.01
0
0
0.01
1.46
1.53
0.03
0
0.43
0.31
0
0.05
0
0
0
0
0
0
0
0
0
0
0
0
0
0
0
0.66
0
0
0
0
0
0
0
0
0
0
0
0
0
0
2.36
0.52
0.95
1.41
3.95
0.43
11.16
17.34
1.27
1.49
1.54
4.79
3.4
17.07
0.88
0.06
0.23
3
0.04
0
0
0.03
0.03
0
0.34
0.21
0.08
0
0
0.1
0.12
4.15
0.16
0.04
0
0
0
0
0
0
10.62
1.59
0.08
1.66
3.2
3.03
16.51
9.55
3.72
0.35
0.08
0.55
0.84
0.2
0
0.02
0.01
0.01
1.85
0.11
11.71
4.79
1.93
0.19
0
0
0
3.45
0.53
3.03
3.14
0.05
1.38
0
0
0
0.01
0
0
0
0
21.86
8.39
0.73
6.84
0.06
0
0
0
1.82
0.33
0
0.02
0.51
0.44
0
0
6.41
24.53
0
0.09
0.04
0.01
0.2
5.09
8.6
9.98
0.99
0
0.77
8.54
0
0
14.1
5.55
2.68
0.96
5.23
0.13
0
0
0
0
2.72
0.16
0
0
0
0
0.32
7.63
14.8
22.47
6.05
8.34
4.65
3.43
1.62
0.03
0
0
0
0
0.01
0
0.08
0.82
0.17
0
0
0
0
1.89
1.15
0
0
0
0
0.06
1.29
0
0.01
0
0
0.08
0
0
0
0
0.5
2.14
0.41
0
0
0
0
0
0
0
0.02
0
0.12
0
0
2.39
0.21
0
0
0
0.72
2.54
8.81
0.41
0
0.01
0
0
0
0
0
0
0
0
0
0.09
0.14
0
0
0
0
0
0
0
0
0.33
0
0
0
0
0
0
0
0
0
0.01
0.2
0
0
0
0
0
0
0.02
0
0
0.01
0
0
0
0
0
0
0.04
0
0
0
0
0
2.95
0
0
0
0
0
0
0.01
0
0
0
0.59
8.64
7.04
0
0
0
0
0
0
0
0
0
0.07
0.19
0
0
0
0
0
0
0
0
0
0.01
0
0
0
0.01
0
2.71
11.7
3.21
0.33
0
0.11
5.18
0.87
3.26
1.19
3.18
9.27
12.84
3.15
0.18
0
0
0
0
0
0
0
0
3.09
10.3
15.08
3.23
0
0.53
0.12
0.01
0
0.06
0
0
0
0
0
0
1.28
18.09
4.23
8.25
7.26
1.59
3.57
6.96
0.45
0
0.62
0
0
0.02
3.06
2.69
0.48
0.15
0.05
0.02
0
0
0.01
0.15
0.01
0
0.46
2.2
0.31
0.03
0.01
0
0.05
0.05
0.05
0.01
0.04
0.01
0
0
0
0
0
0.01
0
0
0
0
0
0
0
0.11
0.05
0.07
0.02
0
0
0.02
0.04
0.02
0
0
0
0.05
0
0
0
0
3.27
11.9
0.83
1.2
0.91
0.06
5.33
8.78
6.21
6.03
1.23
0
1.9
0.3
0
0.94
2.78
4.7
3.74
0.15
0
0
0
0.03
0
0
0
0
0.49
0
0
0.05
0.05
0.02
0.22
0
9.49
0.19
0.68
0.01
0.24
0
0
0
0
0.64
0.21
0
0
0
0
0
0
0
0
6.35
2.13
0.46
5.07
2.88
2.76
0
0
0
1.09
0
0
0
0
0
0
0
0
0
0
0
0
0
0
0
0
0
0.01
0.17
0.52
0
0
0.01
3.15
6.3
0.3
1.66
1.13
3.3
3.84
0.05
0
0.01
0.15
4.17
0.11
0.03
0
0.1
11.26
11.07
3.55
0
0
0
0
4.46
10.84
0.01
0
0.02
0
0
0
0
0
0
0.39
0.14
0.72
0.07
5.75
5.89
1.11
16.92
0
0
0.56
0
0
0
0
0
0
0.01
8.47
0.22
0.05
0.09
9.06
0
0.02
0
0
0.01
12.13
0.59
1.63
11.37
0.02
0
0
0
0
0
3.94
12.57
14.7
1.37
0.02
0
0
0
0
0
0
0
0
0
0
0
0
0
0
0
0
0
0
0
0
0
0
0
0.07
0
0
0
0
0
0
0
0
0
0
0
0.01
0
0
0
0
0
0
0
0
0.01
0
0
0.28
1.34
5.35
5.49
0
0
0.02
0
0
0
0
0.03
0
0.03
0.19
0
0
0
0
0
0
0.27
0
0
0
0
0.31
8.71
0
0
0
0
0
0.04
0.01
0
0
0
0.04
0
0
0
0
0
0
0
0
0
0
0
0.31
0.11
4.98
21.63
0
0.06
0.09
0
0
0
0
0
0
0
0
0
0
0
0.38
1.61
3.8
0.2
0.01
0
0.2
0
0
0
0
0
0
0
0
0.01
0.02
0.01
0
0
0
0.09
0.1
0
0
0
0.63
0.09
0
0.04
0.1
0
0
0
0
0.02
0.42
0.32
12.95
4.38
0.08
0.38
1.54
1.14
0
0.02
0.05
0
0
0
0.01
0.01
0.02
2.12
8.76
0.84
0
0.38
0
0.83
0
0.02
0.09
0.04
9.72
18.88
7.17
0.68
1.67
2.84
0.36
0
4.51
0.98
0.05
0.03
0.03
0
0
0.1
0.03
0.09
0
0
12.19
2.05
0
0.07
0.01
0
0
0.44
0.17
3.05
6.71
5.63
1.81
0.96
0.63
0.65
0.05
0.76
0.33
0.09
0.06
0.05
0
0
0
1.13
0
0
0
0
0
0
0
15.3
16.33
17.09
10.16
9.77
6.38
2.44
2.71
1.35
0.95
11.47
17.03
2.41
2.01
1.98
28.28
0.76
2.97
11.04
1.26
7.14
0.28
0
0.09
6.97
0.74
0.14
0.02
0
0.11
1.8
2.28
0
0.02
1.85
0.98
3.84
0.21
14.54
7.3
6.18
9.26
14.41
7.19
6.34
0.57
0
13.23
0.9
0.01
0.05
0
0
0
0
0.27
0.36
0.02
0
0.32
0.61
7.74
1.12
0.23
0
0.01
0
0.1
1.45
1.24
1.76
0
0.01
0
0
0
0
0.01
0.04
3.54
3.84
12.08
5.53
3.5
1.93
0.05
0
2.69
0.7
8.45
5.55
10.91
2.95
0.84
11.11
11.69
4.5
1.11
8.95
4.38
0.58
5.73
4.94
2.51
0.63
0.23
0
0
0
0
0
0
0
0
0
0
0
0.01
0
0.55
0.82
1.53
4.87
0.85
0
0
0
0
0
0.01
0
0.03
0
0
0.33
0
0
0
0.8
0.78
0
0.02
0
0
0.91
1.27
0
0
0
0
0
0
0
0
0
0
0
0
0
0.01
0.18
0
0.05
0
0
0
1.05
0
0.01
1.74
3
0.11
0.08
0.01
0
0.08
0.52
0.69
0.3
1.47
0
0
0
0.01
0
0
0
2.93
0.02
0.02
0.02
0.58
11.11
1.02
0
0
25.25
2.44
0
0.02
1.41
0.12
5.78
0.16
0
0
0
0
0
0
0.02
1.2
0
0
0
0
0
0.01
0
0
0.01
0
0
0
0
0.41
1.51
0.08
3.04
1.95
0.13
0.11
0.04
15.35
10.2
1.54
0.55
0.05
0
0
0
2.34
2.54
0
1.09
9.52
12.55
0.2
0.21
0.02
6.21
3.21
1.98
0.99
4.17
1.38
3.61
1.07
0.05
0
0
2.64
0.39
0.73
6.66
3.28
7.02
3.59
5.04
2.08
2.36
9.21
3.3
0
0.01
1.72
0.38
0
0
0
0
0
0
0
0.09
0.02
0
0
3.28
6.05
0.68
2.41
1.69
0.14
1.35
0.1
0
0.05
0.02
0.04
0.01
0
0
0
0
0
0
0
0
0
0
0
0
0
0
0
0
0
0
0
0
0
0
0
0
0
7.06
0.73
0.01
0
0.09
0
0
0
0
0.27
0.64
5.38
8.31
4.58
0.05
0.01
0
0
0.04
0
0
0
0
0
0
0
0
0
0
0
0
0
0
0
0
0
0
0
0
0
0.01
0.02
0
0
0.01
0
11.73
0.02
0.4
0
0
0
0
0
0
0
0
0
0
0
0
0
0
0.02
0
0
0
0
0
0
0
5.38
4.85
6.14
0.08
2.45
9.16
8.67
2.8
6.62
2.77
2.24
0
0
0
0
0
0
18.27
18.41
12.38
0.91
0.25
0.45
6.05
28.62
1.95
0.08
0.03
0
0
0.04
0
0.1
0.03
0
0
0
0.18
0
0.05
1.09
0
0
0
0
0
0.52
0.77
0.09
0
0
0
0
0
0
0
0
0
0
0.02
0
0
0.02
0
0
1.23
0.43
1.56
0.85
0.18
0
0.05
0.02
0.07
0.04
0
0
0
0
0
0.02
0
0
0
0
0
0.01
0
0.03
0
0
0
1.18
4.83
0.06
0
0
0
0
2.59
1.22
0
0.15
0
0.11
0
0.17
1.33
0.48
0
0
0
0
0
0
0
0.3
0.42
0
0
0
0
0
0
0
0
0
0
0
0
0
0
0
0
0
0
0
0
0
0
0
0.38
0
3.05
1.75
0
0
0.01
3.39
0.22
0
0.95
0.84
0
0.14
0.09
0.03
0
0
0
0.02
0.02
0
0
0.31
0.44
2.19
4.12
33.38
1.38
0.98
0.27
0.82
0.92
1.69
0.29
0
0
0
0.01
0
0
0
0.03
0
0
0
0
0
0
0
0
0
0
0.01
2.45
1.03
4.28
0.06
0.5
1.63
1.97
8.62
6.41
0.47
9.31
3.47
0.36
0.01
0
0
0
0
0.12
0
0.69
2.25
1.3
9.75
2.44
0.78
0.08
0.06
0.11
0.47
0.3
5.84
3.23
3.31
1.02
0.08
2
0.06
0.07
2.27
2.88
8.81
4.66
2.41
0.31
3.17
0.3
0.36
3.97
6.41
0
0
1.69
0.28
0
0
0.01
3
0.34
0.08
0.41
2.44
0
0.23
1.52
0
0.97
0.41
28.75
15.31
5.86
2.05
0.04
0
0.02
0
0
0
0.01
0
0
0
0
0
0
0
0
0
0
0
0.05
0
0
0
0
0
0.03
0.11
4.39
0.31
0
5.31
0.75
0.97
2.53
7.05
0.02
0.56
0.48
0.09
0.63
1.25
0.06
0.14
0
0
0
0
0
0.05
0
0
0.13
0.06
0
0
0
0.03
0
0
0
0
0
0
0
0
0
0
0
0
0.14
13.81
1.87
0.3
0.06
3.2
0.11
0
0
0
0
0
0
0
0
28.97
17.97
1.64
0.02
0.08
0.03
3.97
2.56
3.47
0.33
0.26
1.09
0.66
0.02
0.21
4.53
29
3.09
0.02
0
0
1.05
11.16
5.94
0.87
6.01
5.06
0.24
0.7
0.05
2.58
8.64
6.88
4.88
10.84
5.38
0.41
5.19
0
0.01
3.67
6.16
0.73
0.4
0.72
0.03
0
0
0
0.01
0.27
0
0
0.03
2.09
0.92
1.69
0
20.84
0.42
2.45
11.48
0
0
0
0
0
0
0
0.04
0
6.83
2.07
1.29
0
0
0.04
9.71
0.03
0.02
11.86
6.66
0.98
0
11.42
0
0
0
1.56
0.57
0.04
0
0
0.11
0
0
0
0
0
0
0.04
2.58
1
0
0
0
0
0
0
0.02
0
0
0
0
0.01
1.02
10.36
0.02
0.55
4.89
0.02
0
0
0
0
0
0
0
0.71
0
0.18
0
0
0
0
0
0.02
0.73
0
0
0
0
0
0
0
0.33
0.05
0
1.06
18.55
0.06
0
0
0
0
0
0
0
0
0
0
0
0
0
0
0
0
0
0
0
0
0
0
0
0
0.19
0
0
0
0
0
0
0
1.22
0
0.48
7.55
12.84
0.73
0.02
0
0.03
6.03
6.2
0
0
0
0
0
0.01
0.66
16.5
0.06
0.66
0
0
0
0
0
0
0
0
0
0
0
0
0
0
1.8
15.12
6.09
1.44
1.26
0.06
10.3
0.03
0.05
0.05
0
0.02
0.01
0
0
3.92
0
13.12
15.33
1.56
2.66
0.09
0.13
0
0
0.02
0.93
0.54
0
0.04
0.02
0
0
0.01
0
0
0
0
0.38
1.06
0.27
0
0.01
0.04
1.45
4.02
0.83
0
2.19
4.47
0.53
2.03
3.78
1.97
0.02
0.09
1.73
1.34
0.27
0
0.06
4.41
0.09
0.2
0.08
0.29
0.7
0.13
0.03
4.53
1.7
0.3
0.02
2.53
3.88
1.34
0.55
0.16
0
0
0.06
16.03
8.86
0.59
0.18
0.13
0.01
0
0
0
0
0
0
6.62
8.78
2.5
12.97
1
8.02
0.22
0.4
0.47
4.53
2.16
0
0.2
0.31
0.45
0
7.72
8.91
11.8
10.75
21.28
0.16
7.03
1.52
0.04
0
0
0
0
0
0
0
16.83
0.84
0
0
0
0
0
0
0.73
0
0
0.59
0.09
0.12
10.19
4.77
0.04
0.02
0
0
0
0
0
0
0
0
2.53
0
0.01
0
0
0
0
0
0
0
0
0
0
0.7
2.3
0.32
0
0
0
0
1.03
6.91
14.08
5.33
0.01
0.88
1.03
1.45
0.05
0
0
0.03
9.73
6.02
5.8
1.08
2.17
1.5
4.28
3.89
6.09
4.1
0
0.74
0.56
5.08
0.39
0
0
0
0.5
7.73
0.46
0.38
0
0
0.05
0
0
0
0
0
0
0
0
4
0.18
0
0
0.66
0.62
0
0
13.83
4.39
3.66
4.52
5.16
3.45
0.2
0.07
0
0
0
13.7
1.52
0.02
1.02
0
11.12
7.5
16.36
3.92
0.11
0
0
0
0
0
0
0.02
0
0
0
0
0
0
0
0
2.02
0.09
0
0
0
0.01
0
0
0
0
0
0
0
0
0
0
0
0
0
1.77
0
0
0
0
0
6.45
0
0.05
0
0
0
0
0
0
0
0
3.29
0.01
0
0.23
0
0
0
0.58
0
0
0
0.25
1.33
0
1.08
0
0
0
0.34
0
24.97
22.69
1.46
0
0
0
0
0
0
0.59
0
0
0
0.45
21.19
5.34
1.69
0
0
0
0.03
0.19
0
0.44
19.62
0.52
0
0
0
0
0
0
0
8.55
0
0
0
0
0
0
0
0
0
0
0
0.04
0.86
0.57
0
0
0
0
0
0
0
0
0
0
0.02
40.44
10.03
16.56
2.52
8.22
0.95
0.11
0.02
0
0
0
0
0
0
0
0
0
0
0
0
0
0.02
0.09
3.36
16.88
0
0
0.94
0.23
2.61
0.06
0.03
1.02
4.16
0.12
0.02
0.16
1.16
0
4.84
0.33
0
0
0.02
0.01
0
0.01
0
0
0
0
0.01
0.02
0
0
2.66
3.81
5.03
12.09
0.08
0.01
0.01
0
0
0
0
0
8.03
4.16
0.16
0
0.02
0.06
0
0
0
0
0
0
0
0
0
0
0
0
0
0
0
0
0
0
0
0
0
0
0
0
0
0
0
0
0
0
0
0
0.08
0.37
2.3
0.59
0
0
0
0.03
0.66
0.02
0
0
0
0.15
0.61
1.39
0
0
0
0
8.77
0.37
0.37
2.75
4.3
0.11
0.18
0.14
15.23
13
4
4.47
0.45
0.03
0.22
0.03
0.23
1.22
6.38
3.5
0.47
2.06
3
0.81
0.4
0
0.95
4.03
1.33
0.32
0.66
0
0
0
0
0
0
0.35
0
4.92
3.19
0
0
0
0
0
0
9.86
7.81
0.16
17.88
2.38
0.26
0
5.72
4.37
1.88
0.02
0.46
1.37
5.41
0.44
0
0
0
0
0
0
0
0.01
0
0
1.77
0.3
0
0
0
0
0
0
0
0
0.38
0.33
0
0
0
0
0
0
0
0.93
0.34
0
0
0
0
0
0
0
0
0
0
0
0.77
2.02
0.57
0.02
0
0
0.14
0.5
0
0.02
0
0
0.84
0
0
0
0
0
0.02
0
0.01
2.75
0
0
0
0
0.3
0
0
0
0.28
0
0
0
0
0.01
0
0
0
0
0
0
0
0
0
0.49
0.22
0
0
0
0.05
0
0.05
0
0
0
0
0
0
0.05
0
0
0.02
3.56
0.12
0
0
0
0
0
0.2
0
0.7
2.28
0.02
0.33
0.02
0
0
0
0
0
0
0
0.4
0
0
0
2.28
6.97
11.62
0.48
0
0.03
0
4.33
8.46
3.67
0.41
0.01
0
0
0.25
0
0.01
0
1.78
0.3
0
0
0
0
0
0
0
0
0.23
12.14
2.67
0.57
0
0
0
1.89
0.3
0.31
7.62
7.53
9.06
2.19
2.7
0.19
0
0
0.03
0
0
0.11
2.35
0.03
0.41
1.82
0.38
0
0.01
0.05
3.45
2.45
0.41
0
0
0
1.14
2.84
4.27
2.55
1.78
0.23
2.53
7.56
6.34
1.89
6.66
0.64
0.01
4.14
0.22
0
0.01
0
0
0.3
1.91
2.31
0.35
2.66
12.34
10.72
10.31
5.48
18.38
19.44
16.17
3.98
3.3
0.76
0.2
0
5.08
0.7
0.49
0.19
0.03
0
0
0
0
0.98
0.07
0
