19510101
19.4
4.85
0.74
0.02
0.01
0
0.01
0
9.86
1.7
0.95
4.09
5.23
0.43
0.03
0.13
0
0.86
0.03
0
0
0.11
3.53
5.49
4.59
4.46
7.75
7.02
0.15
0.11
0.03
0.04
0
0.77
20.35
1.74
9.17
1.5
5.61
8.32
11.15
8.52
7.57
2
5.06
1.42
0
1.73
2.2
0
5.84
0.54
3.61
8.72
0.72
0.13
0.07
0
0.06
0.21
0.82
1.32
0.55
2.84
1.46
5.07
0.85
2.34
24.07
3.48
21.25
10.57
6.09
1.7
3.18
2.25
0.98
0
0.01
0
0
0
0
0
0
0
0.29
0
0.08
0.03
0
0
0
0.01
0.15
0
0.05
0
0
6.52
0.2
0
0.01
0
0.01
0
3.08
1.87
3.85
4.06
1.02
1.59
3.53
3.67
12.46
2.56
4.59
2.63
1.55
26.19
2.82
2.56
0
0.73
4.51
5.34
3.82
1.25
0.31
0.61
0.93
0
0
0
0
0
0
3.35
0.26
0.24
0
0
0.02
0.03
0.42
7.81
0.06
0.21
5.77
3.63
0
0
0
5.24
8.93
2.63
0
6.57
0
0
0
0.11
0
0
0
4.4
0.24
1.56
0
0.05
0.41
0
0.65
0
0
0
0.63
0
0.04
0
0
4.45
0.86
0.01
0.06
0
0.37
3.03
4.28
0.23
0
0
0
0
0.04
1.06
0.04
0
0
0
0
0
0
0
0
0
0
0.32
1.73
0
18.51
11.57
5.13
10.2
0
0
0
0
0
0
0
0
0
0
0
0
0
0
0.04
0
0
0
0
0
1.1
5.48
1.72
0.05
0
0
0
0
0.26
0
0
0
0
0
6.11
9.64
1.28
6.5
0.48
17.3
9.61
0.1
0
0
0
0.02
0
0
0
0
5.68
26.25
1.2
0
0.02
0
0
0
0.14
9.31
26.11
1.84
0.48
0.06
0
0.04
0.16
2.93
0
0.68
2.87
0.64
1.33
0.01
0.02
0
0.38
2.22
2.3
2.15
0.16
0
0.36
0.08
0.15
1.19
1.02
0
4.4
0
0
0.15
0
0.3
4.98
20.68
20.64
19.48
25.63
9.11
3.26
9.98
2.8
0.08
0
0
3.16
24.23
6.5
0.63
0
0
0
0
0
0
0.28
0
0.09
0.06
0
0
0.79
1.13
0
0.33
0.08
0.14
0.08
0
0.05
1.86
0.23
0.01
0
0.36
0
0
0.46
5.7
3.02
0
0.1
0
4.62
0
4.04
0.72
0.06
0
0
0
0.01
0.04
0.01
0.04
3.93
0
0
0
0
0
4.25
0.08
0
0
2.64
0.1
0.52
0.14
2.34
1.8
1.43
7.34
2.7
2.18
14.26
2.74
1.29
2.13
1.75
0.63
0
1.73
0
0.01
0
0
0.01
0
1.41
0
1.13
5.55
5.85
4.12
0.74
0.02
1.06
0.6
0.06
0.01
0.01
0
0
0.73
0.27
2.57
0
0
0.26
0.17
0.26
1.19
0.23
0.09
0
0
3.02
1.86
0.27
3.62
3.49
0
0.79
0
4.68
0.61
1.25
0.23
0.03
0
0.23
0.86
0.3
0
2.36
9.29
13.38
13.19
4.47
8.88
2.1
0.72
0.71
0.19
0.89
0.01
0
0.01
2.57
8.48
11.36
4.52
12.08
0.95
0
0.34
0.17
1.78
0.01
0.09
0
0
0
0
0
0.98
0.13
0.04
0.48
4.72
2.34
1.21
20.07
6.88
5.04
0
0.07
0.21
0
1.54
0.52
0
0
0.98
0
0.03
2.9
4.22
2.6
1.56
0.75
6.99
2.29
0.23
0.06
0
1.29
0.09
0.03
0
0.02
0
0
0.05
0.36
2.38
0.43
0
0
0
0.77
0.7
0.02
0.01
0
0.29
0
0.05
0
0
0.7
0
0
0.02
0
0.86
9.68
0.37
0.06
0
0.01
0.42
0.08
7.97
6.16
7.65
0
0
0
0.01
0.02
0
0.13
0.79
0.41
0.39
0
0
0
0.3
0.1
0.61
2.74
0
0.04
1.72
1.34
2.1
2.01
6.93
0.23
0
0
0
0
0.09
0.05
0
0
0
0
0
0
0
0
0
0
0
0.4
0
0
0
0
0.14
0.19
0
0.01
0
1.74
18.42
2.99
0.54
0.02
0
0
0
0.13
0.02
5.44
0
0
0.75
0
0.21
1.13
2.55
0.26
6.05
0.95
0.02
0.47
0
0.01
0
0
0
0
0
6.41
0.59
0
0
0.16
0.07
0
0.02
0.02
0.01
3.52
0
0
0
0.87
0.81
1.57
0.07
0
0
0.1
0.16
2.63
6.69
2.08
0.45
0
0.04
1.46
5.88
1.83
0.01
1.53
0
0
0
0
0
0.01
0
0.01
0.05
0.02
0.03
0.04
0
0
0
0.01
0.78
0.44
0.43
1.79
3.81
0.34
0.68
0.21
0.11
0.07
1.58
3.73
0.93
0.99
1.11
5.85
10.6
6.57
9.36
0.45
0.01
0
0
0
0
0.3
0
0
1.71
3.18
1.89
0
0.74
4.95
1.45
0.02
0
0.02
0
0
0.5
0.39
0.69
1.98
3.29
3.13
0.05
0.47
1.16
1.74
0.78
0
0.67
0.3
0
0
0.11
0.48
1.06
0.03
0.02
0.02
0.02
0.02
0.17
0
0.01
0.02
0.02
0.02
0
0.35
0
0
0.02
0.01
0.01
0
0.06
0.01
0
0
0.7
16.16
6.91
0
0.04
0.04
8.76
1.41
0.13
0.91
1.74
0.07
0
0
0.09
0.01
0.08
0
0
0.01
0
0
0
0
0
0.02
0
0
0
0
0
0.01
0
0
0
0
0
0
0.96
0.21
0.14
0.18
4.38
5.18
2.34
0.46
0.06
0.01
0
0
0.01
0.01
0.31
0.48
0
0.04
0
5.02
2.15
1.21
0
0.46
0.44
12.37
0.53
0
0
1.59
0.14
0
0
0
1.1
18.31
27.23
4.57
1.58
9.32
1.53
5.07
1.89
9.58
0.77
0
0
0.08
0.02
0
0.03
0
0
0
0
0
0
0.34
0.72
3.39
8.42
0.13
0.01
1.82
0
0.11
0.01
0
0
0
0
1.52
0.66
0.96
0.03
0
0
0
0
0
0
0.02
0
8.62
18.68
3.8
0.01
0.02
0
0
0
0
0
0
2.98
5.16
1.29
14.32
1.45
0
0
0
0
3.08
18.93
8.3
12.76
6.35
0.14
0
1.35
5.32
5.62
0.62
0.03
0
0.07
0
0.03
0.03
0.01
0
0
1.12
0
0
0
0
0
0
0
0
0
0
0
0
0
0
0
0
0.09
0
0
0
0
0
0
0
0
0
0
0
3.3
3.2
0.11
0.01
0
0
0
0
0
0
0.05
3.92
0.03
0
0
0.01
0
0
0
0
0
1.55
0.09
0.12
7.31
0
0.05
0.17
0
0
0
0.03
0
0.13
0
0
0.03
0.02
0
0
0
0
0.02
1.82
21.48
1.42
0.02
0.01
0
0
0.91
3.24
0.33
0.05
0.15
0
0
0
0.02
8.87
14.45
18.81
13.56
5.44
0
0
0.27
0
0.02
0
0
0.27
0.69
0.52
0.49
3.17
0
0
0.04
0.15
4.01
0.38
0.01
0.02
0
0
0
0
0
0
0
0.01
0.01
0
0
0
0
0
0
0
0
0
0
0
0
0.03
4.77
0.48
0
0
1.39
0.32
2.88
9.86
3.22
0.66
18.7
2.71
0.15
0.04
0
0
1.46
4.78
2.7
0.04
1.66
5.06
1.18
0
0.02
0.02
0
0.01
0
0.03
0.04
0.13
0.02
0
0.14
0.13
0.02
0.13
0.37
0.3
0.25
0.19
0.28
0.02
0.14
0
0.02
0
0.07
0.03
0
0.01
0.18
0.02
0.02
0.01
0.13
0.01
0
0.02
0.18
0.09
4.47
5.13
0.59
0.53
0
0.14
0.43
0.32
0.22
0.48
0.04
0.62
2
11.98
0.14
0.82
4.18
3.61
1.04
0.01
0.02
0.06
0.05
0
0
0.02
0
0.29
0
0
0.03
0.49
0.07
0.13
1.1
4.34
0.49
0.08
4.01
5.8
3.28
0.42
5.95
6.7
5.68
2.37
0.05
4.84
2.13
1.75
2.89
0
0.09
3.05
4.84
0.13
1.12
0.03
0.01
0.1
0
2.25
3.3
0.23
0
0
0.01
0.04
0
0.1
0.08
0
0.74
0.18
0.08
0.47
0
0
0
0
0
0
0
0
0
0
0.18
7.06
10.43
10.12
1.08
0.85
0.19
15.38
1.87
0.06
0.02
0
0
0
8.15
5.43
0
2.14
12.09
10.8
15.32
15.19
1.27
0.01
0.05
0
0
0.03
0.02
0.03
0
0
0.04
0.04
0.01
2.56
6.51
8.07
13.57
31.53
19.91
0.09
0
0.03
0
1.38
0.21
0
0
0
0
0
0
0
0
0
0
1.26
0.39
5.98
0
0
0
0
0
0
0.11
0
0.05
0
0
0
0
0
0
0.02
0.24
0.1
3.04
0.01
0
0
0
0.24
0
0
0.02
0
0
0
0
0
0
0
0
0
0
0
0
0
0
0
0
0
0
0.01
0
0
0
0
0
1.83
1.34
0.24
0.03
0
0
0.44
0
1.12
0.13
0
0
0
0
0
0.01
0
0
0
0
0
0.04
0
0
0
0
0
0
0
0
0.24
0
1.83
0.65
0
0
0
0
0
0.01
0
0
0
0
0
0
0
0
0
0
0
0.01
0
0.01
0
0
0
0
0
0
0.01
0
0.02
0
0.09
0
1.21
0.21
2.39
0
0.66
0.58
0.59
0
0.01
0
0
0.26
0
0.39
2.71
0.2
0.03
0.18
2.53
7.14
8.59
11.07
0.04
0
0
0
0
0
0.04
0
0
0
0
0.05
0
1.64
5.27
1.27
0.41
0.91
13.64
4.41
9.73
14.2
1.67
0
0
0.05
0
0.02
1.89
13.42
1.3
0.02
0.07
0.07
0
0
0
0
0
0
0.01
0
0
0
0
0
0
0
0
0
0
0
0
0.26
6.07
16.05
8.02
5.92
3.58
1.97
1.2
9.27
0.63
0.84
1.76
0.69
0.27
3.8
0.7
12.5
8.21
6.09
1.49
2.21
3.46
1.27
0.19
0
0
2.65
0.13
1.63
4.72
7.94
3.46
14.84
2.61
0
0
1.94
0.02
3.23
0
0.08
0.22
0.82
3.27
1.51
8.55
22.63
13.27
3.46
6.5
2.97
1.56
10.66
2.72
1.02
3.09
2.07
0.45
0
0.05
0
0
0
0
0.01
0.2
0
1.23
1.01
0.29
0.12
0.45
0.19
0
0.01
2.93
0
0.81
8.76
7.1
5.12
0
0
0.11
0
0
0.04
0
6.72
0.08
0
0.02
0
0
2.13
0
0
0
0
1.71
0
0
0
0
0.06
0.04
0.02
4.28
0
8.61
2.25
2.24
14.71
7.3
2.51
0.41
0.06
0
3.26
0.1
0
3.24
0.83
0
0
2.9
0.01
0
0.02
0.2
0.7
0.68
0.37
0.02
0
0.05
0.49
0
0.76
0
0.69
0.82
1.54
11.96
10.21
0
0
0.02
0
1.32
18.61
2.11
0.07
0
0.07
6.07
4.18
0.93
7.92
0.29
0.8
0.2
0.43
0.02
1.25
0.57
2.44
6.57
12.96
3.68
0.35
0
0
0
10.86
0.31
0.2
0.68
0
0
0.03
0.01
0
0
0
0
0
0
0
0.01
0.74
0.01
0
0
0.01
0
0.04
1.96
0
0
4.05
2.03
1.36
0.51
1.37
0
0.08
7.29
0
0
1.65
0.04
0
0
0.21
0
4.17
7.73
0.2
0.01
0.1
0
1.31
0.23
0.24
3.91
0.09
0.31
0
0.02
0.22
8.31
0
0.16
1.11
3.64
0
5.86
6.61
0.63
0.95
0.21
0.42
0.01
0
0.86
0.5
0.02
0.91
1.7
4.95
0.28
0
0.02
0.36
0.01
0
0.01
0
3.94
5.29
11.16
0.81
0
4.99
0.05
0.02
0.01
0.03
0.02
0
0
0
0.14
3.59
6.53
3.4
0.08
2.02
0.27
0
0
0
0.07
0.08
0
0
3.66
0
0.11
1.67
0.45
17.35
0.56
0.02
0.75
0.14
0
0
0.25
7.79
18.21
25.34
3.58
0.55
0.3
3.29
23.22
1.76
0.27
1.16
2.72
0.63
0.15
3.25
5.98
1.55
0
0
0
2.6
0.01
0.11
0.02
0.93
3.79
15.66
1.86
0
0
0.02
0
3.63
8.36
3.42
0.05
0.58
0.02
0.06
1.7
0.02
0.02
0
0
0.76
4.51
6.84
17.63
15.66
16.45
6.19
2.37
5.18
8.63
7.12
0.59
0.14
0.02
0
0
1.37
0
0
0.79
0.45
0.04
0.1
0.21
0.02
0.01
0.68
0.34
1.19
4.57
0.36
2.62
15.98
3.77
3.48
5.29
6.66
1.61
8.68
1.27
2.25
0.63
0.13
3.32
0.07
0
0
2.38
0
0
5.18
0.93
0.1
0.12
0.08
0.11
1.76
0
0
0.02
0
0.05
0.02
0.26
0.04
0.01
0
0
3.23
0.32
1.48
0.7
0.48
1.66
7.54
3.05
1.05
0.11
0
0
0.01
0
0.01
0
1.44
0
0
0
0.96
0.73
0
0.01
0
0
1.16
0.02
0.39
1.84
10.53
8.17
10.2
4.46
12.13
30.72
8.13
5.04
3.04
13.16
23.47
11.14
12.84
4.17
0.66
1.59
0.79
0
0
1.26
0
0
1.82
0.29
1.91
0.78
6.57
8.47
7.25
3
2.29
0.7
2.26
3.82
5.05
4.53
6.21
2.5
0.59
6.54
4.23
2.34
1.25
0.09
0
0
0
1.8
0
0
0
2.25
0
0
0
2.7
0
0
0
2.02
0.02
3.32
1.45
7.41
15.89
4.79
3.74
4.01
27.99
13.79
4.98
0.01
0.02
0
0.01
0
0
0
0.01
0.16
0.01
1.42
0
0.01
2.11
0.02
0
0
0.47
0
0
4.73
0
0
0
0
0
5.02
25.12
12.64
1.14
0.4
1.11
1
0.02
0
0.01
0
0
0
1.07
0
0.01
0
0
0
0
0.07
0.02
0
0
0
0
0
0
0.54
0.01
0
0
0
0
0.38
0
0
1.83
8.29
0.93
0
0
0.02
0.06
13.09
6.05
0.72
0
0
0
0.01
0
0
0
0.73
0
0
0.01
0
0.02
0
0.05
0
0.06
0.18
0
0
0
0
0
0
0.09
0.09
0
0
0
0
0
0
0.02
0
0
0
0.02
0.45
7.27
2.23
1.32
0
4.25
10
0.68
20.3
13.65
1.78
0.22
0
0
0
0
0.34
0
0.18
0.38
0.43
0.38
0
0
1.73
5.28
0.89
0.08
1.27
3.06
4.5
1.13
0.4
0
0
0.45
0
3.67
0
0
0.82
0
0.04
0
0.21
0
11.27
3.39
0
0
0.01
0
0.07
0.8
5.13
1.28
0
0.25
0.41
0.33
0.22
0
0.58
2.59
0
0.53
2.34
0.72
0.09
0.96
0
0
0
0
0.81
0
0
0.02
0.01
0
1.45
0
0.01
0
0
0
0
0
0
0
0
2.55
0
0.01
0
0.01
0
0.13
0.02
1.15
0
0.59
0.66
0.2
4.84
7.34
7.95
2.63
1.91
0.46
0
0
0
0
0
0.34
0
0
0
2.21
0
0
0
0.02
0
1.07
0.96
0.55
0
0.04
1.18
4.23
1.29
0.58
0
0
0.8
0
0.01
0
0.13
0.15
1.04
1.72
0.96
1.46
1.32
1.81
0
0.05
0.02
0.2
6.2
2
14.31
9.73
1.12
0
1.04
0.11
0
0.02
0.32
0
0
0
0.62
0
0
0
0.04
3.01
2.73
0.04
1.63
0
0
0
0.53
0
0.07
0
0
0.01
0
0
0.83
0.69
3.19
1.8
1.66
2.48
0
0
0.8
0.79
1.45
4.55
0
0.37
0
0
0
0.59
0.2
0.01
0
0.55
0.4
0
0
0
1.14
1.55
7.36
0
0
0.45
0
0.32
0.3
0.98
2.64
8.83
4.53
3.37
7.85
3.08
3.58
3.85
0.2
9
3.43
0
0.91
8.1
8.22
3.82
0
1.63
0
0
0.01
0
2.36
0
0
0.84
0
0
0
0
1.21
0.86
7.94
4.17
8.55
1.32
2.59
0
2
1.27
1.66
0.26
0.84
0
0.08
14.78
6.56
1.62
0
0
5.75
1.42
2.79
3.04
1.41
1.26
1.26
0.43
0.5
15.61
1.51
0
0
0
0
0
0.13
0
0.01
0
0
0
0.68
0.01
0
0
0
0
0.01
0
0
0
0.01
0
0
0.01
0
0
0
0.01
0
0
0
0.02
0
0
0
0
0
0.11
0.12
0.01
0
2.16
0.05
0.01
0.02
0.02
0
0.02
0
0
0
0.02
0
0.01
0
0
0
0
0
0
0
0
0
0.41
2.1
4.64
8.76
0.44
0
0.01
0
0
0
0
0.5
0.91
0.77
0
0
0.01
0
0
0.41
5.98
4.56
7.88
2.38
0
0
0.27
3.65
0
0
0
0
0.16
3.85
2.46
11.29
0
0.6
0
0
2.51
0
2.05
2.06
3.89
7.68
7.63
5.24
1.88
0.07
0
0.07
5.17
0.66
0
0
0
0
0.83
0
0.01
0
0.13
0.01
0.21
3.4
2.72
1.19
3.38
7.89
7.38
2.84
5.27
0.91
0
0
0
0
0.01
0
0
0
0
0
0
0
0.86
0.13
0.41
0
0
0
0
0
0
0
0
0
0
0
0
0
1.05
1.03
15.14
19.77
6.39
0.97
0
0
0.02
0
0.01
0
0
0
2.29
9.16
1.88
0.12
0
0.02
0
0
0.02
0
0.23
0
0.11
0.38
0
0.16
0
0
0
0
0
0
0.18
0
0
0
0.01
0
0
0
0.08
3.42
0.53
1.97
3.34
3.8
4.96
16.56
17.5
0.56
0.11
0
0
0
0
0.15
0.1
1.09
4.74
2.14
3.79
0.82
1.19
9.02
0.95
0
0
0
2.2
0.96
0.15
0
0.78
2.91
0.5
1.44
1.43
0.34
0.01
0
0.41
0.15
0.01
0
0.01
0
0.85
0.33
2.07
1.45
1.46
0
0
0
0.13
3.56
1.28
7.57
2.07
0.41
0
2.92
14.4
6.29
7.37
5.36
6.1
9.36
2.93
6.12
1.8
4.02
5.53
7.61
2.53
1.69
0.74
0
0
0
0
0.19
2.04
2.25
0.5
0
0
0
0
0.25
0
0
0
0
0
0
0.14
0
0
0
0.01
0
0
0
0
0.01
0.58
0.07
10.27
1.7
0
1.63
15.93
0
0
0
0
0.05
0
0
0.02
0.01
0.01
0.14
0.63
0
0.02
0
0.04
0.02
0
1.31
0
0.01
0
1.55
0
0.32
3.3
3.86
2.87
0.01
0.52
0.63
0
0
0
10
11.27
4.53
0.81
1.72
0
0.34
0.13
4.32
3.63
2.73
0.17
0.05
0.52
0.5
0.33
0
0.95
0
3.78
0
0.01
0
0
0
0
0
0
0.16
0.02
0
0
0
0
0
0
0
0
0
0
0
0
0
0
0.56
1.39
0.86
0.33
0.02
0.14
0.33
0
0
0
0
0.01
0
0
0
0
0.01
0
0
0.18
3.04
5.36
0.47
0
0.02
0
0
0
0
0.33
0
0.08
0
0
0
0
0.01
0
0.49
0.25
1.57
0
3.19
0.21
0
4.24
2.25
1.03
0.87
0
0
0
0
0
0
0.59
1.64
0
0
0.06
2.2
4.54
1.87
0
5.22
0
4.16
8.83
0.46
0
0.4
0.21
2.56
0
0.01
0
0
0
0
0.01
0
0
0
0
0
0
0
1.1
0
0
0.55
0.75
0.24
0
0
0
0
1.44
0.88
0
0.66
0
0
0.04
0.3
0.14
0
0.07
0
1.22
0
0.15
0
0
0
0
0.44
1.09
0
3.45
1.89
0.01
2.13
4.96
5.7
21.25
16.45
13.84
4.05
3.83
4.23
1.74
1.79
0.75
8.25
19.84
10.49
12.74
6.83
12.79
32.44
17.82
11.13
14.7
7.45
0.95
0.38
1.72
0.34
0.29
0
0
0.02
0
0.17
0.06
0
0
0.17
0.31
0
0.07
2.51
2.57
0.78
0.79
0
4.31
0
0
0
0
0.27
7.23
2.48
5.73
2.83
0.09
0.02
0
0.33
0.29
0
0
0
0
3.96
2.25
1.31
0.33
0.5
3.88
0.98
0.66
0.46
0.37
0.35
0
0
0
0
0
0
0
0
0
0
0
0
0.25
0
0
0
1.74
6.97
26.98
7.95
6.95
8.95
0.16
6.14
17.01
5.7
5.73
5.54
0
0.24
0.08
0.14
0.18
0.21
0
10.88
7.13
1.77
6.44
1.15
0.14
0
0
1.63
0.9
0
1
0.02
0.36
0.01
1.84
1.6
1.61
0.95
0.3
0
0
0.42
1.48
12.57
5.84
8.49
2.31
0.67
0
0
1.47
1.08
2.55
0.66
0.17
0
0.56
1.54
0.29
3.82
0.66
0
0.77
0.54
1.27
1.45
14.18
10.78
2.63
0
1.12
0.53
1.61
0
0
0
2.76
14
7.69
6.98
13.05
0
1.94
0.02
0.92
1.17
1.59
4.31
11.15
0.97
0
0
0
0.13
0.76
3.96
7.32
8.23
0
0
0
0
0
0.29
2.35
5.79
0
0.05
0.02
0.1
0
0
0
0.03
0
0.02
0.18
0
0
0
0
0
0
0
0
0.01
0
0.26
0.01
0
0.34
0
0.91
0.2
9.17
1.63
0
0.15
1.08
10.05
2.14
1.49
4.26
0
2.13
0.01
0
1.11
0.5
0
0.02
0
0
0.51
5.75
5.08
12.27
5.8
2.41
7.31
0.6
0
0
0.01
0
0
0
0.08
0
0
0.01
0
0.01
0.01
0.01
0
0
4.91
0.05
6.22
0.75
0.68
0.77
0.68
1.52
9.95
34.5
10.34
0
0.04
0.02
0
2.57
2.22
11.61
0.39
0
0.02
0.02
1.43
0.23
0.63
0.41
2.9
4.69
5.06
14.23
22.66
1.61
1.75
7.52
9.94
6.51
0.93
0
0.57
0
17.34
1.13
0
0.16
0.89
1.88
0.67
0.2
0
0
0.01
3.04
3.52
4.3
4.46
11.41
0.85
0.37
0
0
0.18
1.23
10.64
7.36
3.36
1.19
0.75
0.37
0.95
1.2
0
0
0
0
0.02
0.01
0.02
2.95
4.61
0.69
0.65
2.9
16.36
10.97
5.34
2.47
3.67
18.71
0.69
1.28
0
0.04
2.28
8.13
2.63
1.72
11.91
26.41
1.83
1.07
0.17
0.49
1.95
12.03
10.29
11.52
18.68
18.11
5.03
0.83
0
2.33
3.93
0.89
0.35
1.56
0.64
0.52
0.46
3.34
5.68
3.41
6.75
6.95
4.91
0
0.45
0.81
0.02
0.31
0
0.02
0.01
0
0
0.01
0.01
3.07
3.67
1.3
0.77
1.29
1.45
0.66
0.36
0.69
3.48
1.52
0
1.19
1.97
4.86
10.63
18.42
22.86
15.48
12.89
3.05
0.45
0
0
0.33
0.12
1.76
4.41
5.23
0.63
2.09
2.85
8.5
5.48
4.66
2.88
7.62
5.04
8.41
9.98
9.97
9.3
9.02
8.84
4.21
1.48
2.66
0.66
0.36
0
0.61
0
0.01
0
0
0
0.11
3.86
1.52
0.98
3.27
3.2
0.68
5.25
9.91
10.04
2.18
1.73
0
0
0
0
0
0.08
2.01
13.24
6.9
6.1
4.08
2.26
2.04
3.68
0.28
0.51
2.52
0.25
0
0.35
0.11
0
0
0
0
0
0
0
0
0.01
0
0
0.04
0.02
1.3
3.12
0.37
0
0.01
0
0
0.43
0.01
1.29
0
2.07
0.34
0.11
0
0
0
0
0
0
0.18
0.38
0
0.2
0
5.05
1.83
10.79
6.24
1.21
1.28
0.16
2.02
0.01
0
0
0.09
0.69
2.89
0.01
2.41
43.48
5.38
3.54
1.54
2.77
0
1.07
0.09
0
0
0.01
0.31
0
0
0
0
0.04
0
0
0.02
0.11
0.01
0
0
0.09
0.01
0
0
5.5
0
0.27
0
0.19
0.17
0.02
0
0
0
0
0
0
0
0.01
0.11
0
0.12
0
0
0
0.01
0
0
0
0
0.01
0.01
1.01
2.99
10.04
3.58
0.68
0
0
0
0
0.04
0
0
0.01
0
0
0
0
0
0
0
0
0.01
7.57
4.13
1.77
0
0
0.05
0
0
0
0
0
0
0
0.02
0.02
3.74
0.89
0.03
0.55
0.03
0
0
0
0
0
0.02
0
0.14
2.09
3.85
2.08
4.68
0
0
0.02
1.15
0
0.68
0
1.38
0.97
2.23
0
6.87
2.46
2.37
24.31
18.4
12.45
8.53
3.41
2.78
0.08
1.38
0.04
0.01
7.33
12.33
1.31
0
0
0
0.34
14.43
8.93
15.84
17.66
15.92
11.15
0.91
5.23
10.75
14.98
3.64
8.9
0.15
5.38
0.91
3.81
9.43
0.18
0.8
0
0
0
6.42
3.12
0.73
0
0.89
0.61
1.33
0.82
1.49
0.76
1.23
18.02
1.16
2.38
0
0
0
1.23
0
0.08
0.06
3.17
0.55
0.06
0
7.51
1.66
11.8
0.61
0.32
0.92
0.5
1.49
1.76
1.35
0.55
0
3.3
0.25
0.44
0.11
0
0
0.95
0.98
1.36
4.48
3.12
2.83
0.76
0.17
5.78
3.61
2.56
4.78
1.45
0.8
0.07
0
0.17
0.18
4.14
0.4
0
0
0
0
0.01
0
0.09
3.27
0.42
9.53
3.73
1.73
1.76
1.37
0.73
0.56
0.96
0
0.14
0.13
0.03
0.35
0
0
0
0.04
0.02
0
0
0
0
0
0
0
0
0
0
0.39
2.11
0
0
0
0.26
1.03
0.02
0
0
0
0.01
0
0
0
0
0
0
0
0
0
0.02
0
0
0
0
0
0
0.39
6.2
9.13
1.13
2.75
1.23
0.5
0
0
0.01
0
0
0
0
0
0.01
0
0.18
2.99
7.92
5.56
3.76
4.27
0.16
0
0
0
0
0.64
7.26
2.21
0.32
0.83
0.65
3.39
10.29
1.18
0.26
0.23
0.31
0.71
0.59
3.86
0
0
0.01
0
2.01
1.38
0
0.67
0.31
0
0.52
0
0
0.01
0
0
0
0.34
0.01
0.08
0.09
0
2.74
2.82
0.3
0
0.93
2.18
3.65
10.49
19.9
16.45
0
0
0
0
1.79
0.05
0
0
0.05
0
0.04
0.01
0
0
0.07
0.21
0
0
0.01
0
0
0
0
2.66
0
6.95
0
1.21
0.2
0.19
1.36
0.43
0
0.01
0
0.01
0
0
0
0
0
0
0
0
0
0
0.02
0.02
0.01
0
0
0.54
0.02
0
1.54
2.28
0.55
0.09
0.09
4.05
4.52
1.52
0
0.12
0.03
0
0
0
0.2
1.02
3.89
2.11
1.36
20.02
2.41
0
0.01
0.01
0
0
0
0
0.01
0
0
0.02
0
0
0
0
0.01
0.05
0.16
7.99
3.24
3.77
1.84
0.02
0
0
0
0
0.02
0
0
0
0
0
0
31.91
6.13
0.16
0.01
0.02
0
0.01
0
1.79
7.33
20.12
11.37
4.02
1.05
0.01
2.18
0
0.6
7.31
4.58
0.02
0
0
0
0
0.03
12.46
8.82
5.26
0.02
0
0
0
0
0.01
0
0.17
0.01
0.49
0.48
0.66
5.18
2.56
0
0
0
0
0
0
0
0
0
4.01
2.88
5.54
3.7
1.88
0.65
5.7
8.4
3.52
3.67
6.3
16.49
20.38
10.63
6.64
1.72
15.78
20.29
5.52
40.53
0.66
0.14
0
0.94
1.58
1.38
0
0
0.53
0.07
1.08
0
0
0.02
0.01
0.01
0.24
0.16
1.2
1.05
0
0
0.11
2.41
5.59
8.72
14.79
5.01
1.73
2.55
1.78
9.54
4.23
6.07
14.57
3.51
3.5
1.25
0
0.84
0
0
1.21
2.1
3.52
0.95
6.68
6.66
0.2
10.28
11.26
1.94
0.02
0.01
0
0
0.01
0.01
0.01
0
0
0
0
0.02
0
0
0.02
0
0
0.12
3.84
0.17
0
0
0
0
0
0
0
0
0
0.01
0
0
0
0
1
6.88
6.04
6.77
17.15
1.07
2.01
6.9
7.13
5.46
4.04
1.08
8.97
13.3
3.64
0.4
1.16
0
0
0.88
0.02
0.03
0.1
2.02
2.66
2.38
1.25
0.22
0
1.13
0.64
0
0
0.53
0.4
0.1
0.12
0
0.13
0.91
0
0
0
0.12
0
0
0
0
0
4.17
5.46
1.04
12.56
11.48
4.42
0.23
0.66
0.64
0.41
1.84
7.78
10.69
6.92
4.48
1.37
5.74
4.44
5.29
1.28
0.65
0.02
0
0
0
0
0
0.45
0.59
0.48
1.04
0.01
0.78
0
0
0.63
0
0.96
0.04
0.03
0.05
3.1
2.57
3.93
7.28
0.36
2.2
24
2.18
0.52
0.95
2.74
5.56
2.47
0.19
0.01
0.18
0.03
0.02
0
3.61
12.82
7.12
1.08
0.02
0
0
0.05
0
0
0
0.43
0
2.14
4.54
12.72
1.03
4.97
0.41
0
0
0
0
0
0
0.01
0.04
0
0.01
0
0
0
0
0
0
0
0
0.09
0.03
0
0
0
0
0
0
0
0
0.01
0
0.02
0
0
0
0
0
0
0
0
0
0
0
0
0
0
0
0
0
0
0
0
0
0
0
0
0.09
0.07
0
0
0
0.04
0
0.03
0
0
0
0
0
0.02
0
0
0
0.01
0
0
0.19
0.18
0
0.25
4.18
1.26
1.37
0.29
0
0
8.43
14.3
8.56
0.13
0
0
0
0
0
0
0
0.05
0.01
0
0
0
2.17
0.75
1.9
7.23
6.79
5.86
0.38
0.22
0.69
0.36
0.03
0.54
0.3
0
0
0.88
8.37
3.7
0.11
0
0
0
0
0
2.27
4.89
4.63
8.03
0.95
0.75
1.75
1.18
0.81
0
0
0
0
0
0.14
1.04
0.61
3.2
2.03
0.53
0.05
0.08
0
0
0
0
0
0
0
0
0
0
0
0
0
0
0
0.07
0
0.52
2.17
0.54
0
0
0
0.01
0
0
0
0
0.1
0.66
0.14
0
7.74
16.57
21.53
19.14
6.41
11.8
13.34
2.55
4.27
6.39
9.3
1.61
4.71
5.52
9.26
2.46
2.79
2.84
0.89
0.26
2.87
8.97
2.77
1.33
1.73
0
0.48
1.45
0.75
0
0.46
0
0.32
0
0
0.14
3.16
2.75
2.52
2.39
1.67
8.48
0
6.05
12.63
14.91
4.57
1.21
1.53
9.95
23.39
4.34
1.53
4.96
3.78
0.72
0.53
0.71
1.91
0.22
0.18
0.48
0.7
0.9
0.2
0.23
2
0.19
0
0
0.88
3.06
1.24
7.31
4.94
3.42
0.51
0.78
0.4
8.5
0.05
0
0
0
0
0
0
0
0
0
0
0
0.51
0.21
0
0.01
0.01
3.65
7.49
0.08
0
1.25
20.52
19.7
11.9
6.94
8.69
5.4
0
0
1.52
9.99
7.79
0
0.29
0
0
0
0
0
0
0.01
0
0
0.01
0
0.28
0
0
4.73
2.13
0.04
0.01
0
0
0
0
0
0
0
0
0
0
0
0.01
0.79
0.34
0
0.48
0.32
0
0.38
1.22
1.18
2.26
0
0.09
2.54
8.07
9.61
1.43
1.42
0
0.12
0.18
0
0
2.68
0
0
0
0
0
0
0
1.32
0.86
0.43
1.02
0.29
0
6.72
13.85
1.05
25.15
1.6
0
0
0
0
0.98
0.08
0.01
0
0
0
0
0.03
0
0
0
0
0
0
0.03
0
1.7
0
0.76
4.93
9.96
17.95
0.74
3.18
5.42
6.4
1.6
1.92
0.09
0.01
0
0
0.01
0
0
0
0
0
0.03
2.12
0.39
0
0
0.01
0
0
0
0
0
0
0
0.01
0.07
0
0.01
0
0
0
0
0.67
7.36
5.95
4.66
0
0
0
0
0
0
3.1
2.77
2.8
4.37
8.73
0.03
6
0.08
0.18
0
0
1.89
0
0
0
0
0
0
0
0.1
0.31
0
0.01
0
0
0
0
0.02
0
0
0
0
0
0
0
0
0
0
0
0.01
0
0
0.01
0
0.06
0.17
0
0
22.03
10.46
6.86
14.36
5.18
19.83
14.16
4.83
1.52
2.24
5.38
1.35
6.13
17.48
28.52
10.88
11.44
0.46
0.82
0.8
2.68
0.64
0
0.72
0.65
1.41
7.95
6.05
0.95
1.81
4.97
0.1
4.87
12.46
5.97
6.64
1.19
6.27
3.83
0.81
2.48
5.97
8.43
0.26
0.52
8.4
0.99
0.72
5.82
1.32
0
0
0
0
0.04
0.09
0.13
0
0
0
0
0.03
0.08
0
0
0
0
0
0
0.02
0.01
0
0
0.66
0.51
2.27
0.4
0
0.01
0
0
0.04
0.02
0
0
0.01
0
0
0.01
0
0
0
0
0
0
0
0
0
0
0
0
0
0
0
0.3
0.2
7.7
18.6
5.97
11.56
4.48
9.02
0.77
0.03
1.05
4.52
19.47
20.08
3.93
6.43
5.52
3.29
0
0
0.12
0
0.89
0.15
1.94
1.49
0.41
1.74
6.24
7.57
3.41
2.02
2.41
0.46
0
0.03
0.08
6.73
4.85
2.49
0.11
0.43
4.32
0
0
0
4.34
8.21
1
6.11
2.66
3.59
3.2
2.67
1.39
1.74
2.27
1.08
0.1
0.17
0.14
0.04
0
0
2.04
18.2
9.41
13.98
7.16
0
0
0
0
0
0
0.05
0
0
0
0
0.1
0.01
0
0
0
0
0
0
0
0
0
0
0
0
0
0.2
0
0.01
1.3
10.73
4.34
2.05
0.13
0.02
0
0
0.02
0
1.6
0.83
6.64
3.98
2.36
0
5.51
0.33
0
0
0
0
0
0
0
0
0
0
0
0.4
4.29
15.02
0.41
29.37
4.43
0
0.5
38.66
7.1
0.19
0.08
0
0
0
0.59
0
0.05
1.06
1.97
0.05
0.01
0
0
0
2.15
0.09
0.01
0
0.59
0.02
0.02
2.07
0.73
0.11
0.37
0.46
4.05
1.61
0
0.04
0.05
1.12
0.84
0.19
0
0
0
0
1.27
0.16
0
0
0
0
2.65
2.5
0.1
0
0
0
0
0
0
0
0
0
0
0
0
0
0
0
0.23
0.01
0
0.04
0.06
0
0.73
0.62
0.01
0
0
0.02
0.84
0.14
0
0.62
0.45
0.12
0
0
0
0.27
1.85
0
0
0
0
0
1.93
6.63
4.8
3.39
1.07
1.09
0.09
0
0
0.02
0
0.1
0
1.02
0
5.94
3.46
3.38
0.89
0
0
0
0
0
0
0
0
0.01
0
0
0
0
0
0
0
0
0
0
0.14
8.95
39.98
1.15
0.02
0
0
0.01
0
0
0
0
0
0
0
0
0
0
0
0
0.01
0
0
0
0
1.64
1.13
0
0.45
0.01
0
0
0.01
0.45
0.07
0
0.02
1.99
0.4
0
0
0.92
0.5
2.06
5.8
0.16
0.83
3.54
3.8
3.56
6.29
2.93
0.32
0.05
7.02
0.3
1.05
0
0.02
3.34
1.63
0.17
0
0.71
0
0
4.59
2.39
1.01
1.33
0.09
0.4
0.38
0.24
0.88
2.31
5.42
1.15
0.32
0.97
0
0
0
0.04
1.82
9.13
6.99
9.61
8.45
0.66
0.32
0
0
0
0
0
0
0
0
0
0
0
0
0
0
0.1
0.02
1.27
1.07
1.57
8.64
10.28
4.02
4.13
5.56
2.77
1.88
16.63
21.33
3.36
1.34
10.55
0.52
0
0.1
0.68
1.38
7.02
14.96
12.62
5.14
9.21
3.31
1.43
3.26
0.14
0.01
1.08
0.08
0.1
0.01
0.01
0
0
0
0
0
0
0.45
14.68
1.34
0.84
1.9
1.84
0.54
0
0.32
0
0.03
0.01
0
0.15
0
0
0
0
0
0
0
0
0
0
0
0
0
0
0
0
0.02
3.4
0.88
0.31
0.02
0.92
0
0
0.01
0.02
0
0
0
0.19
0
0
0
17.24
17.2
0.63
0.06
0
0
0
0.02
0.34
8.52
0
0.04
0.95
0.02
0.01
4.82
2.51
0.1
0
0.39
1.94
1.96
0
0
0
0
0.54
0.49
0
0.26
0
0
0
0
0.03
0
0
0
0.08
0.02
0.01
0.01
0.12
0.72
3.66
0.8
0
0
0.62
0
0
0
0
0
0
0
0
0
0
0
0
0
0.01
0.04
0.02
0
0
0
0
0
0.11
2.66
6.23
0
0
0
0
0
0
0
0.05
0.02
0
0
0.01
0.01
0.16
0
0
0
0
2.06
7.38
0
0.58
0.13
0
0
0
0
0
0
0
0
0
0.1
1.22
0
0
0
0
0
0
0.02
0
0
0
0
0
0
0
0
0.01
0
0
0
0
0
0
1.12
28
17.11
11.13
7.23
8.5
16.5
0
0.07
0
0.63
16.63
3.98
5.62
7.03
21.81
12.48
3.66
0.02
0
0.01
0.06
0.3
1.07
2.97
6.64
12.63
0.54
0.96
0.01
0.27
6.63
14.65
1.79
3.01
17.45
3.34
0.24
0
0
0.18
5.45
21.46
36.02
8.26
3.29
3.53
0.34
1.85
3.36
2.69
1.5
2.57
1.84
13.88
6.55
12.83
6.2
9.59
3.18
0
0.35
0.2
1.39
0.88
1.2
1.67
5.16
0
1.68
3.44
1.64
0
0.23
2.6
11.14
4.1
0.27
0.37
0
0.66
0
0.38
6.86
0
0
0.36
0.15
0.77
0
0.37
0.69
0
3.23
19.2
6.66
0.77
0
0
0
0.32
0.29
0.59
0
0
0
0
3.52
1.67
1.28
6.19
8.15
2.73
6.95
5
5.84
7.85
17.93
17.13
14.67
8.95
7.19
3.27
0.77
3.83
0.71
0
0.83
4.13
2.55
0.1
0.89
1.56
0.57
0
0
0.01
0.09
0.1
1.44
9.1
6.22
19.25
5.8
2.39
15.36
7.75
0
3.88
6.34
17.68
10.41
4.36
0
0
0
1.86
16.83
1.58
0.2
0.01
0
0
0.02
0
0
0
0
0
0
0
0
0
0
0
0
0
0
0
0
0
0
0
0
0
0
0
0
0.5
6.13
9.76
1.48
1.58
1.49
2.3
1.3
2.32
6.81
10.09
6.54
8.21
5.27
2.52
7.48
16.64
5.38
0.27
0.09
1.07
0
0
0
1.28
0
0.49
0
2.49
0.07
0.3
0.05
0.36
1.27
1.71
0.04
0
0.09
0.01
0
0
2.01
12.87
6.57
0.99
0
0.92
3.32
0.58
10.91
0.01
0
0
0
0
0.36
1.55
0.14
1.12
0
3.29
5.11
0
2.09
4.46
8.27
11.81
0.57
0
2.13
7.16
4.97
1.38
0.73
0.61
7.66
4.54
0.11
0
0
0
0
0
0.01
0.44
0
0.01
0
0
0
0
0
0.01
0.14
5.71
0.29
0
0
0
0
0
0
0
0.01
0.02
0
0
0
0
0.01
0
0
0
0
0
0
0
0
1.29
0
0
0.01
0
0
0
0.29
0
0
0
0
0
0
0
0
0
0
0.09
0
0
0
0
0
0.13
0
0.82
0
0
0.02
0
0.25
0
1.24
0.41
0.07
0.01
0
0
0
0
0
0
0
0
0.29
0
0
0.36
0.7
0.32
0.88
0
0
0
0
0.01
0
0.02
0
0
0.01
1.93
12.99
13.05
3.22
3.35
1
4.7
18.06
4.63
0
0
12.11
7.89
0.81
0
0
0
25.85
8.48
2.38
0.32
2.2
8.55
2.43
4.64
0.16
0
0.42
12.03
8.71
0.73
0.03
0.35
0.09
0
0
0
4.03
0.5
6.6
28.7
24.55
17.9
19.12
5.3
1.4
0
0
0.02
0.01
0
0.01
0.9
0.02
0.13
0
0
0.18
0.09
0
0
0
0
0.28
0.05
0.8
4.15
2.25
0.03
0
0.04
0
0
0
0
0
0
1.2
0.03
0.07
0
0
0
0
0
0
0
0
0
0.01
0
0
0
0.01
0.05
0.04
0
0
0
0.16
0
0.2
0.57
0.16
0.43
12.13
7.86
4.69
0.26
0.03
0.03
0.46
0
0.01
0.27
3.66
3.97
6.95
1.02
0.97
0.23
0.68
0.73
0
0
0.17
0.05
0.02
0
0
0
0
0.03
0.37
0.23
0
0.05
0.08
0.02
1.04
5.09
3.59
10.12
12.3
17.13
3.2
0
0.16
0
0
0
1.09
1.76
0.49
0.53
0
0
0
0.03
0.04
5.9
0.86
0
17.77
9.26
0.35
0
0.01
0
0
0.03
0
0
0
0
0
0
0
0
0
0
0
3.16
7.71
1.88
0.07
0.16
0
0
0
0.02
0
0.02
11.03
14.32
4.33
2.78
1.95
4.05
2.23
1.41
4.34
5.24
3.85
1.2
0.91
0.39
0.63
0
0.05
0.02
0
0
0
2.07
0
0
1.58
0.78
0.04
0.26
5.31
0.93
0.38
4.22
6.22
3.86
3.89
0.16
8.18
2.16
0.74
4.18
2.38
1.63
0.03
0
0.01
0
0.01
0
0
0
0
0
0
0
0
0
0.04
0.24
5.29
6.85
6.99
1.14
0.07
0.94
0
0
0
0
0.04
4.15
0
0.05
0.2
0.05
0.01
0
0
0
0
0.01
0
0.02
0
0
0
0
0
0
0
0
0
0
0
0
0.01
2.98
1.52
1.22
0.15
0.06
0
0
0
0
0
0
0
0
0.01
0
0.11
0
0.05
0
0
0
0
0
0.01
0.55
0.05
0.12
0.09
0.82
1.33
0
0
0.42
0
0.02
0
0
0
0
0
0
0.63
0
0
0
1.98
0
0.14
0.05
0.23
0
0.03
1.4
11.02
1.67
0
0.54
0
0.04
0.02
0
0
0
0
0
0
0
0
0.45
0
0
0.06
2.37
0
0
0
0
0
0
0
0
0.59
0
0
0
0
0
0
0
0
0
0
0
0.48
1.54
2.23
0.04
0
0
0
0
0.22
6.7
2.29
3.91
1.01
0
1.21
0.02
0
0.02
0.16
0.01
0.11
5.77
4.2
6.65
0.69
0
15
11.02
2.85
0.69
0
0
0.09
9.55
29.59
26.96
31.54
9.34
0.19
0.77
1.41
0.87
0.01
2.78
5.42
13.55
4.45
0
0
0
0.02
0
0
0
0
0
0.17
0.26
0
0
0
0
0.02
0.06
0
0
0
0
0.16
0
0
0.01
0.09
0.27
0.43
0.44
0.03
0
0.56
0.16
0
0
0
0.02
0
0
0
0
0.01
0
0
0
0
0
0
0
0
0
0
0
0
0
0
0
0
0
0
0.02
3.46
0.13
0
0.01
0.02
0
0.14
0.7
10.7
4.53
8.67
14.99
4.64
0.63
5.59
5.57
11.32
7.22
4.13
1.03
1.02
2.14
2.33
5.11
9.47
3.82
0.36
6.26
8.68
3.36
1
0
4.77
9.94
1.47
0
0
0.26
0.14
0
6.68
0.83
0
0.02
0
0.03
0.32
0
0.02
0
0
7.49
1.87
0.55
0.04
0.02
0.48
21.81
3.66
0
5.02
11.3
3.48
0.84
0
0
0
1.98
7.59
1.19
0.15
0
0.95
1.05
1.16
6.58
18.2
1.94
0.84
0.36
0.14
0.01
0
3.08
16.8
20.93
0.93
0
0
0.11
0.07
4.91
2.91
0.79
0.08
0.9
1
4.6
6.1
1.28
1.65
3.28
1.14
0
0.01
0
0.01
0.01
0
0
0.45
0.15
10.97
1.36
0
0.04
0.92
4.21
4.17
3.69
3.08
3.08
0.24
0.01
0
0.01
0.69
0.17
0.29
0
0
0.02
0.01
0.01
1.46
0
0.04
1.41
2.64
0.84
0
1.54
2.13
1.42
0.04
0
0
0.09
0.17
0
0
0.02
0
0
0
0
0.01
0
0
0
0
0.01
0
5.49
0.02
0.02
2.24
0
0
0
0
0
0
0
0
0
0
0
0.01
0
0
0
0
0.04
0
0
0
0
0.43
1.4
5.68
0.02
0.16
0.02
0
0
0
0.04
0
0
0
0.66
0
0
0.04
0.59
0.57
0
0
0
0.02
0.02
3.55
5.34
8.99
4.25
0.16
1.78
1.41
0
0.01
0.59
0
0
0
0
0
0
0.21
3.91
4.29
1.96
3.27
4.8
0.77
0
0
0
0
0
0
0
0
0
0
1.41
0.01
0
0
0
0
0
0
0
0
0
0
0
0
0
0
0.02
0
0
0
0
0
0.06
0.02
0
0
0.45
0.1
0.04
0.02
0
3.03
16.03
8.25
7.18
1.66
2.12
11.61
3.07
5.35
6.13
0.35
0.67
0.16
0.02
1.1
0.37
6.75
1.35
0
0
0
0
0
0
0
0
0
0
9.64
6.38
1.73
1.04
1.85
6.61
0.96
0
0
2.32
6.17
0.52
0.27
0.24
0.02
0.06
5.5
2.03
9.14
14
12.8
3.49
1.01
0.8
0.21
0.18
0.08
0.16
0
0.22
0
0
0.04
0
0
0
0.17
0
0.21
0
1.96
0.73
0
3.45
3.33
6.47
6.28
9.89
5.54
14.93
1.93
0.75
0.81
0
0
0.01
0.09
0
0
0
0
0.87
0
5.79
1.58
0.04
0
1.68
1.76
0.33
0.01
0
0
0.09
0.09
0
0
0
0.86
0.27
0.98
0.24
10.24
22.12
9.34
6.52
18.58
15.86
5.55
0.2
1.15
0
3.22
16.63
1.51
8.23
3.15
3.21
3.05
0.7
2.65
0.87
3
0.53
0.42
11.18
23.01
9.35
3.7
13.47
9.81
3.89
0.53
0.07
7.38
3.88
0.18
2.74
0
0.2
0
0
0
0
0
0.48
6.59
8.11
1.42
0.52
2.42
4.76
1.61
0
0
0
0
0
0
0
0
0
0
0
0
0
0
0
1.82
22.02
5.83
19.71
12.95
1.97
0
6.73
9.59
9.17
5.79
3.1
3.31
0.32
6.63
1.08
1.02
0
0
0.08
0.05
0.16
0
0
0
0.07
0.03
0
3.13
3.91
4.67
4.98
1.16
15.7
12.52
3.88
2.27
0
0.07
0
0
0.01
0.01
0.02
0
5.52
6.45
10.13
9.02
7.95
7.26
8.61
1.94
0.01
0.47
1.35
0.25
0.23
0.05
3.77
5.47
0.28
0
0.04
0
0.04
0
0
0
0
0
0
2.81
0.11
0
0
0
0.01
0
0
0.01
0
0
0
0
0
0.08
0
0.02
1.59
0.08
0.18
0
0
0.36
0
0
0
0
0
0
0
0
0
0
0.29
0
0
0
0
0
0
0
0
0
0
0
0
0
0
0
0.09
0
0
0.01
0
0
0.02
0.11
11.09
16.98
4.09
2.68
0.31
3.02
0
0.82
0.98
1.28
0
0.2
12.52
8.77
3.75
11.06
1.18
1.02
7.3
1.87
0
0
0
0
0
0
0
0
0
11.41
3.06
0.74
0.34
0.56
1.85
2.82
0.4
0.16
0
0
0
0.02
5.17
6.2
0.95
1.02
0.71
6.1
13.1
7.49
4.02
0.03
1.27
0
0
0
0
0
0
0.27
0
0
0
0.01
0.15
0
0.49
0.02
3.09
0.66
0
0.51
22.07
8.14
0.61
1.7
0
0.83
0
0.82
0.39
1.15
5.87
18.71
8.7
9.08
4.91
0.52
0
0
0
0.01
0
0
0
0.24
0.11
0.02
0
0
0
0
0.02
0
0
0.77
0.25
0.11
3.13
1.14
0.12
0
0.79
0.02
0.54
1.58
7.3
4.14
2.66
4.43
5.2
6.42
9.3
1.7
5.48
12.38
17.35
12.84
2.91
8.98
17.57
17.42
23.7
12.98
4.16
5.11
4.65
2.58
0.7
1.32
0.19
0.68
5.92
1.36
0.12
0.09
0.77
16.94
10.35
4.54
0.22
0.62
0.02
0.71
0.81
0
0
1.9
1.02
2.45
1.39
0
0
0
0
0.37
1.35
0.32
0.48
0.2
0.09
0
0
0.01
0
0
0.01
0.01
0.21
0
0.02
0
0
0
0
0
0
0
0.43
0.15
0.83
1.17
0
0
2.89
6.11
1.08
0.42
0
0
0
0.11
0.49
5.26
1.64
0
2.84
1.56
0.02
0
0
0.71
0.57
0.19
0
0
0.03
0
0
3.54
0.24
0
0
0.61
1.97
0
0
0
0
0
0
0
0
0
0
0
0
0
0
0.09
0.15
0
0
0
0
0.02
1.81
1.86
3.88
0.63
5.47
4.6
4.89
4.09
1.78
0.21
1.53
5.24
3.53
0
0
0
0
0
0
0
0
0
0
0
0
0
0
0
0
0
0
0
2.79
3.52
9.34
6.36
1.42
0.87
2.14
1.18
0
0.04
0.14
0.19
0.8
0.52
0.27
0
0.01
3.84
0.93
0.14
0.4
0.88
0
0.01
0
0
0
0
0
0
0
0
0.02
0
0
0
0
0.05
0.27
0.99
0.01
0
0
0.01
0.08
0
0
0
0
0
0
0
0.03
0
0
23.59
4.17
1.68
4.07
0.06
0
0
0
0
0
0
0
0
0
0
0
0
0
0
0
0
0
0
0
0
0.01
0
0
0
1.35
0.15
0.01
0
0
0
0.02
0
0
0
0
0
0
0
0
0
0
0
0
0
0
0
0
0
0
0
0
0
0.81
0
0
0
0
0
0
0
0
0
0
0
2.78
9.71
3.44
1.55
0
0.22
0
0
0
0
0
0
0
0
0.04
0
0
0
0
0
0
0
0
0
0
0
0
0
2.13
1.56
0.05
14.01
3.73
0.01
0
0
6.42
4.35
1.77
0.98
0.18
0.75
8.59
2.26
13.18
0.67
0.14
0
3.29
1.16
0.03
0
3.64
3.94
0.46
0
0
0
0
0
0
0
3.34
15.55
5.11
0.6
0.01
0
0
0
0
0
0.01
0.01
0.01
0
0
0
0.2
0.92
1.59
0.55
2.61
0.81
0.91
1.22
0.01
0
0.05
0.1
0.15
0
0
0
0.28
0
3.29
2.28
0.86
0.55
0
0.02
9.63
6.98
9.47
8.84
1.73
9.84
9.38
3.56
1.69
1.09
1.27
0.41
3.65
2.67
0.05
0.49
0.23
0
0
0
0
0
0.43
10.61
4.75
1.11
0.34
0
0.05
2.84
1.29
0
0
0
0
0.01
0.01
0.01
0
0
0
0
0
0
0
0
0
0
0
0.24
8.26
2.55
0.33
0
0.37
0.27
1.68
0.52
3.66
6.57
9.42
13.91
3.38
0
0
0
0
0.1
0
0.09
0
0.4
2.72
1.5
4.55
8.46
4.57
7.05
3.65
14.92
4.98
3.13
6.13
0.51
0
2.87
6.24
0.72
0
0.2
0
1.39
0.02
0
4.93
19.95
8.37
1.45
0.98
0.09
0
3.3
2.94
6.85
3.76
0.95
0
0
0.11
4.65
9.44
2.21
0.01
1.38
16.98
17.83
3.18
4.19
9.95
13.35
7.34
19.41
5.84
2.2
4
10.19
4.6
13
6.22
0.88
0.02
0
0.67
0.48
0
0.83
14.82
8.66
9.5
4.95
1.8
2.27
5.04
3.83
7.04
0.58
0
9.75
4
0.13
6.28
1.39
0.19
0
0
0
0.65
0
7.46
1.84
0
0
0
0
0.11
1.91
4.39
2.11
5.73
0.26
0.39
0
0
0
0
0
10.13
1.11
0.74
0.39
0.02
0
0
0
0
0
0
0.08
0
0
0
0
0
0
0.02
0
0
0
0
0
0
0
0.41
0
1.3
0.48
0.57
0.06
0
0
0
0
0
0
0
0
0
0
0.18
2.79
1.38
0.13
0
0.21
3.32
0.01
0
0
0
0.01
0
0
0.18
1.78
21.99
5.41
0
0
0
3.28
0.16
0
0
0
0
0.03
5.22
1.14
0
26.74
2.97
0.01
0
0.6
0
0
0
0
0
0
0
0
0.02
0
29.77
3.29
0.15
0.27
1.55
1.55
0.31
0.01
0
0
0
0
0
1
0
0
0
0.25
1.21
0.27
0.01
0.16
0
0
0
0
0
0
3.9
3.97
2.09
0.31
0.08
0.52
0.23
0
0.27
0.04
0
0
0
0
0
0
0
0.05
0.05
0.04
0
0
0.04
2.31
2.51
1.11
0
3.77
0.42
0.54
0.92
0.53
0
0
0
0
0
0.11
0
0
0
1.57
0.34
0
0.01
0
0
0.77
5.16
3.55
4.36
1.97
3.29
2.03
9.5
6.65
1.41
6.06
1
0.07
0
0.38
0.02
0
11.14
9.59
1.11
1.88
1.74
3.98
7.8
7.09
6.97
5.17
0
0.41
5.61
0.84
0
0
0
0
0
0.06
0.13
0
0.57
9.23
12.98
27.37
19.46
9.45
10.2
10.13
3.6
1.37
3.83
3.73
12.35
0.6
0.23
0
0
1.17
2.65
0.96
0.1
0.52
0.01
0
0.03
0
0.01
0.85
0.31
0.19
0.3
5.32
0.84
5.72
11.08
4.1
4.41
3.95
1.05
0.09
0.06
0
1.66
2.14
5.47
4.16
1.32
0
0
3.59
1.55
0.04
0.01
0
0
0.05
0.11
0
0
0
0.05
0.8
0.01
0
0
0
0
0
0
0.34
0.99
0.27
0.98
0.2
0
0
0
0
0
0
0.16
0.17
0.07
0.5
0.11
0.8
0
0.45
0.26
0
0.09
3.96
8.93
3.48
1.45
0.12
0.1
1.64
1.45
0.16
0
0
0
1.58
1.32
0.02
0.45
0.9
0.55
1.66
4.23
1.19
0
0
0
0
0
0
0
0
0.01
0
0.26
0.03
0
0.64
0.18
0
0
0
0
0
0
0
0.95
10.46
19.48
4.56
0
0.3
0.54
1.77
2.48
10.97
0.98
0
0
0.01
0
0
0
0
0
0
0.01
0
0
0
0
0.06
0
0.02
0
0.01
0
0
0
0
0.13
0
0
0
0
0.01
0
0
0.9
1.36
1.05
3.93
2.16
1.61
0
1.96
0.29
0.1
0.46
0
0
0
0
0.02
0
0.64
1.68
0
0.04
0.01
0
0
0
0
0
0
0
0
0
0
0
0
0
1.55
0
0
0
0
1.74
14.68
9.33
10.47
11.4
5.14
1.91
2.7
0.92
0
0.27
0.63
0.01
0.01
0
0
0.73
1.39
6.36
26.27
25.22
4.48
0.53
4
5.8
2.95
0
0.46
3.8
10.15
8.77
2.37
1.88
4.91
2.02
1.49
0.89
2.04
8.03
2.64
11.99
4.1
0
0.36
0.3
2.72
1.1
7.51
3.26
0.55
0
0
0.33
5.47
4.97
2.93
0.09
0.58
0.6
4.7
1.41
12.57
25.65
9.63
2.92
5.71
2.77
0.41
0
0.29
0
0
0.08
0.38
0.31
0.26
0.02
0.19
4.23
3.99
0.24
0.41
0.21
0.18
0
0
0.36
11.41
18.49
4.5
0.41
5.66
1.8
0.22
0.57
0.3
13.48
8.97
1.05
0.04
0.09
0
0
0
0
0
0.02
0.01
0.01
0.01
0
0
0.01
0
9.77
10.46
8.96
1.54
0
0
0
0
0
0.37
0
0
0
0.5
0
0.09
0.59
0.23
0.61
7.56
4.95
0.34
20.55
9.82
2.07
0.41
1.9
4.27
0.24
0.14
0.57
0.25
0
0
0
0
0
0
0.8
0
0
0
0
0
0
0
0.33
0.04
0
0
0
1.2
0.48
0
0
0
0
0
0
0.14
0
0
0
0
0
0
0
0
0
0
0
0
0
0
0
0
0
0
0
0
0.07
0
0.31
0
0
0
0.3
0.62
1.2
2.46
1.11
0.13
1.3
5.65
0.6
0
0
0
0
0
0
0
0
0.18
9.7
2.63
0.2
0.02
0
0
0
0.63
0
0
0.01
0
0
0.31
7.94
3.62
0.64
0.46
0
6.23
3.46
0.1
0.63
3.85
3.25
2.34
0.33
3.79
0.91
0.02
0
0
0.25
0
0
0.57
0.61
0
5.47
5.28
14.43
13.38
6.34
2.82
0
0
0
0.01
0.01
0.62
0.4
0
0
0.18
0.35
0.45
9.64
7.94
3.41
7.85
1.32
2.26
0.46
5.07
0.45
2.3
4.62
0.27
1.21
9.29
6.79
0
0
0
0.02
0
0.36
0
0
0.26
0.19
0
0
0
0.02
0
0
0
0
0
0.55
1.59
0
0
0
0
2.47
0.14
0.79
1.16
0.05
0
0
0.01
0
0.62
0
0
0
0
0
0
0.08
0
0.75
0.6
1.23
0
0
0
0
0
0.01
0
0
0
0.16
0
0
0
0.3
0.94
1.33
0.5
0
0
1.04
0
0.66
0
0.13
0.49
0.37
0
0
0
0
0
0
0.02
0.2
0.79
3.01
0.73
0
0.19
0.01
0
0
0
0
0.01
0
0
0.18
0
0
0
0
0
0
0
0
0.09
0
0.33
0.09
0.09
0.03
0.01
0
0
0
0.01
0
1.27
0.11
3.67
0.51
3.86
5.04
5.1
1.81
2.2
4.39
3.21
0.43
0
0
0.25
0
0
0.41
0
0.29
3.79
2.98
1.54
5.73
7.13
6.39
21.39
6.16
2.4
0
0.05
0.01
0
0
0
0
0
0
0
0
0
0
0
0
0
0
0.32
0
0
0
0
0
0.05
0.18
0
0
0
0
0
0
0
0
0
0
0
0
0.34
0.3
0.4
1.26
13.9
16.5
6.45
17.8
11.34
8.84
4.73
0.67
0.03
0.26
0.34
0.33
0
0
0
3.32
2.12
8.62
8.73
3.54
7.05
2.63
0.3
0.57
0.5
0.48
0.31
0.19
0.42
0.68
0.41
0
0
0.33
0.35
0
0.14
4.16
1.76
1.86
4.45
2.21
2.16
1.5
1.57
7.53
1.97
0.85
0.27
7.02
0.71
0
0
0
5.83
12.95
4.94
3.25
4.75
2.08
1.06
0.62
6.99
1.36
0
0
0
0
0.45
0.13
0.27
0
0.14
2.45
0.4
0.09
0.07
0
0.24
0.44
1.49
7.43
0.99
2.12
0.24
0.38
0
0
0
0.14
1.37
6.38
7.81
8.26
1.88
2.35
4.13
3.08
0.41
3.93
1.95
0.8
0.01
0.44
13.37
3.17
1.25
0.02
0.7
0.6
0
3.74
4.49
2.13
1.28
0
5.27
1.02
0
0
1.37
0.95
1.86
2.64
1.62
0
0.39
3.16
3.49
5.19
16.56
5.02
0.98
0.22
4.38
4.49
0.6
0.23
0
0.02
0.08
0.41
0.81
0.13
0
0.01
0.49
1.13
1.69
0.04
0
7.5
0
0
0
0
0
10.13
3.85
0
0.38
0.07
0.65
0
0
0
0
5.29
1.04
0
0.59
1.26
0.5
0
0
0.13
5.04
2.14
16.7
21.5
3.36
0.41
2.43
2.77
0
0
0
1.59
5.49
0.95
10.12
5.9
0
0.02
0
0
0
11.7
6.33
0.45
0
0.63
0.38
0
0
0
2.06
5.47
0
0.02
0
0
0.38
0.48
0
0
0
0
0
0
0.02
0
0.29
0
0
0.31
0
0.01
0
0
0
0
0
0
0
0
0.01
0
0
0
0.27
0.88
2.52
4.48
0.64
0
0.12
0
0.3
0.21
0
0
0
0
0
0
0.03
0
0
0.02
0
0
0
0
0.01
0
0
0.1
0.42
0.48
3.19
0
0
0
0
0.18
0
0
0.25
0
0
0
0.25
0.29
0
0
0
0
0
0.7
0.16
0.13
0
0.05
0.21
1.67
0.14
0.31
0
0.82
0
3.16
3.23
0.17
0
0
1.24
0.33
0.01
0
0.27
0
0
0
0.19
0
0
0
0
0
0
0
0
0
0
0
0
0
0
0.43
0.55
20.27
4.74
25.9
5.38
4.02
1.94
0.54
1.19
8.8
1.69
0
0
0
0
0
0
0
0
0
0
0
0
0
0
0
0
0.02
0
0
0
0
0
0
0
0
0
0.05
0.31
3.62
7.04
1.45
0.09
0.01
0
0
0
0
0
0
0
0.35
0
0
0
0
0
0
0.17
0.12
0.64
4.16
6.74
3.75
6.26
1.99
0.12
1.83
0.19
0.21
1.07
0.65
0.02
0
0
0.54
0
0
0
0
0
0
0
10.77
17.57
3.12
3.24
7.81
3.37
2.26
1.13
0.3
2.61
1.14
1.2
0.35
0.31
0
0
0
0
0.02
0.31
0.7
0.81
0.01
0.5
5.8
6.81
4.27
0.36
0.3
0.27
0.25
3.69
1.53
0.52
5.84
0.88
0.34
0
0.37
1.74
5.19
3.06
4.49
0.66
0.07
0
0.01
0
0
0.25
0.32
0.19
3.04
0.9
0.19
0.7
0
1.06
5.76
2.14
0.2
0.09
0.38
0.24
0
0
0
0
0.01
0
0
0.48
26.07
9.14
1.05
0
30.76
7.91
0.52
2.09
1.18
1.4
0.05
0
0.12
0.07
0
0
0
0
0
0.48
0.4
0.78
7.83
2.87
0.05
2.3
0.58
0.25
0.15
6.27
13.08
21.16
9.48
2.98
4.25
0.61
0.43
0.63
4.09
17.71
5.18
0.25
6.12
3.09
6.18
1.27
0
0.41
0
0.46
0
3.4
0.2
0.55
1.07
0.2
0.58
4.23
2.72
3.02
1.8
0.01
0.78
3.75
1.5
0.31
0
8.17
1.64
0
1.13
0.19
0
0
0
0
0
0
0
0
0
0
0.03
0.04
0.53
0
0.01
0.01
0
0.02
0.43
0
0
0
0
0
0
0.02
0
0.23
0
0
0
0
0.04
0.04
0.46
0
0
0
0
0
0
0
0
0.02
1.43
2.66
13.77
11.18
0.01
0
0
0
5.49
2.08
0.83
0
0
0
0
0.38
0.01
0.35
0.06
0.05
0
0.02
4.11
0.92
0
12.46
11.3
13.61
5.67
0.88
0.47
0
0
1.77
4.28
2.13
0.06
0.01
0
0
0
0
0
0
0
0
0.04
0.16
7.9
4.8
0.07
0
0
0.22
0
0
0
0
0
0.13
0
0
0.06
0.05
2.68
1.46
0.18
0
0
0.2
0.17
0
0
0
0.3
1.49
0.17
0
0
0.45
0.79
0.39
0.07
0
0
0
0
0
0.14
0.09
0
0.62
5.74
0.95
0.15
0
0.3
0
0
0.09
0.02
0.16
0
0
0.19
0.23
1.11
0
0
6.42
0.07
0.63
3
1.96
0.59
0
0
0
0
0
1.46
4.08
5.27
6.32
2.38
9.25
1.39
1.6
0.18
0.08
0
0
0
0
0
0
0
0
0
0
0
0
0
0
0
0
0
0
0
0
0
0.01
0
0
0
0
0.01
0
0
0
0
0
0.05
0.07
0.16
0.37
0.13
0.36
0.32
2.91
5.59
4.87
1.52
1.45
4.37
10.63
10.71
3.57
1.56
0.13
0.67
0
1.04
0.05
0.48
0
0
0
0.07
3.52
6.55
6.53
1.23
0
0
0
0
0
0
0
0
0
0
0
0
0.01
0
0
8.04
4.47
0.02
0.28
0
2.97
0.62
0.44
0.8
0.17
0.56
0
0
0.2
0.14
1.2
0.09
0.09
0
0
0
0
0
0
0
0
0
10.13
22.48
10.34
2.45
0
0
0.5
0
0.01
0.7
0
0.76
0.95
0
6.47
7.55
1.79
1.11
0.53
4.92
0.08
0.89
0
2.14
1.27
1.05
0.36
0.02
0
0
0
0.68
0
0
0
1.41
8.25
8.32
2.51
0.03
0.08
1.57
0.2
0.01
0.05
0
0.09
0
0.01
0
0.96
0.49
1.49
0.02
6.63
7.72
5.94
1.62
0
0
0
0.39
0
0
0.45
0.02
2.06
0.38
0.01
0.95
0
1.7
0.98
0
0.72
7.06
0.74
1.36
4.98
8.33
0.5
1.2
0.8
2.14
6.48
0.97
0.35
7.25
0.79
0.69
0.54
14.94
4.27
0.45
0
0
0.52
0
10.7
1.86
1.06
0
0.88
1.53
2.66
1.3
0.05
0
3.08
3.26
1.51
0
0.86
1.15
0.13
0.02
0.57
0.04
0
1.48
0
0.04
0
0
0
0
0.01
0
0
0
0
0.02
10
4.02
0.98
0
0
0.55
0
0.65
3.82
0.53
4.02
3.07
0.48
2.46
15.05
15.72
2.84
0
0
0
0
0.03
0.41
0.03
0
0.39
0
0.5
0
1.43
7.84
1.92
0
0.69
0.02
0.01
0
0
0
0.03
0.08
0
1.23
2.67
9.3
14.34
0.74
0.2
4.73
0.29
0.11
2.61
1.29
0
0.39
0
0.01
0.77
8.87
17.39
13.65
2.54
4.37
0.32
0.03
0
0.36
0.8
1.14
0
0.38
2.15
9.66
2.51
1.02
5.54
2.18
0.4
0.39
0
2.9
1.32
0.19
1.38
0.14
3.61
2.53
11.29
16.4
9.92
5.56
1.5
0.01
0
0.01
0
0.2
0.24
0.6
0
0
0
0.01
0.01
0
0.23
0
0.01
0
0.23
0.37
0
1.37
0.61
5.19
8.65
3.43
0.81
0.04
0.36
0
0.01
0.81
0.46
0
0
4.8
8.34
21.51
4.64
0
0
0.24
5.8
2.97
0.51
0
0.54
3.63
19.9
25.38
13.84
12.21
0.88
0
0.31
2.2
1.66
0.44
0.05
1.76
4.52
1.13
12.75
12.02
3.08
0.13
0.32
1.18
0.11
18.48
5.79
7.69
5.03
1.76
4.09
2.68
9
5.64
2.85
3.95
1.63
0.8
3.67
5.6
3.98
0.13
0.11
0.31
0.13
1.72
4.92
7.84
3.05
4.78
1.05
0.28
0
0.34
6.8
9.17
12.64
5.9
1.54
8.9
5.52
1.65
0.17
1.81
1.02
0
0
0
0.2
0
0.53
0
0.32
0
1.4
9.41
6.23
0
0.34
0
0
0
0
3.95
0.77
0.14
17.38
5.2
3.84
0.02
0.38
0.05
0.74
0.04
0.44
0.02
0
0.32
4.25
0
0.5
0
1.73
0.02
0.33
0
0.03
0
0
0
3.39
2.45
0.36
0.61
0.01
0
0
0
0.14
0
0
0.12
0.04
0.48
0.17
1.33
1.46
0.2
0.06
5.62
0.91
0.26
0
0.1
0.6
0
0.03
6.44
0.64
0
0.34
2.73
0
2.2
0.29
0.36
1.4
7.64
1.62
0.85
2.66
0.63
0.32
0.51
2.12
12.16
3.74
12.04
0.65
1.77
0.25
0.38
0.85
0.2
0
5.5
0.44
0.37
20.75
3.88
0.05
0
0
1.09
0.09
2.5
3.98
0.55
10.05
2.09
0
0.01
0
0.16
1.21
0.14
0.06
0
0
0
0
0
0.44
1.33
0
6.78
0.42
0
0.25
0.46
5.94
4.42
1.38
0
0
0
0
0
0.21
9.85
3.2
0.22
0.1
0.86
3.76
1.11
0.04
0
0
1.01
3.23
0.67
0
0
0
0
0
0
0
0.27
0
0
0
0.02
0.38
0.13
3.48
0
0.35
0
0
0
0
0
0.29
0.26
0.3
0
0
0
0
0
0
0
0
0
0
0.24
0
0
0
0
0
0
0.5
0
16.05
0.74
0
2.57
0.99
0.34
0.42
2.66
0.24
0
0
0
0
0
0
0
0
5.08
20.8
7.74
13.13
5.69
0.56
0.02
0.01
0
0.02
0.48
0
4.15
14.44
4.03
5.52
1.57
9.94
0.75
0
0.4
0.23
0
0.19
0
0
0
0
0.01
0.41
0.01
0.2
0.02
0
0.41
0.01
0
0.02
0.45
0
0.01
0
0.01
0
2.14
2.41
7.98
2.11
0
0.02
0
0.41
0
1.68
1.9
5.56
16.14
1.77
1.07
1.52
6.5
5.16
3.42
29.05
4.79
0.84
2
0.89
0.84
0
0
0
4.2
0.09
0.02
0.97
4.45
6.2
0.73
0.75
0
0
0
0.16
9.26
0.73
0.32
0
0.09
0
0
0.39
0.27
0
0
0.48
0.02
0
2.39
4.07
2.67
5.36
2.34
1.97
1.18
0.64
6.27
1.82
5.69
0.13
0.07
2.22
3.44
0.77
2.48
14.14
3.51
0.17
0
0
0.38
0.03
0.25
0.01
0.55
0.1
1.45
5.42
5.69
2.21
0.31
0.16
1.11
6.4
6.03
2.98
2.98
8.15
2.27
0.19
0.1
6.02
9.74
14.36
8.82
10.98
6.36
5.89
12.95
9.77
1.48
0.36
0
0.01
0.01
0.42
0.01
0.61
9.25
1.16
0
0
2.19
1.89
0.16
0.82
0.36
0.57
0.02
0.55
0.32
0.01
0.62
0.38
0
2.06
0.21
0.43
2.72
1.34
0.39
7.19
3.04
0.82
0
0
0.64
1.71
1.82
0.82
0.64
0
0
0.46
0.54
0.73
0.15
0
0
0.39
3.55
1.54
10.05
7.18
4.03
7.02
8.43
3.2
0.33
0.77
6.39
8.89
3.38
1.12
0.01
0.54
0.89
0.02
0.01
0
0
0.47
0
0.04
0.8
0
0
4.43
9.94
8.57
16.17
6
0.41
0.33
0
2.04
1.34
1.95
0.36
0
0.02
0.11
0.37
0.97
0.14
0.93
0.54
0.48
2.32
1.39
0
1.85
0.44
0.21
3.99
0.77
5.15
7.83
4.56
2.16
0.02
0.27
0
0.2
0
0
0
0
0.48
0
0
0
0.01
0.01
0.37
0
0.16
0
0
0.27
0
0
0
0.16
0
0
0
0
0.01
0.01
0
0.02
0
0
0
0
0
0.01
0
0.01
0
0
0
0
0
0
0
0
0
0
0
0
0
0.05
0
0
0
0
0
0.03
0
0
0
0.33
0
0
0.01
0.01
0
0.1
0
0.2
1.19
5.3
5.46
0.81
0.23
0
0
0
0
0
0
0
0
0
0
0
0
0
0
0
0
0
0
0
0
0
0
0
0
1.02
0.24
0
0
0
0
0
0
0
0
0.01
0.06
3.83
0.41
0
0.07
0.09
0.11
0
0
0
0
0
0
0
0.39
0.24
0
0
0
0
0
0.01
0.24
0
0
0
0.69
1.82
0.91
0.51
0.21
0
0.56
0
0
0.41
0
0
0
0.66
0
0
0
0.42
0
0
1.66
0.11
0.66
0
0.83
7.3
14.85
2.41
0.96
1.97
9.39
13.53
3.31
1.59
6.01
8.98
12.16
2.48
4.63
1.66
1.21
0.34
1.3
2.15
1.02
1.41
6.43
7.89
5.87
7.09
6.34
3.99
0.75
12.45
2.4
1.13
0.94
13.17
3.24
0
0.97
5.91
1.45
1.28
0
0
0.97
0.02
0
0.78
0.69
1.31
15.11
14.95
2.59
10.3
2.24
0
0.48
0.53
14.16
25.47
13.21
1.93
0.35
0.14
3.41
6.98
2.29
6.98
4.88
3.99
7.41
2.68
7.49
16.73
12.16
8.47
6.53
6.69
2.17
0.55
0
0.32
0
0
0
0.31
0
0
0.47
0.35
0.27
1.61
0.3
0.38
0
0.2
0
1.79
5.13
7.07
0.65
0
0.04
0
0.19
4.09
0.83
6.59
6.41
9.64
5.59
6.29
2.51
1.49
2.95
4.08
7.51
6.53
2.8
1.72
0.69
0.02
0
0
0
3.24
6.99
2.65
0.34
0
3.92
10.86
4.26
2.43
0.46
15.57
10.76
0.59
0
0
0
0
0
0
0
0
0.05
0.39
0
0
0
0
0.01
0
0
0.02
0.16
3.26
2.37
7.4
3.82
0.67
0
0.45
0
0
0.01
0
0
0.34
0.08
0.01
0
0
0.09
0
0.28
0
0.04
1.45
0.84
3.26
18.88
11.38
4.11
2.27
3.02
0.75
0.89
0.05
0
2.19
3.4
0.65
0.47
0
0
0.07
0
0
0
0
0
0.36
0
0
0
0
0
0
0.56
11.81
2.39
0
8.46
2.76
2.53
2.65
0.48
0.75
0
0
2.07
4.9
9.5
0.75
0
0
0
0.07
0
0
4.03
0.64
0
2.67
0
0
0
0.03
0
0.38
0
0
0
0
0
0.01
1.88
0
0.9
0
0
0
0
0
0
0
0
0
0.42
0
0.01
0
0
0
0
0
0
0
0.01
0.05
10.74
0
2.89
6.72
1.39
0.12
0
0
1.18
7.87
1.09
0.14
1.95
0.84
0.08
2.38
3.6
3.68
2.33
0.12
4.15
2.36
1.78
2.77
0.11
0.09
0.15
0
0
0.48
0
0
0
0
0
0
1.32
0.16
0.61
10.27
2.25
0.54
15.63
3.63
0.6
13.3
10.02
7.7
14.61
3.4
0.35
0
0.85
1.14
2.55
4.29
4.34
3.38
9.48
7.25
3.84
2.21
0.27
0.47
0
0
0.01
0.24
0
0
0
0
0.47
1.33
0.08
0
4.03
8.21
11.42
1.13
0
0.59
0
0.18
0
0
0.25
0.49
0.09
0.26
0.01
0
0.36
0.26
0
0
0
0.24
0
0.34
0
0
1.07
0.16
1.55
0.01
0.3
1.6
0.32
0
0
0
0.36
0.22
0.02
0
1.91
3.3
11.86
3.6
0.13
0.56
0.07
0.13
0.18
0.38
0.04
0
0
0.27
0
0
0.39
2.14
2.95
0.83
0.41
0.36
0.62
0
0
0.73
0.04
0.4
1.54
0.75
0.27
0.07
0.38
0.48
0.13
0.09
0.45
0
0
2.6
3.75
0.21
0
0
0
0.26
0
0.06
0.17
5.24
0.38
0.1
0.01
0
0.02
2.39
0.04
0
0.06
1.09
4.72
3.83
5.78
1.91
0
4.4
7.66
1.59
0.07
0.27
0.18
0
4.03
2.64
0.44
0.1
0.2
0.08
0
0
0.19
0
1.31
0.46
0.26
0
0.04
7.64
9.44
3.7
14.36
5.04
0.44
0
0
0
0.06
1.62
0.96
0.51
0
0.04
0
0.01
0.52
0.01
0.14
0.62
0.2
1
0.09
0.02
0.53
0.84
9.91
2.88
0
1.21
3.96
0
0
0.01
0.01
0
0
0.04
0.06
2.03
9.31
3.93
2.58
0.84
4.26
11.6
3.31
11.84
2.55
0.87
0
0
0.95
0
18.93
0.8
0.66
0.07
0
0
0.5
0
0
0
0
0
0.6
4.64
2.41
4.11
2.03
0.02
0
0.02
0
0
0
0
0.23
0
0.98
1.67
6.34
0.98
15.5
9.77
8.7
1.86
0
0
0
0.59
0
0.55
0.52
0.43
0
0
0
0
0.02
0
0
6.79
0.17
0
0.01
0
1.21
0.01
0
0.89
1.88
0.06
0
0
0
0.62
0.48
0.09
0.03
0.64
0.42
0
0.02
0.48
0
0
0
0
0
0.01
0
0
0
0
0
0
0
0
0
0
0
0
0
0
0
0
2.09
0
0.02
0.27
13.93
0
0.31
0
2.98
0.48
1.52
0
1.39
0
0.09
0
0
0
0.73
0
0
0.49
0
0
0.34
6.89
0
0
0.34
0
0
0
0
0.69
0.61
0.11
2.54
3.68
0.11
0
0
0
0
0.14
1.85
2.91
0
0.91
0.25
0
0.44
0.8
0.88
0.01
1.36
1.55
0.37
0
0.28
0.47
0
0
15.54
13.92
0
0
0
1.88
0.63
0.54
1.32
9.95
1.55
0
0.02
0.02
0
0
0
0.46
4.57
0.96
1.56
0.68
2.32
5.53
31
0.82
3.8
3.94
1.46
0.09
0.1
0
0.19
0.02
0.03
0
0
0
0
0
0
0.36
1.34
0
0.17
0.25
2.02
0.02
0
0
0.17
0
0
0
0
0
0
0
0
0
0
1.78
0.06
0.02
0
1.19
0.55
0
0
0
0
0
0
0
0
0
0
0
0
0
0.41
0
0
0
0
0
0.58
0.71
0.35
1.18
0.95
0.34
0
0.29
0
0
0
0
0.52
0
0
0.64
0
0
0
0.52
0
0
0
0
0.53
0
0
0.11
0
0.35
0
2.2
9.84
0.86
1.29
0.84
0
0.45
0
0
0.06
0.62
0.53
0
0
0
0.02
0
2.2
4.02
2.03
0
0.12
0
0.42
0.19
0
0
0.4
0
0.01
0.5
1.08
0
0
0
0.28
0
0.01
0.34
0.02
1.93
1.3
0.27
0
0
0.22
7.04
10.08
5.19
0.72
0.34
0.34
6.34
0.2
0
0.55
0.55
0
1.25
2.77
12.75
3.77
17.19
6.25
1.89
1.26
0.58
0.45
0.34
0.22
0.88
0
5.48
0
0.06
1.68
0
8.91
0.45
0.44
0
0
0.7
0
0.2
0
0.72
6
16.37
9.94
6.15
5.9
0
0.03
0.79
0
0
0
0
0
0.57
0
0
0
1.77
15.04
0
0
0
1.13
5.14
1.81
0.08
0.64
0.68
0.36
0.01
0.56
0
0
0.74
0.58
0
0.7
0
0.84
0
0
0
0
0
0.58
0
0
0.45
0.08
0.26
3.37
7.5
0.46
0.21
0.39
0.11
2.72
0
0.84
0
0
0.61
0
1.28
0.59
0
0
0
0
0
0
0.08
0
0.02
0
0
0.02
0
0
0
0
0
0.62
0
0.55
0
0
3.25
1.3
0.16
0
0.25
0.53
1.18
0.09
0
0.54
0.02
0
0
0
0.86
0
0
0
0
0
0.01
0
0
0
0
0
0
0.92
3.9
0
0
0
0.23
0
0
0
0
0
6.34
0.57
0.57
0
0
0
0.8
0
1.6
0.26
0.02
0.07
1.37
2.28
1.57
0
9.02
11.06
1.79
0
0
0
1.77
0.05
0.8
0.07
0.17
0
0.77
0.05
0
0.41
0
0.29
0
0.18
0
0
0
0.11
0
1.23
0.92
0.49
0
0
0.07
0.27
0
0
0
0
0
0
0
0.4
0
0
0
0.52
0
0
0
0
0
0
0
0
0
0.75
0
0
0.17
0.02
0
0
0.26
0
0.01
0
0
0
0
0
0
0
0.47
0
0
0
0.34
0.36
0.64
0.97
0.52
0.84
0
0.41
1.43
15.19
0.78
0
5.63
9.41
4.17
5.13
0.08
0
10.13
17.77
23.89
14.41
15.74
9.09
0.96
0
0
0.49
0
0.17
0
0.01
0
0.95
4.8
1.21
0.16
0
2.05
6.62
0.16
0.87
0.16
0
0.49
0
0.08
0.75
0.18
0
0.02
0
0.28
0.01
0
0
0.01
0
0
0
0
0
0
0
0
0
0
5.16
2.95
14.38
2.41
0.14
4.37
2.19
0.03
5.7
0.46
0.7
3.7
0.32
0.55
1.11
0
0
0
0
0.44
0
0
0.14
0.01
0.35
0
0
0
0.65
0
0
0
0.39
0
0
0
0
0
0
0
0
0
0
0.6
2.3
1.23
10.57
3.31
0
0.55
4.46
1.1
0.77
0
0
0.55
0
0.22
0.53
2.02
0.16
0
9.98
7.36
10.52
1.18
0
0
0
0.49
0
0.01
0.01
0.44
0
0.56
0
0
0
0.62
0.09
0.01
0
0.63
0
0
0.85
0
0
0.01
0.41
29.31
2.43
0
0.4
0.1
0
0.2
0.49
0
0.95
4.86
4.65
7.96
10.72
6.1
4.52
3.05
0
20.25
9.87
0.32
0
0.41
0.74
4.3
6.01
1.9
0
0
0
0
0
0.73
0
0
0.21
0.5
0
0
0.39
0.3
0.66
0
0
0
0
0
1.7
1.25
22
0.89
0.13
0
0.51
0
0
0
0.19
0.04
0
0
0
0.41
0
0
0.63
0
0
0
0
0
0
0
0
0
7.64
20.82
0.09
0
0
0
0
0
0
0
0
0
0
0.5
0.01
0
0.8
0.66
0
0
0
0
0.02
0
1.19
6.32
0
0
0.41
6.63
0
0
0
0
0
0
0
0
0
0
0
0
0.01
3.23
0.86
0.06
0.01
0.65
0.57
0.04
1.67
1.51
4.98
0.08
0.86
0
0.01
0.74
20.5
0
0.01
0.18
5.52
0.72
0
0
0
0
0
0.68
0
0.49
0.32
0.41
0
1.11
6
1.05
0.63
0
1.48
9.33
0.48
0.33
0
5.84
0
1.01
0.01
0.01
0.32
0
0
0.68
0
0
0.02
0.01
0
1.05
34.99
26.05
12.75
1.49
0.04
0
0.75
5.2
0.12
0.2
0.01
0.37
0.42
0.02
0
0
0
0
0
4.88
5.85
1.11
0.09
0.21
0
0
0
0
0
0
0
0.76
2.09
1.31
2.41
1.09
6.19
1.68
0
0.26
0.02
1.64
0.3
1.1
3.09
0.06
0
0.2
0
0
0.09
0.12
0
0
0
0
0
0
0
0
0
0
0
0
0
0
0
0
0
0
0
0
0
0
0
0
0
0
0
0
0
0
0
0
0
0
0
0.01
0
0
0
0
0
0.53
0.71
0.12
0.14
0
0.02
0
0
0
0
0
0
0
0.03
0
2.25
0.38
0.31
7.84
0
0.28
0
0
0
0
0
0
0
0
0
0
0
0
0
0.01
0.21
0.21
0
0
0
0
0
0
0.03
0.17
0
0
0.13
2.52
0.11
0
0
1.03
0.41
0.1
0
0
0
0
0
0
0
0.01
0
0
0
0
0
1.16
13.55
3.03
2.44
15.28
0.04
11.7
4.39
17.02
0
1.33
0.06
0.12
1.79
8.4
0.36
0
0
0
0
0
0.18
0.1
0
0.06
1.46
4.59
4.04
3.05
0.7
11.02
1.42
0.05
0.77
0.3
0.81
0
0
0
0
0
0
0
0
0
0.04
0
0
0
0
0
0
0.01
0.03
0.09
0
0.42
0
0
0
0
0.02
0
0
0
0.04
1.48
3.32
4.68
10.76
0.34
1.44
0.82
0.04
0
0.17
0.46
8.5
1.48
0.48
1.38
0.06
0
0
0.44
0
0
0
0
0
0
0
0
0
0
0
0
0.02
0.03
0
0
0.2
0.01
0
0
0
0
0
0
0.68
8.54
2.28
0.05
0
2.99
1.15
0
0
0.04
0
0
0
3.43
0
0
0
0
0.2
8.67
2.13
0
0.01
0
2.59
5.48
0.74
0
21.7
7.02
0.01
0.24
0
0
0
0
0
0
0
0
0
0
0
0
0
0
0
0
0
0
0
0
0
0
0
0
0
2.76
0.6
0
0
0
0
0.02
0
0
0.01
0
0
0
0.8
2.38
0.13
0
0.81
0
0
0
0
0
0
0
0.01
0
0.24
0.58
1.75
7.03
0.05
0.02
0
0.3
0.03
0.72
4.33
3.71
0.41
0.67
8.45
0.88
0
0
0.2
7.27
4.34
3.99
2.59
0.58
2.11
13.79
3.3
0.68
0.11
0.23
0.09
0
0.11
0
0.23
0
0.01
0.01
0
0
0.01
0.02
0
0.01
0.22
0
0
0.92
0.62
4.65
7.68
3.3
9.8
17.47
3.6
13.47
2.56
0.99
1.23
0
0.01
0.01
0.01
0
0.22
0.53
0.01
0
0.01
0.73
0.22
0.02
0.61
3.3
3.48
0.06
0.31
0
0
0
0.02
0.39
0.31
0.53
1.77
1.18
9.63
5.88
0.31
2.1
0.93
0.5
2.83
0.22
0
0.84
2.03
0.36
1.3
0.51
0
0
0
0
0
0.01
0
0
0
0
0
0
0.02
0.01
0
0
0
0.2
0.17
2.06
1.21
0.02
0
0
18.38
14.64
0.48
0.26
0
0
0
0
0.21
0.22
0
0
0
0.34
0
3.53
2.93
6.94
3.9
1.95
1.48
6.31
13.72
3.18
0
1.6
6.07
5.66
0.02
0.62
12.05
1.44
2.31
10.94
0.94
2.48
2.88
0
0
0
0.03
0
0
0
0.5
1.01
0.95
11.7
2.57
0.29
0
0.01
0.63
0.71
0.52
0
0.05
1.17
1.81
0
0.42
0
0.74
3.19
7.98
5.91
1.07
0.26
7.86
4.86
2.46
2.86
0.45
0.05
0
0.21
28.53
12.73
1.57
4.7
16.7
1.21
0.75
11.24
8.67
5.2
2.51
4.45
0.63
6.77
0
2.02
0.64
0.33
0
0.21
2.05
22.09
12.97
1.01
0.25
0.07
0
0
0
0
0
0
0
0
0
7.61
4.43
0
1.81
0.89
0
0
0
0
0.72
0
0.05
0
0
0
0
0
0
0.12
0
0
0
0
0
0
0
0
0.5
0
0
0.55
0.48
0
0
0
0
0.01
0
0
0
0
0
0
0.01
0
0
0
0
0.01
0.16
0
0
0
0
0
0
0.11
0.41
0.01
0
0
0
0
0
0
2.67
7.28
0
0.23
0
0
0
0
0
0
0
0
0
0
0
0
0.01
0.28
0.1
0
0.26
0
0
0
0.03
0
0
0
0
0
0
0
0
0
0
0
0
0.05
8.31
0.28
0.05
1.59
5.49
4.21
4.71
0.16
0
0.01
0
0
0
0
0
0.01
0.01
0
0
0
0.31
5.68
0.31
0
0
0
0
0.39
6.57
0.2
0
0
0
0
3.72
3.24
0.13
13.06
1.72
8.28
23.12
28.79
0.19
5.77
1.39
7.64
28.96
3.35
16.16
0.55
2.35
10.43
0.55
0.33
0.24
0.83
0.01
0.02
0.09
0.01
0.01
0.02
1.34
23.8
1.97
0.17
1.24
0.13
0.06
0.05
0
0
0.02
0
0.23
3.09
0.51
0
3.35
0.02
0.28
0.78
0
0.94
0.25
0
0
0
0.11
0
0.73
0
0.01
0
0
0
0.05
0
3.37
2.76
0.2
0
0.14
0
0.07
0
0
0
0.17
1.87
3.33
6.57
0.91
1.79
11.38
15.98
13.47
8.23
1.48
13.52
0.88
0
0
0.23
0
0
0
0
0
0.01
0.02
0
2.46
8.36
7.29
11.95
4.85
0.34
1.94
1.1
1.38
5.75
5.31
3.11
0.09
0
0.83
0.18
0
0.05
1
0
0
1.73
5.34
0.34
0
0
0.29
0
0.01
0
0.02
0
0.01
0.35
0.02
0
0
0
0.08
2.16
8.35
1.14
3.05
3.18
0
0.02
0.29
0
0.53
0
0
0
0
0
0.31
0.12
6.29
5.45
3.58
5.61
8.02
1.13
0.08
0.3
0.15
0
0.14
0
0.14
0
0
0.01
1.77
15.01
7.02
2.01
3.96
0.27
0.13
0.82
0
0
0
0.22
0.63
0.28
0.8
4.69
0.41
0
0.03
0
2.08
3.27
3.27
6.63
2.97
11.08
5.38
0.19
0.01
1.63
4
0.35
0.19
6.87
0
0.07
0.66
1.61
0.11
0.75
0
0.9
21.41
1.25
1.59
0.38
0.11
0.11
0.43
0.13
0
0
0
0
0
0.01
0
1.21
0
2.72
2.23
0.11
0.01
0
0
0
1.02
0.29
0
6.55
0.16
0.41
0.23
5.48
2.45
0.2
0.13
0
0
0
0
0.11
0
0
0.01
0
0.11
0.03
0.04
0
0
0
0.01
0.03
0
0.45
0.02
0
0
0.02
0
0.78
0.05
1.09
0.15
0
0
0
0
0
0
0
0
0
0.11
0
0
0
0
0
0
0
0
0
0
0
0
0
0
0
0
0
0
0
0
0
0
0
0
0
0
0.02
0
0
0
0
0
0
0
0
0
0
0
0
0
0
0
4.19
0.09
0
0
0.38
0
0
0
0.01
0.03
0
0.02
0
0
0
0
0
0
0
0
0
0
0
0.01
0
0
0
0
0
0.01
0
0.15
0.11
0
0.02
0
0
0.11
0.48
5.09
6.12
6.15
3.17
0.64
0
0
0
1
5.71
3.09
0.5
0
0
0
0
0
0.02
0.24
0.14
0.42
0.11
0.34
8.72
7.55
0
0.29
0
0
0.23
0.24
0.41
1.37
9.97
0.2
2.49
3.85
0
0.71
0.07
0.22
0.4
0.31
0
0
0
0
0.02
0.22
0.17
10.13
6.82
6.94
3.44
0.27
14.3
9.96
3.82
2.05
2.67
3.69
2.83
1.86
0
0.91
0.09
4.76
0
0
0.53
0.22
0
0
0
0
0
0
0
0
0
0.03
0
0
0
0
0
0.02
4.82
7.98
0.37
0.12
0
1.79
1.7
4.81
0
0.75
3.64
0.98
0.42
0.16
0
2.86
23.8
7.43
5.65
6.94
7.86
4.37
1.77
11.09
1.43
0.3
3.7
4.74
0.51
0.05
0.01
4.03
5.75
0.8
0.46
0.27
0.14
0.11
3.86
1.06
0
0.39
0.13
5.86
6.27
0.38
0.21
0.05
0
1.37
0
0.04
0
0.05
0
0
0.37
0
0
0
0.01
0
0.01
0.3
11.98
0.6
0.25
6.13
7.03
4.5
3.73
0.32
2.23
8.48
1.1
0
0.84
1.62
2.47
0.39
0.93
0
0
13.02
2.62
5.73
11
5.36
5.07
2.29
0.56
0.01
0
0.15
0.27
0.28
0.97
4.5
3.33
0
0
0
0
0.51
1.23
1.9
0
0
0
0
0.15
0
0
0.49
3
0
0
7.7
0
0
0.54
0
0
0
0
0
0.11
0
0
0
0
0
0.62
0
0
0
0.11
0
1.29
0.86
0
0.3
4.02
1.66
0.61
0.16
0.65
0
1.64
0.38
0
0
0.24
0.02
0.2
4.13
0
0
0
0
0
0
0.11
0
0
0.39
0.01
0
0
0
0
0
0
0
0
0
0.01
0
6.27
0.95
0
0
0
0
0
0
0
0
0
0
0
0
0
0
0
0
0
0
0.05
0
0
0
1.5
0
0
0.02
0
0
0
0
0.05
0
0
0
3.7
7.39
0
0
0.07
0
0
1.66
0.56
0
0
0
28.85
0.25
0
0
0.13
0.27
6.79
3.54
1.84
8.84
0
4.45
19.3
1.97
0
1.53
0
0
0
0
0.06
0
0.02
1.84
1.12
4.45
0
0
0.02
0.05
4.48
4.99
1.55
5.47
10.33
4.32
2.23
0.53
0
0
0.24
0.67
5.35
10.85
0.3
0
0
0
0
0
0
0
0
0
0
0
0
0
0
0
0
0
1.68
11.75
14.76
2.73
0.82
1.48
1.47
0
0.01
0.69
0.85
0
0
0
0
0
0
0
0
0.01
0.01
0
0
0.07
0.58
0.39
7.07
1.32
0
0
0.88
11.54
2.83
0.19
0.11
0
0
0
0.07
2.13
0.3
1.46
0.46
0.06
0.19
0.19
0.1
0
0.02
0.02
0.02
0
0
0
0
0
0
0.42
17.52
11.02
0.98
7.41
11.95
0.91
0.42
0
0
0
0
0
0
0.76
0.88
0.42
4.25
7.32
11.34
10.27
8.97
5.1
1.27
0.41
15.48
1.21
0.04
0
0
0
0
0
5.42
10.28
0.92
0.18
0.08
0.28
12.1
8.34
3.11
0.06
0
0
0.16
0.09
7.89
5.07
1.58
1.57
0
0
0
0
0
0
0.01
0
1.57
1.14
0
0
0.02
0
0
0
0
0
0
0
0.34
0.36
0.02
0
1.33
2.39
0.2
0.01
0.09
0.08
0
0
0
14.86
7.89
12.77
4.27
2.3
14.11
13.77
0.53
0.68
0.1
0
0.01
0
0.67
0
0
0
0
0
0
0
1.4
8.34
1.2
0.01
0
0.05
0.25
0
0
0
0.01
0
0
0
0
0
0
0
0.94
0
0
0
0.34
14.61
0.34
0.28
0
0
1.31
4.63
10.11
0.43
0.06
0
0
0
0
0
0
0
0
0
0
0
0
0.25
0.51
0
0
0
0.02
0.52
2.48
0.14
0.69
0.32
0
0
0
0
0
0
0.05
0.19
0
0.38
0.3
2.41
0.71
0
0
0.78
0.41
0.95
15.52
4.83
0.85
0.33
1.73
3.11
21.07
14.96
5.04
0
0
0
0
1.01
0
0
0.02
0.01
2.47
33.07
0.42
0
0.06
0
0
0.09
0
0
0
0
0
0
0
0
0
0.59
0
0
0
0
0.01
0
0
0
0
0
0.02
0.02
0
0
0.23
0
0
1.03
1.98
0.13
0
0
3.82
0.79
0
0
0.01
0
0
0
0
0
0
0.16
0
0
0
0
0.09
0
3
2.11
0
1.27
3.82
6.38
0.85
0
0
1.79
1.32
9.02
3.98
2.25
3.29
8.04
0.8
0.34
0.47
17.02
16.88
5.92
0.4
0
0.98
2
1.59
0.25
0.02
2.26
5.3
1.69
18.67
4.89
4.64
0
0.02
9.89
1.08
0.52
0.15
0.54
0.13
0.27
1.4
0.45
0.52
4.94
16.89
1.66
0.11
0.24
0.25
0.23
0.93
0.04
0.01
0
0
0
0
0
0.02
1.26
0.76
0.63
0.06
0
0.05
0.01
0
0
0.3
6
17.33
9.26
4.38
1.06
0.06
0.46
1.53
6.95
22.38
3.94
9.19
2.42
1.66
1.52
2.57
0.16
0
0
0.11
0.76
0.03
0.38
0.02
0.12
0.3
0.07
0.14
0.22
6.36
0.9
0.53
0.04
0
4.28
0.96
0
0.01
0
0
6.46
4.46
7.66
7.13
13.96
5.11
7.27
0.58
0
0
0
0.56
0
1.42
4.39
4.09
8.36
1.25
5.73
1.62
0.46
2.25
0.15
0.77
1.21
1.47
8.2
0.41
0
0.23
0.04
0.44
0
0.41
0
0.24
1.71
1.98
0
0
0
0
0
0.56
0.43
0
0.09
0.48
0
0.02
0
0
0.13
0.81
0.46
0
0
0
0
0
0.01
0
0
0.01
0
0
0
0
0
0.02
1.52
0
0
0
0.09
0.23
0.09
0
0.2
0.64
0
1.24
5.71
5.66
14.66
5.23
5.02
0
0.84
0.64
11.16
14.53
3.82
1.66
2.84
12.66
0.58
1.41
7.27
7.66
0.76
0
3.18
1.16
1.78
24.57
8.44
0.01
0.53
0.59
0
4.7
4.27
3.26
11.96
1.96
2.66
0.5
3.66
11.04
1.46
1.43
6.18
9.6
2.09
2.46
7.41
1.85
1.04
1.41
0.38
0.12
0.04
0.93
13.05
2.36
3.85
0.22
0
0
0.2
0
0
0.01
1.2
1.36
0.61
0.25
3.71
38.07
28.79
3.51
2.2
2.41
5.75
2.53
6.21
6.83
10.36
1
0
1.11
6.11
3.22
7.52
4.39
0.93
23.46
11.68
2.3
8.41
12.25
2.01
0
0.62
2.51
1.37
0
0.14
0
0.15
0.16
0
0.05
0
0
0
0.15
0.05
0.04
0.23
0.01
0
0.01
1.14
0.01
0
0
0
0
0
0
0
0
0
0
0
0
0.02
0
0
0
0
0
0
0
0.3
0
0
0
0
0
0
0
0
0
0
0
0
0
0
0
0.23
0
0.34
0
0
0
0
0
0
0
0.13
0
0.03
0
0.01
0.75
0
0
0.39
0.17
0
0
0
0
0
0
0
0
0
0
0.01
0.15
0.09
0.27
0.01
0.22
0.05
0.01
0.13
0
0.44
0.59
1.12
0
0.4
11.09
10.27
20.36
9.43
6.73
2
1.08
0
0
0
0.02
0
0
0.01
0
0
0.52
0
0.17
0.48
0.37
0.3
0
0.15
2.05
1.3
0.07
0.47
3.53
4.84
1.11
0.15
0
0
0.01
0
0
0
0
0
0.01
0
0
0
0
0.25
0.04
9.54
4.51
0.36
0
0
0
0.05
0
0
0
0
0
0
0
0
0
0
0
0
0
0
0
0
0
0
0
0
0
0
0
0
0
0
0
0
0
0.15
4.49
0.65
0.13
0.14
0.42
0
0
0
0
0
0
0
0
0.93
2.46
0.04
0
0
0.09
0
0
0
0
0
0
0.01
0
0.01
0.27
0.09
0
0.47
2.26
2.55
2.85
1.6
0
0
0
0.07
0.03
0.39
0
0
0
0.02
0.06
1.86
12.27
15.43
8.56
2.47
6.12
2.07
0
0.07
0
1.3
0
0.02
4.21
0.98
0.21
0
0
0.01
0.31
0
0.01
1.55
4.71
0.18
0
0
0.17
0
0
0
0
0
0
0.63
0
5.72
2.56
0.45
4.45
4.16
7.41
3.19
3
5.9
3.04
1.32
0.87
1.57
4.66
6.96
2.07
0.59
0.47
0.03
0.47
3.63
0.66
1.65
6.03
6.38
19.78
14.11
1.26
2.65
0.49
0.1
0
0
0
0
0
0
0.01
0
3.48
0.12
0.02
0
1.03
2.89
2.38
0
0
0
4.52
0.21
0.04
3.84
9.57
11.73
21.03
2.81
5.5
6.41
16.45
13.83
11.07
8.82
4.62
5.22
0.34
0.22
0.01
0.32
0.17
0.73
0
0
0
0.02
0.82
5.18
3.11
1.18
3.52
6.86
0.61
0.01
0
0
0
0
0
0
0.01
0
0
0
0
0
0.66
0
0.93
0.01
0
0.01
1.65
0.38
0
0
0
0
0.28
0
0
0.01
0
0.59
1.14
1.28
0.5
0
0
0
0
0.02
9.05
3.84
1.26
0.2
0.27
0
0.06
0
0
0
0
1.09
0.74
0
0
0
0
0
0
0
0
0
0.12
0.02
0
0
0.03
0
0
0
0
0
2.39
0.22
0.25
0
1.09
0
0
1.19
5.28
2.46
4.25
0
0
0.16
0
0
0
0.09
0.18
0.05
0
0.28
0.04
2.07
0
0
0
0
0.02
0
0
0
0
0
0
0.08
0.05
0
0.08
0.02
0
0
0
0
0
0.01
0.56
0.2
12.76
0.66
0.11
0
1.51
0.54
0.01
0
0.22
0.19
3.43
0
0.46
0
0
0
1
0.44
0.24
1.92
0
0.09
0.02
0.23
0.02
0.02
0.02
0.35
3.41
1.77
3.95
5.38
3.87
14.38
8
5.32
11.18
5.03
1.18
6.8
8.28
8.41
2.6
3.76
3.48
3.25
0.67
1.77
3.16
3.23
3.2
2.37
3.64
9.52
2.13
1.68
10.63
6.49
2.96
2.76
14.84
9.34
9.02
0.43
1.47
6.6
1.27
0
0.02
7.1
7.6
1.26
0.36
0.63
0.27
0.07
4.11
1.65
7.63
0.48
0
0.24
0
0.45
0.71
0.36
0.74
0
0
0.24
0.37
0.02
0
0
0.14
0
0
0
0.01
1.49
1.19
3.17
9.19
3.66
2.75
1.52
6.7
2.46
0.48
0.15
0.1
0
0.04
0
0
0
0
0
0
0.11
0
0
0
0
0
0.01
0.33
0.38
0
0
0
0
0
0
0
0
0.3
0.32
0
0
0.1
0.12
1.38
0.2
0
1.72
0.28
0.51
0
0
0
0
0
0
0
0
0
10.01
1.34
0
0
0.33
0.16
0
0.29
0.07
4.27
4.66
0.77
9.93
10.88
7.59
2
4.75
1.56
0
0
0
0.2
1.29
0.01
0.17
0.01
0
0
0.19
0.44
1.79
2.03
2.91
3.36
2.01
0.49
0
0.11
0
0.11
0
0
0
0
0.14
0
0
0
0.02
1.81
2.37
0
0
0.01
3.18
0.58
1.02
3.01
6.59
1.26
0.25
1.26
0.19
0.16
0.47
0.38
0.07
0.09
0.11
0
0.15
0.01
0
0
0
0.03
0
0
0
0.23
1.42
0
2.1
7.52
0.43
0.22
0
0.05
0.14
0
0
1.16
0
0
0.38
1.75
0
0.04
0
0
0
0
0
0
0
0.01
0
0
0
0
0
0
0
0
0.23
0
0
0
0
1.38
0.12
0.81
0.92
0.25
0.07
0
1.63
8.55
0
0.07
0
0
9.05
1.54
0.37
0
0
0
0
0
6.77
0.06
0.98
0
1.1
0
0
2.88
0.24
1.68
14
2.11
2.63
0.16
1.94
0.52
1.01
0.64
1
0
0
0.02
0
0.81
0.75
0
0
0.31
3.52
29.12
11.08
0.82
0
3.69
0
0.3
0
7.59
2.71
0
0.63
2.77
0
0
0
0
0.76
0.71
0
0.34
10.57
0.09
0.17
2.2
0
0
0.64
1.1
2.39
0.8
0
0.57
0
0.28
0
1.36
1.6
2.1
1.23
5.62
0.38
0
12.49
23.18
8.34
3.91
0.82
0.61
2.21
4.85
0.97
4.99
5.77
0
1.84
0
0.27
0.82
0.27
13.31
15.37
2.95
0.82
0
0.17
0.34
0.62
0
0
0
1.02
0
1.84
9.77
2.46
5.13
6.75
0.84
0.08
0.31
0.22
0.02
0
0
0
0
0
0
0
0.27
13.74
3.55
2.59
0.3
0
0
0
0.55
0
0.01
1.45
0
0.01
0.05
0
0.01
0
1.48
0.07
0.89
0.42
0.58
0.63
0.2
0.16
0.29
0
0.15
0
0.25
4.64
1.96
1.29
0.85
0.68
1.24
0
0.02
0.05
0.34
1.11
0.09
0
0
0.01
0.04
0.01
0
0
0.1
0.05
0
0.41
0
0.27
2.88
7.03
0.71
0
0.77
2.6
0.96
1.94
4.11
0.54
0
0.4
0.2
0.29
0.43
9.11
3.59
12.59
1.51
0
0.17
0.02
0
0.25
0
0.71
1.52
9.58
2.53
1.74
2.77
0
15
12.53
11.33
3.41
5.52
3.19
1.84
4.38
0.23
0.46
0.36
1.25
2.95
0
0.15
0
0.59
0.4
0.42
0.44
1.64
2.61
0.36
0
0.01
0
0.81
0.26
0.55
1.18
6.79
0.74
0
0
0
0
0
0
5.82
7.01
12.59
24.74
4.23
0.9
0.41
0.27
0.16
0.01
0
0
0.81
2.23
0.77
0.38
0.11
0
0
2.35
0
0
0.49
1.04
0
0
0.18
0.54
0.1
0.01
0
0
0
0
0
0
0
0
0
0
0
0
0
0
0.03
0
0.2
2.51
6.48
11.09
2.12
8.39
1.18
0
0.07
0.27
0
0
0
0
0.58
0.19
0
2.37
6.71
0
0
0
0
0
0.1
0
0
0
0
0
0
0
0
0
12.05
0
21.3
2.12
0
0
0
0.15
0
0
0
0
0
0
0
0
0
0
0.02
4.97
0
0.75
0
0
0
0
0
0
0
0
0
0
0.73
0.17
0.39
0
0
0
0
0
0
0
0
0.09
0
0
0
0.5
0.41
0
0
0
0.56
0
0.05
0
0.09
0.76
0.31
0
0
0
0
0.05
24.13
5.78
17.48
0
0
0.05
0.01
0.93
0.77
0.28
0
0
0
0.48
0.38
0
1.02
6.49
12.41
0
0.68
0.61
10.41
4.72
2.98
14.25
0.73
0.07
0.67
0.18
0
0.54
0
0.41
0
0.08
27.3
22.14
8.16
2.75
3.96
1.18
0.59
0.01
0
0
0.13
0
0
0
0.03
1.71
12.12
4.65
7.29
0.21
0.07
0
0
0
0.05
0.97
1.22
0.14
0
0
0
0
0
0
0.59
1.33
1.78
9.98
0.05
0.24
0.24
2.17
0
0.18
0
0.1
1.3
0.25
0
0.01
0.76
10.31
6.02
2.89
3.07
1.35
0.3
0.25
0.03
0
0.02
0
0
0.05
0.04
0.27
3.68
4.42
0.21
0.05
0
0
0
0
0
0
0
0
0
0
0
0
0
0
0
0
0.02
0
0.02
0
0.31
4.01
3.81
0.14
0
0
0
0
0.09
0
0
0
0
0
0.14
0.29
0.04
0
0
0
0.01
0
0
0.01
0
0
0
0
0
0
0
0
0
0
0
0
3.71
0.09
0
0
0
0
5
1.38
0.04
0
0
0
2.07
2.21
0.14
0
0
0.11
1.61
0.49
0
0
0
0
0
0
0
0
0
0
0
0
0
0
0
0
0
0
0
0
0.49
0.25
0.2
2.09
0.1
0.18
0.36
13.77
3.54
6.79
11.79
11.35
7.26
0.71
1.91
0
0.26
0
0
0
0
0
0
0
0
0
0
0
0
0
0
0
0
0
0
0
0
0
0
10.71
3.9
1.55
0
0
0.76
0
0
0
0
0.01
0
0
0.04
0
0
0
12.54
3.33
4.48
2.09
0.73
8.1
0.73
0.23
0.48
0.41
12.27
16.37
12.36
6.15
3.24
1.56
2.8
2.17
2.62
1.79
0.6
2.6
6.23
0.3
1.83
3.21
10.2
3.42
4.02
4.1
0
0.13
0
0
4
16.12
2.02
0.02
0
0
0
0.04
0
2.96
0.4
0.16
0
0
0
0
0
0
0
0.09
0.02
0.26
0
0.15
3.55
0.33
0
0.35
0.26
0.83
0
0.16
0.07
0.01
3.12
0.13
0.08
1.42
2.3
3.84
0.41
2.87
6.21
0.15
0.11
0.07
0.37
0
0
0
0
0
0
0
0
1.14
0
0.46
0
5.76
0
0
0
0.03
0
0.16
0
0.52
2.01
3.74
0.26
0.61
0
0
0
0.1
0
0
0.01
0.04
0
0
0
0
0.26
0
0
0
0
0
0
0.02
0
0
0
1.06
9.57
13.78
10.39
0
0
0
0.29
0
0.04
0
0.54
0.39
0.53
7.71
7.12
6.4
6.23
5.43
1.04
3.01
7.4
19.95
4.29
16.52
7.34
0
0
0
0
0
1.02
0.41
3.42
2.27
7.22
5.04
2.23
0.29
0.91
0
0
0.14
0
0
0.03
0
0
0
0.06
0
0.03
6.74
0.68
0
0
0
0
0
0
0
0
0
0
0
0
0.1
0.26
0.64
4.15
1.16
11.86
1.6
8.32
1.82
2.38
0
0.02
0
0
0.13
0.41
5.27
3.64
0
0
0
0
0
0.04
1.71
1.66
0.01
0.65
0.19
0
0
0
0
0
0
0.54
0
0
0
0
0
0
0
0.08
0.42
0.22
0
0
0
0
0
0
0
0
0
0
0
0
0
0
0.11
0
0.26
0.09
0.02
0
0.05
2.13
0.36
0.15
0.2
0.01
0.29
3.88
3.05
0.07
0.02
0
0
0
0
0
0
0
0
0
0
0
0
0.82
0.28
0.18
2.86
2.08
0
0
0
0
0
0
0.24
0.5
0.51
0.13
3.19
8.08
1.6
0
0
0
0.43
0.68
1.43
0.27
1.82
2.06
0.64
0
0
0
0
0
0.06
0
0
0.01
0.05
0
0
0
0
0.01
0
1.04
3.07
0.9
3.36
0.22
0.01
0
0
0
0.66
1.42
0.41
4.41
8.84
10.73
3.13
2.38
0.79
3.3
2.22
4.19
0.23
0.92
0.34
0.05
0.33
2.05
0.35
4.55
5.88
0.49
3.45
8.79
3.27
2.11
0.51
8.07
2
0.8
0
0.16
0
12.67
23.78
13.89
9.96
0.91
0.14
0.09
0
0
0
0
0
0.14
6.34
5.86
3.79
5.94
13.05
2.78
0.52
0.15
0.02
0.06
0.04
0.01
0.07
7.95
0.09
0.08
0
0.6
1.31
0.06
0.08
0
0
0
0.04
0.62
8.73
0.18
0.05
0
0.02
0
0
0
0
0.36
0.02
0
0
0
0
0
0
0
0
0
0
0
0
0.26
0
0
0
0
0
0.01
0
0.01
0
0
0.3
0.52
0.16
0
0
0
0.18
0.02
0
0
0
0
0
0
0
0
0
0
0
0.59
1.85
0.6
0.24
0.32
0.25
0.23
0
0
0
0.21
0.23
0.45
0
0.59
1.79
1.47
0.06
0.31
0
0
0.01
0
1.34
0
0
0.34
0.1
0.16
15.45
13.21
0.95
0.72
0
0
0
0
3.06
0.88
4.06
0.3
1
4.97
6.01
4.86
6.41
6.78
34.28
11.77
12.27
20.36
8.27
0.79
2.7
3.27
4.8
0
0.06
0.25
0.25
0.55
0.25
0.31
4.27
13.06
12.15
6.14
0.77
0.48
6.2
2.53
6.14
8.44
0.53
6.46
2.34
2.67
0
0.02
0.05
0
0
0
0
0
0.27
0.08
0
0
0
0
0.08
0.44
0
0
0.39
0.42
4.41
0.98
6.37
0.16
0
0
0
0.03
0
0.01
0
0.02
0
0
0
0.24
0.41
0
0.02
0.02
0.06
0.03
0.02
0
0
0.05
0
0.33
1.24
1.31
0.02
0.16
0.64
0.91
0
0.77
5.41
2.3
10.67
8.43
2.52
5.35
15.37
1.73
0.73
0.16
0
0.34
0.42
0.01
0.13
0.14
0
0
0
0.02
0.01
0
0.27
0.33
0
0
0
0
0
0.01
4.05
7.21
1.14
0.51
0.76
0.31
0.05
0
0
0
0
0.01
1.62
0.16
0.02
0.52
0.52
3.03
0.37
0.2
3.44
0.43
0.35
0
2.68
6.45
4.54
0.81
0.2
0
0
0
0
0
0
0
0
0
0.01
0.01
0
0
0.16
0.26
0.21
0
0.17
0
0
0
0
0
0.01
0
0.11
0.29
0.45
0.02
0
0
0
0.15
0.46
0.31
0
0.88
0
0
0.01
0.01
0
0.07
1.27
0.57
0
0.15
4.12
1.23
0.02
0.63
4.54
9.08
0
0
0
0.02
0
0
0
0
0.38
0.33
0
0.02
4.09
0
0
0.02
0
0.23
4.6
3.04
8.84
7.52
1.76
1.68
3.88
2.23
4.28
0.91
1.3
0.09
0
0
0
0
0
0
0
3.08
0
0
0
0
0
2.41
0
0
0
0
0
0
0
0
0
0.01
0
0.03
0
0
0
0
0.01
0
0
0
0
0
0
0
0
0
0
0
0
0
0
0
0
0
0.01
0
0.02
0.03
0.12
0
0
0
0
0
0
0.01
0.02
0.02
0
0
0.02
1.75
0.97
0
0
0
0.05
0
0
0
0
0
0
0.02
0
0.01
0.08
0
0.35
0
0
0
0.01
0.04
0
0.01
0
0
0
0
0
0
0.01
0
0
0
0
0
0
0
0
0
0
0
0
0
0.2
0.13
0.02
0
0.04
0.12
0
0
0.66
1.33
0.81
8.41
2.77
1.15
0.07
0.2
1
1.62
2.04
3.2
1.65
0.11
2.75
0.45
0.18
0
0.8
9.8
2.16
0.41
0
0
20.96
10.29
4.89
0
4.15
3.93
2.11
0
5.86
0.39
0.1
0.57
0
9.67
3.11
0.06
0
0
0.05
0.11
9.17
8.3
3.71
17.28
3.72
7.66
3.34
0.93
0.45
2.97
0.12
0.01
0
0.09
0
0
0
0.08
0
0
0
0
0
0
0
0.15
0.11
0
0.27
0.16
0.18
0
1.5
0.56
3.97
0
0.06
0
0
0.05
0.11
0
0.02
0.01
0
1.38
0.36
0.39
0.41
0.1
0
0
0
0.01
0.02
0.02
0.29
2.05
8.71
1.28
0.29
0.07
0.17
0.51
0
0
0
0
0.18
0.01
0
0.01
0
0
0
9.61
4.22
0.66
1.09
0.4
0.02
0.55
1.73
0.21
0.78
0.03
0
2.19
0.07
0.01
0
0
0
0
0.01
0
0
2.09
0.91
0.69
0.97
18.18
5.87
1.45
0.2
0.05
4.54
0.96
0
0.2
0.55
0
0
0.61
0.64
0.42
0.01
0.11
0
0
0.79
0.52
3.16
0.84
0.21
0.02
0
0.6
0.29
0
0.07
0
0
0
0
0
0
0
0.19
0
0.61
0
0
0.01
0.45
0.15
0
0
0
0
0.01
0
0
0
0
0
0
0
0
0
0
0
0
0
0.01
0
0
0
0.79
3.41
3.86
2.75
4.05
2.55
0.68
5.38
0.67
0.03
0
0.61
6.35
1.74
0.54
0.13
0.13
1.53
15.34
7.05
4.43
11.33
0
0.05
1.84
0.28
0.95
0
0.54
0
0
0
0
0
0
0.04
0
0
0
0
0
0
0
0
0
0
0.26
0.57
2
3.16
9.27
0.37
0
0.01
0.01
0
1.55
0.2
0
0
0.01
0.2
0.14
0.32
0
40.02
5.11
1.25
4.16
1.63
4.09
3.9
0.74
0.13
0.11
0
0.01
0.01
0.6
0.15
0.22
0.77
0
0
0
0
0
0
0
0
0
0
0
0
0.02
0.02
0.54
0
0
0
0
0.7
0.03
0.03
0
0
0
0
0
0
0.02
26.2
2.45
0.75
0
0
0
0.04
0
0
0
0
3.29
3.42
3.31
8.88
0.32
0.01
0
0
0
0.01
0
0
0
0
0.35
0
0
0
0.02
0
0.02
0.06
0.01
0
0.02
0
0
0.03
3.93
8.57
0.59
0.13
0.05
0
0
0
0
0
0
0
0
0
0
0
0.01
0.28
0
0
0
0
0
0
0
0
0
2.07
0.45
0.01
0
0
0.49
0
0
0
0.09
2.02
0.25
0
0.02
0.12
0
0
0
0
0
0
0
0
0
0.03
0
1.7
20.16
19.05
20.71
0
3.18
8.4
6.98
1.43
5.14
0
0
2.75
0.02
0.55
0.39
6.31
2.08
2.04
0.64
0
3.62
0
0.02
0.44
9.97
0.25
3.11
5.6
3.39
0.28
4.25
0.79
0.39
0
0.41
17.32
3.29
0.23
0
0.11
0.02
0.28
7.36
2.34
6.51
14.9
8.88
7.42
5.28
9.83
19.11
13.66
3.39
0.54
0.72
8.66
6.05
18.13
0.92
14.99
1.69
1.02
7.12
0.03
0.09
0
0
0
0
0.17
2.59
3.29
13.49
4.5
16.92
5.18
0.02
2.86
4.89
6.82
3.01
0
7.97
11.87
0.2
0
1.05
9.64
0.8
0.06
0
0
0
0
0.28
2.66
0.36
0.02
0
0
0.07
1.05
0.28
0.07
0.02
0
0
2.41
5.79
0
0.61
0
0
0
0
0
0
0
0
0.01
0.01
0
0
0.57
3.22
2.66
0.32
0.01
0
0
2.36
0.01
0
0
0.26
0.11
0.54
3.06
0
0.02
4.73
7.71
8.89
6.91
0.29
0
0
0
2.91
1.51
0.27
0.01
0
0
0
0.53
0
0.16
0.66
0.35
0
0
0
0
8.64
0
0
0
0
0.02
2.91
1.62
3.41
0.93
1.11
0.29
0
4.46
17.53
10.7
2.46
5.18
17.7
6.61
0.76
0
0
0.81
0.89
18.54
9.81
2.67
2.11
0.35
0
0
0
0
0
0
0
0.01
0
3.13
1.8
0
0
0
0
0
0.44
0.02
0.34
0.79
0.05
0.75
0
0
0.16
1.31
4.32
0.6
0.89
0.07
0.01
0
0
0
0.02
0
0
0
0
0
0
0
0
0.01
0
0.29
1.69
0.53
0
0
0
0.01
0.09
0.02
0.01
0.01
0
0.03
0
0
0
0.01
0
0.12
0.38
6.9
0
0
0.01
0
0
0
0.01
0
0
0
0
0.51
0.7
0
0
0
0
12.21
3.03
1.53
0.23
0
0.55
0
0
0
0
0
0
0
0
0
0
0
0
0
0
0
0.02
2.38
0.21
0.03
0
1.63
0.17
0.07
0.5
0
1.23
0.01
0
0.03
0.63
1.38
2.56
8.14
7.59
1.26
0.01
0
0
0
0
0
0
0
0.01
0
0
0
0
0
0
0
0
0
0
0
11.16
0.36
0
0.04
0.65
0.01
0.01
0.27
0
0
0
0
0
0
0
0.02
0.02
0
0
0
0
0.19
2.56
0.65
0
0.01
0
0
17.77
29.68
15.2
13
2.96
0
4.29
0.57
2.13
3.82
1.9
0.4
1.82
0.34
0
0.62
0.6
0
0
0
0.01
0.11
0
0
10.58
6.8
0.52
2.13
0.2
0.77
0.38
11.52
23.06
21.75
3.79
0.09
0.6
4.42
10.53
11.74
18.89
11.84
5.67
10.71
5.66
2.09
0.03
0
1.4
6.13
1.78
13.14
1.37
12.09
3.28
0.82
10.58
3.34
13.01
17.86
0.92
0
0
0
0
0
3.88
12.94
2.09
9.14
17.68
17.05
4.38
8.52
4.81
0.25
0.48
0.2
0
0
0
0
0
0.07
3.49
0.75
0
0
0
0
0
0
0
0
0.23
0.07
0.16
0.08
0
0.49
0
0
0
0
1.95
0.34
0.59
0
0
0
0
0
0
0
0
0
0
0
0
0
0
0
0
0
0
0
0
0
0
0
0
0
0
0
0
0
0
0
0
0
0
0
0
0
0
0
0
0
0.95
0.54
0
0
0
0
0
0
0
0.16
5.59
25.42
17.92
5.18
1.03
0
0
0
0
0
0.05
0
0
0
0.01
0.01
0.06
0
1.98
0.63
1.86
0.41
0
0
0
0.57
1.88
3.15
2.59
10.69
4.17
2.12
0.07
0.01
0
0
6.49
2.43
6.41
0.02
0
0.86
9.73
23.04
2.27
5.04
0
4.57
16.91
4.39
0
0
0
0
0.01
0.01
0
0
0
0
0.01
0.16
0.04
0.01
0
0
0
0
0
0
0
0.08
0.95
0.64
0.08
4.88
4.83
1.3
0
0.35
0
0.11
0.75
0.16
3.71
0
0
0
1.19
0
0
0
0
0
0.27
2.91
2.68
21.62
0.84
0
0
1.16
3.75
0.97
0.02
0
0
0.33
1.29
0.05
0
0
0
22.66
3.58
7.17
0
0.02
0.88
0
0
0
0
0
0
0
0.11
1.59
0.56
0.52
11.42
0.67
6.54
0.05
0
0
0
0.35
0
0.01
0
0
0
0
0.4
0.23
0
0
0
0.18
2.4
6.16
0
0.25
0
0.14
1.13
0.48
0
2.07
1.92
1.11
5.78
0.55
0
0
0.65
0
0
0
0.16
0
0.22
0.06
0
0
0.01
0
0
0
0
0
0
0
0.02
0.82
2.68
4.27
6.45
1.19
0
2.16
2.7
6.26
5.77
0.07
0
0
0.15
10.45
16.73
7.53
40.2
12.89
2.32
4.83
3.44
6.66
5.45
0.94
8.64
0.5
0.06
0.66
4.16
7.1
1.91
5.52
16.75
4.45
1.99
2.95
8.84
0
0.66
1.65
0.55
1
0.05
1.05
0
8.19
0
0.04
0
0.8
0.09
0.16
2.7
2.4
0.02
0
6.95
19.46
30.8
6.64
3.57
0.11
3.38
7.23
0
0.03
1.61
1.04
0.09
1.57
0.96
3.64
9.83
0
1.05
0.04
0.87
0.71
0
0.28
0
0
0
0.09
4.22
4.84
0.02
0
0
0
0
0.02
0
0
0
0
0
1.48
5.41
0.82
1.19
4.09
0.2
0.73
1.98
15.25
1.97
1.64
0.22
0
0
0
0
0
0
0
0
0
0
0
0
0
0
0.06
0.95
0.46
0
0
0
0
0
0
0
0
0
0
0
0
0
0
0
0
0
0.02
0.09
0.01
0
0
0
0.01
0
0
0
0.68
1.84
0.15
0.17
0
0
0
5.89
0.91
1.28
0
0.53
3.64
3.27
3.39
2.49
0.64
0
3.47
3.83
1.59
1.1
1.99
12.32
2.32
3.11
0.43
0.02
0.12
0
0.55
0.45
0
0
0.28
2.96
0.71
2.82
4.05
2.3
3
1.98
2.4
0.44
0.1
1.07
0
0.01
0
5.05
10.27
2.45
7.6
6.69
1.84
0.3
0.39
0.33
5.23
2.59
0
0.55
2.31
5.66
0.33
11.36
10.95
2.7
13.41
0.44
4.97
1.59
0.22
0
0.24
1.83
1.48
0.01
0
0
0
0
0
0
0
0
0
0
0
0
0
0
0
0
0
0
0
0
0
0.9
2.3
0.72
0
0.95
0
0
0
0
0
0
0
0
0
0
0.03
0
0
0
0.04
0
0
0
0
0
0
0
0
0.16
0
0
0
0
0.64
0.68
0.01
0
0
0.01
0
0
0
0
0.08
0.27
0.02
0
2.74
0.92
0
0.64
0
0
0
0
0
0
0
0
4.63
0.08
0
0
0
0
0
0
0
0
0.01
0.3
0
0
0.07
0.42
0.08
0
0
0
0
0
0
0.16
0.11
2.01
9.73
0.34
10.93
9.99
6.31
1.43
4.4
4.8
1.35
0.31
1.2
1.88
4.2
16.44
5.59
0
1.4
0.88
0.25
0.13
0
0
0
0
0
0.01
0
0
0
0
0
0
0.02
1.33
1.51
0
0.16
0
0
0
0.16
0.8
19.42
9.12
0.51
0.07
0
0
0.02
0.48
0.2
0
0.05
0.59
0
0
0
0
0
0
0
0
0.03
0
0.47
0.02
0
0.01
0.02
0.08
0.1
0
0.32
0
0
0
0.49
0
0.03
0.79
1.23
0.42
0
0.01
0
0
0
0
0
0.39
0.39
0
0
0.02
0
0
0
0
9.83
12.16
2.96
0.01
0.03
0
0.01
0
0
0.99
0.62
7.43
1.37
0.38
0
0.01
0.17
0.13
6.89
3.88
0
0.01
0.18
0.11
1.04
0.16
0
0
0
0.01
0
0
0
0
0
0
0
0
0
0.25
0
0.02
4.72
0.66
0
0
0
0
0
0
0
0
0
0
0
0
0
11.04
7.05
0.71
3.2
0
0
0.1
2.66
0.29
0
0.01
0
0
0
1.17
15.12
5.72
0
0.4
1.07
0.14
0.01
0
0
0
0
0
0
5.32
4.59
2.09
2.21
1.16
0
0
0.03
0.9
0
0
0
0
0
0
0.01
0
0
0
0
0
2.55
2.92
7.84
0.65
0.04
0.05
1.75
0.54
0.04
0
0.14
2.83
5.84
15.06
10.21
5.92
1.75
8.57
1.71
2.41
0.27
1.02
3.18
5.49
0.17
0.02
0
0
0
0
0
0
1.19
3.7
9.28
4.67
0.72
0
0
0
0
0
0
0
0
0
0.04
2.45
11.67
2.72
0
0
0
0.02
0.07
0
5.77
0.02
0
3.79
21.23
0
0
0.64
0.48
0
0.03
0
0
1
1.2
0
0
0.52
0.1
0.23
0.01
0.41
0
0
0
3.19
0.01
0
0
0
0
0.01
0
0.99
1.25
0
0
0
0.02
0.63
0
0
0
0
0
0
0
12.27
4.17
0
0.44
0
6.53
0
0.14
0.04
0
0
0.01
1.82
0.38
0
0
0
0.63
0
0
0
0
0
0.02
9.46
0
0
0
0.04
0.18
1.37
0
0
0
0
0
7.68
3.96
2.02
0
19.24
4
8.43
1.72
0.11
0
0
0
0.27
0.08
4.74
0.9
0.03
0
8.65
23.08
2.88
0.21
0.21
0.02
7.76
11.23
0.95
0
0
0.12
0.13
0
0.02
0
0
0.39
1.3
1.07
0.09
0
0
3.63
8.86
1.3
0
0
0.34
7.77
3.18
15.59
11.81
9.66
10.74
22.14
8.66
2.09
15.11
12.41
2.81
0.11
0.28
0
0
0.01
0.02
0
0
0
0
0
0
0.25
16.16
10.01
1.7
3.39
2.14
0.7
0
0.04
0
0.89
0.58
0
0
0
0
0
0.02
0
0.1
0
0
0
0.06
0.34
0.07
0.01
0.02
0.09
3.38
0.61
0.17
0.11
1.13
5.8
1.63
0.63
0
0.02
0.54
0.08
0
0
0.04
0.65
0.21
0.17
1.86
1.86
4.34
1.63
0
0
0
0.02
0
0
0
0
0.5
1.39
0.53
0
0.16
2.45
6.59
2.41
0
0.04
0
0
0.02
0.03
0
0
0
0.19
0.15
0
0
0
0
0.22
1.17
0.12
0
0
0
0
0
0
0
0
0
0
0
0
0
0
0
0
0
0
0
0
0
0
0
0
0
0
0
0.01
0
0
0
0
0
0
0
0
0
0
0.05
0
0
0
0
0
0
0.09
5.14
0.56
7.03
4.05
1.08
0.93
1.26
0.16
1.62
0.04
6.92
1.25
1.43
16.75
6.07
2.12
0
0.01
1.58
5.66
3.13
5.45
2.35
0.04
2.15
5.14
25.91
8.52
2.78
10.77
2.19
0
1.09
10.31
2.16
0.01
0.49
4.96
16.29
1.33
0.13
0.02
0.32
0.13
1.13
3.54
1.82
6.42
13.32
7.42
1.58
2
2.19
0.28
0.05
0
0
7.86
3.2
1.31
0.06
0.86
4.09
2.94
0
0
0
14.05
1.22
0
0.01
0
0.01
2
0.85
2.76
9.63
1.89
0
0
0
0
0
0
0
0
0
0
0
0
0
0
0
0
0
0
0
0
1.32
1.46
0
0
0
0
0
0.09
0
0
0.02
0
0
0
0.31
0
0
0
0.01
0.34
3.11
4.94
0.73
0
0.02
0
0
0.03
0.07
0.5
0
0
0
0
0
0
0
0
0
0
0
0
0
0
0
0
5.26
0
0
0
0
0.03
0
0
0
0.04
0.01
0
0
0
0
0.11
0
0
0
0.13
0
0
0
0
0
0
0
0
0
0.04
1.14
0.56
0
0
0
0
0
0
0.54
6.62
0
0
0
0.15
0
0.95
0.8
0.23
1.58
0.16
0.04
0.3
0.02
0
0
0.01
0
0
0
0.01
0
15.95
0.55
0.12
0.98
3.09
0.11
0
0
0.65
6.07
1.86
0.98
0.5
0.3
0
0.01
0.01
0
0.01
8.57
0.86
0.84
19.12
0.17
4.51
18.86
2.65
0
0
0
0
0
7.85
4.33
1.2
0.04
0.19
0
0
0.1
0.21
6.48
29.72
5.62
1.98
0.57
1.33
0.38
1.04
11.71
0.76
15.16
3.66
0.26
0
7.36
14.93
3.82
1.78
0.41
0
0
0.16
0.11
1.69
0.05
0.11
0
0
0
0
1.39
15.79
12.49
8.88
6.81
11.96
2.91
7.4
10.18
6.1
0.22
7.95
1.13
5.18
2.96
16.41
5.63
0
0.68
3.95
4.43
8.7
0
0.38
0.74
2.35
2.17
1.71
11.63
3.11
0
0.09
0.88
4.72
9.43
6.16
22.94
5.95
2.87
0.86
0.04
0
0.02
0
0.02
0.3
2.24
3.97
7.71
5.88
0.85
0.46
0
0.01
0.01
0.36
0.34
0
0
0.06
0.04
0
0
0.02
0
0
0.11
0.61
1.11
0.56
19.77
19.63
6.42
19.29
2.88
0.88
7.13
4.91
1.04
2.94
1.9
3.53
0.01
0
0
1.51
0.1
0
0
0.01
0.02
0.01
0.04
0.45
0.57
5.72
0.28
0.86
1.46
0.29
0
0
0
0
0.07
0
0
0
0
0
0
0
0
0
0
0.22
0
10.06
3.31
0
0
0
0.03
0
0.48
0
0
0.12
0.48
1.91
1.01
1.28
2.05
0.7
2.05
0.19
0
0.04
0.58
7.84
3.1
0
0
0.02
1.94
0.96
0.05
1.27
5.04
3.39
16.55
2.09
5.08
1.42
2.27
0
0
0
0
0
0
0
0.14
0
0
0
0
0
0
0
7.09
2.37
0.13
0
0
0
0
0
0
0
0
0
0
0
0
0
0
0
0
0
0
0
0
0.39
0.23
0
0
0.88
0
0.48
4.34
0
0.54
0.3
0.01
2.76
3.41
0
0
0.24
0.06
0
0
0
0
0
0
0.01
0.03
0
0.93
0
0
0
0
0
0
0.01
0
0
0
0
0
0.31
0.9
3.27
0
0.04
0
0.01
0
0
0
0
0
0
0.01
0.03
0
0
0
0
0
0
0.01
0.01
2.22
0.04
0.05
0.72
0
0
0
0.01
0
0
0
0
0
0
0
0
0
2.31
12.61
12.52
9.57
0.93
0.88
0.23
0.03
8.77
1.68
0
0
0
0
0.02
0.89
7.71
1.29
6.2
1.98
0
0
5.21
0.7
0
0
1.58
10.28
15.67
30
6.11
0.27
2.54
0.23
0
0
0
0
0
0
0
0
0
0
0.13
0.95
0.45
0
0
0
0
0
0
0
0.52
0.71
0.7
0
0.12
0
0
0
0
0
0
0
0
0.02
0.14
0
0
0
0
0.01
0
0
0
0
0.03
0
0
0
0
0
0
0
0.04
0.02
0.01
0
0.01
0
0.06
0.63
1.39
0.43
0
0
0
0.01
0
3.44
2.86
4.15
5.68
7.26
0.23
0.01
0
0
0.04
0
0.01
0
0.86
0.86
0
1.52
0.64
0.58
0
0
0
1.58
1.2
12.41
2.19
0.11
0.01
0
0.03
0
0.01
0.03
0
0.01
0.36
0.19
5.45
0.76
0.01
0
0.02
0.02
0
0
0
0
0
0
0
0
0
0.01
0
0
0
0
0
0
0
5.25
4.23
0.99
11.31
3.68
0.84
0.26
0.1
0
0
0
0
0.47
10.58
6.79
19.5
6.72
1.7
0.11
0
0
0
0
0
0
0
0.01
0
0.13
0.06
0
0.05
0
1.87
1.68
0
8.7
11.78
4.7
2.08
0
7.23
10.39
3.83
0
0
0
0
0
1.21
0
0
0
0
0
0
0
0
0
0
0
0
0.12
0.49
0.14
0.83
10.42
1.46
20.36
26.07
1.63
1.05
1.23
0
0
0
0
0
0
0
0
0.01
1.39
3.44
0.18
0
0
0
0
0
0
0.05
1.41
0
0.29
3.82
9.77
11.59
5.34
11.64
2.91
0
0
0
0
0
0
0
0
0
0
0
0.01
0
0
0
0.01
0
0.07
0.01
0
0.02
6
0.64
0
0
0
0
0
0.82
1.55
0.02
0
0
0
0
0
0
0
0
0
0
0
0
0.01
5.46
0
0
0
0
0.03
0
0
0
0
0
0
0
0.53
0
0.27
0
1.93
1.89
0.73
0
0
2.41
0.73
0.02
0
1.05
0
0
0.81
0.02
23.71
4.2
0.9
2.89
2.63
0.02
0.25
0.28
0.2
2.22
1.88
0.98
0.19
0
0.63
0.05
2.06
0.3
0
0
0
0
0
2.19
5.51
17.66
6.8
0.88
6.9
1.35
6.96
0.11
0
0
0
0
0
0
0
8.03
0
0
0
0
0.01
0.69
15.3
25.36
3.68
0.09
0
0
0
0
2.17
0.2
0
0
4.87
8.77
0.45
0.07
0.01
0.06
0.03
0
0
2
4.68
0.06
0
0.36
0.06
0
0
0
0
0.02
0.01
0.05
0.59
1.28
15.16
10.48
5.07
5.88
1.57
3.89
16.16
3.22
4.4
15.64
2.08
7.51
0.01
0.31
2.75
3.35
2.61
0.2
1.83
0.55
0.05
0.05
0.14
0.07
0
0.03
8.17
10.7
2.22
0.28
3.34
1.22
0
3.94
4.59
5.22
5.24
0
0
0.02
0
1.63
1.24
4.91
8.57
0.38
0
3.85
1.45
2.17
10.15
3.23
2.1
9.83
0.67
8.11
1.3
6
0.26
0.64
0.02
0.04
0
0.01
0
0.43
6.6
2.05
7.32
4.34
11.77
0.12
0
0
0
0.03
0
0.28
1.16
1.87
0.34
0
0.03
0.06
0
0
0
0
0
0
0.05
0.05
0
0
0
0
0.07
6.6
9.37
1.12
0.71
1.4
0.33
3.57
19.29
10.14
1.01
0.22
0.01
0.02
0.01
0.06
1.77
0
0
0
0
0
0
0
0
0.03
0.42
0.09
0
0
0
0
0
0.13
0.78
0.94
0.02
9.04
17.8
5.03
12.41
24.26
6.81
0
0.01
0
0
0
0
0
0
0.19
0.96
1.56
2.82
6.54
11.44
2.66
0.87
0
3.3
7.84
2.01
0.21
0.31
0.82
0
1.21
2.8
0
0
0.01
0.15
0
0
0
0.43
3.45
9.97
3.57
4.98
1.7
0
0.43
0.09
0
0
0
23.77
0.39
0
0
0
0
0
0.02
0.15
0
0
0
0
0
0
7.93
4.43
0.34
0.07
3.84
1.16
0
0.55
0
0
0
0.51
0.32
0
0
0.9
0.43
0.2
0
0
0
0
0.01
1.96
0.45
0
0.01
0.01
0.01
0.23
0.2
0
0
0
0
0
0.02
0
0
0
0
0.31
0.89
0.05
0
0.27
0
0
0
0
0
0.03
0
0
0
0
0
0
0
0
0.45
0
0
0
0.01
0
0
0
0
0.01
0.28
0.14
0
0
0
0
0.02
0.19
0.47
0.21
0
0
6.18
0.27
1.18
0.08
0.03
0
0
0.04
0.02
0
0.02
0
0
2.38
9.57
0.62
0.24
0
0
0
0
0
0
0
0
0
0
0
0
0
0
0
0.27
0
0.01
0
0.2
0.25
1.31
4.87
18.62
10.57
7.33
0.62
0.01
0
0
0
0
0
0
0.38
3.77
6.98
7.48
0.7
11.1
0.65
24.92
10.25
1.62
1.34
0.16
0.01
0
13.98
1.96
3.71
10.15
1.24
18.1
14.37
2.17
0.02
0
0
0.19
0.07
0
7.06
1.46
0.87
0
0
0.05
0
12.84
8.54
0
0
0
0.02
0
7.91
7.58
0
0.05
11.3
0.26
0
1.75
10.15
3.32
0.43
0.18
0.04
3.9
3.79
0.59
1.21
2.98
0.3
0
0
0
0
0
0
0.89
3.46
0.16
0
0
0
0
0
0
0
2.75
1.06
0.95
0.77
0.06
0
0.04
0
0
0.01
0
0.02
0.44
0.02
0.01
0.07
0.39
0.02
0.34
0
0
0.19
0
0
0.09
0
0
0
0
0.97
6.47
3.39
0.32
0.14
2.95
5.34
0.48
0
0.2
0
0.05
0.09
0.05
0.02
0
0
0
0
0.01
0
0
0
0
0
0.41
8.73
7.82
5.04
3.09
14.44
17.07
5.13
3.27
1.24
1.05
0.02
0
0.02
0.05
0
0.8
0.02
0.01
1.93
1.72
0.46
15.68
1.05
0.02
0
0
0.03
0.26
0.01
0
0
0
0.06
0.07
0
0.41
5.66
5.82
8.91
6.87
0.84
12.82
2.18
0
0
0
0
0
0.03
0.09
0
0
0
0
0
8.11
8.32
0.95
2.59
0.04
0
7.27
1.45
0
0
0
0
2.07
18.08
4.43
2.2
10.02
24.22
3.43
2.85
3.87
2.36
0.2
0.57
7.19
5.2
1.98
0.09
0
0
0
0
0.3
0.02
0
0
0.06
4.21
7.08
0.49
2.88
0.81
2.89
0
0.25
0.19
0
0
0
0
0
0.02
2.72
5.37
0
0.55
0.04
0
2.09
0
0.01
0
0
0
1.7
1.03
0
0
0.01
0
0
0.01
0
0.05
0.04
0
0
0
0
0
0
4.02
19.08
0
0.01
0.02
0
0
0
0
0
0.95
10.95
3.32
0
0
0
0
0
0
0
0
0
0
5.09
0.02
0
0
0.72
0.02
0.05
2.07
0
0
0
3.6
7.26
0.83
0.25
0.32
0
0
0
0
2.29
0.75
1.71
0
0
0
0
0
0.01
0
0.02
0.01
0
0.01
0
0
8.42
10.99
0
1.2
0.97
0
0.05
0
0
0
0.32
0
0.34
0.04
0
0
0
0
0
0
0
0
0
0
0
0
0
0
0
0
0
0
0
0.15
0.05
0.06
0.1
0.36
0.1
0.22
0.12
0
0
0.01
0
0.35
4.34
12.38
10.09
2.54
0.18
0.01
0.23
31.49
4.68
21.8
10.49
2.13
1.64
2.98
2.03
0.93
1.29
13.18
2.78
0
1.04
1.15
0.02
0.09
0.01
0
0
0
0
0
0.03
0
0
0
0.02
0
0
0
0
0
0
4.35
3.91
0
14.98
2.51
3.59
0
0.42
0
0
0.32
0.24
0.06
0
0.15
0.36
0.58
0.18
0.03
0.01
0
0.02
0
0
0.01
0
0
0.04
0.22
0.01
0.07
0
0
0
0
0
0
0
0
0.01
0
0
0
0
0
0.01
0
0.02
0
0
0
0
0
0
0
0
0
0.28
2.3
0.96
0.3
0
0
0
0
0
0
0.04
0.15
2.08
6.93
0.8
0.3
0
0
0
0
0.1
0
0.24
0
0
0.01
0
0.47
0.98
7.63
2.71
0.98
0
0.01
0.02
0
0.02
0
0
0.04
0
0
0
0
0
0
0.07
0.02
0
0
0.66
0.09
0
0
0
0.07
0.93
0.85
5.13
0.43
0.98
9.47
0.51
0.87
0
0
0
0.27
7.98
3.07
0.36
0.05
0.01
0.08
0.09
0.31
0
0
0
0.07
3.36
0.37
0
0.04
0.37
0
0.46
0.02
0
0
1.28
0.01
0
0.22
0
0
0
0
0
0
0
0
0
0
0
0
0
2.45
2.56
7.2
1.13
0
4.35
0.77
0.1
0.01
0
0
0
0
0
0
0
0
0.02
0.54
1.31
14.66
4.62
1.65
0.05
0
0
0
0
0
0.04
0
0
0.99
0.01
0
0
0
0.01
0.02
0
0.87
0.31
0.96
2.6
0.27
0
0
2.88
0
0
0
0
0
0.29
0.45
0
0
0.63
0
0
0
0
0
0
0
0
0
0
0
0
0
0
0
0
0
0
0
0
0
0
0
0.04
0
0
0
0.01
0
0
0
0
0
1.04
0.08
0
0
0
0
0
0
0.02
0
0
0
0
0
0
0
0
0
0
0
0
0
0
0
0
0
0
3.73
6.58
1.31
0.44
0
0.02
0
0
0
0
1.83
0
0
0
0
0
0
0
0
0
0
0
0.01
0
0
0
0
0
0
0
0
0
0
0
1.09
3.92
4.9
6.22
2.15
0.18
0
9.27
4.9
0.2
3.26
3.92
11.87
0.67
0.4
0
0
1.98
24.91
2.02
5.16
2.04
0
0
0.05
0.2
0
0
0.52
3.68
1.81
0.73
0.95
19.2
11.59
22.13
11
0.75
0.28
0.08
0
0.14
0.01
0.02
0
0.04
1.19
0.07
0.19
1.27
0
0.16
15.33
14.13
0.7
0.62
0.2
0.09
0
0
0
0
0
0
0
0
0
0
0
0
0
0.02
0
0
0.05
0.04
0
8.66
1.39
0.24
1.89
0.22
0.27
0.01
0
0.05
0.04
0.82
4.82
2.95
2.32
10.27
0
0.01
0.01
0
0.94
2.99
3.36
0.24
0.06
0.02
0
0
0
0
0
0
0
0.03
0
0.08
0.06
0
0
0
0.04
0
0
0
0
0
0
0
0
0
0
0
0.12
0.19
2.22
5.95
2.43
4.59
2.19
0.55
2.51
1.83
17.95
6.27
0
0.1
0
0
2.08
15.75
2.46
0.61
0
0.06
0.5
0.1
0.01
0
0
0
0
0
2.78
10.05
4.48
1.48
1.32
1.67
6.49
0.86
0.03
0
0
0
0.04
0.02
0
0
0
0
0.05
1.5
2.17
4.16
0
0.02
0
0
0
0.34
6.16
2.25
0.63
0.05
0
1.55
0.09
8.73
4.5
2.7
0
0.27
0.01
0
0
0
0
0
0.11
2.16
1.75
4.92
1.64
0.41
0
0.02
0
1
5.22
0.75
0.07
0.08
0.01
0
0
0
0.01
0
0
0
0
0
0
0.01
0
0.48
0.03
0
0
0
0
0
0
0
0
0.94
6.68
1.49
0
0.5
0
0.23
33.4
2.58
1.48
0.23
3.11
2.37
0
0
5.44
2.11
0.53
0
0.82
6.09
0.15
0.69
0.14
0
0
0
0
0
0
0
0
0
0.14
4.42
5.65
1.97
1.21
0.25
2.88
7.14
3.61
0
0.02
0
0
0
0.05
0
0
0
0
0
0
0
0
0
0
0
0
0
0
0
0
0
0
0
0
0
0.11
11.99
0
0
0
0
0
0
0.02
0
0
0
0
0
0
0
0
0
0
0
0.1
2.72
2.69
0.49
0.4
0
0
4.27
7.53
10.54
0.57
0
0
0
0.03
0.03
34.84
3.3
0
4.23
0.99
0
0
0
0.02
0
0.02
1.31
0.07
1.08
0.01
0.06
0
0
0
0
1.48
0.02
0
0
0
0.87
11.87
6.55
6.1
15.38
0.19
8.17
6.64
0.07
5.82
0.56
0
0
0
0
0
0
15.97
15.78
5.17
0
1.57
5.13
0
0.12
0
0
0
0
0
7.46
12.89
0
0.1
0.04
0.04
0.11
1.52
3.71
5.01
3.64
0
0.51
0.97
0
0
0.01
0.19
0.66
2.4
12.14
4.04
10.98
0
0
0
0
0
0
0
0
0
0
0
0.01
0
0
0.29
0
0
0
0
0
0
0
0
0.01
0.08
0.05
0
0
0.01
0
0
0
0
0.02
0.09
0
0.02
0
0.04
0
0
0
0
0
0
6.42
0.66
2.11
2.17
3.25
0.48
0.01
0.33
0.89
0
0.06
2.17
3.83
1.8
1.12
0
3.78
16.63
2.66
2.65
3.08
0.87
1.18
2.77
0.3
6.29
1.56
0.42
0.1
5.97
0.73
0.36
3.61
1.83
3.39
0.12
0.01
0.01
0.02
0.01
0
0.02
0.79
3.22
1.98
0.12
0.01
0
0
0
0
0.01
0
0.25
0
0
0.44
1.01
0.81
0
0
0.55
0.03
4.11
3.9
1.91
0.41
1.9
2.11
5.96
4.04
3.11
1.17
0.77
5.55
5.68
2.71
1.92
0.88
4.16
6.5
4.18
0.65
0.15
0.52
0.48
0
0.39
0.94
0
0
0.01
0.01
3.68
12.8
7.4
11.6
2.84
6.64
0.7
4.26
4.19
0.69
0.13
0
0
0
0
0.01
0
0
1.98
0.33
0
0
0.99
2.17
8.16
13.45
1.19
2.53
8.7
2.24
3.84
2.5
1.77
0.13
0
0
0
0
0
0
0.13
0
0
0
0
1.21
0
0
0
0
4.7
4.06
20.17
3.77
0
0
0.01
0
0
0
0
0
0
0
0
0
0
0
0
0.01
0
0
0
2.98
0
0
0
0
0
0
0
0
0
0
0
0
0
0
0
0.03
0
0
0
0
0
0
0
0
0
0
0.01
0.02
2.04
0.58
0
0
0
0
0
0
0
0
0
0
0.01
0
0
0
0
0.04
2.82
1.5
0.05
0
0
0
0
0
0
0
0
0.02
0
0
0
0
0
0.04
0
0
1.78
0.16
6.64
0.13
0
0
0.14
0
0.05
4.59
1.3
0.73
0
0
0.48
0
0.11
0.58
0.21
2.82
3.88
4.43
11.08
5.02
0.77
0
0
0
0
0
0
0
0.01
0
0
0
0
0
0
0
0.23
9.92
0.46
0
0
0
0
0.08
0
0
0
0
0
0
0
0
0
0
0
0
0
0
0
0
0
0
0
0
13.56
21.98
0.84
3.09
0
0.02
0
0
0
0
0
0
0.95
0.07
0
0
0
0
0
0.1
0.23
0.03
0
0
0
0
0
0
0.55
1.21
0.54
2.97
1.42
0.36
0
0
0
0.04
0
0
0
0
0
1.21
8.75
4.25
0.51
0.35
0.19
0.08
0
0.23
0.78
9.23
0.37
1.05
0.6
2.69
1.14
0
0
0
0.35
0
0
0
0
0
0
0
0
0
0
0
2.13
0.95
11.02
2.22
0
0
0
0
0
0
0
0
0
0.48
0
0.07
0.64
1.73
14.49
3.31
0.22
0
0.08
3.04
0.13
0.09
3.21
0.44
0
0
0
0
0.01
0
0
0
0
0.05
0.3
0.09
0
0
0
0.02
0
1.09
0.28
0
0
0.21
5.34
0
1.47
0.04
0.76
0.23
0
0
2.44
0.3
0
0
0
0
0
0.02
21.09
12.54
23.83
15.78
3.27
0
2.37
0.43
0.12
8.66
14.68
7.29
18.97
13.67
3.37
0
1.34
0.62
0
0
0
0
0
0
0
0
0
0
0.28
0.11
0.99
13.91
15.82
14.09
1.45
4.85
7.01
1.15
4.07
4.1
1.64
5.98
0.9
0.57
5.02
1.7
8.82
5.09
7.48
0.8
0.38
2
1.11
1.21
17.19
3.34
3.92
0.48
0
4.48
0.44
0.04
4.41
4.88
5.31
0.9
0
0.03
0.91
2.08
9.17
0.73
0
0
0
0
0
12.38
4.24
0
0
0
0
0
0
0
0
0
0
0.07
0
0
0
0
0.06
0
3.85
1.09
0
0.03
0
0
0
0
0.02
0
0
0
0
0
0
0
0
0
0
0
0
0
0
0
0.34
0
0.01
0
0
0
0
0.03
0
0
0
0
0.01
0
0
0.01
0
1.83
0.7
0
0.02
1.07
0.44
1.27
0.08
0
0
0
0
0
0.03
3.22
3.45
1.22
0.52
3.7
0.91
2.21
0
0
0
0
0
0
0
0
0.02
4.66
3.38
1.38
0.38
0
0.14
0.29
0.18
0
0
0
0
0
0
0
0.01
4.46
0
0
0
13.75
7.13
2.38
1.12
0
0
0.52
7.65
0.45
2.68
11.31
6.48
0.12
0
0
0
12.18
15.16
3.16
10.38
24.61
5.15
3.77
0.84
0.33
0.38
0.01
0.9
0.23
0
0
0.64
0.2
0
0
0
0
0.05
0.05
0
0
0
0
0
1.59
0.05
0.02
0.08
7.93
3.66
0.08
1.75
0.95
1.56
2.55
1.07
6.61
17.66
7.37
3.55
1.02
0.47
0.05
11.17
1.61
0
0.63
0.13
0
0
0.39
0.01
0
0
0
0
0
0.07
0.02
0.09
0.26
0.03
0.46
2.12
6.48
0.13
0
0.3
0.49
1.3
4.78
1.75
0.49
0.04
0.7
0
0
0.21
0.13
2.32
3.87
2.77
1.06
6.98
2.69
1.6
2.7
0.73
0.93
1
1.54
1.08
1.77
5.86
6.18
2.33
6.76
8.76
3.16
1.6
1.36
2.38
0.05
0
0
0.09
0
0
0
0
0
0
0
0
0
0
0
0
0
0
0.41
2.79
1.52
1.23
8.19
2.77
0.86
0
0.37
0.26
0
0
0
0
0
0
0
0
0
0
0
0
0
0
0.58
0
0
0
2.63
0
0.75
0.29
0.13
0
0
0.02
0.15
4.91
2.42
0.59
7.37
15.58
2.58
2.68
1.36
7.48
3.73
5.44
3.03
5.23
1.18
0.02
0.05
0
0
0.01
1.71
1.09
0.07
0
0
0.91
0.34
0
0
0.25
0.02
0.02
0
0
2.65
1.59
0
0
0
0.01
0
0
0
1.57
0
2.44
0
0.07
0
4.29
0.45
0.07
0
0.25
0.06
1.1
0
0
0
0
0
1.05
6.93
0.24
0.43
0
0
0
0
0.63
3.1
0.54
0.71
0
0.69
0.14
0
0
0
0
0
0
0
0
0.01
0.01
0
0
0
0
0
0
0
0
0
1.11
0
0
0
0
0
0
0
0
0
0
0
0.05
0.01
0.01
0
0
0
0
0
0
0
0
0.02
0
0
0
0
2.21
0.1
5.04
0.07
9.41
1.27
0.05
0.04
0
0
0
0
0
0
0
0
0
0
0
0.13
0
0
0.02
0
0
0.15
0
0
0
0
1.36
0
0.04
1.41
0
0.01
0
1.11
0.15
0.16
0
1.22
8.25
2.13
0.04
0.04
0
0.01
0
0
0
0.01
0.04
0
0.93
0.72
1.17
0
0.28
0.34
0
0.43
4.91
2.43
0
0
0
0.01
1.21
1.33
0.04
0.02
0.02
0.02
0.12
19.33
10.82
0.99
0.01
0
0
0
0
0
0
0
0
0.44
0.02
0.03
0.02
0.14
0.14
1.16
0.66
0.33
0.02
0.01
0
0.01
0.29
0.24
0
0.01
0
0
0
0.71
0.21
0
0
0.32
1.98
0.07
4.95
7.8
0.82
0.7
5.92
3.88
0.02
0.52
1.64
2.87
0.12
0.02
0
0
0.98
0.8
1.06
0.19
2.93
0.65
0.22
0
2.95
12.97
16.71
27.25
17.42
17.37
5.66
3.5
14.74
14.19
9.06
5.47
3.73
0.27
3.72
8
1.54
0.64
5.9
0.6
0.01
3.79
3.05
8.44
10.52
1.55
0.03
2.85
1.95
1.1
3.25
0.04
0.21
0.19
0
0
0.93
0.03
0.01
0
0
0.04
1.28
0.44
0
0.42
3.77
1.57
0.05
0.66
9.55
3.73
0.01
0.03
0
0.02
0.35
5.03
19.83
4.59
1.41
0.22
0.24
6.72
7.16
5.12
1.52
9.75
3.9
1.63
2.34
0.59
4.64
5.87
0.55
9.32
3.44
6.76
1.06
0
0
0
0
0
0.01
0
0
0
0.07
0.48
0.11
4.4
1.39
3.57
18.81
8.86
1.13
0.14
0.62
4.43
0.64
2.16
0.16
0.06
4.06
0.51
0
1.86
3.02
0.38
0.01
0
0
2.06
7.52
10.62
5.43
5.29
11.28
5.43
0.81
0.03
0.81
1.93
0.36
0
2.82
0
0
0
0
3.3
2.07
3.64
4.26
0.38
0.65
0.05
2
13.22
9.23
2.18
5.62
10.5
10.46
2.66
0
0
0
0
0
0.01
0
0.01
0.75
0
0
0.05
1.49
0.8
0
0
0
0
0.02
0
0
0
0
0.01
5.09
13.65
4.03
3.77
8.89
4.16
1.04
4.21
1.48
0.09
0.66
1.09
0
0
0
0
3.72
12.11
1.25
1.48
4.81
3.33
0
0.5
8.89
7.14
0.26
0
0.77
0
0.88
0.02
0
0.41
0
0
0
0.01
0
0
0
0
0.01
0.02
0.03
0
0
0
0
0.02
0
0
0
0
0
0.02
0
0
0
0
0.03
0.47
0.15
0.88
0.74
0
0
0
0.01
0
0
0.09
6.88
0.06
0
0
0.5
0
0
0
0
0
0
0
0
17.3
1.87
0
0
0
0.03
0.5
0
0
0
0
0.19
0
0.73
0.93
16.79
4.77
1.34
4.02
0.47
0.02
0
1.16
0
0
0
0
0
0
0
0
0.03
2.41
0.65
0
0
0.15
6.78
17.93
4.29
5.54
0.13
0
0
0
0
0
0
0
0
0
0
0
0
0
0
0
1.65
2.86
10.69
3.46
0.52
0.2
0
0
0
0
0.61
8.62
2.45
0.64
0.02
0.14
0.07
8.24
2.41
1.59
0.92
0.12
4.55
3.22
2.73
1.52
0
0
0
0
0
0.02
4.25
4.64
4.1
3.83
0.53
0.2
5.43
12.34
12.03
3.8
0.31
0.23
0.13
0.12
0.57
0.16
0
0.05
0.07
0.87
0.62
4.84
19.92
15.95
3.03
0
0
0
0
0
0.09
2.1
1.95
0.05
0.01
0
1.11
2.55
2.29
2.36
8.95
7.16
3.13
0.32
0
0.01
0
0.03
0
0
0.02
0.82
0.21
0
0
0.01
0
0
0.55
3.33
11.41
3.24
2.21
0.29
0.02
0
0
0.01
0
0
0
0
0
0
0
0.02
1.51
4.27
6.07
9.77
3.62
0.92
6.6
3.7
1.21
1.26
0
0
0
0
0.07
0.14
0
0
3.18
4.8
0.16
0.12
0
1.75
0.18
0
12.83
1.45
1.72
6.45
7.18
9.91
2.95
0
0
0
1.89
1.31
4.05
2.84
3.11
7.01
3.74
0.18
0.11
0
0
0
0
3.95
0.23
0
0
0
0
0.05
0
0.02
0
0.01
0
0
0
0
0.14
1.89
0.94
20.75
2.6
1.19
0.34
0
0.17
0.07
0.16
7.61
3.73
4.02
2.73
3.34
0.21
0.51
0.23
19.49
1.27
0
0
0
4.5
2.38
5.4
0.64
0
0.11
0.72
0.16
0
0.02
1.59
0
0.22
0
2.58
10.04
6.41
13.16
7.87
0.73
0
0
0.02
1.11
3.72
10.52
6.95
0.86
1.09
0.29
0
0
0
0
0
0
0
0
0
0.04
0
0
0.01
0
0
0.01
0.83
0
0.16
0.59
0.32
1.39
0.34
0.1
0
0
0.01
0
0.01
0
0
3.29
0
0
0
0
0
0.03
0.02
0
0
0
0
0
0
0
0
0
0.09
0.49
0
0.38
0.05
0
0
0
0
0
0
0
0
0
2.66
0.76
0
0
0
0.23
0.53
0
0
0.02
0
0
0
0
0.03
0
0
0.01
0
0
0.11
0.41
0.4
0.01
0.01
0
0
0
0
0
0
0.02
0
0
0
0.01
0.01
0
0
0
0.02
0
0.02
0.07
0
0.05
0
0
0
0
0
0
0
0
0
0
0
0
0
0
0
0
0
0
0
0
0
0
0
0
0
0
2.46
10.11
3.26
5.34
12.79
1.67
0
0
0.04
0.08
8.34
18.14
20.5
10.93
1.99
0.46
0.07
1.08
0.76
0.27
0
0.14
11.47
2.7
0.02
0.53
2.19
1.1
1.67
1.18
2.63
0.32
0
0
0
0
0
0
0.1
3.05
3.23
0.02
0.18
0.24
0.13
0
0
0
0.05
0.05
0.19
0.65
0.34
0.09
3.34
0.49
0.04
0.01
0.14
0
0
0.02
0
0
0
0
0
0
0
0.09
0.52
0.5
0
0
0.02
0
0.02
0.12
0.02
0
0
0
0
0.64
1.96
3.14
0.75
0
0
0
0
0
0
0
0
0.02
0.26
0
0
0
0
0.03
0.01
0
0
0.45
0.36
0.05
0.01
0.02
0
0.01
0
0
0.72
0.05
0.01
0
0
0
0
0
0
0
0
0
0
0
0
0
0.01
0.47
0
0.16
0
0
0
0.01
0
0
0
0
0
0
0
0
0
0
0
1.86
2.4
0.51
0.05
0.02
0
0
0.01
0
0
0
0
0
17.77
9.12
15.02
11.8
4.36
0.82
0.02
0.06
2.69
0.75
1.77
1.91
2.83
0.43
0
0.15
2.34
3.89
1.62
0.63
0.04
0
0.01
0.26
0.09
1.71
7.64
8.31
4.83
0.86
0
5.02
7.34
0.29
0.21
0.59
0.33
0
0
0
0.13
0.22
0.2
0
0
0
0
8.85
5.2
0.77
0
0
0
0
0
0
0.06
0
0
0
0.01
6.34
0.34
0
0
0
0.01
0.21
0
0.01
0.01
0
0
0
0
0
0.01
2.46
4.8
1.04
0
0
0
0
0
0
0
0
0
0
0
0
0
0.01
0
0
0
0
0
0
0
0
0
0
0
0
0
0
0
0
0
0
0
0.08
0.35
2.65
0.72
0
0.02
0
0
0
0
0
0.02
0
0
0
0
0
0
0
0
0
0
0.02
0
0
0.07
0.02
0
0
0
0
0
0
0
0
0
0
0.01
0
0
0
0
0
0
1.11
0.15
1.06
0
0
0
0
0
0
0
0
0
0
0
0
0
0
4.75
0.54
5.56
4.91
1.94
20.09
0
0
0
0
0
0
0
0
0
0
0.02
0
0.84
1.73
0
4.34
0.21
0
0.05
9.6
12.5
14.8
11.49
0.8
0.11
9.84
5.3
6.22
2.73
0.15
0.24
9.44
0.95
0.52
5.18
12.66
11.1
0
0
1.05
10.64
2.88
4.63
0.92
0
0.02
0
0.02
0.16
4.53
0
0
0.02
0.13
0
0
0
2.48
8.4
0.73
0.15
0.04
0.01
0
0
0
0
0
0.14
0.35
0
0.01
0
0
0.02
1.3
9.04
1.82
1.47
0.36
0.2
0.38
0.13
0.21
0
0
0
3.74
0.05
0.09
0.04
0.22
0.05
1.58
0.69
0.01
0.01
0
0
0
0.07
0.03
0.3
0.22
0.34
2.66
1.53
0
0.48
3.05
2.27
7.53
7.83
3.39
1.77
8.36
2.77
0.32
0.14
0
4.29
0
0.06
0
0
2.87
1.63
0
0
0.52
0.73
0
0.08
0
4.01
0.04
0
0.05
0.01
0.04
0.04
1.38
0.82
2.02
0.52
4.12
7.93
1.26
0.07
0
0.21
0.19
0.91
0.51
0.02
0.04
11.26
3.92
3.96
13.26
11.74
3.44
1.08
3.75
3.29
0.84
0.02
0.18
0.88
10.63
1.02
7.21
0.52
0.53
1.83
3.51
2.78
8.48
15.3
6.58
3.99
9.46
1.07
9.91
0.25
0.73
11.18
9.3
0.35
0.03
1.48
0.13
0.18
0
0.15
0
0
0
0
0
0
0
0
0
0
0
0
0.01
0.1
6.55
1.05
6.9
1.17
1.73
2.85
0
0.04
0
0
0.01
0.04
0.02
0.71
0.83
0.19
0.07
0.04
1.18
8.5
3.26
12.1
4.58
2.48
0.52
0.24
0
0
0
0
7.73
0.89
0.86
1.73
0.38
0.01
0
0.01
0
0
2.53
0.36
0.52
0.87
1.2
0.01
0
0
0
0.01
0
0.02
0.95
1.54
1.3
0.4
0
0
0.01
0
0
0
0
0
0
0
0.17
0
0
0
0
0
0
0.01
1.1
1.69
2.2
0
0.03
0.2
0.05
0.01
0.2
0
0.4
2.96
4.52
0
0
0
0
0
0.02
0
0
0
0
0
0
0
0
0
0.03
0.2
0
0
0
0.02
0.89
0
0.01
0.67
5.69
0.05
0.02
0
0
0
0
0
0
0.01
0
0.21
1.52
0.08
0
0
0
0
0.02
0
0.87
0.02
1.41
0.4
0.27
0.11
0.01
0
0
0
0
0
0
0
0
0
0
0
0
0
0
0
0.08
8.93
1.14
1.07
0.37
1.64
8.89
12.66
0.54
0
0
0
0
0
0.02
0
0
0
0.05
0
0
0
9.28
0.37
0.05
16.41
0
5.89
5.54
0.27
0.11
0.02
0
0
0
0
0.11
0.27
0.73
0.02
0
0.02
0.86
0.07
0
0
0
0
0.01
0
3.47
7.39
2.41
0.97
0
0
0
0
0
0
0
1.2
0.89
0.02
0.46
0
0
0
0
0
0
0.1
0
0
0
0
0
2.25
0
0.02
0.06
0.08
5.34
13.45
0.34
0
0.01
0.34
26.83
7.25
0.12
9.93
0.79
0.54
0.19
1.65
6.58
9.89
11.96
9.16
2.43
0.08
0.02
0.06
0
0.08
0
6.13
4.11
1.76
5.77
2.95
7.27
7.01
1.88
0.2
4.73
3.21
0
0.03
0.03
0
0
5.33
5.4
2.48
1.46
0.08
0.21
1.06
14.66
2.27
5.25
5.83
4.7
13.96
2.88
7.99
2.93
2.01
4.69
4.57
0.21
0.45
0.07
0.01
2.34
0.14
0
0.16
1.85
0.73
1.09
0.58
0.68
8.69
3.31
0.28
0.09
0.34
0
0
0
0
0
0
0.01
0
0
0
0
0
0
0.63
2.62
2.19
1.32
0.21
1.25
2.07
0.53
0
0
0.27
0.18
0.32
2.14
14.89
3.11
0.91
0.27
0
0
0
0
0
0
5.45
0
0
0.18
0.07
0
0.02
0.42
2.59
8.77
0
0
11.88
0
1.77
0.53
0
0
0
0
0
0
0
0
0
0
0
0.05
0
0
0
0
0
0
0
0
0
0.9
3.86
5.4
2.93
2.12
1.26
1.32
0.02
0.59
2.46
0
0
0.5
0
0
0
0
0
0.27
0
0.04
0.08
0.1
5.71
0.76
0.52
0
0
0
0.02
0
0.01
0.03
0
0
1.35
9.76
0.28
4.27
0
0.01
0
0
0.07
4.51
17.7
0
0.02
11.63
0.06
0.01
0
0
0
0
0
0
0
0
0
0
0.08
0
0
0
0
0.01
0
0
0.05
0
0
0
0
0.05
0.01
0
0
0
0.01
0
0
0
0
0
0.05
0
0
0
0
0
0.1
0
0
0
0
0
0
0
0
0
0
0
0.3
0.91
0.07
2.16
0.02
0
0
0
0.27
0
0.02
0
0
0.02
0
3.46
0.76
0.14
1.44
1.03
1.32
0.18
8.6
6.61
2.27
3.37
0
0.02
0.4
1.16
0.84
0.76
0.29
0.12
0.19
0
0
0.01
0
2.29
24.3
14.8
14.91
11.69
8.28
2.64
1.52
0.26
0
0
0
0
0
0.01
0
0
0.01
0
0
0.01
0
0
0
0.05
0.72
21.23
6.21
0.34
0.77
1.3
1.94
0
5.15
9.64
1.48
10.33
5.63
3.34
1.18
0.41
0.04
0
0.01
0
0.06
0.04
0
12.3
5.73
8.65
35.41
7.9
0.32
1.08
0.46
0.07
0.02
0
1.81
0.43
0
0
0
0.01
0.01
8.41
8.28
0.45
0.23
0
0.01
0.01
0.01
0
0
0
0
0
0.01
0.71
0.86
0.02
0
0
0
0
0
0
0
0
0
0
0
0
0
0
0
0.37
9.2
0.36
0.05
2.7
1.67
0.09
0.6
0.55
0.42
0
0
0
0
0.07
0.91
19.2
0.44
0
6.64
3.25
1.23
1.67
0.31
0
0
0
0.09
2.18
2.27
0.28
1.15
0.68
0
0.05
0.01
0.05
1.35
2.82
0.04
0.38
0.05
0.09
0.1
0.01
0.01
0
0
0.06
0
0
0
0
0
0
0
0
0
0
0
0
0
0.84
12.73
2.3
4.35
3.45
7.3
20.61
0.06
0
0.02
0.01
0
0
0.02
0.01
0
0
0
0
0.01
0.42
0
0.69
2.57
0.39
1.94
0.82
0.03
0.02
1.66
4.83
0.45
0.66
0
0
0
0
0
0
5.02
12.27
1.42
0.16
0
0.01
0.02
0.09
0.05
0.1
0
0
0
0
0
0
0
0
0
0.01
0.01
0
0
0.05
0
0
0
0
0.01
0
0.01
0
0
0
0.71
0.51
0
0
0.02
0.1
0
0
0
0.05
0
2.18
14.34
17.06
5.66
0.8
1.02
2.96
0.18
0
0
0
0.01
0
3.9
3.92
1.37
0.01
0
0
0
0
0.02
0.13
0.01
0.02
0.67
0
0
0
0
0
0
0
0
0
0
0.16
0.32
2.37
0.39
0
0
0.1
0.43
1.33
0
0
0
0
0
0.03
0.02
17.1
0.03
0
9.86
0.02
0
0.04
0.54
3.36
0.02
0
0
0.29
0.07
0
0.01
0
0.01
0
0.01
0
17.59
0.3
0.12
0
0
0
0.32
0
0.08
3.26
2.71
0.77
0
0
1.43
0.16
0
0.17
0.04
0
0
0
0.01
0.02
0
0.36
15.66
0
0
0
0
0
0
0
0
0
0.11
0
0.11
2.48
3.13
0
0.3
0.02
2.15
8.87
3.86
0.02
0
0
0.46
0.56
3.03
6.04
0
0
0
5.3
5.97
0.2
0
0.01
0
0
0.03
0
1.23
2.71
1.21
0.07
0.04
0
10.78
24.41
2.54
0.86
0.08
0
0.02
0.04
0
0
0
0
0.21
0
0
0.03
0
0
0.01
1.67
1.43
0.09
0.01
0.66
0.45
0.01
0.03
0
0
0
0
0
0
0
0
0
0
0
0
0
0
0
0.7
0.03
0
0
0
0
0
0
0
0
0
0
0
0
0
2.45
0.64
1.08
1.66
4.28
0.51
12.9
20.23
1.34
1.97
1.67
5.22
3.41
17.49
0.95
0.07
0.25
3.04
0.02
0.03
0.02
0.25
0.05
0
0.36
0.37
0.08
0
0
0.09
0.1
5.3
0.13
0.02
0
0
0
0
0
0
10.23
1.77
0.13
2.07
4.09
4
17.63
11
4.32
0.76
0.1
0.59
1.43
0.25
0
0.02
0.02
0
2
0.17
11.55
6.75
2.82
0.32
0
0.02
0
3.59
0.61
2.93
3.49
0.06
1.68
0.04
0
0
0.01
0.01
0.03
0
0
20.78
9.1
1.12
5.66
0.41
0
0
0.02
2.13
0.41
0.06
0.01
0.48
0.54
0
0
6.03
25.83
0
0.07
0.03
0
0.17
5.36
9.42
9.83
1.54
0.01
0.86
8.87
0
0
12.59
5.51
2.58
1.05
4.96
0.32
0
0
0
0
3.05
0.43
0
0
0
0
0.25
6.8
15.88
23.27
6.79
8.72
4.57
3.38
2.27
0.15
0
0
0
0.19
0.03
0
0.08
0.78
0.14
0
0
0
0
2.1
1.51
0.25
0
0
0
0.09
1
0
0.01
0
0
0.05
0
0
0
0
0.32
2.23
1.25
0.02
0
0
0
0
0
0
0
0
0.18
0
0
2.64
0.21
0
0
0
0.67
2.06
10.22
1.23
0
0
0
0.01
0
0
0
0
0
0
0
0.09
0.16
0
0
0
0
0
0
0
0
0.31
0
0
0
0
0
0.01
0
0
0.01
0.01
0.24
0
0
0
0
0
0
0.04
0
0
0.02
0
0
0.02
0
0
0
0.01
0
0
0
0
0.01
4.22
0
0
0
0
0
0
0.01
0
0
0
0.51
8.59
7.82
0
0.01
0
0
0
0
0
0
0
0.07
0.19
0
0
0
0
0
0.01
0
0
0
0
0
0
0.01
0.02
0
2.57
10.53
2.99
0.46
0.06
0.11
5.24
0.59
2.44
1.01
2.97
9.1
12.65
3.22
0.22
0
0
0
0
0
0
0.01
0
2.76
10.93
16.68
3.21
0
0.77
0.34
0.01
0
0.08
0.05
0.01
0
0.02
0
0.01
1.12
17.29
5.38
8.47
7.38
1.59
3.53
7.08
0.54
0
0.62
0
0.01
0.02
2.72
2.85
0.67
0.13
0.05
0.01
0
0
0.01
0.15
0
0
0.46
2.19
0.48
0.05
0.01
0
0.06
0.05
0.05
0.01
0.04
0
0
0
0
0
0
0.01
0
0
0
0
0
0
0
0.12
0.31
0.13
0.02
0
0.01
0.05
0.27
0.02
0.02
0.01
0.24
0.11
0
0
0.02
0
2.9
12.04
1.35
1.41
0.95
0.05
4.71
9.42
7.25
7.23
1.46
0.08
2.32
0.5
0
0.86
3.07
4.98
4.5
0.23
0
0
0
0.02
0
0
0
0
0.54
0
0
0.04
0.04
0.01
0.16
0
10.27
0.34
1.25
0.02
0.17
0
0
0
0
1.18
0.36
0
0
0
0
0
0
0
0.02
7.06
2.14
0.55
5.52
2.77
3.15
0.18
0
0
1.68
0.01
0
0
0
0
0
0
0
0
0
0
0
0
0
0
0
0
0.01
0.13
0.52
0
0
0.01
2.59
7.07
0.36
2.27
1.12
2.83
4.65
0.04
0
0.01
0.11
4.21
0.32
0.08
0
0.13
11.29
11.68
3.73
0
0
0
0.01
5.14
11.48
0
0
0.02
0.01
0
0
0
0
0.01
0.28
0
1.53
0.15
5.98
6.3
2.83
16.65
0.04
0
0.19
0
0
0
0
0
0
0.02
8.87
0.14
0.05
0.14
9.64
0.08
0.1
0
0
0
13.57
1.45
1.55
11.28
0.05
0
0
0
0
0
4.61
10.14
16.45
2.42
0
0
0
0
0
0
0
0.01
0
0.08
0
0
0
0
0.02
0
0
0
0
0
0
0
0
0
0.09
0.01
0
0
0.01
0
0
0
0
0
0
0
0.01
0
0
0
0
0
0
0
0
0.05
0
0
0.31
2.16
7.75
6.55
0
0
0.02
0
0.01
0
0
0.04
0
0.05
0.66
0.03
0
0
0
0
0
0.17
0
0
0
0
0.4
9.6
0
0
0
0
0
0.01
0
0
0
0
0.02
0
0
0
0
0
0
0
0
0
0
0
0.56
0.2
5.38
21.18
0
0.05
0.15
0
0
0
0
0
0
0
0
0
0
0
0.45
1.7
4.26
0.43
0.01
0.05
0.2
0.02
0.02
0
0
0.01
0
0
0
0.01
0.02
0.01
0
0
0
0.11
0.12
0
0
0
0.35
0.09
0.02
0.05
0.15
0
0
0
0
0.04
0.6
0.52
12.77
5.83
0.2
0.55
1.89
1.07
0
0
0.07
0
0
0
0
0
0.02
2.22
9.6
1.11
0.07
0.34
0.01
1.07
0.05
0.16
0.13
0.01
8.98
17
7.97
0.71
1.45
3.1
0.63
0
3.99
1.38
0.07
0.14
0.02
0
0
0.02
0.02
0.1
0
0.01
11.58
2.59
0.01
0.09
0.01
0
0.01
0.5
0.21
3.08
6.89
5.3
1.89
0.88
0.66
0.8
0.13
1.08
0.43
0.16
0.34
0.04
0
0
0.01
1.38
0.02
0
0
0
0
0
0
13.97
17.27
17.3
10.23
9.3
6.62
2.48
2.83
1.48
1.08
11.3
17.07
3
2.17
2.04
29.27
1.24
2.91
10.68
1.67
6.85
0.47
0.05
0.24
7.09
1.16
0.39
0.06
0
0.14
1.76
2.41
0.1
0.04
1.69
1.52
3.79
0.49
15.01
7.91
6.12
9.25
13.2
8.83
6.4
0.84
0
13.54
1.67
0.01
0.01
0
0
0
0
0.4
0.8
0
0
0.32
0.67
7.68
1.48
0.44
0.02
0.03
0
0.06
1.14
1.1
1.24
0
0.03
0
0
0.02
0.03
0
0.07
3.8
4.21
11.76
6.86
3.56
2.76
0.13
0
2.69
1.3
9.56
5.16
10.1
3.4
1.77
8.9
11.88
4.25
1.46
8.91
4.41
0.84
5.56
6.45
3.32
0.84
0.36
0
0
0
0
0
0
0
0
0
0
0
0
0
0.95
0.91
2
5.04
0.26
0
0
0
0.01
0
0
0.02
0.07
0
0
0.44
0
0
0
0.92
2.12
0
0
0
0
0.8
2.3
0
0
0
0
0
0
0
0
0
0
0
0
0
0.03
0.17
0
0.02
0
0
0.01
0.7
0
0
2.12
3.64
0.29
0.14
0.02
0
0.36
0.46
0.5
0.73
1.59
0
0.01
0
0
0
0
0
2.69
0.15
0
0.06
0.9
10.3
1.53
0.37
0
20.52
2.89
0.01
0.02
1.42
0.29
4.84
0.38
0.03
0
0
0
0
0
0.02
1.68
0
0
0
0
0
0.01
0
0.03
0.01
0
0
0
0
0.46
1.49
0.12
2.42
2.81
0.11
0
0.07
15.51
11.69
2.01
0.54
0.01
0
0
0
2.6
2.78
0.03
1.07
8.35
13.56
0.56
0.26
0.03
5.72
4.07
3.2
0.98
4.89
2.09
3.43
1.26
0.16
0
0.13
3.25
0.57
0.93
7.08
3.19
6.88
4.09
5.17
2.54
2.3
9.54
3.73
0.01
0.04
1.44
0.46
0
0.04
0
0.01
0.01
0
0.01
0.11
0.04
0
0
2.97
6.58
0.77
2.66
2.12
0.2
1.39
0.18
0.02
0.05
0.01
0.04
0.01
0
0
0
0
0
0
0
0
0
0
0
0
0
0
0
0
0
0
0.02
0
0
0
0.01
0
0
6.67
0.97
0.04
0.25
0.44
0.12
0.09
0
0
0.28
0.67
5.44
8.84
5.36
0.25
0.02
0.02
0
0
0
0
0
0.02
0.01
0
0
0
0
0
0
0
0
0
0
0
0
0
0
0
0
0
0.01
0
0.01
0.02
0.06
12.77
0.04
0.37
0
0
0
0
0
0
0
0
0
0
0
0
0
0
0.02
0
0
0
0
0
0
0
5.25
5.59
6.1
0.31
2.05
8.44
8.67
2.97
7.53
3.14
1.96
0.04
0
0
0
0
0
15.3
21.16
14.38
1
0.25
0.45
6.31
29.88
2.59
0.04
0.06
0
0
0.04
0
0.5
0
0
0
0
0.15
0.03
0.11
1.18
0
0
0
0
0
0.97
1.34
0.09
0
0
0.03
0.02
0
0
0
0
0
0
0.05
0
0
0.02
0
0
1.39
0.63
1.91
0.99
0.27
0
0.05
0.09
0.15
0.11
0
0
0
0
0
0.02
0
0
0
0
0
0
0
0.01
0
0
0
1.83
5.66
0.23
0
0
0
0.02
1.81
2.44
0
0.16
0.01
0
0
0.11
1.25
1.16
0
0
0
0
0.05
0
0
0.27
0.83
0
0
0
0
0
0
0
0
0
0
0
0.02
0
0
0
0
0
0
0
0
0
0
0
1.03
0.06
2.49
3.17
0
0
0.03
3.22
0.81
0
1.36
0.73
0.22
0.78
0.16
0.07
0
0
0
0.03
0
0
0.25
0.31
0.62
2
3.08
29.09
2.27
1.25
0.48
0.89
0.92
1.84
0.38
0.03
0.03
0
0.01
0
0
0
0.04
0
0
0
0
0
0
0
0
0
0
0.01
2.19
1.36
4.38
0.06
0.44
1.71
2.16
8.88
7.39
0.97
9.75
4.12
0.42
0
0.01
0
0
0
0.28
0
1.47
3.41
1.91
9.25
2.97
1.16
0.27
0.12
0.3
0.84
0.69
6.84
3.59
3.56
1.25
0.27
3.09
0.13
0.2
1.8
2.78
9.41
5.91
2.38
0.49
3.44
0.47
0.92
3.86
6.19
0.19
0
1.75
0.31
0
0
0.01
3.18
0.35
0.08
0.41
3.53
0.03
0.2
1.62
0.06
0.92
0.44
29.5
15.75
6.78
2.73
0.04
0
0.03
0
0
0
0.01
0
0
0
0
0
0
0
0
0
0
0
0.04
0
0
0
0.01
0.02
0.06
0.16
4.91
0.44
0.31
7.19
1.44
1.56
2.22
7.03
0.02
0.75
1.12
0.12
1.05
1.38
0.09
0.13
0
0
0
0
0
0.07
0
0
0.14
0.05
0
0
0
0.02
0.02
0
0
0
0
0
0
0
0
0
0
0
0.2
14.56
2.16
0.61
0.12
3.69
0.17
0.01
0
0
0
0
0
0
0
28.44
20.62
2.3
0.03
0.09
0.09
4.12
2.08
3.19
0.44
0.31
1.06
0.48
0.02
0.25
3.98
28.25
4.12
0.18
0
0
0.81
10.27
5.35
1.14
6.15
5.35
0.21
0.48
0.09
3.41
8.19
7.05
5.59
10.78
5.97
0.44
6.41
0
0.09
5.26
6.2
1.77
0.45
0.54
0.02
0
0
0
0
0.31
0
0
0.04
2.23
0.97
2.06
0
20.69
0.38
2.77
12.57
0
0
0
0
0
0
0
0.05
0
5.77
2.41
0.96
0
0
0.07
9.8
0.02
0.01
12.05
7.33
1.08
0.02
11.52
0.06
0
0
1.8
0.5
0.02
0
0
0.52
0
0
0
0
0
0
0
1.7
1.16
0.01
0
0
0
0
0
0.02
0
0
0
0
0.02
1.01
11.17
0.11
0.31
6.25
0.03
0
0
0
0
0
0
0
0.67
0.02
0.24
0
0
0
0
0
0.03
0.92
0
0
0
0
0
0
0
0.36
0.08
0.02
0.82
19.19
0.05
0
0
0
0
0
0
0
0
0
0
0
0
0
0
0
0
0
0
0
0
0
0
0
0
0.16
0
0
0
0
0
0
0
1.34
0
0.66
7.64
13.06
0.99
0.42
0
0
6.52
7.12
0
0.11
0
0
0
0
1
16.5
0.09
0.84
0
0
0
0
0
0
0
0.02
0
0
0.01
0
0
0
1.59
14.94
6.47
1.17
1.73
0.06
11.05
0.05
0.08
0.06
0
0.02
0
0
0
4.31
0
11.81
16.72
1.53
2.33
0.01
0.1
0
0
0.02
0.97
0.87
0
0.03
0.01
0
0
0.01
0.01
0
0
0.09
0.47
1.12
0.2
0
0
0.07
1.56
4.11
0.81
0.02
2.81
5.09
0.45
2.16
4.88
2.62
0.02
0.14
1.81
1.47
0.27
0
0.08
4.29
0.12
0.23
0.11
0.41
0.64
0.15
0.03
5.27
1.84
0.23
0.06
2.22
3.97
1.41
0.69
0.17
0.05
0
0
14.5
8.34
0.56
0.29
0.23
0.01
0
0
0
0
0
0
6.69
9.12
2.57
13.67
0.98
9.31
0.65
0.5
0.6
4.69
2.17
0.06
0.17
0.28
0.45
0
8.12
9.05
11.86
9.77
22.59
0.25
7.38
2.09
0.04
0
0
0
0
0
0
0
15.59
1.25
0
0
0
0
0
0
1.33
0
0
0.67
0.06
0.03
10.81
3.81
0.03
0.02
0.03
0.01
0
0
0
0
0
0
3.42
0
0
0
0
0
0
0
0
0
0
0
0
0.7
2.28
0.24
0
0
0
0
0.86
6.72
13.45
6.44
0.02
1.18
0.73
1.21
0.03
0
0
0.03
10.11
6.07
6.36
1.12
2.58
1.58
3.72
4.3
6.66
5.11
0.41
0.68
0.48
4.61
0.81
0
0.01
0
0.45
8.03
1.17
0.38
0
0
0.11
0
0
0
0.01
0
0.01
0
0
4.03
0.39
0
0
0.32
1.08
0.15
0
12.32
5.98
4.2
3.84
5.53
2.86
0.42
0.05
0
0
0
13.59
3.38
0.02
0.94
0
10.53
6.91
13.44
4.84
0.12
0
0
0
0.01
0
0
0.03
0
0
0
0
0
0
0
0
2.39
0.31
0
0
0
0.02
0
0
0
0
0
0
0
0
0
0
0
0
0
1.34
0.02
0
0
0
0
6.02
0
0.04
0
0
0
0
0
0
0
0
2.32
0
0
0.21
0
0
0.01
1.62
0.02
0
0
0.27
1.36
0
1.37
0
0
0
0.39
0.02
25.91
27.06
1.57
0.08
0
0
0
0
0.01
1.39
0
0
0.01
0.52
21.34
4.31
1.91
0.03
0.02
0
0.08
0.22
0
0.06
20.87
0.55
0.02
0
0
0
0
0
0
9.69
0.03
0.04
0
0
0
0
0
0
0
0
0
0.03
0.95
0.66
0
0
0
0
0
0
0
0
0
0
0.03
39
10.19
16.06
2.62
8.77
1.22
0.17
0.03
0
0
0
0
0
0
0
0
0
0.02
0
0
0
0.02
0.25
3.67
17.91
0
0.28
2.09
0.42
2.75
0.28
0.06
1.08
4.8
0.12
0.03
0.25
1.44
0.05
5.61
0.41
0.12
0
0.02
0.01
0
0.01
0
0
0
0.01
0.01
0.02
0.02
0.02
2.22
3.84
5.22
12.28
0.14
0.02
0.01
0
0.01
0
0
0
8.34
4.27
0.32
0
0.03
0.12
0.03
0
0
0
0
0
0
0
0
0
0
0.01
0
0
0
0
0
0
0
0
0
0
0
0
0
0
0
0
0
0
0
0
0.03
0.25
2.47
0.75
0.02
0
0
0.02
0.52
0.05
0
0
0
0.09
0.38
1.3
0
0
0
0
8.75
0.66
0.41
2.31
4.72
0.2
0.19
0.09
14.88
13.47
4.34
4.91
0.73
0.12
0.53
0.08
0.36
1.19
7.38
3.62
0.53
2.38
3.16
1.06
0.59
0.01
1.09
4.17
1.3
0.39
0.88
0
0
0
0.02
0
0
0.56
0
4.09
3.25
0.03
0.02
0
0
0
0.06
9.55
9.22
0.38
19.06
3.19
0.21
0
5.6
4.41
2.11
0.02
0.45
1.88
5.42
1
0.02
0
0
0
0
0
0
0.01
0
0
2.41
0.62
0
0
0
0
0
0
0
0.02
0.56
0.66
0
0
0
0
0
0
0
0.87
0.61
0
0
0
0
0
0
0
0
0
0
0
0.64
1.5
0.75
0.04
0
0
0.16
0.38
0
0
0.01
0
1.34
0
0
0
0
0
0
0
0
4.83
0
0
0
0
0.5
0
0
0
0.31
0
0
0
0
0
0
0
0
0
0
0
0.01
0
0
0.2
0.35
0.05
0
0.05
0
0
0.07
0
0
0.05
0
0
0
0.02
0
0
0.02
2.53
0.31
0
0
0
0
0
0.22
0.22
1
4.02
0.04
0.34
0.03
0
0
0
0
0
0
0
0.38
0.01
0
0
2.08
6.08
13.14
0.7
0
0.08
0.03
4.92
6.63
4.28
0.74
0.17
0.03
0
0.19
0
0
0
1.83
0.37
0
0
0.01
0
0
0
0.03
0.16
0.08
10.92
2.27
1.03
0
0
0.02
1.45
0.45
0.56
8
7.59
10.84
3.19
3.12
0.35
0
0
0.06
0
0
0.26
2.26
0.04
0.38
2.35
0.48
0
0
0.01
3.11
2.7
0.56
0.06
0
0
1.22
2.83
4.42
3.23
2.06
0.55
2.92
8.03
6.97
2.41
7.26
1.09
0.01
3.98
0.41
0
0
0
0
0.13
1.92
2.16
0.38
2.53
12.12
11.5
10.44
6.53
17.38
20.47
15.56
5
3.44
0.94
0.17
0.03
5.14
1.19
0.49
0.16
0
0
0.05
0
0.02
1.16
0.13
0
