19510101
20.84
7.85
0.39
0.03
0.02
0
0
0
9.09
2.58
1.19
5.63
4.9
0.64
0.14
0.25
0
0.98
0.05
0
0
0.02
3.48
7.56
5.15
3.27
5.96
8.09
0.41
0.35
0.22
0.19
0.13
1.54
22.81
2.04
8.03
1.34
5.69
7.25
9.16
6.41
9.16
2.05
4.54
1.67
0
1.84
2.44
0
6.21
0.48
4.25
8.61
0.87
0.42
0.23
0
0.17
0.47
1.48
1.91
1.07
2.31
1.86
5.51
2.56
1.43
25.21
3.46
21.54
11.74
5.93
1.37
2.34
1.73
1.16
0.03
0.06
0.02
0
0
0.04
0
0.01
0.01
0.24
0
0.03
0.07
0
0.01
0
0.03
0.28
0
0.59
0
0.01
9.02
0.96
0
0
0
0
0
3.17
2.21
4.98
2.46
0.96
1.01
5.03
9.78
11.23
4.33
4.55
4.08
1.9
24.55
4.32
4.22
0
1.14
5.16
4.68
5.25
3.02
0.52
1.74
2.17
0
0.02
0
0
0
0
6.65
0.69
0.91
0.06
0.07
0.07
0
0.34
8.2
0.24
0.52
4.59
3.98
0
0
0.05
5.62
7.45
3.89
0.07
6.34
0
0
0
0.1
0.09
0
0.01
5.57
0.02
2.2
0
0.08
0.19
0
0.69
0
0.02
0
0.79
0
0
0
0
2.79
0.58
0.32
0
0.33
0.59
1.37
3.16
0
0.01
0
0
0
0
0.57
0.01
0
0
0
0
0
0
0
0
0
0
0.45
1.26
0
12.7
9.59
4.64
11.2
0
0
0
0
0
0.03
0
0
0
0.01
0.04
0.05
0
0
0.06
0
0
0
0
0
1.27
7.87
1.21
0.53
0
0
0
0.01
0.66
0
0.01
0
0
0
8.44
13.17
1.08
4.09
0.2
14.56
11.32
1.44
0
0
0
0.06
0
0
0
0.02
1.75
30.44
0.54
0
0.05
0
0
0
0.02
10.38
22.98
1.68
0.58
0.08
0
0.07
0.5
2.82
0
0.08
3.38
0.86
1.77
0.2
0.03
0
0.27
2.8
3.8
1.88
1.05
0
0.18
0.12
0.45
0.77
1.16
0
2.84
0
0.02
0.59
0
0.97
3.32
19.47
20.11
19.16
24.05
7.13
2.54
10.32
2.54
0
0.05
0
1.7
23.23
7.37
1.06
0.21
0.02
0.04
0.03
0.02
0
1.41
0
0.49
0.16
0
0
0.88
1.23
0.01
0.39
0.75
1.16
0.58
0
0.36
2.97
0.35
0.13
0.27
0.84
0
0.04
1.73
3.5
3.35
0.01
1.18
0.43
3.91
0
3.72
1.38
0
0
0
0
0
0.08
0.03
0.25
3.25
0
0.01
0
0
0
4.68
0.27
0
0.01
2.15
0.26
0.8
0.2
3.18
1.78
1.45
6.38
2.41
2.71
13.1
3.51
1.74
2.29
1.35
1.38
0.05
1.41
0.02
0.04
0.01
0
0.04
0.02
1.11
0
1.61
6.34
6.64
3.52
0.82
0.05
1.19
0.42
0.07
0.03
0.04
0.02
0
0.2
1.18
2.71
0
0
0
0
0
0.09
0
0
0
0.01
2.53
2.19
0.82
3.47
3.86
0.02
0.98
0
5.47
1.6
1.37
0.26
0.05
0
0.01
0.8
0
0.01
2.97
9.15
15.22
13.62
5.02
9.82
4.17
1.36
0.98
0.22
1.29
0.04
0
0.05
1.7
11.96
11.66
4.45
15.85
1.11
0
0
0
1.34
0.04
0.05
0.32
0
0
0.01
0.01
1.03
0.42
0.26
1.01
4.13
2.82
1.13
23.26
8.16
4.95
0
0.06
0
0.01
1.14
0.69
0
0
1.84
0.05
0
2.28
4.48
1.88
1.6
1.67
8.38
5.58
1.38
0
0.01
1.72
0.27
0
1.05
0.01
0
0.03
0.64
1.59
1.79
0.81
0
0.07
0.1
0.88
0
0
0.02
0
0.4
0
0.38
0.17
0
2.39
0
0
0.03
0.03
1.12
12.74
0.86
0
0
0.05
0.64
0.98
8.27
10.14
12.23
0
0
0
0.01
0.04
0
0.33
1.44
0.39
1.18
0
0
0
0
2.16
0
4.31
0.47
0.7
1.75
3.82
2.57
3.18
9.92
1.64
1.74
0
0
0
0.75
0.02
0
0
0
0.05
0
0
0
0
0
0
0
0.51
0.18
0.02
0.01
0
0.89
0.96
0
0.03
0.04
5.55
18.94
0.88
0.28
0.02
0.01
0.08
0.01
0.17
0.05
6.73
0
0
0.96
0
0
0
0.96
0
5.72
2.14
0.58
0.27
0
0.02
0
0
0.01
0
0.01
7.93
1.04
0
0
0.29
0.35
0
0.04
0
0.02
4.86
0
0
0.02
0.5
3.11
2.27
0
0.16
0.12
0
0
2.11
7.43
2.6
0.18
0.61
0.05
0.56
6.71
2.1
0.02
2.1
0.11
0
0
0
0.12
0
0
0.17
0.17
0.15
0.18
0.04
0.04
0.02
0
0.07
1.02
0.58
0.64
1.61
6.38
1.22
1.2
0.4
0.52
0.36
2.01
3.88
1.17
1.68
1.37
4.91
12.09
5.93
9.92
0.89
0.07
0
0
0.02
0
0.54
0
0
1.43
6.52
2.2
0.28
0.96
4.15
1.79
0.42
0.07
0.02
0.38
0
0.61
0.4
1.98
4.07
3.93
4.08
0.46
0.74
2.82
2.98
1.36
0.07
1.48
0.66
0.58
0.55
0.17
0.55
1.14
0.05
0.04
0.04
0.04
0.04
0.14
0.03
0.02
0.03
0.04
0.04
0
0.12
0.11
0.03
0.03
0.02
0.02
0.01
0.06
0.01
0
0
0.36
15.18
7.42
0
0.09
0.05
10.04
1.78
0.48
1.47
1.42
0.25
0.06
0.03
0.1
0.02
0
0
0
0.01
0
0
0
0
0
0.02
0
0
0.01
0
0
0.01
0.01
0
0.01
0
0
0.01
1.1
0.27
0
0.12
3.25
4.4
2.31
0.5
0.05
0.02
0
0
0.01
0.03
0.35
0.53
0
0
0.01
5.67
1.85
0.77
0.02
0.15
0.37
13.8
1.72
0.23
0
2.16
0.05
0.02
0
0.01
1.11
17.5
24
5.88
1.64
7.74
0.89
4.81
0.38
10.66
1.35
0
0
0.27
0.03
0.14
0.15
0.02
0
0
0
0
0
0.28
0.45
0.95
10.48
0.85
0.01
1.34
0.03
0.48
0.06
0
0
0
0
0.93
0.01
0.55
0.06
0
0
0
0
0
0
0.24
0
9.7
18.95
4.52
0.36
0.03
0
0
0
0
0
0
2.41
3.44
1.36
13.26
1.72
0
0
0.01
0
5.01
18.07
8.02
12.63
6.62
0.88
0.19
2.18
3.61
5.83
0.09
0.09
0
0.07
0
0
0.09
0.05
0
0
1.22
0
0
0
0
0
0
0
0
0
0
0
0
0
0
0
0
0.52
0
0
0
0
0
0
0
0
0
0
0
3.9
5.63
0.14
0.03
0.01
0
0
0
0
0
0.17
3.2
0.2
0
0
0.01
0
0
0
0
0
0.52
0.23
0.02
9.65
0.82
0.07
0.68
0
0
0
0.02
0
0.13
0
0
0.09
0.02
0.02
0
0
0
0.05
2.74
16.24
2.82
0.24
0.02
0.01
0
1.87
2.73
1.27
0
0.43
0
0
0
0
9.86
13.22
18.53
14.77
7.94
0.17
0.08
0.85
0.2
0.1
0
0.04
0.36
0.95
1.38
1.01
2.1
0.06
0
0.04
0.29
2.54
0.27
0.02
0.06
0
0
0
0
0
0
0
0.03
0.04
0.01
0
0
0
0.01
0
0
0
0
0
0
0.01
0
4.65
0.57
0
0.02
0.77
0.08
3.43
7.33
2.09
0.22
15.84
3.8
0.58
0.05
0
0.02
1.47
2.71
1.77
0.04
3.01
3.3
1.78
0
0.02
0.02
0
0.06
0
0.07
0.11
0.37
0.1
0.04
0.39
0.39
0.03
0.33
0.84
0.87
0.72
0.38
0.36
0.04
0.5
0
0.03
0
0.18
0.05
0
0.01
0.55
0.02
0.03
0.01
0.54
0.02
0
0.05
0.59
0
3.76
5.96
1.85
0.65
0.13
0.49
0.8
0.7
0.72
0.68
0.43
0.96
1.57
13.64
1.25
1.24
4.14
4.71
1.73
0.08
0.02
0.24
0.18
0
0.02
0.03
0
0.6
0.05
0
0.08
1.18
0.13
0.1
1.41
4.36
1.01
0.13
3.45
8.09
3.58
0.48
4.96
7.55
8.91
3.38
0.14
4.09
1.89
1.98
3.3
0
0.19
3.84
5.9
0.41
1.57
0.15
0.02
0.08
0
2.59
4.18
0.74
0
0
0.08
0.06
0.02
0.36
0.36
0
3.11
0.75
0.37
1.41
0
0
0.01
0
0
0
0
0
0
0
0.02
4.66
13.05
8.38
0.03
1.68
0.62
8.7
2.25
0.3
0.01
0
0
0
4.91
2.98
0.26
0.09
9.31
6.82
16.18
17.77
3.4
0.04
0.21
0
0
0.02
0
0.05
0.01
0.02
1.04
0.04
0.01
1.95
4.35
11.52
12.27
26.83
19
3.75
0
0.03
0
1.05
0.68
0
0
0
0
0
0
0
0
0
0
0.97
0.83
5.05
0.2
0.92
0
0
0
0
0
0
0.04
0
0
0
0
0
0
0.59
0.97
0.23
1.88
0.03
0
0
0
1.11
0
0
0
0
0
0.9
0
0
0
0
0
0
0
0
0
0
0
0
0
0
0
0.01
0
0
0
0
0
1.24
0.89
0.43
0.03
0
0
0.55
0
2.8
0.24
0
0
0
0
0
0
0
0
0
0
0
0
0
0
0
0
0
0
0
0
0.14
0
1.82
1.16
0
0
0
0
0
0.01
0
0.01
0
0.01
0
0
0
0
0
0
0
0
0
0
0
0
0
0
0
0
0.01
0
0.02
0.01
0.59
0
1.21
0.41
1.44
0
1.42
0.09
0.41
0
0.01
0
0
0.56
0
0.05
1
0.21
0.03
0.1
1.7
3.97
7.05
11.06
0.34
0
0
0
0
0
0.02
0
0
0
0
0.06
0
1.38
6.21
1.55
0.11
1.94
11.21
6.39
8.87
12.63
5.22
0.39
0.01
0.2
0
0.04
1.66
11.67
3.95
0.02
0.37
0.52
0
0
0
0
0
0
0.01
0
0
0
0
0
0
0
0
0
0
0
0
0.54
6.37
12.13
8.11
6.48
6.09
3.14
1.71
8.37
1.76
0.6
1.83
0.66
1.45
3.9
1.1
9.46
11.3
7.07
3.31
2.4
3.97
2.13
0.38
0
0
1.49
0.09
0.64
4.46
8.02
4.46
12.03
6.03
0
0
1.71
0.03
2.53
0
0.05
0.01
0.37
4.57
4.27
7.51
21.73
14.08
5.71
7.38
3.84
1.73
8.7
4.57
1.98
3.54
3.3
0.82
0
0.11
0
0
0
0
0.15
0.43
0
1.83
1.42
0.52
0.25
0.85
0.36
0
0
2.37
0
1.45
9.41
6.27
5.34
0
0
0.34
0
0
0
0
5.98
0.18
0
0.02
0
0
1.57
0
0
0
0
1.26
0
0
0
0
0.33
0.02
0.33
3.18
0
8.84
2.05
2.12
14.24
6.49
7.04
1.13
0.27
0
2.47
0.47
0
6.17
1.95
0
0.02
3.8
0.02
0.01
0.01
0.05
1.34
1.14
0.81
0.02
0.02
0.11
0.38
0
0.56
0
2.13
2.46
2.86
9.3
8.36
0.47
0
0.01
0.05
1.1
20.37
2.84
0.42
0.46
0.08
6.5
4.46
2.7
9.84
0.68
0.32
0.19
0
0.02
0
0.25
2.41
5.45
10.03
6.72
0.47
0
0
0
12.34
0.94
0.95
1.63
0.01
0
0.22
0
0
0
0
0
0
0
0
0
0.87
0.02
0.2
0
0
0
0.27
0.31
0
0.16
4.98
5.3
0.72
0.79
2.79
0
0.15
4.61
0
0
2.68
0
0
0.03
0.04
0
3.15
10.29
0
0.01
0.24
0.39
1.27
1.34
0
2.73
0
0.38
0
0.02
1.02
7.97
0.04
0.56
0
2.54
0.25
4
4.86
2.34
3.98
0.34
1.58
0
0
2.04
0
0
2.47
0.9
4
0.57
0.02
0.33
0.68
0.01
0
0.31
0
3.11
6.88
15.44
0.59
0.13
3.91
0.16
0.36
0
0.65
0.29
0.17
0
0
0
3.17
4.05
3.32
0.7
1.51
0.23
0
0
0
0.53
0.64
0
0
2.79
0.13
0.07
3.64
0
14.82
2.49
0.03
1.74
0.98
0
0
0
7.19
19.22
23.72
4.35
1.73
1.36
5.44
18.77
1.69
0
1.09
2.69
0.13
0.16
3.76
6
1.07
0.48
0.76
0.06
2.02
0.01
0.3
0.17
0.72
3.52
16.77
0.52
0.06
0
0.01
0.27
4.04
9.39
6.03
0.12
1.5
0.09
0.04
1.38
0.02
0.04
0
0
2.16
4.36
5.15
18.29
21.31
21.35
8.07
2.8
5.32
9.29
7.67
1.49
0.41
0.28
0
0
1.1
0
0.19
0.85
0.67
0.17
0.48
0.57
0.02
0.01
0.53
0.8
1.2
4.89
0.18
2.45
12.85
4.55
4.38
4.5
5.62
2.13
7.6
1.24
1.81
1.14
0.31
3.24
0.3
0
0
1.89
0
0
5.14
1.96
0.07
0.44
0.45
0.6
1.39
0
0
0.09
0
0.16
0.03
0.39
0.21
0.01
0.02
0
3.46
0.84
1
1.48
0.23
1.05
4.08
3.17
2
0.1
0
0.01
0.01
0
0.02
0
1.16
0
0
0
0.77
0.61
0
0.01
0
0.01
0.99
0.04
0.01
0.7
10.8
10.44
9.65
5.9
10.35
29.07
12.42
7.09
3.1
11.57
22
16.6
13.61
6
0.98
1.13
0.58
0
0
0.93
0
0.01
1.41
0.8
1.18
0.5
6.27
8.56
8.05
2.89
1.73
0.58
1.8
3.63
4.83
7.3
7.16
4.28
0.66
6.23
6.15
3.63
2.18
0.55
0
0
0
1.32
0
0
0
1.64
0.01
0
0.01
1.97
0
0
0
1.47
0
2.44
1.71
7.68
17.13
8.72
4.16
3.99
25.01
21.8
10.03
0.02
0
0.03
0
0
0
0
0.01
0.31
0
1.01
0
0
4.16
0.11
0
0
0.74
0
0
3.36
0
0
0
0
0
8.48
17.89
15.63
0.83
1.61
1.2
3.34
0.02
0.02
0
0
0
0
0.71
0
0.01
0.01
0.01
0
0
0.09
0.02
0
0.02
0
0
0
0
0
0
0
0
0
0
0.25
0
0
2.49
6.29
3.71
0
0
0
0
10.9
15.15
2.51
0
0
0
0.04
0.01
0
0
0.49
0
0
0.01
0
0.01
0
0.13
0
0
0
0
0
0
0
0
0
0.1
0.11
0
0
0
0
0
0
0.01
0
0
0
0
0.75
9.92
7.45
1.95
0.09
4.54
9.63
0.95
16.93
16.66
4.06
0.56
0.01
0
0
0
1.05
0
0.48
0.31
1.28
0.08
0
0.01
2.76
3.14
1.27
0.08
2.31
1.63
5.22
1.16
0.45
0
0
1.29
0
4.37
0
0.02
1.56
0.04
0.23
0
0.77
0
11.02
2.53
0
0
0.01
0
0.17
1.07
4.53
1.47
0
0.34
0.96
0.31
0.55
0.02
0.61
1.89
0.02
0.41
1.88
1.94
0.33
2.59
0
0
0
0
0.62
0
0.05
0.05
0
0
1.16
0
0
0
0
0
0
0
0.01
0.01
0.04
2.07
0.04
0.02
0
0.01
0
0.16
0.13
0.91
0
1.41
0.93
0.64
4.78
6.71
7.61
3.84
1.8
0.41
0.04
0.01
0
0
0
0.29
0.05
0.02
0
1.69
0
0.4
0
0.03
0.06
0.93
1.54
1.25
0.04
0.04
1.23
3.76
1.32
0.71
0
0
0.6
0
0.01
0
0.38
0.23
1.41
1.52
0.59
1.17
1.1
1.86
0
0
0.18
0.1
7.5
3.45
12.26
11.89
2.85
0
1.37
0.36
0
0.03
0.23
0
0
0
0.44
0
0
0
0.03
2.38
3.78
0.42
3.2
0
0.05
0.03
0.39
0.01
0.08
0.02
0
0
0
0
0.64
0.97
2.81
2.43
2.59
4.02
0.09
0
1.55
0.41
1.33
5.02
0
1.31
0
0
0.08
0.9
0.2
0
0
0.88
1.29
0
0
0
0.87
0.19
6.59
0.37
0.01
0.3
0
0.17
0.13
0.93
0.98
10.9
5.38
2.66
5.99
2.79
3
2.8
0.6
9.84
4.28
0
0.75
7.65
12.75
5.36
0.29
0.88
0
0
0.04
0
1.59
0
0
0.57
0
0.01
0.02
0
1.56
1.27
9.13
4.54
9.4
2.07
2.71
1.48
2.29
0.66
1.44
0
0.6
0.01
0
11.95
15.63
1.59
0
0
5.06
3.22
2.05
4.23
5.59
5
4.2
0.16
0
12.01
4.96
0
0
0.01
0
0
0.25
0
0.01
0.01
0
0
2.01
0.03
0
0
0.01
0.01
0.01
0
0
0
0.02
0.01
0.01
0.02
0
0
0
0.03
0
0
0
0.03
0
0
0
0
0.23
0.04
0
0
0
1.27
0.05
0.01
0.02
0
0
0.03
0
0
0
0.03
0
0
0
0
0
0.05
0.01
0
0
0.01
0
0.88
1.55
0
11.24
1.21
0
0.01
0
0
0
0
0.78
0.75
0.09
0.02
0
0.01
0.02
0
0.18
3.8
4.49
9.34
3.82
0
0
0.05
2.55
0
0
0
0
0
3.18
3.3
7.53
0
1.52
0
0
1.82
0
1.47
1.41
2.5
6.73
9.59
8.05
2.94
0.04
0
0
4.79
1.41
0.01
0
0
0
0.6
0.01
0
0
0.12
0.01
0.2
3.73
3.33
0.97
2.21
6.9
10.31
4.82
5.33
3.66
0
0
0
0
0.01
0.01
0
0.01
0
0
0
0
1.25
0.18
0.35
0
0
0.01
0
0.02
0
0
0
0
0
0
0
0
0.77
1.51
13.34
17.39
9.73
2.16
0
0.02
0.02
0
0.01
0
0
0.02
2.12
8.26
4.7
0.25
0.14
0.03
0
0
0.02
0
0.31
0
0.2
0.38
0
0.04
0
0
0
0
0.02
0
0.37
0
0
0
0.01
0
0
0
0.16
3.09
0.44
1.41
2.23
4.61
4.44
14.12
19.64
1.91
0.45
0
0.02
0
0
0.35
0
1.05
3.72
2.41
3.16
2.37
1.37
8.32
1.79
0
0
0
1.67
2.14
0.41
0
0.8
2.3
0.41
1.75
3.07
1.01
0.25
0
0.44
0.14
0.01
0
0.01
0
0.67
0.73
2.21
2.85
1.96
0
0
0
0.23
4.51
1.79
7.73
5.47
0.4
0
1.92
14.52
10.11
5.71
5.26
5.08
8.59
4.13
5.3
1.17
3.76
5.66
9.49
2.86
2.07
1.19
0
0
0
0
0.21
1.47
2.81
1.45
0
0
0
0
0.22
0
0
0
0
0
0
0.13
0
0
0
0.02
0
0
0
0
0.02
2.22
0.05
12.2
2.55
0.72
1.72
17.46
0.53
0
0
0
0.06
0
0
0.67
0
0
0
0.34
0
0.04
0
0.05
0.02
0
0.2
0
0.01
0
0.97
0
0.34
1.82
4.78
6.83
0.01
1.39
2.64
0
0
0
7.96
1.34
3.28
1.78
1.17
0.02
0.3
0.13
2.78
1.89
3.76
0.55
0.31
0.8
1.18
1.87
0
0.55
0
4.34
0
0
0
0
0.04
0
0
0
0.15
0.06
0
0
0
0
0
0
0.01
0
0
0
0
0
0
0
0.41
0.95
2.3
0.61
0.01
0.3
0.36
0
0
0
0
0
0
0
0
0
0
0
0
0.17
4.63
4.62
0.97
0
0.01
0
0
0
0
0.45
0
0
0
0
0
0
0.04
0
1.07
0.1
1.86
0
2.29
0.17
0
3.94
2.8
0.87
2.16
0
0
0
0
0
0
0.31
0.53
0
0
0.05
1.18
5.04
3.46
0
3.41
0
2.87
10.59
1.82
0.14
0.22
0.07
1.47
0
0
0
0
0
0
0.01
0
0
0
0
0
0
0
1.03
0
0
0.39
0.39
0.52
0
0
0
0
0.54
0.35
0.03
0.23
0
0
0
0.6
0.03
0
0.34
0
1.26
0
1.4
0.08
0
0
0
0.48
1.04
0
3.64
2.21
0
1.45
4.85
4.84
16.9
14.94
11.09
4.68
2.7
3.27
2.61
1.32
1.56
8.01
21.8
11.2
12.6
6.41
12.27
27.79
22.01
12.55
10.93
7.85
1.54
0.91
3.26
0.08
0.77
0
0
0.02
0
0.12
0.07
0
0
0.17
0.22
0
0.2
2.34
3.53
0.71
1.43
0.2
3.73
0.35
0
0
0
0.25
8.47
3.12
4.45
1.16
0.1
0.01
0
0.32
0.28
0
0
0
0
2.8
2.61
1.79
0.3
1.21
3.72
1.8
1.68
0.43
0.42
0.67
0
0
0
0
0
0
0
0
0
0
0
0
0
0
0
0
1.46
5.41
25.48
10.59
5.68
9.33
0.66
6.22
19.73
5.09
6.51
5.91
0
0.26
0.09
0.15
0.03
0.12
0
10.16
8.95
2.21
4.26
1.79
0.2
0
0
1.64
1.46
0
2.47
0.01
0.33
0
0.25
0.7
1.36
0.91
0.3
0
0
0.28
0.72
10.22
7.92
7.43
4.36
1.35
0
0
2.2
1
3.2
0.18
1.44
0
0.38
1.39
0.21
3.98
2.2
0
0.7
0.48
0.69
2.11
11.86
12.52
5.62
0
1
0
3.67
0
0
0
1.4
8.36
6.75
6.01
10.58
0
3.13
0.01
1.09
1.58
2.26
2.29
11.08
3.78
0
0
0
0.47
0.69
5.16
8.38
13.23
0
0
0
0
0
0.12
0.95
4.73
0
0
0.07
0
0
0.01
0
0
0.04
0.08
0
0
0
0
0
0
0
0
0
0
0
0.18
0.03
0
0.19
0
2.02
0
10.25
1.84
0
0.1
0.38
7.98
0.36
3.01
6.15
0.63
5.75
0
0
2.54
0.27
0
0.03
0
0
0.4
3.65
6.07
7.51
6.73
0.98
3.87
0.78
0
0
0
0
0
0
0.07
0.01
0
0
0.01
0.02
0.05
0.02
0.01
0
3.43
0
4.7
0.48
0.55
2.82
0.74
0.82
6.78
27.73
11.43
0.03
0.05
0.02
0
0.87
3.28
6.73
0.65
0
0
0.02
1.37
0.65
0.57
0.5
3.8
3.8
2.12
13.45
17.89
1.39
1.55
11.09
8.68
7.57
2.63
0
0.63
0
11.34
0.68
0
0.6
0.73
1.02
0.32
0.57
0
0
0
2.15
2.91
5.27
2.75
7.16
3.27
1.11
0
0
0.04
0.73
8.19
5.67
4.94
1.9
0.73
0.52
0.91
1.17
0.02
0
0
0
0.02
0
0.02
2.51
5.68
0
0.74
3.15
14.07
8.79
8.07
2.07
2.91
15.29
1.62
2.4
0
0.03
2.29
7.29
1.75
1.78
9.41
25.63
5.22
1.33
0.54
1.34
1.77
12.58
12.41
11.93
18.38
21.44
7.41
1.97
0
1.43
2.73
0.78
0.27
1.84
0.42
0.46
1.57
2.83
9.73
4.59
5.73
6.8
7.27
0
0.45
0.85
0
0.24
0
0.04
0
0
0
0
0.01
2.71
3.85
2.06
1.41
2.41
1.66
1.52
0.57
1.26
2.23
1.64
0
1.32
2.27
4.04
7.27
17.8
20.33
19.96
14.57
3.09
0.39
0
0
0.33
0
1.06
3.93
5.34
1.42
1.95
2.44
7.34
5.18
5.11
4.6
8.45
5.57
7.51
12.04
12.31
9.04
8.78
9.3
4.65
3.71
3.32
0.68
0.28
0
0.57
0
0.01
0
0
0
0.13
5.55
2.87
2.87
3.7
3.68
0.46
5.03
9.38
10.8
6.42
4.08
0
0
0
0.01
0
0.23
1.21
10.23
8.46
5.57
3.38
3.33
2.1
4.75
1.18
0.31
3.2
0.43
0
0.09
0.12
0
0.12
0
0
0
0
0
0
0
0
0
0.04
0
2.1
2.57
1.14
0
0
0
0
0.39
0
2.05
0.77
0.31
0.45
0.02
0
0.01
0.02
0.01
0
0
0
0
0
0.12
0.18
6.29
1.57
5.81
8.31
1.43
1.84
0.02
2.91
0
0
0
0.02
0.09
6.94
0.08
0.16
49.14
8.73
5.76
2.32
3.88
0.27
1.15
1.54
0
0
0.01
0.06
0
0
0
0
0.02
0
0.01
0.02
0
0
0
0.01
0.19
0.02
0
0
11.44
0
0.63
0
0
0.19
0
0
0
0
0
0
0
0
0
0
0
0.13
0
0
0
0
0
0
0
0
0.01
0
0.49
1.98
7.8
5.61
0.2
0
0
0
0
0.01
0
0
0.01
0
0
0
0
0
0
0
0
0
3.77
4.75
4.05
0
0
0.04
0
0
0
0
0
0
0
0.02
0.03
2.72
1.77
0
0.73
0.05
0
0
0
0
0
0.01
0
0
1.41
4.21
6.09
3.8
0
0
0
1.47
0
0.62
0
2.98
2.13
2.66
0
6.38
2.97
0.25
23.41
19.49
16.37
10.8
4.44
3.5
0.79
1.73
0.02
0.01
5.38
11.17
5.47
0
0
0
0
20.13
9.37
17.28
15.2
18.63
13
0
3.54
11.11
17.31
4.51
9.09
0.49
5.93
0.89
3.43
8.8
1.88
1.97
0
0
0
6.5
3.3
0.77
0
0.62
0.77
1.47
0.78
1.35
1.21
1.73
15.19
3.5
3.16
0
0
0.19
1.18
0.1
0.07
0.05
3.15
0.43
0.02
0
8
2.08
11.91
0.15
1.05
1.79
0.49
1.02
2.01
1.48
0.26
0
3.52
0.17
1.33
0
0
0
0.89
1.33
2.27
4.81
4.19
4.52
2.12
0.93
5.83
3.93
2.99
4.95
2.22
0.94
0.25
0
0.19
0.54
3.2
1.02
0
0
0
0
0.01
0
0.31
2.09
1.06
9.31
5.07
2.55
1.4
1.71
0.85
0.7
1.05
0
0.17
0.07
0.06
0.41
0
0
0
0.13
0.02
0
0
0
0
0
0
0
0
0
0
0
0.88
0
0
0
0.17
1.13
0.12
0
0
0
0
0
0
0
0
0
0
0
0
0
0.02
0
0
0
0.01
0
0
0.67
5.79
6.62
1.27
3.86
1.54
1.03
0
0
0.02
0
0
0
0
0
0
0
0.17
2.24
7.81
6.57
3.2
3.31
1.49
0.01
0
0
0
0.62
7.84
3.59
0.24
0.82
0.64
2.73
8.96
4.23
0.23
0.84
0.3
1.36
2.25
5.16
0
0
0
0
1.73
2.81
0
1.73
0.98
0
1.64
0
0
0
0
0
0
1.05
0
0.25
0.27
0
1.74
4.98
0.19
0
0.47
1.66
4.7
10.43
22.35
14.51
0.93
0
0
0
1.16
0.25
0
0
0.07
0
0
0.05
0
0
0.2
0.2
0
0.02
0.01
0
0.02
0
0.13
2.25
1.57
6.22
0
0.75
0.5
0.59
2.25
0.25
0
0
0
0
0
0
0
0
0
0
0
0
0
0
0.01
0
0
0
0
0
0.04
0
1.51
1.17
1.98
0.19
0.06
4.27
4.72
2.55
0
0.23
0
0
0
0
0.55
2.64
3.09
2.27
0.81
13.83
1.7
0
0.01
0
0
0
0
0
0.02
0
0
0
0
0
0
0
0.01
0
0.2
6.09
7.2
2.73
5.43
0.02
0
0
0
1.38
0
0
0
0.01
0
0
0
32.87
17.32
0.41
0
0.04
0
0
0
1.09
5.95
18.17
15.63
5.89
1.26
0
2.63
0
0.59
7.8
3.17
0.03
0.01
0.01
0
0.01
0.04
5.24
9.8
5.86
0.11
0.13
0
0
0
0.01
0
0.01
0
1.69
0.68
0.43
4.44
1.65
0
0
0
0
0
0
0
0
0
4.31
2.97
10.13
6.1
2.22
2.47
5.34
7.83
3.53
3.05
3.07
15.61
20.11
10.35
6.05
0.9
20.57
17.49
3.39
34.45
2.19
0.14
0
1.24
1.38
0.98
0.11
0
0.34
0.18
2.71
0.04
0
0.02
0.03
0.02
0.23
0.15
1.38
1.17
0
0
0.04
1.96
5.84
8.14
15.74
8.61
1.84
1.75
0.48
11.53
4.93
6.17
14.44
4.13
2.89
1.04
0
0.96
0
0.54
0.9
3.13
4.23
1.89
8.94
6.13
0
7.77
10.21
3.2
0.04
0.01
0
0
0.01
0.01
0
0
0
0
0
0.02
0.01
0
0
0
0
0
4.43
1.01
0
0
0
0
0
0
0
0
0
0.01
0
0
0
0
2.44
6.95
6.43
7.24
15.9
2.26
1.2
6.36
8.98
6.13
5.1
0.85
7.8
12.29
5.37
0.8
1.63
0
0
1.57
0.02
0.02
0.09
1.46
1.19
2.98
1.8
0.36
0
2.05
0.41
0
0
1.08
0.54
0.08
0.11
0
0
1.31
0
0
0
0.07
0.03
0.03
0
0
0.25
3.86
4.8
1.42
9.69
9
6.13
0.37
0.47
0.75
0.17
0.75
8.15
7.58
4.17
5.2
2.38
6.27
7.62
4.56
0.96
0.51
0.04
0
0
0.01
0
0
1.68
0.62
0.48
0.23
0
0.56
0
0.28
4.71
0
3.35
0.05
0
0.48
3.29
4.93
5.88
6.3
0.45
2.5
18.91
5.72
0
0.28
1.52
5.41
3.34
0
0
0.48
0.03
0.01
0
3.11
11.7
7.4
2.05
0.03
0
0
0.11
0
0.01
0
0.41
0
2.95
5.33
10.57
2.95
3.72
2.3
0
0
0
0
0
0
0.03
0
0.01
0.01
0
0
0
0
0
0
0
0
0
0
0
0
0
0
0
0.01
0
0.04
0.02
0
0.02
0.12
0
0.05
0
0
0
0
0
0
0
0
0
0
0
0
0
0
0
0
0
0
0
0
0
0.16
0.68
0.05
0.03
0
0
0.01
0.08
0
0
0
0
0
0.02
0
0.01
0
0.02
0
0
0.29
0.71
0
0.13
5.03
1.89
2.16
0.1
0
0
12.03
14.59
9.95
0.07
0.12
0
0
0
0.07
0
0
0.26
0
0.01
0
0.01
3.48
0.64
1.75
7.02
9.22
6.12
0.46
0.05
1.1
0.62
0
0
1.55
0
0
0.5
9.21
4.27
0.02
0
0
0.02
0
0
7.15
8.46
3.91
8.59
0.65
1.17
2.58
1.49
0.56
0
0
0
0
0
0.43
0.35
0.56
3.17
1.19
0.73
0.13
0.19
0
0
0
0
0
0.01
0
0
0
0
0
0
0
0
0
0.04
0.03
0.57
2.15
1.77
0
0
0
0.01
0
0
0
0
0.34
0.3
0
0
7.17
14.98
21.27
18.13
6.63
12.92
13.03
2.08
3.98
7.01
11.85
1.46
4.81
5.84
9.94
2.5
3.31
2.49
1.37
0.31
2.5
6.48
2.27
1.54
0.94
0
0.1
0.68
0.34
0
0.21
0
0.16
0
0
0
2.66
2.67
3.19
2.17
1.41
7.95
0.05
6.34
12.37
16.61
3.68
0.91
1.43
8.72
25
5.95
2.31
6.77
4.48
1.27
0.77
0.49
1.77
0.75
0.17
0.43
0.88
0.83
0.14
0.05
1.22
0.13
0.02
0
0.99
4.62
2.35
9.03
5.16
4.29
0.39
0.61
0.42
8.94
0
0
0
0
0
0
0.2
0
0
0
0.21
0.05
0.52
0.71
0
0.01
0.02
1.45
5.55
0.45
0
0.64
22.98
22.82
15.75
6.66
6.62
6.38
0
0
2.04
9.92
9.57
0
0.27
0.01
0
0
0
0
0
0.01
0
0
0
0
0.94
0
0
3.56
1.05
0.21
0.21
0
0
0
0
0
0
0
0
0
0
0.01
0.01
0.22
0.43
0
0.4
0.21
0
0.33
1.29
1.05
4.38
0
0
2.18
9.15
10.52
2.02
0.91
0
0.02
0.46
0
0
1.78
0
0
0
0.01
0
0
0
1.2
0.11
0.11
1.93
0
0
8.2
10.29
1.91
15.39
2.32
0.01
0
0
0
3.95
0.09
0.02
0
0
0
0
0.12
0
0
0
0.09
0
0.01
0
0
1.11
0
0.45
3.41
12.42
30.68
1.61
2.6
2.2
5.39
2.32
4.06
0
0.03
0.02
0
0
0
0.01
0
0
0
0.03
1.95
0.15
0
0
0.01
0
0.01
0
0
0
0
0
0.02
0.09
0
0
0
0
0
0
2.29
9.11
5.51
3.24
0
0
0
0
0
0
3.73
5.32
3.11
2.98
5.27
0.15
5.5
0.1
0.34
0
0.88
1.8
0
0.02
0
0
0
0
0
0.08
0.26
0.02
0.01
0
0
0
0
0.05
0
0
0
0
0
0
0
0
0
0
0
0.02
0
0
0.01
0.01
0.07
1.03
0
0
22.37
7.16
8.21
16.1
4.61
20.39
15.87
4.75
1.02
1.64
11.41
0.81
6.95
19.79
32.13
12.08
15.2
0.18
0.41
0.45
2.09
0.41
0
0.39
0.34
1.11
9.38
7.47
0.26
2.08
5.36
0.1
3.66
10.45
6.14
6.11
0.93
6.61
3.4
0.61
2.12
6.72
8.44
0.97
0.04
12.14
0.95
0.69
6.24
1.77
0.34
0
0
0
0.01
0.03
0.09
0.01
0
0
0
0
0.01
0
0.02
0
0
0.02
0.04
0.04
0.02
0
0
0.57
1.09
3.11
0.33
0.01
0.02
0
0.02
0.15
0.07
0
0.01
0.02
0.01
0.01
0.01
0
0
0
0
0
0
0
0
0
0
0
0
0
0
0
0
0
7.51
17.95
8.23
9.5
5.7
12.72
0
0
2.51
4.94
20.02
23.24
3.59
6.31
6.27
4.35
0
0
1.03
0
0.83
0.05
1.13
0.96
0.2
1.38
7.33
10.65
3.21
2.05
3.44
0.08
0
0.07
0
7.48
4.8
3.69
0.59
0.23
4.67
0
0
0.04
4.84
7.96
0.56
7.3
3.5
3.02
2.77
2.9
1.3
2.02
1.09
0.53
0.77
0.51
0.73
0.19
0
0
1.23
21.65
9.89
17.84
6.16
0
0
0
0
0
0
0.13
0
0
0
0
0.23
0.05
0
0
0
0
0
0
0
0
0.03
0.05
0
0
0.11
0.3
0
0.01
0.22
13.86
1.82
3.22
0.13
0.02
0
0
0.01
0
4.8
0
9.5
3.12
1.61
0
3.32
0.13
0
0
0
0
0
0
0
0
0
0
0
1.06
4.48
13.95
1.81
27.8
5.01
0
2.04
34.59
6.77
0
0.12
0
0
0
1.53
0.01
0
0.88
0.38
0
0.01
0
0
0
0.84
0.36
0.03
0
0.51
0.13
0
2.1
0
0.48
0
1.08
4.45
1.8
0
0.02
0.02
0.05
0.45
0.71
0
0
0
0
1.91
0
0
0.01
0
0
4.5
2.34
0.08
0
0.02
0
0
0
0
0
0
0
0
0
0
0
0
0
0.14
0.09
0
0.03
0.19
0
0.38
0.12
0
0
0
0.06
0.27
0.14
0.02
1.2
1.09
0.32
0
0
0
0.61
2.76
0
0
0
0
0.19
2.14
4.53
4.06
5.33
1.49
2.32
0.56
0
0
0.02
0
0.09
0
2.17
0
7.64
4.09
5.25
1.61
0
0
0
0
0
0
0
0
0.01
0
0
0
0
0
0
0
0.01
0
0
0.39
13.49
37.99
3.36
0.01
0
0
0.03
0
0
0
0.01
0
0
0
0
0.01
0.01
0
0
0.01
0.02
0
0
0
2.92
1.68
0
0.52
0.06
0
0
0.02
1.01
0.16
0
0
2.17
0.64
0
0
1.27
1
2.75
4.28
0.43
0.66
2.34
2.79
1.95
6.96
2.84
0.71
0.02
9.33
0.52
0.98
0.06
0
2.81
0.85
0.25
0
1.18
0
0
5.17
2.04
1.11
1.26
0.01
0.39
0.27
0.1
1.11
3.5
7.01
3.24
1.95
0.7
0.02
0
0
0
1.95
8.66
5.75
8.73
10.23
0.28
0.19
0
0
0
0
0
0
0
0
0
0
0
0
0
0
0.29
0
1.3
0.64
1.6
8.6
8.71
2.91
3.27
5.3
3.45
2.87
20.79
23.8
4.19
2.86
11.32
0.07
0
0.27
0.52
2.09
7.75
14.95
11.73
5.13
10.09
4.24
2.74
3.23
0.3
0
0.2
0.1
0.48
0
0
0
0
0
0
0
0.05
0.96
11.23
1.15
1.03
3.2
1.49
0.72
0.02
0.5
0
0
0
0
0.18
0
0
0
0
0
0
0
0
0
0
0
0
0
0
0
0
0.15
4.64
1.45
0.21
0
0.69
0
0
0
0.01
0.01
0
0
0.98
0
0
0
15.97
17.06
0.02
0
0
0
0
0
1.44
7.96
0
0.02
0.94
0
0.03
3.34
4.41
0.02
0
0.76
2.96
2.02
0.1
0
0
0
1.35
1.24
0
0.8
0
0
0
0
0.02
0
0
0
0
0.02
0.02
0.06
0.48
1.51
3.5
0.46
0.01
0
0.6
0
0.02
0
0
0
0
0.01
0
0
0
0.01
0
0.02
0.13
0
0.06
0
0
0
0
0
0.38
5.34
5.85
0
0
0
0
0
0
0
0
0.01
0
0.05
0.04
0.03
0.43
0
0
0
0
2.33
8.05
0.96
0
0.27
0
0
0
0
0
0
0
0
0
0
1.41
0
0
0
0
0
0
0.02
0
0.11
0
0
0
0
0
0
0.01
0.01
0.01
0
0
0
0
2.09
36.68
15.91
14.88
8.6
9.38
21.94
0
0
0
0.59
18.29
4.27
6.36
5.14
22.74
10.95
3.84
0
0
0.02
0.25
0
0.69
2.2
5.86
14.8
0.63
2.04
0
0.23
5.17
11.12
0.88
5.64
15.45
3.23
0.52
0
0
0.43
8.46
21.86
29.55
7.73
2.54
3.09
0
2.65
5.17
3.35
1.65
2.92
2.24
13.45
7.26
13.89
4.2
13.3
2.07
0
0.07
0
1.73
1.39
1.61
2.05
5.57
0
1.52
5.75
1.3
0
0.4
3.41
13.4
3.52
0.81
0.11
0
0.21
0
0.13
8.12
0
0
0.14
0.36
0.92
0
0.66
1.37
0
2.78
20.48
5.68
1.45
0
0.01
0
0.16
0.3
0.55
0
0
0
0
5.06
2.79
1.88
10.65
7.17
3.51
7.53
6.13
8.11
9.52
19.78
17.96
15.02
9.58
7.71
3.29
1.6
3.93
0.7
0
0.75
4.28
2.06
0.19
0.53
1.19
0.46
0
0
0
0.08
0.08
2.8
12
5.92
22.81
7.47
2.34
16
7.78
0
5.48
7.05
21.89
10.96
4.91
0.01
0
0
2.42
21.4
2.25
0.07
0.03
0.42
0.05
0.02
0
0
0
0
0
0
0
0
0
0
0
0
0
0
0
0
0
0
0
0
0
0
0
0
0.05
5.23
10.25
4.13
1.64
2.78
2.98
1.7
2.91
9.21
9.2
8.08
9.17
6.19
2.84
10.44
19.02
6.2
0.07
0
3.09
0.02
0
0
2.51
0
1
0
4.02
0
0.64
0.11
0.24
2.63
2.48
0
0
0.13
0.02
0
0
1.2
10.91
7.47
0.29
0
0.38
4.29
0.59
10.08
0
0
0
0
0.13
0.24
2.18
0
0.8
0
4.47
6.72
0.17
4.14
5.1
5.51
12.07
0.08
0
3.79
10.46
6.16
0.79
0.27
0.18
6.13
4.34
0.07
0
0
0
0
0
0
0.34
0
0.01
0
0
0
0
0
0.01
0.27
3.41
0
0
0
0
0
0
0
0
0.01
0
0
0
0
0
0
0
0
0
0
0
0
0
0
1.09
0
0
0.01
0
0
0
0.89
0
0
0
0
0
0
0
0
0
0.01
0.24
0
0
0.02
0
0
0.01
0
0.81
0
0.01
0.02
0
0.03
0
1.86
0.62
0.09
0
0
0
0
0
0
0
0
0.01
1.89
0
0
0.49
1.91
1.91
1.11
0
0
0
0
0.01
0
0.02
0
0
0
1.65
12.42
13.8
2.59
3.19
2.19
4.95
18.16
4.63
0.39
0
17.04
9.21
0.82
0
0
0
20.44
11.78
4.46
0.9
2.19
9.07
3.45
5.74
0.67
0
0.16
11.19
10.43
2.16
0.1
0.51
0.23
0
0
0
3.9
0.44
10.08
32.38
24.97
12.66
15.19
6.24
1.34
0
0
0.02
0
0.01
0.02
0.24
0.07
0.16
0
0.17
0.65
0.09
0
0
0.01
0
0.73
0.19
1.7
6.43
3.19
0.27
0
0.12
0
0
0
0
0
0
1.41
0
0.05
0
0
0
0
0
0
0
0
0.01
0.01
0
0
0
0.02
0.23
0.14
0
0
0
0.3
0.08
1.2
1.1
0.48
0.85
12.63
8.74
4.56
0.27
0.03
0
0.88
0
0
0.13
5.11
3.36
7.96
1.96
1.21
0.07
0.65
0.62
0
0
0.34
0.03
0.02
0
0
0
0
0.1
0.8
0.51
0
0.05
0
0.16
0.79
4.75
4.47
10.84
11.95
17.21
3.91
0
0.04
0
0
0
0.53
3.12
0.36
0.4
0
0
0
0.06
0.05
5.53
0.96
0
24.13
9
0.33
0
0.02
0.01
0.02
0
0
0
0
0
0
0.01
0
0
0
0
0
4.06
10.64
2.13
0.31
0.48
0
0
0
0.02
0
0.01
9.89
16.76
6.79
5.34
1.06
2.98
1.45
1.99
4.44
3.52
3.13
1
1.56
0.7
0.61
0
0
0
0
0
0
3.79
0
0
3.55
1.43
0.15
0
5.71
1.87
0.04
4.45
6.14
2.35
2.42
0.27
5.95
3.16
1.57
5.29
3.6
2.05
0.02
0
0
0
0.01
0
0
0
0
0
0
0
0
0
0.13
0.01
3.17
5.5
7.04
4.77
0.09
0.92
0
0
0
0
0.34
3.29
0
0
0.3
0.08
0.01
0
0
0
0
0
0.01
0.03
0
0
0
0
0
0
0
0
0
0
0
0.09
0
4.11
4.8
1.39
0.5
0.12
0
0
0
0
0
0.02
0
0.02
0.02
0
0.03
0
0.13
0.07
0
0
0
0
0.02
0.55
0.17
0.46
0
0.97
1.31
0
0
0.03
0
0.13
0
0
0
0
0
0.01
0.11
0
0
0
1.68
0
0.51
0.06
0.16
0.01
0.2
0.63
6.79
4.55
0
1.23
0
0.05
0.02
0
0
0
0
0
0
0
0
0.16
0
0
0.07
3.34
0
0
0
0
0
0
0
0
0.55
0
0
0
0
0
0
0
0
0
0
0.01
0.73
1.65
2.02
0.04
0
0.02
0
0
0.93
5.63
2.22
6.62
2.04
0.02
0.31
0.01
0
0
0
0
0.03
6.62
4.01
7.55
1.86
0.07
11.02
9.11
3.18
0.61
0
0
0.05
10.39
30.44
20.16
29.25
7.41
0.12
1.07
0.99
0.75
0
2.12
8.39
16.36
2.74
0.05
0
0
0.02
0
0
0
0
0
0.04
0.32
0
0
0.01
0
0.01
0
0
0
0
0
0.61
0.09
0.03
0
0.12
0.09
0.97
1.35
0.03
0
0.63
0.53
0
0
0
0.01
0
0
0
0
0.01
0.02
0
0
0
0
0
0
0
0
0
0
0
0
0
0
0
0
0
0.01
5.98
0.45
0
0
0.06
0
0.37
0.68
12.76
7.22
8.05
16.66
6.48
1.9
5.24
10.3
12.23
8.22
5.39
1.38
1.42
2.55
3.09
5.23
9.23
4.13
0
6.2
10.4
3.15
1.86
0
4.03
10.14
1.48
0
0
0.09
0.02
0.56
6.91
0.46
0
0.02
0
0.02
0.19
0
0
0
0
9.87
2.07
0.56
0.06
0.02
0.38
17.82
2.3
0
3.73
14.74
7.52
0.99
0
0
0
2.86
7.29
1.96
0.59
0
1.59
1.53
1.59
6.14
18.64
3.32
1.18
0.3
0.38
0.01
0.01
5.17
9.75
19.38
1.68
0
0
0.16
0
6.14
3.47
0.68
0.04
0.75
1.02
6.81
7.7
2.06
1.37
5.18
0.92
0
0.02
0
0.02
0.03
0
0
0.38
0
15.52
1.45
0
0
0.55
6.66
3.19
4.76
4.3
3.09
0.88
0.01
0.01
0
1.1
0.62
0.23
0
0
0.02
0.02
0.01
1.48
0
0.05
1.45
5.55
2.92
0
1.15
2.45
1.72
0.04
0
0
0.39
0.51
0
0
0.02
0.01
0
0
0.01
0.01
0
0
0
0
0.02
0
3.34
0.82
0.07
1.59
0.01
0
0
0
0
0
0
0
0
0.02
0
0.02
0
0
0
0
0.05
0
0
0
0
0.42
5.36
5.24
0.01
0.05
0
0
0
0.02
0.04
0
0
0
0.82
0.01
0
0.16
0.36
0.59
0
0
0.01
0.02
0.02
3.03
5.32
11.66
2.96
0.07
2.26
1.48
0.09
0
1.15
0
0
0
0
0
0
0.14
4.55
4.52
1.96
4.48
6.81
0.62
0
0
0
0.48
0.02
0.01
0
0
0
0
2.79
0.02
0
0
0
0
0
0
0
0
0
0
0
0
0
0
0.04
0
0
0
0
0
0.13
0.01
0
0.07
0.25
0.1
0
0
0.01
4.01
16.12
12.09
9.75
3.27
2.15
11.82
2.91
6.79
5.91
0.7
0.78
0.29
0.05
0.56
0
7.73
1.86
0
0
0
0.01
0
0
0
0.06
0
0
8.74
6.05
3.72
0.93
1.39
7.89
1.47
0
0
2.42
3.69
0
0.44
1.42
0.36
0.13
5.09
2.01
12.6
18.69
16.11
2.7
1.31
1.27
0.19
0.1
0.11
0.15
0
0.54
0.04
0
0.1
0.01
0
0
0.16
0
0.09
0
2.95
0.95
0
3.62
3.48
6.74
6.67
12.14
7.21
15
2.33
0.63
0.65
0.02
0
0
0
0
0
0
0
0.26
0
6.11
2.25
0.17
0
2.36
2.52
0.52
0
0
0.02
0.32
0.07
0
0
0
2.13
0.92
1.09
0.23
6.6
25.51
12.39
7.68
20.11
19.66
5.26
0.48
0.26
0
2.97
21.47
1.61
8.76
6.81
4.89
5.21
1.22
4.15
1.37
2.89
0.25
1.34
11.64
24.05
7.13
3.8
17.52
10.19
2.74
0.48
0.04
8.78
3.84
0.01
4.77
0
0.06
0
0
0
0
0
0.73
8.21
9.28
1.81
0.57
3.22
3.85
2.47
0
0
0
0
0
0
0
0
0
0
0.01
0
0
0
0
2.27
20.69
6.52
21.08
12.37
1.43
0
8.84
10.44
10.41
6.32
3.91
3.67
1.13
8.7
1.71
2.21
0
0
0.05
0.02
0.1
0
1.13
0
0
0
0
3.05
5.62
5.6
7
0.45
19.08
10.63
3.18
1.29
0
0
0
0
0.01
0.02
0.02
0
11.59
11.21
15.29
7.85
6.27
8.78
7.63
2.38
0
0.27
1.78
0.23
0.2
0.2
3.97
6.3
0.27
0
0.03
0.02
0
0.03
0
0
0
0
0
0.65
0.16
0.01
0
0
0.01
0
0
0.01
0
0
0
0
0
0
0
0
0.85
0
0.13
0.01
0
0.5
0
0
0
0
0.13
0.03
0
0
0
0.07
0.97
0
0.01
0
0
0
0
0
0
0
0
0
0
0
0
0
0
0
0
0
0
0
0.11
0.42
10.66
20.33
4.93
5.73
0
2.55
0
1.03
2.75
1.23
0
0.11
10.54
11.86
7.98
10.65
1.52
0.59
8.47
0.86
0.01
0
0.01
0
0
0
0
0
0
14.75
2.91
0.18
0.07
0.23
0.72
3.07
0.43
0.06
0
0
0
0
4.31
6.89
1.78
0.59
0.06
7.45
15.13
7.36
6.2
0.02
2.42
0.01
0
0
0
0
0
0.03
0
0
0
0.01
0.15
0
0.18
0.25
3.25
1.55
0
0.53
31.86
11.26
0.14
2.05
0.11
0.77
0
0.59
0.45
1.36
6.73
23.27
9.4
7.62
3.18
0.8
0
0
0
0
0
0.02
0.08
0.48
0.32
0.41
0
0
0
0
0
0
0
0.58
0.2
0.13
3.48
0.97
0.23
0
0.58
0.14
0.55
0.96
8.8
7.95
3.82
4.25
6.2
7.6
12.8
1.44
4.44
17.68
19.02
11.54
2.04
7.84
18.7
18.45
24.81
14.65
3.86
4.1
5.73
3.89
0.66
0.95
0.09
0.34
7.7
0.95
0
0.09
0.7
14.09
12.82
5.69
0.63
1.52
0.18
1.12
1.53
0
0
2.84
1.29
3.12
1.13
0
0
0
0
0.36
1.52
0.45
0.7
0.55
0.18
0
0
0.01
0
0
0
0
0.2
0.08
0.1
0
0
0
0.02
0
0
0
0.12
0.14
1.56
1.72
0.02
0
3.16
5.03
1.27
1.04
0
0
0.01
0.17
0.44
5.4
0.82
0
2.85
2.59
0
0
0.07
1.43
0.76
0.54
0
0
0.01
0
0.32
4.71
0.8
0
0
0.96
2.2
0
0
0
0
0.01
0
0
0
0
0
0
0
0
0
0.18
0.3
0
0
0
0
0.06
2.2
3.32
5.59
1.8
5.87
4.73
3.73
4.02
2.88
0.23
2.49
6.13
4.28
0
0
0
0
0
0
0
0
0.21
0
0
0.01
0.02
0
0
0
0
0
0
6.91
5.02
8
7.9
2.11
0.47
2.61
1.79
0
0.01
0.02
0
0.46
1.16
0.22
0
0
10.09
3.07
0.09
0.34
0.54
0.04
0.02
0
0
0
0.01
0
0
0
0.16
0
0
0
0
0
0.02
0.02
3.28
0
0
0
0.01
0
0
0
0
0
0
0
0
0
0
0
22.67
8.16
3.58
11.66
0.1
0.02
0.01
0
0
0
0
0
0
0
0
0
0
0
0
0
0
0
0
0
0.01
0.06
0
0
0
1.05
0.05
0.01
0
0
0
0.01
0
0
0
0
0
0
0
0.02
0
0
0
0
0
0
0
0
0
0
0
0
0
0.59
0
0
0
0
0
0
0
0
0
0
0
3.13
10.41
3.74
1.52
0.16
0.07
0.06
0
0
0
0
0
0
0
0.02
0
0
0
0
0
0
0
0
0
0
0
0
0
0.73
0.54
0.23
11.77
2.75
0.02
0
0
7.79
4.72
2.95
1.36
0.81
0.71
11.15
1.7
15.91
0.96
0.01
0
4.48
1.18
0.01
0
3.05
4.72
1.1
0
0
0
0
0
0
0
3.49
15.88
3.03
0.6
0
0
0
0
0
0
0
0
0
0
0
0
0.03
1.38
2.88
0.61
2.16
1.48
1.2
0.69
0
0.01
0.02
0
0.16
0
0.01
0
0.63
0
3.64
2.87
1.65
0.88
0
0.01
12.32
6.33
11.17
10.63
1.86
9.73
10.21
3.89
2.28
1.68
0.46
0.12
3.64
2.13
0.02
0.32
0.17
0
0
0
0
0
0.25
7.2
2.88
0.56
0.13
0
0.17
4.23
1.5
0
0
0
0
0.01
0
0
0
0
0
0
0.01
0
0
0
0
0
0
0.06
10.72
3.09
0.2
0
0.89
1.14
2.99
0.21
3.7
9.5
12.44
19.31
3.19
0.33
0
0
0
0.07
0
0.06
0
0.46
2.35
1.06
5.29
11.29
6.55
7.73
1.57
16.33
4.13
3.37
4.05
0.28
0.06
1.37
4.78
0.09
0
0.02
0
1
0.02
0
3.66
27
9.74
1.95
0.63
0
0.09
3.14
3.75
9.52
3.85
0.39
0
0
0.82
6.23
11.85
4.66
0.09
0.3
16.23
28.92
2.91
4.02
12.14
14.95
6.79
18.66
3.63
3.13
3.64
12.82
5.49
18.05
7.08
1.2
0.38
0.22
0.35
0.49
0.27
1.54
13.76
8.68
11.66
5.78
3.87
3.9
7.49
4.38
10.09
0.65
0
12.2
4.76
0.08
7.5
0.71
0.16
0
0
0
1.17
0
9.58
2.59
0
0
0
0
0.36
2.55
6.77
3.34
3.66
0.56
0
0
0
0
0
0
16.29
1.72
3.75
1.31
2.53
0
0.02
0
0
0
0
0.02
0
0.01
0.48
0
0.03
0
0.02
0
0
0
0
0
0
0.01
0.31
0.01
0.82
0.39
0.18
0
0.1
0
0.02
0
0
0
0
0
0
0
0.01
2.13
0.98
0.09
0
0
2.91
0.11
0
0
0
0.02
0.06
0
0
2.09
21.52
7.23
0.02
0
0
3.71
0.42
0
0
0
0
0.03
6.93
2.38
0
27.02
3.71
0
0
0.77
0.04
0
0
0
0
0
0
0.01
0.08
0
31.88
4.05
0.07
0.92
1.91
1.18
0.21
0.01
0
0
0
0
0
0.35
0
0
0.03
0.1
1.04
0.09
0.02
0.07
0
0
0
0
0
0
3.81
5.28
2.91
0.98
0.17
0.66
0.29
0
0.5
0.03
0
0
0
0
0
0
0.02
0.2
0.33
0.19
0
0
0.44
3.52
4.86
1.63
0
5.79
0.85
3.11
0.88
0.74
0
0
0
0
0
0.1
0
0
0
1.43
0.27
0
0.02
0
0
1.33
5.95
3.39
5.12
1.25
1.84
2
8.39
6.75
1.05
5.84
0.47
0
0
0.68
0
0
11.87
9
0.22
2.62
1.55
4.8
7.89
6.71
7.26
6.64
0.1
0.7
5.38
1.62
0.05
0
0
0
0.01
0.26
0.02
0
0.92
11.6
13.51
34.41
19.87
13.13
12.52
7.12
3.62
1.63
5.42
5.38
19.45
0.08
0.9
0
0
2
4.09
0.8
0.11
1.31
0.05
0
0.1
0
0.01
0.61
0.58
0.09
0.43
5.56
1.83
6.07
14.62
6.81
5.81
4.65
0.61
0.19
0.13
0.43
2.34
2.29
3.06
3.31
0.55
0
0
3.65
1.57
0.07
0.01
0
0.01
0.07
0.11
0
0
0.01
0.18
0.01
0.01
0
0
0
0
0
0
0.26
2.44
0.61
1.99
0
0
0
0
0
0
0
0.2
0.44
0.29
0.31
0.09
1.36
0.02
0.83
0.07
0
0
3.76
10.75
3.13
1.76
0
0.11
1.5
0.63
0.01
0
0
0
2.12
3.13
2.64
0.31
1.88
0.22
1.3
4.59
1.71
0
0
0
0
0
0
0
0.01
0.07
0.34
0.41
0.04
0.02
1.33
0.01
0
0
0
0.08
0
0
0
1.45
15.13
20.75
2.05
0.41
0.71
0.14
2.07
3.5
8.34
0.08
0
0
0
0
0.01
0
0
0
0
0.04
0
0.02
0
0
0.04
0
0
0
0
0.01
0
0
0
0
0
0.01
0.01
0
0.01
0
0
0.45
0.68
2.54
7.97
1.01
7.04
0
1.3
0.54
0.26
1.54
0
0
0.11
0
0
0
0.18
3.87
0
0.03
0.04
0
0
0
0
0
0
0
0
0
0
0
0
0
1.46
0.03
0.01
0.24
0
0.68
16.04
9.91
11.3
11.41
4.48
1.73
3.01
0.4
0
0.15
1.08
0.05
0.01
0
0
0.18
1.8
11.42
29.88
29.43
5.23
0.23
5.45
6
1.84
0.02
0.13
1.66
11.81
5.87
1.69
0.65
4.53
1.75
0.95
0.86
2.29
8.05
3.27
17.38
3.28
0
0.08
0.1
1.85
0.95
7.48
3.11
0.26
0.01
0
0.28
4.8
8.16
3.94
0.54
0.18
0.64
3.31
1.24
10.87
22.02
8.41
2.34
7
0.98
0.22
0.1
0.09
0
0
0
0.13
0.09
0.09
0.3
0.22
4.21
3.85
0.86
0.41
0.08
0.07
0
0
0.14
9.68
15.5
4.91
0.39
6.95
2.14
0.08
0.16
0.23
16.75
9.77
0.46
0.14
0.02
0
0
0
0
0
0.01
0
0.01
0.01
0
0
0
0
10.2
12.5
12.17
1.45
0.07
0
0.73
0.09
0
0.25
0
0
0
0.34
0
0.34
0.22
0.32
0.36
7.27
5.52
0.56
25.97
9.49
1.66
0.75
3.27
4.38
0.93
0.17
0.27
0.09
0
0
0
0
0
0
1.8
0.02
0
0
0
0
0
0
0.6
0.19
0
0.2
0.13
2.13
0.86
0.05
0
0
0.15
0.13
0
0.03
0
0
0
0
0.01
0
0
0
0
0
0
0
0.01
0
0
0.01
0
0
0
0
0.2
0
0.34
0
0.01
0
0.32
0.59
1
5
2.51
0.09
1.46
8.91
0.33
0
0
0
0
0
0
0
0
0.05
12.08
3.34
0.7
0.11
0
0
0.01
0.14
0
0
0.01
0.01
0
0.45
9.82
5.8
0.21
0.07
0.01
9.02
1.94
0.07
0.27
5.64
3.1
4.13
0.64
3.5
0.65
0
0
0
0.61
0.01
0
0.13
0.14
0
7.92
4.59
20.09
18.42
11
2.14
0
0
0
0
0
0.11
0.09
0
0.01
0.02
0.93
0.4
10.95
4.7
2.7
4.97
1.23
0.47
0
10.49
2.02
3.27
3.17
0
0.89
15.3
4.17
0
0
0
0
0
0.07
0
0
1.49
0.52
0
0
0
0.02
0
0
0
0
0
4.76
4.93
0
0.01
0.01
0.59
10.7
0.69
1.57
0.93
0
0
0
0.01
0
0.07
0
0
0
0
0
1.18
0.58
0
0.73
0.6
2.88
0
0
0
0
0
0
0
0
1.84
1.46
0.01
0.05
0
0.09
0.12
1.25
1.01
0
0.16
2.81
0
0.91
0.08
0.51
0.36
0.06
0
0
0
0
0
0
0.02
0.16
1.26
3.2
0.77
0
0.04
0
0
0
0
0
0.01
0
0
0.06
0
0
0
0
0
0
0
0
0.03
0
0.51
0.02
0.53
0.18
0.01
0
0.01
0
0.02
0.07
1.95
0.64
3.64
1.48
5.14
5
7.42
0.39
0.99
5.8
4.84
0.13
0
0
0.07
0
0
0.11
0
0.09
3.98
4.23
2.61
8.06
8.65
5.77
21.73
6.27
0.57
0
0.03
0
0
0
0
0
0
0
0
0
0
0
0
0
0
0
0
0
0
0
0
0
0.42
0.27
0
0
0
0
0
0
0
0
0
0
0.01
0
0.13
0.08
0.2
1.58
17.45
18.67
7.34
22.91
11.7
9.56
7.11
0.55
0
0.1
0.14
0.14
0
0
0
3.33
1.99
11.42
9.98
5.62
8.55
4.61
0.26
0.19
0.19
0.18
0.09
0.14
0.34
0.48
0.11
0
0
0.12
0.14
0
0.24
4.89
2.45
1.79
5.82
2.55
1.71
1.32
0.88
8.33
2.52
1.61
0.59
11.02
0.09
0
0
0
7.25
14.38
4.77
3.53
5.15
2.57
1.38
0.41
9.74
2.1
0
0
0
0
0.17
0.03
0.09
0
0.52
2.51
0.4
0.33
0.43
0
0.07
0.23
1.56
8.14
1.95
3.42
0.86
0.26
0
0
0
0.22
2.02
10.74
7.05
8.36
1.98
2.38
4.55
3.55
0.93
2.93
1.07
0.33
0.01
1.12
20.52
2.19
0.52
0.01
0.23
0.17
0
5.13
6.98
2.21
0.88
0.32
8.25
0.96
0.01
0
0.32
0.25
1.29
3.38
0.6
0.02
0.14
2.55
4.07
3.76
17.36
4.78
0.74
0.73
7.69
4.37
1.04
0.49
0.05
0
0.02
0.09
1.31
0.1
0
0
0.12
1.88
0.78
0.01
0
14.36
0
0
0
0
0
17.06
5.09
0
0.23
0.37
0.55
0
0
0
0
4.02
0
0
0.11
2.11
0.51
0
0.02
0.6
7.65
7.66
16.53
18.16
4.05
0.61
2.45
2.7
0
0
0.02
0.61
8.75
0.56
14.48
5.46
0
0.01
0
0
0
19.57
7.7
1.41
0
0.07
0.04
0
0
0.05
2.01
4.61
0.18
0
0
0
0.05
0.05
0
0
0
0
0
0
0.02
0.01
0.03
0
0
0.13
0
0.01
0
0
0
0
0
0
0
0
0
0
0
0
0.14
0.5
6.23
10.7
1.95
0
0.04
0
0.22
0.29
0
0
0
0.01
0
0
0.11
0
0.03
0.01
0
0.01
0
0
0.01
0
0
0.08
0.87
0.13
5.38
0
0
0
0
0.04
0.01
0.01
0.29
0
0
0
0.21
0.16
0
0
0
0
0
1.04
0.55
0.46
0
0.16
0.06
2.14
0.19
0.39
0
1.57
0
2.42
4.23
0.01
0
0.13
4.07
0.91
0.02
0
0.09
0.01
0
0
0.18
0.01
0
0
0
0
0.01
0
0
0
0
0
0
0
0
0.12
0.79
22.95
4.63
27.79
5.69
3.86
1.5
0.52
0.16
10.2
2.24
0
0
0
0
0
0
0
0
0
0
0
0
0
0
0
0
0.05
0
0
0
0
0
0
0
0
0
0.13
0.19
4.61
8.4
0.65
0
0.02
0
0
0
0
0
0
0
0.13
0
0
0
0
0
0
0.16
0.11
0.26
4.91
6.26
3.56
9.07
1.02
0.16
2.51
0.29
0.04
1.57
0.29
0.02
0
0
0.52
0
0
0
0
0
0
0
7.67
17.21
3.82
2.53
9.14
3.28
4.5
1.02
0.04
3.3
0.65
0.59
0.11
0.11
0.02
0
0
0
0.05
0.05
0.91
0.35
0
0.92
7.72
7.64
5.66
0.32
0.74
0.48
0.41
5.15
1.15
1.15
4.64
2.04
0.25
0.04
0.45
2.33
5.74
2.5
3.96
0.38
0
0
0.01
0
0
0.02
0.13
0.18
6.15
0.79
0.75
1.78
0
2.18
6.84
3.03
0.53
0.04
0.09
0
0
0.01
0
0
0
0
0
0.04
29.74
4.34
0.95
0.92
36.03
3.59
0
2.47
1.37
0.46
0.01
0.02
0.23
0.05
0
0
0
0
0
0.95
0.05
1.81
9.42
1.97
0.18
1.59
0.19
0.38
0
6.75
15.41
20.44
8.48
3.16
4.39
1.98
0.32
1.16
5.48
21.57
3.11
0.63
5.48
2.16
7.49
0.95
0.06
0.09
0
0.12
0
6.69
1.41
1.84
2
0.21
1.58
9.2
3.13
4.66
2.05
0
0.93
7.81
3.67
0.42
0.41
7.56
1.28
0
2.45
0.41
0
0
0
0
0
0
0
0
0
0
0
0
0.06
0
0
0
0
0.01
0.04
0
0
0
0
0
0
0.02
0
0
0
0
0
0.01
0.02
0.02
1.5
0
0
0
0
0
0
0
0
0
1.23
1.3
17.78
5.01
0.01
0
0
0.11
4.55
1.91
0.63
0
0
0
0
0.13
0.03
0.02
0.07
0.01
0
0.34
1.73
0.19
0.76
15.48
12.41
12.03
4.47
0.09
0.09
0
0
0.65
6.29
3.33
0
0.01
0
0
0
0
0
0
0
0
0
0.23
8.12
5.02
0.58
0
0
0.07
0
0
0
0
0
0.04
0.03
0.03
0.36
1.01
5
1.67
0.06
0
0
1.16
0.05
0
0
0
0
1.31
0.38
0
0
0.71
0.1
0.57
0
0.02
0
0
0
0.01
0
0.07
0
0.96
5.24
1.02
0.02
0.07
1.83
0.13
0
0
0.18
1.03
0.11
0
0.13
0.08
1.45
0
0
10.38
0
1.09
4.06
1.84
0.65
0
0
0
0.01
0.03
1.08
3.34
6.98
6.41
1.65
11.5
0.18
1.73
0.07
0.04
0
0
0
0
0
0
0
0
0
0
0
0
0
0
0
0
0
0
0
0
0
0
0
0
0
0
0.01
0
0
0
0
0
0
0
0
0.05
0.01
0.6
0.56
2.59
8.34
6.18
1.82
1.63
4.27
11.76
11.36
7.8
2.24
0
0.24
0
1
0.01
0.17
0
0
0.01
0.01
4.66
7.18
5.84
0.59
0
0
0
0
0
0
0
0
0
0
0
0
0
0
0
10.97
7.03
0
0.51
0
3.07
0.82
0.64
1.13
0.2
0.23
0
0
0.23
0.41
1.49
0.32
0.11
0
0
0
0
0
0
0
0
0
12.3
30.48
12.02
1.73
0.01
0.01
0.14
0
0
0.86
0.01
0.21
1.11
0.91
5.52
6.36
1.02
0.79
0.26
4.66
0.34
0.52
0.05
1.68
1.46
2.44
0.6
0
0
0
0
0.16
0
0
0.14
2.31
11.52
6.68
1.48
0.03
0
0.57
0.16
0.01
0.01
0
0.04
0.01
0
0
0.17
0.69
2.13
0
16.05
11.48
7
1.32
0
0.01
0
0.08
0
0
0.15
0.07
4.96
1.01
0
0.18
0.38
2.39
1.06
0
1.02
6.58
0.46
1.73
1.71
3.91
0.34
3.07
0.76
1.88
6.56
0.52
0.25
7.2
0.64
0.9
2.87
16.71
6.04
0.54
0.12
0.04
0.08
0
6.05
2.88
1.82
0
0.13
0.15
1.64
0.19
0.11
0.05
7.66
6.55
4.08
0
0.14
2.21
0.07
0.02
0.09
0.08
0
2.33
0.02
0.03
0
0
0
0
0
0
0
0
0
0.02
7.18
4.61
1.8
0
0
0.09
0.03
0.08
8.98
0.29
2.33
2.99
0
1.71
17.5
16.09
2.15
0
0
0
0.02
0.03
0.11
0.02
0
0.27
0.09
0.86
0
1.13
11.57
1.13
0
0.19
0.01
0
0
0
0
0
0.08
0
1.09
3.27
8.91
16.33
1.15
0
5.72
1.75
0.66
2.38
2.45
0
0.11
0
0.02
1.16
9.07
22.53
15.59
2.73
4.68
0.55
0.29
0
0.66
0.71
1.66
0
0.45
1.8
10.17
2.41
0.93
6.7
3.23
0.23
0.14
0.18
2.96
1.83
1
1.69
0.29
5.56
3.22
12.27
24.46
10.16
6.81
1.55
0.01
0
0
0
0.07
0.09
0
0
0
0
0
0.01
0
0.09
0
0
0
0.73
1.78
0.02
1.46
1.2
6.45
10.15
5.05
0.99
0.02
0.14
0
0.01
0.5
0.29
0.01
0
6.7
10.77
23.38
4.88
0
0
0.05
4.59
5.01
0.38
0
0.6
4.05
26.58
25.39
17.64
11.91
1.19
0
0.09
4.01
3.66
0.11
0.13
2.88
5.2
1.72
13.68
15.56
3.06
0.34
0.13
1
0.54
17.23
8.18
9.03
7.83
1.4
4.57
3.41
10.48
7.32
3.95
3.92
2.55
1.1
4.84
6.76
4.89
0.45
0.4
0.09
0.58
2.32
6.38
10.74
4.27
3.36
0.88
0.09
0
0.39
6.33
12.33
17.68
6.97
1.86
9.92
5.88
1.24
0.37
1.68
1.16
0
0
0
0.08
0
1.21
0
0.12
0
1.68
11.21
7.23
0
0.14
0
0
0
0
6.44
1
0.45
19.56
9.73
5.7
0.05
0.36
0.19
0.66
0.2
1.01
0.05
0
0.6
2.73
0
0.32
0
1.84
0.39
0.16
0
0.13
0
0
0
2.02
1.79
1.04
0.62
0.2
0
0
0
0.04
0
0
0.1
0.27
0.9
1.18
2.09
2.22
0.46
0.95
5.75
2.6
0.34
0.21
0.01
0.16
0
0.17
6.85
0.28
0.05
0.58
2.8
0
3.27
1.55
0
2.27
4.18
1.01
1.02
3.98
1.2
0.55
0.19
1.47
11.52
4.04
13.15
0.36
0.86
0.21
0.07
0.64
0.57
0
6.57
1.08
2.41
22.63
6.2
0.31
0
0
1.27
0.28
3.56
4.66
1.54
9.13
3.09
0
0.01
0
0.18
1.53
0.66
0.16
0
0
0
0.01
0.01
0.11
1.44
0.01
11.52
0.37
0
0.04
0.98
3.42
8.63
1.38
0
0.01
0
0
0
0.24
4.86
1.13
0.14
0.84
1
2.89
5.41
0.54
0.08
0
2.29
4.37
0.58
0.28
0
0
0
0
0
0.08
0.37
0
0
0
0
0.04
0.05
3.64
0
0.69
0
0
0
0
0
0
0
0
0
0
0
0
0
0
0
0.14
0
0
0.08
0
0
0
0
0
0
0.58
0.05
16.71
1.24
0
3.93
0.19
0.41
1.06
3.59
0.42
0
0
0
0
0
0
0
0
2.06
26.73
11.36
13.58
8.32
1.01
0.02
0.01
0
0
0.84
0
0.95
12.59
5.46
8.19
3.37
9.86
1.51
0.02
0.64
0.16
0
0.09
0
0.01
0
0.04
0.01
0.14
0.03
0.06
0.02
0
0.14
0
0
0.01
0.16
0
0.01
0
0
0
2.78
1.44
7.89
2.52
0
0.01
0
0.15
0
1.25
2.73
6.02
15.59
3.71
1.11
1.55
5.81
5.91
3.48
36.46
10.27
1.29
1.7
1.18
1.47
0
0
0
3.43
0.27
0.2
0.87
3.06
7.39
0.88
1.42
0
0
0
0.11
8.29
0.79
0.13
0
0.05
0
0
0.15
0.1
0
0
0.19
0.02
0
2.86
6.59
3.62
4.16
1.65
1.23
0.57
1.25
7.95
2.27
6.77
0.71
0.66
3.13
6.39
1.05
2.75
17.26
3.54
0
0
0
0.07
0
0.1
0.01
0.2
0.19
1.16
4.16
6.91
3.69
0
0.18
0.53
7.63
7.66
2.49
5.36
10.29
2.5
0.3
1.07
6.98
11.14
19.16
13.16
15.98
8.29
6.95
16.53
12.46
3.4
0.52
0
0.01
0.02
0.18
0
0.58
12.21
1.33
0.03
0
2.96
1.27
0.14
0.44
0.13
0.47
0.02
0.22
0
0.01
0.33
0
0
2.97
0.32
0.24
4.02
2.47
0
9.36
2.3
0.53
0.14
0
0.67
2.07
3.09
1.22
0.16
0
0
0.13
0.16
0.14
0.11
0
0.03
0.09
4.55
2.08
14.16
9.75
5.15
9.31
10.83
6.28
0.33
0.68
5.11
9.39
2.81
0.77
0.11
0.75
0.54
0.18
0.01
0
0
0.12
0
0
0.2
0
0.02
2.9
12.59
10.84
17.43
7.48
0.31
0.75
0
1.91
3.67
1.19
0.18
0
0
0
0.5
0.27
0
1.06
0.51
1.23
2.3
2.02
0
3.98
0.03
0.23
5.3
0.38
5.16
4.38
2.35
0.77
0.02
0.07
0
0.1
0
0
0
0
0
0
0
0
0.02
0.02
0.03
0
0.02
0
0
0.04
0
0
0
0.02
0
0
0
0
0.01
0
0.01
0.02
0
0
0
0
0
0.05
0
0.02
0
0.02
0.01
0
0
0
0
0
0
0
0
0
0
0
0
0
0
0
0
0
0.02
0
0
1.02
0
0
0.02
0
0
0
0
1.66
1.56
1.65
6.17
1.13
0.2
0
0
0
0
0
0
0
0
0
0
0
0
0
0
0
0
0
0
0
0
0
0
0
0
1.98
0.61
0
0.01
0
0
0
0
0
0
0
0
4.08
0.88
0
0
0.24
0.16
0
0
0
0
0
0
0
0.13
0.08
0
0
0
0
0
0.01
0.13
0
0
0
0.64
1.66
0.72
0.39
0.58
0
0.25
0
0
0.18
0
0
0
0.29
0
0.01
0
0.18
0
0.16
1.66
0.28
0.29
0
0.72
8.43
19.35
3.1
0.98
1.64
10.93
16.49
4.5
2.83
9.47
11.92
16.63
2.48
6.43
1.98
1.05
0.62
1.29
1.93
1.04
1.12
8.04
11.7
6.25
7.39
8.04
3.9
1.37
14.48
3.69
0.87
1.44
17.24
3.84
0.02
1.02
5.38
0.65
1.23
1.25
0
0.66
0.02
0
0.23
0.24
1.02
14.65
14.93
2.44
10.14
1.35
0
0.18
0.93
15.23
32.61
17.38
2.08
0
0.43
2.57
10.94
1.95
14.49
7.69
6.16
8.26
3.41
11.06
19.84
14.18
12.99
8.45
9.68
3.38
1.38
0
0.17
0
0
0
0.11
0.25
0.01
0.28
0.13
0.45
2.41
0.26
0.15
0
0.05
0
2.39
7.06
6.1
0.93
0
0
0
0.24
4.34
0.88
6
6.91
11.31
7.29
6.88
4.34
1.55
3.57
4.38
12.55
8.6
3.59
2.71
0.96
0.32
0
0
0
2.54
8.98
6.54
0.49
0
2.98
13.11
6.95
3.95
1.05
12.96
10.81
0.22
0
0
0
0
0
0
0
0
0.04
0.09
0.04
0
0
0
0
0
0
0.15
0.09
3.66
2.36
4.8
8.32
0.85
0
0.11
0
0
0
0
0
0.13
0.03
0
0
0
0.04
0
0.09
0.04
0.38
1.23
0.79
2.15
24.77
16.66
10.59
0.66
2.11
2.65
1.32
0.07
0.67
2.27
5.05
0.79
0.09
0
0
0.17
0
0
0
0
0
0.06
0
0
0
0
0.06
0
2.93
12.57
1.23
0
12.36
0.04
2.63
2.81
0.79
0.54
0
0
1.35
5.45
7.09
1.61
0.01
0
0
0
0
0
0.95
0
0
0.42
0
0
0
0.02
0
0.05
0
0
0
0
0
0
1.66
0
0.16
0
0
0
0
0
0
0
0
0
0.08
0
0
0
0
0
0
0
0
0
0
0.04
15.39
0.27
1.73
8.28
3.15
0.27
0
0
1.45
5
1.52
0
1.88
1.23
0
2.46
3.45
3.65
3.25
0.73
4.2
1.78
1.63
2.06
0.1
0.08
0.04
0
0
0.05
0
0
0
0
0
0
0.44
0
0.77
8.89
2.72
0
23.51
2.32
1.89
24
10.79
11.16
23.03
2.46
0.55
0.01
0.26
1.21
5.23
5.85
4.15
2.95
10.24
11.45
10.87
6.41
0.17
0.03
0
0
0
0.13
0
0
0.09
0.1
0.23
2.95
0.07
0.47
4.07
11.82
13.79
1.97
0
0.85
0
0.34
0
0
0.07
1.07
0.2
0.09
0
0
0.13
0.09
0
0
0
0.09
0
0.14
0
0
1.33
0.24
1.92
0
0.13
1.56
0.41
0
0
0
0.29
0.24
0.23
0.03
2.36
5.88
11.34
5.09
0.03
0.39
0
0.53
0.35
0.28
0.09
0
0
0.31
0.01
0
0.14
1.95
4.41
2.63
0.41
0.21
1.45
0.04
0
0.52
0.13
0.44
1.02
1.4
0.15
0.19
0.41
1.09
0.11
0
0.17
0.08
0
3.57
5.11
0.3
0
0
0
0.09
0
0.1
0.07
6.05
0.3
0
0
0
0
1.61
0.1
0
0.34
1.44
3.63
2.38
3.54
1.59
0
4.33
7.58
1.18
0
0.46
0.09
0.14
3.11
3.8
0.81
0.19
0.09
0.06
0
0
0.05
0
1.44
0.7
0.27
0
0
5.39
12.64
4.43
17.55
7.13
0.64
0
0
0
0.2
2.06
1.12
0.87
0
0
0.02
0
0.06
0
0
0.17
0.4
0.48
0.16
0.01
0.14
0.59
7.7
3.06
0.19
0.95
4.88
0.02
0
0
0
0.02
0.02
0
0
4.06
9.15
4.98
3.15
1.75
3.47
15.16
4.13
15.64
8.49
0.29
0
0
0.23
0
20.06
3.14
2.91
0
0
0
0.13
0
0.02
0.03
0.02
0.01
0.07
4.45
1.88
4.82
1.08
0.61
0.38
0
0
0
0
0
0
0
0.7
4.13
7.62
0.48
18.08
11.77
7.84
3.35
0
0.05
0
0.14
0
0.09
0.11
0.11
0.26
0
0
0
0.02
0
0
3.88
0.85
0
0.01
0
0.2
0.01
0
0.06
1.31
0.26
0.6
0.16
0
1.38
0.09
0.42
0.05
0.08
0.05
0.25
0
1.24
0
0.15
0
0
0
0.01
0
0
0
0
0
0
0
0
0
0
0
0
0
0
0
0
4.36
0.01
0.01
0.66
13.7
0
0.09
0
3.77
0.26
1.42
0
1.43
0
0.21
0
0
0
1.84
0
0
0.57
0
0.01
0.21
6.08
0
0.01
0.11
0
0
0
0
0.38
1.25
0
5.02
4.47
0.45
0
0
0
0
0.16
0.8
2.88
0
1.45
0.29
0.06
0.88
0.59
0.23
0
0.72
2.09
0.44
0
0.12
0.15
0
0.34
10.82
18.46
0.56
0
0
2.33
0.24
0.79
0.27
10.04
2.88
0
0
0
0
0
0
1.05
3.28
0.95
2.16
1.42
2.16
6.64
34.88
1.54
4.39
3.08
3.23
0.28
0
0.15
0.22
0.09
0.01
0
0
0
0.01
0
0.06
0.28
2.14
0
0.13
0.7
4.14
0.12
0
0
0.07
0
0.01
0
0
0.14
0
0
0
0
0
3.02
0.2
0.02
0
2.05
0.96
0
0.01
0.01
0
0
0
0
0
0
0
0
0
0
0.18
0
0
0
0
0
0.35
1.18
0.64
1.03
0.67
0.34
0
0.13
0
0
0.21
0.01
0.23
0
0
0.29
0
0
0.01
0.23
0
0
0
0
0.23
0
0
0.44
0
0.15
0.49
2.56
8.48
1.54
0
0.7
0
0
0
0
0.09
1.13
1.03
0.03
0.15
0
0.02
0
2.06
3.88
2.22
0
0
0
0.21
0.36
0
0
0.25
0
0.01
0.22
2.34
0
0
0
0.86
0.07
0.04
0.25
0
1.85
1.91
0.46
0
0
0.27
6.61
7.57
7.78
0.65
0.01
0.19
7.14
0.23
0.36
0.15
0.05
0
0.45
3.71
8.87
5.08
16.94
8.36
2.11
2.05
0.99
0.1
0.63
0.24
0.37
0.57
7.83
0.52
0.77
2.09
0
8.16
0.18
0
0.02
0
0.44
0
0.22
0
0.18
7.01
15.38
14.63
7.57
9.91
0
0.02
0.23
0
0
0
0
0
0.13
0
0
0
1.47
16.39
0
0
0.01
0.84
5.71
4.32
0.03
0.11
0.27
0.77
0
0.15
0
0
0.16
0.16
0
0.21
0
0.23
0
0.01
0
0
0
0.16
0
0
0.12
0.21
0.71
5.88
10.56
2.13
1.57
0.81
0.35
1.96
0
1.57
0
0
0.09
0
0.9
0.23
0
0
0
0
0
0.01
0.01
0
0.01
0
0
0
0
0
0
0
0
0.11
0
0.1
0
0.41
2.96
1.15
0.01
0
0.64
0.6
1.4
0.25
0
0.09
0.02
0
0
0
0.37
0
0
0
0
0
0
0.05
0
0
0
0
0.01
1.11
3.84
0
0.01
0
0.23
0
0
0
0
0
6.21
0.74
0.19
0
0
0
0.27
0
2.39
0.56
0
0.19
1.89
3.89
3.3
0
9.35
11.32
4.55
0
0
0
2
0
1.16
0
0.09
0
0.28
0.16
0
0.14
0
0.11
0
0.06
0
0
0.01
0.29
0
0.52
1.16
0.19
0
0
0.16
0.27
0
0
0
0
0
0
0
0.16
0
0
0
0.2
0
0
0
0
0
0
0
0
0
0.29
0
0
0
0
0.03
0.02
0.64
0
0
0
0
0
0
0
0
0
0.21
0
0
0
0.18
0.95
0.84
2.24
1.35
2.53
0
1.47
1.64
18.18
1.1
0
5.66
9.88
8.01
7.64
0.44
0.15
8.37
15.62
31.01
20.39
16.53
10.19
1.92
0
0
0.22
0
0
0
0.01
0
0.75
6.41
1.98
0.1
0.04
2.4
4.81
0.18
0.64
0.32
0
0.26
0
0.25
0.71
0.41
0
0
0
0.12
0.01
0
0
0
0
0
0
0
0
0
0
0
0
0.09
6.31
2.19
12.83
4.21
0.17
4
3.31
0
5.94
0.76
1.51
3.88
0.36
1.02
2
0
0
0
0
0.2
0
0
0.16
0.01
0.16
0
0
0
0.29
0.01
0
0
0.68
0
0
0.01
0
0
0
0
0
0
0
0.81
2.48
1.45
11.36
5.42
0
0.13
3.01
0.24
0.46
0.01
0
0.18
0
0.13
0.4
2.32
0
0
17.02
6.36
8.35
2.01
0
0
0.04
0.16
0
0.01
0.01
0.14
0
0.19
0
0
0
0.28
0.24
0.02
0
0.19
0
0
0.24
0
0
0
0.13
41.81
4
0.7
1.13
0.21
0.38
0.33
0.87
0
1.63
5.11
4.74
6.63
11.88
9.5
10.29
1.67
0
21.29
9.39
0.53
0
0.18
0.52
7.66
6.67
0.66
0
0.02
0
0
0
0.2
0
0
0.14
0.14
0
0
0.12
0.06
0.64
0
0
0
0
0
0.7
2.9
23.91
1.57
0
0
0
0
0
0
0.51
0.09
0
0
0
0.08
0
0
1.8
0
0
0
0
0
0
0
0
0
1.44
26.09
1.24
0
0
0
0
0
0
0
0
0
0
0.13
0
0
3.17
0.54
0
0
0
0.01
0.04
0
0.49
3.71
0
0
0.55
9.59
0
0
0
0
0
0
0
0
0.01
0
0
0
0.03
2.56
1.95
0
0.01
0.21
0.08
0.27
3.27
0.6
6.4
0.21
1.98
0
0.01
1.54
22.89
0
0
0.65
4.63
1.91
0.13
0.02
0
0
0
0.27
0
0.18
0.42
0.34
0
0.51
6.8
2.7
0.36
0
1.5
12.2
1.42
0.36
0
10.19
0.02
1.96
0
0
0.21
0
0
0.28
0
0
0
0
0.06
1.51
34.98
31.51
14.02
2.13
0.04
0
0.8
7.3
0
0.04
0.21
0.24
0.27
0.02
0
0
0
0
0
7.19
6.61
1.6
0
0.09
0
0
0
0.07
0
0.02
0.06
0.47
2.17
2.03
2.16
2.2
6.33
3.2
0
0.2
0.08
2.18
0.22
1.8
4.28
0
0.02
0.11
0
0.04
0.04
0.08
0
0
0
0
0
0
0
0
0
0.02
0.04
0
0
0
0
0
0
0
0
0
0
0
0
0
0
0
0
0
0
0
0
0
0
0
0
0
0
0
0
0
0
0.9
0.36
0.36
0.28
0
0.05
0.01
0
0
0
0
0
0
0.02
0
1.49
0.01
0.09
9.2
0.12
0.48
0
0
0
0
0
0
0
0
0
0
0
0
0
0
0.15
0.23
0
0
0
0
0
0
0.04
0.45
0.37
0.03
0.23
3.01
0
0
0.01
1.26
0.71
0.39
0
0
0
0
0
0
0
0
0
0
0
0
0
2.37
12.44
3.17
5
11.94
0
13.32
6.27
21.81
0.96
1.27
0.07
0.28
2.79
13.11
0.64
0
0
0
0
0.05
0.1
0
0
0.05
1.14
2.33
5.11
2.52
0.91
12.39
0.73
0
0.14
0.23
0.79
0
0
0
0
0
0
0
0
0
0.03
0
0
0
0
0
0
0
0
0.02
0
0.77
0
0
0
0
0
0
0.01
0
0
1.43
6.02
4.52
17.92
0.29
0.59
0.44
0
0
0.29
0.57
4.91
2.75
0.94
2.38
0.06
0
0
0.94
0
0
0
0
0
0
0
0
0
0
0
0.01
0.02
0.04
0
0
0.1
0.02
0
0.01
0
0
0
0.02
2.21
6.12
2.99
0
0
2.27
3.15
0
0
0.01
0.02
0
0
4.66
0
0
0
0
0
13.97
3.98
0.14
0.25
0
4.63
5.55
0.73
0
18.51
14.72
0.02
0.07
0
0
0
0
0.02
0
0
0
0
0
0
0.01
0
0
0
0
0
0
0
0
0
0
0
0
0
2.13
1.26
0
0
0
0
0
0
0
0.01
0
0
0
0.38
3.58
0.14
0.01
1.11
0
0
0
0
0
0
0.01
0.01
0.01
0.09
0.26
1.45
8.91
0
0.01
0
0.14
0.16
0.76
2.8
3.78
0.16
1.12
8.75
0.75
0.03
0
0.11
7.79
5.44
4.75
2.89
0.34
1.62
12.01
6.61
1.02
0.55
0.09
0
0
0.08
0
0.09
0
0.01
0.01
0
0
0
0.01
0
0.01
0.42
0
0.1
1.33
1.11
4.8
7.06
4.56
9.82
18.92
6.37
15.53
4.25
1.74
2.11
0
0.01
0.01
0
0
0.11
0.41
0
0
0
0.59
0.59
0.05
0.73
3.11
3.59
0.3
0.14
0
0
0
0.01
0.29
0.15
0.23
1.6
1.27
10.14
8.45
0.95
3.59
1.63
0.57
3.22
0.23
0
0.69
1.8
0.26
1.65
1.19
0.05
0
0
0
0
0.01
0
0
0
0
0
0
0.01
0.01
0
0
0
0.33
0.18
3.33
2.37
0.06
0
0
13.71
17.73
0.82
0.84
0
0.02
0.01
0
0.1
0.1
0
0
0
0.14
0
2.37
3.24
6.39
3.32
3.28
1.57
5.53
13.5
6.12
0
2.06
6.53
5.62
0
0.62
14.48
1.38
4.29
13.71
1.69
3.84
2.84
0.04
0
0
0
0
0
0
0.26
1.28
0.64
8.56
1.79
0.09
0
0.01
0.23
0.27
0.2
0
0.41
1.94
2.66
0.11
0.37
0.09
0.98
4.63
10.97
6.1
1.13
0.07
6.01
7.57
1.9
5.54
0.05
0.03
0
0
30.63
14.31
5.21
7.94
20.6
3.1
0.67
13.25
13.12
6.4
2.55
6.69
0.38
7.73
0
2.7
0.7
0.09
0
0.07
4.07
21.76
19.24
2.14
0.48
0.05
0
0
0.02
0
0
0
0
0
0
12.24
3.27
0
0.68
1.15
0
0
0
0
0.32
0
0.07
0
0
0
0
0
0
0.3
0
0
0
0
0
0
0
0
0.11
0
0
0.12
0.1
0
0
0
0
0
0
0
0
0
0
0
0
0
0
0
0
0.01
0.04
0
0.09
0
0
0
0
0.59
0.52
0
0
0
0
0
0
0
1.87
7.82
0.56
0.11
0
0.01
0
0
0.01
0
0
0
0
0
0
0
0.01
0.78
0
0
0.09
0
0
0
0
0
0
0
0
0
0
0
0
0.01
0
0
0
0
9.91
0.82
0
1.45
6.66
5.17
7.95
0.46
0.05
0.01
0
0
0
0
0
0.16
0.01
0.02
0
0
0
5.45
0.83
0
0
0
0
0.88
7.63
0.11
0.01
0
0
0
4.64
3.37
0
12.55
3.51
7.48
27.18
34.65
0.27
4.05
4.81
6.56
28.7
4.38
19.82
1.57
2.02
12.04
1.03
1.16
0.61
0.74
0.13
0.02
0.54
0.24
0.13
0.11
1.5
26.38
3.09
0.19
0.95
0.2
0.3
0.22
0
0
0.13
0
0.11
2.34
2.31
0.09
3.39
0
0.2
2.27
0.02
1.21
0.16
0
0
0
0.11
0
1.47
0
0.01
0
0
0
0.05
0.02
3.13
2.15
0.33
0.03
0.25
0.02
0.19
0
0.01
0.09
0.38
2.53
2.27
6.86
1.06
1.45
11.27
19.09
15.9
9.75
1.57
14.68
1
0
0
0.1
0
0
0
0
0
0.01
0.01
0
2.82
9
8.95
11.09
7.87
1.09
1.36
0.92
2.2
6.6
6.13
3.91
0
0.15
0.98
0
0
0
1.48
0.09
0
1.25
6.98
0.6
0.04
0.1
0.86
0.05
0.01
0
0.03
0.01
0.02
0.27
0.05
0.01
0
0
0.04
4.25
11.86
1.95
4.78
5.71
0
0.02
0.25
0.01
0.55
0
0
0.01
0
0
0.12
0.02
8.55
5.77
5.56
5.46
11.75
1.97
0.33
0.32
0.3
0
0.25
0
0.25
0
0
0
0.8
13.95
8.5
1.66
3.39
0.52
0.3
1.54
0
0.01
0
0.09
0.73
0.22
1.09
6.48
0.75
0.15
0.11
0.21
2.86
3.22
4.38
8.52
2.34
9.36
10.07
0.14
0.06
3.52
4.6
0.86
0
6.83
0.53
0
0.95
2.08
0.45
0.71
0.23
0
23.15
0.66
0.11
0.14
0.04
0.03
0.23
0
0
0
0
0
0
0.02
0
0.81
0
0.74
2.4
0.03
0.01
0
0.23
0
1.62
1.04
0
9
0.16
0.12
0.07
5.75
1.73
0.08
0.04
0
0
0
0
0.02
0
0
0
0.03
0.31
0.09
0.1
0
0
0
0.01
0
0
0.09
0.01
0
0
0.01
0
2.5
0
3.5
0.04
0
0
0
0
0
0
0
0
0
0.04
0
0
0
0
0
0
0
0
0
0
0
0
0
0
0
0
0
0
0
0
0
0
0
0
0
0
0.03
0
0
0.3
0
0
0
0
0
0
0
0
0
0
0
0.01
8.28
0.14
0
0
0.43
0
0
0.01
0.02
0.02
0.77
0
0
0
0
0
0
0
0
0
0
0
0
0
0
0
0
0
0
0
0.25
0.68
0.11
0
0
0
0
0.04
0.34
5.37
5.34
6.25
5.32
1.21
0
0
0
1.04
5.18
4.67
0.45
0
0
0
0
0
0.02
0.12
0.05
0.19
0.05
0.28
8.76
9.13
0
0.55
0.01
0
0.15
0.11
0.27
0.71
10.67
0.14
1.58
4.24
0
0.2
0.02
0.11
0.19
0.15
0
0.03
0
0
0.06
0.1
0
10.04
7.05
10.41
4.25
0.52
13.78
10.66
6.27
2.61
2.14
5.23
3.22
2.23
0
1.86
0.31
4.14
0
0
0.14
0.1
0
0
0
0
0
0
0
0
0
0.02
0
0
0.01
0
0
0.09
5.82
8.32
1.52
0.57
0.25
1.61
1.77
5.34
0.11
0.34
3.15
1.52
0.37
0.34
0
2.42
23.96
9.48
7.46
8.65
8.29
6.73
2.48
10.81
3.16
0.86
2.52
5.09
1.03
0.14
0.27
3.55
7.01
1.35
0.62
0.59
1.13
0.45
4.2
0.81
0.05
0.46
0.23
5.23
9.31
0.72
0.31
0.27
0
2.19
0
0.92
0.17
0.34
0
0
0.81
0
0
0.04
0.01
0
0.01
0.25
12.35
0.88
0.27
4.58
4.24
4.55
5.45
0.86
2.16
10.57
1.09
0.02
1.73
1.27
3.74
0.34
0.85
0
0
13.39
3.91
5.91
11.4
8.35
4.37
2.43
1.23
0.01
0
0.07
2.02
0.59
0.49
5.63
4.41
0
0
0
0
0.36
0.64
1.55
0
0
0
0
0.04
0
0
1.32
3.15
0
0
11.02
0.2
0
1.18
0
0
0
0
0
0.02
0
0
0
0
0
1.24
0
0
0
0.03
0
1.06
2.24
0.07
0.6
4.98
3.36
1.05
0.05
1.25
0
1.09
1.1
0
0
0.08
0.04
0.07
5.52
0.02
0
0
0
0
0
0.02
0
0
0.43
0.01
0
0
0.05
0
0
0.05
0.06
0
0
0.01
0
7.01
1.81
0
0
0
0
0
0
0
0
0
0
0
0
0
0
0
0
0
0
0.04
0
0
0
1.13
0
0
0.02
0
0
0
0
0.03
0
0
0
3.39
7.68
0
0
0.08
0
0
3.27
0.88
0.09
0
0.16
26.93
1.2
0
0
0.02
0
7.06
6.03
3.21
8.2
0
3.18
16.85
3.7
0
3.7
0
0
0
0
0.17
0
0.01
1.61
0.84
4.52
0
0
0.04
0.1
3.59
5.18
2.13
3.35
11.01
5.67
1.02
0.61
0
0
0.12
0.31
6.91
10.82
0.31
0
0
0
0
0
0
0
0
0
0
0
0
0
0
0
0
0
1.44
11.23
16.54
3.26
0.48
2.61
2.61
0
0
1.21
0.8
0.03
0
0
0
0
0
0
0
0
0
0
0
0.34
0.3
0.16
8.04
1.54
0
0
0.7
13.97
2.18
0.13
0.05
0.01
0
0
0.04
2.02
0.84
3.38
1.1
0.08
1.27
0.63
0.59
0.02
0.05
0.08
0.01
0
0
0
0
0
0
0.09
18.05
10.47
1.61
6.66
13.38
1.01
0.85
0
0.02
0
0
0
0
0.4
0.58
0.23
4.74
10.86
13.1
8.91
11.04
6.74
2.5
0.29
13.67
1.39
0.32
0
0
0
0
0
5.98
10.89
0.54
0.14
0.04
0.2
11.59
8.47
3.2
0.17
0
0
0.07
0.16
7.36
6.3
2.34
1.38
0
0
0
0
0
0
0.01
0
1.51
1.75
0
0
0.14
0
0
0
0
0
0
0
0.24
0.69
0.02
0
0.81
2.84
0.3
0.22
0.53
0.09
0.02
0
0
16.35
9.9
14.95
6.16
2.89
17.52
14.23
0.68
0.28
0.12
0
0.01
0
1.34
0
0
0
0
0
0
0
2.31
8.25
1.09
0.01
0
0
0.58
0
0
0
0.01
0.01
0
0
0
0
0.09
0
1.61
0
0.01
0
0
13.15
0.55
0.6
0
0
1.87
5.84
8.73
0.12
0
0.13
0.48
0
0
0
0
0
0
0.01
0
0
0
0.34
0.38
0
0
0
0
0.45
4.36
0
0.23
0.11
0
0
0
0
0
0
0.38
0.01
0
0
0.05
2.41
1.76
0
0
0.19
0.59
0.16
10.04
5.31
0.9
0.47
2.59
3.39
13.23
18
3.86
0.43
0
0.05
0
2.63
0.01
0
0.02
0.01
2.41
23.38
1
0
0.03
0
0
0.24
0
0
0
0
0
0
0
0
0
0.85
0
0
0
0
0
0
0
0
0
0
0.05
0.02
0
0
0.13
0
0
0.86
2.35
0.03
0
0
3.54
1.43
0.09
0
0
0
0
0
0
0
0
0.52
0
0
0.01
0
0.03
0
3.84
2.7
0
0.57
5.88
5.17
1.72
0
0
1.63
0.98
12.88
3.64
1.84
4.42
9.39
0.94
0.13
0.4
27.94
17.87
5.32
0.34
0
0.38
0.97
0.87
0.13
0.02
1.12
6.07
1.01
23.2
8.05
7.44
0
0
8.61
0.32
0.2
0.09
0.32
0.08
0.2
1.18
0.72
0.35
6.05
15.34
2.54
0
0.14
0.12
0.47
1.15
0.12
0.02
0
0
0
0
0.01
0
1.55
1.67
1.77
0.59
0
0.11
0
0
0.01
0.54
5.15
15.64
8.93
5.22
0.61
0.29
1.61
1.41
6.82
25.89
3.06
12.69
3.16
1.58
2
2.23
0.06
0
0
0.1
0.66
0
0.2
0
0.1
0.27
0.07
0.08
0.2
6.04
1.52
0.7
0.28
0.02
4.88
1.34
0
0
0
0.19
6.71
5.18
6.24
4.39
15.58
4.32
9.96
0.16
0
0.02
0
0.5
0
1.94
5.41
4.05
7.14
0.79
9.55
2.02
0.39
2.42
0.38
1.08
1.75
1.13
10.05
0.62
0
0.63
0.09
0.37
0
0.23
0
0.1
1.25
1.83
0
0
0
0
0.01
0.46
0.35
0
0.16
1.15
0
0.02
0
0
0.28
1.07
0.66
0
0
0
0
0
0.01
0
0
0.01
0
0
0
0
0
0
2.07
0
0
0
0.08
0.2
0.08
0
0.46
0.53
0
2.71
3.8
6.26
10.3
4.8
5.79
0
0.58
0.34
13.83
19.54
4.31
0.95
3.66
15.53
0.53
1.3
4.46
9.64
1.01
0
2.52
2.02
1.03
25.05
5.86
0
0.46
0.37
0
6.29
4.86
2.02
17.68
1.45
1.33
1.01
5.59
10.5
0
2.86
6.83
7.23
2.11
2.23
7.46
1.57
1.1
1.2
0.8
0.05
0.43
0.95
17.83
0.56
5.29
0.52
0.05
0
0.42
0
0
0
1.42
1.08
0.86
0.06
6.65
38.89
30.79
3.05
1.09
2.93
5.32
3.66
10.16
4.42
7.31
0.76
0
2.96
6
4.55
10.41
4.67
0.74
27.88
13.91
3.12
9.08
12.34
1.38
0
0.8
3.16
1.33
0
0.41
0
0.45
0.04
0
0.15
0.01
0
0
0.37
0.23
0
0.2
0.04
0
0.02
2.64
0.01
0
0
0
0
0
0
0
0
0
0
0
0
0.02
0
0
0
0
0
0
0
0.84
0
0
0
0
0
0
0
0
0
0
0
0
0
0
0
0.08
0.05
0.76
0.05
0
0
0
0
0
0.06
0.03
0.3
0.05
0
0
0.66
0
0
0.33
0.14
0
0
0
0
0
0
0
0
0
0
0
0
0
0.3
0.02
0.42
0.1
0.02
0.12
0
0.24
0.44
1.91
0
0.82
9.86
5.79
18.16
10.81
6.37
1.34
0.66
0
0
0
0
0
0
0.01
0.03
0
0.48
0
0.15
0.32
0.31
0
0.01
0.02
2
1.97
0.32
0
5.69
6.4
0.92
0.28
0
0
0
0
0
0
0
0
0
0
0.02
0.02
0
0.12
0.07
10.82
5.23
0.63
0
0
0
0.33
0
0
0
0
0
0
0
0
0
0
0
0
0
0
0
0
0
0
0
0
0
0
0
0
0
0
0
0
0
0.22
5.37
0.49
0.11
0.13
0.23
0.02
0
0
0
0
0
0
0
1.27
2.24
0.03
0
0
0.04
0
0
0
0
0
0
0.01
0
0.01
0.12
0.23
0
0.23
1.25
2.57
2.73
2.41
0
0
0
0
0
0.18
0
0
0
0.02
0.05
1.95
14.21
19.05
11.57
2.87
9.37
3.31
0.12
0.07
0
0.65
0
0.02
5.45
2
0.33
0
0
0.01
0.17
0
0.01
2.38
5.16
0.11
0
0
0.09
0
0
0
0
0
0.08
0.1
0.16
9.67
3.68
0.32
6.91
5.1
8.23
5.49
4.35
6.84
2.28
2.41
0.36
1.29
6.8
7.7
1.23
0.46
0.31
0.01
0.11
3.09
0.72
2.1
7.89
11.41
18.21
12.79
1.62
1.64
0.89
0.11
0
0
0
0
0
0
0
0
3.83
0.23
0.02
0
2.2
4.61
2.19
0
0
0
7.5
0.21
0
7.3
11.01
11.19
21.02
3.29
9.97
6.89
13.49
19.14
13.48
7.79
3.5
4.75
0.49
0.87
0.01
0.71
0.21
0.51
0
0
0
0.05
0.18
3.49
2.97
2.58
5.38
10.09
1.7
0.03
0
0.19
0
0
0
0
0
0
0
0
0
0
1.58
0
0.08
0.02
0
0
1.6
1.3
0
0
0.01
0
0.26
0.01
0
0.01
0.03
0.26
0.53
0.33
0.18
0
0
0.01
0
0.03
8.72
2.58
0.83
0.09
0.12
0
0
0
0
0
0.1
0.59
1.92
0
0
0.02
0
0
0
0
0.02
0
0.09
0.02
0
0.01
0.04
0
0
0
0
0
1.45
0.08
0.09
0
1.28
0
0
0.56
2.41
2.32
7.44
0.04
0.02
0.32
0
0
0
0.19
0
0
0
0.44
0.05
1.82
0
0
0
0
0
0
0
0
0
0
0
0.16
0.07
0
0
0
0
0
0
0
0
0.15
1.18
0.42
13.21
0.82
0.07
0
0.75
0.28
0
0
0.4
0
3.11
0
0.75
0
0
0
0.8
1.05
0.1
2.54
0.13
0.24
0.01
0.64
0
0.03
0.01
0.69
2.52
1.29
8.26
6.02
4.2
16.35
7.73
5.88
10.31
5.59
1.42
7.06
9.21
8.82
2.44
3.73
2.7
2.82
0.55
1.53
3.51
2.62
3.38
2.92
2.91
11.21
2.73
2.08
11.34
7.45
3.62
3.73
15.24
14.3
11.98
1.24
2.4
6.84
2.38
0
0
5.95
7.98
1.05
0.54
0.49
0.29
0.2
3.58
1.09
7.95
1.62
0
0.72
0.34
0.23
0.77
0.65
1.18
0
0
0.43
0.59
0.01
0
0
0.38
0
0
0
0.02
0.82
1.01
3.32
8.8
6.44
3.37
1.89
4.57
4.4
0.32
0.06
0.05
0
0.04
0
0.01
0
0
0
0
0.17
0
0
0
0
0.01
0
0.35
0.3
0
0
0
0
0
0
0
0
0.16
0.17
0
0
0.17
0.12
1.38
0.38
0
1.22
0.92
1.07
0
0
0
0
0
0
0
0
0
10.14
0.58
0
0
0.45
0.1
0
0.26
0.04
4.06
4.52
0.64
10.07
11.09
8.39
1.84
2.71
1.07
0
0
0.06
0.23
1.29
0
0.11
0.01
0.03
0.05
0.51
1.03
1.34
1.97
2.35
1.5
3.33
0.46
0.01
0.25
0
0.19
0.01
0
0.01
0
0.27
0
0.02
0
0.02
1.14
3.7
0
0
0.03
1.67
0.32
0.36
3.44
5.34
0.67
0.45
0.96
0.03
0.05
1.01
0.54
0.27
0.33
0.41
0
0.05
0.01
0.2
0
0.17
0.23
0
0
0
0.8
2.8
0
3.13
6.69
0.64
0.48
0
0.18
0.16
0.01
0
0.58
0
0
1.06
4.22
0.12
0
0
0
0
0
0
0
0
0.01
0
0
0
0
0
0.22
0
0
0.14
0
0
0
0
1.09
0.44
0.63
0.71
0.36
0.21
0
0.72
7.05
0.13
0.2
0
0.05
16.81
3.68
0.1
0
0
0
0.03
0
4.75
0.1
1.41
0
0.46
0
0
1.13
0.07
3.53
14.49
3.11
1.88
0.19
0.82
1.3
0.87
0.58
0.57
0
0
0.04
0
1.18
0.59
0.02
0
0.17
1.43
34.4
9.08
0.54
0
2.01
0
0.16
0
7.96
1.33
0
0.89
3.81
0
0
0
0
0.88
1.16
0
0.19
12.21
0.38
0
4.27
0.61
0.05
0.28
1
3.34
0.22
0
0.48
0
0.09
0.01
0.95
1.38
3.16
1.32
6.53
0.57
0
17.65
24.03
10.25
3.94
0.52
0.32
2.4
5.12
0.83
7.95
7.51
0
1.29
0
0.46
0.88
0.38
12.2
21.15
1.56
0.46
0
0.29
0.59
1.07
0
0.01
0
0.56
0.05
1.03
11.55
2.33
5.9
7.79
0.63
0.19
0.4
0.09
0.02
0
0
0.01
0
0
0
0
0.02
16.49
4.57
2.74
0.23
0
0
0.01
0.3
0
0.05
2.48
0.04
0.02
0.14
0.01
0.02
0
2.32
0
0.73
0.59
0.59
0.42
0.13
0.05
0.11
0.02
0.1
0
0.44
6.76
2.59
0.96
0.91
0.12
1.13
0.02
0.06
0.02
0.34
0.94
0.03
0
0
0.02
0.14
0.02
0
0.23
0.12
0.12
0.01
0.64
0
0.66
3.37
7.09
1.54
0.03
0.63
4.88
1.38
1.21
6.58
0.85
0
0.84
0.41
0.57
0.27
6.36
4
9.95
2.38
0
0.11
0.02
0
0.41
0.03
0.62
1.74
10.92
3.86
1.5
2.07
0
13.88
11.23
10.94
3.66
8.01
2.18
1.51
6.8
0
0.38
0.65
1.8
4.05
0
0.22
0
0.79
0.17
0.74
2.13
2.81
2.92
0.02
0
0.01
0
0.69
0.05
1.02
1.94
9.12
0.55
0
0.01
0
0
0
0
5.88
14.73
10.08
20.43
4.1
0.66
0.14
0.44
0.27
0.02
0
0
1.43
1.86
0.84
0.31
0.05
0
0
6.26
0
0
0.98
1.04
0
0.23
0.02
1
0.42
0.01
0
0
0
0
0
0
0
0
0
0
0
0
0
0
0.02
0
0.05
1.38
8.28
10.4
0.67
6.88
0.4
0
0.05
0.29
0
0
0
0
0.21
0.07
0.01
4.74
9.26
0
0
0
0
0
0.09
0
0
0
0
0
0
0
0
0
14.92
1.37
10.34
1.84
0
0
0
0.3
0
0
0.02
0
0
0
0
0
0
0
0.3
2.15
0
0.2
0
0
0.04
0
0
0
0
0
0
0
0.23
0.05
0.13
0
0
0
0
0
0
0
0
0.03
0
0.01
0.02
1.15
1.22
0.15
0
0
0.18
0
0.08
0
0.25
1.48
0.74
0.01
0
0
0
0.44
29.2
7.34
23.73
0
0
0.04
0
0.44
1.29
0.73
0
0
0
0.2
0.14
0
0.23
10.11
18.06
0
0.08
0.36
6.77
6.01
2.57
15.65
1.3
0.11
0.54
0.08
0
0.26
0
0.17
0
0
29.88
21.7
8.52
4.18
4.35
1.41
0.29
0.02
0
0
0.08
0
0
0
0
2.61
11.91
4.43
5.79
0.21
0
0
0
0
0.09
0.82
1.65
0
0
0
0
0
0
0
0.27
1.96
2.39
14.16
0
0.14
0.25
3.55
0.48
0.7
0.01
0.29
1.85
0.16
0
0
0.33
8.08
4.55
2.49
5.28
3.29
0.62
0.08
0
0
0
0
0
0.05
0.06
0.11
3.36
4.45
0.41
0.03
0
0
0
0
0
0
0
0
0
0
0
0
0
0
0
0
0
0
0
0
0.3
3.82
4.53
0.44
0
0
0
0
0.22
0
0
0
0
0.04
0.07
0.25
0.14
0
0
0
0.02
0.01
0
0.01
0
0
0
0
0
0
0
0
0
0
0
0
4.46
0.09
0
0
0.03
0
6.14
1.38
0
0
0
0.05
2.71
1.54
0.13
0
0
0.2
1.5
0.45
0
0.01
0
0
0
0
0
0
0
0
0
0
0
0
0
0
0
0
0.02
0
0.95
0.49
0.23
2.64
0.24
0.16
0.59
18.52
3.18
11.7
16.07
11.6
7.43
1.12
2.93
0
0.86
0
0
0.03
0.05
0
0
0
0
0
0
0
0
0
0
0
0
0
0
0
0
0
0
15.7
5.17
1
0
0
1.25
0
0.01
0
0
0.01
0
0
0.05
0
0
0
10.82
6.58
1.94
1.36
0.43
4.95
0.52
0.06
0.14
0.56
12.07
20.29
20.61
5.27
4.53
2.49
2.21
3.64
0.9
1.87
0.57
1.91
4.95
0.1
1.11
5.46
8.37
1.48
4.02
2.57
0
0.03
0
0
3.43
17.08
1.52
0
0
0
0.01
0.02
0
4.14
0.79
0.03
0
0
0
0.01
0
0
0
0.16
0.05
0.04
0
0.01
2.4
0.51
0
0.05
0.04
0.5
0.09
0.03
0.22
0
4.06
0.3
0.25
2.55
1.41
2.17
0.6
1.81
4.18
0.19
0.02
0.96
0.11
0
0.63
0
0
0
0
0
0
0.84
0.01
0.1
0
5.57
0
0
0
0.07
0
0.32
0
0.11
1.56
3.32
0.04
0.35
0
0
0
0.04
0
0
0
0
0
0
0
0
0.09
0
0
0.02
0
0
0
0.05
0
0
0
0.44
10.75
20.42
13.12
0
0
0
0.11
0
0
0
0.2
0.14
0.19
6.91
7.69
7.23
5.95
6.09
0.38
2.04
9.72
23.42
2.66
18.23
12.19
0
0
0
0
0
1.07
0.64
3.59
3.96
10.75
10.05
3.29
0.54
0.66
0.01
0
0.06
0
0
0
0
0
0
0.14
0
0.05
8.7
0.29
0
0
0
0
0
0
0
0
0
0
0
0
0.04
0.16
0.36
6.02
2.51
13.38
4.13
10.66
1.62
1.78
0
0.17
0
0
0.19
0
7.13
4.34
0
0
0
0
0
0.03
0.56
1.68
0
0.55
0.07
0
0
0
0
0
0
0.46
0
0
0
0
0
0
0
0.07
0.32
0.14
0
0
0
0
0
0
0
0
0
0
0
0
0
0
0.2
0
0.18
0.09
0.1
0
0.22
2.12
0.13
0.09
0.46
0
0.35
3.61
2.22
0
0.02
0
0
0
0
0
0
0
0
0
0
0
0
0.31
0.63
0.22
3.28
3.41
0
0
0
0
0
0
0.2
0.21
0.34
0.08
3.11
11.15
2.59
0
0.01
0.07
0.3
0.66
1.42
0.23
2.24
1.75
0.51
0
0
0
0
0
0.04
0.01
0
0.08
0.02
0
0
0
0
0
0
1.56
3.13
1.01
4.05
0.26
0.04
0
0
0
0.9
1.16
0.8
6.36
8.79
12.7
1.59
1.7
0.72
3.54
1.6
4
0.58
0.68
0.46
0.05
1.17
1.63
0.38
4.22
9.93
1.16
3.63
10.9
7.39
2.92
1.65
7.79
3.6
1.26
0
0.05
0
14.62
14.15
10.58
8.35
2.26
0.34
0.22
0
0
0
0
0.04
0.02
5.38
5.86
3.66
5.44
19.72
7.12
0.76
0.05
0.05
0.15
0.09
0.01
0.01
4.77
0.86
0.08
0
1.19
1.64
0.14
0.19
0
0
0
0.06
0.27
6.07
0.07
0.05
0.02
0.01
0
0
0
0
1.54
0
0
0
0
0
0
0
0
0
0
0
0
0
0.04
0
0
0
0
0
0.01
0
0
0
0
0.23
0.61
0.14
0.01
0.06
0
0.46
0.01
0
0.02
0
0
0
0
0
0
0
0
0
0.54
3.06
1.13
0.05
0.08
0.14
0.05
0
0
0
0.57
0.54
0.24
0
0.48
1.02
1.24
1.42
0.12
0
0.01
0.01
0
2.25
0
0.01
0.47
0.04
0.12
22.13
20.01
2.82
1.75
0
0.08
0
0
4.43
0.83
7.12
0.98
1.61
6.2
9.52
6.5
5.56
10.35
32.05
13.07
11.69
16.47
8.41
1.08
2.05
4.6
4.89
0.02
0.18
0.51
0.09
0.52
0.5
0.63
3.75
11.44
15.32
10.06
1.52
0.79
9.44
3.17
7.36
6.69
0.3
8.91
2.43
2.64
0
0.06
0.13
0
0
0
0.01
0
0.49
0.14
0
0
0
0
0.05
0.55
0
0
0.7
0.68
5.41
0.61
7.41
0
0
0.11
0
0.2
0
0.02
0
0.02
0
0
0
0.56
0.42
0
0.01
0.01
0.33
0.16
0
0
0
0.29
0.01
1.49
1.72
1.48
0.03
0.2
0.49
1.18
0.02
0.76
7.18
1.97
11.29
11.79
3.66
6.32
17.3
1.66
1.02
0.22
0
0.5
0.91
0.25
0.26
0.34
0
0.01
0
0.29
0.13
0
0.55
0.66
0
0
0
0
0
0.04
4.04
8.84
1.26
0.93
1.35
0.16
0.08
0
0
0
0
0.04
2.14
0.45
0.23
0.89
0.52
3.94
0.5
0.07
4.61
0.43
0.26
0.04
2.45
7.03
6.11
1.95
0.33
0
0.01
0
0
0
0
0
0
0.12
0.04
0.01
0.01
0
0.27
0.45
0.37
0
0.11
0
0
0
0
0
0
0
0.18
0.35
0.62
0.02
0.02
0.1
0
0.3
0.93
0.62
0.01
1.75
0
0
0.02
0.01
0
0.18
3.14
0.83
0.07
0.16
4.52
0.92
0.04
0.52
2.82
9.11
0
0
0
0.17
0
0
0
0.04
1.42
0.75
0
0.06
4.34
0
0
0.02
0.21
0.73
2.25
2.68
8.73
10.2
2.56
1.55
5.53
1.38
2.43
1.02
2.07
0.05
0
0
0.01
0
0
0
0
1.13
0
0
0
0
0.06
0.37
0.05
0
0
0
0
0
0
0
0
0.01
0
0.14
0
0
0
0
0.02
0.02
0.01
0.01
0
0
0
0
0
0
0
0
0
0
0
0
0
0
0.01
0
0.01
0.04
0.27
0
0
0
0
0
0
0.02
0.04
0.04
0
0
0.12
1.16
3.28
0
0
0
0.02
0.01
0
0
0
0
0
0.02
0
0.09
0.14
0.05
1.03
0
0
0
0.02
0.01
0.01
0
0
0
0
0
0
0
0.09
0.02
0
0
0
0
0
0.01
0
0
0
0
0
0
0.16
0.28
0
0
0.08
0.06
0
0
1.79
1.71
2.03
5.5
4.33
1.01
0.15
1.24
1.07
1.44
4.08
2.77
1.74
0.3
3.13
1.71
0.21
0
0.95
10.16
4.69
1.02
0.01
0
21.06
11.37
5.15
0.12
5.74
4.7
3.11
0
6.64
1.41
0.17
1.04
0
11.27
4.24
0
0
0
0.32
0.51
12.01
10.36
4.7
17.3
4.47
7.89
3.78
1.98
0.11
3.8
0.28
0.06
0
0.04
0.04
0
0
0.13
0
0
0
0
0
0
0
0.27
0.2
0
0.47
0.3
0.13
0
1.31
0.96
4.84
0
0.11
0
0
0.09
0.19
0
0.02
0
0
1.13
0.91
0.48
1.25
0.36
0
0
0
0
0.11
0.13
0.57
1.49
12.18
2.38
1.36
0.14
0.55
0.87
0
0.06
0.02
0
0
0.04
0.01
0
0
0
0.08
9.66
6.27
1.05
1.19
0.46
0
1.51
2.02
0.34
0.86
0.06
0.03
2.29
0.04
0.01
0
0
0
0
0.02
0
0
2.05
1.63
0.13
0.99
19.06
6.92
2.85
0.63
0.06
4.92
1.09
0
0.16
0.25
0
0
0.46
1.5
1.58
0
0.16
0
0.04
1.38
1.22
3.99
1.21
0.14
0.08
0
0.37
0.27
0
0.07
0
0
0
0
0
0
0
0.16
0
0.54
0
0
0.01
0.39
0.13
0.01
0
0
0
0.01
0
0
0
0
0
0
0
0
0
0
0
0
0.01
0.01
0
0
0.01
0.85
3.46
3.5
3.97
6.78
3.95
0.51
5.26
0.3
0.06
0
0.51
9.04
2.64
0.82
0.2
0.25
3.15
18.73
5.82
5.88
11.58
0
0.09
2.42
0.65
1.41
0.11
1.08
0
0
0
0
0
0
0.07
0.01
0
0
0
0
0
0
0.28
0
0
0.11
0
3.27
3.81
14.01
0.38
0.04
0
0
0
2.3
0.78
0
0
0
0.6
0.23
0.41
0
41.71
3.66
1.15
3.28
2.96
2.07
0.93
0.78
0.35
0.26
0
0.01
0.01
0.26
0.43
0.09
1.74
0
0
0
0
0
0
0
0
0.02
0
0
0
0.09
0.02
0.23
0
0
0
0.01
1.69
0.03
0.08
0
0.02
0.02
0.01
0
0
0.09
32.59
5.14
1.97
0
0
0
0.11
0
0
0.02
0
4.62
5.11
4.45
4.98
0.04
0.01
0
0
0
0.01
0
0
0
0.04
0.82
0.47
0
0
0.1
0
0.14
0.28
0.01
0.01
0.15
0
0
0.04
1.96
7.94
0.31
0.19
0.03
0
0
0
0.01
0
0
0
0
0.01
0
0
0.13
0.93
0.25
0
0
0
0
0
0.09
0
0
1.86
0.4
0.01
0
0.04
0.53
0
0
0
0.29
1.86
0
0
0
0.21
0
0
0
0
0.05
0
0
0.03
0.01
0.02
0
1.33
16.7
22.67
19.84
0.02
2.62
9.37
8.32
3.55
10.16
0
0
3.67
1.02
0.39
0.18
5.68
2.37
1.99
1.25
0
3.09
0
0
0.71
14.89
0.78
2.99
6
3.26
0.2
3.56
0.72
0.48
0
0.55
16.48
2.34
0.5
0
0.43
0.07
0.43
8.8
4.24
9.89
20.22
10.1
7.34
4.91
9.16
20.77
15.54
2.15
0.32
0.45
10.12
6.07
18.42
1.52
15.7
2.96
1.2
8.42
0.35
0.57
0
0.05
0.03
0
0.09
2.88
3.08
12.14
6.28
16.52
7.02
0.24
2.17
5.51
5.89
3.42
0
6.93
13.82
0.92
0
1.2
11.91
2.56
0.23
0
0.01
0
0.02
0.82
3.59
0.32
0.03
0
0
0.2
0.9
0.38
0.17
0.09
0
0
1.07
8.17
0
1.71
0
0
0.01
0
0
0
0
0
0.02
0.01
0
0
0.5
3.84
2.61
0.16
0.02
0
0
3.21
0
0
0
0.17
0.09
0.33
4.18
0.1
0
3.63
7.78
10.01
9.7
0.96
0
0.07
0.12
5.47
1.71
0.95
0.02
0
0
0
0.95
0
0.02
0.98
0.6
0
0
0
0.2
9.36
0
0
0.01
0
0.27
2.89
2.2
3.18
1.57
1.62
0
0
4.29
18.19
10.08
4.55
5.05
16.97
8.17
2.23
0.01
0
0.74
1.27
17.95
12.23
3.5
1.49
0.14
0
0
0
0
0
0
0
0.01
0
5.07
3.75
0
0
0.09
0.07
0
0.43
0.04
1.09
1.09
0
0.83
0.01
0.02
0.95
0.35
4.01
2.84
3.2
0.21
0
0
0
0
0.07
0
0
0
0
0
0
0
0
0.01
0
0.08
1.12
1.74
0
0
0
0.04
0.84
0
0.02
0
0
0.02
0.01
0
0
0.02
0
0
1.51
9.43
0
0
0.13
0
0
0
0.12
0.16
0
0
0
1.56
2.01
0
0
0
0
17.46
6.22
5.03
0.52
0
0.4
0
0
0.01
0
0
0
0
0
0
0.09
0
0
0
0
0
0.2
3.32
0.48
0.09
0.01
2.31
0.14
0.1
0.97
0
0.25
0
0
0.12
0.8
1.3
1.21
10.59
9.35
1.38
0
0
0
0
0
0
0
0
0.01
0
0
0
0
0
0
0
0
0
0
0
14.51
0.47
0
0.08
0.66
0.07
0.01
0.26
0
0
0.01
0
0
0
0
0.06
0.02
0
0
0
0
0.63
2.38
1.3
0
0
0
0
20.57
36.73
18.09
12.13
3.39
0.04
6.86
1.29
2.19
5.33
4.05
0.94
2.56
1.19
0
2.01
0.97
0.09
0.03
0.01
0
0.11
0
0
13.26
8.88
1.16
4.08
0.45
1.23
0.74
12.12
24.74
25.09
4.14
0.06
0.3
3.68
12.84
12.44
20.16
11.48
6.58
11.05
5.55
3.18
0.05
0
2.26
6.13
2.13
15.39
3.18
10.26
3.55
0.67
10.88
3.42
12.31
20.9
0.26
0.02
0.01
0.05
0.01
0
3.38
12.77
2.95
10.49
20.1
18.04
4.08
7.37
3.4
0.26
0.43
0.29
0
0.23
0
0
0
0.05
2.98
0.66
0.02
0
0
0
0
0
0.01
0
0.14
0.15
0.51
0.18
0.01
0.31
0
0
0
0
2.38
0.52
0.53
0
0
0
0
0
0
0
0
0
0
0
0
0
0
0
0
0
0
0
0
0
0
0
0
0
0
0
0.01
0.04
0
0
0
0
0
0
0
0
0.03
0
0
0.05
0.59
0.91
0.01
0
0
0
0
0
0
0.56
5.48
22.26
19.04
5.99
1.24
0
0
0
0.26
0
0.43
0
0
0
0.04
0.26
0
0
3.3
1.46
2.28
0.22
0
0
0
0.55
2.8
3.21
0.85
12.51
7.13
3.55
0.22
0.01
0
0
6.19
2.8
5.04
0.08
0
0.48
8.73
23.54
3.78
10.26
0
4.36
15.57
9.65
0
0
0
0
0
0.01
0
0
0
0
0.05
0.02
0
0
0
0
0
0
0
0
0
0
1.77
1.19
0.12
8.45
5.24
3.99
0
0.13
0
0.02
0.67
0.55
3.54
0
0
0.01
0.84
0
0
0
0
0
0.12
2.43
1.33
17.11
3.04
0
0.07
0
1.8
2.2
0.29
0
0
0.11
1.24
0.1
0.07
0
0.09
13.99
2.22
10.06
0
0.01
0.68
0
0
0.04
0
0
0.01
0.05
0.48
4.49
1.67
1.9
10.65
1.13
10.05
0.06
0
0
0
0.72
0
0.02
0
0
0
0
0.28
0.62
0
0
0
0.94
3.95
7.8
0
0.49
0.08
0.14
2.61
0.98
0.05
2.57
1.75
1.88
4.44
0.63
0.01
0
0.16
0
0
0.01
0.35
0
0.04
0.2
0
0
0.02
0
0
0
0
0
0
0
0.04
0.32
2.45
3.8
8.04
2.02
0.01
2.38
1.95
7.16
11.67
0.21
0
0
0
9.8
13.89
5.83
41.48
15.04
2.94
7.03
4.43
8.84
7.62
0.85
7.46
0.4
0.06
0.34
2.91
7.68
2.77
5.3
13.93
4.84
0.91
3.67
7.85
0
0.43
1.45
0.52
1.73
0.13
2.39
0
8.87
0
0.06
0.02
0.64
0.12
0.13
2.8
1.98
0.17
0
6.68
21.92
38.22
7.95
5.05
0.53
4.01
8.14
0
0.02
1.73
0.85
0.23
1.38
0.79
4.07
10.63
0
1.96
0.18
0.96
0.37
0
0.13
0
0
0.01
0.13
4.64
5.53
0.06
0.01
0
0
0.02
0.03
0.03
0
0
0.61
0.09
1.11
4.05
0.9
1.21
4.3
0.53
1.1
1.48
11.55
2.05
2.48
0.23
0
0
0.07
0
0
0
0
0
0
0
0
0
0
0
0.07
1.15
0.23
0
0
0
0
0
0
0
0
0
0
0
0
0
0
0
0.01
0
0.02
0.16
0
0
0
0
0.01
0
0.17
0
0.61
3.2
0.3
0.43
0
0
0
5.24
0.98
1.85
0
0.16
4.04
2.95
4.11
3.37
0.99
0.16
3.64
4.71
2.17
1.38
1.13
13.79
3.8
5.88
1.02
0
0.07
0
0.4
0.92
0.16
0.1
0.08
4.19
1.39
3.14
6.48
2.96
3.3
1.45
4.23
0.41
0.2
0.68
0
0.01
0.04
6.45
7.51
3.48
8.98
9.02
1.9
0.66
0.34
0.38
5.92
5.14
0
0.28
3.74
4.46
1.91
9.38
17.96
3.4
13.29
1.37
4.3
1.84
0.21
0.34
0.67
1.64
4.31
0.01
0
0
0
0
0
0
0
0.01
0
0
0
0
0
0
0
0
0
0
0
0
0
0.39
0
2.29
1.1
0.32
0
0
0
0
0
0
0
0
0
0
0.02
0
0
0
0
0
0
0
0
0
0
0
0.01
0.02
0
0
0
0
1.79
1.95
0.01
0
0
0
0
0
0
0
0.28
0.82
0
0.23
1.25
1.68
0.81
1.67
0.23
0.07
0
0
0
0
0
0
7.37
0.03
0
0
0.06
0
0
0
0
0
0.02
0.99
0.01
0
0.09
0.44
0.16
0.01
0.01
0
0
0
0
0.17
0.13
1.71
10.25
0.69
11.18
11.02
5.57
1.8
3.66
4.68
2.22
0.33
0.36
1.47
4.8
18.86
6.26
0
1.71
1.23
0.61
0.2
0
0
0
0
0
0.02
0
0
0
0
0.01
0
0.05
2.24
1.95
0
0.07
0
0
0
0.09
0.83
22.56
10.59
0.63
0.07
0
0
0.05
0.41
0.18
0
0.05
0.27
0
0
0
0
0
0
0
0
0.07
0
0.46
0
0
0.01
0.25
0.28
0.45
0.02
1.2
0
0
0
0.26
0
0.1
1
1.65
0.74
0.01
0.02
0
0
0
0
0
0.88
1.07
0
0
0.07
0
0
0
0
8.61
12.45
3.2
0
0.05
0
0
0
0
0.5
0.73
7.09
2.25
0.23
0
0.01
0.16
0.21
7.77
6.14
0
0.01
0.18
0.09
0.16
0.01
0
0
0
0.01
0
0
0
0
0
0
0
0
0
0.12
0.01
0.02
7.21
0.63
0
0.01
0
0
0
0
0
0
0
0
0
0
0
14.05
5.25
0.93
3.86
0
0
0.11
4.3
0.53
0.01
0.01
0
0
0
0.7
16.96
5.81
0.13
0.56
0.75
0.09
0.01
0
0
0
0
0
0
6.7
6.35
2.8
2.76
0.74
0
0
0
1.16
0
0
0
0
0
0
0
0
0
0.01
0
0
3.9
2.33
8.56
0.65
0
0.15
1.73
0.63
0.01
0.04
0.03
3.11
4.17
14.45
11.49
5.56
0.78
7.27
1.63
2.78
1.02
1.35
4.34
5.47
0.43
0
0
0
0
0
0
0.01
3.22
4.38
10.2
6.55
1.55
0
0
0
0
0
0
0.01
0
0
0.22
1.96
13.07
2.44
0
0
0
0.02
0.15
0.18
10.21
0
0
1.77
23.66
0
0
1.45
0
0.25
0.02
0
0
0.52
1.57
0.02
0
0.09
0.02
0.21
0.01
0.08
0
0
0
2.38
0.01
0
0
0
0
0.01
0
1.13
3.13
0
0
0
0.02
0.38
0
0
0
0
0
0
0
20.77
2
0
0.14
0
9.66
0.03
0.07
0.04
0.03
0.02
0.03
2.3
0.64
0
0
0
0.09
0
0
0
0
0
0.09
7.27
0
0.01
0
0.19
0.6
1.05
0
0
0
0
0
10.7
1.72
1.23
0
15.15
6.73
3.63
1.94
0.16
0
0
0.04
0.13
3.01
10.88
2.12
0.04
0
6.89
27.76
5.23
0.44
0.19
0.05
5.23
9.56
2.38
0
0
0.13
0.1
0
0.05
0
0
0.2
1.75
1.52
0.2
0
0
2.48
9.96
3.12
0
0.01
0
10.37
3.84
17.71
12.26
10.6
16.75
22.65
10.59
1.8
9.02
10.93
4.76
0.2
0.38
0.01
0
0.05
0.02
0
0
0
0
0
0
0.05
13.64
9.03
1.97
3.95
3.13
1.09
0
0.04
0.02
0.94
0.93
0
0
0
0
0
0.03
0
0.09
0
0
0
0.02
0.45
0.16
0.02
0.01
0
3.24
0.62
0.41
0.14
1.07
9.23
2.18
0.95
0.02
0.05
0.8
0.19
0
0
0.02
0.51
0.41
0.25
3.44
1.7
3.63
1.82
0
0
0
0.04
0
0
0
0.01
0.2
2.21
0.8
0
0
0.86
5.33
2.58
0
0.05
0
0
0.06
0.06
0
0
0
0.09
0.13
0.02
0
0
0
0.34
0.84
0.14
0
0
0
0
0
0
0
0
0.01
0
0.02
0
0
0
0
0
0
0
0
0.02
0.01
0
0
0
0
0
0
0.01
0
0
0
0
0
0
0
0
0
0
0.04
0
0
0
0
0
0
0.11
3.85
0.45
6.68
4.84
1.58
1.56
0.75
0.21
1.26
0.22
7.11
2.45
0.63
12.92
7.31
4.22
0
0.01
1.78
6.16
4.19
7.32
2.85
0
2.38
8.34
25.55
13
2.34
12.29
4.19
0
0.25
10.91
2.95
0.02
0.28
4.32
14.16
2.04
0.06
0.01
0.06
0.13
0.3
3.79
2
6.21
13.94
8.75
3.49
2.43
1.23
0.08
0.02
0
0
5.13
2.98
2.55
0
0.63
3.24
2.77
0
0.31
0.04
12.8
3.02
0
0.01
0
0.01
0.29
1.41
3.52
9.95
5.55
0
0
0.01
0.42
0
0
0
0
0
0
0
0
0
0
0
0
0
0
0
0
1.97
3.29
0
0
0
0
0
0.13
0.01
0
0.02
0.01
0
0.05
0.23
0.01
0
0
0
0.21
1.94
4.12
0.77
0
0.01
0
0
0.05
0.08
0.32
0
0
0
0
0
0.02
0.01
0.01
0
0
0
0
0
0
0
0
1.01
0
0
0
0
0.03
0
0
0
0.09
0.01
0
0
0
0
0.24
0
0
0.18
0.3
0
0
0
0
0
0
0
0
0
0.16
3.13
0.13
0
0
0
0
0
0
2.04
6.32
0
0
0
0.12
0
2.34
0.37
0.61
1.64
0.86
0.11
0.66
0.05
0
0
0.03
0
0
0
0.02
0
21.61
0.5
0.52
1.55
5.46
0.2
0
0
1.44
5.2
4.63
2.32
1.22
0.79
0.16
0
0.01
0.04
0
10.48
0.32
0.85
18.09
0.81
3.39
19.07
3.69
0.14
0
0
0
0
10.77
4.28
0.64
0.02
0.27
0
0
0.18
0.05
10.68
30.39
4.91
2.15
0.79
1.41
0.38
0.61
12.36
1.36
15
4.41
0.34
0
7.04
15.61
4.68
1.94
0.52
0
0
0.34
0.23
2.9
0.01
0.08
0.01
0
0
0
2.46
13.06
12.95
10.56
9.25
13.09
4.71
6.64
12.78
5.57
0.05
9.66
1.13
6.48
3.11
17.71
5.7
0.09
0.68
4.18
3.98
7.77
0.3
0.28
1.02
2.77
3.58
1.37
10.45
3.28
0.04
0
1.05
5.84
9.79
8.03
24.82
6.44
5.13
1.55
0.05
0.02
0.02
0
0
0.73
1.72
3.27
9.63
7.01
1.59
0.92
0
0.02
0.01
0.47
0.39
0
0
0.04
0.03
0
0
0.02
0
0.02
0.13
0.75
1.63
0.88
22.39
24.98
9.27
21.31
1.87
0.05
9.62
6.67
0.83
2.63
1.39
4.77
0.01
0
0
2.65
0.09
0
0.03
0
0.02
0
0.02
0.5
1.19
5.49
0.21
1.28
1.96
0.26
0
0
0
0
0.11
0
0
0
0
0
0
0
0
0
0
0.5
0
7.12
3.45
0
0
0
0.03
0
0.5
0
0
0.55
0.38
1.77
1.04
2.67
3.45
0.82
2.05
0
0
0.06
0.61
6.35
4.55
0
0
0.02
1.59
0.95
0.3
1.02
6.5
1.8
13.59
1.54
5.3
2.1
2.13
0.02
0
0.01
0
0
0
0
0.2
0
0.05
0
0.05
0
0
0
6.59
3.73
0.43
0
0
0
0
0
0
0
0
0
0
0
0
0
0
0
0
0
0
0
0
1
0.61
0
0
1.69
0
0.58
2.57
0
1.7
0.28
0.01
1.3
3.37
0.01
0
0.18
0.05
0
0
0
0
0
0
0.01
0.02
0
4.13
0
0
0
0
0
0
0.02
0
0
0
0
0
1.03
0.87
4.47
0
0.58
0
0.01
0.01
0
0
0
0
0
0.02
0.17
0.01
0
0
0
0
0
0.01
0.02
1.87
0
0
0
0
0
0
0
0
0
0
0
0
0.01
0
0
0
3.95
14.45
11.45
13.21
1.19
2.05
0.48
0.11
11.59
2.77
0
0
0
0
0
0.54
8.33
2.71
7.5
3.5
0
0
5.08
0.12
0
0
0.79
12.6
13.96
31.12
8.88
0.35
2.46
0.08
0
0
0
0
0.01
0
0
0
0
0
0
0.41
0.38
0
0.02
0
0
0.01
0
0
0.56
1.19
1.52
0
0.04
0
0
0
0
0
0
0
0
0.01
0.09
0
0
0
0
0.01
0
0
0
0
0.05
0
0
0
0
0
0
0
0
0
0.02
0.01
0
0
0.27
0.59
2.06
0.37
0.02
0
0
0.02
0.01
3.05
3.56
2.84
5.46
5.65
0
0.02
0
0
0
0
0.05
0
0.94
0.49
0
1.77
0.48
0.47
0.03
0.02
0.07
1.43
1.34
13.73
2.3
0.09
0.01
0
0.05
0
0.02
0.05
0
0.04
0.08
0.19
6.75
0.92
0.02
0
0
0.01
0
0
0
0.01
0.01
0.05
0.01
0.01
0
0.01
0.01
0
0
0
0
0
0.45
6.26
4.39
0.78
12.65
4.43
1.82
0.54
0.1
0
0
0
0.02
0.45
11.49
8.39
18.21
7.8
2.32
0.04
0
0
0
0
0
0
0
0.02
0
0.28
0.11
0
0.15
0
2.52
2.48
0
8.9
11.73
4.7
1.51
0
8.43
10.45
4.05
0
0
0
0
0.03
1.23
0
0
0
0
0
0
0
0
0
0
0
0
0.27
1.33
0
1.3
9.36
1.54
17.67
26.54
1.92
0.44
0.95
0
0
0
0
0
0.14
0.01
0
0.01
1.05
4.21
0
0
0
0
0
0
0
0
1.23
0
0.23
8.3
9.77
17.09
6.39
10.81
4.64
0
0
0
0.03
0
0
0
0
0
0
0
0.01
0
0
0
0
0
0.03
0.02
0
0.13
11.02
0.11
0.01
0
0
0
0
0.06
1.39
0.07
0
0
0
0
0
0
0
0
0.01
0
0
0
0.07
4.65
0
0
0
0
0.09
0.1
0
0
0
0
0
0
0.15
0
0.24
0
2.48
1.66
0.28
0
0.02
1.38
4.28
0.14
0.18
2.09
0
0
1.79
0
23.52
6.76
0.34
5.55
2.35
0.01
0.07
0.13
0.06
4.02
1.23
0
0.02
0
0.23
0.14
1.25
0.26
0.04
0
0
0
0
1.83
5.4
16.41
4.91
1.52
8.35
1.98
6.11
0.17
0
0
0
0.02
0.12
0
0
8.32
0
0
0
0
0.02
0.95
13.86
26.5
10.95
0
0
0
0
0
3.2
0.4
0
0.01
6.53
11.06
0.38
0.17
0.02
0.07
0
0
0
1.9
6.74
0.12
0.01
0.44
0.09
0
0
0
0
0
0
0.04
0.55
1.88
15.43
8.67
4.75
6.17
1.61
3.57
16.45
3.46
5.84
16.42
2.46
8.06
0.02
0.26
2.62
3.36
2.83
0.39
3.95
1.02
0.11
0.06
0.24
0.08
0
0.06
7.34
11.45
3.98
0.59
2.89
0.97
0
3.61
4.59
4.91
6.06
0.03
0
0.05
0
1.24
1.57
4.6
10.49
0.2
0
4.08
1.95
2.07
12.12
3.63
4.02
10.52
1.32
9.26
1.36
5.73
0.16
0.36
0.01
0
0
0.01
0
0.24
6.84
4.11
8.85
4.45
11.92
0.17
0
0
0
0
0.01
1.11
1.23
1.91
0.68
0.16
0.04
0.26
0
0
0
0
0
0
0.05
0.13
0
0
0
0
0
5.5
8.43
1.91
1.36
1.1
0.91
6.34
15.2
11.41
1.54
0.12
0.02
0.02
0.07
0.22
1.78
0.01
0
0
0
0
0
0
0
0.22
1.3
0.09
0.01
0
0
0
0
0.12
1.07
1.79
0.02
10.76
16.42
6.37
12.91
28.42
6.9
0.34
0.01
0
0
0
0
0
0.01
0.42
1.91
1.64
1.42
6.7
9.67
1.73
0.69
0
2.26
7.41
2.31
0.19
0.18
1.48
0
1.66
3.07
0
0
0.02
0.44
0
0
0
2.23
3.79
11.74
4.11
5.33
1.68
0.02
0.63
0.18
0
0
0.29
21.38
0.7
0
0
0
0
0
0.1
0.63
0
0
0
0
0
0.01
3.87
6.61
0.88
0.38
6.33
2.55
0
0.55
0
0
0
0.02
0.01
0
0
1.36
0.83
0.07
0
0
0
0
0.01
2.25
1.17
0
0.02
0.01
0.02
0.16
0.09
0
0
0
0
0
0.05
0
0
0
0
0.25
3.14
0
0
0.75
0
0
0
0.01
0
0.1
0
0
0
0
0
0
0
0.01
0
0
0
0
0
0
0
0
0
0.02
0.43
0.5
0
0
0
0
0.22
0.18
0
0.63
0
0
4.08
0.29
3.65
0.22
0.02
0
0
0.21
0.03
0
0.02
0
0
7.13
13.44
1.87
1.38
0
0
0
0
0
0
0
0
0
0
0
0
0
0
0
1.12
0
0.02
0.02
0.52
0.44
3.76
3.11
18.96
8.3
8.84
0.38
0
0
0
0
0
0
0
0.81
2.05
14.06
6.02
0.81
14.52
1.84
24.01
9.94
2.02
3.26
0.02
0
0
13.66
2.29
2.43
11.29
0.98
17.44
17
1.61
0
0
0
0.3
0.01
0
11.41
0.5
0.89
0
0
0.04
0.02
12.77
10
0
0
0
0.01
0
5.24
7.71
0.02
0.08
12.89
0
0.03
2.59
10.22
3.83
0.43
0.16
0.03
3.33
4.25
0.55
1.04
1.6
0.1
0
0
0
0
0
0
0.78
3.77
0.14
0
0.01
0
0
0
0
0
3.59
0.66
2.02
0.81
0.09
0
0.06
0
0
0.01
0
0.01
0.42
0
0.02
0.02
0.25
0
0.47
0.08
0.01
0.34
0.02
0
0.73
0.01
0
0.02
0.03
0.65
8.26
4.64
0.41
0.28
2.94
5.02
0.67
0
0.1
0
0
0
0
0
0
0
0
0
0.02
0.01
0
0.02
0
0
0.63
7.56
6.33
5.03
4.06
12.95
16.21
4.94
3.13
1.97
0.64
0.04
0
0.14
0.09
0.04
0.65
0.16
0
2.33
2.62
1.13
15.8
0.98
0
0
0
0.1
0.73
0.02
0
0
0
0.16
0.03
0
0.71
9.52
5.2
8.11
8.89
1.2
15.04
1.65
0
0
0
0
0
0.15
0.04
0
0
0
0
0
9.59
12.06
0.67
4.65
0.04
0
7
2.37
0
0.01
0
0
3.7
23.95
5.7
2.16
9.58
25.72
3.27
3.29
4.7
0.51
0.88
0.09
8.45
3.55
1.01
0.03
0
0
0
0
0.46
0.02
0
0
0
5.11
6.02
1.37
2.4
1.03
2.9
0
0.55
0
0
0.01
0
0
0
0.11
1.32
3.53
0
0.98
0.57
0.75
3.63
0
0.02
0
0
0
1.45
1.16
0
0
0.02
0
0.02
0.03
0
0.92
0.13
0
0
0
0
0
0.01
3.68
18.53
0
0.01
0.02
0
0
0
0
0
0.22
12.09
2.7
0
0
0
0
0
0
0
0
0
0.02
5.69
0
0
0
1.52
0.09
0.02
1.28
0
0
0
2.73
5.22
2.3
0.75
0.08
0
0
0.01
0.04
1.39
0.37
1.71
0
0.01
0
0.01
0
0.01
0
0.03
0.02
0
0
0
0.18
9.5
20.96
0.56
1.1
1.08
0
0.02
0.03
0
0
0.12
0
0.02
0.07
0
0
0
0
0
0
0
0
0
0
0
0
0
0
0
0
0
0
0
0.12
0.26
0.15
0.26
0.14
0.2
0.45
0.24
0
0.02
0.01
0
0.38
3.77
11.54
9.91
4.91
0.69
0.01
0
25.18
8
16.64
13.38
3.75
2.3
2.36
1.59
1.06
1.23
13.73
4.54
0
0.48
0.57
0.12
0.44
0.04
0.01
0
0
0
0
0.01
0
0
0
0
0
0
0
0
0
0.06
4.71
4.92
0.02
14.13
2.99
6.18
0.01
1.33
0
0
0.25
0.2
0.19
0.01
0.11
0.2
0.42
0.23
0.05
0.02
0.06
0.02
0
0
0.02
0.01
0
0.51
0.92
0.12
0.06
0
0
0
0
0
0
0
0
0.03
0.01
0.01
0
0
0
0.02
0.02
0.02
0
0
0
0
0.02
0
0
0
0
0.71
2.96
1
0.16
0.02
0
0
0
0
0.03
0.07
0.09
1.89
6.13
0.45
0.2
0
0
0
0
0.13
0.04
0.22
0
0.01
0.09
0
1.16
1.48
8.52
2.07
1
0.01
0.01
0.03
0.04
0.06
0
0.04
0.09
0
0
0
0
0
0
0
0
0
0
1.18
0.15
0
0.02
0
0.13
1.75
0.43
5.78
1.24
0.71
10.54
0.37
1.11
0
0
0
0.43
8.34
1.96
1.55
0.18
0
0.07
0.02
0.1
0
0
0
0
3.57
0.55
0
0.06
0.5
0
0.48
0.02
0
0
1.8
0.01
0
0.09
0
0
0
0
0
0
0
0
0
0
0
0
0
1.49
1.03
9.33
2.2
0
5.02
2.42
0.23
0.01
0
0
0
0
0
0
0
0
0.17
0.59
2.29
16.3
3.55
4.05
0.27
0
0
0
0
0
0.08
0
0
1.34
0
0.01
0
0
0.01
0.01
0
1.21
1.13
2.39
3.16
0.79
0
0
7.26
0
0
0
0
0
0.23
0.37
0
0
0.73
0
0
0
0
0
0
0
0
0
0
0
0
0
0
0
0
0
0
0
0
0
0
0
0
0
0.01
0
0.01
0
0
0
0.01
0
0.65
0.22
0
0
0
0
0
0.1
0.03
0
0
0
0
0
0
0
0
0
0
0
0
0.03
0
0
0
0.01
0
4.96
10.59
1.95
0.66
0
0.04
0.04
0
0
0
1.99
0
0.01
0
0
0
0
0.01
0
0
0.05
0
0.02
0
0.01
0
0
0
0
0
0
0
0.01
0.01
0.5
3.46
4.34
6.05
2.93
0
0
9.34
5.1
0.43
3.89
3.75
12.05
0.17
0.25
0
0
0.98
25.01
0.8
5.88
2.41
0
0
0.12
0.22
0
0
0.3
4.97
2.57
0.39
0.77
15.08
13.19
23.37
10.05
1.38
0.3
0.02
0
0.04
0.01
0.02
0.09
0.21
1.38
0.22
0.41
0.48
0.09
0.06
16.93
19.31
0.55
1.09
0.28
0.08
0
0
0
0
0
0
0
0
0
0.01
0.02
0
0
0.03
0
0
0.09
0.07
0
10.47
4.51
0.39
2.28
0.16
0.35
0
0
0.09
0.01
0.95
2.67
2.49
2.45
11.31
0
0.01
0
0
1.68
2.25
2.79
0.33
0.12
0.03
0
0
0
0
0
0
0
0.07
0
0
0.18
0
0
0
0.08
0
0
0
0
0
0
0
0
0
0
0
0.33
0.17
2.18
5.46
3.31
4.41
3.27
1.26
3.38
1.87
18.13
4.56
0
0.37
0
0
1.74
15.84
3.36
1.35
0.03
0.16
0.38
0.17
0.02
0
0
0
0
0.05
3.09
8.04
5.13
2.18
1.89
2.7
6.2
1.36
0.09
0
0
0
0.02
0.02
0
0
0
0
0.18
1.21
2.09
4.28
0
0
0
0
0
0.02
9.09
1.87
1.48
1.45
0.11
1.5
0.23
11.32
2.38
1.43
0
0.09
0.01
0
0
0
0
0
0.09
2.06
4.56
5.45
1.23
0.54
0.01
0.02
0
0.31
4.59
2.12
0
0.14
0.02
0
0.01
0
0.01
0
0
0
0
0
0
0.02
0
0.91
0
0
0
0
0
0
0
0
0
1.26
10.96
1.74
0.01
0.35
0
0
35.54
0.66
3.26
0.34
2.21
2.77
0
0
6.16
6.15
0
0
1.18
6.14
0
0.75
0
0
0
0
0.08
0.01
0
0
0
0
0
1.44
4.65
1.74
1.04
1.72
5.96
7.35
2.05
0
0.13
0
0
0.01
0.05
0
0
0
0
0
0
0
0
0
0
0
0
0
0
0
0.01
0
0
0
0.01
0
0
13.5
0
0.06
0
0
0
0
0
0
0
0
0
0
0
0
0
0
0
0
0.27
2.41
4.69
1.16
0.34
0
0
5.42
9.62
10.36
1.38
0
0
0
0
0.01
33.39
8.59
0
3.69
1.07
0
0
0
0.04
0
0.04
2.77
0.19
1.14
0.01
0.22
0
0
0
0
1.88
0.09
0
0
0
2.22
14.55
7.26
7.69
14.42
0.24
7.73
9.18
0
3.33
0
0
0
0
0
0
0.02
13.55
14.71
4.65
0
1.13
3.65
0.43
0.33
0
0
0
0
0
5.98
12.87
0.61
0
0.2
0.14
0.34
0.91
3.77
4.28
2.86
0.04
0.43
0.85
0
0
0.02
0.16
0.91
3.88
12.93
5.32
12.64
0
0
0
0
0
0
0
0
0
0
0.01
0.02
0.01
0
0.3
0.02
0.02
0
0
0
0
0
0
0
0.06
0
0
0
0.01
0
0
0
0
0
0
0
0
0
0
0.01
0
0
0
0
0
5.95
1.61
3.21
2.63
3.29
0.28
0.01
0.33
0.96
0
0.26
4.12
3.84
2.91
1.6
0
4.38
15.76
5.16
3.98
4.38
1.62
1.47
2.93
0.14
6.73
2.36
1.53
0.09
6.68
1.22
0.41
3.7
1.88
5.05
0.28
0
0.05
0.02
0.01
0
0.04
0.36
3.39
3.23
0.23
0.02
0
0
0
0.01
0.02
0
0.52
0
0
0.42
1.68
0.73
0
0
0.27
0.02
3.63
7.65
3.83
0.99
2.88
3.75
6.8
5.34
3.73
0.9
0.96
5.18
6.42
2.83
2.28
0.91
4.96
8.13
5.49
0.82
0
0.72
0.15
0
0.04
0.35
0
0
0.02
0.12
3.95
10.18
6.3
9
3.24
8.11
0.79
6.46
5.2
1.79
0.3
0
0
0
0
0.02
0
0
2.78
0.92
0
0
0.14
4.76
8.44
15.35
3.39
1.28
4.67
3.6
4.08
2.88
0.54
0.42
0
0.05
0
0
0
0
0.07
0
0
0
0
0
0
0
0
0.02
5.64
3.65
19.98
3.98
0
0
0.02
0
0
0
0
0
0
0
0
0
0
0
0.01
0.01
0
0
0
2.58
0
0
0
0
0
0
0
0
0
0
0
0
0
0
0
0.04
0
0
0
0
0
0.01
0
0
0
0
0.03
0.09
0.98
1.33
0.02
0.01
0
0
0
0
0
0
0
0
0.01
0
0.01
0
0.01
0.05
2.07
1.61
0.36
0
0
0
0
0
0
0
0
0.05
0
0
0
0
0
0.11
0
0
3.86
0.24
4.43
0.69
0
0.34
0.37
0
0
4.48
1.92
0.2
0.02
0
0.41
0
0.93
0.98
0.28
2.29
2.88
2.96
15.05
6.32
1.5
0
0
0
0.15
0
0
0
0.02
0
0
0
0
0.01
0
0
0.27
9.46
0
0
0.01
0
0
0.19
0.01
0
0
0.01
0
0
0
0
0
0
0
0
0
0
0
0.03
0
0
0
0.01
12.96
21.92
1.95
3.76
0.2
0.03
0
0
0.01
0
0
0
0.88
0.11
0
0
0
0
0.01
0.13
0.17
0
0
0
0
0
0
0.01
1.38
0.78
0.51
1.95
1.69
0.5
0
0
0
0.07
0.01
0
0
0
0
3.09
8.09
4.91
1.24
0.39
0.18
0.14
0.03
0.27
0.7
10.07
0.88
1.52
0.76
3.84
1
0.03
0
0
0.86
0.01
0
0
0
0
0
0
0
0
0
0
2.55
1.28
11.1
2.96
0
0
0
0
0
0
0
0
0
0.41
0.1
0
0.45
1.63
16.96
5.04
0.23
0.06
0
2.6
0.21
0.41
2.88
0.41
0
0
0
0
0.15
0.04
0.01
0
0
0.2
0.76
0.09
0
0
0.01
0.04
0
1.11
0.37
0.01
0
0.24
7.61
0
2.13
0.04
1.44
0.61
0
0
2.99
0.8
0
0
0
0
0
0.04
21.53
15.85
19.38
20.84
5.05
0.01
2.52
1.3
0
10.41
17.21
10.03
20.26
13.69
7.24
0
2.63
0.8
0
0
0
0
0.01
0
0
0
0
0
0.97
0.31
1.22
9.84
15.63
13.68
3.98
4.51
8.54
1.16
3.33
4.09
2.47
5.19
1.51
0.21
3.47
1.14
9.86
6.51
6.05
0.82
0.84
3.25
3.31
1.19
13.7
4.96
4.96
1.55
0
4.82
1.18
0.25
4.2
5.58
6.86
0.62
0.04
0.1
0.77
1.8
8.61
2.21
0
0
0
0
0.03
8.6
6.05
0.02
0
0
0
0
0.09
0
0
0
0
0.07
0
0
0
0
0.27
0
2.95
1.02
0
0
0
0
0
0
0.03
0
0
0
0
0
0
0
0
0
0
0
0
0
0
0
0.16
0
0.01
0
0
0
0
0.05
0
0
0
0
0.02
0
0
0.01
0.21
1.15
2.49
0
0.05
0.54
2.05
4.43
0.15
0
0
0
0
0
0.1
2.4
4.46
3.22
0.45
1.48
3.02
3.55
0
0
0
0
0
0
0
0.01
0
5.1
5.34
2.53
0
0
0.18
0.2
0.46
0
0
0
0
0
0
0
0
4.1
0
0.09
0
16.52
6.87
0
0.61
0
0.32
2.2
8.62
0
3.48
14.05
6.38
0.52
0.08
0
0
12.2
14.78
2.16
11.36
27.87
9.8
4.95
0.77
0.41
0.18
0.05
0.92
0.55
0
0
0.46
0.21
0
0
0
0
0.08
0.27
0
0
0
0.01
0
1.57
0
0.04
0.35
8.52
5.03
0.52
3.43
1.53
1.8
4.25
0.71
5.57
17.96
7.43
3.35
0.81
1.08
0.21
11.36
1.27
0
0.05
0
0
0.01
1.03
0.01
0
0.02
0
0.01
0
0.13
0.05
0.05
0.13
0.01
0.86
1.66
4.67
0.04
0.01
0.5
1.03
1.15
3.89
2.3
0.21
0.03
0.67
0
0.03
0.14
0.06
2.29
5.23
6.21
1.3
9.78
4.93
2.15
3.77
1
0.45
1.81
2.51
0.96
1.9
4.7
6.71
2.55
7.38
10.12
3.47
1.3
1.04
2.69
0.05
0
0
0.08
0
0
0
0
0
0
0
0
0
0
0
0
0
0.02
0.46
4.8
1.36
1.37
8.89
3.54
1.86
0
0.93
0.68
0
0
0
0
0
0
0
0
0
0
0
0
0
0
0.27
0
0
0
6.15
0
0.49
0.32
0.88
0
0
0.17
0.1
4.29
4.62
0.35
4.45
17.3
5.56
3.83
0.83
5.82
4.66
7.15
2.83
5.84
1.05
0.07
0.14
0
0
0.02
0.91
1.07
0.17
0
0
1.88
0.95
0
0.01
0.87
0.02
0.02
0
0.09
3.5
2.73
0
0
0
0.02
0
0
0
1.33
0
2.34
0
0.19
0.42
4.41
0.23
0.28
0
0.86
0.18
1.19
0.29
0
0
0
0.02
0.49
6.02
0.91
0.52
0
0
0
0
0.93
2.49
1.58
0.34
0
0.93
0.25
0
0
0
0
0
0
0
0
0.01
0.02
0
0
0
0
0
0
0
0
0.01
0.61
0
0
0
0
0
0
0
0
0
0
0.02
0.05
0
0
0
0
0
0
0
0
0
0
0
0
0
0
0
1.89
0.29
9.98
0.22
5.95
0.71
0.19
0.24
0.42
0
0
0
0
0
0
0
0
0
0
0.34
0
0
0.12
0
0
0.18
0
0
0
0
1.76
0
0.42
1.01
0
0.02
0
1.59
0.71
0.09
0
0.8
8.72
4.2
0.15
0.01
0
0.02
0
0
0
0.03
0.01
0.23
2.23
1.63
2.08
0
0.3
0.38
0
0.47
3.02
2.3
0
0
0
0.02
0.61
0.67
0.04
0.05
0.03
0.03
0.11
18.86
11.67
1.47
0.01
0
0
0
0
0
0
0
0
0.59
0.02
0.06
0.04
0.2
0.67
1.93
0.89
0.27
0.02
0.02
0
0
0.5
0.52
0
0.01
0
0
0
1.02
0.22
0
0
0.84
2.44
0.2
4.13
8.79
1.38
0.73
8.09
5.36
0
0.45
1.47
4.36
0.22
0.05
0
0
1.11
2.48
2.52
0.16
3.77
1.87
0.64
0
2.86
15.08
21.17
29.99
18.7
20.84
7.02
4.01
16.7
20.2
13.93
6.58
5.3
0
3.97
8.41
2.32
0.57
6.6
1.3
0.04
3.85
2.61
8.48
12.5
2.53
0
3.6
2.1
1.45
3.78
0.06
0.17
0.26
0.2
0
0.65
0
0.02
0
0
0.17
2.21
0.85
0.01
0.54
5.02
2.15
0.02
0.4
10.56
4.66
0.15
0.04
0.02
0.04
1.2
4.43
16.7
4.76
2.27
0.61
0.18
6.32
8.75
8.88
2.46
11.55
4.48
1.51
2.91
0.21
5.35
6.14
0.9
8.48
3.43
7.3
2.57
0.36
0.01
0.04
0
0.05
0.08
0.02
0.02
0.01
0.1
0.54
0
4.49
1.41
3.19
20.03
13.22
1.2
0.14
1.13
5.4
0.5
2.59
0.38
0.16
3.93
1.29
0
1.7
3.36
1.18
0.01
0
0
2.93
7.09
8.67
5.82
5.91
11.07
5.27
2.18
0.07
0.96
2.89
0.82
0
2.07
0
0
0.01
0.09
3.05
1.27
3.77
6.09
1.34
0.79
0.09
3.22
11.4
10.14
4.4
8.82
10.72
12.11
4.34
0.04
0
0
0
0
0.02
0
0.02
0.18
0
0
0.13
0.3
0.5
0
0
0
0
0.07
0
0
0
0
0.01
3.64
13.95
7.05
6.76
6.82
4.9
3.26
3.34
1.75
0.13
0.62
1.38
0.01
0
0
0.01
2.69
8.82
0.09
5.67
3.59
4.39
0
0.4
7.5
5.18
1.04
0
0
0.01
0
0.02
0
0.53
0
0
0
0.02
0
0
0
0
0.03
0.02
0.03
0
0.01
0
0
0.07
0
0
0
0
0
0.08
0
0
0
0
0.02
1.46
0.05
2.01
0.07
0
0
0
0
0
0
0.14
2.85
0.7
0
0
0.06
0
0
0
0
0
0
0
0
18.39
5.96
0
0
0
0.14
0.63
0
0
0
0
0.46
0
0.23
0.41
12.89
7.46
3.3
1.25
0.84
0.05
0
2.27
0
0
0
0
0
0
0
0
0.04
3.36
0.92
0
0.01
0.17
4.88
18.66
7.28
4.51
0.36
0
0
0.01
0
0
0
0
0
0
0
0
0.01
0.01
0
0
0.88
2.56
12.5
6.81
1.28
0.48
0
0
0
0
0.44
12.32
3.4
0.46
0.05
0.2
0.12
8.45
3.05
1.21
1.15
0.24
4.19
4.75
3.14
1.1
0
0.04
0
0
0.02
0.06
3.37
5.71
5.42
7.09
0.5
0.33
5.25
10.45
10.97
4.84
0.25
0.11
0.13
0.13
0.74
0.2
0
0.07
0.19
0.39
0.82
4.59
19.34
14.35
4.16
0
0
0
0.01
0
0.11
2.03
1.75
0.08
0.02
0
1.25
2.73
2.42
1.59
9.06
5.14
3.99
0.5
0
0
0
0.04
0
0
0.01
1.05
0.29
0
0
0.02
0.01
0
0.38
2.56
11.86
4.39
2.3
0.82
0.02
0
0.01
0.03
0
0
0
0
0
0
0
0.02
2.12
4.62
5.74
11.56
5.45
0.95
6.66
3.57
1.08
0.55
0
0
0
0
0.14
0.63
0
0.05
2.83
4.36
0.16
0.26
0.01
0.95
0.47
0
11.36
2.52
2.24
6.82
10.09
14.97
5.75
0
0
0
2.11
1.16
4.32
2.97
2.58
6.63
4.64
0.36
0.17
0
0
0
0
4.15
0.09
0
0
0
0
0.27
0
0.04
0.01
0.02
0
0
0
0
0.01
1.87
1.51
24.12
3.16
2.65
0.33
0
0.07
0.02
1.06
9.27
2.61
2.8
3.36
2.41
0.04
0.83
0.56
15.11
3.16
0
0
0
5.3
2.9
3.84
1.63
0
0.28
0.69
0.41
0
0.07
1.19
0.07
0.64
0
1.41
10.06
11.91
12.81
9.32
2.01
0
0
0.11
0.85
1.29
7.92
7.35
1.52
0.42
0.28
0
0
0
0
0
0
0
0
0
0.08
0.02
0
0.02
0.01
0
0.01
0.73
0.04
0.5
1.46
0.22
0.98
1.15
0.07
0
0
0.02
0
0.01
0
0
2.21
0
0
0.01
0.01
0
0.05
0.03
0
0
0
0
0
0
0
0
0
0.52
1.73
0
0.25
0.3
0
0
0
0.01
0
0
0
0
0
3.67
1.15
0
0
0
0.7
0.13
0
0.02
0.04
0
0
0
0
0.03
0
0
0.02
0
0
0
0.93
1.29
0.02
0.01
0
0
0
0
0
0
0
0
0
0
0.06
0.02
0
0
0
0.06
0
0.15
0.18
0
0.1
0
0
0
0
0
0
0
0
0
0
0.01
0
0
0
0
0
0
0
0
0
0
0
0.01
0
0
0
2.27
10.81
5.13
5.18
10.28
4.14
0
0
0.05
0.13
7.85
18.97
19.07
12.43
4.58
1.09
0.13
0.72
1.03
0.57
0.07
0.25
8.55
3.14
0.05
0.88
1.81
1.03
2.02
0.53
3.46
0.76
0
0
0
0
0
0
0.09
2.36
4.64
0
0.44
0.55
0.2
0
0
0.03
0.07
0.09
0.3
0.92
0.55
0.15
3.66
0.97
0.08
0.02
0.14
0
0
0
0
0
0
0
0
0
0
0.23
0.71
0.59
0
0
0.02
0.02
0.01
0
0
0
0
0
0
0.63
1.71
4.27
1.46
0
0
0.01
0
0
0
0
0
0
0.15
0.05
0
0
0
0.16
0.02
0
0
1.96
0.82
0.07
0.03
0.06
0
0.01
0
0
1.16
0.13
0.04
0.02
0.01
0
0
0
0
0
0
0
0
0
0
0
0.02
0.78
0.02
0.51
0
0
0
0.02
0
0
0
0
0
0
0
0.01
0
0.01
0
2.88
3.25
0.33
0.01
0.03
0
0
0.02
0
0
0
0
0
13.34
7.1
12.85
10.63
6.38
0.71
0.07
0.23
1.77
1.6
2.91
2.25
4.19
1.2
0
0.53
3.86
5.3
1.78
0.71
0.04
0
0.01
0.4
0.11
3.8
9.48
9.75
5.69
1.18
0
3.64
9.09
0.49
0.4
0.37
0.48
0
0
0
0.86
0.93
0.86
0
0
0
0
7.83
5.51
0.63
0
0
0
0
0
0
0.07
0
0
0
0.13
5.45
1.18
0
0
0
0.01
0.28
0.01
0.01
0.02
0
0
0
0
0
0
4.91
4.36
2.95
0
0
0
0
0
0
0
0.01
0
0
0
0
0
0.01
0
0
0
0
0
0
0.02
0
0
0
0
0
0
0
0
0
0
0
0
0
1.31
0.88
2.62
0
0.03
0.01
0
0
0
0
0.05
0
0
0.02
0
0
0
0
0
0
0.01
0.04
0
0
0.11
0.01
0
0
0.01
0
0
0
0
0
0
0
0
0
0
0
0
0
0
0.95
0.38
2.65
0
0
0
0
0
0
0
0
0
0
0
0
0
0
3.45
0.42
5.45
5.63
2.21
18.43
0
0
0
0
0
0
0
0
0
0
0.02
0
1.91
1.66
0
4.58
0.84
0
0.05
5.36
12.7
14.11
12.7
2.04
0.11
7.91
6.91
8.03
3.71
0.38
0
9.12
2.44
0.66
6.06
14.31
12.52
0
0
0.56
13.23
4.2
6.91
1.26
0
0.03
0
0.04
0.2
7.87
0.15
0
0.03
0.41
0
0
0
2.65
10.17
0.72
0.07
0.06
0.02
0
0
0.06
0
0
0.14
0.42
0.01
0.03
0
0
0.06
1.34
10.12
2.41
2.09
0.57
0.2
0.29
0.27
0.29
0.01
0
0
4
0.09
0.05
0.02
0.62
0.09
1.55
0.67
0.01
0.01
0
0
0
0.05
0.02
0.47
0.13
0.3
3.51
2.05
0.11
1.12
5.34
3.92
11.37
9.71
4.64
1.86
9.3
4.48
0.26
0.34
0
5.71
0
0.09
0
0
3.79
2.36
0
0.01
0.51
0.47
0
0.05
0.02
5.42
0.23
0
0.1
0.01
0.06
0.05
1.55
0.77
2.72
0.3
5.75
9.22
1.28
0.26
0.03
0.5
0.28
2.41
1.15
0.05
0.07
8.09
4.32
4.73
13.4
11.98
4.56
2.35
4.77
3.7
1.44
0.04
0.16
1.58
10.4
2.16
7.89
1.05
0.54
1.89
2.95
3.14
10.63
18.9
9.23
5.07
11.94
2.16
10.2
0.7
1.31
8.6
10.49
1.23
0.11
2.46
0.3
0.43
0
0.79
0
0
0
0
0
0
0.01
0
0
0
0
0
0.01
0.41
8.27
2.37
7.71
1.16
2.38
2.37
0
0.07
0
0
0.02
0.02
0
0.95
0.64
0.55
0.16
0.03
2.47
5.12
3.84
11.25
9.48
3.13
0.91
0.08
0
0
0
0
5.89
2.5
1.34
1.54
0.48
0.02
0
0
0
0
2.23
0.75
1.04
1.41
1.88
0.07
0
0
0.18
0.01
0
0
0.7
1.64
2.07
0.38
0
0.01
0.01
0
0
0
0
0
0
0
0.37
0
0
0
0
0
0
0.02
2.41
1.09
2.47
0
0.09
0.49
0.01
0
0.02
0
1.16
4.04
4.73
0
0
0
0
0
0.02
0
0
0
0
0
0
0
0
0
0.02
1.34
0
0
0
0.02
2.61
0.08
0.01
0.68
3.61
0
0.02
0
0
0
0
0
0
0.02
0
0.53
3.26
0.38
0
0
0
0
0.04
0
2.67
0
2.08
0
0.09
0.04
0.01
0
0
0
0.01
0
0
0
0
0
0
0
0
0
0.01
0
0.3
9.96
1.47
1.38
0.44
2.49
6.26
12.2
0.37
0
0
0
0
0
0.02
0
0.01
0.01
0.07
0
0
0
7.45
0.45
0.11
17.16
0
3.43
3.92
0.03
0.07
0.09
0
0
0
0
0.15
0.31
3.02
0.13
0
0.02
1.06
0.14
0
0
0
0
0.01
0
3.31
10.67
5.92
2.14
0
0.3
0
0
0
0.01
0
1.08
0.93
0.14
0.54
0
0
0
0
0
0
0.2
0
0
0
0
0
1.75
0
0.03
0
0.06
3.95
13.11
0.67
0
0.01
0.87
28.18
11.31
0.16
8.96
1.38
0.27
0.14
1.2
7.13
9.67
13.09
10.8
2.94
0.19
0.05
0.09
0
0.55
0.04
5.61
5.39
2.96
4.88
2.95
5.18
7.21
2.55
0.27
4.09
3.31
0
0.02
0.05
0
0
6.79
6.03
3.77
2.59
0.25
0.25
1.26
16.23
4.05
8.34
6.47
6.27
15.45
3.97
6.66
3.5
2.21
3.31
4.54
0.37
1.04
0.39
0.02
2.65
0.34
0
0.09
1.46
0.88
1.43
1.3
0.95
10.17
5.36
0.57
0.19
0.66
0
0
0
0.01
0
0.01
0.01
0
0
0.01
0
0
0
0.55
2.13
2.32
2.1
0.18
2.27
2.82
1.37
0.04
0.02
0.27
0.15
0.28
1.54
10.89
4.05
1.31
0.29
0
0
0
0.01
0.1
0.12
3.91
0
0
0.39
0
0
0.02
1.2
2.13
8.88
0
0
11.31
0
1.76
1.25
0
0
0
0
0
0
0
0
0
0
0.08
0.18
0.01
0
0
0
0
0
0
0
0
1.34
3.14
7.21
2.3
2.52
4.06
1.88
0.13
0.3
3.22
0
0
1.61
0
0
0
0
0
1.03
0
0.03
0.15
2.16
6.39
2.87
0.38
0
0
0
0.04
0
0.05
0
0
0
1.02
6.81
0.86
3.77
0
0.02
0
0
0.16
4.77
29.22
0
0.02
13.84
0.23
0.01
0
0
0
0
0
0
0
0
0
0
0.19
0
0
0
0
0.01
0
0
0
0
0
0
0
0.05
0.04
0.48
0
0
0.01
0
0
0
0
0
0.09
0
0
0.02
0
0
0.22
0.01
0
0
0
0
0
0
0
0
0.01
0
0.88
2.82
0.38
0.98
0.02
0
0
0
0.17
0
0.04
0
0.01
0.03
0
2.56
1.21
0.17
1.74
0.93
1.08
0.38
10.52
11.89
3.48
4.2
0
0.02
1.03
2.45
1.77
0.68
0.86
0.35
0
0
0
0.02
0.01
3.05
18.38
17.7
13.05
13.01
7.2
2.6
1.68
0.07
0
0
0
0
0
0
0
0
0.07
0
0
0.02
0
0
0
0.08
1.02
23.65
6.93
0.34
0.38
2.16
3.06
0.03
4.66
9.7
1.43
12.98
7.88
3.52
1.45
0.86
0.04
0
0.01
0
0.07
0.45
0
13.01
5.06
7.07
29.32
7.29
0.71
2.48
0.92
0.24
0.21
0.01
2.09
0.94
0.02
0
0
0.03
0.04
7.7
10.26
0.47
0.55
0
0
0.03
0
0
0.02
0
0
0
0.01
0.83
0.99
0
0
0
0
0
0
0
0
0
0
0
0
0
0.01
0
0
0.27
10.07
0.26
0.09
1.9
1.41
0.04
1.2
1.28
0.85
0.01
0
0.01
0
0.09
1.28
25.1
0.22
0
5.7
5.2
2.11
2.25
0.49
0
0
0
0.13
3.45
2.28
0.34
1.63
0.77
0.26
0.09
0.01
0.07
1.88
2.99
0.08
0.54
0.16
0.23
0.26
0.02
0.02
0
0
0.05
0
0
0
0
0
0
0
0
0
0
0
0
0.05
0.81
11.86
2.61
4.22
4.86
6.29
16.82
0.5
0
0.03
0.01
0
0
0.04
0
0
0
0
0
0.05
0.17
0
0.52
2.49
1.1
1.66
0.87
0.01
0.01
0.8
4.43
0.73
0.77
0
0
0
0
0
0
3.43
12.06
3.05
0.1
0.05
0.02
0.02
0.08
0.06
0.09
0.01
0.01
0
0
0
0
0.01
0
0
0.01
0.01
0
0
0.04
0
0
0
0
0
0
0.01
0
0
0
2.07
0.22
0
0
0.04
0.36
0.17
0
0
0.08
0
2.05
11.26
17.34
6.91
2.68
0.16
2.93
0.08
0.02
0
0
0.01
0
3.58
3.37
3.11
0.01
0
0
0
0
0.05
0.09
0.01
0.02
0.52
0
0
0
0
0
0
0
0
0
0
0.03
0.13
0.75
0.94
0
0
0
1.05
4.29
0
0
0
0
0
0.05
0
14.62
0.07
0
11.16
0.03
0
0.14
0.91
6.62
0.04
0
0.01
0.06
0.05
0
0
0
0.02
0
0.02
0
14.84
1.4
0.2
0.06
0
0
0.98
0
0.15
2.88
2.24
1.27
0
0
3.28
0.49
0
1.27
0.06
0
0
0.02
0.02
0.1
0
0.52
15.7
0
0
0
0
0.01
0
0
0
0
0.09
0
0.18
3.16
4.63
0
0.44
0.03
2.72
7.07
4.54
0.02
0
0
0.27
0.55
2.27
6.98
0
0
0
5.28
6.21
0.8
0.07
0.02
0
0
0.05
0
1.13
3.63
2.46
0
0.06
0.02
9.01
25.02
2.47
0.64
0.09
0.01
0.05
0.07
0
0
0
0
0.07
0
0
0.04
0
0
0
1.48
2.17
0.13
0.01
1.25
0.68
0.03
0.04
0
0
0
0
0
0
0
0
0
0
0
0
0
0
0
0.73
0.11
0.02
0
0
0
0
0.01
0
0
0
0
0
0
0
2.13
0.87
1.17
1.83
5.56
0.22
16.42
28.07
1.18
2.66
1.69
5.93
3.85
19.4
1.23
0
0.16
3.75
0.03
0.1
0.1
0.7
0.13
0.02
0.34
0.56
0.02
0
0
0.05
0.01
5.67
0.17
0
0
0
0
0
0
0
10.2
2.2
0.2
3.34
6.52
5.75
23.7
14.69
5.13
1.52
0.04
0.84
3.53
0.47
0
0.04
0.02
0
2.95
0.36
12.54
10.73
3.52
0.7
0.01
0.05
0
4.13
0.92
2.79
4.47
0.2
2.29
0.06
0
0
0
0.27
0.13
0
0
17.1
10.52
2.77
5.19
0.55
0
0
0.04
2.47
0.34
0.17
0.02
0.41
0.63
0.02
0.02
4.79
29.65
0.05
0.1
0.03
0
0.09
6.69
10.27
11.2
3.51
0.01
0.53
8.22
0
0
8.23
6.55
1.87
1.75
4.89
0.84
0
0
0.13
0
2.94
1.18
0
0
0
0
0.2
4.68
16.07
21.57
9.12
8.87
4.97
3.64
4.25
0.3
0
0
0
1.24
0.07
0
0.24
1.45
0.42
0
0
0
0
1.73
1.83
1.76
0
0
0
0.45
1.83
0
0
0
0
0.09
0
0
0
0
0.05
2.8
3.76
0.06
0
0
0
0
0
0
0
0
0.58
0
0
7
0.16
0
0
0
0
1.71
11.41
4.5
0
0
0
0.03
0
0
0
0
0.01
0
0.01
0.02
0.17
0.02
0
0
0
0
0
0
0
0.18
0
0
0
0
0
0.01
0
0
0.01
0.02
0.7
0.05
0
0
0
0
0.32
0
0.01
0
0.05
0
0
0.04
0
0
0
0
0
0
0
0
0.15
3.88
0.04
0.01
0
0
0
0
0.02
0
0
0
0.27
9.15
9.44
0
0.01
0.01
0
0
0
0
0.01
0
0.05
0.16
0
0
0
0
0
0.01
0
0
0
0
0
0
0.01
0.04
0
2.39
9.61
2.76
0.6
0.09
0
5.11
0.14
1.57
2.1
3.11
9.82
13.39
3.21
0.14
0
0
0
0
0
0
0.01
0
1.97
11.39
20.94
3.72
0
1.48
0.63
0
0
0.1
0
0
0
0
0
0.01
0.7
17.27
7.5
8.57
8.52
1.86
3.26
5.93
1.07
0
0.63
0.02
0.02
0.02
2.18
2.95
0.77
0.12
0.05
0
0
0
0.01
0.13
0
0.05
0.33
2.03
0.62
0.05
0
0
0.06
0.05
0.06
0
0.05
0
0
0
0
0
0
0.01
0
0
0
0
0
0
0
0.23
1.25
0.23
0.01
0.01
0.02
0.07
0.73
0.02
0.04
0.03
0.73
0.24
0.01
0
0.03
0.01
2.02
10.73
2.05
1.68
1.13
0.04
3.55
8.99
10.46
9.6
1.89
0.17
2.55
0.87
0.01
0.52
2.41
4.91
4.39
0.38
0
0
0
0.02
0
0
0
0
0.95
0
0
0
0.03
0
0.22
0
12.38
0.76
1.35
0.03
0.23
0
0
0
0
3.28
0.97
0
0
0
0
0
0
0
0.05
8
2.22
0.66
7.08
2.94
3.27
0.25
0
0
2.71
0.03
0
0
0
0
0
0
0
0
0
0
0
0
0
0
0
0
0.01
0.14
0.43
0
0
0.07
1.63
6.03
0.56
3.48
1.08
2.16
5.44
0.05
0
0.01
0.16
3.46
0.76
0.34
0
0.06
12.57
12.71
3.96
0
0
0
0.01
5.89
10.74
0
0
0.03
0.01
0
0
0
0
0
0.06
0.2
3.81
0.1
4.91
7.07
5.38
17.38
0.07
0
0.05
0
0
0
0
0
0
0.04
8.58
0.27
0.05
0.2
10.74
0.3
0.08
0
0
0
14.93
1.13
1.26
9.6
0.05
0
0
0
0
0
6.36
5.55
18.2
2.63
0
0
0
0
0
0
0
0.03
0
0
0
0
0
0
0.05
0
0
0
0
0
0
0
0
0
0.2
0.01
0
0
0.02
0
0
0
0
0
0
0
0
0
0
0
0
0
0
0
0
0.06
0
0
0.7
3.77
14.81
8.83
0
0.01
0.03
0
0
0
0
0.04
0
0.16
1.95
0.05
0
0
0
0
0
0.27
0
0
0
0
0.62
11.01
0
0
0
0
0
0
0
0
0
0.01
0
0
0
0
0
0
0
0
0
0
0
0
1.15
0.55
5.68
16.48
0
0.08
0.45
0
0
0
0
0
0
0
0
0
0
0
0.16
1.01
5.35
0.88
0.02
0.34
0.13
0.05
0.05
0
0
0.01
0
0
0
0.01
0.03
0.01
0
0
0
0.17
0.13
0
0
0
0.61
0.09
0.04
0.05
0.21
0.02
0.01
0
0
0.05
1.11
0.73
14.36
8.22
0.48
0.55
2.99
1.51
0.01
0
0.07
0
0
0
0
0
0
2.82
11.34
0.98
0.44
0.54
0.04
1.51
0.17
0.27
0.16
0
6.68
15.24
8.09
1.01
0.91
3.31
1.2
0.02
3.76
1.67
0.05
0.15
0.01
0
0
0
0.02
0.08
0
0.01
11.27
4.74
0.07
0.14
0.02
0
0.01
0.52
0.35
3.5
5.77
4.79
2.25
0.75
0.61
1.63
0.36
1.85
0.71
0.46
0.64
0.02
0
0
0.02
1.55
0.07
0.02
0
0
0
0
0
12.82
20.02
17.02
10.06
7.91
7.84
2.73
3.42
1.58
1.45
11.43
17.3
4.49
2.52
1.52
30.94
2.03
2.73
11.38
1.65
7.45
0.59
0.11
0.54
8.68
1.55
0.89
0.15
0
0.06
1.59
3.28
0.29
0.04
1.42
2.45
3.83
1
14.45
9.8
6.32
10
14.18
16.4
7.98
1.7
0
11.15
3.34
0.01
0
0
0
0
0.06
0.56
0.72
0
0
0.2
1.55
8.22
2.17
0.76
0.04
0.03
0
0.08
0.76
0.87
0.89
0
0.04
0.02
0.15
0.03
0.05
0
0.21
5.8
4.11
8.09
8.92
5.27
4.68
0
1.09
2.42
1.63
9.52
6.09
9.77
4.77
4.09
9
13.24
3.16
1.94
7.6
4.97
1.52
4.2
10.19
3.48
0.66
0.4
0
0
0
0
0
0
0
0
0
0
0
0
0.15
2.35
1.01
3.63
4.44
1.27
0
0
0
0.01
0
0
0.02
0.07
0
0
0.7
0
0
0
0.89
4.56
0
0
0
0
1.23
2.98
0
0
0
0.01
0.01
0
0
0
0
0
0
0
0
0.03
0.13
0
0.09
0
0
0.05
1.78
0
0
3.94
5.79
0.66
0.11
0.04
0
0.91
0.49
1.12
1.86
1.38
0
0.01
0
0.01
0.12
0
0
2.32
0.48
0
0.12
1.17
9.09
1
3.87
0
13.01
2.68
0.01
0.02
0.94
0.8
8.72
1.02
0.09
0
0
0
0
0
0.03
1.2
0
0
0
0
0
0.01
0
0
0.01
0
0
0
0
0.27
1.3
0.12
1.11
3.93
0.05
0
0.33
19.04
12.91
2.5
0.64
0
0
0
0
3.71
3.46
0.23
1.26
6.38
14.48
1.22
0.31
0.05
4.54
8
4.43
1.04
7.26
2.3
2.61
1.63
0.3
0
0.25
3.8
1.11
0.94
5.94
3.77
8.16
5.41
3.66
3.69
1.94
10.11
4.81
0.01
0.07
1.5
0.61
0.01
0.07
0.01
0.08
0.05
0
0.04
0.09
0.05
0
0
3.08
9.58
0.93
3.36
3.36
0.31
1.75
0.34
0.06
0.03
0
0.02
0
0
0
0
0
0
0
0
0
0
0
0
0
0
0
0
0.01
0
0
0.17
0.05
0.02
0.01
0.02
0.07
0.12
7.02
1.25
0.06
0.75
0.81
0.45
0.22
0
0
0.28
1.11
6.09
11.38
7.17
0.3
0.05
0.05
0.03
0
0
0
0
0.06
0.11
0
0
0
0
0
0
0
0
0
0
0
0
0
0
0
0
0
0
0
0.04
0.02
0.09
14.19
0.05
0.56
0
0
0
0.02
0
0
0
0
0
0
0
0
0
0
0.01
0
0
0
0
0
0
0
6.12
7.35
5.44
0.59
1.05
7.7
8.84
3.64
7.59
3.84
2.09
0.03
0.01
0.01
0.01
0
0
9.23
25.19
18.28
1.84
0.62
0.41
7.56
30.62
2.7
0.01
0
0
0
0.04
1.04
1.17
0
0
0
0
0.08
0.1
0.34
0.87
0
0
0
0
0
0.86
2.7
0.06
0.11
0
0.04
0.03
0
0
0
0
0
0
0.04
0
0
0.02
0
0
0.78
1.48
2.28
1.18
0.04
0
0.04
0.35
0.36
0.28
0.01
0
0
0
0
0.01
0
0.18
0
0
0
0
0
0
0
0
0
1.46
4.54
0.59
0
0
0
0.02
0.72
5.17
0
0.12
0.05
0
0
0.03
0.75
1.88
0
0
0
0
0.06
0
0
0.49
2.12
0.02
0
0
0
0.02
0
0
0
0
0
0
0.03
0
0.03
0
0
0
0
0
0
0
0
0
3.16
0
1.66
8.18
0
0
0
4.58
3.22
0
1.07
0.58
1.21
2.58
0.34
0.15
0
0
0
0.06
0
0
0.44
0.38
0.31
0.94
1.84
21.5
5.18
4.5
0.56
1.12
1.02
1.02
0.7
0.03
0.07
0
0.01
0
0
0
0.05
0
0
0
0
0
0
0
0
0
0
0
1.23
0.77
5.38
0.09
0.28
1.6
2.91
9.53
8.58
1.94
10.06
5.84
0.45
0
0.02
0
0
0.01
0.45
0
3.53
5.25
3.67
9.05
4.28
2.03
0.27
0.25
0.73
1.75
1.91
8.03
4.88
5.56
1.72
0.56
4.77
0.05
0.34
1.21
2.09
11.5
6.94
2.03
0.76
3.16
0.84
2.34
3.66
7.06
0.2
0
2
0.62
0
0
0
3.22
0.32
0.09
0.47
6.47
0.09
0.09
1.47
0.09
0.83
0.47
33.06
18.69
10.14
4.08
0.05
0
0.03
0
0
0
0.01
0
0
0
0
0
0
0
0
0
0
0
0.06
0
0
0.01
0.01
0.03
0.03
0.18
5.64
0.56
0.56
10.19
3.19
3.44
1.47
7.23
0
0.78
2.36
0.16
1.57
1.58
0.1
0.13
0.01
0
0
0
0
0.21
0.02
0
0.06
0.03
0.03
0
0
0.01
0.09
0.01
0
0
0
0
0
0
0
0
0.02
0
0.38
17.44
2.66
1.36
0.14
4.58
0.52
0.02
0
0
0
0
0
0
0
26.72
26.03
3.58
0.06
0.07
0.09
4.52
1.75
2.75
0.81
0.48
1.34
0.38
0.02
0.52
4.33
25.88
5.97
0.53
0
0
0.33
9.72
3.78
1.79
6.7
5.28
0.75
0.08
0.05
5.8
6.55
6.84
7.52
11.48
5.31
0.5
7.28
0.23
0.39
5.51
8.34
4
1.29
0.23
0.01
0
0
0
0
0.27
0
0
0.04
2.91
0.94
3.19
0
21.09
0.41
3.77
13.19
0
0
0
0
0
0
0
0.09
0
5.91
3.59
0.51
0
0
0.05
7.65
0
0.04
13.23
7.73
0.99
0.03
10.17
0.09
0
0
2.5
0.51
0
0
0
1.66
0.04
0
0
0
0
0
0
0.45
2.03
0.03
0
0
0
0
0
0
0
0
0
0
0.07
1.52
13.8
0.19
0.12
6
0.03
0
0
0
0
0
0
0
0.33
0.1
0.34
0
0
0
0
0
0.03
1.08
0
0
0
0
0
0
0
0.16
0.22
0.02
0.82
23.39
0.03
0
0.02
0
0
0
0
0
0
0.04
0
0.01
0
0
0
0
0
0
0
0
0
0
0
0
0
0.06
0
0
0
0
0
0
0
0.66
0
0.56
6.59
13.62
1.06
1.48
0
0
7.66
10
0
0.72
0
0
0
0
1.06
19.06
0.09
1.06
0.01
0.01
0
0
0
0
0
0.03
0
0
0.06
0.01
0
0
1.06
11.06
6
0.23
3.39
0.03
11.47
0.09
0.14
0.09
0
0.01
0
0
0
4.72
0
8.25
17.02
2.06
1.34
0
0.12
0
0
0.01
0.8
1.33
0
0.01
0
0
0
0.01
0.01
0
0
0.28
0.44
1.75
0.12
0
0
0.08
1.48
4.52
1.41
0.05
4.95
6.89
0.59
2.59
7.91
4.02
0.04
0.36
1.72
1.47
0.25
0
0.06
3.97
0.16
0.24
0.09
0.5
0.87
0.16
0.03
6.44
2.02
0.11
0.13
2.33
3.73
1.38
1.09
0.28
0.12
0.03
0
14.31
7.25
1
0.47
0.35
0
0
0
0
0
0
0
7.09
11.16
2.41
15.92
1.03
11.47
1.2
0.9
1.28
5.2
2.45
0.27
0.12
0.22
0.3
0
9.12
9.17
12.33
9.92
25.34
0.5
6.25
3.97
0.03
0
0
0
0
0
0
0
10.95
1.97
0.04
0
0
0
0
0
3.66
0
0
1.09
0.06
0
11.38
2.48
0.04
0.01
0.07
0.04
0
0
0
0
0
0.02
5.83
0.02
0
0
0
0
0
0
0
0
0
0
0
0.6
2.55
0.4
0
0
0
0
1.66
5.23
13.36
8.14
0
1.75
1.9
1.14
0.01
0
0
0.14
10.27
6.73
6.27
1.11
5.55
1.47
3.66
4.95
9.96
5.98
2.39
1.28
0.87
3.39
1.91
0
0.02
0
0.79
8.55
2.85
0.34
0.08
0.55
0.25
0
0.02
0
0.03
0
0.02
0
0
4.34
0.92
0
0
0.23
0.99
0.42
0
7.91
8.05
3.98
3.86
8.92
4.31
0.88
0.01
0
0
0
19.69
8.02
0.02
1.18
0
7.88
4
6.45
4.91
0.27
0.02
0.08
0.2
0.06
0
0
0.02
0
0
0
0
0
0
0
0
2.82
0.97
0
0
0
0.05
0.01
0
0
0
0
0
0
0
0
0
0
0
0
0.3
0.08
0
0
0
0
5.27
0
0.03
0.02
0.02
0
0
0
0
0
0
1.6
0
0
0.78
0
0
0.29
7.09
0.03
0
0
0.18
2.3
0
0.56
0
0.03
0
0.69
0.08
23.34
43.12
1.19
0.06
0
0
0
0
0.02
3.39
0.02
0
0.02
1.67
27.47
3.62
1.48
0.16
0.03
0.01
0.12
0.19
0
0
21.11
0
0.02
0
0
0
0
0
0
11.41
0.09
0.07
0
0
0
0
0
0
0
0
0
0
1.24
0.51
0
0
0
0
0.03
0
0
0
0
0
0.02
40.44
9.84
21.75
2.36
11.03
1.06
0.25
0.06
0
0
0
0
0
0
0
0
0
0.03
0
0
0
0.02
0.66
4.77
19.69
0.16
1.41
4.78
1
3.17
0.47
0.09
0.83
5.48
0.22
0.04
0.5
1.5
0.11
8.3
0.03
0.44
0.03
0.02
0
0
0.03
0
0
0
0.01
0
0.02
0.02
0.02
1.28
3.88
5.78
12.16
0.53
0.04
0
0
0.01
0
0
0
7.78
4.45
0.68
0.01
0
0.12
0.06
0.01
0
0
0
0
0
0
0
0
0.01
0.02
0.01
0
0
0
0
0
0
0
0
0
0
0
0
0
0
0
0
0
0
0
0
0.16
2.86
1.09
0.06
0
0
0.04
0.9
0.11
0
0
0
0.08
0.27
0.8
0
0
0.02
0
8.92
1.22
0.22
1.2
5.52
0.27
0.2
0.03
16.86
15.12
5.31
4.72
1.38
0.19
0.66
0.14
0.69
1.06
7.31
3.31
0.59
2.34
2.78
1.69
1.05
0.03
1.88
6.05
1.09
0.44
0.63
0
0
0
0.03
0
0.06
1.27
0
2.77
2.73
0.34
0.07
0
0
0
0.05
11.31
8.91
0.06
20.59
4.03
0.34
0
6.02
3.64
2.23
0.02
0.8
3.27
7.33
2.12
0.06
0
0
0
0
0
0
0.01
0
0
6.34
1.38
0
0
0
0
0
0
0.02
0.02
1.69
1.45
0
0
0
0
0
0
0
0.84
1.32
0
0
0
0
0
0
0
0
0
0
0
1.25
0.88
0.39
0.09
0
0
0.5
0.17
0.12
0
0.01
0
2.83
0
0
0
0
0
0.01
0
0
6.56
0
0
0
0
1.54
0
0
0
0.22
0
0
0
0.01
0.01
0
0
0
0.04
0
0
0.02
0
0
0.47
1.2
0.2
0.08
0.41
0.17
0
0.03
0
0
0.23
0
0
0
0.09
0
0
0.02
2
0.78
0
0
0
0.16
0
0.16
0.95
2.3
8.65
0.07
0.32
0.02
0
0
0
0
0
0
0
0.23
0.11
0
0
1.35
4.55
14.66
1.22
0
0.05
0.03
3.92
8.04
6.85
0.34
0.59
0.06
0
1.06
0.12
0
0
2.16
0.48
0
0
0.02
0
0
0
0.06
0.34
0
8.5
1.89
2.15
0
0
0.02
0.91
0.41
1.16
8.78
7.12
9.19
2.66
3.83
0.71
0
0
0.06
0
0
1.02
2.38
0.14
0.27
2.3
0.69
0
0
0
2.28
3.89
0.97
0.25
0.09
0
1.5
3.66
5.56
4.3
3.78
1.12
3.38
8.56
8.22
3.31
8.02
2.25
0.03
4.3
0.84
0
0
0
0
0.2
2.58
1.88
0.54
2.16
11.41
13.44
10.06
7.06
19.16
25.41
14.23
7.06
3.6
2.06
0.34
0.03
6.42
1.62
0.59
0.12
0
0
0.07
0
0.06
1.22
0.24
0
