19510101
20.05
9.38
0.12
0.03
0.02
0
0
0
7.51
2.89
1.48
6.23
4.04
0.63
0.13
0.24
0
0.84
0.06
0
0.01
0
3.46
8.8
4.3
3.02
5.18
7.63
0.48
0.48
0.25
0.22
0.19
2.37
22.31
2.18
6.71
1
5.21
5.95
7.01
5.04
9.45
1.98
3.69
1.35
0
1.5
2.42
0
6.09
0.32
3.6
9.13
0.76
0.56
0.3
0
0.18
0.64
1.88
2.42
1.71
2.15
1.99
5.57
3.73
1.01
23.63
3.16
20.18
12.43
5.13
1.34
1.83
1.36
1.2
0.05
0.05
0.02
0
0
0.09
0
0.01
0
0.19
0
0
0.08
0.01
0.01
0
0.02
0.32
0
1.06
0
0.02
10.31
1.46
0
0
0
0
0
3.27
2.25
5.33
2.07
0.77
0.73
6.09
14.38
9.54
5.45
4.92
4.86
1.63
22.53
5.49
5.07
0
1.08
5.03
4.06
6.03
3.87
0.66
2.62
3.05
0
0.02
0
0
0
0
9.39
0.99
1.34
0.07
0.07
0.07
0
0.29
7.75
0.41
0.72
4.56
3.27
0
0
0.05
6.07
6.95
5.25
0.09
5.53
0
0
0
0.09
0.13
0
0
5.74
0
2.28
0
0.42
0.1
0
0.7
0
0.02
0
0.66
0
0
0.02
0
2.27
0.34
0.42
0
1.1
0.54
0.87
2.16
0
0.01
0
0
0
0
0.2
0.02
0
0
0
0
0
0
0
0
0
0
0.39
0.98
0
9.71
7.73
5.02
10.2
0
0
0
0
0
0.04
0
0
0
0.01
0.02
0.09
0
0
0.05
0
0
0
0
0
0.96
9.86
0.71
0.84
0
0
0
0.01
0.92
0
0
0
0
0
9.38
16.25
0.88
1.99
0.46
11.48
11.31
3.52
0
0
0
0.05
0
0
0
0.02
0.57
31.22
0
0
0.05
0
0
0
0
10.94
20.58
1.65
0.66
0.09
0
0.07
0.81
2.38
0
0
3.48
0.97
2.11
0.42
0.02
0
0.17
3.37
4.52
1.29
1.55
0
0.1
0.11
0.61
0.45
1.09
0
2
0
0.02
0.86
0
0.95
2.14
16.7
17.92
17.03
20.9
5.4
2.22
9.76
2.32
0
0.33
0
0.98
20.67
7.09
1.32
0.31
0.13
0.03
0.05
0.02
0
2.13
0
0.74
0.15
0
0
0.72
0.97
0.01
0.34
1.16
1.81
0.89
0
0.54
3.23
0.39
0.19
0.56
1.19
0
0.05
2.5
2.73
2.87
0
1.8
0.65
3.05
0
3.14
1.83
0
0
0
0
0
0.07
0.03
0.36
2.43
0
0.01
0
0
0
4.45
0.34
0
0.02
1.62
0.16
0.81
0.27
3.52
1.36
1.17
5.41
2.1
2.71
12.52
3.88
1.61
1.97
0.96
1.81
0.09
1.05
0.05
0.03
0
0
0.03
0.02
0.81
0
1.63
6.82
7.11
2.7
0.7
0.07
1.2
0.22
0.02
0.03
0.04
0.03
0
0
1.98
2.76
0
0
0
0
0
0
0
0
0
0.01
1.89
2.07
1.21
3.6
3.34
0
0.84
0
6.06
2.47
1.41
0.3
0.03
0
0
0.91
0
0.01
2.86
7.94
14.91
12.2
4.81
9.93
5.66
1.45
1.03
0.24
1.26
0.03
0
0.06
1.1
12.64
10.79
4.16
17.03
1.21
0
0
0
0.95
0.03
0.03
0.55
0
0
0.01
0
1.07
0.7
0.56
1.52
3.3
3.05
1.24
23.29
8.77
4.51
0
0.03
0
0.03
0.78
0.6
0
0
2.14
0.12
0
1.6
3.75
1.82
1.69
2.04
8.03
8.03
2.21
0
0.01
1.54
0.36
0
1.69
0
0
0.04
1.37
2.52
1.22
0.81
0
0.23
0.19
1.1
0
0
0.02
0
0.31
0
1.03
0.25
0
4.04
0
0.01
0.03
0.03
1.14
12.4
1.58
0
0
0.06
0.51
1.95
9.1
11.02
11.72
0
0.01
0
0.02
0.06
0
0.46
1.48
0.37
1.71
0
0
0
0
3.85
0
3.93
0.7
1.63
1.43
5.05
2.37
2.87
9.5
2.83
5.4
0
0
0
1.79
0
0
0
0
0.17
0
0.01
0
0
0
0
0
0.43
0.55
0.02
0.02
0
1.7
1.41
0
0.03
0.08
8.34
17.12
0.29
0.37
0.01
0.02
0.12
0
0.16
0.05
6.02
0
0
0.82
0
0
0
0.32
0
5.91
4.07
0.91
0.18
0
0.01
0
0
0
0
0.01
7.09
1.16
0
0
0.55
0.52
0.01
0.04
0
0.01
4.33
0
0
0.1
0.33
4.63
2.06
0
0.32
0.37
0
0
1.63
7.27
2.82
0.13
1.23
0
0.15
7.16
1.75
0.02
1.87
0.34
0
0
0
0.27
0
0
0.19
0.25
0.2
0.19
0.02
0.04
0.02
0
0.14
0.91
0.51
0.63
1.55
7.72
1.84
1.39
0.46
0.83
0.52
1.9
4.02
1.55
1.84
1.22
3.88
12.16
5.71
9.71
1.29
0.11
0
0
0.02
0
0.63
0
0
1.62
8.64
2.73
0.62
1.02
3.75
1.49
0.7
0.05
0.02
0.72
0
0.55
0.32
3
5.28
4.68
4.23
0.76
0.78
3.77
3.7
1.62
0.18
1.91
0.77
0.93
0.78
0.16
0.47
0.97
0.05
0.04
0.04
0.04
0.04
0.1
0.02
0.03
0.04
0.04
0.04
0
0.02
0.13
0.04
0.03
0.02
0.02
0.01
0.04
0
0
0
0.38
12.66
7.14
0
0.13
0.04
9.45
2.05
0.68
1.57
1.16
0.32
0.07
0.04
0.09
0.01
0
0
0
0.01
0
0
0
0
0
0.02
0
0
0.01
0
0
0.01
0.02
0
0
0
0
0.01
1.01
0.26
0
0.09
2.57
3.76
2.05
0.69
0.02
0.02
0
0
0
0.05
0.31
0.46
0
0
0.02
5.73
1.77
0.45
0.02
0.02
0.5
13.62
2.81
0.45
0
2.91
0.15
0.03
0
0.01
1.17
14.6
20.01
6.73
1.67
6.2
0.65
3.82
0
10.05
1.98
0.03
0
0.46
0.03
0.25
0.25
0.03
0
0
0
0
0
0.22
0.27
0.09
11.05
1.51
0.01
0.88
0.06
0.96
0.09
0
0
0
0
0.54
0
0.31
0.05
0
0
0
0
0
0
0.48
0.04
12.16
18.02
5.2
0.59
0.04
0
0
0
0
0
0
1.7
2.21
1.16
12.35
2.09
0.1
0
0.02
0
5.66
15.74
8.97
12.15
6.09
1.41
0.36
2.26
2.3
5.47
0
0.17
0.01
0.05
0.02
0
0.09
0.07
0
0
0.94
0
0
0
0
0
0
0
0
0
0
0
0
0
0.04
0
0
0.96
0
0
0
0
0
0
0
0
0
0
0
4.72
6.43
0.36
0.05
0
0
0
0
0
0
0.2
1.82
0.18
0
0.02
0.01
0
0
0
0
0
0.12
0.3
0
8.61
1.73
0.08
1.28
0
0
0
0.01
0
0.1
0
0
0.09
0.02
0.04
0
0
0
0.09
2.66
13.59
3.45
0.47
0.02
0.01
0.02
2.8
3.79
2.16
0
0.54
0
0
0
0
9.46
11.95
16.29
14.56
10.23
0.45
0.11
1.09
0.48
0.16
0
0.25
0.32
1.3
2.16
1.16
1.41
0.16
0
0.03
0.31
2.03
0.31
0.02
0.07
0
0
0
0
0
0
0
0.03
0.06
0.02
0
0
0
0.02
0
0
0
0
0
0
0.02
0
3.7
0.45
0
0.02
0.38
0
3.11
5.08
1.88
0.16
11.88
4.07
0.98
0.04
0
0.02
1.52
1.5
1.19
0.04
3.41
2.08
1.59
0
0.02
0.02
0
0.11
0
0.07
0.13
0.53
0.11
0.04
0.59
0.55
0.01
0.45
1.18
1.21
0.94
0.5
0.32
0.04
0.73
0
0.03
0
0.16
0.05
0
0.01
0.77
0.02
0.02
0.01
0.89
0.01
0
0.05
0.81
0
3.45
6.16
2.59
0.65
0.17
0.65
0.85
1.13
0.89
0.71
0.66
1.13
1.27
13.02
2.23
1.31
3.96
4.88
2.08
0.14
0
0.38
0.25
0
0.02
0.03
0
1
0.11
0
0.08
1.74
0.17
0.06
1.45
4.43
1.29
0.15
3.05
8.37
3.13
0.45
4.25
8.45
10
3.3
0.13
3.8
1.76
1.74
3.05
0
0.28
4.21
6.27
0.6
1.51
0.27
0
0.05
0
2.56
5.23
1.17
0
0
0.11
0.1
0
0.47
0.48
0.12
5.09
1.28
0.59
1.98
0
0
0.01
0
0
0
0
0
0.02
0
0
3.16
12.23
6.59
0
2.12
0.96
4.52
3.57
0.42
0
0
0
0
2.62
2.05
0.69
0
6.8
5.86
17.63
16.38
4.93
0
0.29
0
0
0.02
0.02
0
0
0.06
2.48
0
0
1.18
3.1
13.02
8.79
20.31
18.91
8.05
0
0
0.01
0.7
0.84
0
0
0
0
0.01
0
0
0
0
0.01
0.55
1.09
4.62
0.62
2.49
0
0
0
0
0
0.13
0
0
0
0
0
0
0
0.7
1.46
0.23
0.84
0.07
0
0
0
1.65
0
0
0
0
0
3.35
0
0
0
0
0
0
0
0
0
0
0
0
0
0
0
0.01
0
0
0
0
0
0.66
0.51
0.7
0.03
0
0
0.43
0
4.21
0.3
0.01
0.01
0
0
0
0
0
0
0
0
0
0
0.05
0.01
0
0
0
0.01
0
0
0.06
0.2
1.24
1.45
0
0
0
0
0
0.01
0
0.02
0.16
0
0
0
0
0
0
0
0
0
0
0
0
0
0
0
0
0
0
0
0.02
0.01
1.14
0
0.86
0.49
0.83
0.07
1.81
0
0.15
0
0
0
0
0.69
0.07
0
0.11
0.02
0.03
0.03
1.53
2.39
5.75
10
0.63
0
0
0
0
0
0
0
0
0
0
0.03
0
0.96
5.9
2.12
0
2.72
8.54
7.9
7.84
12.16
7.9
0.73
0
0.33
0
0.02
1.27
9.24
5.67
0
0.64
0.93
0
0
0
0
0
0
0.01
0
0
0
0
0
0
0
0
0
0
0
0
0.86
6.31
10.09
7.85
6.78
7.48
3.66
1.96
7.77
2.35
0.6
1.71
0.74
2.55
3.89
1.44
7.79
13.22
7.77
4.16
2.59
4.32
2.41
0.48
0
0
0.8
0
0.21
3.86
7.88
4.74
10.15
8.41
0
0
1.31
0.03
1.66
0
0.02
0
0.08
5.75
6.18
6.68
18.92
13.66
6.96
7.86
4.44
1.82
6.74
5.5
2.8
4.07
3.83
1.02
0
0.14
0
0
0
0
0.23
0.57
0
1.96
1.51
0.69
0.39
1.05
0.41
0
0
1.59
0
1.67
9.73
5.06
4.7
0
0
0.51
0
0
0
0
4.63
0.34
0.01
0
0
0
0.95
0
0
0
0
0.76
0
0
0
0
0.57
0.02
0.7
1.96
0
6.84
2.73
3.07
12.18
6.1
9.75
1.49
0.4
0
1.52
0.77
0
8.03
2.13
0
0.04
3.98
0.02
0
0
0
1.63
1.38
0.85
0.01
0.02
0.12
0.29
0
0.26
0
2.78
3.37
3.09
7.41
5.54
1.09
0.05
0.01
0.22
1.46
18.18
3.16
0.85
1.18
0.18
5.96
4
3.37
10.08
1.05
0.14
0.1
0
0.01
0
0.09
2.15
5.2
7.48
7.77
0.77
0
0
0
9.98
1.83
1.85
1.74
0.01
0
0.51
0
0.01
0
0
0
0
0
0
0
1.23
0.04
0.78
0
0
0
0.55
0
0
0.62
5.28
7.98
1.35
0.89
3.24
0
0.08
2.13
0
0
2.75
0
0
0.07
0
0
2.7
10.3
0
0
0.68
1.14
1.77
2.43
0
2.92
0
0.23
0
0
1.96
6.66
0.12
0.76
0.45
1.35
0.71
2.95
3.55
3.32
6.11
0.68
2.25
0
0
2.75
0
0
3.29
0.98
3.27
0.9
0.02
0.71
0.88
0.01
0
0.7
0
3.7
7.19
17.02
0.49
0.5
2.54
0.3
0.79
0
1.43
0.61
0.39
0
0
0
2.24
3.01
3.46
1.23
0.9
0.1
0
0
0.01
1.05
1.25
0
0
1.72
0.66
0.67
4.71
0
12.41
4.19
0.02
2.51
1.86
0
0
0
6.84
16.84
19.66
5.06
2.73
2
6.29
13.45
1.68
0
1.05
2.26
0
0.12
3.98
5.49
1.5
1.14
1.76
0.23
1.29
0.01
0.46
0.35
0.44
3.11
15.55
0.65
0.24
0
0
0.59
4.5
9.75
7.61
0.06
1.87
0.13
0.01
0.9
0.02
0.02
0
0
3.23
3.74
3.96
19.19
24.33
25.06
8.4
2.8
4.79
8.95
7.57
1.77
0.52
0.4
0
0
0.72
0
0.38
1.09
0.72
0.27
0.75
0.85
0.02
0.01
0.35
1
1.29
4.89
0
2.08
10.96
4.71
4.13
3.61
4.52
2.85
6.21
1.19
1.36
1.55
0.48
2.92
0.51
0
0
1.25
0
0.02
4.97
2.23
0
0.68
0.8
1.06
0.91
0
0
0.14
0
0.24
0.02
0.34
0.35
0.01
0.05
0
3.29
1.01
0.85
1.96
0
0.56
2.06
2.59
2.3
0.05
0
0.02
0
0
0.03
0.01
0.77
0
0
0
0.52
0.4
0
0.02
0
0.02
0.7
0.04
0
0.23
10.45
11.29
8.84
6.66
8.84
25.01
14.02
8.51
3.14
9.14
20.36
18.73
13.57
6.27
1.03
0.63
0.34
0
0
0.55
0
0.07
0.9
1.05
0.75
0.21
6.2
8.17
6.95
2.2
1.16
0.34
1.53
3.25
5.02
8.61
8.09
5.23
1.06
5.78
7.02
4.16
2.37
1
0
0
0
0.75
0
0
0
0.94
0.01
0.01
0.01
1.13
0
0
0
0.83
0
1.68
1.91
8.14
15.27
10.93
4.33
2.89
23.56
26.91
13.1
0.02
0
0.03
0.04
0
0
0
0
0.3
0
0.56
0
0
6.18
0.05
0
0
1.08
0
0
1.81
0
0
0
0
0
10.42
13.18
16.73
1.25
2.54
1.42
4.63
0
0.02
0
0
0
0.01
0.36
0.01
0
0
0.02
0
0
0.1
0
0
0.04
0
0
0
0
0
0
0
0
0
0
0.69
0
0
2.11
4.06
5.64
0.05
0
0.04
0.22
9.91
20.37
3.39
0
0
0
0.04
0.01
0.01
0
0.26
0
0
0
0
0.02
0.01
0.1
0
0
0
0.03
0
0
0
0
0
0.05
0.07
0
0
0
0
0
0
0
0
0
0
0
1.73
11.8
9.91
2.24
0.25
5.02
9.45
0.97
12.25
17.09
5.57
0.66
0.02
0
0
0
1.44
0
0.63
0.23
1.74
0
0
0.05
2.92
2.55
0.98
0.04
2.56
1.24
4.99
1.19
0.51
0
0
1.75
0
4.13
0.08
0.03
1.88
0.07
0.28
0
1.07
0
8.28
1.76
0
0
0.01
0
0.2
0.95
3.62
1.61
0
0.31
1.51
0.36
0.61
0.06
0.5
1.1
0.04
0.27
2.02
2.44
0.35
3.41
0
0
0
0
0.39
0
0.22
0.03
0
0
0.76
0
0.01
0
0
0
0
0
0.01
0.01
0.04
1.37
0.05
0.04
0
0.01
0
0.14
0.23
0.6
0
1.91
1.02
0.86
4.53
5.75
7
4.07
1.55
0.44
0.1
0.01
0
0
0
0.23
0.13
0.05
0
1.08
0
0.69
0
0.03
0.13
0.82
1.78
1.66
0.08
0.05
1.21
3.06
1.32
0.61
0.03
0.03
0.39
0
0.01
0
0.63
0.59
1.6
1.22
0.3
0.77
1.18
1.78
0
0
0.21
0.08
7.54
5.11
9.59
12.01
3.53
0
1.21
0.52
0
0.02
0.13
0
0
0
0.26
0
0
0
0.01
2.14
4.08
0.58
4.22
0
0.13
0.08
0.26
0
0.06
0.03
0
0
0
0
0.41
1.26
3.14
3.01
3.12
4.48
0.14
0.1
1.96
0.2
1.05
5.2
0.21
1.95
0
0
0.12
1.25
0.16
0
0
1.06
1.77
0
0
0
0.63
0
5.05
0.48
0.01
0.2
0.02
0.08
0.05
0.51
1
11.64
5.63
3.31
5.16
2.55
2.88
3.98
0.75
8.66
4.45
0
0.3
9.72
14.91
5.75
0.54
0.77
0.01
0
0.13
0
0.86
0
0
0.33
0
0.01
0.01
0
1.7
1.53
8.62
5
9.01
2.61
2.56
3.28
2.08
0.23
1.05
0
0.38
0.05
0
10.47
20.26
1.81
0.01
1.01
4.95
4.36
1.49
5.78
9.31
7.21
5.76
0.05
0
7.99
7.52
0
0
0
0
0
0.23
0
0.01
0.01
0
0.21
2.32
0.05
0
0
0.02
0.02
0.01
0
0
0
0.01
0.01
0.02
0.01
0
0
0
0.04
0
0
0
0.02
0
0
0
0
1.18
0
0
0
0
0.62
0
0
0
0
0
0.03
0
0
0
0.02
0
0
0
0
0
0.11
0
0
0
0.01
0
1.25
2.29
0
13.9
1.37
0
0.01
0
0
0
0
1
0.66
0
0
0
0.02
0.02
0.01
0.06
1.89
3.43
10.36
4.18
0.11
0
0
1.44
0
0
0
0
0
2.84
4.27
5.7
0
1.79
0
0
1.07
0
0.91
0.88
1.75
5.77
11.38
9.11
3.16
0
0
0
4
1.77
0
0.01
0
0
0.36
0.01
0
0
0.05
0
0.11
3.84
3.66
0.64
1.33
5.52
10.63
6.27
5.52
5.25
0
0
0
0
0.02
0
0
0.04
0.11
0
0
0
1.34
0.27
0.23
0.02
0
0.03
0
0.03
0
0
0
0
0
0
0
0
0.49
1.36
11.09
15.39
10.8
2.58
0
0.05
0.01
0
0
0
0
0.01
1.41
8
6.09
0.3
0.32
0.02
0
0
0.01
0
0.37
0
0.27
0.31
0.04
0.01
0
0.01
0.02
0.47
0.17
0.04
0.4
0
0
0
0.01
0.01
0
0
0.21
2.91
0.07
1.11
1.89
4.63
3.25
12.92
20.16
2.74
0.63
0.03
0.04
0
0
0.41
0
0.84
2.86
2.78
3.41
3.2
1.45
6.95
2.14
0
0
0
1.07
2.73
0.54
0
0.55
1.5
0.26
2.18
3.97
1.48
0.53
0
0.29
0.1
0.01
0
0
0
0.47
1.05
2.45
3.71
2.06
0.02
0
0
0.41
4.17
2.14
7.84
7.41
0.25
0
1.42
13.35
11.71
4.42
5.11
4.16
7.32
4.61
4.96
0.54
3.56
5.1
9.63
2.52
2.05
1.38
0
0
0
0
0.1
0.98
2.67
1.87
0
0
0
0
0.13
0
0
0
0
0
0
0.08
0
0
0
0.01
0.01
0
0
0
0.02
3.27
0.05
10.73
3.03
1.06
1.16
18.93
1.04
0
0
0
0.02
0
0
1.48
0
0
0
0.19
0.03
0
0
0.02
0
0
0
0
0.01
0
0.48
0
0.15
1.4
4.74
8.76
0.02
1.65
3.96
0
0.01
0
6.95
0
3.59
1.83
0.71
0.34
0.16
0.06
2.63
1.46
4.04
0.68
0.54
1.22
1.01
3.04
0
0.24
0.07
4.36
0
0
0
0.01
0.13
0
0
0
0.14
0
0
0
0
0
0
0
0.01
0
0.02
0
0
0.01
0
0
0.22
0.47
3.6
0.44
0.03
0.54
0
0
0
0
0
0
0
0
0
0
0
0.01
0
0.04
5.98
4.19
1.07
0
0.01
0
0
0
0
0.4
0
0
0
0
0
0
0.06
0
1.62
0
1.51
0
1.32
0.07
0
4.46
2.84
1.39
2.78
0.01
0
0
0
0
0
0.14
0.15
0
0
0.04
0.6
6.27
4.73
0
2.38
0
2.18
10.79
2.84
0.53
0.09
0
0.77
0
0
0
0
0
0
0
0
0
0
0
0
0
0
0.68
0
0
0.29
0.21
0.67
0
0
0
0
0.19
0.14
0.03
0.05
0
0
0
0.71
0.2
0
0.41
0.01
0.95
0.79
2.72
0.16
0
0
0
0.48
0.66
0
3.35
2
0
0.9
3.45
3.63
12.66
11.43
8.48
5.05
2.39
3.67
2.67
0.86
2.27
6.98
22.88
11.6
11.78
6.59
9.98
24.61
23.52
11.48
8.1
8.34
1.9
1.41
4.67
0
0.92
0
0
0.01
0
0.07
0.05
0
0
0.11
0.12
0.04
0.33
1.88
3.77
0.77
1.61
0.61
4.21
1.16
0
0
0
0.18
8.32
3.35
3.42
0.38
0.09
0
0
0.23
0.19
0
0
0
0
2.19
2.35
1.98
0.18
1.62
3.3
2.3
2.25
0.29
0.4
0.79
0
0
0
0
0
0
0
0
0
0
0
0.02
0
0
0
0
1.09
3.87
22.11
11.69
5.52
8.88
0.9
7.44
19.3
4.6
6.2
4.89
0
0.18
0.05
0.11
0
0.05
0
9.3
9.51
2.04
2.84
2.21
0.13
0
0
1.26
1.43
0.3
3.11
0
0.2
0
0
0.76
0.79
0.61
0.19
0
0
0.14
0.33
8.35
9.08
7.45
5.47
1.55
0
0.01
1.93
0.59
2.7
0.27
2.26
0
0.23
0.82
0.27
3.6
3.11
0
0.38
0.26
0.3
2.45
10.18
13.98
6.99
0.23
1.2
0
4.26
0
0
0
0.79
5.13
6.91
4.93
10.79
0
2.89
0
1.84
1.84
2.22
1.35
9.18
5.66
0
0
0
0.86
0.36
4.09
9.9
15.78
0
0
0
0
0
0.05
0.31
3.2
0
0
0.09
0.06
0
0.02
0
0
0.05
0.04
0
0.27
0.04
0
0
0
0
0
0
0
0
0.02
0.04
0.01
0
0.25
2.25
0
10.99
1.55
0
0.02
0.21
5.14
0.14
3.3
8.47
2.23
8.22
0
0
2.89
0
0.02
0.03
0
0
0.16
2
6.8
6.16
7.46
0.26
4.52
1.01
0
0
0.01
0
0
0
0.02
0
0
0
0.01
0.02
0.11
0.02
0
0
1.95
0
2.67
0.29
1.15
4.11
0.48
0.2
4.93
20.67
13.41
0.25
0.11
0.02
0.3
0.37
3.11
3.66
1.04
0
0
0.01
0.8
1.04
0.34
1.78
5.1
3.47
0.46
10.74
12.11
0.76
1.07
12.09
6.67
8.64
3.27
0
0.37
0
7.23
0.16
0.07
0.87
0.36
0.82
0
0.8
0
0
0
1.45
2.79
5.59
2.54
5.93
4.6
1.57
0
0
0
0.77
6.28
4.53
5.13
2.13
0.89
0.5
0.61
0.78
0
0
0
0
0.01
0
0.02
2.79
7.83
0
0.56
2.95
9.68
7.07
10.24
1.43
1.6
11.13
2.04
3.05
0.03
0.03
1.69
6.14
1.07
1.64
9.8
25.75
7.35
1.04
0.63
1.74
1.36
11.35
11.86
11.01
17.56
20.05
8.94
2.69
0
0.78
1.66
0.88
0.25
1.79
0.24
0.55
2.59
1.88
12.34
4.86
4.29
6.73
9.14
0
0.32
0.63
0
0.11
0
0.06
0
0
0
0
0.01
1.8
4.71
2.68
1.63
2.89
1.52
2.04
0.48
1.34
1.81
1.57
0
1.26
2.25
3.01
6.43
15.2
17.89
21.31
13.97
2.52
0.25
0
0
0.23
0
0.58
2.86
4.63
2.02
1.91
2.06
6.59
4.34
4.9
6.16
8.2
5.69
7.16
12.87
12.65
8.84
7.67
9.31
4.9
5
3.27
0.44
0.17
0
0.38
0
0
0
0
0
0.06
6.69
3.56
4.75
4.16
4.12
0.48
4.68
9.27
10.98
9.36
5.31
0
0
0
0.03
0
0.43
0.86
7.52
8.57
4.62
2.92
4.01
1.98
5.18
1.9
0.18
3.61
0.57
0
0
0.09
0
0.29
0
0
0.04
0
0
0
0
0
0
0.02
0
2.37
2.29
1.83
0
0
0
0
0.27
0
2.38
2.29
0.39
0.62
0
0
0
0.01
0
0
0
0
0
0
0.02
0.79
6.85
1.45
4.19
7.79
1.47
1.39
0
2.38
0
0
0
0.01
0.63
8.09
0.1
0
50.96
12.8
7.32
2.59
5.96
2.63
2.89
3.13
0.43
0.16
0
0
0
0
0.28
0
0
0
0
0
0
0
0
0.01
0.22
0.02
0
0
15.51
0.08
0.74
0.02
0
0.18
0
0.01
0
0
0
0
0
0
0
0
0
0.26
0
0
0
0
0
0
0
0
0
0
0.17
0.93
6.27
6.04
0
0
0.01
0
0
0
0
0
0
0
0
0
0.01
0
0
0
0
0
2.22
4.43
5.23
0
0
0.01
0
0
0
0
0
0
0
0.02
0.03
1.69
1.99
0
1.2
0.09
0
0
0
0
0
0
0
0
0.99
5.27
8.96
3.01
0.06
0
0
1.06
0
0.67
0
3.99
2.95
2.84
0
5.5
3.57
0
20.61
19.64
17.56
11.67
4.73
2.77
1.75
1.11
0
0
4.09
13.5
8.09
0
0
0
0
22.37
8.05
16.8
12.19
17.62
13.61
0
2.05
10.52
17.81
3.92
7.75
0.59
5.45
0.76
3.02
7.51
3.28
2.62
0
0
0.03
5.63
3.6
1.23
0
0.36
0.84
1.55
0.66
1.12
1.29
1.98
14.29
4.73
3.07
0
0
0.33
1.23
0.12
0.03
0.03
2.92
0.63
0
0
8.61
2.28
12.01
0
1.58
2.1
0.55
0.61
2.25
1.73
0
0.35
3.41
0.16
2.38
0
0
0
0.79
1.38
2.67
4.99
4.73
5.91
2.77
1.34
5.76
4.03
3.14
4.95
2.27
0.72
0.32
0.11
0.29
0.73
2.52
1.26
0
0
0
0
0
0
0.49
1.52
1.46
8.97
5.86
3.16
1.26
1.91
0.6
0.73
1
0
0.16
0.01
0.07
0.41
0
0
0
0.18
0.01
0
0
0
0
0
0
0
0
0
0
0
0.41
0
0
0
0.1
1.08
0.18
0
0
0
0
0
0
0
0
0
0
0
0
0
0.01
0
0
0
0
0
0
0.85
5.02
5.01
1.12
4.37
1.72
1.32
0
0
0.01
0
0
0
0
0
0
0.01
0.12
1.26
7.81
7.2
2.33
3.63
2.39
0.09
0
0.01
0
0.5
7.3
4.45
0.01
0.63
0.79
2.13
10.48
5.79
0.14
1.44
0.19
1.86
4.14
5.52
0
0.02
0
0
1.17
4.29
0
2.45
1.4
0
2.35
0
0
0
0
0
0
1.49
0
0.37
0.38
0
1.11
6.14
0.2
0.1
0
2.59
4.38
9.34
22.48
12.46
1.72
0
0
0
0.58
0.63
0
0
0.08
0
0
0.07
0
0
0.26
0.14
0
0.05
0
0
0.04
0.09
1.42
1.48
6.32
5.15
0
0.13
0.5
0.8
2.83
0.23
0.01
0
0
0
0
0
0
0
0
0
0
0
0
0
0
0
0
0
0.05
0
0.03
0
0.98
3.29
2.98
0.19
0.13
6.73
6.01
3
0.43
0.21
0
0
0
0
0.59
3.13
2.51
2.14
0.16
7.93
0.82
0.01
0.01
0
0
0.01
0
0
0.01
0
0
0
0
0
0
0
0
0
0.27
4.11
11.35
3.46
7.35
0.03
0
0.05
0
4.06
0.03
0
0
0.02
0.01
0
0
37.32
24.22
0.51
0
0.04
0
0
0
0.84
5.57
15.27
16.91
6.52
1.23
0
1.91
0
0.58
9.26
1.56
0.04
0.02
0.02
0
0
0
3.1
12
5.48
0.22
0.53
0
0
0
0
0
0
0
2.63
0.71
0.29
4.68
0.8
0
0
0
0
0
0
0
0
0
4.52
3.71
12.8
8.85
2.08
3.45
4.66
6.21
3.3
2.1
1.09
12.39
16.3
8.87
4.45
0.86
21.04
14.51
1.92
28.8
3
0.07
0
1.18
1.15
0.59
0.34
0
0.26
0.18
3.58
0.05
0
0.02
0.03
0.02
0.13
0.09
1.01
0.87
0
0
0
1.69
6.18
7.33
16.67
9.99
1.57
1.21
0
12.2
6
5.36
13.97
4.46
1.88
0.72
0
0.74
0
1.06
1.07
3.76
3.97
2.98
10.74
4.5
0
6.38
9.05
3.62
0.03
0
0
0
0
0.01
0
0
0
0
0
0.01
0.42
0
0
0
0
0
4.86
1.58
0
0
0
0
0
0
0
0
0
0.01
0
0
0
0
3.33
6.65
6.88
6.95
15.04
2.68
0.55
6.45
9.77
6.02
4.84
0.59
6.61
10.91
5.77
1.1
2.07
0
0
1.68
0
0.01
0.08
0.91
0.45
2.99
2.53
0.42
0.01
2.65
0.11
0
0
1.32
0.66
0.04
0
0
0
1.91
0
0
0
0
0
0
0
0
1.01
3.57
3.25
2.42
7.91
7.73
6.6
0.41
0.25
0.75
0.05
0.24
8.27
5.5
3.25
5.17
3.08
5.71
8.4
4.32
0.57
0.37
0.05
0
0
0
0
0
2.49
0.7
0.83
0
0
0.3
0
1.2
8.33
0
5.01
0.04
0
0.91
3.42
7.26
8.61
4.85
0.28
1.63
16.04
7.77
0
0
0.82
4.7
3.62
0
0
0.58
0
0.02
0.14
2.29
10.44
8.16
1.99
0.02
0
0
0.12
0
0
0
0.21
0
2.37
5.62
10.04
4.04
3.17
4.49
0.01
0
0
0
0
0
0.05
0
0.02
0.02
0.01
0
0
0
0
0
0.01
0
0
0
0
0
0
0
0
0.02
0
0.06
0.02
0.01
0
0.28
0
0.09
0
0
0
0
0
0
0
0
0
0
0
0.04
0
0
0
0
0
0
0
0
0
0.2
1.16
0.02
0.05
0
0
0.04
0.12
0
0
0
0
0
0.02
0
0.02
0
0.03
0
0
0.3
1.74
0.02
0.03
4.05
3.09
2.42
0
0.02
0.02
14.48
17.24
11.43
0.02
0.51
0
0
0
0.23
0
0
0.51
0
0.02
0
0.06
4.46
0.37
1.86
7.41
12.15
5.2
0.23
0.01
1.32
0.69
0
0
2.61
0
0
0.15
9.29
4.16
0
0
0
0
0
0
11.79
10.26
3.51
7.96
0.86
1.33
3.14
1.66
0.48
0
0
0.05
0.04
0
0.79
0.28
0.31
3.43
0.75
0.55
0.14
0.21
0
0
0
0.01
0
0.02
0
0
0
0
0
0
0.01
0
0.01
0.02
0.19
0.68
2.13
2.27
0
0
0
0
0
0
0
0
0.37
0.14
0
0.16
6.59
13.36
20.41
16.19
6.63
12.92
12.53
1.41
4.11
6.86
13.98
1.17
4.79
5.95
10.05
2.7
3.32
2.58
1.46
0.35
2.21
4.52
1.96
1.55
0.65
0
0
0.3
0.13
0.01
0.09
0
0.06
0
0
0.02
2.7
2.02
3.16
2.51
1.07
7.63
0.17
5.19
13.92
16.15
3.09
0.79
1.29
8.9
25.29
7.25
3.33
8.21
4.74
1.73
0.75
0.32
1.49
1.24
0.11
0.35
0.63
0.54
0.22
0
0.83
0.13
0.04
0
0.94
5.38
3.41
9.11
5.51
5.27
0.23
0.39
0.66
8.04
0
0
0
0
0
0
0.52
0.05
0
0.01
0.36
0.13
0.56
1.1
0.03
0.01
0.05
0.7
4.76
0.88
0.12
0.47
23.7
23.33
18.01
5.6
6.17
5.84
0
0
2.82
8.64
10.47
0.04
0.33
0.05
0
0
0
0
0.05
0.01
0.04
0.09
0
0
1.8
0
0.01
1.94
0.38
0.59
0.44
0.02
0
0
0
0
0
0
0
0
0
0
0
0.08
0.64
0.14
0.18
0.37
0
0.43
1.55
2.03
5.64
0.04
0.07
1.96
9.66
11.13
3.18
0.35
0.16
0
0.69
0
0.02
1.71
0.13
0
0
0.01
0.01
0
0
1.03
0
0.07
3.36
0
0.09
7.54
7.95
2.01
9.74
2.56
0.02
0.02
0.01
0.02
5.23
0.09
0.04
0
0
0
0.04
0.17
0
0
0
0.1
0
0.03
0
0
0.4
0
0.16
1.37
11.52
37.15
1.48
1.16
0.73
4.27
1.21
7.3
0.37
0.07
0.04
0
0
0
0.02
0
0
0
0.06
1.5
0.07
0
0
0
0
0.02
0.01
0
0
0
0
0.02
0.08
0
0.05
0
0.01
0
0
3.57
10.79
5.25
1.75
0
0
0.02
0.02
0
0
4.82
6.7
3.83
2.38
3.61
2.21
4.24
0.4
0.48
0
2.18
2.52
0
0.05
0.01
0
0
0
0
0
0.25
0.05
0
0
0
0
0
0.02
0
0
0
0
0
0
0
0
0
0
0
0.01
0
0
0
0.01
0.07
1.8
0.02
0.23
22.79
5.85
9.07
16.03
4.52
18.89
16.52
5.74
0.46
1.3
14.68
0.56
6.78
20.54
35.81
14.16
19.48
0.71
0.16
0.19
1.34
0.23
0
0.16
0.13
0.93
9.74
8.62
0.2
2.28
5.04
0.41
3.51
10.09
5.55
5.52
0.91
6.49
2.93
0.49
1.43
6.51
8.31
1.74
0
14.48
1.22
0.46
6.27
2.38
0.68
0
0
0
0
0
0.08
0.01
0
0
0
0
0
0
0.01
0
0
0.03
0.07
0.05
0.01
0
0
0.4
1.36
3.63
0.26
0.01
0.02
0
0.01
0.23
0.11
0
0.01
0.01
0
0.01
0
0
0
0
0
0
0
0
0
0
0
0
0
0
0
0
0
0
7.13
16.48
9.02
8.22
6.68
16.23
0
0
3.39
4.58
18.75
24.27
2.92
6.34
6.22
5.23
0.1
0
1.69
0
0.84
0.09
0.57
0.57
0.09
1.11
7.61
11.35
2.79
1.89
3.75
0
0
0.07
0
7.23
5.21
4.1
0.81
0.08
5.02
0.08
0
0.04
5.2
7.52
0.43
7.35
4.04
2.52
2.24
2.6
0.93
1.9
0.41
0.2
1.35
0.78
1.36
0.34
0
0
0.65
20.34
8.74
18.26
6.52
0.17
0
0
0
0
0
0.2
0
0.01
0
0
0.41
0.1
0
0
0
0
0
0
0.03
0
0.07
0.3
0.13
0
0.63
0.48
0
0.02
0
14.32
0.28
4.09
0.38
0
0
0
0.02
0
7.38
0
9.43
2.25
1.09
0.2
3.13
0.02
0
0
0
0
0
0.01
0
0
0
0
0
1.14
5.3
12.12
3.18
25.38
6.08
0.23
4.31
33.04
6.84
0
0.08
0
0.01
0
2.77
0.01
0
0.33
0.13
0
0.01
0
0
0
0.4
0.37
0.05
0.38
1.29
0.16
0
2.45
0
0.99
0
1.25
3.92
1.47
0.13
0.02
0
0
0
1.01
0.02
0
0
0
1.98
0.05
0
0.01
0
0.18
5.74
1.96
0.09
0
0.04
0
0.07
0
0
0
0
0.01
0
0
0
0.02
0
0.02
0
0.41
0
0.03
0.23
0
0.22
0.04
0
0
0
0.09
0.48
0.09
0.02
1.7
1.28
0.39
0
0
0
0.64
2.84
0
0
0
0
0.38
2.33
3.36
3.64
7.57
2.24
3.82
0.55
0
0
0.04
0
0.07
0.08
3.31
1.4
9.34
4.91
6.63
2.69
0
0
0
0
0
0
0
0.38
0.1
0
0
0
0
0
0
0
0.02
0.01
0
0.7
13.3
33.96
4.54
0.01
0
0
0.05
0
0
0
0.01
0
0
0.01
0
0.01
0
0
0
0.02
0
0
0
0
3.96
1.92
0.08
0.48
0.21
0.02
0
0.02
1.13
0.17
0
0
2.15
0.66
0
0
1.42
1.21
2.79
3.09
0.42
0.48
1.82
1.47
0.98
7.11
2.06
1.08
0.11
10.27
0.42
0.75
0.16
0
2.32
0.32
0.29
0
1.23
0
0
5.7
1.73
1.13
1.3
0.1
0.45
0.13
0.03
1.05
3.68
8.19
4.87
4.28
0.43
0.01
0
0
0
1.84
7.8
4.83
7.09
10.11
0.04
0.12
0
0.14
0
0
0
0
0
0
0
0
0
0
0
0
0.32
0
1.18
0.29
1.31
7.18
7.87
2.68
2.65
4.88
3.77
3.28
20.24
24.29
5.09
4.43
10.95
0
0
0.5
0.29
2.03
8.02
14.12
10.46
4.38
9.94
4.81
3.87
3.31
0.3
0
0
0.09
0.81
0
0
0
0
0
0
0
0.21
1.98
8.59
1.13
0.85
4.53
2.51
1.68
0.22
0.55
0
0
0
0
0.19
0
0
0
0
0
0
0
0
0
0
0.01
0
0
0
0
0
0.24
5.26
1.8
0.45
0
0.4
0
0
0
0.01
0.01
0.01
0
2.13
0
0
0
13.66
16.72
0.52
0
0
0
0
0
2.38
6.49
0
0.03
1.01
0
0.04
1.77
6.26
0.02
0
0.63
3.35
2.24
0.44
0
0
0
1.42
1.32
0
0.88
0
0
0
0
0
0
0
0
0
0.02
0.04
0.23
0.52
1.56
3.06
0.05
0
0
0.38
0
0.04
0
0
0
0
0.01
0
0
0
0.01
0
0.04
0.39
0
0.09
0
0
0
0
0
0.29
7.45
4.07
0
0
0
0
0
0
0
0
0.01
0.01
0.13
0.06
0.05
0.38
0
0
0
0
3.42
8.2
2.53
0
0.18
0
0
0
0
0
0
0
0
0
0
1.41
0
0
0
0.01
0
0
0.01
0
0.45
0
0
0
0
0
0
0.01
0.02
0.01
0
0
0
0
1.91
37.34
14.99
15.53
8.92
9
24.92
0
0
0
0.63
18.22
4.63
6.82
3.11
21.23
8.85
3.69
0
0
0.04
0.34
0
0.34
1.94
4.88
14.08
0.45
2.2
0
0.27
3.42
7.76
0.43
6.23
13.93
5.41
0.43
0
0
0.46
9.3
20.29
24.73
7.88
2
3.2
0
3.29
6.7
4.48
1.91
2.6
2.18
12.81
7.77
14.65
3.91
14.95
1.5
0
0
0
1.53
1.41
1.65
1.68
6.37
0
1.05
6.77
0.95
0
0.36
3.6
14.99
3.5
1.1
0.03
0
0.06
0
0.03
8.82
0.2
0
0.07
0.47
1.62
0
0.7
1.56
0.01
2.46
19.48
5.38
1.91
0
0.02
0
0.05
0.26
0.33
0
0
0
0
6.03
3.19
2.04
13.23
6.45
3.31
7.37
6.79
9.47
10.65
19.52
18.45
16.68
10.28
7.8
3.65
2.12
3.96
0.64
0
0.7
4.19
1.55
0.23
0.33
0.93
0.29
0
0
0
0.06
0.16
3.54
13.52
5.69
23.85
8.72
2.09
14.31
7.76
0.43
5.96
7.04
22.43
10.41
4.97
0.24
0.62
0
2.43
22.57
2.97
0
0.04
0.82
0.2
0
0.01
0
0
0
0
0
0
0
0
0
0
0
0
0
0
0
0
0
0
0
0
0
0
0
0
4.46
9.08
6.75
1.88
3.63
3.88
2.28
3.28
10.27
8.65
8.34
9.88
6.07
2.85
12.26
20.78
6.23
0
0
4.3
0.23
0
0
3.77
0
1.06
0
4.76
0
0.68
0.24
0.17
3.02
3.19
0
0
0.1
0.03
0
0
0.66
9.42
7.05
0.16
0
0.05
4.74
1.18
8.52
0
0.01
0
0
0.33
0.21
2.15
0
0.33
0.21
5.04
7.34
0.66
5.21
6.65
4.71
10.99
0.43
0
4.73
13.67
6.91
0.38
0.06
0
4.18
3.76
0
0.01
0
0
0
0
0
0.28
0
0.01
0
0
0
0
0
0
0.18
2.23
0
0
0
0
0
0
0
0
0.02
0
0
0
0
0.02
0
0.01
0
0
0
0
0
0
0
0.84
0.14
0
0.01
0
0
0
1.14
0
0
0
0
0
0
0
0
0
0.01
0.27
0
0.04
0.07
0
0
0
0
0.7
0
0.02
0
0
0
0
2.23
1.02
0.08
0
0
0
0
0
0
0
0
0.01
3.63
0
0.02
0.53
1.97
3.12
1.09
0
0
0
0
0.01
0.01
0.02
0
0
0
1.23
10.81
12.29
1.8
2.71
3.01
3.9
16.43
4.61
0.69
0
20.04
10.44
1.02
0
0
0
15.16
14.57
5.37
1.32
2.2
9.75
4.31
6.33
1.06
0
0.06
10.74
10.62
2.82
0.16
0.55
0.27
0.01
0
0
3.79
0.66
12.62
32.09
22.65
8.45
11.23
6.33
1.11
0
0
0.02
0
0.02
0.02
0
0.09
0.15
0
0.37
0.97
0.07
0
0
0
0
0.96
0.31
2.29
7.16
3.98
0.5
0
0.22
0
0
0
0
0
0
1.47
0
0.02
0
0
0
0
0
0
0
0
0.01
0.01
0
0
0.02
0.02
0.43
0.21
0
0
0
0.36
0.29
2.19
1.21
0.79
1.17
12.65
9.36
3.68
0.23
0.02
0
0.94
0
0
0.02
6.16
3
8.22
2.31
1.24
0.04
0.58
0.41
0
0
0.35
0
0.02
0
0
0
0
0.17
1.06
0.56
0
0.03
0
0.13
0.69
4.34
4.86
11.05
11.84
16.52
4.38
0
0
0
0
0
0.17
3.62
0.44
0.3
0
0
0
0.1
0.03
4.85
1.26
0
25.13
8.57
0.17
0
0.01
0.01
0.04
0
0
0
0
0
0
0.01
0
0
0
0
0
4.14
13.08
2.56
0.57
0.75
0
0
0
0.02
0
0
8.31
17.14
8.77
7.11
1.08
2.27
1.17
2.22
3.89
2.43
3.09
1.04
1.78
0.79
0.48
0
0
0
0.01
0
0
4.69
0
0.05
5.13
1.8
0.24
0
5.48
2.5
0
4.15
5.1
2.13
2.11
0.7
4.36
3.04
1.93
6.16
4.35
2.13
0
0
0
0
0.01
0
0
0
0
0
0
0
0
0
0.12
0
2.36
4.95
7.38
6.63
0.1
0.73
0
0
0
0
0.65
2.47
0
0
0.26
0.07
0
0
0
0
0
0
0.03
0
0
0
0
0
0
0
0
0
0
0
0
0.21
0
5.26
5.95
1.62
0.66
0.09
0
0
0
0
0
0.03
0
0.05
0.08
0
0.12
0
0.03
0.16
0
0
0
0
0
0.63
0.23
0.54
0
0.81
0.94
0
0
0
0
0.3
0
0
0
0
0
0.02
0
0
0
0
2.48
0
0.54
0
0.46
0
0.23
0.19
4.97
5.88
0
1.21
0
0.03
0.01
0
0
0
0
0.01
0
0
0
0.04
0
0
0
3.91
0
0
0
0
0
0
0
0
0.55
0
0
0
0
0
0
0.03
0
0
0
0.02
0.57
1.42
1.48
0.01
0
0.01
0
0
1.06
5.13
2.23
9
2.45
0.01
0.01
0
0
0
0
0
0
7.41
3.56
8.26
2.44
0.22
8.05
8.71
3.59
0.43
0
0
0.07
11.59
30.18
15.39
25.38
4.21
0.07
1.85
0.59
0.52
0
2.16
9.48
16.79
1.47
0.03
0
0
0.01
0
0
0
0
0
0.01
0.24
0
0
0
0
0
0
0
0
0
0
1.01
0.05
0.04
0
0.13
0.01
1.29
1.88
0.02
0.04
0.57
0.75
0
0
0
0
0
0
0
0
0
0.09
0
0
0
0
0
0
0
0
0
0
0
0
0
0
0
0
0
0
6.95
0.96
0
0
0.09
0
0.5
0.68
13.34
9.19
7.36
16.41
7.18
2.52
4.94
12.94
12.27
8.93
5.86
1.62
1.37
3.62
3.12
4.86
9.07
3.73
0.3
5.68
10.69
3.15
2.24
0
3.35
9.48
1.3
0
0
0
0.02
1.18
7.38
0.18
0
0.02
0
0
0.09
0
0
0
0
10.63
2.35
0.49
0.05
0.01
0.24
14.89
1.2
0
3.07
17.39
10.13
0.95
0
0
0
3
7.31
2.4
0.91
0
2.14
1.87
1.61
6.22
17.35
3.63
1.24
0.15
0.46
0.01
0.02
5.62
5.96
17.46
2.27
0
0
0.15
0
6.72
3.44
0.43
0.01
0.47
0.73
7.46
9.03
2.49
0.84
6.39
0.54
0
0.03
0
0.01
0.04
0.01
0
0.25
0
16.82
1.54
0
0
0.55
7.37
1.9
4.72
4.71
2.84
1.13
0
0.01
0
1.55
0.89
0
0
0
0.02
0.04
0
1.3
0
0.02
1.71
7.56
3.41
0
1.37
2.6
1.38
0.02
0
0.07
0.68
0.63
0
0
0.01
0.02
0
0
0.01
0.02
0
0.01
0
0
0.02
0
2.81
1.09
0.13
0.75
0.01
0
0
0
0
0
0
0
0
0.04
0
0.02
0.01
0
0.02
0
0.03
0
0
0
0
0.16
8.49
2.89
0
0
0
0
0
0.29
0
0
0
0
0.43
0.01
0
0.1
0.69
0.52
0
0
0
0
0.01
2.63
6.63
11.96
1.96
0.01
2.4
1.55
0.15
0
1.04
0
0
0
0
0
0
0.09
4.34
4.79
1.5
5.7
7.27
0.18
0.02
0
0
0.8
0.05
0.01
0
0
0
0
2.53
0.02
0
0
0
0
0.01
0
0.01
0
0
0
0
0
0
0
0.05
0
0
0
0
0
0.06
0
0
0.45
0.29
0.1
0
0
0
4.19
13.86
13.37
9.8
3.63
2.42
11.09
2.25
7.63
4.72
0.81
0.74
0.26
0.04
0.13
0
9.68
2.33
0
0
0
0
0
0
0
0.22
0
0
8.06
5.75
5.02
0.67
1.14
8.63
1.58
0
0
1.87
1.77
0
0.5
2.57
0.56
0.15
5.4
1.8
14.66
21.31
18.17
2.63
1.02
1.35
0.09
0.02
0.09
0.07
0
0.75
0.1
0
0.12
0.01
0
0
0.07
0
0
0
3.18
0.95
0.27
3.25
3.68
6.13
6.25
13.86
7.38
14
2.12
0.43
0.46
0.04
0
0
0
0
0
0
0
0.02
0
6.77
3.09
0.19
0
3.02
3.09
0.46
0
0.01
0.16
0.4
0.04
0
0
0
3.09
1.6
0.93
0.25
4.45
26.24
13.01
7.64
19.41
19.77
4.58
0.44
0
0
2.45
23.2
1.79
9.23
9.31
5.35
5.48
1.59
5.15
1.35
2.3
0.13
1.69
11.48
24.9
6.37
4.11
19.96
11.42
2.32
0.31
0
9.09
4.55
0.06
4.47
0
0.01
0
0
0
0.05
0
1.71
10.63
9.14
1.43
0.45
3.24
3.54
3.77
0
0.01
0
0
0
0
0
0
0
0
0
0
0
0
0
2.27
17.3
7.29
23.2
12.19
0.7
0
8.75
9.75
10
6.6
3.23
4.27
1.74
9.73
1.39
1.97
0
0
0.01
0
0.02
0
3.08
0
0
0
0
1.81
5.67
6.23
7.63
0
16.84
8.98
3.05
0.6
0
0
0
0
0
0.02
0.02
0
13.78
13.63
17.73
8.02
4.41
8.97
5.55
1.46
0
0.09
1.97
0.13
0
0.23
3.12
7.9
0.08
0
0
0.05
0
0.02
0
0.27
0
0
0
0.06
0.2
0.02
0
0
0
0
0
0
0
0
0
0
0
0
0.02
0
0.24
0
0
0.15
0.16
0.84
0
0
0
0
0.2
0.04
0
0
0.2
0.57
1.21
0
1.86
0
0
0
0
0
0
0
0
0
0
0
0
0
0
0
0
0
0
0
0.13
0.46
10.58
21.15
6.05
6.13
0
2.42
0
2.52
3.66
1.16
0
0
10.11
11.78
8.61
11.73
1.46
0.65
9.05
0.55
0.02
0
0.01
0
0
0
0
0
0
15.36
2.71
0
0
0.08
0.14
3.55
0.75
0.02
0
0
0
0
3.21
6.26
1.84
0.26
0
7.92
14.62
8.95
5.55
0
2.21
0.03
0
0
0
0
0
0
0
0
0
0
0.07
0
0.03
0.47
3.16
1.89
0
0.52
36.69
14.05
0.2
2.15
0.16
0.56
0
0.32
0.45
1.23
5.84
22.96
9.59
6.79
2.76
1.07
0
0
0
0
0
0.01
0.11
0.82
0.46
0.83
0
0
0
0
0
0
0
0.31
0.11
0.08
3.89
0.58
0.26
0
0.32
0.36
0.33
0.5
9.28
9.4
3.38
3.8
6.13
7
12.96
1.43
5.04
22.05
18.43
7.96
1.3
7.92
17.34
16.69
21.69
14.36
3.73
3.49
5.95
4.57
0.7
0.64
0.04
0.27
8.61
0.53
0
0
0.72
10.89
12.39
4.64
0.88
2.18
0.35
1.1
2.31
0.05
0
3.24
1.75
3.2
0.97
0
0
0
0.02
0.44
1.61
0.8
0.82
0.68
0.18
0
0
0.01
0
0
0
0
0.07
0.06
0.21
0.11
0
0
0.23
0
0
0
0.01
0.18
2.41
1.77
0.59
0
3.77
4.25
1.37
1.2
0
0
0
0.16
0.26
5.07
0.62
0.17
2.87
2.66
0
0
0.12
1.7
0.85
0.72
0
0
0
0
0.58
6.62
1.46
0
0
1.09
1.88
0
0
0
0
0
0
0.01
0
0
0
0
0
0
0
0.25
0.32
0
0
0
0
0.08
2.62
3.66
6.04
2.68
5.05
4.5
2.7
3.5
3.25
0.22
3.04
6.33
3.87
0
0
0
0
0
0
0
0.02
0.43
0
0
0.02
0.15
0
0
0
0
0
0
8.99
4.66
5.42
8.63
1.55
0.21
2.6
1.4
0
0.04
0
0
0.24
1.65
0.03
0
0
13.32
4.18
0.03
0.16
0.25
0.05
0.02
0
0
0
0.02
0
0
0
0.6
0
0
0
0
0.04
0
0
3.88
0
0
0
0
0
0
0
0
0
0
0
0
0
0.7
0
20.91
10.95
5.65
16.19
0
0.04
0.02
0
0
0
0
0
0
0
0
0
0
0
0
0
0
0
0
0
0.02
0.07
0
0.02
0
1.28
0
0
0
0
0
0
0
0
0
0
0
0
0.02
0.04
0
0
0
0
0
0.01
0
0
0
0
0
0.02
0.24
0.74
0.27
2.57
0.14
0
0
0
0
0
0
0
0
2.85
10.87
3.18
1.74
1.38
0
0.08
0
0
0
0
0
0
0
0
0
0
0
0
0
0
0
0
0
0
0.01
0
0
0.13
0.1
0.4
9.06
1.34
0.02
0.01
0.19
9.63
4.36
3.71
1.09
1.2
0.62
11.2
1.63
16.8
0.86
0
0
4.82
1
0
0
2.97
4.67
1.38
0
0
0
0
0
0
0
3.52
15.49
1.38
0.38
0
0
0
0
0
0
0
0
0.01
0
0
0
0.01
1.8
3.8
0.63
2.5
1.77
1.07
0.24
0
0.02
0.01
0
0.09
0
0.05
0
0.7
0
3.69
2.95
2.45
1.12
0
0
13.24
5.69
12.52
11.97
1.86
8.96
10.73
3.7
2.75
2.38
0.1
0.03
3.33
1.86
0
0.16
0.11
0
0
0
0
0
0.06
5.26
1.8
0.41
0.04
0
0.2
5.91
1.29
0
0
0
0
0
0
0
0
0
0
0
0.04
0
0
0
0
0.01
0
0
10.93
3.51
0.09
0
1.1
1.77
4
0.19
3.79
10.31
14.93
22.24
2.11
0.41
0
0
0
0.04
0
0.02
0
0.33
1.75
0.47
5.84
11.91
6.95
8.56
0.15
14.27
3.8
3.19
2.23
0.16
0.13
0.43
4.1
0
0
0
0
0.56
0.02
0
2.17
31.93
9.76
1.88
0.28
0
0.16
2.95
5.15
11.87
4.2
0.18
0
0
0.88
7.83
12.67
5.9
0.1
0
13.03
30.86
3.86
3.64
11.7
13.49
5.2
15.68
3.27
3.37
3.75
13.43
6.2
20.51
7.2
1.49
0.73
0.74
0.39
0.25
1.51
1.84
15.22
10.33
10.77
5.74
4.87
4.8
8.77
5.09
11.82
0.91
0.06
14.08
4.44
0
7.46
0.54
0.04
0
0
0
1.23
0
8.14
2.02
0
0
0
0
0.4
3.41
9.87
4.49
3.25
0.66
0
0
0
0
0
0
13.76
1.95
6.89
2.29
6.58
0
0.01
0
0
0
0
0.03
0
0.01
0.8
0
0.03
0
0.05
0
0
0
0
0
0
0.01
0.13
0.02
0.55
0.11
0.09
0
0
0
0
0
0
0.01
0
0
0
0
0
1.68
0.41
0
0
0
2.21
0.11
0
0
0
0.03
0.14
0
0
3.23
17.32
6.09
0.12
0
0
2.63
1.3
0
0
0
0
0.01
5.81
2.15
0.18
28.27
2.44
0
0
0.95
0.3
0
0
0
0
0
0
0.01
0.09
0
27.84
3.2
0.02
1.7
1.85
1.4
0.16
0.01
0
0
0
0
0
0.02
0
0
0.02
0
1.39
0.03
0.02
0
0
0
0
0.01
0
0
3.43
7.11
4.05
1.41
0.19
0.91
0.25
0
0.45
0.03
0
0
0
0
0
0
0.06
0.27
0.55
0.4
0
0
0.72
3.87
6.07
1.91
0
6.58
1.6
6.1
1.38
0.9
0
0
0
0
0.01
0.04
0.01
0
0
1.71
0.21
0
0.02
0
0
1.57
5.74
2.93
5.31
0.91
1.58
2.3
9.07
6.57
0.87
4.79
0.24
0
0
0.74
0
0
11.2
8.22
0
2.77
1.31
5.03
7.75
5.55
7.18
6.36
0.38
0.81
5.07
2.41
0.08
0
0
0
0
0.4
0
0
0.98
12.01
14.23
38.1
18.28
14.46
12
4.71
3.17
1.54
6.34
6.06
23.91
0.07
1.33
0
0
3.03
4.62
0.65
0.08
1.52
0.05
0
0.1
0
0.04
0.48
0.75
0.03
0.68
5.69
2.44
5.66
16.43
8.21
6.65
5.18
0.45
0.18
0.13
1.24
2.46
1.53
1.87
3.36
0.08
0
0
3.37
1.53
0.08
0.01
0
0.01
0.04
0.05
0
0
0.03
0.27
0.27
0.02
0
0
0
0
0
0
0.26
3.46
0.94
2.5
0
0.01
0
0
0.02
0
0
0.16
0.61
0.29
0.28
0.08
1.47
0.05
1.04
0
0
0
2.92
9.84
3.13
2.51
0
0.09
1.17
0.27
0
0
0
0
3.13
4.8
5.59
0.25
2.58
0.38
1.1
5.76
1.49
0
0
0.02
0
0
0
0.01
0.01
0.16
0.53
0.56
0.05
0.03
1.94
0
0.05
0
0
0.12
0.01
0
0
2.13
15.82
19.43
1.04
2.35
1.35
0
1.77
3.16
5.49
0.39
0.01
0
0
0
0.05
0
0
0
0
0.08
0
0.21
0.02
0.25
0.04
0.02
0
0
0.01
0.01
0
0
0.05
0
0.01
0.01
0.02
0
0.01
0
0
0.07
0.36
2.11
9.52
1.48
9.34
0.02
0.61
0.42
0.4
1.92
0
0
0.28
0
0
0
0
4.09
0.22
0
0.1
0
0
0
0
0.01
0
0
0
0
0
0.01
0.01
0.01
1.36
0.07
0
0.59
0.07
0.75
17.79
9
11.3
9.46
3.19
1.67
2.91
0.33
0.01
0.1
1.16
0.15
0.01
0
0
0
2.2
16.5
28.06
27.51
4.34
0.05
6.43
5.84
0.9
0.02
0
0.44
10.05
3.29
1.06
0
3.9
4.32
1.25
1.1
2.16
8.32
3.3
18.19
2.9
0
0
0
1.13
1.26
7.22
3.09
0.13
0.05
0.04
0.21
3.27
9.96
4.82
0.47
0.08
0.65
3.01
1.34
7.93
19.62
6.3
1.21
6.76
0.26
0.51
0.19
0.01
0
0.01
0
0
0
0.02
0.48
0.25
3.83
3.63
1.18
0.3
0.01
0.02
0
0
0.06
7.57
10.95
4.89
0.47
6.62
2.98
0.07
0.01
0.21
17.33
9.29
0.24
0.41
0
0
0
0.01
0
0
0
0
0
0
0
0
0
0
8.83
12.36
13.21
1.51
0.09
0
1.1
0.12
0
0.14
0
0
0
0.19
0
0.5
0.05
0.39
0.2
6.54
5
0.89
25.77
8.34
1.15
1.14
3.63
4.43
1.55
0.17
0.08
0.03
0
0
0
0
0
0
2.53
0.14
0
0
0
0
0
0
0.7
0.3
0
0.55
0.34
2.75
0.91
0.23
0.05
0
0.55
0.33
0
0
0
0
0
0
0.02
0
0
0
0
0
0
0
0.01
0
0
0
0
0
0
0
0.3
0
0.23
0
0
0
0.27
0.41
0.63
6.57
3.3
0.05
1.66
9.88
0.13
0
0
0
0
0
0
0
0
0
13.86
4.29
0.97
0.19
0
0
0.01
0
0
0
0
0
0
0.46
10.82
6.92
0.07
0
0
10.27
0.91
0
0.18
6.82
1.7
5
1.11
2.7
0.38
0.02
0
0
0.87
0
0
0
0
0.01
7.54
3.89
19.76
18.95
12.61
1.85
0
0
0
0
0
0
0
0
0.01
0
1.19
0.89
13.59
5
2.73
4.42
0.31
0
0
15.11
3.89
3.88
2.52
0
1.54
15.89
4.06
0
0
0.01
0
0
0
0
0
2.02
0.49
0
0
0
0
0
0
0
0
0
8
5.87
0.15
0.03
0.04
1.6
14.28
1.29
2.25
1.1
0
0
0
0.01
0
0
0
0
0
0
0
2.57
0.55
0
0.91
0.41
2.61
0
0
0
0
0
0
0
0.53
6.12
2.43
0.02
0.09
0.04
0
1.27
1.19
0.76
0.09
0.69
3.4
0.12
0.97
0.16
0.79
0.25
0
0
0
0
0
0
0
0.02
0
0.88
2.9
0.61
0
0
0
0
0
0
0
0
0
0
0.03
0
0.01
0
0
0
0
0
0
0
0.02
1.32
0
0.89
0.22
0.01
0
0.02
0
0.04
0.13
2.43
1.01
3.51
1.8
5
4.49
8.95
0
1.24
7.59
5.45
0
0
0
0
0
0
0
0
0.01
3.59
5.35
2.83
8.96
8.85
4.63
20.07
6.84
0
0
0.02
0
0
0
0
0
0
0
0
0.02
0.07
0.27
0
0
0
0
0
0
0
0
0
0
0.93
0.19
0
0
0
0
0
0
0
0
0
0
0
0
0.02
0
0.15
1.67
17.09
17.34
7.25
23.23
11.68
9.81
7.8
0.47
0
0.02
0.03
0.02
0
0
0
3.12
1.75
11.76
10.24
6.48
8.25
6.14
0.21
0.02
0.05
0.02
0
0.1
0.24
0.34
0
0
0
0.02
0.04
0
0.27
4.73
2.71
1.38
6.32
2.09
1.27
1.42
0.57
8.16
2.59
1.83
0.64
12.5
0
0
0
0
8.16
13
4.32
3.27
5.1
2.86
1.62
0.37
10.21
1.92
0
0
0.11
0
0.04
0
0.01
0
0.7
2.63
0.36
0.52
0.56
0
0
0.13
1.91
7.93
3.36
4.5
1.72
0.2
0
0
0
0.21
2.27
14.14
6.4
8.05
2.4
1.91
4.13
3.7
1.34
2.19
0.65
0.1
0.02
1.84
22.57
2.12
0
0.02
0.05
0.03
0
5.85
8.55
2.61
1.38
0.73
8.15
0.75
0.01
0
0
0
0.88
3.54
0.18
0.18
0.09
2.2
4.49
2.66
16.06
5.7
0.52
1.02
9.3
5.01
1.32
0.73
0.21
0
0
0
1.94
0.06
0
0
0
1.79
0.18
0.01
0
15.14
0.25
0.02
0.01
0
0.41
19.63
5.76
0
0.17
0.58
0.25
0
0
0
0
2.38
0
0.14
0
2.76
0.53
0
0
0.89
6.77
9.2
15.93
11.71
4.36
0.48
6.36
2.34
0
0
0
0.02
10.03
0.42
13.8
4
0
0
0
0
0.08
21.27
7.59
1.43
0.01
0
0
0
0.02
0.08
3.16
5.66
1.52
0
0
0
0
0
0
0
0
0
0
0
0
0.09
0
0
0
0.02
0
0
0.01
0
0
0
0
0
0
0
0
0.05
0.41
0.01
0.07
0.15
7.96
15.07
4.57
0.05
0
0
0.09
0.21
0
0
0.01
0.01
0
0.01
0.14
0
0.08
0
0
0.02
0
0
0
0
0
0.03
1.25
0.48
5.77
0
0
0
0
0
0.02
0.01
0.17
0
0
0
0.17
0.2
0
0
0
0
0
1.21
0.88
0.67
0
0.18
0.01
2.3
0.39
0.38
0
1.44
0
2.08
5.16
0.04
0
0.63
6.35
1.1
0.02
0
0
0.01
0
0
0.06
0
0
0
0
0
0.1
0
0
0
0
0
0
0
0
0.02
0.88
22.09
4.09
27.38
4.63
3.85
1.27
0.46
0
10.43
2.55
0
0
0
0
0
0
0
0
0
0
0
0
0
0
0
0
0.06
0.01
0
0
0
0
0
0
0
0
0.15
0.13
4.69
8.74
0.25
0
0.04
0
0
0
0
0
0
0
0.03
0
0
0
0
0
0
0.09
0.06
0.09
4.43
4.43
3.47
9.86
0.73
0.2
3.1
0.43
0
1.52
0.04
0
0
0
0.28
0
0.01
0
0
0
0
0.01
4.73
16.57
3.34
1.48
9.51
2.84
5.97
1.05
0.06
3.99
0.39
0.25
0.02
0.02
0.08
0
0
0
0.06
0
1.08
0.11
0
1.17
8.25
6.98
6.05
0.53
0.97
0.44
0.5
6.25
1.33
1.7
3.68
2.48
0.14
0.16
0.48
2.41
6.26
2.35
3.6
0.14
0
0
0.01
0
0
0
0.04
0.09
9.11
0.6
1.19
2.55
0
3.01
8.04
3.34
0.77
0.02
0
0
0
0.01
0
0
0
0
0
0.04
30.88
2.8
0.85
1.59
37.7
1.15
0
2.36
2.36
0.12
0
0.04
0.26
0
0
0
0
0
0
0.77
0
2.08
9.86
1.34
0.23
1.13
0.1
0.54
0.02
4.92
14.25
19.8
6.84
2.84
4.87
2.59
0.23
1.82
6.61
23.02
3.28
1.22
4.55
1.92
8.59
0.59
0.06
0
0
0
0.43
9.73
3.2
4.28
2.07
0.8
1.85
10.4
4.42
7.52
1.01
0
0.52
11.84
4.84
1.05
1.27
7.59
1.04
0
2.17
0.37
0
0
0.01
0
0
0
0
0
0
0.01
0
0
0
0
0
0
0
0
0
0
0
0
0
0
0
0
0
0
0
0
0
0.01
0
0
2.02
0
0
0
0
0
0.25
0
0
0
0.34
0.91
21.68
1.34
0.02
0
0
0.29
7.46
2.49
0.61
0.01
0
0
0
0.1
0.05
0
0.04
0
0
0.59
1.23
0.06
2.07
12.54
12.56
11.3
4.1
0
0
0.01
0
0.59
10.54
5.04
0
0
0
0
0
0
0
0
0
0
0
0.43
9.21
4.61
1
0.03
0
0.01
0
0
0
0
0
0.01
0.05
0.07
0.58
2.32
6.49
1.27
0
0
0
1.88
0.01
0
0
0
0
0.72
0.43
0
0
0.68
0.21
0.61
0
0
0.01
0.01
0
0.04
0
0.02
0
0.84
4.88
0.66
0
0.28
3.24
0.05
0
0
0.3
1.72
0.31
0
0
0.01
1.52
0
0.07
11.45
0.01
1.38
4.33
1.84
0.65
0
0
0
0.01
0.04
0.66
2.8
7.6
6.41
1.24
12.2
0
1.66
0
0.06
0
0
0
0
0
0
0
0
0
0
0
0
0
0
0
0
0
0
0
0
0
0.01
0
0
0.01
0
0.02
0
0
0
0.01
0
0
0
0
0
0
0.62
0.56
1.88
9.77
6.61
1.96
1.58
4.04
10.87
10.49
11.26
2.92
0
0.06
0.14
1.17
0.04
0.03
0
0
0.02
0.01
4.94
7.56
5.04
0.34
0
0
0
0
0
0
0
0
0
0
0
0
0
0
0
10.15
7.59
0
0.55
0
2.84
0.83
0.72
1.32
0.13
0.07
0
0
0.21
0.59
1.75
0.42
0.08
0
0
0
0
0
0
0
0
0
12.89
33.89
12
1.23
0.01
0.02
0.02
0
0
0.88
0.03
0.01
1.38
1.7
5.18
4.84
0.77
0.45
0.2
4.1
0.47
0.19
0.22
1.14
1.54
3.3
0.63
0
0
0
0
0.01
0
0
0.39
3.43
12.26
5.17
1.09
0.03
0.57
0
0.01
0.01
0
0.09
0
0.02
0
0
0
0.68
1.87
0
19.81
13.95
7.05
1.2
0
0.11
0.24
0
0
0
0.15
0.09
6.04
1.23
0
0
0.77
3.1
1.8
0.01
0.98
4.94
2.96
1.52
1.29
1.95
0.11
4.64
0.63
1.66
7.15
1.16
0.35
5.79
0.66
1.14
4.53
13.66
6.52
0.7
0.02
0
0
0
3.27
4.23
1.61
0
0
0.04
1.52
0
0
0.12
6.89
12.77
5.96
0
0
2.62
0.01
0.03
0
0.06
0
2.46
0.12
0
0
0
0
0
0
0
0
0
0
0.05
4.7
4.86
1.88
0
0
0
0.16
0
12.75
0
1.02
3.45
0
3.04
18.68
14.57
1.49
0.06
0.01
0
0.08
0.01
0.01
0
0
0.66
0.45
1.12
0
0.84
13.05
0.56
0
0.01
0.02
0.01
0
0
0
0
0.06
0
1
3.92
7.96
16.54
1.13
0.21
5.79
3.54
1.22
2.03
2.56
0
0.03
0
0.02
1.25
8.52
24.9
15.07
2.34
4.71
0.66
0.35
0
1.19
0.63
1.44
0
0.3
1.65
9.13
2.25
0.74
7.09
3.9
0.15
0.08
0.27
2.51
1.89
1.31
1.32
0.28
6.37
3.48
10.95
27.51
9.44
6.38
1.38
0.03
0
0
0
0.02
0.02
0
0
0
0
0.02
0.02
0
0.05
0
0.01
0
0.96
2.64
0.24
1.27
1.29
5.74
10.75
6.23
1.23
0
0.05
0
0.02
0.25
0.39
0.02
0
7.07
12.02
21.41
4.77
0
0
0.04
4.13
6.04
0.25
0
0.77
4.12
26.3
22.2
18.06
11.5
1.09
0.07
0.2
6.2
4.52
0.01
0.46
4.13
4.72
1.89
12.61
16.92
3.66
0.45
0.06
0.91
0.8
15.78
8.64
8.67
7.34
1.02
4.11
3.63
11.17
8.62
3.75
3.82
3
1.02
4.67
7.27
5.05
0.62
0.51
0.03
0.71
2.68
6.59
11.46
5.41
2.76
0.74
0.05
0
0.31
5.58
13.14
20.45
7.15
2.09
9.49
5.75
1.18
0.5
1.45
1.02
0
0
0
0.03
0
1.7
0.02
0.02
0
1.69
11.34
7.84
0.03
0.04
0.01
0.01
0
0.04
8.08
1.49
0.62
19.83
11.3
5.31
0.07
0.66
0.37
0.79
0.32
1.17
0.07
0
0.69
1.2
0.03
0.09
0
1.99
0.71
0.03
0.03
0.16
0
0
0
1.45
1.59
1.52
0.65
0.32
0
0
0
0
0
0
0.03
0.37
0.96
3.62
2.04
2.93
0.48
1.63
5.28
2.96
0.54
0.29
0
0.01
0
0.2
7.46
0
0.16
0.5
2.88
0
4.52
2.49
0
2.75
3.75
0.93
1.55
4.55
1.05
0.42
0.07
1.25
10.6
3.64
12.88
0.98
0.22
0.05
0
0.88
0.61
0
7.65
1.38
2.92
22.19
5.55
0.48
0
0
1.23
0.34
3.96
4.08
1.58
9.74
3.26
0.02
0.01
0
0.24
3.2
0.84
0.2
0
0
0.01
0.03
0
0
1.16
0.42
8.79
0.52
0.01
0
0.87
3.07
11.32
0.59
0
0
0.01
0
0
0.63
2.46
1.18
0
1.38
0.78
3.9
7.56
0.71
0.13
0
2.1
5.23
0.24
0.48
0
0
0
0
0
0.08
0.32
0
0
0
0
0
0.01
3.21
1.39
0.99
0
0
0
0
0
0
0
0
0
0
0
0
0.01
0.04
0
0.18
0
0.01
0.02
0
0
0
0
0
0
0.35
0.17
15.95
1.39
0
4.63
0
0.42
1.71
4.09
0.38
0
0
0
0
0
0
0
0
1.39
27.63
11.43
12.78
10.22
1
0.03
0.02
0.02
0
0.77
0
0
10.48
4.89
9.73
3.99
7.95
1.99
0.14
0.63
0
0
0.01
0.02
0.01
0
0.05
0.02
0.02
0.04
0.08
0.16
0
0.02
0.01
0
0.03
0.03
0
0.02
0
0.02
0
3.05
0.86
6.52
2.57
0
0
0
0.04
0
0.81
2.99
5.86
14.07
4.59
0.86
1.28
4.48
5.93
3.17
38.44
12.77
1.56
1.32
1.17
1.58
0.02
0.06
0
2.11
0.4
0.25
0.79
2.16
7.8
0.97
1.54
0
0.02
0
0.05
8.29
1.36
0.1
0
0.04
0.01
0
0.04
0.04
0
0
0.05
0.03
0
3.68
7.22
3.52
2.98
1.53
1
0.48
1.8
8.85
2.37
6.43
1.04
1.05
3.62
7.41
0.95
3.11
17.59
3.23
0
0
0
0
0
0.04
0.02
0.04
0.25
1.1
3.1
7.62
3.96
0
0.16
0.29
7.3
8.05
2.2
6.74
11.22
2.71
0.5
1.53
5.88
10.63
21.42
15.09
18.49
8.82
6.61
17.78
13.48
4.82
0.65
0
0.01
0.02
0.05
0.02
0.33
14.04
1.44
0.11
0.03
3.66
0.94
0.14
0.2
0.07
0.27
0.01
0.08
0
0.01
0.21
0
0
3.95
0.25
0.14
4.37
2.8
0
9.9
2.1
0.5
0.23
0
0.83
2.38
3.71
1.36
0
0
0
0.02
0
0
0
0.05
0.09
0.04
4.86
2.2
17.7
9.68
6.27
10.41
10.59
6.89
0.41
0.83
4.03
8.38
2.06
0.52
0.17
0.68
0.59
0.25
0.02
0
0
0.01
0
0
0
0
0.07
4.14
13.22
12.49
17.18
6.74
0.52
0.81
0
3.39
4.86
1.27
0.18
0.05
0
0.68
0.35
0
0.35
1.09
0.3
1.54
1.2
1.59
0
5.72
0.06
0.35
6.3
0.7
5.59
3.03
0.68
0.22
0.04
0.01
0
0.04
0
0
0.39
0.52
0.35
0
0
0
0.03
0.02
0
0
0
0
0
0
0
0
0
0
0
0
0
0
0.01
0.01
0.01
0.02
0
0
0
0
0
0.06
0
0.04
0.01
0.03
0.01
0
0
0
0
0
0
0
0
0.24
0.04
0
0
0
0
0.46
0.34
0
0.09
0
0
1.62
0
0
0.13
0
0
0
0
2.86
1.3
1.3
5.78
1.21
0.18
0
0
0
0
0
0
0
0
0
0
0
0
0
0
0
0
0
0
0
0
0
0
0
0.02
2.17
0.85
0.03
0.01
0
0
0
0
0.01
0
0
0
4.89
1.02
0
0
0.41
0.16
0
0
0
0
0
0
0
0.03
0.02
0
0
0
0
0
0.02
0.1
0
0
0
0.57
1.53
0.27
0.25
0.56
0
0.08
0
0
0.06
0
0
0
0.1
0
0.01
0
0.07
0
0.27
1.79
0.27
0.07
0
0.65
8.64
19.23
3.72
0.78
1.38
10.2
15.98
4.96
3.63
10.95
12.59
17.77
3
6.74
1.92
0.78
0.67
1.23
2.01
1.04
0.86
8.4
12.06
6.32
6.8
7.72
3.49
2.13
14.32
4.18
1.04
1.41
19.25
3.57
0.23
1.26
4.49
0.32
1.18
2.63
0
0.45
0.03
0
0
0.02
0.75
12.64
14.07
2.42
9.39
1.27
0.01
0
1.29
14.37
33.82
18.76
2.14
0
0.8
2.14
12.15
2.16
19.21
9.71
6.77
8.83
3.54
12.56
20.59
13.59
14.86
9.84
11.37
3.77
1.63
0.02
0.13
0
0
0
0.02
0.61
0.1
0.27
0.02
0.45
2.91
0.11
0.04
0
0.04
0.07
2.72
7.91
6.02
0.91
0
0
0
0.41
4.04
0.86
4.71
6.23
12.02
8.03
6.66
4.87
1.55
3.92
4.22
16.35
9.05
3.49
3.17
0.93
0.52
0
0
0.02
2.32
9.62
8.55
0.53
0.04
3.15
12.95
7.83
4
1.3
10.48
9.88
0.05
0
0
0
0
0
0
0
0
0.02
0.01
0.14
0
0
0
0.01
0
0
0.27
0.02
3.02
2.06
4.04
10.6
0.65
0
0
0
0
0
0
0
0
0
0
0
0.01
0
0
0.04
0
0.59
0.8
1.11
1.47
25.93
19.57
12.98
0
1.74
4.79
1.35
0.18
1.52
3.04
5.01
0.54
0
0
0
0.25
0
0
0
0
0
0
0
0
0
0
1
0
5.9
9.89
1.46
0.1
13.76
0
4.7
1.62
0.43
0.5
0
0
0.62
4.1
5.2
1.95
0.04
0
0
0
0
0
0
0
0
0
0.03
0
0
0.02
0
0
0.01
0.01
0
0
0
0
0.82
0
0
0
0
0
0
0
0
0
0
0.36
0
0
0
0
0
0
0
0
0
0
0
0.07
12.71
0.77
0.79
7.4
3.62
1.14
0.16
0
2.08
5.23
1.82
0
1.55
1.5
0
2.63
2.59
2.81
3.64
1.89
3.43
2
3.86
1.19
0.04
0
0.04
0
0
0
0
0
0
0.01
0
0
0.04
0
0.57
6.47
2.47
0
24.7
1.52
3.18
28.96
9.95
12.79
25.13
1.66
0.53
0.01
0.02
1.17
5.87
6.02
3.43
2.3
9.62
14.2
17.25
9.15
0.33
0
0
0
0
0.19
0
0
0.35
0.35
0.18
3.51
0.05
0.69
3.71
12.56
13.71
2.41
0
0.9
0
0.36
0.23
0
0
1.28
0.23
0.02
0
0
0.02
0.02
0
0
0
0.02
0
0.04
0.1
0.05
1.29
0.29
1.56
0
0.04
1.39
0.42
0
0
0
0.18
0.24
0.3
0.09
2.55
7.27
11.17
6.2
0
0.22
0
0.87
0.53
0.25
0.11
0
0.01
0.44
0.05
0
0.12
1.91
4.74
4.13
0.46
0.24
1.95
0.1
0
0.34
0.22
0.42
0.75
1.74
0.05
0.18
0.33
1.21
0.09
0
0.04
0.32
0
4
5.11
0.42
0
0
0
0.02
0
0.1
0.02
6.51
0.13
0
0
0
0
0.91
0.12
0
0.56
1.49
2.27
1.34
2.11
1.44
0.35
5.56
7.69
0.98
0
0.48
0.05
0.22
2.45
4.39
0.93
0.26
0.02
0.04
0
0
0
0
1.22
0.84
0.3
0
0
3.26
13.57
4.72
18.55
7.43
0.59
0
0.36
0
0.27
2.24
1.15
1.12
0
0
0.21
0.01
0.18
0.01
0
0.01
0.7
0.27
0.17
0.01
0
0.17
5.26
2.59
0.35
0.91
4.85
0.2
0.31
0.01
0
0.15
0.17
0
0
4.97
8.41
4.94
2.93
1.98
2.29
16.09
4.18
15.45
13.15
0
0
0
0
0.2
18.64
4.58
5.2
0
0.02
0.1
0
0
0.05
0.17
0.14
0.02
0
3.64
2.35
5.71
0.48
1.09
0.66
0
0.02
0.08
0.27
0.05
0.3
0.23
0.6
6.33
7.79
0.38
18.81
11.33
7.05
3.15
0
0.2
0
0.02
0
0
0
0.02
0.51
0
0.09
0
0.02
0
0
2.29
1.11
0
0.01
0
0
0.01
0.16
0.2
1.02
0.35
1.5
0.4
0.03
1.26
0.13
0.57
0.02
0
0
0.64
0
1.15
0
0.38
0
0
0
0.02
0
0.02
0
0
0
0
0
0
0
0
0
0.05
0
0
0
0
4.54
0.04
0.02
0.7
12.29
0.21
0.02
0
3.2
0.11
0.84
0
1.16
0
0.23
0
0
0
2.18
0
0
0.34
0
0.02
0.25
6.06
0
0.02
0.02
0
0
0
0
0.52
1.62
0.11
5.94
4.75
0.65
0
0
0
0
0.09
0.54
3.82
0
1.54
0.21
0.2
0.91
0.41
0
0
0.31
2.41
0.39
0
0.02
0
0
0.54
7.21
19.75
1.56
0
0
2.07
0.06
0.9
0
9.77
3.18
0
0
0
0
0
0
1.18
2.05
1.02
2.35
1.58
2.01
6.62
32.85
2.1
4.06
2.28
4.59
0.45
0
0.45
0.45
0.11
0
0
0
0
0
0
0.45
0.1
2.62
0
0.09
1.06
4.63
0.15
0.07
0
0.01
0
0.01
0
0
0.36
0.01
0
0
0
0
3.77
0.23
0
0
1.77
1.03
0
0
0
0
0
0
0
0
0
0
0
0
0
0.07
0
0
0
0
0
0.23
1.27
0.63
1.14
0.33
0.34
0
0.04
0
0
0.48
0.02
0.09
0
0
0.11
0
0
0
0.09
0
0
0
0
0.07
0
0.01
0.58
0
0.05
1.31
3.47
6.67
1.7
0
0.7
0
0
0
0
0.09
1.25
1.11
0.01
0.21
0
0.01
0.01
1.92
3.54
2.17
0.07
0
0
0.05
0.43
0
0
0.22
0
0.01
0.07
2.79
0
0.09
0
1.36
0.14
0.06
0.16
0
1.58
2.2
0.44
0
0
0.46
5.7
5.16
8.71
0.67
0.05
0.13
6.73
0.36
1.05
0.01
0
0
0.23
3.94
5.73
5.26
13.65
8.66
1.9
2.91
1.26
0
0.67
0.16
0.22
2.59
11.88
0.67
0.98
2.55
0
8.14
0.46
0
0.02
0
0.67
0.01
0.12
0
0
6.79
12.26
16.58
7.45
11.82
0
0.02
0.22
0
0
0
0.01
0
0
0.09
0
0
1.08
14.63
0.72
0
0.01
0.84
5.16
5.03
0.04
0
0.25
0.74
0
0.01
0
0
0
0.01
0
0.04
0
0.02
0
0.01
0
0
0
0.01
0
0
0.01
0.23
0.66
6.45
12.52
3.76
2.82
1.02
0.41
1.33
0.04
2.2
0
0
0
0
0.32
0.14
0
0
0
0
0
0.22
0.03
0
0
0
0
0
0
0
0
0
0
0
0
0
0
1.01
2.58
0.91
0.11
0
0.81
2.81
1.1
0.48
0
0.03
0
0
0
0
0.09
0
0
0
0
0
0
0.95
0
0
0
0
0.02
1.16
3.54
0.49
0.16
0.01
0.12
0
0
0
0
0
7.26
0.93
0.04
0
0
0
0.04
0.02
2.59
0.5
0
0.18
2.44
5.34
4.76
0
7.73
10.2
6.09
0
0
0
2.85
0
1.48
0
0.02
0
0.08
0.3
0
0.03
0
0.02
0
0.02
0
0
0
0.34
0
0.12
1.03
0.1
0
0
0.19
0.3
0
0
0
0
0
0
0
0.04
0
0
0
0.05
0
0
0
0
0
0
0
0
0
0.08
0
0
0.11
0
0.11
0.02
0.8
0
0
0
0
0
0
0
0
0
0.07
0
0
0
0.06
1.41
0.91
2.85
1.63
3.09
0
1.91
1.54
18.25
1.85
0.01
4.81
9.11
10.11
9.39
0.81
0.64
6.79
13.07
33.51
21.62
16.42
9.55
2.28
0
0
0.07
0
0
0
0
0
0.38
7.34
2.22
0.03
0.13
2.16
3.21
0.52
0.63
0.41
0
0.13
0
0.38
0.75
0.48
0
0
0
0.04
0
0
0
0
0
0
0
0
0
0
0
0
0
0.34
6.46
1.39
12.72
4.98
0.17
3.97
3.51
0
5.61
1.2
1.97
3.69
0.54
1.06
2.12
0
0
0
0
0.06
0
0
0.11
0
0.06
0
0
0
0.11
0
0
0
0.72
0
0
0
0.01
0
0
0
0
0
0
0.8
3.71
1.38
11.22
6.31
0
0
2.25
0
0.34
0
0
0.04
0
0.23
0.32
1.99
0
0
20.59
4.19
6.8
1.87
0
0
0.19
0.03
0
0
0
0.03
0
0.04
0
0
0
0.08
0.23
0.02
0
0.02
0
0
0
0
0
0
0
43.42
4.92
1.65
2.15
0.47
1.22
0.36
0.97
0
1.8
6.1
4.78
6.1
11.99
10.49
15.59
0.81
0.75
21.85
9.41
0.61
0
0.52
0.24
8.32
6.46
0.09
0
0
0.09
0
0
0.02
0
0
0.07
0.01
0
0
0.01
0
0.54
0
0
0
0
0
0.12
3.8
23.91
1.21
0
0
0
0
0
0
0.59
0.11
0
0
0
0
0.01
0
2.47
0
0
0
0
0
0
0
0.01
0.01
0
25.59
1.78
0
0.01
0
0
0
0
0
0
0
0
0
0
0
5.13
0.47
0
0
0
0.01
0.02
0
0
2.08
0
0
0.86
11.22
0
0
0
0.01
0
0
0
0
0.02
0
0
0
0.1
3.6
2.28
0
0
0.03
0
0.39
3.16
0.45
7.63
0.3
2.35
0
0.04
1.7
22.92
0
0
1.05
4.69
2.4
0.25
0.02
0
0
0
0.08
0
0.04
0.45
0.43
0
0.04
6.97
3.34
0.36
0
1.27
13.58
2.71
0.86
0.26
12.12
0.26
2.09
0
0
0.09
0
0
0.08
0
0
0
0
0.17
1.28
30.83
34.27
12.96
2.29
0.03
0
0.64
8.06
0
0.06
0.43
0.13
0.14
0.01
0
0
0
0
0
8.99
6.65
1.75
0
0
0
0
0
0.13
0
0.01
0.06
0.18
2.01
2.03
1.8
2.43
6.37
4
0
0.07
0.05
2.36
0.19
1.89
4.73
0.34
0.02
0.09
0.26
0.13
0.01
0.05
0
0
0
0
0
0
0
0
0
0
0
0
0
0
0
0
0
0
0
0
0
0
0
0
0
0
0
0
0
0
0
0
0
0
0
0
0
0
0
0
0.03
0.98
0.41
0.59
0.3
0.03
0.03
0
0
0
0
0
0
0
0.01
0
0.84
0
0
8.99
0.46
0.49
0
0
0
0
0
0
0
0
0
0
0
0
0
0
0.11
0.2
0
0
0
0
0
0
0.06
0.61
0.69
0.05
0.25
2.9
0
0
0.06
1.49
0.81
0.64
0.02
0
0
0
0
0
0
0
0
0
0
0
0
2.66
10.18
3.34
5.36
9.3
0
13.56
6.17
23.91
2.77
1.34
0.23
0.3
2.56
15.24
1.24
0
0
0
0
0.01
0
0
0
0
0.75
0.85
5.1
2.16
0.84
11.82
0.43
0
0
0.05
1.65
0
0.01
0
0
0
0
0
0
0
0
0
0
0
0
0
0
0
0
0
0.05
0.71
0
0
0
0
0
0
0.01
0
0
1.15
7.62
5.27
21.63
0.21
0.12
0.22
0
0
0.24
0.3
2.7
3.28
1.09
2.54
0.06
0
0
0.85
0
0
0
0
0
0
0
0
0
0
0
0.01
0
0
0
0
0
0
0
0
0
0
0
0
2.94
5.88
3.87
0
0
2.25
4.05
0
0
0
0
0
0
5.5
0
0
0
0
0
17.8
5.56
0.63
0.36
0.52
4.77
6.36
0.88
0
14.69
16.92
0.02
0
0
0
0
0
0.03
0
0
0
0
0
0
0.01
0
0
0
0
0
0
0
0
0
0
0
0
0
1.34
1.29
0
0
0
0
0
0
0
0.02
0
0
0
0.1
3.8
0.14
0
1.23
0
0
0
0
0
0
0
0
0
0.02
0.05
1.53
10.18
0
0.02
0
0.04
0.1
0.75
1.63
4.29
0
1.04
7.4
1.46
0.11
0
0.04
6.94
5.54
4.58
3.45
0.35
1.38
10.17
8.4
1.3
0.61
0.02
0.02
0
0.02
0
0.02
0
0
0
0
0
0
0.01
0
0
0.46
0
0.21
1.34
1.09
4.52
6.06
4.91
9.14
19.52
8.24
16.88
5.19
1.92
2.16
0
0
0
0
0
0.04
0.25
0
0
0
0.48
0.88
0.16
0.71
2.64
3.13
0.63
0.04
0
0
0
0
0.39
0.05
0.08
1.42
1.27
9.77
9.02
1.64
4.18
1.86
0.52
3.26
0.25
0
0.49
1.6
0.26
1.77
1.56
0.18
0
0
0
0
0
0
0
0
0
0
0
0.01
0
0
0.01
0
0.35
0.11
4.33
2.93
0
0
0
9.61
18.72
1.44
1.3
0
0.05
0
0
0.04
0.04
0
0
0
0.03
0
1.58
2.95
5.25
2.97
3.53
1.54
4.41
11.52
7.74
0
2.01
7.02
5.1
0
0.65
15.02
1.35
4.59
14.54
2.1
3.8
3.8
0.1
0.28
0
0
0
0
0
0.23
1.66
0.39
6.62
1.41
0.02
0
0.01
0.06
0.08
0.05
0
0.69
2.14
2.7
0.25
0.2
0.18
1.73
5.64
11.11
5.88
1.38
0.07
4.84
8.77
2.88
7.3
0
0
0
0
27.28
14.27
8.7
9.38
19.19
4.98
0.95
13.25
14.54
7.4
2.97
7.01
0.4
8.22
0
2.93
0.63
0
0
0.14
6.44
21.07
19.39
3.08
0.64
0.01
0
0
0
0
0
0
0
0
0
12.01
3.17
0
0.49
1.03
0
0
0
0.25
0
0.02
0.03
0
0
0
0
0
0
0.32
0.01
0
0
0
0
0
0
0.01
0
0
0
0
0
0.01
0
0
0
0
0
0
0
0
0
0
0
0
0
0
0
0.02
0
0
0.26
0
0
0
0
0.72
0.52
0
0
0.01
0
0
0
0
0.7
7.88
0.71
0.02
0
0.01
0
0
0.04
0
0
0
0.02
0
0
0
0
1.23
0
0
0.02
0
0
0
0.02
0
0
0
0
0
0
0
0
0
0
0
0
0
10.05
0.97
0
1.2
6.81
5.09
9.04
0.82
0.13
0.01
0
0
0
0
0
0.3
0
0.14
0
0
0
4.73
1.21
0
0.01
0
0
1.11
8.94
0.02
0.01
0
0
0
4.77
3.09
0
10.68
4
5.65
25.9
35.22
2.07
3.22
7.45
5.45
26.26
4.85
20.03
3.19
1.73
12.56
1.89
1.89
0.86
0.73
0.28
0
0.89
0.51
0.23
0
1.44
24.55
4.56
0.54
0.64
0.2
0.47
0.32
0
0
0.21
0
0.04
1.68
3.83
0.08
2.82
0
0.12
3.7
0
1.33
0.1
0
0
0
0.05
0
1.79
0
0
0
0
0
0.03
0.04
2.83
1.82
0.31
0.3
0.26
0.07
0.32
0
0
0.15
0.41
2.61
1.7
6.8
1.2
1.05
11.14
19.26
15.25
9.94
1.45
14.41
1.12
0
0
0.04
0
0
0
0
0
0.01
0.01
0
2.86
8.31
9.43
11.37
9.05
1.54
0.92
0.72
2.07
6.14
6.6
4.03
0.01
0.3
1.24
0
0.01
0
2
0.34
0.02
0.88
7.23
0.72
0.12
0.34
1.23
0.09
0.01
0
0
0
0
0.3
0.02
0.05
0
0
0.01
5.54
13.72
2.55
5.73
6.8
0
0.01
0.18
0.02
0.42
0
0
0
0
0
0.03
0
9.45
5.73
5.97
5.1
13.57
3.03
0.39
0.3
0.33
0.01
0.28
0
0.28
0
0
0
0.37
13.17
8.79
1.08
3.57
0.64
0.45
2.06
0
0
0
0.02
0.86
0
1.04
7.65
0.92
0.42
0.28
0.58
2.55
3.34
4.74
9.4
2.92
8.86
10.51
0.17
0.76
4.02
5.07
1.09
0
7.15
1.02
0
1.15
2.01
0.71
0.94
0.48
0
21
1.21
0
0.02
0
0
0.05
0
0
0
0
0
0
0.01
0
0.65
0
0.03
2.25
0
0.01
0
0.66
0.07
3.07
1.2
0.11
8.79
0.11
0.02
0.03
8.7
0.9
0.13
0.02
0
0
0.01
0
0
0
0
0
0.03
1.36
0.1
0.11
0.01
0
0
0
0
0
0.02
0.02
0.1
0
0
0
3.09
0.69
4.73
0
0
0
0
0
0
0
0
0
0
0
0
0
0
0
0
0
0
0
0
0
0
0.16
0
0
0
0
0
0
0.01
0
0
0
0
0
0
0.22
0.05
0
0
0.94
0
0
0
0
0
0
0
0
0.02
0
0
0.01
8.31
0.16
0.02
0
0.41
0
0
0.01
0.01
0.02
1.76
0
0
0
0
0
0
0
0
0
0
0
0
0.01
0
0
0
0
0
0.01
1.2
1.29
0.04
0
0
0
0
0.01
0.16
5.21
4.64
6.14
6.04
1.62
0
0
0
0.84
4.74
5.11
0.41
0
0
0
0
0
0.02
0.05
0
0.07
0.01
0.42
7.97
9.13
0.41
0.56
0.01
0
0.09
0.04
0.16
0.41
10.01
0.23
0.8
4.61
0
0.02
0
0.05
0.07
0.05
0
0.03
0
0
0.02
0.02
0
9.15
6.49
12.72
4.31
1.06
12.35
11.01
8.57
2.86
1.75
5.66
3.46
2.41
0
2.61
0.55
3.4
0
0
0.02
0.03
0
0
0
0
0
0
0
0
0
0
0
0
0.01
0
0
0.13
6.03
8.54
2.59
1.38
0.72
1.56
1.81
5
0.29
0.09
2.8
2.26
0.26
0.39
0
2.23
21.92
10.11
7.66
9.53
8.45
7.21
2.32
9.61
3.64
0.98
1.82
5.68
1.38
0.31
0.54
2.64
7.21
1.56
0.65
0.69
2
0.77
4.23
0.91
0.18
0.45
0.27
4.58
10.38
0.8
0.39
0.42
0
2.32
0
1.71
0.31
0.56
0
0
1.41
0
0
0.19
0
0
0
0
11.41
1.03
0.13
3.3
3.17
4.57
5.57
1.16
2.18
11.16
1.21
0.43
2.02
1.11
4.33
0.48
0.68
0
0
12.89
3.77
5.83
10.79
9.66
4.18
2.71
1.48
0
0
0.01
3.89
0.59
0.41
5.8
4.33
0
0
0
0
0.17
0.27
0.94
0.02
0
0
0
0.01
0.05
0.07
1.58
3.32
0
0
10.15
1.34
0.16
2.31
0
0
0
0
0
0
0
0
0.01
0
0
1.12
0
0
0
0
0
1.14
2.61
1.46
0.42
5.83
6.71
1.03
0.01
1.15
0
0.57
1.34
0
0
0.01
0.05
0.02
5.29
0.09
0
0.01
0
0
0
0
0
0.01
0.74
0
0.02
0
0.33
0
0
0.27
0.39
0
0
0
0
8.77
1.91
0
0
0
0
0
0
0
0
0
0
0
0
0
0
0
0
0
0
0.01
0
0
0
0.41
0
0
0.01
0
0
0
0
0.01
0.21
0
0
3.04
7.68
0
0
0.06
0
0
2.84
0.81
0
0
0.57
28.51
1.52
0
0
0
0
7.89
7.93
3.52
7.45
0
3.31
15.16
3.41
0
4.43
0
0
0
0
0.59
0
0.07
1.25
0.67
3.94
0
0
0.02
0.18
2.6
5.36
3.16
2.63
10.01
6.5
0.48
0.84
0.02
0
0.02
0.02
6.99
10.42
0.4
0
0
0
0
0
0
0
0
0
0
0
0
0
0
0
0
0
0.92
9.63
16.7
4.29
0.22
2.66
2.69
0
0
1.45
0.57
0.07
0
0
0
0
0
0
0
0
0
0
0
0.64
0.13
0.03
7.9
1.51
0.01
0
0.43
14.76
1.87
0
0
0.01
0
0
0.01
1.65
1.28
4.45
1.66
0.12
2.22
1.13
1.15
0.04
0.09
0.15
0
0
0
0
0
0
0
0
18.63
8.79
1.93
5.82
13.52
1.36
1.04
0.09
0.08
0
0
0
0
0.2
0.27
0.1
5.11
13.47
13.86
8.03
12.02
7.61
3.16
0.32
11.16
1.58
0.49
0
0
0
0
0
5.8
10.7
0.35
0.1
0.02
0.18
11.19
8.57
3.07
0.26
0
0
0
0.01
6.47
6.37
2.4
1.01
0
0
0
0
0
0
0.01
0
1.53
2.04
0
0
0.02
0
0
0
0
0
0
0
0.13
0.81
0.02
0
0.4
2.83
0.29
0.3
0.88
0.09
0.07
0
0
17.26
10.6
15.23
6.46
2.65
19.41
13.12
0.87
0.09
0.1
0
0.01
0
1.45
0
0
0
0
0
0
0
2.21
7.74
0.86
0
0
0
0.66
0
0
0
0
0.01
0
0
0
0
0.25
0
1.99
0.02
0.01
0
0
11.74
0.95
0.67
0
0
1.98
8.53
8.52
0
0
0.48
1.55
0
0
0
0
0
0
0.01
0
0
0
0.48
0.2
0
0
0
0
0.24
6.24
0
0.05
0.02
0.01
0.01
0
0
0
0
0.78
0
0
0
0.01
2.92
2.26
0
0.02
0
0.44
2.16
7.22
8.05
1.16
0.69
3.08
3.04
4.85
24.11
3.43
0.68
0
0.13
0
2.98
0
0
0.02
0
2.1
17.01
1.02
0
0.02
0
0
0.26
0
0
0
0.18
0
0
0
0
0.01
1.09
0
0
0
0
0
0
0
0
0
0
0.05
0.02
0
0.02
0.06
0
0
0.48
2.05
0
0.16
0
3.09
1.43
0.11
0
0
0
0
0
0
0
0
0.62
0
0
0
0
0
0.01
4.15
2.52
0
0.39
6.37
3.85
2
0
0
1.36
0.68
15.8
4.72
1.47
5.35
9.06
1.48
0.04
0.56
32.13
18.5
3.92
0.18
0
0.14
0.57
0.54
0.05
0.01
0.54
5.61
0.39
23.49
10.59
7.96
0
0
7.77
0
0.05
0.05
0.15
0.04
0.14
1.1
0.78
0.15
5.5
14.73
3.55
0
0.06
0.04
0.43
1.21
0.15
0.01
0
0
0
0
0
0
1.87
2.16
2.27
1.01
0
0.1
0
0
0
0.55
4.32
12.91
7.4
5.4
0.39
0.47
2.61
1.5
6.52
26
2.45
14.44
3.69
1.61
2.02
1.58
0
0
0
0.06
0.44
0
0.09
0
0.07
0.18
0.04
0.04
0.12
5.77
1.67
0.75
0.49
0.11
5.28
1.52
0
0
0
0.47
7.61
4.95
5.08
2.81
15.19
3.44
12.54
0.01
0.41
0.15
0
0.34
0
2.15
5.56
3.41
5.92
0.85
12.12
1.91
0.31
2.45
0.39
1.43
2.07
0.7
11.04
0.69
0
0.75
0.09
0.26
0
0.1
0
0.01
0.82
1.63
0
0
0
0
0
0.5
0.27
0
0.16
1.5
0
0
0
0
0.32
1.43
0.74
0
0
0
0
0
0
0
0
0
0
0
0
0
0
0
2.2
0
0
0
0.05
0.13
0.05
0
0.6
0.45
0
2.96
2.86
6.87
7.89
4.66
5.2
0.15
1
0.21
13.43
21.14
4.23
0.3
3.88
15
0.65
1.29
3.43
10.5
1.03
0
2.74
2.1
0.77
22.88
4.2
0
0.57
0.22
0
7.09
4.91
1.31
19.29
1.45
0.53
1.65
6.27
7.25
0
4.13
7.84
5.59
1.81
1.82
6.71
0.97
1.06
0.85
0.91
0
1.02
2.35
19.09
0
5.82
0.64
0.02
0
0.47
0
0
0
3.2
0.94
0.82
0
6.7
36.45
29.84
2.61
0.34
3.05
4.86
3.85
11.9
3.27
6.06
0.39
0
4.31
5.29
5.79
11.59
4.77
0.17
28.46
12.92
4.97
10.33
11.46
0.61
0.05
0.67
4.02
0.7
0
0.46
0
0.51
0.01
0
0.18
0.01
0
0
0.38
0.27
0.07
0.08
0.05
0
0.02
3.57
0
0
0
0
0
0
0
0
0
0
0
0
0
0
0
0
0
0
0
0
0
1.77
0
0
0
0
0
0
0
0
0
0
0
0
0
0
0
0.02
0.15
0.91
0.13
0
0
0
0
0
0.18
0.31
1.2
0.24
0
0
0.38
0
0
0.19
0.08
0
0
0
0
0
0
0
0
0
0
0
0.24
0
0.24
0.07
0.45
0.11
0.01
0.07
0
0.11
0.55
2.68
0
0.84
10.63
4.87
14.82
9.79
5.93
1.32
0.3
0
0
0
0
0
0
0.01
0.07
0
0.29
0
0.12
0.21
0.25
0
0
0
1.85
2.21
0.5
0
7.88
6.61
0.75
0.3
0
0
0
0
0
0
0
0
0
0
0.02
0.01
0.01
0.05
0.05
12.07
5.17
0.67
0.01
0
0
0.59
0
0
0
0
0
0
0
0
0
0
0
0
0
0.04
0
0
0
0
0
0
0
0
0
0
0
0
0
0
0
0.25
5.92
0.3
0.08
0.08
0.12
0.04
0
0
0
0
0
0
0
1.35
1.87
0.02
0
0
0.02
0
0
0
0
0
0
0
0
0
0.04
0.41
0
0.1
0.51
2.09
2.47
2.34
0
0
0
0
0
0.07
0
0
0
0.02
0.02
1.8
14.23
20.45
14.36
3.63
11.45
4
0.37
0.05
0
0.28
0
0
6.03
2.65
0.35
0
0
0
0.13
0
0
2.66
5.27
0.08
0
0
0.04
0
0
0
0
0
0
0
0.53
12.79
4.68
0.09
8.8
5.6
8.39
6.05
4.73
7.3
2.4
2.74
0.07
1.37
8.32
7.73
0.58
0.46
0.2
0
0.01
2.31
0.89
1.91
9.33
12.55
16.19
11.38
1.64
0.92
0.96
0.08
0
0
0
0
0
0
0
0
3.16
0.23
0
0
2.95
6.34
1.46
0
0.01
0
7.57
0.28
0
8.62
12.02
9.54
20.71
2.92
13.4
6.99
10.63
20.8
13.73
7.06
2.71
4.71
0.66
1.04
0
0.79
0.2
0.73
0.12
0
0
0.02
0
2.03
3
3.15
5.63
13.38
2.37
0.03
0
1.31
0
0
0
0
0
0
0
0
0
0
1.69
1.75
0
0
0
0
1.24
2
0.4
0
0
0
0.11
0.01
0
0.01
0
0.09
0.17
0.06
0.03
0
0
0.01
0
0
8.64
1.26
0.52
0.07
0.1
0.76
0
0
0.01
0
0.46
0.18
2.52
0
0
0.02
0
0
0
0
0.02
0
0
0
0
0.01
0
0
0
0
0
0
0.77
0
0.02
0
1.29
0
0
0.31
1.13
2.57
9.37
0.3
0.02
0.35
0
0
0
0.21
0
0.03
0
0.55
0.02
1.24
0
0
0
0
0
0
0
0
0
0
0
0.18
0.09
0
0
0
0
0
0
0
0
0.34
1.5
0.42
11.55
1.13
0.08
0
0.25
0.1
0
0
0.44
0
3.69
0
0.8
0.04
0
0
0.63
1.27
0.04
2.48
0.23
0.31
0
0.75
0
0
0
0.85
1.51
0.75
10.92
5.52
3.82
15.55
7.39
6.23
9.85
5.63
1.82
6.83
9.4
8.28
2.27
3.09
2.05
2.18
0.4
1.13
3.45
2.16
3.48
3.36
2.69
11.77
3.09
1.92
10.88
7.8
3.8
4.02
15.22
17.19
14.19
1.58
2.55
7.01
3.09
0
0
4.6
7.38
1.13
0.55
0.37
0.23
0.25
3.05
0.92
7.67
2.43
0.07
0.98
0.63
0.12
0.73
0.73
1.25
0
0
0.48
0.63
0.01
0
0
0.45
0
0
0
0.01
0.38
0.7
3.18
7.68
8.01
3.62
2.2
3.51
5.03
0.15
0.04
0.02
0
0.02
0
0
0
0
0
0
0.19
0
0
0
0
0
0
0.21
0.13
0
0
0
0
0
0
0
0
0.08
0.05
0
0
0.18
0.14
1.11
0.42
0
0.83
1.57
1.38
0
0
0
0
0
0
0
0
0
9.66
0.35
0
0
0.44
0.05
0
0.22
0.05
3.52
3.89
0.88
9.09
10.34
8.32
1.96
1.92
1.16
0
0
0.04
0.14
1.49
0
0.05
0
0.05
0.14
0.72
1.17
0.98
1.5
1.83
0.74
3.59
0.38
0
0.29
0
0.16
0.01
0
0
0
0.3
0.03
0.15
0
0.02
0.52
4.07
0
0
0.01
0.79
0.21
0
4.18
3.54
0.28
0.75
0.66
0
0.09
1.66
0.42
0.33
0.39
0.49
0
0.02
0.01
0.26
0
0.18
0.27
0
0
0
1.2
3.72
0
4.19
5.02
0.57
0.5
0.01
0.24
0.09
0
0
0.23
0
0.01
1.61
4.79
0.33
0
0
0
0
0
0
0
0
0
0
0.01
0
0
0
1.75
0
0
0
0
0
0
0
1.49
0.6
0.32
0.34
0.24
0.21
0
0.23
5.38
0.18
0.23
0
1.32
18.95
4.11
0
0
0.01
0
0
0
2.28
0.08
1.59
0
0.24
0
0
0.17
0.09
4.9
11.64
3.12
0.73
0.05
0.18
1.44
0.41
0.43
0.19
0
0
0.03
0
1.2
0.42
0.05
0
0.06
0.22
35.51
9.24
0.24
0
0.83
0
0.04
0
8.14
0.98
0.11
1.48
4.31
0
0
0
0
1.61
1.21
0
0.31
14.46
0.39
0
5.01
1.4
0.36
0.1
0.84
4.8
0
0
0.41
0
0
0.02
0.46
1.2
3.45
1.25
7.2
1.02
0
20.2
23.41
10.7
3.43
0.3
0.3
2.56
4.67
0.69
8.51
8.44
0
0.7
0
0.49
0.81
0.45
10.77
22.61
0.42
0.33
0
0.31
0.63
1.13
0
0
0
0.23
0.09
0.44
11.48
2.2
5.72
9.05
0.68
0.55
0.49
0.03
0.01
0
0
0
0
0
0
0
0
18.34
4.96
2.63
0.07
0
0
0
0.13
0
0.09
2.65
0.07
0
0.16
0
0.02
0
2.34
0
0.39
0.55
0.48
0.19
0.08
0
0.02
0.01
0.03
0.01
0.53
8.15
2.61
0.69
0.77
0.05
1.31
0.03
0.07
0
0.28
0.78
0
0
0
0.02
0.09
0.01
0
0.52
0.37
0.14
0
0.61
0
1.02
4.06
6.86
2.25
0.06
0.44
6.2
1.73
0.81
7.82
0.92
0
0.93
0.49
0.75
0.29
5.04
4.42
7.63
2.44
0
0.05
0.01
0
0.42
0.02
0.75
2.02
11.93
4.19
1.1
1.39
0
11.33
9.88
9.96
4.29
9.06
1.34
1.29
7.7
0
0.3
0.75
2.01
4.6
0
0.23
0
0.79
0.05
1.15
2.99
3.55
3.88
0
0
0.01
0
0.38
0
1.18
2.46
10.05
0.36
0
0
0
0
0
0
6.79
21.89
7.7
17.11
4.12
0.65
0.06
0.45
0.27
0.02
0
0
1.85
1.53
1.04
0.18
0.21
0.03
0.04
8.3
0
0
1.31
1.34
0
0.68
0.02
1.07
0.52
0.01
0
0
0
0
0
0
0
0
0
0
0
0
0
0
0.01
0
0
1.07
9.27
9.14
0.51
5.16
0.13
0
0
0.23
0
0
0
0
0.05
0.02
0.01
5.25
9.79
0
0
0
0
0
0.05
0.01
0
0
0
0
0
0
0
0
15.09
4.08
4.81
1.8
0
0
0
0.3
0
0
0
0.35
0
0
0
0
0
0
0.37
0.68
0
0.05
0
0
0.19
0
0
0
0
0
0
0
0.05
0.02
0.03
0
0
0
0
0
0
0
0
0.01
0
0.02
0.08
1.74
1.77
0.52
0.01
0
0.04
0.01
0.08
0
0.16
1.89
0.88
0
0
0
0
0.79
32.3
8.3
23.27
0.84
0.01
0.03
0
0.19
1.57
0.91
0
0
0
0.06
0.04
0
0
14.1
20.45
0
0
0.27
6.11
5.9
1.92
17.31
1.46
0.13
0.4
0.03
0
0.09
0
0.05
0
0
27.73
22.45
9.21
5.08
4.59
1.89
0.22
0
0
0
0
0
0
0
0
2.59
10.48
4.57
3.94
0.34
0
0
0
0
0.05
0.75
1.71
0
0
0
0
0
0
0
0.21
2.32
2.67
16.03
0
0.06
0.15
4.36
1.11
1.02
0
0.34
1.85
0.11
0
0.01
0.2
6.8
3.29
2.45
6.78
4.8
1.14
0
0
0
0
0
0
0.03
0.04
0
2.91
3.95
0.64
0.02
0
0
0
0
0
0
0
0
0
0
0
0
0
0
0
0
0
0
0
0
0.31
3.41
4.85
0.57
0
0
0
0.01
0.26
0
0
0
0.01
0.06
0.03
0.23
0.26
0
0
0
0.01
0.01
0
0.01
0
0
0
0
0
0
0
0
0
0
0
0
4.55
0.09
0
0
0.08
0.05
6.58
1.26
0
0
0
0.1
2.75
0.91
0.12
0
0
0.2
1.21
0.34
0
0.07
0
0
0
0
0
0
0
0
0
0
0
0
0
0
0
0
0.05
0.02
1.11
0.66
0.33
2.85
0.23
0.13
0.63
20.79
3.71
15.23
17.32
10.99
7.44
1.2
3
0
1.13
0
0
0.07
0.11
0
0
0
0
0
0
0
0
0.01
0
0
0
0
0
0
0
0
0
19.55
4.98
0.39
0.01
0
1.52
0
0.01
0
0
0
0
0
0
0
0
0
7.16
8.75
0.85
1.06
0.37
3.5
0.29
0.01
0
0.42
11.31
21.95
22.95
3.76
5.9
3.16
1.82
4.45
0.22
2.63
0.5
1.45
3.5
0.09
0.45
5.98
6.69
0.41
4.46
1.52
0.23
0.01
0
0
2.93
15.33
2.14
0
0
0.05
0
0
0
5.25
0.85
0
0
0
0
0.01
0
0
0
0.23
0
0
0
0
1.95
0.4
0
0
0
0.31
0.28
0
0.25
0
4.09
0.22
0.3
3.05
1.54
1.98
0.56
1.77
2.41
0.65
0
2.24
0.04
0
2.37
0
0
0
0
0
0
0.4
0
0
0.1
5.52
0
0
0
0.08
0
0.66
0.05
0
1.22
3.68
0
0.3
0
0
0
0.01
0
0
0
0
0
0
0
0.01
0.02
0
0
0.01
0
0
0
0.06
0
0
0
0.13
10.35
22.24
11.96
0
0
0
0.02
0
0
0
0.22
0.02
0
5.83
7.61
7.58
6.82
6.24
0.05
1.27
10.2
25.33
2.13
18.26
14.32
0
0
0
0.01
0.01
0.99
0.67
4.4
5.3
12.16
12.18
3.71
0.56
0.36
0
0
0.02
0
0
0
0
0
0.04
0.13
0
0
9.55
0.12
0
0
0
0
0
0
0
0
0
0
0
0
0.02
0.06
0.17
7.17
3.2
14.98
6.15
11.55
1.16
1.01
0
0.34
0
0
0.14
0
7.84
4.46
0
0
0
0
0
0.02
0.06
1.73
0
0.63
0.01
0
0
0
0
0
0
0.31
0
0
0
0
0
0
0
0.05
0.19
0.08
0
0
0
0
0
0
0
0
0
0
0
0
0
0
0.21
0
0.1
0.05
0.07
0
0.36
2.31
0.03
0.05
0.54
0.02
0.37
3.19
1.98
0
0.01
0
0
0
0
0
0
0
0
0
0
0
0
0.24
0.7
0.33
3.24
3.79
0
0
0
0
0
0
0.22
0.2
0.24
0.17
3.52
12.37
2.82
0
0.01
0.2
0.21
0.64
1.26
0.2
2.52
1.69
0.34
0
0
0
0
0
0.02
0.02
0
0.03
0.01
0
0
0
0
0
0
1.9
3.3
1.16
4.1
0.26
0.03
0
0
0.01
0.95
0.96
1.13
6.27
8.09
12.79
1.27
1.15
0.67
3.65
1.57
2.83
0.75
0.67
0.49
0.04
1.82
0.98
0.35
3.82
11.32
1.27
3.56
11.29
9.98
3.12
2.31
7.69
4.36
1.26
0
0.01
0
13.81
10.37
9.71
6.73
2.89
0.4
0.25
0
0
0
0
0.03
0
5.43
5.48
3.45
5.25
20.84
8.54
0.79
0
0.05
0.17
0.11
0.02
0
2.36
1.61
0.46
0
1.21
1.9
0.15
0.21
0
0
0
0
1.02
3.51
0
0.02
0.02
0
0
0
0
0.13
2.75
0
0
0
0
0
0
0
0
0
0
0
0
0
0
0
0
0
0
0
0
0
0
0
0.03
0.17
0.53
0.19
0.02
0.22
0
0.52
0.05
0
0.02
0
0
0
0
0
0
0
0
0
0.18
3.66
1.27
0
0
0.11
0
0
0
0
0.7
0.55
0.13
0
0.84
0.45
1.62
2.99
0.03
0
0.01
0.01
0
2.23
0
0.01
0.94
0
0.14
25.81
22.31
4.34
2.6
0
0.18
0
0
5.49
0.78
9.58
1.32
1.67
5.99
12.01
7.42
5.3
11.38
30.85
13.19
11.77
10.9
7.49
1.4
1.49
4.96
4.73
0.02
0.26
0.57
0.02
0.45
0.55
0.7
3.45
9.7
17.46
10.47
1.73
1.18
10.72
3.51
7.36
5.22
0.31
9.71
2.62
2.3
0
0.05
0.19
0
0
0
0.01
0
0.54
0.16
0
0
0
0
0.02
0.52
0
0
0.76
0.7
5.2
0.32
7.59
0
0
0.27
0
0.36
0.01
0.02
0
0.01
0
0
0
0.73
0.38
0
0
0
0.53
0.27
0
0
0
0.52
0.24
2.2
2.03
1.45
0.09
0.12
0.35
1.11
0.01
0.75
8.03
1.63
11.29
13.41
4.13
6.64
17.18
1.95
0.94
0.2
0
0.5
1.2
0.35
0.32
0.52
0
0.01
0
0.54
0.23
0
0.7
0.83
0
0
0
0
0
0.04
4.14
9.58
1.16
1.14
1.5
0.13
0.09
0
0
0
0
0.04
2.04
0.65
0.28
1.11
0.43
4.07
0.65
0
5.14
0.46
0.18
0.04
2.17
7.09
6.19
2.43
0.39
0
0
0
0
0
0
0
0
0.23
0.05
0.01
0.02
0
0.29
0.49
0.39
0
0.06
0
0
0
0
0
0
0
0.2
0.33
0.63
0.02
0.04
0.32
0
0.33
1.02
0.68
0.01
1.91
0
0
0.04
0.01
0
0.32
4.32
0.74
0.16
0.16
4.83
0.84
0.05
0.39
2.86
8.32
0.03
0
0
0.32
0
0
0
0.13
2.09
0.8
0
0
4.95
0
0
0.02
0.37
1.22
1.95
2.08
8.3
10.07
2.48
1.08
7.08
0.97
1.31
0.8
2.23
0
0
0
0.01
0
0
0
0
0.52
0.07
0
0
0
0.04
0
0.27
0
0
0
0
0
0
0
0
0.02
0
0.23
0
0
0
0
0.01
0.03
0.02
0.01
0.01
0
0
0
0
0
0
0
0
0
0
0
0
0
0.01
0
0.01
0.03
0.44
0
0
0
0
0
0
0.01
0.02
0.03
0
0
0.11
0.88
3.96
0
0
0
0.02
0.01
0
0
0
0
0
0.01
0
0.19
0.2
0.11
1.2
0
0
0
0.01
0
0.01
0
0
0
0
0
0
0
0.14
0.08
0.01
0
0
0
0
0.01
0
0
0
0
0
0
0.11
0.32
0
0
0.03
0.02
0
0
2.75
1.78
3.08
4.69
4.43
0.71
0.17
2.43
1.32
1.08
4.62
2.91
1.63
0.33
3.25
2.19
0.22
0
1
10.35
6.88
1.49
0.09
0.12
20.77
11.36
5.39
0.48
7.02
5.09
3.78
0.09
7.42
1.71
0.12
1.48
0
11.65
4.36
0
0
0
0.56
0.82
13.24
10.95
5.01
15.98
4.56
7.54
3.67
2.41
0.05
4.51
0.36
0.1
0
0.02
0.07
0
0
0.11
0
0
0
0
0
0
0
0.29
0.21
0
0.51
0.33
0.08
0.01
0.95
1.02
4.94
0
0.06
0
0
0.09
0.2
0
0.02
0
0
0.9
1.21
0.5
1.77
0.59
0
0
0
0
0.19
0.22
0.78
1.05
14.49
3.05
2.21
0.14
0.71
0.88
0.01
0.05
0.02
0
0
0.02
0.01
0
0
0
0.16
9.34
7.41
1.07
1.16
0.43
0
2.24
2.11
0.36
0.88
0.11
0.05
2.01
0.03
0
0
0
0
0
0.01
0
0
2
1.86
0
1.43
18.36
7.15
3.61
0.82
0.04
5.16
0.98
0
0.13
0.22
0
0
0.28
1.92
2.4
0
0.16
0
0.07
2
1.47
4.59
1.23
0.08
0.11
0
0.18
0.18
0
0.04
0
0
0
0
0
0
0
0.12
0
0.38
0
0
0
0.27
0.09
0.01
0
0
0
0
0
0
0
0
0
0
0
0
0
0
0
0
0.01
0.01
0
0
0.03
1.05
2.84
3.14
5.02
7.65
3.98
0.32
5.37
0.04
0.07
0
0.39
10.94
2.77
0.93
0.39
0.46
4.82
19.16
4.71
6.93
11.28
0
0.13
3.21
0.96
1.63
0.44
1.11
0
0
0
0
0
0
0.07
0.34
0
0
0
0
0
0
0.16
0
0
0.23
0
3.99
4.02
16.62
0.15
0.04
0
0
0
3.09
1.18
0
0
0
0.78
0.16
0.52
0
39.55
3.59
1.11
3.28
3.39
1.35
0.07
0.59
0.44
0.44
0
0.01
0
0.08
0.5
0
1.34
0
0
0
0
0
0
0
0
0.01
0
0
0
0.09
0.02
0.07
0
0
0
0.01
2.79
0
0.07
0
0.02
0.01
0.01
0
0.01
0.01
33.99
6.27
2.21
0
0
0
0.06
0
0
0.02
0.14
4.91
5.59
4.2
4.66
0
0.01
0
0
0
0
0
0
0
0.06
1.21
2.05
0
0
0.06
0
0.26
0.53
0.01
0.01
0.3
0
0
0.02
0.84
7.31
0.27
0.17
0.02
0
0
0
0
0
0
0
0
0.02
0
0
0.29
1.41
0.91
0
0
0
0
0
0.21
0
0
1.92
0.32
0.01
0
0.08
0.44
0
0
0
0.45
1.5
0
0
0
0.26
0
0
0
0
0.04
0
0
0.02
0.01
0
0
0.88
13.17
24.32
15.99
0.25
2.28
8.8
8.82
5.05
12.68
0
0
3.89
1.89
0.32
0.05
4.54
2.39
1.89
1.36
0
2.47
0
0.01
1.07
16.45
1.37
3.03
5.81
3.34
0.11
2.44
0.5
0.45
0
0.44
14.24
2.03
0.74
0
0.68
0.05
0.56
9.71
5.15
11.13
23.7
10.63
7.27
4.59
8.6
21.93
15.73
1.22
0.24
0.23
10.77
5.67
18.38
2.39
14.22
4.02
1.47
8.78
0.59
0.98
0
0.17
0.18
0
0.06
2.99
2.73
10.1
7.59
14.73
7.52
0.4
1.77
4.96
5.19
3.22
0
5.7
14.16
1.38
0
1.05
13.24
3.55
0.3
0
0.01
0
0.02
1.16
3.88
0.44
0.02
0
0
0.33
0.75
0.45
0.19
0.15
0
0
0.5
9.31
0
2.2
0
0
0
0
0
0.01
0
0
0.02
0
0
0
0.35
3.77
2.37
0.03
0.02
0
0
3.61
0
0
0
0.09
0.06
0.21
4.52
0.22
0
2.77
7.03
10.58
10.92
1.2
0
0.2
0.28
7.52
1.88
1.15
0
0
0
0
1.35
0
0.02
1.2
0.61
0
0
0
0.27
8.53
0.04
0
0.01
0
0.54
2.87
2.31
2.75
2.31
1.72
0
0
4.31
17.59
9.39
7.02
4.97
15.97
8.9
2.62
0.01
0
0.5
1.63
16.23
12.57
4.06
1.11
0.03
0
0
0
0
0
0
0
0
0
5.88
4.57
0
0
0.29
0.21
0
0.79
0.03
1.57
1
0
0.74
0
0.16
1.93
0.12
3.31
5.62
5.64
0.38
0
0
0
0
0.09
0
0
0
0
0
0
0
0
0
0
0.11
1.17
2.08
0
0
0
0.04
1.69
0
0.02
0
0
0
0.05
0
0
0.01
0
0
2.45
14.3
0
0
0.09
0
0
0
0.23
0.56
0
0
0
3.27
2.27
0
0
0
0
17.16
13.32
6.11
0.41
0
0.3
0
0.06
0.02
0
0
0
0
0
0
0.35
0
0
0
0
0
0.38
3.8
0.49
0.1
0.02
3.01
0.04
0.07
1.38
0
0
0
0
0.27
0.9
1.04
0.59
11.41
10.16
1.3
0
0
0
0
0
0
0
0
0
0
0
0
0
0
0
0
0
0
0
0
14.32
0.37
0
0.09
0.47
0.08
0
0.21
0
0
0.01
0.01
0
0
0
0.04
0.02
0
0
0
0
1
2.37
1.42
0
0
0
0
22.4
41
17.38
10.85
3.25
0.15
8.34
1.62
1.84
6.71
5.2
1.32
2.99
1.58
0
2.82
0.96
0.22
0.04
0.03
0
0.07
0
0.14
14.65
9.72
1.31
5.82
0.63
1.28
1.03
11.18
24.04
26.09
4.53
0.03
0.09
3.18
13.04
11.71
18.23
10.05
6.69
11.09
5.46
3.87
0.02
0
2.36
5.86
2.72
16.02
4.71
8.88
3.63
0.59
10.81
3.11
11.72
22.16
0.01
0.02
0
0.18
0.12
0
3.16
10.99
3.54
10.83
20.04
17.26
3.38
6.06
2.14
0.22
0.34
0.38
0
0.68
0
0
0
0.04
2.4
0.51
0.03
0
0
0
0
0
0.01
0
0.09
0.18
0.72
0.22
0.02
0.17
0
0
0
0
2.55
0.57
0.37
0
0
0
0
0
0
0
0
0
0
0
0
0
0
0
0
0
0
0
0
0
0
0
0
0
0
0
0
0.12
0
0
0
0
0
0
0
0
0.09
0
0
0.11
0.48
0.94
0.01
0
0
0
0
0
0
0.79
6.41
18.42
18.4
6.71
1.24
0
0
0.01
0.77
0
0.84
0
0
0
0.07
0.6
0
0
4.45
1.78
2.55
0.18
0.01
0
0
0.77
4.73
2.68
0.86
13.71
8.53
4.01
0.31
0
0
0
5.2
2.84
2.72
0.17
0
0.32
7.34
24.08
4.96
12.91
0
4.35
13.66
11.97
0
0
0
0
0
0.01
0
0
0
0
0.06
0
0
0
0
0
0
0
0
0
0
0
2.08
1.61
0.12
11.1
5.61
4.49
0
0.02
0
0
0.87
0.88
3.09
0
0
0.03
0.6
0.07
0
0
0
0
0.05
2.62
3.02
15.23
3.41
0
0.08
0
1.66
2.3
2.55
0
0
0.02
1.23
0.39
0
0
0.02
7.32
1.51
12.4
0
0
0.36
0
0.52
0.31
0.37
0.03
0.02
0.14
0.64
5.19
1.83
3.58
8.43
1.96
11.45
0.26
0
0
0
0.82
0
0
0
0
0.36
0
0.27
0.82
0
0
0
1.55
4.89
8.13
0
0.5
0.23
0.08
3.43
1.13
0.06
2.23
2.57
3.12
3.65
0.63
0.19
0.07
0
0
0
0.01
0.38
0.06
0
0.13
0
0
0.01
0
0
0
0
0
0
0
0.02
0.13
2.3
3.05
8.38
2
0
2.45
1.17
6.92
14.73
0.27
0
0
0
8.95
11.32
4.75
38.75
15.24
3.99
8.46
4.37
9.98
9.6
0.87
6.26
0.32
0.04
0.17
2.12
7.98
2.73
4.48
12.59
4.67
0.31
3.88
6.29
0
0.31
1.2
0.36
2.12
0.25
3.12
0.13
8.91
0.51
0.04
0.26
0.46
0.16
0.06
2.38
1.94
0.33
0
6.15
22.41
39.15
7.93
6.24
0.84
3.91
8.09
0.02
0.02
1.63
0.68
0.32
1.1
0.58
4.21
11.24
0.14
2.17
0.27
0.86
0.18
0
0.05
0
0
0
0.09
4.78
5.43
0.11
0
0
0
0
0.02
0.02
0
0
1.16
0.43
0.8
3.06
0.73
0.91
4.61
0.82
1.38
1.19
9.02
2.11
2.78
0.27
0
0
0.2
0
0.01
0
0
0
0
0
0
0
0
0
0.11
1.36
0.12
0
0
0
0
0
0
0
0
0
0
0
0
0
0
0
0.01
0
0.01
0.16
0
0
0
0
0
0
0.37
0
0.49
3.77
0.38
0.55
0
0.04
0
5.25
1
2.27
0
0.07
4.19
2.29
4.46
3.41
1.02
0.37
4.11
4.91
2.48
1.25
0.73
13.77
4.42
7.99
1.27
0
0.03
0
0.26
1.29
0.3
0.23
0.03
4.9
1.81
3.63
7.64
3.55
3.66
1.15
4.44
0.41
0.21
0.4
0
0.01
0.02
6.38
7.15
3.58
8.66
10.67
1.43
0.75
0.26
0.34
7.63
6.02
0
0.35
5.61
4.41
3.32
7.41
19.95
3.82
11.79
1.59
3.7
1.79
0.21
1.84
1.63
1.46
5.83
0
0
0
0
0
0
0
0.01
0
0
0
0
0
0
0
0
0
0
0
0
0
0
0.17
0
4.84
1.6
0.05
0
0
0
0
0
0
0
0
0
0
0.01
0
0
0
0.01
0
0
0
0
0
0
0
0.01
0
0
0
0
0.01
3.43
2.14
0
0
0
0
0
0
0
0
0.41
1.12
0.13
0.34
1.6
1.65
2.36
2.04
0.41
0.33
0
0
0
0
0.05
0
12.34
0
0
0
0.18
0
0
0
0
0
0
1.15
0.01
0
0.12
0.36
0.17
0
0.02
0
0
0
0
0.19
0.11
1.59
9.93
0.49
11.32
10.91
4.69
2.23
2.95
4.3
2.6
0.34
0.04
1.31
5.07
19.05
5.94
0
1.77
1.5
0.84
0.22
0
0
0
0
0
0
0
0
0
0
0.01
0
0.05
3.18
1.97
0
0.02
0
0
0
0.05
0.77
23.79
11.46
0.66
0.02
0
0
0.05
0.29
0.11
0
0.02
0.1
0
0
0
0
0
0
0
0
0.06
0.07
0.32
0
0
0
0.45
0.44
0.66
0.02
1.97
0.03
0
0
0.12
0
0.15
0.93
1.57
0.82
0
0.01
0
0
0
0
0
1.19
1.28
0
0
0.13
0
0
0
0
6.92
11.8
2.63
0
0.06
0
0
0
0
0.23
0.53
7.29
2.69
0.07
0
0.01
0.08
0.14
7.81
7.35
0.07
0
0.12
0.05
0
0
0
0
0
0.01
0
0
0
0
0
0
0
0
0
0.05
0
0.04
8.31
0.7
0.04
0.01
0
0
0
0
0
0
0
0
0
0
0
15.07
3.87
0.95
4.47
0.03
0
0.09
4.96
0.59
0.02
0.01
0.03
0
0
0.46
16.73
5.53
0.51
0.67
0.64
0.05
0
0
0
0
0
0
0
7.63
7.18
3.13
2.87
0.36
0
0
0
1.11
0
0
0.04
0
0
0
0
0
0
0.02
0
0
5.19
1.99
9.45
0.5
0
0.18
1.67
0.61
0
0.12
0
2.81
2.89
13.17
11.54
5.35
0.29
5.84
2.05
3.73
1.4
1.4
5.05
5.12
0.48
0
0
0
0
0
0
0
3.96
5.14
10.57
6.91
1.71
0
0
0
0
0
0
0.01
0
0
0.3
1.73
14.33
2.16
0
0
0.05
0.02
0.16
1.11
13.52
0.06
0
0.9
23.45
0
0
2
0.73
0.38
0
0
0
0.2
1.2
0.12
0
0
0
0.09
0
0
0
0
0
2.05
0
0
0
0
0
0
0
1.92
3.36
0
0
0
0
0
0
0
0
0
0
0.02
0.08
23.98
0.24
0
0.03
0.15
11.63
0.03
0.02
0.02
0.03
0
0.04
2.84
0.68
0
0
0
0
0
0
0
0
0
0.06
4.3
0
0
0
0.27
0.84
0.52
0
0
0
0
0
11.21
2.27
0.71
0
13.04
9.89
1.46
2.08
0.17
0
0
0.05
0.09
6.97
15.92
2.58
0.04
0
7.05
28.25
5.73
0.84
0.13
0.02
3.24
7.99
2.66
0
0
0.05
0.07
0
0.02
0
0
0.06
1.75
2.36
0.21
0
0
1.7
10.35
3.82
0
0.01
0
11.02
4.04
17.26
12.01
10.27
19.98
24.2
11.14
1.3
5.5
7.81
4.87
0.33
0.45
0
0
0.03
0.01
0
0
0
0
0
0
0
11.41
9.95
2.23
4.3
3.69
1.14
0.12
0.02
0.01
1.14
0.91
0
0
0
0
0
0.02
0
0.04
0
0
0
0
0.63
0.19
0.02
0.01
0
2.81
0.54
0.57
0.33
1.06
11.39
2.33
0.9
0.04
0.01
0.96
0.22
0
0
0.01
0.38
0.55
0.27
4.5
1.38
3.59
1.8
0
0
0
0.05
0
0
0
0.01
0.06
2.96
0.84
0
0
0.22
4.59
2.3
0
0.07
0
0
0.07
0.07
0
0
0
0.04
0.07
0.03
0
0
0
0.35
0.75
0.13
0
0
0
0
0
0
0
0
0.01
0
0.01
0
0
0
0
0
0
0
0
0.01
0.02
0
0
0
0
0
0
0.01
0
0
0
0
0
0
0
0
0
0
0.03
0
0
0
0
0
0
0.07
3.27
0.56
7
4.96
1.59
1.91
0.51
0.16
1.12
0.39
6.89
3.29
0.26
9.7
7.56
5.13
0
0.01
1.99
6.73
4.46
8.53
2.7
0
2.27
10.15
24.97
13.89
2.31
13.98
5.11
0
0
11.4
2.86
0.01
0.18
4.21
10.91
2.11
0.14
0.02
0.02
0.07
0.32
3.92
2.11
5.61
13.45
8.96
4.68
2.77
0.6
0.02
0.01
0
0
2.66
3.32
2.74
0
0.66
4.05
2.2
0
0.7
0.05
11.32
3.22
0
0.01
0.01
0
0
1.27
3.54
12.27
6.5
0
0
0.02
1.09
0
0
0
0
0
0
0.01
0
0
0
0
0
0
0
0
0
2.82
3.44
0
0
0
0
0
0.05
0.01
0
0.01
0
0
0.14
0.32
0.02
0
0
0
0.07
1.2
2.76
0.65
0
0
0
0
0.02
0.03
0.14
0
0
0
0
0
0.02
0
0.01
0
0
0
0
0
0
0
0
0
0
0
0
0
0.02
0
0
0
0.05
0
0
0
0.02
0
0.21
0
0
0.57
0.37
0
0
0
0
0
0
0
0
0
0.25
3.88
0
0
0
0
0
0
0
2.84
6.18
0
0
0
0.06
0
2.68
0.26
0.83
1.95
1.24
0.15
0.88
0.05
0
0
0.02
0
0
0
0.01
0.29
24.43
0.39
0.88
2.04
6.85
0.16
0
0
1.89
6.53
5.76
3.34
2.27
0.95
0.49
0
0
0.02
0
11.21
0.06
1.31
15.32
1.02
3.07
18.66
4.23
0.4
0
0
0
0
12.29
4
0.29
0.01
0.2
0.01
0
0.11
0
10.59
30.77
3.74
2.45
0.82
1.53
0.32
0.6
11.25
1.59
13.87
4.86
0.34
0
6.68
14.37
5.23
2.17
0.54
0.01
0
0.38
0.34
3.45
0
0.05
0
0
0
0
2.55
10.69
11.75
11.31
10.25
12.72
5.41
6.46
15.1
4.76
0.03
9.65
1.61
6.77
3.16
16.5
5.41
0.15
0.55
4.15
3.52
6.33
0.49
0.14
1.14
3.23
4.27
1.3
9.12
2.98
0.03
0
1.16
5.87
10.28
8.95
25.39
6.63
6.09
1.7
0.01
0
0.02
0
0
1.11
1.24
2.27
10.98
7.61
1.66
0.99
0
0.02
0
0.54
0.57
0
0
0
0.01
0
0
0.01
0
0.07
0.12
0.79
1.79
1.04
22.74
27.5
10.89
21.7
1.19
0
11.58
7.86
0.82
2.35
0.91
5.69
0.02
0
0
3.38
0.07
0
0.02
0
0.01
0
0.01
0.55
1.41
4.83
0.15
1.4
2.15
0.16
0
0
0
0
0.05
0
0
0
0
0.01
0
0
0
0
0
0.56
0
6.5
3.27
0
0
0
0.02
0
0.39
0
0
0.91
0.2
1.84
1.28
3.86
4.27
0.84
1.69
0
0
0.03
0.82
4.26
4.8
0
0
0.01
1.15
1.13
0.34
0.9
7.31
0.68
7.68
1.13
5.5
2.41
2.12
0.04
0
0.01
0
0
0
0
0.13
0
0.02
0
0.02
0
0
0
6.93
3.99
0.47
0
0
0
0
0
0
0
0
0
0
0
0
0
0
0
0
0
0
0
0
1.08
0.75
0
0
1.94
0
0.48
2.34
0
1.91
0.13
0.01
0.46
2.75
0.01
0
0.22
0.05
0
0
0
0
0
0
0
0
1.54
6.21
0
0
0
0
0
0
0.01
0
0
0
0
0
1.56
1.09
5.96
0
1.08
0
0.01
0.01
0
0
0
0
0
0.02
0.27
0
0
0
0
0
0
0
0.02
2.42
0
0
0
0
0
0
0
0
0
0
0
0
0.01
0
0
0.02
4.05
14.91
9.87
14.49
1.59
2.28
0.46
0.04
12.6
2.83
0
0
0
0
0
0.28
8.07
3.49
7.87
3.82
0
0
4.61
0
0
0
0.32
13.35
11.92
28.52
9.73
0.32
2.7
0.01
0
0
0
0.02
0
0
0
0
0
0
0
0.16
0.22
0
0.02
0
0
0.01
0
0
0.53
1.35
1.83
0.02
0.06
0
0
0
0
0
0
0
0
0
0.04
0
0
0
0
0
0
0
0
0
0.04
0
0
0
0
0
0
0
0.04
0
0
0.01
0
0
0.43
0.5
2.75
0.35
0.01
0
0
0.01
0.05
2.57
3.85
2.13
5
4.45
0
0.02
0
0
0
0
0.09
0
1.01
0.34
0
1.83
0.49
0.36
0.07
0
0.13
1.42
1.55
13.72
2.15
0.03
0.01
0
0.06
0
0.02
0.04
0
0.06
0.09
0.07
8.23
0.86
0.02
0
0
0
0
0
0
0
0
0.09
0.01
0.01
0
0.01
0
0
0
0
0
0
0.8
6.25
4.24
0.62
12.5
4.68
2.51
0.62
0.07
0
0
0
0.02
0.32
11.54
9.09
16.69
7.69
2.47
0
0
0
0.01
0.01
0
0
0
0.02
0
0.49
0.15
0
0.21
0
2.95
3.11
0
9.33
10.32
4.04
0.9
0
9.25
12.06
3.5
0
0.03
0.21
0.02
0.02
1.08
0
0
0
0
0
0
0
0
0
0
0
0
0.34
2.27
0
1.37
7.15
1.98
15.23
25.79
2.33
0.16
0.6
0
0
0
0
0
0.22
0.01
0
0
0.64
4.59
0
0
0
0
0
0
0
0
1.16
0.02
0.13
12.26
9.52
19.6
6.89
10.23
4.57
0
0.01
0
0.09
0
0
0
0
0
0
0
0
0
0
0
0.01
0
0
0.02
0
0.03
15.56
0
0
0
0
0
0
0
0.94
0.02
0
0
0
0
0
0
0
0
0
0
0
0
0.17
4.8
0
0
0
0
0.06
0.12
0
0
0
0
0
0
0.02
0
0.26
0
2.81
1.6
0.09
0
0.02
1.03
7.93
0.17
0.41
3.11
0
0
2.46
0
18.27
7.81
0
6.91
2.98
0
0
0.05
0
5.48
0.8
0
0
0
0.06
0.09
0.78
0.18
0.02
0
0
0
0
1.95
4.93
13.68
4.2
1.54
8.98
2.17
4.86
0.2
0
0
0
0.01
0.28
0
0
8.21
0.43
0
0
0
0.01
1.42
12.62
24.63
17.09
0
0.1
0
0.01
0
3.79
0.45
0
0.02
6.9
13.16
0.27
0.17
0.01
0.04
0
0
0
1.8
7.54
0.12
0.01
0.39
0.05
0
0
0.01
0
0
0
0.02
0.41
1.96
15.02
7.45
4.62
5.86
1.29
3.08
15.49
3.36
7.24
16.87
2.57
7.89
0.05
0.3
2.3
3.43
2.85
0.55
4.95
1.08
0.05
0.03
0.44
0.04
0
0.08
6.67
11.16
4.61
0.68
2.47
0.7
0
3.09
4.6
4.21
6.8
0.14
0
0.02
0
1.05
1.57
4.39
11.51
0.07
0
3.84
2.13
1.77
12.34
3.77
5.05
10.98
1.73
9.51
1.52
5.05
0.09
0.19
0.01
0
0
0.01
0
0.13
6.5
5.5
9.74
4.36
11.37
0.3
0
0
0
0
0
1.61
1.28
1.73
0.77
0.38
0.02
0.39
0.02
0
0
0
0
0
0.05
0.14
0
0.01
0
0
0
4.71
7.48
2.52
1.51
0.85
1.32
7.98
13.08
11.49
1.63
0.06
0.02
0.02
0.14
0.34
1.89
0.01
0.04
0.01
0.03
0
0.02
0
0.05
0.53
2.17
0.09
0
0.02
0
0.06
0
0.11
1.23
1.96
0.08
11.15
13.89
6.63
11.52
29.88
6.38
0.57
0
0.02
0
0.02
0
0.02
0.01
0.63
2.54
1.73
0.71
6.87
7.29
1.72
0.55
0
1.63
7.62
2.29
0.16
0.12
1.55
0
1.56
3.32
0
0
0.03
0.68
0
0
0
3.75
4.41
13.86
4.34
4.85
1.71
0
0.79
0.21
0
0
1.51
17.27
0.75
0
0
0
0
0
0.22
1.06
0
0
0
0
0
0.14
1.98
7.62
0.96
0.63
7.75
3.09
0
0.32
0
0
0
0
0
0
0
3.1
0.78
0
0
0
0
0
0.01
1.64
1.31
0
0.01
0
0.01
0.08
0.03
0
0
0
0
0
0.06
0.02
0
0
0
0.13
4.48
0
0.19
0.81
0
0
0
0.01
0
0.11
0
0
0
0
0
0
0
0
0
0
0
0
0
0
0
0
0
0
0.64
0.69
0
0
0
0
0.25
0.09
0
0.66
0
0
2.66
2.01
4.4
0.28
0.02
0
0
0.11
0.02
0
0.02
0
0.81
8.53
13.34
2.39
2.57
0
0.01
0
0
0
0
0
0
0
0
0
0
0
0
0
1.67
0
0.02
0.02
0.77
0.48
6.8
1.52
17.81
6.16
9.11
0.24
0
0
0
0
0
0.01
0
1.14
0.91
17.94
4.66
0.73
15.76
2.9
22.47
10
1.9
4.63
0
0
0.04
12.64
2.3
2.17
12.51
1.32
16.8
18.97
1.14
0
0
0
0.34
0
0
13.59
0.09
0.79
0
0
0.02
0.13
11.95
10.91
0
0
0
0
0
3.09
6.99
0.07
0.02
13.07
0
0
2.83
9.12
4.27
0.29
0.1
0.04
2.36
4.36
0.47
0.74
0.83
0
0
0
0
0
0
0
0.7
3.93
0.11
0
0
0
0
0
0
0
4.38
0.31
2.38
0.62
0.1
0
0.04
0
0
0.01
0
0
0.43
0
0.01
0
0.15
0
0.55
0.16
0
0.45
0.02
0
1.3
0
0
0
0.01
0.48
8.75
5.33
0.61
0.3
2.95
4.25
0.63
0
0.05
0
0
0
0
0
0
0
0
0
0.01
0.13
0
0.19
0
0
0.71
5.98
5.32
4.82
4.49
11.67
14.83
4.7
3.33
2.36
0.36
0.02
0
0.23
0.08
0
0.47
0.27
0
2.36
3.01
1.72
15.51
1.09
0
0.01
0
0.16
1.3
0.02
0
0
0
0.28
0
0
0.8
12.05
4.98
7.6
10.15
1.42
15.45
1.8
0
0
0
0
0
0.24
0
0
0
0
0.05
0
10.65
13.29
0.59
5.78
0.02
0
6.6
2.7
0
0.01
0.03
0
4.45
26.25
6.86
1.91
8.41
25.28
3.13
3.74
5.53
0
1.38
0
7.81
3.05
1.27
0.01
0
0
0
0
0.58
0.03
0
0
0
5.89
5.07
2.3
1.8
1.05
4.08
0
1
0
0
0.01
0
0
0
0.07
1.44
3.85
0.13
1.13
1.2
1.41
4.13
0
0.01
0
0
0.07
1.06
1.01
0
0
0.01
0
0.08
0.03
0
2.21
0.23
0
0
0
0
0
0.01
3.2
18.63
0
0
0
0
0
0
0
0
0.04
12.38
1.82
0
0
0
0
0
0
0
0
0
0.03
4.63
0
0
0
2.71
0.65
0.02
0.51
0
0
0
1.43
4.17
2.61
0.81
0
0
0
0
0.04
0.71
0.15
1.55
0
0.01
0
0.01
0
0.01
0
0.03
0.01
0
0
0
0.55
8.8
25.23
1.17
0.84
0.91
0
0
0.04
0
0
0.03
0
0
0.02
0
0
0
0
0
0
0
0
0
0
0
0
0
0
0
0
0
0
0.01
0.07
0.39
0.19
0.29
0.05
0.2
0.59
0.35
0
0.02
0
0
0.26
3.02
10.24
9.95
5.59
1.05
0
0
21.09
8.87
12.35
14.38
4.73
2.67
2.27
1.16
0.96
0.97
14.24
4.71
0
0.18
0.28
0.16
0.58
0.01
0.01
0
0
0
0
0
0
0
0
0
0
0
0
0
0
0.12
4.91
4.96
0.48
13.38
3.21
7.52
0.02
1.95
0
0
0.21
0.14
0.29
0.01
0.07
0.09
0.26
0.2
0.05
0.01
0.12
0.02
0
0
0.01
0.01
0
0.88
1.57
0.25
0.04
0
0
0
0
0
0
0
0
0.05
0.06
0.01
0
0
0
0.01
0.01
0.01
0
0
0
0
0.03
0
0
0
0
0.95
2.98
0.86
0.07
0.04
0
0
0
0
0.09
0.06
0.05
1.56
5.02
0.17
0.13
0
0
0
0
0.11
0.07
0.3
0
0.01
0.16
0
1.48
1.9
8.96
1.53
0.73
0
0
0.03
0.16
0.04
0
0.07
0.09
0
0.03
0
0
0
0
0
0
0
0
1.51
0.21
0
0.09
0
0.08
2.34
0.13
5.72
1.7
0.64
10.38
0.26
1.16
0
0
0
0.59
8.16
1.72
2.32
0.34
0
0.05
0.16
0
0
0
0
0
3.4
0.64
0
0.05
0.41
0
0.33
0.01
0
0
2.05
0
0
0.03
0
0
0
0
0
0
0
0
0
0
0
0.1
0
1.25
0.68
9.4
2.32
0
5
3.28
0.35
0
0
0
0
0
0
0
0
0
0.31
0.52
2.69
17.67
2.26
5.29
0.3
0
0
0
0
0
0.04
0.09
0
2.21
0
0.01
0
0
0
0
0
1.17
2.28
3.96
5.03
0.87
0
0.3
10.77
0
0
0
0
0
0.12
0.19
0
0
0.44
0
0
0
0
0
0
0
0
0
0
0
0
0
0
0
0
0
0
0
0
0
0
0
0
0
0.03
0
0
0
0
0
0.01
0.02
0.98
0.25
0
0
0
0
0.17
0.15
0.02
0
0
0
0
0
0
0
0
0
0
0
0
0.1
0
0
0
0.01
0
5.95
14.4
2.99
0.89
0
0.02
0.01
0
0
0
1.99
0
0.02
0
0
0
0
0
0
0
0.11
0
0.01
0
0.01
0
0
0
0
0
0
0.01
0
0.06
0.34
2.37
3.48
5.48
3.92
0
0
8.9
4.46
0.55
3.98
2.94
12.02
0
0.19
0
0
0.64
23.15
0.25
6.52
2.33
0
0
0.13
0.15
0
0
0.12
5.67
3.03
0.28
0.52
11.75
12.64
24.43
8.68
1.75
0.51
0
0
0
0.01
0.02
0.34
0.36
1.39
0.33
0.49
0.11
0.18
0.01
17.39
23.44
0.49
1.5
0.31
0.06
0
0
0
0
0
0
0
0
0
0
0.01
0
0
0.02
0
0
0.07
0.05
0
11.55
6.71
0.64
2.1
0.09
0.39
0.01
0
0.08
0
0.9
2.04
2.06
2.36
11.2
0
0
0
0
2.09
1.86
2.24
0.42
0.13
0.04
0
0
0
0
0
0
0
0.04
0
0
0.24
0
0
0
0.11
0
0
0
0
0
0
0
0
0
0
0
0.46
0.13
1.93
5.77
3.68
3.93
3.76
1.48
4.38
1.69
16.68
4.79
0.02
0.57
0
0.11
1.51
15.32
3.29
1.61
0.14
0.21
0.33
0.16
0.01
0
0
0
0
0.13
3.14
6.69
5.21
2.54
2.33
3
5.9
1.54
0.13
0
0.05
0
0
0.01
0
0
0.01
0
0.29
0.99
2.41
3.61
0
0.01
0
0
0
0
10.99
1.55
1.77
3.09
0.25
1.23
0.4
13.65
0.68
0.71
0
0.02
0
0
0
0
0
0
0
2.07
5.85
4.43
1.5
0.59
0
0.01
0
0.18
3.46
2.41
0
0.13
0.01
0.08
0.08
0
0.01
0
0
0
0
0
0
0.04
0
1.22
0
0
0
0
0
0
0
0
0
1.57
13.63
1.2
0.01
0.17
0
0
34.15
0.66
4.52
1.33
1.79
3.52
0.01
0
6.82
10.68
0
0
1.71
4.78
0
0.75
0
0
0
0
0.01
0.01
0
0
0
0
0
1.01
2.73
0.92
0.67
2.79
6.53
7.96
2.09
0.02
0.23
0
0
0
0
0
0
0
0
0
0
0
0
0
0
0
0
0
0
0
0
0
0
0
0
0
0.02
13.47
0
0.13
0
0
0
0
0
0
0
0
0
0
0
0
0
0
0
0
0.54
1.67
6.24
1.26
0.23
0
2.43
7.53
10.92
11.13
1.6
0
0
0
0
0
29.31
9.97
0.03
3.18
1
0
0
0
0.03
0
0.03
3.46
0.34
1.13
0
0.3
0
0
0
0
2.23
0.16
0
0
0
2.95
15.54
7.35
8.33
13.48
0.19
7.29
10.91
0
1.92
0
0
0
0
0
0
0.3
11.38
13.62
3.94
0
0.79
2.93
0.93
0.46
0
0
0
0
0
4.27
11.99
0.88
0
0.23
0.13
0.52
0.61
3.54
3.32
2.21
0.1
0.36
0.57
0
0.13
0.02
0.08
0.81
4.3
13.03
5.56
13.15
0.14
0
0
0
0.01
0
0
0
0
0
0.1
0.01
0.01
0
0.24
0.13
0.07
0
0
0
0
0
0
0
0.04
0
0
0
0
0
0
0
0
0
0
0
0
0
0
0
0
0
0
0
0
5.11
2.04
3.62
2.5
2.47
0.14
0.05
0.5
0.89
0
0.39
5.14
3.56
3.7
1.73
0
4.53
15.27
6.28
4.36
4.77
2.15
1.52
3.13
0.23
6.22
2.73
2.38
0.08
6.91
1.46
0.29
3.95
1.56
5.66
0.34
0
0.09
0.01
0.01
0
0.02
0.14
3.25
3.93
0.29
0.02
0
0
0
0.02
0.02
0
0.89
0
0
0.31
2.05
0.58
0
0.02
0.1
0.02
2.97
11.39
4.57
1.28
3.41
5.79
7.01
5.49
3.9
0.91
0.88
5.39
5.91
2.88
2.34
0.98
5.41
10.09
5.54
0.81
0
0.84
0.38
0
0
0.11
0
0.01
0.01
0.25
4.75
8.71
5.12
7.16
3.75
8.14
0.59
6.97
6.28
2.03
0.34
0
0
0
0
0.02
0
0
3.67
1.06
0
0
0
6.05
8.59
14.55
4.64
0.95
2.63
3.92
3.82
3.75
0.43
0.5
0
0.02
0
0
0
0
0.38
0.07
0
0
0
0
0
0
0.04
0
5.88
3.71
18.39
3.45
0.28
0
0.01
0
0
0
0
0
0
0
0
0
0
0
0
0
0
0
0
2.21
0
0
0
0
0
0
0
0
0
0
0
0
0
0
0
0.02
0
0
0
0
0
0
0
0
0
0
0.02
0.05
0.64
1.52
0.01
0
0
0
0
0
0
0
0
0
0
0
0.01
0
0
0.02
1.14
2.03
0.41
0
0.04
0
0
0
0
0
0
0.05
0
0
0
0
0
0.11
0
0
4.86
0.25
2.65
1.12
0.01
0.52
0.41
0
0
3.68
1.98
0
0.05
0
0.27
0
1.69
1.3
0.19
1.49
1.94
1.66
17.5
6.76
1.81
0.02
0
0
0.57
0
0
0
0.02
0
0
0
0
0.01
0.04
0
0.2
8.58
0.03
0
0
0
0
0.2
0.01
0
0
0.03
0
0
0
0
0
0
0
0
0
0
0
0.02
0
0
0
0.01
10.75
21.09
2.79
3.92
0.43
0.02
0
0
0.01
0
0
0.07
0.7
0.13
0
0
0
0
0.01
0.11
0.12
0
0
0
0
0
0
0.18
1.92
0.44
0.38
1.2
1.89
0.63
0
0
0
0.09
0.01
0
0
0
0
4.16
7.21
5.57
1.49
0.23
0.15
0.16
0.03
0.34
0.72
10.23
1.15
1.7
0.69
4.57
0.85
0.08
0
0
1.07
0.05
0
0
0
0
0
0
0
0
0
0
2.57
1.38
10.03
3.43
0
0
0
0
0.04
0
0
0.01
0
0.27
0.2
0
0.42
1.3
17.31
5.59
0.26
0.17
0
2.36
0.29
0.68
2.34
0.3
0
0
0
0
0.35
0.18
0.05
0
0
0.3
0.93
0.06
0
0
0.1
0.03
0
1.09
0.35
0
0
0.25
8.96
0
2.2
0.02
1.71
0.86
0
0
3.14
1.16
0
0.02
0
0
0
0.03
22.68
17.52
17.24
22.98
4.99
0
3.21
1.6
0
11.45
18.79
11.93
20.81
13.45
8.49
0.02
3.56
0.92
0
0
0
0
0
0
0
0
0
0
1.34
0.48
1.38
6.61
16.78
15.48
6.25
3.8
9.01
1.02
2.79
3.84
2.89
4.99
1.61
0
2.5
0.8
10.31
6.17
4.98
0.78
1.1
3.72
3.97
1.53
11.07
5.19
6.29
1.86
0.12
4.89
1.37
0.47
3.78
6.29
7.67
1.25
0.14
0.09
0.46
1.08
8.32
2.48
0
0
0
0
0.01
6.16
5.44
0.03
0
0
0
0
0.21
0
0
0
0
0
0.01
0
0
0
0.23
0
2.09
0.65
0
0
0
0
0
0
0.02
0
0
0
0
0
0
0
0
0
0
0
0
0
0
0
0.07
0
0
0
0
0
0
0.03
0
0
0
0
0.02
0
0
0.01
0.59
0.86
3.09
0
0.03
0.4
2.93
5.44
0.09
0
0
0
0
0
0.04
1.83
5.19
3.68
0.28
0.34
4.16
3.54
0
0
0
0
0
0
0.01
0
0
5.9
6.4
2.65
0
0
0.16
0.12
0.52
0
0
0
0
0
0
0
0
3.5
0.2
0.34
0
16.05
8.51
0
0.77
0.13
0.88
3.49
8.08
0.11
4.22
15.07
6.3
1.2
0.16
0.05
0.01
12.18
13.91
1.3
11.41
28.65
12.22
5.9
0.76
0.46
0.11
0.05
0.65
0.69
0
0
0.25
0.17
0
0.05
0
0
0.06
0.45
0
0
0
0
0
1.54
0.02
0.03
0.56
8.19
5.89
0.89
4.22
1.83
1.58
5.06
0.59
4.07
16.59
8.5
3.3
0.73
1.23
0.22
10.37
0.94
0
0
0
0
0.01
1.26
0.01
0
0.1
0.01
0.01
0
0.09
0.05
0.02
0.05
0
1.01
1.08
3.77
0.18
0.02
0.48
1.22
1.18
3.96
2.34
0.12
0.02
0.52
0
0.02
0.05
0.03
2
6.07
7.81
1.31
10.55
6.51
2.43
4.36
0.93
0.05
1.93
2.9
1.09
2.1
3.73
6.25
2.57
7.48
9.93
3.74
1.19
0.86
3.02
0.44
0
0
0.04
0.07
0
0
0
0
0
0
0
0.08
0
0
0
0.04
0.05
0.41
5.65
1.34
1.43
9.19
3.9
2.13
0
1.19
0.87
0
0
0
0
0
0
0
0
0
0
0
0
0
0
0.11
0
0
0
8.98
0
0.25
0.24
1.51
0
0
0.34
0.04
4.29
5.46
0.15
2.24
17.77
6.77
3.64
0.37
4.76
5.11
7.95
2.46
5.53
0.77
0.08
0.18
0
0
0.02
0.42
1.1
0.18
0
0
2.62
1.07
0
0.01
1.19
0.01
0
0.05
0.24
3.96
2.92
0
0
0
0.02
0
0
0
0.8
0
2.21
0.02
0.07
0.59
4.37
0
0.39
0
1.17
0.21
0.88
0.37
0
0
0
0.05
0.19
5.05
1.16
0.55
0
0
0
0
0.81
1.5
1.8
0.18
0
1.01
0.27
0
0
0
0
0
0
0
0
0.01
0.01
0
0
0
0
0
0
0
0
0
0.42
0
0
0
0
0
0
0
0
0
0
0.01
0.04
0
0
0.01
0
0
0
0
0
0
0
0
0
0
0
0
1.08
0.17
15.66
1.49
4.41
0.82
0.23
0.41
1.05
0
0
0
0
0
0
0
0
0
0
0.36
0
0
0.13
0
0
0.13
0
0
0
0
1.46
0
1.71
0.57
0
0
0.2
1.95
1.5
0
0
0.81
9.2
5.41
0.23
0
0
0.02
0
0
0
0.03
0
0.41
4.2
1.99
3.2
0
0.21
0.26
0
0.32
1.74
1.73
0
0
0
0
0.24
0.27
0.02
0
0
0
0.08
16.96
12.96
2.11
0
0
0
0
0
0
0
0
0
0.58
0.02
0.05
0.04
0.14
1.06
2.27
1.05
0.2
0.01
0.01
0
0
0.58
0.61
0
0
0.01
0
0
1.05
0.21
0
0
0.96
2.62
0.39
3.07
9.66
2.09
0.63
9.72
5.5
0
0.28
1.16
4.96
0.32
0.1
0
0
0.87
4.02
3.46
0.1
4.1
3.08
0.95
0
2.15
15.95
23.39
30.98
18.43
21.01
7.32
3.77
16.95
23.79
16.57
7.45
6.18
0
4.05
8.52
2.87
0.56
6.94
1.8
0.06
4
1.92
8.48
13.23
3.34
0
3.95
2.2
1.62
3.74
0.04
0.12
0.21
0.57
0
0.55
0
0
0
0
0.25
2.8
0.98
0
0.46
5.78
2.24
0
0.2
10.76
4.52
0.32
0.04
0.02
0.04
1.74
4.41
14.28
5.99
2.69
0.85
0.11
5.88
10.22
11.95
3.02
12.09
4.54
1.3
3.08
0.11
5.9
5.9
1.03
7.59
3.66
7.19
3.57
0.67
0.01
0.13
0
0.09
0.11
0.02
0.06
0.01
0.12
0.47
0
4.22
1.23
2.32
19.7
15.29
1.19
0.19
1.45
6.02
0.52
2.62
0.43
0.2
3.79
1.57
0
1.62
3.14
1.68
0
0
0
3.86
6.8
7.54
5.72
5.51
10.18
5.09
2.63
0.09
1.35
4.05
1
0
1.53
0
0
0.01
0.25
2.6
0.86
3.83
6.23
2.18
0.57
0.01
3.95
10.07
9.59
5.68
9.84
12.32
12.18
4.79
0.11
0
0
0
0
0.02
0.04
0.02
0.09
0
0
0.03
0
0.84
0
0.02
0
0
0.11
0
0
0
0
0
2.63
13.47
7.88
8.96
5.85
5.7
5.41
2.43
1.55
0.13
0.71
1.43
0
0
0
0.01
1.76
7.32
0.1
8.84
1.92
5.95
0
0.18
8.12
3.15
1.28
0
0
0.02
0
0.02
0
0.7
0
0
0
0.01
0
0
0
0
0.03
0
0.03
0
0.01
0
0
0.07
0
0
0
0
0
0.09
0
0
0
0
0
2.29
0
3.45
0
0
0
0
0
0
0
0.16
1.15
0.93
0
0
0
0
0
0
0
0
0
0
0
19.34
8.48
0
0
0
0.23
0.55
0
0
0
0
0.5
0
0.04
0.11
8.98
9.92
4.27
0.25
0.71
0.05
0
2.99
0
0
0
0
0.01
0
0
0
0.17
4.03
1.02
0
0.01
0.18
3.03
18.58
7.88
3.58
0.5
0.04
0
0.01
0
0
0
0
0
0
0
0
0
0.01
0
0.02
0.39
2.62
13.8
8.83
1.7
0.59
0
0
0
0
0.41
14.12
4.34
0.28
0
0.2
0.09
8.47
3.02
0.83
1.11
0.43
3.4
6.13
3.28
0.9
0
0.12
0
0
0.02
0.07
2.52
6.18
6.14
8.92
0.61
0.35
4.55
8.85
9.54
5.36
0.25
0.03
0.09
0.14
0.98
0.2
0
0.05
0.32
0.11
0.99
4.29
17.4
12.48
4.72
0
0
0
0.01
0
0.06
1.88
1.73
0.12
0.02
0
1.22
2.71
2.31
1.31
8.34
4.2
3.95
0.53
0
0
0
0.03
0
0
0.01
0.87
0.28
0
0
0.01
0.01
0
0.19
2.09
11.65
4.73
2.27
1.21
0.02
0
0.01
0.02
0
0
0
0
0
0
0
0.02
2.41
4.7
5.63
11.89
6.34
0.96
6.36
3.3
0.73
0.17
0
0
0
0
0.19
1.02
0
0.09
2.46
3.2
0.14
0.39
0.03
0.48
0.73
0
9.23
3.11
2.68
6.28
11.35
17.39
6.54
0.04
0
0
2.49
1.07
3.97
2.74
2.02
5.94
5.11
0.38
0.1
0
0
0
0
4.36
0.06
0.02
0
0
0.03
0.49
0
0.05
0.01
0.02
0
0
0
0.02
0
1.92
1.7
25.93
3.83
3.55
0.28
0
0.06
0
2.46
9
2.11
2.07
3.79
2.04
0
0.91
0.8
14.15
3.38
0
0
0
6.01
2.97
3.37
1.87
0
0.3
0.66
0.53
0
0.13
0.8
0.19
0.75
0
0.84
13.78
13.45
14.63
10
2.31
0
0
0.16
0.53
0.48
5.89
7.54
1.6
0.18
0.23
0
0
0
0
0
0
0
0
0
0.11
0.2
0
0.02
0.01
0
0.01
0.45
0.02
0.77
1.65
0.13
0.54
1.32
0.04
0
0
0.01
0
0
0
0
1.13
0
0
0.01
0
0
0.02
0.02
0
0
0
0
0
0
0
0
0
1.03
2.04
0
0.13
0.36
0
0
0
0
0
0
0
0
0
3.88
0.96
0
0
0
0.93
0
0
0.02
0.03
0
0
0
0
0
0
0
0.02
0
0
0
0.9
1.64
0.01
0.01
0
0
0
0
0
0
0
0
0
0
0.05
0.01
0
0
0
0.06
0
0.39
0.22
0
0.07
0
0
0
0
0
0
0
0
0
0
0.01
0
0
0
0
0
0
0
0
0
0
0
0.01
0
0
0
1.91
10.76
5.38
4.8
9.1
4.88
0
0
0.05
0.1
6.96
18.4
17.75
11.59
5.34
1.49
0.14
0.41
1.17
0.64
0.16
0.18
5.92
2.99
0.06
1.09
1.49
0.65
1.78
0.52
4.64
0.95
0.04
0
0
0
0
0
0.05
1.67
5.02
0
0.5
0.64
0.21
0
0
0.12
0.07
0.07
0.3
0.95
0.62
0.23
3.64
1.06
0.05
0.02
0.1
0
0
0
0
0
0
0
0
0
0
0.32
0.71
0.53
0
0
0.02
0.01
0.01
0
0
0
0
0
0
0.47
1.44
5.59
1.85
0
0
0.01
0
0
0
0
0
0
0.14
0.08
0
0
0
0.2
0.03
0
0
3.15
1
0.04
0.03
0.05
0
0.01
0.01
0
1.34
0.16
0.03
0.02
0
0
0
0
0
0
0
0
0
0
0
0
0.02
1
0.03
0.64
0
0
0
0.02
0
0
0
0
0
0
0
0.04
0
0.01
0
3.93
3.72
0.34
0
0.05
0
0
0.02
0
0
0
0
0
11.21
6.7
10.82
8.57
6.51
0.64
0.06
0.39
1.96
1.76
3.95
2.44
5.45
1.41
0
0.68
5.45
5.92
1.5
0.63
0.04
0
0.01
0.27
0.23
5.78
11.1
9.94
5.32
1.33
0
3.74
9.6
0.71
0.58
0.18
0.52
0
0
0
1.36
1.45
1.34
0
0
0.01
0
7.07
5.77
0.48
0
0
0
0
0
0
0.04
0
0
0.01
0.3
4.18
1.41
0
0
0
0.01
0.21
0
0.01
0.01
0
0
0
0
0
0
7.51
5.9
3.36
0
0
0
0
0
0
0
0.02
0
0
0
0
0
0.01
0
0
0
0
0
0
0.06
0
0
0
0
0
0
0
0
0
0
0
0
0
2.59
0.46
3.72
0
0.03
0.01
0
0
0
0
0.04
0.37
0
0.02
0
0.01
0
0
0
0
0
0.01
0
0
0.07
0
0
0
0.01
0
0
0
0.01
0
0
0
0
0
0
0
0
0
0
0.57
0.44
3.14
0
0.01
0
0
0
0
0
0
0
0.01
0
0
0
0
2.81
0.2
5.74
5.69
1.66
17.62
0
0
0
0
0
0
0
0
0
0
0
0
3.15
1.87
0
4.84
1.4
0
0.04
4.39
12.07
13.81
12.47
2.45
0.06
5.5
7.03
8.59
3.62
0.45
0
8.47
2.92
0.66
6.68
15.17
13.69
0
0
0.25
14.47
5.18
8.23
1.3
0
0.02
0
0.02
0.13
9.09
0.5
0
0.02
0.62
0
0
0
2.33
10.77
0.54
0
0
0
0
0
0.02
0
0
0.09
0.3
0.01
0.03
0
0
0.09
1.33
9.83
2.63
2.33
0.73
0.13
0.18
0.37
0.28
0.02
0
0
4.38
0.1
0.03
0.01
0.83
0.13
1.34
0.66
0.01
0.01
0
0
0
0.03
0.02
0.36
0.07
0.24
4.35
1.98
0.12
1.4
6.3
4.55
13.65
10.57
5.11
1.53
9.87
5.7
0.33
0.3
0
6.17
0
0.08
0
0
4.68
2.54
0
0.01
0.43
0.26
0
0
0
6.15
0.37
0
0.06
0
0.05
0.04
1.56
0.56
2.72
0.18
6.64
9.61
1.17
0.36
0.18
0.5
0.28
3.48
1.42
0.04
0.04
5.35
4.63
5.24
13.25
12.03
5.13
3.13
5.86
3.8
1.63
0.02
0.07
1.73
10.31
2.54
8.34
1.2
0.41
1.66
2.23
3.16
11.72
21.04
10.26
5.54
13.48
2.55
10.01
1.16
1.77
6.71
11.2
1.84
0.2
2.82
0.33
0.5
0
1.19
0
0
0
0
0
0
0
0
0
0
0
0
0
0.7
9.89
3.06
8.52
1.38
2.7
1.75
0
0.07
0
0
0.01
0.01
0
0.89
0.71
0.64
0.16
0
3.42
3.5
4.29
10.1
12.12
3.02
1.12
0
0
0
0
0
4.48
2.83
1.73
1.39
0.47
0.01
0
0
0
0
1.72
0.82
1.52
1.6
2.2
0.18
0
0
0.53
0
0
0
0.27
1.9
2.17
0.38
0.51
0.01
0
0
0
0
0
0
0
0
0.63
0
0
0
0
0
0
0.02
3.92
0.78
2.36
0
0.07
0.85
0
0
0.17
0
1.27
4.39
6.63
0
0
0
0
0
0.02
0
0
0
0
0
0
0
0
0
0
2.78
0.01
0
0
0.02
4.68
0.11
0.01
0.67
1.47
0
0.01
0
0
0
0
0
0
0.02
0
0.63
3.7
0.66
0
0
0
0
0.03
0
3.91
0
2.41
0
0.02
0.1
0
0
0
0
0
0
0
0
0
0
0
0
0
0
0.01
0
0.58
10.98
1.6
1.62
0.45
2.99
4.38
11.95
0.22
0
0
0
0
0
0.01
0
0.01
0.01
0.05
0
0
0
6.17
0.32
0.07
16.01
0
1.73
2.63
0
0.04
0.05
0
0
0
0
0.09
0.22
4.46
0.18
0
0
1.07
0.14
0
0
0
0.01
0
0.01
3.96
12.72
7.84
2.56
0
0.66
0.05
0
0
0
0
1
0.76
0.27
0.48
0
0
0
0
0
0
0.22
0
0
0.01
0
0.01
1.21
0
0.04
0
0.02
2.92
11.74
0.74
0
0
0.87
28.03
13.02
0.16
7.54
2.07
0.13
0.08
0.79
7.39
9.15
13.06
11.8
3.25
0.24
0.03
0.07
0
1.06
0.07
5.14
5.39
3.42
4.25
2.58
3.83
6.73
2.45
0.21
3.79
2.86
0.02
0
0.03
0
0
8.07
6.09
4.01
3.01
0.34
0.18
1.38
16.8
5
10.16
6.12
7.15
16.57
3.98
5.67
3.46
2.19
2.29
4.2
0.46
1.41
0.7
0.01
2.59
0.42
0
0.02
1.2
0.97
1.75
1.61
0.98
11.3
6.14
0.67
0.2
0.73
0.02
0.01
0
0.02
0
0.01
0.01
0
0.02
0.02
0
0.01
0
0.38
1.81
2.09
2.63
0.12
3.01
3.26
1.93
0.04
0.02
0.14
0.2
0.17
0.87
7.78
4.02
1.23
0.25
0
0
0.14
0.01
0.15
0.16
3.08
0
0
0.52
0
0.14
0
1.5
2.14
9.29
0
0
10.8
0
2.03
1.41
0
0
0
0
0
0
0
0
0
0
0.21
0.26
0.01
0
0
0
0
0
0
0
0
1.39
1.91
7.85
1.9
2.84
5.9
2.11
0.24
0.14
3.47
0
0
2.09
0
0
0
0
0
1.52
0
0.02
0.09
5.32
6.78
3.84
0.21
0
0
0
0.04
0
0.03
0
0
0
1.1
6.05
1.02
2.31
0
0.01
0
0
0.05
5.64
33.55
0
0
13.58
0.3
0
0
0
0
0
0
0
0
0
0
0
0.1
0
0
0
0
0
0
0
0
0
0
0
0
0.04
0.21
1.75
0
0
0.01
0
0
0
0
0
0.04
0
0
0.01
0
0
0.12
0
0
0
0
0
0
0
0
0
0
0
1.93
3.54
0.65
0.34
0
0
0
0
0.11
0.06
0.06
0
0
0.01
0.02
1.61
1.3
0.16
1.62
0.91
0.63
0.24
11.91
15.26
4.02
4.59
0
0.02
1.57
3.36
2
0.44
1.17
0.46
0
0
0
0.01
0.01
3.36
14.09
17.95
11.45
12.38
6.48
2.59
1.55
0.11
0
0
0
0
0
0
0
0
0.09
0
0
0.02
0
0
0
0.07
1.06
25.16
6.25
0.28
0.13
2.65
3.59
0
4.28
9.45
1.59
13.51
9.1
3.63
1.31
1.23
0.05
0
0.01
0
0.03
0.8
0
12.26
4.24
5.17
24.72
5.98
1.18
3.4
1.03
0.34
0.35
0
1.88
1.1
0.01
0
0
0.01
0
6.88
11.42
0.44
0.85
0
0
0.04
0
0
0.05
0
0
0
0.01
0.88
0.92
0
0
0
0
0
0
0
0
0
0
0
0
0
0
0
0.01
0.16
10.24
0.21
0.08
1.51
1.13
0.09
1.57
1.59
0.97
0.01
0
0.01
0
0.07
1.37
27.94
0.42
0
5.1
6.02
2.38
2.53
0.51
0
0
0
0.09
4.12
1.93
0.31
1.62
0.6
0.47
0.02
0
0.07
2.22
2.56
0.05
0.84
0.22
0.24
0.23
0.03
0.01
0
0
0.05
0
0
0
0
0
0
0
0
0
0
0
0
0.07
0.73
11.59
2.43
4.7
5.51
5.77
13.5
0.84
0
0.02
0.01
0
0
0.04
0
0
0
0
0
0.1
0.06
0
0.35
2.88
1.36
1.41
0.76
0
0
0.34
3.78
0.82
0.67
0
0
0
0
0
0
2.33
11.67
3.59
0.13
0.22
0.01
0.01
0.05
0.04
0.05
0.01
0
0
0
0
0
0.01
0
0
0.01
0.01
0
0
0
0
0
0
0
0
0
0
0
0
0
3.43
0.17
0
0
0.02
0.55
0.18
0
0
0.02
0
2.7
9.49
16.86
6.43
3.67
0
2.79
0.02
0.01
0
0
0
0
2.54
2.52
4.15
0.01
0
0
0
0
0.05
0.05
0.01
0.02
0.3
0
0
0
0
0
0
0
0
0
0
0
0.11
0.6
0.86
0
0.11
0
2.86
5.04
0.01
0
0
0
0
0.02
0
10.82
0.08
0
9.59
0.04
0
0.2
1.14
8.21
0.05
0
0
0
0.03
0
0
0
0.02
0
0.02
0
12.95
1.88
0.18
0.31
0
0
1.16
0
0.07
3.4
1.96
1.57
0
0
4.85
0.78
0
2.14
0.05
0
0
0.02
0.04
0.05
0
0.27
14.3
0
0
0
0
0
0
0
0
0
0.05
0
0.09
3.19
4.96
0
0.54
0.09
2.76
6.34
4.06
0.03
0
0
0.16
0.68
1.43
7.46
0
0
0
4.53
6
1.2
0.21
0.03
0
0
0.05
0
0.98
3.79
3.39
0
0.04
0.02
7
24.48
2.38
0.46
0.07
0
0.02
0.04
0
0
0
0
0.02
0
0
0.03
0
0
0
1.18
2.71
0.08
0
1.62
0.67
0.02
0.04
0
0
0
0
0
0
0
0
0
0
0
0
0
0
0
0.69
0.18
0.04
0
0
0
0
0.01
0
0
0
0
0
0
0
1.88
0.91
1.23
1.79
6.42
0.11
17.78
33.62
0.9
2.88
1.64
6.24
3.95
19.91
1.39
0
0.06
3.84
0.06
0.14
0.09
0.84
0.15
0.01
0.25
0.56
0
0
0
0.03
0
5.65
0.21
0
0
0
0
0
0
0
9.96
2.23
0.21
3.91
8.01
7.57
27.27
17.07
5.15
1.59
0
0.95
5.2
0.54
0
0.03
0.01
0
3.52
0.43
13.14
12.37
3.72
0.86
0
0.03
0
4.39
1.28
2.66
4.72
0.32
2.41
0.03
0
0
0
0.62
0.2
0
0
13.54
11.52
4.13
4.75
0.4
0
0
0.06
2.48
0.17
0.07
0.03
0.34
0.54
0.02
0.01
3.88
30.1
0.36
0.05
0.04
0
0.05
7.5
11.09
11.92
4.71
0
0.29
7.16
0
0
6.77
6.46
1.34
3.22
5.2
0.96
0
0
0.08
0
3.75
1.38
0
0
0
0
0.09
3.43
13.68
18.15
10.62
8.45
5.07
4.15
4.71
0.29
0
0
0
2.42
0.08
0
0.33
1.88
0.62
0
0
0
0
2.59
2.09
3.68
0
0
0
1.09
3.19
0
0
0
0
0.08
0
0
0
0
0
3.63
6.24
0.04
0
0
0
0
0
0
0
0
0.78
0
0
10.38
0.1
0
0
0
0
2.48
11.37
5.45
0
0
0
0.05
0
0
0
0
0.01
0
0.02
0
0.16
0.02
0
0
0
0
0
0
0
0.08
0
0
0
0
0
0
0
0
0.01
0.02
1.45
0.13
0
0
0
0
1.51
0
0.01
0
0.03
0
0
0.02
0
0
0
0
0
0
0
0
0.17
3.6
0.02
0
0
0
0
0
0.01
0
0
0
0.13
9.01
9.48
0
0
0
0
0
0
0
0
0
0.02
0.1
0
0
0
0
0
0.01
0
0
0
0
0
0
0
0.03
0
2.2
9.57
2.43
0.68
0.05
0
4.77
0.04
1.2
2.66
3.38
9.82
13.26
2.75
0.06
0
0
0
0
0
0
0.01
0
1.43
11.25
22.94
3.59
0
1.87
0.54
0
0
0.08
0
0
0
0
0
0
0.4
17.34
7.61
9
8.66
1.82
2.88
4.66
1.29
0
0.55
0
0
0.01
1.98
2.83
0.77
0.09
0.03
0
0
0
0.01
0.1
0
0.05
0.24
1.93
0.67
0.03
0
0
0.03
0.07
0.06
0
0.05
0
0
0
0
0
0
0.01
0
0
0
0
0
0
0
0.3
2.08
0.26
0
0
0.01
0
0.93
0
0.03
0.02
1.02
0.28
0.02
0
0.02
0.01
1.34
10.14
2.07
1.48
1.09
0.03
3.13
8
12.64
11.4
1.7
0.1
2.93
0.96
0.01
0.29
1.72
4.57
3.97
0.39
0
0
0
0.01
0
0
0
0
1.17
0
0
0
0.02
0
0.22
0
13.77
0.93
1.26
0.02
0.23
0
0
0
0
5.17
1.34
0
0
0
0
0
0
0
0.07
8.36
2.2
0.77
8.03
3.01
3.19
0.16
0
0
3.07
0.02
0
0
0
0
0
0
0
0
0
0
0
0
0
0
0
0.03
0.01
0.17
0.27
0
0
0.1
1.06
5.43
1.23
3.52
1.01
2.07
5.59
0.04
0
0
0.16
3.3
0.82
0.6
0
0.02
13.49
11.74
4.09
0
0
0
0
5.15
10.13
0
0
0.02
0
0
0
0
0
0
0
0.89
4.68
0.1
2.82
7.21
5.7
19.05
0.02
0
0.01
0
0
0
0
0
0
0.02
7.89
0.23
0.01
0.07
9.73
0.42
0.02
0
0
0
14.79
0.95
0.76
6.73
0.02
0
0
0
0
0
6.66
3.41
17.23
1.54
0
0
0
0
0
0
0
0.02
0
0
0
0
0
0
0.07
0
0
0
0
0
0
0
0
0
0.23
0.01
0
0
0
0
0
0
0
0
0
0
0
0
0
0
0
0
0
0
0
0.01
0
0
1.28
5.38
19.95
8.77
0
0.38
0.03
0
0
0
0
0.03
0
0.26
3.34
0.03
0
0
0
0
0
0.24
0
0
0
0
0.82
13.64
0
0
0
0
0
0
0
0
0
0
0
0
0
0
0
0
0
0
0
0
0
0.01
1.25
0.74
5.48
12.4
0
0.04
0.65
0
0
0
0
0
0
0
0
0
0
0
0.02
0.59
5.53
0.94
0
0.66
0.09
0.03
0.02
0
0
0
0
0
0
0.01
0.03
0.01
0
0
0
0.16
0.11
0
0
0
0.84
0.05
0.03
0.14
0.19
0.01
0.01
0
0
0.03
1.33
0.76
16.8
8.78
0.52
0.37
3.92
1.66
0
0
0.05
0
0
0
0
0
0
3.17
12.56
0.69
0.51
0.52
0.02
1.64
0.22
0.16
0.12
0
5.84
14.68
6.84
0.93
0.82
3.3
1.32
0.01
4.12
1.64
0.04
0.1
0
0
0
0
0.02
0.05
0
0
11.22
5.6
0.08
0.11
0.02
0
0.01
0.45
0.38
4.12
4.71
4.08
2.65
0.58
0.43
1.93
0.52
2.14
0.87
0.65
0.84
0.01
0
0
0.01
1.37
0.05
0.05
0
0
0
0
0
12.33
21.77
16
10.28
7.09
8.57
3.04
3.9
1.74
1.53
10.82
17.21
5.66
2.72
0.92
31.54
2.42
2.45
11.54
1.35
7.61
0.6
0.09
0.85
9.82
1.73
1.08
0.15
0
0.02
1.47
3.84
0.29
0.02
1.43
2.78
4.37
1.07
13.01
10.45
6.48
10.15
15.43
21.28
8.59
1.79
0
9.62
3.61
0.01
0
0
0
0
0.23
0.68
0.44
0
0
0.11
2.21
8.58
2.59
0.86
0.02
0.02
0
0.01
0.58
0.82
0.95
0
0.03
0.03
0.37
0.01
0.02
0
0.31
8.65
3.63
5.2
8.77
6.14
5.01
0.06
2.61
1.94
1.43
10.52
8.34
9.82
6.12
4.47
11.03
14.73
3.65
2.16
6.29
5.65
1.53
2.86
11.25
2.83
0.43
0.25
0
0
0
0
0
0
0
0
0
0
0
0
0.34
3.23
1.09
5.33
5.35
2.95
0
0
0
0
0
0
0
0
0
0
0.92
0
0
0
1.37
4.8
0
0
0
0.03
2.34
2.76
0
0
0
0.04
0
0
0
0
0
0
0
0
0
0
0.07
0
0.12
0
0
0.06
2.51
0
0
4.49
6.64
0.65
0.06
0.02
0
1.25
0.24
1.81
2.04
0.8
0
0
0
0.01
0.89
0
0
1.9
0.7
0
0.13
1.05
8
0.48
7.68
0
11.23
1.86
0
0.02
0.43
1.03
11.48
2.48
0.09
0
0
0
0
0
0.02
0.7
0
0
0
0
0
0
0
0
0
0
0
0
0
0.33
1.56
0.11
0.67
4.52
0.02
0
0.57
22.7
14.72
2.25
0.56
0.01
0
0
0
4.24
3.6
0.5
1.23
5.37
14.62
1.48
0.3
0.04
3.64
10.48
4.34
1.18
8.84
2.1
2.38
1.45
0.29
0
0.24
3.5
1.29
0.75
4.41
3.88
9.25
5.86
2.81
3.92
1.85
10.53
4.42
0
0.05
1.68
0.55
0
0.03
0.01
0.05
0.03
0
0.02
0.06
0.03
0
0
3.2
11.82
0.94
3.45
3.84
0.32
1.93
0.36
0.03
0.02
0
0.01
0
0
0
0
0
0
0
0
0
0
0
0
0
0.02
0
0
0.01
0
0
0.12
0.05
0
0
0
0.12
0.09
7.14
1.25
0.05
1.06
0.69
0.42
0.19
0
0
0.23
1.41
6.84
13.38
7.88
0.23
0.06
0.03
0.02
0
0
0
0
0.05
0.12
0
0
0
0
0
0
0
0
0
0
0
0
0
0
0
0
0
0
0
0.02
0.02
0
14.27
0.04
0.56
0
0
0
0.02
0
0
0
0
0
0
0
0
0
0
0.01
0
0
0
0
0
0
0
7.22
8.14
4.48
0.62
0.66
7.33
8.91
3.91
7.59
4.47
2.12
0.02
0
0
0
0
0
6.84
28.22
18.12
2.33
0.81
0.31
8.62
30.5
2.55
0
0
0
0
0
2.69
1.2
0
0
0
0
0.04
0.18
0.52
0.54
0
0
0
0
0
1.48
2.78
0
0.38
0
0.01
0.01
0
0.23
0
0
0
0
0.02
0
0
0.01
0
0
0.64
2.17
2.11
1.02
0
0
0
0.47
0.39
0.35
0.35
0
0
0
0
0.01
0
0.55
0
0
0
0
0
0
0
0
0
0.67
3.55
0.69
0
0
0
0
2.19
5.25
0
0.07
0.03
0
0
0.01
1.25
1.61
0
0
0
0
0.02
0
0.01
0.48
2.38
0
0
0
0
0.02
0
0
0
0
0
0
0.02
0
0.04
0
0
0
0
0
0
0
0
0
4.31
0
1.4
9.37
0
0
0
8.5
5.38
0
1.46
0.56
2.12
4.23
0.38
0.16
0
0
0
0.05
0
0
0.38
0.25
0.12
0.28
1.25
16.09
6.02
7.69
0.4
1.05
0.97
0.5
1.03
0
0.06
0
0
0
0
0
0.02
0
0
0
0
0
0
0
0
0
0
0
0.64
0.41
5.88
0.06
0.16
1.31
3.2
9.84
8.61
2.12
11.75
5.62
0.34
0
0.01
0
0
0.02
0.38
0
5
5.95
4.59
9.64
4.62
2.34
0.23
0.28
1.33
2.19
2.4
8.56
5.41
6.94
1.78
0.59
5.19
0
0.38
0.93
1.59
13.53
6.03
1.77
0.81
3
0.88
2.92
3.09
8.05
0.12
0
2.19
0.72
0
0
0
3.03
0.23
0.07
0.41
8.16
0.09
0.05
1.05
0.03
0.75
0.53
34.62
21.25
12.14
4.51
0.04
0
0.03
0
0
0
0.01
0
0
0
0
0
0
0
0
0
0
0
0.06
0
0
0
0.01
0.02
0
0.14
5.89
0.69
0.56
12.94
4.12
4.19
1.19
7.27
0
0.77
2.91
0.19
1.6
1.53
0.03
0.13
0
0
0
0
0
0.3
0
0.02
0.04
0.02
0.02
0
0
0.01
0.06
0
0
0
0
0
0
0
0
0
0.02
0
0.44
19.56
2.88
1.59
0.12
4.94
0.78
0.01
0
0
0
0
0
0
0
25.44
30.12
4.23
0.06
0.05
0.06
4.66
1.36
2.62
1.03
0.49
1.55
0.3
0.02
0.68
5.16
23.19
6.78
0.7
0
0.01
0.19
9.42
2.63
2.01
7.45
4.99
1.05
0
0.08
7.17
5.58
7
8.34
12.31
3.91
0.41
7.16
0.58
0.84
4.32
8.64
5.23
1.77
0.09
0
0
0
0
0
0.18
0
0
0.02
3.05
0.91
4.09
0.14
21.25
0.4
3.95
13.51
0.23
0
0
0
0
0
0
0.07
0
8.93
4.6
0.25
0
0
0.01
7.85
0.03
0.06
15.16
6.58
0.64
0.03
8.78
0.02
0
0
3.62
0.41
0
0
0
2.94
0.05
0
0.01
0
0
0
0
0.09
3.22
0.05
0
0
0
0.04
0
0
0
0
0
0
0.08
2.39
14.55
0.27
0.05
6.2
0
0
0
0
0
0
0
0
0.22
0.16
0.4
0
0
0
0
0
0.01
1.05
0
0
0
0
0
0
0
0
0.25
0.02
0.62
26.16
0.05
0
0.01
0
0
0
0
0
0
0.02
0
0
0
0
0
0
0
0
0
0
0
0
0
0
0
0.03
0
0
0
0
0
0
0
0.34
0
0.34
6.16
14.25
0.94
2.75
0
0.03
8.71
12.53
0
1.36
0
0
0
0
1.03
20.97
0.06
1.09
0.01
0.01
0
0
0
0
0
0.03
0
0.02
0.1
0.01
0
0
0.66
8.12
4.97
0.05
4.3
0
11.52
0.1
0.12
0.08
0
0
0
0
0
4.91
0
5.5
15.89
2.25
0.78
0
0.11
0
0
0
0.69
1.43
0.03
0
0
0
0
0.02
0.01
0
0
0.22
0.22
2.12
0.09
0
0
0.07
1.11
5
1.56
0.03
5.92
7.73
0.66
2.62
9.19
4.77
0.04
0.5
1.57
1.25
0.2
0
0.05
3.59
0.19
0.22
0.08
0.45
0.98
0.14
0.02
7.03
1.81
0.03
0.14
2.98
3.3
1.17
1.25
0.33
0.09
0
0
14.81
7.05
1.23
0.54
0.35
0
0
0
0
0
0
0
7.16
12.84
1.86
16.84
1.06
12.56
1.26
1.25
1.7
5.56
2.5
0.22
0.07
0.16
0.14
0
9.25
8.47
12.33
10.28
26.66
0.47
5.09
5.3
0.01
0
0
0
0
0
0
0
7.47
2.19
0.01
0
0
0
0
0
5.45
0
0
1.3
0.03
0
10.31
1.75
0.02
0
0.04
0.02
0
0
0
0
0
0.02
7.5
0.06
0
0
0
0
0
0
0
0
0
0
0
0.42
2.33
0.4
0
0
0
0
2.37
4.09
13.02
9.17
0
2.35
2.8
0.86
0
0
0
0.11
10.09
7.73
5.69
0.76
8.21
1.23
4.59
6.41
12.41
5.59
4.44
2.2
1.06
3.02
2.11
0
0.01
0
1.05
8.66
3.09
0.28
0.14
2.23
0.28
0
0.01
0
0.01
0
0.01
0
0
4.47
1
0
0.24
0.16
0.65
0.95
0
5.18
8.6
2.88
3.73
9.62
6.66
0.95
0
0
0
0
23.48
8.81
0.02
1.36
0.16
6.73
2.66
3.09
3.47
0.31
0.02
0.48
1.16
0.19
0
0.03
0.02
0
0
0
0
0
0
0
0
3.07
1.08
0
0
0
0.05
0
0
0
0
0
0
0
0
0
0
0
0
0
0
0.09
0
0
0
0
4.64
0
0.06
0.02
0.02
0
0
0
0
0
0
1.24
0
0
1.14
0
0
0.72
11.34
0.01
0
0
0.1
3.34
0
0.2
0.01
1.17
0
0.91
0.12
19.62
49.75
0.69
0
0
0
0
0
0.01
3.75
0.02
0
0.01
2.28
30.56
3.84
1.12
0.37
0.02
0
0.06
0.09
0
0
18.82
0
0.01
0
0
0
0
0
0
12.11
0.11
0.04
0
0
0
0
0
0
0
0
0
0
1.39
0.3
0
0
0
0
0
0
0
0
0
0
0.02
41.81
8.12
24.47
1.61
12.39
0.67
0.27
0.05
0
0
0
0
0
0
0
0
0
0
0
0
0
0.02
0.97
5.62
20.88
0.59
2.41
6.38
1.31
3.27
0.28
0.05
0.52
5.64
0.22
0.02
0.67
1.12
0.09
9.48
0.02
0.38
0
0
0
0
0.04
0
0
0
0
0
0
0
0
0.75
3.75
5.75
11.53
0.8
0.03
0
0
0.01
0
0
0
7.3
4.02
0.78
0.01
0
0.06
0.06
0.01
0
0
0
0
0
0
0
0
0
0.01
0
0
0
0
0
0
0
0
0
0
0
0
0
0
0
0
0
0
0
0
0
0.08
3.2
1.1
0.05
0
0
0.04
1.27
0.12
0
0
0
0.05
0.2
0.47
0
0
0.02
0
9.64
1.31
0.12
0.61
6.23
0.36
0.2
0
17.83
15.16
5.59
4.22
1.52
0.28
0.62
0.14
0.88
0.88
6.19
2.94
0.56
2.28
2.36
2.5
1.16
0.05
2.31
7.11
0.89
0.38
0.43
0
0
0
0.01
0
0
1.58
0
2.31
1.77
0.69
0.06
0
0
0
0
12.67
7.03
0
21.22
4.69
0.38
0
6.37
3.48
2.04
0.03
0.79
4.47
8.91
2.38
0.09
0
0
0
0
0
0
0
0
0
8.98
1.48
0
0
0
0
0
0
0.02
0.01
3.17
1.56
0
0
0
0
0
0
0
0.59
1.45
0
0
0
0
0
0
0
0
0
0
0
1.95
0.37
0.17
0.07
0
0
0.83
0.08
0.08
0
0
0
3.27
0
0
0
0
0
0.05
0
0.02
6.94
0
0
0
0
2.2
0
0
0
0.12
0
0
0
0
0.03
0
0
0
0.36
0
0
0.01
0
0
0.66
1.79
0.32
0.4
0.83
0.6
0
0
0
0
0.33
0
0
0
0.16
0
0
0.02
1.19
0.84
0
0
0
0.74
0
0.05
1.7
2.83
9
0.05
0.34
0.02
0
0
0
0
0
0
0
0.12
0.11
0
0
0.82
4.17
13.34
1.61
0
0.05
0
2.36
10.8
7.26
0.26
0.81
0
0
1.69
0.27
0
0
2.23
0.45
0
0
0.01
0
0
0
0.09
0.3
0
5.89
1.97
2.36
0
0
0
0.73
0.3
1.27
8.59
6.66
7.19
1.97
4.08
0.78
0
0
0.03
0
0
1.72
2.12
0.17
0.34
2
0.67
0
0
0
1.61
4.58
1.03
0.75
0
0
1.67
4.33
6.48
4.61
4.62
1.12
3.53
9.02
8.62
3.8
8.11
2.66
0.04
4.7
0.94
0
0
0
0
0.47
2.95
1.94
0.8
2
11
13.94
9.88
7.25
20.09
27.69
12.73
7.72
3.05
2.9
0.42
0.03
7.33
1.55
0.58
0.06
0
0
0.05
0
0.05
1.14
0.25
0
