19510101
19.5
9.96
0.04
0.03
0.02
0
0
0
6.71
3.12
1.63
6.54
3.65
0.74
0.16
0.3
0
0.77
0.05
0
0.01
0
3.37
9.69
3.89
2.93
4.86
7.33
0.62
0.57
0.34
0.28
0.25
2.89
21.17
2.52
5.94
0.86
4.83
5.25
6.09
4.52
9.72
1.87
3.2
1.16
0
1.35
2.38
0
6.3
0.3
3.25
9.61
0.81
0.78
0.35
0.03
0.21
0.7
2.05
2.74
2.2
2.16
2.16
5.56
4.37
0.9
22.53
3.04
19.63
12.98
4.61
1.26
1.76
1.25
1.2
0.07
0.07
0.03
0
0
0.14
0
0.01
0
0.14
0
0
0.09
0.01
0.02
0
0.03
0.34
0
1.35
0
0.02
11.02
1.74
0
0
0
0
0
3.33
2.2
5.26
2.07
0.81
0.82
7.11
17.05
8.73
6.01
4.75
5.25
1.48
21.91
6.27
5.28
0
1.11
4.91
3.83
6.72
4.3
0.89
3.17
3.75
0
0.02
0
0
0
0
10.62
1.02
1.44
0.12
0.09
0.08
0
0.25
7.55
0.5
0.73
4.71
2.96
0
0
0.07
6.2
6.63
5.59
0.14
5.05
0
0
0
0.07
0.2
0
0
5.59
0
2.22
0
0.78
0.11
0
0.7
0
0.02
0
0.59
0
0
0.04
0
2.19
0.2
0.56
0
1.92
0.53
0.93
1.77
0
0.01
0
0
0
0
0.15
0.01
0
0
0
0
0
0
0
0
0
0
0.34
0.86
0
8.78
6.94
5.28
9.63
0.02
0
0
0
0
0.05
0
0
0
0.01
0.04
0.13
0
0
0.06
0
0
0.01
0
0
0.7
10.44
0.66
1.2
0
0
0
0.01
0.99
0
0.01
0
0
0
9.58
17.97
0.98
1.02
0.73
10.13
11.24
4.67
0
0
0
0.06
0
0
0
0.02
0.11
31.02
0
0
0.06
0
0
0
0
11.33
19.07
1.86
0.79
0.08
0
0.07
1.1
2.05
0
0
3.46
0.89
2.41
0.61
0.02
0
0.14
3.36
4.72
1.04
2.14
0
0.11
0.11
0.78
0.4
0.99
0
1.66
0
0.03
1.14
0
1.12
1.95
14.91
17.15
15.98
19.13
4.73
2.09
9.33
2.27
0
0.4
0
0.86
19.14
6.68
1.34
0.48
0.21
0.05
0.06
0.04
0
2.89
0
1
0.16
0
0
0.64
0.84
0.02
0.31
1.59
2.47
1.21
0
0.73
3.6
0.47
0.28
0.66
1.34
0
0.07
3.34
2.48
3.14
0
1.96
0.8
2.89
0
2.98
2.05
0
0.02
0
0
0
0.09
0.04
0.47
2.04
0
0.02
0
0
0
4.3
0.38
0
0.02
1.35
0.25
0.94
0.31
3.84
1.19
1.08
4.92
1.91
2.7
12.3
3.8
1.59
1.77
0.76
2.12
0.12
0.86
0.08
0.04
0
0
0.04
0.02
0.64
0
1.48
6.8
7.31
2.28
0.67
0.07
1.45
0.18
0.01
0.04
0.05
0.04
0.02
0
2.5
3.05
0
0
0
0
0
0
0
0
0
0.01
1.55
1.96
1.34
3.82
3.13
0.04
0.77
0
6.34
2.99
1.57
0.34
0.06
0
0
0.97
0
0.01
2.89
7.53
14.98
11.55
5.06
10.05
6.48
1.49
1.1
0.23
1.13
0.04
0
0.06
0.86
12.77
10.4
3.98
17.47
1.35
0
0
0
0.75
0.04
0.03
0.8
0
0
0.01
0
1.16
0.83
0.92
1.91
3.12
3.11
1.42
23.3
9.26
4.27
0
0.03
0
0.04
0.61
0.55
0
0
2.45
0.14
0
1.27
3.25
1.91
1.65
2.16
7.52
8.97
2.27
0
0.01
1.45
0.38
0
1.86
0
0
0.06
1.78
3.11
0.95
0.74
0
0.29
0.21
1.5
0
0
0.02
0
0.27
0
1.5
0.25
0
5.1
0
0.01
0.03
0.04
1.12
11.44
2.03
0.05
0
0.07
0.4
2.21
9.59
11.2
10.49
0
0.01
0
0.03
0.08
0
0.54
1.42
0.34
1.96
0
0
0.01
0
4.24
0
3.67
0.95
2.42
1.14
5.61
2.53
2.58
8.67
3.92
7.6
0
0
0
2.41
0
0
0
0
0.21
0
0.01
0
0
0
0
0
0.38
0.67
0.03
0.02
0
2.48
1.46
0
0.04
0.09
9.82
16.17
0.25
0.5
0.01
0.02
0.15
0
0.14
0.06
5.22
0
0
0.73
0
0
0
0.24
0
6.13
5
1.44
0.17
0
0.01
0
0
0.01
0
0.02
6.15
1.13
0
0
0.84
0.65
0
0.05
0
0.01
3.95
0
0
0.16
0.3
5.34
1.95
0
0.36
0.4
0
0
1.52
6.95
2.9
0.13
1.42
0.02
0.08
7.18
1.54
0.02
1.71
0.37
0
0
0
0.27
0
0
0.24
0.34
0.29
0.24
0.01
0.04
0.03
0
0.2
0.83
0.47
0.64
1.68
8.23
2.32
1.37
0.53
0.99
0.75
1.84
3.86
1.91
2.04
1.29
3.59
11.95
6.13
9.65
1.54
0.13
0
0
0.03
0
0.59
0
0
2.2
9.5
2.98
0.85
1.05
3.45
1.37
0.96
0.09
0.02
0.9
0
0.5
0.27
3.66
6.19
5.2
4.56
0.94
0.83
4.57
4.17
1.82
0.37
2.15
0.96
1.43
1.07
0.18
0.45
0.88
0.06
0.05
0.05
0.04
0.04
0.1
0.02
0.04
0.04
0.04
0.05
0
0.02
0.15
0.05
0.03
0.03
0.03
0.02
0.05
0
0
0
0.33
11.17
7.04
0
0.18
0.05
9.36
2.43
0.84
1.7
1.07
0.45
0.09
0.04
0.08
0.01
0
0.03
0
0.01
0
0
0
0
0
0.02
0
0
0.01
0
0
0.01
0.02
0
0.01
0
0
0.02
0.94
0.27
0
0.1
2.55
3.74
2.06
0.84
0.02
0.02
0
0
0
0.07
0.28
0.41
0
0
0.03
5.56
1.78
0.3
0.02
0
0.66
13.28
3.68
0.66
0
3.53
0.19
0.03
0
0.01
1.16
13.1
18.27
6.99
1.86
5.43
0.6
3.32
0
9.7
2.33
0.06
0
0.58
0.04
0.38
0.32
0.04
0
0
0
0
0
0.23
0.22
0
11.26
1.88
0.01
0.68
0.07
1.32
0.11
0
0
0
0
0.4
0
0.23
0.07
0
0
0
0
0
0.01
0.67
0.64
13.69
17.67
5.91
0.75
0.04
0
0
0
0
0
0
1.3
1.71
1.04
12.28
2.28
0.15
0.03
0.03
0
5.84
14.06
10.16
12.2
5.87
1.63
0.45
2.2
1.77
5.42
0
0.21
0.02
0.18
0.03
0
0.1
0.09
0
0
0.81
0
0
0
0
0
0
0
0
0
0
0
0
0
0.05
0
0
1.16
0
0
0
0
0
0
0
0
0
0
0.03
5.21
6.65
0.45
0.06
0
0
0
0
0
0
0.22
0.78
0.22
0
0.04
0.01
0
0
0
0
0
0.02
0.4
0
7.82
2.11
0.13
1.65
0
0
0
0.01
0
0.1
0
0
0.09
0.02
0.04
0
0
0
0.1
2.44
11.86
3.93
0.6
0.02
0.02
0.04
3.42
5.01
2.43
0
0.64
0
0
0
0
9.52
11.69
15.03
14.63
11.73
0.81
0.14
1.5
0.54
0.2
0
0.29
0.29
1.61
2.43
1.26
1.19
0.23
0
0.03
0.33
1.68
0.39
0.02
0.08
0
0
0
0
0
0
0
0.04
0.06
0.02
0
0
0
0.01
0
0.01
0
0
0
0
0.02
0
3.22
0.54
0
0.07
0.19
0
2.91
4.29
1.91
0.3
10.18
4.21
1.26
0.05
0
0.02
1.65
1.07
1
0.09
4.12
1.77
1.67
0.03
0.01
0.02
0
0.16
0
0.08
0.16
0.63
0.14
0.06
0.71
0.69
0.01
0.55
1.56
1.52
1.09
0.6
0.36
0.04
1.02
0
0.03
0
0.2
0.05
0
0.01
1.04
0.02
0.03
0.01
1.27
0.01
0
0.08
1.08
0
3.45
6.23
3.31
0.67
0.22
0.85
0.96
1.3
1.21
0.73
0.85
1.34
1.23
12.35
2.9
1.41
3.91
5.07
2.36
0.2
0.01
0.56
0.33
0.01
0.04
0.04
0
1.27
0.1
0
0.1
2.13
0.2
0.05
1.62
4.5
1.6
0.27
2.75
8.49
2.9
0.62
4.04
9.16
10.23
3.32
0.2
3.7
1.64
1.64
2.8
0
0.38
4.26
6.27
0.77
1.51
0.38
0.01
0.04
0
2.46
5.95
1.41
0
0
0.16
0.13
0.01
0.64
0.71
0.21
6.51
1.6
0.82
2.27
0
0
0.01
0
0
0
0
0
0.01
0
0
2.5
11.32
5.95
0.19
2.44
1.33
2.96
4.66
0.55
0.02
0
0
0
1.72
2.02
0.91
0
5.8
5.86
17.96
15.8
5.88
0
0.37
0
0
0.01
0.03
0.05
0.02
0.06
3.65
0
0
0.84
2.48
13.5
6.79
16.46
19.2
10.63
0
0
0.01
0.59
0.99
0
0
0
0
0.01
0
0
0
0
0
0.36
1.14
4.66
0.9
3.54
0
0
0
0
0
0.2
0
0
0
0
0
0
0
0.57
1.97
0.19
0.51
0.08
0
0
0
1.77
0
0
0
0.34
0
5.13
0
0
0
0
0
0
0
0
0
0
0
0
0
0
0
0.01
0
0
0
0
0
0.42
0.47
0.89
0.02
0
0
0.34
0
4.77
0.37
0.01
0
0
0
0
0
0
0
0
0
0
0
0.33
0.01
0
0
0
0.01
0
0
0.04
0.29
1.03
1.52
0
0
0
0
0
0.01
0
0.02
0.32
0
0
0
0
0
0
0
0
0
0
0
0
0
0
0
0
0
0
0
0.02
0
1.44
0
0.65
0.4
0.72
0.38
1.89
0
0.14
0
0
0
0
0.72
0.08
0
0
0.07
0.02
0
1.63
2.02
5.05
9.5
0.96
0.02
0
0
0
0
0
0
0
0
0
0.02
0
0.71
5.88
2.51
0
2.93
7.62
9.11
7.54
12.33
9.48
1.07
0
0.38
0
0.02
1.09
7.96
6.44
0
0.79
1.15
0
0.03
0
0
0
0
0.01
0
0
0
0
0
0
0
0
0
0
0
0
1.07
6.3
8.73
7.86
7.02
8.23
3.93
2.22
7.46
2.88
0.69
1.79
1.04
3.11
3.9
1.59
7.49
14.34
8.15
4.59
2.88
4.64
2.61
0.56
0
0
0.53
0
0.23
3.41
7.68
5.06
9.29
9.6
0
0.23
1.16
0.03
1.23
0
0.02
0
0.02
6.54
7.31
6.13
17.88
14.22
7.74
8.43
4.7
1.98
5.76
5.86
3.26
4.3
4.15
1.26
0
0.15
0
0
0
0
0.3
0.64
0
2.21
1.67
0.84
0.6
1.11
0.41
0
0
1.18
0
1.71
10.12
4.43
4.26
0
0
0.59
0
0
0
0.06
3.85
0.44
0
0
0
0
0.66
0
0
0
0
0.53
0
0
0
0
0.62
0.01
0.91
1.4
0
5.41
2.95
3.8
11.1
5.86
10.92
1.59
0.42
0
1.04
0.86
0
8.88
2.05
0
0.04
3.94
0.02
0
0
0
1.69
1.36
0.77
0.01
0.02
0.08
0.24
0
0.18
0
2.93
3.57
2.88
7.03
4.25
1.59
0.16
0.01
0.27
2.05
16.82
3.4
1.21
1.59
0.33
5.56
3.61
3.38
9.95
1.41
0.11
0.05
0
0
0
0
2.07
5.31
6.65
8
0.88
0
0
0
8.27
2.43
2.42
1.71
0
0
0.73
0
0.06
0
0
0
0
0
0
0
1.52
0.02
1.31
0
0
0
0.78
0
0
0.87
5.1
9.63
1.85
0.79
3.28
0.04
0.14
1.18
0.03
0
2.51
0.12
0
0.06
0.02
0
2.9
9.83
0.34
0
1.04
1.69
2.3
3.12
0
3.15
0
0.17
0
0
2.7
5.86
0.14
0.77
0.97
0.86
1.04
2.26
2.9
3.53
6.77
1.09
2.39
0
0.11
2.92
0
0
3.48
1.08
2.75
1.11
0.05
0.95
1.02
0.01
0
0.84
0
4.58
6.95
17.18
0.57
0.84
1.99
0.39
1.05
0
1.92
0.82
0.53
0
0
0
1.65
2.82
4.04
1.56
0.64
0.05
0
0
0.01
1.36
1.62
0
0
1.21
1.21
1.11
5.13
0
11.2
5.25
0.02
2.93
2.38
0
0
0
6.65
15.54
18.16
5.6
3.38
2.32
6.59
10.82
1.68
0.04
1.02
2.05
0
0.09
4.11
5.18
1.99
1.63
2.49
0.34
0.93
0.01
0.53
0.5
0.33
2.95
14.32
0.82
0.36
0
0
0.76
4.75
9.71
8.36
0.28
2.06
0.17
0
0.66
0.02
0.02
0
0
3.89
3.32
3.64
19.95
25.75
26.7
8.66
2.66
4.55
8.63
7.32
1.93
0.56
0.36
0.03
0
0.52
0
0.5
1.45
0.81
0.35
0.98
1.02
0.01
0.01
0.26
1.05
1.37
4.99
0
1.99
10.06
4.81
4.04
3.18
4.03
3.41
5.67
1.35
1.09
1.78
0.59
2.77
0.66
0
0
0.93
0
0.13
5.21
2.41
0.08
0.89
0.99
1.32
0.67
0.01
0
0.17
0.03
0.3
0.02
0.34
0.42
0.01
0.1
0.01
3.28
1.12
0.88
2.18
0
0.41
1.31
2.48
2.41
0.02
0.01
0.04
0
0
0.03
0.01
0.57
0
0
0
0.37
0.3
0
0.01
0
0.06
0.55
0.02
0
0.2
10.2
11.65
8.6
7.05
8.21
22.7
14.78
9.15
3.23
8.03
19.21
19.18
13.48
6.38
1.12
0.42
0.23
0
0
0.38
0
0.04
0.61
1.1
0.61
0.22
6.41
7.99
6.05
1.91
0.77
0.23
1.5
3.04
5.5
9.15
8.41
5.65
1.28
5.54
7.22
4.31
2.6
1.25
0
0
0
0.49
0
0
0
0.62
0.01
0.01
0.01
0.74
0
0
0
0.54
0
1.45
2.07
8.41
13.91
11.66
4.63
2.68
23.45
27.89
13.75
0.01
0
0.07
0.16
0
0
0
0
0.18
0
0.36
0
0
7.05
0.05
0
0
1.29
0
0
1.16
0
0
0
0
0
10.53
11.97
16.79
1.73
2.79
1.69
4.97
0
0.02
0
0
0
0.01
0.21
0.01
0
0.01
0.02
0
0
0.11
0
0
0.05
0
0
0
0
0.08
0
0
0
0
0
1.22
0
0
2.02
2.9
6.43
0
0
0
0.55
10.1
21.79
3.56
0
0
0
0.04
0.01
0.01
0.01
0.15
0
0
0
0
0.02
0
0.07
0
0
0
0.06
0
0
0
0
0
0.05
0.05
0
0
0
0
0
0
0
0
0
0
0
2.52
12.48
10.69
2.21
0.21
5.19
9.14
0.93
9.95
17.07
6.19
0.72
0.01
0
0
0
1.56
0.05
0.66
0.16
1.87
0
0
0.07
2.81
2.6
0.89
0.02
2.5
1.21
4.65
1.18
0.54
0
0
1.88
0
3.78
0.15
0.04
1.97
0.17
0.54
0
1.31
0
6.55
1.43
0.05
0.1
0.01
0
0.18
0.81
3.1
1.82
0.12
0.27
1.96
0.44
0.66
0.1
0.5
0.72
0.13
0.25
2.27
2.55
0.54
3.66
0
0.07
0
0
0.28
0.03
0.51
0.04
0.01
0
0.57
0
0
0
0
0
0.01
0
0.01
0.01
0.04
1.04
0.05
0.04
0
0.01
0
0.13
0.28
0.46
0
2.03
1.23
0.91
4.21
5.24
6.49
4.12
1.46
0.63
0.18
0.01
0
0
0
0.17
0.09
0.05
0
0.82
0
0.88
0
0.05
0.23
0.82
1.97
1.86
0.2
0.15
1.19
2.67
1.4
0.67
0.17
0.16
0.29
0
0.01
0
0.77
0.83
1.73
1.07
0.19
0.58
1.23
1.82
0
0.01
0.27
0.23
7.48
6.05
8.18
11.9
3.83
0.05
1.07
0.68
0.16
0.02
0.15
0.02
0.02
0
0.23
0
0
0
0.01
2.13
4.26
0.86
4.73
0
0.11
0.06
0.19
0.01
0.05
0.04
0
0
0
0
0.31
1.39
3.39
3.55
3.45
4.86
0.31
0.24
2.1
0.1
0.87
5.33
0.68
2.19
0
0
0.14
1.3
0.11
0
0
1.29
2
0
0
0
0.5
0
4.25
0.53
0.02
0.15
0.06
0.07
0.16
0.36
1.18
11.66
5.63
3.82
4.88
2.45
3.14
4.84
0.96
7.4
4.48
0
0.21
11.77
15.93
6.3
0.7
0.93
0
0
0.19
0
0.55
0
0
0.19
0
0.01
0
0
1.75
1.7
8.32
5.65
8.39
2.93
2.59
4.2
1.95
0.25
0.85
0
0.16
0.06
0
10.36
22.29
1.93
0.01
1.77
5.09
4.56
1.87
7.01
10.71
7.81
6.13
0
0
6.31
8.61
0
0
0.01
0
0.04
0.17
0
0.01
0.01
0
0.5
2.31
0.04
0.02
0
0.02
0.02
0.01
0
0
0
0.01
0.01
0.02
0.01
0
0
0
0.03
0
0
0
0.02
0
0
0
0
1.91
0
0
0
0
0.37
0
0.01
0.01
0
0
0.03
0
0
0
0.02
0
0
0
0
0
0.09
0
0
0
0.01
0.01
1.42
2.75
0
14.7
1.39
0
0.01
0
0
0
0
1.12
0.7
0
0
0
0.01
0.02
0.01
0.05
1.08
3
10.44
4.25
0.3
0
0
0.94
0
0
0
0
0
2.79
4.89
4.91
0
1.9
0
0
0.73
0
0.69
0.73
1.42
5.72
12.2
9.6
3.04
0
0
0
3.59
1.92
0
0
0
0
0.24
0.01
0
0
0.03
0
0.08
3.66
3.81
0.52
1.01
4.98
10.64
7.13
5.49
6.27
0
0
0
0
0.01
0
0
0.06
0.29
0
0
0
1.43
0.38
0.16
0.01
0
0.02
0
0.02
0
0.01
0
0
0
0
0.01
0
0.34
1.2
9.66
14.21
11.09
2.74
0.01
0.07
0.01
0
0
0
0
0.01
1.06
7.67
6.96
0.37
0.59
0.01
0
0
0
0
0.39
0
0.31
0.3
0.15
0
0
0
0.02
0.73
0.34
0.25
0.41
0
0
0
0
0.02
0
0
0.21
2.89
0.03
1.21
1.95
4.6
2.77
12.32
19.92
3.21
0.75
0.06
0.07
0
0
0.43
0.03
0.81
2.52
3.08
3.8
3.72
1.46
6.41
2.25
0
0
0
0.78
2.88
0.58
0
0.43
1.11
0.22
2.44
4.45
1.71
0.77
0
0.24
0.08
0
0
0
0.01
0.41
1.34
2.63
4.23
2.07
0.09
0
0.04
0.57
3.94
2.39
8.06
8.32
0.19
0
1.27
12.79
12.82
4.18
5.23
3.77
6.63
5.18
4.73
0.31
3.58
5.01
9.77
2.38
1.93
1.55
0.05
0
0
0
0.08
1.05
2.74
2.24
0
0
0
0
0.1
0
0
0
0
0
0
0.06
0
0
0
0
0.01
0
0
0
0.01
3.59
0.06
9.42
3.09
1.09
1.05
19.59
1.51
0
0
0
0.01
0
0.1
1.96
0
0
0
0.13
0.02
0
0
0.02
0
0
0
0
0.01
0
0.29
0
0.08
1.48
4.64
9.3
0.02
1.65
4.36
0
0.01
0.11
6.91
0
4.21
1.79
0.52
0.52
0.1
0.04
2.85
1.75
4.18
0.68
0.76
1.52
0.86
3.41
0
0.13
0.2
4.39
0.02
0
0
0.01
0.19
0
0
0
0.16
0
0
0
0
0
0
0
0.01
0
0.02
0
0
0
0
0
0.13
0.27
3.91
0.39
0
0.66
0
0
0.01
0.07
0
0
0
0
0
0
0
0
0
0.01
6.52
4.04
1.04
0
0.01
0
0
0
0
0.39
0
0
0
0
0
0
0.05
0
1.73
0
1.18
0
0.85
0.01
0
4.97
2.88
1.86
2.97
0.01
0
0
0
0
0
0.07
0
0
0
0.03
0.46
6.92
5.78
0.3
1.91
0
2.02
10.89
3.45
0.83
0.03
0
0.51
0
0
0
0
0
0
0
0
0
0
0
0
0
0
0.55
0
0
0.24
0.23
0.62
0
0
0
0
0.07
0.05
0.04
0
0
0
0
0.86
0.38
0
0.52
0.02
0.71
1.44
3.65
0.26
0
0
0.02
0.54
0.54
0
3.19
1.93
0
0.73
2.75
2.99
10.98
9.89
7.47
5.35
2.22
4.43
2.61
0.64
2.94
6.87
23.75
11.95
11.51
7.1
9.21
23.75
24.45
10.66
6.88
8.79
2.08
1.82
5.58
0.12
1.13
0.21
0
0.01
0
0.05
0.06
0
0
0.09
0.09
0.1
0.49
1.7
3.75
0.84
1.63
0.78
4.26
1.89
0.09
0
0
0.14
8.15
3.54
3.04
0.26
0.07
0.01
0
0.17
0.15
0
0
0
0
2.13
2.54
2.19
0.07
1.75
3.01
2.56
2.47
0.22
0.42
0.81
0
0
0
0
0
0
0
0
0
0
0
0.03
0
0
0
0
0.94
3.18
20.41
12.52
5.7
8.81
1.09
7.72
18.66
4.48
6.1
4.38
0.01
0.14
0.05
0.08
0
0.02
0
8.77
9.53
1.92
2.2
2.23
0.1
0.03
0
0.98
1.33
0.83
3.44
0
0.14
0
0
1.08
0.55
0.45
0.14
0
0
0.1
0.15
7.1
9.48
8.01
6.24
1.64
0
0.01
1.68
0.42
2.29
0.96
2.55
0
0.22
0.63
0.42
3.73
3.46
0
0.25
0.17
0.14
2.81
10.03
14.8
7.55
0.46
1.32
0
4.27
0
0
0
0.63
4.14
6.91
4.4
11.27
0
2.63
0.03
2.43
2.02
2.3
1.13
7.89
6.32
0
0
0
1.16
0.1
3.51
10.83
16.43
0
0
0
0
0
0.01
0.06
2.38
0
0
0.13
0.09
0
0.01
0
0
0.04
0
0.16
0.23
0.07
0
0
0
0
0
0
0
0
0
0.04
0.01
0
0.35
2.15
0
11.3
1.22
0
0
0.33
4.29
0.52
3.32
9.34
3.49
8.91
0
0
2.86
0
0.01
0.01
0
0
0.06
1.56
7
6.05
7.52
0
5.72
1.01
0
0
0.01
0
0
0
0.01
0
0
0
0
0.02
0.08
0.02
0.01
0
1.27
0
1.82
0.2
1.8
4.53
0.37
0.11
4.14
16.96
14.39
0.42
0.16
0.02
0.52
0.15
3.02
2.47
1.27
0
0
0.01
0.55
1.22
0.17
2.75
5.77
3.34
0.07
9.17
8.96
0.69
0.89
12.07
5.42
9.04
3.44
0
0.32
0
5.12
0
0.14
1.05
0.32
0.9
0
0.96
0
0.14
0
1.36
2.73
5.52
3.18
6.09
5.08
1.86
0.01
0.13
0.03
0.95
5.41
4.42
5.16
2.48
1.16
0.45
0.45
0.59
0
0
0
0
0.01
0
0.01
2.94
8.63
0
0.64
2.92
7.49
6.36
11.43
1.42
1.29
8.7
2.27
3.24
0.05
0.02
1.4
5.39
0.91
1.64
9.91
26.02
8.46
0.98
0.73
1.91
1.37
10.33
11.36
10.38
16.82
18.93
9.87
3.25
0
0.5
1.13
1.04
0.29
1.8
0.49
0.78
3.26
1.75
13.37
5.04
3.69
6.63
10.31
0
0.29
0.66
0.12
0.1
0
0.1
0
0
0
0
0
1.38
5
3.46
1.98
3.06
1.43
2.41
0.58
1.4
1.62
1.54
0.12
1.13
2.31
2.53
6.85
13.92
16.89
21.86
13.29
2.3
0.19
0
0
0.18
0
0.44
2.44
4.18
2.29
2.05
2.16
6.19
4.27
4.84
6.81
8.16
5.87
7.26
13.52
12.91
9.27
7.05
9.39
5.07
5.49
3.25
0.41
0.1
0
0.29
0
0
0
0
0
0.04
7.4
3.88
5.94
4.65
4.46
0.66
4.61
9.51
11.3
10.79
5.98
0.05
0
0
0.03
0.01
0.51
0.78
6.23
8.52
4.1
2.77
4.26
2
5.25
2.39
0.13
3.98
0.93
0
0
0.07
0
0.34
0
0
0.09
0
0
0
0
0
0
0.01
0
2.42
2.26
2.2
0
0
0
0
0.21
0
2.48
3.01
0.76
0.65
0
0
0.01
0.02
0.02
0.01
0
0
0
0
0.03
1.31
7.24
1.59
3.66
7.44
1.51
1.13
0
1.91
0
0
0
0
1.09
8.23
0.07
0
51.22
14.98
8.15
2.55
6.79
4.09
4.9
3.88
0.69
0.31
0
0
0
0
0.56
0
0
0.01
0.02
0
0
0
0
0
0.22
0.02
0
0.02
16.66
0.11
0.75
0.02
0.35
0.15
0
0.01
0
0
0
0
0
0
0
0
0
0.27
0
0
0
0
0
0
0.01
0
0
0
0.05
0.38
6.14
6.09
0
0
0.01
0
0
0
0
0
0
0
0
0
0.16
0
0
0
0
0
1.81
4.16
5.48
0
0
0
0
0
0
0
0
0.01
0
0.01
0.01
1.19
2
0
1.55
0.03
0
0
0
0
0
0
0
0
0.91
6.45
9.77
2.75
0.23
0
0
0.79
0
0.61
0
4.53
3.27
2.99
0
5.01
4.18
0
19.37
19.65
18
12.14
4.86
2.28
2.17
0.84
0
0
3.67
14.72
9.41
0
0
0
0
22.86
7.41
17.26
11.27
17.2
14.12
0
1.55
10.59
17.84
4.04
6.91
0.7
5.27
0.67
2.83
7.52
3.61
2.8
0
0.21
0.05
5.14
3.82
1.6
0
0.23
0.9
1.78
0.72
1.02
1.34
2.26
15.05
5.3
2.92
0
0
0.38
1.3
0.2
0.02
0.02
2.82
0.74
0
0
8.84
2.3
11.84
0
1.75
2.22
0.61
0.42
2.49
1.84
0
0.68
3.24
0.09
2.91
0
0
0
0.74
1.34
2.72
4.99
5.02
6.56
3.01
1.71
5.82
3.8
3.43
4.92
2.12
0.57
0.36
0.22
0.37
0.84
2.17
1.41
0
0
0
0
0
0
0.54
1.38
1.54
8.89
6.11
3.52
1.22
2.04
0.47
0.66
1.18
0
0.14
0.03
0.08
0.41
0
0
0
0.2
0.01
0
0
0
0
0
0
0
0
0
0
0
0.39
0
0
0.01
0.07
1.08
0.2
0
0
0
0
0
0
0
0
0
0
0
0
0.01
0.01
0
0
0
0
0
0
0.9
4.69
4.49
1.03
4.45
1.78
1.42
0
0
0
0
0
0
0
0
0
0
0.1
0.89
7.84
7.36
1.93
4.29
2.59
0.15
0
0.08
0.05
0.44
6.88
4.91
0
0.5
0.88
1.89
12.27
6.14
0.09
1.73
0.13
2.08
5.53
5.48
0
0.06
0
0
0.86
4.91
0
2.64
1.51
0
2.54
0
0
0
0
0
0
1.61
0
0.39
0.42
0
0.99
6.42
0.34
0.43
0
3.42
4.1
8.63
22.69
11.61
2.25
0
0
0
0.32
0.82
0
0
0.04
0
0
0.03
0
0
0.21
0.21
0
0.05
0
0
0.03
0.21
2.29
1.16
8.88
4.46
0
0
0.44
0.87
2.96
0.24
0.01
0
0
0
0
0
0
0
0
0
0
0
0
0
0
0
0
0
0.07
0
0
0
0.54
4.86
3.28
0.17
0.17
8.28
6.23
3.08
1.04
0
0
0
0
0
0.55
3.18
2.61
2.35
0.12
5.48
0.45
0.01
0.01
0
0
0.02
0
0
0.01
0
0
0
0
0
0
0
0
0
0.32
3.02
13.04
3.91
7.78
0.02
0
0.21
0
5.75
0
0
0
0.02
0.02
0.01
0
39.02
26.32
0.46
0
0.04
0
0
0
0.77
5.49
13.94
17
6.49
1.18
0
1.45
0
0.7
9.84
0.83
0.03
0.02
0.02
0
0.01
0.08
2.27
13.41
5.07
0.26
1.05
0
0
0
0
0
0
0
3.03
0.66
0.28
4.82
0.34
0
0
0
0
0
0
0
0
0
4.54
4.09
13.51
10.91
2.16
4.15
4.49
5.33
3.2
1.59
0.87
11.27
14.31
7.84
3.66
0.97
20.78
13.38
1.84
25.59
3.06
0.04
0
1.16
1.08
0.39
0.46
0
0.25
0.19
3.86
0.11
0
0.02
0.01
0
0.09
0.06
0.79
0.68
0
0
0
1.59
6.39
6.89
17.3
10.34
1.34
1.08
0
12.9
6.55
5.2
14.31
4.61
1.53
0.51
0
0.59
0.01
1.24
1.39
4.18
3.65
3.61
11.34
3.64
0
5.72
8.08
3.81
0.02
0
0
0
0
0
0
0
0
0
0
0.01
0.79
0
0
0
0
0
5.04
1.91
0
0
0
0
0
0
0
0
0
0.01
0
0
0
0
3.63
6.52
6.94
6.76
14.63
2.7
0.53
6.66
10.32
6.13
4.66
0.5
6.2
10.38
5.98
1.14
2.43
0
0
1.68
0
0
0.05
0.82
0.3
2.97
2.96
0.43
0.05
2.94
0
0
0
1.43
0.76
0.04
0.02
0
0
2.24
0
0
0
0
0
0
0.01
0
1.46
3.58
2.58
3.38
6.49
7.04
6.54
0.46
0.16
0.83
0.03
0.14
8.52
4.8
3.16
5.11
3.41
5.23
8.26
4.39
0.41
0.29
0.04
0
0
0
0
0
2.73
0.76
1.17
0
0
0.18
0
1.79
10.09
0
5.46
0.02
0
1.24
3.67
8.85
10.33
4.29
0.18
1.17
14.77
8.22
0
0
0.64
4.35
3.56
0
0
0.6
0
0.02
0.26
2.13
9.89
8.19
1.86
0
0
0
0.03
0
0
0
0.2
0
1.93
5.64
10.14
4.14
2.94
5.58
0
0
0
0
0
0
0.04
0
0.01
0.01
0.01
0
0
0
0
0
0.01
0
0
0
0
0
0
0
0
0.01
0
0.07
0.02
0.01
0
0.33
0.03
0.08
0
0
0
0
0
0
0
0
0
0
0
0.03
0
0
0
0
0
0
0
0
0
0.12
1.36
0.08
0.05
0
0
0.04
0.11
0
0
0
0
0
0.02
0
0.02
0
0.02
0
0
0.27
2.16
0
0.09
3.61
3.77
2.53
0
0
0.02
15.4
18.95
12.28
0
0.71
0
0
0
0.31
0
0.02
0.5
0
0.01
0
0.09
4.79
0.4
1.95
7.53
15.2
4.48
0.22
0.03
1.41
0.68
0
0
3.1
0
0
0.09
9.42
4.03
0
0
0
0
0
0
14.01
10.41
3.6
7.52
1.07
1.37
3.36
1.67
0.54
0
0
0.02
0.01
0
0.95
0.5
0.22
3.49
0.64
0.44
0.14
0.22
0
0
0
0.01
0
0.01
0
0
0
0
0
0
0
0
0
0.01
0.24
0.86
2.21
2.61
0.01
0
0
0
0
0
0
0
0.39
0.17
0
0.4
6.24
12.83
20.16
15.2
6.59
13.55
12.2
1.39
4.63
6.63
15.19
1.13
4.8
5.92
9.96
2.87
3.23
2.69
1.39
0.41
1.96
3.88
1.83
1.59
0.54
0
0
0.14
0.05
0
0.04
0
0.03
0.01
0
0.11
2.88
1.76
2.94
2.75
0.81
7.44
0.28
4.5
14.64
15.91
2.76
0.8
1.23
9.4
25.41
7.36
3.92
8.96
4.86
1.96
0.79
0.32
1.35
1.52
0.07
0.32
0.51
0.37
0.35
0
0.7
0.14
0.04
0.01
0.85
5.58
3.85
9.04
6.13
5.87
0.13
0.26
0.89
7.41
0
0
0.01
0
0
0
0.81
0.08
0
0.01
0.47
0.19
0.68
1.37
0.06
0.01
0.05
0.48
4.5
1.27
0.28
0.72
24.15
23.22
18.65
5.06
6.07
5.15
0
0
3.43
7.89
10.79
0.16
0.4
0.08
0
0
0
0
0.02
0
0.02
0.05
0
0
2.2
0
0.01
1.18
0.17
0.83
0.59
0.03
0
0
0
0
0
0
0
0
0
0
0
0.09
0.83
0.25
0.09
0.52
0
0.55
1.88
2.57
5.65
0.01
0.61
2.12
9.71
11.3
4.3
0.19
0.29
0
0.88
0
0.02
1.9
0.32
0.02
0
0
0
0
0
0.94
0
0.25
4.45
0
0.07
6.66
6.54
1.72
7.89
2.49
0.02
0.02
0
0.02
5.3
0.05
0.03
0
0
0
0.05
0.2
0.01
0
0
0.06
0
0.04
0
0
0.16
0
0.04
0.66
10.71
38.06
1.63
0.98
0.32
3.88
0.71
9.51
0.7
0.05
0.02
0
0
0
0.01
0
0
0
0.05
1.19
0.05
0
0
0
0
0.01
0.01
0
0
0
0
0.02
0.05
0
0.06
0
0.01
0
0
4.15
11.51
4.97
1.06
0
0
0
0
0.03
0.76
5.75
8.02
4.52
2.53
3.5
3.59
3.56
0.73
0.45
0
2.84
2.89
0
0.05
0.01
0
0
0
0
0
0.3
0.06
0
0
0
0
0
0.02
0
0
0
0
0
0
0
0
0
0
0
0.01
0
0
0
0.01
0.05
1.96
0
0.38
22.56
5.57
9.45
15.79
5
17.98
16.94
6.71
0.24
1.16
16.03
0.58
6.86
20.96
37.05
16.12
22.47
0.96
0.06
0.09
0.92
0.15
0
0.07
0.06
0.91
9.9
9.27
0.17
2.46
4.85
0.58
3.45
10.69
5.33
5.18
0.95
6.38
2.78
0.42
1.05
6.36
8.24
2.17
0
15.51
1.2
0.36
6.1
2.54
0.79
0
0
0
0
0
0.09
0.01
0
0
0
0
0
0
0.01
0
0
0.04
0.09
0.06
0.01
0
0
0.3
1.4
3.94
0.2
0.02
0.02
0.01
0.02
0.27
0.12
0
0.01
0.02
0.01
0.01
0
0
0
0
0
0
0
0
0
0
0
0
0
0
0
0
0
0
6.77
15.46
9.12
8.05
7.29
18.12
0
0
3.94
4.5
17.62
24.29
2.79
6.67
6.38
5.7
0.2
0
2.03
0
0.96
0.12
0.35
0.44
0.05
1.05
7.67
11.59
2.59
2.04
3.98
0.05
0
0.06
0
6.96
5.7
4.27
0.97
0.04
5.52
0.25
0
0.04
5.23
7.19
0.41
7.24
4.34
2.31
1.98
2.34
0.77
1.81
0.18
0.09
1.55
0.9
1.73
0.38
0
0
0.38
19.26
8.15
17.98
6.87
0.36
0
0
0
0
0
0.27
0
0.01
0
0
0.53
0.1
0.01
0
0
0
0
0
0.05
0
0.09
0.48
0.25
0
0.95
0.61
0
0.02
0
14.17
0.08
4.59
0.53
0
0
0
0.01
0
8.64
0.02
9.59
2.13
1
0.33
3.33
0
0
0
0
0
0
0.01
0
0
0
0
0
1.09
6.19
11.37
4.27
24.86
6.76
0.79
5.84
32.67
7.13
0
0.02
0
0.01
0
3.67
0.01
0
0.11
0.25
0.01
0.01
0
0
0.01
0.3
0.31
0.04
0.66
1.83
0.13
0
2.73
0
1.39
0
1.21
3.73
1.12
0.27
0.03
0
0.14
0
1.61
0.02
0
0
0
1.85
0.07
0.01
0.01
0
0.27
6.22
1.71
0.06
0
0.03
0
0.14
0
0
0
0
0.02
0
0
0
0.02
0
0.01
0
0.76
0.04
0
0.21
0
0.19
0.01
0
0
0
0.06
0.85
0.04
0.01
1.97
1.3
0.4
0
0
0
0.63
2.69
0
0
0
0
0.48
2.46
2.97
3.16
8.98
2.87
4.7
0.52
0
0
0.04
0
0.09
0.16
3.95
2.45
10.57
5.36
7.25
3.42
0.02
0
0
0
0
0
0
0.68
0.16
0.02
0
0
0
0
0
0
0.02
0
0
0.77
12.16
31.73
4.97
0.01
0
0.01
0.06
0
0
0
0.01
0
0
0.01
0
0.01
0
0
0.01
0.02
0.01
0
0
0
4.61
2.01
0.2
0.52
0.36
0.03
0
0.02
1.14
0.17
0
0
2.21
0.7
0
0
1.51
1.32
2.86
2.63
0.41
0.47
1.78
1.14
0.6
7.79
1.59
1.21
0.21
10.52
0.37
0.6
0.18
0
2.03
0.08
0.35
0
1.23
0.06
0
5.91
1.59
1.09
1.45
0.19
0.47
0.07
0
0.88
3.79
8.77
5.84
5.86
0.25
0.01
0
0
0
1.58
7.31
4.7
6.47
9.83
0
0.09
0.1
0.41
0
0
0
0
0
0
0
0
0
0
0
0
0.34
0
1.25
0.17
1.12
6.37
7.63
2.52
2.27
4.82
3.96
3.3
19.27
24.16
5.94
5.14
10.63
0
0.03
0.68
0.18
1.89
8.02
13.53
9.53
3.79
9.7
5.08
4.55
3.52
0.27
0
0
0.09
1.04
0
0
0
0
0
0
0
0.34
2.79
7.55
1.13
0.7
4.97
3.6
2.38
0.41
0.64
0
0
0
0
0.18
0
0
0
0
0
0
0
0
0
0
0.01
0.04
0
0
0
0
0.29
5.33
2.19
0.63
0
0.26
0
0
0
0.01
0.02
0.01
0
2.92
0.18
0
0
12.34
16.77
0.92
0
0
0
0
0
2.81
5.75
0
0.02
1.16
0
0.03
1.07
7.19
0
0
0.58
3.45
2.45
0.71
0
0
0
1.32
1.23
0
0.81
0
0
0
0
0
0
0
0
0
0.02
0.03
0.39
0.55
1.58
2.76
0
0
0
0.41
0
0.03
0
0
0
0
0
0
0
0
0.01
0
0.04
0.49
0
0.07
0
0
0
0
0
0.22
8.43
3.07
0
0
0
0
0
0
0
0
0
0
0.19
0.05
0.04
0.32
0
0
0
0
4.27
8.33
3.38
0
0.09
0
0
0
0
0
0
0
0
0
0
1.46
0
0
0
0
0
0
0.01
0
0.68
0
0
0
0
0
0
0.01
0.02
0
0
0
0
0
1.83
35.82
14.43
15.36
9.01
9.3
26.41
0
0
0
0.59
18.96
5.14
7.29
2.23
20.06
7.43
3.76
0
0.02
0.04
0.46
0
0.22
1.93
4.53
13.11
0.35
1.97
0
0.34
3.1
6.06
0.48
6.08
13.14
6.87
0.45
0
0
0.46
9.23
19.73
22.63
8.45
1.73
3.42
0
3.59
7.74
5.29
2.07
2.23
2.18
12.96
8.22
15.23
3.98
15.71
1.23
0
0
0
1.39
1.27
1.65
1.38
7.05
0
0.9
7.21
0.84
0
0.38
3.83
15.71
3.79
1.19
0.05
0
0
0
0.01
8.99
0.44
0
0.04
0.5
2.09
0
0.72
1.6
0.11
2.32
18.85
5.53
2.27
0
0.02
0
0.04
0.25
0.24
0
0
0
0
6.31
3.35
2.2
14.28
6.21
3.09
7.34
6.93
9.87
11.15
19.21
18.95
17.77
10.98
7.88
3.85
2.43
3.98
0.58
0
0.61
4.07
1.26
0.25
0.28
0.84
0.21
0
0
0
0.1
0.23
3.93
14.39
5.63
24.23
9.82
1.9
13.51
7.69
1.08
6.31
7.24
22.59
9.96
5.12
0.34
1.01
0.05
2.09
22.98
3.3
0
0.05
1.13
0.36
0
0.01
0
0
0
0
0
0
0
0
0
0
0
0
0
0
0
0
0
0
0
0
0
0
0
0
4.15
8.26
8
1.93
3.99
4.5
2.63
3.31
11.06
8.43
8.34
10.33
6.14
2.87
13.14
21.99
5.88
0
0
4.84
0.44
0
0
4.65
0.37
0.92
0
5.48
0.05
0.59
0.37
0.18
2.92
3.91
0
0
0.12
0.02
0
0
0.43
8.73
6.79
0.22
0
0
5.36
1.53
7.79
0
0.01
0
0
0.57
0.26
2.07
0
0.16
0.47
4.98
7.83
0.66
5.5
7.48
4.62
10.21
0.44
0
5.23
15.26
7.05
0.18
0.01
0
3.41
3.57
0
0.01
0
0
0
0
0
0.27
0
0.01
0
0
0
0
0
0
0.18
1.57
0
0
0
0
0
0
0
0
0.01
0
0
0
0
0.02
0
0.01
0
0
0
0
0
0
0
0.67
0.14
0
0
0
0
0
1.12
0
0
0
0
0
0
0
0
0
0.02
0.26
0
0.03
0.06
0
0
0
0
0.55
0
0.02
0
0
0
0
2.34
1.34
0.05
0
0
0
0
0
0
0
0
0.01
4.68
0
0.03
0.53
1.98
3.62
0.86
0
0
0
0
0.01
0.01
0.02
0
0
0
1.11
10.06
11.63
1.4
2.39
3.3
3.52
15.9
4.49
0.74
0
21.41
11.07
0.93
0.02
0
0
13.38
15.52
5.71
1.5
2.29
10.22
4.6
6.52
1.07
0
0
10.85
10.6
2.88
0.21
0.62
0.29
0.01
0
0
3.88
0.95
14.1
32.39
21.51
7.37
9.54
5.99
0.93
0
0
0.01
0
0.02
0.02
0.01
0.13
0.13
0
0.46
1.16
0.05
0
0
0
0
1.06
0.51
2.59
7.69
4.3
0.59
0
0.26
0.04
0
0
0
0
0
1.5
0
0.01
0
0
0
0
0.01
0
0
0
0.01
0.01
0
0
0.05
0.02
0.52
0.26
0
0
0
0.34
0.38
2.73
1.16
1.02
1.32
12.68
9.54
3.02
0.17
0.02
0
0.85
0
0
0
6.72
2.74
8.34
2.36
1.2
0.04
0.55
0.3
0
0
0.32
0
0.02
0
0
0
0
0.21
1.16
0.53
0
0.04
0
0.17
0.74
4.11
5.04
11.24
11.79
16.1
4.44
0
0
0
0
0
0.07
3.72
0.6
0.3
0
0
0
0.13
0.03
4.85
1.59
0.07
25.39
8.17
0.1
0
0.01
0.01
0.04
0
0
0
0
0
0
0.01
0
0
0
0
0
3.98
14.79
2.78
0.8
0.89
0
0
0
0.01
0
0
7.69
16.81
9.67
7.83
1.14
2.2
1.12
2.38
3.58
2.2
3.22
1.04
1.86
0.77
0.4
0
0
0
0.04
0
0
5.05
0
0.15
5.83
2.03
0.27
0
5.41
2.77
0
3.99
4.48
2.1
2.29
0.85
4.04
2.9
2.04
6.94
4.7
2.27
0
0
0
0
0
0
0
0
0
0
0
0
0
0
0.11
0
2.56
4.82
7.44
6.97
0.13
0.62
0
0
0
0
0.88
2.12
0.02
0
0.22
0.05
0
0
0
0
0
0
0.04
0
0
0
0
0
0
0
0
0
0
0
0
0.17
0
6.63
5.89
1.78
0.65
0.07
0
0
0
0
0
0.02
0
0.05
0.12
0
0.12
0
0.01
0.16
0
0
0
0
0
0.65
0.23
0.47
0
0.7
0.71
0
0
0
0
0.44
0
0
0
0
0
0.02
0
0
0
0
2.87
0
0.41
0
0.67
0
0.21
0.08
4.72
5.98
0
1.13
0
0.03
0.01
0.01
0
0
0
0.01
0
0
0
0.02
0
0
0
4.15
0
0.01
0
0
0
0
0
0
0.59
0
0
0
0
0
0
0.09
0
0
0
0.02
0.49
1.32
1.1
0.01
0
0
0
0
0.97
5.15
2.33
9.86
2.51
0.01
0
0
0
0
0
0
0
8.13
3.24
8.93
2.64
0.32
7.01
8.57
3.98
0.38
0
0
0.04
12.13
29.68
14.37
24.11
2.51
0.09
2.32
0.54
0.36
0
2.37
9.66
16.72
0.95
0.16
0
0
0.01
0
0
0
0
0
0.02
0.26
0
0
0
0
0
0
0
0
0
0
1.27
0.09
0.05
0
0.13
0
1.47
2.24
0.02
0.07
0.57
0.86
0
0
0
0
0
0
0
0
0
0.19
0
0
0
0
0
0
0
0
0
0
0
0
0
0
0
0
0
0
7.21
1.27
0
0
0.09
0
0.59
0.78
13.61
10.05
7.14
16.18
7.43
2.84
5.29
14.2
12.04
9.23
6.04
1.69
1.2
4.25
3.04
4.37
8.79
3.48
0.82
5.3
10.65
3.16
2.26
0
3.04
8.83
1.2
0
0
0
0.04
1.45
7.79
0.28
0
0.02
0
0
0.06
0
0
0
0
10.69
2.52
0.55
0.05
0
0.21
13.27
0.75
0
2.8
18.88
11.31
0.9
0
0.01
0
3.2
7.63
2.64
1.07
0
2.45
1.89
1.48
6.45
16.4
4.04
1.16
0.11
0.47
0.01
0.01
5.48
4.64
16.27
2.55
0
0
0.16
0
6.85
3.48
0.32
0
0.32
0.54
7.61
10.28
2.7
0.53
6.85
0.41
0
0.01
0
0.01
0.03
0.01
0
0.14
0
16.78
1.8
0
0
0.61
7.56
1.3
4.39
4.83
2.93
1.11
0
0.01
0
1.83
0.98
0
0
0
0.01
0.05
0
1.3
0.08
0.01
1.97
8.39
3.15
0
1.75
2.55
1.08
0
0
0.12
0.87
0.64
0
0
0.01
0.01
0
0
0.01
0.02
0
0.01
0
0
0.02
0.11
2.77
0.97
0.12
0.41
0.01
0
0
0
0
0
0
0
0
0.03
0
0.02
0.01
0
0.01
0
0.02
0
0
0
0
0.04
9.34
1.77
0
0
0
0
0
0.53
0
0
0
0
0.25
0.01
0
0.11
0.95
0.45
0
0
0
0
0.02
2.31
7.66
11.73
1.59
0
2.5
1.74
0.17
0
0.84
0
0
0
0
0
0
0.09
4.29
4.93
1.23
6.16
7.15
0.05
0.01
0
0
1.06
0.05
0.02
0
0
0
0
2.05
0.02
0
0
0
0
0
0
0.01
0
0
0
0
0
0
0
0.02
0
0
0
0
0
0.08
0
0
0.73
0.39
0.1
0
0
0
4.3
12.92
13.9
9.57
3.5
2.77
10.64
2.02
7.99
4.07
0.8
0.73
0.22
0.04
0
0
11.57
2.5
0
0
0.02
0.01
0
0
0
0.3
0
0
8.38
5.62
5.49
0.7
1.07
8.98
1.55
0
0
1.55
1.54
0
0.54
3.31
0.77
0.18
5.53
1.62
16.27
23.17
19.16
3.05
0.86
1.4
0.13
0
0.07
0.04
0
0.87
0.15
0
0.13
0
0
0
0.04
0
0
0
3.16
0.89
0.44
3.18
3.89
5.69
6.26
14.75
7.36
13.33
2.17
0.54
0.47
0.07
0
0
0
0
0
0
0
0
0
7.07
3.63
0.2
0
3.4
3.41
0.39
0
0.01
0.24
0.42
0.02
0
0
0
3.63
2.18
0.82
0.23
3.79
26.31
13
7.51
18.79
19.66
4.51
0.45
0
0
2.29
23.13
1.87
9.5
10.44
5.59
5.41
1.76
5.48
1.18
1.97
0.11
1.78
11.34
25.88
6.48
4.78
21.38
12.54
2.58
0.26
0
9.27
5.32
0.13
3.84
0
0
0
0.02
0
0.09
0
2.46
11.67
9.15
1.21
0.43
3
3.59
4.38
0
0.01
0
0
0
0
0
0
0
0
0.01
0
0.24
0.07
0.01
2.31
15.28
7.42
24.45
12.88
0.45
0
8.17
9.43
9.64
6.61
2.82
4.77
2.05
10.11
1.05
1.55
0
0
0
0
0
0
4.24
0.45
0.05
0
0
1.23
5.57
6.38
7.85
0
15.19
8.52
2.95
0.36
0
0
0
0
0
0.01
0.01
0
14.01
14.08
18.87
8.42
3.45
9.21
4.67
0.84
0
0
2.04
0.09
0
0.2
2.79
8.72
0
0
0
0.05
0
0
0
0.73
0
0
0
0.07
0.27
0.02
0
0
0.01
0
0
0
0
0
0
0
0
0
0.02
0
0.08
0
0
0.18
0.3
1.01
0
0
0
0
0.16
0.04
0
0
0.52
0.98
0.99
0
3.57
0.04
0
0
0
0
0
0
0
0
0
0
0
0.01
0
0
0
0
0
0
0.11
0.42
10.63
21.02
6.99
5.95
0
2.57
0
3.66
3.93
1.29
0.05
0
10.3
11.15
8.34
12.75
1.69
0.67
9.48
0.58
0.01
0
0.01
0
0
0
0
0
0
15.15
2.83
0.01
0
0.04
0
4.16
1.08
0.01
0
0
0
0
2.93
5.67
1.64
0.13
0
8.11
13.93
10.13
4.58
0
1.86
0.05
0
0.01
0
0
0
0
0
0
0
0
0.04
0
0
0.59
2.95
1.74
0
0.58
38.5
15.16
0.43
2.29
0.14
0.45
0
0.18
0.37
1.31
5.31
22.67
9.55
6.43
2.8
1.27
0
0
0.04
0
0
0.05
0.2
1.15
0.59
1.13
0
0
0
0
0
0
0
0.19
0.06
0.06
4.24
0.42
0.23
0
0.23
0.53
0.25
0.55
9.44
10.01
3.14
3.63
5.95
6.64
12.47
1.39
5.42
23.95
17.97
6.19
1.16
8.13
16.71
15.84
20
13.94
4
3.26
6.24
4.77
0.79
0.55
0.07
0.34
9.07
0.3
0
0
0.75
9.34
11.52
3.82
1.03
2.45
0.42
1.07
2.87
0.13
0.01
3.41
1.9
3.18
0.91
0
0
0
0.05
0.57
1.67
1.13
0.98
0.73
0.16
0
0
0
0
0
0
0
0.02
0.1
0.3
0.18
0
0
0.39
0
0
0
0
0.25
2.95
1.61
0.99
0
4.22
3.96
1.45
1.17
0
0
0
0.13
0.22
5.13
0.62
0.31
3.04
2.46
0
0
0.16
1.76
0.98
0.85
0
0
0
0
0.67
7.94
1.82
0
0
1.16
1.59
0
0
0
0
0
0
0.01
0
0
0
0
0
0
0
0.34
0.39
0
0
0
0
0.07
2.85
3.68
6.16
3.09
4.59
4.37
2.44
3.56
3.39
0.34
3.16
6.45
3.43
0
0
0
0
0
0
0
0.01
0.6
0
0
0
0.23
0
0
0
0
0.01
0
9.64
4.21
4.45
9.37
1.13
0.22
2.55
1.02
0
0.04
0
0
0.21
1.84
0
0
0
14.49
4.36
0.08
0.05
0.13
0.06
0.02
0
0
0
0.02
0
0
0
0.97
0
0
0
0
0.11
0
0
3.27
0
0
0
0
0.06
0
0
0
0
0
0
0
0
1.91
0.01
21.08
13.09
6.7
17.59
0
0.04
0.01
0.01
0
0
0
0
0
0
0
0
0
0
0
0
0
0
0
0
0.01
0.06
0
0.05
0
1.41
0
0
0
0
0
0
0
0
0
0
0
0
0.04
0.04
0
0
0
0
0
0
0
0
0
0
0
0.02
0.55
0.77
0.42
5.01
0.37
0
0
0
0
0
0
0
0
2.59
11.21
2.66
1.92
2.43
0
0.13
0
0
0
0
0
0
0
0
0
0
0
0
0
0
0
0
0
0
0
0
0
0
0
0.44
7.58
0.78
0.01
0.01
0.3
10.16
4.36
4.1
1.05
1.46
0.61
11.03
2.05
17.16
0.68
0
0
4.89
0.9
0
0
3.13
4.73
1.58
0
0
0
0
0
0
0
3.64
15.05
0.73
0.26
0
0
0
0
0
0
0
0
0
0
0
0
0
2.05
4.13
0.68
2.86
1.92
0.95
0.11
0
0.02
0
0
0.14
0
0.07
0
0.66
0
3.76
2.92
2.98
1.37
0
0
13.16
5.39
12.87
12.67
1.91
8.5
11.07
3.74
2.95
3.02
0.03
0
3.2
1.75
0
0.08
0.06
0
0
0
0
0.01
0.01
4.59
1.34
0.39
0.02
0
0.18
7.01
1.25
0.01
0
0.02
0
0
0
0
0
0
0
0
0.07
0
0
0
0
0.01
0
0
11.02
3.65
0.05
0
1.16
2.05
4.45
0.36
4.01
10.74
16.16
23.3
1.5
0.74
0
0
0
0.02
0
0
0
0.26
1.59
0.31
6.3
11.83
6.81
9.16
0
12.76
3.49
3.05
1.57
0.08
0.26
0.16
3.91
0
0
0
0
0.3
0.02
0
1.43
34.72
9.81
1.72
0.13
0
0.26
3.13
5.91
13
4.26
0.09
0
0
0.74
9.13
13.06
5.84
0.1
0
11.28
30.35
4.79
3.85
10.69
12.39
4.48
14.21
3.14
3.32
3.72
13.23
6.5
21.44
7.12
1.83
0.99
1.13
0.5
0.14
2.46
1.79
16.5
11.87
10.05
5.55
5.29
5.18
8.91
5.67
12.16
1.16
0.16
15
4.34
0
7.07
0.54
0
0
0
0
1.2
0.12
6.77
1.51
0
0
0
0
0.33
4.2
10.98
5.66
3.73
0.56
0
0
0
0
0
0
10.97
1.88
8.56
3.03
9.09
0
0.01
0
0
0
0
0.04
0
0.01
0.86
0
0.02
0
0.04
0
0
0
0
0
0
0.01
0.08
0.03
0.34
0
0.06
0.32
0
0
0
0
0
0.01
0
0
0
0
0
1.32
0.15
0
0
0
2.08
0.09
0
0
0
0.02
0.12
0
0
3.62
15.26
4.63
0.22
0
0
2.18
1.78
0
0
0
0
0
4.73
1.73
0.48
28.69
1.84
0
0
1.05
0.47
0
0
0
0
0
0
0
0.08
0
25.05
2.42
0
2.18
1.97
1.53
0.09
0.01
0
0
0
0
0
0
0
0
0.02
0
1.71
0.01
0.02
0
0
0
0
0.02
0
0
3.32
8.09
4.8
1.69
0.19
1.14
0.28
0
0.38
0.04
0
0
0
0
0.01
0
0.09
0.35
0.73
0.59
0
0
0.87
3.92
6.73
2
0
6.83
2.23
8.01
2.15
0.95
0.01
0
0
0
0.01
0.02
0.01
0
0
1.99
0.14
0
0.02
0
0
1.73
5.51
2.73
5.11
1
1.67
2.6
9.98
6.45
0.79
4.34
0.15
0
0
0.71
0
0
11.2
7.49
0
2.72
1.43
5.2
7.62
4.8
7.21
5.93
0.59
0.95
4.98
2.91
0.09
0
0
0
0.01
0.47
0
0
1.04
12.13
14.22
39.22
17.32
14.58
11.84
3.81
2.79
1.38
6.97
6.68
26.13
0.11
1.58
0
0
3.72
4.7
0.65
0.2
1.52
0.05
0
0.1
0.05
0.06
0.5
0.87
0
0.89
5.81
2.7
5.68
17.67
8.57
7.06
5.44
0.46
0.16
0.11
1.85
2.48
1.48
1.64
3.22
0
0
0
3.24
1.5
0.09
0
0
0.01
0.05
0.04
0
0
0.07
0.32
0.45
0.02
0
0
0
0
0
0
0.29
3.95
1.16
2.89
0
0
0
0
0.03
0
0
0.17
0.73
0.26
0.44
0.12
1.48
0.07
1.21
0
0
0
2.67
8.89
3.47
3.31
0
0.05
0.93
0.31
0
0
0
0.01
3.97
5.4
7.31
0.3
2.73
0.56
1.01
6.61
1.14
0
0
0.02
0
0
0
0.01
0
0.23
0.59
0.64
0.01
0.03
2.13
0
0.12
0
0
0.09
0.01
0
0
2.71
15.07
18.21
0.73
3.83
1.74
0
1.52
2.88
5
0.84
0.01
0
0
0.05
0.04
0.13
0
0
0
0.07
0.01
0.32
0.02
0.49
0.04
0.03
0
0
0.01
0.01
0
0
0.05
0
0.01
0.02
0.02
0
0
0
0
0
0.38
1.68
10.2
1.93
9.35
0.02
0.26
0.36
0.49
1.67
0
0
0.3
0
0
0
0
3.8
0.41
0
0.09
0
0
0
0
0.01
0
0
0
0
0
0.01
0.01
0.02
1.32
0.07
0
0.74
0
1.04
18.91
8.49
11.31
7.89
2.57
1.52
2.84
0.35
0.02
0.09
1.12
0.22
0.01
0
0
0
2.52
19.88
26.21
24.62
3.59
0
6.75
5.13
0.35
0.02
0
0.14
8.76
2.31
0.68
0
3.78
6.34
1.67
1.27
2.27
8.75
3.5
17.7
2.39
0
0
0
0.92
1.57
6.87
3.08
0.08
0.1
0.09
0.23
2.47
10.98
4.99
0.41
0.08
0.7
3.11
1.45
6.73
18.62
4.96
0.77
6.39
0.02
0.93
0.2
0.03
0
0.02
0
0
0
0
0.65
0.28
4.08
3.98
1.23
0.27
0
0.03
0
0
0.02
6.49
8.4
4.88
0.48
6.36
3.71
0.14
0
0.36
17.3
8.87
0.15
0.57
0
0
0
0.01
0
0
0
0
0
0
0
0
0
0
8.04
11.91
13.68
1.53
0.13
0
1.23
0.14
0
0.06
0
0
0
0.09
0
0.55
0.01
0.42
0.24
6.11
4.94
1.13
25.48
7.73
0.91
1.49
3.74
4.61
1.8
0.18
0.02
0.01
0
0
0
0
0
0.05
2.97
0.22
0
0
0
0
0
0
0.8
0.33
0
0.84
0.55
3.3
1.03
0.48
0.09
0
0.88
0.45
0
0
0
0
0
0
0.05
0
0
0
0
0
0
0
0.01
0
0
0
0
0
0
0
0.38
0
0.2
0.01
0
0
0.3
0.32
0.52
7.31
3.69
0.03
1.82
10.2
0.03
0
0
0
0
0
0
0
0
0
14.94
4.76
1.06
0.22
0
0
0.01
0
0
0
0
0
0
0.34
11.32
7.5
0.01
0
0
10.68
0.48
0
0.19
7.01
1.13
5.15
1.5
2.15
0.29
0.05
0
0
0.88
0
0
0
0
0.01
7.19
3.75
18.58
18.82
12.59
1.76
0
0
0
0
0
0
0
0
0.01
0
1.12
1.2
15.38
6.14
2.89
4.75
0
0
0
17.02
4.87
4.2
2.37
0
2.27
15.45
4.11
0
0
0.01
0
0
0
0
0
2.02
0.39
0
0
0
0
0
0
0
0
0
8.83
5.68
0.32
0.03
0.05
2.21
14.14
1.52
2.48
1.37
0
0
0
0
0.01
0
0
0
0
0
0
3.24
0.37
0
1
0.33
2.03
0
0
0
0
0
0
0
1.16
8.86
2.58
0.02
0.1
0.08
0.05
2.49
0.96
0.59
0.15
0.96
3.23
0.24
1.19
0.2
0.84
0.25
0
0
0
0
0
0
0
0
0
0.59
2.78
0.52
0
0
0
0
0
0
0
0
0.03
0
0.02
0
0.01
0
0
0
0
0
0
0
0.05
2.06
0
1.01
0.23
0
0
0.01
0
0.02
0.16
2.73
1.04
3.8
1.8
5.25
4.7
9.41
0
1.77
8.88
5.35
0
0
0
0
0
0
0
0
0
3.51
5.77
2.61
9.04
9
4.29
19.31
7.18
0
0
0.01
0
0
0
0
0
0
0
0
0.05
0.15
0.47
0
0
0
0
0
0
0
0
0
0
1.24
0.16
0
0
0
0
0
0
0
0
0
0
0
0
0
0
0.16
1.81
17.35
15.91
6.96
22.51
11.23
9.86
8.28
0.42
0
0
0
0
0
0
0
2.92
1.51
12.19
10.62
6.88
8.23
6.95
0.2
0
0.01
0
0
0.09
0.19
0.27
0
0
0
0
0.01
0
0.22
4.58
3.01
1.13
6.63
1.71
1.06
1.51
0.44
8.01
2.46
1.72
0.6
13.52
0
0
0
0
8.67
11.9
4.11
3.13
5.01
3.12
1.85
0.44
10.32
1.69
0
0
0.18
0
0
0
0
0.02
0.75
2.83
0.39
0.68
0.63
0
0
0.09
2.3
7.69
4.23
5.23
2.24
0.17
0
0
0
0.2
2.32
16.16
6.07
7.8
2.63
1.85
4.05
3.56
1.61
1.7
0.46
0.04
0.01
2.26
22.56
2.33
0
0
0
0
0.07
6.16
9.36
2.84
2
0.9
7.55
0.66
0.01
0
0
0
0.66
3.57
0.12
0.4
0.19
2.1
4.8
2.39
15.18
6.71
0.5
0.97
10.29
5.33
1.43
0.98
0.31
0
0
0
2.31
0.08
0
0
0
1.69
0
0
0
13.85
0.41
0.05
0.04
0
1.01
20.32
5.6
0
0.14
0.63
0.18
0
0
0
0
1.77
0
0.3
0
3.02
0.54
0
0
1
6.31
9.18
16.36
8.33
4.25
0.36
9.73
2.4
0
0
0
0
10.41
0.48
12.97
3.01
0.02
0
0
0
0.1
20.17
7.38
1.13
0.01
0
0
0
0.02
0.01
4.27
7.11
2.69
0
0
0
0
0
0
0
0
0
0
0
0
0.14
0
0
0
0
0
0
0.01
0
0
0
0
0
0
0
0
0.13
0.98
0.01
0.1
0
8.27
17.22
6.09
0.14
0
0
0.03
0.13
0
0
0
0.02
0
0
0.12
0
0.1
0
0
0.01
0
0
0
0
0
0
1.33
0.89
5.63
0
0.05
0
0
0
0.02
0.01
0.11
0
0
0
0.14
0.3
0
0
0
0
0
1.24
1.23
0.73
0
0.16
0
2.36
0.57
0.27
0
1.2
0
2.13
5.53
0
0
0.95
8.11
1.23
0.02
0
0
0.01
0
0
0.05
0
0
0
0
0
0.22
0
0
0
0
0
0
0
0
0
1
21.55
3.91
27.05
3.76
3.96
1.07
0.38
0
10.62
2.95
0.04
0
0
0
0
0
0
0
0
0
0
0
0
0
0
0
0.07
0.05
0
0
0
0
0
0
0
0
0.14
0.1
4.45
9.06
0.15
0
0.04
0.01
0.01
0
0
0
0
0
0
0
0
0
0
0
0
0.05
0.04
0.05
4.31
3.9
3.59
10.16
0.85
0.23
3.47
0.52
0
1.52
0
0
0
0
0.18
0
0.01
0
0
0
0
0.11
3.9
15.63
2.86
1.07
9.59
2.63
6.74
1.19
0.09
4.44
0.26
0.11
0
0
0.11
0
0
0
0.07
0
1.09
0.03
0
1.38
8.33
6.63
6
0.77
1.05
0.45
0.59
6.86
1.54
2.25
3.62
2.65
0.22
0.25
0.51
2.41
6.56
2.23
3.51
0.05
0
0
0
0
0
0
0.02
0.05
10.73
0.57
1.61
3.09
0.01
3.41
8.4
3.43
0.86
0
0
0
0
0.01
0
0
0
0
0
0.22
31.28
2.19
0.76
1.86
38.35
0.08
0
2.04
2.96
0.02
0
0.02
0.29
0
0
0
0
0
0
0.59
0
1.98
10.34
1.08
0.23
0.91
0.09
0.61
0.09
3.65
13.76
19.96
5.83
2.74
5.44
2.56
0.15
2
7.33
24.31
3.85
1.4
4.13
2.13
9.09
0.39
0.03
0
0
0
0.86
11.65
4.3
6.55
1.81
1.43
1.87
10.33
5.48
8.88
0.49
0
0.31
13.61
5.12
1.56
1.89
7.82
0.79
0
1.69
0.29
0
0
0.01
0
0
0
0
0
0
0
0
0
0
0
0
0
0
0
0
0
0
0
0.02
0
0
0
0
0
0
0
0
0.01
0
0
2.21
0.55
0
0
0
0.05
0.51
0
0
0
0.02
1.13
22.45
0.15
0.01
0
0
0.34
10.77
2.65
0.51
0.01
0
0.01
0
0.12
0.05
0
0.02
0
0
0.67
1.59
0
2.92
10.52
12.37
10.77
3.9
0
0
0.01
0
0.81
13.77
6.18
0
0
0
0
0
0
0
0
0
0
0
0.61
10.16
4.43
1.16
0.04
0
0
0
0
0
0
0
0
0.07
0.11
0.66
3.12
7.08
1.06
0
0
0
2.11
0
0
0
0
0
0.44
0.39
0
0
0.58
0.21
0.64
0
0
0.01
0
0
0.07
0
0
0
0.7
4.66
0.47
0
0.43
4.16
0.17
0
0
0.34
2.05
0.48
0
0
0.03
1.57
0
0.14
11.64
0.2
1.42
4.55
1.98
0.76
0
0
0
0.01
0.05
0.48
2.64
7.37
6.52
1.02
12.57
0.05
1.6
0
0.08
0
0
0
0
0
0
0
0
0
0
0
0.01
0
0
0
0
0
0
0
0
0
0.01
0
0
0
0
0.01
0
0
0
0
0
0
0
0
0
0
0.54
0.54
1.55
10.59
6.73
2.07
1.49
3.91
10.23
10.06
13.05
3.36
0.01
0
0.45
1.36
0.07
0
0
0
0.05
0.03
4.81
7.84
4.7
0.25
0
0
0
0
0
0
0
0
0
0
0
0
0
0
0
9.13
7.66
0
0.48
0
2.87
0.75
0.76
1.43
0.11
0.03
0
0
0.19
0.68
1.98
0.48
0.07
0
0
0
0
0
0
0
0
0
12.84
34.78
11.91
1.1
0.01
0.02
0
0
0
0.85
0.04
0
1.47
2.21
5.96
3.81
0.91
0.31
0.29
3.71
0.69
0.08
0.32
0.91
1.76
3.5
0.61
0
0
0.01
0
0
0
0
0.6
4.36
12.14
4.34
1
0.02
0.99
0
0
0
0
0.33
0
0.02
0
0
0
0.67
1.53
0
20.24
15.53
6.77
0.99
0
0.17
0.46
0.02
0
0
0.19
0.07
6.25
1.2
0
0
0.87
3.74
2.23
0.21
1.2
3.82
5.38
1.27
1.75
1.66
0.01
5.63
0.49
1.43
7.55
1.43
0.47
4.97
0.58
1.35
5.06
11.62
6.41
1.06
0
0
0
0
2.45
4.42
1.24
0
0
0.2
1.79
0
0
0.11
5.25
16.96
5.73
0
0
2.78
0.11
0.02
0
0.04
0.01
2.16
0.21
0
0
0
0
0
0
0
0
0.01
0
0.04
3.9
4.68
1.82
0
0
0
0.2
0
14.35
0
0.57
3.66
0.19
4.45
19.67
14.18
1.14
0.14
0.02
0
0.1
0
0
0
0
0.92
0.73
1.12
0
0.9
13.02
0.37
0
0
0.02
0.01
0
0
0
0
0.02
0
0.96
4.27
7.6
15.78
1.27
0.52
5.75
4.39
1.57
2.11
2.34
0
0.04
0
0.02
1.22
8.11
26.5
14.04
2.05
4.7
0.77
0.57
0.1
1.52
0.78
1.21
0
0.22
1.82
8.45
2.05
0.68
7.17
4.3
0.15
0.05
0.31
2.2
1.91
1.65
1.23
0.3
6.61
3.62
10.12
28.23
8.95
6.05
1.22
0.02
0
0
0
0
0
0
0
0
0
0.02
0.02
0
0.03
0
0.01
0
1.07
3.22
0.66
1.38
1.3
5.5
11.17
7.05
1.31
0
0.02
0
0.02
0.15
0.49
0.02
0
7.31
12.3
19.8
5.08
0.1
0.02
0
4.18
6.38
0.2
0
0.87
4.01
25.36
21.22
17.76
11.06
1.02
0.12
0.34
7.79
4.99
0
0.63
5.23
4.3
1.9
12.38
17.7
3.91
0.48
0.03
0.85
0.88
15.08
8.52
8.25
6.44
0.91
4.03
3.81
11.62
9.15
3.54
3.74
3.09
0.95
4.55
7.63
4.97
0.66
0.54
0
0.8
3.05
6.45
11.5
6.02
2.63
0.65
0.03
0
0.28
5.34
13.55
21.66
7.12
2.23
9.22
5.45
1.13
0.63
1.38
0.93
0
0
0
0.02
0
1.85
0.01
0
0
1.74
11.1
7.8
0.03
0.02
0.01
0
0
0.07
8.9
1.87
0.66
19.67
11.44
4.88
0.06
0.88
0.47
0.94
0.41
1.13
0.07
0
0.74
0.57
0.09
0.03
0
2.05
0.91
0.01
0.07
0.16
0
0
0
1.2
1.5
1.67
0.69
0.37
0
0
0
0
0
0
0
0.36
0.88
5.3
1.8
3.23
0.47
1.98
4.98
2.73
0.71
0.3
0
0
0
0.17
7.98
0
0.25
0.59
3.16
0.19
5.93
3.23
0
3.08
3.97
0.9
1.91
4.43
0.89
0.3
0.02
1.32
10.58
3.74
12.7
1.39
0
0
0
1.04
0.55
0
8.16
1.47
2.86
22.34
4.73
0.49
0
0
1.21
0.32
3.83
3.38
1.56
10.2
3.14
0.02
0
0
0.2
4.32
0.8
0.15
0
0
0
0.03
0
0
1.07
0.81
6.26
0.55
0.01
0
0.64
3.55
12.11
0.38
0
0
0.01
0
0
0.78
2.1
1.68
0
1.56
0.78
4.71
7.91
0.7
0.15
0
1.68
5.07
0.23
0.52
0
0
0
0
0
0.1
0.24
0
0
0
0
0
0.02
3.02
3.09
1.13
0
0
0
0
0
0
0
0
0
0
0
0
0.02
0.27
0
0.2
0
0
0.01
0
0
0
0
0
0
0.23
0.3
15.3
1.38
0
4.94
0
0.37
2.03
4.47
0.36
0
0
0
0
0
0
0
0
1.71
27.08
11.07
12.66
11.24
1
0.02
0.02
0
0
0.63
0
0
9.39
4.37
10.29
3.9
6.71
2.15
0.23
0.62
0
0
0
0.02
0.01
0
0.06
0.02
0
0.02
0.14
0.27
0.02
0
0.01
0
0.02
0
0
0.02
0
0.02
0
3.18
0.73
5.91
2.35
0
0
0
0.01
0
0.62
3.23
5.74
13.05
4.62
0.71
1.02
4.03
6.09
3.07
39.15
13.45
1.73
1.14
1.12
1.3
0.02
0.09
0
1.73
0.5
0.29
0.8
2.15
8.11
0.96
1.4
0
0
0.05
0.12
8.85
1.68
0.06
0
0.03
0.02
0
0.01
0.02
0
0.01
0.02
0.02
0
4.39
7.46
3.18
2.52
1.59
0.9
0.52
2
9.5
2.42
5.73
1.18
1.34
3.98
7.76
0.92
3.86
17.06
3.17
0
0
0
0
0
0.02
0.01
0
0.2
1.05
2.73
8.11
3.86
0.01
0.16
0.21
7.04
8.16
1.94
7.32
11.95
2.83
0.66
1.94
5.76
10.81
22.34
15.84
19.08
8.72
6.45
18.14
13.66
5.48
0.76
0
0
0.01
0.02
0.01
0.19
14.54
1.55
0.2
0.08
3.86
0.95
0.13
0.1
0.04
0.17
0.01
0.02
0
0.01
0.16
0
0
4.5
0.41
0.3
4.46
2.67
0
9.8
1.98
0.5
0.24
0.03
0.98
2.61
4.02
1.2
0
0
0
0
0
0
0
0.08
0.13
0.03
4.81
2.42
19.8
9.64
6.68
11.03
10.13
6.98
0.46
0.91
3.77
7.7
1.84
0.44
0.16
0.62
0.93
0.3
0.01
0
0
0
0
0
0
0
0.05
5.68
13.22
12.98
17.47
5.88
0.81
0.71
0
4.83
5.27
1.52
0.19
0.05
0
1.46
0.23
0
0.78
1.12
0.24
1.2
0.7
1.19
0
6.77
0.08
0.48
7
1
6.07
3.25
0.13
0.08
0.03
0
0
0.02
0
0
0.84
1.43
1.07
0
0
0
0.03
0
0
0
0
0
0
0
0
0
0
0
0
0
0
0
0.01
0
0.01
0.02
0
0
0
0
0.01
0.07
0
0.04
0.01
0.04
0
0
0
0
0
0
0
0
0
0.86
0.07
0
0
0
0
1.05
0.76
0
0.13
0
0
2.24
0
0
0.19
0.07
0
0
0
3.2
1.02
1.68
5.52
1.13
0.19
0
0
0
0
0
0
0
0
0
0
0
0
0
0
0
0
0
0
0
0
0
0
0
0.06
2.23
0.95
0.07
0.01
0
0
0
0
0.01
0
0
0
5.21
1.13
0
0
0.58
0.18
0
0
0
0
0
0
0
0
0
0
0
0.02
0
0
0.01
0.12
0
0
0
0.48
1.48
0.18
0.2
0.52
0
0.04
0
0
0.03
0
0
0
0.04
0
0.01
0
0.04
0
0.49
2.03
0.27
0.02
0.01
0.73
8.88
18.56
4
0.61
1.31
9.9
15.19
5.02
3.84
11.83
13.1
18.4
3.36
7.14
1.83
0.62
0.62
1.16
2.09
1.12
0.75
8.39
11.76
6.48
6.54
7.72
3.18
2.49
14.54
4.1
1.14
1.3
20.31
3.24
0.36
1.63
4.08
0.2
1.2
3.64
0
0.36
0.03
0
0
0
0.75
11.8
13.82
2.36
9.34
1.18
0
0
1.54
14.22
33.23
18.37
2.31
0
1.02
2.44
12.11
2.41
22.08
10.76
7.01
9.21
3.75
12.98
21.16
12.69
15.34
10.46
12.21
3.88
1.68
0.01
0.14
0
0
0
0
0.88
0.15
0.33
0
0.39
3.27
0.04
0.01
0
0.06
0.12
2.97
8.22
6.06
0.77
0
0
0
0.51
3.9
0.88
3.99
6.02
12.25
8.26
6.56
4.76
1.64
4.24
4.45
18
8.85
3.24
3.34
0.9
0.66
0
0
0.05
2.34
9.9
8.96
0.57
0.1
3.59
12.87
8.05
3.64
1.35
9.28
9.54
0.09
0
0
0
0
0
0
0
0
0.02
0
0.22
0
0
0
0.01
0
0
0.31
0
2.83
1.92
3.76
10.71
0.4
0
0
0
0
0
0
0
0
0
0
0
0
0
0
0.02
0
0.77
0.59
1.5
1.32
25.97
22.27
12.46
0
1.66
6.07
1.07
0.28
1.93
3.89
4.67
0.34
0
0
0
0.24
0
0
0
0
0
0
0
0
0
0
1.75
0.04
7.82
8.86
1.93
0.54
13.8
0
6.35
0.89
0.32
0.35
0
0
0.31
3.37
4.3
1.86
0.05
0
0.02
0
0
0.01
0
0
0
0
0.03
0
0
0.01
0
0
0.01
0.02
0
0
0
0
0.4
0
0
0
0
0
0
0
0
0
0
0.78
0
0
0
0
0
0
0
0
0
0
0
0.07
10.14
0.91
0.44
6.67
3.71
1.89
0.36
0
2.53
5.83
1.57
0
1.53
1.38
0
2.41
2.05
2.17
3.64
2.81
2.95
2.63
5.27
0.68
0.05
0
0.05
0
0
0
0
0
0
0
0
0
0
0.05
0.46
5.21
2.17
0
24.09
1.12
3.78
30.5
8.98
13.38
24.97
1.21
0.5
0.01
0
1.09
5.8
5.75
2.97
1.9
9.35
15.45
20.62
9.91
0.51
0
0
0
0
0.25
0
0
0.5
0.56
0.19
3.63
0.09
0.78
3.46
12.65
14.08
2.35
0.09
1.04
0
0.33
0.42
0
0
1.19
0.22
0
0
0
0
0
0
0
0
0
0
0.01
0.19
0.09
1.27
0.32
1.34
0.04
0
1.29
0.43
0
0
0
0.11
0.3
0.34
0.15
2.7
8.1
11.07
6.51
0
0.24
0
1.01
0.82
0.34
0.11
0
0
0.54
0.06
0
0.15
2
4.77
4.9
0.44
0.37
2.3
0.16
0.02
0.28
0.25
0.45
0.7
1.87
0.05
0.4
0.27
1.3
0.06
0
0.01
0.47
0
4.17
5.02
0.44
0
0
0
0
0
0.09
0
6.67
0.05
0
0
0
0
0.81
0.18
0.01
0.68
1.46
1.71
1.05
1.65
1.38
0.88
6.43
7.57
0.8
0
0.42
0.03
0.25
2.24
4.7
0.86
0.33
0
0.03
0
0
0
0
1.12
1.01
0.31
0
0
2.48
13.57
4.86
18.67
7.14
0.58
0
0.77
0
0.28
2.24
1.34
1.17
0
0
0.34
0
0.32
0
0
0
0.85
0.2
0.15
0
0
0.1
4.5
2.4
0.54
0.98
4.48
0.35
0.55
0.01
0
0.24
0.27
0
0
5.15
8.05
4.82
2.64
1.84
1.7
15.85
3.89
15.14
14.48
0
0
0
0
0.34
17.79
5.19
6.48
0
0.05
0.21
0
0.01
0.06
0.27
0.26
0.02
0
3.09
3.15
6.41
0.41
1.27
0.91
0.01
0.05
0.2
0.67
0.13
0.74
0.52
0.82
6.88
7.76
0.34
19.16
10.91
6.63
2.59
0
0.29
0
0
0
0
0
0.01
0.62
0
0.27
0
0
0
0
1.87
1.02
0
0
0
0
0
0.62
0.51
0.89
0.32
1.91
0.52
0.13
1.01
0.75
0.52
0
0
0
0.81
0
0.91
0
0.49
0
0
0
0
0.01
0.07
0
0
0
0
0.01
0
0
0
0
0.12
0
0
0
0
4.06
0.05
0.01
0.68
11.19
0.64
0
0
2.88
0.15
0.9
0.11
0.93
0
0.21
0
0
0
2.2
0.01
0.03
0.24
0
0.01
0.3
6.09
0
0.02
0
0
0
0
0
0.86
1.64
0.25
6.06
4.71
0.63
0
0
0
0
0.05
0.57
4.71
0
1.37
0.16
0.29
0.84
0.35
0
0
0.16
2.55
0.37
0
0
0
0
0.57
6.13
19.83
2.26
0
0
1.79
0.01
0.97
0
9.71
2.87
0
0
0
0
0
0
1.17
1.66
0.93
2.28
1.57
2.16
6.5
31.21
1.89
3.65
2.05
5.38
0.45
0
0.64
0.6
0.12
0
0
0.01
0
0.01
0
0.66
0.13
2.91
0
0.05
1.26
4.56
0.18
0.15
0
0
0
0
0
0
0.49
0.02
0
0
0.03
0
4.24
0.24
0.05
0.05
2.04
1.02
0
0
0
0
0
0
0.03
0
0
0
0
0
0
0.03
0
0
0
0
0
0.2
1.38
0.77
1.3
0.18
0.3
0
0.02
0
0
0.67
0.05
0.04
0
0
0.05
0
0
0
0.04
0
0
0
0
0.03
0
0.04
0.64
0
0.02
1.78
4.16
5.49
1.59
0
0.76
0
0
0
0
0.1
1.23
1.1
0.04
0.3
0
0.01
0.02
2.06
3.55
2.22
0.13
0
0
0.03
0.43
0
0
0.23
0
0.02
0.02
2.87
0
0.16
0
1.61
0.21
0.07
0.13
0
1.54
2.34
0.4
0
0
0.5
5.3
4.15
8.95
0.81
0.09
0.15
6.68
0.4
1.59
0
0
0
0.26
3.98
4.63
4.88
11.47
8.37
1.72
3.34
1.36
0
0.66
0.11
0.21
4.49
14.97
0.91
1.02
3.05
0
8.52
0.52
0
0.01
0
0.98
0.01
0.07
0
0
6.79
10.61
16.92
7.13
12.08
0.04
0.02
0.31
0
0
0
0.01
0.01
0
0.17
0
0
0.92
13.43
1.15
0
0.01
0.82
4.69
4.74
0.02
0
0.37
0.64
0
0
0
0
0
0
0
0.02
0
0
0
0.01
0
0
0
0
0
0
0
0.21
0.57
6.67
13.42
4.51
3.47
0.94
0.39
1.34
0.11
2.43
0
0
0
0
0.15
0.1
0
0
0
0
0
0.41
0.07
0
0
0
0
0
0
0
0
0
0
0
0
0
0
1.4
2.43
0.77
0.16
0
1.16
4.95
0.88
0.61
0
0.1
0
0
0
0
0.02
0
0
0
0
0
0
1.66
0
0
0
0
0
1.09
3.36
0.74
0.21
0.02
0.07
0
0
0
0
0.06
8.68
0.86
0
0
0
0
0
0.09
2.73
0.47
0
0.16
2.84
5.85
5.34
0.01
7.06
9.94
6.68
0
0
0
3.49
0
1.74
0
0
0
0.02
0.37
0.01
0
0
0
0
0
0
0
0
0.32
0
0
0.95
0.15
0
0
0.19
0.34
0
0
0
0
0
0
0
0.01
0
0
0
0.02
0
0
0
0
0
0
0
0
0
0.02
0
0
0.26
0
0.16
0.03
0.87
0
0
0
0
0
0
0
0
0
0.02
0
0
0
0.04
1.8
1.03
3.19
1.82
3.56
0
2.2
1.76
18.01
2.29
0.02
4.47
9
10.8
10.92
0.87
0.83
6.32
12.36
33.77
21.93
16.64
9.2
2.23
0
0
0.04
0
0
0
0
0
0.35
7.76
2.18
0.01
0.29
2.04
2.67
0.68
0.66
0.45
0
0.09
0
0.48
0.84
0.52
0
0
0
0.02
0
0
0
0
0
0
0
0
0
0
0
0
0
0.5
6.52
1
13.27
5.09
0.25
4.02
3.26
0.02
5.8
1.41
2.23
3.59
0.71
1.01
2
0
0
0
0
0.04
0
0
0.11
0
0.02
0
0
0
0.05
0.01
0
0
0.71
0
0
0
0.01
0
0
0.01
0
0
0
0.8
4.82
1.43
11.12
6.23
0
0
2.16
0
0.22
0
0
0
0
0.32
0.35
1.73
0
0
22.02
3.24
6.08
1.4
0
0.01
0.28
0
0
0
0
0
0
0
0
0
0
0.01
0.23
0.03
0
0
0
0
0
0
0
0
0
42.13
4.75
2.19
2.66
0.71
1.71
0.39
1
0
1.69
6.5
4.68
6.48
12.43
9.69
18.43
0.51
1.51
22.8
8.74
0.5
0
0.83
0.13
8.2
6.27
0
0
0.01
0.18
0
0
0
0
0
0.03
0
0
0
0
0
0.5
0
0
0
0
0
0
3.82
23.46
0.73
0
0
0
0
0
0.01
0.54
0.09
0
0
0
0
0
0
2.77
0
0
0
0
0.01
0
0
0.01
0.04
0
23.77
1.67
0
0.02
0
0
0
0
0
0
0
0
0
0
0
6.09
0.37
0
0
0
0.01
0.03
0
0
1.54
0
0
0.97
11.99
0.02
0
0
0.01
0
0
0
0
0.02
0
0
0
0.16
4.7
2.24
0
0
0
0
0.34
2.84
0.55
8.15
0.41
2.15
0
0.02
1.46
22.93
0
0
1.27
5.22
2.23
0.31
0.03
0
0
0
0.03
0
0
0.48
0.52
0
0
7.51
3.29
0.43
0
1.07
13.97
3.67
1.57
0.79
13.09
0.33
1.89
0
0
0.03
0
0
0.02
0
0
0
0
0.24
1.25
29.09
35.81
12.09
2.09
0.02
0
0.78
8.56
0
0.11
0.51
0.05
0.06
0.01
0
0
0
0.01
0
10.28
6.48
1.82
0
0
0
0
0
0.17
0.01
0.03
0.13
0.1
1.95
1.97
1.7
2.44
6.57
4.41
0
0.05
0.09
2.48
0.26
1.81
5.01
0.68
0.12
0.26
0.56
0.18
0
0.02
0
0
0
0
0
0
0
0
0
0.02
0.04
0
0
0
0
0
0
0.01
0
0
0
0
0
0
0
0
0
0
0
0
0
0
0
0
0
0
0
0
0
0
0.04
1.03
0.51
0.75
0.35
0.05
0.04
0
0
0.02
0
0
0
0
0.01
0
0.64
0
0
8.92
0.52
0.45
0
0
0
0
0
0
0
0
0
0
0
0
0
0
0.13
0.19
0
0
0
0
0
0
0.06
0.67
0.95
0.1
0.23
2.77
0
0
0.1
1.7
0.89
0.79
0.04
0
0
0
0
0.01
0
0
0
0
0
0
0
2.69
9.14
3.5
5.28
8.5
0
13.82
5.77
25.09
3.72
1.45
0.32
0.27
2.31
16.12
1.49
0
0
0
0
0.02
0
0
0
0
0.69
0.44
4.81
2
0.73
11.14
0.27
0
0
0.03
2.58
0
0.01
0
0
0
0
0
0
0
0
0
0
0
0
0
0
0
0
0
0.13
0.57
0
0
0
0
0
0
0.01
0
0
1.17
8.44
5.74
22.75
0.14
0.02
0.09
0.02
0
0.2
0.17
2.01
3.22
1.21
2.19
0
0
0
0.69
0
0
0
0
0
0
0
0
0
0
0
0.02
0
0
0
0
0
0
0
0
0
0
0
0
3
6.04
4.27
0.05
0.25
2.27
3.93
0
0
0
0
0
0.06
5.72
0
0
0
0.01
0
20.02
6.2
0.95
0.53
1.78
5.07
6.49
1.16
0.01
13.23
15.72
0.02
0
0
0
0
0
0.05
0
0
0
0
0
0
0.01
0
0
0
0
0
0
0
0
0
0
0
0
0
1.06
1.16
0
0
0
0
0
0
0
0.01
0
0
0
0.02
3.74
0.11
0
1.32
0
0
0
0
0
0
0
0
0
0
0
1.84
10.63
0
0
0
0.02
0.13
0.77
1.41
4.73
0
0.97
7
1.88
0.17
0
0.01
6.47
5.53
4.32
3.71
0.37
1.5
9.57
8.6
1.36
0.71
0.01
0.1
0
0.02
0
0
0
0
0
0
0
0
0.01
0
0
0.48
0
0.32
1.32
1.03
4.63
5.67
5.08
8.9
20.04
9.16
18.25
5.15
1.76
1.95
0
0
0
0
0
0.02
0.14
0
0
0
0.48
1.03
0.24
0.78
2.45
3.14
0.87
0.02
0
0
0
0
0.48
0.02
0.06
1.48
1.37
9.53
9.13
1.99
4.44
1.73
0.45
3.3
0.22
0
0.42
1.64
0.19
2.04
1.57
0.28
0
0
0
0
0
0
0
0.01
0
0
0
0
0
0
0.05
0.02
0.38
0.09
5.04
3.02
0
0.02
0
8.19
18.09
1.77
1.57
0
0.07
0
0
0.02
0.02
0
0
0
0
0
1.3
2.68
4.54
3.03
3.27
1.43
4.08
9.91
8.18
0
1.93
7.79
4.67
0
0.86
15.15
1.33
4.47
15.46
2.07
3.68
4.62
0.03
0.48
0
0
0
0
0
0.22
1.98
0.46
6.06
1.17
0.01
0
0.01
0.02
0.03
0.01
0
0.89
2.23
2.46
0.34
0.1
0.29
2.34
6.28
10.81
5.72
1.59
0.24
4.61
9.04
4.36
8.03
0
0
0
0
25.17
14.36
11.05
9.71
17.91
5.8
1.2
13.3
14.42
7.85
3.54
6.87
0.59
8.63
0
2.88
0.5
0
0
0.21
8.02
21.28
18.39
3.17
0.75
0.02
0
0
0
0
0
0
0
0
0
10.19
3.34
0
0.52
0.86
0
0
0
0.47
0
0.02
0
0
0
0
0
0
0
0.28
0.01
0
0
0
0
0
0
0.01
0
0
0
0
0
0.01
0
0
0
0
0
0
0
0
0
0
0
0
0
0
0
0.01
0
0
0.32
0
0
0
0
0.71
0.61
0
0
0
0.02
0
0
0
0.27
7.71
0.64
0
0
0.02
0.01
0.01
0.03
0
0
0
0.02
0
0
0
0
1.38
0
0
0
0
0
0
0.03
0
0
0
0
0
0
0
0
0
0
0
0
0
10.11
1.03
0
1.19
6.93
4.87
9.26
1.15
0.16
0.02
0
0
0
0
0
0.37
0
0.23
0
0
0
4.45
1.21
0
0
0
0
1.19
9.3
0
0.01
0
0
0
4.86
3.09
0.06
9.77
3.91
4.84
25.32
35.09
2.68
3.45
9.31
5.01
25.17
4.66
20.23
3.93
1.74
12.88
2.57
2.48
1.13
0.76
0.36
0
1.07
0.65
0.27
0.02
1.77
23.75
5.41
0.92
0.55
0.17
0.56
0.38
0
0
0.26
0
0.02
1.46
4.89
0.09
2.5
0
0.13
4.73
0
1.67
0.12
0
0.01
0
0.04
0.02
1.95
0
0
0
0
0
0.02
0
2.73
1.75
0.22
0.47
0.24
0.1
0.36
0.01
0.01
0.2
0.42
2.58
1.53
6.91
1.13
0.88
11.77
18.62
13.97
9.75
1.34
14.02
1.05
0.02
0
0.02
0
0
0
0
0
0.01
0.01
0
2.98
7.79
9.83
12.36
8.99
1.8
0.83
0.56
1.87
5.75
6.91
3.89
0
0.44
1.34
0
0.01
0
2.38
0.5
0.1
0.78
7.08
0.66
0.2
0.53
1.4
0.11
0.01
0
0
0.01
0
0.41
0.04
0.11
0
0
0
6.26
15.02
3.14
6.47
6.85
0
0.01
0.14
0.02
0.45
0.01
0
0
0
0
0.01
0
9.95
5.88
5.99
5.12
14.39
3.63
0.57
0.25
0.26
0
0.23
0
0.23
0
0
0
0.27
12.91
8.46
0.74
3.61
0.6
0.57
2.32
0
0
0
0.01
1.05
0
0.82
8.39
1.03
0.69
0.38
0.8
2.18
3.57
4.92
9.91
3.9
9.1
9.88
0.23
1.29
3.95
5.26
1.09
0.23
8.09
1.25
0
1.23
1.86
0.92
0.99
0.65
0
18.59
1.32
0
0.01
0
0
0.01
0
0
0
0
0
0
0.01
0
0.65
0
0
2.17
0
0.01
0
0.89
0.13
4.16
1.23
0.2
8.13
0.09
0
0.05
11.24
0.66
0.15
0.01
0
0.01
0.02
0
0
0
0
0
0.01
2.3
0.07
0.09
0.02
0
0
0
0
0
0.02
0.03
0.23
0
0
0
2.97
1.28
4.8
0
0
0
0
0
0
0
0
0
0
0
0
0
0
0
0
0
0
0
0
0
0
0.3
0
0
0
0
0
0
0.01
0
0
0
0
0
0
0.35
0.05
0
0
1.49
0
0
0
0
0
0
0
0
0.04
0
0
0
7.51
0.15
0.05
0
0.37
0
0
0.01
0.01
0
2.41
0
0
0
0
0
0
0
0
0
0
0
0
0
0.01
0
0
0
0
0
1.9
1.53
0.04
0
0
0
0
0
0.09
5.08
4.62
6.12
6.35
1.86
0
0
0
0.66
4.57
5.27
0.32
0.02
0
0
0
0
0.02
0.03
0
0.04
0
0.55
7.85
8.48
0.51
0.52
0.01
0
0.06
0.02
0.09
0.31
9.46
0.2
0.45
4.66
0
0
0
0.02
0.03
0.02
0
0.05
0
0
0.02
0.01
0
8.54
6.12
14.33
4.03
1.58
12.17
10.79
10.12
2.96
1.8
5.72
3.82
2.38
0.05
2.94
0.73
2.98
0
0
0
0.01
0
0
0
0
0
0
0
0
0
0
0
0
0.03
0
0.01
0.16
6.18
9.08
3.38
2.07
1.15
1.59
1.98
4.71
0.41
0.04
2.99
2.7
0.21
0.38
0
2.35
20.34
10
7.58
9.67
8.48
6.99
2.05
8.81
3.56
1.09
1.71
6.23
1.44
0.46
0.69
2.16
7.05
1.44
0.64
0.71
2.55
0.93
4.19
0.99
0.3
0.45
0.27
4.11
11.1
0.77
0.48
0.52
0
2.24
0
2.27
0.4
0.68
0
0
1.92
0
0
0.28
0
0
0
0
10.63
0.88
0.12
2.91
2.73
4.64
5.32
1.25
2.2
11.31
1.37
0.72
2.03
1.1
4.55
0.63
0.67
0.08
0
12.86
3.41
5.92
10.48
9.82
4.13
3.23
1.39
0
0
0
5.06
0.52
0.52
5.82
3.84
0
0
0
0
0.09
0.12
0.66
0.02
0
0
0
0
0.11
0.11
1.53
3.32
0
0
9.35
1.94
0.41
3.29
0
0
0
0
0
0
0
0
0
0
0
0.93
0
0
0
0
0.05
1.61
2.66
2.76
0.27
6.63
9.34
0.78
0
0.97
0
0.38
1.33
0
0
0
0.04
0
4.59
0.16
0
0
0
0
0
0
0
0.01
1.16
0
0.02
0
0.57
0.01
0
0.48
0.66
0
0
0
0
9.56
1.63
0
0
0
0
0
0
0
0
0
0
0
0
0
0
0
0
0
0
0
0
0
0
0.04
0
0
0
0
0
0
0
0
0.4
0
0
3.07
7.66
0
0
0.04
0
0
2.39
0.84
0
0
0.97
30.68
1.17
0
0
0
0
9.03
8.49
3.25
7.06
0
3.92
14.45
2.85
0
4.07
0
0
0
0.02
1.02
0
0.07
1.16
0.65
3.6
0.07
0
0
0.23
2.36
5.83
3.59
2.73
8.9
7.07
0.59
0.83
0.02
0
0
0
6.89
10.46
0.27
0
0
0
0
0
0
0
0
0
0
0
0
0
0
0
0
0
0.73
9
17.1
4.88
0.12
2.38
2.39
0
0
1.66
0.41
0.1
0
0
0
0
0
0
0
0
0
0
0
0.69
0.07
0
8.02
1.32
0.02
0
0.3
15.68
1.36
0
0
0.01
0
0
0.02
1.55
1.5
4.89
1.91
0.13
2.8
1.2
1.25
0.05
0.09
0.16
0
0
0
0
0
0
0
0
19.04
7.31
2.14
5.74
13.32
1.64
1.07
0.19
0.1
0
0
0
0.1
0.29
0.14
0.06
5.56
15.17
14.29
8.11
12.45
7.67
3.45
0.39
9.84
1.65
0.64
0.01
0
0
0
0
5.84
10.34
0.26
0.12
0.03
0.26
11.44
8.46
3.1
0.38
0
0
0
0.07
6
6.47
2.2
0.82
0
0
0
0
0
0
0.01
0
1.56
2.15
0
0
0.02
0
0
0
0
0
0
0
0.09
0.82
0.01
0
0.28
2.67
0.21
0.35
1.15
0.16
0.14
0
0
18.2
10.75
15.45
6
2.61
20.59
12.44
0.87
0.05
0.1
0
0.01
0
1.3
0
0
0
0
0
0
0
2.05
7.53
0.66
0
0
0
0.64
0
0
0
0
0.01
0
0
0
0
0.42
0.12
1.95
0.05
0.01
0
0
11.21
1.31
0.55
0
0.07
1.8
10.84
8.59
0
0
0.67
2.34
0
0
0
0
0
0
0.02
0
0
0.05
0.61
0.11
0
0
0
0
0.22
7.27
0
0.02
0.01
0.01
0.01
0
0
0
0
0.97
0
0
0
0
3.6
2.39
0
0.03
0
0.34
4.05
6.61
9.8
1.23
0.92
2.87
2.68
1.64
26.8
3
0.7
0
0.19
0
2.65
0
0.01
0.02
0
1.83
15.05
0.58
0
0
0
0
0.22
0
0
0
0.45
0
0
0
0
0
1.21
0
0
0
0
0
0
0
0
0
0
0.05
0.01
0
0.02
0.04
0
0
0.3
1.84
0
0.26
0
2.93
1.39
0.13
0
0
0
0
0
0
0
0
0.65
0
0
0
0
0.01
0.02
4.19
2.2
0
0.3
6.28
3.42
2.02
0
0
1.28
0.71
17.13
5.96
1.16
5.87
8.93
1.85
0
0.79
33.5
19.07
2.96
0.09
0
0.12
0.38
0.34
0.02
0.02
0.34
5.18
0.12
23.24
11.45
7.41
0.09
0
7.51
0
0
0.03
0.08
0.04
0.12
1.27
0.88
0.11
5.16
14.94
3.98
0
0.04
0.02
0.39
1.27
0.22
0.02
0
0
0
0
0
0
2.12
2.59
2.63
1.25
0
0.1
0
0
0
0.54
4.21
11.8
6.71
5.44
0.28
0.56
3.3
1.85
6.63
25.25
2.21
15.4
3.96
1.63
1.96
1.16
0
0
0
0.04
0.28
0
0.05
0
0.05
0.12
0.03
0.02
0.06
5.93
1.55
0.83
0.65
0.11
5.64
1.48
0
0
0
0.68
8.27
4.48
4.57
2.39
14.53
3.23
14.54
0.09
0.74
0.24
0
0.24
0
2.5
5.73
3.11
5.41
1.44
13.84
1.64
0.28
2.56
0.36
1.59
2.33
0.59
11.45
0.62
0
0.79
0.12
0.23
0
0.05
0
0
0.71
1.53
0
0
0
0
0.01
0.45
0.27
0.08
0.18
1.66
0
0
0
0
0.32
1.76
0.82
0
0
0
0
0
0
0
0
0.01
0
0
0
0
0
0
2.3
0
0
0
0.04
0.09
0.04
0
0.64
0.49
0
2.84
2.54
7.34
6.96
4.8
4.68
0.17
1.48
0.23
12.5
21.95
3.97
0.16
3.77
14.2
0.68
1.36
3.23
10.88
0.92
0
3.1
2.08
0.67
21.49
3.89
0
0.67
0.18
0
7.52
4.86
1.16
18.96
1.41
0.32
2.07
6.34
5.8
0
4.76
8.42
5.32
1.63
1.48
6.21
0.53
0.87
0.66
0.73
0
1.2
3.56
18.44
0
6.06
0.61
0.04
0
0.39
0
0
0
4.39
0.73
0.63
0
5.73
34.91
29.9
2.51
0.13
2.94
4.38
3.79
12.66
3.19
5.96
0.13
0
4.74
5.43
6.38
12.07
4.66
0
27.77
11.65
6.77
11.09
10.9
0.27
0.33
0.61
4.8
0.25
0
0.35
0
0.39
0
0
0.13
0
0
0
0.33
0.27
0.14
0.02
0.06
0
0.01
3.85
0
0
0
0
0
0
0
0
0
0.02
0
0
0
0
0
0
0
0
0
0
0
2.46
0.3
0
0
0
0
0
0
0
0
0
0
0
0
0
0
0
0.22
1.05
0.19
0
0
0
0
0
0.21
0.58
1.82
0.4
0
0
0.2
0
0
0.1
0.04
0
0
0
0
0
0
0
0
0
0
0
0.66
0
0.17
0.12
0.41
0.1
0.01
0.04
0
0.08
0.73
3.13
0
0.73
11.52
5.48
13.24
9.07
5.89
1.42
0.18
0
0
0
0
0
0
0
0.09
0
0.21
0
0.09
0.16
0.23
0
0
0
2.01
2.43
0.48
0
9.68
6.44
0.73
0.25
0
0
0
0
0
0
0
0
0
0
0.02
0.02
0
0.03
0.04
13.16
5.01
0.63
0.01
0
0
0.75
0
0
0
0
0
0
0
0
0
0
0
0
0
0.11
0
0
0
0
0
0
0
0
0
0
0
0
0
0
0
0.21
6.33
0.23
0.05
0.06
0.08
0.05
0
0
0
0
0
0
0
1.39
1.59
0
0
0
0.01
0
0
0
0
0
0
0.01
0
0
0.02
0.46
0
0.06
0.38
1.76
2.41
2.17
0
0
0
0
0
0.04
0
0
0
0.02
0.01
1.87
13.73
21.24
16.61
4.45
12.84
4.14
0.55
0.04
0
0.16
0
0
6.21
2.77
0.29
0
0
0
0.1
0
0
2.86
5.44
0.1
0
0
0.02
0
0
0
0
0
0.07
0
1.03
14.93
5.07
0.03
9.89
5.96
8.82
5.86
4.71
7.52
2.79
2.69
0
1.61
9.02
7.74
0.3
0.52
0.15
0
0
1.87
0.98
1.91
10.26
11.99
15.41
10.44
1.47
0.86
0.92
0.12
0
0
0
0
0
0
0
0
2.63
0.2
0
0
3.47
7.57
0.97
0
0
0
6.93
0.29
0
8.7
12.73
8.3
20.87
2.36
15.15
6.68
9.44
20.81
13.18
7.01
2.4
4.98
0.76
1.03
0
0.64
0.14
0.95
0.22
0
0
0.03
0
1.55
2.99
2.82
5.25
15.98
2.64
0.05
0
2.08
0
0.04
0
0
0
0
0
0
0
0
1.56
3.48
0.08
0.02
0
0
1.32
2.22
0.84
0
0
0
0.03
0
0
0
0
0.04
0.12
0.18
0
0
0
0.03
0
0
8.88
0.83
0.45
0.07
0.2
1.24
0.05
0
0
0
0.69
0.04
2.63
0
0
0
0
0
0
0
0.01
0
0
0
0
0.02
0
0
0
0
0
0
0.7
0
0
0
1.16
0.17
0
0.22
1.24
2.88
10.29
0.44
0
0.3
0
0
0
0.18
0
0
0
0.63
0
0.69
0
0
0
0
0
0
0
0
0
0
0
0.16
0.09
0
0
0
0
0
0
0
0
0.45
1.47
0.38
10.66
1.09
0.07
0
0.07
0.04
0
0
0.37
0
4.44
0
0.82
0.06
0
0
0.59
1.29
0.01
2.35
0.32
0.33
0
0.8
0.05
0
0
0.93
1.53
0.79
11.77
5.16
3.59
15.55
7.29
6.59
9.68
5.67
2.04
6.48
9.36
7.9
2.01
2.67
2.04
1.9
0.32
0.97
3.35
1.9
3.59
3.4
2.77
12.27
3.3
1.79
10.73
8.07
3.84
3.93
15.83
18.83
15.4
1.67
2.51
7.45
3.35
0
0
4.03
7.21
1.33
0.66
0.32
0.25
0.29
2.92
1
7.36
2.78
0.14
1.12
0.96
0.06
0.68
0.68
1.08
0
0
0.46
0.54
0
0
0
0.47
0
0
0
0.01
0.22
0.57
3.2
7.27
8.68
3.63
2.44
3.36
5.07
0.18
0.05
0.01
0
0.02
0
0
0
0
0
0
0.16
0
0
0
0
0.01
0
0.17
0.09
0
0
0
0
0
0
0
0
0.06
0.05
0.01
0
0.16
0.14
0.99
0.41
0
0.7
1.91
1.51
0
0
0
0
0
0
0
0
0
9.34
0.37
0
0
0.38
0.04
0
0.2
0.09
3.34
3.63
1.09
8.45
10.08
8.44
2
1.63
1.38
0.04
0
0.04
0.12
1.7
0
0.04
0
0.06
0.15
0.85
1.17
0.9
1.32
1.63
0.52
3.34
0.31
0
0.24
0
0.13
0.02
0
0
0
0.25
0.15
0.3
0
0.02
0.3
3.94
0.05
0
0.02
0.48
0.11
0
4.66
2.51
0.16
1.13
0.74
0
0.17
1.98
0.34
0.34
0.41
0.52
0
0
0
0.36
0
0.12
0.27
0
0
0
1.52
4
0
4.76
4.09
0.53
0.44
0
0.23
0.07
0.02
0
0.11
0
0
1.96
4.36
0.6
0
0
0
0
0
0
0
0
0
0
0
0
0
0
2.89
0
0
0
0
0
0
0
1.85
0.54
0.18
0.23
0.14
0.2
0
0.04
4.76
0.11
0.18
0
2.31
18.96
3.63
0
0
0
0.02
0
0.01
1.45
0.07
1.65
0
0.19
0
0
0
0.12
5.49
10.27
2.76
0.21
0.05
0
1.25
0.15
0.36
0.05
0
0
0.02
0
1.14
0.38
0.07
0
0.04
0
34.67
9.68
0.16
0
0.38
0
0
0
8.07
0.85
0.27
1.79
4.52
0
0
0
0
2.16
0.99
0
0.37
16.77
0.3
0
4.95
2.03
0.61
0.05
0.79
6.09
0
0
0.32
0
0
0.02
0.27
1.03
3.64
1.3
7.58
1.25
0.26
21.79
23.94
10.35
3.2
0.26
0.36
2.87
4.8
0.78
8.37
9.14
0
0.39
0
0.41
0.68
0.53
10.75
23.07
0.04
0.34
0
0.27
0.53
0.96
0
0
0
0.1
0.07
0.27
11.15
2.15
5.73
9.79
0.8
0.82
0.52
0.02
0.02
0
0
0
0
0
0
0
0
19.39
5.34
2.77
0.03
0
0
0
0.09
0
0.12
2.5
0.1
0
0.17
0
0.02
0
2.41
0
0.46
0.6
0.39
0.12
0.04
0
0.02
0.01
0.04
0.01
0.63
9.1
2.53
0.68
0.62
0.05
1.47
0.04
0.08
0
0.23
0.76
0
0.01
0
0.02
0.1
0.02
0
0.77
0.62
0.16
0
0.54
0
1.26
4.78
6.95
2.55
0.09
0.32
7.06
1.88
0.75
8.5
0.8
0
0.95
0.51
0.81
0.34
4.89
4.61
6.8
2.3
0
0.01
0.02
0
0.36
0.02
0.77
2.28
12.69
3.94
0.85
1.06
0.07
10.48
9.6
9.93
4.89
9.66
0.97
1.13
8.09
0
0.21
0.75
2.16
4.8
0
0.19
0
0.75
0.05
1.67
3.82
3.96
4.7
0
0
0.01
0
0.28
0
1.12
2.71
10.38
0.27
0
0.01
0
0
0
0.02
6.95
26.33
7.09
16.29
3.96
0.69
0.06
0.38
0.23
0.02
0.01
0
1.95
1.45
1.16
0.19
0.37
0.07
0.09
9.46
0
0
1.53
1.71
0
1.01
0
1
0.54
0.02
0
0
0.02
0
0
0
0
0
0
0
0.01
0
0
0
0.01
0
0
1.21
9.41
8.7
0.59
4.76
0.13
0
0.02
0.21
0
0
0
0.02
0.01
0
0
4.96
9.76
0
0
0
0
0
0.02
0.02
0
0
0
0
0
0
0
0
14.29
5.75
3.55
2.03
0
0
0
0.25
0
0
0.01
0.77
0
0
0
0
0
0
0.39
0.19
0
0.03
0
0
0.29
0
0
0
0
0
0
0
0.01
0
0
0
0
0
0
0
0
0
0
0
0
0.02
0.13
2.05
2.02
0.77
0.02
0
0.01
0.02
0.06
0
0.17
2.08
0.8
0
0
0
0
0.89
32.7
8.54
21.97
1.79
0.14
0.02
0
0.31
1.61
0.93
0
0
0
0.02
0
0
0
15.94
21.34
0
0
0.19
6.7
5.32
1.67
18.68
1.18
0.17
0.36
0.02
0
0.04
0
0.01
0
0
26.52
23.3
8.86
5.55
4.76
2.27
0.15
0.01
0
0
0
0
0
0
0
2.31
9.94
4.68
2.91
0.38
0
0
0
0
0.06
0.94
1.8
0
0
0
0
0
0
0
0.28
2.7
2.8
16.98
0
0.03
0.27
4.84
1.7
1.32
0
0.36
1.52
0.04
0
0
0.17
6.29
2.71
2.72
7.55
5.61
1.49
0
0
0
0
0
0
0.03
0.06
0
2.72
3.55
0.73
0.01
0
0
0
0
0
0
0
0
0
0
0
0
0
0
0
0
0
0
0
0
0.34
3.13
4.95
0.59
0.01
0
0
0
0.27
0
0
0
0.01
0.08
0.03
0.25
0.46
0
0
0
0.01
0.01
0
0.01
0
0
0
0
0
0
0
0
0
0
0
0.02
4.61
0.08
0
0
0.12
0.2
6.56
1.3
0.07
0
0
0.13
2.75
0.65
0.1
0
0
0.18
1.02
0.26
0.01
0.13
0.08
0
0
0.01
0
0
0
0
0
0
0
0
0
0
0
0
0.08
0.05
1.2
0.92
0.48
3.12
0.27
0.11
0.64
21.59
4.34
17.13
17.25
10.52
7.89
1.06
2.79
0
1.32
0
0
0.09
0.15
0
0
0
0
0
0
0
0
0
0
0
0
0
0
0
0
0
0
21.39
4.82
0.04
0.01
0
1.49
0
0.01
0
0
0.01
0
0
0
0
0
0
5.42
9.69
0.65
0.86
0.28
3.3
0.18
0
0
0.41
10.89
22.7
22.52
3.03
6.4
3.21
1.91
4.68
0.09
3.34
0.5
1.27
3.32
0.06
0.21
5.84
6.34
0.05
4.73
1.05
0.56
0.03
0
0
2.88
13.7
2.73
0
0
0.12
0
0
0
6.16
0.72
0.01
0
0
0
0.01
0
0
0
0.25
0
0
0
0
1.71
0.36
0.01
0
0
0.3
0.43
0
0.2
0
4
0.08
0.31
3.06
1.95
2.53
0.47
1.83
1.93
1.04
0
2.98
0.11
0
3.65
0
0
0
0
0
0
0.2
0
0
0.22
5.45
0
0
0
0.06
0
0.92
0.1
0
1.17
4.05
0
0.56
0
0
0
0
0
0
0
0.01
0
0
0
0.01
0.01
0
0
0.01
0
0
0
0.05
0
0
0
0.07
10.22
21.82
10.39
0
0
0
0
0
0
0.02
0.38
0
0
5.31
7.22
7.71
7.59
6.48
0
0.82
10.21
26.64
1.71
18.5
14.77
0
0
0
0.01
0.01
0.8
0.6
5.22
6.06
13.63
12.76
4.09
0.54
0.25
0
0
0.02
0
0
0
0
0
0.08
0.16
0.01
0.02
9.87
0.06
0
0.01
0
0
0
0
0
0
0
0
0
0
0.01
0.05
0.11
7.95
3.48
16.32
7.24
11.81
1.04
0.66
0
0.43
0
0
0.12
0
8.02
4.69
0
0
0
0
0
0.04
0
1.75
0
0.77
0.05
0
0
0
0
0
0
0.23
0
0
0
0
0
0
0
0.04
0.17
0.05
0
0
0
0
0
0
0
0
0
0
0
0
0
0
0.19
0
0.08
0.05
0.11
0
0.48
2.67
0
0.04
0.55
0.04
0.33
2.97
1.85
0
0.01
0
0
0
0
0
0
0
0
0
0
0
0
0.32
0.86
0.44
3.36
3.76
0
0.01
0
0
0
0
0.27
0.23
0.2
0.28
3.99
12.71
2.66
0
0.02
0.28
0.17
0.57
1.21
0.22
2.73
1.9
0.24
0
0
0
0
0
0.02
0.02
0
0.04
0.05
0
0
0
0.01
0
0
2.14
3.65
1.3
4.14
0.3
0.02
0
0
0.01
0.96
0.98
1.37
5.78
7.73
12.63
1.47
0.8
0.65
3.83
1.72
2.22
0.7
0.66
0.45
0.03
2.13
0.74
0.32
3.77
11.32
1.16
3.17
11.59
10.84
2.85
2.49
7.77
4.65
1.25
0
0
0
12.77
9.49
9.42
6
2.98
0.34
0.22
0
0
0
0
0.05
0
5.55
5.5
2.99
5.18
20.36
8.47
0.66
0
0.05
0.14
0.09
0.02
0
1.59
2.29
0.72
0
1.34
2.01
0.13
0.18
0
0
0
0
1.86
2.22
0
0
0.02
0
0
0
0
0.2
3.39
0
0
0
0
0
0
0
0
0
0
0
0
0
0
0
0
0
0
0
0
0
0
0
0.04
0.2
0.52
0.27
0.02
0.34
0
0.46
0.09
0
0.04
0
0
0
0
0
0
0
0
0
0.04
3.74
1.15
0
0
0.08
0
0
0
0
0.68
0.46
0.09
0
1.09
0.24
2.04
3.75
0.01
0
0.01
0.01
0.01
2.01
0.05
0.04
1.36
0
0.15
27.14
23.15
5.37
2.68
0
0.23
0
0.02
5.88
0.84
11.1
1.44
1.74
5.68
13.15
7.97
5.27
10.66
30.27
12.85
12.73
8.13
7.16
1.74
1.22
5.27
4.6
0.06
0.26
0.5
0
0.38
0.49
0.62
3.39
9.06
18.85
9.9
1.66
1.24
11.16
3.92
7.37
4.75
0.37
9.95
2.86
2.14
0
0.04
0.21
0
0
0
0.01
0
0.46
0.13
0
0
0
0
0.01
0.47
0
0
0.66
0.63
5.01
0.3
7.66
0
0.02
0.35
0.02
0.45
0.04
0.02
0
0.01
0
0
0
0.87
0.41
0
0
0
0.66
0.33
0
0
0
0.66
0.45
2.72
2.36
1.46
0.16
0.17
0.29
0.99
0.02
0.77
8.57
1.55
12.01
13.81
4.07
7.07
16.77
2.22
1
0.23
0
0.45
1.29
0.47
0.37
0.63
0
0.01
0
0.68
0.3
0
0.73
0.87
0
0
0
0
0
0.04
4.26
9.96
1.21
1.23
1.46
0.27
0.09
0
0
0
0
0.07
2.13
0.71
0.27
1.24
0.39
4.28
0.8
0
5.53
0.52
0.14
0.04
2.07
7.12
6.31
2.54
0.35
0
0
0
0
0
0
0
0
0.3
0.08
0.01
0.05
0
0.27
0.44
0.35
0
0.04
0
0
0
0
0
0
0
0.18
0.29
0.55
0.02
0.05
0.49
0
0.3
0.9
0.6
0.01
1.7
0
0.03
0.06
0
0
0.47
5.21
0.45
0.21
0.15
5.13
0.88
0.05
0.45
3.14
7.82
0.05
0
0
0.42
0
0
0
0.18
2.44
0.68
0
0
5.55
0
0
0.02
0.41
1.48
2.26
1.66
8.25
9.29
2.3
0.82
7.97
0.73
1.08
0.78
2.25
0
0
0
0.01
0
0
0
0
0.43
0.08
0
0
0
0.04
0
0.31
0
0
0
0
0
0
0
0
0.05
0
0.28
0
0
0
0
0.01
0.04
0.02
0.01
0.01
0
0
0
0
0
0
0
0
0
0
0
0
0
0.01
0
0
0.05
0.54
0
0
0
0
0
0
0.01
0.02
0.04
0
0
0.16
1
3.62
0
0
0
0.02
0.02
0
0
0
0
0
0.02
0
0.27
0.26
0.21
1.12
0
0
0
0.02
0.01
0.01
0
0
0
0
0
0
0
0.18
0.08
0
0
0
0
0
0.02
0
0
0
0
0
0
0.13
0.36
0
0
0.08
0.01
0
0
3.39
1.68
3.73
4.59
3.93
0.56
0.17
3.56
1.47
0.8
4.88
3.32
1.68
0.33
3.37
2.53
0.18
0
0.86
10.74
7.87
1.65
0.12
0.23
20.91
11.39
5.15
0.66
7.78
5.59
4.02
0.15
8.13
1.64
0.11
1.86
0
12.16
3.91
0
0
0
0.7
1.01
13.93
10.98
4.86
15.32
4.42
7.45
3.73
2.5
0.14
5.14
0.27
0.13
0
0.01
0.09
0
0
0.1
0
0
0
0
0
0
0
0.25
0.19
0
0.45
0.3
0.05
0.03
0.81
0.9
4.84
0
0.09
0
0
0.11
0.18
0
0.02
0
0
0.9
1.36
0.48
2.14
0.77
0.02
0.01
0
0
0.23
0.28
0.94
1
16.37
3.19
2.68
0.14
0.83
0.88
0.13
0.09
0.06
0
0
0.04
0.02
0
0
0
0.22
9.29
7.98
1.05
1.21
0.38
0
2.69
2.2
0.37
0.94
0.13
0.06
1.9
0.04
0
0
0
0
0
0
0
0
2.08
1.89
0
1.85
17.63
7.16
4.01
0.9
0.05
5.27
0.83
0
0.14
0.34
0
0
0.21
2.2
2.9
0
0.14
0
0.11
2.46
1.69
5.09
1.1
0.05
0.13
0
0.13
0.15
0.04
0.03
0
0
0
0
0
0
0
0.09
0
0.27
0
0
0
0.2
0.07
0.01
0
0
0
0
0
0
0
0
0
0
0
0
0
0
0
0
0.01
0.01
0
0
0.03
1.24
2.63
2.9
5.59
7.96
3.73
0.22
5.48
0
0.06
0
0.34
11.81
2.58
0.91
0.55
0.67
5.65
18.95
4.55
7.31
11.3
0
0.13
3.69
1.06
1.8
0.61
1.2
0
0
0
0
0
0
0.07
0.55
0
0
0
0
0
0
0.08
0
0
0.38
0.11
4.32
4.25
17.59
0
0.05
0
0
0
3.62
1.5
0
0
0
0.85
0.18
0.61
0
37.79
3.51
1.15
3.26
3.28
1.52
0
0.42
0.46
0.56
0
0.01
0
0.03
0.48
0
1.15
0
0
0
0
0
0
0
0
0.01
0
0
0
0.1
0.05
0.02
0
0
0
0.02
3.62
0
0.09
0
0.02
0.01
0.02
0
0.01
0
34.18
6.71
1.94
0
0
0
0.08
0
0
0.04
0.3
4.86
5.81
3.81
5.85
0
0.01
0
0
0
0
0
0
0
0.12
1.45
3.23
0.14
0
0.07
0
0.32
0.66
0.01
0.02
0.38
0
0
0.02
0.6
7.2
0.34
0.16
0.01
0
0
0
0.01
0
0
0
0
0.02
0
0
0.35
1.63
1.41
0
0
0
0
0
0.26
0
0
2.1
0.27
0.01
0
0.12
0.38
0
0
0
0.49
1.28
0
0
0
0.28
0
0
0
0
0.06
0
0
0.02
0.01
0
0
0.7
12.23
24.7
13.59
0.41
2.14
8.28
9.13
5.88
13.59
0
0
4.21
2.7
0.31
0
3.96
2.35
1.86
1.34
0
2.19
0
0.04
1.32
16.94
1.74
3.05
5.5
3.46
0.23
1.86
0.46
0.4
0
0.41
13.24
2.13
0.89
0
0.83
0.1
0.78
10.17
5.61
12.05
25.6
11.09
7.5
4.6
8.68
22.6
15.64
0.88
0.25
0.15
11.36
5.34
18.38
2.96
13.22
4.68
1.7
9.21
0.68
1.21
0
0.28
0.3
0
0.09
3.15
2.69
9.73
8.31
13.86
7.54
0.5
1.62
4.86
5.12
3.04
0
5.23
14.54
1.77
0
0.95
14.03
4.16
0.36
0.01
0.02
0
0.02
1.52
4.13
0.52
0.02
0
0.02
0.42
0.74
0.61
0.23
0.21
0
0
0.33
9.92
0
2.41
0
0
0
0
0
0.01
0
0
0.02
0
0
0
0.28
3.73
2.24
0.02
0.02
0
0
3.76
0
0
0
0.06
0.05
0.17
4.55
0.29
0
2.67
6.62
10.95
11.52
1.28
0
0.26
0.39
8.39
1.95
1.2
0
0
0
0.01
1.59
0
0.06
1.37
0.52
0
0
0
0.34
7.73
0.06
0
0.02
0
0.71
3.13
2.43
2.6
2.8
1.74
0
0
4.46
17.13
8.95
8.66
4.95
15.84
9.13
2.35
0.01
0
0.4
1.86
15.2
12.52
4.34
0.86
0.01
0
0
0
0
0
0
0
0.01
0
5.91
4.59
0
0
0.43
0.31
0
1.06
0.02
1.84
1.09
0
0.64
0
0.25
2.46
0.05
2.98
7.43
7.09
0.41
0
0
0
0
0.09
0
0
0
0
0
0
0
0
0.01
0
0.14
1.45
1.9
0
0
0
0.05
2.29
0
0.02
0
0
0
0.09
0
0
0.02
0
0
2.81
17.07
0
0
0.08
0
0
0
0.27
0.86
0
0
0
4.06
1.99
0
0
0
0
16.25
18.16
5.73
0.29
0
0.44
0
0
0.04
0
0
0
0
0.01
0.08
0.45
0
0
0
0
0
0.48
4.1
0.46
0.09
0.02
3.51
0.02
0.04
1.86
0
0
0
0
0.38
1.05
0.93
0.36
11.79
10.69
1.13
0
0
0
0
0
0
0
0
0
0
0
0
0
0
0
0
0
0
0
0
13.91
0.36
0
0.1
0.42
0.11
0
0.18
0
0
0.01
0.01
0
0
0
0.05
0.02
0
0
0
0
1.16
2.48
1.44
0
0
0.02
0
23.43
43.43
16.23
10.01
3.09
0.27
9.37
2.08
1.56
7.76
5.7
1.63
3.31
1.71
0
3.3
0.88
0.32
0.05
0.04
0
0.06
0
0.3
15.52
9.5
1.27
6.9
0.98
1.18
1.24
10.72
23.57
26.52
4.61
0.09
0.08
2.98
12.91
11.23
16.8
9.41
6.53
11.22
5.59
4.37
0.06
0
2.22
5.75
3.26
16.16
5.53
8.37
3.85
0.55
11
2.94
11.3
22.53
0.16
0.2
0.01
0.27
0.2
0
3.17
10.28
3.78
10.93
19.63
16.68
2.88
5.59
1.84
0.23
0.34
0.46
0.05
0.98
0
0
0
0.03
2.17
0.43
0.01
0
0
0
0
0
0.02
0
0.07
0.2
0.85
0.23
0.02
0.12
0
0
0
0
2.61
0.55
0.28
0
0
0
0
0
0
0
0
0
0
0
0
0
0
0
0
0
0
0
0
0
0
0
0
0
0
0
0
0.17
0
0
0
0
0
0
0
0
0.09
0
0
0.14
0.49
0.86
0.01
0
0
0
0
0
0
0.9
7.27
16.76
17.54
6.82
1.09
0
0
0.02
1.14
0
1.19
0
0
0
0.09
0.8
0
0
5.32
1.84
2.79
0.14
0
0
0.03
1.13
6.13
2.25
1.31
14.6
8.88
3.88
0.35
0.01
0
0
4.67
2.8
1.65
0.27
0
0.36
7.04
23.63
5.8
13.86
0.09
4.33
12.98
11.84
0
0
0
0
0
0.02
0
0
0
0
0.05
0
0
0
0
0
0
0
0
0
0
0
2.35
1.84
0.1
12.49
5.85
3.88
0
0
0
0
1
1.24
2.6
0
0
0.03
0.75
0.05
0.75
0
0
0
0.04
2.73
3.76
14.56
2.87
0
0.09
0
2.07
2.16
4.23
0
0
0
1.26
0.32
0
0
0.02
4.53
1.23
13.29
0
0
0.2
0
1.02
0.66
0.93
0
0.01
0.21
0.78
4.73
1.62
4.71
7.52
2.34
11.72
0.43
0
0
0
0.75
0
0.01
0
0
0.7
0.07
0.16
0.8
0
0
0
1.84
5.48
8.01
0
0.45
0.24
0.09
3.84
1.05
0.06
1.84
3.47
3.43
3.38
0.5
0.33
0.16
0
0
0
0.01
0.34
0.13
0
0.13
0
0
0.01
0
0
0
0
0
0
0
0.02
0.09
2.21
2.68
8.65
1.76
0.01
2.47
0.79
6.96
15.7
0.23
0
0
0
8.45
10.11
4.46
36.65
15.37
4.82
9.21
4.05
10.65
10.69
0.89
5.67
0.26
0.03
0.11
1.73
8.16
2.54
4.07
12.18
4.59
0.17
4.02
5.78
0.05
0.29
1.08
0.28
2.4
0.35
3.4
0.2
9.22
0.89
0.03
0.45
0.43
0.22
0.04
2.17
2.1
0.41
0
5.76
22.67
39.4
8.06
7.1
0.99
3.84
8.4
0.09
0.01
1.64
0.64
0.34
1.02
0.49
4.3
11.6
0.23
2.12
0.38
0.84
0.11
0
0.03
0
0
0
0.12
5.07
5.38
0.13
0.01
0
0
0.02
0.02
0.03
0
0
1.48
0.71
0.81
2.66
0.7
0.85
4.86
0.98
1.59
1.14
8.02
2.09
2.8
0.27
0
0
0.28
0
0
0
0
0
0
0
0
0
0
0
0.15
1.64
0.05
0
0
0
0
0
0
0
0
0
0
0
0
0
0
0
0.02
0
0.02
0.14
0
0
0
0
0.01
0
0.46
0
0.45
4.17
0.32
0.57
0
0.09
0
5.44
0.86
2.57
0
0.05
4.29
1.86
4.69
3.29
1.11
0.51
4.46
5.04
2.59
1.08
0.61
13.53
4.61
9.12
1.22
0
0.02
0
0.2
1.64
0.26
0.31
0
5.41
1.85
4.23
8.09
4.02
3.81
1.07
3.98
0.34
0.17
0.25
0
0.01
0.03
5.98
7.95
3.41
8.2
11.45
1.01
0.61
0.21
0.34
9.22
5.88
0
0.43
6.94
4.98
4.02
6.7
20.14
3.86
11.05
1.45
3.54
1.57
0.14
2.86
2.51
1.52
6.18
0
0
0
0
0
0
0
0
0
0
0
0
0
0
0
0
0
0
0
0
0
0
0.01
0
6.87
1.43
0
0
0
0
0
0
0
0
0
0
0.06
0
0
0
0
0
0
0
0
0
0
0
0
0.02
0
0
0
0
0.02
4.88
1.69
0
0
0
0
0
0
0
0
0.44
1.28
0.34
0.35
2.52
1.22
3.7
1.99
0.56
0.52
0.01
0
0
0
0.05
0
15.8
0
0
0
0.27
0
0
0
0
0
0.01
1.19
0.01
0
0.11
0.39
0.15
0
0.02
0
0
0
0
0.21
0.09
1.58
9.8
0.69
11.46
10.79
4.14
2.35
2.55
4.23
2.75
0.3
0
1.3
5.21
19.07
5.33
0.03
1.91
1.69
0.92
0.2
0
0
0
0
0
0.02
0
0
0
0
0.01
0
0.05
4.03
1.76
0
0.01
0
0
0
0.06
0.85
24.47
12
0.55
0
0
0
0.06
0.22
0.09
0.01
0.03
0.05
0
0
0
0
0
0
0
0
0.05
0.12
0.32
0.02
0
0
0.57
0.57
0.85
0.11
2.53
0.12
0
0
0.07
0.01
0.17
1.02
1.59
0.77
0
0.02
0
0
0
0
0
1.39
1.34
0
0
0.15
0
0
0.01
0
6.34
11.28
2.43
0
0.06
0
0
0
0
0.14
0.47
7.93
2.81
0.05
0
0.01
0.04
0.12
7.69
7.86
0.16
0
0.09
0.04
0
0.01
0
0
0
0.01
0
0
0
0
0
0
0
0
0
0.03
0
0
8.92
0.84
0.07
0.01
0
0
0
0
0
0
0
0
0
0
0
15.23
3.29
0.94
4.82
0.16
0
0.06
5.07
0.65
0.06
0.01
0.06
0
0
0.38
16.27
5.41
0.75
0.87
0.65
0.05
0
0
0
0
0
0
0
8.23
7.55
3.21
2.94
0.22
0
0
0
1.01
0
0
0.08
0
0
0
0
0
0
0.02
0
0
5.9
1.95
10.06
0.48
0
0.19
1.68
0.55
0
0.16
0
2.79
2.26
12.23
11.66
5.13
0.19
4.83
2.44
4.24
1.51
1.36
5.5
4.66
0.41
0
0
0
0
0
0
0
3.88
5.79
11.14
6.75
1.52
0
0
0
0
0
0
0.02
0
0
0.37
1.88
15.3
1.68
0
0
0.12
0.02
0.13
1.73
15.47
0.36
0
0.58
22.11
0
0
2.33
1.81
0.37
0
0
0
0.08
1.03
0.22
0
0
0
0.04
0
0
0
0
0
2.02
0
0
0
0
0
0
0
2.63
2.93
0
0
0
0
0
0
0
0
0
0
0.08
0.21
23.88
0
0.12
0
0.52
12.69
0
0.01
0
0.02
0
0.11
3.2
0.6
0
0
0
0
0
0
0
0
0
0.09
3
0
0
0
0.3
0.91
0.3
0.02
0.01
0
0
0
10.96
2.95
0.54
0
13.06
11.26
0.99
1.85
0.15
0
0
0.04
0.09
9.55
17.71
2.55
0.01
0
7.58
28.12
5.17
1.21
0.17
0.04
2.41
7.41
2.37
0
0
0.06
0.05
0
0.04
0
0
0
1.82
3.01
0.2
0.01
0
1.36
10.61
3.71
0
0.03
0
11.07
4.34
16.6
12.26
9.8
21.02
26.52
11.2
1.11
4.55
5.88
4.3
0.39
0.5
0
0
0.06
0.01
0
0
0
0
0
0
0
10.75
10.57
2.27
4.58
3.89
1.04
0.31
0.02
0.04
1.48
0.86
0
0
0
0
0
0.02
0
0.04
0.01
0
0
0
0.75
0.18
0.01
0
0
2.56
0.5
0.65
0.48
1.28
12.94
2.18
0.8
0.09
0.05
1.02
0.2
0
0
0
0.32
0.68
0.3
5.16
1.21
3.64
1.66
0
0
0
0.05
0
0
0
0.02
0.02
3.37
0.81
0
0
0.05
4.89
1.91
0
0.03
0
0
0.07
0.07
0
0
0
0.02
0.07
0.05
0
0
0
0.31
0.85
0.12
0
0
0
0
0
0
0
0
0.01
0
0.02
0
0
0
0
0
0
0
0
0.02
0.02
0
0
0
0
0
0
0
0
0
0
0
0
0
0
0
0
0
0.02
0
0
0
0
0
0
0
3.15
0.7
7.39
4.92
1.48
2.06
0.47
0.2
1.2
0.49
6.8
3.63
0.15
8.75
7.53
5.38
0
0.01
2.15
7.24
4.51
9.09
2.36
0
2.3
10.95
24.96
13.53
2.41
15.22
5.29
0
0
11.72
2.52
0
0.13
4.13
9.24
1.88
0.27
0.01
0.03
0.04
0.5
3.94
2.09
5.42
13.11
8.88
5.26
2.76
0.34
0.1
0
0
0.01
1.52
3.75
2.41
0
0.51
4.85
1.72
0
1.09
0.09
10.55
2.87
0.2
0.01
0.05
0
0
1.05
3.84
13.75
5.88
0.01
0
0.02
1.84
0
0
0
0
0
0
0
0
0
0
0
0
0
0
0
0
3.34
2.97
0
0
0
0
0
0.05
0.01
0
0
0
0
0.22
0.56
0.04
0
0
0
0.03
1.03
2.02
0.56
0
0
0
0
0.03
0.03
0.07
0
0
0
0
0
0.04
0.01
0.02
0
0
0
0
0
0
0
0
0
0
0
0
0
0.02
0
0
0
0.05
0
0
0
0.05
0.02
0.14
0
0
0.83
0.38
0
0
0
0
0
0
0
0
0
0.29
3.91
0
0
0
0
0
0
0
3.04
6.57
0
0
0.08
0.04
0
2.53
0.21
0.88
2.28
1.4
0.18
0.98
0.07
0
0
0.04
0
0
0
0.02
0.68
25.3
0.32
1.1
2.51
7.52
0.18
0
0
2.06
7.86
6.06
3.85
3.02
1.09
0.85
0
0
0.03
0
11.6
0
1.49
13.91
1
3.18
18.91
4.16
0.64
0
0
0
0
12.95
3.91
0.13
0
0.19
0.02
0
0.1
0
9.44
31.44
3.17
2.73
0.84
1.71
0.29
0.7
10.5
1.6
13.28
4.98
0.41
0
6.61
13.42
5.66
2.38
0.55
0.02
0
0.35
0.41
3.73
0
0.04
0
0
0
0.05
2.54
10.42
10.64
11.69
10.69
12.38
5.5
6.8
16.54
4.2
0.09
9.76
2.18
6.87
3.08
15.79
5.2
0.18
0.49
4.1
3.61
5.63
0.62
0.13
1.21
3.66
4.45
1.26
8.45
2.71
0.09
0
1.32
5.84
10.77
9.43
26.29
6.7
6.6
1.62
0.01
0
0.02
0
0
1.33
1.02
2.02
12.06
7.73
1.64
0.96
0
0.03
0
0.67
0.75
0
0
0.02
0
0
0
0
0
0.09
0.04
0.82
1.89
1.17
22.7
28.55
11.73
22.12
1.01
0.28
12.83
8.51
0.94
2.32
0.66
6.24
0.01
0
0.01
3.73
0.04
0
0.03
0
0.01
0
0
0.69
1.61
4.45
0.11
1.45
2.34
0.12
0
0
0
0
0.07
0
0
0
0
0.01
0
0
0
0
0
0.51
0
6.72
2.86
0
0
0.01
0.01
0
0.3
0
0
1.09
0.15
1.94
1.65
4.73
4.43
0.82
1.69
0
0
0.03
0.89
3.3
4.55
0
0
0.01
1.02
1.27
0.36
0.88
7.08
0.18
4.88
0.84
5.9
2.52
2.36
0.07
0.01
0.01
0
0
0
0
0.07
0
0.02
0
0.02
0
0
0
7.44
3.67
0.41
0.01
0
0
0
0
0
0
0
0
0
0
0
0
0
0
0
0
0
0
0
0.94
0.73
0.09
0
2
0
0.34
2.35
0
1.66
0.07
0.01
0.28
2.3
0.03
0
0.32
0.05
0
0
0
0
0
0
0
0
3.02
6.79
0
0
0
0
0
0.01
0.01
0
0
0
0
0
1.8
1.5
7.22
0
1.35
0
0.01
0.01
0
0
0
0
0
0.01
0.4
0
0
0
0
0
0
0
0
3.27
0
0
0
0
0
0
0
0
0
0
0
0
0.01
0
0
0.05
3.63
14.97
9.52
14.66
1.93
2.05
0.4
0.03
12.8
2.52
0.04
0
0
0
0
0.18
7.92
3.71
8
3.7
0
0
4.35
0
0
0
0.1
13.65
11.23
26.6
9.76
0.36
2.91
0
0
0
0
0.02
0
0
0
0
0
0
0.11
0.06
0.15
0
0.03
0.01
0
0.01
0
0.02
0.53
1.41
2.14
0.05
0.09
0
0
0
0
0
0
0
0
0.01
0.03
0
0
0
0
0
0
0
0
0
0.04
0
0
0
0
0
0
0
0.16
0
0
0.01
0
0
0.52
0.5
3.41
0.34
0.01
0
0
0.01
0.07
2.42
3.83
1.93
4.63
3.98
0
0.02
0
0
0
0
0.11
0
1.07
0.36
0
1.86
0.53
0.34
0.12
0.01
0.18
1.46
1.76
13.73
1.91
0.07
0.01
0
0.06
0
0.02
0.04
0
0.07
0.15
0.12
9.23
0.83
0
0.01
0
0
0
0
0
0.01
0.01
0.12
0.01
0.01
0
0.01
0
0
0
0
0
0
1.09
6.11
4.2
0.52
12.5
4.6
2.79
0.61
0.06
0
0
0
0.02
0.23
11.69
9.55
16.02
7.39
2.34
0.04
0
0
0
0
0
0
0
0.02
0
0.68
0.2
0
0.25
0
3.16
3.61
0
9.82
9.35
3.6
0.7
0
10.1
13.37
3.19
0
0.11
0.64
0.06
0.02
1.14
0
0
0
0
0
0
0
0
0
0
0
0
0.4
2.88
0
1.08
6.12
2.3
14.16
25.77
2.46
0.1
0.43
0
0.07
0
0
0
0.28
0.01
0
0
0.46
4.82
0
0
0
0
0
0
0
0
1.25
0
0.07
14.38
9.91
20.47
7.03
10.48
3.99
0
0.01
0
0.13
0
0
0
0
0
0
0
0
0
0
0
0.02
0
0
0.01
0
0.03
17.83
0
0
0
0
0
0
0
0.63
0.02
0
0
0
0
0
0
0
0
0
0
0
0
0.22
4.89
0
0
0
0
0.08
0.13
0.06
0
0
0
0
0
0
0
0.29
0
3.2
1.63
0.02
0
0.01
0.96
10.05
0.22
0.55
3.86
0
0
2.91
0
15.47
8.09
0
7.31
3.51
0
0
0.01
0
6.1
0.53
0
0
0.01
0.02
0.11
0.55
0.15
0.02
0
0
0
0
2.48
4.79
12.14
4.05
1.38
9.61
2.19
4
0.17
0
0
0
0.02
0.39
0
0
8.21
0.79
0
0
0
0.01
1.54
12.24
23.41
20.54
0
0.41
0
0.01
0
3.81
0.48
0
0.04
6.95
14.72
0.33
0.16
0.03
0.04
0
0
0
1.79
8.04
0.14
0.01
0.39
0.05
0
0
0.02
0
0
0
0.01
0.38
1.79
15.02
7.19
4.71
5.67
1.1
2.87
15.04
3.43
8.31
17.4
2.94
7.89
0.05
0.38
2.21
3.49
2.97
0.69
5.73
1.14
0.05
0.03
0.6
0.02
0
0.16
6.52
11.02
4.66
0.7
2.31
0.64
0
2.89
4.8
3.85
7.35
0.2
0
0.02
0.02
0.99
1.59
4.52
11.98
0.05
0
3.84
2.2
1.64
12.36
3.86
5.49
11.52
2.05
9.67
1.64
4.73
0.09
0.13
0.01
0
0
0.01
0
0.09
6.34
6.26
10.44
4.51
11.01
0.42
0
0
0
0
0
1.93
1.42
1.61
0.73
0.54
0.04
0.56
0.03
0
0
0
0
0
0.07
0.16
0
0.05
0.01
0
0
4.5
7.02
2.81
1.42
0.8
1.62
9.27
12.44
11.16
1.51
0.03
0.02
0.02
0.22
0.4
2.09
0.01
0.07
0.01
0.05
0
0.02
0
0.09
0.73
2.75
0.11
0
0.04
0
0.12
0
0.15
1.29
1.83
0.13
11.12
12.88
6.59
10.77
30.45
5.72
0.71
0
0.09
0
0.09
0
0.1
0.01
0.78
2.79
1.82
0.49
7.03
6.11
2.08
0.42
0.12
1.44
8.17
2.13
0.17
0.08
1.41
0
1.41
3.48
0
0
0.06
0.79
0
0
0
4.65
4.85
17.1
4.79
4.44
1.66
0
0.9
0.2
0.01
0
2.78
16.08
0.64
0
0
0
0
0
0.3
1.29
0
0
0
0
0
0.22
1.46
8.27
0.72
0.75
8.58
2.89
0
0.18
0
0
0
0
0
0
0
4.52
0.8
0
0
0
0
0
0
1.25
1.16
0.01
0.01
0
0.01
0.05
0.01
0
0
0
0
0.06
0.05
0.02
0
0
0
0.08
4.86
0
0.37
0.69
0
0
0
0.01
0
0.09
0
0
0
0
0
0
0
0.01
0
0
0
0
0
0
0
0
0
0
0.89
0.78
0
0
0
0
0.26
0.07
0.14
0.6
0
0
2.34
4.16
3.88
0.25
0.01
0
0
0.09
0.02
0
0.03
0
1.42
8.74
12.49
2.39
3.3
0
0.02
0
0
0
0
0
0
0
0
0
0
0
0
0
1.93
0
0.02
0.02
0.91
0.45
8.52
1.07
17.19
5.12
9.14
0.21
0
0
0
0
0
0
0
1.29
0.5
19.16
3.87
0.76
15.82
3.39
21.55
10.19
1.82
5.47
0
0
0.1
12.11
2.41
2.4
13.34
1.91
16.59
20.26
1.01
0
0
0
0.38
0
0
14.41
0.02
0.85
0.02
0
0.01
0.22
11.71
11.86
0
0
0
0
0
2.41
6.82
0.13
0.05
13.38
0
0.03
2.91
8.38
4.59
0.23
0.09
0.1
2.17
4.52
0.44
0.56
0.63
0
0
0.03
0
0
0
0.02
0.66
4.2
0.13
0
0.01
0.02
0.01
0
0
0
4.79
0.17
2.66
0.62
0.13
0.04
0.06
0.05
0.01
0.01
0
0
0.48
0
0.01
0
0.1
0
0.63
0.22
0
0.54
0.06
0
1.63
0.01
0
0
0.04
0.5
9.14
5.89
0.76
0.31
2.95
3.71
0.56
0
0.03
0
0
0
0
0
0
0
0
0
0.01
0.24
0
0.35
0
0
0.73
5.21
5.13
4.77
4.63
11.16
13.79
4.5
3.68
2.82
0.28
0.02
0
0.3
0.07
0.02
0.47
0.38
0
2.49
3.28
2.03
15.39
1.07
0
0.01
0
0.18
1.57
0.02
0
0
0
0.41
0
0
0.88
13.36
5
7.93
10.95
1.63
15.27
2.13
0
0
0
0.02
0
0.24
0
0.01
0.02
0
0.29
0
11.67
13.65
0.52
6.29
0.03
0.01
6.38
3.01
0
0.01
0.16
0
4.96
26.81
7.82
1.71
7.71
24.83
3.2
4.06
5.93
0
1.59
0.14
6.91
3.08
2.36
0.02
0
0
0
0
0.67
0.05
0.01
0
0
6.5
4.46
2.93
1.6
1.39
5.24
0
1.48
0
0
0.01
0
0
0
0.05
1.89
4.5
0.57
1.15
1.47
1.88
4.58
0
0.01
0
0
0.1
1.39
0.88
0
0
0.01
0
0.11
0.04
0
2.98
0.23
0.05
0
0
0
0
0.01
3.07
18.2
0.08
0
0
0
0
0
0
0
0
12.49
1.16
0
0
0
0
0
0
0
0
0
0.02
4.23
0
0
0
3.72
1.08
0.01
0.18
0
0
0
0.87
3.95
2.36
0.72
0
0
0
0
0.1
0.46
0.06
1.45
0
0.01
0
0
0
0.02
0
0.04
0.02
0
0
0
0.79
8.41
26.28
1.54
0.67
0.69
0
0.01
0.08
0
0
0.01
0
0
0
0
0
0
0
0
0
0
0
0
0
0
0
0
0
0
0
0
0
0.02
0.05
0.48
0.18
0.31
0.03
0.25
0.66
0.42
0
0.02
0
0
0.2
2.74
9.83
10.48
5.36
1.2
0
0
19.78
8.63
10.54
14.91
5.16
2.77
2.47
1.05
0.88
0.83
15.24
4.3
0
0.11
0.19
0.19
0.8
0.04
0.01
0
0
0
0
0
0
0
0
0
0
0
0
0
0
0.09
5.25
4.84
0.81
13.67
3.38
7.85
0.08
2.25
0
0
0.15
0.11
0.32
0.01
0.1
0.05
0.19
0.18
0.02
0.01
0.1
0.02
0
0
0.01
0.01
0
1.25
2.19
0.29
0.06
0
0
0
0
0
0
0
0
0.05
0.11
0.01
0
0
0
0.02
0.02
0.01
0
0
0
0
0.04
0
0
0
0.01
1.09
3
0.86
0.05
0.07
0.01
0
0
0
0.15
0.06
0.05
1.41
4.37
0.16
0.09
0
0
0
0
0.13
0.17
0.48
0
0.02
0.2
0
1.71
2.08
9.47
1.59
0.52
0.01
0.02
0.02
0.27
0.05
0
0.11
0.11
0
0.11
0
0
0
0
0
0
0
0
1.64
0.26
0
0.16
0
0.1
2.64
0.07
5.53
1.89
0.7
10.15
0.22
1.26
0
0
0
1.02
8.03
1.71
2.61
0.52
0
0.02
0.33
0
0
0
0
0
3.47
0.71
0
0.08
0.39
0
0.27
0.02
0
0
2.16
0
0
0.02
0
0
0
0
0
0
0
0
0
0
0
0.21
0
1.19
0.51
9.3
1.96
0
5.39
3.76
0.37
0
0
0
0
0
0
0
0
0
0.39
0.53
2.89
18.09
1.84
5.52
0.31
0
0
0
0
0
0.02
0.18
0
2.98
0
0.01
0
0
0
0
0
1.51
3.09
4.98
6.7
0.65
0
0.63
12.3
0
0
0
0
0
0.07
0.12
0
0
0.26
0
0
0
0
0
0
0
0
0
0
0
0
0
0
0
0
0
0
0
0
0
0
0
0
0
0.02
0
0
0
0
0
0.01
0.01
1.36
0.22
0
0
0
0
0.29
0.13
0.02
0.05
0
0
0
0
0
0
0
0
0
0
0
0.11
0
0
0
0.01
0
6.84
17
3.8
0.99
0
0.03
0.01
0
0
0
2.14
0
0.02
0
0
0
0
0
0
0
0.15
0
0.01
0
0.01
0
0
0
0
0
0
0.01
0
0.11
0.33
1.84
3.11
5
4.52
0
0
8.61
3.88
0.63
3.92
2.63
12.05
0
0.1
0
0
0.71
21.97
0.14
6.75
2.21
0
0
0.15
0.13
0
0
0.07
6.17
3.34
0.36
0.41
10.38
12.23
25.46
7.43
1.96
0.57
0
0
0
0
0.02
0.55
0.43
1.52
0.39
0.47
0.04
0.28
0
17.65
25.95
0.54
1.89
0.35
0.05
0
0
0
0.01
0
0
0
0
0
0.01
0.02
0
0
0.02
0
0
0.07
0.05
0
12.38
7.66
0.88
2.21
0.09
0.45
0.04
0
0.08
0
0.84
1.87
1.98
2.38
10.91
0
0
0
0
2.25
1.66
1.89
0.52
0.1
0.02
0
0
0
0
0
0
0
0.07
0
0
0.36
0
0
0
0.13
0
0
0
0
0
0
0
0
0
0
0
0.53
0.16
1.88
6.2
3.74
3.84
3.95
1.52
5.37
1.55
15.72
5.34
0.01
0.69
0
0.23
1.57
15.41
3.05
1.65
0.25
0.22
0.37
0.15
0
0
0
0
0
0.18
3.17
6.36
5.16
2.68
2.62
3.09
6.01
1.67
0.13
0
0.21
0
0
0.01
0
0
0
0
0.28
0.97
2.69
3.19
0
0
0
0
0
0
11.84
1.44
1.87
4.21
0.37
0.99
0.48
15.04
0
0.53
0
0.01
0.01
0
0
0
0
0
0
2.15
6.09
3.64
1.94
0.53
0
0.02
0.04
0.18
3.02
2.15
0
0.13
0.02
0.2
0.12
0
0.01
0
0
0
0
0
0
0.04
0
1.41
0
0
0
0
0
0
0
0
0
1.73
14.55
0.82
0.01
0.14
0
0
32.52
1.11
5.72
1.94
1.8
4.2
0
0
7.24
13.45
0
0.04
2.05
4.16
0
0.76
0
0
0
0
0.04
0
0
0
0
0
0
1.21
2
0.61
0.61
3.23
5.95
9.16
2.59
0
0.32
0
0
0
0
0
0
0
0
0
0
0
0
0
0
0
0
0
0
0
0
0
0
0
0
0
0
12.99
0
0.17
0
0
0
0
0
0
0
0
0
0
0
0
0
0
0
0
0.64
1.26
6.99
1.11
0.16
0.06
4.77
9.47
11.74
11.88
1.41
0
0
0
0
0
28.1
8.71
0.06
3.04
0.89
0
0
0
0.03
0
0.02
3.79
0.48
1.16
0
0.33
0.01
0
0
0
2.49
0.2
0
0
0
3.29
16.16
7.74
8.96
13.57
0.03
7.42
11.92
0
1.41
0
0
0
0
0
0
0.55
10.44
12.89
3.55
0.1
0.64
3.02
1.27
0.5
0
0
0
0
0
3.71
11.63
0.89
0
0.31
0.13
0.66
0.57
3.61
3.03
1.95
0.08
0.3
0.43
0
0.27
0.02
0.08
0.97
4.33
13.19
5.46
13.85
0.27
0.02
0
0
0.02
0
0
0
0
0
0.18
0.02
0.01
0
0.29
0.22
0.09
0
0
0
0
0
0
0
0.03
0
0
0
0.01
0
0
0
0
0
0
0
0
0
0
0.01
0
0
0
0
0
4.88
2.22
3.85
2.7
2.07
0.13
0.09
0.7
0.82
0
0.49
5.59
3.54
3.96
1.8
0
4.8
15.58
6.38
4.54
5.3
2.53
1.54
3.39
0.25
6.03
3.2
3
0.16
7.05
1.35
0.27
4.35
1.37
5.97
0.29
0
0.16
0.01
0.01
0
0.03
0.06
3.42
4.32
0.3
0.03
0
0
0
0.03
0.02
0
1.16
0
0.02
0.29
2.45
0.55
0
0.04
0
0.02
2.63
13.54
4.85
1.4
3.83
7.04
7.38
5.23
3.9
1.08
0.99
6
5.57
2.73
2.34
0.96
5.6
11.38
5.19
0.79
0
1
0.6
0
0.01
0.05
0
0.11
0.01
0.37
5.52
8.45
4.29
6.28
3.95
8.09
0.8
7.07
7.05
1.92
0.27
0.06
0
0.07
0
0.02
0
0.05
4.3
1
0
0
0
6.95
9.13
13.39
4.86
1
1.93
3.98
3.75
4.24
0.6
0.45
0
0.02
0
0
0
0
0.7
0.27
0
0
0
0
0
0
0.01
0
6.12
3.68
17.31
3.07
0.46
0
0.01
0
0
0
0
0
0
0
0.01
0
0
0
0
0
0
0
0
2.1
0
0
0
0
0
0
0
0
0
0
0
0
0
0.01
0
0.02
0
0
0
0
0
0
0
0
0
0
0.02
0.04
0.77
1.41
0.02
0.01
0
0
0
0
0
0
0
0
0
0
0.01
0
0
0.02
0.74
2.14
0.46
0
0.1
0
0
0
0
0
0
0.03
0
0
0
0
0
0.21
0
0
5.18
0.41
1.84
1.19
0.02
0.59
0.38
0
0
3.46
1.84
0
0.03
0
0.18
0
2.16
1.45
0.13
1.16
1.86
1.36
18.65
6.39
1.87
0.07
0
0
0.97
0
0
0
0.02
0
0
0
0
0.01
0.09
0
0.2
8.17
0.23
0
0.01
0
0
0.19
0.01
0
0
0.04
0
0
0
0
0
0
0
0
0
0
0
0.03
0
0
0
0
9.79
21.17
2.73
3.89
0.56
0.02
0
0
0.01
0
0
0.14
0.63
0.12
0
0
0
0
0.01
0.11
0.08
0
0
0
0
0
0
0.32
2.26
0.35
0.34
1.22
2.03
0.63
0.01
0
0
0.08
0.01
0
0
0
0
4.58
7.03
6.16
1.46
0.23
0.11
0.11
0.05
0.45
0.84
10.43
1.11
1.88
0.63
5.12
0.82
0.1
0
0
1.13
0.08
0
0
0
0
0
0
0
0
0
0
2.57
1.44
9.61
3.5
0
0
0
0
0.07
0
0
0.01
0
0.24
0.28
0
0.49
1.27
17.18
5.28
0.23
0.27
0
2.3
0.28
0.84
2.06
0.34
0
0
0
0
0.52
0.3
0.1
0
0
0.38
1.05
0.05
0
0
0.19
0.03
0
1.05
0.3
0
0
0.21
9.99
0.17
2.07
0.02
2.01
1.02
0
0
3.34
1.31
0
0.05
0
0
0
0.04
23.78
18.2
17.12
24.16
4.33
0
3.8
1.57
0
12.33
20.02
13.05
21.87
13.51
8.41
0.4
4.13
0.94
0.01
0
0
0
0.01
0
0
0
0
0
1.47
0.63
1.53
5.21
18.27
17.57
7.24
3.7
9.11
0.8
2.68
3.82
3.12
5.4
1.34
0
2.25
0.7
11.02
5.31
4.73
0.6
1.3
3.88
3.84
2.03
10.07
4.7
6.85
1.71
0.25
5.01
1.3
0.58
3.8
7.1
7.76
1.53
0.34
0.09
0.3
0.7
8.52
2.22
0
0
0
0.01
0.01
4.99
4.46
0.01
0
0
0
0
0.12
0
0
0
0
0
0
0
0
0
0.18
0
1.89
0.41
0
0
0
0
0
0
0.02
0
0
0
0
0
0
0
0
0
0
0
0
0
0
0
0.03
0
0
0
0
0
0
0.03
0
0
0
0
0.01
0
0
0.01
0.85
0.77
3.02
0
0.05
0.18
3.27
5.32
0.11
0
0
0
0
0
0.05
1.64
5.7
3.36
0.19
0.11
4.27
3.29
0
0
0
0
0
0
0.01
0
0
6.38
6.44
2.27
0
0
0.05
0.11
0.46
0
0.05
0
0
0
0
0
0
3.23
0.42
0.63
0.02
15.72
10.37
0
1.02
0.27
1.21
4.55
7.47
0.42
4.33
14.91
6.29
1.53
0.12
0.29
0
12.36
13.64
0.96
11.55
29.67
12.86
6.32
0.68
0.53
0.1
0.1
0.6
0.64
0
0
0.07
0.18
0
0.13
0
0
0.05
0.58
0
0
0
0.01
0
1.62
0.05
0.04
0.66
7.9
6.16
1.09
4.61
1.98
1.5
5.71
0.52
3.38
15.8
8.89
3.29
0.75
1.19
0.27
9.89
0.78
0
0
0.01
0
0.01
1.34
0.01
0
0.16
0.02
0.01
0
0.08
0.05
0.02
0.04
0
1.13
0.83
3.4
0.1
0.03
0.49
1.3
1.2
4.21
2.18
0.07
0.01
0.47
0
0.03
0.03
0.02
1.89
6.92
8.2
1.23
11.2
7.55
2.48
4.73
0.9
0.02
2.24
3.05
1.21
2.3
3.57
5.88
2.58
7.68
9.54
4.02
1.16
0.94
3.31
0.71
0
0
0.05
0.13
0
0
0
0
0
0
0
0.16
0
0
0
0.08
0.07
0.4
5.92
1.39
1.47
9.59
4.16
2.24
0
1.25
0.92
0
0
0
0
0
0
0
0
0
0
0
0
0
0
0.07
0
0
0
10.56
0.02
0.36
0.2
1.91
0
0
0.44
0.03
4.62
5.52
0.09
1.45
18.42
7.24
3.11
0.25
4.55
5.27
8.43
2.26
5.27
0.57
0.01
0.1
0
0
0.01
0.29
1.02
0.18
0.01
0.02
3.01
0.96
0
0.01
1.25
0
0
0.11
0.38
4.32
2.74
0
0
0
0.01
0
0
0
0.53
0
2.21
0.05
0.08
0.98
5.01
0
0.43
0
1.24
0.2
0.92
0.34
0
0
0
0.05
0.14
4.77
1.06
0.66
0
0
0
0
0.75
0.96
1.77
0.2
0
0.98
0.21
0
0
0
0
0
0
0
0
0.01
0
0
0
0
0
0
0
0
0
0.01
0.49
0
0
0
0
0
0
0
0
0
0
0.01
0.05
0
0
0
0
0
0
0
0
0
0
0
0
0
0
0
0.68
0.14
19.04
2.8
3.88
0.87
0.16
0.51
1.37
0
0
0
0
0
0
0
0
0
0
0.49
0
0
0.17
0.01
0
0.11
0
0
0
0
1.25
0
2.51
0.4
0
0.01
0.49
2.34
1.82
0
0.11
1.05
9.38
5.85
0.21
0
0
0.02
0
0
0
0.04
0
0.48
5.67
1.97
3.84
0
0.16
0.2
0
0.23
1.33
1.35
0
0
0
0.01
0.12
0.13
0.02
0.02
0.01
0.01
0.04
15.88
13.97
2.31
0
0
0
0
0
0
0
0
0
0.66
0.02
0.05
0.05
0.18
1.46
2.41
1.16
0.17
0
0.02
0
0
0.63
0.58
0
0.01
0.01
0
0
1.1
0.2
0
0
0.96
2.69
0.48
2.73
10.04
2.3
0.68
10.75
5.29
0
0.23
1.04
5.14
0.32
0.15
0
0
0.72
5.43
3.8
0.16
4.13
3.75
1.05
0
1.9
16.72
24.55
31.59
18.3
20.74
7.29
3.71
17.55
26.28
17.79
8.2
6.59
0
4.17
8.49
2.96
0.74
7.53
2.1
0.11
4.17
1.55
8.57
13.72
3.73
0
4.18
2.27
1.68
3.75
0.03
0.09
0.19
0.81
0
0.57
0
0.03
0
0
0.33
3.15
0.95
0
0.49
6.34
2.08
0.01
0.13
10.85
4.22
0.46
0.06
0.03
0.04
2.04
4.74
13.29
6.66
2.81
0.94
0.16
5.94
11.44
13.79
3.38
12.88
4.4
1.26
3.2
0.06
6.28
5.77
1.19
7.18
3.73
7.08
3.87
0.89
0.02
0.21
0
0.16
0.18
0.02
0.1
0.01
0.14
0.5
0.05
4.16
1.11
1.89
19.46
15.86
1.19
0.25
1.63
6.54
0.48
2.65
0.42
0.23
3.87
1.61
0
1.66
3
1.82
0.01
0
0
4.45
6.75
7.16
5.43
5.76
9.41
4.88
2.52
0.08
1.7
4.87
0.91
0
1.37
0
0.06
0
0.37
2.33
0.64
3.95
6.01
2.74
0.47
0.03
4.38
9.69
8.69
6.16
9.89
13.59
11.8
4.65
0.1
0
0
0
0
0.02
0.16
0.03
0.16
0
0
0
0
1.16
0
0.09
0
0
0.12
0
0.06
0
0
0.02
2.3
13.7
7.84
9.95
5.35
6.14
6.52
2.05
1.39
0.04
0.62
1.3
0
0
0
0.01
1.5
7.1
0.2
10.08
1.13
6.42
0
0.13
9.79
2.09
1.17
0
0
0.05
0
0.03
0
0.8
0
0
0
0.01
0
0
0
0
0.03
0
0.03
0
0.01
0
0
0.09
0
0
0
0
0
0.1
0
0
0
0
0
2.74
0
4.29
0
0
0
0
0
0
0
0.28
0.78
0.86
0
0
0
0
0
0
0
0
0
0
0
20.65
9.48
0
0
0
0.3
0.51
0
0
0
0
0.48
0
0.01
0.02
7.38
10.86
4.25
0.09
0.61
0.04
0
3.35
0
0
0
0
0.05
0
0
0
0.27
4.54
0.98
0
0.01
0.18
2.25
18.76
7.18
3.31
0.79
0.14
0
0.01
0
0
0
0
0
0
0
0
0.03
0.01
0
0.05
0.25
2.98
14.92
10.03
1.86
0.62
0
0
0
0
0.48
15.56
4.77
0.2
0
0.14
0.08
8.53
2.73
0.63
1.14
0.57
3.33
6.8
3.39
0.79
0
0.2
0
0
0.01
0.09
2.16
6.29
6.53
9.98
0.75
0.43
4.4
8.27
9.04
5.48
0.3
0.04
0.08
0.14
1.1
0.16
0
0.04
0.42
0.05
1.05
4.2
16.72
11.75
4.91
0
0
0
0.02
0
0.04
1.85
1.66
0.14
0.02
0
1.3
2.83
2.44
1.28
8.09
3.82
4.01
0.5
0
0
0
0.03
0
0
0.01
0.69
0.2
0
0
0.01
0.01
0
0.14
2.05
11.42
4.7
2.34
1.38
0.02
0
0.01
0.03
0
0
0
0
0
0
0
0.01
2.68
4.86
5.83
12.04
6.68
0.95
6.42
3.1
0.77
0.07
0
0
0
0.03
0.3
1.3
0
0.14
2.5
2.62
0.13
0.48
0.04
0.34
0.83
0
8.44
3.37
3.15
6.35
12.32
18.73
6.26
0.12
0
0
2.76
1.02
3.98
2.69
1.67
5.63
5.3
0.42
0.12
0
0
0
0
4.6
0.05
0.06
0
0
0.09
0.6
0
0.04
0.01
0.01
0
0
0
0.06
0
2.04
1.7
26.88
4.01
4.02
0.4
0.13
0.08
0
3.43
8.26
2.09
1.75
4.34
1.95
0
1.07
0.95
14.33
2.95
0
0.09
0
6.79
3.07
3.95
1.61
0
0.32
0.6
0.56
0.03
0.14
0.63
0.21
0.72
0.16
0.55
16.65
12.68
16
10.28
2.18
0
0
0.19
0.35
0.21
5.13
7.33
1.46
0.14
0.25
0
0
0
0
0
0
0
0
0
0.13
0.26
0
0.02
0.01
0
0.01
0.28
0.02
0.94
1.52
0.08
0.38
1.21
0.02
0
0
0.01
0
0
0
0
0.61
0
0.01
0.01
0
0
0.04
0.03
0
0
0
0
0
0
0
0
0
1.38
1.86
0
0.07
0.32
0
0
0
0
0
0
0
0
0
3.91
0.88
0
0
0
0.96
0
0
0.02
0.03
0
0
0
0
0
0
0
0.02
0
0
0
1.03
1.66
0.01
0.01
0
0
0
0
0
0
0
0
0
0
0.05
0
0
0
0
0.07
0
0.63
0.23
0
0.06
0
0
0
0
0
0
0
0
0
0
0.01
0
0
0
0
0
0
0
0
0
0
0
0.02
0
0
0
1.89
11.09
4.96
4.79
8.66
4.71
0
0
0.05
0.1
6.93
18.27
17.08
11.68
5.52
1.86
0.17
0.32
1.35
0.61
0.22
0.16
5.3
2.81
0.05
1.19
1.52
0.7
1.77
0.64
5.5
1.08
0.18
0
0
0
0
0
0.05
1.36
5.12
0
0.48
0.77
0.16
0
0
0.2
0.05
0.09
0.34
1.04
0.68
0.28
3.79
1
0.07
0.02
0.09
0
0
0
0
0
0
0
0
0
0.01
0.36
0.76
0.49
0
0
0.02
0.02
0.01
0
0
0
0
0
0
0.38
1.35
6.36
2.02
0.01
0
0.01
0
0
0
0
0
0
0.22
0.15
0
0
0
0.26
0.05
0
0
3.89
1.12
0.05
0.04
0.07
0
0.01
0.03
0
1.47
0.18
0.04
0.02
0
0.01
0
0
0
0
0
0
0
0
0
0
0.02
1.13
0.05
0.78
0
0
0
0.02
0
0
0
0
0
0
0
0.05
0
0.01
0
4.81
3.77
0.37
0
0.05
0
0
0.02
0
0
0
0
0.01
10.68
6.85
9.98
7.48
6.07
0.65
0.07
0.5
2.27
1.71
4.55
2.66
6.33
1.41
0
0.82
6.65
6.37
1.49
0.66
0.04
0
0.01
0.32
0.36
6.92
11.91
9.75
4.98
1.4
0
4.2
9.54
0.9
0.63
0.13
0.56
0
0
0
1.74
1.7
1.56
0
0
0
0
7.25
5.86
0.38
0
0
0
0
0
0
0.03
0
0
0
0.46
3.72
1.27
0
0
0
0.01
0.17
0
0.01
0.02
0
0
0
0
0
0
9.18
7.37
3.1
0
0
0
0
0
0
0
0.02
0
0
0
0
0
0.01
0
0
0
0
0
0
0.08
0
0
0
0
0
0
0
0
0
0
0
0
0
3.43
0.33
4.27
0
0.02
0.01
0
0
0
0
0.05
1.26
0
0.01
0
0
0
0
0
0
0
0.02
0
0
0.13
0
0
0
0.01
0
0
0
0.01
0
0
0
0
0
0
0
0
0
0
0.38
0.49
3.02
0
0
0
0
0
0
0
0
0
0.03
0
0
0
0
2.57
0.13
6.08
5.59
1.3
17.55
0.09
0
0
0
0
0
0
0
0
0
0
0
3.78
2.11
0
5.07
1.57
0
0
4.36
11.49
13.76
11.66
2.35
0.05
4.47
7.1
9.09
3.31
0.43
0
8.23
2.8
0.69
7.22
15.69
14.29
0
0
0.23
15.07
5.83
8.84
1.27
0
0.03
0
0.02
0.14
9.54
0.78
0
0.02
0.7
0
0
0
2.13
10.85
0.6
0.04
0.01
0
0
0
0.04
0
0.02
0.09
0.3
0.01
0.03
0
0
0.11
1.4
9.96
2.58
2.66
0.79
0.16
0.14
0.43
0.29
0.02
0
0
4.56
0.11
0.03
0
0.95
0.13
1.29
0.66
0.01
0
0
0
0
0.02
0.02
0.39
0.05
0.25
4.88
1.85
0.18
1.56
6.98
4.87
15.38
11.06
5.31
1.45
10.34
6.43
0.31
0.36
0
6.61
0
0.08
0
0
5.34
2.56
0
0.01
0.42
0.22
0
0.04
0.02
6.61
0.55
0
0.09
0.01
0.04
0.02
1.59
0.52
2.69
0.14
7.04
9.67
1.09
0.52
0.31
0.55
0.46
4.37
1.52
0.03
0.02
4.45
4.73
5.71
13.37
12.02
5.38
3.52
6.52
3.94
1.67
0.04
0.06
1.88
10.56
2.48
8.71
1.15
0.38
1.55
1.88
3.17
12.5
22.34
10.57
5.84
14.7
2.55
10.17
1.59
2.15
6.04
11.71
2.09
0.34
2.91
0.34
0.48
0
1.46
0
0
0
0
0
0
0
0
0
0
0
0
0
0.93
11.1
3.48
9.45
1.67
2.89
1.57
0
0.05
0
0
0.02
0
0.01
0.93
0.82
0.59
0.16
0
4.17
3.27
4.44
9.79
12.8
2.75
1.19
0
0
0
0
0.02
4.23
2.7
2.01
1.41
0.44
0.01
0
0
0
0
1.7
0.73
1.81
1.68
2.5
0.21
0
0
0.8
0
0
0
0.08
2.12
2
0.41
0.93
0
0
0
0
0
0
0
0
0
0.94
0
0
0
0
0
0
0.02
4.83
0.45
2.11
0
0.07
1.09
0
0
0.54
0
1.09
4.39
8.01
0
0
0
0
0
0.02
0
0
0
0
0
0
0
0
0
0.02
3.59
0.02
0
0
0.01
5.74
0.14
0.01
0.58
0.66
0
0.01
0
0
0
0
0
0
0.02
0.06
0.62
4.12
0.89
0
0
0
0
0.03
0
4.56
0.03
2.42
0
0
0.12
0
0
0
0
0
0
0
0
0
0
0
0
0
0
0.01
0
0.74
11.5
1.72
1.8
0.45
3.26
3.81
11.45
0.14
0
0
0
0
0
0.01
0
0.01
0.01
0.05
0
0
0
5.7
0.32
0.08
15.3
0
1.34
1.99
0.02
0.02
0.06
0
0
0
0.01
0.09
0.18
5.61
0.18
0
0
1.24
0.14
0
0
0
0
0
0.06
4.81
13.65
8.86
2.58
0
0.85
0.09
0.01
0
0.01
0
1.06
0.63
0.34
0.49
0.01
0
0
0
0
0
0.2
0
0
0
0
0
0.95
0
0.04
0
0.03
2.52
11.21
0.7
0
0
1.1
29.2
13.27
0.22
6.97
2.45
0.17
0.07
0.68
7.77
8.87
13.27
12.7
3.34
0.31
0.05
0.06
0
1.33
0.12
4.97
5.28
3.79
3.98
2.5
3.38
6.53
2.31
0.16
3.83
2.54
0.03
0
0.06
0
0
8.99
6.07
4.08
3.24
0.43
0.2
1.55
17.55
5.2
11.35
5.84
7.66
17.4
3.83
5.27
3.31
2.26
2.08
4.03
0.51
1.53
0.87
0.01
2.71
0.42
0
0.05
1.13
1.13
1.97
1.78
1.05
12.25
6.56
0.7
0.24
0.69
0.02
0.01
0
0.02
0
0.01
0
0
0.01
0.02
0
0.01
0
0.28
1.73
2.04
2.86
0.09
3.54
3.58
2.16
0.07
0.03
0.19
0.23
0.16
0.62
6.69
3.88
1.2
0.25
0
0
0.31
0
0.16
0.11
2.94
0
0
0.63
0
0.32
0.01
1.55
2.32
9.51
0
0
10.93
0
2.33
1.29
0
0
0
0
0
0
0
0
0
0
0.3
0.29
0
0
0
0
0
0
0
0
0
1.39
1.41
8.16
1.98
3.05
6.32
2.14
0.3
0.2
3.69
0
0
2.29
0
0
0
0
0
1.67
0
0.01
0.07
7.79
6.75
4.3
0.14
0
0
0
0.04
0
0.03
0
0
0.01
1.2
6.35
0.93
1.56
0
0.01
0
0
0.05
6.25
34.72
0
0
12.33
0.3
0
0
0
0
0
0
0
0
0
0
0
0.09
0
0
0
0
0
0
0
0
0
0
0
0
0.04
0.34
2.65
0
0
0.01
0
0
0
0
0
0.04
0
0
0.03
0
0
0.13
0.01
0
0
0
0
0
0
0
0
0
0
2.6
3.68
0.76
0.16
0
0
0
0
0.07
0.09
0.13
0
0
0.02
0.01
1.22
1.2
0.16
1.55
0.96
0.44
0.31
12.99
16.68
4.09
4.7
0.06
0.01
1.94
3.71
1.89
0.3
1.32
0.56
0
0
0
0.01
0.01
3.42
12.53
17.53
10.95
11.83
6.26
2.67
1.5
0.2
0
0
0
0
0
0
0
0
0.11
0
0
0.02
0
0
0
0.06
1.16
26.18
5.65
0.17
0.2
2.83
3.75
0.02
4.3
9.4
1.74
13.64
9.74
3.84
1.25
1.49
0.05
0
0.02
0
0.05
1.05
0
11.65
3.73
4.77
23.33
5.2
1.88
4.02
0.98
0.4
0.46
0.01
1.8
1.11
0.04
0.02
0
0.02
0.01
6.59
12.1
0.52
1.19
0
0
0.04
0
0
0.08
0
0
0
0.01
0.93
0.85
0
0
0
0
0.02
0
0
0
0
0
0
0
0
0.01
0
0.02
0.14
10.17
0.32
0.09
1.5
0.96
0.2
1.93
1.74
0.96
0.01
0
0.01
0
0.05
1.56
29.93
0.7
0.04
5.05
6.54
2.51
2.54
0.55
0.01
0
0
0.09
4.22
1.67
0.36
1.84
0.68
0.7
0.07
0.01
0.07
2.48
2.24
0.09
0.93
0.32
0.26
0.3
0.02
0.02
0.02
0
0.04
0
0
0
0
0
0
0
0
0
0
0
0
0.08
0.64
11.79
2.18
5.35
5.96
5.81
12.08
1.38
0.08
0.03
0.01
0
0
0.04
0
0
0
0
0
0.13
0.03
0
0.27
3.32
1.38
1.33
0.69
0
0.03
0.22
3.54
0.76
0.77
0
0
0
0
0
0
1.96
11.71
3.49
0.14
0.35
0.01
0.02
0.04
0.04
0.04
0.01
0
0
0
0
0
0.01
0
0
0.01
0.01
0
0
0.01
0
0
0
0
0
0
0
0
0
0
4.32
0.14
0
0
0
0.71
0.11
0
0
0.02
0
3.52
9.31
17.04
5.83
3.91
0
3.36
0.01
0.01
0
0
0
0
2.14
2.02
4.6
0.01
0
0
0
0
0.05
0.02
0.01
0.02
0.2
0
0
0
0
0
0
0
0
0
0
0
0.13
0.72
0.67
0
0.22
0
4.02
4.62
0.01
0
0
0
0
0.01
0
8.71
0.07
0
8.11
0.04
0
0.2
1.2
8.66
0.06
0
0
0
0.02
0
0
0
0.08
0
0.02
0
12.81
1.91
0.24
0.52
0
0
1.07
0
0.05
3.8
1.86
1.61
0
0
5.73
0.77
0
2.45
0.05
0
0
0.02
0.03
0.07
0
0.3
13.41
0
0
0
0
0
0
0
0
0
0.05
0
0.04
3.05
4.8
0
0.59
0.13
2.92
6.19
3.52
0.04
0
0
0.12
0.79
0.91
7.55
0
0
0.01
4.1
6.08
1.52
0.21
0.03
0
0
0.02
0
0.96
3.87
3.88
0
0.05
0.01
6.73
24.31
2.55
0.43
0.07
0
0.04
0.05
0
0
0
0
0
0
0
0.02
0
0
0.01
1.08
2.98
0.09
0.03
1.88
0.61
0.02
0.03
0
0
0
0
0
0
0
0
0
0
0.01
0
0
0
0
0.68
0.21
0.05
0
0
0
0
0.01
0
0
0
0
0
0
0
1.89
0.85
1.3
1.78
6.9
0.1
18.58
36.43
0.85
3.07
1.76
6.51
4.07
20.17
1.56
0
0.02
3.89
0.07
0.17
0.13
0.94
0.16
0.02
0.21
0.59
0
0
0
0.02
0
5.68
0.24
0
0
0
0
0
0
0
9.92
2.2
0.25
4.41
8.98
8.82
29.19
18.64
5.19
1.55
0
1.02
6.09
0.55
0
0.02
0.01
0
3.88
0.39
13.94
12.88
3.89
0.9
0.01
0.04
0
4.63
1.51
2.73
4.63
0.39
2.52
0.07
0.06
0
0
0.89
0.24
0.01
0
11.51
11.79
4.79
4.39
0.45
0
0
0.1
2.58
0.15
0.13
0.04
0.3
0.5
0.03
0.02
3.45
30.04
0.71
0.06
0.05
0
0.03
8.1
11.78
12.18
5.18
0
0.24
6.78
0
0
6.8
6.15
1.09
4.23
5.47
0.89
0
0
0.16
0
4.35
1.27
0
0
0
0
0.09
2.95
12.58
16.64
11.14
8.38
4.81
4.5
4.58
0.29
0
0
0
3.16
0.07
0
0.38
2.04
0.63
0
0
0
0
3.46
2.3
4.75
0
0
0
1.43
3.91
0
0
0
0
0.05
0
0
0
0
0
4.17
7.65
0.06
0
0
0
0
0
0
0
0
0.7
0
0
11.64
0.06
0
0
0
0
3.04
11.84
5.07
0
0
0
0.05
0
0
0
0
0.01
0
0.02
0
0.15
0.02
0
0
0
0
0
0
0
0.04
0
0
0
0
0
0
0
0
0.01
0.02
2.03
0.13
0
0
0
0
2.38
0
0.01
0
0.04
0
0
0.01
0
0
0
0
0
0
0
0
0.11
3.69
0.04
0
0
0
0
0
0.01
0
0
0
0.08
8.83
9.33
0.01
0.01
0
0
0
0
0
0
0
0.02
0.07
0
0
0
0
0
0.01
0
0
0
0
0
0
0
0.04
0
2.11
9.67
2.22
0.78
0.06
0
4.58
0.03
1.16
2.83
3.56
9.61
13
2.57
0.01
0
0
0
0
0
0
0.01
0
1.2
11.43
24
3.28
0
2.14
0.55
0
0
0.08
0
0
0
0
0
0
0.36
17.47
7.38
9.41
8.47
1.77
2.86
4.47
1.37
0
0.57
0.02
0.01
0
2.08
2.93
0.73
0.07
0.02
0
0
0
0
0.08
0
0.05
0.27
2.22
0.78
0.01
0
0
0.02
0.09
0.06
0
0.05
0
0
0
0
0
0
0.01
0
0
0
0
0
0
0
0.36
2.63
0.26
0
0
0.02
0
1.21
0
0.04
0.13
1.42
0.3
0.05
0.01
0.02
0
1.08
9.96
1.93
1.42
1
0.02
3.02
7.53
13.89
12.47
1.47
0.12
3.39
0.91
0.01
0.21
1.63
4.86
3.89
0.36
0
0
0
0
0
0
0
0
1.3
0
0
0
0.02
0
0.16
0
14.77
1.08
1.32
0.02
0.17
0
0
0
0
6.66
1.63
0
0
0
0
0
0
0
0.06
8.42
2.19
1
8.45
3.15
3.17
0.13
0
0
3.17
0.02
0
0
0
0
0
0
0
0
0
0
0
0
0
0
0
0.07
0.01
0.2
0.18
0
0
0.1
0.84
5.3
1.88
3.38
0.98
2.1
5.88
0.03
0
0
0.17
3.43
0.73
0.77
0
0.02
13.54
11.27
4.33
0.07
0
0
0
4.31
10.09
0
0
0.02
0
0
0
0
0
0
0
1.43
4.77
0.31
1.84
7.57
5.13
20.67
0.02
0
0
0
0
0
0
0
0
0.03
7.78
0.14
0
0.13
9.29
0.64
0.01
0
0
0
14.14
1.05
0.47
5.29
0.02
0
0
0
0
0
6.31
2.87
16.14
1.29
0
0
0
0
0
0
0
0.04
0.01
0
0
0
0
0
0.07
0
0
0
0
0
0
0
0
0
0.28
0.01
0
0
0
0
0
0
0
0
0
0
0
0
0
0
0
0
0
0
0
0
0
0
1.75
6.4
23.07
8.28
0
0.66
0.02
0
0
0
0
0
0
0.32
4.12
0.03
0
0
0
0
0.02
0.15
0
0
0
0
0.86
15.35
0
0
0
0
0
0
0
0
0
0
0
0
0
0
0
0
0
0
0
0
0
0.01
1.13
0.82
5.26
10.95
0
0.05
0.8
0
0
0
0
0
0
0
0
0
0
0
0.01
0.57
5.65
0.85
0
0.84
0.11
0.04
0.04
0
0
0
0
0
0
0.01
0.03
0.01
0
0
0
0.18
0.1
0.01
0
0
0.99
0.04
0.03
0.34
0.2
0.02
0.01
0
0
0.03
1.52
0.85
18.54
8.73
0.55
0.34
4.51
1.6
0.01
0
0.05
0
0
0
0
0
0
3.36
13.13
0.67
0.8
0.45
0.02
1.77
0.27
0.21
0.14
0
5.54
14.19
5.77
0.86
0.87
3.37
1.32
0.03
4.3
1.61
0.05
0.09
0
0
0
0
0.02
0.04
0
0
11.35
5.84
0.09
0.09
0.02
0
0.01
0.48
0.37
4.71
4.15
3.94
2.91
0.42
0.33
1.94
0.59
2.36
0.96
0.71
1.02
0
0
0
0.02
1.34
0.1
0.1
0
0
0
0
0
12.41
23.25
15.48
10.72
6.93
9.03
3.32
4.33
1.93
1.59
10.7
17.3
6.52
2.91
0.67
32.2
2.77
2.36
11.4
1.2
7.75
0.64
0.11
1.03
10.4
1.89
1.25
0.16
0
0.02
1.38
4.11
0.31
0.02
1.53
3.09
4.8
1
12.32
10.45
6.58
10.21
16.38
24.41
8.45
1.6
0
9.47
3.28
0.01
0
0
0
0
0.4
0.75
0.29
0
0
0.07
2.59
9.02
2.79
0.8
0.02
0.02
0
0
0.49
0.89
0.95
0
0.02
0.04
0.55
0.02
0.03
0
0.38
10.55
3.32
4.27
8.43
6.34
4.65
0.37
3.4
1.81
1.19
11.74
9.68
10.04
6.62
4.02
12.19
15.27
4.19
2.34
5.65
6.34
1.34
2.21
11.01
2.27
0.37
0.19
0
0
0
0
0
0
0
0
0
0
0
0
0.43
3.68
1.24
6.53
5.8
3.74
0
0
0
0
0
0
0.01
0.03
0
0
1.09
0
0
0
1.77
4.1
0
0
0
0.02
3.08
2.31
0
0
0
0.04
0
0
0
0
0
0
0
0
0
0
0.05
0
0.1
0
0
0.03
2.75
0
0
4.41
6.73
0.5
0.05
0.03
0
1.46
0.13
2.16
1.79
0.5
0
0.01
0.23
0.01
1.48
0
0
1.64
0.77
0
0.08
0.82
7.52
0.41
10.19
0
10.96
1.34
0
0.01
0.17
1.11
12.83
3.54
0.09
0.04
0
0
0
0
0.01
0.48
0
0
0
0
0
0
0
0
0
0
0
0
0
0.39
1.8
0.1
0.58
4.91
0.01
0
0.64
25.59
16.14
1.98
0.51
0.01
0
0
0
4.51
3.67
0.79
1.25
4.96
14.98
1.76
0.3
0.05
3.4
11.59
4.28
1.38
9.7
1.98
2.46
1.26
0.29
0
0.26
3.09
1.34
0.63
4.15
4
10.05
5.77
2.52
3.9
2.01
11.14
3.79
0
0.05
1.85
0.48
0.01
0.05
0.01
0.07
0.04
0
0.03
0.05
0.03
0
0
3.3
13.2
1.02
3.26
4.05
0.34
2.04
0.34
0.05
0.02
0
0.01
0
0
0
0
0
0
0
0
0
0
0
0
0
0.05
0
0
0.01
0
0
0.16
0.09
0
0
0
0.16
0.11
7.14
1.16
0.06
1.44
0.75
0.59
0.19
0.02
0
0.2
1.59
7.38
14.88
7.97
0.28
0.07
0.04
0.02
0
0
0
0
0.07
0.12
0
0
0
0
0
0
0
0
0
0
0
0
0
0
0
0
0
0
0
0.04
0.02
0
14.38
0.05
0.51
0
0
0
0.03
0
0
0
0
0
0
0.01
0
0
0
0
0
0
0
0
0
0
0
7.81
8.41
3.91
0.56
0.5
7.23
9.03
3.97
7.66
4.78
2.07
0.04
0
0.01
0
0
0
6.05
30.16
16.75
2.66
1
0.25
9.23
29.84
2.64
0
0
0
0
0
3.73
1.15
0
0
0
0
0.03
0.27
0.66
0.35
0
0
0
0
0
2.28
2.47
0
0.62
0
0.01
0.01
0
0.41
0
0
0
0
0.01
0
0
0.01
0
0
0.77
2.57
1.83
0.87
0
0
0
0.48
0.35
0.33
0.64
0
0
0
0
0.01
0
0.79
0
0
0
0
0
0
0
0
0
0.22
3.04
0.62
0
0
0
0
3.69
4.41
0
0.05
0.02
0
0
0
1.86
1.25
0
0
0
0
0
0
0.01
0.44
2.16
0.02
0
0
0
0.02
0
0
0
0
0
0
0.02
0
0.05
0
0
0
0
0
0
0
0
0
4.66
0
1.47
8.56
0
0
0
11.33
6.66
0
1.64
0.74
2.7
5.28
0.36
0.15
0
0
0
0.05
0
0
0.38
0.19
0.06
0.12
1.03
14.31
5.89
9.48
0.36
1
1
0.36
1.23
0
0.06
0
0
0
0
0.01
0.02
0
0
0
0
0
0
0
0
0
0
0
0.42
0.27
6.19
0.03
0.09
1.29
3.3
10.31
8.42
2.09
13.44
5.16
0.28
0
0.02
0
0.03
0.02
0.41
0
6.08
6.39
5.02
10.43
4.69
2.5
0.25
0.25
1.89
2.47
2.7
9.34
5.38
7.66
1.83
0.58
5.38
0
0.45
0.8
1.53
14.88
5.25
1.69
0.8
3.12
0.83
3.27
2.84
8.61
0.17
0
2.44
0.94
0
0
0
2.97
0.17
0.06
0.41
9.16
0.08
0.03
0.78
0.06
0.66
0.62
36.12
23.06
13.17
4.74
0.03
0
0.03
0
0
0
0.01
0
0
0
0
0
0
0
0
0
0
0
0.05
0
0
0.01
0.01
0.02
0.03
0.14
6.14
0.88
1
15.19
4.44
4.34
1.09
7.19
0.03
0.83
3.44
0.25
1.73
1.53
0.05
0.12
0
0
0
0
0
0.35
0.02
0.05
0.03
0.01
0.03
0
0
0
0.09
0.01
0
0
0
0
0
0
0
0
0.02
0
0.51
20.91
3.08
1.8
0.12
5.08
0.95
0.01
0
0
0
0
0
0
0
24.81
32.09
4.41
0.06
0.04
0.06
4.69
1.19
2.62
1.11
0.52
1.64
0.28
0.02
0.75
5.98
21.69
6.94
0.88
0
0.02
0.2
9.3
1.95
2.16
7.88
4.93
1.17
0
0.14
7.61
5.55
7.17
8.51
12.22
3.12
0.38
7.38
0.85
1.21
3.65
8.3
5.61
2.01
0.07
0
0
0
0
0
0.12
0
0
0.02
3.02
0.84
4.5
0.59
21.34
0.41
4.11
13.85
0.48
0
0
0
0
0
0
0.02
0
10.98
4.65
0.15
0
0
0.01
8.56
0.02
0.03
16.56
5.89
0.44
0.02
8.31
0.01
0
0
4.31
0.38
0
0
0
3.69
0.05
0
0
0
0
0
0
0.09
3.81
0.07
0
0
0
0.08
0
0
0
0
0
0
0.09
2.87
14.56
0.38
0.02
6.62
0.02
0
0
0
0
0
0.1
0
0.23
0.21
0.45
0
0
0
0
0
0
1.02
0
0
0
0
0
0
0
0
0.25
0
0.48
27.22
0.02
0
0.02
0
0
0
0
0
0
0.03
0
0.01
0
0
0
0
0
0
0
0
0
0
0
0
0
0.03
0
0
0
0
0
0
0
0.27
0
0.27
6.12
14.78
0.87
3.35
0.02
0.03
9.19
13.73
0
1.8
0
0
0
0
1.12
22.19
0.05
1.13
0
0.01
0
0
0
0.02
0.02
0.03
0
0.03
0.13
0.01
0
0
0.48
7.19
4.44
0.09
4.7
0
11.62
0.11
0.12
0.09
0
0
0
0
0
5.03
0
4.44
15.28
2.25
0.53
0
0.07
0
0
0
0.7
1.51
0.05
0
0
0
0
0.02
0.01
0
0
0.28
0.22
2.66
0.09
0
0
0.07
0.85
5.45
1.59
0.03
6.3
8.31
0.69
2.75
9.84
5.34
0.05
0.57
1.6
1.09
0.2
0
0.05
3.46
0.19
0.21
0.08
0.45
1.07
0.13
0.03
7.39
1.59
0.05
0.15
3.64
3.14
1.11
1.3
0.36
0.1
0
0
15.66
7.03
1.19
0.49
0.34
0
0
0
0
0
0
0
7.33
14
1.59
17.5
1.09
13.25
1.41
1.41
1.91
5.75
2.64
0.28
0.05
0.12
0.12
0
9.22
8.06
12.2
10.72
27.25
0.62
4.53
5.97
0.01
0
0
0
0
0
0
0
6.03
2.25
0.03
0
0
0
0
0
6.25
0
0
1.31
0.03
0
9.38
1.43
0.02
0.01
0.05
0.04
0
0
0
0
0
0.02
8.44
0.11
0
0
0
0
0
0
0
0
0
0
0
0.29
2.13
0.35
0
0
0
0
2.66
3.56
12.58
9.59
0
2.71
3.31
0.65
0
0
0
0.1
10
8.3
5.45
0.56
9.64
1.06
5.16
7.14
13.23
5.31
5.59
2.79
1.13
3.11
1.89
0
0.01
0
1.17
8.98
2.83
0.27
0.2
3.42
0.23
0
0.02
0
0.02
0
0.01
0
0.04
4.53
0.89
0
0.45
0.11
0.5
1.44
0.27
4.2
8.85
2.13
3.61
9.05
8.36
0.84
0
0
0
0
25.19
7.8
0.02
1.63
0.25
6.61
2.25
1.86
2.65
0.34
0.02
0.98
1.89
0.29
0
0.06
0
0
0
0.01
0
0
0
0
0
3.41
0.94
0
0
0
0.05
0
0
0
0
0
0
0
0
0
0
0
0
0
0
0.08
0
0
0
0
4.27
0
0.02
0.02
0.02
0
0
0
0
0
0
0.92
0
0
1.15
0
0
0.98
13.09
0.03
0
0
0.08
3.91
0
0.15
0.04
2
0
0.98
0.06
17.59
51.38
0.44
0
0
0
0
0
0.01
3.38
0.02
0
0.01
2.42
31.28
4
0.92
0.49
0.02
0
0.03
0.06
0
0
17.27
0
0.01
0
0
0
0
0
0
12.45
0.12
0.05
0
0
0
0
0
0
0
0
0
0
1.43
0.25
0
0
0
0
0
0
0
0
0
0
0.02
42.31
7.09
25.69
1.12
13.05
0.52
0.27
0.06
0
0
0
0
0
0
0
0
0.02
0.01
0
0
0
0
1.12
6.12
21.53
0.88
3.38
7.31
1.52
3.28
0.25
0.03
0.36
5.86
0.2
0.02
0.77
1.05
0.09
10.06
0.06
0.44
0.03
0
0
0
0.04
0
0
0
0.01
0
0
0.02
0
0.59
3.69
5.75
11.38
0.89
0.04
0
0
0
0
0
0
7.22
3.61
0.77
0.01
0
0.06
0.06
0.01
0
0
0
0
0
0
0
0
0.01
0.02
0
0
0
0
0
0
0
0
0
0
0
0
0
0
0
0
0
0
0
0
0
0.04
3.48
1.07
0.06
0
0
0.03
1.53
0.12
0
0
0
0.04
0.18
0.42
0
0.01
0.02
0
10.52
1.25
0.09
0.45
6.67
0.43
0.23
0
18.28
14.84
5.56
4.25
1.41
0.44
0.84
0.16
1.03
0.97
6.31
2.75
0.56
2.38
2.3
3
1.08
0.06
2.61
7.47
0.81
0.36
0.34
0
0
0
0.01
0
0.02
1.62
0
2.28
1.28
0.97
0.08
0
0
0
0
13.61
6.34
0
21.69
5.42
0.33
0
6.44
3.45
1.95
0.03
0.74
5.09
9.81
2.25
0.12
0
0
0
0
0
0
0
0
0
10.07
1.31
0
0
0
0
0
0
0.02
0
4.2
1.39
0
0
0
0
0
0
0
0.45
1.34
0
0
0
0
0
0
0
0
0
0
0
2.32
0.25
0.07
0.05
0
0
1.02
0.04
0.09
0
0
0
3.16
0
0
0
0
0
0.04
0
0.02
6.97
0
0
0
0
2.41
0
0
0
0.07
0
0
0
0.01
0.01
0
0
0
0.6
0
0
0.01
0
0
0.97
1.93
0.41
0.63
1.09
0.88
0
0.05
0
0
0.41
0
0
0
0.19
0
0
0.02
0.78
0.75
0
0
0
1.15
0
0.08
2.25
2.98
7.74
0.02
0.38
0
0
0
0
0
0
0
0
0.08
0.11
0
0
0.56
4.12
12.22
1.64
0.33
0.05
0
1.61
12.74
7.03
0.56
0.95
0.03
0
1.94
0.35
0
0
2.33
0.39
0
0
0.01
0
0
0
0.19
0.39
0
4.75
2.22
2.16
0
0
0
0.73
0.25
1.16
8.41
6.62
6.09
1.72
4.3
0.71
0
0
0.03
0
0
2.1
2.09
0.16
0.39
2.05
0.58
0
0
0
1.38
4.94
0.94
1.25
0
0
1.8
4.83
7.05
4.77
5
1.08
3.73
9.5
8.97
4.09
8.45
2.64
0.03
5.08
0.84
0
0
0
0
0.69
3.08
2.03
0.92
2.12
11.03
14
9.78
7.67
20.47
28.62
11.94
7.84
2.63
3.24
0.44
0.03
8.02
1.45
0.59
0.03
0
0
0.04
0
0.05
1.28
0.24
0
