19510101
13.47
8.8
0.22
0.01
0
0.18
0
0.13
2.52
2.05
1.87
5.13
0.8
0.69
0.05
0.13
0.01
0.17
0.02
0
0.05
0
2.16
10.64
1.25
2.84
3.52
3.62
0.83
0.57
0.3
0.21
0.34
4.64
9.93
3.41
1.05
0.07
2.27
1.55
1.38
2.07
6.42
0.8
0.45
0
0.01
0.16
1.03
0
5.63
0
0.73
10.59
0.96
2.05
0.55
0
0.14
0.49
1.37
4.3
6.05
3.17
3.16
3.3
4.64
0.55
13.11
1.39
13.04
13.26
1.85
0.63
2.11
1.16
0.74
0.06
0.14
0
0
0
0.49
0
0
0
0.28
0.44
0.27
0
0
0.01
0
0
0.11
0.01
2.29
0.07
0
13.85
1.46
0
0
0
0
0
2.3
0.96
1.85
3.39
0.53
1.48
9.77
20.76
3.93
6.99
4.55
4.89
0.3
16.16
8.52
3.82
0
0.62
3.02
3.55
8.3
3.58
1.55
3.62
5.61
0.02
0
0.03
0
0
1.28
11.48
0.54
0.63
0.07
0.01
0
0
0.56
4.9
0.07
0.14
8.41
1.57
0
0
0
7.5
3.57
5.43
0
3.55
0
0
0.67
0.04
0.05
0
0
4.23
1
1.49
0
3.61
0
1.19
0.32
0
0
0
0.06
0
0
0.13
0
0.67
0
0.51
0
10.82
0
1.29
0
0
0
0
0.89
0
0
0.09
0
0
0
0
0
0
0.02
0
0
0
0
0.03
0.52
0
4.91
7.33
8.58
3.23
0
0
0
0
0
0
0
0
0.01
0.01
0
0
1.89
0
0
0
0
0.32
0
0
0
11.64
0
1.58
0
0
0
0
0.22
0
0
0
0.3
0.46
6.49
20.34
4.95
0
3.96
6.19
10.81
9.88
1.09
0.04
0
0.01
0
0
0
0
1.69
22.06
0.44
0
0.02
0
0
0
0
10.02
16.03
4.03
1.93
0
0
0
2.66
0.14
0
0.94
3.96
0.16
2.26
2.05
0
0
0.01
2.94
5.56
0.43
3.16
0
0
0.02
0.98
0.38
0.22
0
1.24
0
0.02
1.82
0
0.5
0.59
3.42
7.62
7.99
6.54
1.34
1.27
4.5
1.59
0.17
0.35
0
0.94
10.49
3.01
0.68
0.4
0.33
0.03
0.03
0.02
0.01
4.88
0.01
1.66
0
0
0
0.08
0.07
0.01
0.06
2.28
3.57
1.77
0
0.98
3.24
0.52
0.71
0.88
1.51
0
0.04
4.59
3.13
2.54
0
0.92
1
1.15
0
2.04
1.82
0.21
0
0
0
0
0.04
0.02
0.82
0.29
0
0
0.01
0
0
1.95
0.14
0
0.02
0.21
0.23
1.08
0.85
3.56
0
0.16
1.67
1.33
2.16
12.37
2.38
0.37
0.39
0.33
2.02
0.11
0.12
0.14
0
0
0
0
0.02
0.04
0.18
0.21
5.84
7.72
0.19
0.11
0
2.09
0.27
0
0.03
0.03
0.02
0
0.44
3.66
5.05
0.73
0
0
0
0
0
0
0
0
0
0.18
0.66
0.68
5.67
1.15
0
0.5
1.05
6.52
4.6
2.18
0.47
0.09
0
0.17
0.63
0
0
2.14
2.77
9.44
5.05
3.82
8.27
7.45
0.19
0.6
0.11
0.16
0
0
0
0.07
8.59
5.57
2.77
11.91
1.15
0.05
0.25
0.16
0.07
0
0.01
1.48
0.27
0
0.01
0
2.32
0.9
4.26
1.84
1.55
1.59
0.98
16.52
8.38
2.2
0.56
0
0
0.02
0.06
0.07
0
0.09
3.22
0
0
0.06
0.84
1.84
1.24
1.54
4.99
9.8
1.34
0
0
0.34
0.15
0
2.08
0
0
0.02
3.79
3.01
0.05
0.02
0.03
0.03
0.22
4.86
0
0
0.01
0.01
0.07
0
4.04
0
0.05
6.92
0
0
0.01
0.02
1.09
4.44
3.98
0
0
0.03
0
2
8.28
6.02
1.35
0
0
0
0.02
0
0
0
0.27
3.95
4.93
1.19
0
0
0
3.45
6.72
0
1.03
4.29
0.58
4.99
4.73
3.39
2.72
9.03
18.98
0.5
0
0.07
8.52
0
0
0
0
0.13
0
0
0
0.14
0
0
0
0.09
0.34
0.01
0
0
6.69
0.7
0
0
0
10.73
11.45
4.89
0.24
0
0.05
0.05
0
0
0
0.7
0
0
0.09
0
0
0.22
0.02
0
7.13
9.4
2.62
0
0
0.02
0
0
0.01
0
0.01
0.84
0.36
0
0
1.5
0.33
0.02
0.01
0
0
0.61
0
0.01
0.59
0.26
5.46
0.51
0
0.2
0.16
0
0.01
1.5
3.07
2.02
0.49
0.64
0
0.29
4.69
0.16
0.02
0.27
0.15
0
0
0
0.11
0
0.02
0.13
0.67
0.44
0.11
0
0.01
0.02
0
0.58
0.16
0.1
0.31
2.9
8.69
2.55
0.48
0.36
0.84
1.25
1.11
1.11
1.86
1.68
1.12
1.24
7.2
5
6.96
1.76
0.06
0
0
0.03
0
0.17
0
0.02
4.28
8.23
3.51
1
0.77
3.09
0.15
1.98
0.09
0.02
1.63
0
0.09
0.03
4.8
7.8
4.78
4.06
1.25
0.64
5.78
5.05
1.91
1.09
1.72
1.5
2.67
1.45
0.11
0.16
0.2
0.05
0.04
0.04
0.03
0.04
0.04
0
0.04
0.03
0.03
0.03
0.03
0
0.04
0.02
0.02
0.02
0.02
0.01
0.02
0
0
0
0.05
3.41
5.33
0
0.33
0
6.63
3.52
1.16
1.44
0.52
0.73
0.05
0.02
0.02
0
0
0.02
0
0
0
0
0
0
0
0.01
0
0
0
0
0
0
0.01
0
0
0
0
0
0.41
0.4
0.02
0
2.3
2.47
0.76
0.77
0.09
0
0
0
0
0.17
0.07
0.09
0
0
0.04
3.55
1.04
0.01
0.01
0
1.48
8.84
6.98
1.03
0
7.69
0.62
0
0
0.01
0.52
3.63
7.63
7.86
1.54
1.48
1.68
1.12
1.9
5.05
2.14
0.07
0
0.96
0.02
1.25
0.7
0
0.05
0
0
0
0
0.08
0.02
0
8.61
1.46
0
0.35
0.08
3.59
0.04
0
0
0
0
0.04
0
0
0.02
0
0
0
0
0
0.14
1.9
4.53
15.67
14.77
10.23
0.61
0.02
0
0
0
0
0.01
0.02
0
0.34
0.21
11.48
1.63
0.1
0.06
0
0.2
3.6
6.53
14.84
14.51
4.48
0.96
0.76
1.7
0.48
11.32
1.53
0.11
0.05
1.55
0
0
0
0.02
0
0
0.13
0
0
0
0
0
0
0
0
0
0
0
0
0.16
0.11
0
0.05
1
0
0
0
0
0
0
0
0
0
0
0.22
5.74
9.29
1.31
0.13
0.06
0
0
0
0.01
0
0.03
2.72
0
0.05
0.05
0
0
0
0
0
0
0
0.47
0
1.84
1.87
0.31
1.58
0.03
0
0
0
0.04
0
0
0
0.04
0
0.09
0
0
0
0.05
1.18
9.84
2.75
0.61
0
0.06
0.09
3.84
20.91
2.34
1.08
0.1
0
0
0
0
5.36
6.38
8.29
12.69
18.14
4.33
0.06
2.12
0.23
0.2
0.02
0.16
0.07
2.19
2.71
0.75
0.37
0.21
0
0.02
0.05
1.17
0.38
0
0.05
0
0
0
0
0
0
0
0.04
0.05
0.05
0
0.01
0
0.04
0.05
0.02
0
0.01
0
0
0.01
0
0.52
0.21
0.25
0.23
0.29
0.09
0.51
0.86
6.88
0.91
2.3
1.71
1.61
0.02
0
0
3.04
0.52
0.64
0.1
5.28
0.84
0.43
0.35
0
0
0
0.39
0
0.06
0.21
0.63
0.09
0.04
1.08
0.75
0
0.76
3.66
2.35
0.97
0.56
0.12
0
2.1
0
0.05
0
0.07
0
0
0
1.73
0
0
0
3.03
0
0
0.09
1.71
0.43
3.46
3.58
4.32
0.43
0.21
1.07
1.23
1.96
1.63
0.47
0.94
1.27
0.45
5.07
3.63
0.6
3.07
3.63
2.77
0.43
0.02
1.31
0.48
0.15
0.15
0
0
2.37
0.01
0
0.07
3.41
0.16
0
1.5
3.99
2.1
0.84
0.84
5.85
0.82
0.89
1.88
16.2
6.16
1.63
0.46
4.73
0.44
0.49
1.01
0.52
0.99
3.13
3.49
1.2
0.81
1.63
0.08
0.01
0.02
1.2
8.77
1.58
0
0
0.34
0.15
0.07
0.82
1.27
1.69
10.27
2.95
1.75
1.75
0
0
0.01
0
0
0
0
0
0
0
0
0.22
3.33
3.27
5.27
2.48
2.91
0.26
11.78
0.38
0.24
0
0
0
0
5.95
1.43
0.18
8.82
9.46
27.35
19.52
6.83
0.53
0.23
0
0
0
0.24
0.05
0.04
0
7.75
0
0
0
1.58
11.05
0.73
16.84
11.13
11.55
0.05
0
0
0.81
0.7
0
0
0
0.03
0
0
0
0
0
0
0.15
0.68
8.09
1.22
4.28
0.32
0
0
0
1.77
0.14
0
0
0
0
0
0
0.04
0.64
2.68
0
0
0
0
0
0
0.27
0
0
0
10.13
1.32
7.8
0
0
0
0
0
0
0
0
0
0
0.01
0
0
0
0
0
0
0
0
0
0
0
1.1
1.02
0
0
0
0.17
0
4.9
0.34
0
0
0
0
0
0.29
0
0
0
0
0
0
2.55
0
0
0.01
0.01
0.02
0
0
0
1.25
0.97
0.41
0
0
0
0
0
0
0
0
1.05
0
0
0
0
0
0
0
0
0
0.02
0
0.01
0
0
0
0.02
0.01
0
0
0
0
1.52
0.02
0
0
1.29
1.74
0.63
0.45
0.2
0
0
0
0.01
0.21
0.65
0
0
0
0
0
1.12
1.2
1.62
5.9
2.47
0.23
0
0.02
0.41
0
0
0
0
0
0.01
0
0
0
4.3
2.59
0
2.01
6.12
9.24
5.52
11.8
13.67
1.88
0
0.32
0
0
0.3
2.38
4.82
0
0.76
1.15
0
0.3
0
0
0
0
0.01
0
0
0
0
0
0
0
0
0
0
0
0
1.09
4.06
3.91
4.16
6.09
8.1
2.62
2.69
5.46
2.74
0.8
1.38
1.61
3.13
3.65
1.28
8.11
13.76
7.36
2.99
4.39
5.09
1.91
0.58
0
0.07
1.73
0
1.65
2.26
4.74
5.99
7.8
6.81
0
2.08
1.44
0
0
0
0.01
0.25
0
7.86
8.99
4.18
11.54
12.2
7.11
8.46
2.98
1.44
1.61
3.3
2.93
3.47
3.52
1.95
0
0.05
0.01
0
0
0.02
0.36
0.97
0.35
2.37
1.88
1.25
1.86
1.2
0.13
0.32
0
0
0
0.45
7.46
2.79
1.12
0
0
0.48
0.03
0.02
0
0.59
0.74
0.9
0.01
0
0
0
0
0.01
0
0
0
0
0
0.01
0
0
0.32
0.05
1.23
0.07
0.59
2.04
4.39
5.73
11.35
4.95
7.18
0.47
0.12
0
0
1.88
0
9.7
0
0
0
3.3
0
0
0
0.31
0.45
1.68
0.25
0
0
0
0.04
0
0
0
1.48
2.3
1.58
13.34
1.24
3.59
0.83
0.02
0.42
5.67
13.18
2.88
2.95
2.75
1.59
3.17
5.22
0.21
5.83
1.74
0
0
0
0
0.03
0
1.41
8.83
8.4
7.66
0.76
0.03
0.05
0.01
2.74
3.26
7.98
0.29
0
0
1.03
0
0.95
0
0
0
0
0
0
0.08
3.82
0
2.2
0
0.01
0.05
0.52
0.21
0.01
0.37
3.66
7.13
3.14
1.47
2.11
0.45
0.3
0
2.46
0
1.15
0.3
0.01
0.02
1.14
2.46
17.43
5.73
4.09
0.01
1.57
2.43
5.52
3.26
0.98
6.62
0
0
0
0
3.78
2.8
0
0.53
4.36
0
1.33
0
2.48
0.02
2.52
2.74
0.3
0
6.34
1.73
0
0.25
4.75
1.23
3
1.16
0
1.14
0.96
0
0
0.72
0.25
14.69
3.79
6.32
1.94
2.13
2.08
1.57
1.19
0.02
2.42
1
0.67
0
0
0
0
6.87
9.76
1.59
0
0
0.13
0
0.01
1.58
1.87
0
0.02
0
5.51
4.02
3.23
0.42
5.5
7.01
0.02
3.33
3.02
0
0.13
0
5.87
6.12
9.55
7
4.7
1.6
3.94
3.24
0.64
1.03
0.65
0.45
0.02
0.02
2.69
2.26
4.66
3.23
4.88
0.73
0
0.01
0.37
0.98
0
2.4
7.71
1.86
0.98
0
0
0.88
5.76
7.5
10.57
1.68
1.06
0.21
0
0
0.01
0
0
0
3.6
1.19
2.2
23.49
19.66
22.27
3.06
1.7
2.1
6.66
3.79
0.89
0.22
0
0.59
0.02
0
0
0.58
3.66
0.61
0.38
1.42
0.99
0
0
0.01
0.34
1.16
5.31
0.36
1.07
6.8
2.46
1.23
0.96
1.32
3.35
3
1.7
0.07
1.32
0.64
1.58
0.73
0.01
0.01
0
0
1.12
5.81
0.86
0.48
1.51
1.06
1.4
0
0.05
0.01
0.17
0.29
0.28
0
0.07
0.41
0.02
0.41
0.01
2.67
0.69
1.44
1.84
0.04
0
1.05
2.52
1.23
0
0.67
0.23
0.02
0
0
0
0
0
0
0
0
0
0
0
0
0.18
0
0
0.03
0.2
7.05
7.2
6.04
4.81
3.08
13.39
8.34
6.88
2.39
2.39
17.48
10
9.29
4.33
0
0
0
0
0
0
0
0
0
0.25
0.43
0.35
5.92
5.12
1.59
0.78
0
0
1.16
1.74
12.4
10.04
9.09
3.44
2.28
4.94
4.22
3.74
2.74
1.3
0.02
0
0
0
0
0
0
0
0.01
0.01
0
0
0.3
0.07
0.03
0
0.01
1.3
1.61
17
6.63
16.6
6.09
5
39.22
18.24
3.76
0
0.01
0.1
0.48
0
0.02
0
0.01
0
0.01
0
0.01
0.01
8.17
0
0.01
0.47
2.34
0.02
0.48
0
0
0
0
0
0.09
4.73
17.14
7.28
3.21
1
5.18
2
0
0
0
0
0
0
0
0
0.36
0
0.02
0
0
0.31
0
0
0
0
0
0
0.05
2
0
0
0
0
0
2.98
0
0.01
2.87
2.29
5.09
0
0
0
1.73
28.24
8.44
0.64
0
0
0
0
0
0.02
0.04
0
0
0.01
0
0
0.07
0
0
0
0
0
0.18
0
0
0
0.11
0.09
0
0
0
0.01
0
0.09
0
0
0
0
0
0
0.14
5.79
13.23
4.3
1.22
0
6.1
9.2
0.6
6.13
9.4
2.8
0.09
0
0
0
0
0.6
0.49
0.2
0.02
0.7
0.02
0.02
0.07
0.98
3.97
0.11
0.07
0.59
1.98
1.61
1.48
0.55
0
0
0.71
0
4.89
0.84
0.01
0.67
0.36
2
0
1.48
0.2
0.12
0.98
0.46
0.57
0
0
0.02
0.02
0.72
1.74
0.42
0.05
3.37
0.87
0.26
0.19
0.34
0
0.67
0.48
7.63
2.08
0.59
1.45
0
0.51
0
0
0
0.55
2.32
0
0.05
0
0
0
0
0
0
0
0.11
0
0
0
0.01
0.05
0.02
0.01
0
0
0.02
0.09
0.58
0.13
0.02
1.25
1.73
0.32
2.38
2.36
2.36
2.94
1.04
1.16
0.27
0
0.03
0
0
0
0
0
0.01
0
0.2
1.61
0.97
0.1
0.9
1.3
1.1
1.39
0.84
0.55
1.09
0.79
1.02
0.85
0.87
0.8
0
0
0
0
0.79
1.16
1.3
0.22
0
0
1.34
1.05
0.6
0.1
0.17
0.59
3.82
9.73
2.01
8.91
1.75
0.21
0.03
0.98
1.43
0
0.41
0.48
0.53
0
0.34
0
0
0
0
2
4.66
1.86
3.8
0.01
0
0
0
0
0.02
0.04
0.01
0
0.01
0
0
1.67
3.85
4.79
3.49
5.1
0.84
0.64
1.2
0
0
5.08
3.61
1.43
0
0
0.09
1.87
0.87
0
0.15
3.26
1.29
0
0
0
0.07
0.03
1.49
0.08
0
0
0.16
0
0.94
0
2.68
9.37
3.91
7.71
3.79
2.64
8.7
7.66
3.47
2.75
1.6
0
0.48
23.02
12.57
6.46
2.59
0.86
0
0
1.13
0.1
0
0
0
0
0
0
0.08
0
3.51
0.98
8.09
13.07
9.29
3.22
2.09
7.8
3.81
1.11
0
0
0
0
0.22
19.96
18.3
0.01
0.02
4.82
13.05
2.63
4.66
17.78
9.54
3.69
2.76
0
0.16
3.42
5.55
0
0
0.01
0
0.52
0
0
0
0
0
2.05
0
0
1.73
0.25
0
0
0
0
1.39
0
0.02
0
0
0
0
0
0
0
0
0
0
0
0
0
0
0
6.14
0.09
4.43
0
0.11
0
0.04
0
0
0
0.04
0.01
0
0
0
0
0.05
0.02
0
0
0
0.11
0
0.01
0
0
5.04
0.37
4.82
0
14.84
0
0
0
0
0
0
0
1.11
1.12
3.65
0
0.27
0
0.01
0.04
0.06
5.37
2.06
5.14
5.16
0.88
0.09
0
0
0
0
0
0
0.01
4.16
5.79
8.86
4.3
0.66
0
0
0
0
0.63
2.97
1.82
4.7
21.15
11.59
1.36
0.09
0
0.11
3.53
0.33
0
0
0
0.05
0
0
0
0
0.05
0.05
0
4.08
4.67
0.1
0
4.03
5.15
5.57
8.8
5.73
1.63
0.01
0
0.02
0
0
0
0.1
1.01
0.02
0
0
1.54
0.96
0
0
0
0
0
0
0.11
0.01
0
0
0
0.02
0
0
0
0
2.54
7.6
6.46
0.9
0.09
0.04
0
0
0
0.02
0
0
0
5.87
5.63
0.39
0.9
0
0
0
0
0.07
0.32
0.02
0.16
0.14
0.68
0
0.01
0
0.01
1.05
1.47
2.29
0.18
0
0
0
0.01
0.09
0.03
0.27
0.37
1.91
0
1.16
2.22
1.89
0.17
10.7
13.57
4.31
0.51
0.13
0.08
0
0
0.16
0.18
0.31
0.75
3.73
4.72
3.02
0.66
4.05
0.62
0
0
0
0
1.15
0.23
0
0
0
0.02
3.52
3.99
1.98
1.71
0.05
0
0.07
0
0
0
0
1.11
2.38
4.29
3.82
0.91
0.16
0.04
0.41
1.39
2.1
1.98
10.35
6.36
0
0.02
0.64
9.13
9.59
4.32
3.95
1.64
5.7
6.02
5.26
0.06
3.38
4.15
7.34
1.02
1.12
1.01
0.44
0.01
0.14
0.11
0.08
3.38
3.81
3.05
0.59
0.18
0
0
0.11
0.01
0.01
0
0
0
0
0
0
0
0
0
0
0
0
0.17
0
1.2
0.45
2.75
2.42
0.47
0
22.04
0.98
0.02
0
0
0
0.03
2.92
3.05
0
0
0.01
0.07
0
0.01
0.01
0
0
0
0.02
0
0.01
0
0
0.19
0
4.01
12.41
2.63
0
0.17
1.32
0
0
3.8
15.18
11.62
10.16
0
0.79
2.31
0
0
4.5
4.78
1.66
0.07
2.02
1.9
0.46
0.92
0
0
1.18
8.08
0
0.1
0
0
0.4
0.08
0
0
0.52
0
0
0
0
0
0
0
0
0
0
0.02
0
0
0
0
0
0
2.46
0
0.3
3.06
0
0
0
0.35
0
0
0
0.08
0
0.01
0.01
0
0.02
0.06
3.82
3.96
0.1
0.07
0
0
0
0
0
2.57
5.25
0.57
0.36
0
0.01
0
0
0.08
0.88
0
0.01
0
1.93
0
0
6.36
2.71
5.4
1.33
0
0
0
0
0
0
0
0.41
0
0.18
0.01
0.61
11.26
8.13
1.17
0.73
0.19
2
12.22
4.41
1.93
0
0.34
0.71
0
0
0
0
0
0
0
0
0
0
0.01
0
0
0
0.58
0.01
0
0.23
0.94
0
0
0
0.01
0
0.07
0
0.12
0.02
0.01
0.54
0.14
1.01
2.86
0.18
0.48
0.04
0
9.43
6.65
0.49
0
0.01
0.21
1.25
0.31
0.04
3.87
1.08
0
0.06
0
0.93
5.89
1.63
3.55
6.46
1.84
7.4
0.56
0
3.62
4.42
25.53
8.4
9.48
8
4.11
24.31
18.34
4.14
1.94
15.7
2.04
3.13
7.54
1.63
0.77
0.76
0
0
0
0.12
0.06
0.07
0.09
0
0
0.18
0.96
0.91
1.79
1.8
0.79
0.93
3.34
4.32
1.01
0
0.01
0.04
5.4
2.15
1.21
0.05
0
0
0
0
0
0.02
0
0
0
3.8
5.94
1.8
0
1.1
3.72
3.62
1.18
0.07
0.77
0.46
0
0
0
0.07
0
0
0.02
0
0
0
0
0.1
1.05
0
0
0.79
0.39
0.34
14.07
9.06
5.3
8.11
0.96
8.91
15.66
4.33
3.67
0.38
0.22
0
0.01
0
0
0
0
6.34
7.36
0.52
0.98
1.33
0
0.07
0
0
0.3
4.86
2.05
0
0
0
0.33
5.59
0.03
0
0
0.63
0.01
0
0
3.57
3.69
11.61
5.95
0.84
0
0
0.06
0
0.05
12.04
3.13
0
0.34
0.04
0.99
7.95
1.8
0
0
0
0
4.6
20.33
17.05
5.38
2.27
3.38
1.52
0.94
0.1
0
0.04
1.88
6.05
5.39
2.13
13.17
3.88
1.25
0.07
5.5
3.56
3.33
2.06
5.7
2.5
0
0
0.01
3.13
0
1.39
27.74
8.78
0
0.05
0.01
0
0
0
0.18
1.3
0.01
0.03
0.05
0.97
0.04
0.01
0.02
0.14
0
0
5.31
0
0.04
0
0
0
0
0
0
0.02
0.01
0
0
0.02
0.07
0.38
0.12
0.43
11.5
0.48
0.59
0.04
2.14
9.22
7.45
0.77
5.34
12.64
2.16
0.07
0.9
0.18
0.7
0.16
0
0.01
0
0
3.53
2.77
16.52
4.73
0
17.09
0
0.43
0.16
0
0
0
0
0
0
0.01
0.04
0
0
0
0
0.01
0
0.36
0
0
0.39
7.63
1.05
0
3.22
6.48
7.97
10.54
0.27
0.91
0.02
1.27
0.79
2.64
1.21
3.78
1.27
0.04
0.09
0
1.2
0
5.63
8.7
4.05
1.25
3.89
0.64
1.01
0.13
5.27
2.92
11.2
0.85
0.42
0.22
0.89
0.45
0
0.22
1.05
0.17
1.64
0.24
1.04
0.55
2.95
0.01
1.49
6.84
2.56
8.74
12.62
3.52
1.62
0.97
0.85
0.77
2.56
4.7
8.21
2.27
4.15
4.01
0.28
0
0
0
0
0
0.3
0
0
0.01
2.79
12.84
2.47
1.09
3.02
0
4.77
13.16
1.39
0.38
0.46
2.79
1.15
0.22
0
0
2.7
0.32
0.56
11.57
25.13
7.3
0.03
0.4
0.96
1.14
3.2
6.7
4.17
11.34
5.86
11.71
4.63
1.26
0
0
1.59
0.57
1.22
1.82
1.52
3.82
0.3
10
5.53
0.79
4.09
10.8
0.87
0.25
0.93
0.93
0
0.02
0.09
0
0
0
0
0
0
6.26
8.34
2.47
1.38
1.01
2.71
1.08
0.69
1.01
0.34
0.13
0.23
1
0.48
11.13
5.86
11.02
13.68
4.85
0.68
0
0
0
0
0
0.58
0.87
1.65
1.31
3.41
3.55
4.59
3.66
3.38
7.83
7.88
5.52
6.77
8.88
7.19
10.79
2.41
6.16
5.44
3.11
1.72
0.07
0
0
0
0
0.02
0
0
0
0
12.06
2.22
8.8
5.87
4.52
0.99
3.36
9.34
9.61
12.09
4.66
0.38
0
0
0.02
0.03
0.6
1.69
3.68
4.41
0.65
1.68
3.57
1.46
4.8
3.96
0
4.33
2.15
0
0
0
0.02
0.23
0.45
0.01
0.6
0
0
0.02
0.07
0.02
0
0
0.01
0.82
5.1
3.07
0
0
0
0.03
0.06
0
1.62
3.86
1.48
0.15
0.09
0
0
0
0
0
0
0.01
0
0
0
3.84
7.91
0.57
6.17
2.53
0.76
0
0
0
0
0
0
0
6.63
2.1
0
1.79
48.52
20.68
9.57
0.91
5.66
11.73
25.38
7.95
2.27
1.14
0
0
4.68
0.46
5.79
0
0
0
0.03
0
0.1
0.01
0.59
0
0.07
0.03
0
0.45
8.68
0.55
0
0.1
3.29
0
0
0
0
0.07
0.01
0
0
0
0
0.01
0.05
3.6
0.04
0
0
0.41
0.43
0
0
0
0
0.89
0.25
0
10.93
14.66
0
0.55
0
0
0
0
0.01
0
0
0
0
0
1.48
0.16
0
0
0
0.01
0.76
2.54
1.43
0
0
0
0
0
0
0
0.09
0
0
0
0
0.53
0.33
0
4.55
0
0.01
0
0
0
0
0
0
0
1.59
11.8
3.8
1.57
0
0
0
0
0
0
0.46
6.72
2.2
2.08
0
1.3
4.26
0.07
11.91
16.47
14.8
10.42
4.07
0
2.85
0.13
0
0
3.08
24
4.88
0.07
0
0
1.19
13.26
3.24
13.09
8.52
10.16
8.86
0
0.63
9.4
19.06
1.35
3.2
0.08
1.98
0.2
1.36
6.6
1.97
1.09
0.02
1.09
0.05
1.84
4.65
2.59
0
0
0.57
1.88
0.38
0.34
0.63
1.06
19.61
3.38
0.62
0.1
0.19
0.16
1.41
0.55
0
0
1.66
1.79
0
0.03
6.1
0.97
11.2
0.57
0.96
0.92
0.27
0.26
2.78
2.65
0
3.23
1.64
0
2.94
0
0.59
0.17
0.39
0.79
1
2.84
5.53
6.65
1.85
1.45
4.87
2.28
2.64
3.43
0.09
0
0.34
0.9
0.58
0.7
1.82
1.02
0.02
0
0.14
0
0
0.11
0.4
2.87
0.88
6.64
5.82
3.41
0.42
1.38
0
0
1.76
0.44
0.02
0.01
0.04
0.16
0.05
0.01
0
0.13
0
0
0
0
0
0
0
0
0
0.02
0
0
1.41
0
0
0.05
0.07
0.65
0.11
0
0.01
0
0
0
0
0
0
0
0
0
0.01
0.01
0.01
0
0
0
0
0
0
0.43
2.2
3.63
0.62
2.24
0.82
0.64
0
0
0
0
0
0.01
0
0.01
0.05
0.02
0.1
0.1
3.23
5.92
0.43
8.52
1.4
0.16
0.04
0.51
1.3
0.22
2.91
4.89
0
0
0.9
0.95
19.61
1.65
0
1.56
0
1.83
11.29
1.81
0.01
0.44
0.11
0.22
0.18
4.59
0
0.63
0.35
0
0.59
0
0
0.01
0
0
0
0.4
0.01
0.09
0.09
0.13
1.96
1.99
1.09
2.41
0.43
8.87
3.32
2.93
13.77
6.27
1.82
0
0
0
0
1.37
0
0.05
0.16
0
0
0.13
0
0
1.43
2.33
0
0.05
0
0
0.06
0.69
7.86
0.48
16.66
0.31
0
0.63
0
0.63
1.88
0.43
0
0
0
0
0
0
0
0
0
0
0
0
0
0
0
0
0
0
0.11
5.05
0
0
0
11.3
0.88
0
0.38
9.12
9.38
0
4.8
0.24
0
0.01
0
0.01
0
4.01
11.12
5.29
0.04
3.08
0.5
0.01
0
0
0
0.04
0
0
0
0
0
0
0
0.01
0
0
0
0
0.29
0.55
12.92
2.8
1.38
0
0.01
0.71
0.46
14.16
0
0
0
0
0.01
0
1.12
37.43
17.62
0
0
0
0.01
0
0
1.71
6.49
6.09
10.84
2.84
0.34
0.05
0
0.17
1.16
7.39
0
0
0
0
0
0
0.12
0.42
23.12
4.29
0.36
4.43
0.3
0.04
0
0
0
0
0
2.14
0
0
3.17
0.8
0.6
0.08
0
0.04
0.01
0
0.01
0
0
2.03
3.95
10.33
20.76
1.69
3.95
1.8
0.6
3.54
0
0.67
5.55
7.05
1.16
0.21
0.74
11.03
7.77
1.88
23.78
2.84
0
0.05
0.3
0.37
0
1.05
0
0.1
0.01
1.66
0.04
0.2
0.03
0
0
0
0
0
0
0
0.02
0
0.83
5.46
3.51
15.31
7.02
0.46
0.62
0
8.73
5
1.25
15.79
2.72
0.85
0
0.21
0
0.13
0.87
1.92
3.83
0.55
5.37
10.38
0
0
2.28
1.78
2.49
0
0
0
0.02
0
0
0
0
0
0
0
0
2.69
0.33
0
0
0.05
0
5.26
2.64
0.02
0
0
0
0.22
0.43
0.15
0
0
0
0
0
0
0.01
2.78
6.14
3.73
2.96
9.16
0.09
0.45
5.82
6.64
5.15
2.68
0
2.05
5.86
3.76
0.18
3.21
0.07
0
0.41
0
0.07
0.01
0.39
1.07
1.54
5.2
0.77
0.15
3.2
0.07
0
0
0.91
0.49
0.01
0.02
0.15
0
2.14
0
0
0
0
0
0
0.12
0
3.27
4.91
0.58
7.36
1.64
4.15
2.91
0.23
0.03
1.56
0.16
0.59
8.14
1.34
4.03
4.36
4.98
1.17
2.88
4.07
0.28
0.34
0
0.02
0.01
0
0
0.01
0.73
1.58
2.72
0.02
0
0
0
2.78
18.88
0
1.64
0.02
0.07
4.05
4.69
17.4
20.1
3.48
0.05
0
6.97
1.98
0.38
0
0.23
2.01
0.36
0.09
0.03
1.44
0.07
0
0.26
2.01
7.33
3.71
0.64
0.33
0.7
1.42
0
0
0
0
0.2
0
0.38
2.97
16.4
0
1.17
7.17
0
0.01
0.04
0.01
0.02
0.01
0
1.98
0.02
0
0
0
0
0
0
0
0
0
0
0
0
0
0
0
0
0
0
0
0.08
0
0
0.89
0.06
0.03
0
0
0
0
0
0.05
0.02
0
0.01
0
0.02
0
0.01
0
0
0
0
0
0
0.02
0
0.25
0.7
0.91
0
0.03
0.01
0
0
0
0
0
0
0
0
1.02
0
0.04
0
0.03
0.03
0.71
3.52
0.05
0.21
3.46
5.54
3.2
0.43
0
0
10.47
23.57
13.2
0.23
1.48
0
0
0
0.52
2.98
3.74
0.08
0
0
0.02
0.05
1.44
0.7
0.63
6.94
31.75
3.98
1.75
0.72
1.48
0
0.03
1.47
2.95
0.02
0
0
6.46
1.98
0.04
0.05
0
0
0.04
0.08
12.86
6.73
3
3.25
2.96
0.41
2.26
0.48
1.24
0.06
0.24
0
0.01
0.04
1
2.3
0.44
1.8
1.16
0
0.01
0.22
0.16
0.02
0.13
0
0
0
0
0
0
0
0
0
0
0.02
0
0
0.48
1.52
1.95
1.66
0.01
0.64
0.11
0
0
0
0
0
0.06
0.43
0.11
0.83
3.54
8.86
14.09
8.49
3.48
9.94
7.82
0.96
5.65
3.69
16.44
0.48
2.44
3.15
4.89
3.19
1.62
3.02
1.16
0.78
1.15
2.04
0.32
0.64
0
0
0
0
0
0
0.09
0
0
0.01
0.06
0.71
4.3
0.86
1.16
3.2
0
3.39
0.81
0.22
9.41
9.43
1.29
1.8
0.94
10.22
16.1
4.96
6
8.67
4.15
1.78
0.8
0.44
0.98
1.68
0
0
0
0
0.5
0.91
0.19
0.29
0.08
0
0.04
3.23
3.96
3.1
9.09
6.03
0
0.11
1.05
2.52
0.37
0.14
0.22
0.17
0.54
1.5
1.97
0.21
0.02
0
0.46
0.29
0.73
1.72
0.15
0
0
0.13
4.86
3.59
1.41
0.94
12.44
13.73
11.81
2.25
6.19
4.15
0.14
0.03
3.01
3.81
6.73
0.98
0.41
0.27
0
0
0
0
0
0
0
0
0
0
3.16
0
0
0
0.48
3.02
1.1
0.13
0
0
0
0
0
0
0
0.01
0.01
0.09
0.13
0.1
2.02
0.89
0
1.58
0.28
1.16
4.79
3.86
0.71
0
4.84
2.46
3.57
9.45
7.16
0.56
1.51
0.28
0.87
0.08
0.02
2.95
1.67
0.23
0
0
0
0
0
0
3.64
3.99
8.47
3.55
0
0.45
0.78
0.14
1.12
1.32
0
0
0
0
2.4
0
0
0
0.32
0
0.07
0.06
0.2
0
0.01
0
0.5
0
0
0.16
0
0
0.34
0
6.04
17.2
7.36
5.77
0.68
3.38
7.75
10.9
4.45
0
0
0
0.09
0
0
0
0
0.12
0
0.11
0
0
0.33
0
0.04
0.02
0
0.01
0
0
0
0.02
0
0
0.17
0
0
0
0
6.86
15.8
3.68
0
0
0
0
0
0.12
10.58
12.13
13.66
11.5
4.38
8.67
10.43
0.86
1.55
0.3
0
2.58
6.6
0.89
0
0
0
0
0
0
0
0.58
0.16
0
0
0
0
0
0
0
0
0
0
0
0
0
0
0
0
0
0
0
0
0
0
0
0.65
0
0.33
14.75
6.15
7.88
10.11
5.82
5.72
9.7
11.13
0.52
0.27
8.59
0.91
2.84
13.61
26
17.49
30.05
3.6
0
0
0
0
0
0
0
0.48
7.19
6.66
1.23
2.31
4.43
1.98
1.59
14.48
2.96
1.57
0.72
2.43
1.13
0.43
0
2.69
4.99
3.42
0.72
15.64
2.3
0
3.54
1.69
0.83
0.04
0
0.02
0
0
0.06
0
0
0
0.24
0
0
0
0
0
0.01
0.07
0.15
0.07
0.01
0
0
0
0.33
2.05
0
0
0
0.01
0
0.14
0.07
0
0
0
0
0
0
0
0.05
1.66
1.19
0
0.03
0
0
0
0
0
0
0
0
0.24
0
0.02
3.07
8.68
3.97
9.46
7
19.54
0.68
1.72
4.87
3.21
6.54
14.75
2.24
5.42
3.69
5.45
0.61
0
2.47
0
1.34
0.66
0
0.07
0.1
1.8
3.96
5.09
1.13
1.33
3.17
0.62
0
0
0
3.83
7.26
2.54
0.43
0
6.76
1.28
0.02
0
2.48
3.56
0.74
6.76
3.05
0.33
1.01
0.97
0.9
1.93
0
0
0.82
0.61
1.33
0.31
0
0.14
0
7.4
6.18
6.76
7.98
1.12
0
0.03
0
0.08
0.08
0.31
0.33
0
0
3.51
0.76
0
0
0
0
0
0
0.11
0.2
0
0.12
1.3
0.94
0
2.69
1.48
2.51
0.11
0
10.67
4.32
7.8
1.21
0.02
0.05
0.02
0
0
9.25
4.02
3.33
2.88
1.37
0.65
4.18
0
0
0
0
0
0.12
0.03
0.4
0
0
0
0
0
12.34
5.71
8.62
25.79
8.46
5.64
6.77
27.11
9.67
2.58
0
0
0
0
0.98
0
0.14
0
2.1
0.73
0
0
0
0.65
0.13
0.28
0
2.09
3.3
0
0
1.94
0.56
0.71
0.84
0
7.42
0.18
0.05
0
0.54
1.12
4.27
6.2
0
0
0
0.82
1.16
0.23
0.02
0
0
0.71
7.71
1.86
0.29
0.69
0
0
0.55
0
0
0
0
0
0
0
0
0.08
0
0
0.17
3.58
0.51
0
0.02
0
0.09
0.01
0
0
0
0.03
4.86
0
0.02
1.69
1.22
0.14
0
0
0
0
0.28
0
0
0
0
0.28
1.18
1.49
2.11
11.37
5.28
5.43
0
0
0.01
0.05
0
0.06
0.58
2.82
7.83
11.76
3.84
6.3
4.41
0.63
0
0
0
0
0
0.27
0.75
0.15
0.52
0
0
0
0
0
0
0
0.05
0.02
1.21
2.1
15.16
3.82
0.24
0.01
0
0.04
0
0
0
0
0
0
0
0
0
0
0
0
0
0
0.03
0
0
6.69
1.6
0.88
0.83
1.12
0.39
0
0
0.24
0.04
0
0.01
1.57
0.64
0.05
0.02
2.43
0.77
2.84
2.9
0.67
0.52
1.68
0.21
0.64
11.38
1.25
2.05
0.54
4.25
0.45
0.15
0.09
0.02
0.45
0
0.44
0
0.43
0.29
0.09
5.3
1.59
0.94
2.64
0.96
0.74
0.04
0.11
0
1.65
8.24
5.82
11.55
0
0.04
0
0.06
0.01
0
2.47
1.44
1.59
5.09
0.37
0.07
3.19
2.59
0
0.01
0
0
0.09
0
0.02
0
0.01
0
0
0
0.05
0.39
1.43
0.4
0
2.13
4.35
1.32
0
4.11
3.13
1.78
8.2
15.46
7.01
7.48
7.18
0.98
1.02
1.71
0
0.16
4.76
5.99
3.11
0.76
6.06
3.88
5.35
3.86
0.2
0
0
0
1.65
0.05
0
0
0
0
0
0
1.23
8.16
6.73
1.78
0
2.95
9.6
5.3
1.73
0.84
0.04
0
0
0.01
0.03
0.05
0
0
0
0
0
0.09
0.03
0
0
0
0.45
0
0
0
0
0.22
2.21
1.5
0.43
0
0
0
0
0
0
0
0
0.27
3.4
0.4
0
0
3.56
16.3
4.3
0
0
0.02
0
0
2.42
4.44
0.06
0.01
2.07
1.1
0
0
8.73
1.66
0.14
0.06
1.78
2.98
1.19
0
0.01
0
0
0
0
0
0
0
0
0
0
0
0
0.02
0
0
0
0.92
0
0.8
0.3
2.96
0
0
0.07
0
0
0
0
0.01
0
0.02
0
0
0
0
0.01
0
0.96
1.49
0
0
0
0
0
0
0
8.29
1.22
0
0
0
0
0
0
0
0.01
0
0
0.2
0
0
0
0
0
0.02
0.07
4.94
7.86
7.45
0
0.17
0.04
0
0.23
0.01
0
0
0
0
0
0.02
1.83
0
0
0
0.01
0
0
0.01
0.02
1.58
0
0
0
0
0.01
0
0
0
0
0
0.09
0
0.35
0
6.89
14.6
8.16
4.85
3.99
18.86
0.44
0.22
0.15
0
20.95
8.53
10.27
1.05
9.13
0
2.42
0
0.07
0.07
0.73
0.28
0.07
1.48
2.27
2.51
0
0
0
0.29
2.88
2
1.7
2.2
9.82
14.8
1.3
0
0
0.13
4.77
14.21
15.13
8.69
1.03
3.15
0.29
2.32
5.52
7.99
2.95
0.27
1.13
6.79
6.5
11.25
5.41
10.18
1.14
0
0
0
0.05
0.08
0.61
0
5.63
0
0.08
4.48
0.29
0.08
0
2.39
11.93
8.69
1.38
0.55
0.55
0.1
0.02
0
5.51
1.5
0.58
0
0.29
3.77
0.09
0.14
0.31
0.27
1.26
8.96
5.69
1.97
0
0
0
0.01
0.02
0
0.02
0
0.08
0
5.2
3.19
1.4
7.14
2.96
0.46
3.53
5.3
6.18
7.77
8.59
11.05
19.92
11.47
7.19
3.3
1.36
2.84
0.55
0.04
0.22
1.48
0.81
0.18
0.14
0.27
0
0
0
0
0.1
0.34
2.49
10.94
3.88
12.85
12.16
2.92
4.8
5.83
3.12
3.16
3.73
11.46
4.11
4.81
0.77
3.21
0.26
0
15.02
7.16
0
0.07
2.9
1.49
0
0
0
0.02
0
0
0
0
0
0
0
0
0
0
0
0.41
0.07
0
0
0
0
0
0
0
0
0.02
2.71
3.72
8.51
0.5
3.3
5.09
2.3
1.3
6.4
6.18
3.87
8.6
4.56
2.13
7.06
22.01
3.01
0
0.29
4.22
0.55
0
0.02
7.3
4.79
0
0.04
9.81
1.5
0
0.27
0.36
1.88
7.89
1.62
0
0.7
0.05
0
0.02
0
5.2
6.25
1.05
0.16
0
9.37
4.91
7.07
0.37
0
0
0
0.75
0.64
2.21
1.07
0
1.6
4.04
8.26
1.49
6.66
6.62
4.95
7.01
1.52
0
4.76
17.16
3.32
0
0
0.04
1.7
8.18
0.16
0
0
0
0
0
0
0.21
0
0
0
0
0
0
0
0
1.11
0.9
0
0.01
0
0
0
0
0.05
0
0.03
0
1.43
0.21
0
0
0
0
0
0
0
0
0
0
0.12
0.21
0
0
0.11
0.01
0
0
0
0
0.05
0
0
0
0.02
0.01
0
0
0
0.19
0.26
0.03
0.12
0
0
0
0
0
0
0
0.01
0
0
0
1.41
1.38
0
0
0
0
0
0
0
0
0
0
4.9
0.17
0.02
0.11
0
4.75
0.93
0.15
0.01
0
0
0
0
0
0.05
0.56
0
1.19
3.93
6.78
0.73
0.17
1.63
0.91
7.51
3.95
0.58
0
19.69
14.13
1.47
1.15
0.29
0.06
9.52
11.24
5.35
1.39
2.38
7.28
2.59
2.36
0.05
0.04
0
8.2
6.4
0.82
0.16
0.73
0.06
0
0
0
3.95
1.36
11.73
17.57
10.81
8.2
5.6
3.98
1.01
0.27
0.09
0
0.11
0
0
0.61
0.38
0.4
0.01
0.57
0.8
0.17
0.01
0
0
0
0.7
1.14
1.9
4.58
3.32
0.5
0
0.3
1.05
0.05
0
0
0
0
0.5
0
0
0
0
0
0
0
0
0
0
0
0
0
0
0.19
0
0.61
0.23
0
0
0
0.11
0.64
4.57
0.49
1.02
1.13
10.39
9.12
0.54
0
0.01
0.14
0.02
0
0.01
0
6.28
1.88
5.56
1.22
0.34
0
0.27
0
0
0
0.01
0
0
0
0.16
0.09
0
0.23
0.71
0.02
0.01
0.1
0.17
0.32
0.8
2.57
5.74
7.77
8.01
7.87
5.3
0.2
0.01
0.05
0.08
0.02
0
1.89
1.65
1.07
0.06
0
0.05
0.12
0
6.01
4.92
0.79
11.56
8.31
0
0
0
0
0.05
0
0
0
0.16
0
0
0
0
0.22
0
0.01
0
0.68
17.52
4.54
1.83
1.41
0.04
0.02
0
0
0.53
0.05
2.81
6.94
8.35
7.81
1.16
4.74
1.89
2.13
2.2
3.43
5.64
1.11
1.88
0.16
0
0.01
0
0
0.25
0.08
0
5.2
0.72
0.92
7.65
3.74
0.28
0.63
3.53
1.58
0
1.99
1.98
1.1
4.86
0.25
5.34
1.03
1.08
7.45
6.41
4.17
0.05
0
0
0
0
0
0
0
0
0
0
0
0
0
0
1.01
9.53
3.52
5.34
1.73
0.67
0.06
0
0
0.2
0.02
0.96
0.16
0
0
0
0
0
0
0
0
0
0
0.05
1.38
0.01
0
0.03
0
0
0
0.07
0
0
0
0
0
0
19.77
0
0.14
0
0
0
0
0
0.02
0
0
0.01
0
0.14
0
0.22
0.77
0.05
0
0
0
0
0
0.16
0.34
0
0
0
0.06
0.02
0
0
0
0
0.33
0
0
0
0
0.02
0
0.02
0
0
0.27
4.08
3.31
0
0.01
1.89
0
0
0
9.47
0.81
0
0
0
0.05
0
0
0
0.01
0
0.02
0
0
0
0
0.01
0
0
1.48
0
0.02
0
0
0
0
0
0.02
1.28
0
0.38
0
0
0
0
0.19
0
0.01
0.32
0.01
0
0.66
0
0.04
0
0
0
0.01
0
3.13
2.58
13.93
1.81
0
0
0
0.2
0
0
0.11
0
9.13
0.37
11.67
0.88
1.11
2.61
11.5
3.98
0.31
0
0
0.02
9.38
21.89
16.85
23.61
0
0.26
3.49
0.79
0
0.54
4.05
5.76
11.01
0.45
0.76
0.09
0.53
0
0
0.02
0
0
0
0.27
0.79
0.07
0
0
0.19
0
0.04
0.03
0.01
0.02
0
2.85
0.14
0.02
0.09
0.01
0.16
1.43
2.27
0.66
0.06
0.57
0.83
0.16
0.11
0
0
0
0
0
0
0
1.2
0
0
0
0
0
0.02
0
0
0
0
0
0.01
0
0
0
0
0
0
4.65
1.77
0
0.26
0
0.01
0.46
1.02
10.32
6.3
5.34
7.14
3.5
1.63
5.12
8.68
7
6.48
4.04
1.03
0
5.5
1.02
0.76
6.21
1.25
3.65
2.48
5.96
1.68
1.11
0
0.72
3.73
0.19
0
0
0
0.02
1.94
14.37
1.91
0
0
0.04
0.04
0
0.13
0.77
0.01
0.09
4.96
2.66
0.97
0.08
0.04
0
4.24
0
0.34
0.82
23.65
11.73
1.36
0.04
0.18
0.13
3.44
5.82
1.99
0.63
0.09
2.7
1.2
0.16
5.5
7.9
3.22
0.26
0.03
0.07
0
0
1.46
1.18
9.46
3.12
0.42
0.02
0
0.61
4.84
1.48
0.18
0.04
0
0
3.9
13.22
0.89
0
5.63
0.73
0.3
0.13
0
0
0.03
0.02
0
0.03
3.16
9.58
5.23
0.02
0
0.57
4.36
0.42
0.56
5.19
3.04
0
0.01
0.01
0
1.67
0.63
0
0
0
0.02
0.02
0.05
1.56
0.01
0
0.91
8.14
0.37
0
5.56
2.53
0
0
0
0.09
0.62
0.35
0
0
0
0
0
0
0
0.09
0
0
0
0
0
3.73
1.21
0
0
0
0
0
0
0
0
0.01
0
0
0
0
0
0
0
0
0
0.98
0.13
0
0
0
0
0
5.77
0.16
0
0
0.52
0
0.14
2.54
0
0
0
0
0
0
0.02
0
5.27
0.03
0
0.01
0
0.03
0.27
0.66
6.57
7.04
0.56
0
1.35
1.74
0.11
0
0
0
0
0
0
0
0
0.06
2.17
3.83
0.2
3.61
3.39
0.5
0
0
0
0.64
0.01
0
0
0
0
0
0
0
0.08
0
0
0
0
0
0
0
0
0
0
0
0
0
0
0
0
0
0
0
0
0
0.02
1.63
0.42
0.01
0
0
0
2.65
4.87
8.92
5.28
1.25
2.7
5.76
1.37
3.05
0.63
0.63
0.32
0.03
0
0
0
22.82
7.38
0.3
0
0.01
0
0
0.01
0
0.35
0
0.31
6.83
6.33
7.42
3.46
1.97
10.52
1.6
0.52
0.04
0.36
4.1
1.34
1.26
6.95
1.2
0.65
4.26
0.5
10.53
19.13
19.71
6
0
0.57
0
0
0.02
0
0
0.93
0.19
0
0.03
0
0
0
0
0
0
0
1.29
0.24
0.36
2.6
5.05
1.09
4
12.71
4.8
6.6
1.27
0.34
0.2
0.07
0
0
0.03
0
0
0
0
0.1
0
5.64
6.06
0.64
0
5.33
3.25
0.22
0.1
0
0.5
0.05
0.02
0
0.09
0.42
2.2
2.14
0.72
0
0.49
13.63
8.52
4.02
9.07
9.54
4.28
0.18
0.26
0.02
1.64
13.49
2.27
6.31
10.18
5.21
2.18
1.69
5.23
0.12
0.32
0.09
0.19
2.97
19.04
8.62
4.31
13.09
17.79
5.35
0.24
0
5.87
7.5
0.96
0
0
0
0
0.02
0
0.36
0.24
4.51
11.13
8.66
2.21
0.39
0.67
3.66
3.94
0.25
0.01
0
0
0
0
0
0
0
0
0
0
0.25
0.4
0.09
1.07
5.34
5.97
31.29
28.23
3.06
0.71
2.19
4.24
2.59
2.98
2.3
5.83
1.7
3.8
0
0
0
0
0
0
0
0.32
10.02
12.13
1.8
0
0
0
1.95
1.33
3.98
0.1
5.02
4.24
1.4
0.01
0.23
1.12
0.01
0
0
0
0.01
0
6.48
3.94
23.59
6.65
3.3
6.48
7
0.04
0.01
0.08
0.92
0.25
0
0
1.13
5.82
0.02
0
0
0
0
0
0
12.92
15
2.45
1.75
2.18
0.32
0
0
0
0.02
0
0
0.01
0
0
0
0
0
0
0
0.73
0.34
1.57
0.28
0
1.5
2.02
0.38
0.18
0
0
0
0
0
0.03
1.96
0.56
0
0.38
17.1
2.27
0.04
0
0
0
0
0
0
0
0.01
0.01
0
0
0
0
0
0.01
0
0
0
0
9.37
9.95
7.2
4.46
0.47
3.73
2.34
7.47
2.45
3.12
0.66
0.22
6.27
3.08
2.32
11.46
1.53
0.43
7.09
2.86
0.08
0.02
0
0
0
0
0
0
0.02
13.2
4.69
1.03
0.01
0
0.46
11.29
1.81
0
0
0
0
0
0.81
1.95
0.2
0
0
3.33
7.57
11.18
1.66
0.26
0.41
0.31
0
0
0
0
0
0.01
0
0
0
0
0
0
0
0.36
0.68
0.19
0
0.28
21.05
11.89
2.7
1.36
0
0.02
0
0
0.04
0.61
1.85
9.13
5.28
4.27
5.55
1.44
0
0
0.27
0
0
0.3
0.53
4.33
1.79
2.61
1.1
0.46
0
0
0
0
0
0
0.02
0
2.57
0.09
0.01
0.12
0.4
1.37
0.18
0
8.11
8.26
1.63
2.07
1.86
2.67
4.66
1.47
7.2
13.33
8.14
1.35
1.53
3.75
7.41
6.74
7.47
6.96
3.15
1.38
3.38
3.09
0.87
0.17
0.18
0.29
7.32
0.68
0.14
0
0.17
1.29
6.7
0.36
1.03
1.3
0.53
0.37
4.11
0.63
0.02
1.96
1.11
2.12
1.55
0.01
0
0
0.05
1.09
1.37
1.78
1.05
0.13
0
0
0
0.01
0
0
0.09
0
0
0.22
0.66
0.56
0
0
1.17
0
0
0.01
0
1.05
5.94
1.55
2.62
0
3.09
3.18
1.88
0.11
0.03
0
0
0
0
5.91
1.71
1.02
3.89
1.27
0
0.04
0.23
0.4
0.56
0.59
0.09
0
0
0
0.08
9.97
4.38
0.27
0.4
0.4
0.37
0.03
0
0
0
0
0
0
0
0
0
0
0
0
0
0.66
0.63
0.14
0
0
0
0
1.15
3.67
5.95
5.29
1.66
2.06
1.25
2.83
1.89
0.65
1.59
3.02
1.71
0.22
0
0
0
0
0
0
0
0.26
0
0
0.09
0.28
0
0
0
0
0
0
4.25
0.85
5.57
12.23
0.34
0.65
2.46
0.46
0.07
0.05
0
0
0
1.12
0.01
0
0.83
12.76
2.42
2.36
0.2
0.02
0
0
0
0
0
0
0
0
0
0.57
0
0.01
0
0
0.46
0.93
0.02
3.53
0.57
0
0
0
0
0
0
0
0
0
0
0
0.08
4.93
0
23.72
26.91
9.85
13.02
1.18
0
0
0
0
0
0
0
0
0
0
0
0
0
0
0
0
0
0
0
0.01
0
0.02
0.05
0.36
0.99
0
0
0
0
0
0
0
0
0
0
0.01
0
0.02
0
0
0
0.01
0
0
0
0
0
0
0
0
0.02
2.65
1.07
1.27
11.35
0.5
0
0
0
0
0
0
0
0
0.26
8.27
1.32
4.52
12.03
2.49
0.7
0
0
0
0
0
0
0
0
0
0
0
0
0
0
0
0
0
0
0.01
0
0
0
0
0.13
3.28
0
0
0
0.28
8.88
4.95
3.68
0.89
0.71
0.39
4.47
2.68
8.99
1.34
0
0
1.79
0.36
0
0.05
2.19
2.98
0.97
0
0
0
0
0
0
0
4.64
13.17
0.16
0.07
0
0.28
0
0
0
0
0
0
0
0
0
0
0.07
1.74
3.41
1.35
6.46
1.58
0.21
0
0.05
0
0
0
0.17
0.02
0.08
0.02
0.06
0
1.47
1.37
3.01
1.73
0.07
0
5.07
3.2
8.67
10.53
2.57
3.09
7.22
3.21
2.16
3.41
0.21
0
0.77
0.89
0.02
0
0
0
0
0
0
0.05
0.01
2.2
0.73
0.13
0.02
0.01
0.11
6.02
1.64
0.06
0
0.14
0
0
0.01
0
0
0
0
0.01
0.2
0
0.02
0
0
0
0
0.83
8.35
4.2
0.79
0.3
1.67
2.77
3.8
1.87
3.03
5.77
13.7
18.62
0.82
1.57
0.59
0.21
0.05
0
0
0
0.02
0
0.23
0.03
3.8
3.99
1.38
6.85
0.12
0.93
3.8
3.1
2.75
0
0.76
0.02
2.57
0.08
0
0
0
0
0.01
0.02
0.55
28.58
11.43
0.04
0.18
0.66
0.71
2.55
8.38
11.95
3.4
0.41
0
0.03
0
11.31
11.75
2.23
0.02
0
12.7
16.25
10.2
6.8
5.6
5.42
4.73
8.79
3.42
3.56
2.18
7.03
6.22
13.81
2.66
3.29
1.52
1.7
1.47
0
9.17
1.31
13.98
15.92
5.62
2.06
3.26
2.66
4.23
6.11
6.85
1.36
0.3
13.17
3.39
0.58
2.32
1.53
0
0
0
0.01
0.12
0.73
2.09
0.17
0
0
0
0
0
9.91
11.12
16.66
6.89
0.17
0.01
0
0
0
0
0
7.71
3.83
8.25
8.13
11.94
0.2
0
0
0
0
0
0
0
0.01
1.3
0
0
0
0.01
0
0
0
0
0
0
0
0.09
0
0
0
0
1.18
0
0
0.01
0
0
0
0
0.01
0
0
0.2
0
2.17
0.18
0
0.01
0.38
0.05
0
0
0
0.02
0.04
0
0
4.85
7.51
0
0.21
0
0
1.82
2.98
0
0
0
0
0.04
0.11
0
1.59
19.46
4.55
0.86
0
0.99
0.7
0
0
0
0
0
0
0.01
0.09
0
6.52
0.37
0
2.93
1.77
2.02
0.2
0
0
0
0
0
0
0
0
0
0
0.02
0.94
0.04
0.01
0
0
0.08
0
0.02
0
0.06
1.55
13.1
7.64
3.87
0.46
1.59
0.28
0.17
0.11
0.56
0
0
0
0
0
0
0.04
0.32
0.97
1.33
0.01
0
0.29
2.29
3.97
2.21
0.14
4.69
5.42
13.29
8.13
1.88
0.14
0
0
0.12
0
0
0
0
0
2.02
0
0
0.02
0
0.05
1.03
3.02
1.42
1.78
1.31
1.14
2.11
16.23
3.46
0.71
1.72
0.28
0.06
0
0.13
0.07
0
3.69
2.32
0.25
0.81
1.36
4.38
2.27
0.71
5.78
3.22
0.77
1.02
3.75
4.26
0.04
0.05
0.2
0
0.02
0.38
0.25
0.08
1.27
4.43
6.54
16.15
7.52
8.45
3.5
0.79
0.67
0.38
5
4.15
18.51
0.6
0.95
0
0.56
5.52
2.05
0.69
0.49
0.39
0.01
0
0.01
1.8
0.1
0.2
0.52
0.04
1.72
5.75
1.26
3.43
12.77
3.59
5.53
3.26
0.27
0
0.43
5.05
1.71
0.8
1.81
5.3
0.3
0.48
0
0.85
0.56
0
0
0
0
0.02
0.01
0.01
0.01
0.23
0.32
1.26
0
0.07
0
0
0.26
0
0.04
0.3
3.34
0.8
4.04
0.94
0.07
0.02
0.01
0.13
0.04
0.01
0.34
0.48
0
2.33
1.55
0.95
0.2
1.82
0.22
0
0.07
0.36
1.22
5.69
7.02
0
0.28
0.16
0.26
0
0.02
0
0.42
4.08
4.82
7.03
0.32
2.49
0.24
0.3
5.42
0
0.16
0.22
0.04
0
0
0
0
0.04
0.66
1.33
0.66
0
0
2.61
0
0.6
0
0
0
0.02
0
0
1.49
5.02
5.1
0.76
8.58
2.58
1.48
1.24
2.44
9.07
3.36
0.01
0.18
0.06
2.96
0.05
1.03
0.09
0.09
0
0
0
0.23
0
2.08
0
0
0
0
0
0
0
0
0
1.94
0
0.05
0
0
0
0
0
0.56
3.07
2.09
17.88
4.3
2.05
0
0
0
0.7
0
0
0
0.57
1.07
0.43
0.12
0
0
0.41
0
0.05
0
0
0
0.01
0.03
0.01
0
0
0
0.34
0
0
0.17
0.76
0
0.18
0.34
0
3.54
19.6
4.73
7.81
5.42
0.55
0.23
0.63
0.77
0.04
0.08
1.76
0.23
0.01
0
0
0.19
5.2
29.28
15.02
10.8
1.78
0
5.17
1.45
0
0
0
0.02
1.13
0.64
0
0
1.86
13.68
3.05
0.52
1.34
8.16
1.52
7.7
1.43
0.73
0.01
0
0.18
1.05
2.53
3.14
0.03
0.09
0.1
0
0
10.47
3.47
0
0.08
0.28
3.89
2.63
3.41
10.16
1.84
0.12
0.46
0.47
2.66
0.29
0.01
0
0.03
0.02
0
0
0
0.76
0.14
1.82
2.29
0.29
0.07
0
0.04
0
0.11
0.07
1
0.16
2.19
0.63
1.39
6.03
0.81
0
0.79
6.08
3.1
0.2
0.64
0
0
0
0
0
0
0
0
0
0
0
0
0
0
1.48
4.33
6.81
1.51
0.1
0
0.66
0.03
0
0
0
0
0.01
0
0
0.14
0
0.11
0.11
2.02
1.69
1.27
10.35
3.48
0.09
1.59
2.21
3.41
1.4
0.26
0
0
0
0
0
0
0.05
1.18
3.61
0.39
0.09
0.14
0.18
0
0
0
0.4
0.24
0
1.04
1.48
3.46
1.54
1.84
0.28
0.11
2.2
1.08
0.37
0.29
0
0
0
0
0.29
0
0
0
0
0
0
0
0
0.01
0
0
0
0
0
0.01
0.41
0
0.23
0.18
0
0.13
0.41
0.35
0.16
5.25
2.09
0
1.45
7.63
0.4
0
0
0
0.56
0
0.05
0.28
0
0.43
11.83
3.44
0.63
0.11
0.48
0.29
0
0
0
0
0
0
0
0
10.68
7.9
1.37
0
0
4.9
0.43
0
0.1
1.74
0.19
1.3
1.81
0.42
0.17
0.09
0.01
0
0.23
0
0
0
0
0
2.06
0.98
4.24
7.1
5.46
1.04
0.03
0
0.37
0.91
0.07
0
0.08
0.15
0.01
1.55
0.29
3.2
17.88
11.94
6.7
8.53
5.73
0.97
1.22
13.31
7.69
6.09
4.91
1.73
5.22
4.45
2.7
0
0
0
0.24
0.71
0
0
0
0
0
0
0
0
0
0
0
0.01
0
0
2.04
0.29
0.37
0
0.01
1.12
5.71
3.05
0.71
0.89
0.52
0.14
0
0
0.08
0
0.01
0
0
0
0
0.32
0
0
0.11
0.12
0
0
0.01
0
0
0
0
0.02
2.7
8.36
0
0
0
0.48
0
4.13
0.86
1.12
0.13
1.02
0.4
0.4
4.82
0.34
0.86
0.98
0.01
0
0
0
0
0
0
0.34
0.13
1.96
5.18
0
0
0.4
0
0
0
0
0
0
0.21
0
0
0
0
0.14
0
0.36
0
0
0.64
0
0.09
5.97
0
0.32
0
0
0
0
0
0
0.15
3.65
0.88
4.42
0.66
2.66
2.84
5.77
0.54
3.57
15.48
4.04
0.18
0.24
0
0.29
0
0.14
0.1
0
0
1.48
6.16
0.29
4.91
6.8
0.94
10.16
7.6
0.4
0.12
0.06
0.18
0
0
0
0
0
0
0.13
0.2
0.38
0.56
0
0
0
0
0
0.03
0
0
0
0
1.77
0.07
0.18
0.19
0.13
0
0
0.07
0
0
0
0
0
0
0
0
0.13
0.81
7.85
4.3
2.76
7.03
5.62
7.57
5.96
0.52
0.27
0
0
0
0
0
0
0.94
0.26
8.33
5.21
4.55
4.4
5.59
0.1
0
0
0
0.08
0.05
0
0.17
0.1
0
0
0
0
0
0
1.42
1.39
0.2
3.3
0.6
0.23
0.8
0.13
4.42
0.85
0.31
0.06
9
0.5
0.32
0.2
0
5.1
3.69
1.86
0.93
2.45
3.42
1.78
1.1
5.99
0.02
0
0
0.55
0
0
0
0.11
0.52
0.21
2.71
0.8
1.05
0.45
0
0.32
0.58
2.82
11.49
6.78
5.27
3.25
0.09
0
0
0
0
1.98
23.51
6.16
2.63
1.44
1.49
2.42
1.8
1.6
0.38
0.32
0.13
0.01
1.03
12.53
6.03
0.81
0
0
0.01
1.37
8.02
7.91
2.84
5.71
1.48
2.05
0.24
0
0
0
0.04
0.07
2.49
0.29
1.89
1.48
3.38
5.34
1.2
10.17
13.27
1.46
0.23
6.8
5.89
1.4
3.21
0.52
0.01
0
0.12
1.5
0.16
0
0
0.01
0.18
0
0
0
3.15
0.66
0.09
0.05
0
3.1
10.75
1.78
0
0.01
0.55
0.03
0
0
0
0.01
1.59
0.52
0.29
0.02
3.04
0.57
0
0
0.48
3.78
2.52
9.8
6.48
3.04
0
14.79
0.52
0
0
0
0.07
7.32
0
2.38
0.64
0.16
0
0
0
0
5.27
6.79
1.11
0
0.01
0
0
0
0.02
14.59
18.45
5.81
0
0.01
0
0
0
0
0
0
0.01
0
0.01
0.07
0.14
0
0
0
0
0
0
0.01
0
0
0
0
0
0
0
0
0.16
0.94
0
0.41
0.52
9.18
29.8
5.42
0.5
0
0.48
0
0
0.02
0
0
0.01
0
0
0
0.11
0.02
0.39
0.44
0
0.09
0.02
0.12
0
0
0
0.73
2.98
8.08
10.45
0.36
0
0
0
0
0
0
0
0
0
0
0.63
0.07
0
0
0
0
0.6
3.95
0.09
0.02
0
0
1.77
0.89
0
0
0
0
1.87
5.93
0.5
0.02
1.19
13.59
2.77
0.03
0.24
0.01
0.01
0
0
0.61
0
0
0
0.07
0
0.28
0
0
0
0.21
0
0
0
0
0.09
0.21
8.74
1.87
16.03
0.64
3.3
0.26
0
0
8.54
3.3
0.09
0
0
0
0
0
0
0
0
0
0
0
0
0
0
0
0.01
0.33
0.04
0
0
0
0.03
0
0
0
0.01
0
1.26
3.59
0.24
0
0.03
0.03
0.03
0
0
0
0
0
0
0
0
0
0
0
0
0
0
0
0.89
0.36
1.8
3.64
1.06
0.37
4.38
1.15
0.05
0.79
0.31
0
0
0.04
0
0
0
0.05
0
0
0
0.36
1.2
4.75
0.1
0
7.46
2.09
5.54
0.71
0.13
3.8
0.07
0
0
0
0.09
0
0
0
0.02
0.02
0.71
0.17
0.39
0.95
3.7
3.54
3.55
1.02
0.7
0.04
0.8
6.19
2.31
5.25
3.84
2.06
0.87
0.35
0.52
0.65
5.52
2.48
3.44
0.51
0.27
0.05
0
0
0
0.74
0.01
0.13
13.52
1.62
2.41
4.4
0.16
2.91
8.93
4.45
0.33
0.04
0
1.86
0.04
0
0
0
0
0
0
0.49
33.83
4.06
0.15
0.37
31.64
0
0.79
0
4.18
0
0
0
0.2
0
0
0
0
0
0.23
1.16
0.57
0.72
11.53
1.78
0.33
0.91
0
0.6
0.57
0
8.37
16.89
2.48
1.81
10.71
2.52
0.56
0.21
6.18
32.01
5.82
0.07
0.69
2.02
9.14
0
0.06
0.01
0
0
0.23
10
6.88
19.18
2.7
12.56
3.26
4.09
5.5
11.16
0.18
0
0
10.53
6.27
2.47
2.81
7.94
0
0.27
0.52
0
0
0
0.01
0
0
0
0
0
0
0
0.09
0.11
0
0
0
0.02
0
0.01
0
0
0
0
0.03
0.12
0
0.2
0.02
3.68
0
0
0
0.03
0
1.13
5.71
10.06
1.06
0.01
0.02
0.5
0.42
0
0
2.02
0.34
7.82
13.4
0.41
0
0.03
0
0
20.92
3.79
1.11
0.01
0
0.03
0
0.27
0
0
0
1.14
0.01
0.11
5.54
1.82
7.25
4.39
5.41
0.99
0.91
0
0
0
0.04
2.16
22.48
11.71
1.65
0
0
0
0
0
0
0
0
0
0
0.84
7.4
2.64
0.35
0.03
0
0
0.52
0.16
0
0
0
0
0.01
0.22
0.12
3.9
6.76
1.03
0
0
0
0.38
0
0
0
0
2.47
0.77
0.05
0.02
0
0.21
0.45
0.65
0.07
0
0
0
0
0.18
0.18
0
0
0
1.14
0
0
0.43
7.42
2.08
1.18
0.65
0.12
2.02
0.66
0.03
0
1.33
1.48
0.01
0.09
5.63
1.3
0.4
2.11
3.42
0.9
0.06
0.32
0
0.04
0.09
0.05
1.39
4.87
6.07
1.26
13.82
3.01
1.55
0
0.13
0
0.02
0.02
0.16
0
0
0
0.61
0.11
0
0
0.2
0.04
0
0
0
0
0
0
0
0
0.02
0
0
0
0
0.01
0
0
0
0
0
0.01
0.01
0.03
0.13
0.31
0
0.8
0.3
5.48
3.95
2.07
0.37
1.36
3.16
6.63
17.73
7.42
1.19
0
2.46
2.24
0.64
0
0.52
0.18
0.06
0.05
1.29
5.46
2.09
0.26
0.07
0
0
0
0
0
0
0
0
0.01
0
0
0
0
0.07
1.13
5.07
0.7
0
0
1.9
0.26
0.45
1.25
0.26
0.02
0
0
0.02
0.75
2.25
0.38
0
0
0
0
0
0
0
0
0
0.24
6.37
25.62
9.52
1.27
0
0
0
0.01
0
0.12
0.02
0
0.41
1.8
12.1
1.76
1.8
0.04
0.65
1.38
0.87
0.21
0.37
0.23
2.2
2.3
0.61
0.14
0.01
0
0
0.01
0
0
1
7.4
11.85
3.61
0.33
0.13
3.06
1.6
0.11
0.09
0.82
3.82
0.67
0
0.09
0.09
1.06
0.18
2.8
1.98
7.41
20.84
5.56
0.57
0.16
0.07
2.96
0.25
0
0
0
0
1.89
2.31
0.02
0.05
0
4.05
3.05
2.02
0.79
5.28
13.59
0.05
2.14
3.87
1.42
4.36
0.82
0.8
4.58
2.43
0.83
0.87
0.11
1.63
1.86
3.45
3
3.4
0.52
0.07
0
0.59
1.87
4.02
0
0
0.02
1.21
1.29
2.02
0.41
0
0
22.87
0
0.04
0
3.58
0.21
0.02
0.02
0.15
0.63
0.91
0.63
0
0
0
0
0
0
0
0
0
0
0
1.51
2.21
1.38
0.05
0.05
0.11
0.02
0.89
12.54
0.46
0
1.72
2.25
19.18
17.27
6.63
0.6
0.11
0.05
0
0.1
0
0
0
0.07
0.95
1.41
1.67
0.01
0.82
7.11
1.18
0
0.01
0.04
0.02
0
0
0
0.13
0
0
0.14
2.02
2.17
5.13
0.88
1.32
3.99
5.68
2.61
1.52
0.26
0
0.47
0
0.02
0.09
5.47
20.34
5.74
0.82
3.98
0.56
0.57
0.13
1.98
0.85
1.09
0
0.1
1.46
1.86
0.48
0.01
4.52
3.39
0.19
0.07
0.07
0.12
0.59
0.97
0.41
0.17
4.04
1.3
3.33
13.76
4.72
2.23
0.06
0.02
0
0.03
0
0
0
0.03
0
0
0
0.02
0.02
0
0.04
0.01
0.01
0
0.4
2.05
0.77
1.79
1.03
2.3
9.4
5.43
0.66
0
0.01
0
0.03
0.05
1.21
0.03
0.09
4.18
6.05
10.65
5.17
1.32
0.21
0
4.55
3.3
0.27
0.39
0.78
1.85
8.11
9.55
3.91
7.45
0.51
0.68
2.15
14.87
4.69
0.21
0.64
9.15
1.19
0.84
5.66
12.3
3.65
0.72
0.06
0.44
0.54
8.95
5.54
4.09
0.62
0.23
3.42
2.59
9.5
8.38
1.04
2.41
2.88
0.38
1.7
4.97
2.59
0.15
0.08
0.07
0.36
1.61
2.91
7.25
4.18
0.91
0.09
0
0.02
0.06
2.34
5.3
12.91
3.32
1.23
2.73
1.88
0.24
1.3
0.4
0.99
0.01
0
0
0
0
0.52
0.01
0
0.13
1.46
7.3
2.75
0.01
0
0.01
0
0.04
0.15
7.41
3.3
0.24
15.08
4.56
0.59
0
1.38
0.33
3
0.68
0.22
0.05
0
0.2
0
0.2
0
0
1.5
0.59
0.22
0.07
0.02
0
0
0
1.46
4.36
2.32
2.52
0.2
0
0
0
0
0
0
0
0.02
0.05
13.17
4.19
1.27
0.05
2.28
4.72
0.55
1.85
0
0
0
0
0
6.13
0.27
0.18
0.61
5.85
4
14.13
9.39
1.15
4.12
9.41
1.66
1.41
3.88
0
0
0.03
1.97
12.87
7.95
7.31
2.72
0.37
0.18
0.23
1.64
0.19
0.91
4.17
2.25
0.23
13.88
0.43
0.02
0
0
0.3
0.27
1.83
0.48
3.2
10.7
2.77
0.01
0
0
0.11
9.83
0.4
0
0.01
0
0
0
0
0
0.15
1.75
0.2
0
0
0
0
5.41
14.74
1.09
0
0.07
0
0
0
0.44
2.2
4.68
0
0.55
0.33
9.47
8.98
0.81
0
0.18
0.01
4.25
0.54
0.01
0
0
0
0.52
0.02
0
0
0.02
0
0
0.08
0
0
2.64
9.77
0.52
0.82
0.3
0
0
0
0
0
0.02
0
0
0
0
0
2.95
0.44
0
0
0
0.02
0
0.01
0
0
0.17
0.02
0
0.79
9.32
0.3
0
4.86
0.35
0.17
2.28
7.67
1.15
0
0
0
0
0
0
0
0
1.56
9.31
2
4.45
9.4
0.41
0.02
0.02
0
0.01
0
0
0
3.89
0.62
6.14
1.24
1.8
1.93
0.52
0.74
0.16
0.03
0
0.03
0.02
0
0
0.01
0
0
0.27
1.62
0.33
0
0.01
0.01
0.02
0
0
0.02
0
0.02
0.59
2.87
0.64
3.02
0.6
0.07
0.06
0
0
0
0.19
4.12
3.3
8.54
2.07
0.16
0.12
0.65
2.69
1.17
22.49
5.39
1.12
0.39
0.13
0
0.07
0.12
0.47
3.82
0.92
0.02
0.41
1.53
5.74
1.11
0.08
0
0
0.38
0.74
8.41
4.33
0.34
0
0
0
0
0.01
0.02
0
0.03
0
0.02
0
6.55
5.08
1.66
1.06
2.57
0.25
0.69
1.04
8.45
1.48
1.57
0.71
0.97
2.25
2.7
0.14
3.79
12.5
1.86
0.22
0
0.04
0
0.04
0
0.02
0
0.05
0.52
2.33
7.19
1.31
0.17
0.09
0.11
1.63
2.69
0.48
3.22
10.23
2.29
0.72
1.19
3.95
4.2
18.7
10.6
10.31
4.76
2.41
13.87
8.54
6.23
1.21
0
0
0
0
0.02
0
9.7
1.48
1.05
0.19
2.34
1.63
0.24
0
0.02
0
0
0
0.02
0
0
0.04
0
5.15
0.92
0.87
3.96
0.6
0.02
7.1
1.48
0.12
0.38
0.29
0.86
3.2
6.9
0.5
0
0
0
0.01
0.02
0
0
0.15
0.08
0.03
2.34
2.31
17.77
7.79
3.86
8.25
3.3
3.63
0.06
0.34
2.22
4.42
1.81
0.33
0.14
0.9
1.64
1.33
0.01
0.37
0.25
0.01
0
0.56
0.18
0
0
13.67
10.18
8.76
21.2
3.61
2.61
0.57
1.09
9.42
3.88
2.13
0.21
0.18
1.87
1.83
0
0
0.85
1.94
0
0
0.2
0.02
0.45
9.1
0.16
0.34
6.48
1.56
5.75
9.4
1.62
0.29
0.02
0.01
0.03
0
0.17
0
0.91
9.48
10.55
0.38
0
0
0
0.16
0
0
0.01
0
0
0
0
0
0
0
0
0
0
0
0
0
0
0
0
0
0.03
0
0.38
0
0
0
0
0.18
0
0.02
0
0
0
0
0.36
0
0.01
4.16
0.02
0
0
0
0.01
1.13
3.97
1.32
1.04
1.36
0
2.05
0.05
0
0.43
5.82
0
0
0
0.33
0
3.63
5.01
0.72
0.03
0
0
0
0
0
0
0
0
0
0
0
0
0
0
0
0
0
0
0
0
0
0
0
0.14
1.09
0.4
0.09
0
0
0
0
0
0
0
0
0
5.72
1.14
0.58
0.02
1.63
1.05
0
0
0
0
0
0
0
0
0
0
0
0.38
0
0
0.19
0.12
0
0
0
0.09
1.3
0
0
0
0
0
0
0
0
0
0
0
0
0
0
0
0
0
0.96
1.75
0.09
0
0
0.45
4.55
6.81
3.3
0.01
0.64
3.56
3.64
1.7
1.45
8.89
6.77
10.61
3.07
5.06
0.61
0
0.32
0.49
1.21
1.23
0.22
2.66
4.23
5.14
2.66
3.71
0.81
1.8
9.71
1.05
0.71
0.13
14.37
2.04
0.32
2.45
3.54
0.87
0.33
3.32
0
0.53
0.03
0
0.02
0.01
0.9
4.92
7.29
1.32
9.08
0.74
0
0
1.68
8.54
16.6
9.59
3.07
0
1.33
1.75
4.15
2.25
13.64
8.19
2.93
7.11
2.46
9.04
11.03
6.91
8.46
6.8
9.67
3.28
0.42
0.01
0.09
0.05
0.01
0
0.1
0.76
0.22
0.26
0
0
4.36
0.23
0.05
0
0.24
0.27
1.94
6.77
7.29
0.3
0
0
0.01
0.39
0.98
1.07
0.73
1.89
7.13
6.57
4.27
0.97
1
2.52
1.91
10.49
4.18
1.77
2.74
0.56
0.64
0.43
0
0.27
1.96
9.2
2.76
0.27
0.19
2.14
4.82
5.74
1.29
0.75
3.73
15.11
2.4
0
0
0
0
0
0
0
0
0.13
0.03
0.19
0
0
0.02
0.01
0
0
0.06
0
2.68
0.32
3.23
5.09
0.34
0
0
0
0
0.01
1.5
0.19
0.05
0
0
0
0
0
0
0.01
0.01
0.54
0
1.36
2.34
19.87
47.03
12.91
0.41
0.29
7.24
0.58
0.54
1.95
10.74
2.49
0
0
0
0
0
0
0
0
0
0
0
0
0
0
0
5.37
2.63
16.04
11.99
2.87
2.98
4.18
1.5
7.45
2.73
0.63
0
0
0
0
0.89
2.6
0.03
0
0
0.13
0
0
3.77
0.33
0.07
0
0.72
0.01
0
0
0
0
0
0
0.02
0
0
0
0
0
0
0
0
0
0
0
0
0
0
0
3.34
0
0
0.06
0
0
0
0
0
0
0
0
0
2.02
1.21
0.15
16
1.63
6.33
0.57
0.08
1.85
14.17
1.54
0.43
1.09
0.32
0
0.11
0
0
1.96
6.22
2.7
8.59
16.28
1.8
0.35
0.22
0.03
0
0
0
0
0
0
0.04
0
0
0
0.33
0.11
0.57
0.52
0.37
12.71
5.12
3.22
14.29
3.6
6.62
9.88
0
0.27
0.01
0.01
0.25
0.97
4.05
2.42
0.49
3.36
14.49
29.44
5.46
0.61
0.16
0
0
0.02
0.45
0
0
0.92
1.05
0.11
2.41
0.51
0.14
1.2
5.43
12.59
1.41
0.2
0.79
0.21
0.5
1.82
0.82
0.01
0.14
0.03
0
0.01
0
0
0
0
0
0
0
0
0
0.75
0.33
0.99
0.2
0.1
0.19
0
0.5
0.07
0
0.01
0
0
0
0.05
0.15
1.86
5.38
6.4
5.76
0.36
0.16
0
0.79
1.92
0.77
0
0.02
0
0.93
0.21
0
0.66
2.66
4.21
6.52
0.41
0.93
2.73
0.26
0.74
0.29
0.28
0.17
0.2
0.88
0
0.65
0
0.71
0
0.01
0
0.94
0
1.26
1.66
0.21
0
0
0
0
0
0
0
4.19
0
0.01
0.19
0
0.18
1.05
0.42
0.14
0.8
0.66
0.53
0
0.99
1.28
3.59
9.11
10.88
2.54
0
0.02
0
0.03
2.82
5.13
0.77
0.5
0
0.01
0
0
0.03
0.2
1.27
1.04
0.31
0
0
0.05
5.16
3.99
13.01
3.14
0.21
0.14
2.01
0.02
0.13
1.08
1.57
0.68
0
0.01
0.71
0.02
0.47
0.02
0.02
0
1.03
0
0.01
0.02
0
0.48
1.46
1.07
1.76
3.14
1.72
0.42
0.68
0.02
0
0.5
0.58
0.03
0
2.2
5.34
6.66
2.29
0.38
0.5
8.2
2.23
8.28
3.95
0.53
0
0
0
0.81
11.84
4.7
6.8
1.42
0.08
0.39
0
0.01
0
1.12
0.45
0.08
1.3
2.54
8
15.54
2.14
0.82
0
0.03
0.08
0.29
0.96
0.18
1.1
1.26
5.23
6.76
5.32
0.72
15.61
7.63
3.29
0.19
0
0.13
0
0
0
0.01
0
0.11
0.14
0
0.41
0.01
0
0
0
2.44
0.46
0
0
0
0.04
0.11
1.38
1.63
1.44
0
0.35
0.09
0.2
0
7.13
3.96
0.27
0
0
0.15
0
0
0
0.09
0
0
0
0
0
0.11
0
0.01
0
0
0
0
0
0
0
0.13
0
0
0
0
0.08
0
0
0.12
6.91
4.68
0
0
1.21
1.11
4.33
0
0.2
0
0.01
0
0
0
0.31
0.08
0.33
0.23
0
0
0.32
4.28
0
0
0
0
0
0
0
2.16
0.68
0.94
1.99
1.59
0.11
0
0
0
0
0
0.34
7.23
0
0.65
0
0.44
0.07
0.02
0.04
0.34
0.23
2.51
0.23
0
0
0.16
0
0.01
1.98
8.32
4.07
0
0
0.07
0
0.19
0
8.55
0.27
0.55
0
1.23
0
0
0
0.16
1.3
0.47
2.44
0.32
2.78
2.05
16.73
0.83
0.54
0.79
3.85
0.24
0
0.96
0.95
0.02
0
0
0
0
0
0
1.15
1.2
4.57
1.12
0
2.58
1.11
0.13
0.57
1.23
0
0.07
0
0
0
0.74
0.02
0.04
0.01
0.43
0
4.38
0.09
0.97
0.16
2.77
0.38
0
0
0
0
0
0.04
0.2
0
0
1.02
0
0
0
0
0
0
0.09
0
0.09
0.51
1.96
0.93
3.77
0.21
0.04
0
0
0.15
0
0.63
0.08
0
0
0
0
0.05
0.03
0
0
0
0
0
0
0.02
0.07
0.31
0.23
0
0
2.69
6.26
4.71
0.09
0
0.34
0.04
0
0.02
0
0.07
0.71
0.57
0.03
0.12
0
0
0.05
1.62
1.93
1.25
0.21
0
0
0
0.19
0.02
0
0.46
0
0
0
1.18
0.1
0.87
0.13
2.41
0.85
0.04
0
0.06
0.82
1.5
0.05
0
0
0.28
2.54
1.12
3.91
2.34
0.38
0.21
7.73
1.64
2.89
0
1.1
0.16
0.7
1.55
3.75
0.5
1.65
3.99
0.61
5.4
2.04
0.04
0.31
0
0
15.3
35.68
6.55
0.54
5.25
2.12
8.9
1.34
0.03
0
0
2.88
0
0
0
0
4.27
2.55
9.11
2.09
3.9
0.25
0
1.56
0.65
0
0
0
0
0.3
0.14
0
0
0
9.28
2.28
0
0
1.03
0.63
0.43
0
0
0.85
0
0
0
0
0
0
0
0
0
0
0.02
0
0
0
0
0
0
0.01
0
0
0
0
11.41
24.26
5.53
3.2
0
0
5.62
0.32
1.31
0
0
0
0
0.71
0
0
0
0
0
0
0.82
0.32
0
0
0
0
0
0
0
0
0
0
0
0
0
0
2.39
5.03
0.23
0.81
0.35
6.7
15.94
2.2
2.08
0
0.68
0
0
0
0.02
0
0
0
0
0
0
0.02
3.33
0
0
0
0
0
0.48
2.57
0.23
0.3
0.06
0
0.01
0
0
0.01
2.57
16.55
0.15
0
0
0.01
0
0
0.79
3.18
0.19
0
0.02
2.5
5.4
5.66
0.03
2.06
6.15
8.11
0
0.02
0
5.02
0
1.54
0
0
0
0
0.79
0.12
0
0
0
0
0
0
0
0
0.29
0.44
0.41
1.86
0.73
0
0
0.15
0.51
0
0
0.04
0
0
0
0
0
0
0
0
0
0
0
0
0
0
0
0.19
0
0
0
0
0
0.75
0
0.17
0.02
0.36
0
0
0
0
0
0
0.01
0.11
0
0
0
0
0
0
1.48
0.69
1.56
0.96
1.82
0.21
1.1
1.71
9.95
3.16
0.31
2.14
3.84
6.29
13.06
1.36
1.34
2.59
5.94
19.18
11.5
12.02
3.68
0.49
0
0.04
0
0.04
0
0.01
0
0.03
0
5.11
1.12
0
0.94
0.41
1.73
1.84
0.41
0.27
1.37
0.17
0.02
0.59
1.48
0.33
0.2
0.16
0.07
0
0
0
0
0
0
0
0
0
0
0
0
0
0
0.52
4.13
0.41
17.31
5.85
1.51
5.88
1.41
0.1
6.34
2
2.03
1.57
0.9
0.51
0.66
0.12
0
0
0
0
0
0.04
0.1
0
0
0
0
0
0
0
0
0
0.3
0
0
0
0.01
0
0.04
0.05
0.01
0.98
0.22
0.54
11.87
1.78
8.14
2.45
0.09
0
0.62
1.54
0
0
0
0
0
0.74
0.68
0.11
0.02
0.08
23.37
2.66
5.61
0.53
0
0
0.27
0
0
0
0
0
0
0
0
0
0
0
0.07
0
0
0
0
0
0
0
0
0
0
25.87
6.35
4.5
3.25
1.08
0.92
0.23
0.59
0.03
0.16
4.46
2.27
16.67
14.6
1.2
30.7
0.93
4.86
14.07
3.99
0.66
0
1.76
0
4.5
6.45
0.9
0.2
0
0.5
0
0
0.01
0
0
0
0
0
0
0
0
0.02
0
0
0
0
0
0
0.18
8.63
0.54
0
0
0.17
0
0
0
0
0
0
0
0.01
0
0
0.07
5.66
0
0
0
0
0
0
0
0
0
1.57
17.44
0
0
0.03
0.01
0
0.02
0
0
0
0
0
0
0
0
6.34
0.12
0
0
0
0
0
0
1.27
1.46
0.11
0.3
1.79
12.34
1.24
0
0
0
0
0
0
1.08
0.02
0
0
0.01
0.59
9.75
1.05
0
0
0
0
0.09
0.59
1.18
11.3
0.09
0.09
0
0
0
14.65
0.68
0
0.99
7.84
0.12
0.15
0.01
0
0
0
0
0.02
0
0.27
0.38
0
0.06
4.72
0.41
1.08
0
0
13.2
9.64
5.28
3.62
17.5
0.8
0.15
0
0
0
0
0
0
0
0
0
0
0.36
0.74
12.58
28.89
4.41
0.3
0.01
0
0.59
4.84
0.93
0.26
0.34
0
0
0
0
0
0
0
0
12.52
6.7
0.96
0.27
0
0
0
0
0.09
0
0
0.11
0.02
0.54
0.47
1.13
0.41
4
3.48
0.23
0.16
0
1.24
0.52
0.23
2.9
1.73
0.23
3
3.09
0.15
0.12
0
0.04
0
0
0
0
0
0
0
0
0
0
0
0
0
0
0
0
0.02
0
0
0
0
0
0
0
0
0
0
0
0
0
0
0
0
0
0.01
0
0
0.14
0.07
0.05
0.61
0.81
1.14
0.38
0.09
0
0
0
0.04
0
0.02
0
0.01
0
0
0.07
0.05
0
4.38
0.45
0.04
0.09
0
0
0
0
0
0
0
0
0
0
0
0
0
0.44
0
0.01
0.07
0
0
0
0.02
0.05
0.82
2.82
0.12
0.26
1.69
0.04
0
0.18
2.59
1.3
0.73
0.02
0
0
0
0
0
0
0
0
0
0
0
0.13
0.51
2.55
2.22
0.63
5.46
0.38
6.06
1.14
17.19
4.55
1.07
0.35
0
0.13
10.1
1.4
0.01
0
0.01
0
0
0.01
0.05
0
0
0.11
0
0.91
0.63
0
3.62
0
0.01
0
0.04
7.88
0
0
0
0
0
0.01
0
0
0
0
0
0
0
0
0
0.33
0
0
0.08
0.09
0
0
0
0
0
0
0
0
1.46
0.27
0.94
10.08
3.99
16.57
1.97
1.38
0.18
0
0.05
0
0
0.34
7.46
3.78
5.15
0
0.08
0
0
0
0
0
0
0
0
0
0
0
0
0
0
0
0.01
0.02
0
0
0
0
0
0
0
0
0
2.66
5.08
2.65
0.42
3.34
1.86
0.12
0.38
0
0.25
0
0
0.5
2.1
0
0.12
0
0
0.04
26.56
3.65
0.47
1.78
11.98
4.02
4.91
0.71
0.27
6.21
0.56
0
0
0
0
0
0
0
0
0
0
0
0
0
0
0
0
0
0
0
0
0
0
0
0
0
0
0
0.16
0.13
0
0
0
0
0.06
0
0
0
0
0
0
0
1.63
0.08
0
1.3
0.26
0
0
0
0
0.07
0
0
0
0
0
3.07
12.14
1.54
0
0
0
0.01
0.63
1.9
7.75
0.72
0.1
2.4
2.89
0.13
0
0
1.47
3.21
2.68
7.2
0.32
1.42
3.66
2.96
0.84
0.54
0
0.55
0
0
0
0
0
0
0
0
0
0
0
0
0
0.29
0
0.41
0.81
0.13
2.13
2.41
2.71
5.43
18.41
6.87
16.61
3.9
0.38
0.11
0.01
0
0
0
0.09
0
0
0
0
0
0.74
0.6
0.38
1.99
1.39
3.46
1.33
0
0.02
0.02
0
0
0.78
0
0.09
0.94
0.63
4.09
4.95
2.09
2.56
0.67
0.04
1.84
0.16
0
0.21
1.36
0.13
2.66
0.61
0.59
0.02
0.21
0
0
0
0
0.01
0.02
0.01
0
0
0
0
0
0.06
0.01
0.14
0
4.61
1.08
0.06
0.17
0
4.21
9.95
2.61
1.79
0.06
0.07
0
0
0
0
0
0.01
0.03
0
0
0.38
0.76
0.8
2.98
0.72
1.02
1.8
2
8.5
0.76
0.91
8.34
1.45
0.12
1.21
10.41
0.67
0.49
14.24
1.61
2.09
8.64
0
1.02
0
0
0
0
0
0.11
1.76
0.46
6.8
2.34
0.04
0
0.01
0
0
0
0
0.57
1.06
0.67
0.19
0
0.23
3
7.46
4.34
2.34
1
0.34
3.33
8.05
18.82
8.74
0
0.1
0
0
19.59
19.12
17.59
5.09
3.39
4.16
0.83
11.22
7.67
5.81
3.13
3.88
2.77
8.34
0.91
4.5
0.23
0
0
0.21
5.19
10.39
10.41
4.12
1.66
0.48
0.03
0.01
0
0
0
0
0
0
11.18
0
5.1
0
0.24
0
0
0
0
0.87
0
0
0.08
0
0
0
0
0.05
0.04
0
0
0
0
0
0
0
0.03
0
0
0
0
0
0.01
0
0
0
0
0.1
0
0
0
0
0
0
0
0
0
0
0.01
0.04
0.02
0
0
0
0
0
0.02
0.72
0.41
0
0
0
0
0.01
0
0
0
4.87
0
0
0
0
0
0
0
0
0
0
0
0
0.1
0
0
0.65
0.09
0
0
0
0.02
0
0.34
0
0
0
0
0
0
0
0
0
0
0
0
0
4.73
3.42
0
1.56
3.2
1.92
5.87
1.84
0.09
0.01
0.01
0.01
0
0
0
0.16
0
0.46
0
0.02
0.04
1.23
0.61
0
0
0
0
1.09
7.46
0.84
0
0
0
0
2.37
1.84
0.35
3.13
0.82
0.18
11.3
19.58
8.05
12.88
9.33
3.73
26.78
3
10.81
3.55
1.74
11.25
2.4
1.59
0.7
0.38
0.4
0
0.5
0.66
0.13
0
1.06
11.9
6.55
2.07
0.08
0.02
0.3
0.18
0
0.22
0.18
0
0
0.35
3.39
0.09
0.31
0
0.04
4.48
0
2.59
0.12
0.31
0.08
0.11
0
0.41
1.61
0.09
0
0
0
0
0
0
1.41
2.56
0
0.82
0.09
0.12
0.17
0
0.01
0.47
0.41
1.2
0.47
4.1
0.35
0.04
7.14
6.51
2.62
6.32
0.45
6.02
1.09
0.18
0
0
0
0
0
0
0
0
0
0
1.82
2.52
8.07
13.11
3.9
1.36
0.27
0.01
0.27
1.58
7.41
1.34
0.09
0.63
2.33
0.39
0
0.06
4.32
0.67
0.77
0.38
3.8
0.5
0.55
1.07
1.23
0.09
0
0
0
0
0
1.55
0.16
0.53
0.03
0
0
4.5
13.05
3.14
7.03
3.27
0.21
0
0
0
0.42
0.16
0
0
0
0.01
0
0
5.57
2.68
1.86
2.77
9.6
2.2
0.32
0
0
0
0
0
0
0
0
0
0.13
9.91
3.4
0.1
1.64
0.11
1.14
1.48
0
0
0
0
2.49
0.24
0
9.84
1.71
2.18
0.54
0.98
0
3.15
2.01
6.39
6.21
8.84
5.55
0.02
4.97
1.49
5.34
0.16
4.53
12.8
1.68
1.43
2.21
0.34
1.79
0.84
0.17
0.37
6.65
0.48
1.43
3.05
0.09
0
0
0
0
0
0
0.01
0
0.01
0
0.12
0
0.07
1.05
0
0
0.02
0.57
0.27
7.82
2.86
0.46
5.87
0
0.01
0
15.07
7.53
0.67
0
0
0
0.14
0
0.02
0
0
0
0.02
12.19
0
0
0
0
0
0
0
0
0.14
0
0.45
0.01
0
0
0.01
1.88
0.8
0
0
0
0
0
0
0
0
0
0
0
0
0
0
0
0
0
0
0
0
0
0
1.5
0.54
0.05
0
0
0
0
0.01
0
0
0
0
0
0.02
0.51
0.05
0
0
2.9
0.02
0
0
0
0
0
0
0
0.07
0.13
0
0
0.8
0.15
0.11
0.31
0.88
0
0
0
0
0
2.96
0.15
0
0
0
0
0
0
0
0
0
0
0
0.04
0
0
0
0
0.01
0.2
4.04
2.41
0.02
0.14
0.62
0
0
0
0
2.77
2.48
2.42
3.64
2.28
0.25
0
0
0.01
2.56
3.72
0.03
0.18
1.5
0
0.04
0
0
0
0.04
0.01
0
0.58
4.74
5.39
2.33
0.02
0
0.15
0
0
0
0.27
4.06
0.05
0
5.71
0.02
0.02
0
0
0
0
0
0.09
0
0
0
0.02
0
3.99
2.23
8.91
1.46
1.88
6.48
8.16
10.11
2.66
1.11
2.6
3.64
1.27
0.65
3.02
1.11
1.07
0.1
0.07
0
0
0
0
0
0
0
0
0
0
0
0
0.02
0
0.11
0
0.02
0.08
3.29
8.16
6.94
6.18
1.73
0.99
2.29
2.86
0.57
0
2.73
4.23
0
0.11
0.01
1.51
8.84
7.63
5.61
7.24
4.81
4.33
0.36
4.13
1.34
1.03
1.5
7.31
0.52
1.12
0.71
0.65
3.88
0.63
0.19
0.26
1.77
0.45
3.84
0.7
0.7
0.7
0.2
1.57
11.56
0.63
1.48
0.26
0
2.13
0.31
2.43
0.35
0.35
0.01
0
3.45
0.29
0.58
0.74
0
0
0
0
4.07
0.63
0.32
2.3
4.9
3.48
1.92
0.68
2.41
12.24
3.08
1.16
0.51
0.59
2.11
1.05
0.43
0.5
0
5.86
1.49
3.61
6.84
8.89
5.8
8.84
0.7
0
0
0
4.61
0
0.38
2.52
0.71
0
0
0
0
0
0
0.61
0
0
0
0.01
0
0.12
0.08
0.1
2.33
0.04
0.27
6.57
6.38
5.29
7.59
3.89
0
0
0
0
0
0
0.03
0
0
0
0
0.02
0
0
0
0.07
4.53
5.64
8.75
0.59
9.7
18.89
1.52
0
0.01
0
0
0.17
0
0
0.27
0
0
0.9
0.27
0
0.02
0
0
0
0
0.04
0
1.71
0
0
0
0.5
0.01
0
0.4
0.56
0
0
0
4
9.45
0.44
0
0
0
0.01
0
0
0
0
0
0
0
0
0
0
0
0
0.04
0
0
0
0
0
0
0
0
0
0
0
0
0
0
0.69
0
0
2.28
14.17
0.16
0
0
0.08
4.19
0
1.12
0.75
1.67
1.87
28.24
0.44
0
0.02
0
0.1
12.54
10.91
0.89
4.07
0.12
6.23
14.6
0
0
0.32
0
0
0
0.27
6.59
0.93
0
1.4
0.18
0.84
1.93
0
0
0.11
10.54
8.91
7
3.13
2.12
8.25
5.17
3.59
0.03
0
0.26
0.23
4.26
6.96
0.5
0
0
0
0
0
0
0
0
0
0
0
0
0
0
0
0
0.09
0.35
4.29
13.75
8.06
0
0.41
0.4
0.16
0.01
2.61
0
0.07
0
0
0
0
0
0
0
0
0
0
0
0.38
0
0
5.27
0.34
0.01
0
0
11.2
0
0
0
0
0
0
0
1.17
1.66
3.38
2.34
0.07
2.25
0.64
0.7
0.03
0.05
0.11
0
0
0
0
0
0
0.11
0
15.05
2.35
1.1
7.3
9.8
1.96
0.72
0.58
0.08
0
0
0
1.29
1.84
0.18
0
3.95
11.44
7.76
6.03
13.96
8.74
1.59
0.3
3.32
1.54
0.61
0.02
0.05
0.02
0
0
3.48
9.17
0.14
0.1
0.21
0.57
11.11
8.57
3.64
0.88
0
0.04
0.19
0.02
3.52
3.78
0.62
0
0
0
0
0
0
0
0
0
1.04
2.36
0
0.01
0
0
0.05
0.03
0.01
0
0
0
0
0.61
0
0.03
0.13
0.68
0
0.14
2.15
0.55
0.46
0
0
13.13
7.02
9.13
1.21
0.84
11.64
7.09
0.83
0.01
0.02
0
0
0.01
0.04
0
0
0
0
0
0
0.02
0.22
2.65
0
0
0
0
0.05
0
0
0
0
0
0
0
0
0
0.61
0.53
2.36
0.23
0
0
0.06
8.61
1.31
0
0.02
2.45
0.21
19.91
7.74
0
0
0.72
4.11
0
0
0
0
0
0
0
0.01
0
0.54
0.54
0
0
0
0
0.04
0
4.06
0
0
0
0
0
0
0
0
0
2.12
0.68
0
0
0
9.63
0.96
0
0
0
0.27
9.79
5.69
9.9
2.31
2.35
0.06
0.34
0
24.67
5.16
0.35
0
0.1
0
0
0
0.01
0
0
0
15.02
0
0
0.07
1.88
0
0
0
0
0.06
2.98
0.01
0.01
0
0
0.01
0.55
0
1.22
0
0.02
0.06
0
0
0
0
0
0
0.05
0
0.07
0
0
0.38
0.04
0.68
0.03
0.23
0.05
4.13
1.39
2.18
0.02
0
0
0
0
0
0
0
0.01
0
0
0.01
0
0
0.2
2.3
0.27
0.22
0
1.47
1.3
0.34
0
0.03
1.66
0.23
17.06
13.55
0.34
3.49
4.43
1.73
0
0.55
19.38
17.13
0.65
0
0.02
0
0
0
0
0
0
1.16
0.24
13.38
11.07
1.84
0.21
0.32
6.1
0
0
0
0
0.03
0.3
5.01
0.12
0.04
0.73
17.28
8.13
0.28
0.02
0
0
0.91
0.13
0
0
0
0
0
0
0
3.18
5.8
3.02
1.34
0.41
0.01
0.05
0.06
0
0
3.64
4.8
2.11
2.77
0.05
0.35
2.43
2.05
3.45
14.82
1.65
11.41
3.25
0.84
0.47
0
0.02
0.06
0.03
0
0
0.03
0
0
0
0
0
0
0.2
6.13
0.22
0.85
0.75
0.27
3.47
0.41
0.07
0.01
0.01
0.95
11.62
0.77
1.89
0.77
4.79
4.15
23.41
1.7
3.07
0.59
0.01
0
0
1.59
3.31
0.48
1.16
2.5
13.65
0.14
0.04
1.26
0.01
0.91
1.3
0.24
7.45
0.48
0
0.18
0.13
0.13
0
0
0
0.35
1.59
0.63
0
0
0
0.01
0
0.26
0.55
1.77
0.17
1.36
0
0
0.03
0
0.14
3.59
1.5
0.13
0
0
0
0
0
0
0
0
0
0
0
0
0
0
1.75
0
0
0
0
0
0
0.17
0.88
0.62
0.04
0.3
3.48
13.47
6.95
6.73
1.88
0.16
3.84
0.85
3.36
14.27
1.25
0.48
1.56
9.4
2.07
1.03
2.69
6.9
0.88
0.13
4.75
1.42
1.15
13.7
11.95
0.92
1
0.51
0.07
3.66
2.81
1.96
5.99
1.54
0.12
5.09
4.17
2.24
2.03
3.59
9.77
10.25
3.3
0.86
4.18
0.51
0
0
0
0.38
1.91
8.02
3.93
2.98
3.57
1.43
0
0
0
0
0
0
5.21
1.26
0
0.02
0.03
15.57
19
0.81
0
2.2
1.12
1.44
16.66
3.27
6.91
0.03
0
5.78
10.1
3.4
10.13
2.64
0.05
14.66
5.11
13.55
15.49
7.21
0.7
1.28
0.88
3.37
0
0
0
0
0
0
0
0
0
0
0
0
0
0.44
0
0.03
0
0
0.89
0
0
0
0
0
0
0.02
0
0.02
0.54
0
0
0
0
0
0
0.04
0.02
0
0
0
1.2
4.39
0.16
0.01
0
0
0
0
0
0.01
0
0
0
0
0
0
0
0.12
1.17
0.15
0
0
0
0
0
0.11
1.98
6.05
1.14
0
0
0
0
0
0
0
0
0
0
0
0
0
0
0
0
0
0
2.92
0
0
0.63
0.03
0.01
0
0
0
0
0.61
3.57
0
0
16.44
17.96
5.12
3
3.33
1.97
0
0
0
0
0
0
0
0
0.09
0
0
0
0.02
0.05
0.08
0.2
0
0.02
1.04
1.27
0.2
0.01
21.64
3.73
0.75
0
0
0
0
0
0
0
0
0
0
0
0
0
0
0
0
10.06
2.25
0.23
0.02
0
0
0.6
0
0
0
0
0
0
0
0
0
0
0
0
0
0.55
0
0
0
0
0
0
0
0
0
0
0
0
0
0
0
0.02
6.47
0.34
0
0.02
0
0.05
0
0
0
0
0
0
0.01
1.33
0.99
0
0
0
0
0
0
0
0
0
0
0
0
0
0.08
0.57
0
0.01
0.01
0.17
0.95
0.83
0.02
0
0
0
0
0
0
0
0
0
0
1.26
7.74
13.59
20.73
7.29
10.09
1.9
0.85
0
0
0.13
0
0
6.24
5.26
0.06
0
0.05
0
0.05
0
0
2.37
5.06
0.43
1.17
0.17
0
0
0
0
0
0
0
0.04
5.06
25.97
6.51
0
9.31
5.55
9.04
2.1
1.73
3.58
2.79
0.49
0
2.52
6.78
5.5
0.04
0.45
0.03
0.01
0
0.11
1.38
1.35
9.76
3.21
8.29
8.08
1.14
1.49
0.47
0.37
0
0.01
0
0
0
0
0.05
0
0.08
0
0
0.04
3.81
10.74
0
0
0
0
1.28
0.17
0.59
6.05
16.02
6.04
22.26
1.05
15.16
5.04
7.33
10.62
4.52
7.66
0.88
11.38
0.46
0
0
0
0
3.53
0.13
0
0
0
0
0
3.36
0.46
2.31
22.22
4.77
0.56
0.01
1.82
0
0.64
0
0
0
0
0
0.01
0.01
0
0.53
13.14
0.08
0.46
0
0
5.14
0.97
0.91
0.02
0
0
0
0
0.01
0
0
0
0.2
2.02
0
0
0
0
0
0
16.66
1.32
0.58
0.5
0.27
8.3
0.99
0
0
0.79
1.21
0.04
0.39
0
0.01
0.02
0
0
0
0
0.02
2.04
1.21
0
0
0.13
0
0
0
0
0
0
4.02
0.34
0
0.05
0.6
3.55
1.09
1.03
3.45
7.21
9.73
0.61
0.05
0
0
0
0
0
0
0.43
0
0.3
0.08
0
0
0
0
0
0
0
0.01
0
0
0
0
0.01
0.14
0
0
0
0
0
0
0
0
0.43
0.46
0.07
5.22
0.45
0.02
0
0
0
0.02
0
0
0
3.94
0
0.08
0.09
0
0
0.79
0.51
0
0.84
0.27
0.16
0.01
0.22
1.18
0
0
1.92
1.49
4.74
6.47
1.71
1.38
7.33
5.5
5.91
5.47
3.02
1.68
4.59
7.69
4.11
1.77
0.82
2.82
0.78
0.34
0.3
1.81
0.61
3.96
2.09
1.69
9.17
2.35
0.34
4.8
4.37
1.5
1.7
15.46
19.23
11.52
1.43
0.99
6.07
2.58
0.22
0.19
0.8
8.75
2.45
0.75
0.3
0.15
0.3
4.25
0.95
4.89
2.58
0.33
0.8
2.88
0.33
0.8
0.21
0.08
0.01
0
0.15
0.04
0
0
0
0.12
0
0.19
0.05
0
0
0.01
1.89
3.43
7.19
1.89
1.73
3.95
1.85
0.32
0.1
0
0
0.01
0.06
0
0
0
0.04
0.09
0.01
0.05
0
0
0
0
0
0
0.25
0
0
0.05
0
0
0
0
0
0.09
0.11
0
0.02
0
0.07
1.73
0.3
0.04
0.53
3.09
1.58
0.34
0
0
0
0.01
0
0
0
0
5.34
1.73
0.14
0
0.02
0
0.3
0.1
0.23
1.71
1.41
1.09
3.63
6.64
5.41
0.81
0.82
1.64
0.56
0
0
0.06
1.36
0
0
0
0
0.06
1.5
0.36
0.34
0.37
0.86
0.07
0.38
0
0
0
0.01
0.36
0
0
0
0
0
0.72
0.38
0.35
0
0.03
1.28
0.01
0
0
0.05
0
0.72
8
0.5
0
2.88
3.25
0
0.47
2
0.37
0
0
0
0
0
0
0
0.14
0.21
0.02
0
0
0
1.52
3.79
0.69
6.04
3.3
1.07
0.04
0
0
0.03
0.02
0
0
0
0
1.82
0.03
1.65
0.94
0.34
0
0
0
0
0.01
0.01
0.03
0
0
0
0
0
2.87
1.72
0.46
0
0.02
0
0
0
0.89
0
0
0.32
0
0.35
0
0
1.95
0.13
0
0
3.25
7.02
0
0.84
0.07
0
0.87
0.27
0
2.92
0
1.8
1.38
0
0
0.25
0.02
0.24
5.11
3.61
0.43
0.03
0.04
0
0
0
0
0.05
0
3.02
0
0
0.7
0
0.12
0
0.02
0.24
22.32
13.46
0.11
0
0
0
0
0
7.33
0.43
1.52
3.13
3.5
0.33
0
0.04
0.12
4.23
0.26
0
0.24
22.25
0.61
0.89
3.68
3.23
2.26
0
0
8.86
1.25
0.09
0
0.73
0.53
0
0
0.64
1.77
1.22
3.64
0.88
2.56
22.03
15.22
4.17
2
0.03
0.26
2.04
2.28
0.92
2.23
8
0.54
0
0.1
0
0.02
0.21
5.61
10.85
0.52
0.95
0.15
0
0.01
0
0
0
0
0
0
0
5.34
1.42
2.2
9.1
1.33
1.25
0.72
0
0.07
0
0.01
0
0
0
0.08
0.14
0.32
14.54
4.2
2.96
0
0
0.27
0
0
0.2
0.12
0.73
0.21
0
0
0
0
0
0.86
0.46
0.9
0.36
0.1
0
0.01
0
0.07
0
0
0
0.66
6.42
0.62
0.3
0
0.01
1.98
0.1
0.02
0
0.03
0.86
0.04
0.01
0.25
0
0
0.15
0.01
1.88
3.59
0.17
0
0.1
0.23
1.53
8.49
9.39
3.98
0.11
0
5.27
2
0.63
5.37
0.23
0
0.5
0.23
1.27
0.51
5.01
6.14
2.13
1.11
0.78
0
0
0
0.01
0
0.61
1.98
8.13
1.47
0
0.44
0.59
2.35
5.46
7.64
4.96
6.26
0.49
0.31
3.56
1.71
0.07
0.67
1.69
3.51
0.77
0
0.02
0.23
0.17
4.25
6.29
7.79
9.26
1
0
0.01
0
0
0
0.32
2.64
6.05
0.59
0.11
0
0
0.05
0
0.01
6.95
39.71
10.08
16.98
5.44
0.18
0.1
0
0
0
0
0.01
1.59
0.99
0.95
0.1
2.69
0.39
0.48
11.57
1.98
0.08
1.63
3.34
1.84
2.5
0.89
0.74
0.31
0
0
0
0.02
0
0
0
0
0
0
0
0.01
0
0
0
0
0
0
1.52
10.42
9.89
2.16
1.01
0.73
0
0.1
0
0.05
0.01
0
0.08
0.08
0
0
1.98
6.39
0.68
0.02
0.05
0
0
0
0
0
0
0
0
0
0
0
0.05
6.99
15.39
4.5
2.7
0
0
0
0
0
0
0.01
3.95
0.1
0.01
0
0
0
0
0
0
0.02
0.05
0
0
0.27
0
0
0.22
0
0
0
0
0
0
0
0.02
0
0
0.02
0
0.07
0
0
0
0
0
0.31
2.32
5.23
0.8
0
0.02
0
0
0
0.1
0.22
2.56
1
0.3
0
0
0.02
0.11
24.51
11.04
5.49
5.77
1.66
0
0.07
0.83
2.29
1.14
0.49
0.04
0
0
0
0
0.17
19.53
20.77
2.04
2.11
0.46
9.48
0.03
0
15.72
0.1
0.29
0.18
0
0.33
0
0
0
0.02
0.47
10.09
18.41
5.66
3.28
3.38
2.96
0.9
0
0
0.05
0
0
0
0.36
0
0.09
5.58
2.68
0
0.14
0
0
0
0
0
1
0.95
0.05
0.09
0.34
0
0.01
0.31
0
0.52
1.84
1.5
11.8
0.3
0
0.43
5.41
5.82
2.24
0
0.06
0.03
0
0
0.11
0.48
3.38
0.96
6.55
9.68
6.03
2.54
0.11
0
0.01
0.22
0
0
0.04
0.11
0.13
2.31
2.55
0.55
0
0.12
0.24
0
0
0.16
0
0
0
0
0
0
0.37
0
0
0
0
0
0
0
0
0.23
0.91
3.16
0.11
0.02
0
0
0
0.08
0
0
0
0.02
0.09
0.07
0.35
1.86
0.38
0
0
0
0
0
0
0
0
0
0
0
0
0
0
0
0
0
0.23
2.2
0.02
0
0.03
0.17
1.21
5.5
2.65
0.98
0.41
0
0.13
0.72
0
0.01
0
0
0.02
0.35
0
0.18
0.55
1.39
0.01
0
0
0
0
0
0
0
0
0
0
0.01
0
0
0
0.2
0.34
1.48
1.4
1.2
3.13
0.51
0.03
0.28
15.84
6.97
11.82
7.28
3.7
7.16
0.35
1.45
1.3
2.09
0
0
0.09
0.15
0.05
0
0
0.01
0
0.06
0
0
0
0.01
0
0
0
0
0
0
0
0
20.98
6.39
0.14
0.01
0
0.66
0
0
0
0
0
0
0
0.02
0.01
0.04
0.38
3.39
10.61
5.84
2.11
0.18
3.28
0
0
0.01
0.15
3.74
12.13
12.88
1.8
3.96
1.52
3.84
3.46
0.09
6.38
0.55
0.64
5.39
0.18
0.46
1.05
4.57
1.22
5.14
0.72
2.28
0.12
0
0.24
1.65
2.13
4.09
0.59
0.05
0.66
0
0.9
0.38
3.68
0.23
0.02
0
0
0
0
0.01
0.57
0.08
0.7
0
0
0.03
0.2
1.85
0.94
0.15
0.13
0.01
0.27
0.21
0.01
0
2.1
5.49
0.59
0.02
0.64
2.69
3.44
0
2.7
3.87
0.8
0
5.41
0.85
2.17
5.45
1.06
0
0
0
0
0
0
0
0
0.76
4.5
0.18
0
0
0
0.01
1.09
0.1
0.04
1.19
1.37
0
2.49
0
0
0.05
0
0
0
0.03
0
0.04
0
0
0
0
0
0
0
0
0.04
0.09
0
0
0
0
0.05
4.03
9.26
1.88
0.23
0
0
0
0
0.38
0.58
0.65
0
0.12
1.44
2.13
4.93
9.03
9.55
0.47
0
3.69
17.81
1.01
12.5
11.95
0.04
0
0
0
0
0
0.16
4.93
4.26
11.73
8.61
5.4
0.87
0.32
0
0.06
0
0
0
0
0
0
0.25
0.19
0
0.05
6.25
0.36
0
0
0
0
0
0
0
0
0
0
0
0
0
0
0.02
5.29
2.41
15.3
4.99
6.8
1.1
0.37
0.12
0.4
0.01
0.11
0.02
0
3.7
2.86
0.29
0
0
0
0
0.16
0.71
2.39
3.57
3.2
1.22
0.02
0
0
0
0
0
0
0
0
0
0
0
0
0
0
0
0
0
0
0
0
0
0
0
0
0
0
0
0
0
0
0.03
0
0
0.13
0.12
0.02
1.04
6.24
1.06
0.18
0.18
0.13
0.09
1.6
1.47
0.35
0
0
0
0
0
0
0
0
0.1
0
0
0
0.05
0.64
1.84
1.86
2.62
1.38
0
0.03
0
0
0
0.02
0.29
0.75
0.86
1.31
4.17
8.98
2.13
0
0.01
0.39
0.09
0
1.05
0.53
3.52
3.1
0.29
0
0
0
0
0
0
0.07
0.09
0
0.58
0
0
0.04
0.23
0.38
0.38
2.03
3.63
1.71
2.87
0.61
0
0
0
0
0.13
0.49
0.87
2.12
4.08
5.12
4.64
0.77
0.52
5.27
3.55
1.55
0.21
1.02
0.09
0
2.44
1.04
0.13
1.55
6.59
2.29
3.5
10.5
9.91
0.57
1.2
5.91
2.64
0.45
0
0
0
3.32
3.16
8.74
2.05
0.77
0
0
0
0
0
0
0
0
5.19
6.73
0.88
4.05
7.39
1.69
0
0.01
0
0
0
0.02
0.16
4.02
4.87
1.41
0
1.14
2
0
0
0
0
0
0
9.56
1.05
0
0.02
0
0.01
0
0
0
0.16
5.11
0
0
0
0.01
0.01
0
0
0
0
0
0
0
0
0
0
0
0
0
0
0
0
0
0
0.01
0.2
0.38
0.24
0
0.38
0
0.02
0.22
0.19
0.11
0.01
0
0
0
0
0
0
0
0
0
1.89
0
0
0
0
0
0
0
0
0.14
0
0.01
0
1.7
0.02
5.41
2.49
0
0
0
0
0
0.1
0.4
0.09
3.3
0.12
0.07
29.09
17.98
6.77
0.83
0
0.18
0.08
0
4.8
1.05
9.04
2.42
0.92
2.23
10.45
5.4
3.95
2.83
20.1
6.76
12.73
0.83
3.09
1.79
0.1
2.74
2.03
0.16
0.09
0.02
0.07
0.01
0.05
0.02
3.77
6.5
19.99
3.11
0.49
0.72
5.64
2.87
3.17
1.95
1.42
5.86
2.86
1.06
0.15
0
0.25
0
0
0
0
0
0.02
0.01
0
0
0
0
0
0.17
0.02
0
0.04
0.07
2.05
0.44
4.27
0.37
0.21
0.37
0.2
0.38
0.39
0.01
0.05
0
0
0
0
0.61
0.62
0
0
0
0.55
0.27
0
0.01
0
0.55
1.04
3.99
3.8
1.5
0.56
0.04
0.05
0.11
0
0.44
4.95
1.14
8.69
8.85
2.18
4.07
8.15
4.45
0.67
0.1
0
0.05
0.74
0.4
0.26
0.53
0
0
0
0.61
0.27
0
0.38
0.44
0
0
0
0
0
0
2.01
6.31
2.35
1.45
0.52
0.91
0.17
0
0
0
0
0.17
0.7
0.45
0.01
1.14
0.33
2.13
1.11
0
3.2
0.63
0.03
0
0.56
3.68
6.34
1.13
0.7
0.01
0
0
0
0
0
0.08
0
0.52
0.13
0
0.13
0
0.03
0.04
0
0
0
0
0
0
0
0.02
0.22
0
0.02
0.02
0.05
0.03
0.1
1.39
0.09
0.01
0.03
0.02
0
0.05
0
0.96
0.24
0
0
1.07
8.73
2.03
0.35
0.55
6.37
2.63
0.48
0.29
2.88
4.02
0.36
0
0
0.38
0
0
0
0.18
2.44
0.22
0.09
0.27
15.89
3.67
0.04
0.01
0.2
0.76
2.46
0
4.71
1.69
0.41
0.06
5.27
0.23
0
0.14
0.61
0
0
0
0
0
0
0
0.01
0.27
0.02
0
0
0
0
0.37
0.45
0
0
0
0
0
0
0
0.05
0.11
0.01
0.16
0
0
0
0
0
0
0
0
0
0
0
0
0
0
0
0
0
0
0
0
0
0
0
0
0
0.02
0.34
0
0
0
0
0
0
0
0.04
0.05
0
0.08
0.21
1.85
0.09
0
0
0
0
0.03
0
0
0
0
0
0
0
0.36
0.36
0.05
0
0
0
0
0
0.2
0
0.04
0
0
0
0.02
0
0
0
0
0.01
0
0
0
0
0
0
0.02
0
0
0
0.02
0.11
0.32
0
0
0.2
0
0
0.42
5.32
2.41
4.6
6.38
1.2
0.05
0.02
7.7
4.18
1.74
6.12
6.74
2.3
0.34
2.74
3.12
0.62
0
0
10.55
5.65
1.22
0.23
0.58
10.95
8
4.44
1.54
6.18
6.18
3.18
0.39
5.67
0.07
0
1.78
0
8.25
0.84
0
0
0.09
0.58
0.75
10.13
5.68
2.19
9.51
2.86
3.07
2.08
0.73
0.72
6.95
0.07
0.11
0
0
0.07
0
0
0
0.01
0
0
0.01
0
0
0
0.08
0.01
0
0.04
0.09
0
0.02
0.14
0.04
2.3
0
0
0
0
0.17
0.02
0
0
0
0
1
1.11
0.26
2.55
1.39
0.05
0.16
0
0
0.22
0.23
0.85
0.13
16.46
2.44
2.14
0.02
0.79
0.62
1.58
0.15
0.29
0.1
0
0.03
0.09
0.06
0
0.01
0.24
5.03
7.09
0.38
0.61
0.04
0.02
1.98
1.21
0.13
0.65
0.11
0.03
0.55
0.02
0.03
0.01
0
0
0
0
0.01
0
0.88
0.63
0.16
1.9
7.35
2.91
1.93
0.53
0.05
3.05
0.26
0.08
0.16
1.46
0
0
0.1
2.05
2.79
0
0
0
0.36
2.88
1.38
4.49
0.16
0.01
0.07
0
0
0
0.75
0.1
0
0
0
0
0
0
0
0
0
0
0
0
0
0
0
0
0
0
0
0
0
0
0
0
0
0
0
0
0
0
0
0
0.01
0.01
0
0
0.01
1.6
2.55
2.24
7.74
8.48
1.05
0.26
2.4
0
0
0
0.02
12.67
2.34
0.57
1.14
1.24
5.54
11.04
5.65
7.22
11.91
1.98
0.09
4.47
1.23
3.11
1.07
1.07
0.05
0
0
0
0
0
0
1.66
0
0
0
0
0
0
0
0.1
0.06
0.32
2.09
3.47
4.34
15.83
1.27
0.04
0
0
0.02
5.58
4.91
1.77
0
0.05
0.7
0.51
0.24
0.07
24.09
1.95
0.54
3.41
1.49
2.62
0
0
0.21
0.48
0.27
0.01
0.02
0
0.05
0.6
6.17
4.7
0
0
0
0
0
0
0
0
0.01
0
0
0
0.63
0
0
0
0.01
0
11.26
0.36
0.05
0
0.02
0.01
0
0
0
0.09
17.7
12.87
0.66
0
0.01
0.1
0.05
0
0.18
0.07
1.48
5.46
7.85
2.03
18.91
0.62
0.01
0
0
0.07
0.09
0
0.02
0.04
0.23
1.02
6.88
1.09
0
0
0
0.25
0.53
0
0.02
0.31
0
0
0
0
9.04
0.81
0.19
0
0
0
0
0
0
0
0
0
0
0
0
0.29
1.69
2.53
0
0
0
0
0
0.32
0
0.01
3.5
1.07
0
0
0.13
0.06
0
0
0
0.22
0.06
0.13
0
0.05
0.13
0
0
0.05
0.07
0.03
0
0
0
0
0
0
0.16
3.45
12.79
2.63
0.38
0.84
2.83
6.62
5
12.75
1.38
0.07
3.32
5.3
0.59
0
1.01
1.16
1.02
0.28
0.1
1.43
0.1
0.46
2.06
14.75
2.9
1.98
2.33
2.08
0.59
0.04
0.34
0.05
0
0.21
8.03
1.78
0.75
0
0.71
0.09
0.97
6.91
3.06
6.85
16.96
10.23
6.42
3.49
5.28
18.54
8.13
0.56
0.69
0
9.53
2.24
13.15
3.59
4.29
8.91
3.59
7.57
0.68
1.02
0.01
0.78
0.99
0
0.18
2
1.72
4.61
6.87
5.64
3.69
0.84
0.77
2.01
5.48
1.36
0.02
2.48
8.51
1.91
0
0.29
9.52
3.55
0.37
0.38
0
0
0.01
1.24
3.57
1.7
0.13
0
0.39
0.38
0.41
1.25
0.22
0.3
0
0.03
0.11
10.98
1.13
0.97
0
0
0
0
0
0
0
0
0.01
0
0
0
0
1.52
1.95
0.41
0
0
0
1.89
0
0
0
0
0.02
0
2.34
0.44
0
1.39
4.37
7.28
8.28
0.38
0
0.2
0.39
9.93
2.12
0.11
0
0
0
0.01
1.62
0.03
0.18
2.68
0.38
0
0
0
0.34
1.13
0.04
0
0.01
0
0.47
4.39
2.1
1.69
3.27
0.97
0.06
0
2.83
11.16
4.41
12.07
5.98
16.96
8.57
0.21
0
0
0.23
1.92
5.79
6.75
3.36
0
0.34
0
0
0
0
0
0
0.22
0
0
6.46
4.41
0.43
0.01
0.33
0.24
0
0.71
0
1.07
2.21
0.21
0
0
0.19
1.5
0.18
2.43
14.01
17.4
2.43
0
0
0
0
0
0
0
0
0
0
0
0
0
0.01
0
0.02
2.53
0
0
0
0
0
1.13
0
0
0
0
0.02
0.27
0
0.01
0.02
0.08
0.65
4.42
24.13
1.04
0
0
0
0
0.03
0.14
1.96
0
0
0
4.95
1.05
0
0
0
0
7.73
29.49
1.7
0
0.02
1.73
0.37
0
0.05
0
0
0
0.02
0.04
1.07
0.39
0.27
0
0
0
0
0.49
4.21
0.07
0
0.01
4.06
0.01
0
5.63
0.58
0.02
0
0
0.38
0.97
0.26
0.09
6.59
9.81
2.1
0.08
0
0
0
0
0
0
0
0
0
0.03
0.01
0
0.03
0.01
0.02
0
0
0
0
4.05
0.2
0
0.01
0.01
0.02
0
0.06
0
0
0
0
0
0
0
0.01
0.01
0
0
0
0
0.69
2.54
0.98
0
0
0
0
17.45
41.51
6.48
4.63
2.02
1
11.06
6.16
1.39
6.52
3.23
1.07
1.83
0.98
0.06
2.7
0.19
0.68
0.02
0.05
0
0.01
0
1.34
13.65
6.11
0.25
12.45
3.49
0.84
2.21
4.59
11.93
16.32
3.05
0.34
0.09
0.97
4.94
5.21
4.62
2.47
2.31
6.64
3.53
4.5
0.25
0.01
0.3
7.09
6.46
13.74
9.81
5.4
3.19
0.39
10.58
1.14
8.07
12.57
1.5
0.73
0
0.82
0.67
0
2.89
2.73
3.07
6.19
11.07
8.66
1.09
2.34
1.18
0.84
0.78
0.67
0.57
1.48
0.03
0
0
0.04
2.23
0.21
0
0
0
0
0
0
0
0
0.01
0.1
0.6
0.14
0
0.02
0
0.05
0
0.02
1.62
0.53
0
0
0
0
0
0
0
0
0
0
0
0
0
0
0
0
0
0
0
0
0.04
0
0
0
0
0
0
0
0
0.43
0
0
0
0
0
0
0
0
0.27
0
0
0.13
0.78
0.12
0
0
0
0
0
0
0
0.59
10.77
8.85
6.53
6.88
1.37
0
0
0.11
1.95
0.33
3.54
0.09
0
0
0
0.66
0.43
1.02
4.44
1.32
2.55
0.17
0
0
0
5.44
14.15
1.61
5.02
20.52
5.03
0.64
0.14
0
0
0
1.96
2.01
1.38
0.71
7.66
3.45
7.49
7.66
8.77
13.37
2.93
1.49
8.95
2.26
0.03
0.02
0
0
0.03
0.01
0
0
0.01
0
0
3.21
0.95
0.8
0
0
0
0
0
0
0.19
0.26
1.91
1.44
0
11.51
4.93
0.68
0
0
0
1.05
1.68
5.15
1.27
0
0
0
4.7
0.2
10.18
0
0
0
0.02
2.09
2.42
19.05
0.63
0
0
0.31
4.25
0
12.95
0
0
0
0.61
0
0.5
0.37
0
0.16
0.12
14.64
0
0.01
0
0
4.01
4.29
8.04
0
0
0.11
1.67
0.49
0
4.41
7.14
5.25
5.61
0.52
0
0
0.02
0.01
0.01
0.01
0
0.02
2.53
1.08
2.16
0.23
0
0
0
2.04
5.75
7.99
1.33
0
0.04
0.19
2.1
0.09
0.66
0.09
7.67
2.97
1.77
0
0.61
0.49
0
0
0
0
0
1.18
0.27
0
0
0
0
0
0.01
0
0
0
0
0
0
0.05
0.64
0.57
5.04
0.85
0.01
0.85
0.07
3.34
7.34
0.25
0.01
0
0
5.4
3.86
1.76
14.46
8.06
5.11
7.22
1.29
6.93
10.52
1.25
2.44
0.19
0
0
0.95
6.21
1.38
1.64
9.23
5.69
0.05
2.34
1.5
0.23
0.12
0.38
0.63
2.61
1.02
1.83
0.52
11.38
3.1
0
1.56
0.2
0.65
0
0.77
4.27
0.64
0.01
2.93
11.54
20.61
4.04
6.63
0.97
1.95
6.66
1.09
0
0.66
0.56
0.35
0.29
0.31
2.34
13.6
1.4
0.52
0.48
0.51
0
0
0
0
0
0
0.09
3.27
4.34
0.26
0
0
0
0.01
0
0
0
0
1.6
2.07
1.23
0.95
0.23
0.42
6.11
2.13
2.13
0.61
2.97
0.82
2.3
0.58
0.02
0.02
0.43
0.05
0
0
0
0
0.03
0
0
0
0
0.04
0.4
2.55
0
0
0
0
0
0
0
0
0
0
0
0
0
0
0
0
0.03
0.24
0.09
0.01
0
0
0
0
0
0
0.45
0
0.34
5.76
0.34
0.15
0
0.54
0.01
4.74
0.83
2.31
0.27
0.05
2.59
0.73
3.74
0.65
1.38
0.47
4.86
4.89
2.17
0.3
0.41
5.44
3.67
6.61
0.55
0.02
0
0.02
0.18
2.59
0.23
0.31
0
7.68
0.93
7.02
5.87
5.62
5.51
3.79
0.56
0
0
0
0
0
0.05
1.84
13.3
4.99
5.71
11.98
0.13
0
0.02
0.66
7.7
2.98
0
0.21
9.58
7.81
2.7
4.97
13.41
2.21
4.99
0.06
1.18
0.16
0
9.84
9.43
4.68
1.8
0
0
0
0
0
0
0
0
0.05
0.01
0
0
0
0
0
0
0
0
0.04
0
0
0
0
0.15
11.46
0
0
0
0
0
0
0
0
0
0
0
0.66
0
0
0
0
0.01
0
0
0
0
0
0
0.03
0
0
0
0
0
0
10.84
0.6
0.29
0
0
0
0
0
0
0
0.06
1.35
2.25
0.27
7.55
0
7.92
0.54
1.55
0.9
0.02
0
0
0
0
1.54
20.57
0.79
0
0.01
0.15
0
0
0
0
0
0
0.04
0
0
0.02
0.35
0.05
0.01
0.02
0
0.01
0
0.09
0.44
0
0.54
7.3
0.86
7.17
5.18
1.34
1.37
0.93
1.71
2.09
0.62
0.11
0.62
5.27
15.09
3.23
0.53
1.88
1.81
1.2
0.07
0
0
0
0
0
0.04
0.05
0.02
0
0
0
0
0
8.42
0.98
0
0
0
0
0
0
0.54
17.21
13.53
1.02
0
0
0
0.02
0
0
0.04
0.02
0
0
0
0
0
0
0
0
0
0
0.16
0.66
0.39
0
0
0.77
0.79
1.33
0.82
5.09
1.09
0
0.02
0
0
0.11
0.88
1.19
0.11
0
0
0
0
0
0
0
1.56
0.3
0
0
0.12
0
0
0
0
1.62
5.41
0.63
0.37
0.02
0.05
0
0
0
0
0.16
9.1
2.61
0
0
0
0.01
0
3.47
6.94
1.16
0
0
0
0.59
0.36
0
0
0
0
0
0
0
0
0.01
0.02
0
0
0
0
0
0
7.31
1.27
0.14
0.01
0
0
0
0
0
0
0
0
0
0
0.22
9.72
2.77
0.93
5.3
1.2
0.08
0
2.89
0.49
0.21
0.03
0.13
0
0
0.23
8.68
4.43
1.69
5.11
1.41
0.06
0.03
0
0
0
0
0
0.06
7.38
5.05
3.2
2.76
0.25
0.12
0
0
0.25
0
0
0.14
0
0.07
0.08
0.05
0.02
0
0
0
0.27
7.07
3.58
8.89
0.76
0.08
0.02
1.15
0.05
0
0.16
0
2.81
0.47
6.6
10.44
1.95
0.63
0.98
2.74
4.23
0.43
0.32
4.59
2.48
0.03
0
0
0
0
0
0.08
0
0.38
5.24
9.1
5.41
1.09
0
0
0.04
0.01
0
0
0
0
0
1.84
2.05
14.33
0.87
0
0
0.67
0
0
3.38
19.77
3.55
1.32
1.57
9.79
0
0
2.28
12.23
0
0.41
0
0.02
0.04
3.4
1.27
0.18
0
0
0.08
0
0
0
0.01
0
0.54
0.02
0
0
0
0
0
0
4.18
0.38
0
0
0.16
1.58
5.78
0
0
0
0
0
0.13
0.56
13.3
5.23
1.55
0
4.32
19.98
0
0
0
0
0
0.51
2.32
0
0.01
0
0
0.02
0
0
0
0
0
0
4.59
0.01
0
0
0.03
0.43
0.19
0.23
0
0
0
0.05
8.8
4.25
0.2
0
18.64
11.98
3.64
0.85
0
0
0
0
0.18
21.34
11.46
3.26
0
0
5.78
15.93
1.74
2.43
0.02
0.01
1.02
2.87
0
0
0
0
0.01
0
0.03
0.01
0.3
0
1.18
5.2
0.05
0
0.06
0.13
8.04
1.3
0
0.03
0.03
4.66
4.64
5.95
9.33
3.47
14.64
26.68
7.09
0.59
0.9
0
0.09
0.31
0.27
0
0.25
0.09
0
0.11
0.01
0.17
0.02
0
0
0.26
11.35
13.03
2.22
4.96
3.39
0.21
1.63
0
0.02
2.8
0.97
0.06
0
0
0
0
0.01
0
0
0
0
0
0.09
0.99
0.07
0
0
0
1.23
0.08
0.52
0.71
0.82
9.59
1.45
0.05
0.39
0.41
1.13
0.27
0
0
0
0.07
0.51
0.31
4.75
0.41
4.76
0.55
0
0
0
0.02
0.04
0
0.05
0.02
0
3.63
0.2
0
0.02
0.09
8.43
0.65
0.01
0
0
0
0.02
0.02
0
0
0
0
0
0.17
0
0
0
0.02
0.88
0.01
0
0
0
0
0
0
0
0
0.02
0.02
0
0
0
0
0
0
0
0
0
0
0.03
0
0
0
0
0
0
0
0.01
0
0
0
0
0
0
0
0
0
0
0
0
0
0
0.15
0
0
3.52
1.96
6.73
2.81
0.48
1.75
0.49
0.77
1.58
0.66
5.3
3.7
0
2.7
5.8
3.44
0.49
0
1.09
9.2
3.25
6.21
0.36
0.23
1.08
8.91
15.67
5.66
3.19
11.45
2.67
0.08
0.01
6.42
0.18
0
0.03
1.93
1.78
0.57
1.18
0.05
0.11
0
0.76
1.88
1.2
5.7
10.91
7.04
5.77
1.98
0.21
1.31
0
0
0.44
0
7.22
0.39
0.82
1.44
14.79
1.48
1.38
2.48
0.16
5.28
0.13
1.23
0
0.15
0.07
0
0
2.23
20.04
0.32
0.59
0
0
5.8
2.27
0
0.01
0
0
0
0.01
0
0
0
0
0.01
0
0.01
0.02
0
4.94
0
0
0
0
0
0
0.01
0
0
0
0
0
0.15
2.95
0.01
0
0
0
0
0.95
1.93
0
0
0
0
0
0.01
0
0.03
0.01
0
0
0
0.01
0
0.02
0
0
0
0
0
0
0
0
0
0.29
0
0.01
0
0
0
0
0
0.09
0
0
0.02
0.48
0.51
2.51
0.95
0
0.11
1.43
0.56
0
0
0.01
0
0.58
0
0
0
0
0.12
0.89
1.03
0.81
0
0.02
0
0
0.04
0.81
6.43
0.63
0
0.9
0.04
0.08
0.68
2.84
0.93
3.13
1.37
0.24
0.73
0.09
0
0
0.02
0
0
0
0.01
3.25
15.39
1.17
1.33
4.31
6.55
0.69
0
0
1.19
13.84
4.86
7.38
10.55
2.09
2.95
0.27
0.02
0
0
8.59
0.13
0.81
3.99
0.48
2.35
12.24
2.46
1.32
0.18
0
0
0.02
6.71
3.1
0.13
0
0.01
0.05
0
0
0.12
0.38
16.99
2.79
2.69
0.42
1.17
0.02
0.84
3.6
0.95
6.49
3.37
0.55
0.39
4.25
5.67
4.06
1.66
0.34
0.02
0
0.04
0.27
3.26
0.03
0
0
0.02
0
0.34
1.33
6.63
3.23
7.34
7.74
7.52
3.23
5.83
13.45
2.74
0.33
5.29
4.23
3.18
1.77
5.8
3.23
0.39
0.09
2.45
2.09
1.54
0.98
0.43
0.55
4.59
3.2
0.34
4.6
0.37
0.09
0.02
1.03
2.32
8.41
6.31
18.98
5.41
5
0.95
0
0
0
0
0
1.05
0.16
0.15
10.06
5.28
0.43
0.19
0.04
0.05
0.01
1.95
1.58
0
0.06
0.29
0
0
0
0
0
0.16
0
0.53
1.36
0.86
13.47
19.68
8.57
14.59
0.82
2.04
13.27
5.86
0.57
1.22
0
5.73
0
0.12
0
3.65
0
0
0.01
0.01
0
0
0
1.03
1.28
2.2
0
0.63
1.65
0
0
0
0
0
0
0
0
0.01
0
0
0
0
0
0
0
0
0
5.77
1.4
0.13
0
0
0
0
0
0
0
0.91
0.05
1.77
4.82
7.34
2.93
0.91
4.11
0.05
0.47
0.04
0.61
0.65
0.49
0
0.03
0.01
1
0.94
0.07
0.03
3.54
0.04
0
2.13
3.92
1.72
6.14
0
0.28
0
0
0
0
0
0
0
0
0
0
0
0
0.03
5.9
1.56
0.07
0
0
0
0.01
0
0
0
0
0
0
0
0
0
0
0
0
0
0
0
0.02
0.96
0.96
0.71
0.01
0.59
0
0
0.83
0
0
0
0
1.51
0.86
0
0
1.33
0
0
0
0
0
0
0
0.01
0.06
12.33
1.57
0
0
0
0
0
0.03
0.01
0
0
0
0
0
0.44
2.84
13.18
0.55
1.1
0
0
0
0
0
0
0
0
0.06
0.64
0
0
0
0
0
0
0
0
9.02
0.34
0
0
0
0.01
0.01
0
0
0
0
0
0
0
0.02
0.01
0.49
0.19
9.52
10.04
9.86
3.48
0.2
0
0.04
7.41
0
0.83
0
0
0.04
0.01
0
4.48
1.81
6.55
1.98
0.58
0
2.84
0.14
0
0
0.27
8.56
5.97
7.65
5.02
0.31
2.29
0.02
0.04
0
0
0.02
0
0
0
0
0
0.8
0.77
0
0.01
0.03
0.05
0.35
0.72
0
0
0.07
0.42
0.81
2.73
0.77
0.38
0
0.02
0.01
0
0
0
0
0
0.03
0
0
0
0
0
0
0.09
0.04
0.05
0
0
0.03
0.04
0
0
0
0.02
0
1.13
0.2
0
0.01
0.01
0
0.34
0.51
6.82
0.88
0
0
0
0
0.06
1.16
2.25
1.93
1.83
2.38
0.35
0.07
0.02
0.02
0.12
0
0.08
0.02
1.11
1.07
0.3
1.93
0.87
0.16
0.37
0.03
0.23
1.27
1.74
8.23
0.41
0.28
0
0
0.01
0
0
0.04
0
0.05
0.66
0.26
9.14
0.86
0.02
0.06
0.04
0
0
0
0
0
0
0.14
0
0
0
0
0
0
0
0.03
0
0.01
1.31
2.38
2.99
0.48
8.52
3.78
2.8
0.39
0.08
0
0
0.01
0
0
6.88
7.77
9.15
5.88
1.02
0.13
0
0
0
0
0
0
0
0
0.27
2.51
0.41
0
0.16
0
2.21
4.71
1.35
5.85
2.57
1.22
0.5
0.58
12.19
23.87
3.05
0.84
0.78
4.66
0.53
0.02
2.18
0.57
0
0
0
0
0
0
0
0
0
0
0
0.86
6.09
1.88
0
4.99
4.39
14.01
25.95
3.98
0.32
0
0
3.67
0
0
0
0.26
0
0
0
0.07
2.55
0.5
0.01
0
0
0
0
0
0
1.41
0.39
0
10.52
9.66
15.2
7.66
10.42
1.82
0.07
0
0
0.13
0
0
0
0.01
0
0.05
0.12
0
0.06
0
0
0.02
0.65
0.08
0
0.05
0.23
21.3
0.89
0.07
0
0.01
0.02
0
0
0.04
0.01
0.01
0
0.18
0
0.2
0
0
0
0
0.01
0.02
0
0.13
3.7
0.12
0.02
0.02
0.01
0
0.07
1.03
0.05
0.01
0
0
0
0.03
0
1.8
0.2
4.63
1.95
0.04
0
0
0.13
10.14
0.73
0.54
11.13
0.7
0
4.7
0.52
7.75
8.05
1.16
5.38
4.25
0.73
0
0
0
5.74
0.13
0.23
0
0
0
0.18
0.16
0
0
0
0
0
0.21
5.96
4.1
2.62
1.23
0.26
9.92
1.81
1.16
0.04
0
0
0
0
0.28
0
0.81
5.74
4.24
0.27
0
0
0
0.36
9.52
13.02
29.88
1.94
2.96
0
0.02
0.04
1.86
0.22
0.01
0.07
3.17
13.37
1.11
0.11
0.05
0
0
0
0
0.77
5.69
0.57
0
0.2
0
0
0.02
0
0
0
0.01
0
0.02
0.3
8.8
5.66
3.61
3.13
0.12
0.97
6.7
2.3
8.97
11.23
3.64
3.98
0.02
0.95
1.09
2.2
2.1
1.05
6.59
1.3
0
0.07
1.27
0
0
0.73
3.55
5.31
1.91
0.29
1.38
0.63
0.08
1.45
3.45
2.07
12.16
0.34
0.04
0
0.11
0.52
0.8
3.6
7.41
0.17
0.26
2.91
1.54
0.7
5.95
1.77
3.3
10.31
2.65
5.96
1.24
2.08
0.3
0
0
0
0.17
0
0
0
2.94
5.63
9.09
4.12
6.46
0.86
0
0
0.09
0.05
0.02
1.72
2.21
0.89
0.52
0.83
0.29
1.48
0.12
0
0
0
0.04
0
0.27
0.13
0.01
0.4
0.4
0.04
0.18
2.98
3.4
2.09
0.18
0.84
1.7
7.78
14.11
6.79
0.58
0
0.01
0.01
0.48
0.29
3.48
0.25
0.3
0
0.2
0
0.1
0
0.39
2.23
3.42
0.28
0
0.21
0
0.5
0
0.39
0.63
0.23
0.56
3.34
5.63
3.48
5.24
20.74
1.85
0.78
0.02
0.84
0
0.73
0.12
0.85
0
0.81
1.89
0.93
0.13
4.2
2.78
8.45
1.04
1.56
0.86
6.92
1.41
0.11
0
0.12
0
0.06
1.87
0.06
0
0.3
0.54
0
0
0
2.93
10.59
43.21
11.15
3.19
0.47
0
0.22
0.09
0
0
14.8
18.61
0
0
0
0
0
0
0.32
2.44
0
0
0
0
0
0.63
1.16
8.25
0.58
0.64
6.03
2.82
0.46
0.11
0.43
0.01
0
2.04
0.01
0
0.04
12.77
3.08
0.83
0.4
0.01
0
0
0
0
0
0.02
0
0.05
0
0
0
0
0
0
0
0.82
0
0
0
0.01
0
0
1.17
0.12
1.21
0
0
0
0
0.01
0.02
0
0
0
0
0
0
0
0
0
1.09
0
0
0
0
0.77
0
0
0
0
1.33
0.3
0
0
0
0.02
0.33
0.09
6.75
0
0.05
0.11
0.75
24.32
2.18
0.27
0
0
0
0.56
0
0
0.12
1.59
5.04
6.37
9.73
0.36
5.82
0.96
0.11
0
0
0
0
0
0
0.01
0
0
0
0
0
1.09
0.89
0
0
0
0.92
0.21
11.98
2.3
8.08
0.93
3.28
0.28
0
0
0
0
0
0
0
1.01
0.55
12.39
2.28
0.11
6.89
4.52
12.44
7.25
0.34
6.6
0.12
0.05
0.18
6.76
2.34
2.83
11.87
4.96
12.08
15.62
1.53
0
0
0.05
0.86
0
0
10.47
0.86
0.76
0.23
0.03
0
0.55
9.7
14.84
0
0
0
0
0
0.23
2.8
0.17
0
8.27
0.19
0
1.29
2.34
4.11
0.05
0.04
0.53
0.57
2.34
0.37
0
0
0
0.18
0.24
0.01
0
0
0.2
0.35
2.62
0.18
0.18
0
0.09
0.02
0.01
0
0
4.41
0.03
1.62
0.17
0.15
0.07
0.07
0.21
0
0
0
0
0.65
0
0
0
0
0
0.39
0.37
0
0.87
0.11
0
1.63
0
0
0
0.16
0.52
4.61
6.61
1.67
0.15
2.59
1.25
0.15
0.01
0
0
0
0
0
0
0
0
0
0
0
0.95
0
1.34
0
0
0.45
2.1
3.19
3.47
2.48
8.52
7.49
2.55
3.8
3.79
0.37
0.01
0.05
0.32
0.01
0.09
0.27
0.54
0
1.94
3.39
2.17
13.59
1.88
0.07
0
0
0.15
2.57
0
0
0
0
1.03
0
0.45
1.14
14.34
6.93
11.77
10.83
1.95
5.78
2.82
0.25
0
0
0.27
0
0.04
0
0.04
0.11
0.05
2.43
0
15.82
17.77
0.93
4.5
0
0
3.73
4.52
0.76
0
1.34
0
5.38
19.17
13.21
1.44
4.1
17.47
3.88
6.79
8.48
1.86
0.72
2.02
0.12
7.54
15.16
0.43
0.11
0.01
0
0.26
0.62
0.06
0.27
0
1.25
8.61
1.48
4.42
0.31
2.55
11.87
1.38
5
1.02
0
0
0
0
0
0
6.91
6.44
3.32
1.36
3.43
2.18
5.34
2.14
0
0
0
0.14
3.79
1.28
0
0
0
0
0.13
0.08
0.05
3.71
0.02
0.84
0
0
0
0
0
5.68
9.82
2.47
0
0.02
0
0
0
0
0
0
11.89
1.74
0
0
0
0
0.01
0.02
0.13
0
0
0
3.85
0.26
0
0
9.55
5.63
0.21
0.31
0
0.07
0.65
0
1.32
0.05
0
0
0
0
0
0.04
0.07
0
0.75
0.41
0.01
0
0
0
0.01
0
0.02
0.09
0
0.25
0.23
2.01
9.91
19.5
2.61
0
0.04
0.05
0
0
0.04
0
0
0.25
0
0
0.05
0
0
0
0
0
0
0
0
0
0
0
0
0
0
0
0
0
0.05
0
0.3
0
0.05
0
0.17
0.54
0.42
0
0
0
0.01
0
1.38
4.66
5.92
2.13
0.81
0.07
0
12.72
4.92
3.94
9.75
3.78
1.29
3.1
1.95
0.42
0.46
19.2
1.45
0
0.09
0.03
0.06
1.1
0
0
0
0
0
0
0
0
0
0
0
0
0
0
0
0
0
7.04
2.5
1.95
14.64
2.83
5.72
0.85
1.62
0.02
0.01
0
0.18
0.18
0
0.18
0
0
0.07
0
0
0
0
0
0.04
0
0
0.03
2.71
4.87
0.21
0.26
0
0
0
0.01
0
0
0
0
0.05
0.37
0.01
0
0
0
0
0
0
0
0
0.01
0.14
0.14
0
0
0
0
0.77
1.4
0.46
0.01
0.21
0.09
0
0
0
0.48
0
0.01
0.32
0.92
0.08
0.2
0.06
0
0
0
0.22
0.53
2.11
0.07
0.01
0.23
0
1.68
1.76
7.98
2.58
0.33
0
0.11
0
0.98
0.06
0.04
0.29
0.13
0.08
0.73
0
0.03
0
0
0
0
0.02
0.3
1.26
0.34
0
0.6
0
0.02
1.99
0.47
2.24
1.09
0.77
5.64
0.48
1.02
0
0
0
2.81
4.02
3.9
2.62
1.52
0.2
0
1.87
0.13
0
0
0
0
2.77
1.48
1.29
0.05
0.09
0.02
0
0
0
0.05
1.41
0
0
0
0
0
0
0
0.01
0.01
0
0
0
0
0
0.92
0.04
1.83
0.28
5.26
0.28
0
7.42
6.48
2.26
0
0
0
0.01
0
0
0
0
0
0.24
0.36
2.87
7.2
1.45
3.7
0.03
0
0
0
0
0
0.03
0.84
0.21
5.74
0
0
0
0
0
0
0.02
10.89
7.79
8.26
15.55
0.98
0
1.44
10.86
0.64
0.14
0
0
0.04
0
0.02
0
0
0
0.33
0.05
0
0
0
0
0
0
0
0
0
0
0
0
0
0
0
0
0
0.01
0.06
0.01
0
5.22
0
0
0
0
0
0
0
0
0
2.95
0
0
0
0
0
2
0.43
0.05
0.64
0.53
0
0
0
0
0
0.01
0
0
0
0
0
1.73
0.61
0
0
0
7.8
25.45
10.62
1.46
0.28
0
0
0
0
0
4.79
1.59
0
0
0
0
0
0
0.06
0.05
0.17
0
0
0
0
0.03
0
0
0
0
0
0.01
0
0.52
0.54
0.27
1.53
1.03
6.2
0.05
0.09
5.79
2.3
0.54
1.8
0.42
10.23
0.39
0
0
0.16
0.43
8.13
0
3.2
1.16
0
0
0.05
0
0
0.01
0.05
5.91
6.33
0.65
0.08
4.03
10.56
29.27
2.55
1.71
1.14
0.05
0.04
0
0
0
1.69
0.28
1.85
0.4
0.09
0.03
0.38
0
11.53
26.55
0.73
3.13
0.62
0.15
0.04
0.13
0.02
0.01
0
0
0
0
0
0
0
0
0
0
0
0
0
0
0
11.8
6.66
2.58
1.59
0.13
0.47
0.48
0
0
0.11
0.31
2.1
4.76
2.13
8.61
0
0
0
0
1.44
0.9
0.56
1.12
0
0
0
0.02
0
0
0
0
0
0
0
0.07
0.96
0.13
0
0
0.06
0
0
0
0
0
0
0
0
0
0
0
0.32
0.1
1.27
6.26
2.26
2.71
2.8
0.49
9.96
0.73
6.83
7.75
0.71
0.71
0
1.1
1.6
10.07
1.37
0.5
1
0.07
0.38
0
0
0
0
0
0
0.23
1.06
3.52
2.65
1.72
2.61
1.06
4.23
1.6
0.12
0
1.09
0.08
0
0
0
0
0
0
0.04
0.19
2.13
0.7
0
0
0
0
0
0
8.7
1.78
0.62
6.07
1.19
0.05
0.33
15.23
1.42
1.02
0
0
0
0
0
0
0
0
0
2.01
1.5
0.2
6.23
1.48
0
0.05
0.88
0.36
1.8
0.32
0.01
0.02
0.01
0.94
0.15
0
0.01
0
0.04
0
0
0
0
0.03
0.77
0.84
0
0
0
0
0
0
0
0
1
1.88
8.77
0.02
0
0.83
0
1.96
13.4
10.44
16.29
7.89
6.21
8.35
0.4
0
4.63
18.12
1.09
0.66
4.21
2.42
1.79
1.51
0.52
0
0
0
0.01
0
0
0.01
0
0
2.59
2.17
0.66
1.7
1.82
8.84
2.55
14.34
5.72
0
0.2
0
0
0
0.68
0.25
0.01
0
0
0
0
0
0
0
0
0
0
0
0
0
0
0
0
0
0
0.01
0
5.89
0.01
0.13
0
0
0
0.01
0
0
0
0
0
0
0
0
0
0
0
0
0.59
0
6.13
0.63
0
1.44
19.75
15.38
12.47
15.51
1.48
0.02
0.01
0
0.02
0.07
22.25
0.66
0.04
1.36
0.1
0
0.01
0.02
0
0.01
0
2.04
0.46
1.34
0
0.13
0
0.23
0.68
0.37
2.97
0.21
0
0
0
1.99
12.34
9.13
8.44
10.76
0
4.52
7.04
0
0.04
0.06
0
0
0
0
0
1.93
6.29
8.08
1.38
0.5
0.23
3.55
2.59
0.82
0
0
0
0
0.01
0.98
4.77
0.19
0
0.26
0.03
0.82
0.36
1.93
0.72
0.46
0
0.05
0.11
0
1.21
0
0
0.43
1.58
8.9
3.69
8.12
1.02
0.15
0.02
0
0.04
0
0
0.01
0
0.06
0.66
0.01
0
0
0.42
0.75
0.18
0
0
0
0
0
0
0
0
0
0
0
0
0
0
0
0
0
0
0
0
0
0
0
0
0
0
0
0.05
2.52
1.06
2.27
3.53
1.12
0
0.37
1.54
1.33
0.32
0.41
3.09
4.25
5.24
1.03
0.1
2.95
12.07
2.82
2.18
4.21
2.59
0.64
3.88
0.55
3.7
3.24
4.64
1.1
5.83
0.98
0
4.76
0.22
3.53
0
0
0.48
0
0.01
0
0
0
2.02
4.48
0.41
0
0
0
0
0.06
0.01
0.01
2.69
0.18
0.47
0.32
3.1
0.53
0.07
0.2
0
0.23
1.09
22.57
7
1.43
3.5
12.7
10.46
5.85
3.27
1.9
2.56
9.21
5.77
1.99
0
0.51
3.17
12.62
2.58
1.78
0.1
2.2
1.22
0.06
0.34
0
0
1
0
1.15
4.28
7.34
0.69
5.11
3.8
4.34
2.21
5.77
8.65
4.05
0.39
1.1
0
1.39
0
0.01
0
0.87
5.38
1.46
0
0
1.25
6.05
10.44
7.8
3.35
2.49
5.8
3.35
4.14
7.09
1.24
0.27
0
0
0
0
0
0
3.77
2.57
0
0.59
0.03
2.02
0.23
0
0
0.02
4.83
2.69
6.61
0.4
1.37
0.02
0
0
0
0
0.05
0
0
0
0
0
0
0
0
0
0
0
0
1.39
0
0
0
0
0.03
0
0
0.01
0
0
0
0
0
0.02
0
0
0
0
0
0
0
0.02
0.01
0
0
0
0
0
2.95
1.81
0.35
0.02
0
0
0
1.5
0
0
0
0
0
0
0
0
0
0
0.63
0.78
0.77
0.43
0.49
0.64
0.06
0
0
0
0
0
0
0.02
0
0
0.05
0.3
0
0
2.89
1.43
0.68
0.84
0.01
0.22
0
0
1.83
3.55
1.52
0
0
0.02
0
0.08
3.62
1.12
0
0.13
0.68
1.02
14.16
4.05
2.23
0.46
0
0.04
3.55
0.61
0.02
0
0
0
0
0
0
0
0.46
0
0.09
4.69
0.5
0
0.01
0
0
0.01
0
0
0
0.03
0
0
0
0
0
0
0
0
0
0
0
0
0
0
0.07
0
3.52
11.12
0.44
1.92
0.63
0.01
0
0
0
0
0
0.61
0.2
0.04
0.01
0
0
0
0
0.05
0.02
0
0
0
0
0
0
1.11
3.04
0.38
0.22
3.96
3.61
1.19
0.31
0
0
0.02
0
0
0
0
0
2.26
4.12
5.61
0.64
0
0
0
0.02
1.35
1.33
7.2
0.46
1.44
0.11
3.92
1.39
0.27
0
0
0.34
0.28
0
0
0
0.01
0
0
0
0
0
0
1.61
1.23
5.57
1.48
0
0
0
0
0.29
0
0
0.02
0.02
0
0.38
0
0.73
1.45
9.84
1.61
0.05
0.84
0.31
3.23
0.63
0.84
0.77
1.66
0.39
0.01
0
0
1.46
1.05
0.41
0
0.01
0.52
0.56
0
0
0
0.83
0
0
0.6
0.02
0
0
0.16
12.55
2.41
0.65
0.02
2.06
1.34
0
0.1
3.53
1.52
0.33
0.17
0
0.3
0.13
0.01
17.34
11.88
12.63
16.1
0.04
0.02
6.49
1.68
0
10.7
13.95
11.96
17.4
9.89
2.73
3.9
4.02
1.45
0.01
0.01
0.02
0
0.02
0
0
0
0
2.29
1.61
2.2
2.24
3.92
30.71
22.04
9.23
4.27
7.73
0
2.54
2.49
3.5
12.7
1.93
0.13
2.73
1.37
9.48
0.73
5.23
0.51
0.98
2.92
2.11
3.5
7.14
1.51
6.18
0
1.86
4.64
0.9
0.38
5.64
15.96
6.33
6.33
2.07
0.48
0
0
7.17
0
0
0
0
0
0
0.3
0
0
0.02
0
0
1.49
0
0
0
0
0
0.04
0
0
0
0
0
0
4.22
0
0
1
0.24
0
0.06
0
0
0
0
0
0
0
0
0
0
0
0
0
0
0
0
0.01
0
0
0.05
0
0
0
0
0.01
0
0
0
0.04
0.04
0
0
0
0.91
2.87
3.23
0.25
0.04
0
2.68
0.35
0.04
0
0
0
0
0
0
0.61
5.56
0.37
0
0.47
1.46
0.76
0
0
0
0
0
0
0
0
0.02
5.47
5.66
0.8
0.02
0
0
0.43
0
0
0.74
0
0
0
0
0
0
1.82
2.11
2.24
1.02
13.16
32.54
6.41
2.7
1.46
1.91
6.76
6.34
4.24
2.42
6.72
4.8
1.83
0.38
2.5
0.01
10.61
11.99
1.97
7.89
23.53
10.79
10.09
0.79
1.12
0.11
0.17
0.3
0.01
0.29
0
0
0.02
0
0.65
0.01
0.02
0
0.67
0.16
0
0.02
0.02
0
1.31
0.37
0.01
0.46
3.34
6.25
0.9
3.96
1.69
0.71
3.99
0.71
0.62
6.45
9.29
2.73
0.85
0.27
0.38
4.59
0.44
0
0
0.82
0
0
0.38
0
0
0.5
0.08
0
0.01
0
0
0.02
0.01
0
1.85
0
2.12
0.05
0.07
0.46
0.62
1.66
4.36
1.36
0
0.09
0.26
0.07
0.04
0
0
0.81
7.2
3.4
0.88
6.61
6.48
1.04
3.3
0.57
0.57
1.56
1.74
1.7
3.8
3.42
3.39
2.12
5.38
3.41
3.77
1.42
0.59
2.69
1.71
0.01
0
0
0.55
0
0
0
0.01
0.01
0
0
0.67
0
0.01
0.02
0.34
0.08
0.73
2.9
1.36
1.3
8.43
4.09
1.21
0.29
0.37
0.27
0
0
0
0
0
0
0
0
0
0
0
0
0
0
0
0
0
0.07
14.2
3.69
2.52
0.29
1.3
0
0
0.41
0.23
10.04
3.23
0
0.09
15.09
8.06
0.48
0
3.41
3.05
5.75
0.18
3.62
1.2
0
0
0
0
0.01
0.05
0.56
0.17
0.02
0.34
2.7
0.05
0
0
0.24
0
0.28
0.39
0.52
3.11
0.84
0.18
0.4
0.17
0.03
0
0
0.01
0
0.04
3.05
0.24
0.15
3.58
10.81
1.12
1.04
0.01
0.22
0
0.86
0
0
0.02
0
0
0.15
2.64
0.73
0.73
0.15
0
0
0
0.17
0
2.62
0.27
1.7
1.09
0
0
0
0
0.32
0
0.09
0
0
0
0
0.05
0
0
0
0
0
0
0
0.07
2.5
0.67
0
0
0
0
0
0
0
0
0
0
0.18
0
0
0
0
0
0
0
0
0
0
0
0
0
0
0.02
0
0
20.7
15.19
1.98
0.33
0
0.19
1.71
0
0
0
0
0
0
0
0
0
0.07
0.23
0
0
0
0.01
0.02
0
0.03
0.01
0
0
0
0
7.09
0
0
0
4.02
4.1
2.55
1.04
1.64
2.85
7.84
5.52
0.43
0.01
0.07
0
0
0
0
0.01
0.01
0.1
9.34
2.64
3.74
0.67
0
0
0
0.05
0.26
0.07
0
0
0.02
0
0
0
0.01
0
0
0
0
7.09
12.13
2.44
0.05
0
0
0
0
0
0
0
0
0.67
0
0.01
0.09
0.15
2.53
2.45
1.49
0.32
0
0
0
0
0.33
0.08
0
0
0
0
0
0.43
0.07
0
0.02
0.21
1.54
0.77
1.73
8.9
1.49
0.37
9.02
3.2
0
0
0.72
1.93
0.12
0.45
0
0
0
11.33
4.36
0.84
2.3
4.83
1.08
0.21
0.41
12.02
16.63
21.7
12.34
11.16
5.09
1.98
11.84
26.19
14.09
8.52
5.26
0.21
3.46
5.57
1.85
2.77
9.66
4.29
0.41
3.5
0.3
5.35
8.84
3.93
0.25
2.98
1.98
1.23
1.89
0
0
0.02
2.11
0.17
0.68
0.62
0.36
0.17
0.08
0.39
3.18
0.23
0
0.54
6.66
0.97
0.01
0
8.37
2.86
1.13
0.46
0
0
1.35
6.02
6.42
5.41
2.4
1.07
0.43
3.65
11.61
13.19
2.87
10.56
2.66
0.75
2.04
0.01
5.17
4.73
1.88
5.84
2.92
6.84
3.41
1.11
0.11
0.7
0.15
0.52
0.53
0
0.35
0
0.3
0.2
0.79
3.95
0.5
0.66
11.85
9.96
0.63
0.56
1
7.74
0.66
1.72
0.47
0.38
3.53
1.44
0
0.76
2.8
1.67
0
0
0.09
6.3
6.32
5.5
3.82
7.01
6.09
5.09
0.66
0.03
3.32
8.57
0.69
0.1
0.37
0
0.67
0
0.43
0.75
1.35
6.54
5.53
2.84
0.74
0.1
5.14
5.38
1.92
4.86
4.51
14.65
6.16
2.54
0
0
0
0.01
0
0
0.41
0
3.99
2.41
0.31
0
1.4
1.48
0.04
0.21
0
0
0.04
0.02
1.29
0
0.9
0.63
1.22
12.18
3.18
4.97
4.78
6.98
7.74
1.38
0.56
0
2.07
0
0.01
0
0
0.01
0.94
6.28
2.34
12.07
0.33
8.48
0.34
0.23
21.49
3.33
0.19
0
0.02
0.06
1.2
0.01
0
0.95
0
0
0
0
0
0.14
0
0
0
0.24
0.01
0.12
0
0
0
0
0.11
0
0
0
0
0
0
0
0
0
0.2
6.02
0
4.72
0.08
0
0.2
0
0
0.25
0.09
1.08
0
0
0
0
0.01
0
0
0
0
0
0
0
0
26.24
9.22
0.24
0
0.02
0.21
0.12
0
0
0
0
0
0
0
0
4.2
13.71
2.34
0.12
0.07
0
0
3.18
0.38
0
0
0
0.43
0
0
0
0.76
2.59
0.26
0
0
0.05
0.14
11.5
1.17
3.18
4.38
1.25
0
0
0
0
0
0
0
0
0
0
0.5
0
0
0.25
0.06
2.52
12.41
9.24
2.42
0.52
0
0.02
0
0.39
1.11
14.16
5
0.59
0.02
0
0.04
5.86
0.58
0.02
0.39
1.22
3.4
5.56
2.18
0.14
0
0.66
0
0
0
0.08
0.77
4.07
5.32
7.88
1.58
0.46
2.19
4.73
4.92
2.57
0.17
0
0
0.16
1.23
0.19
0
0
1.02
0.09
1.28
2.24
7.77
7.29
4.32
0.57
0
0
0
0
0
0.78
0.73
0.25
0
0.05
1.06
1.55
1.25
1.04
3.48
1.96
2.05
0.05
0
0
0
0
0
0
0
0
0
0.01
0
0
0
0
0.02
1.34
7.03
3.24
3.05
1.6
0
0.25
0
0
0
0
0
0
0
0.01
0
0
2.09
2.92
5.92
7.32
4.02
0.89
5.66
1.05
0.59
0.2
0.04
0.03
0.02
0.58
1.1
1.92
0.06
0.41
3.26
0.65
0.02
1.09
0.08
0
1.09
0
5.45
2.45
4.58
4.86
11.3
16.22
2.05
1.29
0
0
2.83
0.6
2.24
1.73
0.75
3.09
3.64
0.14
0.06
0.22
0
0.04
0
3.09
0.85
0.4
0
0
0.53
0.51
0
0
0
0
0
0
0
0.4
0.22
2.87
1.86
20.65
5.61
3.95
1.87
1
0.26
0.02
8.02
2.08
3.48
1.48
6.69
2.2
0.86
2.77
0.65
13.38
0.82
0.01
1.79
0.06
9.16
2.02
12.77
1.82
0
0
0.16
0.1
1.68
0.32
0.1
0.31
0.08
2.32
0
20.01
4.24
18.24
12.18
0.77
0
0
0.21
0
1.86
5.97
5.3
0.35
0.05
1.16
0.09
0
0
0
0
0
0
0.04
0
0
0.66
0.82
0
0
0
0
0
0.05
0.65
0.01
0
0.27
0.04
0
0
0
0
0
0
0.24
0
0
0.24
0.01
0.01
0
0
0.03
0
0
0
0
0
0
0
0
0
0.06
1.59
1.23
0
0
0
0
0
0
0
0
0
0
0
0
5.28
1.95
0.37
0
0
0.59
0.61
0
0
0
0
0
0
0
0
0
0.01
0.02
0
0
0
0.77
0.28
0
0
0
0
0
0
0
0
0
0
0
0
0.01
0
0
0
0
0
0
1.93
0.09
0
0
0
0
0
0
0
0
0
0
0
0
0
0
0.01
0
0
0
0
0
0
0
0
0
0.01
0
0.07
0
1.29
8.21
0.5
3.06
4.7
0.87
0.03
0.02
0.03
0
4.78
13.88
13.18
10.52
3.5
5.04
0.4
0
2.03
0.07
0.28
0
5.88
1.36
0
0.75
1.46
0
0.75
2.01
10.66
1.89
1.97
0
0
0
0
0
0
0.09
3.35
0.02
0.08
0.57
0
0
0
0.62
0
0.05
0.16
0.61
0.29
0.43
3.55
0.11
0
0.01
0.01
0
0
0
0
0
0
0
0.08
0.02
0.03
0.2
0.47
0.14
0.01
0
0
0.01
0.01
0
0
0
0
0
0
0
1.54
10.09
2.74
0.01
0.35
0
0
0
0.03
0.01
0
0.14
0.5
0.63
0.45
0
0
0.34
0.23
0.19
0.13
4.59
1.33
0
0.02
0.17
0
0.11
0.15
0.14
1.56
0.27
0
0
0
0
0
0
0
0
0
0
0
0
0
0
0.03
0.64
0.27
0.61
0.22
0
0
0.02
0
0
0
0
0
0.09
0.87
0.09
0.04
0
0
8.32
4.21
0.12
0
0.02
0
0
0.02
0
0
0
0
0.65
7.64
8.89
6.75
3.15
1.25
0.36
0.02
1.41
3.21
0.87
5.18
2.96
5.77
1.23
0.91
0.58
7.21
4.54
1
0.36
0.02
0.33
0
0.04
0.3
6.78
9.1
5.84
2.91
1.02
0
3.96
4.96
5.17
0.68
0.05
0.23
0
0
0.23
1.53
0.85
0.78
0
0
0.02
0.01
8.39
6.6
0.49
0
0
0
0
0
0.04
0
0
0
0
0.99
2.66
0.06
0.2
0
0
0
0
0
0
0
0
0
0
0
0
0
11.3
13.84
2.31
0
0
0
0
0
0.03
0
0
0
0
0
0
0
0.01
0
0
0
0
0
0
0.04
0
0
0
0
0
0
0
0.01
0
0
0
0
0.63
3.95
2.24
4.69
0.91
0
0.01
0
0
0
0
0.02
2.34
0.02
0
0.01
0
0.06
0
0
0
0
0.01
0
0.06
0.8
0.2
0
0
0
0
0
0
0
0.68
0
0
0.01
0
0
0
0
0
0
0
0.53
2.62
1.96
0
0
0
0
0
0
0
0
0.08
0.07
0.5
0
0.05
1.45
0.18
4.57
3.48
0.27
25.35
2.27
0
0
0
0
0
0
0.01
0.04
0
0.13
1.6
4.63
3.45
0.24
5.55
2.01
0.05
0.12
3.3
5.81
24.13
7.74
0.45
0.05
0.45
3.54
7.04
1.4
0.2
0.16
5.44
1
0.32
6.27
11.9
14.17
0
0.02
0.21
14.62
8.55
7.24
0.41
0
0.25
0.29
0
0.01
4.82
2.33
0
0
0.58
0
0
0.02
0.58
7.48
1.81
0.34
0.07
0
0
0
0
0.09
0.26
0.02
0.01
0
0
0
0
0.14
0.98
4.01
0.77
2.3
0.82
0.19
0
0.27
0.08
0
0
0.02
4.85
0.18
0
0
0.59
0.08
0.42
0.63
0.02
0
0
0
0
0
0
0.05
0
0.29
5.34
0.7
0.32
0.96
4.07
3.09
12.8
8.36
3.03
0.07
9.04
6.66
0.39
0.16
0.19
5.56
0
0
0
0.01
6.65
1.13
0
0
0.26
0.18
0.19
0.25
0.08
5.23
0.85
0.08
0.21
0.02
0
0
0.88
0.14
0.88
0.17
5.71
6.48
1.73
1.03
1.16
0.73
1.71
5.63
0.54
0
0
3.3
3.75
5.22
10.06
6.41
3.77
3.11
7.84
3.48
1.67
0.06
0
1.23
12.41
0.85
9.16
0.24
0
0.38
0.14
1.69
8.24
18.89
6.07
4
11.33
0.77
8.35
2.58
2.22
3.14
8.98
3.88
0.98
1.74
0.05
0.02
0
1.3
0
0
0
0
0
0
0
0.02
0
0
0
0
0.04
1.61
17.89
7.88
17.35
6.86
1.59
1.36
0
0
0
0
0
0.02
0.02
0.57
1.1
0.03
0
0
6.46
4.86
3.05
5.22
7.69
2.2
1.31
0
0
0
0
0.26
2.84
0.71
2.43
1.06
0.17
0
0
0.12
0.02
0.14
1.74
0.81
2.21
0.76
3.84
0.02
0
0.04
1.46
0.09
0.1
0.04
1.55
1.68
0.81
0.46
4.95
0
0
0.02
0
0
0
0
0
0
2.16
0
0
0
0
0
0.09
0.02
5.91
3.38
2.05
0
0
1.23
0.6
2.5
4.44
0.27
0
4.93
16
0.07
0
0.07
0
0
0
0
0.02
0
0.02
0
0
0.07
0.02
0
0.25
7.59
0
0
0
0
5.09
0.29
0.05
0.24
2.51
0
0
0
0
0
0
0
0
0
0
0.69
6.7
1.23
0.26
0
0
0
0
0
3.82
0.49
1.16
0
0.01
0.06
0.03
0.05
0
0
0
0
0
0
0
0
0
0
0
0.05
0
0.11
1.71
8.97
0.94
0.91
0.14
2.3
0.62
4.18
0
0
0
0
0
0.13
0
0
0
0
0
0
0
0.02
4.16
0.01
0
6.24
0.24
0
0
0.04
0
0
0
0
0
0.05
0
0
5.86
0.15
0
0
1.75
0
0
0.04
0.12
0
0.03
0.49
11.66
15.85
9.53
1.84
0.09
1.86
0.44
0.02
0
0
0
1.6
0.23
0.34
0.76
0.07
0
0
0
0
0
0.02
0
0
0
0
0
0.51
0.05
0.01
0
0.01
0.61
6.7
0.13
0
0
0.66
26.54
8.03
0.64
2.74
3.3
0.54
0
0.21
4.96
3.91
8.88
12.27
2.48
0.43
0
0.02
0.01
1.67
0.24
2.98
2.54
2.61
2.05
1.25
1.11
3.64
1.09
0
3.38
1.55
0.14
0.28
0.2
0.23
0.2
8.26
4.88
2.7
2.5
0.7
0
1.2
12.77
3.81
10.12
2.68
5.92
16.18
1.99
2.46
0.87
1.26
0.62
3.53
0.49
1.24
0.92
0
1.84
0.27
0
0.02
0.35
1.77
2.67
1.92
0.88
14.66
5.05
0.48
0.19
0.12
0
0
0
0
0
0
0
0.14
0
0
0
0
0
0.02
1.33
0.8
2.45
0.05
3.88
4.98
2.2
0
0
0
0.13
0
0
3.96
1.62
0.38
0.31
0
0
0.83
0
0.25
0
4.12
0.03
0
1.12
0.21
0.84
0
1.82
3.36
8.63
0
0
7.89
0.06
2.48
0.04
0
0
0
0
0
0
0
0
0
0
0.5
0.19
0
0
0
0
0
0
0
0
0
0.96
0
5.19
1.47
2.71
3.75
2.65
0.3
1.44
3.02
0
0.11
2.58
0
0
0
0
0
1.48
0.01
0.02
0.13
23.56
4.48
7.05
0
0.02
0
0
0.04
0
0
0.59
0
0.18
9.18
10.16
0
0
0
0
0
0
0
9.92
25.67
0.02
0
1.93
0.44
0
0
0
0
0
0
0
0
0
0
0.12
0
0
0
0
0
0
0
0
0
0
0
0
0
0
0.43
3.52
0
0
0
0.01
0.01
0.01
0
0
0
0
0.01
0
0
0
0.04
0.04
0
0.01
0
0
0
0
0
0
0
0.23
6.27
3.79
1.27
0
0
0
0
0.03
0.25
1.8
1.43
0
0
0
0
0.05
0.19
0
0.73
1.07
0
0.39
15.7
11.77
2.47
3.98
0.25
0
2.7
6.9
0.11
0
0.58
0.22
0.21
0
0.02
0
0
1.89
5.31
8.72
6.55
3.42
2.94
2.02
0.45
0.18
0
0
0
0
0
0
0
0
0.18
0.14
0.3
0
0.7
0
0
0
0.68
20.4
3.03
0
0.09
1.68
2.55
0
3.77
6.45
0.96
7.41
7.58
3.41
0.44
2.27
0.02
0.04
0.02
0
0
1.26
0
4.68
1.12
3.49
22.92
6.59
7.94
5.24
0.19
0.36
0.63
0
1.22
0.6
0.41
0.26
0
0
0
6.99
14.35
1.09
3.25
0.03
0
0.01
0
0
0.14
0
0
0.05
0
0.91
0.81
0
0
0
0
0.24
0
0
0
0
0
0
0
0
0
0
0.01
0
5.79
1.02
0.07
1.16
0.42
0.75
2.41
1.18
0.26
0
0
0
0
0
1.36
29.65
2.25
0.71
3.71
5.26
1.3
1.62
0.9
0.59
0.27
0.02
0
4.86
0.64
0.44
1.26
0.3
2.26
0.24
0
0.11
1.84
0.46
0.24
1.23
0.73
0.19
0.23
0
0
0.1
0
0
0
0
0
0
0
0
0
0
0
0
0
0.25
0.02
0.53
17.3
0.4
12.68
7.09
7.06
7.91
6.31
1.38
0
0
0
0
0
0
0
0
0
0
0.16
0.01
0
0.04
4.81
1.06
0.84
0.28
0
0.52
0.67
1.18
0.06
0.7
0.03
0
0.36
0.26
0
0
0.55
9.5
2.34
0.13
0.82
0
0.01
0
0.01
0.01
0
0
0
0
0
0
0
0
0
0
0
0
0
0.38
0.77
0
0
0.03
0.16
0.13
0.04
0
0
0
11.04
3.06
0.46
0.1
0
0.93
0
0.04
0.07
0.05
0.05
11.48
7.53
16.04
1.37
2.58
0.56
10.34
0
0
0
0
0
0
5.08
10.17
2.18
0
0
0.09
0.04
0
0.08
0
0.02
0
0
0
0
0
0
0
0
0
0
0
0
0.18
0.66
0.9
2.7
0.31
0.49
1.49
4.9
0
0
0
0
0
0
0
1.8
0.68
0
0.01
0.88
0
0
0.02
0.86
6.29
0.16
0
0
0
0
0.01
0.14
0
0.27
0
0.02
0.1
16.63
2.36
0.68
1.3
0.01
0
0
0
0
5.78
2
1.05
0
0.18
6.3
0.18
0.4
1.59
0
0
0
0
0.1
0.01
0
0
4.48
0.59
0
0
0
0
0
0
0
0
0.07
0.63
0
1.98
4.03
0.41
0.55
0.18
1.89
3.14
0.28
0.02
0.42
0
0
0.79
0
5.51
0.08
0
0.07
1.88
4.65
3.55
0.8
0
0
0
0
0
0.39
1.96
2.55
0
0
0
10.74
21.81
1.66
0
0.02
0
0
0
0
0
0
0
0
0.01
0
0
0
0
0.16
1.17
3.59
0
0.26
2.02
0.17
0
0
0
0
0
0
0
0
0
0
0
0.04
0.02
0
0.01
0
0
0.34
0.23
0.05
0
0
0
0
0
0.04
0
0
0
0.07
0
0
0.9
0.28
0.84
1.13
6.91
0.04
12.37
35.52
0.84
1.79
1.15
5.34
2.76
12.59
1.69
0
0
2.49
0
0.2
0.05
0.84
0.05
0
0
0.23
0
0
0
0
0
5.1
0.29
0
0
0
0
0
0
0
8.7
0.71
0.22
3.69
7.17
12.11
22.2
16.73
3.72
0.23
0
0.69
6.09
0.23
0
0
0
0
3.01
0.13
12.52
9.7
2.63
0.27
0
0
0
4.5
2.03
2.31
3.24
0.37
3.06
0.41
0.52
0
0
2.46
0.2
0.2
0.12
2.63
9.49
5.13
3.47
0.42
0
0.02
0.59
2.37
0.24
0.03
0.02
0.08
0.06
0.02
0
0.87
20.31
2.41
0
0.24
0
0.03
6.87
8.74
7.7
3.81
0
0.25
2.93
0.04
0.06
4.79
2.35
0.24
6.2
5.08
0.03
0
0.24
0.99
0.9
5.43
0.49
0
0
0
0
0.23
1.5
5.29
7.16
7.17
7.55
2.52
4.38
1.59
0.1
0
0.03
0
3.64
0.26
0
0.27
1.48
0.2
0
0
0.01
0.02
4.76
3.87
5.31
0
0
0
1.51
3.65
0.9
0.01
0.01
0
0
0.27
0.03
0
0
0
3.54
8.34
0.15
0
0
0
0
0
0
0.04
0
0
0
0.19
11.59
0.39
0
0
0
0.08
3.18
8.82
1.26
0
0
0
0
0
0
0
0
0
0
0
0.02
0
0
0.01
0.01
0
0
0
1.82
0
0
0
0
0
0
0
0
0
0
0
0.01
3.19
0.25
0.01
0
0
0
4.32
0
0
0.34
0
0
0
0
0
0
0
0
0
0
0
0
0
3.79
0.13
0
0
0
0
0
0
0.16
0.01
0
0.03
4.66
5.9
0.02
0
0
0
0
0
0
0
0.88
0
0.02
0
0.01
0
0
0
0
0
0
0
0
0.18
0
0
0
0
1.44
7.64
1.03
0.8
0
0.18
3.16
0.04
0.89
2.19
3.95
4.5
8.38
3.11
0.01
0
0
0
0
0
0
0
0
0.33
6.95
22.91
0.75
0.14
1.68
0.05
0
0.01
0.03
0.08
0.03
0
0.01
0
0
0.16
10.66
2.77
16.26
8.05
0.45
1.77
4.21
2.69
0.34
0.59
0.09
0
0
2.52
1.73
0.15
0
0
0
0
0
0
0
0
0.03
0.63
3.9
0.66
0.09
0.01
0
0
0.22
0.06
0
0.02
0
0
0
0
0
0
0
0.01
0
0
0
0
0
0
0.45
3.7
0.59
0
0
0
0
2.34
0
0.01
0.76
2.9
0.13
0.23
0.01
0
0
0.11
6.13
0.3
0.42
0.31
0
1.35
3.46
10.55
9.89
0.14
0
5.94
0.62
0
0
0.98
3.66
2.75
0.04
0
0
0
0
0
0
0
0.01
1.15
0
0
0
0.01
0
0
0
14.91
1.3
0.73
0
0
0
0
0
0
15.55
2.64
0
0
0
0
0
0
0
0
6.12
1.85
2.57
6.29
2.05
1.69
0
0
0
2.5
0
0.02
0
0
0
0
0
0
0
0
0
0
0
0
0.01
0
0.34
0.02
0.16
0
0
0
0.04
0.14
6.27
6.04
2.77
0.3
1.92
4.12
0.08
0
0
0.41
2.93
0
0.7
0
0.01
7.79
7.04
3.89
0.46
0.01
0
0
0
15.71
0
0
0
0
0
0
0
0.59
0
0
6.76
1.96
2.05
1.04
10.45
1.9
28.9
0
0
0
0
0
0
0
0
0
0
11.33
0
0.01
0
5.96
2.05
0.09
0.09
0
0
10.03
0.83
0
0.94
0
0.26
0
0
0
0
1.46
1.67
7.73
0.55
0.03
0
0
0
0
0
0
0.05
0
2.81
0
0.03
0.02
0
0
0
0
0
0
0
0
0
0
0
0.2
0.01
0
0.2
0
0
0
0
0
0
0
0.06
0
0.14
0
0
0
0
0
0
0
0
0.01
0.06
3.23
9.16
24.64
1.52
4.63
1.54
0
0
0.01
0
0
0
0.01
0.27
5.7
0
0
0
0
0
0.46
0
0
0
0
0
0.39
18.16
0.87
0
0
0
0
0
0
0.01
0
0
0
0
0
0
0
0
0
0
0
0
0
0.01
0.05
0.58
2.92
4.38
0.29
0.05
0.7
0
0
0
0
0
0
0
0
0
0
0
0
0.48
4.34
0
0
0.95
0.72
0.01
0.03
0
0
0
0
0
0
0
0
0
0
0
0
0.04
0.02
0.89
0
0
1.21
0
0
2.53
0.16
0
0
0
0
0
1.46
0.66
17.13
5.23
0.07
0
4.15
1.18
0
0
0.04
0
0
0
0
0
0.02
2.52
10.68
0.48
1.39
0.03
0
1.27
0.25
0.01
0.05
0
2.71
10.85
0.9
0.05
0.81
2.56
0.83
0.16
3.69
0.5
0.02
0
0
0
0
0.01
0.01
0
0
0
10.89
4.06
0.02
0
0.01
0
0
1.32
0.09
6.86
5.98
5.59
2.84
0.15
0
0.47
0.49
2.3
1.2
0.4
0.77
0
0.5
0.03
0
0.91
0.3
0.51
0
0
0
0
0
9.14
18.95
9.59
11.48
4.69
7.68
2.78
4.14
3.29
1.13
5.75
11.99
7.03
2.23
0
26.06
2.91
2.02
8.36
0.21
6.43
0.39
0
1.02
8.63
1.99
1.64
0.04
0
0
0.72
3.43
0.05
0
1.54
3.49
5.38
0.18
6.76
8.2
5.02
5.09
13.69
40.92
2.63
0.02
0
8.43
0.6
0
0
0
0
0
1.12
0.83
0
0
0.04
0.07
2.02
5.95
2.66
0.29
0.01
0.01
0.01
0
0.14
2.32
0.25
0
0
0.01
0.95
0
0
0
0.3
13.2
2.32
2.2
8.45
4.09
4.34
3.3
6.1
1.84
0.55
17.81
13.99
11.94
9.6
0.44
9.56
15.52
8.94
1.45
3.82
10.05
0.04
0
4.25
0
0
0
0
0
0
0
0
0
0
0
0
0
0.36
0.02
0.35
3.63
4.02
10.46
5.9
7.39
0.04
0
0
0
0
0.05
0.04
0.66
0.34
0
1.05
0
0
0
2
0
0
0
0
0
5.9
1.24
0
0
0.39
0
0
0
0
0
0
0
0
0
0
1.01
0.21
0.13
0
0
0
0
3.81
0.69
0
1.02
1.55
1.54
0.02
0.05
0
1.04
0.4
4.07
0
0
0
0
7.18
0.01
3.86
0
0.64
1.29
0.06
0.24
0
0.21
7.63
0.28
15.13
0
11.98
0
0
0
0
0.46
11.41
8.05
0.02
0.5
0
0
0
0
0
0
0
0
0
0
0
0
0
0.01
0
0
0.04
0.21
0.07
0.32
1.46
0.01
0.34
4.08
0
0.07
0.5
41.03
29.88
0
0.12
0.02
0
0
0
5.16
4.97
1.98
0.97
3.23
18.94
2.8
0.25
0.01
1.43
9.68
1.68
1.22
9.02
0.74
1.57
0.11
0.02
0
0.13
1.1
0.42
0.06
3.15
3.31
10.79
2.65
1.48
2.13
2.04
8.76
0.2
0
0
1.9
0.05
0
0
0
0.01
0.01
0
0
0
0
0
0
3.67
15.46
0.94
1.01
2.77
0.09
1.43
0.04
0
0
0.02
0
0
0
0
0
0
0
0
0
0.04
0
0
0
0
0.21
0.95
0
0
0
0
0.03
0.35
0
0
0
0.29
0.02
5.55
0.33
0.03
2.62
0.44
1.08
0.02
0.33
0
0.09
1.8
5.59
14.09
7.03
0.31
0.07
0
0
0.01
0
0
0
0.12
0.02
0
0
0
0
0
0
0
0
0
0
0
0
0
0
0
0
0
0
0
0
0
0
10.81
0.01
0.19
0
0.01
0.06
0.01
0
0
0
0
0
0.05
0.03
0
0
0
0
0
0
0
0
0
0
0
11.75
10.25
1.84
0.09
0
5.61
7.33
2.28
7.02
4.33
1.11
0.01
0
0
0
0.92
0
2.74
35.94
7.69
8.64
2.12
0.25
6.86
14.53
1.77
0
0.01
0
0
0
7.04
0.74
0
0
0
0
0.04
0.35
0.97
0.17
0
0
0
0
0
9.31
0
0.78
1.97
0.01
0
0.01
0.58
2.05
0
0
0
0
0
0
0
0
0.05
0
1.34
3.27
0.27
0.21
0.54
0
0.04
0.16
0
0.21
2.2
0
0.09
0.01
0
0.01
0.02
0.91
0.01
0.09
0
0
0
0
0
0
0
0
0.12
0
0
0
0
0.49
12.03
0
0
0
0
0.43
0
0
4.41
0
0.08
0
0.12
0.03
0
0.02
0
0
0
0
0
0
0
0.02
0
0
0
0
0
0
0
0
0.02
0
0
0
0
0
0
0
0
0
1.38
1.19
9.74
0
0
0
0
15.98
6.5
0
1.65
1.98
1.44
6.03
0
0
0
0
0.01
0
0.02
0
0.62
0
0.31
0.94
0.39
4.09
1.91
10.56
0.11
2.24
0.08
0
1.62
0
0
0
0
0
0
0
0
0.09
0
0
0
0
0
0
0
0
0
0
0
0
4.44
0
0
0.43
1.92
9.25
3.3
0.66
24.81
0.47
0
0
0
0
0.13
0
0.12
0
6.31
4.48
3.55
11.27
3.19
1.62
0.23
0
4.89
2.09
1.62
9.06
4.06
6.97
1.91
0.25
3.69
0
0.24
0.66
0.66
13.41
1.09
0.75
0.25
2.17
0.05
1.84
0.78
8.06
0.14
0
3.31
2.5
0.23
0.02
0
2.24
0
0.01
0.16
6.78
0.03
0
0
0
0.31
0.5
29.81
21.5
10.38
2.66
0
0
0.01
0
0
0
0
0
0
0
0
0
0
0
0
0
0
0
0
0
0
0
0
0
0
0.05
5.45
1.75
3.19
30.44
3.56
1.47
0.69
5.12
0.23
0.42
3.02
0.28
1.18
0.84
0
0.05
0
0
0
0
0
0.27
0
0.11
0.09
0
0.02
0
0
0
0.04
0
0
0
0
0
0
0
0
0
0.01
0
0.36
18.94
3.8
1.05
0.05
3.12
1.16
0
0
0
0
0
0
0
0
20.16
41.62
5.05
0.03
0
0
4.14
0.89
4.03
0.7
0.38
1.22
0.03
0.01
0.98
9.89
13.5
6.19
1.66
0
0.1
0.19
5.84
2.38
3.15
6.52
5.48
0.71
0
1.06
4.7
6.59
3.75
5.78
6.11
3.12
0.28
9.09
1.73
3.3
2.14
3.05
5.78
1.38
0
0
0
0.03
0
0
0
0
0.01
0
1.46
0.41
3.88
2.27
20.31
0.19
5.58
12.87
1.77
0
0
0
0
0
0
0
0.67
19.08
1.46
0
0
0
0
11.31
0.05
0
22.19
6.64
0
0
6.11
0.09
0
0
4.69
0.2
0
0
0
5.13
0.05
0
0
0
0
0
0
0.52
3
0
0.01
0
0
0.54
0
0.03
0
0
0
0
0
4.34
10.19
0.53
0
6.23
0
0
0
0
0
0
0.48
0.03
0.12
0.19
0.95
0.09
0
0
0.01
0
0.01
0.28
0
0
0.02
0
0
0
0
0.36
0
0
0.55
20.89
0
0
0.01
0
0
0
0
0
0
0.01
0
0.01
0
0
0
0
0.25
0
0
0
0
0
0
0
0
0
0
0
0
0
0
0
0
0.49
0.04
1.1
4.86
11.66
0.31
2.49
0
0.03
6.41
15.55
0
2.81
0
0.05
0
0
0.44
21.5
0
0.79
0
0
0
0
0
0
0
0.02
0
0.22
0.21
0.01
0
0
0
1.56
0.75
0.33
3.18
0
8.64
0.09
0.03
0.02
0
0
0
0
0
5.14
1.06
2.88
8.62
1.09
0
0.01
0
0
0
0
0.92
0.98
0.26
0
0
0
0
0.01
0
0
0
0.03
0
4.19
0.06
0
0
0.02
0
5.41
0.86
0.02
3.58
7.27
0.62
2.44
6.59
6.5
0.01
0.4
1
0.62
0.04
0
0.02
3.59
0.06
0.06
0.02
0.12
1.45
0.1
0.09
7.12
0.56
0.14
0.08
6.61
2.98
1.09
0.8
0.23
0
0
1.31
24.28
8.88
0.48
0.11
0.05
0.01
0
0
0
0
0
0
4.53
12.53
0.6
12.03
0.67
10.95
0.77
1.3
1.31
3.7
3.34
0.17
0
0
0
0
5.94
4.67
7.19
8.61
23.59
0.75
1.38
6.16
0
0.02
0.02
0
0
0
0
0
2.81
1.56
0
0.02
0
0
0.02
0
5.34
0
0.63
0.69
0
0.03
2.22
0.16
0
0.05
0.01
0.02
0
0
0
0
0
0
9.17
0.25
0
0
0
0
0
0
0
0
0
0
0
0
3.86
0
0
0
0
0
2.77
1.64
6.56
10.17
0.06
3.43
4.37
0
0
0.04
0
0
9.06
11.34
6.27
0.05
13.69
1.7
5.5
8.83
12.16
2.13
6.48
5.62
0.85
2.28
0
0
0
0
0.74
8.16
0.52
0.13
0.19
7.22
0.06
0
0
0
0
0
0
0.02
0.41
4.88
0
0
2.77
0
0.09
5.18
5.9
0.54
13.76
0
4.39
2.27
13.28
0
0.01
0.02
0
0.27
21.44
0
0
4.03
0.43
5.89
1.97
0
2.19
0.38
0
5.53
3.98
0.38
0
0.15
0
0
0
0.01
0
0
0
0
0
3.51
0
0
0
0
0.15
0
0
0
0
0
0
0
0
0.09
0
0
0
0
2.94
0
0
0
0
0
5.05
0.03
0
0.02
0
0
0
0
0
0
0
0.46
0.01
0.02
0.64
0
0
1.22
7.67
0
0.04
0
0.31
4.28
0
0.19
0.19
3.06
0
1
0
11.5
45.56
0.97
0.12
0
0
0
0
0
0
0
0
0
1.62
22.22
1.72
2.69
0.6
0
0
0
0
0.09
0
5.55
0.09
0
0
0
0
0
0
0
10.14
0.03
0
0
0
0
0
0
0
0
0
0
0
1.1
0.26
0
0
0
0
0
0
0
0
0
0
0
25.81
1.75
20.12
0
12.8
0.11
0.22
0.02
0
0
0
0
0
0
0
0
0.03
0
0
0
0
0
1.53
5.67
29.09
3.94
9.47
9.38
1.55
2.89
0
0
0
6.53
0
0
0.48
0.98
0
7.84
0.3
0.06
0
0
0
0
0.02
0
0
0
0
0
0
0
0
0.22
2.09
4.14
7.47
0.58
0.02
0
0
0
0
0
0
8.31
0.55
0.18
0.02
0
0
0
0
0
0
0
0
0
0
0
0
0
0
0
0
0.02
0
0
0
0
0
0
0
0
0
0
0
0
0
0
0
0
0
0.05
0
2.92
0.63
0.04
0.04
0
0
3.26
0.02
0
0
0
0
0.07
0.09
0.48
0.02
0
0.06
17.28
0.34
0.05
0.69
5.77
0.46
0.12
0
15.66
9
3.97
4.91
0.22
1.16
1
0.12
1.5
1.16
6.44
0.53
0.38
3.06
4.05
6.56
0.18
0.04
3.8
8.02
0.77
0.19
0.07
0
0
0
0
0
0.41
0.48
0
2.02
0.39
3.03
0.03
0.01
0
0
0
17.08
6.94
0
15.56
5.52
0.04
0
4.48
8.19
1.77
0
0
5.46
8.23
1.06
0.09
0
0
0
0
0
0
0
0
0.79
8.48
0
0
0
0
0
0
0
0.02
0
9.77
0
0
0
0
0.21
0.01
0
0
0
0.06
0.02
0
0
0
0
0
0
2.97
0.59
0
0.02
2.83
0.04
0
0
0
0
0.97
0
0.02
0
0
0
4.47
0
0
0
0
0
0
0
0.48
5.8
0
0
0
0
0.59
0
0
0
0
0
0.01
0
0
0
0
0
0
0.97
0
0
0
0
0.02
5.07
1.64
0.56
1.46
3.43
2.42
0.36
1.12
0.06
0
0
0.28
0
0
0.41
0.01
0
0
1.47
0
0
0
0
1.8
0.02
0.41
2.8
2.92
0
0
0.62
0
0
0.01
0
0
0
0.02
0
0
0
0
0
0
2.77
5.12
0.52
4.3
0
0
0.92
15.35
5.51
3.09
0.55
0
0
3.56
0.56
0
0
2.03
0.06
0
0
0
0
0
0
0.75
0.14
0.84
5.77
3.86
0.13
0
0
0
0.52
0
0.05
4.97
3.22
0.56
0.12
3.75
0.03
0
0
0
0
0
2.23
0.69
0.09
0.41
1.23
0.04
0
0
0
0.77
4.31
0.16
8.19
0
0.11
0.94
3.81
4.89
3.17
5.47
0
2.78
8.77
5.31
2.45
7.02
1.17
0
6.23
0.16
0
0
0
0
2.03
3.34
1.69
0.86
1.78
8.19
11.31
7.09
7.31
15.41
23.88
5.36
4.41
0.7
2.64
0.27
0
8.72
0.22
0.28
0
0
0
0
0
0
0.94
0.04
0
