19510101
9.81
7.73
0.89
0.01
0.01
0.48
0
0.34
1.64
1.1
1.25
3.2
1.21
0.62
0.03
0.05
0.01
0.04
0
0
0.12
0
1.64
9.2
1.82
2.47
2.73
2.34
0.93
0.35
0.4
0.19
0.22
3.46
6.73
3.56
0
0.25
1.07
0.79
0.77
1.45
3.9
0.47
0.04
0
0
0.06
0.28
0
3.99
0
0.62
8.04
2.46
3.02
0.75
0
0.3
0.14
0.41
4.1
7.6
3.82
2.99
1.21
3.3
0.77
9.18
1.32
8.2
9.75
1.48
0.12
2.49
1.07
0.41
0.05
0.34
0
0
0
0.55
0
0
0.4
0.79
0.83
0.9
0.02
0
0.01
0
0.03
0.03
0.36
2.18
0.34
0.07
11.65
1.07
0.02
0
0.02
0.04
0.02
0.99
0.14
0.67
3.61
0.68
1.83
8.42
13.5
4.1
6.83
2.96
3.93
0.26
10.36
6.74
3.91
0
0.52
2.17
4.09
7.08
2.76
1.23
2.03
4.7
0.78
0.01
0.1
0
0
3.07
7.46
0.7
0
0.05
0
0.09
0
1.19
3.4
0
0
9.19
1.96
0
0
0.07
6.35
0
6.52
0
3.63
0
0
1.8
0
0.1
0
0.06
4.93
2.46
1.36
0.62
3.26
0.46
1.51
0
0
0
0
0.01
0
0
0.57
0
1.66
0
0.38
0.66
10.96
0.28
0
0
0.36
0.03
0
2.08
0
0
0
0
0.05
0
0
0
0
0
0
0.01
0
0
0.02
0.42
0
3.03
8.14
12.77
0.86
0.25
0
0
0
0.41
0
0
0
0
0.02
0.23
0
5.1
0
0
0
0
0.06
0.1
0.02
2.7
11.65
0.67
0.95
0
0
0
0
0
0
0.02
0
1.99
3.38
2.84
17.16
10.99
0.74
6.71
7.95
12.64
6.41
2.02
0
0
0.01
0
0
0
0
1.56
14.84
1.71
0
0.02
0
0
0.02
0
7.55
17.69
4.67
1.84
0
0
0
2.5
0.06
0
1.82
4.53
0
0.93
2.14
0.09
0
0.02
3.59
5.09
1.45
2.6
0
0.29
0
0.77
0.4
0
0
1.88
0
0
1.57
0
0.16
0.41
0.3
3.38
4.54
2.13
0.53
0.56
2.43
0.98
0.28
0
0
0.98
6.44
2.99
0.27
0.39
0.05
0.02
0.02
0.01
0
4.25
0.04
1.42
0
0
0
0.03
0.04
0
0
1.79
2.8
1.39
0
0.76
2.31
0.38
0.95
0.73
1.21
0
0.03
3.71
3.14
3.02
1.05
0.36
1.2
0.54
0.13
1.52
0.75
0.72
0
0
0.01
0
0.01
0.01
0.99
0.07
0
0
0.02
0
0.02
0.89
0.06
0
0.01
0.01
0.91
1.57
1.75
2.5
0.02
0.13
0.91
1.93
2.05
11.16
1.93
0.28
0.02
0.7
1.04
0.09
0.01
0.05
0
0
0
0
0.02
0
0.57
0
5.07
7.05
0.29
0.16
0
2.36
1.11
0.02
0.02
0.03
0.02
0.05
0.91
2.8
5.15
1.68
0
0
0
0
0
0
0
0
0
0
0.39
0.17
6.24
1.07
0.16
0.73
1.79
5.13
4.01
2.66
0.68
0.11
0
0.26
0.15
0
0
1.78
1.44
4.94
2.91
2.74
5.38
6.88
0
0.29
0
0
0.06
0
0.03
0.09
5.9
3.15
2.12
7.05
0.66
0.29
0.36
0
0
0.05
0.03
1.73
0.36
0
0.01
0.22
2.98
0.41
7.49
0.82
1.59
0.38
0.45
10.69
4.6
0.86
0.82
0.04
0
0.02
0.01
0.02
0
0.61
3.39
0
0.05
0
1.18
1.88
1.28
3.03
4.73
8.6
0.76
0.02
0
0.16
0
0
4.83
0
0.07
0.09
2.87
0.95
0
0
0.45
0
0
8.11
0.6
0
0
0
0
0
6.03
0.83
0.83
3.62
0
0
0
0.05
0.57
2.68
3.5
0
0
0
0.01
0.28
4.74
3.39
0
0
0
0
0
0
0.2
0
0
9.91
9.8
6.03
1.72
0
0.11
3.75
20.49
0
0.62
2.04
0.42
2.67
5.48
10.96
0.71
8.35
15
0
0
1.52
11.9
0.21
0.07
0
0
0
0.18
0
0
1.36
0
0
0
0.08
0
0.03
0
0
7.97
0.67
0
0.01
0.1
4.51
10.38
6.68
0
0
0
0
0.07
0.03
0
0
0.02
0
0
0
0
0.4
0.02
0.07
6.52
10.09
3.03
0
0.11
0.01
0.02
0.05
0.02
0
0.01
0
0
0
0
1.73
0.02
0
0
0
0
0.08
0
0
0.49
0.07
4.56
0.77
0
0
0
0.02
0.01
1.59
1.85
0.47
1.16
0.17
0.06
0.43
1.79
0
0.02
0.04
0
0
0
0
0
0
0.03
0.12
0.62
0.4
0.31
0
0
0.02
0
0.61
0
0.04
0.16
3.82
7.98
1.71
0
0.18
0.15
1.11
0.84
0
0.51
1.02
1.57
0.61
4.71
3.23
6.2
1.37
0.06
0
0
0.04
0
0
0
0.02
3.92
4.15
2.91
0.59
0.44
3.85
0.57
2.24
0.46
0.02
1.41
0
0.02
0
3.81
6.46
2.65
3.05
0.77
0.58
5.22
5.04
1.91
1.65
0.98
2.27
3
1.45
0.1
0.2
0.06
0.05
0.04
0.04
0.04
0.04
0.04
0.11
0.03
0.03
0.03
0.03
0.04
0.03
0.05
0.02
0.02
0.02
0.02
0.01
0.01
0
0
0
0
2.48
3.72
0.06
0.33
0
5.18
3.39
1.34
1.25
0.2
0.66
0.04
0.02
0.01
0.01
0.05
0.01
0
0
0
0
0
0
0
0
0.01
0
0
0
0
0
0.01
0
0.01
0
0
0.02
0.11
0.65
0.05
0.15
2.49
1.76
0.36
0.3
0.3
0
0
0
0
0.2
0
0.02
0
0
0.07
3.46
0.31
0.04
0
0
1.88
5.99
6.09
1.09
0.23
8.72
1.66
0
0
0.02
0.12
1.86
3.95
9.88
1.23
0.84
3.13
1.4
3.65
3.02
0.68
0
0
0.45
0.01
1.27
0.91
0
0.09
0
0
0
0
0.02
0
0.02
5.21
0.02
0
0.44
0.04
2.93
0
0
0
0
0
0.04
0
0
0.01
0
0
0
0
0
0.34
2.17
4.89
10.29
15.55
10.62
0.14
0
0
0
0.05
0
0.02
0.02
0
0
0
8.55
0.18
0.02
0
0
0.07
1.27
7.83
14.15
17.52
7.49
0
0.23
2.13
0.48
12.2
2.71
0
0
2
0
0.18
0.26
0
0
0
0.02
0
0
0
0
0
0
0
0
0
0
0.02
0
0
0
0
0.47
0.15
0
0.03
0
0
0
0
0
0
0
0
0.67
4.13
13.1
0.45
0.16
0.33
0
0
0
0.04
0
0
9.94
0.7
0.36
0.22
0
0.01
0
0
0
0
0
0.59
0
1.14
0.67
0.24
0.07
0
0
0
0
0.16
0
0
0
0.02
0
0.07
0
0
0
0
1.84
12.25
1.24
0.17
0
0.06
0.05
1.82
28.81
1.87
2.82
0.03
0
0
0
0
3.2
2.92
6.83
11.36
17.16
6.29
0
1.76
0
0.16
0.06
0
0.03
1.42
1.98
0.41
0.7
0.26
0
0.01
0
1.42
0.08
0
0.03
0
0
0
0
0
0
0
0.02
0.03
0.05
0
0.01
0
0.02
0.08
0.08
0
0.02
0
0
0
0
0.08
0.18
0.79
0.5
1.09
1.47
0.29
0.95
12.82
2.48
1.98
0.71
0.95
0
0
0
3.53
1.05
0.66
0.1
4.58
1.37
0.76
0.87
0
0
0
0.36
0
0.08
0.26
0.32
0.09
0.04
0.91
0.61
0.03
0.8
4.2
2.45
0.64
0.35
0.07
0.02
1.99
0.03
0.01
0.05
0.05
0
0.02
0
1.53
0
0.01
0
2.83
0
0
0.05
1.59
0.69
2.77
1.2
3.26
0.2
0.17
0.85
1.46
1.72
1.88
0.23
0.6
0.7
0.22
2.28
1.83
0.3
2.29
2.9
2.97
0.92
0.2
1.19
0.41
0.37
0.26
0
0
1.8
0.03
0
0.06
2.8
0.05
0
1.13
3.07
1.8
0.95
0.1
5.9
0.88
0.85
0.79
19.15
4.93
1.46
1.19
6.8
0.16
0.16
0.56
0.88
0.98
1.52
1.02
1.05
0.55
2.9
0.64
0.05
0.04
0.37
7.04
0.64
0
0
0.32
0
0.22
0.68
1.23
2.68
7.85
2.7
1.39
1.14
0.02
0
0.01
0
0
0
0
0
0
0
0
0
0.8
1.89
7.1
2.84
2.73
0.86
9.17
0.26
0.2
0.06
0
0
0
8.3
2.11
0.65
10.76
8.49
22.21
22.76
3.79
1.25
0.18
0
0
0
0.02
0.43
0.19
0
3.8
0.89
0.02
0
2.7
10.11
0.93
26.7
7.23
2.27
0.19
0.03
0
0.63
0.35
0
0.01
0
0
0
0
0
0
0
0.03
0.41
1.79
3.62
0.33
0.48
1.12
0
0
0
7.18
0.66
0.04
0.03
0
0
0
0.01
0
4.91
1.92
0
0.2
0
0
0
0
0
0.02
0
0.02
8.93
4.16
0.29
0.47
0.02
0
0
0
0
0
0
0
0
0.05
0.02
0
0
0
0
0
0
0
0
0
0
0.66
0.11
0
0.01
0.02
0.16
0.01
2.46
0.17
0
0
0.02
0
0
0.41
0.33
0
0
0
0
0.05
3.06
0
0
0.03
0.09
0.01
0.01
0
0
1.61
2.09
0
0
0.09
0
0
0
0
0.03
0
1.05
0.11
0
0
0.01
0.01
0
0
0
0
0.21
0
0.01
0.01
0
0.03
0.02
0
0
0
0
0
0.41
0
0
0
1.37
1.78
0.14
0.69
0.17
0.07
0
0
0
0.13
1.12
0.13
0.05
0
0
0
0.34
1.79
0.77
5.5
2.98
0.29
0.23
0.15
0.28
0.01
0
0
0
0
0.01
0.01
0.01
0
3.52
1.16
0.03
0.34
4.84
5.71
3.2
7.48
12.52
1.87
0
0.1
0
0
0.07
1.38
1.61
0
0.25
0.37
0.01
0.35
0
0
0
0
0
0
0
0
0
0
0
0
0
0
0
0
0.01
0.37
1.84
2.42
1.32
3.55
5.63
0.89
1.96
4.81
1.7
0.47
0.73
1.24
1.02
2.34
0.24
6.2
9.72
5.38
1.41
3.68
3.93
1.04
0.48
0.06
0.09
3.49
0.48
2.9
2.36
2.34
5.64
7.96
2.4
0
2.45
1.74
0.01
0
0
0.01
0.31
0
4.91
6.97
2.73
7.31
8.04
4.23
5.95
1.55
0.53
0.25
0.85
1.27
1.55
2.38
1.78
0.02
0.04
0.02
0
0
0.05
0.23
1.25
0.53
2.21
1.98
0.9
2.3
1.5
0.03
0.41
0.02
0
0.07
0.02
3.02
2.13
0.21
0
0
0.14
0.14
0.03
0.02
0.68
0.14
0.77
0
0
0
0
0
0
0
0
0
0
0
0.01
0
0.01
0
0.09
0.55
0.14
0.9
3.68
3.91
4.61
12.2
4.83
3.47
0.06
0.02
0
0
1.15
0
7.91
0
0
0
3.37
0.05
0.05
0
1.2
0
1.55
2.74
0.04
0
0
0
0
0
0.29
1.43
2.16
1.56
15.29
1.94
2.12
0.54
0.08
0.44
5.79
11.11
1.88
3.32
4.78
1.28
2.13
10.02
0.47
2.06
0.96
0.02
0
0
0
0.01
0.81
0.7
10.8
10.9
12.07
0.01
0.06
0.1
0
2.98
0.77
8.87
0.29
0
0
0.32
0
1
0
0
0
0.01
0.02
0
0.1
4.91
0.15
0.4
0
0
0
0.02
0.3
0
0
6.05
2
3.63
0.59
0.4
0.23
0.41
0
1.49
0
1.03
0
0.67
0
2.68
3.8
22.7
4.09
2.66
0.04
0.3
0.46
3.91
0.61
3.74
6.06
0
0
0
0.03
1.46
2.07
0
1.85
8.38
0.02
0.27
0
4.58
0
2.56
0.65
0
0
9.91
2.7
0
1.86
7.48
1.02
2.36
0.53
0
0.32
0.3
0
0.02
0.06
0.41
17.43
1.13
1.84
2.78
1.34
3.21
2.01
0.33
0
0.77
0.32
0.22
0
0
0.04
0
9.18
10.98
0.61
0
0.03
0.11
0
0
0.53
0.62
0
0.03
0
5.48
5.66
1.66
0.69
5.11
4.64
0.02
1.73
1.59
0
0.04
0
4.16
3.44
6.98
4.63
3.5
0.32
1.59
2.01
0
1.23
0.45
0.11
0
0.06
0.95
0.58
3.3
1.89
2.88
0.45
0
0
0
0.59
0.01
1.84
6.22
1.39
0.93
0.01
0
0.32
4.46
5.94
11.16
2.41
0.56
0.45
0
0
0
0
0
0
1.6
0.17
1.1
18.34
10.27
11.78
1.09
1.31
1.22
5.27
2.26
0.71
0.04
0
0.84
0.01
0
0
0.23
3.57
0.43
0.2
1.38
0.38
0
0
0
0.1
0.6
4.55
0.92
0.54
4.03
0.93
0.61
0.38
0.58
1.7
1.74
1.63
0
0.7
0.33
0.57
0.25
0.01
0.02
0
0
1.25
4.59
1.05
0.73
1.47
0.58
0.56
0
0.1
0
0.07
0.36
0.13
0
0.07
0.15
0.08
0.38
0.01
1.56
0.61
1.52
1.01
0.38
0.15
3.29
2.91
0.67
0
1.3
0.3
0.04
0
0
0
0
0
0
0
0
0.02
0.02
0
0
0.15
0
0
0.13
0.21
3.43
5.68
4.36
2.57
0.88
8.84
4.29
3.03
0.87
0.72
16.37
7.37
6.15
4.51
0
0
0.06
0
0.02
0
0.09
0.01
0
0.05
0.68
0.28
3.39
2.79
0.58
0.84
0
0.17
0.65
0.43
14.33
8.46
7.41
2.21
0.81
3.77
1.82
2.87
2.58
0.36
0.04
0
0
0
0
0
0
0
0
0
0
0
0.4
0.16
0.07
0.09
0.02
0.88
0.55
22.35
5.35
17.67
5.52
4.2
38.45
11.42
3.05
0
0.13
0.13
0.11
0.09
0.05
0.04
0.02
0
0
0
0.02
0.06
7.43
0.57
0.02
1.7
2.6
0
0.86
0
0
0
0
0
0
0
17.64
4.66
1.45
0
7.2
1.5
0.09
0.1
0.04
0
0
0
0.01
0
1.41
0.16
0
0.04
0
0.25
0
0
0
0
0
0
0
2.36
0.66
0
0
0
0.01
0.82
0
0.01
1.53
4.59
3.13
0
0
0
0.61
33.5
7.2
0.57
0
0
0
0
0
0
0.01
0.07
0.05
0
0
0
0.12
0
0
0
0
0
0.07
0
0
0.02
0.13
0.13
0
0
0
0.03
0.02
0.11
0
0.02
0
0
0
0
0.41
3.54
13.49
3.12
1.44
0
2.12
9.69
2.18
6.9
4.09
0.48
0
0
0
0
0
0.09
0.57
0
0.08
0.1
0.04
0.05
0
0.84
4.09
0.46
0.2
0
2.66
0.89
1.28
0.61
0
0.06
0.11
0
10.54
0.98
0
0.26
0.34
2.26
0
1.34
0.18
0
0.96
0.57
0.68
0
0
0
0
0.05
1.61
0.45
0.01
2.89
0.96
0.11
0.13
0.31
0.02
0.87
0.5
10.13
3.34
1.18
0.26
0.03
0.59
0
0.05
0
1.13
2.66
0.02
0.08
0
0
0
0
0
0
0
0.11
0
0
0
0
0.03
0
0
0
0
0
0.09
0.52
0.16
0.02
0.59
1.48
0.12
1.62
1.36
0.88
2.79
0.83
1.47
0.13
0
0.13
0
0
0
0
0
0.01
0.11
0.36
1.88
1.79
0.12
1.1
1.18
0.7
1.11
0.9
0.58
0.88
0.08
0.64
0.88
0.95
0.86
0
0
0
0
0.27
0.43
0.41
0.04
0
0
0.67
0.46
0.88
0.06
0.09
0.33
0.95
6.29
1.66
7.98
1.36
0.15
0
0.71
1.46
0
0.5
0.58
0.65
0
0.42
0
0
0
0.04
1.14
3.38
2.25
1.79
0
0
0
0
0
0.02
0.01
0
0
0
0
0
1.04
1.91
4.23
2.54
5.24
1.3
0.29
0.57
0
0
3.47
3.32
0.78
0
0.04
0
1.52
1.66
0
0.17
3.39
0.68
0
0.01
0
0
0
0.68
0.04
0
0
0.07
0
1.09
0
1.9
8.48
2.62
9.94
6.02
4.05
8.62
4.87
4.86
2.09
2.53
0.21
0.74
14.61
9.64
5.77
4.65
1.7
0
0
1.23
0.18
0.02
0
0.01
0
0
0
0.39
0
3.7
1.19
8.86
14.08
13.14
5.33
2.13
7.54
6.67
1.3
0
0.03
0.6
0
0.09
19.04
15.86
0.29
0.07
2.19
17.39
6.43
3.26
16.18
5.5
0.78
4.13
0.08
0
2.37
1.92
0.06
0
0.02
0.01
0.21
0
0
0
0
0
0.5
0
0
1.67
0.97
0
0
0
0.06
1.52
0.76
0.03
0
0
0
0
0
0
0
0
0
0
0
0
0
0
0
2.21
0.38
6.48
0.34
0.1
0
0.54
0
0
0
0.02
0
0
0.03
0
0
0
0
0.03
0
0
0.27
0
0.07
0.01
0
6.9
0.61
4.75
0
17.99
0.02
0.07
0
0
0
0
0
0.46
0.72
6.91
0
0.48
0
0
0.05
0
12.78
1.09
4.95
6.67
0.37
0.16
0
0
0
0
0
0
0
3.03
3.84
11.36
5.05
0.58
0
0
0
0
0.63
4.43
2.1
7.93
23.47
16.11
1.8
0.29
0.09
0.23
3.74
0.05
0
0
0
0.13
0
0
0
0
0.16
0.17
0.04
3.86
4.45
0.17
0
3.07
2.2
2.13
11.15
4.47
2.8
0.36
0
0.01
0
0.02
0.02
0.02
0.73
0
0
0
1.81
1.13
0
0
0
0
0
0
0.3
0
0
0
0
0
0
0
0
0
0.36
3.7
3.3
0.05
0.14
0.02
0
0
0
0.01
0
0
0
3.16
3.45
0.37
0.55
0.02
0
0.01
0
0.1
0.07
0
0.01
0.09
0.69
0
0.02
0
0
0.25
1.55
3.3
0.29
0.1
0.02
0
0
0.05
0.14
0.49
0.41
0.64
0.47
0.64
1.1
0.35
0.2
9.09
10.33
3.72
0.17
0
0
0
0
0.06
0.07
0.19
0.07
2.93
2.41
2.44
0.07
2.73
0
0
0
0
0.02
0.22
0.04
0
0
0
0
2.63
3.33
1.97
1.5
0.11
0
0.09
0
0
0
0.03
2.13
1.97
4.6
2.49
0.38
0.06
0.13
0.3
1.05
1.78
1.32
9.97
4.04
0.25
0.02
0.07
5.33
5.41
3.86
2.55
0.52
8.7
6.42
5.74
0.54
2.66
2.75
5.29
0.87
0.24
0.35
0.45
0.05
0.23
0.13
0.32
5.07
6.06
3.69
0.86
0.33
0.32
0
0.16
0
0
0
0
0
0
0
0
0
0
0
0
0
0.01
0.06
0
0.07
0.44
1.27
1.45
0.26
0.5
24.76
1.23
0.06
0.01
0
0
0.28
4.66
1.77
0.29
0
0.03
0.02
0
0.06
0
0
0
0
0.12
0.01
0
0
0
0.21
0
3.82
17.8
1.46
0
0
0
0
0
4.67
13.42
15.36
12.54
0.5
0.61
2.24
0
0.02
2
4.37
0.89
0
2.07
0.41
0.55
0
0.05
0.02
0.89
13.25
0
0.18
0.02
0
0.18
0.21
0
0.01
0.09
0
0.04
0
0.05
0
0.36
0
0
0
0
0.07
0
0
0
0
0
0.2
0
0.08
0.61
7.3
0.82
0.1
0
0.09
0.02
0
0
0.13
0
0
0.02
0
0
0.06
1.44
3.57
0
0.11
0
0.01
0
0
0
4.1
8.4
3.06
0.49
0
0
0
0
0.19
0
0.37
0.93
0
2.54
0.11
0
4.73
4.68
5.19
0.49
0
0
0
0
0.01
0
0
1.54
0.23
0.14
0
0.61
10.84
5.77
0.88
0.41
0.16
1.76
11.14
4.38
1.41
0
0.46
0.82
0.08
0
0
0.02
0
0
0
0
0
0
0.02
0.01
0
0
0.87
0.2
0
0.11
0.84
0
0
0.05
0.01
0
0.1
0
0.15
0.38
0
1.22
0.57
1.43
5.29
1.61
0.34
0.02
0
12.34
5.27
0.73
0
0
0.14
1.41
0.97
0
5.21
1.28
0
0.05
0
0.78
4.27
1.27
3.53
7.54
2.21
4.75
0
0
1.3
2.07
19.46
4.77
7.82
6.91
2.72
18.24
12.44
2.63
2.62
19.84
3.29
2.21
4.05
2.81
0.56
0.9
0.01
0
0
0.21
0.09
0.34
0.48
0
0
0.09
0.86
1.37
0.8
2.09
0.5
0.69
0.98
3.91
1.23
0.01
0.05
0.07
2.49
1.21
0.98
0.1
0
0
0
0
0
0.04
0
0.01
0
4.15
8.36
1.49
0
0.55
5.11
4.29
0.57
0.15
0.93
0.3
0.01
0
0.04
0.1
0
0
0.07
0
0
0
0
0.05
2.55
0.2
0
1.46
0.42
0.07
10.5
5.84
2.52
8.12
0.67
6.68
17.31
4.95
2.14
0
0.53
0
0.11
0
0
0
0
4.04
7.12
0.75
1.42
0.58
0.01
0
0
0
0
8.29
1.79
0
0
0
1.12
6
0
0
0
0.87
0.04
0.01
0
2.84
0
9.68
4.84
0.41
0.6
0
0
0.55
0
15.49
4.34
0
0.36
0
1.03
8.8
1.12
0
0.03
0
0.06
2.3
19.77
18.55
5.04
4.29
5.91
4.64
0.74
0.15
0
0.06
1.56
8.7
8.5
1.14
10.12
6.65
1.27
0.03
3.59
5.52
4.12
2.94
8.17
1.11
0
0
0.02
2.31
0
2.07
33.45
5.78
0.39
0.35
0.02
0
0
0
0.13
0.6
0.01
0.05
0.26
1.86
0.25
0.03
0.04
0.44
0.36
0
8.04
0
0
0
0
0
0
0
0
0.13
0.05
0.06
0
0
0.19
0
0.49
0.39
7.82
1.52
1.6
0
1.34
8.25
10.2
1.07
2.58
13.31
2.29
0.13
3.52
0
1.07
0.59
0.02
0.03
0.16
0.04
5.96
0.54
21.5
5.45
0
20.2
0
1.19
0.29
0.01
0.01
0.01
0.01
0.02
0.04
0.04
0.06
0
0
0
0
0
0
0
0.02
0
1.25
10.94
0.21
0.59
7.93
8.48
8.84
7.52
0.83
1.47
0.04
1.45
2
2.73
2.02
6.92
2.17
0.53
0.27
0
0.41
0
3.91
11.04
3.88
3.39
4.12
1.05
2.29
0.5
2.14
1.41
7.47
0.1
0.38
0.39
1.09
0.96
0.85
0
0.97
0.5
1.49
0.52
0.8
0.63
3.43
0.01
0.69
8.52
1.88
8.78
13.89
2.5
1.14
1.1
0.9
0.86
2.41
4.38
8.75
1.9
3.88
4.76
0.41
0
0
0.02
0
0.05
0.33
0
0
0.01
1.96
9.04
6.2
0.97
2.36
0
3
10.16
1.8
0.83
0
1.59
1.1
0.16
0
0
1.23
0.08
0.23
7.69
20.06
5.28
0
0.09
0.29
0.93
0.55
4.35
1.75
5.73
1.97
9.39
5.57
2.75
0
0.06
1.29
0.66
0.73
1.96
1.05
1.38
0
4.72
5.05
0.01
1.16
7.04
1.25
0.3
1.03
0.98
0.01
0.02
0.03
0
0
0.04
0
0
0.02
4.42
10.14
2.55
0.51
0.98
2.48
2.39
0.88
0.44
0
0.05
0
0.36
0.13
9.75
3.07
7.8
6.35
1.14
0.26
0
0
0.01
0
0
0.95
1.75
0.63
0.38
4.11
4.4
3.18
3.19
2.41
5.32
7.48
4.08
4.28
4.53
2.5
8.16
0.9
4.01
4.04
1.31
0.96
0.04
0
0
0
0
0.07
0
0
0
0.06
10.19
1.3
5.75
3.64
3.27
0.58
1.81
6.59
5.78
7.82
2.58
0.44
0
0
0
0.04
0.39
2.38
4.27
3.46
0
0.82
3.04
0.91
3.6
3.62
0
2.66
2.04
0
0
0.01
0.1
0.07
0.82
0.03
0.95
0
0.04
0.12
0.23
0.13
0.02
0
0.03
0.2
6.02
2.4
0.18
0.03
0
0.13
0.11
0.34
0.3
1.58
0.32
0.09
0.14
0
0
0
0
0
0
0.02
0
0
0.08
3.61
4.62
0.43
7.11
1.66
0.39
0.2
0.03
0
0.02
0.12
0
0
7.25
1.45
0
4.63
47.9
11.24
9.67
0
1.6
9.64
24.51
9.27
3.48
0.32
0.02
0
6.19
2.48
9.05
0.57
0.04
0.1
0.08
0.01
0
0.25
3.09
0.29
0
0.05
0
0.44
3.89
0.29
0
0
2.96
0
0.02
0
0
0.05
0.2
0
0
0.01
0
0
0
4.34
1.92
0
0
0.43
0.97
0
0
0
0.02
2.8
1.6
0
12.58
34.98
0
2.67
0
0
0
0.09
0
0
0
0
0
0
1.56
0.14
0
0
0.51
0.13
0.31
1.3
0
0
0
0
0
0
0.19
0
0.03
0
0.37
0
0
0.6
0
0
4.6
0
0.04
0.01
0
0
0
0
0
0.01
3.47
11.44
0.04
0.38
0.02
0.33
0.03
0
0
0
1.4
8.14
0.97
1.04
0
0
2
0
6.92
16.45
8.45
7.52
3.52
0.46
1.65
0.7
0
0
3.71
22
0.53
0.03
0
0
1.66
5.05
1.68
7.01
8.61
5.87
3.43
0
1.13
8.69
16.95
2.27
3.44
0
0.3
0.05
0.62
5.24
0
0.17
0
0.55
0.01
0.81
3.67
2.28
0.04
0
0.24
1.34
0
0.02
0.42
0
17.48
2.75
0
0.1
0.12
0.01
1.08
0.54
0.01
0
1.18
1.87
0
0.3
2.97
0.3
9.17
1.86
0.04
0.18
0
0.39
2.45
2.73
0.64
4.59
0.59
0
1.42
0
0.82
0.59
0.14
0.78
0.2
1
4.48
4.95
1.55
0.53
3.91
1.67
0.95
1.89
0
0
0.45
0.97
0.48
0.37
2.23
0.65
0.05
0
0.45
0.01
0
0.38
0.24
3.84
0.66
4.04
5
2.4
0.13
1.22
0.07
0
1.87
0.62
0
0
0
0.05
0.1
0
0
0.05
0
0
0
0
0
0
0
0
0
0.01
0
0.01
1.53
0.21
0
0.09
0.03
0.41
0.01
0
0.01
0
0
0
0
0
0
0
0
0
0.02
0.02
0.01
0
0
0
0
0
0
0.14
1.33
2.84
0.82
0.5
0.5
0.16
0
0
0
0
0
0
0
0.01
0.11
0.08
0
0.11
0.2
4.15
1.31
7.77
0.9
0.06
0.1
0.44
1.86
0.44
0.64
3.18
0.6
0.02
0.98
0.54
15.36
0.45
0
0.46
0
0.76
9.6
1.01
0.03
0.49
0.52
0.11
0
2.18
0
0
0
0
0.21
0.02
0
0
0.02
0.01
0
0.09
0.03
0
0.05
0.11
1.16
1.56
0.74
1.94
0.79
9.3
3.97
1.49
6.76
3.23
1.14
0.3
0
0.01
0.03
1.32
0
0.09
0.42
0.56
0.31
0.56
0.09
0
3.65
1.92
0.25
0
0.06
0.11
0
0.28
4.46
0.64
12.98
0
0
0.63
0.31
0.17
0.18
0
0
0.03
0.03
0
0
0.01
0
0
0
0
0
0
0.01
0
0
0
0.01
0
0
5.23
0
0
0
8.68
0.01
0
0.18
5.11
17.7
0
3.91
3.4
0.56
0.05
0.01
0
0
7.47
14.09
5.36
0.18
6.86
2.24
0.05
0
0.01
0.02
0
0.05
0
0
0
0
0.01
0
0.1
0.03
0
0
0
0.44
0.22
7.56
0.86
0
0
0.05
0
1.88
11.12
0
0.1
0
0
0
0
0
13.29
12.22
0.55
0
0
0
0
0
1.5
4.87
3.05
7.19
1.09
0.07
0.25
0
0.31
2.92
3.57
0.21
0
0
0
0
0
0.08
0.89
22.77
7.56
0.33
4.7
0.71
0.3
0.04
0
0.02
0
0
0.3
0
0
1.62
1.57
1.47
0.25
0
0.06
0
0
0
0
0.06
0.6
2.28
5.8
21.04
3.41
2.66
0.83
0
2.9
0
1.18
6.9
6.09
0
0
0.41
6.25
5.32
2.79
24.1
3.86
0.09
0.04
0
0
0
0.93
0
0
0
0.04
0
0.09
0.03
0
0
0
0
0.11
0
0.01
0.02
0
0.39
2.86
2.28
9.24
4.75
0.4
0.18
0
4.6
2.54
0.49
11.32
1.16
1.08
0.01
0.32
0
0.13
0.17
0.61
2.86
0
4.09
7.41
0
0.14
0.95
0.5
2.71
0
0
0
0.05
0.03
0
0.02
0.05
0
0
0
0.02
2.41
1.26
0.05
0
0.16
0.07
4.02
2.73
0.08
0
0
0
0.37
0.94
0.34
0
0.15
0.03
0
0
0.01
0.05
2.27
6.88
1.66
1.5
4.02
0
0.46
3.87
3.32
3.99
2.63
0
0.21
4.33
2.02
0
2.55
0.2
0
0.08
0.04
0.16
0.09
0.84
2.36
1.2
3.6
1.26
0.2
3.5
0.49
0.04
0
0.34
0.16
0
0.13
0.2
0
0.91
0
0.02
0
0.02
0
0.03
0.13
0.04
2.07
4.85
1.3
6.19
2.24
4.44
2.38
0.45
0.15
1.76
0.63
1.22
5.88
0.79
3.6
3.03
5.23
0.82
1.69
2.39
1.49
0.19
0
0
0.02
0
0
0.02
0.02
1.05
1.26
0.14
0
0
0
1.53
17.38
0
0.09
0.06
0.02
3.73
3.29
15.66
19.5
5.02
0.75
0.01
2.49
1.66
0
0
0
0.4
0
0.04
0.19
5.27
1.3
0
0.03
1.91
6.52
2.39
4.51
2.18
0.75
2.5
0.43
0
0.01
0
0
0
0.81
2.81
17.11
0
0.59
2.92
0.01
0.2
0.05
0
0.09
0.02
0
3.73
0.38
0
0
0
0
0
0
0
0
0
0
0.02
0
0
0
0.02
0.03
0.05
0
0
1.21
0
0
1.3
0.42
0
0
0
0
0
0
0.27
0.09
0
0.03
0.04
0
0
0.09
0
0
0
0
0
0.01
0.02
0
1.34
0.25
1.91
0
0.1
0.02
0
0
0.01
0
0
0
0
0
1.46
0.45
0.13
0
0.08
0.07
0.86
3.58
0.36
0.38
4.51
4.97
3.28
4.07
0
0.13
6.68
14.94
7.89
0.84
1.28
0.03
0.54
0
0.26
7.39
5.14
0
0
0
0.19
0
0.28
2.5
0
4.7
32.33
8.61
4.25
2.7
1.56
0
0.02
2.27
2.5
0
0.03
0.04
3.3
1.68
0.18
0.14
0.05
0
0.05
0
6.96
5.41
2.23
2.54
3.61
0
0.58
0
1.23
0.27
0.41
0
0.13
0.12
0.66
3.18
0.86
0.72
1
0.05
0
0.43
0.47
0.08
0.19
0.01
0.01
0
0.04
0
0
0
0.01
0
0
0
0
0
0.34
1.09
1.21
1.29
0.02
0.82
0.25
0
0
0
0
0
0
0.43
0.34
0.57
2.05
5.09
8.38
5.16
1.16
5.17
4.55
1.92
4.32
1.95
10.66
0.77
1.63
1.01
1.95
2.09
0.67
2.43
1.8
1.34
1.07
2.89
0
0.36
0
0.08
0.05
0
0
0
0.23
0
0
0.01
0.07
0.6
4.21
1.96
1.03
1.82
0.23
0.78
1.45
0.1
2.95
6.94
0.65
1.45
0.43
5.61
9.22
2.15
3.74
5.7
3.25
1.07
0.76
0.48
0.71
1.01
0
0.01
0.15
0
0.29
2.47
0
0.3
0.03
0
0
1.66
1.8
0.62
7.25
3.97
0
0.36
0.33
1.43
0.11
0.36
0.38
0.67
1.85
3.16
1.67
0.12
0.01
0
0.28
0.08
0.6
1.1
0.02
0.07
0
0
4.4
3.57
0.66
0.35
4.93
7.55
5.4
1.24
4.91
4.75
0.36
0.01
1.43
2.41
2.8
0.45
0.27
0.21
0
0
0
0
0
0
0
0
0
0.02
1.82
0
0
0
0.5
1.7
0.53
0.05
0
0
0
0
0
0
0
0
0.02
0.52
0.75
0.16
0.88
0.5
0.07
2.04
0.26
0.88
5.31
2.3
2.19
0.24
8.69
5.33
1.6
6.98
5.65
0.19
0
0.51
0.37
0.11
0
1.69
1.2
0.38
0.03
0
0
0
0
0
5.84
7.1
5.21
6.91
0.55
0
0
1
0.25
0.16
0
0.06
0.03
0
5.15
0
0.15
0
0.29
0
0.01
0
0.3
0
0.05
0
1.96
0
0
0.15
0
0
0.5
0
3.74
14.9
6.42
9.63
0.73
3.02
15.92
5.1
3.57
0
0
0.31
0.06
0
0
0
0.22
0.52
0
0
0
0
0.14
0
0.05
0.12
0
0.02
0
0.02
0
0.13
0
0
0.13
0.06
0
0.01
0.77
10.16
13.41
6.11
0.48
0
0.02
0
0
0.27
12.08
13.5
16.94
11.28
4.93
10.54
8.15
2.39
0.76
0.18
0
0.25
8.29
2.63
0
0.03
0
0
0
0
0
0.44
0.13
0
0
0.03
0.04
0
0
0
0
0
0
0
0.01
0
0
0
0
0
0
0
0
0
0
0
0
0
0.27
8.22
3.69
5.83
8.06
5.17
1.97
3.77
8.45
1.12
0
1.81
0.29
1.25
7.94
13.29
12.59
21.8
3.49
0
0
0
0
0
0
0
0.03
4.41
3.43
1.31
1.66
4.33
1.45
0.93
15.07
2.96
0
0.03
1.28
0.82
0.29
0.14
1.12
3.27
2.33
1.11
13.26
2.34
0.17
1.84
0.27
0.59
0.02
0.03
0.03
0
0
0.02
0
0
0
0.05
0
0
0
0
0
0
0.03
0.09
0.04
0
0
0
0
0
0.61
0.04
0
0
0.01
0
0
0.01
0
0
0.01
0
0
0
0
0.33
2.77
1.8
0
0.11
0.01
0
0.01
0
0
0
0
0
0.21
0.04
0.09
1.48
6.71
2.26
6.45
3.56
12.52
1.58
2.21
4.98
2.77
2.9
8.2
1.43
3.09
2.18
3.12
0.39
0.05
1.84
0
1.59
0.57
0.1
0.03
0.16
1.49
1.36
2.02
0.48
0.52
2.43
0.5
0
0
0
1.63
5.33
1.05
0
0.36
5.55
1.14
0.05
0.02
0.64
1.46
1.3
7.26
3.15
0.52
0.86
1.41
1.4
2.51
0.05
0
0.09
0.29
0.24
0.28
0.01
0.59
0
4.73
5.14
2.28
4.2
0.41
0
0.14
0
0.37
0.32
0.16
0.75
0
0.02
3.11
1.31
0
0
0.02
0
0
0
0.11
0.08
0
0.05
0.57
0.48
0.07
1.21
0.48
4.15
0.27
0
6.14
7.55
10.84
1.88
0.08
0.02
0.05
0.03
0
6.54
5.36
1.13
2.46
1.98
0
1.47
0.49
0.01
0
0
0
0.2
0
0.32
0.01
0
0
0
0.07
11.41
4.69
6.69
25.3
13.21
5.34
3.85
24.14
9.96
2.97
0
0.01
0
0
0
0
0.2
0.08
7.77
0
0
0
0
0.37
0.38
0.73
0
0.73
4.83
0
0.17
1.06
0.05
0.92
0.91
0
9.98
0
0
0
2.69
3.56
9.42
12.13
0
0
0
2.25
3.32
0
0.03
0
0
0.35
8.86
1.19
1.76
1.34
0
0
0.19
0
0
0
0
0
0
0
0
0.03
0
0
0.23
2.27
0.05
0
0
0
0
0.03
0
0
0
0.75
5.41
0.1
0.39
1.01
1.23
0
0
0
0
0
0
0.32
0
0.02
0
0.75
0.12
0.41
1.39
7.09
4.84
2.36
0.24
0
0.01
0
0
0.02
0.25
0.37
3.73
8.13
2.7
2.92
1.73
0.3
0
0.01
0
0
0
0.42
0.21
0.03
0.76
0.34
0.02
0
0.02
0.01
0.01
0
0.17
0.06
1.08
1.92
7.91
0.2
0.3
0.04
0
0.01
0
0
0.01
0
0
0
0
0
0
0
0
0
0
0
0.23
0
0
5.89
1.05
0.69
1.47
1.75
0.88
0
0
0.01
0
0
0.01
0.95
0.87
0.56
0.11
3.26
0.47
3.58
3.33
1.32
0.84
1.96
0.12
1.16
10.46
3.33
1.61
0.24
0.43
0.98
0.02
0.04
0.04
0
0
0.34
0
0.21
0.16
0.23
3.52
1.73
1
2.71
1.05
0.82
0.2
0.43
0
0.95
4.12
3.16
7.6
0
0.59
0
0.04
0.09
0
0.43
0
0.27
2.55
0.59
0
4.8
2.61
0
0
0
0
0.12
0
0.19
0.01
0.01
0
0
0.02
0
1.21
1.73
0.46
0
2.16
3.78
0.82
0
3.8
1.29
0.54
4.08
8.1
4.78
4.68
4.1
1.62
1.37
1.2
0
0
2.71
1.85
1.12
0.2
4.45
1.5
4.15
3.1
0.45
0.12
0.03
0
1.27
0.09
0
0
0
0.01
0.02
0
1.45
7.67
7.54
2.3
0.01
0.69
8.31
3.8
1.48
0.66
0.09
0.03
0.01
0.04
0
0.17
0
0
0
0.01
0.04
0.22
0.07
0
0
0
0.48
0.03
0.03
0.02
0
0.06
1.79
0.63
0.04
0
0
0
0
0
0
0
0
0.28
1.3
0.49
0.02
0.01
2.3
11.54
2.96
0.01
0
0
0
0.06
0.84
3.77
0.26
0.24
3.27
1.04
0
0
8.22
3.84
0.31
0.28
1.47
2.66
0.46
0
0.01
0
0
0
0
0
0
0
0
0
0
0
0
0.1
0
0
0
0.82
0
1.66
0
5.92
0
0.05
0.43
0.02
0
0
0
0.1
0
0.2
0.01
0
0
0
0.05
0
2.86
3.38
0
0
0
0.01
0
0
0
5.79
2.73
0
0
0
0
0
0
0
0.02
0
0
0.23
0.23
0
0
0
0
0.11
0.22
3.61
8.55
8.16
0
1.28
0.15
0
0.25
0.04
0
0.01
0
0
0
0.04
1.85
0.09
0
0
0.02
0
0
0
0.07
1.13
0.12
0.01
0
0
0.03
0.02
0
0
0
0.22
0.27
0
0.5
0.27
0
10.15
4.3
1.12
0.96
9.82
2.54
0.28
0.13
0.41
19.84
9.56
13.36
1.86
3.94
0
1.82
0
0.03
0.13
1.4
0.61
0.25
1.09
1.82
0.03
0
0
0
0.3
3.74
3.38
2.2
1.49
7.63
13.66
3.16
0
0.01
0.07
2.26
12.24
13.59
8.91
1.99
1.97
0.45
0.65
1.6
4.89
2.34
0.07
0.85
2.38
3.12
5.22
2.7
4.82
0.86
0
0
0.01
0
0
0.08
0
3
0
0.04
2.02
0.29
0.14
0
2.91
8.59
7.18
1.2
1.02
0.66
0.09
0.01
0.01
2.75
0.93
0.63
0
0.2
2.7
0.23
0
0
0.27
0.36
3.72
3.66
1.63
0
0
0
0.02
0
0
0.01
0
0.38
0
4.38
3.81
0.48
0.94
1.28
0.06
2.68
4.8
4.63
3.64
3.71
5.09
16.25
8.05
5.66
2.16
0.32
1.14
0.47
0.05
0.12
0.39
0.64
0.07
0.1
0.09
0
0.01
0
0
0.06
0.13
0.96
7.36
2.14
4.66
8.48
2.43
1.75
3.77
1.56
1.3
1.79
5.68
2.24
4.63
0.55
1.65
0.16
0
9.27
6.51
0
0.14
3.13
1.17
0.05
0
0
0.14
0
0
0
0
0
0.02
0
0
0
0
0
0.5
0.15
0
0
0
0.02
0
0
0
0
0.03
2.17
4.62
4.45
0.27
1.43
2.51
0.77
0.2
2.65
2.7
1.38
4.73
2.57
1.16
1.51
13.79
2.34
0
0.45
2.63
0.09
0.02
0.13
7.36
5.05
0.02
0.18
10.47
1.66
0
0.32
0.69
3.26
6.2
4.42
0.05
1.02
0.16
0.02
0.03
0.01
3.07
7.93
1.12
0.18
0.12
11.74
5.88
8.1
2.1
0
0.01
0.07
0.34
0
2.34
1.18
0.04
2.02
5
10.25
3.06
5.22
2.56
5.91
6.62
2.41
0
2.11
12.4
3.7
0.27
0
0.3
3.7
6.96
1.84
0
0
0
0.04
0
0
0.21
0.01
0
0
0
0
0
0
0
2.26
1.39
0
0.03
0
0
0
0
0.23
0
0.14
0.05
3.52
0.04
0
0
0.01
0
0
0
0
0.02
0.01
0.01
0.21
0.73
0
0
0.66
0.05
0.21
0
0
0
0.17
0
0
0.02
0.07
0.02
0
0
0
0.34
0.83
0
0
0
0
0
0
0
0
0
0.05
0.02
0.02
0.19
0.35
0.95
0
0
0
0
0
0
0
0
0
0
1.96
0.43
0
0
0
5.13
1.02
0.41
0
0
0
0
0
0
0.27
1.07
0.07
2.29
3.67
6.61
0.5
0
0.13
0.12
3.12
6.56
0.79
0
12.19
19.23
2.4
1.01
1.36
0.03
9.37
6.89
5.84
0.66
1.19
3.97
1.39
0
0
0
0
6.68
5.31
0.48
0.29
0.85
0.02
0
0
0
2.91
0.6
4.85
8.54
4.85
10.77
9.07
4.23
1.64
1.1
0.14
0
0.14
0.03
0
1.13
0.5
0.86
0.01
0.61
0.22
0.38
0.1
0
0
0
0.45
0.82
0.63
2.03
0.62
0.16
0
0.14
1.23
0.12
0
0
0
0
0
0
0
0.04
0
0
0
0
0
0
0
0
0
0
0
0.15
0
0.24
0.1
0
0
0
0.28
0.41
3.19
0.72
0.42
0.73
8.93
8.09
0.12
0
0.01
0.31
0
0.05
0.01
0.15
4.09
2.2
4.24
1.46
0.13
0
0.02
0
0
0
0
0
0
0
0.39
0.23
0
0.11
0.21
0
0.02
0.15
0.18
0.48
0.82
2.18
4.38
5.13
4.73
3.8
3.2
0.46
0.03
0.14
0.2
0.04
0.01
0.88
1.66
1.05
0.21
0
0.05
0.04
0
4.54
4.19
0.89
5.75
5.64
0.48
0
0.01
0
0.02
0
0.01
0
0.42
0
0
0
0
0.59
0
0
0
0
12.82
4.32
1.43
1.41
0.09
0.03
0
0
0.52
0.16
1.87
4.29
4.12
4.41
0.42
5.76
2.83
2.94
3.41
5.23
7.18
1.41
2.16
0
0
0
0.01
0.01
0.26
0.17
0.2
3.62
1.09
0.55
4.65
4.08
0.13
1
1.84
0.73
0
1.21
2.66
0.62
6.55
0
5.01
0.91
0.71
3.65
5.89
3.36
0.34
0
0
0
0
0
0
0
0
0
0
0
0
0
0
1.45
11.71
0.92
3.23
1.19
0.76
0
0
0
0.09
0.02
0.55
0
0
0.02
0.16
0
0
0
0
0
0
0.01
0.02
6.83
0.02
0
0.96
0.02
0
0
0.26
0
0
0.03
0
0
0
14.05
1.18
0.73
0
0.03
0
0
0
0.02
0.02
0
0.04
0
0
0
0.49
4.05
0.39
0
0
0
0.02
0.01
0.86
0
0
0
0
0
0
0
0
0
0.27
0.04
0
0
0
0
0.18
0
0.05
0
0
1.74
2.22
4.48
0
0.1
2.63
0.02
0
0
10.82
0
0
0
0
0.25
0.02
0
0
0.02
0.02
0.02
0
0.01
0
0
0.05
0
0
0
0
0.03
0
0.01
0
0.01
0
0.04
1.21
0
1.16
0
0
0
0
0.07
0.13
0
0.56
0
0
0.66
0
0.04
0.02
0.01
0
0.02
0
0.95
1.94
17.47
1.65
0.02
0.02
0
0.34
0
0
0.16
0.04
6.26
0
9.63
0
0.79
1.96
12.16
1.98
0.29
0
0
0.11
5
18.77
20.76
25.21
0.15
0.13
1.98
1.58
0
0.99
4.68
2.53
8.74
0.48
0.86
0.3
1.04
0
0
0
0
0
0
0.22
1.5
0.05
0
0.01
0.84
0
0.08
0.05
0
0.01
0.02
2.96
0.32
0
0.2
0
0.38
1.17
2.02
1.88
0
0.66
0.49
0.31
0.26
0
0.18
0.02
0
0
0
0
1.73
0.23
0
0
0
0
0.11
0
0
0
0
0
0.02
0
0
0
0
0
0
2.78
0.75
0
0.54
0
0.01
0.27
0.92
5.91
2.12
2.88
2.91
1.16
0.37
3.29
2.79
3.34
2.87
2.11
0.52
0
4.18
0.53
0
5.3
0.8
4.58
1.95
2.36
0.05
0.49
0.29
0.22
2.15
0
0
0.07
0.28
0
1.43
21.18
3.94
0
0
0.1
0.18
0.04
0.17
1.93
0.04
0.11
1.73
1.43
0.65
0.12
0.16
0
1.15
0
0.16
0.26
23.43
9.2
1.38
0.09
0.15
0.03
2.34
3.91
0.94
0.07
0.11
1.19
0.46
0.15
3.49
5.5
4.11
0.09
0.07
0
0.04
0.13
0.03
1.28
4.95
3.76
0.37
0.02
0.02
0.55
2.3
0.71
0.32
0.34
0.24
0.02
1.41
8.95
0
0
6.88
2.8
0.89
0.9
0
0.19
0.5
0
0
0.42
4.95
8.92
3.33
0
0
0.94
4.02
0.55
0.2
3.58
1.11
0
0.02
0
0.02
1.6
1.17
0.64
0.01
0
0.37
0
0
1.07
0
0.03
0
4.31
1.48
0.07
5.29
2.51
0
0
0
0.08
0.59
0.25
0
0
0
0.03
0
0
0
0
0.11
0
0.02
0.01
0
2.08
0.09
0
0.07
0.35
0.36
0
0
0
0
0.02
0.14
0
0
0.02
0.02
0
0
0
0.25
2.65
0.95
0.03
0
0
0
0.01
5.75
0.93
0
0.04
0.45
1.85
0.84
6.12
0
0.01
0.05
0.01
0
0
0
1.05
2.7
0.19
0.05
0
0
0.07
0
0
2.92
3.19
0.36
0
0.75
1.11
0.17
0
0
0
0
0
0
0.02
0
0
0.88
2.53
0.05
1.24
3.06
0.33
0.01
0
0
0
0
0
0.03
0
0
0.01
0
0.02
0.07
0.01
0.01
0
0.01
0
0.01
0
0
0
0
0
0
0
0.22
0
0
0
0
0
0
0
0
0.72
0.04
0
0.06
0.05
0.05
1.49
1.75
4.31
2.69
1
0.91
4.91
0.39
0.26
0
0.35
0.21
0.05
0
0
0
27.78
9.4
1.28
0
0
0
0
0.04
0.01
0.05
0
0.22
7.98
9.29
8.59
5.38
1.94
9.35
1.94
1.23
0.16
0.62
5.34
2.07
1.52
6.73
1.47
0.95
3.39
1.15
2.55
9.83
13.88
4.15
0
0.11
0.18
0.01
0.01
0
0
0.83
0.14
0.13
0.03
0.06
0
0
0
0
0.43
0
0.31
0
0
3.13
6.59
0
1.07
6.13
3.28
2.77
0.9
0.31
0
0
0
0
0.01
0
0
0
0
0.16
0.06
3.23
5.45
2.16
0
4.11
4.28
0.48
0.16
0
0.13
0
0.03
0.01
0.15
0.34
0.45
1.7
0.5
0
0
6.01
4.76
3.02
3.44
5.17
3.21
0.63
0.14
0.05
1.85
7.45
1.13
2.32
7.79
7.14
2.39
0.4
2.05
0
0.12
0.18
0
0
10.99
5.58
2.2
3.89
14.97
5.09
0.44
0.03
3.23
4.34
0.64
0
0.03
0.01
0
0.01
0
0.17
0.35
1.47
8.85
9.09
6.35
0.32
0.46
1.41
2.46
0.27
0
0
0
0
0.01
0
0
0.01
0.01
0
0
0
0
0.05
0.09
2.23
6.54
27.7
38.16
5.38
1.02
0.26
1.09
0.09
1.28
1.03
4.1
1.11
1.57
0
0
0
0
0
0
0
0.88
10.07
16.1
1.7
0
0
0
0.45
0
0.5
0.5
2.73
2.37
0.7
0
1.89
1.8
0.02
0
0
0
0
0.01
2.9
1.05
17.61
7.34
2.15
4.31
11.61
1.53
0
0.15
0.02
0
0
0.14
1.11
3.68
0.13
0
0
0
0.06
0.84
0.03
12.65
32.2
2.5
3.2
1.99
0
0
0
0
0.01
0
0
0
0
0
0
0
0
0
0.32
0.4
0.86
0.09
2.02
0
3
4.16
0.71
0.16
0
0
0
0
0.04
0.07
1.65
0.21
1.26
1.88
14.72
2.02
0
0
0.06
0
0
0.01
0
0
0.05
0.01
0.01
0.01
0
0
0
0.01
0
0
0
0
3.5
4.81
5.49
5
0.75
1.14
4.21
7.77
1.56
3.44
0.24
0.01
3.6
0.8
0.62
6.54
0.37
0
4.8
2.43
0.05
0.02
0
0.01
0
0
0
0.07
0.09
7.02
5.64
1.02
0
0.01
3.93
19.09
1.53
0
0
0
0
0
0.26
1.02
0.09
0.02
0
1.65
5.89
8.49
3.23
0.6
0.51
0.74
0
0
0
0.11
0
0
0
0
0
0
0
0
0
0.04
0
0
0
0.02
7.47
5.03
2.72
0.13
0
0
0
0.02
0
0.55
0.95
3.04
2.32
1.72
7.31
1.68
0
0
0.22
0
0
0.21
0.51
5.49
2.53
3.48
1.84
1.22
0
0.02
0
0
0
0
0.13
0
0.81
0.11
0
0.13
0.34
0.88
0.36
0.06
7.45
8.92
2.12
0.87
0
0.25
2.24
1.34
4.46
2.44
4.47
2.12
1.67
0.43
2.29
3.41
4.2
2.71
1.41
0.18
1.18
0.96
0.87
0.11
0.17
0.08
5.79
1.37
0.49
0.01
0
0.5
6.32
1.04
0.52
0.04
0.09
0.21
4.34
0.83
0.01
0.35
0
0.93
1.87
0
0
0
0
1.05
0.66
1.09
1.72
0
0
0
0
0.19
0
0
0.26
0.02
0.13
0.76
0.49
0.21
0
0.02
0.56
0.08
0
0
0
0.92
6.04
2.97
1.13
0.2
1.02
3.03
1.5
0
0
0
0
0
0.09
8.39
1.09
0.2
2.76
2.17
0.14
0
0.07
0
0.04
0.14
0.18
0
0
0
0
5.9
3.55
0.27
0.39
0.09
0.11
0.05
0
0
0
0
0
0
0.01
0
0
0.01
0.02
0.01
0
0.35
0.63
0.32
0
0
0
0.01
1.09
5.38
3.89
6.13
0.9
0.39
0.45
1.28
0.17
0.07
0.53
0.97
1.34
0.55
0
0
0
0
0
0
0
0.44
0
0
1.27
0
0
0
0
0
0.25
0.25
1.84
1.18
9.78
12.04
0.81
0.39
2.75
1.27
1.22
0
0
0.14
0.54
0.38
0
0
1.32
8.34
3.61
1.71
0.46
0
0.16
0
0
0
0
0
0
0
0.01
0
0
0
0
0
0
1.09
0.12
3.93
1.24
0.01
0
0.01
0.04
0.06
0.02
0
0
0
0
0.02
0.39
1.28
0
9.1
13.59
5.29
8.15
1.49
0.29
0
0
0
0
0
0
0
0
0
0
0
0
0
0
0.01
0
0
0
0.01
0
0.05
0
0.32
0.1
0.02
0
0
0
0
0.14
0
0
0
0
0.06
0
0
0
0.01
0
0
0.05
0
0
0
0
0
0
0
0.01
1.7
0.29
0.38
5.13
0.36
0
0
0
0
0
0.01
0
0
0
4.02
1.77
6.83
16.34
4.63
0.61
0.02
0
0
0
0
0
0
0.01
0
0
0
0
0
0
0
0
0
0
0
0
0
0.01
0.01
0
3.08
0
0
0
0.01
5.82
4.21
2.46
1.41
0.02
0.15
1.38
1.52
2.74
2.11
0.02
0
0.28
0
0
0.01
1.16
0.94
0.4
0
0.01
0
0
0
0
0.06
4.39
13.34
0
0.14
0
0.37
0.13
0
0
0
0
0
0.01
0
0
0
0.34
0.45
4.77
2.09
7.6
1.4
0.34
0.08
0.06
0
0
0
0
0
0
0.04
0.05
0.09
0.1
0.29
1.59
0.93
0.1
0
4.17
2.17
5.78
6.54
2.26
0.54
3.32
2.44
0.66
1.44
0.18
0
0.01
0.31
0
0
0
0
0
0
0
0.03
0.24
2.34
0.38
0
0
0.01
0.13
2.16
2.23
0.05
0.03
0.05
0
0
0
0
0
0
0
0
0.32
0
0.03
0
0
0
0
1.48
5.77
3.68
1.05
0.29
2.09
4.16
2.32
2.48
1.38
2.81
6.82
9.72
2.89
3.58
1.11
0.29
0.09
0.04
0
0.07
0.07
0.01
0.25
0.32
0.57
0.33
0
3.67
0.59
0.27
4.31
3.42
4.25
0.64
0.77
0.11
1.49
0.07
0.01
0.91
0
0
0
0.03
1.45
18.23
12.23
0.64
0.26
1.18
0.72
1.54
6.06
7.02
4.02
1.97
0.01
0.65
0.19
6.43
11.77
5.13
0.63
0.06
10.64
10.29
11.11
4.42
5.19
4.43
8.05
10.53
5.45
5.33
1.08
3.14
5.16
8.59
0.15
3.13
0.87
0.95
1.91
0
4.42
3.42
4.49
5.68
6.21
0.74
1.23
0.33
2.76
4.43
2.52
0.02
0.04
7.52
3.57
0.61
1.11
2.11
0
0.02
0
0.04
0.07
0.36
4.13
3.04
0
0
0
0
0
4.31
10.4
10.43
4.01
0.05
0.04
0.01
0
0
0.01
0
7.61
2.77
7.92
4.36
4.89
0.16
0.01
0
0
0.02
0
0
0.02
0.03
3.7
0
0
0.04
0
0
0
0
0
0.04
0
0
0.53
0
0
0
0.36
0
1.18
0
0
0.01
0.06
0
0
0
0
0.01
0.33
0.06
3.75
0
0.01
0.01
1.11
0
0
0
0
0.45
1.45
0
0.07
2.09
6.28
0.8
0.02
0.01
0.13
2.91
3.49
0.11
0.04
0
0.01
0
0.76
0.1
0.8
14.7
4.82
1.22
0.01
0.25
0.13
0
0.01
0
0
0
0
0
0
0.64
1.08
0.34
0
3.12
1.48
1.61
0.11
0
0
0.04
0
0.01
0
0.02
0.01
0.02
0
0.01
0
0.04
0
0
0
0.03
0
0
0
0.15
0.77
14.69
6.91
7.23
1.36
0.94
0.26
0.2
0.13
0.79
0
0
0
0
0
0
0.05
0.41
0.8
1.03
0.03
0.04
0.02
1.35
1.52
2.65
0.32
3.34
7.35
9.3
10.62
2.29
0
0.01
0
0.32
0
0.03
0
0
0.04
0.82
0
0.02
0.02
0
0.09
0.36
2.04
1.13
0.35
1.01
1.02
1.14
13.76
3.02
0.65
0.22
0.56
0.13
0
0
0
0.04
0.25
0.91
0.49
0.06
0.47
2.99
0
0.19
5.41
5.23
0.35
1.06
3.2
3.11
0.17
0.07
0.23
0.03
0.01
0.24
1.21
0.07
0.94
0.77
2.14
1.46
2.11
3.82
0.7
0.15
0
0.25
2.87
1.57
7.38
1.55
0.2
0.01
0.57
3.11
0.66
0.29
0.36
0.13
0
0.01
0.04
2.07
0.05
0.17
0.32
0.09
1.2
3.84
0.5
1.02
4.38
1.52
1.83
1.59
0.13
0
0.96
6.43
2.14
1.25
4.17
8.84
0.54
0.73
0
0.11
0.09
0.03
0
0
0
0.02
0.04
0
0
0.27
1.18
0.74
0
0.27
0
0
0.4
0
0.14
0.42
0.94
0.07
4.43
0.8
0.18
0.07
0
0.12
0.07
0
0.38
0.29
0.06
1.34
2.57
1.23
0.24
1.27
0.52
0
0.09
0
0.23
6.91
9.18
1.12
1.07
0.36
0.06
0.2
0.05
0.04
0.23
1.01
3.76
3.16
0.26
2.19
0.11
0.13
1.5
0.02
0.15
0.02
0
0
0.02
0
0
0.18
0.52
3.52
0.19
0.22
0.25
2.66
0
0.63
0.01
0
0
0.11
0.5
0.12
0.86
3.87
1.29
0.32
3.22
4.06
2.73
1.49
1.82
8.79
1.01
0
1.01
0.25
1.84
0
3.83
0.07
0.08
0
0
0
0.02
0.14
1.57
0
0
0
0
0
0
0
0
0.24
1.48
0
0.05
0.05
0.25
0
0.02
0.21
0.84
1.9
2.57
14.58
2.6
0
0
0
0
1.9
0
0.04
0.01
2.45
1.56
0.72
0.53
0.02
3.31
0.61
0
0
0
0
0
0
0.38
0.31
0
0.03
0
0.23
0
0
0.14
3.17
0.22
1.9
1.59
0.59
3.84
18.71
2.07
6.08
6.3
0.13
0.14
0.05
0.19
0.01
0
2.37
0.85
0
0.02
0
0.93
5.18
32.68
13.15
10.95
1.09
0.02
1.91
0
0
0
0.01
0.1
0.52
0.75
0.03
0.04
0.64
7.11
1.73
0.04
0.24
5.68
0.95
8.75
1.91
0.65
0
0.02
0.02
0.13
1.27
1.8
0
0.01
0.05
0
0.36
6.73
3.04
0.1
0
0
1.46
2.03
7.21
7.74
1.17
0.4
0
0.52
1.32
0.15
0.06
0
0.01
0
0.01
0
0
0.38
0.02
0.2
0.5
0
0.05
0
0.13
0.01
0.34
0.35
0.46
0.13
1.52
0.39
0.24
3.32
0.79
0
0.27
1.61
0.39
0.21
1.05
0.21
0
0
0
0
0
0.04
0
0
0
0.01
0
0
0
0.26
1.36
1.54
0.89
0.28
0.08
0.3
0.01
0
0
0
0
0
0
0
0
0.02
0
0.01
0.17
0.19
0.56
3.96
1.86
0.09
0.62
0.98
1.25
0.93
0.34
0.02
0.01
0
0
0
0
0.16
1.9
3.65
0.09
0.08
0.2
0.17
0
0
0.01
0.45
0.07
0
0.39
1.95
1.74
1.79
2.39
0.16
0.26
1.37
1.09
0.34
0.43
0
0
0
0
0.52
0
0
0
0
0
0
0
0
0
0
0.15
0.01
0
0
0.01
0.14
0.09
0.42
0.2
0
0.12
0.63
1.07
0.13
2.69
1.62
0.04
1.29
8.22
0.68
0
0
0.02
0.36
0.1
0.07
0.25
0
1.66
5.49
3.12
0.42
0.13
0.55
0.36
0
0
0.03
0
0.01
0
0
0
5.11
8.43
3.63
0
0
0.84
0.33
0.01
0
0.03
0.06
0.27
1.07
0.22
0.02
0.01
0.09
0.02
1.98
0
0
0
0
0.01
0.57
0.07
2.58
0.64
0.98
0.34
0
0
0.55
1.36
0.64
3.35
0.52
0.13
0
1.45
0.58
5.96
14.08
14.14
13.8
10.67
17.04
1.16
1.02
9.77
8.87
7.95
8.49
2.93
0.97
1.36
0.8
0
0
0
0.2
0.59
0
0
0
0
0.01
0
0.63
0
0
0
0
0
0
0
1.51
3.66
0
0
0
0
10.52
0.69
0.38
0
0.3
0.25
0
0
0
0
0
0
0
0
0.01
0
0
0.01
0
0
0.05
0.03
0.05
0
0
0.01
0
0.25
0.65
1.74
0.34
0
0.03
0
1.32
0.46
4.98
0.43
0.01
0.03
0
0.11
4.93
0.4
0.68
1.44
0
0
0
0
0.02
0
0
1.56
0.3
8.52
11.61
1.34
0.3
0.63
0
0
0
0
0.01
0
0.1
0
0
0.11
0
0.12
0.02
0.32
0
0
0.58
0
0
8.13
0.2
0.11
0.13
0.05
0
0
0.01
0
0.02
2.68
1.43
1.95
1.41
1.11
0.8
1.7
0.71
2.98
15.2
8.93
0.26
0.38
0
0.45
0
0.13
0.09
0
0
0.45
4.5
0
2.76
3.52
0.45
7.59
5.13
1.7
0.11
0.06
0.6
0
0
0
0
0
0
0.12
0.11
0.16
0
0
0
0.01
0.02
0.12
0.02
0
0
0
0.09
0.66
0.23
0.18
0.18
0.12
0
0
0.17
0
0.01
0
0
0
0
0.01
0.01
0.06
0.12
4.05
1.41
0.78
1
2.7
4.42
4.01
0.29
0.38
0.02
0
0.46
0
0.02
0
0.02
0.05
4.88
1.05
1.85
2.08
2.98
0
0.01
0
0
0.12
0.05
0
0.19
0.27
0
0.03
0.02
0.01
0
0
0.32
0.55
0
1.09
0.81
0.08
0.02
0
2.76
0.28
0.17
0
4.88
0.82
0.43
0.28
0.13
1.59
1.04
0.96
0.55
1.01
2.89
2.41
1.35
3.86
0
0
0
0.39
0
0
0
0.11
0.41
0
1.39
0.71
0.89
0.67
0
0.38
0.83
2.46
19.54
7.21
2.28
2.5
0.3
0
0
0
0
1.67
23.5
7.15
0.08
0.01
1.82
3.23
0.56
1.57
0.78
0.45
0.11
0
0.01
5.86
5.46
1.87
0
0
0.02
0.59
9.91
6.49
1.73
4.53
1.9
0.86
0.61
0
0
0.02
0.11
0.64
1.55
0.29
1.94
1.74
3.43
4.72
1.1
9.25
13.3
1.67
0.39
2.3
3.52
0.73
3.73
0.22
0.04
0
0.16
0.54
0.32
0
0
0.01
0
0.01
0
0
5.55
0.02
0
0
0.04
1.57
9.56
0
0
0
0
0.01
0
0
0
0.01
0.15
0.64
0.09
0
2.7
0
0
0
0.43
4.15
2.18
4.76
14.23
1.09
0.01
6.12
0
0
0
0.02
0.24
1.1
0
0.18
0.1
0
0
0
0
0
1.93
8.36
2.51
0
0
0
0
0
0.99
16.54
17.88
7.41
0
0.02
0
0
0
0
0
0
0
0
0
0.24
0
0
0
0
0
0
0
0
0
0
0
0
0
0.01
0
0.02
0.07
0
0
0.35
1.76
6.02
40.11
15.11
2.45
0
0.72
0
2.69
0.69
0
0
0.02
0
0
0
0.09
0
1.55
1.2
0.38
0.47
0.09
0.59
0
0
0
0.46
2.61
8.59
14.43
0.95
0
0
0
0
0
0
0
0
0.01
0
0.32
0.11
0
0
0
0.01
0.41
5.79
0.2
0.21
0
0
1.58
1
0
0
0
0
1.18
7.38
0.89
0
0.15
14.91
3.35
0.23
0.16
0.04
0
0
0.05
1.14
0.01
0
0
0.08
0
0.29
0.04
0
0
0.26
0
0
0.01
0
0.01
0
2.34
1.27
7.86
0.86
1.94
0.07
0
0.46
5.49
4.16
1.16
0
0
0
0
0
0
0
0
0
0
0
0
0
0
0
0
0.29
0.05
0
0
0
0.01
0
0.02
0
0
0
0.13
0.25
0.1
0
0.02
0.02
0.02
0
0
0
0
0
0
0
0
0
0
0
0
0
0
0
0.04
0.05
0.39
0.25
0.37
0.08
3.25
1.67
0.2
0.83
0.71
0
0
0.06
0
0
0
0.08
0
0.01
0
0.56
1.31
1.59
0
0
7.57
1.61
2.53
0.11
0.04
2.17
0.48
0
0
0
0.01
0
0
0
0
0.02
0.23
0.28
0.52
0.27
2.05
1.67
1.46
0.43
0.49
0.01
0.82
4
1.09
6.81
6.53
1.63
1.23
0.06
0.22
0
3.11
2.17
2.78
1.22
0.5
0.08
0.11
0.03
0
1.87
0
0.3
11.71
2.18
1.8
4.27
0.7
1.48
6.38
4.75
0.26
0
0
3.48
0.15
0.05
0
0
0.01
0
0
0
31.41
4.43
0
0
15.73
0.19
1.65
0
1.5
0
0
0.28
0
0.01
0
0
0
0.09
2.52
1.75
1.21
1.09
9.31
4.09
0.13
2.11
0
0.14
0.06
0.41
6.44
13.65
1.93
0.73
12.07
3.02
2.7
0
4.96
24.54
5.43
0
0
0.28
8.56
0.33
0
0
0
0
0
4.81
10.14
31.05
5.03
11.82
2.76
2.81
5.88
10.14
0.71
0
0.02
3.38
2.69
0.62
1.34
5.8
0.16
1.01
1.2
0
0
0
0
0
0
0
0
0
0
0
0.27
0.33
0
0
0
0.04
0
0.04
0.04
0
0
0
1.16
0.73
0.01
0.81
0
3.62
0
0.01
0
0.23
0
1.74
4.64
6.76
2.58
0
0
0
0.05
0.01
0
3.49
0.08
7.19
7.73
1.48
0
0.01
0
0.01
3.9
7.49
3.85
0
0
0.01
0.04
0.21
0
0.22
0.22
2.3
0.13
0
4.47
5.73
7.31
2.23
0.66
3.22
1.22
0.25
0
0
0.02
2.37
17.16
10.79
2.21
0
0
0.01
0
0
0
0
0
0
0
0.44
3.74
2.25
0
0
0
0
0.87
0.27
0
0.01
0.02
0
0
0.05
0
2.66
5.42
1.15
0
0.02
0
0
0.01
0
0
0.02
4.1
1.45
0
0.02
0.04
0.08
0.07
0.37
0.09
0
0
0
0.03
0.22
0.32
0.02
0
0
0.02
0
0
0.11
6.01
4.24
2.05
0.78
0
1.54
0.32
0.01
0.02
2.62
1.35
0.09
0
1.33
0.91
0.09
0.5
3.96
1.39
0.27
0.54
0.01
0.03
0.11
0.18
1.98
4.21
5.24
1.81
17.79
4.01
1.3
0.02
0.11
0.04
0.06
0
0.19
0.01
0
0
0.71
0.11
0
0
0.34
0.06
0
0
0
0
0
0
0
0
0
0
0
0
0
0
0
0
0
0
0
0
0
0
0.21
0.5
0.09
2.03
0.31
1.2
1.48
1.16
0.18
0.31
1.07
5.14
19.09
10.89
1.82
0
3.4
2.59
0.76
0.01
0.6
0.52
0.03
0.01
0.17
2.2
0.73
0.19
0.03
0
0
0
0
0
0
0
0
0
0
0
0
0
0
0
5.45
1.39
0
0.29
1.36
0.26
0.3
0.74
0.34
0.02
0
0
0
0.33
2.02
0.34
0
0
0
0
0
0.01
0
0
0
0.64
4.52
18.07
9.38
1.54
0
0
0
0.02
0.01
0
0
0
0.41
1.04
12.46
2.77
3.62
0.28
0.07
1.96
1.19
0.89
0.14
0.27
2.23
1.41
1.99
0.51
0
0
0
0
0
0
0.96
8.15
6.55
5.79
0.14
0.02
2.76
4.58
0.12
0.27
2.44
5.94
2.45
0
0.09
0.1
1.29
0.74
4.93
2.25
2.02
11.03
8.57
0.44
0.19
0
4.58
0.77
0
0
0
0
1.85
4.27
0
0
0
0.8
1.75
2.23
1.5
8.48
13.41
1.8
1.54
3.43
2.35
2.16
1.05
0.77
3.2
5.76
1.85
0.21
0.01
0.72
0
1.11
1.94
6.84
2.84
0.19
0
0.66
0.91
2.44
0
0.01
0
0.86
0.36
5.15
0.06
0
0
5.1
0
0
0
4.12
1.36
0
0
0.16
0.23
0.62
0.64
0
0
0
0
0
0
0
0
0
0.27
0.15
1.33
1.05
1.03
0
0.59
0.07
0.69
0.98
6.27
2.99
0.03
2.94
5.1
17.85
14.71
3.17
2.09
0
0.02
0.03
0
0
0
0
0.99
0.68
0.68
3.1
0.26
0.68
4.13
1.59
0
0
0
0
0.01
0.01
0.1
0.54
0
0.05
0
0.07
0.69
7.17
0.68
0.84
3.8
3.26
1.82
1.21
0
0
0.21
0
0
0
6.93
12.48
3.59
0.3
2.35
0.34
0.26
0
0.72
1.38
1.64
0.02
0.03
0.44
1.27
0.07
0.11
1.83
3.05
0.32
0
0.01
0.33
0.58
1.77
1.34
0.29
2.11
0.21
0.84
5.48
2.48
2.45
0.1
0
0.11
0.07
0.06
0
0
0
0
0
0
0
0
0
0
0.02
0
0
0
0.21
0.03
2.45
1.27
0.8
5.19
2.78
0.28
0.04
0
0.01
0.05
0.15
0.7
0
0.1
1.18
1.73
12.8
7.22
1.59
0.03
0
3.16
1.34
0.52
0.95
0.4
0.95
2.25
3.57
0
4.67
0.58
1.02
1.89
14.69
3.38
0.17
0.06
6.05
2.7
0.8
1.48
7.48
1.09
0.78
0.1
0.56
0.4
5.39
3.27
3.11
0.09
0.17
4.36
0.88
6.58
4.86
0.37
1.38
2.22
0.5
0.95
3.25
1.28
0
0
0.08
0.27
0.31
0.49
3.46
2.38
0.16
0
0
0.02
0.12
0.49
0.6
4.44
0.58
0.18
0.43
0.41
0
1.76
0.09
1.23
0.01
0
0
0
0.02
0
0
0
0.11
0.37
3.7
0.63
0
0
0
0
0.07
0.19
4.75
2.33
0.32
9.97
2.34
0
0
0.3
0
2.78
0.62
0.21
0.01
0
0
0
0
0.03
0
1.14
0.17
0.42
0.17
0.16
0
0
0
2.29
10.42
2.71
4.88
0.16
0
0
0
0
0
0.01
0
0.02
0.23
8.87
9.23
4.68
0
2.73
4.09
0.89
2.04
0
0
0
0
0
4.52
0.87
0.08
0.8
6.73
7.38
20.16
12.03
2.17
3.83
9.63
1.16
0
3.4
0.08
0.07
0.2
1.21
13.75
5.77
3.95
3.2
1.36
0.38
0.37
1.91
0.23
0.5
0.42
0.28
1.03
14.41
1.13
0
0
0.01
0.11
0.94
1.31
2.23
1.38
11.62
3.78
0
0.02
0
0
8.34
0.1
0
0.7
0.15
0
0
0
0
0
2.01
1.33
0
0
0
0
5.18
14.06
1.52
0
0.23
0
0
0
0
0
2.35
0.02
0
0
9.26
10.95
1.28
0.01
0.1
0
5.8
1.87
0
0
0
0
5.14
0.02
0
0
0.08
0.09
0.01
0.32
0
0.04
0.59
3.3
0.47
1.65
0.53
0
0.01
0
0.13
0.05
0
0
0
0
0
0
2.16
0.71
0
0
0
0.03
0
0.01
0
0
0.1
0
0
0.78
5.48
0.49
0
3.74
0.27
0.26
2.18
8.95
1.09
0
0.02
0
0
0
0
0
0
0.51
2.14
0
0.15
3.51
0.5
0
0
0
0.04
0
0.02
0.45
1.7
0.97
2.14
1.93
1.22
2.25
0.76
0.41
0.34
0
0
0
0.03
0.02
0
0
0
0
0.01
2.2
0.28
0
0
0
0
0
0
0.01
0.01
0
0.95
2.23
1.09
1.43
0.2
0.09
0.09
0
0
0
0.05
4.69
3.23
6.81
0.84
0
0.02
0.17
1.09
0.88
9.62
1.82
0.18
0.27
0.07
0
0.02
0.01
0.95
8.23
0.77
0
0.19
1.14
3.23
0.7
0
0
0
0.21
1.01
5.27
3.55
0.09
0
0
0
0.01
0.02
0
0.01
0.01
0
0
0
5.94
4.35
1.62
1.3
2.4
0
0.24
0.26
5.59
0.66
0.43
0.5
0.33
0.11
0.58
0.06
1.55
9.39
1.45
0.28
0.37
0.08
0
0.01
0.01
0.01
0
0
0.16
2.34
5.64
0.73
0.11
0.12
0.07
0.14
0.03
0.15
0.69
5.45
1.46
0.83
0.29
3.48
0.36
9.84
5.88
5.94
2.01
0.98
9.73
7.86
6.57
1.61
0
0
0
0.01
0
0.43
6.08
1.19
1.16
0.01
1.16
1.94
0.47
0
0
0
0
0.01
0
0
0
0
0.01
2.57
1.13
0.84
3.46
0.51
0
6.27
0.92
0.2
0.72
0.48
0.68
2.49
7.72
0.75
0.09
0
0
0
0.02
0.01
0.4
0.05
0
0
0.63
2.13
12.49
8.2
1.61
3.78
2.46
2.58
0.33
0.57
3.06
4.25
3.13
0.37
0.57
1.26
1.67
1.73
0
0.49
0.32
0
0
0.73
0.23
0.01
0.23
13.31
7.26
3.31
25.57
5.07
2.19
1.05
1.04
8.49
4.19
3.32
1.15
0.03
3.14
0.48
0
0.12
0.11
2.28
0.09
0
0.3
0
0
2.18
0
0
5.61
1.24
4.96
11.68
4.3
0.37
0
0
0.04
0
0.34
0
0.06
10.33
16.68
0.85
0
0
0
1.24
0.01
0
0
0
0
0
0
0
0
0
0
0
0
0
0
0
0
0
0
0
0.21
0
0.16
0.36
0.08
0
0.02
0.1
0
0.01
0.02
0
0.02
0.02
0.2
0
0
3.25
0
0
0.45
0.02
0.05
0.04
2.4
2.71
3.66
2.44
0
0
0.01
0.02
0
2.34
0
0.03
0
0
0
4.8
11.5
0.13
0
0
0
0
0
0.02
0
0
0
0
0
0
0
0
0
0
0
0
0
0
0
0
0
0
0
0.96
0
0
0
0
0
0
0.02
0
0
0
0
8.52
1.16
0.18
0
2
1.44
0
0
0
0
0
0
0
0
0
0
0
0.22
0
0
0.38
0.07
0
0
0
0.02
0.78
0.21
0
0
0
0
0
0
0
0
0
0
0
0
0
0
0
0.09
1
1.09
0.51
0.18
0.03
0.16
2.28
2.54
1.8
0.18
0.78
1.89
0
0.01
0.18
4.1
2.15
4.67
1.48
3.46
0.27
0
0.09
0
0.46
0.71
0.09
0.05
1.19
2.66
0.75
1.61
0.17
0.13
4.41
0
0.05
0.25
7.56
2.02
0.25
2.37
6.95
1.38
0.89
0.76
0.07
0.66
0
0
0.13
0.08
1.55
2.84
2.71
0.55
10.9
0
0.01
0
0.77
3.74
6.43
6.2
3.25
0
0.55
0.39
1.51
0.98
4.48
4.49
0.91
4.59
0.88
5.32
3.33
5.73
5.13
3.23
5.35
2.69
0.08
0
0.17
0.14
0.01
0.02
0.22
0.15
0.02
0.04
0.04
0
4.43
1.16
0.08
0
0.05
0.06
1.11
4.48
5.63
0.54
0.01
0
0.03
0.13
1.06
0.94
0.3
0.75
2.55
5.35
2.8
0
0.13
0.48
0.29
2.76
2.25
1.15
1.61
0.75
0.42
0.36
0.02
0.29
1.14
7.81
1.57
0.87
0.03
0.06
3.25
2.89
0.52
0.44
2.98
19.86
2.55
0
0
0
0
0
0
0.09
0.02
0.23
0.05
0.08
0.06
0
0.35
0
0
0
0
0
1.2
0.2
4.99
6.39
0.58
0
0.02
0
0
0
2.46
0.29
0.02
0
0
0
0
0.05
0
0
0.2
0.03
0
1.09
1.54
15.75
46.84
29.15
0.77
1.46
1.76
0.23
0.15
1.05
13.73
1.99
0
0
0
0
0.04
0
0
0
0
0
0
0
0
0
0.05
6.03
3.59
27.95
9.23
1.16
4.79
2.96
1.24
5.18
16.7
1.13
0
0.03
0
0
0.96
1.55
0
0
0.05
0.9
0
0.01
2.59
0.31
0.43
0
2.96
0
0
0
0
0
0
0
0.07
0
0
0
0
0
0
0
0
0
0
0
0
0
0
0
1.12
0
0
0.07
0
0
0
0
0
0
0
0.01
0
8.99
0.84
0.55
16.83
0.41
3.52
0.17
0.05
0.98
14.77
2.14
0.41
1.16
0.06
0.02
0
0
0
2.97
9.14
5.99
12.93
9.95
3.36
0.45
1.02
0.03
0
0
0.01
0
0
0.05
0
0
0
0
0.22
0.05
1.02
0.18
0.91
7.45
9.8
2.4
3.76
1.42
2.92
4.34
0
0.34
0
0.05
0
0.27
3.86
2.41
1
2.62
14.79
24.97
6.75
0.28
0.05
0
0
0.06
0.13
0
0
0.24
0.29
0
3.11
0.4
0
0.27
1.35
10.67
1.09
0.18
1.12
0.4
1.67
2.2
1.03
0.04
0
0
0
0
0
0
0
0
0
0
0
0
0
0.41
0.17
0.48
0.02
0
0.17
0
0.27
0
0
0.02
0
0
0.01
0.02
0.04
0.75
0.91
2.01
3.7
0.55
0.2
0
0.3
2.03
1.11
0
0.05
0
0.49
0.53
0.01
0.57
3.51
4.7
4.23
0.2
0.84
2.53
0.31
0.88
0.44
0.22
0.08
0
0.09
0.02
0.24
0
0.68
0
0.01
0
0.3
0
0.04
0.48
0
0
0
0
0
0
0
0
1.36
0.11
0
0.52
0
0.61
2.15
0.78
0.14
0.34
1.42
0.28
0
0.63
0.75
3.77
7.16
14.63
5.07
0
0
0
0
2.03
4.13
0.86
0.33
0
0.02
0
0
0.06
0.22
1.91
1.16
0.44
0
0
0
1.47
2.87
9.4
1.28
0
0.14
0.9
0.02
0.05
0.35
0.7
0
0
0
0.14
0
0
0
0
0
0.19
0
0
0
0
0.81
2.73
1.46
2.79
5.13
1.05
0
0
0
0
0.1
0.12
0
0.02
1.97
4.27
11.13
2.95
1.27
0.86
4.26
2.55
4.75
1.62
0.31
0
0
0.02
0.13
16.57
5.8
5.61
2.13
0
0.38
0
0.01
0
1.1
0.26
0.13
1.59
5.63
6.7
8.3
2.66
0.4
0
0
0
0
0
0
0
0.13
7.16
6.46
5.65
0.94
4.14
7.22
1.77
0.29
0
0
0
0
0
0.05
0.17
0.02
0
0
0
0
0
0
0
2.79
1.33
0
0
0
6.48
0.21
0
0.72
2.09
0
0
0
0
0.06
5.21
6.93
2.67
0
0
0
0
0
0
0
0
0
0
0.11
0.09
0
0
0.01
0
0.01
0.01
0
0
0
0
0
0
0
0
0
0
0
0
0
6.44
6.34
0
0
0.46
0.59
2.6
1.3
1.06
0
0
0
0
0
0
0.02
0.31
0.21
0
0
0.06
6.15
0.11
0
0
0
0
0
0.07
1.51
1.73
0.49
0.45
0.09
0
0
0
0
0
0.28
0.26
2.41
0
2.08
0
0.09
0
0
0.33
0.78
0.83
2.1
0
0.11
0
0.42
0
0
0
2.66
2.62
0.18
0
0
0
0
0
7.23
0
1.5
0.01
3.88
0
0
0
0.29
1.32
0.42
2.35
0.07
1.61
0
12.41
0.6
0
0.16
1.2
0
0
0.29
0.27
0
0
0
0
0
0.01
0
0.32
2.18
5.63
2.16
0.16
3.24
0.67
0.16
0.49
2.48
0.16
0.01
0.01
0.13
0.03
0.22
0.01
0.01
0.01
0.48
0.05
2.72
0.27
2.1
0.63
5.73
0.29
0.01
0
0.04
0
0
0.04
0.23
0.03
0
2.2
0
0
0
0
0
0
0.1
0
0.12
0.57
2.27
2.23
5.32
0.75
0
0.01
0.01
0.21
0
0.14
0.03
0
0
0
0
0.06
0.03
0
0
0
0
0
0
0.04
0.09
0.43
0.09
0
0
0.82
3.45
6.7
0
0
0.17
0.04
0
0.03
0
0.16
0.47
0.56
0.07
0.07
0
0
0
1.37
0.47
0.44
0
0
0
0.01
0.16
0.02
0
0.5
0.09
0.03
0.01
0.72
0.23
1.3
0.39
2.14
1.21
0
0
0.04
0.37
0.43
0.14
0
0
0
2.17
1.13
1.52
3.33
0.17
0.1
6.25
2.66
0.9
0
3.02
0.51
0.98
1.03
5.38
0
0.68
5.02
0.57
4.89
2.82
0.2
0.37
0
0.32
13.64
35.65
11.49
0.73
5.91
3.45
8.23
0.68
0
0.02
0.09
3.09
0
0
0.01
0.01
1.35
2.52
2.47
0.94
1
0
0.04
2.32
1.26
0
0
0
0
0.38
0
0
0
0
8.02
0.76
0
0.02
0.99
0.2
0.02
0
0.12
0.61
0
0
0
0
0
0
0
0
0.08
0
0
0
0
0
0
0
0
0
0
0.01
0
0.74
18.84
19.86
3.18
0.61
0
0.15
7.09
0.01
0.74
0
0
0
0
0.31
0
0
0
0
0
0
0.04
0.35
0
0
0
0
0
0
0
0
0
0
0
0
0
0
4.2
5.42
0.09
0.11
0
5.47
19.6
4.35
3.52
0.88
0.48
0
0
0
0.13
0.22
0.16
0
0
0
0
0
0.24
0
0.02
0
0.01
0
0.92
1.97
0
0
0
0
0
0
0
0
3.5
17.41
0
0
0
0
0
0.01
0.99
3.18
0.86
0
0
1.08
2.88
3.19
0
0.56
2.32
7.12
0.01
0.03
0
3.65
0.19
0.45
0
0
0
0
2.66
0.09
0
0
0
0
0
0
0
0.01
0.39
1.18
1.44
3.91
0.7
0
0
0.18
0.77
0
0
0.11
0
0
0
0
0
0
0
0
0
0
0
0
0
0
0
0.45
0
0
0
0
0
0.39
0
0.02
0
0
0
0
0
0
0
0
0.05
0.14
0
0
0
0
0
0.01
0.32
0
0.25
0.24
0.7
0.16
0.35
1.32
5.62
1.49
0.31
1.93
1.55
2.11
8.49
1.02
0.38
1.21
1.73
8.9
4.33
7.64
1.06
0
0
0
0
0
0
0.01
0
0.01
0.06
1.77
0.37
0.04
1.05
0.89
2.59
2.08
0.2
0.08
2.39
0.4
0.07
0.51
1.36
0.16
0.66
0.58
0.09
0.02
0
0
0
0
0
0
0
0
0
0
0
0
0
0.05
2.81
1.11
17.33
7.37
3.18
6.28
0.91
0.2
7.23
1.8
1.1
1.02
0.72
0.68
0.84
0.16
0
0
0
0.06
0.02
0.09
0.13
0
0
0
0
0
0
0
0
0
0.3
0
0
0
0
0
0.05
0.05
0.13
1.63
0.45
0.67
11.67
2.02
6.03
0.45
0
0.04
0
3.58
0
0.16
0
0
0
0.97
0.58
0.23
0.03
0.17
21.56
6.13
8.07
2.3
0
0.03
0
0.02
0
0
0
0
0
0.01
0
0
0
0.01
0.36
0
0
0
0
0
0.01
0
0.01
0
0.03
17.25
9
4.68
4.19
1.36
0.01
0.19
0.34
0.05
0
0.78
3.68
19.66
14.2
2.32
16.16
3.02
3.27
5.72
7.52
1.43
0
0.25
0.41
1.68
5.12
2.62
0.18
0
0.2
0.02
0
0
0
0
0
0
0
0
0
0
0
0
0
0
0
0
0.22
0
1.21
0.46
0
0
0.8
0.01
0
0
0.27
0
0
0
0.01
0.01
0
1.29
3.93
0.01
0
0
0
0
0
0
0
0
0.51
11.99
0
0
0.05
0.01
0
0
0
0
0
0
0
0
0
0
1.78
0.23
0
0
0
0.01
0
0
3
2.21
0.59
0.52
5.04
6.44
0.85
0
0.39
0
0.01
0
0.04
1.21
0.01
0
0
0
0.31
9.09
2.26
0
0
0.01
0.01
0
0.46
1.55
7.8
0.34
0
0
0
0
6.52
1.46
0
0.69
7.05
0
0
0.01
0
0
0
0.02
0.02
0
0.04
0.18
0
0.37
2.43
0
0.79
0.01
0
14.25
10.97
6.54
6.13
21.49
1.38
0
0
0
0
0
0
0
0
0
0
0
0.1
1.35
6.88
17.91
2.55
0
0
0.03
0.5
2.38
1.27
0.2
0.21
0
0
0
0
0.03
0
0
0
10.21
7.19
0.29
0.66
0
0
0
0
0.01
0
0.01
0.51
0.48
0.05
0.3
0.52
0
1.27
1.25
0.24
0.39
0
0.68
0.52
0
2.04
0.63
0.55
5.87
3.2
0
0.07
0
0.02
0
0
0
0
0
0
0
0
0.01
0.02
0
0
0
0
0
0
0
0
0
0
0
0
0
0
0
0
0
0
0
0
0
0
0
0
0
0
0
0.27
0.09
0
0.28
0.3
0.48
0.3
0.02
0.09
0
0
0.04
0
0.01
0
0
0
0
0.14
0.05
0.15
3.02
0.28
0
0
0
0
0
0
0
0
0
0
0
0
0
0
0
0.53
0.13
0.01
0.23
0
0
0
0.03
0
0.9
5.02
0.09
0.32
1.58
1.09
0
0.04
2.28
1.38
0.28
0
0
0.01
0
0
0.01
0
0
0
0
0
0
0.41
0.08
0.89
0.63
0.05
4.07
0.32
1.53
0
8.09
0.61
0.09
0.18
0
0
3.67
0.48
0
0
0.01
0
0
0.09
0.14
0.01
0.01
0
0.16
0
0.13
0
1.92
0
0.01
0.01
0.09
5.11
0
0
0
0
0
0
0
0
0
0
0
0
0
0
0
0.35
0
0.36
0.45
0.83
0
0
0
0
0
0
0
0.16
4.74
1.19
0.55
9.12
1.92
12.98
1.03
4.13
0.3
0
0.11
0
0
0.09
9.86
4.3
14.39
0
0.36
0
0
0
0
0
0
0
0
0
0.01
0
0
0.01
0
0.03
0.04
0.03
0
0
0
0
0
0
0
0
0.02
5.01
8.36
5.21
0
2.56
0.5
0
0.27
0.01
0.14
0.01
0
0.22
0.2
0
0.27
0
0.04
0
21.43
7.09
0
1.92
15.33
3.6
0.98
0.21
0.46
2.58
0
0
0
0
0
0
0
0
0
0
0
0
0
0
0
0
0
0
0
0
0
0
0
0
0
0
0
0
0.55
0.41
0
0
0
0
0.13
0
0.01
0
0
0
0
0.01
0.37
0.13
0
0.87
0.52
0
0
0
0
0.2
0
0
0
0
0
4.28
8.55
2.88
0.12
0
0.01
0
0.54
2.88
9.89
2.69
0.12
1.31
1.16
0.04
0.02
0.05
0.08
1.97
3.53
9.34
0.2
0.64
1.15
0.39
0.48
0.16
0
0.09
0.04
0
0
0.03
0
0
0
0
0
0
0
0
0
0.23
0
0.33
0.73
0.11
0.38
1.05
1.73
2.28
14.5
3.13
10.16
2.41
0
0
0.02
0
0
0
0.12
0
0
0
0.01
0
1.14
0.27
0.34
3.49
0.98
2.98
0.96
0.02
0.05
0.04
0
0
0.26
0
0.09
0.3
0.16
0.92
2.46
0.66
0.9
0
0
0.76
0.04
0.01
0.15
1.33
0.3
2.72
0.02
0.23
0.04
0.49
0
0.01
0.34
0
0
0
0
0.02
0
0
0
0
0.28
0.08
0.05
0
2.07
0.14
0.41
0.1
0
4.3
8.19
1.19
0.55
0.09
0.01
0
0
0
0
0
0.04
0.08
0
0
0.43
0.85
0.21
1.55
0.4
0.3
1.01
0.95
9.58
1.92
0.44
4.9
0.69
0.08
1.16
6.92
0.11
0.15
10.48
1.59
3.55
8.92
0
0.28
0
0
0
0.01
0.01
0
2.62
0.77
8.53
4.43
0
0
0
0.01
0
0.01
0
0.1
1.41
0.43
0
0
0.05
1.54
4.11
2.05
0.61
0.38
0.17
4.02
8.21
27.19
7.99
0.2
0.45
0
0
18.84
20.92
18.49
1.95
1.57
0.76
0
7.1
4.83
4.76
1.03
4.81
1.24
6.94
4.02
5.6
1.03
0.05
0.03
0.16
0.48
2.28
8.82
3.22
2.01
0.6
0.07
0
0
0
0
0
0.01
0
11.98
0
2.19
0.03
0.28
0
0
0.01
0
0.18
0
0
1.27
0.01
0
0
0
0.02
0
0
0
0
0
0
0
0
0.05
0.03
0
0
0
0
0
0
0
0
0
0.26
0
0
0
0
0
0
0
0
0
0
0.01
0
0.03
0
0.61
0
0
0
0
1.29
1.1
0
0
0.05
0
0
0.04
0
0.08
4.73
0.33
0
0
0
0.04
0.03
0.36
0
0
0
0
0
0.04
0
0.41
4.02
0.23
0
0.02
0
0.03
0
0.18
0
0
0
0
0
0
0
0
0.01
0.01
0
0
0.01
1.99
5.15
0
0.91
1.11
0.45
2.64
2.01
0.1
0
0
0
0
0
0
0.01
0
0.11
0
0
0.06
2.43
0.23
0
0
0
0
0.42
6.41
2.53
0
0
0
0
0.62
1.45
0.15
2.1
0
0
5.81
13.37
8.14
18.78
7.66
6.21
34.63
3.32
3.39
1
0.68
9.06
0.38
0.29
0.12
0
0.12
0
0.04
0.14
0
0.02
0.39
8.53
3.84
1.38
0.09
0
0.07
0.03
0
0.39
0.11
0.04
0
0.16
0.68
0.14
0.1
0
0.27
1.99
0.17
3.3
0.06
0.77
0.09
0.1
0.08
0.63
1.12
0.18
0
0
0
0.02
0
0.02
0.88
2.84
0
0.27
0.13
0.02
0
0
0.03
0.64
0.84
0.95
0.27
1.78
0
0
2.56
0.73
0
3.97
0.09
1.37
0.82
0.07
0
0
0
0
0
0
0
0
0
0.1
0.66
0.4
6.45
8.3
2.27
0.52
0
0
0.18
0.33
5.47
0.39
0
0.51
3.23
1.04
0
0.02
3.25
0.13
0.5
0.34
2.44
0.33
0.39
0.55
0.38
0.02
0
0
0.01
0
0.08
2.02
0.38
0.33
0.07
0
0.01
1.68
10.05
1.85
5.3
0.52
0.39
0
0
0
0.4
0.29
0
0
0
0
0
0
2.24
1.06
0.02
0.85
3.34
0.41
0.14
0
0
0.03
0
0.01
0
0
0
0
0.3
4.71
2.46
1.07
0.52
0
0.74
1.29
0.3
0
0
0
1.84
0.1
0
8.18
2.57
3.3
0.23
0.63
0.01
2.03
0.84
3.56
4.45
7.43
8.46
0
2.32
0.84
3.51
0.18
2.45
14.27
1.34
2.31
2.23
0.26
1.92
0.89
0.02
0.1
2.95
0.46
3.99
2.81
0.44
0
0.02
0.46
0
0.01
0
0
0
0.01
0
0.99
0
0.01
0.12
0
0
0.14
0
0.02
3.75
6.3
0
4.7
0.97
0
0
10.5
13.59
1.74
0
0.04
0
0.29
0
0
0.03
0.01
0
0.39
8.66
0.67
0
0
0
0
0
0
0
0.18
0
0.7
0.02
0
0.01
0
0.39
0
0.03
0
0
0.01
0
0
0
0
0
0
0.18
0
0
0
0
0
0
0
0
0
0
0
1.8
1.89
0.3
0
0
0
0
0
0
0
0
0.01
0
0
0.13
0
0.01
0
1.51
0.09
0
0
0
0
0.01
0
0
0.02
0.62
0
0
0
0.13
0.23
0.11
1.7
0
0
0
0
0.08
1.45
0.4
0
0
0
0
0
0
0
0
0
0
0
0.01
0.01
0
0
0.01
0
0.3
1.48
2.52
0
0.36
2.01
0
0
0
0.41
1.75
0.74
0.13
1.72
2.09
0.48
0.01
0
0.01
1.54
2.39
0
0.09
3.1
0
0.07
0
0
0
0.09
0.01
0
0
3.55
4.17
3.3
0
0
0.45
0
0
0
0.09
1.15
0.03
0
5.93
0
0.04
0
0
0
0
0
0.09
0
0
0
0.12
0
1.84
1.59
2.16
0.13
0.47
2.78
3.91
6.75
2.02
0.71
0.96
1.63
0.32
0.38
1.71
0.53
0.5
0.07
0.2
0.02
0.01
0.02
0
0
0.02
0
0.24
0
0
0
0.06
0.13
0
0.25
0
0.02
0.01
1.32
5.99
6.83
8.6
1.51
0.31
1.83
2.78
0.62
0.05
1.9
3.36
0.02
0.04
0.01
0.69
3.98
6.31
6.22
4.45
1.21
4.83
0.75
2.93
0.88
0.5
1.04
5.23
0
1.59
0.14
1.08
2.17
0.77
0.02
0.1
0.3
0
3.37
0.46
0.88
0.82
0.15
0.5
12.52
0.83
3.25
0.02
0.01
3.33
0.58
1.53
0.27
0.02
0.05
0.03
2.01
0.64
1.63
0.41
0
0
0
0.4
2.71
0.82
0.23
3.01
8.3
2.34
1.45
0.45
2.72
11.41
3.09
0.9
0
0.15
0.66
0.97
0.5
0.09
0
1.42
0.84
1.27
3.96
9.03
8.76
10.15
0.58
0.12
0
0.03
1.14
0
0.01
0.77
0
0
0
0
0.04
0.04
0
1.27
0
0.16
0
0
0
0
0
0.05
0.98
0.05
0.11
10.89
11.87
7.05
9.19
8.11
0
0
0
0
0
0
0.06
0
0.09
0
0
0
0
0
0.01
0
2.73
14.84
5.18
4.57
10.02
7.83
1.93
0
0
0
0.03
0.01
0
0.03
0.74
0
0
0.93
0.34
0.02
0
0
0
0
0
0.05
0.13
0.94
0
0
0.01
0.06
0
0
0.03
0.05
0
0
0
1.71
7.79
1.95
0.06
0
0
0
0
0
0
0.02
0
0
0
0.04
0
0.02
0.04
0
0
0.02
0
0
0
0
0
0
0
0
0
0
0
0
0
0.49
0
0.01
1.59
13.19
0.13
0.11
0.13
0.92
8.1
0.31
2.16
3.21
2.59
0.73
14.21
0.96
0
0
0
0
6.43
15.03
1.1
2.87
0
4.49
20.34
0.08
0.05
0
0
0
0.02
0.61
10.7
2.82
0.16
2.27
0.16
0.23
2.46
0
0
0
18.33
7.79
9.1
1.64
0.49
7.3
7.3
5.87
0
0
0.42
0.26
3.51
4.16
0.85
0
0
0
0
0
0
0
0
0
0
0
0
0
0
0
0
0.19
0.27
2.55
13.15
9.92
0
0.52
0.28
0.21
0.01
2.16
0.01
0.18
0
0
0
0
0
0.01
0
0
0
0
0
0
0
0
3.05
0
0
0
0
6.96
0
0.13
0.02
0
0
0
0
1.18
1.21
1.8
1.31
0
0.95
0
0
0
0
0
0
0.01
0.01
0
0
0.01
0.03
0
12.95
1.91
0.48
8.16
6.69
0.65
0.44
0.9
0.09
0
0.01
0.06
1.41
2.42
0.55
0
1.96
4.76
2.16
3.05
13.45
10.64
0.12
0.16
1.72
1.47
0.3
0
0.1
0.03
0
0
1.48
9.23
0
0.05
0.19
0.59
10.21
6.36
4.94
1.2
0
0.03
0.55
0.16
3.01
3.63
0.2
0
0.04
0
0
0
0
0
0
0
0.47
1.83
0
0
0
0
0.08
0.04
0
0
0
0.02
0
0.56
0.06
0.01
0.35
0.14
0.1
0.05
2.52
1.48
0.48
0.01
0.05
5.44
3.45
3.5
0
0.41
3.81
3.61
0.47
0
0.08
0.06
0
0
0
0
0.01
0
0
0
0
0
0.04
1.47
0
0
0
0
0.09
0.02
0
0
0
0
0
0
0
0
0.53
0.15
1.14
0.05
0
0.01
0.03
11.97
1.27
0
0
1.41
0
23.85
5.01
0
0.04
0.07
2.8
0
0
0
0
0
0
0
0
0
0.46
0.49
0
0.02
0
0
0.06
0.07
0.2
0
0
0
0
0
0.01
0
0
0
0.88
0.88
0
0
2.95
4.38
0
0.2
0.32
0
2.45
7.03
3
12.2
0.96
1.46
0
0
0.57
14.65
13.8
2.66
0
0.02
0
0
0
0
0
1.06
0
22.63
0
0
0.37
4.96
0.02
0
0
0
0.4
1.37
0
0
0.02
0
0
0
0
1.75
0
0.02
0.4
0
0
0
0
0.02
0.08
0.05
0.02
0.05
0
0
0.1
0.16
0.44
0
0
0.24
3.63
2.61
5.17
0.01
0.04
0.01
0
0
0
0
0.04
0
0
0
0.02
0
0
0.11
1.66
0.59
0.12
0
0
0.21
0
0
0.08
1.8
0.19
15
12.13
0.92
1.15
1.07
0.29
0
0
13.88
12.69
0.82
0
0
0
0
0
0
0
0
0.06
1.15
7.34
7.42
1.63
0
0.52
5.98
0.27
0
0
0
0.06
0.78
9.18
0.09
0.1
0
15.67
10.26
1.31
0.08
0
0.06
0.98
0.07
0
0
0
0
0
0.02
0.25
2.91
8.35
3.62
1.2
0.89
0.04
0.08
0.11
0
0
3.96
4.15
1.27
0.6
0
0
0.46
2.12
0.99
12.53
1.49
5.74
2
0
0.03
0
0.01
0.1
0
0
0.18
0.12
0.02
0
0
0
0
0
0.59
7.2
0.08
0.76
0.35
0.13
0.61
0.08
0.07
0.01
0.01
0.34
11.65
0.07
0.59
0.28
0.93
5.21
24.38
3.49
4.39
0.86
0.01
0
0
0.75
1.52
0.05
0.04
1.68
6.74
0.14
0
0.33
0
0.12
0.01
0.05
2.94
0.57
0.09
0
0.16
0.12
0
0
0
0.82
2.59
0.44
0.01
0
0
0.05
0.02
0.27
0.84
2.88
0.21
0.7
0.01
0.08
0.14
0.06
0.02
4.39
1.49
0.27
0
0
0
0
0
0
0
0
0
0
0
0
0
0.02
1.72
0
0
0
0
0
0
0.34
0.84
1.04
0
0
6.13
18.94
9.42
6.12
2.6
0
2.72
1.07
0.48
7.91
0.52
1.48
0.54
9.7
2.93
0.67
1.48
3.12
0.75
0.45
2.86
1.18
1.08
14.97
18.04
2.49
0.46
0.87
0.11
1.45
0.88
1.94
1.58
0.55
0
3.92
3.97
2.81
3.09
1.77
10.42
12.45
7.31
1.35
4.62
1.41
0
0
0
0.39
2.89
2.87
2.09
4.77
6.36
2.02
0.02
0
0
0
0
0
9.38
2.14
0
0.02
0
8.36
12.5
3.05
0.01
3.75
2.61
1.4
18.61
3.19
9.92
0.31
0.04
1.5
4.93
1.3
4.04
3.93
0.38
9.87
4.73
10.54
12.84
7.71
1.97
1.05
0.88
0.33
0
0
0.1
0
0
0
0.35
0
0
0
0
0
0.02
0
0
0
0
0.07
0.03
0
0
0
0
0
0
0
0
0.02
0.36
0
0
0
0.2
0
0
0
0
0
0
0.07
0
1.75
0
0.07
0
0
0
0
0
0
0
0
0
0
0
0
0
0.01
0.65
0.02
0
0
0
0
0
0
1.34
7.08
1.13
1.21
0.28
0
0
0
0
0
0
0
0
0.08
0
0
0
0
0
0
0.03
3.29
0
0
0.57
0
0
0
0
0.04
0
0.23
1.03
0.02
0
20.32
26.47
5.17
2.65
1.54
1.09
0.05
0
0
0
0.02
0.01
0
0
0.01
0.01
0
0
0.02
0.02
0.02
0.54
0
0
0.11
0.51
0.02
0
30.13
4.05
0.8
0
0
0
0
0.02
0
0
0
0
0
0
0
0
0
0
0
3.42
0.84
0.37
0.02
0
0.05
0.18
0
0
0
0
0.02
0
0
0
0
0
0
0
0
0.66
0.01
0
0
0
0
0
0
0
0
0
0
0
0
0.01
0
0.02
6.18
0.78
0
0.04
0
0.01
0
0
0
0
0.04
0.02
0.01
1.46
1.26
0
0
0
0
0
0
0
0.01
0
0.02
0
0
0
0.15
0.42
0
0.02
0
0.91
0.31
1.05
0.07
0
0
0
0
0
0
0
0
0.13
0.01
1.01
7.67
6.19
15.39
6.47
4.09
0
0.08
0
0
0.39
0
0
5.22
9.32
0.06
0
0.07
0
0
0
0.21
2.05
3.82
0.72
3.02
0.42
0
0
0
0
0
0
0.02
0.02
8.77
29.98
6
0.07
4.48
2.97
6.15
1.45
0.47
0.63
0.77
0
0
1.47
3.58
3.07
0.52
0.55
0.08
0.03
0
0
3.21
0.55
7.23
1.7
5.3
7.84
1.39
2.86
0.33
0.61
0
0.02
0
0
0
0
0.41
0.01
0
0.3
0
0.04
3.95
9
0
0
0
0
0.84
0.61
0.45
3.11
16.01
6.58
25.62
3.45
4.72
2.93
3.43
6.02
2.39
6.95
1.39
10.98
0.21
0
0
0
0.87
4.09
0
0
0
0.02
0
0
1.48
0
4.84
18.37
4.08
1.38
0.02
0.16
0
0.36
0
0
0
0
0.01
0
0.04
0.13
1.6
11.98
0.3
0.25
0
0
7.29
0.62
0.08
0.01
0
0
0
0
0
0
0.04
0
1.24
1.11
0
0.03
0
0.07
0
0
19.55
3.2
0
0.21
0.23
18.29
2.13
0.4
0
0.41
0.53
0.04
0
0
0
0
0
0
0.02
0
0.02
8.64
5.18
0.75
0.04
0.13
4.45
0.47
0.1
0
0
0
5.32
1.85
0
0.3
0.5
3.07
2.54
1.2
5.82
4.58
5.77
2.03
0.33
0
0
0
0.01
0
0
2.03
0.15
0
0
0
0
0.01
0.03
0
0
0
0.04
0
0
0
0
0
0.38
0
0
0
0
0
0
0
0
0.05
0
0
3.69
0.16
0.01
0
0.01
0
0.05
0.01
0
0
1.05
0.02
0
0
0
0
0.53
0.24
0
0.39
0.1
0.02
0.01
0.11
1.5
0
0
2.21
1.94
9.7
2.68
1.78
0.96
3.38
3.55
6.01
2.74
0.85
0.38
3.38
7.13
2.95
1.41
1.29
4.06
1.27
0.7
0.39
1.11
0.21
3.92
0.72
0.11
5.19
1.36
0.15
1.26
1.44
0.27
0.68
9.1
12.34
5.38
1.16
0.55
2.66
0.94
0.09
0.26
0.66
11.66
3.4
0.66
0.61
0.25
0.18
6.1
1.21
3.01
1.5
0.17
0.34
4.19
0.66
0.79
0.05
0
0.02
0
0.01
0
0
0.07
0.07
0.01
0
0.23
0.07
0
0
0.06
1.07
1.78
4.52
0.84
0.55
3.63
0.73
0.4
0.06
0
0
0.01
0.03
0
0
0
0.02
0.07
0
0.02
0
0
0
0.01
0
0.18
0.48
0
0.03
0.02
0
0
0
0
0
0.12
0.16
0
0
0
0
4.09
0.45
0.11
0.32
1.91
1.95
0.48
0
0
0
0
0
0
0
0.02
2.37
2.03
0.42
0.01
0
0
0.7
0.08
0.26
0.93
0.95
0.52
2.53
4.87
2.92
0
0.72
1.35
0.75
0
0
0.45
0.19
0.06
0
0.06
0
0
1.66
0.42
0.48
0.51
0.11
0.16
0.19
0
0
0
0.03
1.48
0
0
0.06
0
0
0.32
0.56
0.51
0
0.05
1.39
0
0
0.01
0.51
0.52
4.41
8.83
1.1
0.27
2.4
6.4
0.32
0.87
1.43
1.04
0
0
0.02
0
0
0
0.67
0.89
0.75
0.18
0
0
0
2.36
3.09
1.04
8.67
5.82
1.64
0
0
0
0.06
0.06
0
0
0
0.06
0.41
0
2.41
3
0.73
0
0
0
0
0.01
0
0.02
0
0
0
0
0
0
3.36
1.22
1.02
0
0.01
0
0
0.02
0
0.63
0.8
0
0.16
0
0.39
3.34
0.56
0
0
0.21
0.97
0.26
0.47
0
0
0.43
1.1
0.06
3.53
1.02
7.64
3.84
0
0
0.39
0.02
0
10.41
3.52
0.55
0.09
0.44
0
0
0
0
0.05
0.13
1.78
0
0.08
0.39
0.01
0
0
0.09
0.3
20.48
8.72
0.21
0
0
0.02
0
0
7.72
0.84
0.67
3.64
2.95
1.06
0
0.02
1.19
4
0.61
0
0
17.05
3.18
1.3
5.27
1.13
1.68
0
0.78
6.48
2.63
0.02
0.11
1.66
0.92
0
0
1.18
0.64
0.4
0.64
0.27
1.2
18.29
7.81
1.2
1.08
0.13
0.2
0.57
1.51
0.77
0.33
5.52
1.16
0
0.43
0
0.02
0.32
2.37
4.46
1.95
0.69
0.61
0
0
0.05
0
0.12
0
0
0.04
0.01
2.67
1.2
0.41
5.3
1.41
0.29
0.59
0.02
0.22
0.06
0.01
0.15
0.08
0
0.27
0.09
0.27
6.56
3.82
3.25
0.23
0.46
0.62
0.08
0.22
0.41
0.03
1.19
0.31
0.14
0.05
0.04
0.04
0
1.13
0.65
2.03
0.33
0.12
0
0.09
0.11
0.03
0
0.22
0
0.28
2.02
0.1
0.16
0.09
0.16
1.86
0.17
0
0
0
0.68
0.2
0.02
0.63
0
0.12
0.41
0.14
2.01
3.99
0.25
0.06
0.42
0.45
1.04
8.27
12.39
2.17
0
0.03
2.27
0.94
0.38
2.45
0.24
0
0.35
0.23
0.96
0.39
3.81
6.91
1.88
0.98
1.68
0
0.01
0
0
0
0.2
0.97
3.93
1.28
0
0.2
0.38
0.68
2.3
5.66
3.05
3.52
0.41
0
0.61
2.82
0.2
0.46
0.57
2.73
1.46
0.01
0
0.02
0.09
5.02
8.72
11.07
9.58
1.13
0.04
0.02
0
0
0
0.19
0.77
3.41
1.07
0.38
0.16
0
0.1
0
0.05
1.79
26.11
13.66
21.66
13.7
0.31
0.01
0
0
0
0.06
0.02
1.04
1.72
0.63
0.05
3.83
0.18
0.15
9.14
5.2
0.14
1.6
6.36
3.7
1.6
3.42
2.08
0.59
0.05
0
0
0.2
0
0
0.05
0.01
0
0
0.01
0.1
0
0
0
0
0
0
0.31
12.8
16.97
4.07
0.88
0.54
0.23
0.16
0.01
0.05
0.05
0
0.42
0.2
0
0
2.45
3.67
2.83
0.01
0
0
0
0
0
0
0
0
0
0
0
0
0.25
3.11
20.62
1.69
0.66
0
0
0
0
0
0
0
1.41
0.88
0.03
0
0
0
0
0.07
0.2
0
0.11
0.02
0
0
0
0.05
0.16
0
0
0
0
0
0
0.01
0.05
0
0
0.1
0
1.39
0.1
0
0
0
0.18
0.55
2.34
4.44
0.34
0.07
0
0.04
0.02
0.04
0.08
0.9
0.73
2.76
0.82
0
0
0
0
18.11
11
2.5
2.53
1.42
0
0.37
1.39
3.43
2.39
1.6
0.39
0
0
0
0
0.09
12.97
18.39
4.81
3.77
0.94
6.61
0
0.02
5.79
0.55
0.62
0.33
0
0.34
0
0
0
0.07
0.65
3.97
9.32
3.91
0.63
1.09
1.33
1.26
0.04
0
0.19
0.56
0
0
0.41
0.33
0
5.09
1.57
0
0.2
0.1
0
0
0
0.02
0.63
0.38
0.09
0.09
0.74
0
0.02
0.68
0
0.18
0.68
0.41
6.09
0.68
0.11
0.3
3.26
6.66
2.92
0
0.03
0.05
0
0
0.37
0.37
3.33
1.61
8.28
9.38
3.88
1.7
0.14
0
0
0.5
0
0.02
0.05
0.14
0.27
2.91
3.98
0.16
0.01
0.11
0.56
0
0
0.38
0
0
0
0
0
0
0.89
0
0
0
0
0
0
0
0
0.04
0.05
1.26
0
0.05
0
0
0
0
0
0
0
0.03
0.03
0.08
0.45
3.11
0.74
0.05
0
0.09
0
0
0
0
0
0
0
0
0
0
0
0
0
0
0.24
0.59
0.06
0
0.05
0.05
1.14
5.12
3.27
1.33
0.91
0
0.01
0.04
0
0
0
0
0
0.06
0
0.32
0.64
1.89
0
0
0.02
0
0
0
0
0
0
0
0
0
0.03
0
0
0.19
0.28
1.55
1.3
1.44
3.94
1.07
0.02
0.02
7.48
5.04
2.12
1.8
1.65
5.73
0.61
2.15
3.39
2.74
0.04
0
0.01
0.02
0.04
0
0
0.06
0
0.19
0
0
0
0
0
0
0.01
0
0
0
0
0
13.73
10.8
0.87
0
0
0
0
0
0
0
0
0
0
0.08
0.01
0
0.58
3.92
7.16
8.72
3.66
0.42
1.09
0.12
0
0.03
0.3
0.35
4.75
16.34
2.7
4.13
3.54
4.88
2.14
0.67
6.35
1.37
0.48
4.82
0.56
0.74
1.09
4.38
2.25
3.25
1.23
0.43
0.15
0
0.05
0.87
0
2.08
1.36
0.04
0.32
0.14
5.81
0.62
0.93
1.06
0.05
0.02
0
0
0
0
0.69
0.1
1.31
0.06
0
0.06
0.22
0.3
4.67
0.46
0.36
0
0.04
0
0.02
0
1.13
2.07
3.16
0
0.27
0.32
5.44
0.27
2.87
1.95
0.68
0
3.89
3.18
4.66
5.51
2.61
0
0
0.02
0
0
0
0
0
0.42
1.92
0.5
0
0
0
0.01
1.22
0.08
0
0.65
0.01
0.22
0.86
0.02
0
0.04
0
0
0
0.13
0
0.04
0
0
0
0
0
0
0
0
0.01
0
0.28
0
0.01
0
0.01
2.99
6.4
2.02
0.2
0
0
0
0
1.05
1.79
0.48
0.02
0.13
0.39
0.13
2.45
6.3
11.76
1.36
0.03
0.48
7.76
0.22
8.04
9.18
0.64
0
0.24
0.02
0
0
0.05
1.18
0.8
8.52
7.72
6.17
2.09
0.58
0.04
0.13
0
0
0
0.01
0
0
0.23
0.2
0
0
3.31
0.44
0
0
0.02
0
0
0
0
0
0
0.01
0
0
0
0.02
0.05
1.45
0.97
8.52
2.07
2.68
1.45
2.35
0.23
0.08
0
0.18
0.12
0
0.65
1.04
0.45
0
0
0
0
0.12
1.25
3.03
6.16
5.16
2.11
0
0.34
0
0
0
0
0
0
0.07
0.02
0
0
0
0
0
0.01
0.01
0
0
0
0
0
0
0
0
0
0
0
0
0
0
0
0
0.04
0.34
0.42
0.16
0.57
5.86
1.7
0.24
0.09
0.12
0.04
1.4
2.02
0.59
0
0
0
0
0
0
0
0
0.21
0
0
0
0.05
0.81
4.82
2.09
1.65
0.64
0.04
0.02
0
0
0
0
0.07
0.57
1.51
0.88
2.02
6.21
2.47
0
0.01
0.09
0.02
0
0.81
0.36
4.39
4.07
0.49
0
0
0
0
0
0
0.04
0.16
0.21
1
0
0
0.02
0.11
0.84
0.57
0.72
1.62
0.98
1.49
1.05
0
0
0
0
0
0.08
0.33
5.59
2.41
1.04
4.37
1.08
1.03
3.24
2.91
2.23
0.31
0.53
0.11
0.04
1.2
3.4
0.46
0.05
3.21
5.41
8.98
10.05
6.68
0.7
0.46
1.91
0.77
0.41
0
0
0
0.24
2.2
8.24
1.77
0
0
0
0
0
0
0
0
0.04
4.3
6.15
0.61
3.23
3.6
0.48
0.43
0.02
0
0
0
0
0.54
5.01
2.84
0.26
0
0.27
0.68
0
0
0
0
0
0.09
10.12
4.07
0
0
0
0.05
0
0
0
0.05
5.18
0
0
0
0
0
0
0
0.04
0
0
0
0
0
0
0
0
0
0
0
0
0
0
0
0
0.16
0.18
0
0
0.15
0
0
0.02
1.03
0
0
0
0
0
0
0
0
0
0
0.07
0
0
0
0
0
0
0
0
0
0.02
0.73
0
0.02
0.61
0.02
4.07
0.16
0.04
0
0
0
0
0.15
1.21
0.59
2.77
0.23
0
22.59
14.4
5.48
0
0
0.07
0.27
0.04
3.82
0.87
3.88
2.61
0.63
1
4.19
2.03
2.38
2.34
11.23
3.96
7.25
1.05
1.38
0.58
0
1.05
0.47
0.21
0.04
0
0.16
0
0
0
2.9
7.05
16.41
4.63
0.48
0.27
2
1.3
1.59
0.88
1.69
3.16
2.3
0.34
0.14
0
0.17
0
0
0
0.01
0
0
0
0
0
0
0
0
0.21
0.01
0
0
0.2
1.77
0.7
1.95
0.7
0.03
0.05
0.22
0.07
0.43
0
0.14
0
0
0
0
0.18
0.89
0
0
0
0.16
0.08
0
0.05
0
0.1
0.66
5.06
4.32
1.53
0.38
0.11
0.02
0
0.01
0.15
1.58
0.48
3.96
3.61
1.23
2
3.42
3.34
0.9
0.06
0
0
0.1
0.15
0.11
0.1
0
0
0
0.11
0.05
0
0.04
0.04
0
0
0
0
0
0.63
0.29
2.51
3.67
0.87
0.18
0.73
0.16
0
0
0
0.01
0.16
0.2
0.07
0
0.75
0.74
0.66
0.77
0
0.82
0.23
0.02
0
0.07
0.88
9.39
0.7
0.94
0.02
0
0
0
0
0
0.07
0
0.21
0.02
0
0.07
0
0
0
0.05
0
0
0.05
0
0
0
0
1.25
0
0
0
0
0.02
0.14
1.02
0.25
0
0
0
0.02
0
0
1.28
0.21
0
0
0.92
9.95
5.55
0.46
0.63
7.73
4.85
1.02
0.29
1.25
3.32
0.44
0
0
0.04
0
0
0
0.02
2.8
1.05
0.23
0.34
26.42
9.61
0.13
0.01
0
0.27
2.53
0.04
1.93
0.33
0
0.09
1.34
0.38
0
0.03
0
0
0.15
0
0
0
0
0
0
0.02
0
0
0
0
0
1.53
1.4
0
0.16
0
0
0
0
0
0.09
0.04
0
0
0
0
0
0
0
0
0
0
0
0
0
0
0
0
0
0
0
0
0
0
0
0
0
0
0
0.03
0
0
0
0
0
0
0
0.04
0
0.36
0
0.04
0.06
1.68
0.55
0
0
0
0.05
0
0
0.01
0
0
0
0
0
0.25
0
0.14
0.21
0.01
0
0
0
0.53
0.02
0.14
0
0
0
0.04
0
0
0
0.37
0
0
0
0
0.04
0
0
0
0
0
0
0.04
0.06
0.16
0
0
0.29
0
0
0.09
7.85
3.96
4.88
9.47
1.8
0
0
6.74
8.37
3.33
11.92
6.52
3.14
0.72
2
4
1.26
0
0.19
9.75
1.91
1.08
0.1
0.25
2.98
6.49
5.29
1.57
2.59
5.01
1.68
0.39
1.26
0.09
0
0.58
0
4.97
0.71
0
0
0
0.09
0.09
8.88
4.96
0.84
5.65
2.93
0.84
0.84
0
0.41
6.5
0.37
0.02
0
0
0.01
0
0
0
0.01
0
0
0.06
0
0
0
0.06
0.01
0.01
0
0.07
0
0
0.03
0
1.13
0.02
0.02
0
0
0.15
0
0
0
0
0
1.13
0.77
0.08
2.72
1.29
0.05
0
0
0
0.1
0.04
0.29
0.1
11.3
1.6
0.36
0.02
0.53
1.18
2.29
0.21
0.52
0.2
0
0.18
0.22
0.21
0
0.02
0.09
2.12
5.07
0.26
0.21
0
0.02
0.38
0.24
0.01
0.21
0
0.01
0.09
0.02
0.02
0
0
0
0
0.17
0.01
0.02
0.01
0
0.33
0.63
2.28
0.53
0.16
0.2
0.05
1.86
0.32
0.01
0.05
1.67
0.07
0
0.07
1.4
1.34
0
0.06
0
0.38
2.11
1.59
2.38
0.12
0
0.01
0.01
0.04
0
1.18
0.19
0
0
0.01
0
0
0
0
0
0
0
0
0
0
0
0
0.01
0
0
0
0
0
0
0
0
0
0
0
0
0
0
0
0
0.01
0
0
0
0
1.88
1.43
2.27
8.48
8.65
0.46
0.28
0.64
0.2
0
0
0.02
12.19
3.36
0.56
0.3
0.56
2.48
6.81
6.03
9.93
8.8
3.13
0.28
2.68
0.75
2.95
1.04
1.76
0.02
0
0
0
0
0
0.13
0.3
0
0
0
0
0
0
0.73
0.41
0.06
0
1.11
3.08
9.63
15.99
5.91
0.03
0
0
0
7.59
6.63
1.75
0.01
0.09
0.83
0.35
0
0.16
8.83
1.6
0.26
2.02
1.25
1.11
0.28
0
0.02
0
0.98
0.01
0
0
0.19
3.01
18.35
12.53
0
0.01
0
0
0.28
0
0
0.01
0
0
0
1.23
0.57
0.01
0
0
0
0.08
4.82
1.03
0.08
0.06
0.09
0.02
0.06
0
0.07
0.11
4.85
16.81
1.56
0
0
0
0.09
0
1.06
0
1.81
14.47
7.56
3.22
11.05
1.36
0
0
0
0.1
0.23
0
0
0
0.29
0.51
7.47
1.22
0.04
0.1
0
0.02
0.04
0.01
0.02
0.02
0
0
0.05
0.16
6.43
0.4
0.52
0
0.03
0
0
0
0
0
0
0
0.03
0
0
0.06
1.29
1.93
0
0
0
0
0
0.48
0
0.01
2.92
1.98
0
0
0.04
0.02
0
0
0
0
0.04
0.41
0.04
0.02
0.16
0
0
0.08
0
0.03
0
0
0
0
0
0
0.17
0.98
3.5
0.68
0.08
0.05
0.9
4.25
2.16
12.47
2.19
0.01
2.19
4.57
0.71
0.07
0.49
0.3
0.27
0.02
0.12
1.82
0.37
0.77
1.16
13.55
2.38
1.05
1.3
0.54
0.72
0
0.6
0.01
0
0.23
7.6
0.91
0.15
0.03
0.16
0.08
0.46
2.26
0.67
2.03
5.23
7.84
4.1
1.77
2.07
12.62
3.34
0.68
0.46
0.03
6.16
1
8.52
1.57
1.47
13.49
3.47
4.86
0.44
0.17
0.01
0.44
0.54
0.02
0.13
0.63
0.82
2.98
3.41
2.11
1.75
0.68
0.28
1
5.79
1.05
0.11
2.07
5.33
1.13
0
0.2
4.8
2.2
0.29
0.52
0
0.01
0.01
0.38
2.75
1.31
0.18
0
0.47
0.05
0.35
1.64
0.29
0.3
0.05
0.05
0.22
11.08
1.82
0.13
0.01
0.17
0.13
0
0
0
0
0
0
0.01
0
0
0
1.22
3.37
0.78
0
0
0
0.27
0
0
0
0
0
0
1.05
0.32
0.01
0.39
3.2
3.12
4.3
0.54
0
0
0.21
7.62
1.5
0.02
0
0
0.02
0
1.16
0.08
0.02
5.39
0.55
0
0
0
0.1
0.25
0
0
0.01
0
0.08
5.38
1.95
2.07
1.39
1
0.23
0
1.59
9.72
2.43
7.7
5.69
16.55
7.97
0.6
0
0
0.05
0.63
4.02
3.76
1.33
0.04
0.5
0
0
0
0
0
0
0
0
0
9.63
5.99
0.96
0.01
0
0
0
0.02
0
0
1.48
0.8
0
0
0
0.32
0
1.67
13.34
14.61
3.8
0.13
0
0
0
0
0
0
0
0
0
0
0
0
0.02
0
0
0.56
0
0
0
0
0.02
0
0.06
0
0
0
0.03
0.02
0.01
0.01
0.03
0.54
4.18
4.99
12.88
3.56
1.01
0.02
0
0
0
0.23
0.79
0
0
0.04
8.49
2.77
0
0
0.01
0
9.11
23.82
2.11
0.36
0.02
4.84
1.86
2.34
0.21
0
0
0
0
0.19
0.42
0.22
0.43
0
0
0
0
0.34
1.03
0.01
0
0.01
1.9
0.1
0.3
7.87
2.18
0
0
0.01
0.03
0.39
0.09
0.55
2.55
8.25
3.89
0.6
0
0
0
0
0
0
0
0
0
0
0
0
0
0
0
0
0
0
0
0.91
0.2
0
0
0.02
0
0.02
0
0
0
0
0
0
0
0
0.01
0.01
0
0
0
0
0.05
2.66
0.89
0
0
0
0.01
7.96
29.08
6.15
4.35
1.54
0.97
10.03
10.57
2.16
2.01
0.89
0.25
0.34
0.79
0.12
1.31
0.1
0.25
0.09
0.02
0
0.03
0.01
0.84
9.07
7.11
0.54
12.92
5.95
0.98
1.57
1.68
3.7
7.53
2.05
0.42
0.16
0.31
1.15
2.15
0.76
0.52
0.6
2.08
1.26
2.86
0.38
0.01
0.09
9.43
6.54
11.25
11.8
3.63
1.38
1.07
10.13
1.53
4.39
4.4
1.63
0.56
0
0.44
0.39
0
2.25
1.55
1.85
2.48
7.79
5.54
0.49
1.43
2.69
1.55
0.8
0.38
0.66
0.93
0.05
0
0
0.07
3.78
0.11
0
0.02
0
0
0
0
0
0
0
0.01
0.14
0.03
0
0.03
0
0.02
0
0.05
0.86
0.45
0
0
0
0
0
0
0
0
0
0
0
0
0
0
0
0
0
0
0
0
0.04
0
0
0
0
0
0
0
0.02
0.23
0
0
0
0
0
0
0
0
0.4
0
0
0.01
0.32
0.18
0
0
0
0
0
0
0
0.18
9.13
6.53
4.44
9.12
2.05
0
0
0.05
0.22
0.56
4.19
0.19
0
0
0.35
0.08
1.93
1.17
1.13
1.03
2.14
0.19
0
0
0
7.97
7.02
2.94
3.92
14.61
2.17
0
0.01
0
0
0
0.52
2.41
3.98
0.45
8.17
5.59
4.45
1.28
12.66
15.94
2.41
0.49
8.18
0
0.04
0.04
0
0
0.02
0.03
0
0.02
0.02
0
0
8.5
9.63
1.8
0.01
0
0
0
0
0
0.43
0.08
2.7
0.49
0.09
5.09
4.2
0.84
0
0
0
0.33
0.79
6.87
1.68
0
0
0.01
2.96
0.66
3.58
0
0
0
0
1.43
0
18.33
2.45
0
0
0.05
9.85
0.2
5.71
0
0
0
0.27
0
2.74
1
0.34
1.55
0
16.02
0
0.02
0
0
1.01
8.09
6.25
0.27
0
0
1.62
1.66
0
2.08
7.1
7.07
1.56
0.29
0
0
0
0
0
0.04
0
0.02
2.07
0.54
4.04
0.24
0
0
0
0.52
11.09
5.52
1.31
0
0
0.12
0.58
0
1.54
0.32
5.73
2.35
0.51
0
0.11
0.09
0
0
0
0
0.02
3.12
0.37
0.01
0
0
0
0
0
0
0
0
0
0
0
0
0.1
0.04
2.14
0.77
0.04
0.13
0.3
2.72
4.24
0.46
0
0
0.17
4.02
1.72
0.61
4.39
2.73
2.17
3.33
0.63
1.82
7.19
0.77
2.05
0.06
0
0.07
1.65
5.25
1.46
0.91
6.73
4.56
0.22
0.77
0.55
0.22
0
0.34
1.98
2.41
1.07
0.86
0.3
12.1
2.07
0
0.89
0
0.38
0
0.66
4.89
0.55
0.04
2.07
3.91
7.7
2.5
3.23
0.82
1.18
5.35
0.91
0
0.41
0.43
0.24
0.08
0.54
0.86
14.88
1.41
0.02
0.34
0.21
0
0
0
0
0
0.01
0.11
1.43
2.79
0.32
0
0.01
0
0.01
0
0.03
0
0.05
0.38
1.87
1.66
0.67
0.26
0.51
5.72
1.83
2.14
0.8
1.3
0.29
2.61
0.87
0
0.01
0.11
0.05
0.01
0.02
0
0
0.06
0
0
0
0
0.05
0.27
2.26
0.07
0.04
0.03
0
0
0
0
0
0
0
0
0
0
0
0
0
0.02
0.86
0.25
0
0
0
0
0
0
0
0.07
0
0.17
8.98
0.48
0
0
0.55
0.11
2.65
0.86
1.55
0.45
0.14
2.04
1.27
1.69
0.04
1.57
0.01
3.23
4.93
1.63
0.34
0.51
1.07
2.14
1.62
0.47
0
0
0.02
0.01
2.63
0.54
0.03
0
7.5
0.63
6.06
5.47
5.45
7.04
8.43
0.77
0
0
0
0
0
0.08
0.47
16.13
7.38
4.36
10.2
0.66
0
0
0.9
1.18
2.15
0.22
0.37
4.93
6.03
0.29
5.7
7.86
1.67
1.49
0.23
0.2
0
0
11.74
15.64
8.97
0.95
0.06
0
0
0
0
0
0
0
0.23
0.01
0
0
0
0
0
0
0.01
0
0
0
0
0
0
0.02
3.19
0.22
0
0
0
0
0
0
0
0
0
0
0.21
0
0
0.02
0
0
0
0
0
0
0
0
0.04
0.1
0
0
0
0
0.03
8.14
3.36
1.68
0
0
0
0
0
0
0
0.05
0.78
2.15
0.43
8.6
1.11
3.51
0.18
4.63
0.65
0.15
0
0
0
0
2.51
10.46
1.98
0
0
0
0.25
0
0
0
0
0
0
0
0
0
1.21
0.09
0
0
0
0
0
0.12
0.2
0.02
0
4.04
1.29
2.11
2.51
0.24
0.43
0.78
1.09
1.61
0.97
0.18
0.78
5.3
16.27
2.65
0.49
1.6
1.43
1.08
0.08
0
0
0
0
0
0.09
0.1
0
0
0
0
0
0
10.5
1.51
0
0
0
0
0
0
0.14
7.9
13.65
1.46
0
0
0
0
0
0
0.03
0
0
0
0
0.01
0
0
0
0
0
0
0.01
1.41
0.46
0
0.03
0.71
0.39
1.3
1.6
6.37
1.24
0
0.06
0
0
0
1.23
1.13
0
0
0
0
0
0
0
0
1.5
0.01
0
0
0.02
0
0
0
0
0.45
1.85
0.42
1.46
0
0.11
0
0
0
0
0.01
5.99
2.8
0.11
0
0
0.07
0
1.08
3.48
1
0
0
0
0.77
0.3
0
0
0.02
0
0
0
0
0
0.01
0.01
0
0
0
0
0.13
0
4.45
1.28
0.28
0
0
0
0
0.04
0
0
0
0
0
0
0.51
6.38
4.23
1.24
3.54
1.3
0.07
0
1.73
0.34
0.23
0.03
0.02
0
0
0.03
6.16
4.59
1.55
10.86
2
0.09
0.01
0
0
0
0
0
0
6.98
2.3
2.65
2.86
0.7
0.11
0
0
0.09
0
0
0
0
0.06
0.07
0.05
0.02
0
0
0
0.88
3.43
4.21
4.72
0.84
0.04
0
0.59
0.07
0
0.12
0
3.04
0.51
5.98
12.4
0.18
0.38
0.56
2.35
3.05
0.26
0
6.56
1.8
0.11
0
0
0
0
0
0.05
0.13
0.43
1.5
4.84
6.67
1.29
0.01
0.01
0.04
0
0.01
0
0
0.02
0
4.12
1
11.27
0.94
0
0
0.34
0
0
7.06
18.65
3.44
3.61
3.55
4.79
0.19
0.06
2.44
16.13
0.27
2.97
0
0.04
0
7.68
3.75
0.56
0
0
0.26
0.08
0
0
0.01
0
0.01
0.08
0
0
0.03
0
0.02
0
5.21
0
0
0
1.03
4.63
14.99
0
0
0
0
0
0
0
8.99
12.2
0.64
0
6.08
23.07
0
0.05
0
0.02
0.02
0.15
0.56
0
0.01
0
0
0.01
0
0
0
0
0
1.01
18.18
0.02
0.01
0
0
0.71
0.13
0.09
0.02
0
0
0.13
6.71
2.49
0.51
0
19.35
8.84
8.26
1.54
0.17
0
0
0.06
0.78
25.45
6.11
1.49
0
0.24
1.81
11.02
1.44
0.98
0.03
0.01
0.36
0.49
0
0
0
0
0.07
0
0.02
0.01
0.41
0.5
3.38
3.63
0.15
0
0.16
0
5.25
0.35
0
0.04
0.04
1.9
4.11
1.3
5.45
1.08
6.54
13.15
4.58
0.82
0.64
0.01
0
0.02
0.01
0
0.31
0.05
0.01
0.18
0.03
0.42
0.04
0.02
0
0.52
11.96
10.2
2.69
4.47
1.96
0.23
1.13
0.06
0.33
2.25
1.62
0.24
0
0
0
0
0.02
0.01
0
0
0
0
0.21
0.56
0.05
0
0
0.01
0.62
0.01
0.19
0.23
0.21
3.39
0.57
0
0.84
1.37
0.95
0.45
0.01
0
0
0.01
0.12
0.2
2.34
0.28
4.02
0.31
0
0
0
0
0
0
0.02
0.03
0
1.83
0.11
0
0
0.36
12.76
0.54
0.02
0
0
0
0
0.01
0
0.01
0
0
0.01
0.12
0
0
0
0
0.34
0
0
0
0
0
0
0.04
0
0
0.01
0.05
0
0
0
0
0
0
0
0
0
0
0.02
0
0
0
0
0
0
0
0
0
0
0
0
0
0
0
0
0
0
0
0
0
0
0.55
0.03
0.13
4.78
2.45
4.74
2.17
0.45
1.23
0.43
1.95
1.83
0.54
3.22
2.31
0.19
1.05
2.68
2.99
0.9
0
0.64
5.86
2.44
3.63
0.41
0.37
0.21
3.84
8.79
3.27
2.21
4.7
1.21
0
0
1.42
0
0
0.24
4.81
1.53
0.72
0.49
0.03
0.01
0.01
0.25
0.27
1.75
5.93
10.03
5.76
7.23
3.61
0.6
0.65
0
0
0.29
0.78
8.19
0.63
0.36
3.48
17.07
2.99
3.1
2.19
0.16
2.13
0.37
0.7
0
0
0.16
0
0.22
1.8
15.63
0.04
0.41
0.01
0
7.7
5.1
0.02
0.01
0
0
0
0.01
0
0
0
0
0
0
0
0.01
0
3.77
0
0
0
0
0
0
0.03
0
0
0
0
0
0
2.39
0.09
0
0
0
0.02
0.41
3.88
0.02
0
0
0
0
0.01
0.02
0.03
0.01
0
0
0
0.01
0.05
0
0.04
0.01
0
0
0
0
0
0
0.01
0.96
0
0
0
0
0
0
0
0.35
0.02
0
0.03
0.54
0.2
1.45
2.81
0
0.41
0.94
0.18
0
0.01
0.02
0
0.79
0
0
0
0
0
0.38
2.68
1.25
0
0.05
0
0
0.05
0.16
3.02
1.23
0
0.48
0.15
0.38
0.63
8.55
1.41
2.6
0.99
0.2
0.6
0.14
0
0
0.01
0
0
0
0
1.59
7.99
1.75
0.68
3.29
4.76
0.7
0.1
0
0.21
7.95
5.34
12.56
17.24
5.8
1.83
0.26
0.02
0.02
0
4.87
0.39
0.12
2.09
0.88
1.23
6.38
1.81
0.62
0.23
0
0
0
1.18
2.21
0.57
0
0
0.02
0
0.08
0.26
0
3.88
2.75
2.27
0.38
0.37
0
0.28
1.73
0.38
2.5
1.31
0.39
0.32
2.34
2.38
1.7
0.51
0.13
0.02
0
0
0.05
2.23
0.04
0
0
0.02
0.01
0.22
0.66
5.91
1.65
2.24
3.41
4.38
2.01
2.88
6.77
3.19
0.2
2.49
2.78
0.86
0.64
1.52
2.16
0.38
0.19
0.83
0.96
0.63
1.04
1
0.43
3.59
1.75
0.32
2.2
0.05
0.16
0.1
0.34
0.39
3.02
3.3
9.98
4.24
4.19
1.23
0.31
0.05
0.01
0
0
0.22
0.05
0.1
4.18
2.58
0.14
0.01
0.05
0.02
0.06
3
1.5
0.03
0.14
0.41
0
0
0
0.2
0
0.16
0
0.22
0.8
0.62
5.35
7.01
3.48
5.2
0.38
1.22
9.36
1.52
0.21
0.29
0
4.27
0
0.27
0
2.81
0.03
0
0.01
0.01
0.01
0
0
0.53
0.86
1.29
0
0.09
0.64
0
0
0
0
0
0.02
0
0
0
0
0
0
0
0
0
0
0
0.04
2.5
0.63
0.24
0
0.02
0
0
0
0
0
1.51
0.17
1.2
3.46
8.98
3.58
2.33
4.41
0.22
0.87
0.06
0.4
2.81
0.93
0
0.04
0.02
0.52
0.16
0.05
0
1.56
0.55
0
4.48
1.82
1.73
4.45
0.21
0.11
0.15
0
0
0
0
0.01
0
0
0
0.01
0
0
0.08
3.44
1.13
0.15
0.02
0.02
0
0
0
0
0
0
0
0
0
0
0
0
0
0
0
0
0
0.02
0.88
3.27
0.15
0.02
0.06
0
0
0
0
0
0
0.01
1.61
1.16
0.3
0
0.78
0.04
0
0.18
0
0
0
0
0.05
0.55
9.34
0.34
0
0
0.02
0
0.02
0.01
0
0
0.01
0
0.02
0
0.45
2.1
13.39
1.51
0.48
0.29
0
0.01
0
0
0
0
0
0.28
1.06
0
0
0
0
0.01
0
0.28
0.42
6.5
1.03
0
0
0.01
0
0
0
0
0
0
0
0
0
0
0
0.76
0.37
7.85
12.17
5.5
4.08
0.29
0.32
0.33
2.66
0
0.59
0
0
0.01
0.02
0.18
2.65
1.01
5.88
1.12
1.26
0
3.74
1.56
0
0
0.94
5.83
4.12
1.09
2.52
0.18
0.92
0.02
0.04
0
0
0
0
0
0
0
0
2.25
0.81
0
0.44
0.04
0.02
0.48
0.95
0
0.01
0.05
0.3
0.35
3.23
1.54
0.16
0
0
0.01
0.01
0.01
0
0
0
0.03
0
0
0
0
0
0
0.2
0.08
0.13
0
0.04
0.03
0.07
0.03
0
0
0.05
0.05
1.29
0.45
0.3
0.01
0
0
0.05
0.66
6.57
0.91
0
0
0
0
0
0.36
1.17
2.11
1.51
1.95
0.59
0.06
0.04
0.02
0.22
0
0.01
0
0.49
1.61
1.04
2.25
0.67
0.24
0.21
0.07
0.07
0.83
0.77
4.8
0.22
0.31
0
0
0
0
0
0.03
0
0.01
0.38
0.84
5.94
1.39
0.09
0.04
0.02
0
0
0
0
0
0
0.04
0
0
0.01
0
0.02
0
0
0.01
0
0
0.6
0.61
1.13
0.43
5.69
4.2
2.88
0.31
0.05
0
0
0
0
0.09
3.03
3.66
4.45
7.31
0.61
0.07
0
0.1
0
0
0.01
0
0
0
0.63
3.63
0.74
0
0.04
0
1.84
4.26
1.28
1.38
0.47
0.33
0.35
2.02
16.06
29.21
4.84
2.16
0.37
2.17
0.25
0
3.38
1.06
0
0
0
0
0
0
0
0
0
0
0
1.04
6.16
4.63
0.43
6.14
5.27
23.84
27.51
6.38
0.6
0.19
0
1.82
0
0
0
0.13
0
0
0
0.27
1.09
0.3
0
0
0
0
0
0
0
0.54
0.97
0
2.26
3.9
13.41
7.04
9.99
2.43
0.1
0
0
0
0
0
0
0
0
0.21
0.6
0
0.05
0
0
0
0.86
0.16
0
0
0.51
17.32
3.48
0.2
0
0.01
0.01
0
0.11
1.4
0
0.01
0
0.86
0
0.09
0.01
0
0.01
0.01
0.03
0.01
0
0
5.67
0.42
0.22
0.05
0.04
0
0.67
0.55
0
0.01
0
0
0
0.08
0
4.74
1.11
4.27
1.72
0.17
0
0
0.51
3.23
0.87
0.19
12.54
2.35
0.02
5.27
1.34
12.02
8.66
2.65
5.27
1.69
1.43
0
0
0
4.38
1.4
0.37
0.05
0.06
0
0.65
0.12
0
0.01
0.02
0
0.01
0.36
7.36
1.96
0.04
0.32
0.2
9.17
2.24
0
0.01
0
0.11
0
0.18
0
0
0.82
4.88
5.46
0.5
0.01
0
0
0.09
10.23
10.21
27.45
3.55
1.59
0
0
0
0.41
0.21
0.02
0.01
1.25
5.94
1.24
0.32
0.11
0
0
0.01
0
0.22
3.1
0.48
0
0.09
0.02
0
0.02
0
0.02
0.19
0.01
0
0
0
3.6
4.34
2.09
0.97
0
0.3
2.05
1.21
5.61
5.57
3.06
0.89
0
0.45
0.56
1.16
1.14
0.96
6.8
2.38
0.07
0.34
0.8
0
0.01
0.59
1.62
1.49
0.39
0
0.65
0.32
0.05
0.49
1.73
1.04
16.2
0.18
0.05
0
0.05
0.05
0.2
1.68
2.51
0.18
0.28
2.23
0.73
0.29
1.17
0.26
1.03
5.89
2.66
2.3
0.9
1.29
0.3
0.02
0
0
0.28
0.01
0
0.01
0.71
3.23
5.08
2.94
3.97
0.61
0
0
0.11
0.07
0.19
1.18
2.46
0.88
0.61
0.27
0.56
1.79
0.11
0
0
0
0.09
0
0.36
0.09
0.02
0.38
0.82
0.01
0.14
2.09
1.45
0.83
0
0.92
1.2
2.31
15.48
6.92
0.99
0.01
0.01
0.01
0.25
0.06
3.55
0.35
0.18
0
0.11
0.01
0.06
0
0.28
3.46
1.62
0.15
0
0.13
0
0.29
0
0.32
0.17
0
0.33
1.41
3.66
1.7
3.71
16.38
1.46
0.49
0.23
0.52
0
0.38
0.18
0.44
0
0.42
0.37
0.18
0.36
2.2
2.46
15.13
1.47
0.8
0.22
5.06
0.89
0.02
0
0
0
0
0.58
0.09
0
0.16
0.05
0
0
0
0
17.49
48.37
19.54
3.66
0.06
0.15
0.26
0.02
0.02
0
17.02
15.26
0.44
0
0
0
0
0
0.03
0.88
0
0
0
0.01
0
0.44
2.82
5.96
2.28
0.85
5.49
5.92
0.78
0.73
1.2
0
0
5.64
0
0
0.03
9.62
5.35
1.08
0.49
0.02
0
0
0
0
0
0
0.12
0
0
0.15
0.01
0
0
0
0
2.27
0.72
0
0
0.01
0
0
0.13
0.05
1.32
0
0
0
0
0
0
0
0
0
0
0
0
0
0
0.06
2.44
0
0
0
0
0.13
0
0.01
0
0.02
0.33
0.15
0
0.01
0
0
0.5
0
9.3
0.24
0
0
3.95
33.07
6.41
0.23
0
0.01
0
1.08
0.01
0.03
0.08
1.91
5.48
3.63
8.56
0.38
4.78
1.22
0.05
0
0
0
0
0
0
0.04
0
0
0
0
0
2.66
1.13
0
0
0.01
0.32
0.31
6.89
3.36
4.27
0.42
0.63
0.12
0
0
0
0
0
0
0
0.73
1.51
7.03
2.09
0
3.49
3.72
5.81
3.91
0
4.12
0.41
0.08
0.14
4.15
2.82
1.75
8.76
3.48
5.98
8.04
2.42
0.12
0
0.04
1.58
0
0.18
5.03
2.56
2.41
0.2
0
0
0.17
9.77
12.96
0.07
0
0
0
0
0.34
0.76
0.04
0
3.58
0.45
0.02
0.15
0.64
1.96
0.05
0.06
0.55
0.82
0.9
0.17
0
0
0.02
0.3
0.19
0.02
0
0
0.23
0.28
0.67
0.23
0.23
0
0.09
0
0
0
0
2.25
0.41
0.58
0.22
0.02
0.12
0.16
0.17
0
0
0
0
0.33
0
0
0
0
0
0.04
0.16
0.01
0.91
0.13
0
0.38
0.01
0
0.25
0.38
0.29
1.2
6.38
1.16
0.02
2.52
1.7
0.12
0
0
0
0
0
0
0
0
0
0
0
0.05
0.55
0
0.75
0
0
0.22
2.44
1.49
1.65
0.66
8.59
5.18
1.86
2.05
4.26
0.62
0.04
0.08
0.07
0
0.13
0.12
0.22
0
1.39
3.94
1.66
11.86
2.4
0.36
0
0
0.03
1.13
0
0
0.01
0
0.56
0.02
1.4
1.25
10.57
8.3
12.75
8.17
1.3
0.81
1.31
0.14
0
0.02
0.16
0
0.17
0
0.16
0.11
0.05
1.26
0
15.48
20.88
1.11
1.65
0
0.01
2.51
6.96
1.14
0.1
0.7
0
5.76
18.42
12.57
1.7
2.26
15.78
7.68
5.24
9.17
2.64
0
1.09
0
12.68
20.3
0.58
0.27
0
0
0.33
0.4
0.01
0.14
0.02
2.45
7.85
0.82
1.61
0.64
3.79
5.29
2.37
8.8
1.9
0
0.02
0
0
0
0
7.08
0.25
0.8
1.84
3.27
2.07
7.3
3.84
0
0
0
0
3.64
4
0
0.02
0
0.01
0
0.96
0.09
0.43
0
0.51
0.02
0
0
0
0.05
1.81
9.41
1.96
0.09
0.03
0
0.02
0
0
0
0.84
12.05
6.69
0
0
0
0
0
0
0.48
0.01
0
0
4.81
0.49
0
0
8.61
3.91
0.02
1.06
0
0
0.63
0.01
0.41
0
0
0
0
0
0
0.02
0.05
0.01
0.13
0.18
0
0
0.07
0
0
0
0.01
0
0.08
0.97
2.14
2.34
11.27
16.18
2.55
0.77
0
0.16
0
0.02
0.04
0
0.03
0.36
0.03
0.15
0.14
0
0
0
0
0
0
0
0
0
0
0
0
0
0
0
0
0
0.02
0
0.06
0
0.08
0
0.09
0.17
0.19
0
0.03
0
0.03
0
0.7
1.98
1.68
0.77
0.31
0.18
0.03
8.3
3.1
2.76
4.05
1.51
0.07
2.47
2.92
0.49
0.7
17.29
1.02
0
0.13
0
0.21
0.77
0.01
0
0
0
0.01
0
0
0
0
0
0
0
0
0
0
0
0
7.55
0.89
1.11
15.02
1.59
4
1.29
0.52
0.04
0.13
0.32
0.42
0.01
0
0.18
0.09
0.03
0
0
0
0
0
0.01
0.04
0
0
0.23
2.78
4.11
0.02
0.48
0
0
0
0
0
0
0
0
0.01
0.21
0
0
0
0
0
0.01
0
0
0
0.01
0.45
0.19
0
0
0
0
0.4
0.46
0.19
0.08
0.22
0.19
0
0
0
0.27
0
0.01
0.02
0
0.05
0.35
0.15
0
0
0
0.24
0.59
2.08
0.14
0
0.07
0
1.16
0.76
5.79
4.09
0.86
0.02
0.23
0
0.54
0.07
0.04
0.28
0.06
0.37
0.53
0
0.09
0
0
0.01
0
0
0.53
0.36
0.16
0
0.34
0
0.05
1.04
1.11
0.59
0.16
0.35
2.31
0.87
0.39
0
0
0
2.05
3.13
4.11
2.67
1.41
0.3
0
1.23
0.25
0
0
0
0
2.71
2.4
1.72
0.18
0
0.04
0.2
0.04
0.02
0.04
0.38
0
0
0
0
0
0
0
0.02
0
0
0
0.01
0.01
0
0.73
0.06
3.8
0.29
2.11
0.48
0.22
14.77
5.43
2.19
0
0
0
0.02
0
0
0
0
0
0.01
0.41
3.05
1.79
0.8
0.54
0
0
0
0
0
0
0.1
0.12
0.82
2.39
1
0.05
0
0.03
0
0
0.07
15.75
6.14
6.98
15.09
3.18
0
0.23
4.23
2.13
0.22
0
0
0.07
0
0.14
0
0.02
0.15
0.07
0.01
0
0
0.03
0
0
0
0
0
0
0.02
0
0
0
0
0
0
0.04
0.02
0
0
0.01
12.32
0.09
0
0
0.01
0.01
0
0
0.01
0
0.48
0
0.01
0
0
0
4.01
0.96
0.07
0.43
0.43
0
0.01
0
0
0
0
0
0
0
0
0
6.47
0.93
0
0
0.35
7.53
24.97
11.13
2.12
0.54
0
0
0
0
0
7.57
2.67
0
0
0
0.03
0
0
0.01
0.71
0.07
0
0
0
0
0.03
0
0
0
0
0
0
0
0.63
0.49
0.51
2.29
1.39
6.51
1.79
0.21
4.29
2.45
0.35
0.86
0
6.9
0.91
0.11
0
0.18
0.04
1.73
0.04
0.43
0.19
0
0
0
0.02
0
0
0.13
4.41
7.37
1.36
0.1
1.77
11.9
31.26
3.71
1.11
0.55
0.14
0.11
0
0
0
0.86
0.03
1.98
0.29
0
0.07
0.1
0
3.97
18.76
0.52
1.75
0.71
0.2
0.01
0.34
0.01
0.01
0
0
0
0
0
0
0
0
0.01
0
0
0
0
0
0
10.13
4.2
2.44
1.87
0.09
0.62
0.95
0.03
0.01
1.32
0.2
2.2
7.66
1.45
8.46
0.17
0.01
0
0
0.53
0.5
0.37
0.67
0.05
0
0
0.02
0
0
0
0
0
0
0
0.02
1.34
0.17
0
0
0
0
0
0
0
0
0
0
0
0
0
0
0.05
0.02
0.47
4.09
0.84
1.23
1.27
0.31
9.53
0.58
3.39
10.44
1
0.16
0
0.76
0.94
3.52
1.91
0.12
0.57
0
0.18
0.03
0
0.05
0
0
0
0.05
0.09
1.83
0.93
0.86
0.94
0.19
1.36
0.69
0.03
0
0.64
0.11
0.05
0
0
0
0
0
0
0
0.55
0.27
0
0
0
0.03
0
0.03
4.72
1.03
0.17
1.77
0.62
0
0.11
12.56
6.74
0.59
0
0
0
0
0
0
0
0
0.02
1.78
0.12
0
7.13
2.69
0
0.05
0.31
0.74
2.02
0.54
0
0.14
0.02
0.14
0
0
0.01
0
0.02
0.2
0
0
0
0.01
0.97
0.7
0
0.01
0
0
0
0
0.01
0
0.45
1.09
2.73
1.17
0
0.38
0
0.67
4.87
20.96
23.63
6.78
8.38
11.44
1.02
0.02
3.69
10.76
2.91
0.33
4.63
5.11
3.85
5.11
1.27
0
0
0
0.14
0
0
0
0
0
2.03
1.3
0
0.97
0.64
5.48
3.03
8.86
7.48
1.08
0.01
0
0
0.02
0.96
0.53
0.04
0
0
0
0
0
0.01
0
0
0
0
0
0
0
0.01
0
0
0
0
0
0
0.82
0.01
0.01
0
0
0
0.03
0
0
0
0
0
0
0
0
0
0
0
0
0.09
0
2.75
0.93
0.23
0.88
17.91
13.69
8.82
16.26
2.05
0.01
0
0
0.14
0.27
15.33
1.3
0.18
0.3
0.11
0
0.01
0.02
0
0
0.07
0.57
0.11
1
0.05
0.01
0
0.62
1.81
0.58
1.83
0.14
0
0
0.01
1.39
8.61
7.56
4.71
6.68
0.28
1.77
1.55
0
0
0.06
0
0
0
0
0
1.03
5.97
8.13
2.3
0.38
0.06
3.3
2.07
0.5
0
0
0
0
0
0.34
1.42
0.05
0.01
0.13
0.02
0.4
0.2
0.56
0.25
0.19
0.32
0.14
0.26
0
0.7
0
0.01
0.24
0.17
7.8
1.61
3.11
0.55
0.18
0.04
0
0.02
0
0
0
0
0.07
0.38
0.01
0
0
0.75
0.49
0.06
0
0
0
0
0
0
0
0
0
0
0
0
0
0
0
0
0
0
0
0
0
0
0
0
0
0
0
0.05
1.45
0.32
1.02
3.63
1.88
0.02
0.22
1.57
2.54
1.18
0.23
1
3.82
6.19
0.81
0.17
0.84
9.16
0.52
0.3
1.61
1.14
0.2
1.92
0.42
2.05
3.55
4.64
1.2
5.12
1.19
0.13
3.37
0.35
1.95
0
0
0.28
0
0
0
0.03
0
0.91
3.04
0.46
0
0
0
0
0.05
0.01
0.31
3.08
0.58
0.98
0.82
2.39
0.45
0.16
0.23
0
0.4
0.56
19.16
11.56
1.11
2.09
11.92
15.97
7.22
3.13
1.34
6.76
6.95
9.54
1.15
0.29
0.35
0.57
11.26
2.26
1.82
0.26
1.35
1.09
0
0.2
0.08
0
0.52
0
0.55
2.28
5.35
2.18
10.75
3.24
2.3
3.82
5.32
9.84
6.07
0.71
0.53
0
0.67
0
0.02
0
0.4
3.51
2.03
0
0
0.59
3.64
10.92
7.52
0.81
1.77
7.49
2.77
6.49
5.88
1.15
0.42
0.02
0
0
0
0
0
6.06
4.23
0.27
0.27
0
2.25
2.23
0
0
0.32
3.34
1.79
3.37
0.38
0.17
0.03
0.02
0
0
0
0.02
0
0.01
0
0.01
0
0
0
0
0
0
0
0
0.31
0
0
0
0
0
0
0
0.01
0
0
0.01
0
0
0.04
0
0.01
0
0
0
0
0
0
0
0
0
0
0
0.02
5.2
2.96
0.52
0.04
0
0
0.01
5.83
0
0
0
0.01
0
0
0
0
0
0
0.43
0.27
3.19
2.96
0.25
1.18
0.12
0
0
0
0
0
0
0.02
0
0
0.04
0.06
0
0
0.79
1.32
3.1
0.56
0
0.05
0
0
2.17
3.26
1.64
0
0
0.02
0
0.03
3.61
0.33
0.02
0.04
0.55
2.93
8.91
4.34
1.18
0.25
0
0.03
3.13
0.74
0.03
0
0.04
0
0
0
0
0
0.25
0
0.35
2.96
0.33
0
0.02
0
0
0
0
0
0
0
0
0
0
0
0
0
0
0
0
0
0
0.01
0
0
0.15
0
0.83
3.55
0
1.03
0.34
0.03
0
0
0
0
0
0.34
0.06
0.03
0.02
0
0
0
0
0.02
0.02
0.02
0
0
0
0
0
0.6
3.26
0.74
0.61
7.04
5.25
1.37
0.37
0.02
0
0
0.01
0
0
0
0
0.34
1.92
2.95
0.43
0.06
0
0.11
0.04
0.91
0.96
4.13
0.39
0.55
0.17
1.76
1.91
0.23
0
0
0.05
0.19
0
0
0
0
0
0
0
0
0
0
1.09
1.09
3.25
0.45
0
0
0
0
0.17
0
0
0.02
0.02
0.02
0.1
0.02
0.69
1.49
4.96
0.72
0
0.67
0.65
4.59
0.76
0.35
1.79
3.41
0.66
0.01
0
0.02
1.37
0.74
0.26
0
0.04
0.69
0.1
0
0
0
0.52
0
0
0.14
0
0
0.09
0.1
11.09
2.88
0.24
0.01
2.03
0.84
0
0.12
4.72
0.96
0.81
0.05
0
0.49
0.2
0.01
7.55
4.72
5.66
6.79
0.46
0.07
5.89
1.5
0
5.7
5.19
6.32
9.59
6.44
1.88
2.32
2.23
0.92
0
0
0.01
0
0.02
0
0
0
0.05
3.93
2.59
4.92
2.1
6.7
36.6
25.39
5.23
1.74
4.76
1.18
3.61
1.49
3.66
18.54
4.66
0.36
1.45
0.89
4.37
1.49
6.16
2.33
0.67
4.88
1.31
2.62
8.92
2.84
8.31
0.11
0.84
5.83
0.39
0.02
7.45
24.84
6.14
11.29
0.84
1.97
0
0.16
5.95
0.2
0
0
0
0
0.01
0
0
0
0
0.01
0
3.27
1.38
0
0.03
0
0
0.18
0
0
0
0
0.01
0
4.27
0
0
2.48
0
0
0.06
0
0
0.01
0
0.01
0
0
0
0
0
0
0
0
0
0
0
0.02
0
0.2
0.09
0
0
0
0
0.02
0
0
0
0.06
0.09
0
0
0
0.07
4.29
4.02
0.74
0.1
0
2.48
0
0.05
0
0
0
0
0
0.01
0.24
2.65
0.31
0
0.86
0.46
0.37
0
0
0
0
0
0
0.03
0
0.02
8.16
9.57
2.6
0.13
0
0
0.84
0
0
0.45
0
0
0
0
0
0.12
1.26
1.32
1.62
0.8
12.5
46.74
9.38
2.35
1.1
0.68
6.38
7.86
4.71
0.82
1.91
3.02
1.66
0.66
1.55
0
5.98
13.66
3.63
5.62
10.23
12.43
11.6
0.95
0.68
0.1
0.07
0.52
0
0.58
0
0
0.52
0
0.32
0
0.04
0
0.48
0.23
0
0.04
0.04
0
0.99
0.39
0.01
0.27
1.49
3.77
0.14
2.93
1.31
0.37
1.36
0.84
0.38
3.23
9.06
2.07
0.74
0.02
0.25
1.58
0.34
0
0
1.02
0
0
0
0
0
0.3
0.06
0
0.07
0
0
0.07
0.01
0
2.75
0.16
0.92
0.03
0.07
0.93
0.36
1.36
3.88
1.14
0
0.23
0.3
0.01
0.12
0
0
0.22
3.98
1.06
0.95
2.45
2.25
0.25
1.24
1.02
2.04
1.35
0.95
0.91
6.56
3.73
2.49
1.22
2.45
1.18
2.86
1.23
0.32
0.75
0.87
0.02
0.01
0.01
0.38
0
0
0
0.01
0.01
0.01
0
0.45
0
0.01
0.02
0.23
0.03
1.29
1.34
1.17
0.97
5.83
3.64
1.92
0.77
0.03
0.02
0
0
0
0
0
0
0
0
0
0
0
0
0
0
0
0
0
0.18
12.59
6.23
4.55
0.61
0.22
0.03
0
0.04
0.17
12.2
3.74
0.29
0.83
10.84
8.2
0.52
0
1.58
1.63
1.98
1.51
4.61
2.8
0.34
0
0
0
0.01
0.01
0.59
0.35
0
0.28
1.07
0.03
0
0.09
0
0
0.76
0.04
0.06
1
1.77
0.24
1.17
0.97
0.22
0
0
0.01
0
0
1.63
0.09
0.52
7.97
11.72
1.94
0.55
0.01
0
0.55
0.84
0
0.02
0
0.01
0.41
0.2
1.12
0.42
0.22
0.22
0.02
0
0
1.24
0
0.95
2.3
2.36
1.87
0
0
0
0
0.17
0
0
0
0
0
0
0.1
0
0
0.04
0
0
0.02
0
0
2.13
1.43
0
0
0
0
0
0
0
0
0
0.05
0
0.01
0
0
0
0
0
0
0
0
0
0
0
0
0
0
0.01
0.5
25.76
13.45
2.28
0.05
0
1.09
0.4
0
0
0
0
0.01
0
0
0
0
0.25
0.13
0.01
0
0
0.03
0.05
0.49
0
0
0
0
0.34
2.05
1.94
0
0
0.01
6.48
7.52
2.54
1.95
1.07
3.16
6.46
2.94
0.73
0
0.18
0.07
0
0
0
0.49
0.04
0
10.82
3.88
2.1
0.79
0
0
0
0.33
0.32
0.34
0
0
0.02
0
0
0
0
0
0
0
0.17
2.93
6.23
1.77
0.21
0.31
0
0
0
0
0
0
0
0.56
0
0.01
0.07
0.31
2.34
2.44
2.02
0.46
0.07
0
0
0
0.09
0
0
0
0
0
0
0.12
0.01
0
0.02
0
0.66
0.52
1.05
6.04
0.96
0.22
6.56
2.13
0
0
0.38
0.38
0
0.27
0
0
0
11.91
4.31
0.97
0.86
2.41
0.73
0.33
0.37
5.29
6.82
10.95
6.95
5.96
3.8
1.12
4.42
18.69
7.38
5.35
2.6
0.34
3.31
3.41
1.08
4.84
11.19
4.71
0.32
2.37
0.73
1.71
3.84
2.34
0.39
1.32
1.5
0.74
0.79
0
0
0.02
1.29
0.23
0.66
1.26
0.55
0.24
0.2
0.2
2.59
0.17
0.04
0.73
6
0.45
0.01
0.01
8.06
2.09
0.74
0.82
0.03
0.01
0.36
4.72
2.66
2.18
2.66
0.95
0.63
1.57
6.5
6.97
1.27
5.88
1.48
0.52
0.8
0.02
3.63
5.17
2.12
6.24
1.98
8.09
2.03
0.34
0.23
0.44
0.26
0.37
0.39
0
0.24
0
0.27
0.16
1.05
5.18
0.64
0.42
6.75
4.09
0.47
0.3
0.3
5.3
0.93
0.91
0.87
0.56
3.23
1.42
0
0.24
3.43
1.39
0
0
0.08
6.55
8.1
4.91
5.05
7.75
6.34
7.06
0.55
0.01
3.29
7.06
0.98
0.2
0.19
0
0.38
0
0.04
0.09
2.88
7.98
5.84
1.61
1.87
0.12
4.59
2.74
0.5
2.17
2.89
8.15
3.06
1.53
0.06
0.01
0
0
0
0.01
0
0.18
5.68
3.1
0.4
0.05
7.09
2.31
0.04
0
0
0
0
0.16
0.68
0
0.04
1.2
0.59
12.81
2.64
1.49
5.22
3.19
7.19
1.05
0.71
0.19
6.68
0.06
0.02
0
0
0.01
2.36
1.99
5.7
10.8
1.26
4.9
0.65
1.22
17.88
5.36
0.44
0
0.02
0.09
3.49
0.01
0.04
0.28
0
0
0
0.01
0
0.27
0
0.03
0
0.4
0
0.11
0.01
0
0
0.12
0.04
0
0
0
0
0.79
0
0
0
0
0.19
9.05
0.19
3.11
0.17
0.07
0.13
0
0
0.46
0.13
0.36
0.49
0
0
0
0.01
0
0
0
0
0
0
0
0
21.21
6
0.41
0
0
0.02
0.01
0
0
0
0
0
0
0.12
0.62
2.42
11.22
2.45
0.05
0.11
0
0.01
3.02
0.84
0
0
0
0.27
0
0
0
0.26
0.57
0
0
0
0
0.04
8.75
0.36
4.59
7.29
1.45
0.01
0
0
0
0
0
0
0
0
0
0.96
0.01
0
0.15
0
0.76
6.53
5.6
2.53
0.25
0
0.03
0
0.85
1.72
8.79
3.02
1.19
0.21
0
0.19
2.88
0.45
0
0.39
0.73
2.63
2.26
1
0.06
0
0.4
0
0
0
0.02
0.66
1.55
2.56
4.05
1.57
0.55
1.11
2.13
2.69
0.68
0.08
0
0
0.08
0.97
0.28
0
0
0.65
0.09
0.98
0.93
3.08
6.29
4.06
0.94
0
0
0
0
0
0.2
0.7
0.29
0
0.02
0.54
0.55
0.45
0.43
1.31
0.77
1.01
0
0
0.01
0
0
0
0
0
0
0
0.01
0
0
0
0.01
0.04
1.59
3.66
2.02
3.05
1.18
0.01
0.46
0
0
0
0
0
0
0
0.04
0
0
0.96
1.54
5.15
3.13
1.48
0.88
5.15
0.15
1.85
0.86
0.05
0.04
0.01
0.5
1.36
1.48
0.13
0.43
2.72
1.2
0.05
0.66
0.03
0.03
0.53
0
5.29
0.95
2.79
2.91
9.35
12.58
1.04
1.34
0
0
1.13
0.66
1.44
1.28
1.36
1.74
2.17
0.03
0.41
0.28
0
0.05
0.11
1.87
1.27
0.24
0
0
0.32
0.08
0
0
0
0
0
0
0
0.24
0.55
5.21
1.86
13.76
5.84
3.01
2.75
2.04
0.05
0.11
6.01
2.47
3.07
2.8
4.09
2.88
1.45
2.44
0.22
13.53
1.71
0
1
0
5.27
2.39
14.77
3.3
0
0.01
0.2
0.68
1.19
0.02
0
0.04
0
1.5
0.16
12.91
2.63
12.86
12.58
2.73
0.04
0.03
0.41
0.05
3.3
9.31
4.45
0.55
0
1.57
0.18
0
0
0
0
0.02
0
0.07
0
0
5.21
2.04
0.09
0.01
0
0
0.28
0.02
0.29
0
0.01
0
0.29
0.01
0
0
0
0
0
0.31
0
0.57
0.49
0.05
0
0
0
0.08
0.04
0
0
0
0
0.01
0
0
0
0.3
4.8
2.52
0.02
0
0
0
0
0
0
0
0
0
0
0
11.69
4.09
0.68
0
0
0.63
1.15
0.06
0
0
0
0
0
0
0
0
0.02
0.02
0
0.01
0
1.28
0.04
0.01
0
0
0
0
0
0
0
0
0
0
0
0.06
0
0
0
0
0
0.01
1.74
0.07
0
0
0
0
0
0
0.08
0
0
0
0
0
0
0
0
0
0
0
0
0
0.01
0
0
0
0.01
0
0.09
0
0.83
4.83
0
2.36
1.67
0
0.13
0.02
0.02
0
3.5
11.64
12.57
11.84
2.93
8.73
0.7
0
1.12
0
0.07
0
6.93
0.71
0
0.26
1
0.06
1.96
2.93
12.05
1.56
2.39
0
0
0
0
0
0
0
2.02
0.04
0
0.26
0
0
0
0.38
0
0.02
0.09
0.2
0.06
0.16
3.36
0
0.11
0
0.01
0
0
0
0
0
0
0
0.13
0.02
0.03
0.05
0.27
0.08
0.01
0
0
0.01
0
0
0
0
0
0
0
0
2.42
9.91
2.24
0.01
0.69
0
0
0
0.03
0
0
0.18
0.63
1.05
0.7
0
0
0.44
0.45
0.23
0.25
2.96
1.09
0.06
0.01
0.28
0
0.27
0.09
0.24
1.55
0.33
0
0
0.05
0
0
0
0
0
0
0
0
0
0
0
0.02
0.55
0.61
0.44
0.27
0
0
0.02
0
0
0
0
0
0.1
1.61
0.12
0.09
0
0
7.8
3.73
0.04
0.01
0
0
0
0.02
0
0
0
0
0.56
2.71
10.3
6.1
4.42
0.48
0.01
0.02
2.02
2.95
0.96
4.66
2.25
3.94
1.59
1.8
0.27
2.49
2.77
0.58
0.15
0.06
0.15
0
0.05
0.05
2.38
3.83
5
2.55
0.93
0.02
1.93
1.8
6.73
0.79
0.02
0.04
0
0
0.37
0.66
0.23
0.2
0
0
0
0.01
8.11
5.67
1.1
0
0
0
0
0
0.04
1.3
0.2
0.02
0
0.4
6.09
0.65
0.3
0
0
0
0.01
0
0.01
0
0
0
0.01
0
0
0.83
11.04
9.74
3.91
0
0
0
0
0
0.03
0
0.03
0
0
0
0
0
0.05
0.01
0
0
0
0
0
0
0
0
0
0
0
0
0
0
0
0.02
0
0
1.04
1.14
3.98
8.21
3.84
0
0.01
0
0
0
0
0.05
0.59
0
0
0
0
0.04
0
0
0
0
0.01
0
0.21
2.88
0.37
0
0
0.05
0
0
0
0
1.96
0.01
0
0
0
0
0
0
0
0
0
0.25
3.46
2
0
0
0
0
0
0
0
0
0.02
0.16
0.31
0
0.19
0.95
0.55
2.14
1.95
1.16
33.1
2.15
0.03
0
0
0
0
0
0
0.02
0
0.23
0.66
2.91
2.14
0.36
6.57
1.58
0.19
0.38
2.18
3.18
33.16
10.39
0.05
0.07
0.59
2.37
4.04
1.23
0.11
0
3.93
0.55
0.11
4.5
6.84
11.77
0
0
0.23
14.67
9.12
3.13
0.28
0
0.63
0.6
0.02
0.05
2.53
2.11
0
0
0.16
0
0
0
0.39
4.11
3.63
1.59
0.82
0
0
0
0.05
0.06
0.16
0.01
0.05
0
0
0
0
0.05
0.34
0.92
0.15
0.93
0.29
0.2
0.01
0.08
0
0
0
0.02
4.45
0.23
0
0
0.16
0.01
0.15
0.66
0.1
0
0
0
0
0
0
0.02
0
0.21
3.59
0.77
0.53
0.31
1.17
1.48
5.23
5.42
1.7
0
5.12
4.84
0.69
0.15
0.42
3.83
0.02
0
0
0
4.68
0.46
0
0
0.28
0.41
0.5
0.4
0.17
2.77
0.63
0.16
0.45
0
0
0
0.38
0.16
0.18
0.15
3.39
4.98
2.72
1
1.3
1.13
2.13
4.16
0.78
0
0
5.94
2.38
2.52
5.44
1.94
1.51
1.04
5.61
1.97
2.37
0.15
0
0.45
11.55
0.04
6.91
0.1
0
0.41
0.3
0.86
2.06
11.66
2.3
1.79
4.72
0.09
5.88
2.33
0.9
1.8
3.69
5.2
1.38
0.72
0.04
0
0
0.35
0
0
0
0
0
0
0
0
0
0
0
0
0.05
0.71
17.66
10.71
20.5
10.43
0.44
0.58
0
0
0
0
0
0.01
0.02
0.5
0.49
0.01
0
0
5.75
4.65
2.45
2
3.57
3.21
1.95
0
0
0
0
0.01
2.23
1.4
2.3
0.92
0
0.01
0
0.31
0.3
0.52
2.11
3.87
4.39
0.64
5.21
0.02
0
0
0.96
0.5
0.15
0.1
3.73
2.31
2.16
0.37
6.05
1.69
0.01
0.02
0
0
0
0
0
0
2.09
0
0
0
0.02
0
0.02
0.02
2.61
7.95
2.52
0.08
0
0.37
0.81
5.56
2.12
0.09
0.13
8.03
16.51
0.26
0.46
0
0
0
0.01
0.01
0
0
0
0
0
0
0
0
0.19
6.45
0.07
0
0
0
3.86
0.2
0.24
0.55
2.71
0
0
0.01
0
0
0.03
0
0
0.16
0
2.09
9.35
1.18
0.66
0
0
0
0.02
0
1.43
0.82
1.31
0.34
0.02
0.04
0.12
0.09
0
0
0
0
0
0
0
0
0
0
0
0.06
0
0.12
1.89
4.61
0.21
0.19
0
0.71
2.14
1.56
0
0
0
0
0
0.11
0
0
0
0
0.01
0
0
0.11
2.98
0.32
0.02
1.7
0.16
0.07
0
0.02
0
0.01
0
0
0
0.03
0.01
0.09
4.48
0.17
0
0
1.43
0
0
0.09
0.15
0
0.33
0.41
14.94
13.62
8.54
1.41
0.23
1.66
0.55
0.03
0
0
0
1.57
0.3
0.09
1.2
0.05
0
0
0
0
0.02
0
0
0
0
0
0
0.77
0.07
0
0
0.02
0.12
5.23
0
0
0
0.26
17.4
4.63
0.93
1.31
2.36
0.92
0.01
0.07
1.4
0.89
4.61
8.34
1.62
0.31
0
0.02
0.01
0.66
0.18
1.49
1.84
1.58
1.14
0.55
0.7
2.84
1.07
0.05
2.63
2.22
0.09
0.84
0.31
0.6
0.51
4.34
3.88
1.99
1.61
0.77
0
0.38
5.48
1.92
5.41
1.31
2.81
11.37
1.65
0.86
0.01
0.27
0.41
3.72
0.7
0.52
0.3
0
1.38
0.39
0.01
0.03
0.02
2
2.46
2.11
1.32
13.2
3.35
0.36
0.18
0.14
0
0
0
0
0
0
0.09
0.3
0.02
0
0
0
0
0.05
0.78
0.41
1.42
0.18
2.46
5.49
1.94
0
0
0.06
0
0.01
0.01
4.5
0.29
0
0.3
0
0
0.18
0.18
0.52
0.13
3.25
0.05
0
0.7
0.33
0.13
0.08
3.25
3.86
5.86
0
0.13
4.27
0.06
1.1
0
0
0
0
0
0
0
0
0
0
0.01
0.18
0.07
0
0
0.01
0
0
0
0
0
0
0.55
0.04
1.69
0.59
1.2
1.75
3.21
0.07
2.55
2.26
0
0.27
4.8
0.02
0
0
0
0
1.79
0.02
0.02
1.73
22.96
0.98
6.87
0.16
0.01
0
0.19
0.05
0.01
0
0.77
0
0
19.84
9.5
0.33
0.4
0
0
0
0
0.16
8.48
23.67
0.04
0
0
2.23
0
0
0
0
0
0
0
0.02
0
0
0.43
0.02
0
0
0
0
0.03
0.03
0
0
0.03
0
0
0
0.01
0.05
0.32
0
0
0
0.01
0
0
0
0
0.01
0
0
0.16
0
0
0.07
0
0.04
0.02
0
0
0
0
0
0
0.09
0.04
3.85
3.58
0.41
0.05
0
0.02
0
0.02
0.77
2.94
2.93
0
0
0.03
0
0.07
0.18
0
0.58
0.49
0
1.05
15.39
5.96
2.87
3.3
0.06
0
2.06
8.36
0
0
0.94
0.19
0.03
0
0.16
0
0
0.34
3
3.27
3.37
0.76
1.33
2.09
0.09
0.04
0
0
0
0
0
0
0
0
0.11
0.24
0.59
0
0.97
0
0
0
0.29
12.66
3.34
0.19
0.09
0.21
1.13
0.14
2.67
4.74
0.45
2.61
3.62
1.78
0.32
2.11
0
0.06
0.02
0
0
0.54
0
1.49
1.22
3.39
20.54
10.38
13.4
4.9
0.03
0.13
0.28
0.03
0.91
0.28
0.86
0.55
0
0
0
7.79
14.6
1.79
3.4
0.09
0.01
0.01
0.01
0
0.05
0
0
0.13
0
0.46
1.22
0
0
0
0
0.33
0
0
0
0
0
0
0
0
0
0
0
0.01
1.99
1.34
0.05
1.23
0.37
0.93
1.61
0.68
0.05
0
0
0
0
0
0.79
22.16
2.58
0.88
2.1
3.57
0.52
0.74
1.25
1.02
0.47
0.01
0
4.8
0.39
0.62
0.48
0.66
3
0.71
0
0.09
0.78
0.91
0.47
0.97
0.89
0.5
0.46
0.02
0
0.11
0
0
0.01
0
0
0
0
0
0
0
0
0
0
0.55
0
0.73
21.19
0.2
16.07
8.69
7.28
9.16
11.16
1.73
0.01
0
0
0
0.02
0
0
0
0
0
0.03
0
0
0
4.57
1.01
0.74
0.41
0
0.79
2.36
0.68
0
0.38
0.03
0
0.39
0.36
0
0
0.29
6.57
2.52
0
0.55
0.01
0.02
0
0
0.01
0
0
0
0
0
0
0
0
0
0
0
0
0
0.53
1.88
0
0
0.13
0.2
0.16
0.08
0
0
0.04
14.82
8.25
1.37
0
0.34
0.46
0
0.09
0.17
0.16
0.01
10.1
5.96
18.43
1.71
6.83
0.81
13.32
0.28
0
0
0
0
0
6.71
21.84
0.2
0
0
0
0
0
0.09
0
0.01
0
0
0
0
0
0
0
0
0
0
0
0
0.83
0.47
1.04
9.52
0.23
0.17
4.49
0.83
0
0
0
0
0
0
0.03
2.83
1.74
0.8
0.03
1.29
0
0.03
0.03
0.71
3.38
0.22
0
0
0
0
0
0.47
0
0.33
0
0.15
0.04
13.53
4.28
0.34
0.62
0
0
0
0
0.02
3.32
2.04
1.76
0.02
0.16
4.57
0
0.32
0.16
0.02
0
0.02
0
0.37
0.03
0
0.07
0.88
0.28
0
0
0
0
0
0
0
0
0.05
0.7
0.41
2.44
3.71
0.73
0.23
0
1.16
0.01
0
0.01
0.63
0
0
0.41
0
3.39
0.2
0
0.11
1.2
3.78
6.59
2.12
0
0
0
0
0.05
0.03
1.05
0.78
0
0.01
0
13.48
23.11
0.56
0
0
0
0.01
0.01
0
0
0
0
0
0
0
0
0
0
0.21
1.46
3.51
0
0.48
1.45
0.19
0
0
0
0
0
0
0
0
0
0
0
0.04
0.01
0
0.01
0
0
0.21
0.19
0.02
0
0
0
0
0
0.06
0
0
0
0.09
0
0
0.21
0.03
0.28
0.52
5.39
0
5.44
23.22
0.83
0.47
0.46
3.54
1.18
5.45
1.12
0
0
1.35
0.26
0.19
0.01
0.87
0.01
0
0
0.08
0
0
0
0
0
4.77
0.36
0
0
0
0
0
0
0
6.55
0.45
0.06
1.77
2.45
9.78
9.45
9.64
2.65
0
0
0.21
3.17
0.12
0
0.04
0.01
0
1.15
0.09
6.64
7.4
2.05
0.02
0
0.01
0
3.29
1.58
1.57
3.18
0.27
4.13
0.92
0.66
0
0.05
2.81
0.05
0.26
0.18
0.36
7.45
2.59
4.13
0.52
0
0.02
1.08
1.84
0.66
0.07
0.01
0.01
0.02
0.01
0
0.23
11.86
2.88
0.07
0.32
0.01
0.01
3.07
2.44
3.38
0.83
0
0.31
1.44
0.08
0.08
2.39
0.8
0.28
3.8
3.32
0
0
0.27
2.52
1.75
3.68
0.52
0
0
0
0
0.37
0.79
2.85
6.57
3.67
7.65
1.59
2.19
1.26
0.55
0
0
0
1.55
0.57
0
0.09
1.4
0
0
0
0.01
0.01
1.1
3.52
0.98
0
0
0
0.07
1.52
1.9
0.04
0
0
0
0.45
0.07
0
0
0
0.64
3.43
0.15
0
0
0
0
0
0
0.14
0
0.45
0
0
7.3
0.55
0
0
0
0.25
0.43
2.17
1.97
0
0
0
0
0.01
0
0
0
0.05
0
0.05
0.01
0.07
0.05
0.01
0
0
0
0
1.39
0
0.3
0
0
0
0
0
0
0
0
0
0.01
1.73
0.44
0
0
0
0
1.22
2.69
0.02
0.53
0.25
0.02
0
0
0
0
0
0
0
0
0.03
0
0.77
2.34
0.29
0
0
0
0
0
0
0.08
0
0
0.05
1.41
3.62
0.04
0.01
0
0
0
0
0
0
2.01
0
0.09
0.18
0.02
0
0
0
0
0
0
0
0.38
0.23
0
0
0.04
0
0.31
4.22
1.73
1.11
0.02
0.23
2.55
0.29
0.73
0.91
2.52
1.98
7.92
4.91
0.04
0
0
0
0
0
0
0
0
0.07
2.89
18.09
0.41
0.32
0.59
0.04
0
0
0.05
0.16
0.07
0
0.01
0
0
0.2
3.19
1.01
22.41
9.82
0.03
1.15
5.38
4.05
0.44
0.8
0.11
0
0
2.37
1.05
0.01
0
0.02
0.01
0.01
0
0
0
0.01
0.06
1.01
4.33
0.54
0.22
0.09
0
0
0.21
0.05
0
0
0
0
0
0
0
0
0
0
0
0
0
0
0
0
0.48
3.65
1.25
0
0.02
0.08
0.85
3.27
0.1
0.04
0.85
3.36
0
0.43
0
0
0
0.03
3.11
0
0.09
0.03
0
0.37
2.05
3.75
3.87
0.13
0.02
6.37
0.75
0
0
1.2
2.78
2.41
0
0
0
0
0
0
0
0
0
0.85
0
0
0
0
0.01
0
0
11.7
1.19
0.37
0
0
0
0
0
0
17.63
3.13
0
0
0
0
0
0
0
0
2.99
1.66
2.65
3.25
0.96
0.49
0.01
0
0
2.42
0.04
0.02
0
0
0
0
0
0
0
0
0
0
0
0
0
0
0.2
0.04
0.04
0
0
0
0
0.02
7.12
5.81
4.09
0.09
1.75
1.99
0.14
0
0
0.24
0.82
0
0.13
0
0.31
4.41
3.37
1.91
0.34
0.01
0
0
0
20.16
0
0
0.05
0.02
0
0
0
1.26
0
0.02
8.05
3.13
4.03
1.79
12.24
6.13
31.88
0.02
0
0
0
0
0
0
0
0
0.02
11.84
0
0
0
1.41
1.55
0.04
0.03
0
0
8.05
0.2
0
0.73
0.01
0.37
0.02
0
0
0
0.72
0.9
4
1.05
0
0.06
0
0
0
0
0.05
0.05
0
5.48
0.01
0
0
0
0.16
0
0
0
0
0
0
0
0
0
1.42
0.02
0
0.75
0.01
0
0
0.04
0
0
0
0
0
0
0.01
0
0
0
0
0
0
1.39
0.01
0
2.84
8.34
15.32
0.77
7.31
1.02
0
0
0.01
0
0
0
0.01
0.05
3.53
0.01
0
0
0
0
0.37
0
0
0
0
0
0.28
9.95
1.21
0
0
0
0
0
0
0.04
0
0
0
0.01
0
0
0
0
0
0
0
0
0
0
0
0.08
2.19
4.2
0.31
0.08
0.09
0
0
0
0
0
0
0
0
0
0
0
0.01
0.47
3.4
0.16
0.04
0.26
0.94
0.02
0.07
0
0
0
0
0
0
0
0
0
0
0
0
0.01
0.01
1.23
0
0
0.82
0
0
3.52
0.16
0
0
0
0
0.01
1.04
0.34
7.83
2.54
0
0
1.28
0.92
0.01
0
0.05
0
0
0
0
0
0.02
1.09
6.26
0.6
1.13
0
0
0.88
0.08
0.01
0.02
0
0.68
8.27
0.41
0
0.45
1.46
1.3
0.23
1.53
0.15
0.01
0
0
0
0
0.01
0
0
0
0
8.3
2.86
0
0
0.01
0
0
2.38
0.13
6.43
9.34
8.3
1.89
0.25
0
0.1
0.21
2.51
1.08
0.18
0.27
0
0.84
0.04
0.01
0.66
0.48
0.55
0
0
0
0
0
5.02
10.45
5.71
9.05
2.72
4.89
1.74
2.48
3.68
0.81
2.11
6.3
4.07
0.9
0
15.9
1.72
1.46
5.37
0.23
4.27
0.53
0
0.27
4.52
1.41
1.53
0.02
0
0
0.14
1.6
0.13
0
0.68
2.5
3.68
0
3.3
9.36
2.72
0.83
8.44
47.7
0.66
0
0
7.66
0.72
0
0
0
0
0
0.6
0.34
0
0
0.04
0
0.51
1.84
1.84
0.27
0.01
0
0.02
0
0
2.32
0
0
0.01
0.01
0.43
0.01
0
0
0.04
6.74
2.63
2.3
8.17
1.09
5.18
4.24
4.01
3.09
1.17
15.37
14.14
13.07
11.55
0.98
10.17
2.88
9.57
0.23
3.26
9.02
0.19
0.09
2.91
0
0.06
0.14
0
0.01
0
0
0
0
0
0
0
0
0.67
0.01
0.02
3.52
6.22
6.13
0.96
2.52
0
0
0
0
0
0
0.1
0.78
1.28
0
0.34
0
0
0.03
0.32
0
0
0
0
0
7.11
3.68
0
0
0.75
0
0
0
0
0
0
0
0
0
0
2.44
0.54
0.69
0.1
0.02
0.04
1.03
4.79
0.08
0
2.7
3.02
2.14
0.01
0.06
0
0.17
0.73
4.43
0
0
0
0
13.91
0.2
1.05
0
0.92
1.43
0
0.9
0
0.86
3.83
0.39
6.17
0.87
9.29
0.06
0
0
0
0.05
11.8
7.87
0.01
0.41
0
0
0
0
0
0
0.01
0
0
0
0
0
0
0.01
0
0
0.04
0.25
0.27
0.26
0.39
0
0.09
2.27
0
0.03
0.11
48.9
41.49
0
0.03
0.03
0
0
0
5.31
5.93
1.65
1.62
3.14
21.81
3.64
0.23
0.02
0.39
5.99
0.96
0.55
5.67
0.37
0.4
0
0
0.03
0.13
2.39
0.21
0
3.93
2.42
6.71
0.88
1.48
1.06
1.24
5.59
0
0
0.01
1.5
0
0
0
0
0.01
0.01
0
0
0
0
0
0
4.05
13.2
0.66
0.12
1.11
0
0.49
0
0
0
0.03
0
0
0
0
0
0
0
0
0
0.04
0
0
0
0
0.14
1.17
0
0
0
0
0.03
0.42
0
0
0
0.2
0.02
4.58
0.47
0.03
3.16
1.31
2.17
0.06
0.41
0.02
0.11
1.31
1.91
7.66
5.64
0.78
0.06
0
0
0.01
0
0
0
0.32
0.02
0
0
0
0
0
0
0
0
0
0
0
0
0
0
0
0
0
0
0
0
0
0
6.34
0.02
0.23
0
0.02
0.07
0
0
0
0
0
0
0.14
0.06
0
0
0
0
0
0
0
0
0
0
0
14.72
11.2
2.28
0.19
0
3.08
5.12
1.86
4.84
3.64
0.69
0.01
0
0
0
1.44
0.01
0.49
39.41
8.25
12.64
2.94
0.44
2.11
3.81
1.19
0.02
0.01
0
0
0.02
5.59
0.53
0
0
0
0
0.02
0.07
0.41
0.23
0
0
0
0
0
9.2
0.25
2.09
2.03
0
0
0.02
0.77
3.14
0.01
0
0
0
0
0
0
0
0.06
0
0.61
1.59
0.02
0
0.44
0
0.04
0
0
0
1.27
0
0.07
0.01
0
0
0.02
0.16
0.01
0.06
0
0
0
0
0
0
0
0
0.37
0
0
0
0
2.07
15.12
0
0
0
0
1.53
0.01
0.01
1.41
0
0.16
0
0.19
0
0
0.03
0
0.51
0.25
0
0
0
0
0.02
0
0
0.01
0
0
0
0
0
0.01
0
0.02
0
0
0
0
0
0
0
0.16
2.78
17.74
0
0
0
0
7.8
4.31
0
0.23
0.78
0.2
6.7
0
0
0
0
0
0
0
0
0.94
0
0.44
2.5
0.2
0.69
2.44
7.47
0.2
3.12
1.5
0.48
1.61
0
0.01
0
0
0
0
0
0.02
0.38
0
0
0
0
0
0
0
0
0
0.01
0
0
2.28
0
0
0.09
0.33
5.66
1.55
0.47
28.88
0.09
0.02
0
0.01
0
0.03
0
0.03
0
2.97
1.91
1.34
7.91
2.31
0.67
0.39
0
5.25
1.84
0.86
7.94
3.02
5.06
1.83
0.27
3.28
0.02
0.05
0.63
0.19
7.31
1.5
0.17
0.03
0.88
0
0.39
0.05
5.7
0.06
0
3.44
6.09
0.61
0.03
0.07
1.62
0
0.01
0.12
1.84
0.02
0
0
0
0.66
0.12
17.69
12.81
4.48
0.96
0
0
0
0
0
0
0
0
0
0
0
0
0
0
0
0
0
0
0
0
0
0
0
0
0
0.03
4.17
2.69
5.38
37.25
2.69
0.09
0.5
2.78
0.28
0.06
1.33
0.12
0.67
0.45
0.02
0.01
0
0
0
0
0
0.09
0
0.03
0.12
0
0.01
0
0
0
0.04
0
0
0
0
0
0
0
0
0
0.01
0
0.14
10.62
3.76
0.3
0.02
1.19
0.75
0.02
0
0
0
0
0
0.05
0
15.31
41.34
5.81
0.02
0
0
3.59
1.72
4.84
0.2
0.2
0.36
0.02
0
0.8
10.02
12.69
6.16
2.23
0
0.06
0.05
4.59
6.06
4.16
3.1
5.12
0.14
0
1.14
2.09
6.38
0.86
1.45
4.14
5.16
0.44
9.62
1.04
3.48
4.75
1.23
5.88
0.68
0.05
0
0
0.02
0
0
0
0
0.01
0
0.2
0.08
1.66
1.23
18.97
0.1
10.47
10.38
0.78
0
0
0
0
0
0
0.15
1.2
7.47
0.96
0
0
0
0.01
7.57
0
0.02
22.66
9.5
0
0
5.39
0.18
0
0
1.59
0.13
0
0
0
2.58
0.05
0
0.04
0
0
0
0
0.78
0.28
0
0
0
0
0.11
0.01
0.05
0
0
0
0
0
2.14
8.36
0.46
0
2.12
0.02
0
0
0
0
0
0.25
0
0
0.22
1.27
0.17
0
0
0
0.01
0.01
0
0.02
0
0.01
0
0
0
0
1.34
1.11
0.48
1.84
10.84
0.03
0.02
0.64
0
0
0
0
0
0
0.01
0
0.06
0
0
0
0
0.06
0.09
0
0
0
0
0
0
0
0
0
0
0
0
0
0
0
0.9
0.33
1.87
2.16
9.53
0.09
0.51
0
0.02
1.24
8.7
0
2.14
0.04
0.06
0
0
0.16
15.12
0
0.39
0
0
0
0
0
0
0
0.02
0.02
0.27
0.15
0
0
0
0
0.38
0
0.36
1.05
0
4.75
0.09
0
0
0
0
0
0
0.01
4.91
2.25
5.19
6.67
0.66
0
0.03
0
0
0
0
0.99
0.62
0.36
0
0
0
0
0
0
0
0
0
0
5.47
0.02
0
0
0.01
0
3.64
0.69
0.06
0.92
3.91
0.41
2.03
3.28
5.86
0
0.09
0.61
0.44
0.01
0
0
4.55
0
0.02
0.02
0.05
1.48
0.19
0.12
5.17
0.33
0.2
0.05
6.33
3.42
0.96
0.55
0.12
0
0.03
2.25
25.5
10.23
0.06
0
0
0.03
0.01
0
0
0
0
0
1.41
6.72
0.5
5.2
0.3
7.12
0.31
0.43
0.29
1.59
3.36
0.05
0
0
0
0
3.69
3.55
2.73
4.31
17.19
0.72
0.38
4.61
0
0.02
0.02
0
0
0
0
0
3.44
0.91
0
0.02
0
0
0.03
0
1.58
0
1.86
0.19
0
0.03
0
0
0
0.08
0.01
0.05
0
0
0
0
0
0
5.94
0.08
0
0
0
0
0
0
0
0
0
0
0
0
4.96
0
0
0
0
0
1.47
1.77
3.3
8.58
0.06
2.44
3.08
0.06
0
0.06
0
0
6.31
10.26
8.33
0.18
11.46
3.34
4.03
6.72
10.59
0.51
2.27
5.03
0.97
0.34
0
0
0
0
0.16
4.02
0.49
0.09
0.16
5.91
0.2
0
0.01
0
0.01
0
0
0.02
0.16
4.78
0
0
4.16
0
0.1
7.14
13.27
0.07
18.6
0
3.39
0.4
8.97
0
0.02
0.01
0
0.81
13.5
0
0
4.27
0
5.52
3.03
0
4.09
0.38
0
4.5
2.61
0.07
0
0
0
0
0.01
0.01
0
0
0
0
0.01
1.86
0
0
0
0
0.61
0
0
0
0
0
0
0
0
0.09
0
0
0
0
3.16
0.66
0
0
0
0.02
8.61
0
0
0.02
0
0
0
0
0
0
0
1
0
0
0.43
0.02
0
0.16
0.56
0.18
0
0
0.66
1.38
2.66
0
0
0.45
0.01
0.48
3.33
12.78
41
2.42
0
0
0
0.05
0
0.01
0.27
0.02
0
0
0.7
13.59
0.34
4.11
0.12
0.03
0
0
0
0.22
0
0.73
0
0
0
0
0
0
0
0
7.62
0
0
0
0
0
0
0
0
0
0
0
0
0.73
0.23
0
0
0
0
0
0
0
0
0
0
0.03
10.5
0.19
13.03
0.61
11.14
0.39
0.12
0
0
0
0
0
0
0
0
0
0.05
0
0
0
0
0
1.47
2.98
30.47
7.19
11.38
10
1.08
2.5
0.5
0.17
0
6.81
0.02
0
0.11
1.72
0.05
4.27
0.41
0.12
0
0.08
0
0
0
0
0
0
0
0
0
0
0
0.19
0.88
3.12
4.56
0.09
0
0
0
0
0
0
0
8.06
0
0
0.08
0.02
0.12
0
0
0
0
0
0
0
0
0
0
0.01
0
0
0.01
0.01
0
0
0
0
0
0
0
0
0
0
0
0
0
0
0
0
0
0.04
0
1.5
0.57
0.03
0.05
0
0
3.91
0
0
0
0
0
0.12
0.07
0.48
0.03
0
0.16
19.56
0.2
0.06
1.3
2.47
0.35
0.04
0
10.94
5.38
3.31
5.56
0
1.38
1.5
0.25
1.48
1.28
8.5
0.03
0.56
2.69
6.14
8.62
0
0
6.48
7.25
1.27
0.13
0.01
0.01
0
0
0
0
1.01
0.04
0
1.59
1.58
3.97
0.02
0
0
0
0
22.05
11.88
0.12
8.44
3.22
0
0
3.53
11.32
2.16
0
0
4.51
6.66
1.38
0.09
0
0
0
0
0
0
0
0
0.75
6.84
0
0
0
0.02
0
0
0
0
0
9.98
0
0
0
0.01
0.38
0
0
0
0
0
0
0
0
0
0
0
0
6.27
1.39
0
0.12
1.52
0.64
0
0
0
0
0.33
0
0.05
0
0
0.01
7.27
0
0.01
0
0
0
0
0
2.02
14.08
0
0
0
0
0.06
0
0
0
0
0
0.01
0
0
0.25
0
0.01
0
0.13
0
0.01
0.11
0.02
0.02
6.96
3.56
1.18
0.16
4.44
2.68
0.32
1.42
0.12
0
0
0.12
0.01
0
0.12
0.01
0
0
3.22
0
0
0
0
0.29
0.02
1.67
2.78
1.61
0
0
0.21
0
0
0.02
0
0.01
0
0
0
0
0.01
0
0.01
0
1.28
1.84
0.02
6.59
0
0
1.36
7.9
5.61
3.26
0.07
0
0
3.81
0.34
0
0
1.95
0.08
0
0
0
0
0
0
0.88
0
1.63
8.16
3.95
0
0
0
0
0.55
0.32
0
3.72
0.91
0
0.03
3.11
0
0
0
0
0
0
0.91
0.19
0.06
0.11
1.01
0
0
0
0
0.97
2.53
0
15.62
0.03
0.16
0.14
1.42
1.06
1.66
5.94
0.03
1.23
5.91
1.5
0.41
5.32
0.7
0
5.39
0.22
0
0
0
0
2.03
2.8
0.72
0.25
0.91
5.25
9.12
4.56
6.59
7.53
15.44
2.77
1.62
0.13
0.62
0.05
0
7.16
0
0.05
0
0
0
0
0
0
0.5
0
0
