19510101
18.25
8.99
0.05
0.03
0.02
0
0
0
5.23
2.62
1.45
5.99
2.77
0.66
0.12
0.25
0
0.56
0.06
0
0.01
0
3.23
9.54
2.92
2.4
4.28
5.8
0.61
0.63
0.34
0.28
0.33
2.66
18.53
2.4
4.54
0.76
4.25
4.23
4.72
3.41
8.56
1.62
2.15
0.74
0
0.98
1.97
0
5.57
0.22
2.36
8.58
1.05
0.86
0.42
0.01
0.22
0.85
2.44
3.21
2.53
2.6
2.05
5.37
4.38
0.62
18.93
3.18
17.14
12.77
3.86
0.82
1.52
1.05
1.36
0.06
0.06
0.03
0
0
0.19
0
0.01
0
0.09
0.04
0.02
0.09
0.01
0.02
0
0.02
0.38
0
1.63
0
0.02
11.09
1.99
0
0
0
0
0
3.02
1.8
5.7
2.23
0.65
0.75
7.76
20.42
7.35
5.92
4.49
5.45
1.05
20.66
6.42
4.73
0.02
0.79
4
3.46
6.74
4.41
0.84
3.5
4.07
0
0.01
0
0
0
0
11.58
0.68
1.11
0.09
0.08
0.06
0
0.29
6.16
0.77
0.68
5.46
2.08
0
0
0.05
5.04
6.72
4.15
0.11
4.11
0
0
0
0.09
0.16
0
0
5.57
0
2.37
0
0.73
0.06
0
1.02
0
0.01
0
0.39
0
0
0
0
1.6
0.17
0.45
0
1.76
0.39
0.92
1.29
0
0.01
0
0
0
0
0.07
0
0
0
0
0
0
0
0
0
0
0
0.23
0.8
0
9.38
5.04
5.01
7.86
0.03
0
0
0
0
0.05
0
0
0
0.01
0.02
0.12
0
0
0.05
0
0
0.04
0
0
0.31
10.95
0.37
0.95
0
0
0
0.01
1.32
0
0
0
0
0
9.43
20.96
0.47
0.61
0.62
7.37
9.82
5.85
0
0.01
0
0.05
0
0
0
0.02
0.54
28.38
0
0
0.05
0
0
0
0
11.4
19.27
2.02
0.84
0.06
0
0.05
1.5
1.85
0
0
3.14
0.87
2.77
0.69
0
0
0.11
4.19
6.12
0.84
1.77
0
0.07
0.11
0.67
0.27
0.74
0
1.36
0
0.03
0.99
0
0.88
1.42
11.74
15.27
14.2
15.48
3.73
1.69
8.34
2.29
0
0.29
0
0.69
17.36
6.7
1.44
0.33
0.17
0.04
0.05
0.04
0
2.52
0
0.88
0.13
0
0
0.45
0.59
0.02
0.23
1.39
2.17
1.07
0
0.63
2.92
0.41
0.3
0.57
1.61
0
0.06
2.92
2.28
2.92
0
1.41
0.75
2.43
0
2.54
2.09
0
0.02
0
0
0
0.07
0.05
0.55
1.68
0
0.01
0
0
0
4.02
0.29
0
0.03
1.12
0.2
0.83
0.43
3.69
0.77
0.75
3.9
1.53
2.07
11.88
4.18
1.05
1.27
0.59
2.37
0.07
0.7
0.13
0.05
0
0
0.03
0.02
0.54
0
1.62
6.08
7.46
1.99
0.49
0.1
1.36
0.11
0
0.05
0.05
0.04
0.02
0.05
3.07
2.85
0
0
0
0
0
0
0
0
0
0
1.28
1.38
1.53
3.77
2.28
0.01
0.55
0
6.01
2.86
1.52
0.41
0.06
0
0
1.25
0
0.01
2.44
5.62
13.4
9.2
4.4
9.72
5.56
1.72
1.22
0.34
1.02
0.03
0
0.07
0.68
11.75
7.81
3.67
16.05
1.38
0
0
0
0.61
0.03
0.03
0.7
0
0
0.01
0
1.08
0.96
1.08
2.39
1.96
2.39
1.11
21.11
9.31
3.63
0
0.01
0
0.04
0.51
0.37
0
0
1.95
0.09
0
1.02
2.14
1.55
1.23
1.47
5.71
9.21
1.69
0
0.01
1.07
0.25
0
1.1
0
0
0.05
2.03
3.73
0.77
0.8
0
0.2
0.13
1.37
0
0
0.02
0
0.16
0
1.28
0.49
0
6.36
0
0.02
0.02
0.04
1.03
8.86
2.63
0.05
0
0.05
0.23
2.03
11.68
10.95
8.63
0
0.02
0
0.03
0.05
0
0.54
0.88
0.66
2.66
0
0
0
0
3.23
0
2.34
0.75
2.56
0.88
4.12
1.52
2.33
6.95
3.88
8.37
0
0
0
3.15
0
0.01
0
0
0.15
0
0.01
0
0
0
0
0
0.24
0.5
0.03
0.02
0
2.25
1.05
0
0.03
0.09
11.31
13.97
0.19
0.33
0.01
0.02
0.13
0
0.1
0.04
3.91
0
0
0.49
0.01
0
0
0.28
0
5.46
5.43
1.13
0.14
0
0.01
0
0
0.01
0
0.02
4.61
0.83
0
0
0.99
0.53
0.03
0.04
0
0.01
2.72
0
0
0.17
0.22
6.91
1.44
0
0.27
0.25
0
0
1.04
5.88
2.86
0.18
1
0.01
0.1
6.97
1.13
0.02
1.18
0.23
0
0
0
0.18
0
0
0.26
0.35
0.25
0.24
0
0.05
0.03
0
0.21
0.59
0.33
0.54
1.68
8.45
1.83
0.98
0.54
0.84
0.62
1.39
4.23
1.86
1.46
0.88
2.51
11.09
5.25
9.45
1.7
0.09
0
0
0.03
0
0.41
0
0
2.23
9
2.77
0.68
0.69
3.5
1.02
1.04
0.08
0.02
0.84
0
0.38
0.14
4.03
6.36
5.6
3.88
0.86
0.79
4.86
4.43
1.67
0.27
2.52
1.08
1.27
0.95
0.18
0.36
0.66
0.07
0.05
0.05
0.04
0.05
0.09
0
0.04
0.04
0.04
0.05
0
0.01
0.13
0.04
0.03
0.03
0.03
0.02
0.04
0
0
0
0.19
9.17
6.09
0
0.15
0.04
8.11
2.32
0.8
1.59
0.93
0.41
0.08
0.04
0.07
0.01
0
0.02
0
0.01
0
0
0
0
0
0.02
0
0
0.01
0
0
0
0.02
0
0.01
0
0
0.02
0.75
0.25
0
0.13
2.2
3.52
2.04
0.79
0.01
0.01
0
0
0
0.09
0.22
0.3
0
0
0.04
4.52
1.65
0.29
0.02
0
0.55
13.52
4.21
0.56
0
4.02
0.11
0.04
0
0.01
0.89
10.02
16.65
7.1
1.86
4.55
0.46
2.36
0
7.96
2.39
0.07
0
0.66
0.02
0.39
0.36
0.04
0
0
0
0
0
0.18
0.17
0
10.49
1.54
0.01
0.58
0.05
1.46
0.08
0
0
0
0
0.28
0
0.13
0.05
0
0
0
0
0
0.01
0.81
1.21
16.36
17.21
5.8
0.73
0.02
0
0
0
0
0
0
1.29
1.42
0.91
11.06
1.91
0.07
0
0.02
0
6.78
11.56
10.48
11.04
5.19
1.87
0.55
2.3
1.19
4.62
0.16
0.16
0.03
0.15
0.04
0
0.09
0.09
0
0
0.5
0
0
0
0
0
0
0
0
0
0
0
0
0
0.07
0
0
1.3
0
0
0
0
0
0
0
0
0
0
0
4.73
7.17
0.61
0.06
0
0
0
0
0
0
0.21
0
0.14
0
0.01
0
0
0
0
0
0
0
0.31
0
5.68
1.67
0.09
1.4
0
0
0
0.01
0
0.08
0
0
0.11
0.02
0.05
0
0
0
0.14
1.61
11.65
3.52
0.51
0.01
0.02
0.07
4.18
5.66
1.91
0
0.51
0
0
0
0
7.15
9.7
12.62
13.6
12.62
0.93
0.13
1.24
0.34
0.16
0
0.17
0.19
1.87
2.12
0.9
0.88
0.21
0
0.03
0.25
1.23
0.35
0.02
0.08
0
0
0
0
0
0
0
0.03
0.05
0.02
0.02
0
0
0.02
0
0.02
0
0
0
0
0.02
0
2.52
0.37
0
0.07
0.1
0
2.69
3.06
1.76
0.42
7.69
3.4
1.09
0.05
0
0.01
1.57
0.76
0.77
0.05
3.45
1.26
1.23
0.09
0.01
0.02
0
0.15
0
0.09
0.18
0.73
0.15
0.05
0.81
0.59
0.01
0.63
1.76
1.56
1.13
0.7
0.3
0.04
0.97
0
0.03
0
0.14
0.05
0
0.01
0.95
0.02
0.02
0.01
1.2
0.01
0
0.07
1
0
3.4
5.55
2.84
0.68
0.22
0.79
0.82
1.62
1.08
0.73
0.77
1.25
0.93
11.29
2.67
1.21
3.69
4.64
2.57
0.2
0
0.52
0.3
0.02
0.05
0.03
0
1.39
0.04
0
0.11
2.39
0.22
0.05
1.46
4.45
1.7
0.25
1.84
6.86
2.27
0.55
3.2
9.38
10.26
2.84
0.18
3.48
1.13
1.24
2.18
0
0.4
4.23
6.23
0.88
1.12
0.41
0
0.04
0
2
6.59
1.77
0
0
0.14
0.16
0
0.6
0.59
0.38
7.86
1.98
0.97
2.77
0
0
0.01
0
0
0
0
0
0.01
0
0
2.2
8.43
5.73
0.71
2.1
1.38
2.1
5.21
0.53
0.09
0
0
0
1.26
2.66
1.78
0
4.66
6.89
19.14
17.35
8.57
0
0.55
0
0
0.01
0.05
0.01
0
0.08
5.69
0
0
0.64
1.45
13.7
4.33
13.2
20.27
9.98
0
0
0.01
0.38
1.04
0
0
0
0
0.01
0
0
0
0
0
0.22
0.98
5.41
0.82
3.16
0
0
0
0
0
0.25
0
0
0
0
0
0
0
0.76
3.33
0.2
0.23
0.1
0
0
0
1.55
0
0
0
1.22
0
4.41
0
0
0
0
0
0
0
0
0
0
0
0
0
0
0
0.01
0
0
0
0
0
0.24
0.3
0.8
0.03
0
0
0.23
0
4.95
0.27
0.01
0
0
0
0
0
0
0
0
0
0
0
0.38
0.02
0
0
0
0.02
0
0
0.02
0.35
0.46
1.31
0
0
0
0
0
0.01
0
0.02
0.22
0
0
0
0
0
0
0
0
0
0
0
0
0
0
0
0
0
0
0
0.02
0
1.34
0
0.64
0.6
0.57
0.74
1.71
0
0
0
0
0
0
0.63
0.17
0
0
0
0.02
0
1.34
1.52
4.18
9.38
1.23
0.02
0
0
0.15
0
0
0
0
0
0
0
0
0.28
4.48
2.23
0
2.31
6.33
8.96
5.74
10.78
10.6
1.28
0
0.55
0
0.01
1.1
6.97
6.35
0
0.72
1.06
0
0
0
0
0
0
0.01
0.01
0
0
0
0
0
0
0
0
0
0
0
1.02
5.01
6.81
7.36
6.1
8.25
3.23
1.93
6.84
2.44
0.61
1.44
0.78
2.89
3.52
1.37
6.16
14.24
8.24
4.31
2.82
4.74
2.53
0.64
0
0
0.51
0
0.18
2.75
7.09
4.44
6.8
9.68
0
0.03
1.01
0.02
0.91
0.01
0.01
0
0
6.97
7.13
4.73
14.06
12.47
6.87
7.52
4.49
1.57
4.5
5.45
2.48
3.65
3.66
1.05
0
0.13
0
0
0
0
0.45
0.85
0.02
2.1
1.87
1.08
0.64
1.02
0.46
0
0
0.88
0
1.77
8.79
3.04
3.63
0
0.01
0.86
0
0
0
0.16
3.2
0.62
0.01
0
0
0
0.47
0
0
0
0
0.38
0
0
0
0
0.46
0.01
0.89
1.02
0
3.38
2.52
4.6
9.2
5.3
11.07
1.41
0.38
0
0.8
1.46
0
8.78
2.33
0
0.04
4.33
0
0
0
0
1.53
1.51
0.88
0
0.02
0.13
0.25
0
0.06
0
2.67
3.2
2.66
8.63
4
2.3
0.35
0.01
0.45
2.52
14.23
3.29
1.04
1.55
0.52
4.6
3.45
3.27
8.11
1.36
0.12
0.04
0
0
0
0
1.35
4.54
6.48
8.11
1.72
0
0
0.02
5.23
3.32
3.59
1.9
0
0
0.66
0
0.18
0
0.01
0
0
0
0
0
2.38
0.01
1.18
0
0
0
1.22
0
0.01
1.62
5.52
9.93
2.42
1.16
2.71
0.18
0.18
0.62
0.68
0
2.05
0.08
0
0.09
0.02
0.55
2.88
8.17
1.52
0
0.96
1.57
2.16
3.14
0
1.58
0
0.02
0
0
2.45
4.91
0.53
0.84
1.3
0.53
1.09
1.48
1.58
2.95
5.83
1.05
2.02
0
0.39
2.66
0
0
4.38
1
3
1.07
0
0.91
0.85
0.01
0
1.59
0
4.92
4.94
15.56
0.78
1.45
1.62
0.45
0.98
0
1.86
0.78
0.51
0
0
0
0.84
2.42
4.21
1.44
0.43
0.04
0.02
0
0.01
1.3
1.55
0
0
0.87
1.35
1.2
4.98
0
9.23
4.95
0.02
2.95
2.3
0
0.03
0
6
12.16
14.23
5.4
3.59
2.37
6.02
7.93
2.18
0.04
0.7
1.4
0
0.03
3.11
4.48
3.06
2.44
3.72
0.51
0.67
0.01
0.79
0.74
0.13
2.46
13.52
0.98
0.37
0
0
0.73
4.08
8.91
8.04
0.5
1.75
0.26
0
0.47
0.02
0
0
0
4.74
2.56
2.51
18.71
23.43
25.63
8.17
2.29
3.41
7.73
7.08
1.94
0.61
0.2
0
0
0.38
0
0.46
1.37
0.72
0.32
0.94
0.94
0.01
0
0.2
0.93
1.17
4.7
0
1.71
8.38
4.25
3.02
2.27
2.58
3.63
4.4
1.2
0.82
1.64
0.55
2.33
0.62
0
0
0.68
0
0.2
4.73
2.36
0.17
0.86
0.95
1.28
0.49
0.02
0
0.24
0.02
0.42
0.02
0.29
0.61
0.01
0.17
0.01
3.2
1.04
1.09
2.24
0
0.1
0.44
2.56
2.27
0
0
0.05
0.01
0
0.03
0.01
0.41
0
0
0
0.28
0.13
0
0
0
0.04
0.48
0
0
0.27
8.96
10.93
7.57
6.81
6.79
17.92
13.76
8.25
2.77
5.99
18.06
17.19
12.22
5.55
0.84
0.27
0.14
0
0
0.26
0
0
0.36
0.94
0.39
0.06
6.17
6.61
4.56
1.33
0.33
0.14
1.34
2.45
5.25
9.41
8.12
5.47
1.35
4.69
6.43
3.45
2.14
1.4
0.01
0
0
0.33
0
0
0
0.41
0.01
0.01
0
0.5
0
0
0
0.36
0
0.97
2.73
7.55
12.12
12.59
5.5
3.05
22.62
26.69
13.18
0
0.01
0
0.06
0
0
0
0
0.3
0
0.24
0
0
7.03
0.12
0
0
1.37
0.01
0
0.71
0
0
0
0
0.05
6.9
11.45
16.34
2.44
2.75
1.1
4.56
0
0
0
0
0
0.01
0.13
0.02
0
0
0.02
0
0
0.13
0
0
0.07
0
0
0.01
0.02
0
0
0
0
0.01
0
2.63
0
0
1.2
2.23
7.47
0
0
0
1.11
9.46
23.86
3.78
0
0
0
0.04
0.02
0.02
0.01
0.11
0
0
0
0.01
0.03
0.01
0.09
0
0
0
0.11
0
0
0
0
0
0.03
0.02
0
0
0
0
0
0
0
0
0
0
0
3.88
13.64
11.77
2.01
0.1
4.54
8.05
1.24
7.02
14.62
5.71
0.83
0.01
0
0
0
1.41
0.03
0.6
0.11
1.7
0
0
0.13
2.37
3.45
0.65
0.02
2.06
0.89
4.04
1.29
0.47
0
0
1.71
0
2.64
0.17
0.04
1.75
0.12
0.57
0
1.15
0.05
5.22
1.37
0.04
0.07
0.01
0
0.11
0.43
1.89
1.74
0.07
0.23
2.07
0.48
0.75
0.14
0.43
0.51
0.1
0.12
2.57
2.97
0.38
3.32
0
0.05
0
0
0.2
0.02
0.48
0.01
0.01
0
0.42
0
0.01
0
0
0
0.01
0
0.01
0.01
0.03
0.77
0.06
0.05
0
0
0
0.09
0.25
0.34
0.01
1.82
1.41
0.78
3.67
4.06
5.18
3.83
0.88
0.54
0.14
0
0
0
0
0.11
0.02
0.01
0
0.64
0
1
0
0.08
0.27
0.92
1.87
1.86
0.18
0.15
0.87
1.88
1.09
0.52
0.16
0.14
0.22
0
0.01
0
0.74
0.86
1.43
0.93
0.05
0.43
1.02
1.86
0
0.04
0.27
0.13
6.29
5.3
5.88
10.58
3.8
0.04
0.61
0.74
0.09
0.02
0.11
0.01
0.01
0
0.16
0
0
0
0
1.73
3.92
0.85
4.89
0
0.03
0.02
0.14
0
0.05
0.04
0.01
0
0.01
0.01
0.23
1.28
2.96
3.14
3.46
4.16
0.27
0.21
1.9
0.08
0.61
5.13
1.11
2.27
0
0
0.23
1.19
0.08
0
0.02
1.47
2.23
0
0
0
0.3
0
2.79
0.7
0.01
0.1
0.05
0.07
0.11
0.02
1.23
11.02
6.16
4.05
5.24
2.9
3.2
6.93
1.17
5.08
4.28
0
0
11.66
15.21
5.92
1.48
1.02
0
0
0.48
0
0.38
0
0
0.11
0
0.01
0
0
1.34
1.56
7.07
6.41
7.43
3.52
2.73
4.54
1.69
0
0.92
0
0.11
0.08
0
9.72
22.04
2.33
0
3.36
4.97
4.77
2.61
9.12
10.08
7.15
6.15
0
0.05
4.88
9.35
0
0
0
0
0
0.23
0
0.01
0.02
0.01
0.64
3.11
0.05
0.02
0
0.03
0.02
0
0
0
0
0
0.02
0.03
0.01
0
0
0
0.04
0
0
0
0.01
0
0
0
0
2.63
0
0.1
0
0
0.24
0
0.02
0
0
0
0.01
0
0
0
0.01
0
0
0
0
0
0.16
0
0
0
0
0.13
1.23
2.77
0
14.72
1.29
0
0.01
0
0
0
0
1.33
0.93
0
0
0
0.01
0.01
0.02
0
0.78
2.12
9.56
4.09
0.25
0
0
0.67
0
0
0
0
0
2.51
5.02
4.13
0.95
2.2
0
0
0.54
0
0.62
0.75
1.58
5.39
11.95
9.14
2.26
0
0
0
3.39
1.71
0
0.02
0
0
0.18
0.01
0
0
0
0
0.01
3.98
3.64
0.25
0.62
4.39
8.37
6.98
5.97
6.18
0
0
0
0
0
0
0
0.05
0.27
0.04
0
0
1.21
0.43
0.11
0.03
0
0.05
0
0.06
0
0.02
0
0
0
0.01
0
0
0.27
0.94
6.93
12.19
9.8
2.68
0
0.05
0
0
0
0
0
0
0.52
6.14
7.31
0.28
0.45
0.01
0
0
0
0
0.3
0
0.34
0.2
0.13
0
0
0
0.01
0.52
0.25
0.51
0.48
0
0
0
0
0.05
0
0
0.33
2.32
0
1.02
1.57
3.77
1.8
11.94
19.53
4.17
1.09
0.06
0.05
0
0
0.48
0.01
0.75
2.13
2.82
3.83
3.03
1.09
4.86
2
0
0
0
0.6
2.67
0.54
0
0.22
0.83
0.06
2.16
4.79
1.85
1.05
0
0.09
0.05
0.01
0
0
0.01
0.37
1.59
2.38
4.8
1.81
0.06
0
0.11
0.55
2.95
2.29
7.5
8.87
0.05
0
0.91
9.84
12.1
3.16
4.89
3.34
5.02
5.45
4.37
0.13
2.7
3.72
8.04
1.79
1.51
1.49
0.07
0
0
0
0.02
0.96
2.7
2.31
0.05
0
0
0
0.01
0
0
0
0
0
0
0.01
0
0
0
0.01
0.01
0
0
0
0.01
3.29
0.09
6.9
3.03
1.62
0.55
17.99
2.44
0
0
0
0
0
0.07
2.87
0
0
0
0.11
0.04
0
0
0.01
0
0
0
0
0.01
0
0.19
0
0.05
1.54
3.52
8.91
0.02
1.99
3.97
0
0.01
0.45
7.77
0.25
4.28
2
0.72
0.86
0
0
3.38
1.13
3.59
0.84
0.52
1.23
0.26
3.05
0
0.08
0.46
5.47
0.47
0
0
0.01
0.2
0
0
0
0.23
0
0
0
0
0
0
0
0.02
0
0.04
0
0
0.01
0
0
0.08
0.13
2.71
0.07
0.02
0.4
0
0
0.01
0.05
0
0.01
0
0
0
0
0
0.01
0
0
5.95
3.88
1.28
0
0.02
0
0
0
0
0.31
0
0
0.02
0
0.01
0
0.05
0
1.32
0
0.57
0
0.57
0
0
6.86
3.01
3.03
2.72
0.01
0
0
0
0
0
0.05
0
0
0
0.03
0.29
7.32
6.31
0.16
1.28
0
1.63
10.25
3.69
1.34
0
0
0.5
0
0
0
0
0
0
0
0
0
0
0
0
0
0
0.27
0
0
0.24
0.22
0.91
0
0
0
0
0.09
0.04
0.07
0
0.04
0
0
0.75
0.41
0
0.55
0.01
0.42
2.2
4.81
0.4
0
0
0.03
0.61
0.26
0
2.77
1.43
0
0.65
1.41
1.83
8.09
7.09
6.16
5.64
1.89
5.48
2.09
0.31
2.17
5.04
22.44
10.68
9.13
6.66
6.4
19.57
21.75
8.5
5.63
9.64
2.33
2.4
6.87
0.03
0.97
0.13
0
0
0
0.03
0.07
0
0
0.09
0.05
0.1
0.52
1.13
3.23
0.93
1.73
0.67
3.2
1.67
0.07
0
0
0.08
6.64
3.04
1.98
0.07
0.09
0
0
0.08
0.08
0.01
0
0
0
1.89
2.86
2.05
0
1.71
2.87
3.25
2.28
0.1
0.41
0.94
0
0
0
0.01
0
0
0
0
0
0
0
0.05
0
0
0
0.07
0.53
2.26
16.05
13.06
5.46
8.34
1.11
7.73
16.96
3.63
5.15
3.45
0.01
0.14
0.05
0.09
0
0
0
7.87
8.39
1.75
1.38
1.88
0
0.02
0
0.79
1
1.01
3.34
0
0.04
0
0
1.38
0.15
0.18
0.04
0
0
0.01
0.14
5.37
9.48
7.13
5.52
1.89
0
0.01
1
0.05
1.39
1.68
3.23
0
0.12
0.13
0.48
3.34
3.4
0
0
0
0.07
2.69
9.16
15.67
8.26
0.46
1.17
0
3.26
0
0
0
1.02
3.16
7.09
3.73
11.73
0
1.85
0
2.73
2.52
2.46
0.51
5.06
5.74
0
0
0
1.66
0
2.18
11.64
16.35
0
0.01
0
0
0
0.02
0
1.84
0
0
0.06
0.18
0
0.02
0
0
0.04
0
0.59
0.69
0.02
0
0
0
0
0
0
0
0
0
0.04
0.01
0
0.23
2.84
0
10.63
1.38
0
0
0.62
3.65
1.21
4.22
8.68
5.7
8
0
0
3.66
0
0.02
0.01
0
0
0
1.24
5.71
6.16
7.38
0
6.02
0.87
0
0
0.01
0
0
0
0
0
0
0.02
0
0.02
0.11
0.02
0
0
0.73
0
0.7
0.12
2.05
4.1
0.16
0.45
4.55
14.86
14.44
0.22
0.16
0.02
1.01
0.53
2.63
1.93
1.51
0
0
0.01
0.11
2.05
0
3.86
6.26
2.98
0
6.5
6.77
0.09
0.73
11.66
4.34
10.07
3.85
0.02
0.07
0
2.95
0
0.08
0.99
0
0.49
0
0.9
0
0.11
0
1.2
2.55
4.75
3.25
7.57
5.38
1.72
0.02
0.07
0.01
0.99
5.09
4.21
4.11
2.6
1.67
0.29
0.18
0.24
0
0
0
0
0
0
0.01
3.1
8.47
0
0.34
2.71
5.23
5.07
11.32
0.88
0.45
6.41
2.63
2.96
0.13
0.02
0.78
4.08
0.43
1.96
9.38
23.74
8
0.8
0.8
1.91
1.38
7.42
8.95
8.14
14.12
15.64
9.25
3.4
0.05
0.33
0.59
1.08
0.38
1.88
0.45
0.72
3.7
0.98
12.74
4.63
2.59
5.38
9.74
0
0.14
0.36
0.04
0.02
0
0.07
0
0
0
0
0
0.57
4.77
4.02
1.82
2.85
1.3
2.65
0.44
1.43
1.26
1.67
0.14
0.59
1.95
1.64
6.71
10.79
13.84
18.34
10.83
1.43
0.08
0
0
0.07
0
0.21
1.29
3.27
1.99
2.5
1.79
4.7
3.35
4.19
6.95
7.44
5.25
6.22
11.9
11.31
7.94
5.85
8.47
4.36
5.06
2.76
0.2
0.05
0
0.13
0
0
0
0
0
0
8.43
3.56
5.45
3.68
4.42
0.5
4.15
8.97
9.6
11
6.12
0.05
0
0
0.02
0.01
0.75
0.8
5.43
7.84
3.04
2.14
4.17
1.71
5.2
2.41
0.06
3.35
1.05
0
0
0.05
0
0.27
0
0
0.17
0
0
0
0
0
0
0.01
0
2.91
2.52
2.45
0
0
0
0
0.15
0
1.98
2.63
0.73
0.63
0
0
0
0
0
0
0
0
0
0
0
2.12
7.53
1.21
3.69
6.33
1.66
0.47
0
0.96
0
0
0
0
1.64
9.74
0.05
0
49.28
16.16
7.32
2
5.57
5.77
7.97
4.62
1.14
0.59
0
0
0.16
0
0.95
0
0
0
0.02
0
0
0
0
0
0.27
0.02
0
0.04
15
0.23
0.88
0.02
0.73
0.19
0
0.01
0
0
0
0
0
0
0
0
0
0.48
0
0
0
0.01
0
0
0
0
0
0
0
0
5.09
4.99
0
0
0.01
0
0
0
0
0
0
0
0
0
0.19
0.02
0
0
0
0
1.62
4.25
5.74
0
0
0
0
0
0
0
0.01
0
0
0.01
0
1.27
2.45
0
2.43
0
0
0
0
0
0
0
0
0
0.55
6.24
9.45
2.35
0
0
0
0.3
0
0.29
0
3.85
3.38
3.28
0
4.04
3.59
0
14.1
17.76
16.55
10.34
4.14
1.33
1.91
0.24
0
0
3.09
16.38
9.27
0
0
0
0
19.95
5.18
12.76
8.97
13.92
12
0
0.83
10.04
16.38
4.66
4.71
0.77
4.18
0.64
2.45
5.91
3.29
2.59
0.02
0.36
0
3.91
3.57
1.52
0
0.14
0.94
1.97
0.54
0.93
1.47
2.53
12.81
4.78
3.27
0
0.05
0.33
1.38
0.29
0.02
0.02
2.57
0.74
0
0
7.94
2.69
11.52
0
1.86
2
0.57
0.23
2.32
1.8
0
1.09
3.05
0.09
2.75
0
0.06
0
0.7
1.09
2.57
4.88
4.66
6.61
2.94
1.88
4.98
3.42
2.85
4.36
1.53
0.29
0.45
0.28
0.52
0.95
1.64
1.62
0
0
0
0
0
0
0.68
1.27
1.56
7.64
6.45
3.31
0.91
1.77
0.19
0.79
1.05
0
0.1
0
0.05
0.39
0
0
0
0.23
0
0
0
0
0
0
0
0
0
0
0
0
0.26
0
0
0
0.05
0.84
0.17
0
0
0
0
0
0
0
0
0
0
0
0
0.01
0.02
0
0
0
0
0
0
1.06
4.55
4.5
0.89
3.53
1.55
1.33
0
0
0
0
0
0.01
0
0
0.01
0.01
0.05
0.36
6.91
6.75
1.21
4.48
2.57
0.09
0
0.13
0.16
0.29
5.07
4.86
0
0.43
0.97
1.59
10.08
6.2
0.02
1.62
0.03
1.8
5.4
4.84
0
0.12
0
0.05
0.46
4.84
0
2.4
1.38
0
2.3
0
0
0
0
0
0
1.46
0
0.36
0.36
0.03
1.15
5.9
0.21
0.71
0
4.95
3.64
6.64
20.31
10.05
1.7
0
0
0
0.14
0.49
0
0.01
0.04
0
0
0.04
0
0.03
0.34
0.35
0
0.05
0
0
0.07
0.3
4.27
1.2
9.11
3.66
0
0
0.99
1.29
4.07
0.28
0.01
0
0
0
0
0
0
0
0
0
0
0
0
0
0
0
0
0
0.07
0.3
0
0
0.17
5.79
3.16
0.24
0.66
8.07
5.09
2.56
0.71
0.02
0
0
0
0.01
0.78
4.35
4.87
2.43
0
4.08
0.22
0.01
0
0
0
0.02
0
0
0
0
0
0
0
0
0
0
0
0
0.52
2.58
13.55
3.64
6.8
0.02
0
0.4
0
6.62
0
0
0
0.02
0.02
0
0
40.61
27.78
0.36
0
0.02
0
0
0
1.04
5.13
11.32
16.67
6.64
1.11
0
0.59
0
0.67
8.8
0.29
0.02
0.01
0.02
0
0
0.02
2.2
14.38
4.73
0.31
1.33
0
0
0
0
0
0
0
2.34
0.86
0.34
4.03
0.14
0
0
0
0
0
0
0
0
0
3.52
4.85
12.35
11.74
1.89
4.5
3.34
3.57
2.75
1.1
0.41
7.91
11.22
5.46
2.22
0.7
17.19
11.03
1.32
22.73
2.75
0.04
0
0.82
0.77
0.27
0.57
0
0.17
0.14
3.19
0
0
0.02
0.02
0.01
0.08
0.05
0.4
0.34
0
0.01
0
1.43
5.93
5.73
15.54
10.64
1.14
0.9
0
10.8
5.79
3.75
13.25
4.11
0.96
0.35
0
0.28
0.05
0.84
1.31
3.71
3.09
4.08
11.23
3.21
0
4.65
6.73
3.91
0
0
0
0
0.02
0.03
0
0
0
0
0
0.01
1.14
0
0
0
0
0
4.99
1.79
0
0.01
0
0
0
0
0
0
0
0
0
0
0
0
3.41
5.73
6.28
5.59
12.1
2.55
0.1
5.83
7.96
5.48
4.23
0.35
4.47
8.11
4.71
0.86
2.29
0
0
1.98
0
0
0.07
0.55
0.27
3.18
3.92
0.49
0.04
2.63
0
0
0
1.43
0.61
0.02
0
0
0
1.9
0
0
0
0
0
0
0
0
2.75
3.59
2.5
4.13
5.93
6.3
5.69
0.29
0.13
1.14
0
0
8.58
4.35
3.56
5.62
3.88
5.93
7.7
3.49
0.23
0.24
0.03
0
0
0
0
0
2.46
0.63
1.16
0
0
0.11
0.01
2.71
11.52
0
5.79
0.02
0
1.9
2.95
7.66
9.78
3.39
0.02
0.29
13.89
7.63
0
0
0.4
3.16
2.96
0
0
0.27
0
0.02
0.17
1.3
10.02
8.82
2.36
0
0.05
0
0.04
0
0
0
0.02
0
1.05
6.42
10.41
3.61
2.43
7.25
0
0
0
0
0
0
0.04
0
0.01
0.01
0.01
0
0
0
0
0
0.01
0
0
0
0
0
0
0
0
0.01
0
0.06
0
0.01
0
0.16
0
0.08
0
0
0
0
0
0
0
0
0
0
0
0.02
0
0
0
0
0
0
0
0
0
0.12
1.25
0
0.04
0
0
0.04
0.1
0
0
0
0
0
0.02
0
0
0
0.02
0
0
0.38
2.11
0
0.16
2.45
3.97
3.59
0
0
0.01
14.2
20.34
13.8
0.16
0.44
0
0
0
0.46
0
0.48
0.38
0
0.01
0
0.07
4
0.18
1.71
7.54
18.12
3.49
0.2
0
1.34
0.56
0
0
3.27
0
0
0.02
8.69
3.53
0
0
0
0
0
0
12.82
9.09
3.5
6.41
1.8
1
3.19
1.25
0.81
0
0
0
0
0
0.98
0.61
0.14
3.23
0.59
0.29
0.18
0.3
0
0
0.02
0.01
0
0.01
0
0
0
0
0
0
0.02
0.02
0.01
0
0.23
0.89
1.83
2.66
0.02
0.03
0
0
0
0
0
0
0.49
0.3
0
0.67
5.03
10.7
17.01
12.47
5.89
10.58
9.7
0.77
3.64
5.45
13.32
0.96
3.93
5.39
8.65
3.3
2.83
2.8
1.34
0.57
1.93
3.02
1.43
1.19
0.22
0
0
0.09
0.03
0.02
0.03
0
0.01
0.01
0.04
0.18
2.93
1.61
2.78
3.28
0.48
6.31
0.27
2.96
13.29
13.64
2.16
1.13
1.42
8.84
22.44
6.29
3.56
8.6
4.1
1.86
0.73
0.32
1.44
1.61
0.07
0.15
0.24
0.22
0.34
0
0.47
0.19
0.07
0.01
0.7
5.54
3.91
7.13
5.54
5.5
0.04
0.17
0.84
5.87
0
0
0.09
0
0
0.06
0.8
0.12
0.01
0.01
0.58
0.16
0.67
1.55
0.09
0
0.05
0.76
4.36
1.66
0.35
0.93
19.3
19.22
17.19
5.27
5.36
4.02
0
0.03
3.29
5.9
9.25
0.48
0.52
0.14
0
0
0
0
0
0.01
0
0
0
0
1.58
0
0.01
0.67
0.03
1.05
0.84
0.07
0
0
0
0
0
0
0
0
0
0
0
0.14
1.26
0.48
0
0.3
0.02
0.7
2.6
2.68
4.45
0.05
0.63
1.75
7.83
10.23
4.03
0.25
0.35
0
0.77
0.02
0.2
2.82
0.85
0.15
0
0
0
0
0
1.35
0.12
0.25
4.59
0
0.2
5.58
4.75
1.31
6.8
3.67
0.02
0.01
0
0.03
3.56
0.05
0.03
0
0
0
0.09
0.28
0.04
0
0
0.08
0
0.05
0
0
0.01
0
0.03
0.08
9.26
31.79
2.75
0.82
0.27
4.5
0
10.2
1.64
0.04
0.01
0
0
0
0
0
0
0
0.05
1.21
0.05
0
0
0
0
0
0.01
0
0
0
0
0.01
0.07
0
0.03
0
0.01
0
0
3.52
11.63
5.07
0.64
0
0
0
0
0
2.69
6.96
9.3
6.21
2.35
2.94
6.34
3.62
1.01
0.3
0
4.1
2.56
0
0.05
0.01
0
0
0
0
0
0.41
0.1
0
0
0
0
0
0.02
0
0
0
0
0
0
0
0
0
0
0
0.01
0
0
0
0
0.05
1.47
0.07
0.7
20.38
4.47
8.22
13.39
4.66
14.48
14.95
6.48
0.18
0.7
12.91
0.46
5.93
18.06
32.99
14.42
21.47
2.3
0
0.03
0.64
0.08
0
0.03
0.02
0.88
8.03
8.28
0.34
2.71
4.89
0.73
2.76
10.04
4.42
4.15
0.76
4.88
2.35
0.41
0.66
4.95
7.1
2.29
0
14.26
1.75
0.24
5.22
2.19
0.66
0
0
0.01
0
0
0.16
0.02
0
0
0.04
0
0
0
0
0
0
0.05
0.13
0.08
0.01
0
0
0.21
1.07
3.26
0.08
0.01
0
0.01
0.01
0.22
0.09
0
0.01
0.01
0
0
0
0
0
0
0.03
0
0
0
0
0
0
0
0
0
0
0.07
0
0
6.76
13.75
6.88
6.71
6.53
16.13
0
0.09
3.67
4.03
13.54
20.72
2.48
5.62
5.23
5.3
0.37
0
1.87
0
1.02
0.27
0.13
0.36
0.06
0.79
6.02
9.58
2.05
1.46
3.25
0.16
0.01
0.08
0
6.45
5.84
3.88
0.69
0
5.25
0.27
0
0.05
4.49
6.27
0.66
6.29
4.63
1.98
1.64
2.07
0.57
1.4
0
0
1.59
1.18
1.61
0.36
0
0
0.18
16.1
7.22
15.7
7.71
0.65
0
0
0
0
0
0.36
0
0.01
0
0
0.64
0.11
0
0
0
0
0
0
0.11
0
0.13
0.73
0.47
0
1.42
0.87
0.3
0.02
0
10.37
0.21
5.35
0.89
0
0
0
0.01
0
8.28
0.64
7.34
1.53
0.6
0.34
3.13
0
0
0
0
0
0
0.02
0.04
0
0
0
0
1.23
7.61
12.32
5.09
23.22
7.82
0.96
7.98
31.43
9.41
0
0
0
0
0
2.93
0.01
0
0
0.73
0.07
0.01
0
0.01
0.14
0.57
0.39
0.05
1.23
2.55
0.11
0
2.63
0.09
1.68
0
0.83
3.09
0.97
0.13
0.03
0
0.44
0
1.43
0.02
0
0
0
1.13
0.11
0
0.01
0
0.48
4.01
1.81
0.06
0
0.02
0
0.27
0
0
0
0
0.02
0
0
0
0.05
0.01
0.02
0
1.4
0.06
0.04
0.25
0
0.12
0.03
0
0
0
0.06
1.6
0.02
0.01
2.08
1.37
0.46
0
0
0
0.8
3.1
0
0
0
0
0.39
2.61
2.81
2.44
8.06
3.04
5.74
0.56
0
0.01
0.05
0
0.05
0.31
3.98
4.38
10.68
4.89
7.66
2.79
0.04
0
0
0
0
0
0
0.61
0.13
0.08
0
0
0
0
0
0
0.01
0.01
0
0.92
9.8
27.11
5.99
0.03
0
0
0.07
0
0
0
0
0
0
0.01
0
0
0
0
0
0.02
0
0
0
0
4.8
1.83
0.22
0.35
0.54
0.11
0
0.02
1.32
0.2
0
0
2.14
0.7
0
0
1.31
1.44
3.21
2.5
0.19
0.34
1.57
0.63
0.54
8
1.45
1.24
0.19
8.33
0.13
0.62
0.21
0
1.54
0
0.41
0
1.38
0.07
0
6.16
1.25
0.86
1.72
0.26
0.55
0.02
0
0.61
4.52
7.98
4.96
6.02
0.11
0
0
0.01
0
1.03
5.8
3.89
4.41
8.3
0
0.16
0.2
0.59
0
0.01
0
0
0
0
0
0
0
0
0
0
0.4
0
0.91
0.17
0.74
4.1
6.3
2.41
1.83
4.31
3.7
3.18
15.68
21.98
5.96
5.46
9.6
0
0.08
0.69
0.08
1.68
7.64
10.62
7.55
3.52
8.2
4.47
4.95
3.29
0.36
0
0
0.11
1.34
0
0
0
0
0
0
0
0.46
3.77
7.34
0.78
0.88
5.21
4.66
2.47
0.51
0.52
0
0
0
0
0.12
0
0
0
0
0
0
0
0.01
0
0
0.01
0.07
0
0
0
0
0.23
5.75
1.48
0.48
0
0.16
0
0
0
0.01
0.02
0.01
0
3.56
0.09
0
0
11.99
16.64
1.17
0
0
0
0
0
2.42
5.52
0
0.03
0.6
0.15
0.02
0.59
9.26
0.08
0
0.79
3.84
2.74
0.6
0
0
0
1.47
1.37
0
0.92
0
0
0
0
0
0
0
0
0
0.01
0.04
0.56
0.68
1.36
2.86
0
0
0
0.21
0
0.04
0
0
0
0
0
0
0
0
0.01
0
0.05
0.73
0
0.08
0
0
0
0
0
0.31
10.84
2.45
0
0
0
0
0
0
0
0
0
0
0.27
0.05
0.04
0.43
0
0
0
0
5.69
5.59
4.55
0
0
0
0
0
0
0
0
0
0
0
0
1.13
0
0
0
0.01
0
0
0.01
0
0.94
0
0
0
0
0
0
0.01
0.02
0.01
0
0
0
0
2.22
26.21
13.34
12.25
7.59
7.21
22.72
0
0.05
0
0.72
17.93
5.41
7.65
1.96
17.57
5.52
3
0
0.03
0.05
0.33
0
0.15
1.71
4.14
10.95
0.13
1.26
0
0.41
2.57
5.16
0.35
5.4
13.66
8.16
0.53
0
0
0.58
8.96
16.55
20.63
8.49
1.37
3.52
0
3.48
6.89
4.97
2.45
1.46
2.13
11.54
7.18
13.79
3.92
13.86
1.13
0
0
0
1.38
0.8
1.48
1.09
6.45
0
0.68
6.63
0.75
0
0.38
3.66
15.08
3.5
1.55
0.11
0
0.04
0
0
8.47
0.61
0.04
0.02
0.6
2.48
0
0.77
1.77
0.02
1.76
15.97
4.67
1.72
0
0.02
0
0
0.16
0.09
0
0
0
0
5.64
4.05
2.28
12.8
5.67
2.55
6.71
6.24
8.86
11.21
16.52
15.02
15.73
10.66
7.73
3.92
2.16
3.64
0.4
0
0.43
3.53
1.07
0.2
0.19
0.78
0.15
0
0
0
0.05
0.22
4.17
14.09
5.61
21.91
9.67
1.32
10.64
7.03
1.03
4.98
6.02
20.88
7.82
4.36
0.5
1.25
0.13
1.39
19.93
2.99
0
0.05
1.11
0.41
0
0.01
0
0
0
0
0
0
0
0
0
0
0
0.01
0
0
0
0.01
0
0
0
0
0
0
0
0
3.95
6.96
9.2
2.43
3.63
4.86
2.69
2.6
9.21
9.74
8.34
10.09
4.84
2.32
10.58
22.39
5.52
0
0
5.22
0.39
0
0
4.34
0.84
0.6
0
5.88
0.12
0.38
0.22
0.11
2.28
5.26
0
0
0.05
0.02
0
0
0.12
9.5
6.38
0.22
0
0
5.52
1.85
7.91
0
0.01
0
0
0.46
0.59
1.64
0
0.02
0.39
5.92
9.09
0.4
4.41
6.73
4.66
8.56
1.09
0
5.37
15.71
6.29
0.06
0
0
2.5
4.27
0
0.02
0
0
0
0
0
0.24
0
0.01
0
0
0
0
0
0
0.37
1.91
0
0
0
0
0
0
0
0
0.01
0
0
0
0
0.01
0
0.01
0
0
0
0
0
0
0
0.37
0.18
0
0
0
0
0
1.27
0
0
0
0
0
0
0
0
0
0.02
0.14
0
0.05
0.09
0
0
0
0.01
0.46
0
0.02
0
0
0
0
2.13
1.72
0.05
0
0
0
0
0
0
0
0
0
5.62
0
0.03
0.39
1.11
3.64
0.65
0
0
0
0
0.01
0.01
0.02
0
0
0
0.57
8.43
8.26
0.75
1.68
3.08
2.46
12.33
4.47
0.96
0
21.3
12.23
1.46
0.09
0
0
10.38
15.69
5.97
1.92
1.93
9.6
4.9
5.05
1.33
0.04
0.03
8.79
9.81
3.38
0.12
0.52
0.34
0
0
0
3.8
1.05
12.99
26.83
19.24
6.24
8.06
5.93
0.82
0
0.01
0.01
0
0.01
0.02
0.04
0.21
0.14
0
0.36
0.96
0.03
0
0
0
0
1.03
0.45
2.28
5.98
5.09
0.45
0
0.32
0.12
0
0
0
0
0
1.16
0
0
0
0
0
0
0
0
0
0
0.01
0
0
0
0.07
0.01
0.66
0.32
0
0
0
0.22
0.56
2.98
0.98
0.76
1.16
11.97
8.93
2.82
0.11
0
0
0.58
0
0
0
5.84
2.81
7.48
2.22
0.74
0.07
0.46
0.2
0
0
0.21
0
0.02
0
0
0
0
0.36
0.99
0.43
0
0.05
0.02
0.25
0.78
3.43
4.41
9.15
10.7
14.31
5.34
0
0
0
0
0
0
3.2
0.74
0.3
0
0
0
0.12
0
4.25
1.73
0
19.97
8.72
0.01
0
0
0.01
0.05
0
0
0
0
0
0
0
0
0
0
0
0
2.9
13.71
2.79
0.94
1.06
0
0
0
0.01
0.13
0
5.97
14.2
9.52
8.67
1.32
2.13
1.39
2.11
3.05
2.18
3.87
0.77
1.78
0.94
0.17
0
0
0
0.05
0
0
5.08
0
0.2
5.2
2.49
0.33
0
4.11
3.13
0
3.29
3.45
2.6
2.1
1.3
3.73
2.87
1.41
6.07
4.5
1.99
0
0
0
0
0
0
0
0
0
0
0
0
0
0
0.15
0
2.71
4.48
6.87
7.4
0.29
0.55
0
0
0.17
0.01
0.63
1.28
0
0
0.1
0.05
0
0
0
0
0
0
0.05
0
0
0
0
0
0
0
0
0
0
0
0
0.21
0
8.48
7.61
1.09
0.78
0.08
0
0
0
0
0
0.03
0
0.09
0.09
0.07
0.09
0
0
0.17
0
0
0
0
0
0.64
0.29
0.27
0
0.48
0.66
0
0
0
0
0.38
0
0
0
0
0
0.03
0
0
0
0
3.78
0.12
0.19
0
1
0
0.11
0
4.87
7
0
1.43
0
0
0
0
0
0
0
0.01
0
0
0
0
0
0
0
3.52
0
0.01
0
0
0
0
0
0
0.88
0.04
0
0
0
0
0
0.05
0
0.01
0.01
0.02
0.2
1.06
0.81
0
0
0
0
0
0.57
4.15
2.58
10.24
3.14
0
0
0
0
0
0
0
0
8.24
2.14
7.77
2.82
0.7
4.68
8.93
4.11
0.36
0
0
0
12.22
27.51
14.19
22.83
1.23
0.16
3.1
0.51
0.27
0
2.46
8.31
17.19
0.79
0.1
0
0
0
0
0.02
0
0
0
0.1
0.26
0
0
0
0
0
0
0
0.01
0.02
0
1.42
0.08
0.06
0
0.09
0.02
1.59
1.95
0
0.12
0.46
0.84
0
0
0.02
0
0
0
0
0
0
0.3
0
0
0
0
0
0
0
0
0
0
0
0
0
0
0
0
0
0
7.74
1.63
0
0
0.06
0
0.56
0.82
10.91
10.38
6.11
12.79
7.4
2.39
4.46
11.52
9.36
8.1
5.18
1.76
0.84
4.14
2.5
3.13
7.6
3.27
0.81
4
9.29
2.83
2.34
0
2.42
7.17
1.13
0
0
0
0.09
1.81
10.06
0.4
0
0.01
0
0
0.02
0
0
0
0.02
9.51
2.07
0.73
0.04
0
0.15
11.38
0.27
0.15
1.98
20.61
11.78
0.71
0
0.04
0
2.39
6.59
2.75
1.16
0
3.09
1.91
1.02
6.74
13.59
3.36
0.97
0.02
0.52
0
0.01
4.7
3.69
14.25
3.39
0.16
0
0.03
0
5.95
2.73
0.24
0
0.21
0.34
5.9
10.13
2.92
0.39
5.62
0.3
0
0.01
0.01
0
0.02
0.01
0
0.09
0
16.31
2.32
0
0
0.69
7.12
1.09
4.42
4.5
2.91
0.79
0
0.01
0
1.48
0.86
0
0
0
0
0.05
0
1.45
0.05
0.01
1.9
8.24
2.65
0
2.18
2.04
0.87
0
0
0.19
1.17
0.77
0
0
0
0.02
0
0
0.02
0.02
0
0.01
0
0
0.02
0.38
2.55
0.85
0.13
0.23
0
0
0
0
0
0
0
0
0
0.03
0
0.03
0.01
0
0.01
0
0.01
0
0.01
0
0
0
7.94
1.29
0
0
0
0
0
0.28
0
0
0
0
0.09
0.02
0.01
0
1.16
0.61
0
0
0
0
0.05
1.75
6.94
12.29
2.12
0
1.73
1.8
0.23
0
0.66
0
0
0
0
0
0
0.04
3.39
4.66
1.03
5.77
6.96
0
0.02
0
0
0.96
0.08
0.02
0
0
0
0
1.59
0.02
0.02
0
0
0
0
0
0.02
0
0
0
0
0
0
0
0.01
0
0
0
0
0
0.04
0
0
1.21
0.55
0.06
0
0
0
3.62
10.36
12.12
7.64
3.4
2.38
9.02
1.55
5.96
2.21
0.6
0.54
0.19
0.02
0.02
0
13.25
3.13
0
0
0.01
0
0
0
0
0.43
0
0.04
7.49
5.41
5.71
1.02
1.15
9.08
1.48
0
0
1.05
1.29
0
0.63
4.09
1.02
0.27
4.78
1.18
13.97
22.34
18.14
3.41
0.74
1.19
0.06
0
0.05
0
0
0.7
0.1
0
0.19
0
0
0
0
0
0
0
2.85
0.72
0.41
2.69
3.45
4.04
5.23
13.83
5.83
11.05
1.6
0.15
0.24
0.05
0
0
0
0
0
0
0
0
0
6.83
4.03
0.08
0
3.47
3.52
0.32
0.01
0.01
0.31
0.56
0.01
0
0
0.02
3.06
1.95
0.5
0.1
1.88
23.05
11.63
5.83
15.48
16.59
4.12
0.3
0.01
0
2.18
20.85
1.72
9.46
10.46
5.62
4.97
1.8
5.95
0.89
1.41
0.07
1.21
7.48
24.01
5.39
4.6
18.42
12.85
2.42
0.24
0
7.88
5.21
0.2
3.16
0
0
0
0.02
0
0.11
0
3.91
11.92
9.49
1.24
0.32
2.76
3.62
4.5
0.02
0.02
0
0
0
0
0
0
0
0
0
0
0.26
0.07
0.01
2.05
12.25
7.52
22.24
12.89
0.36
0
6.72
8.17
7.61
6.48
2.38
4.88
2.11
8.25
1.04
1.18
0
0
0
0
0
0.02
4.61
0.4
0.13
0
0
1.09
4.95
4.93
7.36
0
11.77
8.02
3.7
0.41
0
0
0
0
0
0.01
0.02
0
13.89
12.7
20.17
9.25
2.16
8.37
4
0.8
0
0
1.38
0.09
0
0.2
2.13
9.45
0
0
0
0.05
0
0
0
1.59
0
0
0.17
0.59
0.55
0.04
0
0
0.01
0
0
0.01
0
0
0
0
0
0
0.03
0
0
0
0
0.26
0.7
1.32
0
0.01
0
0
0.06
0.07
0
0
1.01
1
1.03
0
7.54
0.12
0
0
0
0
0
0
0
0
0
0
0
0.01
0.02
0
0
0
0
0
0.05
0.34
10.33
18.63
6.26
5.54
0
2.82
0.2
5.32
4.44
1.68
0.15
0
8.28
8.48
7.46
14.54
1.92
0.73
8.72
0.72
0.03
0
0.01
0
0
0
0
0
0
15.47
4.1
0.09
0
0.03
0.02
4.42
0.98
0
0
0
0.01
0.04
2.45
5.05
1.34
0.05
0
7.28
11.83
12.12
4.05
0.04
1.4
0.07
0
0
0
0
0
0
0
0
0
0
0
0
0
0.6
2.09
1.73
0
0.43
32.42
12.39
0.65
2
0.07
0.48
0
0.09
0.36
1.06
4.28
19.73
9.05
5.44
3.65
1.02
0
0
0.09
0
0
0.03
0.12
1.71
0.68
1.35
0
0
0
0
0
0
0
0.09
0.02
0.04
3.86
0.23
0.23
0
0.16
0.71
0.08
0.57
9.27
10.15
2.52
2.9
4.58
5.74
10.79
1.45
5.62
21.88
14.86
4.42
0.91
6.11
12.97
12.6
15.75
11.46
3.73
2.52
5.47
4.26
0.71
0.26
0.05
0.4
8.38
0.29
0
0
0.63
6.33
10.66
3
1.16
2.2
0.5
0.73
2.85
0.18
0.02
3.01
1.76
2.89
0.75
0.01
0
0
0
0.77
1.55
1.01
1.08
0.76
0.09
0
0
0
0
0
0
0
0.02
0.09
0.3
0.21
0
0
0.47
0
0
0
0
0.27
3.7
1.61
1.01
0
3.86
3.76
1.35
0.84
0.01
0
0
0.09
0.07
4.32
0.71
0.35
3.16
2.45
0
0
0.11
1.24
0.63
0.48
0
0
0
0
1
8.29
2.11
0
0
1.06
1.05
0
0
0
0
0
0
0.01
0
0
0
0
0
0
0
0.51
0.5
0
0
0
0
0.04
2.75
3.2
6.45
3.12
3.29
4
1.82
2.88
2.88
0.15
2.66
5.62
2.72
0
0
0
0
0
0
0
0.02
1.19
0
0
0
0.37
0
0
0
0
0
0
8.55
2.78
3.26
9.52
0.9
0.18
2.66
0.67
0
0.08
0
0
0.05
1.46
0
0
0
12.33
4.29
0.17
0
0.08
0.02
0.02
0
0
0
0.03
0
0
0
0.74
0
0
0
0
0.17
0
0
3.95
0
0
0
0
0.06
0
0
0
0
0
0
0
0
2.37
0.07
22.25
15.95
6.18
16.53
0.02
0.05
0.02
0.02
0
0
0
0
0
0
0
0
0
0
0
0
0
0
0
0
0.02
0.04
0
0.04
0
1.3
0
0
0
0
0
0
0
0
0
0
0
0
0.04
0.05
0
0
0
0
0
0.01
0
0
0
0
0
0.02
0.95
0.63
0.91
5.25
0.28
0
0
0
0
0
0
0
0
2.1
10.88
2.32
2.28
3.86
0
0.2
0
0
0
0
0
0
0
0
0
0
0
0
0
0
0
0
0
0
0.01
0
0
0
0
0.41
7.49
0.86
0
0.01
0.26
10.03
4.34
3.93
0.9
1.2
0.52
9.28
1.88
14.34
0.62
0
0
3.73
0.7
0
0
2.85
4.21
1.41
0
0
0
0
0
0
0
2.38
14.7
0.54
0.16
0
0.06
0.02
0
0
0
0
0
0.01
0
0
0
0
2.07
3.7
0.74
3.49
1.7
0.68
0
0
0.01
0
0
0.05
0
0.05
0
0.47
0
3.21
2.8
3
1.25
0
0
10.43
4.88
11.82
11.57
1.55
7.15
10.45
3
2.4
3.5
0
0.01
2.4
1.5
0
0.02
0.04
0
0
0
0
0.02
0
3.62
0.94
0.47
0
0
0.08
7.48
0.84
0.04
0
0.1
0
0
0
0
0
0
0
0.01
0.1
0
0
0
0
0.01
0
0
10.41
3.52
0.05
0
1.1
2.03
3.76
0.38
3.76
9.29
15.82
22.57
0.75
0.45
0
0
0
0
0
0
0
0.15
1.63
0.02
6
9.44
5.47
7.55
0
9.99
2.77
2.98
1.4
0.07
0.4
0
3.47
0
0
0
0
0.18
0.02
0
1.48
36.8
8.45
1.14
0.05
0
0.19
3.18
7.04
12.89
3.65
0.06
0
0
0.17
9.22
13.89
5.17
0.09
0
10.39
28.85
6.75
4.47
9.17
10.64
3.84
12.27
2.34
3.36
3.95
13.01
5.97
18.95
6.1
1.84
1.13
1.25
0.8
0.05
3.18
2.16
16.73
12.45
8.36
4.63
4.45
4.52
6.64
5.87
11.05
1.76
0.3
13.25
2.93
0.01
6.41
0.63
0
0
0
0
0.88
0.36
6.27
0.83
0
0
0
0
0.15
4.45
9.38
5.59
4.97
0.27
0
0.04
0.02
0
0.02
0
9.46
2.34
10.69
4.27
9.48
0
0.01
0
0
0
0
0.03
0
0
0.56
0
0
0
0.05
0
0
0
0
0
0
0.02
0.03
0.06
0.03
0
0
1.31
0
0
0
0
0
0.01
0
0
0
0
0
0.93
0.08
0
0
0
1.69
0.02
0
0
0
0.02
0.2
0
0
4.34
15.56
3.59
0.13
0
0
1.23
1.29
0
0
0
0
0
4.2
1.28
0.69
27.24
1.74
0
0
1.15
0.73
0
0
0
0
0
0
0
0.07
0
22.1
1.34
0
2.03
1.48
1.82
0.16
0
0
0
0
0
0
0
0
0
0.01
0
1.33
0.01
0.02
0
0
0
0
0.01
0
0
2.91
9.09
5.54
1.71
0.11
1.41
0.41
0
0.3
0.09
0
0
0
0
0
0.01
0.12
0.2
0.99
0.69
0
0
0.75
3.59
6.27
2.14
0
6.53
2.82
9.93
3.66
1.27
0.12
0
0
0
0.01
0
0
0
0
2.17
0.16
0.01
0.02
0
0
2.05
5.15
2.48
4.36
0.68
1.5
2.07
11.96
5.85
0.67
3.11
0.02
0
0
0.61
0
0
8.77
5.63
0
2.27
1.01
5.18
5.71
3.24
6.85
4.93
0.41
0.64
4.53
2.76
0.08
0
0
0
0
0.6
0
0
0.99
10.03
11.66
32.77
14.4
12.16
8.97
2.37
2.03
0.95
6.12
5.88
25.19
0
1.44
0
0
4.04
4.02
0.44
0.14
1.13
0.04
0
0.08
0.36
0.13
0.42
0.8
0
1.02
5.68
2.29
4.63
16.49
8.05
7.15
5.24
0.45
0.12
0.12
2.72
2.12
1.06
1.22
4.01
0
0
0
2.73
1.17
0.12
0
0
0
0.04
0.01
0
0
0.15
0.34
0.67
0.01
0
0
0
0
0
0
0.22
3.96
1.29
3.23
0.02
0
0
0
0.03
0
0
0.24
0.63
0.13
0.67
0.1
1.36
0.06
1.29
0
0
0
1.76
6.46
3.11
3.16
0
0.05
0.68
0.4
0
0
0
0.05
4.23
5.01
9.27
0.47
3.7
0.99
0.78
7.37
0.55
0
0
0.05
0
0
0
0.01
0
0.16
0.52
1.06
0.02
0.09
1.46
0
0.21
0
0
0.02
0.01
0.02
0
2.51
12.8
15.43
0.79
5.35
2.01
0
1.5
3.58
3.81
1.07
0.01
0
0
0.39
0.08
0
0
0
0
0.08
0
0.55
0.03
1.04
0.04
0.05
0.01
0
0.01
0.01
0
0
0.07
0
0.02
0
0.03
0
0
0
0
0
0.81
1.42
11.66
2.54
7.27
0.02
0.15
0.99
1.45
1.71
0
0
0.28
0
0
0
0
2.92
0.66
0
0.14
0
0
0
0
0
0
0
0
0
0
0.02
0.02
0.03
0.95
0.11
0
1.45
0.17
0.75
21.48
7.55
10.22
6.77
1.67
0.95
2.76
0.5
0.05
0.09
1.27
0.32
0.01
0
0
0
3.77
20.24
22.36
20.94
3.1
0
5.88
4.27
0.16
0.02
0
0
6.29
1.76
0.45
0
2.55
8.22
2.35
1.05
1.93
9.64
3.48
16.03
2.32
0.06
0
0
0.56
1.14
5.84
2.53
0.07
0.09
0.07
0.35
1.61
8.71
4.01
0.25
0.04
0.42
3.04
1.69
5.55
14.5
3.73
0.28
5.39
0
1.02
0.21
0
0
0.02
0
0
0
0
0.45
0.16
2.93
2.87
0.89
0.14
0
0.02
0
0
0.02
6.25
6.07
4.32
0.43
4.29
3.8
0.16
0
0.34
16.18
7.7
0.14
0.54
0
0
0
0.01
0
0
0
0
0
0
0
0
0
0
5.54
8.94
12.18
1.81
0.2
0
1.77
0.19
0
0.07
0
0
0
0.09
0
0.48
0
0.36
0.04
4.72
3.67
1.25
19.47
6.57
0.55
1.5
3.3
4.35
1.8
0.24
0
0
0
0
0
0
0
0.22
3.18
0.27
0
0
0.01
0
0
0
0.88
0.42
0
0.78
0.56
2.94
0.85
0.57
0.15
0
1.11
0.58
0.01
0
0
0
0
0
0.11
0
0
0
0
0
0
0
0
0
0
0
0
0
0
0
0.48
0
0.12
0.02
0
0.01
0.19
0.17
0.26
6.78
3.49
0
1.57
10.3
0.02
0.01
0
0
0.08
0
0
0
0
0
15.48
4.67
0.91
0.19
0
0
0.02
0
0
0
0
0
0
0.18
12.71
9.48
0.16
0
0
10.3
0.24
0
0.08
5.59
0.69
4.42
1.29
1.77
0.27
0.11
0
0
1.17
0
0
0
0
0.02
5.57
2.91
13.92
15.18
10.24
1.58
0
0
0
0
0
0
0
0
0.01
0.14
1.17
1.67
17.57
7.27
3.34
6.9
0
0
0
18.1
5.7
4.59
3.16
0
2.77
12.36
4.03
0
0
0.01
0
0
0
0
0
2.25
0.19
0
0
0
0
0
0
0
0
0
10.65
5.45
0.48
0.04
0.07
3.04
11.68
2.35
1.73
1.62
0
0
0
0.01
0.02
0
0
0
0
0
0
1.71
0.02
0
1.69
0.43
1.48
0
0
0
0
0
0
0
1.97
10.58
1.96
0.01
0.18
0.11
0
5.09
0.5
0.93
0.33
1.04
2.36
0.23
1.77
0.16
0.77
0.44
0
0
0
0
0
0
0.01
0
0
0.32
2.39
0.66
0
0
0
0
0
0
0
0
0.03
0
0.02
0
0.01
0
0
0
0
0.01
0
0
0.04
2.55
0
0.87
0.13
0.01
0
0.01
0
0.02
0.22
3.38
0.7
3.11
1.48
3.46
3.42
10.7
0
1.84
9.97
5.38
0
0
0
0
0
0
0
0
0
3.16
5.65
1.97
8.04
8.46
3.17
15.54
7.06
0
0
0.01
0
0
0.01
0
0
0
0
0
0.04
0.1
0.3
0
0
0
0
0
0.02
0
0
0
0
1.38
0.08
0
0.01
0.01
0
0
0
0
0
0
0
0
0
0
0
0.2
1.41
14.25
11.6
5.89
18.41
10.52
10.33
7.3
0.48
0
0
0
0
0
0
0
2.04
1.12
9.66
8.03
5.83
6.76
7.33
0.17
0
0
0
0
0.04
0.08
0.16
0
0
0
0
0
0
0.12
4.31
2.27
0.97
6.06
1.34
0.69
1.18
0.21
7.11
2.36
1.2
0.43
11.28
0
0
0
0
7.45
9.68
2.91
2.45
3.96
2.76
1.8
0.46
9.84
1.25
0
0
0.25
0
0
0
0
0.09
1.02
2.7
0.32
0.75
0.87
0
0.04
0.13
1.73
7.04
4.89
5.18
2.57
0.2
0
0
0
0.1
2.3
18.87
6.04
6.5
2.38
1.04
3.97
3.12
1.98
1.23
0.2
0
0.01
2.3
20.93
2.76
0
0.02
0
0
0.31
6.59
9.52
2.94
2.65
0.91
5.35
0.42
0
0
0
0
0.61
3.65
0.02
0.73
0.35
1.92
4.69
1.67
15.22
8.21
0.31
0.79
9.39
5.47
1.69
1.27
0.49
0
0
0
2.32
0.09
0
0
0
1.57
0
0.01
0
12.06
0.64
0.02
0.02
0
1.1
21.62
6.2
0
0.12
0.68
0.08
0.01
0
0
0
1.17
0.05
0.51
0
2.48
0.77
0
0
0.61
5.41
6.73
14.47
6.02
5.51
0.22
12.59
1.53
0
0
0
0
9.14
0.97
11.43
2.02
0.03
0
0
0
0.19
14.76
8.19
1.02
0.01
0
0
0
0.03
0.02
4.15
7.88
2.81
0
0
0
0
0
0
0
0
0
0
0
0
0.24
0
0
0
0
0
0
0.01
0
0
0
0
0
0
0
0
0.11
2.16
0.01
0.14
0
8.9
18.05
7
0.36
0.02
0
0
0.08
0
0
0.01
0.01
0
0
0.13
0.01
0.18
0
0
0.02
0
0
0
0
0
0
1.26
1.17
6.36
0.57
0.16
0
0
0
0.01
0
0.05
0
0
0
0.2
0.57
0
0
0
0.01
0
1.75
1.53
0.6
0
0.22
0
1.85
0.3
0.16
0
0.92
0
1.75
5.88
0.09
0
1.39
10.22
0.98
0.02
0
0
0.01
0
0
0.09
0
0
0
0
0
0.2
0
0
0
0
0
0
0
0
0.04
1.21
17.33
3.73
26.65
2.35
4.29
0.8
0.46
0
9.96
3.12
0
0
0
0
0
0
0
0
0
0
0
0
0
0
0
0
0.04
0.09
0
0
0
0
0.02
0
0
0
0.18
0.12
3.11
7.35
0.08
0
0.03
0.01
0.01
0
0
0
0
0
0
0
0
0
0
0
0
0.05
0.04
0.02
3.39
2.36
2.8
8.02
0.73
0.29
4.18
0.56
0
1.24
0
0
0
0
0.14
0
0
0
0
0
0
0.22
2.75
12.79
2.5
0.42
9.1
2.01
6.27
1.1
0.01
3.75
0.19
0.03
0
0
0.14
0.02
0
0
0.09
0
0.92
0
0
1.41
7.3
5.42
5.47
0.91
1.24
0.29
0.52
6.78
1.98
2.85
3.35
2.21
0.14
0.2
0.6
1.76
6.38
2.09
3.17
0.03
0
0
0
0
0
0
0
0.03
11.85
0.6
1.49
3.09
0
4.05
8.98
3.84
0.71
0.04
0
0
0
0.01
0
0
0
0
0
0
31.65
2.41
0.63
2.48
37.23
0
0
1.17
3.6
0
0
0.02
0.42
0
0
0
0
0
0
0.89
0
1.31
11.45
0.6
0.15
0.62
0.12
0.55
0.18
2.88
11.66
18.89
4.73
2.4
6.8
2.3
0
1.61
6.88
24.8
5.6
1.64
3.45
1.88
7.42
0.39
0.03
0
0
0
0.37
14.2
3.58
8.34
1.15
3.13
2
7.95
5.85
10.75
0.05
0
0.13
14.03
5.11
1.57
3.05
8.02
0.61
0
1.22
0.21
0
0
0.01
0
0
0
0
0
0
0
0
0
0
0
0
0
0
0
0
0
0
0.01
0
0
0
0
0
0
0
0
0
0.01
0
0
1.27
1.15
0
0
0
0
0.44
0
0
0
0
1.52
21.82
0
0.02
0
0
0.3
16.71
2.51
0.4
0.01
0
0.02
0
0.19
0.05
0
0.02
0
0
0.57
2.16
0.09
4.08
9.37
12.43
10.08
2.57
0
0
0.01
0
0.97
15.59
7.18
0
0
0
0
0
0
0
0
0
0
0
0.92
10.16
3.65
1.05
0.04
0
0
0
0
0
0
0
0
0.04
0.08
0.55
3.77
6.37
0.92
0
0
0
1.8
0
0
0
0
0
0.13
0.23
0
0
0.34
0.23
0.51
0
0
0
0
0
0.07
0
0
0
0.54
4.7
0.26
0
0.68
5.16
0.23
0
0
0.38
1.99
0.66
0
0
0.11
1.57
0
0.27
9.8
0.32
1.25
4.05
1.79
0.91
0
0.02
0
0.01
0.04
0.39
2.3
6.7
6.38
0.85
13.3
0.32
1.71
0
0.11
0
0
0
0.01
0
0
0
0.03
0.01
0
0
0
0
0
0
0
0
0
0
0
0
0.02
0
0
0.01
0
0.02
0
0
0
0.01
0
0
0
0
0.04
0
0.29
0.31
0.91
9.35
5.4
1.63
1.06
3.34
8.46
8.6
14.94
4.22
0.09
0
0.62
1.7
0.25
0
0.01
0.02
0.03
0.04
3.71
6.84
3.7
0.27
0.04
0
0
0
0
0
0
0
0
0
0
0
0
0
0.04
7.13
7.87
0
0.3
0
2.36
0.57
0.79
1.21
0.08
0
0
0
0.11
0.7
2.35
0.66
0.04
0
0
0
0
0
0
0
0
0
12.78
34.24
10.88
0.89
0.02
0.02
0
0
0
0.71
0.07
0
1.32
1.88
7.29
2.5
1.3
0.34
0.69
3.32
0.7
0
0.46
0.68
1.77
3.27
0.32
0
0
0.01
0
0
0
0
0.61
6.07
12.01
2.29
0.46
0.07
1.17
0
0
0.01
0
0.8
0
0.03
0
0
0
0.64
0.82
0
22.16
18.02
5.35
0.58
0
0.32
0.96
0.06
0
0
0.38
0.05
4.78
0.81
0.01
0
1.13
5.48
2.23
0.5
1.02
2.62
10.05
0.57
1.46
1.43
0
5.4
0.34
1.21
7.17
1.05
0.25
4
0.2
2.49
5.42
7.78
5.63
1.33
0.02
0
0
0
2.16
5.11
1.08
0
0
0.87
2.6
0
0
0.13
3.62
22.26
6.95
0
0
2.91
0
0.04
0
0.02
0.04
1.75
0.11
0
0
0
0
0
0
0
0
0.01
0
0.05
3.85
4.22
1.86
0
0
0
0.46
0.02
13.2
0
0.46
3.48
0.53
5.45
18.72
12.02
0.97
0.07
0.07
0
0.1
0
0
0
0
0.84
0.74
1.12
0
0.66
12.09
0.73
0
0
0.03
0.02
0
0
0
0
0.02
0
0.5
3.34
6.54
12.51
1.26
1.01
5.28
5.36
1.92
1.68
2
0
0.08
0.01
0.03
0.98
7.21
24.84
11.13
1.43
4.32
0.54
0.69
0
1.14
1.13
1.16
0
0.14
2.24
6.42
1.39
0.4
6.26
3.72
0.04
0.08
0.5
1.5
1.55
1.3
0.61
0.25
5.86
2.93
7.93
25.48
6.92
4.77
0.9
0.04
0
0
0
0
0
0
0
0
0
0.02
0.02
0
0.04
0
0.01
0
1.2
2.36
0.39
1.49
1.07
4.14
10.74
6.32
1.13
0
0.01
0
0.02
0.07
0.63
0.02
0
6.53
10.33
18.12
5.7
0.36
0.25
0.1
4.35
5.46
0.05
0
1
3.48
20.73
17.66
14.48
11.23
0.7
0.09
0.5
10.71
4.46
0
0.55
5.9
2.76
1.05
10.41
18.16
3.94
0.44
0.04
0.73
0.78
13.53
8.01
7.13
5.34
0.68
3.2
3.01
10.55
8.99
3.2
3.89
3.13
1.02
3.46
7.11
3.98
0.47
0.71
0.04
1.06
2.79
5.98
9.9
4.88
1.76
0.48
0
0
0.13
4.24
10.33
20.72
5.51
1.58
7.73
4.43
0.7
0.43
1.11
0.71
0
0
0
0.01
0
1.63
0.02
0
0
1.56
11.43
7.07
0.05
0
0.01
0.02
0
0.1
8.81
2.12
0.52
19.17
9.93
4.66
0.06
1.01
0.4
0.91
0.45
0.88
0.1
0
0.99
0.72
0.29
0
0
2.05
0.9
0.01
0.05
0.09
0
0
0
1.31
1.07
1.77
0.55
0.28
0
0
0
0
0
0
0
0.3
0.71
6.29
1.43
3.57
0.27
1.74
4.13
2.03
1.1
0.55
0
0
0.01
0.09
7.41
0
0.4
0.68
2.76
0
8.34
3.98
0
3.62
3.78
0.88
2.34
4.54
0.46
0.2
0.05
1.86
10.85
3.46
11.24
1.74
0
0
0
1.47
0.56
0.1
7.46
1.66
2.69
20.23
2.73
0.35
0
0
1.51
0.24
4.47
3.47
1.3
11.87
1.85
0.03
0.01
0.01
0.2
6.27
0.57
0.08
0
0
0.01
0.04
0
0
1.18
1.13
5.01
0.29
0.01
0
0.45
6.8
14.28
0.03
0
0
0.01
0
0
0.39
1.02
1.38
0
1.91
0.77
6.19
8.85
0.36
0.08
0
1.35
6.04
0
0.3
0
0
0
0
0
0.33
0.23
0
0
0
0
0
0.09
2.84
5.16
0.82
0
0
0
0
0
0
0
0
0
0
0
0
0.03
0.64
0
0.34
0
0.01
0.01
0
0.01
0
0
0
0
0.13
0.48
12.37
0.94
0
5.12
0
0.16
1.27
5.16
0.51
0
0
0
0
0
0
0
0
1.55
23.04
8.3
9.33
10.46
0.47
0.03
0.02
0.1
0
0.49
0
0
7.89
3.54
10.11
2.75
5.97
1.99
0.28
0.73
0
0
0
0.02
0.01
0
0.02
0.02
0
0.02
0.08
0.49
0.12
0
0.01
0
0.04
0
0
0.02
0
0.02
0
3.43
0.8
4.77
1.42
0.01
0
0
0
0
0.54
3.56
5.1
12.18
3.8
0.81
0.87
3.36
4.33
2.37
35.75
10.82
1.43
0.83
0.96
0.79
0.05
0.07
0
1.2
0.43
0.39
0.68
1.38
7.42
0.54
0.85
0.02
0.03
0.12
0.07
9.86
1.93
0.35
0
0
0
0
0
0.02
0
0.02
0
0.04
0
4.92
6.77
2.64
2.02
1.84
0.72
0.63
1.98
8.16
1.73
4.52
1.34
1.09
3.61
6.92
0.96
3.51
16.24
2.2
0
0
0
0
0.01
0.01
0.02
0
0.17
0.79
2.31
7.97
2.84
0
0.12
0.13
6.11
6.84
1.16
6.61
10.85
2.06
0.72
1.72
4.27
7.67
21.84
12.7
17.76
7.64
4.77
16.4
12.05
5.68
0.8
0
0
0.02
0
0.03
0.14
13.99
1.36
0.22
0.09
3.62
0.7
0.08
0.07
0.07
0.16
0.01
0.01
0
0.01
0.2
0
0
4.57
0.38
0.13
4
2.83
0
8.73
1.15
0.42
0.41
0.1
0.95
3.24
4.38
0.61
0
0
0
0
0
0
0
0.11
0.2
0.08
4.22
2.22
18.76
7.87
5.91
10.33
7.92
5.38
0.25
0.65
3.19
6.66
1.15
0.21
0.12
0.99
1.04
0.27
0.02
0
0
0
0
0
0
0
0.08
7.36
11.58
12.02
17.22
4.1
1.15
0.42
0
5.5
4.33
1.15
0.07
0.08
0
1.27
0.07
0
0.67
1.28
0.11
0.45
0.17
0.85
0.13
7.01
0.03
0.72
6.32
1.8
5.95
4.29
0
0
0.04
0
0
0.02
0.01
0
0.74
2.02
2.12
0
0
0
0.03
0
0
0
0
0
0
0
0
0
0
0
0
0
0
0
0.01
0.01
0.01
0.02
0
0
0
0
0.05
0.04
0
0.05
0.01
0.03
0.01
0
0
0
0
0
0.01
0
0
2.14
0.15
0
0
0
0
0.93
1.1
0
0.26
0
0
1.9
0
0
0.28
0.71
0.05
0
0
2.88
0.77
2.25
3.95
0.75
0.1
0
0
0
0
0
0
0
0
0
0
0
0
0
0
0
0
0
0
0
0
0
0
0.01
0.05
1.78
0.7
0.04
0
0
0
0
0
0.01
0
0
0
5.64
0.66
0
0
0.78
0.09
0
0
0
0
0
0
0
0
0
0
0
0.07
0
0
0.02
0.09
0
0
0
0.44
1.38
0.05
0.04
0.32
0
0
0
0
0
0
0
0
0
0
0.02
0
0.02
0
0.62
2.01
0.1
0
0.01
0.65
7.85
15.82
2.86
0.24
1.09
8.01
11.38
3.81
3.1
10.75
10.91
16.8
3.21
6.19
1.2
0.68
0.44
1.01
1.87
0.91
0.61
7.43
9.34
5.12
5.14
5.91
2.41
2.02
13.74
3.32
1.02
0.83
19.05
2.95
0.59
1.59
4.07
0.2
1.12
3.32
0
0.18
0.03
0
0
0
0.58
8.96
10.48
2.24
10.05
1.23
0
0
1.43
11.53
29.73
16.09
2.71
0
1.01
2.05
9.5
2.21
20.2
9.27
5.73
9.04
3.36
11.21
18.88
10.48
13.34
9.3
10.8
3.64
1.66
0.01
0.1
0
0
0
0
0.77
0.13
0.27
0
0.23
3.18
0
0
0
0.2
0.26
3.07
8.11
5.98
0.58
0
0.01
0
0.59
3.18
0.86
3.21
4.86
11.1
7.52
5.63
3.52
1.29
3.55
3.63
16.7
7.96
2.61
3.26
0.56
0.51
0.05
0
0.12
1.88
8.77
8
0.83
0.05
2.61
11.82
7.34
2.56
1.23
8.73
9.43
0.48
0
0
0
0
0
0
0
0
0.03
0
0.2
0
0
0
0.01
0
0
0.27
0
3.23
1.97
3.86
8.86
0.17
0
0
0
0
0
0.13
0
0
0.02
0
0
0.01
0
0
0.02
0
0.42
0.39
1.22
1.36
26.87
24.84
10.52
0
2.27
7.79
0.44
0.5
1.65
5.02
3.74
0.04
0
0
0.14
0.22
0
0
0
0
0
0
0
0
0
0
3.14
0.28
8.98
7.09
1.57
0.34
10.31
0
8.64
0
0
0.09
0
0
0.05
3.13
3.25
1.38
0.05
0
0.06
0
0
0.29
0
0.02
0.03
0
0.06
0
0
0.02
0
0
0.02
0.04
0
0
0
0
0.39
0
0
0
0
0
0
0
0
0
0
1.07
0
0
0
0
0
0
0
0
0
0
0
0.04
9.55
1.31
0.42
7.05
2.7
2.95
0.46
0
2.88
7.9
1.19
0.02
1.87
1.61
0
1.61
1.5
1
2.75
2.58
2.88
2.49
7.18
0
0.1
0
0
0
0
0
0
0
0
0.02
0
0
0
0
0.38
3.68
1.31
0
21.88
1.12
3.05
26.66
6.9
11.52
22.16
0.47
0.46
0.01
0
1.21
4.5
6.12
2.9
1.13
7.35
14.13
23.13
9.04
0.8
0
0
0
0
0.3
0
0
0.63
0.68
0.16
3.69
0.13
1.08
2.8
10.15
13.59
1.61
0.02
0.84
0
0.37
0.85
0.04
0
1.25
0.23
0
0.01
0
0
0
0
0
0
0
0
0
0.34
0.15
1.09
0.22
0.98
0
0
1.28
0.62
0
0
0
0.09
0.34
0.47
0.13
2.58
6.92
9.81
5.91
0
0.11
0
1
0.95
0.47
0.1
0
0.02
0.73
0.12
0
0.21
2.05
4.58
5.31
0.3
0.61
2.46
0.14
0.13
0.27
0.27
0.35
0.51
1.7
0.05
0.23
0.21
0.95
0.03
0
0
0.61
0
3.57
4.3
0.3
0
0
0
0
0
0.05
0.02
6.37
0
0
0
0
0
0.55
0.14
0.02
0.71
1.21
1.27
0.69
1.39
1.08
1.36
7.29
9.05
0.88
0.02
0.25
0.01
0.17
2.55
4.27
0.49
0.45
0
0.03
0
0
0
0
1.18
0.82
0.2
0
0
1.78
11.63
4.67
17.53
5.7
0.47
0
0.88
0
0.16
1.96
1.2
1
0
0
0.43
0.01
0.23
0.01
0
0
0.82
0.07
0.09
0.02
0
0
3.62
1.73
0.46
1.25
3.99
0.22
0.39
0.01
0
0.31
0.35
0.01
0
4.17
7.17
4.27
2.18
1.06
1.45
13.52
2.66
13.58
11.66
0.08
0.02
0
0
0.45
14.49
5.34
7.77
0.07
0.03
0.14
0
0
0.11
0.54
0.39
0.05
0.16
2.49
3.98
6.8
0.45
1.07
1.62
0.02
0.04
0.13
0.45
0.09
0.49
0.66
0.51
5.6
7.49
0.71
19.1
8.41
5.79
1.51
0
0.49
0
0
0
0
0
0.02
0.54
0
0.17
0.01
0
0
0
1.96
0.54
0
0.01
0
0
0
0.4
1.08
0.99
0.37
1.75
0.47
0.07
0.8
2.53
0.44
0
0
0
0.75
0
0.72
0
0.44
0
0
0
0.01
0.01
0.04
0
0
0
0
0
0
0
0
0.01
0.09
0
0
0
0
2.36
0.14
0.02
0.59
11.38
1.09
0
0
1.88
0.18
1.27
0.03
0.86
0
0.12
0
0
0
1.64
0.03
0
0.19
0
0.02
0.22
7.08
0
0.01
0
0
0
0
0
0.93
1.18
0.39
6.02
4.51
0.59
0
0
0
0
0.02
0.54
5.3
0
0.76
0.15
0.34
0.8
0.42
0
0
0.2
1.98
0.23
0
0
0
0
0.77
4.86
16.76
3.21
0
0
1.52
0
1.25
0
8.2
1.75
0
0
0
0
0
0
0.88
1.2
0.48
2.32
1.06
2.21
5.3
25.76
1.06
2.91
1.42
4.99
0.23
0
0.72
0.71
0.15
0
0
0
0
0
0
0.82
0.15
2.77
0
0.03
1.64
3.48
0.23
0.2
0
0
0.06
0
0
0
0.58
0.01
0.03
0
0.05
0
3.95
0.22
0.02
0.04
1.5
0.68
0
0
0
0
0.01
0.01
0.02
0
0
0
0
0
0
0
0
0
0
0
0.02
0.31
1.41
0.69
1.57
0.04
0.25
0
0
0.02
0
0.5
0.03
0
0
0
0.01
0
0
0
0.01
0
0
0
0
0
0.02
0.08
0.8
0
0
2.09
4.72
4.71
1.21
0
0.55
0
0
0
0
0.15
0.93
0.86
0.02
0.29
0
0.01
0.07
1.52
2.63
1.77
0.09
0
0
0
0.4
0
0
0.19
0
0.01
0
2.25
0
0.26
0
1.76
0.3
0.06
0.09
0.01
1.18
2.05
0.34
0
0
0.39
3.98
3.02
8.38
0.79
0.16
0.17
5.68
0.39
1.86
0
0
0
0.32
2.83
3.86
4.92
9.34
6.95
1.43
3.55
1.2
0
0.55
0.09
0.37
6.92
19.91
0.77
0.61
2.99
0.16
8.23
0.64
0
0
0
1.48
0.01
0.08
0
0
5.34
7.66
15.34
5.09
9.49
0
0
0.59
0
0
0
0
0
0
0.27
0
0
0.34
13.23
1.35
0
0.01
0.48
4.12
4.72
0
0
0.44
0.5
0
0
0
0
0
0
0
0
0
0
0
0.01
0
0
0
0
0
0
0
0.11
0.21
6.9
16.04
4.19
3.36
0.52
0.4
1.72
0.23
1.93
0
0
0
0
0.07
0.02
0
0
0
0
0
0.5
0.14
0
0
0
0
0
0
0
0
0
0
0
0
0
0
2.17
2.25
0.47
0.3
0.25
1.35
4.77
0.51
0.95
0
0.09
0
0
0
0
0
0
0
0
0
0
0
2.05
0
0
0
0
0.02
0.99
3.67
0.61
0.34
0.03
0.05
0
0
0
0
0.13
10.29
0.54
0
0
0.01
0
0
0.07
2.63
1.03
0
0.13
2.84
5.93
4.49
0
5.05
9.63
6.45
0
0
0
2.89
0
1.47
0
0
0
0
0.16
0
0
0
0
0
0
0
0
0
0.2
0
0
0.65
0.09
0
0
0.2
0.39
0
0
0
0
0
0
0
0
0
0
0
0
0
0
0
0
0
0
0
0
0
0
0
0
0.3
0
0.13
0.02
0.71
0
0
0
0
0
0.01
0
0.01
0
0
0
0
0
0
1.62
0.86
2.73
1.46
2.77
0
2
1.19
16.16
2.21
0
3.26
7.63
8.89
11
0.64
0.96
5.03
9.74
31.06
18.78
15.46
7.56
1.68
0
0
0
0.03
0
0
0
0
0.07
6.53
1.85
0
0.18
1.49
1.89
0.86
0.61
0.35
0.05
0.1
0
0.46
0.83
0.52
0
0
0
0
0
0
0
0
0
0
0
0
0
0
0
0
0
0.4
5.41
0.54
14.6
4.87
0.21
4.34
3.15
0.01
5.77
1.5
2.04
3.05
0.52
0.66
1.45
0.02
0
0
0
0
0
0
0.11
0
0
0
0
0
0.01
0
0
0
0.8
0
0
0
0.01
0
0
0
0
0
0
0.62
5.84
1.23
10.61
5.07
0
0
1.83
0.02
0.07
0
0
0
0
0.36
0.56
1.4
0
0
20.88
1.42
5.64
0.95
0
0
0.21
0
0
0
0
0
0
0
0
0
0
0.05
0.17
0
0
0
0
0
0
0
0
0
0
42.65
5.03
2.97
3.46
1.06
2.1
0.58
1.08
0
1.19
7.11
4.6
7.6
13.67
6.77
20.52
0.8
2.49
19.05
7.93
0.27
0
1.05
0.04
7.48
6.18
0
0
0
0.29
0
0
0
0.01
0
0.02
0
0
0
0
0
0.46
0
0
0
0
0
0.02
3.07
20.11
0.27
0
0
0
0
0
0.01
0.32
0.05
0
0
0
0
0.01
0
2.72
0
0
0
0
0.01
0
0
0.01
0.03
0
23.54
0.92
0
0
0
0
0
0
0
0
0
0
0
0
0
5.71
0.15
0
0
0
0
0
0.04
0
1.23
0
0.01
1.51
13.51
0.18
0
0
0.02
0
0
0
0
0.03
0
0
0
0.21
4.7
1.64
0
0
0
0
0.46
2.18
0.57
8.05
0.34
2.25
0
0.03
0.76
20.59
0
0
1.71
5.69
2.38
0.42
0.04
0
0
0
0
0
0
0.63
0.7
0.01
0
6.34
3.18
0.53
0
0.48
14.84
4.29
1.97
1.2
14.06
0.78
1.2
0
0
0.04
0
0
0
0
0
0
0
0.26
0.95
24.24
34.42
9.84
1.71
0.02
0
0.6
7.83
0
0.09
0.41
0.05
0.06
0
0
0
0
0.01
0
8.77
5.71
1.37
0
0
0
0
0
0.21
0.01
0.01
0.13
0.05
1.66
1.49
1.47
1.93
6.63
4.21
0
0.05
0.05
2.46
0.2
1.38
4.59
0.89
0.09
0.41
0.8
0.13
0.07
0.02
0.02
0
0
0
0
0
0
0
0
0
0
0
0
0
0
0
0
0.01
0
0
0
0
0
0
0
0
0
0
0
0
0
0
0
0
0
0
0
0
0
0.01
0.05
0.96
0.58
0.86
0.39
0.11
0.01
0
0
0.01
0
0.01
0
0
0.01
0
0.48
0
0
7.23
0.52
0.29
0
0
0
0
0
0
0
0
0
0
0
0
0
0
0.15
0.11
0
0
0
0
0
0
0.07
0.84
1.14
0.21
0.14
2.6
0
0
0.14
1.92
0.74
1
0.05
0
0
0
0
0
0
0
0
0.01
0.01
0
0
1.95
7.92
3.42
3.56
7.84
0
12.58
4.44
23.46
3.58
1.35
0.29
0.13
1.6
14.73
1.79
0
0
0
0
0
0.01
0
0
0
0.54
0.16
4.16
1.6
0.51
9.27
0.17
0
0
0
4.38
0.04
0
0
0
0
0
0
0
0
0
0
0
0
0
0
0
0
0
0
0.16
0.47
0
0
0
0
0
0
0
0
0
0.84
9.17
5.92
19.88
0.35
0.16
0.04
0.01
0
0.05
0
1.88
2.46
1.4
1.39
0
0
0
0.52
0
0
0
0
0
0
0
0
0
0
0
0.01
0
0
0
0.01
0
0
0
0
0
0
0
0
2.29
7.2
5.05
0.21
0.32
2.36
2.65
0
0
0.02
0
0
0.1
5.13
0
0
0
0
0
19.71
6.12
1.5
0.91
3.23
5.29
7.66
1.04
0
10.72
12.73
0
0
0
0
0
0
0
0
0
0
0
0
0
0.01
0
0
0
0
0
0
0
0
0
0
0
0
0
0.62
0.88
0
0
0
0
0
0
0
0
0
0
0
0
3.31
0.05
0
1.54
0
0
0
0
0
0
0
0
0
0
0
1.98
10.88
0
0
0
0
0.05
0.71
1.06
5.3
0
0.77
5.03
2.09
0.25
0
0
4.86
4.69
3.56
3.07
0.29
1.25
7.95
6.54
1.27
0.88
0
0.15
0
0.01
0
0
0
0
0
0
0
0
0
0
0
0.38
0
0.29
1.09
0.63
3.36
4.37
3.89
7.88
18.55
8.15
16.81
4.05
1.07
1.25
0
0
0
0
0
0
0.14
0
0
0
0.51
1.02
0.26
0.83
2.32
2.98
0.89
0
0
0
0
0
0.56
0.01
0
1.07
1.02
8.12
7.68
1.54
3.45
1.11
0.31
2.7
0.15
0
0.33
1.61
0.16
1.98
1.13
0.34
0
0
0
0
0
0
0
0.01
0
0
0
0.01
0
0
0.01
0.01
0.27
0.04
5.16
2.87
0
0
0
7.41
16.41
2.01
1.67
0
0.05
0
0
0
0.01
0
0
0
0
0
0.91
1.98
3.3
2.71
2.38
1.29
3.19
8.65
9.37
0.28
1.23
6.53
4.58
0
0.66
14.02
1.18
3.48
14.28
1.79
3.18
5.71
0
0.63
0
0
0
0
0
0.13
1.74
0.37
5.68
1.28
0.04
0
0.01
0
0
0
0
0.81
2.03
1.88
0.49
0.1
0.23
2.67
6.2
9.58
5.1
1.55
0.08
3.8
9.47
6.66
7.46
0
0
0
0
21.49
14.21
13.88
8.92
13.23
5.46
1.15
13.39
12.41
8.2
3.44
5.27
0.89
8.96
0
2.28
0.34
0
0
0.14
6.43
16.1
15.16
3.78
1.12
0.11
0
0
0
0
0
0
0
0
0.91
8.48
3.2
0
0.59
0.41
0
0
0
0.83
0
0.02
0
0
0
0
0
0
0
0.13
0.01
0
0
0
0
0
0
0.01
0
0
0
0
0
0.01
0
0
0
0
0
0
0
0
0
0
0
0.01
0
0
0
0.02
0
0
0.53
0
0
0
0
0.42
0.4
0
0
0.01
0.02
0
0
0
0.11
7.98
0.27
0
0
0.01
0
0
0.04
0
0
0
0.03
0
0.06
0
0
1.98
0
0
0
0
0
0
0.07
0
0
0
0
0
0
0
0
0
0
0
0
0
7.7
1.23
0
0.86
6.48
3.07
7.69
1.55
0.24
0.01
0.01
0
0
0
0
0.52
0
0.29
0
0
0
2.92
1.3
0
0.02
0
0
1
8.26
0
0.02
0
0
0
4.19
3
0.19
7.38
3
3.2
21.13
29.76
3.38
4.32
8.55
5.17
24.36
3.72
16.57
3.29
1.64
12.86
2.15
2.38
1.09
0.82
0.48
0
1.42
0.85
0.35
0
1.23
19.43
5.32
1.05
0.34
0.19
0.72
0.48
0
0
0.34
0
0.02
0.97
4.38
0.07
2.27
0
0.07
4.58
0.01
1.55
0.2
0
0.02
0.03
0.02
0.01
1.78
0
0
0
0
0
0.02
0
1.79
1.25
0.03
0.55
0.17
0.12
0.52
0.02
0
0.27
0.32
2.02
0.89
5.45
0.72
0.58
9.65
13.9
10.24
9.31
1.11
11.61
0.68
0
0
0.01
0
0
0
0
0
0.02
0
0
2.15
6.13
8.35
11.12
7.3
1.71
0.59
0.25
1.57
4.5
6.33
3.15
0
0.42
1.53
0
0.04
0.04
3.1
0.91
0.19
0.55
6.41
0.51
0.21
0.7
1.38
0.1
0
0
0
0.01
0
0.56
0.02
0.2
0
0.01
0
5.55
13.16
2.68
5.25
5.47
0
0
0.1
0.03
0.3
0
0
0
0
0
0
0
8.99
4.54
4.57
4.29
13.15
3.34
0.54
0.1
0.14
0
0.12
0
0.12
0
0
0
0.03
11.57
6.89
0.07
3.64
0.35
0.5
3.2
0
0
0
0
1.03
0
0.29
8.69
0.88
1.12
0.66
1.24
2
3.41
4.38
8.51
4.09
8.5
8.13
0.26
2
3.17
6.46
1.38
0.89
6.83
1.61
0.02
1.48
1.33
0.84
0.96
0.96
0.01
17.12
0.76
0
0.52
0
0
0
0
0
0
0
0
0
0
0
1.59
0
0
1.47
0
0
0
1.38
0.15
5.87
0.62
0.26
6.88
0.02
0
0.04
15.06
0.38
0.16
0.01
0
0.01
0.04
0
0
0
0
0.02
0
3.26
0.01
0.05
0.01
0
0
0
0
0
0.04
0.02
0.17
0
0
0
1.97
0.8
3.11
0
0
0
0
0
0
0
0
0
0
0
0
0
0
0
0
0
0
0
0
0
0
0.51
0
0
0
0
0
0
0.01
0
0
0
0
0
0
0.31
0.07
0
0
1.77
0.02
0
0
0
0
0
0
0
0.05
0
0
0
6.1
0.08
0.05
0
0.22
0
0
0.01
0.01
0
2.54
0
0
0
0
0
0
0
0
0
0
0
0
0.04
0
0
0.02
0
0.02
0.02
2.29
1.59
0.04
0
0
0
0
0
0.04
4.39
3.11
4.38
5.8
1.94
0
0
0
0.43
4.28
5.34
0.27
0.04
0
0
0
0
0.01
0.01
0
0.02
0
0.41
7.09
6.71
0.55
0.42
0
0
0.07
0
0.09
0.31
7.75
0.16
0.19
5.02
0
0
0
0.02
0.01
0.01
0
0.07
0
0
0.02
0
0
7.34
4.85
12.17
3.14
1.51
9.48
8.58
9.43
2.7
1.53
4.77
3.3
1.84
0
2.96
0.7
2.31
0
0
0
0
0
0
0
0
0
0
0
0
0
0
0
0
0.1
0
0.01
0.2
5.4
7.77
3.53
2.17
1.13
1.52
1.76
4.16
0.34
0
3.13
3.13
0.08
0.27
0
1.77
16.81
9.59
5.92
8.55
6.66
5.31
1.18
6.52
2.69
1
1.82
6.13
1.44
0.35
0.84
1.71
6.64
1.3
0.61
0.67
2.52
1.34
4.06
1.21
0.28
0.33
0.29
3.84
10.62
0.64
0.68
0.66
0
2.2
0.01
2.3
0.54
0.9
0
0
2.46
0
0
0.38
0
0
0
0
8.07
0.45
0.17
2.97
3.46
4.28
4.53
1.22
1.83
11.41
1.4
0.59
1.27
0.63
4.5
0.88
0.51
0.25
0
11.49
2.8
5.48
8.65
9.09
4.35
4.02
1.33
0
0
0
4.51
0.26
0.56
4.88
2.91
0
0
0
0
0.04
0.04
0.34
0
0
0
0.01
0
0.13
0.06
1.09
3.95
0
0.22
8.07
2.38
0.82
3.84
0.16
0
0
0
0
0
0
0
0.02
0
0
0.72
0.01
0
0
0
0
1.56
1.77
4.25
0.05
6.35
11.14
0.73
0
0.76
0
0.27
0.95
0
0
0
0
0.01
3.12
0.27
0
0.02
0
0
0
0
0
0.01
2.44
0
0.02
0
0.54
0.01
0
0.44
0.61
0
0
0
0.16
8.68
0.94
0
0
0
0.01
0
0
0
0
0
0
0
0
0
0
0
0
0
0
0
0
0
0
0.06
0
0
0
0
0
0
0.01
0
0.34
0.01
0
2.37
9.24
0
0
0.05
0
0
1.87
0.66
0
0.3
1.47
28.76
0.64
0
0
0
0
9.85
7.73
2.51
7.62
0
4.88
15.23
2.41
0
4.28
0
0
0
0.01
2.11
0.07
0.13
1.25
0.93
2.73
0.37
0
0
0.16
2.36
6.29
4.55
2.58
7.31
6.55
0.66
0.89
0.04
0
0
0
6.5
9.64
0.2
0.02
0
0
0
0
0
0
0
0
0
0
0
0
0
0
0
0
0.49
7.2
15.55
4.89
0.02
1.55
1.59
0.01
0
1.65
0.24
0.06
0
0
0
0
0
0
0
0
0
0
0
0.56
0.03
0
6.89
1.05
0.01
0
0.25
14.2
0.71
0
0
0
0
0
0.03
1.57
1.34
4.48
2.25
0.1
2.55
0.97
1.01
0.04
0.08
0.14
0
0
0
0
0
0
0
0
16.82
5.29
1.57
5.1
11.38
1.2
0.66
0.12
0.08
0
0
0
0.23
0.43
0.06
0.03
5.01
13.71
11.89
7.4
12.21
6.85
3.13
0.38
7.99
1.71
0.56
0.01
0
0
0
0
4.38
9.33
0.19
0.12
0.04
0.25
10.7
8.65
3.24
0.46
0
0
0
0.02
4.89
5.83
1.63
0.58
0
0
0
0
0
0
0.01
0
1.78
2.52
0
0
0
0
0
0
0
0
0
0
0.08
0.82
0.01
0
0.11
2.15
0.09
0.34
1.17
0.13
0.2
0
0
16.57
9.3
13.33
4.48
1.91
18.91
10.14
0.89
0.01
0.05
0
0
0
1.29
0
0
0
0
0
0
0
1.36
6.7
0.3
0
0
0
0.47
0
0
0
0
0.01
0
0
0
0
0.3
0.25
2.2
0.1
0
0
0
11.02
1.98
0.3
0
0.35
1.72
11.05
7.9
0
0
0.96
3.57
0
0
0
0
0
0
0.02
0
0
0.09
0.87
0.07
0
0
0
0
0.11
6.78
0
0
0
0.01
0.01
0
0
0
0
1.06
0.12
0
0
0.01
4.36
2.4
0
0.02
0
0.04
6.04
6.19
8.85
1.2
2.16
2.84
1.25
0
28.2
3.03
0.62
0
0.23
0
2.69
0
0.01
0.01
0
1.77
11.58
0
0
0.02
0
0
0.12
0
0
0
0.64
0
0
0
0
0.01
1.46
0
0.07
0
0
0
0
0
0
0
0
0.04
0.02
0
0.03
0.03
0
0.08
0.19
1.39
0
0.23
0
3.44
1.57
0.39
0
0
0
0
0
0
0
0
0.84
0
0
0
0
0
0.04
4.14
1.98
0.04
0.67
5.76
2.97
1.34
0
0
1.17
0.74
16.7
5.64
1.06
5.91
7.05
1.67
0
0.58
30.87
20.3
2.12
0.07
0
0.02
0.54
0.19
0
0.02
0.37
4.24
0
20.33
10.94
5.8
0.09
0.08
7.53
0
0
0.02
0.05
0.02
0.09
1.39
0.67
0.03
3.78
15.79
4.55
0
0.04
0
0.25
1.28
0.14
0.01
0
0
0
0
0
0
2.51
2.53
2.63
1.21
0
0.09
0
0
0
0.45
3.83
9.7
4.56
4.75
0.18
0.52
3.56
1.47
5.02
22.3
1.59
13.57
3.56
1.25
1.48
0.9
0
0
0
0.04
0.25
0
0.02
0
0.05
0.11
0.03
0.02
0.07
5.81
1.1
0.57
0.63
0.17
5.07
1.23
0
0
0
0.59
8.46
3.41
3.4
1.59
11.55
2.82
17.69
0.07
1.47
0.16
0.01
0.22
0
2.34
4.91
2.27
4.03
1.12
13.16
0.96
0.21
2.07
0.28
1.46
1.89
0.34
10.52
0.31
0
0.94
0.13
0.23
0
0.01
0
0
0.49
1.29
0
0
0
0
0
0.39
0.26
0.25
0.2
1.57
0
0
0
0
0.22
2.08
0.92
0
0
0
0
0
0
0
0
0
0
0
0
0
0
0
1.79
0
0
0
0.03
0.09
0.04
0
0.52
0.45
0
2.08
2.8
9.43
6.71
5.21
4.54
0.1
1.78
0.16
12.56
17.95
3.98
0
3.33
12.77
0.77
1.34
3.57
9.8
0.62
0
3.35
1.77
0.67
19.15
3.67
0
0.69
0.23
0
6.99
5.07
0.89
17.26
0.98
0.19
2.64
5.43
4.47
0
3.52
7.72
5.16
1.13
1.15
5.2
0.58
0.6
0.59
0.36
0
1.38
4.38
15.32
0
6.56
0.48
0
0
0.2
0
0
0
6.76
0.7
0.37
0
5.47
29.41
28.2
2.98
0
3.02
3.21
2.64
13.43
4.2
5.81
0
0
5.44
4.67
7.99
12.07
5.36
0
24.14
7.93
7.97
11.26
10.87
0
0.21
0.57
4.02
0.09
0
0.13
0
0.14
0
0
0.04
0
0
0
0.16
0.44
0.2
0
0.05
0
0.01
3.98
0
0
0
0
0
0
0
0
0
0.06
0
0
0
0
0
0
0
0.01
0
0
0
3.91
0.89
0.02
0
0
0
0
0
0
0
0
0
0
0
0
0
0
0.33
0.96
0.15
0
0
0
0
0
0.16
0.53
2.63
0.61
0.02
0
0.19
0
0
0.09
0.04
0
0
0
0
0
0
0
0
0
0
0
0.8
0
0.12
0.21
0.37
0.1
0
0.03
0
0.04
0.51
3.22
0
0.41
10.48
7.41
9.94
7.95
4.59
1.57
0.09
0
0
0
0
0
0
0
0.12
0
0.16
0
0.05
0.14
0.18
0
0
0
1.23
2.19
0.27
0
10.95
6.48
0.79
0.15
0
0
0
0
0
0
0
0
0
0
0.01
0
0.01
0.01
0.03
11.98
3.9
0.38
0.01
0
0
0.62
0
0
0
0
0
0
0
0
0
0
0
0
0
0.12
0
0
0
0
0
0
0
0
0
0
0
0
0
0
0
0.12
6.52
0.21
0.05
0.05
0.07
0.06
0
0
0
0
0
0
0
1.23
1.52
0.01
0
0
0
0
0
0
0
0
0
0
0
0
0.02
0.41
0
0.02
0.19
1.52
2.02
1.77
0
0
0
0
0
0.02
0
0
0
0
0
1.74
12.14
18.5
16.37
4.09
12.13
3.77
0.52
0.02
0
0.07
0
0
6.25
2.41
0.18
0
0
0
0.09
0
0
2.7
5.17
0.1
0
0
0.01
0
0
0
0
0.01
0
0
1.1
17.73
5.04
0
9.98
5.1
7.55
4.57
3.98
6.73
2.65
2.16
0
1.61
8.34
7.39
0.1
0.41
0.05
0
0
1.35
1.19
1.88
9.41
9.95
14.26
9.59
1.34
0.7
0.7
0.02
0
0
0.01
0
0
0
0
0
1.6
0.19
0
0
4.07
9.91
0.52
0
0
0
4.51
0.16
0.13
7.33
11.71
6.46
20.76
1.86
13.3
6.46
9.04
18.3
10.65
8.2
2.56
5.08
0.44
1.35
0
0.31
0.11
1.26
0.16
0
0
0.01
0
0.74
3.08
1.48
5.47
19.01
2.72
0.02
0
1.72
0
0.09
0
0
0
0
0
0
0
0
0.97
4.73
0.14
0
0
0.01
1.09
2.62
0.6
0
0
0
0.02
0
0
0.01
0
0
0
0.35
0
0
0
0.02
0
0
9.52
0.86
0.46
0.09
0.16
2.47
0
0
0.02
0.08
1.04
0
3.59
0.02
0
0.02
0
0
0
0
0.01
0
0
0
0
0.01
0
0
0
0
0
0
1.03
0
0
0
1.02
0.23
0
0.48
0.5
3.5
11.03
0.22
0.02
0.18
0
0
0
0.11
0
0.03
0
0.48
0.06
0.75
0
0
0
0
0
0
0
0
0
0
0
0.16
0.09
0
0
0
0.01
0
0
0
0
0.58
1.17
0.22
9.16
0.87
0.05
0
0
0
0
0
0.21
0
4.02
0
1.02
0.05
0
0
0.69
1.02
0
2.11
0.32
0.35
0
0.96
0.07
0
0
0.9
1.39
0.73
10.25
3.73
2.6
12.69
6.65
5.71
7.76
4.88
1.94
6.08
9.02
6.15
1.6
2
1.76
1.29
0.15
0.64
2.93
1.55
3.56
3.47
2.42
11.39
2.77
1.49
9.09
6.99
3.12
3.79
15.08
17.25
15.36
1.69
2.2
6.98
2.99
0.09
0
3.56
7.09
1.32
0.83
0.23
0.26
0.35
3.05
0.73
7.12
3.11
0.1
1.35
1.22
0.02
0.52
0.55
0.69
0
0
0.37
0.34
0
0
0
0.55
0
0
0
0.01
0.08
0.44
2.84
6.56
8.02
2.54
2
3.36
5.32
0.1
0.04
0
0
0.01
0.03
0
0
0
0
0
0.1
0.02
0
0
0
0
0
0.11
0.04
0
0
0.02
0
0
0
0
0
0.03
0
0
0.02
0.1
0.1
0.67
0.41
0
0.89
2.39
1.78
0
0
0
0
0.02
0
0
0
0
8.77
0.68
0
0
0.24
0.02
0
0.17
0.05
2.43
2.85
1.39
7.6
8.78
7.77
1.87
1.28
1.7
0.05
0
0.04
0.17
2.03
0
0.02
0
0.09
0.12
0.92
0.9
0.85
1.05
1.59
0.14
2.55
0.29
0
0.13
0
0.04
0.01
0
0
0
0.13
0.2
0.21
0
0.02
0.13
2.77
0.05
0
0
0.2
0.04
0
4.64
1.91
0.15
1.89
1.29
0
0.07
2.46
0.25
0.45
0.55
0.7
0
0
0
0.47
0.02
0.36
0.42
0
0
0
2
4.22
0.01
4.63
2.91
0.73
0.25
0.01
0.36
0.05
0
0
0.09
0
0
2.87
4.37
0.41
0
0
0
0
0
0
0
0
0
0
0.01
0
0
0
4.21
0
0
0
0
0
0
0
2.86
0.25
0.24
0.16
0.09
0.13
0
0.04
3.61
0
0.07
0
3.01
16.65
2.04
0
0
0.01
0.12
0
0
0.66
0
2.05
0
0.24
0
0
0
0.11
6.47
9.07
3.13
0.28
0
0
1.25
0.18
0.47
0
0
0.03
0.02
0
0.67
0.46
0.09
0
0
0
30.27
12.34
0.04
0
0.2
0
0
0
7.08
1.21
0.52
2.35
5.52
0
0
0
0
1.92
0.73
0
0.24
19.11
0.45
0
3.66
2.45
0.85
0.02
0.88
7.72
0
0
0.24
0.01
0
0.01
0.08
0.57
3
0.99
6.28
1.8
0.57
20.72
20.18
8.75
2.07
0.28
0.21
2.77
4.07
0.48
6.36
8.46
0
0.29
0
0.24
0.46
0.58
8.96
20.26
0
0.52
0
0.16
0.32
0.57
0.01
0
0.01
0
0.07
0.13
10.53
2.22
4.71
9.18
0.59
0.6
0.45
0
0.01
0
0
0
0
0
0
0
0
18.48
4.98
2.3
0
0
0
0
0.03
0
0.16
2.43
0.13
0
0.18
0
0.01
0
1.77
0
0.48
0.66
0.33
0.07
0.05
0
0
0
0
0.01
0.62
8.3
1.93
0.46
0.48
0.16
1.58
0.05
0.09
0
0.13
0.68
0
0
0
0.01
0.05
0
0
1.07
1.1
0.2
0
0.3
0
1.23
5.78
6.82
2.97
0.19
0.09
6.61
1.43
0.43
8.29
0.52
0
0.89
0.38
0.83
0.25
4.73
4.95
5.84
1.98
0
0.02
0.01
0
0.23
0.01
0.55
2.41
11.01
3.53
0.52
0.73
0.14
8.2
8.89
9.56
5.17
9.09
0.66
0.74
7.74
0
0.14
0.65
1.88
4.77
0
0.1
0
0.6
0.04
2.34
4.57
4.54
5.3
0.09
0
0
0
0.13
0
0.72
2.64
9.91
0.1
0
0
0
0
0
0
7.27
29.66
7.51
16.19
3.04
0.38
0.17
0.22
0.14
0.01
0
0
1.99
1.54
0.93
0.13
0.61
0.14
0.18
9.45
0.14
0
2.25
2.1
0
1.38
0
0.95
0.77
0
0
0
0
0
0
0
0
0
0
0
0
0
0
0
0
0
0
1.36
9.5
7.59
0.56
5.62
0.06
0
0.01
0.28
0
0
0
0
0
0
0.01
5.06
9.2
0
0
0
0
0
0.02
0.02
0
0
0
0
0
0
0
0
10.87
6.19
3.56
3.02
0
0
0
0.11
0
0
0
1.53
0
0
0
0
0
0
0.67
0
0
0.02
0
0
0.42
0
0
0
0
0
0
0
0
0
0
0
0
0
0
0
0
0
0
0
0
0.01
0.06
2.15
2.2
1.09
0.01
0
0
0.01
0.03
0
0.11
1.72
0.52
0
0
0
0
0.84
36.64
7.72
17.4
2.25
0.42
0.02
0
0.25
2.11
1.04
0
0
0
0
0
0
0.22
20.22
21.66
0
0
0.24
8.04
5.25
1.89
17.66
0.64
0.26
0.34
0
0
0.01
0
0.02
0
0
22.21
24.69
6.54
4.6
4.31
2.3
0.2
0
0
0
0
0
0
0
0
2.02
7.5
4.51
1.91
0.22
0
0
0
0
0.05
0.55
1.47
0
0
0
0
0
0
0
0.23
2.65
2.03
15.8
0
0.01
0.3
5.29
2.2
1.24
0
0.44
0.87
0
0
0
0.33
5.34
2
2.99
7.21
6.86
1.95
0
0
0
0
0
0
0.02
0.04
0
2.09
3.05
0.82
0
0.03
0
0
0
0
0
0
0
0
0
0
0
0
0
0
0
0
0
0
0
0.23
2.45
4.63
0.77
0
0
0
0
0.33
0
0
0
0.01
0.1
0.03
0.23
0.56
0.01
0
0
0
0
0
0.01
0
0
0
0
0
0
0
0
0
0.01
0.01
0.04
3.77
0.13
0
0
0.22
0.18
5.91
1.49
0.19
0
0
0.16
1.9
0.45
0.11
0
0
0.13
0.7
0.2
0.01
0.25
0.22
0
0
0
0
0
0
0
0
0
0
0
0.01
0
0
0
0.16
0.07
1.07
1
0.46
2.81
0.19
0.08
0.67
19.63
4.51
16.8
13.15
9.41
7.93
1.14
2.26
0.02
1.44
0
0
0.12
0.19
0
0
0
0
0
0
0
0
0.01
0
0
0
0
0
0
0
0
0.05
21.34
4.56
0
0.01
0
0.85
0
0
0
0
0
0
0
0
0
0
0
4
9.16
0.59
0.71
0.16
3.01
0.26
0
0
0.16
8.14
18.91
20.19
2.64
6.46
3.66
2.38
4.19
0.04
4.15
0.7
1.5
3.12
0.05
0.05
4.52
6.05
0.01
4.86
1.66
1.17
0
0
0
2.93
11.36
3.94
0
0
0.2
0
0
0
8.54
0.72
0
0
0
0
0.01
0
0.01
0
0.15
0
0
0
0
1.8
0.35
0.06
0
0
0.36
0.7
0
0.07
0.04
3.21
0
0.17
2.52
1.86
3.95
0.68
2.46
2.36
1.72
0
4.05
0
0
4.83
0
0
0
0
0
0
0.08
0
0
0.38
4.67
0
0
0
0.03
0
1.17
0.2
0
1.08
4.62
0
0.98
0
0
0
0
0
0
0
0.01
0
0
0
0.02
0
0
0
0.01
0
0
0.01
0.02
0
0
0
0.09
8.27
18.71
9.41
0
0.02
0.02
0
0
0
0
0.32
0
0
4.31
5.96
6.96
7.75
7.2
0
0.4
9.28
22.43
1.52
17.2
13.5
0
0
0
0
0.01
0.44
0.51
5.22
5.71
13.23
12.05
4.19
0.52
0.18
0
0
0
0
0
0
0
0
0.09
0.14
0
0
9.25
0.05
0
0
0
0
0
0
0
0
0
0
0
0
0
0.02
0.04
8.24
2.76
16.09
8.95
9.7
0.88
0.32
0.02
0.52
0
0
0.13
0
6.44
3.84
0
0
0
0
0
0.05
0
1.59
0.17
0.84
0.06
0.02
0
0
0
0
0
0.17
0
0
0
0
0
0
0
0.03
0.09
0.04
0
0
0
0
0
0
0
0
0
0
0
0
0
0
0.14
0
0.05
0.02
0.04
0
0.55
3.47
0.1
0.05
0.64
0.05
0.25
2.31
1.78
0
0
0
0
0
0
0
0
0
0
0
0
0
0
0.3
0.77
0.55
3.35
3.55
0
0
0
0
0
0.01
0.42
0.34
0.17
0.35
3.77
13.15
2.84
0
0.02
0.5
0.21
0.59
1.46
0.23
2.18
2.22
0.29
0
0
0
0
0
0.01
0.03
0
0.02
0.05
0
0
0
0
0
0
1.87
3.88
1.29
4.67
0.21
0.01
0
0
0
1.07
1
1.55
4.04
6.16
11.72
2.03
0.55
0.59
3.2
2.23
1.69
0.42
0.55
0.33
0
1.91
0.38
0.25
3.55
11.23
1.16
2.37
10.75
10.48
2.74
1.72
7.07
4.71
1.24
0
0
0
10.61
8.99
8.61
5.2
2.95
0.18
0.13
0
0
0
0
0.01
0
5.46
6.18
1.98
4.44
18.27
6.76
0.66
0
0.02
0.07
0.04
0.02
0
1.35
3.29
0.91
0
1.89
1.98
0.04
0.07
0
0
0
0
2.98
1.38
0
0
0.01
0
0
0
0
0.15
3.91
0
0
0
0
0
0
0
0
0
0
0
0
0
0
0
0
0
0
0
0
0
0
0
0.03
0.13
0.31
0.2
0.02
0.46
0
0.26
0.14
0
0.01
0
0
0
0
0
0
0
0
0
0
3.95
1.15
0
0
0.03
0
0
0
0
0.65
0.49
0.05
0
1.49
0
1.99
2.93
0
0
0
0.01
0
1.28
0
0
1.51
0
0.11
26.76
25.99
6.33
1.91
0
0.29
0
0.02
4.61
0.87
10.07
1.52
1.94
4.16
11.46
7.05
4.77
10.63
28.25
10.68
11.09
5.45
6.13
1.38
0.61
3.84
3.52
0.1
0.15
0.31
0
0.22
0.3
0.39
3.44
7.48
19.87
10.45
1.68
0.88
10.89
3.32
5.72
4.07
0.48
9.15
2.92
2.04
0
0.05
0.27
0
0
0
0.01
0
0.29
0.09
0
0
0
0
0.01
0.34
0
0
0.41
0.38
4.23
0.17
6.49
0
0.01
0.28
0.04
0.36
0.07
0.02
0
0.01
0
0
0
0.98
0.59
0
0
0
0.53
0.27
0
0
0
0.53
0.8
2.68
2.44
1.23
0.2
0.11
0.19
0.69
0.01
0.62
7.51
1.62
11.23
12.42
3.69
6.15
14.88
2.3
0.73
0.17
0
0.3
0.97
0.36
0.41
0.5
0
0.01
0
0.55
0.24
0
0.55
0.64
0
0
0
0
0
0.03
3.53
8.56
0.89
1.07
1.06
0.42
0.12
0
0
0
0
0.04
1.93
0.55
0.18
1.41
0.44
3.24
0.84
0
5.27
0.45
0.09
0.01
1.55
6.44
6.34
2.75
0.27
0
0
0
0
0
0
0
0
0.45
0.07
0.01
0.08
0
0.18
0.3
0.23
0
0.03
0
0
0
0
0.01
0
0
0.12
0.19
0.37
0.03
0.05
0.61
0
0.18
0.56
0.37
0.01
1.05
0
0.2
0.08
0
0
0.64
4.8
0.05
0.15
0.05
5.17
1.11
0.02
0.27
2.89
7.54
0.04
0
0
0.32
0
0
0
0.26
2.88
0.37
0
0
5.59
0
0
0.02
0.34
1.06
2.11
1.36
7.2
8.1
1.83
0.58
6.78
0.58
1.24
0.46
1.69
0
0
0
0
0
0
0
0
0.41
0.07
0
0
0
0.04
0
0.51
0
0
0
0
0
0
0
0
0.05
0
0.32
0
0
0
0
0
0.01
0.01
0
0
0
0
0
0
0
0
0
0
0
0
0
0
0
0
0
0
0.01
0.4
0
0
0
0
0
0
0.01
0.01
0.02
0
0
0.01
0.9
3.48
0
0
0.02
0.02
0.01
0
0
0
0
0
0.01
0
0.32
0.35
0
1.07
0
0
0
0.01
0.02
0
0
0
0
0
0
0
0
0.2
0.09
0
0
0
0
0
0.01
0
0
0
0
0
0
0.02
0.27
0
0
0
0
0
0.21
3.75
2.26
4.65
5.27
3.47
0.37
0.14
4.53
2
0.86
5.2
3.71
1.31
0.42
3.16
2.26
0.21
0
0.46
10.87
6.63
1.61
0.19
0.4
20.72
12.48
5.2
1.02
7.84
5.14
4.16
0.19
6.96
1.55
0.07
1.7
0
11.86
3.98
0
0
0
0.54
0.79
11.92
9.12
4.25
13.39
4.1
5.92
3.22
2.34
0.13
5.59
0.23
0.1
0
0
0.07
0
0
0.1
0
0
0
0
0
0
0
0.16
0.13
0
0.3
0.21
0.04
0.01
0.56
0.6
3.98
0
0.03
0
0
0.05
0.12
0
0
0
0
0.86
1.52
0.48
1.79
0.88
0.01
0
0
0
0.19
0.21
0.74
0.99
16.16
3.17
2.16
0.1
0.84
0.67
0.23
0.1
0.08
0
0
0.02
0.02
0
0
0.01
0.34
7.23
7.73
0.9
0.92
0.27
0
2.3
1.95
0.32
0.91
0.13
0.04
1.55
0.03
0
0.01
0
0
0
0
0
0
1.71
1.45
0
1.41
13.3
6.61
3.89
1.02
0.03
4.93
0.81
0.01
0.21
0.49
0
0
0.17
1.9
3.22
0
0.08
0.02
0.13
2.57
1.71
4.84
1.07
0.07
0.16
0
0.09
0.08
0.05
0.04
0
0
0
0
0
0
0
0.07
0
0.25
0
0
0
0.18
0.06
0.01
0
0
0
0
0
0
0
0
0
0
0
0
0
0
0
0
0.01
0
0
0
0.02
1.48
2.21
1.95
6.25
7.92
3.16
0.14
4.63
0
0.06
0
0.24
11.97
2.77
1.02
0.77
0.89
6.07
17.78
5.23
7.38
10.56
0
0.1
4.24
1.34
2.49
0.83
1.59
0
0
0
0
0
0
0.02
0.88
0
0
0
0
0
0
0.35
0
0
0.3
0.25
3.4
4.96
17.56
0
0.02
0
0
0
4.35
2.12
0.12
0
0
0.58
0.18
1.07
0
31.16
4.29
1
3.23
2.53
1.18
0
0.41
0.46
0.76
0
0
0
0.01
0.48
0
1.55
0
0
0
0
0
0
0
0
0.01
0
0
0
0.05
0.07
0
0
0
0
0.01
5.02
0
0.04
0
0.02
0.01
0.01
0
0
0.02
33.77
8.24
1.94
0
0
0
0.02
0
0
0.02
0.61
5.29
4.84
2.97
7.65
0
0.01
0
0
0
0
0
0
0
0.14
1.86
2.83
0
0
0.01
0
0.39
0.83
0.01
0.01
0.47
0
0
0.01
0.48
7.79
0.41
0.13
0.01
0
0
0
0
0
0
0
0
0.01
0
0
0.47
1.41
1.82
0
0
0
0
0
0.2
0
0
2.4
0.27
0.01
0
0.08
0.26
0
0
0
0.38
0.8
0
0
0
0.23
0
0
0
0
0.03
0
0
0.02
0
0
0
0.47
9.82
20.79
10.27
0.34
1.58
6.46
7.79
6.63
15.97
0.04
0.04
4.68
3.3
0.28
0
2.8
1.84
1.32
1.36
0
1.67
0
0.15
1.67
17.23
1.72
2.73
5
2.56
0.16
1.33
0.31
0.38
0
0.52
11.55
1.55
0.77
0
0.68
0.07
0.53
7.98
4.68
10.45
23
10.62
6.99
3.91
7.52
22.01
13.06
0.63
0.28
0.1
10.45
4.32
18.05
3.3
10.33
4.47
2.01
7.92
0.65
0.96
0
0.36
0.41
0
0.08
2.73
2.41
8.05
7.91
11.38
6.86
0.5
1.34
4.03
4.73
2.22
0
4.67
12.7
1.4
0
0.79
12.54
4.5
0.39
0.03
0.01
0
0.02
1.2
3.77
0.7
0.04
0
0.04
0.54
0.54
0.65
0.17
0.16
0
0
0.15
9.35
0
2.71
0
0
0
0
0
0.01
0
0
0.02
0
0
0
0.2
2.89
1.93
0
0.01
0
0
2.88
0
0
0
0.04
0.04
0.24
3.96
0.32
0.01
2.78
5.89
10.48
11.33
1.57
0
0.17
0.27
8.84
1.72
1.43
0
0
0
0
1.84
0
0.23
1.83
0.55
0
0
0.01
0.3
6.4
0.03
0
0.01
0
0.58
3.24
2.27
2.34
2.77
1.33
0
0
5.03
14.08
8.11
9.89
4.95
13.82
8.73
2.2
0
0
0.24
1.91
13.74
11.71
3.68
0.73
0
0
0
0
0
0
0
0.27
0
0
6.25
4.7
0
0
0.29
0.22
0
1.07
0
1.56
0.98
0
0.48
0
0.18
2.32
0.18
2.13
9.89
8.51
0.24
0
0
0
0
0.11
0
0
0
0
0
0
0
0
0
0
0.08
1.42
1.8
0
0
0
0.03
1.62
0
0.02
0
0
0
0.09
0
0
0
0
0
3.09
21.59
0
0
0.04
0
0
0
0.18
0.73
0
0
0
5.48
2.1
0
0
0
0
11.69
21.23
5.27
0.05
0
0.27
0
0.06
0
0
0
0
0
0
0.23
0.34
0
0
0
0
0
0.38
4.5
0.44
0.08
0.01
4
0
0
1.82
0
0
0
0
0.3
0.81
0.72
0.21
9.89
10.52
1.19
0
0
0
0
0
0
0
0
0
0
0
0
0
0
0
0
0
0
0
0
10.47
0.23
0
0.11
0.25
0.07
0
0.16
0
0
0.01
0
0
0
0
0.03
0.01
0
0
0
0
1.03
2.62
1.52
0
0
0.01
0
20.55
41.65
15.34
8.2
2.83
0.46
8.83
2.55
0.98
7.09
5.12
1.47
2.89
1.41
0
3.43
0.8
0.29
0.05
0.05
0
0.04
0
0.55
14.27
9.37
1.12
8.79
1.45
1.18
1.2
8.67
20.59
22.5
3.49
0.05
0.03
2.04
10.61
9.02
12.86
6.91
5.23
10.11
4.55
4.53
0.04
0
1.48
5.38
3.69
15.41
6.14
6.63
3.77
0.41
10.22
2.3
9.21
20.06
0.33
0.2
0.01
0.37
0.28
0
3.08
8
3.91
8.69
17.18
14.86
2.38
4.98
1.43
0.42
0.35
0.48
0.09
1.64
0
0
0
0.04
1.88
0.47
0
0
0
0
0
0
0.01
0
0.05
0.13
0.69
0.23
0.05
0.09
0
0.03
0
0
2.54
0.62
0.2
0
0
0
0
0
0
0
0
0
0
0
0
0
0
0
0
0
0
0
0
0
0
0
0
0
0
0
0
0.25
0
0
0
0
0
0
0
0
0.07
0
0
0.15
0.46
0.82
0.01
0
0
0
0
0
0
0.63
7.7
15.3
15.82
7.84
1.13
0
0
0.04
1.44
0
1.77
0
0
0
0.09
1
0
0
4.96
1.46
2.39
0.13
0.01
0
0.02
1.13
8.46
1.89
1.52
14.34
9.97
3.96
0.29
0.02
0
0
3.72
2.59
0.7
0.91
0.25
0.8
7.06
23.33
6.77
14.29
0.47
3.54
12.55
10.64
0
0
0
0
0
0.01
0
0
0
0
0.05
0
0
0
0
0
0
0
0
0
0
0.02
2.11
2.1
0.1
10.26
6.17
3.92
0
0
0
0.11
1.06
1.73
1.41
0
0
0.02
1.16
0.1
2.46
0.01
0
0
0.02
2.42
4.98
11.61
2.96
0
0.04
0
3.45
3.02
6.82
0
0
0
0.94
0.4
0
0
0
2.79
1.15
13.2
0
0
0.09
0
2
1.62
1.49
0.01
0.03
0.27
0.87
4.59
1.57
7.01
7.48
3.1
11.78
0.37
0
0
0
0.7
0
0
0
0
0.82
0.27
0.39
0.79
0
0
0
2.09
6.77
7.38
0.17
0.44
0.2
0.08
3.56
1.06
0.06
1.02
3.63
4
2.95
0.7
0.25
0.16
0
0
0
0
0.32
0.29
0
0.05
0
0
0
0
0
0
0
0
0
0
0.02
0.06
1.76
2.19
8.7
1.65
0
2.18
0.5
6.08
13.8
0.28
0
0
0
7.59
8.07
4.02
31.09
13.06
4.57
7.84
3.66
9.82
9.59
1
4.16
0.22
0.01
0.06
1.41
7
1.86
3.17
10.97
4.51
0.07
3.2
4.05
0.01
0.23
0.71
0.36
2.54
0.35
3.11
0.28
9.24
1.21
0.03
0.8
0.25
0.33
0
1.66
2.45
0.57
0
5.21
20.19
33.49
7.06
6.9
1.14
3.36
7.65
0.33
0.02
1.3
0.7
0.46
0.73
0.43
3.82
11.97
0.59
1.98
0.28
0.61
0.05
0
0.01
0
0
0
0.11
4.34
5.1
0.1
0.01
0
0
0
0
0.01
0
0
1.61
1.01
0.71
2.36
0.55
0.49
5.5
1.25
1.59
0.93
6.03
2.16
2.25
0.27
0.01
0
0.54
0
0.01
0
0
0
0
0
0
0
0
0
0.14
1.45
0
0.01
0
0
0
0
0
0
0
0
0
0
0
0
0
0
0.02
0
0.02
0.09
0
0
0.01
0
0
0
0.59
0
0.56
5.63
0.32
0.5
0
0.21
0
5.13
0.81
2.16
0
0
4.04
1.72
4.6
2.59
1.13
0.41
4.18
4.22
2.24
0.87
0.57
10.78
4.76
8.6
1.34
0
0.01
0
0.35
1.22
0.28
0.42
0.01
5.5
1.73
4
6.41
3.93
4.01
1.35
3.86
0.14
0.08
0.11
0
0
0.01
4.01
8.79
4.33
7.49
12.64
1.28
0.52
0.18
0.17
10.23
5.71
0
0.2
8.57
5.73
3.4
4.74
18.31
3.71
8.25
1.55
3.12
1.59
0.05
3.16
3.9
1.54
5.54
0
0
0
0
0
0
0
0.01
0
0
0
0
0
0
0
0
0
0
0
0
0
0
0.58
0.26
9.16
1.37
0
0
0
0
0
0
0
0
0
0.01
0.13
0
0
0
0
0.02
0
0
0
0
0
0
0
0.01
0
0
0
0
0.03
5.54
1.46
0
0
0
0
0
0
0
0
0.34
1.03
0.54
0.62
2.84
1.21
5.82
1.16
0.94
0.38
0
0
0
0
0.03
0
20.29
0
0
0
0.44
0
0
0
0
0
0
1.55
0
0
0.07
0.25
0.15
0
0.03
0
0
0
0
0.23
0.04
1.02
9.02
0.3
12
9.88
3.14
2.21
2.14
3.84
2.3
0.35
0
1.32
4.73
18.17
5.55
0.05
2.11
1.77
1.1
0.2
0
0
0
0
0
0.01
0
0
0
0
0.02
0
0
4.74
1.99
0
0
0
0
0
0.01
0.51
23.28
12.45
0.63
0.01
0
0
0.04
0.12
0.05
0
0
0.02
0
0
0
0
0
0
0
0
0.04
0.18
0.3
0.05
0
0
0.72
0.7
0.88
0.15
2.47
0.23
0
0
0.04
0.01
0.21
0.88
1.19
0.73
0.01
0.01
0
0
0
0
0
1.76
1.54
0
0
0.18
0
0
0.01
0.01
4.48
8.88
1.89
0
0.06
0
0
0
0
0.06
0.32
8.34
3
0
0
0.01
0.06
0.13
6.38
7.79
0.3
0
0.04
0
0
0.05
0
0
0
0
0
0
0
0
0
0
0
0
0
0.01
0
0
8.26
0.95
0.11
0.01
0
0
0
0
0
0
0
0
0
0
0.02
14.46
2.71
0.94
5.25
0.41
0
0.02
4.94
0.69
0.05
0.01
0.14
0
0
0.23
14.23
4.95
1.21
1.05
0.61
0.06
0.03
0
0
0
0
0
0.1
7.71
6.8
3.05
2.55
0.12
0
0
0
0.74
0
0
0.02
0
0
0
0
0
0
0.02
0
0
6.74
1.95
9.97
0.38
0
0.24
1.72
0.34
0
0.17
0
2.61
1.83
11.98
11.4
4.21
0.19
4.26
2.51
3.9
1.26
0.87
5.08
4.03
0.4
0
0
0
0
0
0
0.02
3.27
4.64
10.34
6.3
1.61
0
0
0
0
0
0
0.01
0
0
0.49
1.97
14.51
1.78
0
0
0.21
0
0.08
1.4
16.13
0.91
0
0.63
19.63
0
0
2.83
4.34
0.35
0
0
0
0.04
1.43
0.59
0
0
0
0.03
0
0
0.01
0
0
2.16
0
0
0
0
0
0
0.26
2.17
2.75
0
0
0
0
0
0
0
0
0
0
0.03
0.27
23.82
0
0.16
0
0.59
11.8
0
0.01
0
0.02
0
0.11
3
0.6
0
0
0
0
0
0
0
0
0
0.02
1.72
0
0
0
0.25
0.64
0.11
0.04
0
0
0
0
9.29
3.63
0.41
0.01
12.74
10.76
1.12
1.3
0.15
0
0
0.03
0.13
11.35
17.76
2.9
0.02
0
5.8
25.42
5.07
1.65
0.09
0.01
1.72
6.93
2.34
0
0
0.02
0.02
0
0.02
0
0
0
1.55
2.46
0.19
0.01
0
0.9
9.51
3.78
0
0.01
0
9.39
3.54
12.15
10.01
7.91
19.55
24.95
10.36
0.78
3.18
5.16
3.27
0.4
0.54
0
0
0.04
0.01
0
0
0
0
0
0
0
9.54
11.13
1.98
4.26
4.14
0.98
0.57
0
0.01
1.78
0.73
0
0
0
0
0
0.01
0
0.02
0
0
0
0
0.88
0.18
0
0
0
1.91
0.45
0.61
0.44
0.97
11.97
2.19
0.74
0.15
0.06
0.95
0.24
0
0
0
0.25
0.7
0.24
5.01
0.91
3.82
1.43
0
0
0
0.05
0.02
0
0.02
0
0
3.61
0.75
0
0
0
5.75
1.73
0
0
0
0
0.09
0.08
0
0
0
0.01
0.03
0.06
0
0
0
0.21
0.63
0.12
0
0
0
0
0
0
0
0
0.01
0
0.02
0
0
0
0.01
0
0
0
0
0.02
0.03
0
0
0
0
0
0
0.01
0.01
0
0
0
0
0
0
0
0
0
0.01
0
0
0
0
0
0
0
2.47
0.68
7.09
4.75
1.33
1.98
0.57
0.15
1.38
0.63
5.86
3.68
0
6.8
6.6
4.62
0
0.01
1.92
7.67
3.45
8.66
2.17
0
2.21
9.16
21.42
11.64
2.92
13.9
4.68
0
0
10.73
2.51
0.02
0.08
3.69
7.05
1.76
0.46
0.04
0.11
0
0.63
3.4
1.6
4.29
11.82
9.61
5.01
2.29
0.14
0.29
0
0
0.09
0.79
3.71
2.48
0.13
0.7
6.69
1.41
0
1.93
0.13
10.63
2.95
0.75
0
0.31
0
0.1
0.99
4.76
13.79
6.4
0.08
0
0.01
2.44
0.02
0
0.01
0
0
0
0.01
0
0
0
0
0
0
0
0
0
3.57
1.89
0
0
0
0
0
0.02
0
0
0
0
0
0.15
0.77
0.02
0
0
0
0.04
1.48
2.11
0.43
0
0
0
0
0
0.01
0
0
0
0
0
0
0.02
0
0.01
0
0
0
0
0
0
0
0
0
0
0
0
0
0.02
0.01
0
0
0.02
0
0
0
0.07
0.28
0.11
0
0
1.09
0.23
0
0
0
0
0
0
0
0
0
0.23
3.53
0
0
0
0
0
0
0
2.52
6.79
0.2
0
0.21
0.01
0
2.73
0
0.79
2.02
1.5
0.17
0.88
0.07
0
0
0.02
0
0
0
0.01
1.08
24.95
0.34
1.44
2.88
8.02
0.28
0
0
1.86
8.78
5.47
4.04
3.61
1.23
1.3
0
0
0.01
0
10.37
0
1.5
10.05
1.05
3.43
16.22
4.55
0.59
0
0
0.02
0.01
10.95
3.87
0.06
0.02
0.14
0.02
0.01
0.11
0
5.86
27.15
3.44
2.78
0.86
1.47
0.28
0.43
7.94
1.53
10.91
4.89
0.52
0.09
5.53
10.16
4.83
2.26
0.54
0.02
0
0.35
0.32
3.05
0
0.02
0
0
0
0.1
2
9.81
8.76
10.38
9.09
10.21
4.54
5.96
16.16
3.41
0.14
8.32
2.13
5.91
2.51
13.44
4.82
0.23
0.36
3.32
2.93
3.99
0.7
0.01
1
3.74
3.92
1.34
6.95
2.4
0.06
0
1.09
4.69
10.27
8.32
23.93
6.52
6.02
1.49
0
0
0.02
0
0
1.06
0.64
1.31
11.23
6.46
1.31
0.94
0
0.05
0
0.95
0.89
0
0
0.02
0
0
0
0
0
0
0
0.59
1.71
1.05
19.08
24.74
9.98
19.79
0.63
0.37
12.06
8.3
0.92
2.09
0.49
6.71
0.01
0
0.01
3.18
0.01
0
0.02
0
0.01
0
0
0.6
1.45
3.52
0.01
1.11
2.13
0.01
0
0
0
0
0.04
0
0
0
0
0.01
0
0
0
0
0
0.54
0
6.08
1.76
0
0.01
0.01
0.01
0
0.3
0.02
0
0.92
0.07
1.66
2.1
4.68
3.52
0.5
1.42
0
0
0.01
1.25
2.39
3.95
0
0
0.01
0.77
0.97
0.5
1.36
5.04
0
2.29
0.59
6.69
2.77
2.98
0.17
0.06
0
0
0
0
0
0.07
0
0.02
0
0.02
0
0
0
7.34
3.42
0.41
0
0
0
0
0
0
0
0
0
0
0
0
0
0
0
0
0
0
0
0
0.55
0.26
0.1
0
1.92
0
0.2
2.01
0
1.7
0
0
0.55
1.64
0.02
0
0.49
0.04
0
0
0
0
0
0
0
0
5.6
5.71
0
0
0
0
0
0
0
0
0
0
0
0
1.64
1.93
5.26
0
1.73
0
0.01
0
0
0
0
0
0
0.01
0.58
0.02
0
0
0
0
0
0
0
3.59
0
0
0
0
0
0
0
0
0
0
0
0
0
0
0
0.04
2.34
13.5
8.46
14.16
1.57
2.11
0.2
0.01
11.8
2.43
0.16
0
0
0
0
0.11
6.64
4.26
6.85
4.22
0
0
3.02
0
0
0
0
12.97
8.76
22.33
8.99
0.36
2.68
0
0
0
0
0.02
0
0
0
0
0
0.04
0.22
0.05
0.07
0
0.04
0.02
0.02
0
0
0.02
0.48
1.28
2.13
0.16
0.16
0
0.02
0
0
0
0
0
0
0.01
0.02
0
0
0
0
0
0
0
0
0
0.04
0
0
0
0
0
0
0
0.25
0
0
0.01
0
0
0.41
0.31
3.84
0.33
0.01
0
0
0.01
0.09
2.05
3.54
1.86
3.47
3.35
0
0.03
0
0
0
0
0.14
0.02
1.27
0.38
0.03
1.86
0.63
0.37
0.16
0.01
0.29
1.29
1.71
11.52
1.8
0.02
0.01
0
0.06
0
0.01
0.05
0
0.06
0.19
0.05
8.1
0.84
0
0.04
0.02
0
0
0
0
0.01
0.01
0.2
0.01
0.01
0
0.01
0
0
0
0.02
0
0
1.12
4.98
3.77
0.43
12.31
5.02
2.8
0.67
0.09
0
0
0
0.02
0.11
10.28
8.48
13.52
6.78
2.08
0
0
0.03
0.05
0.04
0
0
0
0.01
0
0.95
0.2
0
0.2
0
2.95
3.7
0.07
8.43
7.79
3.04
0.55
0
9.39
15
2.68
0
0.19
1.17
0.13
0.02
1.3
0
0
0
0
0
0
0
0
0
0
0
0
0.39
2.79
0
0.46
4.59
3.48
12.81
24.76
2.72
0
0.16
0
0.63
0
0
0
0.32
0.01
0
0
0.48
5.47
0
0
0
0
0
0
0
0
1.61
0.02
0.02
15.59
10.4
19.95
7.25
10.2
3.93
0
0.01
0
0.21
0
0
0
0
0
0
0
0
0
0
0
0.03
0.04
0
0.01
0
0.14
19.42
0.01
0
0
0
0
0
0
0.67
0.01
0
0
0
0
0.01
0
0
0
0
0
0
0
0.14
4.1
0
0
0
0
0
0.07
0.06
0
0
0
0
0
0
0
0.36
0
3.57
1.53
0
0
0
0.92
11.29
0.23
0.35
3.8
0
0
4.57
0
16.32
7.56
0.25
5.77
3.27
0
0
0
0
5.39
0.39
0
0
0
0
0.07
0.52
0.1
0.02
0
0
0
0
2.23
3.96
11.2
3.68
1.44
9.06
1.99
2.67
0.19
0
0
0
0.02
0.57
0
0
8.22
1.04
0
0
0
0.01
1.37
10.69
23.19
23.34
0
0.93
0
0.04
0
2.95
0.43
0
0.1
4.99
14.29
0.3
0.18
0.02
0.03
0
0
0
1.13
7.95
0.25
0.01
0.37
0.02
0
0
0
0
0
0
0.01
0.27
1.71
13.52
6.53
4.22
4.84
0.6
2.06
12.9
2.44
7.19
15.79
2.36
6.79
0.03
0.53
1.7
3.55
2.66
0.77
6.17
1.11
0
0
0.67
0
0
0.27
5.04
8.8
4.18
0.62
1.86
0.54
0
2.29
4.08
3.14
8.83
0.3
0
0.06
0.02
0.71
1.37
3.65
9.83
0.08
0
3.52
1.98
1.25
11.87
3.21
4.95
10.23
1.73
8.85
1.26
3.6
0.13
0.08
0.01
0
0
0
0.01
0.06
5.39
5.73
9.3
4.02
10.21
0.5
0
0
0
0
0
1.88
1.38
1.67
0.77
0.96
0.07
0.72
0.07
0
0
0
0
0
0.11
0.16
0
0.08
0
0.01
0.01
3.68
5.48
2.64
1.39
0.65
2.05
9.2
11.83
9.91
1.26
0
0.02
0.01
0.38
0.52
2.02
0
0.13
0.01
0.09
0
0.04
0
0.15
0.8
3.45
0.14
0
0.08
0
0.2
0
0.19
1.05
1.79
0.21
9.62
10
6.36
9.02
28.91
5.25
0.83
0
0.22
0
0.2
0
0.23
0
1.07
2.53
1.64
0.17
5.68
5.12
3.45
0.4
0.38
1.66
7.66
2.2
0.09
0.02
1.38
0
1.25
3.48
0
0
0.1
0.59
0
0
0
3.3
6.72
20.05
5.73
3.32
1.36
0
0.78
0.2
0
0
4.59
14.23
0.58
0
0
0
0
0
0.41
1.97
0
0
0
0
0
0.42
0.74
8.16
0.63
0.51
8.64
2.75
0
0
0
0
0
0
0
0
0
5.66
0.76
0.06
0
0
0
0
0
0.56
1.15
0.01
0
0.01
0.01
0
0
0
0
0
0
0
0
0.03
0
0
0
0.03
3.88
0
0.87
0.7
0
0
0
0
0
0.09
0
0
0
0
0
0
0
0
0
0
0
0
0
0
0
0
0
0
0.63
0.7
0
0
0
0
0.27
0.04
0.73
0.54
0
0
2.5
6.59
3.58
0.25
0.02
0
0
0.04
0.01
0
0
0
2.01
8.84
12.38
1.96
4.91
0.01
0.05
0
0
0
0
0
0
0
0
0
0
0.01
0
0
2.15
0
0.01
0.01
0.71
0.47
9.73
0.79
14.3
3.74
8.31
0.09
0
0.01
0
0
0
0.08
0.03
1.31
0.29
17.7
2.5
0.48
14.14
3.12
17.71
9.54
1.5
5.14
0
0
0.3
10.12
2.27
1.97
13.16
2.06
16.53
18.14
0.67
0
0
0.01
0.26
0
0
13.79
0
0.77
0.06
0.04
0.01
0.22
11.1
13.53
0
0
0
0
0
1.34
5.78
0.23
0.04
12.1
0
0
2.57
7.73
4.06
0.13
0.01
0.18
1.86
3.41
0.25
0.37
0.27
0
0
0.06
0.02
0.01
0
0.03
0.52
3.48
0.19
0.02
0.01
0.04
0
0
0
0
4.7
0.05
2.24
0.47
0.13
0.07
0.02
0.03
0
0
0
0
0.49
0
0.01
0
0.05
0
0.66
0.2
0
0.6
0.05
0
2.05
0
0
0
0.05
0.47
7.84
5.79
0.83
0.27
3.22
2.98
0.47
0
0.01
0
0
0
0
0
0
0
0
0
0
0.41
0
0.58
0
0
0.85
4.63
4.5
3.93
4.2
10.07
12.2
4.46
4.16
2.59
0.3
0.02
0
0.48
0.09
0.05
0.34
0.63
0
2.3
3.24
2.4
15.54
1.02
0
0.01
0
0.21
1.77
0.03
0
0
0
0.51
0
0
0.9
15.06
5.62
8.16
11.22
1.52
12.87
1.68
0
0
0
0.06
0
0.32
0.02
0
0.07
0
0.67
0
11.7
14.78
0.52
6
0.02
0.02
6.33
2.71
0
0
0.37
0
5.19
25.37
8.53
1.33
5.85
23.88
4.27
4.43
5.42
0
2.05
0.41
6.1
4.08
3.77
0.02
0
0
0
0
0.59
0.07
0.05
0
0
7.17
4.23
2.61
1.4
1.41
7.25
0.09
2.4
0.04
0
0.01
0
0
0
0.08
2.62
6.8
1.11
0.86
1.87
1.21
4.35
0
0.01
0.01
0
0.19
1.37
1.06
0
0
0
0
0.19
0.03
0
3.95
0.24
0.16
0
0
0
0
0
3.31
17.56
0.09
0
0
0
0.01
0
0
0
0
14.32
1.3
0
0
0
0
0
0
0
0
0
0.02
3.32
0
0
0
4.16
1.43
0.02
0
0
0.07
0.05
0.38
3.57
2.38
0.7
0
0
0
0
0
0.06
0.01
1.68
0.05
0.01
0
0.01
0
0.01
0
0.02
0.02
0
0
0.01
1.26
8.84
28.39
2.27
0.35
0.47
0
0.01
0.05
0
0
0
0
0.05
0.04
0.04
0
0
0
0
0
0
0
0
0
0
0
0
0
0
0
0
0
0.03
0.03
0.34
0.15
0.25
0.01
0.18
0.49
0.35
0
0.01
0
0
0.08
2.02
8.03
9.73
4.8
0.91
0
0
19.26
8.46
7.11
14.14
4.87
2.3
2.49
1.01
0.7
0.61
15.01
3.93
0
0.07
0.09
0.21
0.84
0.05
0.01
0
0
0
0
0
0
0
0
0
0
0
0
0
0
0.2
6.01
4.38
1.77
13.34
2.96
8.09
0.09
1.84
0
0
0.25
0.08
0.27
0.01
0.06
0.02
0.12
0.1
0
0.01
0.22
0.02
0
0.01
0.01
0.01
0
1.54
2.82
0.25
0.07
0
0
0
0.02
0
0
0
0
0.05
0.17
0.01
0
0
0
0.01
0.01
0
0
0
0
0
0.05
0
0
0
0.01
0.91
2.57
0.95
0.02
0.09
0.01
0
0
0
0.24
0.06
0.04
1.15
3.51
0.03
0.02
0
0
0
0
0.11
0.16
0.58
0
0.02
0.32
0
1.59
2.19
8.05
1.46
0.28
0.01
0.02
0.03
0.44
0.05
0
0.14
0.11
0
0.21
0
0
0
0
0
0
0.02
0
1.36
0.22
0
0.26
0
0.09
2.27
0
4.59
1.95
0.76
9.02
0.13
1.06
0
0
0
1.64
7.03
1.67
2.85
0.88
0
0.06
0.57
0
0
0
0
0
3.33
1
0.03
0.07
0.45
0
0.16
0.01
0
0
1.96
0.01
0
0
0
0
0
0
0
0
0
0
0
0
0
0.26
0
1.26
0.28
8.04
1.9
0
5.66
4.9
0.61
0
0
0
0
0
0
0
0
0
0.27
0.3
2.84
15.74
0.95
6.49
0.28
0
0
0
0
0
0.04
0.45
0
4.18
0
0
0
0
0
0
0
1.75
3.92
5.65
6.64
0.55
0
1.55
12.23
0
0
0
0
0
0.03
0.04
0
0
0
0
0.02
0
0
0
0
0
0
0
0
0
0
0
0
0
0
0
0
0
0
0
0
0
0
0.07
0.1
0
0
0
0
0
0
0.02
1.91
0.21
0
0
0
0
0.2
0.1
0
0.12
0.03
0
0
0
0
0
0
0
0
0
0
0.13
0
0
0
0
0
6.66
19.21
5.26
1.25
0
0.02
0.01
0.01
0
0
2.08
0
0.01
0
0
0
0
0
0.01
0
0.2
0
0
0
0
0
0
0
0
0
0
0.01
0
0.2
0.42
1.21
2.71
3.69
5.12
0
0
7.59
3.86
0.57
3.59
1.84
12
0.02
0
0
0
0.39
19.09
0
5.63
2
0
0
0.09
0.05
0
0.02
0.05
6.37
3.75
0.2
0.27
8.96
11.4
26.73
6.73
1.97
1.03
0
0
0
0
0.02
0.76
0.57
1.13
0.48
0.47
0
0.5
0
14.41
25.19
0.5
1.95
0.41
0.06
0.02
0
0.02
0.01
0
0
0.01
0
0
0.01
0.01
0
0
0.01
0
0
0.07
0.05
0
10.25
7.87
1.27
1.93
0.08
0.48
0.17
0
0.08
0
0.79
1.66
2.02
2.12
10.95
0
0
0
0
2.09
1.43
1.53
0.65
0.04
0.01
0.01
0
0
0
0
0
0
0.05
0
0
0.27
0
0
0
0.09
0
0
0
0
0
0
0
0
0
0
0
0.41
0.21
1.82
5.75
3.52
3.52
3.67
1.21
4.49
1.04
13.31
5.07
0.13
1.02
0
0.4
1.14
13.5
2.92
1.52
0.41
0.21
0.38
0.14
0
0
0
0
0
0.29
2.4
5.22
4.47
2.15
2.94
2.33
4.91
1.68
0.13
0
0.29
0
0
0.01
0
0
0
0
0.17
0.45
1.87
2.45
0
0.01
0
0
0
0
9.98
1.41
1.79
3.85
0.49
0.97
0.51
15.25
0
0.25
0
0
0
0
0
0
0
0
0
1.69
4.87
2.93
2.24
0.55
0
0
0.16
0.05
2.59
2.29
0
0.08
0.01
0.31
0.21
0
0.01
0
0
0
0
0
0
0.03
0
1.14
0
0
0
0
0
0
0
0
0.14
1.69
14.35
0.2
0
0.17
0
0.2
29.55
1.37
7.02
2.89
2.4
6.27
0
0
7.28
15.23
0
0.16
2.42
3.25
0
1.07
0
0
0
0
0.01
0.01
0
0
0
0
0.05
0.95
1.98
0.19
0.69
5.48
6.4
10.97
2.3
0
0.2
0
0.01
0
0
0
0
0
0
0
0
0
0
0
0
0
0
0
0
0
0
0
0
0
0
0
0.2
13.16
0.01
0.12
0
0
0
0
0
0
0
0
0
0
0
0
0
0
0
0
0.39
0.79
5.98
1.11
0
0.15
8.23
10.39
11.47
13.05
1.58
0
0
0
0
0
23.52
8.94
0.14
2.54
0.87
0
0
0
0.02
0
0.03
3.45
0.32
1.03
0
0.36
0.01
0
0
0
2.65
0.28
0
0
0
2.73
14.85
6.3
7.61
11.34
0
5.82
10.64
0
0.71
0
0
0
0
0
0
0.6
8.08
12.34
3.45
0.27
0.55
3.17
1.7
0.64
0
0
0
0
0
2.26
8.87
0.95
0
0.36
0.16
0.7
0.48
2.84
2.24
1.2
0.04
0.27
0.3
0
0.48
0.02
0.06
0.73
4.22
10.96
5.38
11.55
0.5
0.04
0
0
0.02
0
0
0
0
0
0.29
0.01
0.01
0
0.34
0.35
0.09
0
0
0
0
0
0
0
0.02
0
0
0
0.01
0
0
0
0
0
0
0
0
0
0
0.01
0
0
0
0
0.02
4.22
1.89
3.36
2.46
1.24
0.07
0.16
0.91
0.72
0
0.6
4.58
3.7
4.32
1.77
0
4.47
14.31
5.41
3.07
4.59
2.78
1.38
3.58
0.38
5.11
3.22
3.14
0.21
6.78
1.43
0.16
4.41
1.18
4.68
0.24
0
0.23
0.01
0.01
0
0.03
0.02
2.52
4.25
0.35
0.03
0
0
0
0.04
0.01
0
1.55
0
0.04
0.22
2.43
0.58
0
0.05
0
0.03
2.39
14.89
4.97
1.44
3.49
7.29
8.25
5.67
3.29
1.38
0.9
5.84
5.41
2.73
2.04
0.86
4.92
13.29
5.13
0.89
0
0.97
0.54
0
0.06
0.03
0
0.26
0.01
0.51
5.68
7.24
3.41
5.75
3.76
7.45
0.65
6.57
7.32
2.16
0.26
0.21
0
0.26
0
0.01
0
0.16
4.55
1.08
0
0
0.17
8.07
8.5
11.84
5.43
1.16
2.08
3.97
4.36
4.53
0.98
0.46
0
0.02
0
0
0
0
1.08
0.09
0
0.09
0.05
0
0
0
0.11
0
5.06
3.11
14.62
2.38
0.77
0
0
0
0
0
0
0
0
0
0
0
0
0
0
0
0
0
0
1.72
0
0
0
0
0
0
0
0
0
0
0
0
0
0
0
0.01
0
0
0
0
0
0
0
0
0
0
0.01
0.04
0.63
1.69
0
0
0
0
0
0
0
0
0
0
0
0
0
0
0
0
0.46
1.91
0.59
0
0.19
0
0
0
0
0
0
0.02
0
0
0
0
0
0.11
0
0
4.47
0.36
1.17
0.86
0
0.73
0.38
0
0.02
3.86
2.08
0
0
0
0.1
0
1.52
1.31
0.04
0.82
1.24
1.26
18.41
6.36
2.2
0.14
0
0
1.5
0.05
0
0
0.02
0
0
0
0
0
0.15
0
0.13
6.68
0.59
0
0.01
0
0
0.19
0.02
0
0
0.03
0
0
0
0
0
0
0
0
0
0
0
0.02
0
0
0
0
6.97
17.2
2.98
3.95
0.7
0
0
0
0.01
0
0
0.25
0.55
0.12
0
0
0
0
0.01
0.09
0.03
0
0
0
0
0
0
0.51
2.48
0.15
0.21
1.49
2.67
0.72
0.04
0
0
0.08
0.02
0
0
0
0
3.81
5.36
6.08
1.52
0.09
0.04
0.01
0.04
0.63
0.79
9.05
1.12
1.47
0.48
4.47
0.9
0.17
0
0
0.98
0.13
0
0
0
0.01
0
0
0
0
0.01
0
2.21
1.5
7.58
3.85
0
0
0
0
0.13
0
0
0.01
0
0.12
0.5
0
0.46
1.14
15.48
4.99
0.26
0.52
0
2.23
0.24
1.03
1.56
0.18
0
0
0
0
0.77
0.49
0.16
0
0
0.46
0.89
0.02
0
0
0.32
0.04
0
0.88
0.27
0
0
0.25
10.24
0.24
2.02
0.04
1.83
1.18
0
0
2.99
1.25
0
0.05
0
0
0
0.02
22.17
15.92
18.14
22.47
3.92
0
4.54
1.76
0
11.18
17.41
12.48
18.75
14.13
7.97
0.96
4.58
1.14
0.01
0
0
0
0
0
0
0
0
0
1.28
0.77
1.44
4.75
21.05
21.82
9.81
3.06
7.96
0.55
1.88
3.44
2.59
6.08
1.2
0
2.03
0.73
9.52
4.76
4.19
0.66
1.01
3.77
3.79
2.4
9.22
4.55
7.13
1.53
0.54
4.82
1.4
0.41
2.98
7.13
7.04
2.41
1.02
0.05
0.15
0.36
8.21
2.23
0
0
0
0
0.02
3.23
4.05
0
0
0
0
0.46
0.14
0.01
0
0
0
0
0
0
0
0
0.22
0.08
2.04
0.27
0
0
0
0
0
0
0.02
0
0
0.05
0
0
0
0
0
0
0
0
0
0
0
0
0.08
0
0
0
0
0
0
0.02
0
0
0
0
0.02
0
0
0
1.26
1.41
3.27
0
0.05
0.18
3.41
5.19
0.08
0
0
0
0
0
0.06
1.2
6.72
3.35
0.1
0
3.62
2.95
0
0
0
0
0
0
0.01
0
0
7.84
7.3
2.34
0
0
0
0.09
0.46
0
0.16
0
0
0
0
0
0
2.86
0.64
0.91
0.16
14.82
11.34
0.09
1.03
0.32
1.55
6.12
6.99
1.39
4.52
14.44
5.19
1
0
0.66
0
13.66
11.93
0.71
10.93
26.35
13.22
6.92
0.72
0.66
0.1
0.08
0.32
0.53
0
0
0.25
0.1
0.01
0.25
0.01
0
0.05
0.59
0
0
0
0.01
0
1.1
0.16
0.02
0.51
6.44
6.27
0.95
4.21
1.91
1.11
5.29
0.35
2.25
13.76
9.5
3.33
0.72
1.18
0.22
8.4
0.52
0
0
0.13
0
0
1.17
0
0
0.25
0.03
0.01
0.02
0.05
0.04
0.01
0.03
0
1.27
0.4
2.52
0.14
0.03
0.48
1.14
1.41
4.1
2.3
0.02
0.01
0.25
0.03
0.02
0
0.02
1.4
6.52
7.51
0.97
8.73
7.14
2.38
4.1
0.68
0
1.77
2.84
1.3
1.88
3.11
4.96
2.2
6.89
8.01
3.42
1.22
0.86
3.05
1.08
0
0
0.03
0.22
0
0
0
0
0
0
0
0.27
0
0
0
0.13
0.06
0.33
5.48
1.38
1.35
8.59
4.16
1.89
0
1.1
0.81
0
0
0
0
0
0
0
0
0
0
0
0
0
0
0.03
0
0
0
9.9
0.3
0.33
0.12
2.64
0
0
0.3
0.07
4.66
5.21
0.04
0.78
17.35
8.02
2.91
0.23
3.5
4.47
7.99
1.98
4.24
0.5
0
0
0
0
0.02
0.32
1.05
0.19
0.04
0.07
2.78
0.98
0
0
1.05
0.01
0
0.18
0.65
4.52
2.3
0
0
0
0.02
0
0
0
0.28
0.05
2.25
0.05
0.02
1.1
5.73
0
0.56
0
1.03
0.13
0.67
0.38
0
0
0
0.09
0.21
3.55
1.17
0.46
0
0
0
0
0.39
0.56
2.61
0
0.12
1.37
0.23
0
0
0
0.04
0
0
0.01
0
0
0
0
0
0
0
0
0
0
0
0
0.79
0
0
0
0
0
0
0
0
0
0
0.01
0.05
0
0
0
0
0
0
0
0
0
0
0
0
0
0
0
0.31
0.16
20.39
5.18
2.95
0.73
0.13
0.3
0.98
0
0
0
0
0
0.01
0
0
0
0
0.65
0
0
0.1
0
0
0.05
0
0
0
0
0.67
0
2.77
0.27
0
0
1.02
2.08
1.85
0
0.35
1.36
8.43
6.5
0.23
0
0
0.01
0
0
0
0.02
0
0.67
7.88
2.56
4.58
0.02
0.06
0.08
0
0.07
0.89
1.14
0
0
0
0
0.07
0.09
0.01
0
0
0
0.01
14.7
12.5
2.45
0
0
0
0
0
0
0
0
0
0.62
0.02
0.03
0.04
0.09
2.01
2.34
1.18
0.14
0
0.01
0
0
0.51
0.56
0
0
0
0
0
0.96
0.2
0
0
0.89
2.34
0.63
2.1
10.16
2.19
0.43
9.65
5.19
0
0.13
0.9
4.49
0.26
0.2
0
0
0.39
5.35
4.16
0.21
3.02
3.36
1.19
0
1.23
14.59
21.46
27.96
17.11
18.88
6.13
2.97
15.84
25.76
16.44
7.93
5.8
0
3.73
8.09
3.04
0.77
7.52
2.63
0.15
3.84
1.26
6.86
12.3
3.82
0
3.86
2.22
1.69
3.44
0.02
0.06
0.15
1.22
0.02
0.55
0
0.04
0.02
0
0.48
3.3
0.92
0
0.45
5.72
1.86
0
0.08
9.94
3.92
0.64
0.07
0.02
0.02
2.38
5.01
10.9
6.23
2.8
0.98
0.07
4.29
9.79
13.1
2.82
11.91
3.84
1.09
2.42
0.08
6.53
5.68
1.15
6.12
3.65
6.59
4.25
1.48
0.02
0.3
0
0.2
0.22
0.02
0.14
0
0.16
0.32
0.06
3.08
1
1.47
17.41
15.32
1.13
0.37
1.26
6.41
0.52
2.55
0.41
0.16
3.71
1.8
0
1.83
2.32
2.04
0
0
0
4.75
5.74
7.07
4.49
5.95
8.42
4.76
2.4
0.1
1.69
6.44
0.89
0
1.09
0
0.18
0
0.64
1.89
0.56
4.48
5.95
3.77
0.2
0
3.67
8.71
7.89
5.28
10.79
12.77
12.05
4.26
0.11
0
0
0
0
0.01
0.7
0.02
0.42
0.1
0.1
0.03
0
0.79
0
0.38
0
0
0.08
0
0.21
0
0
0
1.72
11.03
6.28
9.29
4.91
6.48
7.28
1.59
1.25
0.02
0.4
1.19
0
0
0
0.01
1.18
5.82
0.47
9.98
0.69
6.79
0
0.04
11.48
1.07
1.1
0
0
0
0
0.02
0
0.56
0
0
0
0.01
0
0
0
0
0
0
0
0
0.01
0
0
0.07
0
0
0
0
0
0.06
0
0
0
0
0
1.82
0
3.97
0
0
0
0
0
0
0
0.33
0.4
0.84
0
0
0
0
0
0
0
0
0
0
0
20.32
9.04
0
0
0
0.34
0.39
0
0
0
0
0.32
0
0
0
6.63
12.52
4.05
0.08
0.43
0.01
0
2.66
0
0
0
0
0.11
0
0
0
0.28
3.94
0.87
0
0.01
0.11
1.51
16.8
6.16
2.78
0.86
0.17
0
0.01
0
0
0
0
0
0
0
0
0.03
0.01
0
0.09
0.15
2.55
13.04
10.03
1.93
0.66
0
0
0
0
0.43
13.39
4.25
0.15
0
0.05
0.04
8.35
2.55
0.39
0.85
0.74
2.98
7.02
2.9
0.69
0
0.29
0
0
0
0.05
1.56
5.36
6.32
10.32
0.89
0.4
3.3
6.67
7.88
4.89
0.36
0
0.03
0.12
1.02
0.11
0
0.02
0.53
0
1.05
3.08
12.9
10
5.23
0
0
0
0.01
0
0
1.33
1.33
0.12
0.01
0
1.08
2.35
2.06
1.21
6.3
3.37
3.26
0.41
0
0
0
0.02
0
0
0.01
0.15
0.06
0
0
0.01
0.01
0
0.06
1.79
10.43
4.47
2.42
1.63
0.02
0
0.01
0.02
0
0
0
0
0
0
0
0
2.2
4.06
5.14
10.11
6.35
0.98
5.8
2.77
0.46
0
0
0
0.02
0.14
0.37
1.45
0
0.19
2.53
2.06
0.12
0.57
0.05
0.18
0.82
0
7.33
3.41
3.64
5.76
11.9
18.04
5.81
0.28
0
0
2.59
1.02
3.81
3
1.25
4.84
4.63
0.38
0.07
0
0
0
0
3.71
0
0.12
0
0
0.16
0.72
0
0.03
0.01
0.01
0
0
0
0.12
0
2.7
1.75
28.14
3.78
4.55
0.5
0.2
0.14
0
4.61
7.55
2.18
1.35
3.5
1.68
0
0.71
0.96
13.19
2.78
0.01
0.34
0
8.23
3.04
5.02
1.49
0
0.38
0.65
0.33
0.24
0.23
0.46
0.15
0.66
0.45
0.53
21.2
12.62
16.95
9.57
2.07
0
0
0.27
0.07
0.1
3.91
6.17
1.36
0.04
0.29
0
0
0
0
0
0
0
0
0
0.03
0.15
0
0.02
0
0
0.01
0.15
0.03
1.2
1.41
0.04
0.18
1.08
0.01
0
0
0.01
0
0
0
0
0.39
0
0
0
0
0
0.04
0.02
0
0
0
0
0
0
0
0
0
1.77
1.77
0
0.05
0.3
0
0
0
0
0
0
0
0
0
2.46
0.71
0
0
0
0.65
0
0
0.01
0.02
0
0
0
0
0
0
0
0.01
0
0
0
0.9
1.79
0.01
0
0
0
0
0
0
0
0
0
0
0
0.03
0
0
0
0
0.04
0
1.06
0.31
0
0.07
0
0
0
0
0
0
0
0
0
0
0.01
0
0
0
0
0
0
0
0
0
0
0
0.02
0
0
0
1.39
9.06
4.68
3.52
6.34
4.66
0
0
0.04
0.07
4.86
15.89
15.93
10.65
5.48
1.7
0.16
0.23
1.62
0.58
0.38
0.12
4.25
2.45
0.06
1.05
1.41
0.43
1.57
0.86
6.26
1.25
0.41
0
0
0
0
0
0.03
0.95
4.89
0
0.45
0.98
0.09
0
0
0.29
0.02
0.07
0.27
0.77
0.61
0.28
3.51
0.93
0.04
0.02
0.06
0
0
0
0
0
0
0
0
0
0
0.29
0.55
0.36
0
0
0.01
0.02
0.01
0
0
0
0
0
0
0.21
1.17
7.89
2.34
0.01
0
0.01
0
0
0
0
0
0
0.21
0.25
0.04
0
0
0.36
0.06
0
0
3.98
1.17
0.03
0.03
0.06
0
0.02
0.08
0
1.58
0.16
0.04
0.02
0
0.01
0
0
0
0
0
0
0
0
0
0
0.02
1.23
0.07
0.82
0
0
0
0.02
0
0
0
0
0
0
0.01
0.03
0
0.01
0.02
5.39
4.45
0.38
0
0.04
0
0
0.02
0
0
0
0
0.23
10.49
6.74
8.88
5.7
5.5
0.5
0.05
0.42
2.7
1.56
4.41
2.3
6.24
1.36
0
0.63
6.77
5.67
1.22
0.59
0.03
0.1
0
0.21
0.18
7.27
11.75
8.51
4.03
1.22
0
4.37
8.84
1.36
0.79
0.09
0.57
0
0.01
0
2.05
1.25
1.16
0
0
0.01
0
6.98
6.25
0.29
0
0
0
0
0
0
0
0
0
0.02
0.54
3.13
1.2
0
0
0
0
0.08
0
0
0.02
0
0
0
0
0
0
10.14
7.73
3.03
0
0
0
0
0
0
0
0.01
0
0
0
0
0
0.01
0.01
0
0
0
0
0
0.13
0
0
0
0
0
0
0
0
0
0
0
0
0
4.11
0.27
5.13
0
0.01
0
0
0
0
0
0.02
2.02
0
0
0
0.02
0
0
0
0
0
0
0
0
0.06
0
0
0
0.01
0
0
0
0
0
0
0
0
0
0
0
0
0
0
0.23
0.57
3.34
0.15
0
0
0
0
0
0
0
0
0.09
0
0.07
0
0
2.11
0.05
6.48
5.58
0.98
18.18
0.48
0
0
0
0
0
0
0
0
0
0
0
3.52
1.98
0.02
4.2
1.91
0
0
3.9
10.25
14.68
11.14
2.33
0.01
3.02
5.8
8.24
2.88
0.45
0.32
7.32
2.86
0.5
6.77
13.9
13.64
0
0.02
0.17
13.24
5.84
8.65
0.99
0
0.03
0
0
0.13
9.24
1.2
0
0.02
0.63
0
0
0
1.98
10.71
0.5
0
0
0
0
0
0
0
0.1
0.06
0.2
0.01
0.02
0
0
0.1
1.19
7.87
2.46
2.14
0.75
0.09
0.09
0.47
0.21
0.01
0
0
3.76
0.12
0.02
0
0.74
0.1
1.03
0.66
0.01
0
0
0
0
0
0.01
0.26
0.01
0.25
4.63
1.46
0.11
1.62
5.55
4.31
13.49
10.11
4.75
1.14
9.61
6.12
0.43
0.27
0
5.86
0
0.05
0
0.01
4.77
2.48
0
0
0.33
0.11
0
0.02
0.02
6.11
0.45
0
0.07
0.01
0.05
0
1.35
0.43
2.52
0.12
6.35
9.37
1.04
0.65
0.66
0.67
0.59
4.66
1.41
0.01
0
3.5
5
5.26
11.55
9.94
4.55
4.05
6.25
3.95
1.6
0.04
0.04
1.59
9.71
2.73
7.89
1.18
0.4
1.09
1.37
2.86
10.29
20.41
10.02
5.61
12.97
2.48
9.24
1.56
2.43
5.23
11.54
1.98
0.3
2.45
0.19
0.5
0
1.77
0
0
0
0
0
0
0
0
0
0
0
0
0
1.2
11.57
3.63
10.98
3.32
2.69
1.46
0
0.01
0
0
0.01
0
0
0.93
1.17
0.58
0.1
0
5.22
3.82
4.18
8.94
12.62
2.67
1.18
0
0
0
0
0.37
4.05
2.39
2.02
0.95
0.48
0
0
0
0
0
1.77
0.7
1.69
2.04
2.79
0.32
0
0
1.07
0
0
0
0
2.51
1.8
0.49
1.44
0
0
0
0
0
0
0
0
0
1.33
0
0
0
0
0
0
0.01
4.9
1.6
1.31
0
0.04
1.58
0
0
1.48
0
1.07
5.13
7.92
0
0
0
0
0
0
0
0
0
0
0
0
0
0
0
0.02
4.15
0.01
0
0
0
5.96
0.06
0
0.43
0.28
0
0
0
0
0
0
0
0
0.01
0.09
0.24
2.72
0.58
0
0
0
0
0.02
0
2.95
0
2.23
0
0
0.13
0
0
0
0
0
0
0
0
0
0
0
0
0
0
0
0
0.7
10.56
1.55
1.5
0.39
2.84
3.3
10.75
0.07
0
0
0
0
0.02
0
0
0.01
0.01
0.04
0
0
0.02
5.16
0.32
0.05
12.31
0
0.85
1.46
0.04
0.01
0.04
0
0
0
0.02
0.06
0.08
5.59
0.18
0
0
1
0.13
0
0
0
0
0
0.24
6.71
14.96
8.86
2.46
0
1.11
0.15
0.02
0.01
0.01
0
0.98
0.48
0.42
0.49
0.04
0
0
0
0
0
0.19
0
0
0.07
0
0.04
0.7
0
0.04
0
0.01
1.72
9.3
0.72
0
0
0.75
26.36
12.51
0.26
5.71
2.66
0.18
0.05
0.44
6.3
6.89
11.36
12.02
3.4
0.22
0.03
0.04
0
1.73
0.15
4.32
4.57
3.3
3.34
2.16
2.64
5.7
2.1
0.02
3.59
2.27
0.08
0
0.07
0.02
0.02
8.49
5.82
3.75
2.94
0.48
0.06
1.32
14.91
5.36
10.87
4.94
7.05
15.49
3.43
4.04
2.68
1.87
1.83
3.96
0.46
1.56
1.07
0
2.27
0.46
0
0.01
0.72
1.45
2.3
1.84
0.97
12.1
6.27
0.69
0.25
0.68
0.03
0.02
0
0.06
0
0.02
0
0
0.04
0.05
0
0.02
0.01
0.18
1.48
1.55
2.73
0.06
3.93
3.53
1.89
0.08
0.02
0.11
0.15
0.09
0.3
4.83
3.1
1.01
0.25
0
0
0.92
0
0.34
0.19
2.38
0
0
0.66
0
0.97
0
1.55
2.23
9.2
0
0
9.88
0
2.55
1.27
0
0
0
0
0
0
0
0
0
0
0.45
0.2
0.01
0
0
0
0
0
0
0
0
0.95
0.77
7.2
1.91
3.34
5.3
2.22
0.38
0.21
3.52
0
0
2.23
0.01
0
0
0
0
1.73
0
0
0
10
6.11
5.2
0.06
0
0
0
0.03
0
0.02
0
0
0.3
1.5
6.44
0.9
0.82
0
0.01
0
0
0.03
5.48
37.73
0
0
12.45
0.2
0
0
0
0
0
0
0
0
0
0
0
0.04
0
0
0
0
0
0
0
0
0
0
0
0
0.02
0.52
3.95
0
0
0
0
0
0
0
0
0.02
0
0
0.01
0
0
0.04
0.01
0
0
0
0
0
0
0
0
0
0
2.42
4.27
0.81
0.09
0
0
0
0
0.19
0.18
0.13
0
0
0.02
0.03
0.9
1.15
0.11
1.09
0.74
0.19
0.16
11.99
18.2
4.79
3.85
0.16
0
2.54
4.04
1.8
0.14
0.96
0.38
0
0
0
0.01
0.01
3.31
10.72
14.67
10.04
10.32
5.43
2.59
1.24
0.22
0
0
0
0
0
0
0
0
0.14
0
0
0.01
0
0
0
0.07
0.96
24.54
4.64
0.03
0.04
2.68
3.25
0
3.41
8
1.8
11.35
9.52
3.81
1.32
1.8
0.04
0
0.01
0
0.02
1.29
0
10.13
3.29
3.71
21.33
5.04
2.55
3.81
0.94
0.32
0.73
0.01
1.63
1.23
0.05
0.02
0
0
0
5.73
13.09
0.48
1.37
0
0
0.04
0
0
0.15
0
0
0.01
0
0.68
0.54
0
0
0
0
0.02
0
0
0
0
0
0
0
0
0.01
0
0.01
0.12
8.06
0.3
0.12
1.31
0.88
0.32
1.95
1.61
0.89
0.01
0
0
0
0.02
1.26
28.85
0.92
0.04
4.35
6.03
2.26
2.27
0.57
0.05
0
0
0.04
4.19
1.25
0.39
1.34
0.44
0.78
0.01
0
0.07
2.34
1.8
0.09
1.02
0.29
0.23
0.23
0.02
0
0.02
0
0.03
0
0
0
0
0
0
0
0
0
0
0
0
0.07
0.58
12.55
2.08
5.97
6.45
5.37
10.91
1.63
0.23
0.01
0
0
0
0.02
0
0
0
0
0
0.09
0
0
0.16
3.93
1.47
0.85
0.51
0
0.02
0.2
2.69
0.73
0.81
0
0
0.01
0
0
0
1.18
10.04
3.56
0.23
0.58
0.01
0.01
0.03
0.02
0.02
0
0
0
0
0
0
0
0
0
0
0
0
0
0.05
0
0
0
0
0
0
0
0
0
0
5.86
0.25
0.02
0
0
0.41
0
0
0
0
0
4.4
9.44
15.86
5.52
4.18
0
4.41
0
0.01
0
0
0
0
2.27
2.45
4.38
0.01
0
0
0
0
0.03
0.02
0.01
0.01
0.11
0
0
0
0
0
0
0
0
0
0
0
0.24
1.23
0.62
0
0.53
0
4.98
4.27
0.01
0
0
0
0
0.02
0.04
7.59
0.02
0
7.72
0.02
0
0.12
1.02
10.01
0.02
0
0
0.01
0.01
0
0
0
0.15
0
0.01
0
13.27
2.05
0.27
0.79
0
0
1.01
0
0.07
3.55
0.95
1.27
0
0.03
5.99
0.55
0
1.69
0.02
0
0
0.02
0.03
0.02
0
0.16
12.35
0.1
0
0
0
0
0
0
0
0
0.03
0
0
2.87
5.57
0.01
0.63
0.08
2.15
5.71
2.88
0.03
0
0
0.06
0.79
0.67
8.23
0
0
0
3.24
5.93
1.88
0.19
0.02
0
0
0
0
0.72
3.47
4.1
0
0.03
0.01
5.83
24.22
2.02
0.29
0.04
0
0.02
0.03
0
0
0
0
0
0
0
0
0
0
0.02
1.15
2.83
0.08
0.04
1.98
0.58
0.02
0
0
0
0
0
0
0
0
0
0
0
0.01
0
0
0
0
0.58
0.24
0.05
0
0
0
0
0
0
0
0
0
0
0
0
1.48
0.83
1.13
1.7
6.57
0.09
16.63
36.53
0.62
2.55
1.39
6.16
3.36
18.52
1.64
0
0
3.38
0.07
0.2
0.13
0.96
0.14
0.01
0.14
0.6
0
0
0
0.02
0
6.11
0.23
0
0
0
0
0
0
0
9.19
1.83
0.29
3.78
7.39
9.91
25.86
16.8
4.45
1.43
0
0.86
6.59
0.48
0
0
0.01
0
3.31
0.38
12.34
12.74
3.73
0.78
0.01
0.02
0
4.43
1.74
2.92
4.3
0.3
2.19
0.05
0.05
0
0
1.3
0.3
0.05
0
9.51
11.9
4.68
4.14
0.45
0
0.01
0.17
2.37
0.07
0
0.04
0.21
0.39
0.02
0.01
2.91
26.93
1.03
0.02
0.04
0
0.03
7.61
12.14
10.41
5.94
0
0.17
6
0
0
6.57
5.46
0.89
5.41
5.12
0.88
0
0.04
0.33
0
5.1
1.3
0
0
0
0
0.06
1.88
9.64
14.18
11.85
7.13
4.24
4.1
4.29
0.26
0
0
0
4.21
0.08
0
0.21
1.6
0.38
0
0
0.01
0
4.64
2.52
6.09
0
0
0
0.99
4.44
0
0
0
0
0
0
0
0
0
0
4.61
10.01
0.13
0
0
0
0
0
0
0
0
0.54
0
0
12.8
0.04
0
0
0
0
3.45
12.83
4.69
0
0
0
0.05
0
0
0
0
0.01
0
0.01
0
0.1
0.02
0
0
0
0
0
0
0
0
0
0
0
0
0
0
0
0
0
0.01
2.7
0.14
0
0
0
0
3.73
0
0
0
0.02
0
0
0.02
0
0
0
0
0
0
0
0
0.04
3.88
0.02
0
0
0
0
0
0
0
0
0
0.03
7.57
8.63
0.01
0
0
0
0
0
0
0
0
0.01
0.04
0
0
0
0
0
0.01
0
0
0
0
0
0
0
0.02
0
2.13
9.18
1.79
0.74
0.03
0
4.27
0
1.02
2.56
3.47
8.73
12.36
2.07
0.09
0
0
0
0
0
0
0.01
0
0.8
9.84
24.08
2.99
0
1.64
0.43
0
0
0.06
0
0
0
0
0
0
0.19
13.38
6.7
10.36
8.16
1.51
2.55
4.07
1.48
0.03
0.55
0.01
0
0
2.1
2.66
0.73
0.05
0.02
0
0
0
0
0.06
0
0.04
0.24
2.39
0.8
0.02
0
0
0.01
0.13
0.06
0
0.04
0
0
0
0
0
0
0
0
0
0
0
0
0
0
0.29
3.18
0.27
0
0
0.01
0
1.36
0
0.02
0.14
1.77
0.26
0.06
0.01
0.02
0
0.7
9.56
1.82
1.02
0.73
0.01
2.42
6.13
12.16
12.21
1.21
0.08
4.05
0.93
0.01
0.15
1.42
4.4
3.66
0.34
0
0
0
0
0
0
0
0
1.02
0
0
0
0.01
0
0.05
0
14.54
0.94
1.59
0
0.06
0
0
0
0
7.06
1.43
0
0
0
0
0
0
0
0.11
8.63
1.92
1.02
7.78
2.39
2.84
0.14
0
0
3.46
0
0
0
0
0
0
0
0
0
0
0
0
0
0
0
0
0.13
0
0.14
0.1
0
0
0.07
0.45
5.27
2.97
2.98
0.85
1.97
4.62
0
0
0
0.11
3.45
0.71
0.55
0
0.02
12.27
9.8
4.09
0.15
0
0
0
4.07
9.42
0
0
0.02
0
0
0
0
0
0
0
2.55
4.9
0.2
0.94
7.29
5.34
22.81
0
0
0
0
0
0
0
0
0
0
7.98
0
0
0.02
7.76
0.91
0.02
0
0
0
16.16
1
0.14
3.38
0.02
0.02
0
0
0
0
6.54
2.8
16.45
1.49
0
0
0
0
0
0
0
0.04
0.01
0
0
0
0
0
0.05
0
0
0
0
0
0
0
0
0
0.16
0
0
0.06
0
0
0
0
0
0
0
0
0
0
0
0
0
0
0
0
0
0
0
0
1.79
7.52
28.34
7.71
0
1.07
0.01
0
0
0
0
0
0
0.23
5.24
0.04
0
0
0
0
0.17
0.01
0
0
0
0
0.75
16.64
0
0
0
0
0
0
0
0
0
0
0
0
0
0
0
0
0
0
0
0
0
0
1.1
0.67
4.46
8.62
0.07
0.03
0.52
0
0
0
0
0
0
0
0
0
0
0
0
0.55
5.26
0.82
0
1.06
0.19
0.03
0.02
0
0
0
0
0
0
0
0.02
0.01
0
0
0
0.14
0.09
0.21
0
0
0.55
0.02
0.03
0.62
0.16
0.01
0.01
0
0
0.02
1.32
0.84
17.15
8.58
0.46
0.22
4.66
1.07
0.01
0
0.04
0
0
0
0
0
0
3.05
12.34
0.53
0.68
0.15
0
1.61
0.19
0.11
0.09
0
5.38
13.46
5.14
0.58
0.75
3.05
1.34
0.03
4.46
1.48
0.03
0.1
0
0
0
0
0.02
0.02
0
0
11.34
4.91
0.09
0.04
0.01
0
0
0.53
0.31
4.7
4.59
3.65
3.23
0.26
0.2
1.59
0.61
2.13
1.02
0.87
1.14
0
0.01
0
0.01
1.26
0.08
0.16
0
0
0
0
0
10.25
20.79
13.11
10.03
5.86
8.1
3.19
4
2.36
1.31
8.55
15.61
5.91
2.75
0.39
30.15
2.6
2.03
10.16
0.99
7.44
0.58
0.08
1.27
9.38
1.89
1.22
0.13
0
0
1.18
3.9
0.24
0.02
1.83
3.05
5.07
0.98
11.39
10.02
5.07
8.81
15.21
25.96
7.01
1.42
0
9.16
3.23
0
0
0
0
0
0.74
0.88
0.27
0
0
0.04
2.32
7.88
3.02
0.79
0.02
0.02
0
0
0.23
1.09
0.77
0
0
0.02
0.9
0.01
0.01
0
0.29
12.84
3.14
3
8.41
6.14
4.78
1.21
4.66
1.73
1.29
14.02
11.79
9.69
7.71
4.05
13.78
13.46
4.53
2.81
4.41
6.63
1.27
1.55
10.5
2.1
0.38
0.13
0
0
0
0
0
0
0
0
0
0
0
0
0.32
3.38
1.42
7.7
8.5
4.13
0
0
0
0
0
0
0
0.05
0
0
1.14
0
0.01
0
2.53
4.03
0
0.01
0
0.02
4.06
2.1
0
0
0
0.02
0
0
0
0
0
0
0
0
0
0
0.01
0
0.05
0
0
0
1.44
0
0
3.31
4.98
0.62
0.04
0.02
0
1.1
0
1.86
1.76
0.22
0
0
0.76
0
2.54
0
0
1.48
1
0
0.05
1.01
6.17
0.34
14.73
0
10.73
0.92
0
0.01
0.02
0.94
13.48
5.08
0.06
0.17
0
0
0
0
0
0.38
0
0
0
0
0
0
0
0
0
0
0.01
0
0
0.24
1.88
0.09
0.33
5.17
0
0
0.76
26.95
19.46
1.89
0.32
0.01
0
0
0
4.65
3.46
1.2
0.77
4.04
14.2
1.86
0.29
0.04
2.21
11.17
4
1.28
9.63
1.86
1.72
0.99
0.26
0
0.3
2.74
1.18
0.55
3.72
3.31
9.09
5.13
2.24
3.77
1.65
10.29
3.18
0
0.04
1.56
0.44
0
0.02
0.01
0.05
0.02
0
0.02
0.03
0.02
0
0
2.75
12.89
1.09
2.88
3.58
0.34
1.79
0.32
0.02
0.01
0.01
0
0
0
0
0
0
0
0
0
0
0
0
0
0
0.11
0.1
0
0.01
0
0
0.11
0.09
0
0
0
0.2
0.07
6.44
1.14
0.05
1.5
0.53
0.53
0.16
0.05
0
0.19
1.3
6.69
13.94
8.05
0.22
0.06
0.03
0.02
0
0
0
0
0.05
0.11
0
0
0
0
0
0
0
0
0
0
0
0
0
0
0
0
0
0
0
0.02
0.01
0
13.42
0.04
0.3
0
0.01
0.01
0.04
0
0
0
0
0
0.01
0.02
0
0
0
0
0
0
0
0
0
0
0
8.34
8.85
3.47
0.61
0.25
6.03
8.33
3.45
7.67
4.98
1.85
0.03
0
0
0
0
0
5.29
31.25
15.59
2.89
1.5
0.17
8.98
25.75
2.38
0
0
0
0
0
4.98
1.17
0
0
0
0
0.02
0.41
0.5
0.45
0
0
0
0
0
3.72
2.34
0
1.02
0
0
0.01
0.08
0.75
0
0
0
0
0.01
0
0
0
0.02
0
1.12
3.42
2.09
0.79
0.01
0
0
0.68
0.34
0.39
1.19
0
0
0
0
0
0.02
1.31
0
0
0
0
0
0
0
0
0
0.36
2.86
0.58
0
0
0
0
5.09
4.19
0
0.02
0
0
0
0
2.92
1.17
0
0
0
0
0.03
0
0.01
0.23
1.92
0.02
0
0
0
0.02
0
0
0
0
0
0
0.02
0
0.01
0
0
0
0
0
0
0
0
0
5.88
0
1.97
7.98
0
0
0
13.8
7.94
0
1.68
0.7
3.7
6.61
0.25
0.13
0
0
0
0.02
0
0.02
0.31
0.12
0.06
0
0.75
12.53
5.93
12.14
0.29
0.94
0.77
0.27
1.16
0
0.04
0
0
0
0
0
0
0
0
0
0
0
0
0
0
0
0
0
0.27
0.25
5.47
0.03
0.03
1.05
3.36
8.62
8.34
2
15.81
4.34
0.19
0
0.02
0
0.02
0.01
0.34
0
6.25
5.98
4.92
10.93
4.75
2.3
0.28
0.25
2.47
2.78
2.2
9.34
5.06
7.22
1.77
0.53
5.3
0
0.34
0.63
1.03
13.97
4.41
1.48
0.76
2.58
0.75
2.94
2.16
8.62
0.06
0
2.75
0.78
0
0
0
3.01
0.12
0.05
0.28
8.16
0.06
0.02
0.53
0
0.41
0.44
31.88
22.44
11.53
4.05
0.02
0
0.03
0
0
0
0.01
0
0
0
0
0
0
0
0
0
0
0
0.02
0
0
0
0
0.02
0.03
0.12
6.08
0.94
1.25
19.94
4.75
3.97
0.94
6.95
0.05
0.72
3.08
0.25
1.56
1.19
0
0.1
0
0
0
0
0
0.27
0.02
0.04
0.03
0.01
0.03
0
0
0
0.08
0
0
0
0
0
0
0
0
0
0.02
0
0.4
18.44
2.8
1.55
0.11
5
0.83
0.02
0
0
0
0
0
0
0
23.17
34.16
4.86
0.06
0.04
0.06
4.45
0.88
2.97
1.12
0.35
1.72
0.22
0.02
0.6
6.61
19.44
7.25
0.93
0
0.04
0.2
9.17
1.87
2.5
8.38
5.22
1.25
0
0.23
7.78
4.66
7.69
8.78
10.94
2.53
0.41
7.44
1.16
1.55
3.23
7.48
5.98
1.76
0.02
0
0
0
0
0
0.09
0
0
0.01
3.06
0.66
4.81
0.55
20.53
0.23
3.8
13.45
0.92
0
0
0
0
0
0
0
0
13.89
3.66
0.04
0
0
0.02
10.69
0.02
0
17.78
5.34
0.27
0.03
9.44
0.02
0
0
5.48
0.2
0
0
0.06
4.97
0.09
0
0
0
0
0
0
0
4.41
0.07
0
0
0
0.2
0
0
0
0
0
0
0.07
3.39
12.62
0.27
0
8.38
0
0.05
0
0
0
0
0.06
0
0.23
0.17
0.71
0
0
0
0
0
0.01
1.18
0
0
0.01
0
0
0
0
0
0.18
0
0.38
26.27
0.03
0
0.02
0
0
0
0
0
0
0
0
0
0
0
0
0
0
0
0
0
0
0
0
0
0
0
0
0
0
0
0
0
0
0.16
0
0.25
6.27
13.94
0.73
3.83
0.2
0.02
9.63
14.53
0
2.38
0
0
0
0
1.03
20.84
0.03
1
0
0.01
0
0
0
0.02
0.02
0.03
0
0.06
0.16
0.01
0
0
0.31
5.75
3.94
0
4.33
0
11.38
0.1
0.08
0.07
0
0
0
0
0
5.28
0
3.31
14.41
1.56
0.36
0.04
0.02
0
0
0
0.55
1.58
0.08
0
0
0
0
0.01
0.01
0
0
0.19
0
3.19
0.06
0
0
0.07
0.61
5.38
1.23
0.03
5.45
7.06
0.53
2.38
8.78
5.14
0.03
0.49
1.3
1.06
0.14
0
0.03
3.12
0.22
0.18
0.06
0.4
1.08
0.11
0.04
7.05
1.3
0
0.15
3.91
2.75
0.91
1.08
0.27
0.05
0
0
16.16
7.22
1.19
0.62
0.36
0
0
0
0
0
0
0
5.95
12.94
1.06
15.02
0.92
12.64
1.17
1.63
1.52
5.64
2.19
0.12
0.02
0.06
0.05
0
7.84
7
10.34
8.84
25.72
0.44
4.09
6.28
0
0
0
0
0
0
0
0
4.44
2.41
0.01
0
0
0
0
0
7.03
0
0
0.95
0
0
7.66
0.67
0.01
0
0.04
0.02
0
0
0
0
0
0.02
9.45
0.08
0
0
0
0
0
0
0
0
0
0
0
0.24
2.51
0.21
0
0
0
0
2.64
3.05
11.77
9.75
0
2.92
2.37
0.34
0
0
0
0.08
10.44
8.37
5.08
0.27
10.38
0.98
5.53
8.73
11.97
4.84
7.23
3.07
0.81
4.2
1.85
0
0.01
0
0.86
8.27
2.91
0.2
0.27
5.69
0.25
0
0.02
0
0.02
0
0
0
0.12
4.41
0.87
0
0.98
0.05
0.42
2.34
0.54
3.42
8.93
1.54
3.67
7.05
10.66
0.83
0
0.01
0
0
22.81
7.62
0.01
1.3
0.59
6.36
1.84
1.06
2.02
0.19
0.01
1.97
2.86
0.41
0
0.06
0
0
0
0.01
0
0
0
0
0
3.66
0.92
0
0
0
0.03
0
0
0
0
0
0
0
0
0
0
0
0
0
0.56
0.08
0
0
0
0
3.78
0
0.05
0.02
0.02
0
0
0
0
0
0
1.38
0
0
0.6
0
0
1.42
14.31
0
0
0
0.06
3.3
0
0.03
0.09
3.11
0
0.66
0
15.53
51.88
0.2
0.03
0
0
0
0
0.01
3.33
0
0
0
1.55
29
3.31
1.19
0.71
0
0
0.08
0.03
0.03
0
17.31
0
0
0
0
0
0
0
0
12.03
0.09
0.02
0
0
0
0
0
0
0
0
0
0
1.62
0.24
0
0
0
0
0
0
0
0
0
0
0.02
36.56
4.97
22.03
0.61
12.41
0.36
0.34
0.05
0
0
0
0
0
0
0
0
0.02
0
0
0
0
0
1.22
5.91
23.03
2.25
3.75
8.66
1.62
3
0.03
0
0.21
5.94
0.11
0
0.61
0.77
0.06
9.28
0.17
0.44
0
0
0
0
0.04
0
0
0
0
0
0
0
0
0.28
3.03
5.17
9.69
0.73
0.03
0
0
0
0
0
0
7.3
3.04
0.72
0.01
0
0.06
0.03
0.01
0
0
0
0
0
0
0
0
0.01
0.01
0
0
0
0
0
0
0
0
0
0
0
0
0
0
0
0
0
0
0
0
0
0
3.22
0.94
0.05
0
0
0.01
1.49
0.11
0
0
0
0
0.1
0.3
0.07
0.01
0.02
0
11.92
1.22
0.07
0.25
7.12
0.46
0.23
0
16.97
13.62
5.34
4.5
1.39
0.44
0.78
0.12
0.91
0.91
6.06
2.62
0.53
2.56
2.28
3.75
1.04
0.05
2.12
7.38
0.69
0.31
0.28
0
0
0
0
0
0.03
1.44
0
2.08
0.69
1.22
0.05
0
0
0
0
13.8
5.91
0
20.38
5.34
0.15
0
6.45
4.02
1.76
0
0.41
5.21
10.61
2.44
0.19
0
0
0
0
0
0
0
0
0.02
10.2
1.27
0
0
0
0
0
0
0.02
0.01
5.61
1.34
0
0
0
0
0
0
0
0.3
1.19
0
0
0
0
0
0
0
0
0
0
0
1.68
0.11
0
0.02
0
0
0.61
0.02
0.05
0
0
0
3.23
0
0
0
0
0
0.03
0
0
7.62
0
0
0
0
2.16
0
0
0
0.03
0
0
0
0.01
0.01
0
0
0
0.93
0
0
0
0
0
0.57
1.47
0.29
1.03
1.71
1.21
0
0.07
0.02
0
0.48
0.02
0
0
0.06
0
0
0
0.28
0.72
0
0
0
1.77
0
0
3.3
2.53
7.31
0.02
0.2
0
0
0
0
0
0
0.01
0
0.04
0.12
0
0
0.51
4.3
11.19
1.83
0.62
0.02
0
1
13.23
5.48
0.39
1.17
0.03
0.16
1.06
0.24
0
0
1.94
0.36
0
0
0
0
0
0
0.09
0.23
0
3.3
2.34
2.08
0
0
0
0.55
0.19
1.12
7.22
5.75
6
1.5
3.64
0.68
0
0
0.03
0
0
2.43
1.42
0.15
0.46
1.87
0.52
0
0
0
1
4.42
0.81
1.81
0
0
1.52
4.34
6.88
4.03
4.5
0.97
3.81
9.27
8.16
3.55
7.34
2.7
0.03
5
0.81
0
0
0
0
0.82
2.78
2.12
1.02
2.12
9.81
12.88
8.97
7.58
17.91
27.59
10.73
7.31
2.2
3
0.27
0.03
7.97
1.33
0.42
0.03
0
0
0.05
0
0.03
1.08
0.23
0
