19510101
12.84
7.81
0.39
0.01
0
0.15
0
0.13
2.32
1.63
1.63
4.63
0.75
0.7
0.04
0.09
0.01
0.15
0.03
0.02
0.04
0
2.13
10.5
1.41
2.43
3.63
3
0.73
0.57
0.29
0.21
0.42
3.79
9.81
2.82
0.84
0.04
2.33
1.59
1.28
1.54
5.24
0.66
0.28
0
0.02
0.13
0.95
0
4.58
0
0.68
9.26
1.27
1.99
0.58
0
0.16
0.58
1.61
4.87
5.54
3.32
2.76
3.34
4.32
0.4
11.48
1.55
11.29
12.13
1.76
0.41
1.77
1.17
0.88
0.06
0.12
0
0
0
0.52
0
0
0
0.38
0.52
0.34
0.01
0
0.01
0
0
0.15
0.02
2.24
0.07
0
13.63
1.38
0.02
0
0
0
0
2.2
0.8
2.21
3.63
0.17
1
9.08
21.37
3.28
6.83
4.55
4.34
0.28
17.01
8.04
3.27
0.01
0.32
2.48
3.16
8.13
3.7
1.18
3.67
4.89
0.02
0
0.17
0
0
1.23
11.75
0.48
0.42
0.06
0.01
0
0
0.55
4.03
0.27
0.15
8.77
1.22
0
0
0
6.05
4.01
4.32
0
3.12
0
0
0.66
0.04
0.01
0
0
4.72
0.97
1.81
0
2.53
0
0.8
1.01
0
0
0
0.05
0
0
0.14
0
0.48
0
0.25
0
7.23
0
1.27
0
0
0
0
0.72
0
0
0.28
0
0
0
0
0
0
0.02
0
0
0
0
0.02
0.45
0
5.75
6.68
8.34
2.02
0
0
0
0
0
0
0
0
0
0.01
0.01
0
1.74
0
0
0
0
0.3
0
0
0
11.87
0
0.76
0
0
0
0
0.4
0
0
0
0.2
0.27
6.64
22.71
4.64
0
2.89
4.72
9.89
9.3
1.4
0.03
0
0.01
0
0
0
0
2.02
21.36
0.92
0
0.02
0
0
0
0
10.08
17.31
3.74
1.56
0
0
0
2.93
0.19
0
0.91
3.88
0.09
2.54
1.56
0
0
0.01
3.27
6.51
0.47
2.03
0
0
0.02
0.61
0.29
0.14
0
1.73
0
0.02
1.29
0
0.44
0.56
2.84
7.55
7.59
5.82
1.23
1.14
4.08
1.79
0.04
0.23
0
0.95
11.09
3.84
0.78
0.19
0.2
0.02
0.03
0.02
0.01
3.43
0.01
1.17
0
0
0
0.08
0.08
0.01
0.05
1.59
2.48
1.23
0
0.69
2.3
0.39
0.68
0.76
1.59
0
0.03
3.16
2.77
2.37
0
0.57
0.89
1.11
0
1.71
1.85
0.13
0
0
0
0
0.02
0.04
0.86
0.28
0
0
0
0
0
1.95
0.13
0
0.03
0.21
0.32
0.91
0.91
3.25
0
0.13
1.6
1.49
2.07
12.59
2.81
0.13
0.33
0.29
2.14
0.09
0.12
0.22
0.02
0
0
0
0.02
0.05
0.15
0.27
5.85
7.55
0.36
0.08
0.03
1.73
0.5
0
0.03
0.03
0.02
0
0.5
4.1
4.27
0.66
0
0
0
0
0
0
0
0
0
0.18
0.52
0.78
5.68
0.94
0
0.46
1.11
5.99
3.66
2.08
0.46
0.11
0
0.19
0.8
0
0
1.8
2.09
8.68
4.02
3.16
7.98
5.96
0.32
0.66
0.22
0.17
0
0
0.01
0.08
8.3
4.21
2.74
11.24
0.95
0
0.5
0
0.07
0.01
0.01
1.21
0.18
0
0.01
0
2.01
0.95
3.91
2.12
1.12
1.27
0.79
15.13
8.26
1.96
0.66
0
0
0.02
0.06
0.05
0
0.12
1.95
0
0
0.06
0.7
1.38
1
0.96
4.25
9.45
1.07
0
0
0.32
0.05
0
1.13
0
0
0.02
3.3
3.2
0.05
0.03
0.03
0
0.16
3.5
0.35
0
0
0
0.16
0
2.91
0.18
0.14
7.24
0
0
0
0.03
0.98
4.07
4.19
0
0
0.02
0
2.03
9.04
6.12
0.55
0
0
0
0.01
0
0
0
0.19
4.29
5.5
1.25
0
0
0
2.38
6.2
0
0.45
3.7
0.27
3.03
3.59
3
1.79
6.23
16.77
0.53
0
0.06
8.05
0
0
0
0
0.07
0
0
0
0.17
0
0
0
0.06
0.17
0.01
0
0.02
4.5
0.42
0
0
0
11.71
11.08
3.88
0.13
0
0.05
0
0
0
0
0.59
0.01
0
0.07
0.01
0
0.19
0.04
0.04
6.04
9.32
1.47
0
0
0.02
0
0
0.01
0
0.01
0.7
0.25
0
0
1.66
0.17
0.04
0.01
0
0
0.48
0
0.01
0.46
0.25
6.77
0.54
0
0.13
0.09
0
0.01
1.13
2.53
1.99
0.34
0.44
0
0.34
5.09
0.18
0.02
0.21
0.09
0
0
0
0.07
0
0.02
0.14
0.54
0.29
0.11
0
0.01
0.02
0
0.46
0.14
0.08
0.3
2.69
8.55
1.66
0.34
0.36
0.6
0.8
0.8
1.22
1.7
1.07
0.91
1.02
7.01
3.55
6.83
1.69
0.02
0
0
0.03
0
0.13
0
0.02
3.38
7.41
3.11
0.68
0.48
3.66
0.27
1.78
0.12
0.02
1.32
0
0.08
0.01
4.64
6.93
4.72
3.02
1.01
0.68
5.5
4.77
1.83
0.82
1.94
1.54
1.91
1.1
0.11
0.16
0.17
0.05
0.04
0.04
0.03
0.04
0.05
0
0.04
0.03
0.04
0.03
0.04
0
0.04
0.02
0.02
0.02
0.02
0.01
0.02
0
0
0
0.03
3.16
4.75
0
0.22
0
6.09
2.98
1.08
1.29
0.48
0.58
0.05
0.02
0.02
0
0
0.01
0
0
0
0
0
0
0
0.01
0
0
0
0
0
0
0.01
0
0
0
0
0
0.37
0.38
0.01
0.02
1.89
2.36
0.74
0.64
0.08
0
0
0
0
0.18
0.08
0.07
0
0
0.05
3.25
0.82
0.07
0
0
1.17
8.85
6.67
0.74
0
7.03
0.46
0
0
0.01
0.44
3.53
8.46
8.21
1.23
1.7
1.79
0.87
1.88
4.29
1.95
0.08
0
0.88
0.02
0.98
0.77
0
0.05
0
0
0
0
0.06
0.01
0
7.57
0.89
0
0.25
0.03
3.15
0
0
0
0
0
0.04
0
0
0.01
0
0
0
0
0
0.13
1.88
4.94
16.49
15.58
7.64
0.53
0.01
0
0
0
0
0
0.01
0
0.53
0.1
11.43
0.74
0.07
0.05
0
0.34
4.28
6.11
12.19
13.23
4.04
1.06
0.77
1.94
0.29
7.95
1.09
0.04
0.04
1.03
0
0
0
0.01
0
0
0.01
0
0
0
0
0
0
0
0
0
0
0
0
0.07
0.09
0
0.07
1.26
0
0
0
0
0
0
0
0
0
0
0
4.22
8.77
1.24
0.06
0.08
0
0
0
0.01
0
0.02
3.11
0
0.19
0.03
0
0
0
0
0
0
0
0.3
0
1.36
1.27
0.14
1.05
0.02
0
0
0
0.04
0
0
0
0.05
0
0.07
0
0.02
0
0.06
1.02
10.38
2.09
0.42
0
0.03
0.11
4.31
19.04
1.7
0.8
0
0
0
0
0
3.73
5.18
7.24
12.4
17.32
3.95
0.05
1.35
0.15
0.14
0.02
0.1
0.06
2.52
2.45
0.45
0.62
0.19
0
0.01
0.04
1.09
0.29
0
0.05
0
0
0
0
0
0
0
0.04
0.04
0.04
0
0.01
0.01
0.04
0.04
0.02
0
0
0
0
0.01
0
0.47
0.1
0.25
0.17
0.28
0.16
0.59
0.71
6.44
0.91
2.25
1.42
1.16
0.02
0
0
2.77
0.41
0.46
0.07
3.87
0.52
0.36
0.4
0
0
0
0.28
0
0.07
0.23
0.67
0.09
0.04
1.1
0.52
0
0.74
3.57
2.06
0.97
0.58
0.09
0
1.54
0
0.05
0
0.05
0.01
0
0
1.27
0
0
0
2.17
0
0
0.08
1.35
0.45
3.43
3.35
3.2
0.46
0.21
0.82
1.16
2.03
1.23
0.52
0.73
1.06
0.35
5.11
2.79
0.52
2.75
3.67
2.95
0.48
0.04
0.88
0.36
0.16
0.15
0
0
2.07
0
0
0.07
3.12
0.16
0
1.18
3.93
1.7
0.53
0.61
4.98
0.86
0.64
1.93
16.48
6.61
1.63
0.39
4.55
0.14
0.45
0.82
0.35
0.81
2.74
3.83
1.02
0.58
1.34
0
0.01
0.04
1.09
8.95
1.82
0
0
0.24
0.12
0.07
0.62
0.77
1.91
10.52
2.95
1.79
1.91
0
0
0.01
0
0
0
0
0
0
0
0
0.23
2.87
3.53
5.19
1.95
2.3
0.48
11.23
0.11
0.44
0
0
0
0
7.03
1.65
0.01
8.25
10.55
28.16
21.76
8.34
0.55
0.25
0
0
0
0.2
0
0
0
9.39
0
0
0
0.88
11.29
0.99
18.41
11.39
8.48
0.07
0
0
0.77
0.56
0
0
0
0.02
0
0
0
0
0
0
0.2
0.65
8.5
0.95
3.01
0.26
0.02
0
0
1.49
0.18
0
0
0
0
0
0
0.02
0.93
3.98
0
0
0
0
0
0
0.22
0
0
0
8.63
1.31
4.72
0
0
0
0
0
0
0
0
0
0
0
0
0
0
0
0
0
0
0
0
0
0
1.13
0.7
0
0
0
0.2
0
5.23
0.23
0
0
0
0
0
0
0.02
0
0
0
0
0
2.14
0
0
0.01
0
0.02
0
0
0
1.22
0.95
0.31
0
0
0
0
0
0
0
0
0.77
0
0
0
0
0
0
0
0
0
0
0
0.01
0
0
0
0.02
0.01
0
0
0
0
1.2
0.02
0
0
1.34
1.41
0.55
0.2
0.04
0
0
0
0.01
0.2
0.69
0.01
0
0
0.01
0
0.91
0.98
0.97
6.16
2.29
0.16
0
0.01
0.6
0
0
0
0
0
0
0
0.02
0
3.3
1.95
0
1.6
6.4
7.58
4.07
9.96
13.52
1.9
0
0.42
0
0
0.42
2.34
4.55
0
0.62
0.93
0
0.17
0
0
0
0
0.01
0.01
0
0
0
0
0
0
0
0
0
0
0
0.89
3.38
3.88
4.28
5.39
7.92
2.13
2.13
5.44
2.05
0.66
0.99
1.11
2.55
3.35
1.05
6.58
12.61
7.13
2.64
3.95
5.15
1.94
0.62
0
0.12
2.05
0
1.5
2.28
4.61
5.2
6.83
6.19
0
1.22
1.43
0
0
0
0
0.33
0
7.68
7.41
3.35
9.12
9.73
5.37
6.93
2.55
1.13
1.31
2.96
2.14
2.89
2.93
1.48
0
0.04
0.01
0
0
0.02
0.46
1.03
0.27
2.05
2.01
1.48
1.58
1
0.15
0.18
0
0
0
0.5
6.18
2.02
1.12
0
0
0.65
0.04
0.01
0
0.75
0.82
0.99
0.01
0
0
0
0
0
0
0
0
0
0
0.01
0
0
0.22
0.04
0.96
0.03
0.24
1.69
4.52
5.93
10.93
4.86
6.99
0.42
0.09
0
0
2.06
0.05
9.44
0
0
0
3.57
0
0
0
0.32
0.42
1.55
0.3
0
0
0
0.04
0
0
0
1.24
1.72
2.14
14.12
1.58
4.23
1.02
0.02
0.55
4.61
11.51
3.05
2.38
2.06
1.89
3.37
4.79
0
5.23
1.17
0
0
0.01
0
0.04
0
1.01
7.8
7.64
7.05
1.4
0.02
0.11
0.01
2.3
3.59
8.8
0.52
0
0
0.74
0
1.05
0
0
0
0
0
0
0.06
4.26
0
1.47
0
0
0.04
0.64
0.3
0
0.68
3.57
6.88
2.82
1.77
1.7
0.65
0.48
0
3.48
0
1.08
0.14
0.09
0.02
1.18
3.5
15.8
5.73
5.49
0
1.1
1.68
4.39
2.3
0.97
4.91
0
0
0
0
2.66
2.66
0.05
0.43
4.05
0
1.03
0
2.34
0
1.84
2.04
0.23
0
5.51
1.7
0
0.21
4.74
1.01
2.77
0.65
0
0.88
0.74
0
0
1.22
0.12
12.48
3.49
5.58
2.07
2.61
1.98
1.46
0.89
0.02
1.91
0.78
0.52
0
0
0
0
6.09
7.89
1.21
0
0
0.21
0
0.01
1.26
1.5
0
0.02
0
4.44
3.62
2.92
0.5
5.15
5.57
0.02
2.79
2.55
0
0.2
0
5.31
5.21
7.34
5.77
4.1
1.39
3.36
3.78
1.13
0.84
0.52
0.32
0.02
0
2.15
1.72
4.95
3.67
5.57
0.81
0
0.01
0.53
1.11
0
2.1
8.14
1.75
0.85
0
0
0.72
4.99
7.04
10.1
1.4
0.83
0.27
0
0
0.02
0
0
0
3.9
0.91
1.87
21.66
17.5
20.69
3.09
1.52
1.63
6.04
4.3
0.97
0.26
0
0.41
0.02
0
0
0.48
3.06
0.54
0.31
1.23
0.82
0
0
0.01
0.32
0.95
4.95
0.2
0.89
5.93
2.15
1.03
0.76
0.91
3.13
2.32
1.35
0.04
1.13
0.53
1.28
0.58
0.01
0.01
0
0
0.95
5.36
1.02
0.63
1.25
0.88
1.17
0
0.05
0
0.21
0.2
0.35
0
0.09
0.51
0.02
0.46
0.02
2.65
0.7
1.47
1.86
0
0
1.13
2.7
1.26
0
0.48
0.2
0.02
0
0
0
0
0
0
0
0
0
0
0
0
0.13
0
0
0.01
0.23
6.33
6.92
5.24
4.21
2.66
11.28
7.45
5.89
2.06
2.15
17.05
9.26
8.66
3.66
0
0
0
0
0
0
0
0
0
0.21
0.39
0.19
5.63
4.64
1.52
0.45
0
0
0.9
1.28
12.07
10.58
8.22
3.07
2
4.38
3.46
3.13
2.32
1.21
0.01
0
0
0
0
0
0
0
0
0.01
0
0
0.16
0.06
0.02
0
0
0.87
2
14.87
6.26
16.17
6.51
5.92
40.56
18.01
3.64
0
0.02
0.05
0.26
0
0.02
0
0
0
0.06
0
0
0
7.99
0
0
0.69
2.16
0.02
0.37
0
0
0
0
0
0.08
3.06
16.14
6.61
3.42
0.85
4.14
1.8
0
0
0.01
0
0
0
0
0
0.41
0
0.02
0
0
0.33
0
0
0
0
0
0
0
1.47
0
0
0
0
0
4.19
0
0
2.37
2.88
5.95
0
0
0
2.23
25.65
9.51
0.59
0
0
0
0
0
0.02
0.02
0
0
0.02
0
0
0.05
0
0
0
0
0
0.18
0
0
0
0.15
0.05
0
0
0
0
0
0.05
0
0
0
0
0
0
0.17
6.41
14.77
5.21
0.88
0
5.55
8.34
0.38
5.55
8.18
2.55
0.2
0
0
0
0
0.53
0.31
0.17
0.03
0.63
0.02
0.02
0.25
0.97
4.59
0.09
0.05
0.52
1.84
1.42
1.56
0.38
0
0.01
0.63
0
4.56
0.68
0
0.59
0.21
1.34
0
1.05
0.24
0.21
0.79
0.3
0.37
0
0
0.02
0
0.48
1.49
0.22
0.07
3.13
0.73
0.34
0.21
0.3
0
0.48
0.3
7.91
2.55
0.21
1.31
0
0.34
0
0
0
0.52
1.8
0
0.04
0
0
0
0
0
0
0
0.07
0
0
0
0.01
0.03
0.03
0.03
0
0
0.01
0.09
0.45
0.09
0.02
1.2
1.62
0.29
2.53
2.09
2.13
3.08
0.81
0.99
0.16
0
0.02
0
0
0
0
0
0.01
0.01
0.19
1.6
1.04
0.13
0.73
1.18
0.97
1.22
0.55
0.4
0.83
0.57
0.75
0.61
0.6
0.55
0
0
0
0
0.64
0.95
1.04
0.21
0
0
1.06
0.75
0.38
0.12
0.13
0.34
3.24
7.63
1.64
8.19
1.64
0.15
0
0.89
0.88
0
0.27
0.31
0.34
0
0.21
0
0
0
0
1.54
4.01
1.27
3.77
0
0
0
0
0
0.01
0.03
0.01
0
0.01
0
0
1.56
3.03
4.04
3.09
4.4
0.76
0.41
0.99
0
0
4.65
3.49
1.32
0
0
0.14
1.43
0.86
0
0.17
3.13
1.31
0
0
0
0
0
1.12
0.13
0
0
0.1
0
0.59
0
2.59
9.11
3.57
7.5
4.04
3.07
8.64
8.89
2.62
2.27
1.43
0
0.29
20.81
11.28
6.27
3.13
0.57
0
0
1.44
0.07
0
0
0
0
0
0
0.09
0
2.77
1.02
7.63
12.45
9.93
2.67
2.41
6.56
3.18
0.91
0
0
0
0
0.03
18.18
18.49
0.03
0.02
6.04
12.17
2.41
5.54
19.74
8.21
3.64
2.77
0
0.16
3.26
6.13
0.01
0
0.01
0
0.28
0
0
0
0
0
1.79
0
0
1.13
0.12
0
0
0
0
1.02
0.02
0
0
0
0
0
0
0
0
0
0
0
0
0
0
0
0
6.05
0
4.12
0
0.02
0
0.31
0
0
0
0.03
0
0
0
0
0
0.05
0.01
0
0
0.01
0.19
0
0.04
0
0
3.78
0.23
4.37
0
13.95
0
0
0
0
0
0
0
1.27
1.3
3.11
0
0.16
0
0
0.04
0.02
5.48
1.66
5.16
5.16
0.95
0.06
0
0
0
0
0
0
0.01
4.18
5.28
7.93
4.14
0.66
0
0
0
0
0.66
2.77
2.29
4.2
18.92
10.13
1.13
0.06
0.02
0.07
3.41
0.33
0
0
0
0.07
0
0
0
0
0.07
0.08
0
4.26
4.05
0.05
0
3.8
4.23
5.01
8.62
4.64
1.25
0.01
0
0.02
0
0
0
0.07
0.77
0.07
0
0
1.56
0.89
0
0
0
0
0
0
0.09
0.01
0
0
0
0.01
0
0
0
0
2
6.57
5.51
0.95
0.05
0.03
0
0
0
0.01
0
0
0
5.08
5.43
0.29
0.59
0
0
0
0
0.05
0.25
0
0.13
0.11
0.46
0
0
0
0.01
0.7
1.12
2.48
0.21
0
0
0
0.01
0.13
0.04
0.26
0.38
1.51
0
0.89
1.52
1.44
0.05
10.61
13.95
4.63
0.73
0.1
0.05
0
0
0.18
0.13
0.28
0.63
3.01
4.12
2.28
0.53
3.52
0.61
0
0
0
0
1.04
0.21
0
0
0
0
2.83
3.94
1.96
1.7
0.09
0
0.1
0
0
0
0
1.12
2.4
3.79
4
0.8
0.13
0.03
0.47
1.09
1.88
1.88
9.23
6.43
0
0.02
0.45
7.61
8.54
3.29
3.39
1.72
5.3
6.52
4.56
0.02
2.64
3.14
5.73
0.8
0.95
0.8
0.48
0.01
0.1
0.13
0.12
3.29
3.61
2.46
0.55
0.2
0
0
0.05
0
0.01
0
0
0
0
0
0
0
0
0
0
0
0
0.11
0
1.02
0.32
2.53
2.25
0.59
0.02
19.29
1.48
0.02
0
0
0
0.03
2.38
3.61
0
0
0
0.07
0
0
0
0
0
0
0.09
0
0.01
0
0
0.41
0
3.76
11.5
1.94
0
0.25
1.09
0
0
3.27
15.21
10.9
9
0
0.95
2.32
0
0
5.13
3.73
1.12
0.11
1.45
1.26
0.24
0.71
0
0
1.38
9.05
0
0
0
0
0.24
0.07
0
0
0.52
0
0
0
0
0
0.01
0
0
0
0
0.02
0
0
0
0
0
0
1.5
0
0.15
2.86
0
0
0
0.2
0.01
0
0
0.23
0
0.01
0.01
0
0.02
0.07
3.4
3.79
0.04
0.21
0
0
0
0
0
2.16
4.38
1.41
0.77
0
0.01
0
0
0
0.54
0
0.06
0
1.63
0
0
7.51
2.47
6.11
0.93
0
0
0
0
0
0
0
0.41
0
0.07
0.02
0.59
9.77
7.8
0.61
0.53
0.37
1.79
11.37
4.05
2.3
0
0.19
0.52
0
0
0
0
0
0
0
0
0
0
0.01
0
0
0
0.48
0
0
0.24
0.89
0
0
0
0.01
0
0.14
0
0.12
0.05
0.05
0.6
0.13
0.93
2.83
0.11
0.34
0.03
0
8.8
6.89
0.56
0
0.01
0.16
1.29
0.18
0
3.52
0.78
0
0.16
0
0.79
5.15
1.5
3.73
6.72
1.45
7.78
0.49
0
2.52
3.11
22.8
6.72
7.56
6.44
2.89
19.39
15.23
3.22
1.86
16.64
2.34
3.45
8.26
1.39
0.72
0.53
0
0
0
0.13
0.08
0.06
0.09
0
0
0.13
0.99
0.79
1.55
1.7
0.82
0.81
2.42
3.29
0.71
0
0.01
0.04
4.72
1.76
0.84
0
0
0
0
0
0
0.02
0
0
0
3.17
6.33
1.62
0
1.04
3.83
4.01
0.97
0.04
0.69
0.48
0
0
0
0.05
0
0
0.02
0
0
0
0
0.11
1.09
0
0
0.76
0.24
0.25
12.59
8.58
5.13
8.21
0.76
8.76
15.34
3.54
3.37
0.72
0.14
0
0
0
0
0
0
5.73
6.96
0.52
0.97
1.08
0
0
0
0
0.33
4.68
1.8
0
0
0
0.33
5.62
0
0
0
0.46
0.02
0
0
2.9
3.44
9.85
4.47
0.91
0
0
0.01
0
0
11.48
3.16
0.13
0.18
0
0.93
7.33
1.7
0
0
0
0
4.49
19.19
16.36
4.56
2.3
3.08
1.6
0.63
0.04
0
0.05
2.52
5.26
5.3
2.09
12.86
3.54
0.98
0.02
5.32
3.18
3.18
1.7
5.47
2.04
0
0
0
3.02
0
1.59
27.67
7.81
0
0.37
0.01
0
0
0
0.25
1.42
0
0.04
0
1.02
0
0.02
0.03
0.14
0
0
5.57
0
0
0
0
0
0
0
0
0
0
0
0
0.02
0.18
0.19
0.38
0.08
10.54
0.92
0.79
0.04
2.37
8.64
6.13
0.54
4.58
14.23
1.86
0.02
0.77
0.34
0.54
0.16
0
0.01
0
0
3.05
1.94
14.39
4.77
0
14.45
0
0.25
0.03
0
0
0
0
0
0.01
0.02
0.05
0
0
0
0
0
0
0
0.11
0
0.44
7.93
0.83
0
4.39
6.31
9.2
9.63
0.13
0.76
0
1.38
1.14
2.28
1.44
3.38
0.83
0.04
0.09
0
1.71
0
6.2
9.5
3.52
0.46
3.43
0.71
0.79
0.25
6.28
3.11
12.45
1.23
0.29
0.08
0.64
0.56
0
0.13
0.75
0
1.1
0.04
0.75
0.31
1.93
0.01
1.48
7.4
2.27
7.67
13.9
3.52
1.25
0.76
0.53
0.4
2.32
4.73
7.55
1.72
4.24
4.23
0.15
0
0
0
0
0
0.21
0
0
0.01
3.18
12.16
1.93
0.72
3.1
0.06
4.3
11.66
0.91
0.12
0.25
3.02
1.05
0.3
0
0
2.47
0.14
0.71
10.51
22.98
6.59
0.11
0.47
0.94
1.32
2.48
5.95
3.55
9.95
5.48
11.37
4.82
1.43
0
0
1.38
0.61
1.33
1.39
1.08
3.73
0.26
9.26
4.66
0.54
3.19
9.26
0.62
0.15
0.63
0.62
0
0.01
0.06
0
0
0
0
0
0
5.86
7.64
2.39
1.37
1.12
2.8
0.98
0.77
0.89
0.39
0.16
0.05
0.95
0.34
9.84
4.48
9.29
11.19
4.1
0.41
0
0
0
0
0
0.6
0.73
1.7
1.08
3.62
2.99
3.45
2.7
2.94
7.55
7.38
4.79
6
7.41
5.81
8.55
2.07
5.91
4.41
2.63
1.4
0.04
0
0
0
0
0.02
0
0
0
0
12.36
2
7.09
4.15
4.05
0.75
3.14
8.49
7.75
10.83
3.99
0.28
0
0
0.02
0.03
0.69
1.75
4.18
4.22
0.57
1.34
3.53
1.02
5.07
3.32
0
3.42
1.57
0
0
0
0.01
0.17
0.24
0.01
0.65
0
0
0.02
0.04
0.02
0
0
0
0.99
5.35
2.93
0
0
0
0.03
0.07
0
1.19
3.11
0.8
0.15
0.05
0
0
0
0
0
0
0.02
0
0
0
4.32
8.5
0.2
6.03
2.25
0.73
0
0
0
0
0.01
0
0
6.05
2.63
0
2.41
45.43
19.92
7.68
0.66
4.13
11.87
24.3
7.84
2.55
1.2
0
0
3.55
0.44
5.05
0
0
0
0.05
0
0.06
0
0.41
0
0.08
0.03
0
0.38
7.36
0.63
0.06
0.05
3.6
0
0
0
0
0.05
0.02
0
0
0
0
0.01
0
2.58
0.04
0
0
0.35
0.33
0
0
0
0
1.19
0.26
0
9.94
12.57
0
0.66
0
0
0
0
0.01
0
0
0
0
0
1.13
0.29
0
0
0.02
0.02
1
2.66
1.52
0
0
0
0
0
0.02
0
0.08
0
0
0
0
0.93
0.49
0
5.47
0
0.02
0
0
0
0
0
0
0
1.5
10.56
3.4
1.22
0
0
0
0
0
0
0.28
6.2
2.22
2.08
0
1.22
3.67
0
9.06
15.83
14.11
9.05
3.3
0
2.23
0
0
0
3.32
24.55
3.81
0.05
0
0
1.01
12.01
2.29
9.62
7
8.67
6.93
0
0.55
9.5
19.31
1.18
2.88
0.09
1.55
0.13
1.27
5.07
1.58
1.03
0.05
0.93
0.02
1.61
4.48
2.06
0
0
0.57
2.15
0.23
0.3
0.74
1.06
16.3
2.62
0.8
0.13
0.25
0.14
1.43
0.49
0
0
1.69
1.58
0
0.04
5.63
1.14
11.73
0.36
1
0.86
0.23
0.14
2.73
2.47
0
3.54
1.55
0.07
2.68
0
0.54
0.16
0.36
0.76
1.01
2.86
5.04
6.29
1.7
1.26
4.66
2.11
2.01
2.88
0.06
0
0.38
0.76
0.59
0.75
1.66
0.92
0.02
0
0.13
0
0
0.11
0.46
2.89
0.96
5.97
5.6
3.29
0.3
1.09
0
0.04
1.36
0.24
0
0
0.01
0.16
0.05
0.01
0
0.14
0
0
0
0
0
0
0
0
0
0.01
0
0
1.14
0
0
0.05
0.03
0.56
0.1
0
0.01
0
0
0
0
0
0
0
0
0
0.01
0.01
0.01
0
0
0
0
0
0
0.5
2.48
4.11
0.61
1.75
0.77
0.61
0
0
0
0
0
0.01
0
0.01
0.05
0.02
0.07
0
2.77
5.3
0.34
8.01
1.33
0.13
0
0.46
1.22
0.27
2.45
4.27
0
0
0.89
0.94
16.18
1.33
0
1.32
0
1.67
9.73
1.56
0.01
0.47
0.14
0.39
0.02
4.17
0
0.62
0.34
0
0.57
0
0
0.01
0
0
0
0.4
0.01
0.09
0.07
0.22
2.19
2.2
0.77
2.47
0.47
10.23
2.73
2.43
11.52
4.7
1.31
0
0
0
0
0.92
0
0.05
0.07
0
0
0.05
0.02
0
1.27
2.07
0
0.05
0
0
0.06
0.59
9.07
0.67
15.91
0.2
0
0.32
0.37
0.99
2.45
0.44
0
0
0
0
0
0
0
0
0
0
0
0
0
0
0
0
0
0
0.05
4.73
0
0
0
10.04
0.88
0
0.8
7.52
8.95
0
3.38
0.29
0
0.03
0
0.01
0
4.77
11.11
5.91
0
2.91
0.49
0
0
0
0
0.04
0
0
0
0
0
0
0
0.02
0
0
0
0
0.54
0.57
13.51
2.33
1.05
0
0
0.93
0.39
13.04
0
0
0
0
0.01
0
0.45
39.57
17.91
0
0
0
0.01
0
0
2.14
6.13
5.94
11.33
3.34
0.3
0.04
0
0.26
0.97
6.24
0
0
0
0
0
0
0.08
0.82
22.31
4.29
0.31
3.93
0.22
0.04
0
0
0
0
0.01
1.5
0.02
0
2.59
0.5
0.46
0.07
0
0.04
0.01
0
0
0
0
1.47
4.21
9.59
20.13
1.75
3.79
1.31
0.38
3.56
0
0.96
4.8
6.77
0.8
0.05
0.66
9.52
6.35
1.64
24.02
2.21
0
0.03
0.15
0.24
0
0.93
0
0.02
0
1.34
0
0.06
0.03
0
0
0
0
0
0
0
0.02
0
0.82
4.81
2.8
13.3
7.05
0.42
0.49
0
7.08
3.84
0.86
14.37
2.12
0.42
0
0.13
0
0.2
0.58
1.45
3.38
0.62
5.52
10.05
0
0
2.02
1.82
2.38
0
0
0
0.02
0
0
0
0
0
0
0
0
2.7
0.34
0
0
0.08
0.01
5.27
2.34
0.02
0.01
0
0
0.21
0.47
0.14
0
0
0
0
0
0
0
2.87
6.29
3.36
2.36
7.5
0.08
0.14
4.86
4.59
4.21
2.71
0
1.55
4.45
2.68
0.07
2.85
0
0
0.58
0
0.09
0
0.31
1.16
1.9
5.67
0.77
0.05
2.61
0
0
0
0.92
0.41
0
0.02
0.16
0
1.68
0
0
0
0
0
0
0.11
0
3.73
4.5
0.4
7.67
1.87
4.15
2.73
0.18
0.05
1.83
0.15
0.68
8.26
1.46
4.42
5.06
5.46
1.62
2.88
2.98
0.04
0.35
0
0.02
0.01
0
0
0
0.65
1.34
2.19
0.02
0
0
0
3.09
19.07
0
2.27
0
0
4.02
3.7
14.18
17.71
2.72
0.04
0
7.68
1.98
0.28
0
0.16
1.58
0.24
0.05
0.01
1.28
0.08
0
0.13
1.27
9.43
3.71
0.94
0.26
1.25
1.92
0
0
0
0
0
0
0.86
3.11
15.11
0
1.05
7.91
0
0.03
0.03
0
0.02
0.01
0
1.56
0.01
0
0
0
0
0
0
0
0
0
0
0
0
0
0
0
0
0
0
0.02
0.06
0
0
0.71
0.14
0.05
0
0
0
0
0.02
0.06
0.02
0
0.01
0
0
0
0.02
0
0
0
0
0
0
0.01
0
0.13
0.62
0.74
0
0.03
0.03
0
0
0
0
0
0
0
0
0.86
0
0.02
0
0.04
0.03
0.61
3.06
0.09
0.16
3.55
5.13
4.38
0.57
0
0
10.03
24.45
12.59
0.3
1
0
0
0
0.56
2.52
3.65
0.01
0
0
0.01
0.01
1.2
0.5
0.69
7.34
31.09
2.52
1.32
0.65
1.51
0
0
1.48
3.07
0.02
0
0
6.46
1.93
0.02
0.06
0
0
0
0.1
11.43
6.05
2.69
3.03
3.19
0.23
2.05
0.31
1.41
0.09
0.14
0
0.04
0.05
1
2.04
0.42
1.79
1.11
0
0.03
0.27
0.18
0.03
0.15
0
0
0
0
0
0
0
0
0
0
0.02
0
0
0.39
1.28
1.62
1.5
0.01
0.59
0.08
0
0
0
0
0
0.1
0.57
0.13
1.01
3.34
8.15
12.01
6.77
2.89
7.96
6.18
0.14
4.1
2.87
13.47
0.29
1.7
2.93
4.49
3.04
1.36
3.02
1.2
0.81
1.27
2
0.07
0.52
0
0
0
0
0
0
0.11
0
0
0.01
0.09
0.62
4.32
0.92
1.16
3.49
0.02
3.07
0.83
0.36
8.32
8.24
1
1.63
0.83
8.73
13.87
4.07
4.77
7.49
3.39
1.55
0.57
0.42
1.09
1.63
0
0
0
0
0.47
0.93
0.16
0.3
0.09
0
0.03
3.09
3.53
2.33
7.61
5.09
0
0.16
1.05
2.28
0.18
0.09
0.3
0.19
0.63
1.46
1.59
0.23
0.02
0
0.47
0.21
0.71
1.79
0.16
0
0
0.48
4.8
3.16
1.21
0.88
9.71
11.22
10.21
2.54
5.8
3.43
0.1
0.06
2.63
3.04
5.92
1.02
0.49
0.3
0.01
0
0
0
0
0
0
0
0
0
2.02
0
0
0
0.36
3.1
1.27
0.15
0
0
0
0
0
0
0
0.01
0.01
0.07
0.11
0.13
2.41
1.04
0
1.16
0.28
1.11
4.55
3.62
0.95
0
4.45
2.39
3.03
8.26
6.38
0.55
0.89
0.23
0.77
0.11
0.16
3.71
2.09
0.34
0
0
0
0
0.02
0
3.14
3.48
8.43
4.26
0.03
0.56
0.5
0.22
1.66
1.76
0
0
0
0
1.89
0
0
0
0.21
0
0.09
0.08
0.25
0
0
0
1.23
0
0
0.11
0
0
0.36
0
4.84
13.93
9.38
6.82
1.02
4.03
7.16
11.08
5.46
0
0
0
0.13
0
0
0
0.02
0.13
0
0.17
0
0
0
0
0.04
0.04
0
0.01
0
0
0
0.05
0
0
0.05
0.01
0
0
0
6.06
14.41
4.16
0
0
0
0
0
0.01
11.35
12.48
13.78
11.8
4.69
7.34
11.73
0.77
1.59
0.2
0
3.5
6.75
0.78
0
0
0
0
0
0
0
0.65
0.19
0
0
0
0
0
0
0
0
0
0
0
0
0
0
0
0
0
0
0
0
0
0
0
0.52
0
0.54
13.39
5.11
6.63
9.07
4.9
4.33
7.99
9.32
0.79
0.09
6.37
0.56
2.35
11.82
23.47
14.94
25.34
4.15
0
0
0
0
0
0
0
0.48
6.13
5.92
1.22
2.35
4.95
1.82
1.36
12.59
2.68
1.22
0.49
1.87
1.22
0.51
0
2.27
4.33
3.07
0.52
13.93
2.42
0
3
1.5
0.65
0.03
0
0.02
0
0
0.11
0.01
0
0
0.18
0
0
0
0
0
0.01
0.07
0.17
0.08
0
0
0
0
0.24
1.66
0
0
0
0.01
0
0.1
0.05
0
0
0
0
0
0
0
0.05
1.64
1.05
0
0.01
0
0
0
0
0
0
0
0
0.36
0.01
0.02
3.31
8.96
3.13
7.57
5.49
16.3
0.41
1.73
4.37
3.06
5.48
13.1
2.12
4.08
2.83
4.58
0.59
0
2.09
0
1.35
0.79
0
0.09
0.11
1.4
3.02
4.09
0.81
0.83
2.62
0.61
0
0
0
3.46
6.55
2.34
0.23
0
5.87
1.02
0.02
0
2.2
3.43
0.87
6.89
3.09
0.41
0.96
1.15
0.8
1.66
0
0
0.8
0.8
1.14
0.27
0
0.19
0
7.14
6.25
5.96
8.46
1.28
0
0.05
0
0.12
0.1
0.35
0.38
0
0
2.66
0.81
0
0
0
0
0
0
0.12
0.22
0
0.13
1.38
1.08
0.02
2.89
1.64
2.38
0.09
0
8.04
3.64
8.63
1.4
0.05
0.05
0.08
0
0
9.11
4.01
2.52
1.96
0.86
0.37
3.02
0.01
0
0
0
0.02
0.2
0.02
0.38
0
0
0
0
0
12.48
5.37
7.91
24.88
8.63
4.75
7.48
26.98
10.38
1.39
0
0
0
0
0.29
0
0.31
0
2.75
0.39
0
0.02
0
0.88
0.31
0.32
0
2.59
3.79
0
0.34
1.24
0.59
0.81
0.81
0
6.44
0
0
0
0.55
1.34
4.13
5.13
0
0
0
1.05
0.9
0.05
0.05
0
0
0.84
4.92
1.83
0.3
1.09
0
0
0.64
0
0
0
0
0
0
0
0
0.1
0
0
0.12
3.63
0.26
0
0.02
0
0.04
0.02
0
0
0
0
4.8
0
0
1.67
1.06
0.09
0
0
0
0.01
0.51
0
0
0
0
0.23
1.09
1.73
2.66
10.3
5.16
5.84
0
0
0.01
0.05
0
0.03
0.65
2.67
8.59
11.17
3.19
6.2
3.13
0.44
0
0
0
0
0
0.21
0.56
0.06
0.48
0
0
0
0
0
0
0
0.04
0.02
1.22
2.07
14.16
3.45
0.2
0.02
0
0.05
0
0
0
0
0
0
0
0
0
0
0
0
0
0
0.05
0
0
6.34
1.57
0.68
0.74
1.16
0.45
0
0
0.33
0.05
0
0.01
1.53
0.6
0.04
0.02
2.2
0.81
2.87
2.89
0.59
0.36
1.54
0.16
0.71
10.59
1.13
1.88
0.31
3.4
0.27
0.24
0.11
0.01
0.44
0
0.42
0
0.53
0.23
0.07
5.38
1.3
0.95
2.72
0.86
0.78
0.05
0.1
0
2.16
7.24
4.39
9.55
0
0.04
0
0.13
0.01
0
2.19
1.15
1.11
4.43
0.31
0.13
2.96
2.48
0
0.01
0
0
0.12
0
0.02
0
0.01
0
0
0
0.09
0.44
1.27
0.3
0
1.96
3.93
1.16
0
4.25
2.77
1.54
7.7
14.35
5.76
6.29
6.67
0.7
0.78
1.41
0
0.21
4.8
5.31
2.81
0.75
5.43
3.38
5.18
3.4
0.16
0
0
0
1.81
0.07
0
0
0
0
0
0
1.24
7.78
7.07
1.41
0.09
2.84
9.03
4.53
1.48
0.85
0.04
0
0
0.03
0.01
0.02
0
0
0
0
0
0.1
0.03
0
0
0
0.37
0
0
0
0
0.14
2.18
0.95
0.24
0
0
0
0.01
0.01
0
0
0
0.2
3.34
0.22
0
0
4.41
16.51
3.16
0
0
0.02
0
0
1.59
3.54
0.01
0
1.28
0.54
0
0
9.37
1.65
0.24
0.17
2.05
2.91
0.74
0
0.01
0
0
0
0
0
0
0
0
0
0
0
0
0.02
0
0
0
0.98
0
0.88
0.41
2.11
0
0
0
0
0
0
0
0
0
0.03
0
0
0
0
0.01
0
1.27
2.59
0
0
0
0
0
0
0
9.66
1.97
0
0
0
0
0
0
0
0.01
0
0
0.21
0.01
0
0
0
0
0.02
0.11
5.5
4.92
7.4
0
0.02
0.04
0.02
0.67
0.01
0
0
0
0
0
0.02
1.39
0
0
0
0.01
0
0
0.01
0.01
1.63
0
0
0
0
0.01
0
0
0
0
0
0.1
0
0
0.1
4.65
13.61
6.4
3.89
2.8
15.4
0.7
0.23
0.33
0
20.43
7.96
10.52
1.51
8.63
0
1.75
0
0.08
0.06
0.56
0.22
0.01
1.25
2.34
2.41
0
0
0
0.27
3.2
2.16
1.38
2.46
11.45
12.98
0.95
0
0
0.23
5.15
13.77
14.37
7.84
0.77
3.19
0.37
2.16
4.54
6.67
2.71
0.21
1.03
6.18
5.32
9.61
4.14
8.5
1
0
0
0
0.12
0
0.55
0
4.6
0
0.13
4.13
0.19
0
0
2.16
11.51
7.06
1.38
0.71
0.69
0.16
0.02
0
5.53
1.14
0.74
0
0.33
3.69
0.08
0.18
0.43
0.11
0.88
7.88
4.29
1.37
0
0
0
0
0
0
0.02
0
0.07
0
5.16
3.59
1.23
6.25
2.76
0.38
3.61
5.23
5.7
7.6
7.56
8.41
16.67
9.77
6.39
2.96
1.16
2.48
0.43
0.03
0.17
1.34
0.63
0.14
0.11
0.28
0
0
0
0
0.05
0.34
2.55
10.37
3.47
11.44
10.19
1.95
3.94
5.17
2.11
2.46
3.08
10.76
3.05
4.08
0.67
2.6
0.28
0
13.79
5.8
0
0.06
2.53
1.23
0
0
0
0.02
0
0
0
0
0
0
0
0
0
0
0
0.28
0.03
0
0
0
0
0
0
0
0
0.02
3.09
4.16
8.82
0.59
2.98
4.22
2.09
0.87
5.35
6.2
3.8
8.18
3.22
1.59
5.22
20.01
2.45
0
0.2
4.06
0.36
0
0.02
6.48
4.12
0
0.03
9.95
1.15
0
0.11
0.32
1.52
8.57
1.37
0
0.55
0.06
0
0
0
5.34
6.29
0.79
0.39
0
8.63
4.29
7.3
0.36
0
0
0
0.49
0.64
1.75
0.82
0
1.51
5.13
9.43
1.13
4.86
6
5.06
6.55
1.56
0
5.09
16.06
3
0
0
0.05
1.47
7.45
0.16
0
0
0
0
0
0
0.17
0
0
0
0
0
0
0
0
1.22
2.59
0
0.01
0
0
0
0
0.05
0
0.02
0
1.34
0.1
0
0
0
0
0
0
0
0
0
0
0.19
0.5
0
0
0.09
0.01
0
0
0.03
0
0.05
0
0
0
0.02
0.01
0
0
0
0.11
0.25
0.02
0.09
0
0
0
0
0
0
0
0
0
0
0
1.45
1.55
0
0
0
0
0
0
0
0
0
0
5.09
0.18
0.01
0.04
0
4.43
0.58
0.07
0.01
0
0
0
0
0
0.02
0.37
0
1.06
3.09
5.23
0.32
0
1.49
0.59
6.75
3.8
0.58
0
20.05
13.95
1.94
0.8
0.24
0.04
8.04
10.44
5.57
1.34
1.88
7.14
2.38
1.68
0.25
0.07
0
6.56
5.8
1.05
0
0.59
0.09
0
0
0
4.02
1.05
10.5
14.7
9
6.95
5.19
4.22
0.98
0.23
0.13
0
0.13
0
0
0.64
0.42
0.52
0
0.48
0.61
0.22
0.01
0
0
0
0.73
0.92
1.55
3.38
3.48
0.36
0
0.32
0.9
0.05
0
0
0
0
0.32
0
0
0
0
0
0
0
0
0
0
0
0
0
0
0.18
0
0.64
0.25
0
0
0
0.09
0.73
3.96
0.51
0.65
0.88
10.36
8.61
0.68
0
0
0.22
0.01
0.02
0.01
0
5.5
2.07
5.23
1.22
0.1
0
0.23
0
0
0
0
0
0
0
0.16
0.1
0
0.34
0.63
0.03
0.01
0.13
0.19
0.38
0.73
2.4
4.8
6.96
7.59
6.99
4.93
0.18
0
0.06
0.09
0.02
0
1.73
1.36
0.84
0.07
0
0.04
0.1
0
4.63
3.96
0.62
9.6
7.51
0
0
0
0
0.06
0
0.01
0
0.07
0
0
0
0
0.24
0
0.01
0
0.47
15.35
3.88
1.57
1.38
0.05
0.01
0
0
0.79
0.04
2.45
6
7.27
7.77
1.04
4.48
1.75
1.88
2.05
3.56
5.47
0.71
1.82
0.27
0
0
0
0
0.2
0.06
0
5.25
0.51
0.72
6.45
3.75
0.23
0.65
2.58
1.58
0
2.19
2.05
1.36
4.32
0.57
4.38
0.86
0.57
6.1
5.45
3.2
0.09
0
0
0
0
0
0
0
0
0
0
0
0
0
0
0.69
8.61
3.15
5.48
1.59
0.98
0.04
0
0
0.41
0.04
0.63
0
0
0
0
0.01
0
0
0
0
0
0
0.05
1.15
0
0
0
0.01
0
0
0.09
0
0
0
0
0.2
0
19.47
0.55
0
0
0
0
0
0
0.01
0
0
0.01
0
0.13
0
0.11
1.05
0.13
0
0
0
0
0
0.14
0.4
0.01
0
0
0.08
0.04
0
0
0
0
0.22
0
0
0
0
0.03
0
0.02
0
0
0.31
4.27
2.53
0
0
2.04
0
0
0
10.14
1.23
0
0.01
0
0.05
0.01
0
0
0.01
0.01
0.02
0
0
0
0
0.02
0
0
0.9
0
0.02
0
0
0
0
0
0.01
1.49
0
0.3
0
0
0
0
0.13
0
0.01
0.23
0.01
0
0.94
0
0.06
0
0
0
0.01
0
2.87
2.23
14.91
1.82
0
0
0
0.24
0
0
0.11
0
8.23
0.07
9.73
0.86
1.62
2.11
11.43
3.58
0.27
0
0
0.04
9.09
22.02
16.12
22.78
0
0.35
3.83
0.59
0
0.37
3.95
5.07
11.66
0.7
0.57
0.06
0.37
0
0
0.05
0
0
0
0.39
0.84
0.06
0
0
0.18
0
0.06
0.05
0
0.01
0.01
2.69
0.14
0.02
0.05
0
0.19
1.46
1.96
0.53
0.09
0.58
0.77
0.12
0.11
0.01
0
0
0
0
0
0
1.18
0
0
0
0
0
0.03
0
0
0
0
0
0.01
0
0
0
0
0
0
4.91
1.84
0
0.27
0
0.01
0.4
0.99
8.52
6.09
4.43
5.29
3.2
1.29
4.07
6.6
5.54
5.59
3.45
0.99
0
4.84
0.93
0.65
6.02
1.52
3.14
2.22
5.12
1.46
1.14
0
0.72
3.71
0.25
0
0
0
0.06
1.99
16.32
2.33
0
0
0.04
0.03
0
0.11
0.77
0.02
0.14
4.42
2.18
0.94
0.09
0.02
0
4.32
0
0.57
0.65
23.6
10.94
1.09
0.02
0.19
0.21
2.36
4.67
1.69
0.59
0.12
2.89
1.41
0.26
5.71
7.05
2.4
0.22
0
0.09
0
0
1.67
1.64
9.49
3.41
0.61
0.07
0
0.37
3.96
1.16
0.16
0.04
0
0.01
3.13
11.83
0.83
0.1
4.95
0.4
0.27
0.12
0
0
0.02
0.02
0
0.02
2.66
9.69
5.52
0.09
0
0.61
4.18
0.75
0.98
5.34
2.79
0
0
0.01
0
1.21
0.66
0
0
0.02
0.02
0.01
0.04
1.32
0
0
0.78
8.1
0.46
0.05
5.34
1.84
0
0
0
0.16
0.8
0.44
0
0
0
0
0
0
0
0.09
0
0
0
0
0
4.62
0.75
0
0
0
0
0
0
0
0
0
0
0
0
0
0
0
0
0
0
0.72
0.02
0
0
0
0
0
4.95
0.08
0
0
0.61
0
0.47
1.7
0
0
0
0
0
0
0.01
0
4.78
0.03
0
0
0.01
0
0.24
0.66
7.24
7.2
0.52
0
1.04
1.96
0.09
0
0.02
0
0
0
0
0
0.02
0.01
2.02
4.02
0.17
3.45
3.59
0.43
0
0
0
0.46
0
0
0
0
0.03
0
0
0
0.09
0
0
0
0
0
0
0
0
0
0
0
0
0
0
0
0
0
0
0
0
0
0.01
1.73
0.46
0
0
0
0
2.44
4
7.5
4.33
1.25
2.22
5.73
1.08
2.14
0.08
0.6
0.19
0.05
0
0
0
22.43
6.53
0.56
0
0.01
0
0
0.02
0
0.38
0
0.3
6.46
6.27
7.35
3.63
1.82
10.7
1.3
0.45
0.05
0.28
3.61
0.88
1.21
7.77
0.99
0.56
4.04
0.65
8.11
16.26
16.54
4.79
0
0.5
0
0
0.02
0
0
0.75
0.13
0
0.04
0
0
0
0
0
0
0
1.23
0.21
0.25
3.05
4.59
0.68
2.81
11.05
3.63
5.53
0.66
0
0.04
0.03
0
0
0.03
0
0
0
0
0.09
0
5.48
5.99
0.47
0
4.97
3.35
0.2
0.09
0
0.45
0.09
0.01
0
0.07
0.28
1.7
1.83
0.62
0
0.19
12.13
6.88
2.89
7.73
8.14
3.1
0.17
0.29
0
1.87
13.7
1.61
6.39
9.45
5.26
2.14
1.54
5.41
0.06
0.2
0.06
0.12
1.89
17.03
6.22
3.13
10.66
15.88
4
0.12
0
4.88
6.04
0.77
0.01
0
0
0
0.02
0
0.27
0.27
5.15
11.1
9.11
2.56
0.36
0.86
3.9
3.71
0.24
0.02
0
0
0
0
0
0
0
0
0
0
0.1
0.23
0.07
1.02
5.41
6.25
29.77
26.19
2.27
0.54
1.6
3.75
1.82
3.02
1.99
5.73
1.37
3.58
0
0
0
0
0
0
0
0.09
9.64
9.38
0.99
0
0
0
1.8
0.78
3.77
0.03
4.55
4
1.45
0.05
0.16
1.5
0.01
0
0
0
0.01
0
6.89
2.95
24.55
6.13
3.64
7.14
7.1
0.23
0.01
0.02
0.59
0.12
0
0
1.05
6.04
0
0
0
0.07
0
0
0
12.98
11.75
0.8
1.59
2.32
0.35
0
0
0
0.01
0
0
0.01
0
0
0
0
0
0
0
1.62
0.2
1.19
0.07
0
2.1
1.92
0.1
0.05
0
0
0
0
0
0.02
2.21
0.37
0
0.53
19.8
1.47
0.35
0
0
0
0
0
0
0
0.01
0.01
0
0
0
0
0
0.01
0
0
0
0
9.28
9.52
6.4
4.41
0.5
3.24
2.88
9.25
2.34
2.72
0.53
0.2
5.29
1.99
2.15
13.25
1.12
0.34
6.8
2.54
0.13
0.04
0
0
0
0
0
0.05
0.05
14.86
5.59
0.92
0.01
0.06
0.75
10.53
1.2
0
0
0
0
0.01
0.73
1.95
0.09
0
0
3.26
7.36
11.31
1.58
0.34
0.27
0.25
0
0.01
0
0
0
0.01
0
0
0
0
0
0
0
0.3
0.57
0.17
0.01
0.2
17.98
8.51
1.86
1.06
0
0.13
0
0
0.05
0.37
1.63
8.23
4.66
4.16
5.33
1.21
0
0
0.28
0
0
0.24
0.37
4.34
1.55
2.48
0.87
0.38
0
0
0
0
0
0
0.02
0
2.39
0.05
0.01
0.09
0.34
1.26
0.18
0.07
8.97
8.16
1.57
1.77
1.13
2.3
4.67
1.46
6.66
11.71
6.66
0.72
1.23
3
5.49
5.54
6.25
5.91
2.44
0.96
2.75
2.41
0.58
0.09
0.19
0.32
6.82
0.65
0.17
0
0.15
0.98
7.05
0.21
1.17
1.02
0.4
0.29
3.93
0.64
0.02
1.79
0.81
1.98
1.33
0.01
0
0
0
1.15
1.16
1.27
1.02
0.16
0
0
0
0.02
0
0
0.09
0
0.03
0.25
0.55
0.39
0
0
0.92
0.01
0
0.05
0
0.99
6.27
1.42
2.01
0
2.63
3
1.54
0.07
0.1
0
0
0
0
5.73
1.44
0.68
3.98
1.01
0
0
0.14
0.21
0.28
0.39
0.05
0
0
0
0.16
10.06
3.45
0.29
0.29
0.34
0.33
0.02
0
0
0
0
0
0
0
0
0
0
0
0
0
0.77
0.64
0.21
0
0
0.02
0
1.37
3.64
6.11
4.83
1.21
1.49
0.66
2.19
1.27
0.29
0.99
2.5
1.66
0.25
0
0
0
0
0
0
0
0.49
0
0
0.07
0.32
0
0
0
0
0
0.04
3.75
0.56
4.82
10.66
0.3
0.64
2.5
0.18
0.06
0.03
0
0
0
0.7
0.08
0
0.8
11.59
2.23
1.43
0.1
0.01
0
0
0
0
0
0
0.01
0
0
0.3
0
0
0
0
0.34
0.99
0.05
5.09
0.25
0
0
0
0
0
0
0
0
0
0
0
0.2
3.54
0
21.95
24.91
8.41
13.48
1.19
0
0
0
0
0
0
0
0
0
0
0
0
0
0
0
0
0
0
0
0
0
0.02
0.02
0.21
1.17
0
0
0
0
0
0.02
0
0
0
0
0.02
0
0.02
0.01
0
0
0.01
0
0
0
0
0
0
0
0
0.02
2.67
1.09
1.46
9.68
0.12
0
0
0
0
0
0
0
0
0.16
8.31
1.37
4.21
12.65
2.31
0.54
0
0
0
0
0
0
0
0
0
0
0
0
0
0
0
0
0
0
0.01
0
0
0
0
0.12
4.38
0
0
0
0.18
9.16
4.76
3.69
0.84
0.53
0.36
3.95
2.11
7.49
0.97
0
0
1.48
0.19
0
0
2.02
2.47
0.62
0
0
0
0
0
0
0
3.45
12.93
0.46
0.02
0
0.36
0.02
0
0
0
0
0
0
0
0
0
0.06
1.73
3.01
1.03
6.65
1.22
0.17
0
0.03
0
0
0
0.09
0
0.05
0.03
0.05
0.02
1.19
1.3
2.72
1.34
0
0
4.14
3.13
8.27
8.86
1.72
2.58
6.88
2.48
1.39
3.34
0.12
0.01
0.57
0.84
0
0
0
0
0
0
0
0.07
0.04
2.03
0.49
0.14
0.01
0.01
0.06
5.7
1.03
0.08
0
0.23
0
0
0.01
0
0
0
0
0.02
0.22
0
0.02
0
0
0
0
0.93
8.04
3.8
0.52
0.22
1.73
3
3.27
1.46
2.65
4.6
12.47
19.02
0.46
1.13
0.41
0.11
0.03
0
0
0
0.02
0
0.37
0
3.36
2.97
1.02
5.5
0.06
0.96
3.44
3.02
2.76
0
1.12
0
2.58
0
0
0
0
0
0.01
0.02
1.03
29.84
9.83
0
0.16
0.72
0.63
2.73
9.2
11.85
2.89
0.31
0
0.09
0.02
11.31
11.98
2.02
0
0
12.6
15.74
10.47
8.55
6.33
5.34
4.91
10.43
3
3.3
2.4
6.99
4.98
11.7
2.16
3.03
1.27
1.44
1.64
0
8.66
1.14
13.48
14.29
5.73
1.79
2.72
2.56
3.08
5.55
5.94
1.5
0.32
12.36
2.37
0.49
2.45
1.36
0
0
0
0.01
0.14
0.92
2.53
0.29
0
0
0
0
0
10.51
10.27
14.72
7.74
0.34
0
0
0
0
0
0
8.57
2.69
6.77
8.72
10.93
0.46
0
0
0
0
0
0
0
0.01
0.7
0
0
0
0
0
0
0
0
0
0
0
0.08
0
0
0
0
1.25
0
0
0
0
0
0
0
0.01
0
0
0.09
0
1.32
0.39
0
0.03
0.41
0
0
0
0
0.02
0.07
0
0.03
4.52
10.44
0.29
0.06
0
0
1.23
1.82
0
0
0
0
0.04
0.5
0
1.59
18.79
3.4
0.88
0
1.02
0.76
0
0
0
0
0
0
0.01
0.08
0
7.14
0.53
0
2.64
1.33
1.79
0.05
0
0
0
0
0
0
0
0
0
0
0
0.78
0.03
0.01
0
0
0
0
0.01
0
0.09
1.57
13.64
7.2
3.65
0.42
1.52
0.24
0.08
0.07
0.55
0
0
0
0
0
0
0.06
0.16
0.92
1.12
0
0
0.25
2.23
3.46
1.93
0.05
5.11
5.39
12.56
8.42
2.09
0.25
0
0
0.13
0
0
0
0
0
2.15
0
0.01
0.02
0
0.04
1.17
3.1
1.42
1.8
0.99
0.96
1.85
16.53
3.61
0.65
1.3
0.15
0.07
0
0.12
0.02
0
2.63
2
0.17
0.74
0.89
4.16
1.48
0.45
5.79
3.38
0.52
0.66
3.84
3.74
0.06
0.07
0.15
0
0.02
0.41
0.36
0.08
1.14
3.54
5.33
12.52
5.75
7.3
2.68
0.52
0.52
0.38
4.55
3.35
15.98
0.18
0.72
0
0.48
5.36
1.83
0.51
0.37
0.34
0.01
0
0
1.9
0.09
0.22
0.44
0.04
1.54
6.01
1.07
2.67
11.01
2.96
5.24
2.8
0.22
0
0.39
5.03
1.56
0.68
1.71
5.91
0.34
0.43
0
0.84
0.45
0.02
0
0
0
0.02
0.01
0
0.04
0.31
0.44
1.32
0
0.07
0
0
0.14
0
0.04
0.2
3.45
0.84
3.97
0.82
0.06
0.02
0
0.08
0.03
0.04
0.52
0.37
0
2.2
1.44
0.78
0.16
1.82
0.16
0
0.06
0.21
1.24
5.54
5.63
0
0.38
0.01
0.23
0
0.03
0
0.41
3.55
4.72
7.88
0.22
3.13
0.36
0.25
5.52
0
0.02
0.05
0.03
0
0
0
0
0.02
0.55
0.97
0.73
0
0
2.23
0
0.5
0
0
0
0.02
0
0
1.34
5.41
5.04
0.63
9.4
2.86
1.84
1.59
2.85
7.69
2.85
0.01
0.16
0.07
3.52
0.04
0.28
0.06
0.06
0
0
0
0.18
0.01
3.05
0
0
0
0
0
0
0
0
0
2.09
0
0.05
0
0
0
0
0.17
0.4
3.56
2.25
19.45
3.95
2.08
0
0
0
1.8
0
0.04
0
0.97
0.75
0.16
0.1
0
0
0.34
0
0.03
0
0
0
0
0.05
0.03
0
0
0
0.2
0
0
0.11
0.71
0
0.09
0.45
0.26
2.63
20.87
4.33
7.74
6.04
0.41
0.14
0.77
0.83
0.05
0.11
2.08
0.24
0.01
0
0
0.16
5.41
28.6
13.01
11.48
1.48
0
4.46
0.98
0
0
0
0
1.31
1.02
0
0
1.38
13.2
3
0.37
0.78
9.16
1.7
7.89
1.46
0.59
0.01
0
0.09
0.71
2.29
2.63
0.04
0.05
0.07
0.03
0
8.55
2.74
0.01
0.04
0.15
3.98
2.48
3.71
8.24
1.73
0
0.47
0.36
2.19
0.19
0
0
0.02
0.02
0
0
0
0.48
0.04
0.98
1.17
0.18
0.03
0
0.08
0
0.11
0.08
1.75
0.41
1.87
0.51
0.79
5.77
0.64
0
0.75
6.34
2.88
0.23
0.37
0
0
0
0
0
0
0
0
0
0
0
0.01
0
0
1.21
3.58
5.61
1.42
0.18
0
0.83
0.05
0
0
0
0
0.01
0
0
0.13
0
0.1
0
1.68
1.15
1.05
7.14
2.63
0
1.37
1.92
3
1.27
0.29
0
0
0
0
0
0
0.04
1.2
3.44
0.34
0.07
0.13
0.14
0
0
0
0.54
0.26
0
0.92
1.7
2.76
1.21
1.74
0.27
0.07
2.13
0.99
0.28
0.26
0
0
0
0
0.36
0
0
0
0
0
0
0
0
0.01
0
0
0
0
0
0
0.43
0
0.16
0.16
0
0.09
0.35
0.23
0.15
4.73
2.09
0
1.15
7.71
0.45
0
0
0
0.69
0
0.02
0.2
0
0.39
12.06
3.09
0.53
0.09
0.32
0.19
0
0
0
0
0
0
0
0
10.96
9.13
1.29
0
0
4.98
0.53
0
0.03
1.37
0.23
0.99
1.6
0.34
0.21
0.15
0
0
0.42
0
0
0
0
0
1.82
0.88
3.27
5.3
4.59
0.81
0
0
0.28
0.8
0.24
0
0.05
0.1
0
1.24
0.28
3.14
20.38
12.98
6.91
10.13
8.09
0.45
0.75
12.16
8.09
5.65
4.66
1.37
4.23
4.41
2.94
0
0
0.01
0.15
0.46
0
0
0
0.08
0
0
0
0
0
0
0
0.01
0
0
3.63
0.92
0.34
0
0.01
1.54
6.26
4.19
0.45
1.02
0.75
0.05
0
0
0.04
0
0.01
0
0
0.01
0
0
0
0
0.56
0.17
0
0
0.06
0
0
0
0.04
0.02
2.98
9.27
0
0
0
0.24
0
6.2
0.57
0.94
0.18
1.05
0.41
0.14
4.77
0.21
0.59
1.2
0.01
0
0
0
0
0
0
0.4
0.27
2.24
5.27
0
0
0.22
0
0
0
0
0
0
0.15
0
0
0
0
0.09
0
0.25
0
0
0.44
0
0.06
5.65
0
0.22
0
0
0
0
0
0
0.12
4.02
0.84
4.11
0.41
1.41
1.66
6.13
0.18
3.13
15.29
4.38
0.1
0.15
0
0.18
0
0.1
0.07
0
0
1.48
5.88
0.23
4.66
6.53
0.7
9.26
6.7
0.32
0.08
0.05
0.23
0
0
0
0
0
0
0.09
0.13
0.23
0.27
0
0
0
0
0
0.03
0
0
0
0
1.65
0.09
0.13
0.14
0.09
0
0
0
0
0
0
0
0
0
0
0
0.15
0.66
6.48
2.66
2.38
5.38
5.4
7.76
5.34
0.49
0.26
0
0
0
0
0
0
0.66
0.24
6.27
3.43
3.73
3.36
5.31
0.05
0
0
0
0.04
0.03
0
0.13
0.15
0
0
0
0
0
0
1.53
1.02
0.16
2.97
0.71
0.14
0.57
0.11
4.55
0.88
0.28
0.1
7.38
0.25
0.22
0.13
0.02
4.04
3.07
1.04
0.66
1.9
3.42
1.64
0.87
6.36
0
0
0
0.5
0
0
0
0.08
0.5
0.28
2.45
0.66
0.98
0.44
0
0.38
0.58
2.21
11.06
6.13
4.84
3.22
0.12
0
0
0
0
1.96
24.38
5.92
2.41
1.02
1.14
2.36
1.63
1.87
0.29
0.21
0.08
0.01
0.95
12.32
5.89
0.83
0
0
0.01
1.49
8.34
6.92
2.52
5.67
1.39
1.52
0.18
0
0
0
0.07
0.01
2.55
0.15
1.98
1.28
2.94
5.23
1.38
11.02
13.1
1.15
0.22
5.65
5.66
1.41
2.92
0.53
0
0
0.07
1.34
0.13
0
0
0
0.27
0
0.01
0
2.64
0.63
0.03
0.02
0
3.01
13.51
2.24
0
0
0.5
0.03
0
0
0
0.04
1.26
0.5
0.32
0.02
2.53
0.82
0
0
0.17
3.63
1.09
6.48
6.78
3.6
0
13.07
0.07
0
0
0
0.02
6.72
0
1.58
0.22
0.07
0
0
0
0.04
5.99
8.55
1.03
0
0.01
0
0
0
0.35
12.93
14.87
2.8
0
0
0
0
0
0
0
0
0.01
0
0
0.06
0.19
0
0
0
0
0
0
0
0
0
0
0
0
0
0
0
0.19
1.53
0
0.12
0.81
10.27
27.91
4.27
0.48
0
0.43
0
0
0.25
0
0
0
0
0
0
0.14
0.04
0.33
0.48
0
0.13
0.03
0.18
0
0
0
0.89
3
9.02
10.83
0.27
0
0
0
0
0
0
0
0
0
0
0.76
0.05
0
0
0
0
0.97
3.54
0.05
0.05
0
0
1.44
0.4
0
0
0
0
1.64
6.14
0.57
0.12
1.34
13.63
2.28
0.05
0.29
0
0.01
0
0
0.72
0
0
0
0.06
0
0.17
0
0
0
0.2
0
0
0
0
0.2
0.3
7.11
1.46
16.27
0.31
3.86
0.23
0.02
0
8.25
2.91
0
0
0
0
0
0
0
0
0
0
0
0
0
0
0
0
0
0.3
0.01
0
0
0
0.05
0
0
0
0.02
0.03
0.79
2.73
0.18
0
0.03
0.02
0.02
0
0
0
0
0
0
0
0
0
0
0
0.01
0
0
0
0.73
0.15
1.24
2.63
0.77
0.4
4.64
1.17
0.08
0.82
0.27
0
0
0.07
0
0
0
0.09
0
0
0
0.43
0.86
4.09
0.14
0
7.43
1.89
4.8
0.6
0.2
3.31
0.07
0
0
0
0.11
0
0
0
0.02
0.01
0.64
0.12
0.27
0.87
3.32
2.98
3.12
0.78
0.75
0
0.6
6.04
2.27
4.79
3.68
1.85
0.7
0.27
0.59
0.42
5.61
2.35
2.97
0.63
0.32
0.06
0
0
0
0.7
0
0.2
13.12
1.61
1.95
4.32
0.09
3.09
9.74
4.39
0.21
0.15
0
1.54
0.12
0
0
0
0
0
0
0.13
34.6
4.18
0.15
0.39
31.3
0.23
0.46
0
4.23
0
0
0
0.21
0
0
0
0
0
0.2
1.1
0.44
0.52
12.04
1.44
0.17
0.41
0
0.5
0.44
0.04
6.96
17.52
1.45
1.59
10.16
2.67
0.54
0.16
6.29
31.88
6.38
0
0.42
1.64
8.4
0
0.24
0.01
0
0
0
10.31
6.09
17.07
2.19
12.88
3.24
3.28
5.16
11.53
0.23
0
0
11.55
5.57
1.43
2.73
8.64
0
0.35
0.38
0
0
0
0
0
0
0
0
0
0
0
0.54
0.67
0
0
0
0.08
0
0.08
0
0
0
0
0
0
0
0.61
0.02
4.73
0
0
0
0.03
0
0.96
4.29
8.66
1.04
0.02
0
0.18
0.21
0
0
1.73
0.08
8.19
15.54
1.07
0
0.02
0
0
20.52
4.09
1.16
0.01
0
0.03
0
0.09
0
0
0
1.32
0.02
0.09
5.8
2.29
7.38
4.53
6.35
0.95
0.14
0
0
0
0.02
2.25
21.53
11.82
1.8
0
0
0
0
0
0
0
0
0
0
0.83
7.71
2.27
0.31
0.02
0
0
0.45
0.14
0
0
0
0
0
0.14
0.09
3.76
5.77
0.9
0
0
0
0.3
0
0
0
0
2.1
0.73
0.02
0.02
0
0.12
0.34
0.54
0.05
0
0
0
0
0.2
0.21
0
0
0
1.45
0
0
0.54
7.01
1.86
0.91
0.52
0.11
1.75
0.71
0.02
0
1.21
1.42
0
0.16
4.78
1.08
0.45
1.89
3.02
0.9
0.1
0.28
0
0.03
0.08
0.15
1.31
4.8
6.54
1.52
13.84
2.98
1.68
0
0.14
0.03
0.03
0
0.15
0
0
0
0.55
0.1
0
0
0.21
0.04
0
0
0
0
0
0
0
0
0.02
0
0
0
0
0.01
0
0
0
0
0
0.01
0.01
0.03
0.19
0.22
0
0.69
0.22
4.59
3.02
1.77
0.33
1.16
2.84
5.9
18.09
7.71
1.07
0
2.22
2.36
0.75
0
0.46
0.23
0.04
0.05
1.06
4.62
1.73
0.24
0.11
0
0
0
0
0
0
0
0
0.01
0
0
0
0
0.21
0.95
5.93
0.58
0
0
1.56
0.3
0.46
1
0.18
0.01
0
0
0.01
0.63
2.46
0.43
0
0
0
0
0
0
0
0
0
0.41
6.98
25.9
9.15
1.18
0.01
0.01
0
0.01
0
0.11
0.03
0
0.24
1.32
12.11
1.66
2.27
0.18
1.08
1.48
0.6
0.14
0.4
0.2
2.22
2.37
0.3
0.06
0.01
0
0
0.02
0.05
0
0.78
7.62
10.95
2.37
0.16
0.16
2.28
1.34
0
0.03
1.17
3.35
0.42
0
0.05
0.05
0.6
0.23
1.59
1.64
7.46
20.54
5.27
0.93
0.09
0.12
3.34
0.23
0
0.13
0.02
0
1.09
1.7
0.01
0.02
0.01
5.09
3.26
1.88
1.02
4.98
14.73
0
1.27
3.84
1.45
4.17
0.59
0.95
4.32
1.98
0.47
0.92
0.19
2.27
2.14
3.44
2.55
4.6
0.69
0.1
0
0.27
1.39
4.82
0.07
0
0
1.59
1.52
2.23
0.52
0
0
22.86
0
0
0
2.7
0.01
0.01
0.01
0.07
0.57
1.11
0.48
0
0
0
0
0
0
0
0
0
0
0
1.6
3.05
1.06
0.14
0.05
0.31
0.05
1.53
11.94
0.66
0
1.37
2.43
18.02
15.37
5.64
0.56
0
0.05
0
0.07
0
0
0
0.04
0.93
1.13
1.41
0.02
0.45
7.23
1.37
0
0
0.03
0.02
0
0
0
0.12
0
0
0.08
1.51
1.88
4.25
0.7
1.41
4.09
5.89
3.02
1.22
0.25
0
0.45
0
0.02
0.09
5.96
18.14
5.18
0.52
3.52
0.4
0.55
0
1.3
1.01
0.97
0
0.17
1.55
1.04
0.2
0
4.24
3.34
0.13
0.07
0.16
0
0.55
0.86
0.31
0.08
3.53
0.9
2.46
11.96
3.45
2.36
0.09
0.02
0
0
0
0
0
0.04
0
0
0
0.02
0.02
0
0.02
0
0.01
0
0.4
1.23
0.41
1.58
0.84
1.75
8.36
4.62
0.48
0.03
0.01
0
0.03
0.04
1.17
0.02
0.05
3.51
4.84
10.84
5.83
1.56
0.39
0.04
4.26
2.93
0.2
0.35
0.88
1.61
6.55
8.24
3.03
7.46
0.43
0.48
1.98
15.52
3.75
0.13
0.44
8.85
1.06
0.29
3.93
12.47
3.41
0.96
0.07
0.54
0.7
8.57
5.34
4.01
0.75
0.33
2.77
1.77
8.7
7.66
0.92
2.67
3.09
0.45
1.32
4.56
2.23
0.08
0.13
0.17
0.48
1.18
2.7
6.05
3.35
0.63
0.06
0
0.02
0.02
1.73
3.91
11.58
2.62
0.77
2.2
1.66
0.17
0.95
0.32
0.79
0
0
0
0
0
0.46
0.01
0
0.21
1.15
7.92
2.69
0
0
0.01
0
0.03
0.12
7.29
3.13
0.23
15.39
4.11
1.14
0
1.22
0.23
2.47
0.58
0.18
0.05
0
0.27
0
0.37
0
0
1.5
0.55
0.32
0.06
0.02
0
0
0
1.36
4.76
2.52
2.29
0.16
0
0
0
0
0
0
0
0.02
0.02
12.15
3.95
1.49
0.06
1.74
4.07
0.61
1.96
0
0
0
0
0
5.47
0.27
0.16
0.48
6.3
2.49
13.19
8.85
1.1
4.17
9.78
1.59
1.25
4.6
0
0
0.01
2.22
13.13
8.34
6.63
2.43
0.4
0.14
0.19
1.27
0.2
1.12
3.61
1.87
0.17
12.83
0.26
0.05
0
0
0.49
0.28
1.78
0.69
3.34
10.59
2.02
0.01
0
0
0.1
11.17
0.86
0
0.23
0.1
0
0
0.01
0
0.28
2.14
0
0.01
0
0
0
8.07
17.63
0.88
0
0.18
0
0
0
0.12
0.54
3.87
0
1.02
0.07
9.64
9.13
0.91
0
0.24
0.03
4.45
0.32
0
0
0
0
1.03
0
0
0
0.01
0
0
0.07
0
0
2.43
8.55
0.28
0.92
0.24
0
0
0
0
0
0
0
0
0
0
0
2.57
0.38
0
0
0
0.03
0
0.01
0
0
0.32
0
0
0.71
7.01
0.24
0
5.5
0.53
0.07
1.31
8.29
1.45
0
0
0
0
0
0
0
0
1.25
7.16
1.24
2.73
8.33
0.22
0.02
0.02
0
0
0
0
0
3.72
0.78
6.05
1.1
1.9
1.76
0.49
0.7
0.03
0
0
0.02
0.03
0
0
0.01
0
0
0.13
1.54
0.4
0
0.01
0.01
0.02
0
0
0.02
0
0.02
0.44
3.14
0.7
2.55
0.45
0.11
0.1
0
0
0
0.23
4.15
3.03
9.13
1.98
0.29
0.17
0.7
1.73
0.89
20.45
4
0.84
0.31
0.11
0
0.09
0.06
0.21
3.06
0.78
0.05
0.32
1.09
5.16
0.82
0.05
0
0
0.43
0.67
8.91
4.41
0.62
0
0
0.01
0
0.01
0.02
0
0.02
0
0.02
0
6.38
5
1.56
0.96
2.7
0.24
0.67
0.97
6.95
0.9
1.35
0.72
0.75
1.8
2.25
0.18
2.75
12.07
1.59
0.13
0.01
0.07
0
0.04
0
0.02
0
0.13
0.41
2.12
6.56
1.3
0.09
0.07
0.07
1.44
2.12
0.27
2.73
8.52
1.6
0.68
0.97
2.52
2.48
16.6
8.38
9.83
4.5
1.47
12.57
8.34
6.34
1.16
0
0
0.01
0
0.02
0
10.07
1.45
0.77
0.2
2.25
1.44
0.25
0
0.03
0
0
0
0.03
0
0.02
0.04
0
4.73
0.61
0.59
3.99
1.14
0.06
6.72
1.09
0.16
0.32
0.25
0.72
3.43
6.51
0.4
0
0
0
0.01
0.01
0
0.06
0.2
0.1
0.03
1.87
1.87
15.73
6.24
3.5
7.29
2.34
3.29
0.11
0.09
1.72
4.18
1.55
0.55
0.19
1.52
1.62
1.36
0.01
0.23
0.15
0.01
0
0.34
0.09
0
0
13.31
9.35
7.08
22.27
2.85
2.48
0.66
0.59
9.54
3.09
1.4
0.3
0.18
2.07
1.12
0
0
0.51
2.67
0
0
0.02
0
0.26
8.06
0
0.45
5.71
1.89
5.57
9.31
2.1
0.23
0.02
0
0.01
0.01
0.17
0
0.56
8.58
12.02
0.26
0
0
0
0.16
0
0
0
0
0
0
0
0
0
0
0
0
0
0
0
0
0
0
0
0
0.03
0
0.47
0
0
0.02
0
0.23
0
0.06
0
0
0
0
0.46
0
0.01
4.57
0.04
0
0
0
0
0.65
3.32
1.48
0.95
1.77
0
0.93
0.11
0
0.34
5.21
0.27
0
0
0.28
0
3.34
4.38
0.51
0.02
0
0
0
0
0
0
0
0
0
0
0
0
0
0
0
0
0
0
0
0
0
0
0
0.05
0.86
0.26
0.05
0
0
0
0
0
0
0
0
0
5.89
0.91
0.48
0.01
1.48
0.73
0
0
0
0
0
0
0
0
0
0
0
0.43
0
0
0.18
0.11
0
0
0
0.11
1.48
0.03
0
0
0
0
0
0
0
0
0
0
0
0
0.01
0
0
0
0.73
1.52
0
0
0
0.41
4.11
5.82
2.32
0
0.5
2.9
2.77
1.21
1.01
6.98
4.73
9.51
2.7
3.98
0.43
0
0.27
0.46
1.09
0.96
0.22
2.11
3.24
4.11
2.02
2.7
0.52
1.29
8.28
0.8
0.49
0.11
12.84
1.91
0.38
2.06
3.7
1.11
0.31
2.54
0
0.32
0.02
0
0
0
0.84
3.95
5.89
1.38
8.9
1.06
0
0
1.39
5.87
14.31
9.03
3.15
0
1.13
1.22
3.29
1.85
11.48
6.75
2.27
6.72
2.14
8
9.18
6.29
7.13
5.49
8.38
2.63
0.54
0.01
0.06
0
0
0
0.16
0.57
0.13
0.19
0
0
4.39
0.18
0.06
0
0.38
0.4
1.74
6.88
7.13
0.3
0
0.1
0
0.32
0.9
1.2
0.63
1.48
6.23
6.07
3.57
0.84
0.7
1.96
1.34
8.75
4.29
1.74
2.67
0.42
0.46
0.41
0
0.23
1.48
8.68
2.66
0.3
0.07
1.3
4.08
5.2
1.06
0.52
3.88
15.93
2.86
0
0
0
0
0
0
0
0
0.13
0.02
0.13
0
0
0.01
0.01
0
0
0.05
0
3
0.37
3.12
4.96
0.72
0
0
0
0
0
1.73
0.17
0.03
0
0
0
0
0
0
0
0
0.28
0
0.86
2.05
21.07
47.86
11.43
0.6
0.98
6.93
0.44
0.45
1.32
10.79
2.25
0
0
0
0
0
0
0
0
0
0
0
0
0
0
0
5.54
1.99
15.36
11.78
1.63
2.2
2.7
0.71
7
2.13
0.86
0
0
0
0
0.8
2.05
0
0
0
0.16
0
0
4.09
0.14
0.25
0
0.95
0.02
0
0
0
0
0
0
0.03
0.01
0
0
0
0
0
0
0
0
0
0
0
0
0
0
3.41
0
0
0.03
0
0
0
0
0
0
0
0
0
4.55
1.35
0.39
17.73
1.34
6.98
0.76
0.08
1.6
14.36
1.67
0.61
1.41
0.35
0
0
0
0
1.59
4.94
2.91
7.2
16.68
2.19
0.31
0.19
0.02
0
0
0
0
0
0
0.02
0
0
0
0.02
0.09
0.82
0.36
0.57
12.07
5.3
2.5
12.25
3.16
5.78
9.66
0
0.17
0.01
0.01
0.28
0.61
4.18
2.57
0.36
2.71
12.54
29.66
5.63
0.53
0
0
0
0.01
0.41
0
0
0.83
0.95
0.14
2.57
0.53
0.24
0.99
3.85
12.65
1.16
0.11
0.62
0.2
0.61
2.08
0.97
0
0.19
0.04
0
0.01
0
0
0
0
0
0
0
0
0
0.82
0.36
1.01
0.14
0.05
0.11
0
0.54
0.13
0
0
0
0
0.04
0.1
0.11
1.71
4.29
5.61
5.46
0.26
0.06
0
0.74
2.05
0.89
0
0.03
0
0.95
0.22
0
0.73
2.66
4.11
6.46
0.43
1.15
2.65
0.15
0.82
0.19
0.27
0.11
0.11
0.79
0
0.32
0
0.53
0
0.01
0
0.85
0
1.05
1.34
0.13
0
0
0
0
0
0
0
4.28
0
0.01
0.23
0
0.25
1.18
0.43
0.13
0.68
0.55
0.63
0
1.02
0.95
3.27
8.59
12.46
2.24
0
0.01
0
0.02
3.17
4.81
0.63
0.57
0
0.01
0
0
0
0.06
1.49
0.76
0.23
0
0
0.01
4.44
3.45
12.95
2.59
0.12
0.16
1.61
0
0
0.86
1.29
0.56
0
0.01
0.62
0.02
0.27
0.02
0.02
0
0.88
0
0
0.02
0
0.47
1.54
0.88
1.24
3.02
1.58
0.2
0.36
0.02
0
0.44
0.5
0.03
0
1.87
4.91
6.3
2.32
0.29
0.47
7.48
1.43
7.5
3.22
0.52
0
0
0
0.7
12.52
3.93
6.9
1.74
0.04
0.22
0
0.01
0
1.15
0.34
0.07
1.63
2.77
7.81
15.19
2.26
0.41
0
0.01
0.03
0.12
0.41
0.08
0.47
1.05
4
5.61
5.79
1.06
14.73
7.41
3.67
0.09
0.02
0.19
0
0
0
0
0
0.12
0.11
0
0.18
0.01
0
0
0
2.37
0.25
0
0
0
0.39
0.09
0.67
1.74
1.33
0
0.27
0.07
0.05
0
9.15
2.69
0.23
0
0
0.11
0
0
0
0.07
0
0
0
0
0
0.03
0
0
0
0
0
0
0
0
0
0.05
0
0
0
0
0
0
0
0.06
9.08
5.21
0
0
1.14
1.41
4.82
0
0.27
0
0
0
0
0
0.23
0.09
0.07
0.09
0
0
0.23
6.03
0
0
0
0
0
0
0.02
1.84
0.39
1.03
2.09
1.4
0.07
0
0
0
0
0
0.18
6.46
0.01
0.54
0
0.39
0.09
0.05
0.01
0.28
0.37
2.12
0.21
0
0
0.19
0
0.11
1.37
7.77
4.55
0
0
0.09
0
0.28
0
7.98
0.09
0.65
0
1.13
0
0
0
0.13
1.21
0.38
2.59
0.19
2.69
1.56
16.25
0.65
0.46
0.46
2.94
0.09
0
0.85
0.85
0.04
0
0
0
0
0
0
1.03
1.3
4.44
1.09
0
2.75
1.02
0.16
0.57
1.16
0
0.16
0
0
0
0.68
0.01
0.09
0
0.32
0
4
0.12
0.8
0.18
2.74
0.32
0
0
0
0
0
0.06
0.19
0
0
0.93
0
0
0
0
0
0
0.03
0
0.13
0.71
1.97
0.93
3.77
0.19
0.04
0
0
0.19
0
0.41
0.05
0
0
0
0
0.02
0.01
0
0
0
0
0
0
0.04
0.08
0.36
0.3
0
0
2.41
5.89
5.03
0.15
0
0.29
0.02
0
0.01
0
0.1
0.68
0.56
0.03
0.19
0
0
0.12
1.35
1.27
0.87
0.11
0
0
0
0.2
0
0
0.39
0
0
0
0.93
0.1
0.88
0.15
2.59
0.71
0.04
0
0.07
0.64
1.17
0.05
0
0
0.2
2.04
0.8
3.92
1.98
0.33
0.26
6.48
1.44
2.36
0
1.04
0.28
0.54
1.43
3.63
0.45
1.53
4.83
0.54
5.59
1.87
0
0.33
0
0
15.38
35.41
5.36
0.39
4.32
2.53
8.82
1.45
0.02
0
0
2.86
0
0
0
0
3.52
1.68
7.95
1.39
3.22
0
0
1.64
0.64
0
0
0
0
0.38
0.18
0
0
0
9.79
1.98
0
0
0.67
0.75
0.68
0
0
0.91
0
0
0
0
0
0
0
0
0
0
0.02
0
0
0
0
0
0
0
0
0
0
0.17
10.99
24.79
4.84
2.62
0
0.02
6.07
0.25
1
0
0
0
0
0.64
0
0
0
0
0
0
0.64
0.34
0
0
0
0
0
0
0
0
0
0
0
0
0
0
3.36
5.3
0.3
0.84
0.7
8
10.8
2.18
1.94
0
0.75
0
0
0
0.01
0
0
0
0
0
0
0.01
2.67
0
0
0
0
0
0.41
3.95
0.04
0.34
0.05
0
0.01
0
0
0.01
2.25
15.86
0
0
0
0
0
0
0.55
3.6
0.7
0
0.02
2.36
5.09
4.72
0
1.34
5.04
8.1
0
0
0
4.05
0
1.04
0
0
0
0
0.5
0.02
0
0
0
0
0
0
0
0
0.25
0.38
0.37
1.66
0.47
0
0
0.13
0.43
0
0
0.04
0
0
0
0
0
0
0
0
0
0
0
0
0
0
0
0.16
0
0
0
0
0
0.62
0
0.1
0.01
0.23
0
0
0
0
0
0
0.01
0.09
0
0
0
0
0
0
1.22
0.49
1.15
0.68
1.32
0.04
0.92
1.13
9.1
2.69
0.28
1.7
3.25
5.07
12.04
0.96
1.22
2.13
4.22
16.85
9.32
10.27
2.76
0.34
0
0.09
0
0.09
0
0
0
0.01
0
4.12
0.96
0
0.64
0.31
1.58
1.86
0.3
0.23
1.21
0.18
0
0.51
1.37
0.33
0.27
0.16
0.06
0
0
0
0
0
0
0
0
0
0
0
0
0
0
0.32
3.57
0.16
18.04
5.52
1.32
5.89
1.68
0.09
6.55
1.84
1.76
1.38
0.65
0.45
0.63
0.17
0
0
0
0
0
0.04
0.09
0
0
0
0
0
0
0
0
0
0.39
0
0
0
0
0
0.01
0.03
0
0.54
0.27
0.32
11.45
1.47
7.88
2.14
0.09
0
0.56
1.99
0
0
0
0
0
0.76
0.9
0.09
0
0.12
21.79
2.32
5.7
0.5
0
0
0.15
0
0
0
0
0
0
0
0
0
0
0
0
0
0
0
0
0
0
0
0
0
0
29.41
6.41
4.18
3.23
1.16
0.8
0.35
0.91
0.03
0.23
4.59
2.49
17.48
15.87
0.74
30.48
1.22
4.8
11.58
3.77
0.46
0
1.46
0
4.31
6.34
0.66
0.16
0
0.55
0
0
0.02
0
0
0
0
0
0
0
0
0
0
0
0
0
0
0
0
6.98
1.24
0
0
0.64
0
0
0.01
0
0
0
0
0
0
0
0.2
4.61
0
0
0
0
0.02
0
0
0
0
2.82
18.55
0
0
0
0.01
0
0.01
0
0
0
0
0
0
0
0
6.05
0.1
0
0
0
0
0
0
2.5
1.69
0
0.5
1.93
12.05
1.61
0
0
0
0
0
0
0.56
0.02
0
0
0
0.65
9.08
1.02
0
0
0
0
0.17
0.83
1.03
11.91
0
0.15
0
0
0
13.59
0.92
0
1.36
7.58
0.32
0.19
0.01
0
0
0
0
0.02
0
0.3
0.42
0.01
0
4.34
0.43
0.98
0
0
13.57
9.05
3.85
3.57
18.04
1.14
0.16
0
0
0
0
0
0
0
0
0
0
0.31
0.57
11.14
26.18
3.85
0.28
0.02
0
0.49
4.34
0.79
0.16
0.27
0
0
0
0
0
0
0
0
9.7
6.18
0.86
0.23
0
0
0
0
0.1
0
0
0.09
0
0.34
0.32
0.89
0.33
3.6
2.91
0.16
0.22
0
1.11
0.5
0.18
2.55
1.53
0.18
2.94
2.93
0.08
0.23
0
0.07
0
0
0
0
0
0
0
0
0
0
0
0
0
0
0
0
0.01
0
0
0
0
0
0
0
0
0
0
0
0
0
0
0
0
0
0.01
0
0
0.13
0.06
0.05
0.54
0.73
1.04
0.35
0.13
0
0
0
0.01
0
0.05
0
0.01
0
0
0.09
0.04
0.04
3.48
0.4
0.02
0.01
0
0
0
0
0
0
0
0
0
0
0
0
0
0.38
0
0
0.08
0
0
0
0.01
0.05
0.87
2.84
0.21
0.21
1.78
0.01
0
0.18
2.45
1.12
0.74
0.01
0
0
0
0
0
0
0
0
0
0
0
0.11
0.32
2.42
2.21
0.32
5.07
0.11
5.31
0.84
15.49
3.41
0.93
0.26
0
0.05
8.55
1.28
0
0
0
0
0
0.09
0.09
0
0
0.06
0
0.74
0.56
0
3.22
0
0
0
0.08
8.52
0.09
0
0
0
0
0.02
0
0
0
0
0
0
0
0
0
0.14
0
0
0.02
0.09
0
0.01
0
0
0
0
0
0
1.54
0.3
0.41
8.98
3.94
16.13
2.4
1.38
0.16
0
0.09
0
0
1.06
9.59
3.78
4.96
0
0.22
0
0
0
0
0
0
0
0
0
0
0
0
0
0
0
0
0
0
0
0
0
0
0
0
0
0
1.98
5.61
2.75
0.3
3.95
2.36
0.08
0.41
0
0.32
0
0
0.45
1.84
0
0.04
0
0
0.5
24.41
3.34
0.71
1.33
12.34
4.17
4.93
0.53
0.2
6.5
0.75
0
0
0
0
0
0
0
0
0
0
0
0
0
0
0
0
0
0
0
0
0
0
0
0
0
0
0
0.05
0.1
0
0
0
0
0.02
0
0
0
0
0
0
0
1.67
0.12
0
1.35
0.33
0
0
0
0
0.06
0
0
0
0
0
2.98
12.45
1.26
0
0
0
0
0.61
1.55
7.77
0.48
0.11
2.27
2.69
0.13
0
0
1.16
2.91
2.79
6.11
0.17
1.16
3.01
1.93
0.77
0.46
0
0.39
0
0.02
0
0
0
0
0
0
0
0
0
0
0
0.23
0
0.38
0.73
0.01
1.47
1.79
1.86
4.93
15.76
5.88
13.16
3.63
0.26
0.07
0.02
0
0
0
0.13
0
0
0
0
0
0.76
0.55
0.35
1.84
1.55
3.54
1.26
0
0
0
0
0
0.7
0
0.02
0.56
0.45
3.6
4.37
1.55
1.82
0.45
0.04
1.49
0.12
0
0.19
1.29
0.2
2.29
0.49
0.49
0
0.18
0
0
0
0
0
0.01
0
0
0
0
0
0
0.02
0
0.1
0
4.13
1.02
0
0.07
0
4.36
11.07
2.39
1.59
0
0.04
0
0
0
0
0
0
0
0
0
0.3
0.66
0.74
2.74
0.66
0.98
1.74
2.63
9.34
0.92
0.62
6.26
1.4
0.05
0.88
9.56
0.61
0.46
12.37
1.61
1.9
8.72
0
0.87
0
0
0
0
0
0.05
1.3
0.31
7.15
2.41
0.07
0
0.01
0
0
0
0
0.41
0.86
0.65
0.23
0
0.17
2.54
7.15
3.91
2.02
0.77
0.11
2.26
8.17
17.73
8.4
0
0.09
0
0
19.73
18.7
19.44
5.04
2.15
3.2
0.7
10.8
7.77
6.12
2.48
3.3
2.93
8.14
1.04
3.63
0.39
0
0
0.13
3.74
7.77
8.93
4.05
1.84
0.63
0.05
0
0
0
0
0
0
0
11.28
0
5.45
0
0.23
0
0
0
0
1.01
0
0
0.2
0
0
0
0
0
0.03
0
0
0
0
0
0
0
0.08
0
0
0
0
0
0.02
0
0
0
0
0.31
0
0
0
0
0
0
0
0
0
0
0
0.02
0.02
0
0
0
0
0
0.02
0.48
0.28
0
0.01
0
0
0.01
0
0
0.29
4.65
0.02
0
0
0
0
0.01
0
0
0
0
0
0
0.19
0
0
1.1
0.2
0
0
0
0.01
0
0.31
0
0
0
0
0
0
0
0
0
0
0
0
0
3.52
2.91
0
1.27
2.84
0.97
5
1.94
0.09
0
0.06
0.02
0
0
0
0.21
0
0.41
0
0.02
0.06
0.85
0.94
0
0
0
0
1.04
6.74
0.82
0
0
0
0
2.04
1.83
0.32
2.41
0.74
0.02
9.95
17.03
7.98
12.88
7.88
4.23
27.48
2.5
8.65
2.38
1.32
10.82
1.61
1.32
0.5
0.36
0.39
0
0.63
0.66
0.16
0
0.7
10.24
5.65
1.76
0.04
0.02
0.35
0.22
0
0.15
0.21
0
0
0.14
2.61
0.09
0.41
0
0.01
3.83
0
2.32
0.18
0.24
0.11
0.15
0
0.38
1.37
0.04
0
0
0
0
0
0
0.92
1.93
0
0.73
0.07
0.11
0.25
0.01
0.02
0.45
0.38
1
0.26
2.87
0.16
0
5.28
4.43
1.68
6.39
0.29
4.9
0.85
0.11
0
0
0
0
0
0
0
0
0
0.01
1.2
2.02
6.58
10.75
3.44
1.01
0.2
0
0.27
1.3
6.3
1.21
0.02
0.45
2.36
0.22
0.02
0.13
4.87
1.02
0.69
0.23
3.68
0.55
0.48
1.03
1.11
0.07
0
0
0
0
0.01
1.42
0.13
0.59
0
0
0
3.69
10.95
2.21
5.36
2.73
0.04
0
0
0
0.26
0.14
0
0
0
0.01
0
0
4.67
1.67
1.41
2.53
8.65
1.76
0.17
0
0
0
0
0
0
0
0
0
0.06
8.83
3.05
0.14
1.48
0.04
0.93
1.92
0
0
0
0
2.72
0
0
9.59
1.49
2.4
0.69
1.03
0.08
2.74
1.77
5.16
5.56
8.05
5.88
0
5.15
1.13
6.01
0.27
5.48
10.31
1.91
1.47
2.34
0.31
2.34
0.64
0.27
0.27
6.65
0.23
2
3.57
0.02
0
0
0
0
0
0
0.02
0
0
0
0.68
0
0
0.62
0
0
0.03
0.66
0.16
8.01
2.58
0.38
6.03
0
0.01
0
15.51
6.68
0.6
0.01
0
0
0.15
0
0.02
0
0
0
0.18
11.75
0.04
0
0
0
0
0
0
0.01
0.12
0
0.2
0
0
0
0
0.66
0.46
0
0
0
0
0
0
0
0
0
0
0
0
0
0
0
0
0
0
0
0
0
0
1.57
0.41
0.04
0
0
0
0
0.01
0
0
0
0
0
0.02
0.46
0.07
0
0
3.02
0
0
0
0
0
0
0
0
0.06
0.12
0
0
0.7
0.1
0.09
0.15
0.71
0
0
0
0
0
2.7
0.27
0
0
0
0
0
0
0
0
0
0
0
0.04
0
0
0.01
0
0.02
0.18
3.5
2.24
0
0.06
0.52
0
0
0
0
2.67
1.42
1.44
3.32
2.27
0.07
0
0
0.02
2.02
3.71
0.03
0.17
1.35
0
0.01
0
0
0
0
0.04
0
0.35
4.31
5
2.13
0.06
0
0.09
0
0
0
0.24
3.36
0.13
0
5.91
0
0.02
0
0
0
0
0
0.05
0
0
0
0.03
0
3.73
1.69
6.88
1.09
1.45
4.98
7.07
8.97
2.41
0.97
2.01
2.61
0.93
0.36
2.95
0.87
0.97
0.12
0
0
0
0
0
0
0
0
0.02
0
0
0
0
0.02
0
0.22
0
0.04
0.09
2.89
7.02
6.34
5.43
1.41
0.75
1.89
2.55
0.42
0
2.63
4.31
0
0.06
0.01
1.12
7.8
7.66
4.55
6.32
3.46
3.71
0.23
3.17
1.16
0.87
1.62
6.93
0.59
0.85
0.68
0.69
4.14
0.85
0.17
0.21
1.49
0.61
3.24
0.75
0.51
0.55
0.3
1.69
11.43
0.52
1.4
0.31
0
2.2
0.43
2.2
0.4
0.45
0.02
0
3.41
0.27
0.5
0.68
0
0
0
0
3.08
0.52
0.39
2.65
5.53
3.5
1.77
0.64
2.07
12.21
2.91
0.79
0.29
0.28
2.01
1.33
0.29
0.59
0
5.02
1.4
3.44
5.95
9.19
6.62
8.96
1
0.01
0
0
3.55
0
0.3
1.81
0.75
0
0
0
0
0
0
0.2
0
0
0
0.05
0
0.11
0
0.06
2.89
0.02
0.63
6.63
5.81
4.75
7.01
3.56
0
0
0
0
0
0
0.07
0.01
0
0
0
0.25
0
0
0
0
3.55
4.27
7.57
0.57
8.8
18.87
1.09
0
0
0
0
0.11
0
0
0.36
0
0.01
0.8
0.23
0
0
0
0
0
0
0.03
0
1.91
0
0
0
0.33
0
0
0.26
0.36
0
0
0
5.32
8.4
0.3
0
0
0
0.01
0
0
0
0
0
0
0
0
0
0
0
0
0
0
0
0
0
0
0
0
0
0
0
0
0
0
0
0.5
0
0
2.8
15.68
0.16
0
0
0.09
4.19
0
0.76
0.87
2.21
1.97
25.58
0.49
0
0.02
0
0.13
13.22
10.07
0.76
4.83
0
6.82
16.67
0.04
0
0.44
0
0
0
0.27
6.65
1.52
0.02
1.54
0.32
1.27
1.77
0
0
0.06
10.55
8.73
7.92
2.86
2.06
7.47
4.61
3.44
0.04
0
0.27
0.16
4.19
7.19
0.59
0
0
0
0
0
0
0
0
0
0
0
0
0
0
0
0
0.04
0.29
3.49
12.67
7.94
0
0.29
0.36
0.14
0.01
2.53
0.03
0.02
0
0
0
0
0
0
0
0
0
0
0
0.29
0
0
4.52
0.22
0.01
0
0
10.11
0
0
0
0
0
0
0
1.28
1.36
3.05
2.38
0.05
1.82
0.48
0.52
0.02
0.04
0.09
0
0
0
0
0
0
0.23
0
14.23
1.64
0.77
6.13
8.8
1.27
0.39
0.44
0.03
0
0
0
1.21
1.9
0.22
0
3.44
9.81
6.24
5.27
14.31
8.18
1.23
0.28
2.78
1.59
0.44
0.02
0
0
0
0.01
2.66
9.51
0.03
0
0.18
0.43
10.47
8.66
3.8
0.89
0
0.01
0.08
0
2.99
3.82
0.55
0
0
0
0
0
0
0
0
0
1.08
2.52
0
0
0
0
0
0
0.03
0
0
0
0
0.56
0
0.01
0.21
0.64
0
0.13
1.98
0.38
0.52
0
0
10.85
6.21
8.14
0.86
0.86
10.69
6.22
0.63
0
0
0
0
0
0.07
0
0
0
0
0
0
0.01
0.17
2.38
0
0
0
0
0.02
0
0
0
0
0
0
0
0
0
0.47
0.59
2.14
0.23
0
0
0.04
9.5
1.17
0
0.02
2.85
0.19
17.15
7.22
0
0
0.77
4.65
0
0
0
0
0
0
0
0.01
0
0.64
0.86
0.01
0
0
0
0.09
0
3.32
0
0
0
0
0
0
0
0
0
2.13
1.03
0
0
0.35
8.57
0.49
0
0
0
0.16
9.06
5.55
7.89
2.82
3.08
0
0.09
0
25.57
4.93
0.18
0
0.12
0
0
0
0
0
0.05
0
12.75
0
0
0.07
3.3
0
0
0
0
0.02
2.43
0.01
0.01
0
0
0.01
0.67
0
2.15
0
0.02
0.19
0
0
0
0
0
0
0.09
0
0.07
0
0
0.45
0.04
0.73
0
0.12
0.05
4.23
1.74
2.27
0.01
0
0
0
0
0
0
0
0.06
0
0
0
0
0
0.19
2.51
0.27
0.28
0.12
1.66
1.2
0.19
0
0.02
1.77
0.32
16.02
11.14
0.46
3.15
2.95
1.34
0
0.3
17.9
18.68
0.9
0
0
0
0
0
0
0
0
0.95
0.2
12.38
10.91
1.52
0.1
0.45
6.02
0
0
0
0
0.01
0.18
4.64
0.04
0
0.52
18.6
7.88
0.26
0.04
0
0
0.88
0.04
0
0
0
0
0
0
0.03
3.34
5.8
2.85
1.3
0.59
0.01
0
0
0
0.02
3.64
4.3
1.62
2.36
0.07
0.26
2.25
1.46
2.58
14.39
1.58
9.26
2.7
0.58
0.36
0
0
0.01
0.02
0
0
0.04
0
0
0
0
0
0
0.13
6.53
0.1
0.6
0.55
0.32
2.98
0.36
0.04
0.01
0.02
0.76
10.99
0.59
1.5
0.61
4.07
3.61
23.99
1.7
3.84
0.46
0.01
0
0
1.16
2.81
0.34
0.9
1.59
11.35
0
0.04
0.98
0.01
0.71
0.88
0.1
6.91
0.28
0
0.23
0.05
0.16
0
0
0
0.32
1.36
0.52
0
0
0
0
0
0.3
0.49
1.91
0.18
1.19
0
0
0.01
0
0.08
3.72
1.55
0.14
0
0
0
0
0
0
0
0
0
0
0
0
0
0
1.35
0
0
0
0
0
0
0.13
0.7
0.58
0
0.22
3.79
14.64
7.28
6.53
2.2
0.21
3.72
0.63
4.49
11.52
1.3
0.61
1.64
9.86
1.76
0.95
2.67
5.83
0.79
0.08
4.48
1.08
1.2
12.6
10.19
0.8
0.96
0.59
0.06
2.91
2.77
1.77
6.21
1.45
0.11
4.65
3.63
1.54
1.2
2.19
8.7
8.88
2.38
0.92
4.61
0.52
0
0
0
0.73
1.79
7.1
4.12
3.43
4.5
1.42
0
0
0
0
0
0
5.6
1.15
0
0.03
0
14.8
19.69
0.95
0
2
0.95
1.63
15.69
3.76
6.35
0.51
0
5.99
9.73
3.98
9.22
3.07
0
11.73
4.19
13.11
15.78
7.77
0.59
0.75
0.85
2.18
0
0
0
0
0
0
0.03
0
0
0
0
0
0
0.43
0
0
0
0
1.11
0
0
0
0
0
0
0
0
0.01
0.39
0
0
0
0
0
0
0.03
0.02
0
0
0.01
1.71
3.39
0.05
0.02
0
0
0
0
0
0
0
0
0
0
0
0
0
0.16
1.09
0.1
0
0
0
0
0
0.07
1.2
5.68
1.09
0.16
0.01
0
0
0
0
0
0
0
0
0
0
0
0
0
0
0
0.01
2.44
0
0
0.69
0.04
0.01
0
0
0
0
0.36
3.41
0
0
15.1
19.63
4.8
3
2.71
2.02
0
0
0
0
0
0
0
0
0.09
0
0
0
0
0.04
0.05
0
0
0
0.55
0.95
0.1
0.02
20.19
4.29
0.66
0
0
0
0
0.01
0
0
0
0
0
0
0
0
0.01
0
0
8.26
1.65
0.11
0.01
0
0
0.43
0
0
0
0
0
0
0
0
0
0
0
0
0
0.42
0
0
0
0
0
0
0
0
0
0
0
0
0
0
0
0.02
6.46
0.3
0
0
0
0.05
0
0
0
0
0
0
0.01
0.98
0.94
0
0
0
0
0
0
0
0
0
0
0
0
0
0.08
0.5
0
0
0.01
0.22
0.8
0.9
0.06
0
0
0
0
0
0
0
0
0
0
1.02
8.22
11.26
17.25
5.63
8.54
1.46
0.53
0
0
0.13
0
0
6.21
4.63
0.02
0
0
0
0.03
0
0
2.1
4.55
0.43
1.03
0.16
0
0
0
0
0
0
0
0.01
4.13
26.79
5.95
0
8.88
5.01
7.59
1.53
1.21
3.04
2.05
0.31
0
1.91
5.97
5.14
0.04
0.28
0
0
0
0.06
1.63
1.57
8.95
3.29
9.04
8.04
1.05
1.49
0.33
0.17
0
0.01
0
0
0
0
0.08
0
0.02
0
0
0.04
3.78
11.17
0
0
0
0
1.06
0.02
0.68
6
15.05
6.25
20.98
1.25
12.83
5.24
7.27
10.69
4.38
8.13
0.93
11.34
0.23
0.02
0
0
0
3.34
0
0
0
0
0
0
3.02
0.09
2.91
21.5
5.01
0.48
0.01
1.15
0
0.77
0
0
0
0
0
0.02
0.01
0.02
0.28
14.54
0.14
0.21
0
0
5.63
0.97
0.44
0.02
0
0
0
0
0.01
0
0
0
0.14
2.07
0
0
0
0
0
0
15.52
2.24
0.64
0.44
0.13
9.22
0.79
0
0
0.96
1.26
0.23
0.97
0.01
0
0.02
0
0
0
0
0
0.94
1.16
0
0
0.06
0.45
0.03
0.06
0
0
0
4.59
0.19
0
0.06
0.62
2.36
0.47
1.38
2.68
7.13
9.56
0.48
0.03
0
0
0
0
0
0
0.3
0
0.19
0.2
0
0.09
0
0
0
0
0
0
0
0
0
0
0.02
0.13
0
0
0
0
0
0
0
0
0.45
0.46
0.03
4.84
0.22
0.02
0
0
0
0
0
0
0
3.07
0
0.15
0.07
0
0
0.82
0.4
0
0.7
0.24
0.16
0.01
0.23
1
0
0
1.94
1.39
4.76
5.55
1.27
1.28
6.49
5.3
4.91
3.99
2.39
1.3
4.19
7.96
3.47
1.69
0.78
2.59
0.54
0.29
0.22
1.62
0.68
4.22
2.27
1.27
8.03
1.98
0.3
3.83
3.64
1.03
1.57
14.52
18.25
10.43
1.15
0.84
5.47
2.1
0.24
0.05
0.98
8.01
2.27
0.83
0.22
0.08
0.25
4.65
0.73
5.53
2.65
0.17
0.91
2.77
0.3
0.8
0.2
0.05
0
0
0.15
0.03
0
0
0
0.15
0
0.09
0.02
0
0
0
1.84
3.3
6.6
1.3
1.3
4.12
1.95
0.16
0.05
0
0
0.01
0.13
0
0
0
0.02
0.05
0
0.1
0
0
0
0
0
0
0.08
0
0
0.1
0
0
0
0
0
0.05
0.04
0
0.08
0
0.05
1.38
0.25
0.05
0.91
2.91
1.68
0.32
0
0
0
0.09
0
0
0
0
5
1.82
0.09
0
0.01
0
0.25
0.07
0.12
1.28
1.19
1.14
3.35
5.99
4.52
0.63
0.87
1.64
0.48
0
0
0.04
1.39
0
0
0
0.01
0.02
1.66
0.23
0.35
0.52
0.84
0
0.35
0.02
0
0
0
0.28
0
0
0
0
0
0.7
0.26
0.25
0
0
1.02
0.02
0
0
0
0
1
7.62
0.57
0
3.15
3.62
0
0.39
2.45
0.46
0.02
0.02
0.04
0
0
0
0.27
0.55
0.32
0.06
0.02
0
0
1.3
3.51
0.87
5.05
3.23
1.18
0.02
0
0.02
0.02
0.01
0
0
0
0
2.13
0
1.77
0.66
0.36
0
0
0
0
0
0
0
0
0
0
0
0
2.85
2.35
0.39
0
0
0
0
0
1.02
0
0
0.32
0
0.42
0
0
1.7
0.15
0
0
2.77
5.78
0
0.82
0.01
0
1.02
0.21
0
1.92
0.09
2.59
1.24
0
0
0.21
0.24
0.06
5.57
4.35
0.57
0.73
0
0
0
0.02
0
0.18
0
3.8
0
0
0.31
0
0.12
0
0
0.91
21.84
15.56
0
0
0
0
0
0.04
6.15
0.49
1.68
3.66
4.23
0.27
0.03
0
0.13
3.16
0.29
0
0.13
23.83
0.77
1.01
3.29
3.37
2.08
0
0
8.45
1.1
0.05
0.13
0.74
0.3
0
0
0.6
1.37
1.02
3
1.16
2.64
20.35
11.64
3.66
1.22
0.01
0.27
1.68
2.12
0.6
1.61
6.84
0.52
0
0.07
0
0.06
0.24
4.57
9.77
0.4
1.1
0.12
0
0.01
0
0
0
0
0
0
0
5.6
1.77
1.63
7.96
1.09
0.75
0.66
0
0.05
0
0.01
0
0
0
0
0.06
0.02
12.99
3.63
2.48
0
0
0.29
0
0
0.2
0.15
0.75
0.2
0
0
0
0
0
0.64
0.34
1.18
0.38
0.11
0
0.02
0
0.01
0
0
0
0.55
5.16
0.44
0.16
0
0
2.04
0.09
0.03
0
0.02
0.85
0
0.01
0.2
0
0
0.12
0.03
1.89
3.53
0.18
0
0.06
0.2
1.25
9.01
9.27
3.95
0.21
0
4.2
1.48
0.41
4.89
0.2
0
0.42
0.2
1.33
0.29
4.78
6.46
2.41
0.77
0.59
0
0
0
0
0
0.41
2.1
7.18
1.59
0
0.51
0.53
1.84
4.96
6.48
4.38
5.74
0.56
0.21
3.2
1.7
0.08
0.7
1.33
3.68
0.67
0
0.02
0.11
0.07
4.53
6.49
7.72
8.89
0.97
0
0.01
0
0
0
0.18
2.9
5.73
0.48
0.09
0
0
0
0
0
7.68
37.27
10.58
16.61
5.46
0
0.26
0
0
0
0
0
1.66
1.37
0.53
0.12
2.55
0.44
0.54
11.35
1.52
0.05
2.28
3.26
1.49
2.46
0.69
0.6
0.33
0
0
0
0
0
0
0
0
0
0
0
0
0
0
0
0
0
0
1.57
11.66
8.65
1.71
1.8
0.49
0
0.16
0
0.02
0
0.02
0.03
0.09
0
0
1.67
6.23
0.64
0
0
0
0
0
0
0
0
0
0
0
0
0
0.04
6.73
13.09
5.16
3.31
0.07
0
0
0
0
0
0
4.67
0.36
0
0
0
0
0
0
0.24
0.01
0.06
0
0
0.29
0
0
0.36
0
0
0
0
0
0
0
0
0
0
0.01
0
0
0
0
0
0
0
0.12
1.84
5.35
0.83
0
0.02
0
0
0
0.03
0.11
1.87
1.08
0.44
0
0
0.02
0.41
30.41
11.6
4.13
5.16
1.73
0
0
0.34
2.16
0.95
0.25
0.07
0
0
0
0
0.57
21
19.39
2.52
1.25
0.45
9.63
0.28
0
13.76
0.13
0.34
0.19
0
0.15
0
0
0.05
0.01
0.21
9.23
18.28
4.39
2.6
2.76
2.68
1.02
0
0
0.03
0.02
0
0
0.15
0
0.08
4.68
2.32
0
0.08
0
0
0
0
0
0.57
0.83
0.01
0.04
0.22
0
0.01
0.26
0
0.34
1.68
0.98
10.98
0.26
0
0.5
5.59
5.55
1.98
0.01
0.09
0
0
0
0.07
0.66
3.26
0.9
6.16
8.81
6.31
2.66
0.05
0
0
0.16
0
0
0.02
0.06
0.04
2.19
2.42
0.55
0
0.16
0.18
0
0
0.12
0
0
0
0
0
0
0.27
0
0
0
0
0
0
0
0
0.15
0.71
2.98
0.18
0.01
0
0
0
0.1
0
0
0
0.02
0.1
0.08
0.38
1.72
0.36
0
0
0
0
0
0
0
0
0
0
0
0
0
0
0
0
0
0.18
1.88
0.04
0
0.04
0.26
0.8
5.04
2.6
1.02
0.36
0
0.13
0.48
0
0.02
0
0
0.02
0.3
0
0.15
0.68
1.35
0.01
0
0
0
0
0
0
0
0
0
0
0.04
0
0
0
0.25
0.26
1.47
1.22
0.91
3
0.63
0.05
0.25
14.04
6.18
9.82
5.16
2.99
6.77
0.5
1.32
1.29
2.21
0
0
0.09
0.15
0.02
0
0
0.01
0
0.05
0
0
0
0.01
0
0
0
0
0
0
0
0
20.95
5.6
0.19
0.01
0
0.3
0
0
0
0
0
0
0
0.06
0.01
0.01
0.2
3.61
9.79
6.78
2.07
0.22
2.66
0
0.01
0.02
0.15
2.51
10.43
13.08
2.03
4.42
1.66
4.42
3.45
0.17
5.61
0.69
0.62
4.52
0.23
0.27
0.62
4.67
1.07
5.19
1.78
3.11
0.04
0
0.14
1.55
2.25
4.12
0.64
0
0.62
0
0.78
0.38
4.56
0.43
0
0
0
0.03
0
0.02
0.74
0
0.51
0.03
0
0.01
0.07
1.8
0.82
0.12
0.13
0.02
0.29
0.32
0
0
1.63
4.82
1.08
0
0.14
2.27
4.73
0
3.66
4.39
1.35
0
5.7
0.3
2.11
5.13
1.22
0
0
0
0
0
0
0
0.01
0.6
4.33
0.23
0
0
0
0.01
0.92
0.29
0.02
1.03
1.94
0
2.98
0
0
0.01
0
0
0
0.02
0
0.04
0.01
0
0
0
0
0
0
0
0.04
0.07
0
0
0
0
0.13
3.51
7.45
2.1
0.11
0.01
0.02
0.02
0.05
0.41
0.43
0.64
0.04
0.09
1.29
1.92
4.44
8.49
9.25
0.51
0
3.75
13.9
0.8
11.13
10.85
0.08
0
0
0
0
0
0.3
4.34
3.38
10.38
7.85
5.66
0.76
0.3
0
0.05
0
0
0
0
0
0
0.2
0.17
0
0.01
5.85
0.27
0
0
0
0
0
0
0
0
0
0
0
0
0
0
0
4.98
1.82
13.91
5.32
5.39
0.97
0.28
0.13
0.41
0.01
0.05
0
0
2.74
2.32
0.25
0
0
0
0
0.11
0.65
2.27
3.36
3.09
0.94
0.03
0
0
0
0
0
0
0
0
0.01
0
0
0
0
0
0
0
0
0
0
0
0
0
0
0
0
0
0
0
0
0
0.02
0
0
0.12
0.1
0
1.06
6.27
1.09
0.2
0.21
0.14
0.11
1.54
1.61
0.36
0
0
0
0
0
0
0
0
0.09
0
0
0
0.02
0.68
1.79
1.8
2.74
1.35
0
0.02
0
0
0
0.05
0.45
0.83
0.9
1.27
3.57
9.09
2.55
0
0.01
0.59
0.14
0.04
1.47
0.47
3.02
3
0.37
0
0
0
0
0
0
0.07
0.09
0
0.46
0
0
0.01
0.06
0.53
0.31
1.71
3.13
1.39
3.12
0.49
0
0
0
0
0.18
0.49
0.88
1.65
3.43
4.71
4.86
0.92
0.59
4.86
3.95
1.45
0.17
0.78
0.05
0
2.01
0.71
0.11
1.66
7.11
2.88
4.42
9.45
9.35
0.77
0.83
5.57
2.23
0.43
0
0.01
0.05
2.7
3.07
8.42
1.89
0.82
0
0
0
0
0
0
0
0
4.95
6.39
0.81
2.86
7.26
1.58
0
0
0
0
0
0.01
0.15
3.57
4.87
1.52
0
1.34
1.84
0
0
0.05
0
0
0.09
10.36
1.65
0
0.09
0
0
0
0
0
0.03
4.93
0
0
0
0
0.01
0
0
0
0
0
0
0
0
0
0
0
0
0
0
0
0
0
0
0.01
0.1
0.14
0.13
0
0.39
0
0
0.23
0.75
0
0.01
0
0
0
0
0
0
0
0
0.02
2.23
0
0
0
0
0
0
0
0
0.11
0.23
0
0
1.74
0
4.94
1.54
0
0
0
0
0
0.03
0.16
0
2.77
0.04
0.05
30.94
19.59
7.23
0.49
0
0.19
0.02
0
3.96
0.84
7.54
1.92
0.89
1.91
8.28
4.34
3.52
3.69
20.99
5.92
10.8
0.59
2.56
1.12
0.08
1.91
1.64
0.08
0.04
0.01
0.03
0
0.02
0.02
3.55
5.73
18.85
3.63
0.53
0.52
5.39
2.25
2.52
2
1.31
5.8
2.85
1.12
0.27
0
0.32
0
0
0
0
0
0.02
0.01
0
0
0
0
0
0.16
0.01
0
0.03
0.02
1.87
0.31
3.56
0.28
0.12
0.24
0.17
0.26
0.34
0.01
0.06
0
0
0
0
0.62
0.65
0
0
0
0.38
0.19
0
0.02
0
0.39
1.28
3.65
3.47
1.37
0.52
0.04
0.07
0.09
0
0.34
4.2
1.25
7.4
7.98
1.93
3.47
7.61
3.68
0.55
0.12
0
0.03
0.51
0.26
0.25
0.36
0
0
0
0.42
0.18
0
0.26
0.3
0
0
0
0
0
0
1.55
5.12
2.25
1.26
0.43
0.96
0.18
0
0
0
0
0.09
0.55
0.32
0.01
1.26
0.46
1.48
0.94
0
2.78
0.5
0.01
0
0.42
3.2
6.35
1.23
0.66
0.01
0
0
0
0
0
0.04
0
0.66
0.08
0
0.13
0
0.02
0.03
0
0
0
0.01
0
0
0
0.09
0.3
0
0.01
0.02
0.04
0.02
0.13
1.3
0.05
0
0.01
0.01
0
0.02
0
1.28
0.23
0
0
1.04
7.27
1.91
0.25
0.55
5.95
2.95
0.54
0.1
2.55
3.79
0.29
0
0
0.22
0
0
0
0.27
2.51
0.2
0.12
0.6
15.51
3.02
0.04
0
0.13
0.38
2
0
4.36
1.43
0.24
0
4.09
0.2
0.18
0.05
0.27
0
0
0
0
0
0
0
0.01
0.27
0.02
0
0
0
0
0.97
0.63
0
0.05
0
0
0
0
0.01
0.03
0.07
0
0.17
0
0
0
0
0
0
0
0
0
0
0
0
0
0
0
0
0
0
0
0
0
0
0
0
0
0
0.19
0
0
0
0
0
0
0
0.02
0.02
0
0.02
0.04
1.9
0.05
0
0
0
0
0.01
0
0
0
0
0
0
0
0.29
0.34
0
0
0
0
0
0
0.12
0
0
0
0
0
0.07
0
0
0
0
0
0
0
0
0
0
0
0.02
0
0
0
0
0.05
0.2
0
0
0.09
0
0
0.68
4.5
3.05
4.95
6.49
1.24
0.03
0.01
6.89
4.49
2.35
4.96
5.91
1.98
0.47
2.34
2.92
0.6
0
0.01
9.98
4.46
1.13
0.3
0.46
11.63
9.46
4.52
1.9
6.02
5.63
3.03
0.45
4.03
0.16
0
1.35
0
8.13
1.16
0
0
0.04
0.38
0.49
8.73
5.12
1.81
9.05
2.92
2.41
1.6
0.66
0.68
6.52
0.13
0.07
0
0
0.05
0
0
0
0.02
0
0
0.02
0
0
0
0.06
0.02
0
0.03
0.06
0
0.01
0.11
0.03
1.9
0.01
0
0
0
0.07
0.01
0
0
0
0
1.03
1.14
0.28
1.92
1.27
0.01
0.08
0
0
0.16
0.15
0.6
0.15
15.03
2.38
1.45
0.01
0.74
0.63
1.38
0.13
0.32
0.07
0
0.03
0.1
0.08
0
0
0.33
3.38
6.73
0.3
0.4
0.04
0.02
1.41
0.95
0.09
0.59
0.07
0.02
0.41
0
0.01
0.02
0
0
0
0
0
0
0.67
0.42
0.05
1.21
5.91
2.42
1.7
0.61
0.02
2.88
0.29
0.06
0.21
1.36
0
0
0.1
1.64
2.65
0
0
0
0.31
2.55
1.3
4.18
0.18
0.05
0.08
0
0
0
0.61
0.1
0
0
0
0
0
0
0
0
0
0
0
0
0
0
0
0
0
0
0
0
0
0
0
0
0
0
0
0
0
0
0
0
0
0.01
0
0
0
1.9
2.7
1.82
8.61
8.71
0.82
0.17
1.88
0
0
0
0.05
10.86
2.77
0.55
1.18
1.35
4.96
10.12
5.91
7.13
11.41
2.03
0.09
4.55
1.36
3.8
1.11
1.81
0
0
0
0
0
0
0
1.73
0
0
0
0
0
0
0.54
0.19
0.02
0.17
1.73
2.89
4.24
14.27
1.44
0.01
0
0
0.02
5.09
5.25
1.72
0
0.09
0.35
0.29
0.49
0.06
21.59
2.41
0.49
3.27
1.48
2.03
0
0
0.36
0.55
0.27
0.01
0
0
0.09
0.34
7.01
4.31
0
0
0
0
0
0
0
0
0.01
0
0
0
0.31
0
0
0
0
0
10.74
0.35
0
0
0
0
0
0
0.01
0
21.21
13.24
0.67
0
0.02
0
0
0
0.17
0.08
1.43
4.33
7.24
1.84
19.89
1.24
0.01
0
0
0
0
0
0.02
0.02
0.37
1.33
5.75
0.64
0
0
0
0.26
0.55
0
0.04
0.32
0
0
0
0
9.23
0.73
0.13
0
0
0
0
0
0
0
0
0
0.01
0
0
0.34
1.38
2.45
0
0
0
0
0
0.34
0
0.01
4.04
1.02
0
0
0.07
0.05
0
0
0
0.14
0.04
0.14
0
0.02
0.14
0
0
0.03
0.03
0.01
0
0
0
0
0
0
0.18
2.9
10.83
2.12
0.27
0.64
2.41
5.53
5.39
14.7
1.23
0.12
3.54
5.55
0.57
0
0.73
0.88
0.69
0.3
0.03
1.28
0.09
0.64
2.11
15.2
2.52
1.78
2.45
1.43
0.33
0.04
0.19
0.07
0
0.27
7.4
1.24
0.53
0
0.47
0.06
0.54
5.19
2.11
5.13
13.77
9.48
5.72
2.79
4.35
17.38
6.28
0.82
0.69
0
8.13
2.15
11.88
3.5
3.65
8.25
3.61
6.14
0.67
0.69
0.01
0.73
0.92
0
0.18
1.64
1.63
3.68
6.12
5.11
3.62
0.79
0.7
1.85
5.13
1.06
0.04
2.55
7.57
1.47
0
0.26
8.12
3.33
0.33
0.32
0
0
0
0.84
3.4
1.66
0.1
0
0.34
0.44
0.32
1.24
0.18
0.18
0
0.01
0.02
10.87
1.03
1.07
0
0
0
0
0
0
0
0
0.01
0
0
0
0
1.4
1.57
0.26
0
0
0
1.31
0
0
0
0
0.01
0
2.07
0.43
0
1.54
4
6.33
7.59
0.37
0
0.1
0.19
9.67
1.78
0.2
0
0
0
0.01
1.71
0.03
0.34
2.94
0.47
0
0
0
0.21
1
0.01
0
0
0
0.29
4.58
1.64
1.74
2.86
0.73
0.07
0
3.33
10.17
4.2
12.01
6.05
16.41
8.3
0.33
0
0
0.14
1.81
5.46
5.95
2.67
0.01
0.27
0
0
0
0
0
0
0.56
0
0
6.27
4.63
0.39
0.01
0.16
0.12
0
0.54
0
0.83
1.36
0.17
0
0
0.08
1.13
0.19
2.55
14.48
15.92
1.97
0.01
0
0
0
0.01
0
0
0
0
0
0
0
0
0
0
0.01
2.11
0
0
0
0
0.01
0.48
0
0
0
0
0
0.14
0
0
0.01
0.04
0.66
4.07
25.95
0.89
0.04
0
0
0
0.02
0.11
1.39
0
0
0
5.15
1.41
0
0
0
0
6.11
26.4
0.86
0
0.01
1.96
0.41
0
0
0
0
0
0.02
0.04
1.27
0.19
0.07
0
0
0
0
0.43
4.39
0.08
0
0.01
3.88
0.11
0.03
4.65
0.63
0
0
0
0.23
0.61
0.27
0
5.38
8.9
2
0.05
0
0
0
0
0
0
0
0
0
0
0
0
0
0
0
0
0
0
0
3
0.17
0
0.02
0
0.01
0
0.06
0
0
0
0
0
0
0
0
0
0
0
0
0
0.61
2.76
0.9
0
0
0
0.01
14.62
37.94
6.55
4.05
1.89
1.02
10.27
6.44
1.22
5.1
2.47
0.68
1.42
0.84
0.07
2.55
0.2
0.43
0.02
0.05
0
0.01
0
1.48
12.09
6.55
0.19
13.16
3.91
0.95
1.95
3.61
11.17
13.1
2.29
0.22
0.02
0.73
4.12
4.54
3.62
2.08
1.84
5.91
2.62
4.13
0.23
0.01
0.14
7.29
6.1
13.33
8.66
4.45
3.06
0.29
10.15
0.91
6.64
10.83
1.38
0.54
0
0.78
0.63
0
2.64
2.29
2.87
4.84
10.05
8
1.15
2.33
1.08
0.84
0.73
0.64
0.54
1.91
0.01
0
0
0.07
2.34
0.3
0
0
0
0
0
0
0
0
0.01
0.05
0.45
0.11
0
0
0
0.09
0
0.04
1.69
0.59
0
0
0
0
0
0
0
0
0
0
0
0
0
0
0
0
0
0
0
0
0.01
0
0
0
0
0
0
0
0
0.48
0
0
0
0
0
0
0
0
0.25
0
0
0.14
0.55
0.12
0
0
0
0
0
0
0
0.36
10.05
9.32
6.26
7.66
1.26
0
0
0.12
1.9
0.38
3.54
0.09
0
0
0
0.68
0.59
0.79
3.58
0.98
1.98
0.13
0
0
0
4.22
15.38
1.13
4.68
20.6
5.66
0.79
0.09
0.02
0
0
2.14
1.63
1.44
1.54
8.62
3.65
7.4
7.63
8.5
13.25
3.35
1.36
9.28
2.41
0.02
0
0
0
0
0.01
0
0
0.01
0.01
0
1.89
0.44
0.61
0
0
0
0
0
0
0.09
0.23
1.75
1.59
0
9.17
5.08
1
0
0
0
1.38
1.61
4.66
0.74
0
0
0
4.95
0.2
10.55
0
0
0
0
2.5
3.13
18.8
0.94
0
0
0
4.54
0
16.72
0
0.01
0
0.49
0
1.27
0.36
0
0.13
0.08
14.16
0
0.01
0
0
4.8
5.17
7.94
0
0
0.01
1
0.66
0
5.83
8.17
4.63
5.45
0.46
0
0
0.02
0
0
0
0
0
1.61
1.26
2.3
0.23
0
0
0
2.11
6.59
6.71
1.42
0
0.02
0.11
1.58
0.05
0.59
0
6.39
3.18
1.88
0
0.37
0.33
0
0
0
0
0
1.22
0.31
0
0
0
0
0
0.01
0
0
0
0
0
0
0.05
0.46
0.55
5.3
1.02
0
0.77
0.09
3.23
6.88
0.33
0.04
0
0
5.38
2.91
1.62
12.36
7.02
4.07
5.74
1.05
5.76
8.81
1.22
2.14
0.22
0
0
0.81
5.64
1.21
1.13
8.73
5.35
0.16
1.63
0.96
0.15
0.08
0.32
0.9
2.4
0.93
1.63
0.57
11.2
2.63
0
1.73
0.11
0.71
0
0.73
4.27
0.69
0.01
2.77
9.89
16.2
3.3
5.76
0.88
1.84
6.17
1.16
0
0.59
0.53
0.45
0.22
0.25
2.1
13.82
1.71
0.46
0.34
0.37
0
0
0
0
0
0
0.15
2.7
4.24
0.23
0
0
0
0
0
0
0
0
1.48
1.97
1.04
0.97
0.18
0.34
6.6
2.19
1.84
0.57
2.43
0.99
1.77
0.48
0.01
0.01
0.61
0.05
0
0
0
0
0.01
0
0
0
0
0.01
0.27
2.19
0.01
0
0
0
0
0
0
0
0
0
0
0
0
0
0
0
0.02
0.3
0.07
0.01
0
0
0
0
0
0
0.47
0.01
0.5
6.58
0.35
0.13
0
0.57
0
4.69
0.87
1.68
0.15
0
2.99
0.88
3.89
0.38
1.26
0.37
4.4
4.04
1.91
0.19
0.38
4.21
3.43
5.41
0.58
0
0
0.01
0.45
1.93
0.23
0.34
0
7.36
0.75
5.77
4.7
5.4
4.87
3.3
0.55
0
0
0
0
0
0.02
1.19
12.9
6.01
5.89
11.86
0.07
0.21
0.09
0.43
7.09
2.66
0
0.24
9.63
7.89
1.92
4.47
13.05
1.85
3.85
0.12
1.13
0.33
0
10.28
8.54
4.3
1.39
0
0
0
0
0
0
0
0
0
0.01
0
0
0
0
0
0
0
0
0.04
0
0
0.02
0
0.18
10.29
0.02
0
0
0
0
0.01
0
0
0
0
0.02
0.58
0
0
0
0
0.03
0
0
0
0
0
0
0.02
0
0
0
0
0
0
9.62
0.77
0.24
0
0
0
0
0
0
0
0.07
1.3
2.05
0.32
6.65
0
8.56
0.18
1.87
0.45
0.02
0
0
0
0.01
1.47
20.36
0.72
0
0.01
0.22
0.01
0
0
0
0
0
0.15
0
0
0.02
0.39
0.05
0
0.02
0
0
0
0.02
0.41
0
0.45
7.16
0.4
8.6
4.66
0.99
1.03
1.05
1.88
1.55
0.61
0.1
0.68
5.15
15.57
3.55
0.45
1.84
1.98
1.18
0.07
0
0
0
0
0
0.01
0
0
0
0
0
0
0
8.25
1.2
0
0
0
0
0
0
0.27
16.41
13.32
1.01
0
0
0
0.01
0
0
0.01
0
0
0
0
0
0
0
0
0
0
0
0.21
0.77
0.41
0
0
0.75
0.82
1.07
0.7
4.72
1.07
0
0.01
0
0
0.13
0.87
0.98
0.13
0
0
0
0
0
0
0
1.65
0.39
0
0
0.13
0
0
0
0
1.23
4.39
0.34
0.33
0.02
0.04
0
0
0
0
0.2
9.02
2.57
0
0
0
0
0
2.87
6.41
1.09
0
0
0
0.44
0.32
0
0
0
0
0
0
0
0
0.01
0.01
0
0
0
0
0
0
6.53
1.23
0.18
0.01
0
0
0
0
0
0
0
0
0
0
0.22
9.69
2.54
0.96
5.13
1.18
0.02
0
2.71
0.47
0.13
0.03
0.2
0
0
0.13
7.89
4.48
1.94
4.65
1.23
0.08
0.08
0
0
0
0
0
0.14
6.55
4.59
3.21
2.42
0.27
0.03
0
0
0.18
0
0
0
0
0
0.02
0
0
0
0
0
0.23
7.38
3.55
8.16
0.62
0.03
0.03
1.02
0.06
0
0.11
0
2.68
0.54
7.85
11.38
1.59
0.64
1.38
2.02
3.85
0.21
0.24
3.97
2.38
0.05
0
0
0
0
0
0.05
0
0.44
3.88
7.93
5.84
1.21
0
0
0.01
0.01
0
0
0
0
0
1.65
2.14
13.25
0.98
0
0
0.67
0
0
2.07
16.8
3.86
1.36
1.5
7.85
0
0
2.25
12.14
0
0.55
0
0.05
0.24
4.85
1.38
0.16
0
0
0
0
0
0
0.03
0
0.66
0.07
0
0
0
0
0
0
3.76
0.13
0
0
0.13
1.15
3.91
0
0
0
0
0
0.04
0.45
15.59
5.34
1.93
0
3.52
16.02
0
0
0
0
0
0.31
2.21
0
0
0
0
0.01
0
0
0
0
0
0
4.7
0
0
0
0.03
0.36
0.08
0.2
0
0
0
0.06
8.29
3.94
0.15
0.01
17.04
9.85
4.25
0.56
0
0
0
0
0.3
20.99
12.59
3.07
0
0
3.91
14.15
1.69
2.71
0
0
0.87
3.27
0.05
0
0
0
0
0
0.02
0
0.26
0
0.77
4.16
0.06
0
0.13
0.06
7.18
1.45
0
0.02
0
3.63
3.74
4.48
7.35
2.82
13.54
22.45
6.13
0.37
0.68
0.07
0.12
0.28
0.29
0
0.41
0.09
0
0.23
0.04
0.15
0.03
0
0
0.14
10.61
13.08
1.91
4.88
3.56
0.22
1.83
0
0
2.71
0.96
0.06
0
0
0
0
0
0
0
0
0
0
0.09
0.94
0.07
0
0
0
1.04
0.07
0.45
0.62
0.52
8.11
1.18
0.06
0.44
0.41
1.05
0.28
0
0
0
0.06
0.43
0.2
4.18
0.35
4.35
0.49
0
0
0
0.02
0.08
0
0.08
0.01
0
3.47
0.18
0
0
0.09
8.62
0.85
0
0
0
0
0.03
0.02
0
0
0
0
0
0.14
0
0
0
0.02
0.6
0.02
0
0
0
0
0
0
0
0
0.01
0.01
0
0
0
0
0
0
0
0
0
0
0.04
0
0
0
0
0
0
0
0.02
0
0
0
0
0
0
0
0
0
0
0
0
0
0
0.18
0
0
3.31
1.76
6.49
2.81
0.49
1.66
0.66
0.71
1.5
0.64
4.97
3.32
0.07
2.24
4.8
2.68
0.55
0
1.07
9.1
2.32
5.78
0.31
0.13
1.06
7.43
13.38
5.13
3.21
9.81
2.17
0
0
5.86
0.24
0.02
0.09
2.06
2.01
0.62
1.28
0.05
0.13
0
0.81
1.68
1.2
4.55
10.07
7.1
5.57
1.48
0.17
1.55
0
0
0.52
0
7.83
0.51
1.08
1.76
15.6
1.48
1.22
2.37
0.14
5.3
0.24
1.83
0
0.41
0.02
0
0
2.95
20.63
0.6
0.73
0
0
5.93
2.97
0
0.01
0
0
0
0.02
0
0
0
0
0.01
0
0.01
0.01
0
5.42
0
0
0
0
0
0
0.02
0
0
0
0
0
0.07
2.48
0.01
0
0
0
0
1.68
2.9
0
0
0
0
0
0.01
0
0.02
0.01
0
0
0
0
0
0.02
0
0
0
0
0
0
0
0
0
0.18
0
0
0
0
0
0
0
0.05
0
0
0
0.27
0.43
2.8
0.7
0
0.05
1.34
0.34
0
0
0
0
0.57
0
0
0
0
0.07
0.64
1.3
0.73
0
0.01
0
0
0.02
0.77
6.11
0.73
0
1.02
0.02
0.07
0.79
2.02
0.91
2.39
1.31
0.2
0.64
0.09
0
0
0.01
0
0
0
0.01
3.06
15.77
1.24
1.59
4.4
6.41
0.76
0
0
0.88
13.28
4.82
6.61
9.15
1.84
3.08
0.19
0
0
0
7.45
0.13
0.81
3.04
0.48
2.64
10.43
2.62
1.04
0.07
0.02
0
0.04
5.36
2.94
0.13
0
0.01
0.05
0
0
0
0.17
13.61
2.82
2.67
0.36
0.99
0.02
0.61
2.92
0.69
5.7
3.19
0.57
0.38
3.58
4.46
3.09
1.41
0.27
0.03
0
0.05
0.19
2.56
0.04
0
0
0.01
0
0.27
1.32
6.97
3.23
6.27
6.45
6.66
2.51
4.68
12.05
2.38
0.3
4.39
3.46
2.65
1.55
4.96
2.83
0.32
0.04
2.09
1.86
1.12
0.8
0.28
0.41
4.37
2.87
0.48
4.05
0.4
0.09
0.01
0.71
1.81
7.45
5.16
17
5.05
4.55
1
0.02
0
0
0.01
0
0.71
0.08
0.05
8.43
4.27
0.39
0.2
0.01
0.09
0.01
1.76
1.26
0
0.02
0.17
0
0
0
0
0
0.07
0
0.38
1.1
0.66
11.09
15.77
6.66
12.39
0.67
1.78
11.68
5.12
0.42
1.06
0
5.9
0
0.09
0
2.88
0
0
0.01
0.01
0
0
0
0.76
0.91
1.89
0
0.45
1.26
0
0
0
0
0
0
0
0.02
0.01
0
0
0
0
0
0
0
0.07
0
5.32
0.98
0.03
0
0
0
0
0
0.02
0
0.64
0
1.46
4.68
6.56
2.23
0.63
3.58
0.08
0.4
0.02
0.71
0.65
0.38
0
0.01
0
1.08
0.64
0.24
0.24
2.29
0.05
0
1.7
3.9
2.01
6
0.05
0.34
0
0
0
0
0
0
0
0
0
0
0
0
0.02
5.78
1.91
0.09
0
0
0
0.01
0
0
0
0
0
0
0
0
0
0
0
0
0
0
0
0.04
1.05
0.63
0.41
0
0.59
0
0
0.79
0
0
0
0
1.53
0.91
0
0
1.16
0.03
0
0.02
0
0
0
0
0
0.14
11.84
1.5
0
0
0
0
0
0.02
0.01
0
0
0
0
0
0.31
3.05
9
0.42
1.16
0
0
0
0
0
0
0
0
0.05
0.5
0
0
0
0
0
0
0
0
7.71
0.3
0.01
0
0
0.01
0.01
0
0
0
0
0
0
0
0
0
0.47
0.09
8.88
9.47
8.72
3.21
0.3
0
0
7.06
0
0.94
0
0
0.09
0
0
4.3
2.12
5.96
2.41
0.39
0
2.56
0.17
0
0
0.2
8.23
4.67
7.07
4.18
0.33
2.09
0
0
0
0
0.01
0
0
0
0
0
0.74
0.78
0
0
0.01
0.05
0.3
0.61
0
0
0.07
0.38
0.63
2.72
0.63
0.41
0
0.02
0
0
0
0
0
0
0.02
0
0
0
0
0
0
0.11
0.05
0.05
0
0
0.01
0.01
0
0
0
0.02
0.01
0.98
0.23
0
0.01
0
0
0.24
0.33
5.93
0.8
0
0
0
0
0.05
1.01
2.15
2.09
1.85
2.36
0.33
0.07
0.01
0.01
0.07
0
0.09
0.02
1.23
1.15
0.34
1.89
0.95
0.2
0.35
0.01
0.32
1.06
1.59
7.09
0.46
0.14
0
0
0.01
0
0
0.03
0
0.04
0.55
0.16
7.4
0.79
0.05
0.09
0.05
0
0
0
0
0
0
0.2
0
0
0
0
0
0
0
0.05
0
0.01
1.23
1.85
2.46
0.64
8.65
4.23
2.73
0.49
0.13
0
0
0.01
0
0
5.86
6.41
7.83
5.58
0.86
0.02
0
0.03
0
0
0
0
0
0
0.23
2.25
0.34
0
0.11
0
2.19
4.46
1.3
5.2
2.15
1.21
0.46
0.3
10.6
23.3
3.07
0.68
0.74
4.41
0.5
0.03
2
0.56
0
0
0
0
0
0
0
0
0
0
0
0.81
5.13
1.88
0
3.87
5.32
13.2
24.65
3.79
0.23
0
0.02
4.32
0
0
0
0.22
0
0
0
0.08
2.7
0.66
0
0
0
0
0
0
0.01
1.66
0.39
0
11.58
10.07
15.53
7.52
9.48
2
0.14
0
0
0.14
0
0
0
0.01
0
0.15
0.14
0
0.11
0
0
0.03
0.61
0.07
0
0.04
0.3
20.88
1.44
0.07
0
0
0.01
0
0
0.64
0.01
0.01
0
0.38
0
0.26
0
0
0
0
0.01
0.01
0
0.06
2.93
0.15
0.09
0.08
0.01
0
0.13
0.5
0.02
0.02
0
0
0
0.01
0
1.61
0.34
4.55
2.18
0.03
0
0
0.22
10.2
0.66
0.26
10.06
0.66
0
6.28
0.94
12.21
6.6
2.42
4.16
3.7
0.54
0
0
0
4.95
0.18
0.23
0
0
0
0.1
0.13
0
0
0
0
0
0.18
5.28
3.74
3.04
1.28
0.42
8.7
1.7
1.07
0.02
0
0
0
0
0.3
0
0.9
5.6
3.86
0.28
0
0
0
0.43
9.08
14.31
30.45
2.14
3.34
0
0.04
0
1.29
0.14
0
0.12
2.19
11.19
1.12
0.14
0.04
0
0
0
0
0.45
5.18
0.63
0
0.19
0
0
0.02
0
0
0
0
0
0
0.32
7.71
5.13
3.27
2.97
0.05
0.71
5.61
1.47
6.93
9.07
2.82
3.35
0.02
0.92
0.96
2.27
1.84
0.96
6.94
1.27
0
0.04
1.05
0
0
0.7
2.82
4.16
1.68
0.24
1.26
0.45
0.05
1.16
2.6
2.04
13.05
0.39
0.01
0
0.12
0.35
0.67
2.73
5.34
0.19
0.09
2.52
1.4
0.59
5.55
1.41
2.73
8.8
2.07
5.51
0.9
1.57
0.31
0
0
0
0.1
0
0
0
2.53
4.88
7.57
3.43
6.3
0.8
0
0
0.04
0.07
0.02
1.75
1.93
0.87
0.64
1.14
0.32
1.47
0.19
0
0
0
0.05
0
0.26
0.11
0
0.33
0.25
0.03
0.14
2.51
2.99
1.95
0.22
0.96
1.8
7.37
13.19
6.55
0.63
0
0.01
0
0.63
0.33
3.12
0.2
0.33
0
0.22
0
0.11
0
0.42
1.93
3.27
0.31
0
0.23
0
0.55
0
0.41
0.46
0.29
0.63
2.97
4.96
3.44
5
20.02
1.81
0.85
0.03
0.94
0
0.81
0.11
0.95
0
1.03
1.51
0.8
0.16
3.46
2.98
9.35
1.02
1.73
1.18
6.05
1.46
0.06
0
0.13
0
0.08
2.05
0.05
0
0.34
0.36
0
0
0
2.2
10.45
41.34
10.97
3.43
0.28
0
0.16
0.07
0
0
12.93
17.81
0
0
0
0
0
0
0.34
2.99
0
0
0
0
0
0.46
0.82
8.25
0.56
0.45
5.56
2.4
0.41
0.11
0.75
0
0
1.99
0.01
0
0.07
11.78
2.82
0.72
0.04
0
0
0
0
0
0
0.02
0
0.04
0
0
0
0
0
0
0
0.48
0.01
0
0.01
0.02
0
0
0.74
0.05
1.13
0
0
0
0
0
0.02
0
0
0
0
0
0
0
0
0
0.76
0
0
0
0
0.35
0
0
0
0
0.89
0.2
0
0
0
0.02
0.32
0.01
6.97
0
0
0.04
1.36
22.28
2.13
0.16
0
0
0.01
0.49
0
0
0.11
1.14
4.91
7.42
11.79
0.37
6.71
0.8
0.1
0
0
0
0
0
0
0.03
0
0
0
0
0.03
1.14
1.54
0
0
0
0.68
0.45
11.59
3.07
6.07
0.82
3.1
0.22
0
0
0
0
0
0
0
0.88
0.53
10.45
1.41
0.02
6.23
3.97
11
6.27
0.16
5.66
0.05
0.02
0.29
6.17
2.15
2.34
10.89
4.8
11.32
13.39
1.45
0
0
0.07
0.76
0
0
10.48
0.77
0.76
0.25
0.1
0
0.39
9.49
16.41
0
0
0
0
0
0.07
2.38
0.26
0
7.06
0.23
0
1.13
2.33
3.62
0.02
0.02
0.51
0.54
1.7
0.29
0
0
0
0.13
0.23
0.02
0
0
0.19
0.31
1.84
0.23
0.18
0
0.11
0.01
0
0
0
4.02
0.01
1.25
0.14
0.11
0.11
0.02
0.11
0
0
0
0
0.61
0
0
0
0
0
0.4
0.27
0
0.87
0.06
0
1.9
0
0
0
0.15
0.41
3.64
6.41
1.39
0.1
2.8
1.2
0.13
0
0
0
0
0
0
0
0
0
0
0
0
1.01
0
1.43
0
0
0.6
2.12
2.98
2.86
2.15
8.44
7.31
2.79
3.8
3.43
0.48
0.01
0.02
0.47
0.01
0.05
0.18
0.71
0
1.74
3.01
2.2
13.5
1.68
0.09
0
0
0.16
2.57
0
0
0
0
1.08
0
0.26
1.1
15.06
7.25
10.45
11.05
1.88
4.68
1.79
0.13
0
0
0.3
0.03
0.2
0.03
0.02
0.13
0.05
2.7
0
14.81
17.53
0.93
3.97
0
0
3.68
4.02
0.72
0
1.48
0.01
5.59
18.21
12.45
1.53
2.96
17.21
4.87
6.99
7.62
1.93
1.36
2.29
0.11
8.29
14.06
0.25
0.02
0
0
0.21
0.5
0.07
0.31
0
1.01
8.15
1.66
3.71
0.34
1.92
12.23
1.4
4.55
1.29
0
0
0
0
0
0
5.59
7.87
3.14
1.21
2.91
1.35
5.55
1.99
0
0
0
0.19
3.37
1.48
0
0
0
0
0.13
0.1
0.05
3.88
0
0.97
0
0
0
0
0
7.05
9.85
1.73
0
0
0
0
0
0
0
0
13.7
1.55
0
0
0
0
0.01
0.01
0.05
0
0
0
3.3
0.19
0
0
8.41
5.62
0.27
0.52
0
0.11
0.76
0
1.07
0.12
0
0
0
0
0
0.03
0.04
0
0.8
0.47
0
0
0
0
0.01
0
0.02
0.08
0.04
0.16
0.29
1.92
10.12
19.98
3.69
0
0
0
0
0
0.03
0
0
0.21
0
0
0.07
0
0
0
0
0
0
0
0
0
0
0
0
0
0
0
0
0
0.06
0
0.19
0
0.05
0
0.11
0.35
0.3
0
0
0
0
0
1.02
3.79
5.2
1.72
0.61
0.06
0
13.54
5.16
3.14
8.91
3.24
1.08
3.02
2.12
0.46
0.41
17.99
1.53
0
0.16
0
0.05
0.91
0
0
0
0
0
0
0
0
0
0
0
0
0
0
0
0
0
7.7
2.14
2.62
14.22
2.34
5.97
0.62
1.27
0.02
0
0
0.16
0.13
0
0.13
0
0
0.03
0
0
0
0
0
0.03
0
0
0.06
2.56
4.69
0.16
0.23
0
0
0
0.01
0
0
0
0
0.03
0.39
0.01
0
0
0
0
0
0
0
0
0.02
0.11
0.12
0
0
0
0
0.61
1.16
0.55
0.01
0.22
0.1
0
0
0
0.52
0
0.01
0.28
0.88
0.01
0.13
0.04
0
0
0
0.13
0.41
1.8
0.02
0.01
0.32
0
1.31
1.73
6.25
2.16
0.3
0
0.09
0
1.05
0.03
0.02
0.28
0.1
0.09
0.79
0
0.02
0
0
0
0
0.03
0.4
0.98
0.25
0
0.66
0
0
1.52
0.27
1.88
1.04
0.8
4.92
0.38
0.95
0
0
0
3.89
4.19
3.17
2.44
1.62
0.19
0.06
1.88
0.13
0
0
0
0
2.47
1.81
1.23
0.06
0.13
0
0
0
0
0.05
1.2
0
0
0
0
0
0
0
0.01
0.01
0
0
0
0
0
0.82
0.07
1.81
0
4.66
0.33
0.11
8.35
7.73
2.38
0
0
0
0.01
0
0
0
0
0
0.15
0.23
3
6.29
0.79
3.96
0.03
0
0
0
0
0
0
1.39
0.08
5.51
0
0
0
0
0
0
0
9.77
7.88
7.89
13.94
1.08
0
2.11
10.4
0.48
0.14
0
0
0
0
0.01
0
0
0
0.14
0.06
0
0
0
0
0
0
0
0
0
0
0
0
0
0
0
0.01
0
0
0.06
0.01
0
3.96
0.13
0
0
0
0
0
0
0
0
3.1
0
0
0
0
0
1.51
0.42
0.02
0.41
0.62
0
0
0
0
0
0.01
0
0
0
0
0
1.93
0.55
0
0
0
7.01
25.64
11.13
1.54
0.14
0
0
0
0
0
4.4
1.5
0
0
0
0
0
0
0.05
0.37
0.2
0
0
0
0
0.02
0
0
0
0
0
0.01
0
0.5
0.68
0.32
1.23
0.59
5.8
0.23
0.1
5.18
2.84
0.52
1.81
0.29
10.28
0.41
0.02
0
0.14
0.21
8
0
2.54
1.01
0
0
0.02
0
0
0.05
0.09
5.91
6.32
0.39
0.06
4.11
9.95
29.11
3.01
1.75
1.32
0.05
0.04
0
0
0
1.74
0.33
1.69
0.4
0.09
0
0.55
0
8.59
23.55
0.59
2.97
0.59
0.19
0.07
0.2
0.04
0.01
0
0
0
0
0
0
0
0
0
0
0
0
0
0
0
9.83
6.17
2.73
1.54
0.08
0.66
0.68
0
0
0.15
0.3
1.93
4.56
1.98
8.9
0
0
0
0
1.28
0.8
0.59
1.2
0
0
0
0.01
0
0
0
0
0
0
0
0.07
0.71
0.06
0
0
0.04
0
0
0
0
0
0
0
0
0
0
0
0.23
0.14
1.05
5.4
1.99
2.53
2.62
0.49
7.39
0.46
6.02
7.31
0.73
1.03
0
1.16
1.18
8.49
1.3
0.46
1.08
0.09
0.32
0
0
0
0
0
0
0.31
0.81
2.96
2.28
1.24
2.54
0.78
3.1
1.2
0.09
0
1
0.07
0
0
0
0
0
0
0.03
0.02
1.49
0.63
0
0
0.01
0
0
0
7.02
1.77
0.69
4.24
1.36
0.13
0.4
13.9
1.83
1.21
0
0
0
0
0
0
0
0
0
1.41
0.98
0.08
5.48
1.33
0
0.08
1
0.48
2.07
0.47
0
0.02
0.02
0.79
0.18
0
0
0
0.02
0
0
0
0
0.02
0.59
0.51
0
0
0
0
0
0
0
0
1.16
1.73
8.16
0.22
0
0.95
0
2.25
13.3
9.53
14.04
7.25
6.76
8.45
0.37
0.26
4.57
15.85
0.78
0.75
4.36
2.27
1.64
1.52
0.53
0
0
0
0
0
0
0.02
0
0
1.55
2.23
0.96
1.27
1.75
9.9
2.99
13.94
5.2
0.04
0.1
0
0
0.01
0.69
0.23
0
0
0
0
0
0
0
0
0
0
0
0
0
0
0
0
0
0
0
0.01
0
7
0
0.08
0
0
0
0
0
0
0
0
0
0
0
0
0
0
0
0
0.43
0
5.01
0.59
0
1.21
19.42
14.68
11.97
15.83
1.68
0.03
0.01
0.01
0
0.21
20.47
0.98
0.04
1.12
0.14
0
0
0
0
0.01
0
1.81
0.3
1.14
0
0.18
0
0.23
0.61
0.34
2.96
0.24
0
0
0
1.46
10.89
7.45
6.81
9.19
0.04
3.51
5.45
0
0
0.03
0
0
0
0
0
1.35
5.23
8.72
1.77
0.61
0.23
3.85
2.88
0.87
0
0
0
0
0.01
0.61
3.4
0.19
0
0.21
0.04
0.72
0.24
1.36
0.57
0.19
0
0.06
0.13
0
1.3
0
0
0.3
1.68
7.9
3.51
6.43
0.99
0.16
0.02
0
0.04
0
0
0
0
0.04
0.7
0.01
0
0
0.6
0.81
0.14
0
0
0
0
0
0
0
0
0
0
0
0
0
0
0
0
0
0
0
0
0
0
0
0
0
0
0
0.07
2.23
0.79
1.93
3.07
1.02
0
0.4
1.7
1.18
0.28
0.39
2.32
4.46
5.8
0.88
0.04
2.62
11.03
2.38
1.42
3.16
2.33
0.49
3.54
0.59
3.2
3.14
4.68
1
5.68
1.09
0
4.55
0.23
2.82
0
0
0.52
0
0.01
0
0
0
1.44
3.95
0.42
0
0
0
0
0.07
0.01
0
2.68
0.09
0.41
0.3
2.81
0.58
0.02
0.15
0
0.19
1.25
22.07
6.94
1.34
3.02
11.61
10.95
6.68
2.67
2.01
2.09
7.74
5.48
2.15
0
0.31
2.77
13.39
2.72
1.91
0.06
2.46
0.97
0.23
0.36
0
0
1.09
0
1.3
4.35
6.82
0.38
5.4
3.84
4.04
2.21
5.88
8.36
3.98
0.42
1.26
0
1.57
0
0
0.01
0.98
5.28
1.47
0
0
1.46
5.44
9.56
6.8
3.46
2.68
8.57
3.21
4.57
6.95
1.39
0.3
0
0
0
0
0
0
3.36
2.22
0.02
0.67
0.05
3.07
0.23
0
0
0
3.58
2.08
5.91
0.63
1.55
0.03
0.02
0
0
0
0.03
0
0
0
0
0
0
0
0
0
0
0
0
1.59
0
0
0
0
0.02
0
0
0.01
0
0
0
0
0
0
0
0
0
0
0
0
0
0.02
0
0
0
0
0
0
2.17
2.09
0.34
0.01
0
0
0
1.09
0
0
0
0
0
0
0
0
0
0
0.6
0.61
0.92
0.41
0.48
0.39
0.06
0
0
0
0
0
0
0.01
0
0
0
0.14
0
0
1.86
1.17
0.46
0.64
0.01
0.3
0.02
0
1.49
4.26
1.59
0
0
0.01
0
0.02
2.73
0.8
0
0.15
0.56
1.23
13.44
4.08
2.48
0.51
0
0.05
3.55
0.48
0.01
0
0
0
0
0
0
0
0.51
0
0.05
3.86
0.59
0
0
0
0
0.02
0
0
0
0.02
0
0
0
0
0
0
0
0
0
0
0
0
0
0
0.07
0
2.54
8.31
0.52
2.05
0.6
0
0
0
0
0
0
0.66
0.16
0.05
0.02
0
0
0
0
0.05
0.02
0
0
0
0
0
0
1.14
2.94
0.41
0.34
3.64
3.49
1.1
0.27
0
0
0.02
0
0
0
0
0
1.74
2.92
4.64
0.66
0
0
0
0.02
1.36
1.15
6.11
0.5
1.13
0.12
3.24
1.34
0.34
0
0
0.31
0.3
0
0
0
0.01
0
0
0
0
0
0
1.43
1.38
4.34
1.7
0
0
0
0
0.32
0
0
0.01
0.01
0
0.54
0
0.7
1.41
9.42
1.71
0.09
0.95
0.26
3.29
0.49
0.96
0.58
1.3
0.38
0.01
0
0
1.48
1.13
0.45
0
0.01
0.59
0.42
0
0
0
0.9
0
0
0.5
0.04
0
0
0.3
11.93
2.15
0.72
0.01
1.87
1.36
0
0.05
3.25
1.24
0.26
0.12
0
0.29
0.12
0
15.66
9.09
12.95
12.89
0.38
0
6.42
1.8
0
9.32
10.95
10.71
13.46
9.55
2.88
4.25
3.84
1.59
0
0
0.02
0
0.02
0
0
0
0
2.19
1.2
2.09
2.33
4.19
30.4
24.44
10.31
4.29
7.53
0.04
1.71
2.34
3.09
11.88
2.04
0.04
3.27
1.57
7.78
0.68
5.27
0.67
0.72
2.93
2.07
3.75
7.4
1.82
6.77
0
2.13
4.65
1.04
0.23
4.48
14.39
5.12
6.66
2.77
0.41
0
0.01
6.58
0
0
0
0
0
0
0.2
0
0
0.01
0
0
2.46
0
0
0
0
0
0
0
0
0
0
0
0
4.21
0
0
0.53
0.18
0
0.15
0
0
0
0
0.12
0
0
0
0
0
0
0
0
0
0
0
0.01
0
0
0.04
0
0
0
0
0.01
0
0
0
0.02
0.03
0
0
0
0.97
3.01
2.55
0.16
0.02
0
4.43
0.38
0.03
0
0
0
0
0
0
0.38
6.4
0.4
0
0.78
1.16
0.69
0
0
0
0
0
0
0
0
0
5.6
7.16
1.36
0.04
0
0
0.39
0
0
0.82
0
0
0
0
0
0
1.73
2.08
2.18
1.03
11.59
31.41
6.27
2.32
1.13
1.72
7.59
6.44
4.78
2.68
6.41
4.06
1.02
0.04
2.7
0.01
11.43
10.9
1.71
6.9
20.18
10.5
10.45
0.78
1.18
0.12
0.13
0.31
0.02
0.26
0
0
0.03
0
0.71
0.02
0.03
0
0.63
0.15
0
0.01
0
0
0.85
0.45
0.01
0.32
2.7
5.39
0.71
3.66
1.49
0.57
3.55
0.59
0.46
6.51
9.29
2.76
0.71
0.3
0.45
3.7
0.35
0
0
0.89
0
0
0.35
0
0
0.53
0.1
0
0.01
0
0.01
0.02
0.03
0
2.06
0.02
1.58
0.09
0.05
0.48
0.51
1.6
3.96
1.47
0.02
0.1
0.17
0.14
0.04
0
0
0.59
6.04
3.05
0.71
4.98
5.29
1.02
2.61
0.48
0.58
1.31
1.58
1.67
3.2
2.97
3.6
1.77
4.66
2.95
3.27
1.4
0.53
2.27
1.75
0
0
0
0.58
0
0
0
0.01
0.01
0
0
0.7
0
0.01
0.02
0.35
0.06
0.8
2.71
1.28
1.13
7.19
3.79
1.11
0.22
0.34
0.24
0
0
0
0
0
0
0
0
0
0
0
0
0
0
0
0
0
0.11
11.96
3.38
2.09
0.28
1.56
0
0
0.24
0.37
9.01
3.13
0
0.09
14.28
9.52
0.59
0
2.58
2.46
5.05
0.15
3.25
1.17
0.09
0
0
0
0.01
0.2
0.77
0.16
0.03
0.37
2.32
0.09
0
0
0.2
0
0.27
0.38
0.68
3.15
0.43
0.15
0.35
0.28
0.09
0
0
0.01
0
0.09
3.27
0.16
0.14
3.22
10.55
0.93
1.18
0
0.18
0
0.68
0
0
0.05
0
0
0.13
1.92
0.92
0.41
0.17
0.02
0
0
0
0
4.71
0.49
1.61
1.27
0
0
0
0
0.35
0
0.09
0
0
0
0
0.06
0
0
0
0
0
0
0
0.06
2.85
0.59
0
0
0
0
0
0
0
0
0
0
0.16
0
0
0
0
0
0
0
0
0
0
0
0
0
0
0.03
0
0
19.05
14.84
1.43
0.09
0
0.29
0.99
0
0
0
0
0
0
0
0
0
0.04
0.27
0
0
0
0
0.01
0
0.03
0.01
0
0
0.01
0.06
5.88
0
0
0
4.21
3.2
2.27
0.9
1.83
2.56
7.59
5.76
0.37
0.01
0.04
0
0
0
0
0
0
0.32
9.6
3.04
3.86
0.66
0
0
0
0.06
0.11
0.08
0
0
0
0
0
0
0
0
0
0
0
6.19
9.96
2.26
0.04
0
0
0
0
0
0
0
0
0.63
0
0.01
0.07
0.12
2.86
2.31
1.45
0.3
0
0
0
0
0.25
0.09
0
0
0
0
0
0.4
0.07
0
0.01
0.21
1.34
0.8
1.68
8.05
1.25
0.22
8
3.43
0
0
0.75
1.77
0.1
0.48
0
0
0
9.41
4.44
0.74
1.58
3.62
1.08
0.23
0.39
9.77
13.73
18.73
11.42
10.3
4.43
1.62
10.16
23
11.99
7.7
4.13
0.17
2.99
5.45
2.09
2.32
9.57
4.35
0.39
2.89
0.31
4.07
7.6
3.66
0.13
2.74
2.14
1.17
1.81
0
0
0.01
2.25
0.17
0.57
0.48
0.27
0.13
0.04
0.48
3.18
0.23
0
0.5
5.56
1.05
0
0
8.06
2.84
1.2
0.41
0
0
1.43
6.12
5.28
4.31
2.25
0.9
0.23
2.43
8.84
10.66
2.13
9.24
2.18
0.58
1.4
0.01
5.09
4.87
1.54
5.36
2.86
6.63
3.43
1.58
0.1
0.73
0.09
0.5
0.51
0
0.36
0
0.32
0.1
0.64
3.28
0.55
0.68
11.02
9.37
0.46
0.65
0.71
7.32
0.64
1.67
0.46
0.31
3.41
1.61
0
0.95
2.71
1.66
0
0
0.15
5.85
5.55
5.92
3.84
6.39
6.42
5.45
0.72
0.05
3.18
10.01
0.59
0.08
0.36
0
0.73
0
0.69
0.57
1.54
6.49
5.3
3.4
0.52
0.06
4.44
4.7
1.88
4.55
5.21
13.06
6.67
2.51
0.04
0
0
0.01
0
0
0.92
0
3.04
1.95
0.38
0
1.49
0.9
0.03
0.5
0
0
0.02
0.02
1.43
0
1.04
0.45
1.1
9.91
2.64
4.52
4.62
6.64
7.66
1.2
0.57
0.09
2.08
0
0.01
0
0
0.01
0.73
4.77
2.27
10.33
0.09
7.48
0.32
0.11
20.46
2.8
0.2
0
0.01
0.04
1.2
0.01
0
0.55
0
0
0
0
0
0.12
0
0
0
0.25
0
0.06
0
0
0
0
0.06
0
0
0
0
0
0
0
0
0
0.09
4.08
0
4.13
0.07
0
0.13
0
0
0.15
0.02
0.93
0
0
0
0
0
0
0
0
0
0
0
0
0
24.89
7.86
0.22
0
0.02
0.21
0.1
0
0
0
0
0
0
0
0
4.72
14.11
2.12
0.22
0
0
0
2.35
0.33
0
0
0
0.48
0
0
0
0.55
2.19
0.16
0
0
0.04
0.3
10.97
1.28
2.54
3.63
0.94
0
0
0
0
0
0
0
0
0
0
0.37
0
0
0.27
0.05
1.84
9.93
8.29
2.31
0.55
0
0.02
0
0.31
1.08
11.2
3.73
0.5
0.04
0
0.05
5.81
0.62
0
0.35
1.29
3.07
5.4
1.91
0.15
0
0.7
0
0
0
0.04
0.59
3.19
4.89
7.55
1.66
0.35
1.55
3.8
3.75
2.1
0.13
0
0
0.12
1.13
0.19
0
0
1.08
0.02
1.2
1.66
5.77
6.95
4.68
0.52
0
0
0
0
0
0.59
0.59
0.19
0
0.04
0.99
1.21
0.99
0.8
2.68
1.8
1.55
0.07
0
0
0
0
0
0
0.01
0
0
0.01
0
0
0
0
0
1.23
6.34
3.14
3.14
1.72
0
0.22
0
0
0
0
0
0
0
0
0
0
1.53
2.24
5.12
6.06
3.7
1
5.55
1.09
0.58
0.17
0
0
0.04
0.6
1.05
1.88
0.02
0.43
3.13
0.48
0.02
1.17
0.09
0
1.1
0
5.03
2.39
5.07
4.7
10.65
15.85
2.07
1.3
0
0
2.4
0.57
2.14
2.25
0.84
2.68
2.99
0.1
0.02
0.05
0
0.06
0
2.09
0.63
0.44
0
0
0.58
0.53
0
0
0
0
0
0
0
0.44
0.19
3.34
1.93
20.83
5.12
3.91
1.64
0.71
0.28
0
8.01
1.84
3.44
1.56
5.24
1.98
0.75
2.39
0.68
12.58
0.88
0.01
2.01
0.13
9.92
1.91
13.39
1.73
0.02
0
0.05
0
1.82
0.63
0.14
0.17
0.05
2.53
0
20.14
5.01
18.85
12.56
0.77
0
0
0.28
0
1.15
5.15
4.72
0.34
0.02
1.13
0.08
0
0
0
0
0
0
0.06
0
0
0.2
0.72
0
0
0
0
0.06
0.13
0.82
0.03
0
0.17
0.16
0
0
0
0
0
0
0.14
0
0
0.21
0.01
0.01
0
0
0.05
0
0
0
0
0
0
0
0
0
0.07
1.81
0.8
0
0
0
0
0
0
0
0
0
0
0
0
4.45
2.16
0.38
0
0
0.63
0.62
0
0
0
0
0
0
0
0
0
0.01
0.01
0
0
0
0.64
0.43
0
0
0
0
0
0
0
0
0
0
0
0
0
0
0
0
0.01
0
0
2.09
0.19
0
0
0
0
0
0
0
0
0
0
0
0
0
0
0.05
0
0
0
0
0
0
0
0
0
0.01
0
0
0
0.93
6.8
0.56
2.42
3.6
1.12
0.01
0.05
0.02
0
3.44
12.13
13.91
10.35
3.85
4.18
0.35
0
2.18
0.09
0.39
0
5.32
1.35
0
0.62
1.41
0
0.9
1.8
10.28
2.1
1.95
0
0
0
0
0
0
0.07
3.27
0.04
0.09
0.75
0
0
0
0.65
0
0.04
0.12
0.41
0.25
0.33
3.27
0.14
0
0
0
0
0
0
0
0
0
0
0.06
0
0.01
0.16
0.3
0.1
0
0
0
0
0.01
0
0
0
0
0
0
0
1.21
10.32
2.9
0.01
0.32
0
0
0
0.01
0.01
0
0.11
0.38
0.75
0.41
0
0
0.45
0.17
0.09
0.13
4.25
1.25
0
0.02
0.16
0
0.11
0.23
0.07
1.56
0.23
0
0
0
0
0
0
0
0
0
0
0
0
0
0
0.02
0.73
0.24
0.53
0.16
0
0
0.02
0
0
0
0
0
0.03
0.8
0.05
0.02
0
0.01
7.52
4.66
0.13
0
0.02
0
0
0.01
0
0
0
0
1.02
7.9
8.69
6.25
2.96
1.3
0.22
0.01
1.3
2.98
0.85
4.33
2.55
5.32
1.14
0.88
0.36
6.04
3.71
1.1
0.3
0.02
0.51
0
0.02
0.13
6.55
8.95
5.7
2.65
0.95
0.01
3.87
4.63
5.71
0.86
0.11
0.26
0
0
0.14
1.49
0.54
0.51
0
0
0.02
0
7.88
6.93
0.43
0
0
0
0
0
0.05
0
0
0
0
0.76
2.66
0.09
0.18
0
0
0
0
0
0
0.01
0
0
0
0
0
0
11.1
13.16
2.48
0
0
0
0
0
0.02
0
0
0
0
0
0
0
0.01
0
0
0
0
0
0
0.05
0
0
0
0
0
0
0
0.01
0
0
0
0
0.73
5.37
2.69
4.27
0.84
0
0
0
0
0
0
0
2.45
0.05
0
0
0
0.04
0
0
0
0
0
0
0.09
0.36
0.18
0
0
0
0
0
0
0
0.6
0
0
0
0
0
0
0
0
0
0.02
0.5
2.53
2.11
0
0
0
0
0
0
0
0
0.13
0.06
0.73
0
0.05
1.23
0.23
4.53
3.62
0.45
25.47
2.73
0
0
0
0
0
0
0.03
0.05
0
0.2
1
4.4
3.1
0.32
4.66
2.04
0.06
0.18
3.04
5.29
23.78
8.32
0.55
0.01
0.38
3.12
6.09
1.26
0.27
0.64
5.49
1.17
0.22
5.8
10.48
13.16
0
0.09
0.38
13.04
7.67
6.66
0.34
0
0.25
0.16
0
0.01
5.17
2.49
0
0
0.51
0
0
0.02
0.62
7.66
1.9
0.35
0.11
0
0
0
0
0.08
0.35
0.01
0
0
0
0
0
0.11
0.79
3.02
0.71
1.71
0.65
0.1
0
0.26
0.06
0
0
0.01
4.25
0.18
0
0
0.42
0.05
0.36
0.69
0.02
0
0
0
0
0
0
0.05
0
0.38
4.64
0.58
0.22
0.91
3.21
2.67
9.96
7.62
2.63
0.03
8.66
6.18
0.42
0.11
0.22
4.94
0
0
0
0.01
5.46
1.16
0
0
0.21
0.09
0.13
0.14
0.12
4.74
0.59
0
0.21
0.02
0
0
0.77
0.16
0.95
0.19
5.18
6.86
1.91
1.09
1.49
0.8
1.56
5.23
0.44
0
0
2.86
3.7
4.43
8.65
5.3
2.95
3.41
6.82
3.39
1.64
0.05
0
1.07
11.45
1.2
8.34
0.39
0
0.32
0.12
1.71
6.51
16.9
5.41
3.9
9.41
0.65
7.77
2.05
2.26
2.59
8.75
3.66
0.76
1.35
0
0.05
0
1.39
0
0
0
0
0
0
0
0.03
0
0
0
0
0.02
1.73
16.85
7.2
17.68
7.84
1.43
1.56
0
0
0
0
0
0.01
0.01
0.59
1.25
0.06
0
0
7.04
6.02
2.72
4.69
7.23
2.16
1.13
0
0
0
0
0.52
3.78
0.54
2.37
0.93
0.24
0
0
0.15
0.01
0.13
2.01
0.68
2.21
1.03
3.88
0.09
0
0.07
1.65
0.07
0.14
0.04
1.45
1.71
0.82
0.49
4.65
0
0
0.02
0
0
0
0
0
0
1.81
0
0
0
0
0
0.21
0.01
4.66
5.73
1.68
0
0
1.3
0.67
3.14
5.8
0.59
0
5.36
15.02
0.32
0
0.16
0
0
0
0
0.05
0
0.04
0
0
0.09
0.01
0
0.31
7.4
0
0
0
0
5.07
0.12
0.03
0.09
4.19
0
0
0
0
0
0
0
0
0
0
0.29
5.15
0.84
0.29
0
0
0
0
0.01
2.4
0.57
1.04
0
0.01
0.07
0.12
0.07
0
0
0
0
0
0
0
0
0
0
0
0.07
0
0.07
1.38
8.09
0.71
0.71
0.13
2
0.65
3.95
0
0
0
0
0
0.19
0
0
0
0
0
0
0
0.04
3.9
0
0
5.21
0.3
0
0
0.05
0
0
0
0
0
0.06
0
0
5.36
0.11
0
0
1.24
0
0
0.02
0.09
0
0.02
0.71
12.52
16.48
9.23
1.67
0.09
1.89
0.51
0.02
0
0
0
1.32
0.23
0.36
0.84
0.1
0
0
0
0
0
0.02
0
0
0.01
0
0
0.5
0.06
0.01
0
0
0.51
6.02
0.18
0
0
0.43
23.17
7.52
0.63
2.59
2.87
0.44
0.01
0.11
3.74
2.95
7.68
11.02
2.36
0.29
0
0.02
0
1.8
0.2
2.8
2.21
2.31
1.76
1
0.91
3.34
1.17
0
3.24
1.8
0.19
0.32
0.25
0.32
0.25
7.14
4.74
2.5
2.15
0.64
0
0.95
10.05
3.59
8.95
2.23
5.06
13.57
1.52
1.99
0.72
0.96
0.51
3.2
0.41
1.26
1.01
0
1.59
0.3
0
0
0.22
1.92
2.76
1.84
0.84
14.08
4.82
0.4
0.17
0.14
0.01
0
0
0.02
0
0
0
0.12
0
0.01
0
0.01
0
0.01
1.12
0.42
2.25
0.04
3.81
4.77
1.74
0.01
0
0
0.02
0
0
3.52
1.33
0.43
0.35
0
0
1.37
0
0.39
0
3.27
0.02
0
1.05
0.28
1.41
0
1.59
3.33
8.33
0.03
0
6.4
0.07
2.42
0.09
0
0
0
0
0
0
0
0
0
0
0.54
0.12
0
0
0
0
0
0
0
0
0
0.72
0
4.13
1.35
2.93
3.63
2.84
0.3
1.17
2.64
0
0.12
2.39
0.01
0
0
0
0
1.43
0
0.04
0.15
23.77
4.13
8.77
0
0.05
0
0
0.03
0
0
0.99
0.01
0.52
8.87
9.65
0
0
0
0
0
0
0
8.94
28.3
0.02
0
2.71
0.66
0
0
0
0
0
0
0
0
0
0
0.11
0
0
0
0
0
0
0
0
0
0
0
0
0
0
0.54
3.66
0
0
0
0.01
0.01
0.01
0
0
0
0
0.01
0.01
0
0
0.03
0.02
0
0
0
0
0
0
0
0
0
0.17
5.77
4.03
0.94
0
0
0
0
0.04
0.07
1.95
0.97
0
0
0
0
0.09
0.2
0
0.45
0.76
0
0.07
15.28
12.29
2.95
3.24
0.25
0
3.14
7.17
0.08
0
0.32
0.1
0.19
0
0
0
0
2.02
5.04
7.29
6.39
3.14
2.63
2.02
0.38
0.16
0
0
0
0
0
0
0
0
0.18
0.07
0.23
0
0.47
0
0
0
0.51
18.66
2.95
0
0.04
1.58
2.23
0.04
3.32
5.46
0.99
5.96
6.92
2.91
0.45
2.33
0.02
0.06
0.02
0
0
1.24
0
4.61
1.23
3.04
21.71
6.88
7.24
4.52
0.24
0.24
0.82
0.01
1.36
0.81
0.4
0.26
0
0
0
6.6
14.07
0.95
3.09
0.04
0
0.01
0
0
0.19
0
0
0.05
0
0.61
0.63
0
0
0
0
0.16
0
0
0
0
0
0
0
0
0
0
0.01
0
4.51
0.79
0.06
1.13
0.5
0.79
2.4
1.14
0.27
0
0
0
0
0
1.02
25.84
1.96
0.49
3.14
4.7
1.23
1.45
0.84
0.55
0.24
0.03
0
4.63
0.59
0.38
0.91
0.24
2.08
0.12
0
0.14
1.67
0.37
0.23
1.16
0.58
0.18
0.2
0
0
0.07
0
0
0
0
0
0
0
0
0
0
0
0
0
0.18
0.02
0.51
17.73
0.49
11.82
6.89
5.78
8
5.36
1.24
0
0
0
0
0
0
0
0
0
0.01
0.1
0
0
0.02
4.87
1.16
0.54
0.24
0.01
0.4
0.87
0.89
0.08
0.68
0.02
0
0.24
0.28
0
0
0.3
8.22
2.38
0.23
0.95
0
0
0
0.01
0.01
0
0
0
0
0
0
0
0
0
0
0
0
0
0.22
0.41
0
0
0.1
0.34
0.08
0.04
0
0
0
11.27
3.65
0.37
0.07
0
0.6
0
0.08
0.16
0.11
0.05
11.26
7.68
15.52
1.45
2.66
0.55
11.77
0
0
0
0
0
0
5.13
10.49
2.25
0
0
0.07
0.03
0
0.05
0
0.02
0
0
0
0
0
0
0
0
0
0
0
0
0.09
0.61
1.18
2.85
0.3
0.67
1.85
4.81
0
0
0
0
0
0
0
1.99
1.16
0
0.01
1.55
0
0
0
0.84
7.23
0.17
0
0
0
0
0.01
0.05
0
0.22
0
0.02
0.07
18.61
2.03
0.73
1.25
0
0
0
0
0
5.39
1.6
1.15
0
0.3
5.76
0.13
0.14
0.99
0
0
0
0.01
0.04
0
0
0
4.67
0.93
0
0
0
0
0
0
0
0
0.05
0.33
0.15
2.19
4.21
0.41
0.57
0.1
1.31
2.82
0.29
0.02
0.24
0
0
0.64
0
5.78
0.09
0
0.08
1.64
4.6
3.54
0.66
0
0
0
0
0
0.29
1.77
2.42
0
0
0
9.06
22.46
1.29
0
0.01
0
0
0
0
0
0
0
0
0.01
0
0
0
0
0.15
1.3
3.37
0
0.23
1.92
0.17
0
0
0
0
0
0
0
0
0
0
0
0.03
0.02
0
0.01
0
0
0.34
0.24
0.05
0
0
0
0
0
0.03
0
0
0
0.04
0
0
0.65
0.3
0.68
1.05
6.25
0.01
10.71
34.09
0.66
1.34
0.8
4.86
2.16
11.26
1.45
0
0
2.2
0
0.21
0.09
0.72
0.05
0
0
0.28
0
0
0
0
0
5.18
0.2
0
0
0
0
0
0
0
7.88
0.66
0.28
2.87
5.3
11.74
18.67
13.99
3.05
0.26
0
0.58
5.84
0.23
0
0
0
0.01
2.51
0.12
10.66
9.63
2.63
0.24
0
0
0
4.14
2.03
2.5
3.31
0.27
2.86
0.43
0.34
0
0
2.77
0.23
0.28
0.08
2.45
9.81
4.44
3.54
0.28
0
0.02
0.68
2.23
0.18
0.01
0.02
0.05
0.05
0.01
0
0.75
18.32
2.14
0
0.14
0
0.04
5.99
8.5
6.26
3.97
0
0.24
2.36
0.02
0.04
4.5
2.37
0.24
6.44
4.39
0.07
0
0.34
1
0.56
5.66
0.49
0
0
0
0
0.16
1.02
4.7
6.47
7.08
6.53
2.1
3.63
1.68
0.05
0
0.04
0
3.75
0.23
0
0.16
1.18
0.1
0
0
0.01
0.02
4.62
3.65
5.35
0
0
0
0.8
3.52
0.78
0.01
0.01
0
0
0.33
0.08
0
0
0
3.36
8.91
0.26
0
0
0
0
0
0
0.06
0.01
0
0
0.13
12.3
0.35
0
0
0
0.63
2.9
10.27
1.12
0
0
0
0
0
0
0
0
0
0
0
0.02
0
0
0
0.01
0
0
0
1.05
0
0
0
0
0
0
0
0
0
0
0
0
3.1
0.24
0.02
0
0
0
4.74
0.65
0
0.31
0
0
0
0
0
0
0
0
0
0
0
0
0
3.34
0.09
0
0
0
0
0
0
0.38
0.01
0
0.01
4.13
5.73
0.02
0
0
0
0
0
0
0
1.08
0
0.02
0
0.01
0
0
0
0
0
0
0
0
0.16
0
0
0
0
1.51
7.43
1
0.76
0
0.11
3.19
0
0.83
1.91
3.86
4.29
8.6
2.86
0
0
0
0
0
0
0
0
0
0.21
5.87
22.93
0.63
0.18
1.15
0.05
0
0.01
0.02
0.05
0.04
0
0
0
0
0.12
7.94
2.47
17.24
7.84
0.34
1.67
4.03
2.44
0.34
0.49
0.05
0
0
2.43
1.63
0.16
0
0
0
0.01
0
0
0.01
0
0.04
0.62
3.35
0.56
0.08
0
0
0
0.27
0.08
0
0.02
0
0
0
0
0
0
0
0.01
0
0
0
0
0
0
0.37
3.7
0.48
0
0
0
0
2.51
0
0
0.57
2.77
0.11
0.19
0.01
0
0
0.06
6.23
0.33
0.32
0.23
0
1.09
2.94
8.47
8.84
0.13
0
6.13
0.64
0
0
0.93
3.19
2.55
0.05
0
0
0
0
0
0
0
0
0.86
0
0
0
0.01
0
0
0
14.1
1.16
0.91
0
0
0
0
0
0
13.51
2.03
0
0
0
0
0
0
0
0.02
6.36
1.74
2.06
5.79
1.5
1.5
0
0
0
2.67
0
0.01
0
0
0
0
0
0
0
0
0
0
0
0
0.01
0
0.34
0.01
0.11
0
0
0
0.02
0.04
6.35
6.5
2.21
0.3
1.68
3.14
0.07
0
0
0.34
3.13
0
0.45
0
0
6.96
6.44
3.49
0.33
0
0
0
0
14.71
0
0
0
0
0
0
0
0.7
0
0
7.31
1.67
1.09
0.84
9.46
1.52
28.03
0
0
0
0
0
0
0
0
0
0
12.16
0
0
0
6.25
1.8
0.04
0.08
0
0
11.99
0.53
0
0.71
0
0.38
0.02
0
0
0
1.49
2.02
7.88
0.83
0.02
0
0
0
0
0
0.01
0.06
0
1.44
0
0.04
0.02
0
0
0
0
0
0
0
0
0
0
0
0
0.01
0
0.18
0
0
0
0
0
0
0
0.05
0
0.13
0
0
0
0
0
0
0
0
0.02
0.03
2.57
9.76
27.93
2.13
4.27
1.59
0
0
0.01
0
0
0
0.01
0.18
6.02
0
0
0
0
0.01
0.49
0
0
0
0
0
0.28
17.46
0.82
0
0
0
0
0
0
0.01
0
0
0
0
0
0
0
0
0
0
0
0
0
0.01
0.09
0.38
2.07
3.7
0.28
0.05
0.41
0
0
0
0
0
0
0
0
0
0
0
0
0.5
3.95
0.03
0
0.98
0.73
0.01
0.03
0
0
0
0
0
0
0
0
0
0
0
0
0.04
0.02
0.89
0
0
0.68
0
0
2.55
0.11
0
0
0
0
0
1.19
0.64
14.46
4.88
0.06
0
3.9
0.91
0
0
0.03
0
0
0
0
0
0.01
2.11
9.38
0.32
0.99
0
0
1.16
0.16
0
0.03
0
2.64
10.27
1.04
0.02
0.75
2.29
0.87
0.14
3.77
0.45
0.01
0
0
0
0
0.01
0
0
0
0
11.43
3.13
0.02
0
0.01
0
0
1.31
0.08
6.33
6.37
5.11
2.79
0.14
0
0.43
0.46
2.2
1.12
0.48
0.81
0
0.36
0.02
0
0.9
0.24
0.55
0
0
0
0
0
7.57
15.31
8.11
9.71
3.96
6.59
2.55
3.41
3.53
0.95
4.44
10.44
5.69
2
0
23.69
2.2
1.6
7.43
0.17
6.09
0.34
0
1.07
7.24
1.66
1.65
0.04
0
0
0.61
2.98
0.05
0
1.69
2.72
5.37
0.14
6.98
8.19
3.47
4.22
12.42
39.59
2.34
0.08
0
8.36
0.7
0
0
0
0
0
1.52
0.81
0
0
0.02
0.09
1.57
4.98
2.86
0.21
0.01
0.01
0.01
0
0.07
2.27
0.17
0
0
0.02
1.06
0
0
0
0.19
13.92
2.12
1.9
8.02
4.2
4.4
3.86
6.42
1.83
0.83
17.79
14.55
11.11
11.85
0.66
11.45
14.59
8.59
1.58
3.3
9.3
0.14
0
4.47
0
0.02
0.03
0
0
0
0
0
0
0
0
0
0
0.39
0.02
0.23
2.98
4.39
9.61
7.41
7.52
0.05
0
0
0
0
0.04
0.01
0.86
0.4
0
1.02
0
0
0
2.3
0
0
0
0
0
6.28
1.26
0
0
0.32
0
0
0
0
0
0
0
0
0
0
0.57
0.19
0.1
0
0
0
0
2.78
0.31
0
0.58
0.6
1.34
0.02
0.04
0
0.63
0.64
3.26
0
0
0
0
5.64
0.02
4.31
0
0.59
1.39
0.23
0.45
0
0.45
5.94
0.4
17.45
0
12.13
0
0
0
0
0.32
9.93
7.58
0.02
0.72
0
0
0
0
0
0
0
0
0
0
0
0
0
0
0
0
0.06
0.16
0.05
0.16
1.42
0.02
0.22
4.26
0
0.09
0.49
38.17
31.44
0.05
0.07
0.02
0
0
0
5.29
4.54
2.26
0.68
3.44
17.25
2.75
0.25
0.01
0.98
8.84
1.66
1.03
8.18
0.68
1.05
0.11
0.04
0
0.15
1.21
0.39
0.09
3.23
2.54
9.27
2.11
1.27
2.23
1.62
8.18
0.29
0
0
1.51
0.07
0
0
0
0.01
0.01
0
0
0
0
0
0
3.19
14.48
1.11
0.9
2.23
0.12
1.33
0.05
0
0
0.03
0
0
0
0
0
0
0
0
0
0.03
0
0
0
0
0.28
0.91
0
0
0
0
0.03
0.33
0
0
0
0.27
0.02
5.47
0.38
0.03
2.5
0.38
0.95
0.02
0.32
0
0.09
1.38
4.72
12.19
6.86
0.28
0.06
0
0
0.01
0
0
0
0.07
0.02
0
0
0
0
0
0
0
0
0
0
0
0
0
0
0
0
0
0
0
0
0
0
9.8
0.02
0.11
0
0.01
0.06
0.02
0
0
0
0
0
0.07
0.05
0
0
0
0
0
0
0
0
0
0
0
11.59
10.69
1.98
0.11
0
4.92
6.61
2.05
7.67
4.36
1.03
0.01
0
0
0
0.5
0
2.73
34.84
7.53
7.47
2.31
0.25
6.08
11.91
1.3
0
0.01
0
0
0
6.79
0.43
0.06
0
0
0
0.05
0.34
0.61
0.62
0
0
0
0
0
10.14
0
0.66
1.91
0.01
0
0.02
0.7
2.12
0
0
0
0
0
0
0
0
0.12
0
1.23
3.65
0.5
0.23
0.88
0
0.1
0.35
0
0.24
2.43
0
0.14
0.01
0
0.01
0.03
1.06
0.01
0.13
0
0
0
0
0
0
0
0
0.42
0
0
0
0
0.63
10.69
0
0
0
0
0.38
0
0
4.58
0
0.09
0
0.1
0.23
0
0.26
0
0
0
0
0
0
0
0.02
0
0
0
0
0
0
0
0
0.02
0
0
0
0
0
0
0
0
0
2.44
0.94
9.09
0
0
0
0
14.59
6.5
0
1.45
1.71
1.88
6.19
0
0
0
0
0.01
0
0
0.05
0.44
0
0.25
1.03
0.41
4.81
1.57
10.98
0.03
2.48
0.03
0
1.33
0
0
0
0
0
0
0
0
0.06
0
0
0
0
0
0
0
0
0
0
0
0
3.84
0
0
0.37
2.03
7.94
3.38
0.62
24.75
0.53
0
0
0
0
0.07
0
0.12
0
5.69
3.73
3.36
11.42
3.16
1.45
0.23
0
4.88
2.19
1.37
9.03
3.86
6.09
1.53
0.25
3.8
0
0.18
0.59
0.47
11.41
1.19
0.75
0.25
1.61
0.08
1.61
0.62
7.88
0.03
0
3.06
2.19
0.11
0.01
0.02
2.42
0
0.01
0.09
5.53
0.02
0
0
0
0.25
0.34
24.88
19.31
8.22
2.14
0
0
0.01
0
0
0
0
0
0
0
0
0
0
0
0
0
0
0
0
0
0
0
0
0
0
0.05
5.31
1.56
3.44
32.94
4.12
1.41
0.59
5.3
0.23
0.34
2.31
0.22
1.09
0.69
0
0.05
0
0.01
0
0
0
0.21
0
0.07
0.1
0
0.02
0
0
0
0.05
0
0
0
0
0
0
0
0
0
0.01
0
0.27
15.28
3.03
0.88
0.03
3.14
0.91
0
0
0
0
0
0
0
0
19.2
39.78
4.86
0.03
0
0
3.77
0.7
4.41
0.69
0.23
1.27
0.05
0
0.71
9.38
13.31
6.16
1.7
0
0.1
0.2
6.17
3.11
3.17
6.64
6.16
0.71
0
0.88
5.08
5.7
4.38
5.87
5.45
2.81
0.34
8.56
1.49
2.91
2.2
2.95
5.78
1.14
0
0
0
0.05
0
0
0
0
0.01
0
1.59
0.36
3.88
1.66
19.61
0.07
6.17
11.67
1.8
0
0
0
0
0
0
0
0.9
19.2
0.93
0
0
0
0
12.6
0.03
0
21.58
6.03
0
0
7.88
0.07
0
0
5.02
0.11
0
0
0
5.41
0.02
0
0
0
0
0
0
0.25
3.03
0
0.01
0
0
0.55
0
0.03
0
0
0
0
0
4.31
8.98
0.22
0
6.66
0
0
0
0
0
0
0.28
0.03
0
0.14
1.17
0.08
0
0
0.01
0
0.04
0.37
0
0
0.02
0
0
0
0
0.93
0
0
0.93
20.22
0
0
0
0
0
0
0
0
0
0.01
0
0
0
0
0
0
0.19
0.03
0
0
0
0
0
0
0
0
0
0
0
0
0
0
0
0.3
0
1.01
4.55
10.47
0.28
2.4
0
0.03
6.35
15.14
0
2.91
0
0.04
0
0
0.41
19.22
0
0.62
0
0
0
0
0
0
0
0.02
0
0.22
0.18
0
0
0
0
1.44
0.84
0.16
2.64
0
8.77
0.08
0.03
0.02
0
0
0
0
0
4.7
1.06
2.31
8.59
0.69
0
0.03
0
0
0
0
0.75
1.05
0.22
0
0
0
0
0.01
0
0
0
0.03
0
4.31
0.05
0
0
0.02
0.02
5.05
0.72
0.02
2.91
5.62
0.47
2.09
5.78
5.97
0.01
0.32
0.75
0.75
0.03
0
0.02
3.51
0.06
0.05
0.02
0.13
1.4
0.09
0.09
6.47
0.52
0.08
0.09
6.11
2.8
1.01
0.64
0.17
0
0
0.91
22.97
8.98
0.48
0.16
0.08
0
0
0
0
0
0
0
3.47
10.59
0.3
9.7
0.48
10.25
0.61
1.33
0.98
3.58
2.64
0.06
0
0
0
0
5.06
4.62
5.88
6.67
21.75
0.44
1.5
5.92
0
0.02
0.02
0
0
0
0
0
2.88
1.66
0
0.02
0
0
0.02
0
5.45
0
0.62
0.47
0
0.03
1.94
0
0
0.05
0.02
0
0
0
0
0
0
0
9.12
0.16
0
0
0
0
0
0
0
0
0
0
0
0
4.05
0
0
0
0
0
2.62
1.78
6.86
9.27
0.04
3.32
2.76
0
0
0.04
0
0
9.45
10.75
6.42
0
13.33
1.81
5.88
9.59
10.8
2.03
7
5.23
0.53
3.06
0.06
0
0
0
0.51
7.05
0.48
0.1
0.19
8.74
0.06
0
0
0
0
0
0
0.02
0.48
4.5
0
0
3.67
0
0.02
6.83
5.27
0.86
13.39
0
4.36
1.48
13.78
0
0.01
0.02
0
0.32
18.77
0
0
3.1
0.49
5.7
1.59
0
1.88
0.23
0
6.12
3.94
0.4
0
0.12
0
0
0
0.01
0
0
0
0
0
3.51
0
0
0
0
0.11
0
0
0
0
0
0
0
0
0.05
0
0
0
0
3.53
0
0
0
0
0
5.81
0.02
0
0.02
0
0
0
0
0
0
0
0.71
0.01
0.01
0.45
0
0
1.28
8.12
0
0.03
0
0.24
2.75
0
0.2
0.22
3.2
0
0.97
0
11.88
49.69
0.98
0.23
0
0
0
0
0
0
0
0
0
1.17
21.28
1.19
2.86
0.65
0
0
0
0
0.06
0
6.79
0.05
0
0
0
0
0
0
0
9.8
0.03
0
0
0
0
0
0
0
0
0
0
0
1.12
0.41
0
0
0
0
0
0
0
0
0
0
0.02
21.62
1.25
17.38
0
11.75
0.02
0.27
0.02
0
0
0
0
0
0
0
0
0.03
0
0
0
0
0
1.53
5.56
29.25
5.41
9.03
10.19
1.83
2.52
0
0
0
6.41
0
0
0.38
0.72
0
6.8
0.25
0.12
0
0
0
0
0.02
0
0
0
0
0
0
0
0
0.12
1.69
3.95
6.59
0.45
0.01
0
0
0
0
0
0
8.59
0.55
0.19
0.02
0
0
0
0
0
0
0
0
0
0
0
0
0
0
0
0
0.01
0
0
0
0
0
0
0
0
0
0
0
0
0
0
0
0
0
0.04
0
2.52
0.52
0.02
0.02
0
0
2.84
0.02
0
0
0
0
0.05
0.09
0.46
0.02
0
0.07
17.5
0.32
0.05
0.5
6.19
0.47
0.11
0
14.89
8.59
3.69
5.06
0.27
0.78
0.91
0.08
1.16
1.09
5.56
0.62
0.34
3.09
4.25
6.69
0.21
0.03
2.85
7.86
0.61
0.19
0.05
0
0
0
0
0
0.52
0.44
0
1.64
0.36
3.06
0.02
0.01
0
0
0
16.81
6.38
0
13.72
4.67
0
0
4.45
8.72
1.45
0
0
5.55
8.53
1.16
0.16
0
0
0
0
0
0
0
0
1.39
10.03
0.01
0
0
0
0
0
0
0.02
0
10.02
0
0
0
0
0.3
0.01
0
0
0
0.05
0.03
0
0
0
0
0
0
3.37
0.46
0
0.01
2.07
0.02
0
0
0
0
0.52
0
0.01
0
0
0
4.55
0
0
0
0
0
0
0
0.3
5.69
0
0
0
0
0.53
0
0
0
0
0
0
0
0
0
0
0
0
1
0
0
0
0
0.01
4.51
1.05
0.27
1.63
3.48
2.52
0.67
1.05
0.09
0
0
0.28
0
0
0.17
0.01
0
0
1.16
0
0
0
0
1.89
0.02
0.59
3.06
1.56
0
0
0.27
0
0
0.01
0
0
0
0.02
0
0
0.01
0
0
0
2.72
5.2
0.62
3.97
0
0
0.75
15.36
4.02
1.88
0.67
0
0.06
2.12
0.34
0
0
1.94
0.08
0
0
0
0
0
0
0.44
0.07
0.63
5.23
3.66
0.19
0
0
0
0.33
0
0.08
4.44
2.69
0.91
0.16
2.94
0.06
0
0
0
0
0
2.41
0.44
0.12
0.42
1.1
0.05
0
0
0
0.64
3.55
0.12
7.38
0
0.09
0.8
3.25
4.55
2.73
4.94
0
2.78
8.06
4.72
2
6.04
1.19
0
5.75
0.16
0
0
0
0
1.91
2.97
1.78
0.83
1.81
7.16
10.84
6.81
6.88
12.44
22.12
5.14
3.94
0.73
2.24
0.17
0
8.23
0.23
0.2
0
0
0
0
0
0
0.73
0.05
0
