19510101
11.05
7.27
0.71
0.01
0.01
0.27
0
0.21
1.91
1.27
1.45
3.91
0.93
0.84
0.05
0.09
0.01
0.09
0
0
0.07
0
1.85
10.47
1.73
2.38
3.4
2.54
0.87
0.5
0.4
0.25
0.39
3.65
7.55
3.17
0.09
0.08
1.73
1.16
0.89
1.3
4.2
0.43
0.05
0
0
0.06
0.57
0
4.25
0
0.6
8.75
1.99
2.66
0.73
0
0.25
0.36
1.02
4.96
6.67
3.51
3.02
2.32
3.89
0.44
9.79
1.25
9.46
10.68
1.57
0.13
2.17
1.25
0.66
0.06
0.2
0
0
0
0.63
0
0
0.22
0.64
0.81
0.65
0.02
0
0.01
0
0.01
0.06
0.12
2.17
0.21
0.01
13.1
1.14
0.03
0
0.01
0.01
0
1.57
0.38
1.14
3.72
0.28
1.43
8.94
18.25
3.38
7.07
3.68
3.82
0.27
13.96
7.62
2.81
0
0.37
2.34
3.56
7.92
3.48
1.3
2.99
4.85
0.45
0
0.25
0
0
2.2
9.69
0.52
0.05
0.08
0
0
0
0.89
3.58
0.05
0
9.27
1.61
0
0
0
5.7
1.57
4.99
0
3.28
0.03
0
1.27
0
0.06
0
0.05
3.84
1.79
1.59
0
2.65
0.2
1.21
0.69
0
0
0
0.02
0
0
0.4
0
0.64
0
0.3
0
9.03
0
0.82
0
0.25
0.01
0
1.37
0
0
0.21
0
0.02
0
0
0
0
0.01
0
0
0
0
0.02
0.38
0
4.63
7.73
9.98
1.05
0.05
0
0
0
0.15
0
0
0
0
0.02
0.12
0
3.5
0
0
0
0
0.17
0.02
0
0.69
11.54
0.45
0.74
0
0
0
0
0.09
0
0.01
0
0.64
1.08
4.45
20.82
7.84
0.32
3.84
5.68
10.98
7.38
2.27
0
0
0.01
0
0
0
0
1.95
17.78
1.93
0
0.02
0
0
0.02
0
9.17
17.92
4.23
1.78
0
0
0
3.17
0
0
1.43
4.33
0
1.8
1.77
0.03
0
0.02
2.97
6.29
0.84
2.31
0
0.16
0.01
0.66
0.36
0
0
2
0
0
1.44
0
0.33
0.57
1.05
5.42
5.75
3.52
0.82
0.83
2.96
1.47
0.05
0.05
0
1.14
9.09
3.28
0.37
0.25
0.1
0.03
0.02
0.02
0
3.83
0.02
1.3
0.03
0
0
0.05
0.07
0
0.01
1.68
2.63
1.3
0
0.72
2.26
0.38
0.89
0.73
1.44
0
0.05
3.37
2.7
2.91
0.1
0.31
1.13
0.92
0
1.61
1.39
0.34
0
0
0.01
0
0.03
0.03
1.01
0.14
0
0
0.02
0
0.02
1.34
0.1
0
0.02
0.08
0.8
1.28
1.27
2.91
0
0.15
1.18
1.75
2.24
12.45
2
0.02
0.16
0.38
1.72
0.1
0.04
0.18
0.03
0
0
0
0.02
0
0.29
0
5.73
7.21
0.13
0.11
0
2.18
0.96
0
0.04
0.04
0.03
0.05
0.73
3.81
4.91
1.14
0
0
0
0
0
0
0
0
0
0.03
0.41
0.4
6.37
0.91
0.13
0.63
1.64
5.62
3.71
2.41
0.49
0.17
0
0.27
0.48
0
0
1.82
1.64
6.86
3.2
2.97
6.73
5.97
0
0.51
0.14
0
0.04
0
0.02
0.08
7.28
3.41
2.47
8.89
0.63
0.05
0.62
0
0.01
0.04
0.02
1.55
0.3
0
0.01
0.09
2.49
0.61
5.8
1.58
1.47
0.72
0.62
12.88
6.66
1.36
1.03
0
0
0.02
0.01
0.03
0
0.39
2.29
0
0
0
0.66
1.33
1.01
1.44
4.59
8.66
0.62
0.01
0
0.26
0
0
2.04
0
0.04
0.06
2.86
2.13
0
0
0.15
0
0.05
4.96
0.77
0
0.01
0
0.13
0
3.97
0.41
0.46
5.47
0
0
0
0.06
0.76
3.2
3.77
0
0
0
0
1.04
7.1
4.49
0
0
0
0
0
0
0.08
0
0.08
7.87
7.86
3.54
0.83
0
0
1.85
13.44
0
0.46
3.3
0
2.13
4.52
6.95
0.45
6.95
16.3
0.49
0
0.55
9.59
0
0.04
0
0
0
0.1
0
0
0.58
0
0
0
0.07
0
0.02
0
0.03
5.54
0.41
0
0.01
0
8.82
11.16
5.35
0
0
0.03
0
0.05
0.01
0
0.05
0.02
0
0.02
0.01
0
0.37
0.09
0.09
6.3
9.61
2.21
0
0.08
0.02
0.01
0.01
0.02
0
0.02
0.01
0.07
0
0
1.83
0.04
0.02
0.01
0
0
0.23
0
0
0.47
0.18
6.05
0.65
0
0.03
0
0
0.02
1.45
1.87
1.23
0.61
0.25
0.06
0.53
3.45
0.05
0.02
0.11
0
0
0
0
0
0
0.02
0.2
0.6
0.36
0.22
0
0.01
0.03
0
0.53
0.04
0.06
0.27
3.18
8.27
1.62
0.09
0.29
0.3
0.96
0.79
0.26
1.11
1
1.33
0.84
5.69
3.29
6.38
1.5
0
0
0
0.05
0
0
0
0.03
3.77
5.64
2.84
0.55
0.41
4.02
0.38
2.11
0.38
0.02
1.36
0
0.04
0
4.39
6.71
3.77
3.02
0.9
0.7
5.68
4.95
1.98
1.29
1.52
2.03
2.48
1.34
0.13
0.22
0.12
0.06
0.05
0.05
0.04
0.05
0.05
0
0.04
0.04
0.04
0.04
0.04
0.02
0.05
0.02
0.02
0.02
0.02
0.02
0.02
0
0
0
0
2.5
4.09
0
0.28
0
5.88
3.27
1.26
1.3
0.34
0.66
0.06
0.03
0.02
0.01
0.04
0.02
0
0
0
0
0
0
0
0
0
0
0
0
0
0
0.02
0
0.01
0
0
0.02
0.19
0.52
0.02
0.07
2.25
2.15
0.51
0.45
0.23
0
0
0
0
0.2
0.04
0.04
0
0
0.07
3.06
0.44
0.05
0
0
1.59
7.42
6.71
0.87
0
8.02
0.75
0
0
0.02
0.26
2.72
6.45
8.99
1.17
1.21
2.65
0.88
3.02
3.47
1.2
0.05
0
0.69
0.02
1.19
0.98
0
0.08
0
0
0
0
0.09
0
0
6.24
0.24
0
0.33
0
3.27
0
0
0
0
0
0.04
0
0
0.02
0
0
0
0
0
0.23
2.18
5.81
13.41
16.46
8.51
0.32
0
0
0
0.04
0
0.01
0.02
0
0.39
0
11.02
0
0.01
0.01
0
0.31
2.98
5.88
12.25
15.38
5.16
0.54
0.56
2.25
0.32
9.34
1.45
0
0
1.53
0
0.16
0
0
0
0
0
0
0
0
0
0
0
0
0
0
0
0.01
0
0
0
0
0.31
0.79
0
0
0
0
0
0
0
0
0
0
0.2
3.47
11.01
0.9
0.08
0.27
0
0
0
0.03
0
0
6.3
0.03
0.42
0.08
0
0
0
0
0
0
0
0.49
0
1.08
0.7
0.16
0.45
0
0
0
0
0.1
0.01
0
0
0.03
0
0.07
0
0
0
0
1.23
11
1.36
0.27
0
0.04
0.09
3.39
24.85
1.45
1.54
0
0
0
0
0.01
3.22
3.71
6.59
12.4
18.02
5.43
0.02
1.66
0
0.14
0.04
0
0.05
2.32
2.24
0.41
0.91
0.2
0
0.01
0
1.15
0.17
0
0.04
0
0
0
0
0
0
0
0.03
0.04
0.05
0
0.01
0
0.03
0.05
0.06
0
0.02
0
0
0.01
0
0.2
0.18
0.48
0.32
0.57
0.88
0.4
0.8
9.26
1.59
2
0.89
1.04
0
0
0
3.29
0.69
0.52
0.09
4.39
0.79
0.54
0.66
0
0
0
0.32
0
0.1
0.29
0.53
0.12
0.06
1.07
0.5
0.02
0.76
4.21
2.27
0.85
0.48
0.1
0
1.77
0.02
0.04
0.02
0.07
0
0.01
0
1.45
0
0
0
2.45
0
0
0.07
1.55
0.59
3.31
2.23
3.34
0.36
0.23
0.88
1.42
1.73
1.65
0.41
0.69
0.92
0.31
3.52
2.26
0.41
2.39
3.44
3.16
0.8
0.13
1
0.41
0.28
0.22
0
0
1.93
0
0
0.09
3.09
0.09
0
1.21
3.64
1.72
0.7
0.22
5.41
0.86
0.84
1.53
18.54
5.38
1.58
0.89
5.5
0
0.32
0.55
0.52
0.94
1.93
2.52
1.03
0.57
1.97
0.17
0.04
0.05
0.69
8.51
1.33
0
0
0.31
0.01
0.17
0.7
1.02
2.44
9.94
3.02
1.85
1.52
0
0
0.01
0
0
0
0
0
0
0
0
0
1.55
2.8
6.79
2.25
2.64
0.96
10.78
0.11
0.45
0.04
0
0
0
9.18
1.73
0.15
9.87
10.3
26.12
23.82
6.43
1.05
0.18
0
0
0
0.13
0.24
0.09
0
7.89
0.11
0
0
1.08
10.57
0.72
23.7
9.29
4.62
0.16
0.02
0
0.85
0.46
0
0.01
0
0
0
0
0
0
0
0
0.42
0.98
6.62
0.63
1.51
0.55
0.12
0
0
4.02
0.51
0.02
0.02
0
0
0
0.01
0
2.8
3.52
0
0
0
0.01
0
0
0
0.01
0
0
9.33
2.66
1.8
0
0.01
0
0
0
0
0
0
0
0
0
0
0
0
0
0
0
0
0
0.01
0
0
1.03
0.32
0
0.01
0.01
0.22
0.02
4.26
0.19
0
0
0.02
0
0
0.11
0.2
0
0
0
0
0.04
2.7
0
0
0.02
0.05
0.01
0.01
0
0
1.5
1.66
0
0
0.03
0
0
0
0
0
0
0.93
0
0
0
0.01
0.01
0
0
0
0
0.03
0
0.01
0.01
0
0.03
0.04
0
0
0
0
0
0.73
0
0
0
1.4
1.64
0.25
0.51
0.16
0
0
0
0
0.17
0.92
0.08
0.03
0.01
0
0
0.57
1.43
0.31
5.81
2.71
0.25
0.04
0.08
0.58
0.01
0
0
0
0
0.01
0
0.02
0
3.34
1.38
0.07
0.81
6.32
6.52
3.28
8.6
13.7
2.12
0
0.27
0
0
0.24
1.74
2.95
0
0.41
0.61
0
0.29
0
0
0
0
0
0
0
0
0
0
0
0
0
0
0
0
0
0.61
2.45
3.08
2.82
4.41
7.09
1.4
2.09
5.09
1.8
0.56
0.84
1.25
1.66
2.91
0.58
6.45
11.23
6.3
1.96
3.88
4.76
1.55
0.56
0
0.13
3.03
0.14
2.21
2.21
3.34
5.55
7.17
4.09
0
2.01
1.73
0
0
0
0.01
0.41
0
6.6
7.03
2.79
7.81
8.77
4.5
6.4
1.83
0.81
0.59
1.76
1.63
2.11
2.56
1.62
0.02
0.04
0.02
0
0
0.06
0.41
1.17
0.44
2.27
2.05
1.36
1.91
1.14
0.09
0.28
0.02
0
0.02
0.21
4.4
1.87
0.57
0
0
0.41
0.1
0.04
0.01
0.93
0.34
0.92
0
0
0
0
0
0
0
0
0
0
0
0.01
0
0.01
0.03
0.05
0.69
0.05
0.54
2.4
4.68
5.42
11.69
4.57
5.04
0.18
0.02
0
0
1.69
0
8.8
0
0
0
3.52
0
0.01
0
0.68
0.13
1.32
1.09
0.02
0
0
0
0
0
0.11
0.99
1.4
2.18
15.23
1.8
3.77
0.91
0.05
0.6
5.21
11.13
2.41
2.75
2.53
1.96
2.91
7.11
0
3.41
1
0.01
0
0
0
0.02
0.12
0.81
9.78
8.8
9.09
0.68
0.04
0.16
0
2.32
2.34
9.42
0.45
0
0
0.49
0
1.19
0
0
0
0
0.01
0
0.13
4.8
0.05
0.86
0
0
0.04
0.23
0.49
0
0
3.78
4.16
3.11
1.77
0.84
0.52
0.67
0.11
3.1
0
1.2
0
0.44
0
1.85
4.39
20.36
4.99
4.89
0.02
0.63
0.91
4.35
1.25
2.04
5.27
0
0
0
0.02
2.13
2.61
0.06
0.91
5.33
0
0.54
0
3.43
0
1.28
1.28
0
0
7.96
2.11
0
0.91
6.02
0.8
2.21
0.22
0
0.54
0.49
0
0.01
0.66
0.22
14.42
2.16
3.14
2.59
2.25
2.7
1.77
0.52
0
1.26
0.51
0.34
0
0
0.03
0
7.73
9.55
0.8
0
0.02
0.21
0
0
0.84
1
0
0.03
0
5.14
4.61
2.1
0.74
4.67
5
0.02
2.18
2.07
0
0.18
0
4.59
3.98
6.98
4.96
3.8
0.77
2.29
3.27
0.51
1.13
0.45
0.17
0.04
0.02
1.43
0.86
4.44
3.13
4.73
0.71
0
0
0.24
0.95
0
1.93
7.24
1.43
0.96
0.01
0
0.49
4.59
6.13
10.61
1.91
0.7
0.42
0
0
0
0
0
0
2.87
0.38
1.51
20.34
13.59
15.84
2.03
1.25
1.27
5.44
3.31
0.94
0.16
0
0.69
0.02
0
0
0.35
3.5
0.5
0.27
1.34
0.59
0
0
0
0.17
0.76
4.92
0.61
0.7
4.79
1.47
0.79
0.49
0.63
2.4
1.86
1.52
0
0.86
0.43
0.83
0.4
0
0.01
0
0
1.16
5.23
1.07
0.87
1.36
0.66
0.84
0
0.09
0
0.15
0.31
0.25
0
0.11
0.35
0.06
0.5
0.02
2.21
0.7
1.64
1.49
0.22
0.05
2.17
2.95
0.92
0
0.93
0.24
0.02
0
0
0
0
0
0
0
0
0
0.01
0
0
0.16
0
0
0.07
0.3
4.7
6.16
4.67
3.05
1.59
9.5
5.56
4.1
1.37
1.36
16.22
7.55
7.29
3.93
0
0
0.03
0
0
0
0.05
0
0
0.07
0.56
0.3
4.71
3.72
0.9
0.63
0
0.13
0.73
0.72
13.95
10.38
7.62
2.32
1.39
3.92
2.36
2.87
2.68
0.76
0.02
0
0
0
0
0
0
0
0
0
0
0
0.3
0.12
0.05
0.03
0.02
0.87
1.34
17.75
4.84
17.26
6.31
5.87
42.08
13.43
2.3
0
0.09
0.13
0.24
0
0.03
0.03
0.02
0
0.05
0
0.01
0.05
7.49
0.2
0.02
1.48
2.36
0
0.48
0
0
0
0
0
0
0.66
17.03
4.96
2.53
0
5.53
1.26
0.08
0
0.02
0
0
0
0
0
1.12
0.12
0
0.02
0
0.34
0
0
0
0
0
0
0
1.86
0.26
0
0
0
0
2.64
0
0.02
1.95
4.08
5
0
0
0
1.66
30.45
6.22
0.07
0
0
0
0
0
0
0.02
0.03
0.03
0
0
0
0.07
0
0
0
0
0.01
0.11
0
0
0.02
0.2
0.08
0
0
0
0.03
0.02
0.07
0
0.01
0
0
0
0
0.35
5.36
15.5
3.93
0.68
0
3.91
8.5
0.84
5.8
5.84
1.45
0
0
0
0
0
0.25
0.47
0.04
0.02
0.29
0.02
0.04
0.23
0.68
4.44
0.23
0.13
0.08
2.28
0.95
1.36
0.42
0
0.04
0.3
0
6.93
0.81
0
0.37
0.32
1.87
0
1.23
0.23
0
0.82
0.48
0.57
0
0
0
0
0.15
1.59
0.38
0.03
3.19
0.84
0.27
0.2
0.33
0
0.71
0.44
9.82
2.92
0.63
0.66
0.02
0.49
0
0
0
0.86
2.36
0
0.05
0
0
0
0
0
0
0
0.1
0
0
0
0
0
0
0
0
0
0.01
0.09
0.48
0.1
0.02
0.85
1.68
0.18
2.08
1.65
1.21
2.98
0.8
1.33
0.15
0
0.06
0
0
0
0
0
0.01
0.05
0.34
1.84
1.5
0.15
0.95
1.18
0.83
1.03
0.76
0.52
0.84
0.24
0.7
0.79
0.82
0.75
0
0
0
0
0.43
0.66
0.67
0.12
0
0
0.84
0.52
0.62
0.1
0.13
0.39
1.95
6.82
1.32
7.78
1.36
0.17
0
0.87
1.26
0
0.41
0.48
0.53
0
0.34
0
0
0
0.02
1.29
3.66
1.77
2.84
0
0
0
0
0
0.02
0.02
0.01
0
0
0.01
0
1.36
2.36
4.32
2.8
4.79
1.18
0.36
0.72
0
0
4.11
3.72
0.96
0
0.02
0.06
1.4
1.28
0
0.23
3.59
0.97
0
0.01
0
0
0
0.84
0.07
0
0
0.09
0
0.89
0
2.45
8.59
2.63
8.77
4.54
3.82
9.42
7.17
3.64
1.47
1.53
0.09
0.62
18.93
10.28
6.64
4.15
1.15
0
0
1.6
0.1
0
0
0
0
0
0
0.26
0
3.1
0.9
8.49
13.77
12.18
3.2
2.24
6.72
4.51
1.34
0
0.03
0
0
0.15
18.8
18.11
0
0.05
4.71
13.96
3.99
5.35
20
6.23
1.86
3.06
0.02
0
2.87
3.97
0.04
0
0.03
0
0.28
0
0
0
0
0
1.25
0
0
1.34
0.51
0
0
0
0.03
1.38
0.36
0.02
0
0
0
0
0
0
0
0
0
0
0
0
0
0
0
4.66
0.08
5.86
0
0.04
0
0.79
0
0
0
0.02
0
0
0
0
0
0.05
0
0.02
0
0.01
0.18
0
0.06
0
0
5.38
0.13
4.23
0
14.69
0
0.04
0
0
0
0
0
0.93
1.1
4.68
0
0.26
0
0
0.05
0
9.16
1.57
4.57
6.27
0.89
0.12
0
0
0
0
0
0
0
3.83
4.56
9.48
4.46
0.55
0
0
0
0
0.71
3.87
2.41
5.54
20.01
12.27
1.39
0.21
0.08
0.21
3.57
0.08
0
0
0
0.16
0
0
0
0
0.18
0.2
0.03
4.06
4.08
0.13
0
3.64
2.93
3.53
9.71
4.32
2.03
0.23
0
0.02
0
0
0.02
0.04
0.81
0.05
0
0
1.81
1.04
0
0
0
0
0
0
0.14
0
0
0
0
0
0
0
0
0
0.81
4.57
4.07
0.46
0.12
0.02
0
0
0
0.02
0
0
0
3.91
4.63
0.36
0.6
0
0
0.01
0
0.07
0.15
0
0.06
0.11
0.61
0
0.02
0
0
0.42
1.41
3.27
0.21
0.03
0
0
0
0.11
0.13
0.45
0.36
1.02
0.21
0.84
1.27
0.76
0.14
9.93
11.82
4.41
0.49
0.06
0.03
0
0
0.11
0.1
0.25
0.3
2.95
3.22
2.32
0.25
3.14
0.21
0
0
0
0
0.52
0.1
0
0
0
0
2.61
3.72
1.94
1.73
0.16
0
0.13
0
0
0
0.02
1.64
2.33
4.18
3.44
0.55
0.11
0.13
0.49
1.08
1.85
1.68
9.6
5.14
0.1
0.02
0.16
6.37
7.05
3.59
2.95
1.15
6.81
7.13
4.66
0.34
2.66
2.91
5.22
0.78
0.55
0.58
0.56
0.06
0.13
0.16
0.25
4.43
5.19
3.17
0.76
0.32
0.17
0
0.12
0
0
0
0
0
0
0
0
0
0
0
0
0
0
0.11
0
0.36
0.39
1.63
1.67
0.27
0.46
20.87
0.99
0.04
0.01
0
0
0.13
3.63
2.71
0.08
0
0.03
0.04
0
0.05
0
0
0
0
0.19
0.01
0
0
0
0.49
0
3.86
15.13
1.01
0
0.01
0.23
0
0
4.07
15.56
14.16
11
0
0.82
2.34
0
0.01
3.96
4.35
0.82
0
1.77
0.79
0.42
0.13
0.07
0.01
1.24
10.85
0
0.02
0.01
0
0.16
0.16
0
0
0.32
0
0
0
0.02
0
0.2
0
0
0
0
0.06
0
0
0
0
0
0.13
0.29
0.04
0.19
4.89
0.23
0
0
0.16
0.02
0
0
0.31
0
0
0.02
0
0.02
0.1
2.41
4.19
0
0.27
0
0
0
0
0
3.25
6.86
3.15
0.82
0
0
0
0
0.14
0.02
0.29
0.39
0
2.22
0
0
6.3
3.07
5.85
0.43
0
0
0
0
0
0
0
0.83
0.05
0.1
0
0.72
10.7
7.17
0.77
0.36
0.38
1.79
11.47
4.17
2.08
0
0.27
0.65
0.04
0
0
0.01
0
0
0
0
0
0
0.02
0.01
0
0
0.7
0.05
0
0.18
1.04
0
0
0.04
0.01
0
0.16
0
0.16
0.21
0.02
1.07
0.38
1.28
4.21
0.86
0.34
0.03
0
10.79
6.44
0.7
0
0
0.16
1.5
0.5
0
4.23
0.93
0
0.13
0
0.73
4.91
1.34
3.77
7.3
1.53
6.78
0.03
0
1.89
2.55
21.09
5.17
7.34
6.38
2.75
18.63
13.27
2.49
2.09
19.74
2.68
3.11
6.69
2.36
0.71
0.8
0
0
0
0.2
0.11
0.19
0.25
0
0
0.12
1.05
1.08
1.04
1.84
0.61
0.73
1.24
3.68
1.09
0
0.04
0.06
3.54
1.41
0.84
0.08
0
0
0
0
0
0.03
0
0.01
0
3.66
8.05
1.51
0
0.72
4.59
4.32
0.55
0.08
0.79
0.34
0
0
0
0.07
0
0
0.05
0
0
0
0
0.1
1.84
0
0
1.1
0.3
0.06
11.81
7.26
3.98
8.29
0.68
7.6
16.35
3.82
2.91
0.33
0.3
0
0.05
0
0
0
0
4.62
6.91
0.5
1.3
0.52
0
0
0
0
0.18
6.87
1.66
0
0
0
0.66
6.72
0
0
0
0.74
0.04
0
0
2.31
1.34
10.02
4.35
0.71
0.22
0
0
0.03
0
14.81
3.3
0.05
0.29
0
0.98
8.63
1.27
0
0
0
0.01
3.81
21.07
17.2
3.87
3.37
4.51
3.19
0.25
0.09
0
0.07
2.52
7
6.69
1.3
11.71
5.24
0.98
0.07
4.89
4.14
3.67
2.33
7.23
1.11
0
0
0.01
2.85
0
2.23
31.73
5.5
0
0.57
0.01
0
0
0
0.21
1.06
0.01
0.06
0
1.45
0.11
0.02
0.05
0.28
0
0
7.42
0
0
0
0
0
0
0
0
0.01
0.03
0.05
0
0
0.33
0
0.27
0.2
9.11
1.53
1.63
0.01
2.07
9.09
8.21
0.37
2.33
14.27
1
0.11
1.85
0
0.89
0.3
0
0.02
0.07
0.02
4.16
0.39
17.88
4.62
0
17.66
0
0.59
0.13
0
0
0.01
0.01
0.01
0.03
0.05
0.08
0
0
0
0
0.01
0
0
0.11
0
0.87
10.62
0.04
0.27
7
6.98
8.44
8.13
0.42
1
0
1.29
1.43
2.59
1.78
5.1
1.49
0.1
0.17
0
1.11
0
5.22
10.51
3.35
1.72
3.54
0.48
1.71
0.33
4.44
2.15
10.95
0.65
0.35
0.24
1.02
0.63
0.57
0.02
0.78
0.03
1.3
0.33
0.74
0.49
2.88
0.02
1.19
8.6
1.7
8.61
15.05
3.03
1.21
1.07
0.75
0.67
2.48
4.42
8.59
1.45
4.52
5
0.2
0
0
0.01
0
0.03
0.29
0
0
0.01
2.91
10.79
3.98
0.92
2.97
0
3.57
10.98
1.34
0.6
0
2.34
0.95
0.28
0
0
1.71
0.19
0.43
8.63
21.84
5.89
0.04
0.34
0.61
1.31
1.12
5.21
2.37
7.54
3.46
10.89
5.61
2.43
0
0
1.32
0.66
1.07
1.86
1.1
2.66
0.29
6.77
4.77
0.21
1.94
8.23
0.98
0.23
0.89
0.85
0.02
0.03
0.04
0
0
0.03
0
0
0
5.09
9.08
2.81
0.88
1.15
2.93
1.76
0.82
0.63
0.01
0.16
0
0.66
0.21
10.2
3.42
8.29
8.29
2.2
0.31
0
0
0.01
0
0
0.83
1.22
1.14
0.65
3.99
3.77
3
2.98
2.69
6.48
7.56
4.44
5.15
5.7
3.79
8.36
1.27
4.93
4.01
1.71
1.13
0.08
0
0
0
0
0.03
0
0
0
0
12.11
1.55
6.46
3.63
3.68
0.73
2.51
7.66
6.57
9.14
3.21
0.38
0
0
0
0.05
0.52
2.16
4.36
3.64
0
1.02
3.21
0.88
4.57
3.46
0
3.08
1.89
0
0
0
0.05
0.1
0.47
0.01
0.86
0
0
0.04
0.1
0.04
0.02
0
0.03
0.55
6.14
2.64
0.15
0
0
0.09
0.1
0.13
0.61
2.27
0.34
0.02
0.1
0
0
0
0.02
0.02
0
0.03
0
0.03
0.02
4.39
7.19
0.08
6.12
1.84
0.5
0.09
0
0
0.01
0.09
0
0
6.74
1.68
0
3.68
46.54
14.77
8.34
0.13
2.38
10.82
25.93
8.43
2.69
0.71
0
0
4.73
1.44
6.63
0.19
0.02
0.08
0.11
0
0
0.09
1.16
0
0.03
0.03
0
0.44
4.76
0.52
0
0
3.86
0
0
0
0
0.07
0.11
0
0
0
0
0.01
0
3.13
0.91
0
0
0.45
0.58
0
0.01
0
0
2.5
0.81
0
10.92
22.59
0
1.63
0
0
0
0
0
0
0
0
0
0
1.39
0.3
0
0
0.34
0.11
0.71
2.09
0.57
0
0
0
0
0
0.12
0
0.09
0
0.23
0
0
0.86
0
0
5.95
0
0.03
0
0
0
0
0
0
0
2.57
11.38
1.07
0.8
0
0.06
0
0
0
0
0.66
7.46
1.44
1.54
0
0.48
3.17
0
7.45
16.13
11.37
8.31
3.21
0.07
1.78
0.37
0
0
3.59
25.14
1.53
0.06
0
0
1.38
8.21
1.76
8.16
7.55
7.3
4.88
0
0.94
9.56
18.77
1.57
3.04
0
0.8
0.05
0.89
5.29
0.35
0.5
0
0.89
0.01
1.2
4.24
2.09
0.02
0
0.4
2.08
0.13
0.16
0.59
0.48
16.91
2.27
0.33
0.16
0.23
0.07
1.37
0.58
0
0
1.5
1.67
0
0.18
4.23
0.69
11.08
1.08
0.42
0.49
0.09
0.26
2.79
2.58
0.21
4.52
0.98
0
2.06
0
0.79
0.41
0.23
0.73
0.53
1.88
4.86
5.61
1.54
0.9
4.42
1.64
1.46
2.25
0
0
0.44
0.88
0.57
0.62
1.91
0.77
0.07
0
0.26
0
0
0.22
0.32
3.61
0.71
4.95
5.26
3.05
0.13
1.09
0.06
0
1.66
0.43
0
0.02
0
0.1
0.1
0.01
0
0.09
0
0
0
0
0
0
0
0
0
0.01
0
0
1.42
0.04
0
0.09
0.02
0.49
0.05
0
0.01
0
0
0
0
0
0
0
0
0
0.02
0.01
0.01
0
0
0
0
0
0
0.3
2
3.82
0.66
0.91
0.57
0.34
0
0
0
0
0
0
0
0.01
0.05
0.05
0.04
0.06
1.13
4.54
0.72
8.42
0.88
0.14
0.03
0.48
1.64
0.4
1.37
3.68
0.18
0
1
0.67
16.23
0.3
0
0.85
0
1.23
10.22
0.9
0.02
0.54
0.36
0.36
0
3.14
0
0.19
0.08
0
0.23
0.01
0
0.01
0
0
0
0.2
0.03
0.02
0.05
0.23
1.91
1.81
0.83
2.49
0.82
11.12
3.04
1.73
8.5
3.52
1.42
0
0
0.01
0
1.14
0
0.08
0.1
0.17
0.18
0.13
0.05
0
1.86
2.26
0
0
0
0
0.02
0.46
7.41
0.77
15.46
0
0
0.56
0.44
0.67
1.31
0
0
0
0.02
0
0
0
0
0
0
0
0
0
0.01
0
0
0
0.01
0
0
5.63
0
0
0
9.65
0
0
0.45
6.16
13.88
0
3.91
1.25
0.08
0.06
0
0
0
6.2
13.71
6.57
0
3.57
1.21
0.02
0
0
0.01
0
0
0
0
0
0
0.01
0
0.05
0
0
0
0
0.55
0.21
11.52
1.31
0.09
0
0.02
0.62
1.01
12.45
0
0.02
0
0
0
0
0.21
27.06
14.67
0
0
0
0.01
0
0
2.13
5.65
4.62
9.38
2.27
0.14
0.17
0
0.31
1.58
4.52
0
0
0
0
0
0
0.11
0.64
23.1
5.66
0.2
4.77
0.44
0.23
0.01
0
0.02
0
0.01
0.77
0
0
1.86
0.88
0.88
0.16
0
0.05
0
0
0
0
0.05
0.8
3.23
7.56
22.23
2.57
3.48
1.01
0
3.51
0
1.45
5.92
6.41
0
0
0.54
7.65
5.5
2.16
24.66
2.36
0.08
0.04
0.01
0.09
0
0.95
0
0
0
0.55
0
0.11
0.03
0
0
0
0
0
0
0
0.03
0
0.55
3.69
2.32
11.07
5.82
0.3
0.34
0
5.75
2.77
0.73
13.55
1.38
0.71
0
0.24
0
0.2
0.25
1.02
3.15
0.09
5.14
8.76
0
0.08
1.2
0.82
2.47
0
0
0
0.05
0
0
0
0
0
0
0
0.01
2.81
0.92
0.07
0
0.15
0.07
4.83
2.62
0.05
0
0
0
0.34
0.82
0.26
0
0.09
0.02
0
0
0.01
0.01
2.52
6.92
2.21
1.65
5.29
0
0.4
4.35
3.56
4.13
2.82
0
0.84
4.18
2.17
0
2.87
0.14
0
0.32
0
0.15
0.03
0.59
1.86
1.59
5.02
0.96
0.07
2.88
0.1
0
0
0.64
0.28
0
0.14
0.3
0
1.22
0
0.02
0
0.02
0
0.03
0.14
0.02
3.01
4.78
0.73
7.86
1.45
4.14
2.34
0.38
0.07
2.1
0.34
1.12
7.54
1
4.27
4.25
5.6
1.03
2.01
2.43
0.49
0.29
0
0.04
0.02
0
0
0.02
0.17
1.26
1.75
0.13
0
0
0
2.09
19.58
0
1.02
0.01
0
4.05
3.25
14.64
18.86
3.52
0.3
0
5.17
1.27
0.2
0
0.06
1.01
0
0.05
0.06
3.05
0.57
0
0.05
1.67
9.3
1.91
2.34
0.79
1.36
2.85
0
0
0.01
0
0
0
1.02
2.1
16.45
0
0.69
5.45
0.01
0.11
0.05
0
0.06
0.02
0
2.76
0.14
0
0
0
0
0
0
0
0
0
0
0.02
0
0
0
0
0
0
0
0.01
0.35
0
0
1.07
0.29
0
0
0
0
0
0
0.21
0.07
0
0.03
0.02
0
0
0.06
0
0
0
0
0
0
0.02
0
0.31
0.43
1.4
0
0.1
0.05
0
0
0
0
0
0
0
0
1.26
0.03
0.07
0
0.09
0.07
0.64
3.04
0.23
0.3
4.34
4.9
4.39
2.22
0
0.04
8.61
20.87
9.9
0.38
1.08
0.03
0.2
0
0.38
4.42
4.53
0
0
0
0.09
0
0.55
1.22
0.17
6.02
34.19
4.23
2.47
1.56
1.47
0
0.01
2.23
2.93
0.02
0.01
0
5.06
1.79
0.09
0.14
0.05
0
0.04
0.05
8.86
5.36
2.46
2.55
3.45
0
1.16
0
1.45
0.16
0.29
0
0.12
0.1
0.77
2.73
0.71
1.14
1.1
0.04
0
0.35
0.33
0.06
0.2
0
0.01
0
0.02
0
0
0
0.01
0
0
0
0
0
0.35
1.18
1.35
1.42
0.02
0.8
0.17
0
0
0
0
0
0.07
0.67
0.33
0.95
2.55
6.69
9.76
5.47
1.71
6.55
4.96
0.88
4.14
2.16
11.63
0.54
1.47
1.9
2.98
2.5
0.9
2.77
1.52
1
1.08
2.58
0
0.39
0
0.03
0.02
0
0
0
0.2
0
0
0.01
0.09
0.57
4.47
1.37
0.94
2.82
0.09
1.77
1.16
0.28
5.08
7.32
0.55
1.56
0.59
7.02
10.92
2.48
4.13
6.38
3.1
1.27
0.67
0.48
0.95
1.34
0
0
0.04
0
0.42
1.65
0.04
0.3
0.06
0
0
2.2
2.49
1.16
7.7
4.35
0
0.3
0.81
1.82
0.15
0.16
0.45
0.5
1.46
2.32
1.7
0.19
0.02
0
0.4
0.15
0.74
1.61
0.09
0.02
0
0.13
4.8
3.34
1.02
0.65
6.82
8.68
6.77
1.79
5.2
3.87
0.21
0.06
2.13
2.54
4.25
0.67
0.44
0.27
0.01
0.01
0
0
0
0
0
0
0
0
1.73
0
0
0
0.52
2.68
0.99
0.11
0
0
0
0
0
0
0
0.01
0.02
0.21
0.31
0.16
1.89
0.79
0.06
1.7
0.3
1.01
5.3
2.89
1.38
0
6.49
3.82
2.1
7.47
6.26
0.34
0.3
0.34
0.66
0.11
0.04
2.97
1.8
0.38
0.01
0
0
0
0.02
0
4.72
5.14
7.41
6.65
0.16
0
0
0.43
1.13
0.99
0
0
0
0
3.3
0
0.05
0
0.28
0
0.04
0.02
0.33
0
0.04
0
2.27
0
0.01
0.14
0.01
0
0.42
0
3.73
13.37
8.65
10.14
1.02
3.33
12.68
8.43
5.07
0
0
0.06
0.13
0
0
0
0.13
0.3
0
0
0
0
0
0
0.07
0.12
0
0.02
0
0.01
0
0.13
0
0
0.06
0.04
0
0
0.08
8.01
14.08
5.33
0.19
0
0.02
0
0
0.08
13.37
14.04
16.44
12.13
5.44
9.33
9.86
1.25
1.28
0.12
0
2.08
8.47
1.51
0
0
0
0
0
0
0
0.66
0.17
0
0
0.03
0.05
0
0
0
0
0
0
0
0
0
0
0
0
0
0
0
0
0.01
0
0
0.02
0
0.36
10.23
4.43
6
8.29
4.77
2.64
5.43
8.98
1.08
0
3.48
0.38
1.77
9.86
18.04
13.53
23.67
3.77
0
0
0
0
0
0
0
0.25
5.2
4.57
1.22
2.05
4.99
1.62
0.92
13.73
2.54
0.4
0.18
1.31
1.04
0.4
0.01
1.58
3.68
2.68
0.72
13.56
2.1
0.02
2.26
0.78
0.5
0.02
0.02
0.04
0
0
0.08
0
0
0
0.12
0
0
0
0
0
0.01
0.05
0.14
0.07
0
0
0
0
0.01
1.03
0.02
0
0
0.01
0
0.03
0.02
0
0
0.01
0
0
0
0
0.16
2.48
1.52
0
0.03
0.01
0
0
0
0
0
0
0
0.37
0.05
0.06
2.28
7.86
2.42
6.95
4.34
14.11
0.8
2.16
4.86
3.04
3.57
10.42
1.79
3.45
2.41
3.77
0.52
0
1.85
0
1.63
0.8
0.03
0.07
0.14
1.45
1.93
2.77
0.56
0.72
2.61
0.61
0
0
0
2.37
6.13
1.65
0.04
0.05
5.96
1.14
0.05
0.01
1.25
2.33
0.97
7.62
2.94
0.3
0.93
1.39
1.22
2.17
0.01
0
0.29
0.54
0.61
0.14
0
0.45
0
6.01
5.98
3.71
6.53
0.91
0
0.11
0
0.29
0.25
0.28
0.7
0
0.02
3.15
0.86
0
0
0.02
0
0
0
0.14
0.16
0
0.09
1.03
0.84
0.06
2.22
1.13
3.44
0.16
0
6.75
5.54
10.21
1.25
0.06
0.07
0.13
0.02
0
8.27
4.74
1.65
2.34
1.21
0.01
1.99
0.18
0.03
0
0
0.01
0.34
0
0.4
0.01
0
0
0.02
0
12.69
4.45
7.87
25.85
10.23
5.23
5.39
26.52
11.09
1.93
0
0.01
0
0
0
0
0.43
0.07
5.4
0.15
0
0.02
0
0.77
0.32
0.57
0
1.8
4.16
0
0.38
1.04
0.34
0.71
1.11
0
8.3
0
0
0
1.44
2.3
7.89
9.05
0
0
0
2.08
1.87
0
0.09
0
0
0.38
6.37
1.21
0.84
1.83
0
0
0.43
0
0
0
0
0
0
0
0
0.07
0
0
0.26
3.2
0.13
0
0
0
0.02
0.01
0
0
0
0.05
5.45
0
0.05
1.18
1.14
0
0
0
0
0
0.02
0.1
0
0.01
0
0.35
0.56
0.95
2.61
9.2
5.17
4.13
0
0
0.01
0.02
0
0.03
0.48
1.44
6.47
10.09
2.6
4.33
2.27
0.37
0
0
0
0
0
0.32
0.28
0
0.65
0.1
0.02
0
0.02
0
0
0
0.07
0.04
1.11
1.52
10.51
1.45
0.25
0.03
0
0.03
0
0
0.01
0
0
0
0
0
0
0
0
0.01
0
0.01
0.13
0
0
6.44
1.27
0.67
1.15
1.51
0.67
0
0
0.16
0.02
0
0.01
1.29
0.73
0.24
0.04
2.73
0.62
3.13
3.09
0.93
0.57
1.72
0.27
0.88
10.93
1.8
1.69
0.21
1.57
0.63
0.12
0.07
0.02
0.11
0
0.4
0
0.4
0.2
0.13
4.52
1.4
1.04
2.85
0.91
0.83
0.14
0.22
0
1.74
5.6
3.49
8.52
0
0.28
0
0.12
0.05
0
1.12
0.46
0.61
3.32
0.47
0.08
4.3
2.83
0
0.01
0
0
0.16
0
0.09
0.01
0.01
0
0
0.02
0.05
0.8
1.66
0.33
0
2.04
3.7
0.72
0
4.29
2.03
0.86
5.78
11.2
5.23
5.09
5.35
1.23
1.07
1.34
0
0.04
3.7
3.25
1.46
0.18
4.56
2.38
4.77
3.32
0.23
0.05
0.04
0
1.73
0.11
0.01
0
0.01
0
0.01
0
1.35
7.97
7.77
1.79
0.02
1.32
9.05
4.19
1.52
0.88
0.06
0.02
0.02
0.05
0
0.13
0
0
0
0
0.02
0.18
0.04
0
0
0
0.45
0.03
0.02
0.03
0
0.09
1.77
0.87
0.08
0
0
0
0.01
0.01
0
0
0
0.25
2.19
0.28
0.02
0.04
2.88
14.8
2.75
0.01
0
0.01
0
0
1.05
3.45
0.02
0
1.77
0.31
0
0
8.98
2.66
0.33
0.36
1.7
2.78
0.49
0
0.02
0
0
0
0
0
0
0
0
0
0
0
0
0.05
0
0
0
0.89
0
1.51
0
3.76
0
0.01
0.27
0.02
0
0
0
0.02
0
0.12
0.01
0
0
0
0.04
0
1.63
4.67
0
0
0
0.01
0
0
0
8.06
3.13
0
0
0
0
0
0
0
0.02
0
0
0.13
0.07
0
0
0
0
0.05
0.16
4.43
6.03
7.83
0
0.39
0.1
0
0.68
0.04
0
0.01
0
0
0
0.02
1.57
0.1
0
0
0.02
0.01
0
0.01
0.07
1.47
0.03
0.01
0
0
0.02
0.01
0
0
0
0.11
0.18
0
0.32
0.03
0.43
12.21
4.95
2.25
1.66
11.74
1.58
0.23
0.37
0
20.52
8.8
11.89
1.96
5.61
0
1.77
0
0.06
0.06
0.85
0.39
0.13
1.18
2.3
0.88
0
0
0
0.26
3.86
2.36
1.91
2.02
9.86
12.9
1.88
0
0
0.19
3.49
13.25
13.53
8.3
1.1
2.7
0.54
1.34
2.96
5.82
2.42
0.09
0.92
4.26
4.18
7.11
3.12
6.37
0.85
0.02
0.01
0.01
0.01
0
0.26
0
3.75
0
0.13
3.02
0.2
0.11
0
2.26
9.78
6.88
1.23
1.04
0.88
0.16
0.02
0
4.04
1
0.89
0
0.23
3.32
0.13
0.05
0.08
0.22
0.52
5.41
3.72
1.45
0
0
0
0.02
0
0
0.02
0
0.21
0
5.01
3.92
0.79
3.14
1.96
0.14
3.01
4.89
5.13
5.55
5.13
5.95
15.79
8.6
6.02
2.42
0.73
1.75
0.47
0.04
0.12
0.76
0.55
0.1
0.11
0.18
0
0
0
0.02
0.07
0.28
1.81
8.84
2.57
7.58
9.1
2.03
2.62
4.27
1.8
1.85
2.28
7.92
2.17
4.4
0.52
2.08
0.25
0
11.54
6.04
0
0.07
2.94
1.25
0.04
0
0
0.07
0
0
0
0
0
0.02
0
0
0
0
0
0.41
0.07
0
0
0
0.02
0
0
0
0
0.02
2.91
4.57
6.58
0.24
2.17
3.3
1.37
0.33
3.98
4.3
2.41
6.62
2.81
1.31
2.92
17.25
1.86
0
0.34
3.38
0.2
0
0.02
6.97
4.48
0
0.05
11.17
1.35
0
0.16
0.49
2.13
7.63
2.72
0.02
0.87
0.11
0.01
0.03
0
3.97
7.16
0.95
0.43
0
10.28
4.85
8.02
1.06
0
0
0
0.38
0.25
2.09
0.94
0
1.99
5.1
10.46
1.72
4.95
4.17
5.66
6.04
1.65
0
4
13.72
2.82
0.13
0
0.21
2.57
7.56
0.63
0
0
0
0.02
0
0
0.21
0
0
0
0
0
0
0
0
2.09
2.89
0
0.02
0
0
0
0
0.13
0
0.04
0
2.73
0.07
0
0
0
0
0
0
0
0.01
0
0
0.3
0.91
0
0
0.25
0.03
0.02
0
0
0
0.1
0
0
0.01
0.05
0.02
0
0
0
0.23
0.53
0
0
0
0
0.01
0
0
0
0
0.02
0.01
0.03
0.06
0.84
1.34
0
0
0
0
0
0
0
0
0
0
3.54
0.36
0
0
0.06
4.48
0.41
0.17
0
0
0
0
0
0
0.07
0.69
0.05
1.95
2.94
5.38
0.26
0
0.66
0.34
4.92
4.95
0.55
0
16.52
16.5
2.15
0.78
0.8
0.04
9.04
7.83
5.96
0.91
1.5
5.78
1.57
0.46
0
0.03
0
6.43
5.29
0.59
0
0.74
0.07
0
0
0
3.83
0.8
7.54
11.16
6.22
8.73
6.74
4.04
1.18
0.6
0.18
0
0.18
0.03
0
1
0.52
0.79
0.01
0.54
0.39
0.36
0.07
0
0
0
0.61
0.95
1.02
2.63
1.91
0.21
0.02
0.23
1.16
0.1
0
0
0
0
0.05
0
0
0.02
0
0
0
0
0
0
0
0
0
0
0
0.18
0
0.44
0.18
0
0
0
0.13
0.61
3.56
0.57
0.46
0.74
9.34
8.25
0.2
0
0.01
0.38
0
0.05
0.01
0.05
4.86
1.99
4.56
1.21
0
0
0.1
0
0
0
0
0
0
0
0.28
0.17
0
0.25
0.39
0
0.02
0.2
0.22
0.5
0.76
2.25
4.46
5.95
5.88
5.02
3.79
0.34
0.01
0.1
0.15
0.03
0
1.22
1.46
0.96
0.14
0
0.05
0.07
0
4.59
4.13
0.89
7.23
6.2
0.14
0
0
0
0.04
0
0.01
0
0.29
0
0
0
0
0.42
0
0
0
0.05
14.14
3.88
1.55
1.43
0.08
0.02
0
0
0.8
0.08
2.2
4.52
5.29
6.22
0.61
5.43
2.22
2.13
2.45
4.39
6.15
0.93
1.9
0.09
0
0
0.02
0.01
0.23
0.13
0.06
4.46
0.88
0.63
5.52
4.01
0.16
0.91
2.1
1.09
0
1.86
2.23
1.04
5.36
0
4.9
0.72
0.51
4.91
5.47
3.29
0.23
0
0
0
0
0.01
0
0
0
0
0
0
0
0
0
1.14
10.98
1.85
4.45
0.81
1.16
0
0
0
0.3
0.04
0.57
0
0
0.03
0
0
0
0
0
0
0
0.01
0.04
2.89
0.02
0
0.46
0.01
0
0
0.2
0
0
0
0
0
0
18.55
0.74
0
0
0.02
0
0
0
0.02
0.01
0
0.02
0
0.09
0
0.12
2.46
0.39
0
0.01
0
0.02
0.01
0.38
0.2
0
0
0
0.02
0
0
0
0
0.06
0.11
0
0
0
0
0.13
0
0.06
0
0
1.12
3.16
3.54
0
0.04
2.05
0
0
0
11.73
0.08
0
0
0
0.17
0.01
0
0
0.02
0.02
0.02
0
0.01
0
0
0.06
0
0
0.06
0
0.02
0
0
0
0.01
0
0.04
1.61
0
0.62
0
0
0
0
0.11
0.05
0
0.31
0.01
0
1.12
0
0.07
0
0.01
0
0.02
0
1.91
2.13
16.5
1.59
0
0.02
0
0.38
0
0
0.21
0.05
7.44
0
9.83
0.11
1.54
1.97
12.09
2.75
0.32
0
0
0.09
6.95
20.37
18.74
24.67
0
0.33
3.04
1.05
0
0.62
4.46
3.56
10.53
0.6
0.8
0.2
0.73
0.02
0
0.05
0
0
0
0.38
1.29
0.07
0
0.01
0.49
0
0.1
0.07
0
0.01
0.03
2.97
0.32
0.01
0.12
0
0.28
1.39
2.07
1.13
0.01
0.69
0.66
0.22
0.21
0
0.1
0.02
0
0
0
0
1.55
0.14
0
0
0
0
0.11
0
0
0
0
0
0.03
0
0
0
0
0
0
3.84
1.31
0
0.39
0
0.01
0.33
1
7.12
3.75
3.59
3.7
1.96
0.78
3.77
4.23
4.05
4.04
2.66
0.73
0
4.36
0.63
0.13
5.57
1.22
3.88
1.95
3.5
0.65
0.7
0.14
0.44
2.86
0.05
0
0
0.05
0.03
1.58
19.84
3.53
0
0
0.06
0.09
0.02
0.17
1.42
0.04
0.18
2.8
1.72
0.89
0.13
0.05
0.01
2.52
0
0.49
0.41
23.73
9.58
1.18
0.07
0.2
0.21
2.32
4.22
1.17
0.28
0.16
1.98
0.88
0.35
4.77
5.89
3.13
0.07
0.06
0.02
0.01
0.01
0.69
2.12
7.35
3.44
0.54
0.09
0.02
0.54
2.88
0.96
0.29
0.14
0
0.01
2.04
10.91
0.23
0.06
5.73
1
0.62
0.37
0
0.07
0.13
0
0
0.11
4.03
8.59
4.98
0.06
0
0.8
3.91
0.84
0.6
4.92
2
0
0.01
0
0
0.97
0.69
0.17
0
0
0.13
0
0.06
1.05
0
0
0.23
6.64
0.76
0.16
5.96
2.1
0
0
0
0.07
0.6
0.4
0
0
0
0
0
0
0
0
0
0
0.01
0
0
4.24
0.22
0
0
0.08
0.08
0
0
0
0
0.02
0
0
0
0
0.01
0
0
0
0.05
1.53
0.25
0.01
0
0
0
0
5.24
0.45
0
0
0.82
0.32
1.23
3.63
0
0
0
0
0
0
0.01
0
3.98
0.09
0
0
0
0.07
0.13
0.23
5.55
4.91
0.27
0
0.9
1.56
0.11
0
0.01
0
0
0
0
0.01
0
0
1.62
3.42
0.03
2.09
3.01
0.47
0
0
0
0.22
0
0
0.01
0
0.02
0
0
0
0.09
0
0
0
0
0
0
0
0
0
0
0
0
0
0
0
0
0
0
0
0
0
0
1.27
0.21
0
0
0
0
1.85
2.79
5.59
3.3
1.02
1.54
5.39
0.68
0.8
0
0.52
0.19
0.06
0
0
0
25.78
7.62
0.87
0
0.01
0
0
0.03
0.01
0.19
0
0.3
7.16
7.3
8.06
4.9
1.93
10.33
1.54
0.81
0.08
0.41
4.9
1.45
1.46
8.23
1.2
0.79
3.68
0.83
4.89
12.54
14.64
4.33
0
0.29
0.08
0
0.01
0
0
0.72
0.11
0.04
0.03
0
0
0
0
0
0.16
0
0.73
0.06
0.05
3.46
5.63
0.06
1.68
8.11
3.23
3.62
0.76
0.21
0.03
0.01
0
0
0.02
0
0
0
0
0.16
0.02
4.28
5.92
1.18
0
4.61
3.65
0.34
0.14
0
0.27
0.02
0.02
0
0.11
0.31
0.94
1.8
0.6
0
0.02
8.61
5.3
2.58
4.91
5.99
2.89
0.4
0.3
0.02
1.84
10.38
1.11
4.24
8.26
6.23
2.26
0.91
3.69
0
0.13
0.07
0.03
0.65
13.71
5.51
2.45
6.91
15.22
4.67
0.22
0
4.04
5.18
0.72
0
0
0
0
0.02
0
0.22
0.38
3.46
9.44
8.95
4.62
0.35
0.63
2.7
2.84
0.24
0
0
0
0
0.01
0
0
0.02
0.02
0
0
0.09
0.09
0.08
0.5
4.21
6.53
29.79
31.94
3.92
0.86
0.58
2.18
0.44
1.73
1.55
5.09
1.01
2.72
0
0
0
0
0
0
0
0.16
10.44
12.93
1.04
0
0
0
0.68
0.18
1.91
0.21
3.48
2.99
0.75
0.01
0.73
1.98
0.04
0
0
0
0
0
4.08
1.29
22.13
5.96
3.16
6.54
10.44
0.63
0.01
0.06
0.2
0.01
0
0
1.13
5.09
0
0
0
0.06
0
0.16
0.02
14.98
21.34
0.95
2.14
2.13
0.11
0
0
0
0.01
0
0
0
0
0
0
0
0
0
0
1.51
0.45
0.51
1.14
0
2.46
2.29
0.34
0
0
0
0
0
0
0.05
2.27
0
0.34
1.21
19.02
1.5
0.18
0
0
0
0
0
0
0
0.06
0.01
0.01
0
0
0
0
0.01
0
0
0
0.09
6.66
6.84
5.96
5.24
0.66
2.16
4.18
10.04
1.85
3.08
0.36
0.12
4.12
0.72
1.23
11.08
0.59
0.09
5.67
2.59
0.06
0.04
0
0
0
0
0
0.17
0.16
12.49
5.89
1.08
0
0.07
2.41
14.25
1.02
0
0
0
0
0
0.58
1.42
0
0.01
0
1.95
6.48
9.59
2.21
0.48
0.41
0.42
0
0.02
0
0.09
0
0
0
0
0
0
0
0
0
0.14
0.13
0
0
0.1
11.8
5.9
2.02
0.5
0
0.08
0
0
0
0.36
1.34
5.3
2.96
2.9
6.09
1.56
0
0
0.29
0
0
0.27
0.48
5.32
2.04
3
1.47
0.76
0
0
0
0
0
0
0.07
0
1.55
0.09
0
0.12
0.38
1.11
0.31
0.19
9.05
8.56
2.14
1.36
0.11
1.08
3.39
1.39
5.28
6.19
5.19
1.16
1.45
1.5
3.57
4.1
4.91
4.07
1.86
0.43
1.8
1.41
0.56
0.11
0.23
0.2
6
1.03
0.37
0
0.05
0.63
6.84
0.34
0.96
0.39
0.19
0.25
4.36
0.8
0.02
0.97
0.21
1.43
1.63
0
0
0
0
1.21
0.91
1.17
1.3
0.05
0
0
0
0.08
0
0
0.18
0
0.12
0.56
0.56
0.25
0
0
0.72
0.07
0
0.02
0
1.07
6.52
2.02
1.54
0.04
1.54
3.11
1.41
0
0.06
0
0
0
0.01
7.5
1.13
0.38
3.64
1.29
0
0.02
0.09
0
0.18
0.24
0.1
0
0
0
0.01
8.16
3.18
0.38
0.38
0.18
0.09
0.04
0
0
0
0
0
0
0.01
0
0
0.01
0.01
0.01
0
0.7
0.75
0.35
0
0
0
0
1.25
4.55
5.2
5.71
0.94
0.69
0.47
1.67
0.5
0.09
0.48
1.63
1.22
0.38
0
0
0
0
0
0
0
0.47
0
0
0.44
0.08
0
0
0
0
0.06
0.27
2.46
0.8
7.12
11.37
0.54
0.62
2.7
0.57
0.61
0
0
0.04
0
0.27
0.05
0
1.36
9.77
1.82
1.59
0.27
0
0
0
0
0
0
0
0
0
0
0.04
0
0
0
0
0.11
1.29
0.09
5.47
0.66
0.01
0
0.01
0
0
0
0
0
0
0
0.02
0.35
2.07
0
13.22
20.54
6.58
11.14
1.45
0
0
0
0
0
0
0
0
0
0
0
0
0
0
0
0
0
0
0
0
0
0.07
0
0.32
0.67
0
0
0
0
0
0.1
0
0
0
0
0.07
0
0.01
0
0
0
0
0.03
0
0
0
0
0
0
0
0.01
2.27
0.72
0.76
7.45
0
0
0
0
0
0
0
0
0
0
6.15
1.66
4.65
15.52
3.75
0.62
0.01
0
0
0
0
0
0
0.01
0
0
0
0
0
0
0
0
0
0
0
0
0
0
0
0.02
4.26
0
0
0
0.06
7.73
4.69
3.24
1.2
0.23
0.3
2.58
1.87
4.73
1.44
0
0
0.77
0.04
0
0
1.61
1.53
0.41
0
0
0
0
0
0
0.03
3.85
12.62
0.27
0.1
0
0.4
0.07
0
0
0
0
0
0
0
0
0
0.09
1.09
3.49
1.46
7.21
1.11
0.25
0.03
0.05
0
0
0
0.07
0
0.01
0.05
0.04
0.06
0.52
0.72
2.18
1.16
0.05
0
3.29
2.53
6.81
7.19
1.81
1.27
5
2.46
0.77
2.53
0.16
0
0.2
0.57
0.04
0
0
0
0
0
0
0.06
0.17
2.05
0.3
0.02
0
0.01
0.08
3.86
1.49
0.09
0
0.18
0
0
0
0
0
0
0
0.01
0.28
0
0.02
0
0
0
0
1.44
6.89
3.69
0.75
0.28
1.99
3.73
2.62
1.85
1.94
3.52
9.18
15.11
1.52
2.36
0.8
0.21
0.06
0
0
0.04
0.06
0
0.3
0.14
1.72
1.24
0.2
4.48
0.52
0.25
3.89
3.04
3.5
0.04
1.2
0.03
1.82
0
0
0.34
0
0
0.01
0.03
1.32
23.91
10.42
0
0.27
1.22
0.81
2.36
7.89
9.48
3
1.11
0.01
0.48
0.3
9.62
11.37
3.35
0.13
0
13.09
12.47
10.44
8.54
6.58
4.68
7.01
10.62
4.14
4.14
1.84
5.1
4.92
9.24
0.85
3.27
1.06
1.23
1.76
0
6.72
1.39
8.32
10.29
5.93
0.98
1.98
1.36
2.59
4.81
3.57
0.43
0.15
10.4
2.87
0.58
1.5
1.68
0
0
0
0.06
0.03
0.71
2.76
1.22
0
0
0
0
0
9.37
10.27
14.54
5.72
0.28
0
0
0
0
0
0
9.68
2.55
5
6.02
7.98
0.5
0
0
0
0
0
0
0.01
0.03
1.84
0
0
0.04
0
0
0
0
0
0
0
0
0.29
0
0
0
0.1
0
0.21
0
0
0
0.02
0
0
0.01
0
0
0.22
0
2.89
0.27
0.01
0.04
0.6
0
0
0
0
0.13
0.39
0.01
0.11
3.13
10.23
0.39
0.01
0
0.1
1.68
2.23
0
0
0
0.01
0.02
0.71
0
1.32
15.3
4.27
1.44
0
0.62
0.39
0
0
0
0
0
0
0
0
0.46
3.2
0.39
0.01
2.77
1.34
1.53
0
0
0.01
0
0
0.01
0
0.01
0.01
0
0
0.01
0.23
0.03
0
0
0
0.04
0
0
0
0.17
1.23
14.61
6.87
5.07
0.8
1.25
0.27
0.15
0.1
0.73
0
0
0
0
0
0
0.06
0.27
0.88
1.05
0
0
0.16
1.9
2.34
2.11
0.16
4.31
6.64
10.71
9.96
2.31
0.15
0.01
0
0.23
0
0.02
0
0
0.02
1.54
0
0.01
0.02
0
0.08
0.77
2.59
1.24
0.95
1.02
0.86
1.66
15.65
3.28
0.73
0.6
0.32
0.09
0
0.01
0
0
1.23
1.14
0.31
0.3
0.69
3.65
0.38
0.14
5.49
4.27
0.44
0.83
3.7
3.47
0.13
0.11
0.22
0.01
0.02
0.3
0.86
0.1
1.12
1.73
3.2
5.27
3.42
5.14
1.5
0.28
0.12
0.27
3.73
2.41
10.8
0.52
0.41
0
0.61
4.57
1.13
0.39
0.4
0.23
0.01
0
0.02
2.18
0.07
0.26
0.36
0.06
1.4
5.35
0.71
1.72
7.5
1.78
3.43
2.04
0.16
0
0.66
5.76
1.67
1.2
2.76
6.9
0.59
0.64
0
0.4
0.2
0.02
0
0
0
0.03
0.06
0
0.02
0.38
0.69
1.17
0
0.17
0
0.01
0.27
0
0.12
0.3
2.24
0.38
4.37
0.88
0.12
0.05
0
0.09
0.05
0.03
0.66
0.32
0
2.13
2.18
0.89
0.23
1.68
0.35
0
0.1
0.07
0.73
6.8
7.24
0.28
0.85
0
0.02
0.1
0.06
0
0.38
2.19
4.36
5.66
0.27
2.85
0.19
0.21
3.4
0
0.03
0.09
0
0
0
0
0
0.07
0.59
1.9
0.34
0
0.02
2.84
0
0.54
0
0
0
0.05
0.07
0
0.77
4.48
2.07
0.28
7.13
3.46
2.89
1.72
2.61
7.76
2.03
0
0.51
0.23
3.62
0
1.09
0.05
0.09
0
0
0
0
0.04
2.91
0
0
0
0
0
0
0
0
0
2.47
0
0.04
0
0.23
0
0.01
0.53
0.75
3.38
2.85
19.12
3.03
0.43
0
0
0
2.4
0
0.09
0.02
2.04
1.17
0.37
0.3
0.04
1.63
0
0
0
0
0
0
0
0.2
0.17
0
0.02
0
0.25
0
0
0.14
1.62
0
0.69
0.43
0.35
3.21
20.53
2.27
7.34
6.82
0.38
0.1
0.39
0.55
0.03
0.13
2.46
0.34
0
0.02
0
0.51
5.56
31.16
10.79
11.04
0.82
0
3.09
0
0
0
0.01
0.09
0.88
1.36
0
0.05
0.98
10.46
2.19
0.11
0.41
8.36
1.06
7.65
1.14
0.66
0.02
0.02
0.06
0.35
1.63
2.24
0
0.03
0.07
0.03
0.05
7.39
2.56
0.1
0.01
0.06
3.05
2.35
4.9
6.73
1.22
0.13
0
0.48
1.85
0.15
0.02
0
0.01
0
0.01
0
0
0.43
0.01
0.59
0.88
0
0.05
0
0.16
0.01
0.23
0.18
1.16
0.07
1.48
0.41
0.33
4.96
0.75
0
0.59
3.96
1.39
0.23
0.38
0.06
0
0
0
0
0
0
0
0
0
0.01
0
0
0
0.67
2.29
3.09
1.09
0.29
0.03
0.55
0.03
0
0
0
0
0
0
0
0.04
0.01
0.03
0.04
0.77
0.66
0.8
4.32
1.87
0.01
1.07
1.42
2.16
1.01
0.34
0.01
0
0
0
0
0
0.08
1.64
3.53
0.2
0.08
0.19
0.16
0
0
0.01
0.55
0.14
0
0.73
2.16
2.27
1.59
2.25
0.2
0.15
1.91
0.98
0.33
0.39
0
0
0
0
0.51
0
0
0
0
0
0
0
0
0
0
0
0.01
0
0
0.01
0.31
0.04
0.32
0.18
0
0.12
0.52
0.55
0.21
3.57
1.8
0
1.11
8.04
0.69
0
0
0.02
0.7
0.05
0.04
0.25
0
0.98
8.64
2.81
0.51
0.12
0.45
0.28
0
0
0.02
0
0
0
0
0
7.66
9.12
2.52
0
0
2.73
0.54
0
0
0.38
0.14
0.38
1.41
0.27
0.12
0.09
0.03
0.01
1.05
0
0
0
0
0
1.2
0.43
2.29
2.18
2.41
0.44
0
0
0.42
1.32
0.64
1.21
0.23
0.13
0
1.55
0.44
4.04
17.61
13.97
10.05
10.25
14.66
0.52
0.98
9.6
9.31
6.22
6.93
2.44
2.31
2.6
1.86
0
0
0.01
0.2
0.59
0
0
0
0
0
0
0
0
0
0
0
0
0
0
2.61
0.7
0.02
0
0
0.27
10.28
3
0.38
0.21
0.85
0.11
0
0
0.01
0
0
0
0
0
0
0
0
0
0.25
0
0
0.03
0.14
0
0
0.02
0
0.11
2.04
4.9
0
0
0
0.04
0
3.45
2.18
0.78
0.04
0.43
0
0
5.02
0.31
0.46
1.34
0
0
0
0
0
0
0
0.99
0.45
5.34
8.58
0.16
0
0.41
0
0
0
0
0.01
0
0.14
0
0
0.12
0
0.11
0.02
0.32
0
0
0.56
0
0
6.7
0.09
0.11
0
0.01
0
0
0.01
0
0.05
3.52
0.93
3.46
0.48
1.2
1.08
3.63
0.46
2.87
15.24
6.63
0.18
0.27
0
0.31
0
0.12
0.09
0
0
0.98
4.93
0
3.38
4.93
0.52
8.16
5.52
0.9
0.1
0.05
0.47
0
0
0
0
0
0
0.12
0.12
0.18
0.02
0
0
0.01
0
0.03
0.02
0
0
0
0.02
1.14
0.21
0.17
0.17
0.11
0
0
0.1
0
0.01
0
0
0
0
0
0.01
0.08
0.38
5.22
1.16
1.29
2.34
3.4
6.03
4.62
0.33
0.38
0.01
0
0.14
0
0.01
0
0.23
0.08
5.45
1.95
2.73
2.65
4.05
0
0
0
0
0.11
0.04
0
0.16
0.29
0
0.01
0
0
0
0
0.8
0.75
0
1.95
0.89
0.08
0.21
0
3.88
0.47
0.2
0.06
5.96
0.46
0.3
0.21
0.11
2.55
1.75
0.72
0.59
1.27
3.48
2.02
1.11
5.44
0
0
0
0.43
0
0
0
0.11
0.52
0.08
1.97
0.75
0.99
0.53
0
0.44
0.78
2.42
14.69
6.16
3.55
2.88
0.2
0
0
0
0
1.55
25.45
6.46
0.98
0.34
1.6
2.71
0.98
1.75
0.24
0.3
0.1
0
0.36
9.19
6.05
1.64
0
0
0.02
1.23
9.17
5.91
1.81
5.28
1.57
1.01
0.34
0
0
0.02
0.14
0.2
2.13
0.19
2.21
1.58
3.17
4.95
1.55
9.52
13.41
1.55
0.25
3.93
4.69
0.96
3.32
0.29
0.01
0
0.11
0.94
0.17
0
0
0.02
0.08
0
0
0.01
3.55
0.23
0
0
0
2.56
11.83
0.25
0.01
0
0.16
0.02
0
0
0
0.03
0.59
0.5
0.18
0
2.55
0.2
0
0
0.14
3.6
0.95
4.14
10.82
2.29
0
7.97
0
0
0
0.02
0.18
3.93
0
0.46
0.04
0.01
0
0
0
0
3.52
8
1.98
0
0
0
0
0
1.03
14.84
15.13
3.39
0
0.01
0
0
0
0
0
0
0.01
0
0
0.2
0.02
0
0
0
0
0
0.01
0
0
0
0
0
0
0.01
0
0.02
0.2
0.54
0
0.21
1.8
9.65
32.61
6.13
1.12
0
0.76
0
0.83
0.93
0
0
0.01
0
0
0
0.2
0.01
0.86
0.79
0
0.36
0.07
0.44
0
0
0
0.45
3.04
9.41
13.88
0.41
0
0
0
0
0
0
0
0
0
0
0.59
0.09
0
0
0
0.01
0.85
4.77
0.02
0.17
0
0
1.42
0.48
0
0
0
0
1.35
6.62
0.77
0.06
0.7
14.88
2.71
0.13
0.3
0.04
0
0
0.01
1.13
0
0
0
0.09
0
0.2
0
0
0
0.27
0
0
0.01
0
0.15
0.13
4.18
1.36
11.97
0.48
3.38
0.01
0
0.13
7.08
3.54
0.43
0
0
0
0
0
0
0
0
0
0
0
0
0
0
0
0
0.32
0.04
0
0
0
0.04
0
0
0
0
0
0.27
1.27
0.14
0
0.02
0.02
0.02
0
0
0
0
0
0
0
0
0
0
0
0
0
0
0.01
0.35
0.17
0.74
1.18
0.61
0.26
4.12
1.46
0.17
0.81
0.52
0
0
0.09
0
0
0
0.13
0
0.01
0
0.55
1.13
2.2
0
0
7.28
1.93
3.57
0.33
0.17
2.75
0.26
0
0
0
0.05
0
0
0
0.02
0.02
0.39
0.18
0.4
0.56
2.33
2.25
2.02
0.57
0.62
0.03
0.61
5.25
1.73
5.69
5.01
1.91
1.13
0.18
0.45
0.1
4.45
2.17
2.65
1.06
0.51
0.09
0
0
0
1.27
0
0.34
11.95
2.17
1.91
4.63
0.27
2.38
8.26
4.7
0.18
0.07
0
2.64
0.16
0
0
0
0.01
0
0
0
35.21
4.27
0.01
0
24.06
0.16
1.09
0
2.9
0
0
0
0.09
0
0
0
0
0.05
1.09
1.43
0.88
0.88
10.57
2.72
0.09
0.84
0
0.3
0.21
0.39
6.69
15.25
1.26
0.95
11.53
3.29
1.48
0
6.06
28.72
5.9
0
0
1
8.51
0
0.16
0
0
0
0
7.66
8.18
23.26
3.85
13.36
3.13
2.66
4.72
10.59
0.6
0
0
7.5
4.57
0.77
1.66
7.56
0
0.77
0.83
0
0
0
0
0
0
0
0
0
0
0
1.11
1.38
0
0
0
0.16
0
0.16
0.02
0
0
0
0.3
0
0
1.4
0.02
5.9
0
0
0
0.11
0
1.71
4.5
8.18
2.23
0
0
0
0.06
0
0
3.22
0.07
9.32
13.63
1.72
0
0.05
0.02
0
9.62
6.19
2.2
0
0
0.02
0
0.11
0
0
0.04
2.47
0.1
0
5.66
4.48
8.08
3.39
3.68
0.31
0.18
0.09
0.03
0
0.02
2.67
18.88
11.46
2.52
0
0
0
0
0
0
0
0
0
0.01
0.67
5.45
2.04
0.07
0
0
0
0.7
0.22
0
0
0
0
0.01
0.08
0
3
5.36
1.04
0
0.02
0
0.02
0
0
0
0.02
3.32
1.27
0
0.02
0.03
0.07
0.16
0.44
0.1
0
0
0
0.03
0.25
0.33
0
0
0
0.63
0
0
0.3
6.54
3.27
1.55
0.69
0.03
1.57
0.58
0.01
0
1.96
1.42
0.06
0.1
2.82
1.03
0.27
1.15
3.39
1.13
0.26
0.4
0
0.02
0.1
0.16
1.48
4.23
6.18
1.79
15.3
4.07
1.59
0.02
0.13
0.09
0.05
0
0.2
0
0
0
0.72
0.12
0
0
0.3
0.05
0
0
0
0
0
0
0
0
0
0
0
0
0
0
0
0
0
0
0
0.01
0
0.01
0.25
0.37
0
1.32
0.31
2.64
2.04
1.55
0.25
0.55
1.68
5.4
18.69
9.38
1.5
0
2.86
2.57
0.89
0
0.59
0.37
0.04
0.04
0.45
3.2
1.14
0.22
0.1
0
0
0
0
0
0
0
0
0
0
0
0
0
0.11
0.18
6.22
1.03
0
0
1.45
0.28
0.39
0.8
0.27
0.04
0
0
0
0.45
2.38
0.44
0
0
0
0
0
0.01
0
0
0
0.75
5.16
21.89
8.88
1.4
0
0
0
0.01
0.01
0
0.01
0
0.02
1.2
13
2.11
3.16
0.17
0.64
1.52
1.09
0.5
0.18
0.17
2.27
1.91
0.83
0.18
0
0
0
0.01
0
0
1.03
7.94
7.93
4.01
0.14
0.08
1.99
2.96
0.06
0.05
1.95
4.18
1.3
0
0.06
0.07
0.94
0.27
2.79
2.17
3.24
15.98
7.39
0.8
0.14
0.03
3.89
0.46
0
0.09
0
0
1.12
2.65
0
0
0
3.18
2.68
2.01
1.61
6.55
14.22
0
1
4.24
2.19
3.28
0.71
0.67
3.21
3.75
0.98
0.33
0.24
1.89
0.65
2
2.45
6.41
1.98
0.3
0
0.47
1.02
4.39
0.01
0
0
1.28
0.61
3.76
0.46
0
0
13.03
0
0.02
0
2.91
0.39
0
0
0.12
0.52
1.16
0.73
0
0
0
0
0
0
0
0.01
0
0.02
0
1.07
1.95
0.75
0.07
0.27
0.36
0.23
1.67
9.16
1.65
0
1.25
3.77
19.88
14
4.12
1.45
0
0.01
0.03
0.02
0
0
0
0.38
0.84
0.91
1.84
0.14
0.52
5.52
1.76
0
0
0
0
0
0
0.03
0.36
0.01
0
0.02
0.57
1.18
4.43
0.6
1.23
3.75
4.74
2.96
1.25
0
0
0.38
0
0.01
0
6.57
14.61
4.34
0.36
2.82
0.38
0.45
0
0.89
1.35
1.18
0.01
0.16
1.02
0.59
0.02
0.02
2.95
3.66
0.27
0.02
0.09
0
0.49
1.35
0.89
0.19
2.48
0.43
1.3
8.03
2.61
2.59
0.04
0
0.02
0.02
0.02
0
0
0.01
0
0
0
0
0
0
0.01
0
0
0
0.16
0.67
0.34
2.02
1.04
1.39
6.75
3.71
0.35
0.07
0
0
0.03
0.09
0.94
0
0.09
2.24
2.7
11.25
7.1
1.86
0.22
0
3.6
1.99
0.38
0.66
0.71
1.11
3.68
5.97
0.82
5.57
0.46
0.71
2.08
15.57
3.45
0.14
0.2
7.92
1.88
0.45
2.48
10.45
2.09
1.13
0.11
0.57
0.59
6.7
4.16
3.44
0.33
0.36
3.54
1.22
7.81
6.05
0.59
2.13
2.8
0.52
0.98
3.6
1.75
0
0.03
0.16
0.46
0.71
1.43
4.43
2.73
0.35
0
0
0.02
0.07
0.96
2
7.62
1.4
0.37
1.08
0.84
0.04
1.34
0.21
1.07
0.01
0
0
0
0.02
0.14
0
0
0.23
0.72
6.07
1.34
0
0
0
0
0.05
0.11
6.11
2.86
0.21
12.84
3.09
0.63
0
0.73
0.07
2.61
0.57
0.14
0.02
0
0.11
0
0.16
0.02
0
1.18
0.34
0.5
0.12
0.13
0
0
0
1.61
8.19
2.78
3.55
0.16
0
0
0
0
0
0
0
0
0
10.41
6.71
2.33
0
2.09
4.05
0.8
2.02
0
0
0
0
0
4.74
0.53
0.16
0.64
7.53
4.48
16.66
10.71
1.9
4.2
10.64
1.45
0.39
4.1
0.06
0
0.06
1.47
14.75
8.13
4.91
2.9
0.99
0.3
0.32
1.18
0.17
1.11
1.57
0.91
0.57
13.44
0.88
0
0
0
0.21
0.53
1.23
1.13
3.04
10.03
3.09
0
0.01
0
0
10.48
0.63
0
0.72
0.32
0
0
0
0
0
2.34
0.51
0
0
0
0
7.8
16.48
1.33
0
0.4
0
0
0
0
0
3.34
0.03
0.23
0
9.75
10.22
1.21
0
0.24
0
4.54
0.79
0
0
0
0
3.41
0.02
0
0
0.03
0.02
0
0.18
0.01
0
1.52
5.82
0.28
1.68
0.43
0
0.01
0
0
0.07
0.01
0
0
0
0
0
2.47
0.61
0
0
0
0.04
0
0.01
0
0
0.33
0
0
0.76
4.91
0.4
0
5.16
0.62
0.1
1.34
9.41
1.47
0
0.01
0
0
0
0
0
0
0.89
3.51
0.3
1.02
5.68
0.39
0
0
0
0.02
0
0.01
0.26
2.45
0.77
3.66
1.38
1.37
1.84
0.61
0.48
0.27
0
0
0.01
0.04
0
0
0
0
0
0.05
1.81
0.39
0
0
0
0
0
0
0.01
0.01
0
0.68
2.76
0.91
2.16
0.31
0.15
0.15
0
0
0
0.12
4.52
2.91
8.32
1.31
0.07
0.09
0.5
1.14
0.72
14.22
2.3
0.44
0.27
0.06
0
0.05
0
0.49
5.29
0.76
0.03
0.16
1.17
4.14
0.78
0
0
0
0.39
0.95
7.46
4.36
0.43
0
0
0
0.01
0.02
0.01
0
0.01
0
0
0
6.36
4.81
1.57
1.07
2.82
0.05
0.46
0.49
6.21
0.68
0.64
0.61
0.65
0.86
1.29
0.12
2.23
10.31
1.57
0.24
0.3
0.11
0
0.02
0.01
0.01
0
0.05
0.2
2.2
5.92
1.06
0.1
0.07
0.04
0.7
0.92
0.14
1.41
6.85
1.33
0.8
0.66
2.82
1.22
12.69
6.89
7.54
3.08
1.01
10.8
8
6.84
1.5
0
0
0
0.01
0
0.06
8.22
1.38
0.96
0.13
1.63
1.79
0.44
0
0
0
0
0
0
0
0
0
0
3.5
0.94
0.86
4.11
0.77
0.05
6.41
0.91
0.09
0.41
0.37
0.63
3.25
6.94
0.57
0.06
0
0
0
0.05
0
0.34
0.15
0.04
0
0.98
2.09
13.76
7.14
2.48
5.44
1.8
3.08
0.13
0.01
2.38
4
2.32
0.61
0.35
1.59
2.11
1.73
0
0.36
0.24
0
0
0.53
0.16
0
0
12.2
7.89
4.84
23.73
4.14
2.6
1.09
0.78
9.81
3.57
2.02
0.64
0.13
3.24
0.73
0
0.09
0.2
3.32
0
0
0.13
0
0.18
4.87
0
0.12
5.62
1.51
5.05
10.89
3.65
0.33
0
0
0.04
0.01
0.26
0
0.26
9.09
16.35
0.59
0
0
0
0.62
0.02
0
0
0
0
0
0
0
0
0
0
0
0
0
0
0
0
0
0
0
0.11
0
0.36
0
0
0
0
0.23
0
0.06
0.01
0
0.01
0
0.47
0
0
4.16
0
0
0.28
0
0.05
0.25
2.99
2.51
1.87
2.84
0
0.14
0.1
0.02
0
4.27
0
0.05
0
0
0
3.62
7.4
0.23
0
0
0
0
0
0.02
0
0
0
0
0
0
0
0
0
0
0
0
0
0
0
0
0
0
0
0.8
0.09
0.02
0
0
0
0
0
0
0
0
0.03
7.46
1.05
0.39
0
1.79
1.09
0
0
0
0
0
0
0
0
0
0
0
0.41
0
0
0.27
0.13
0
0
0
0.04
1.3
0.21
0
0
0
0
0
0
0
0
0
0
0
0
0
0
0
0.08
0.88
1.28
0.27
0.11
0.01
0.29
3.27
3.7
1.92
0
0.52
2.31
0.84
0.42
0.37
5.18
3.01
7.13
1.97
3.75
0.3
0
0.16
0.14
0.7
0.83
0.16
0.7
1.84
3.21
1.22
2.02
0.23
0.55
6.06
0.21
0.19
0.16
9.99
2.02
0.33
2.23
4.59
1.49
0.5
1.6
0
0.46
0
0
0.05
0.03
1.32
3.2
4.02
1
9.91
0.52
0.01
0
1.05
4.13
9.27
6.97
3.5
0
0.79
0.88
1.78
1.35
7.82
5.29
1.46
5.59
1.48
6.45
5.82
5.79
5.53
3.92
6.8
2.51
0.28
0
0.1
0.05
0
0
0.25
0.34
0.05
0.12
0
0
4.68
0.61
0.1
0
0.27
0.22
1.35
5.89
6.68
0.38
0
0.02
0.01
0.19
0.93
1.23
0.34
0.98
4.07
5.36
3.05
0.25
0.36
1.13
0.79
4.93
3.3
1.48
2.16
0.57
0.42
0.48
0
0.26
1.3
8.27
1.97
0.52
0.03
0.47
3.14
4.06
0.75
0.43
3.43
18.84
3.15
0.02
0
0
0
0
0
0
0
0.17
0.04
0.09
0.03
0
0.16
0
0
0
0
0
2.36
0.18
3.61
5.24
0.9
0
0
0
0
0.01
2.25
0.26
0.05
0
0
0
0
0.03
0
0
0.13
0.18
0
0.77
1.82
19.71
51.66
18.58
0.95
0.88
4.46
0.34
0.19
1.09
11.95
2.23
0
0
0
0
0
0
0
0
0
0
0
0.01
0
0
0
4.59
2.51
19.45
12.6
1.1
3.39
1.87
0.93
4.93
8.01
1.64
0
0.03
0
0
0.84
2.04
0
0
0
0.45
0
0.01
4.52
0.27
0.41
0
2.6
0
0
0
0
0
0
0
0.01
0
0
0
0
0
0
0
0
0
0
0
0
0
0
0.01
2.71
0
0.01
0.05
0
0
0
0
0
0
0
0
0
7.23
1.3
0.59
19.36
0.91
5.96
0.64
0.09
1.15
14.44
2.1
0.64
1.25
0
0.02
0
0
0
2.12
6.67
4.53
9.61
14.64
3.82
0.41
0.63
0.04
0
0
0
0
0
0.05
0
0
0
0
0.2
0.08
0.94
0.35
1.09
8.8
7.28
2.13
7
1.93
3.88
6.45
0
0.24
0
0.04
0.07
0.05
3.38
2.61
0.58
2.38
12.67
28.63
6.3
0.32
0.1
0
0
0.02
0.25
0
0
0.51
0.61
0.04
2.9
0.55
0.08
0.5
2.1
12.4
1.11
0.16
0.9
0.34
1.16
2.3
1.24
0.01
0
0
0
0
0
0
0
0
0
0
0
0
0
0.7
0.3
0.83
0.07
0
0.16
0
0.4
0.05
0
0.02
0
0
0.05
0.06
0.08
1.24
2.42
3.54
4.51
0.45
0.14
0
0.51
2.39
1.12
0
0.05
0
0.76
0.34
0.01
0.76
3.12
4.4
5.61
0.34
1.2
2.59
0.21
1.01
0.26
0.19
0.1
0.04
0.37
0.02
0.37
0
0.62
0
0.01
0
0.55
0
0.4
0.72
0.01
0
0
0
0
0
0
0
2.91
0.01
0
0.41
0
0.51
1.9
0.64
0.16
0.48
0.8
0.53
0
0.84
0.78
3.4
7.73
13.91
3.33
0
0
0
0
2.78
4.53
0.75
0.5
0
0.01
0
0
0.04
0.16
1.89
0.93
0.3
0
0
0.08
2.59
3
11.34
1.64
0.02
0.25
1.36
0.02
0
0.47
1
0.17
0
0
0.35
0
0.08
0
0.01
0
0.47
0
0
0
0
0.75
2.43
1.25
1.94
4.12
1.1
0.09
0.11
0
0
0.25
0.28
0
0.03
1.69
4.45
8.41
2.92
0.79
0.7
5.53
1.26
5.93
1.92
0.48
0
0
0.02
0.38
15.51
4.86
5.92
2.49
0.02
0.25
0
0.01
0
1.16
0.28
0.11
2.02
4.14
6.94
13.26
2.85
0.27
0
0
0
0.01
0.03
0
0.04
0.53
5.31
5.31
5.66
1.23
8.88
7.88
2.69
0.14
0
0.04
0
0
0
0.06
0
0.07
0.01
0
0
0
0
0
0
1.9
0.73
0
0
0
2.88
0.19
0.23
1.44
1.63
0
0
0
0
0
8.96
5.08
1.18
0
0
0
0
0
0
0
0
0
0
0
0
0
0
0.01
0
0.01
0
0
0
0
0
0
0
0
0
0
0
0
0
0
8.37
6.58
0
0
1
1.4
4.82
0.16
0.3
0
0
0
0
0
0.05
0.05
0.19
0.16
0
0
0.16
6.26
0
0
0
0
0
0
0.05
1.68
0.75
0.84
1.07
0.55
0
0
0
0
0
0.05
0.15
4.11
0.01
1.16
0
0.21
0
0.02
0.16
0.51
0.55
2.11
0.06
0.12
0
0.38
0
0
0.49
4.96
4.04
0.09
0
0
0
0.12
0
7.56
0
1.37
0.01
2.42
0
0
0
0.13
1.32
0.4
2.42
0.11
2.3
0.47
14.7
0.29
0.11
0.22
1.93
0
0
0.59
0.54
0.02
0
0
0
0
0.01
0
0.64
1.95
5.11
1.68
0
3.2
0.73
0.2
0.59
1.88
0.03
0.11
0
0.05
0.02
0.43
0.01
0.06
0.01
0.41
0.03
3.48
0.18
1.51
0.44
4.76
0.25
0.01
0
0
0
0
0.06
0.24
0.01
0
1.55
0
0
0
0
0
0
0.07
0
0.17
0.8
2.33
1.61
4.63
0.48
0
0.01
0.01
0.25
0
0.26
0.04
0
0
0
0
0.04
0.02
0
0
0
0
0
0
0.06
0.11
0.48
0.21
0
0
1.54
4.67
5.77
0
0
0.27
0.04
0
0.02
0.01
0.14
0.61
0.59
0.07
0.2
0
0
0.08
1.5
0.8
0.68
0.02
0
0.01
0
0.18
0.03
0
0.41
0.02
0.02
0
0.69
0.17
1.06
0.3
2.56
0.98
0.02
0
0.07
0.54
0.75
0.06
0
0
0.02
1.93
0.95
2.63
2.61
0.23
0.23
6.45
1.96
1.53
0
2.22
0.44
0.77
1.38
4.77
0
0.8
6.3
0.41
5.37
2.48
0.05
0.32
0
0
15.53
36.93
8.54
0.6
4.94
3.57
8.89
1.09
0.02
0
0
2.96
0
0
0
0.02
2.46
2.06
4.44
1
1.94
0
0.01
1.85
1.23
0
0
0
0
0.54
0.04
0
0
0
9.27
1.21
0
0
0.75
0.24
0.09
0
0
0.87
0
0
0
0
0
0
0.01
0
0
0.01
0.06
0
0
0
0
0
0
0
0
0.01
0
0.71
14.7
23.53
3.76
1.3
0
0.12
6.95
0.08
0.71
0
0
0
0.01
0.64
0
0
0
0
0
0
0.24
0.31
0
0
0
0
0
0
0
0
0
0
0
0
0
0
4.26
6
0.23
0.54
0.38
8.84
12.35
3.09
2.2
0.24
0.81
0
0
0
0.05
0
0.01
0
0
0
0
0
1.16
0
0.02
0
0.01
0
0.53
3.25
0
0
0.02
0
0
0
0
0
3.21
16.37
0
0
0
0
0
0
0.77
4.21
1.02
0
0
1.25
3.63
3.62
0
0.91
3.6
8.18
0
0.02
0
3.91
0.04
0.68
0
0
0
0
1.16
0.01
0
0
0
0
0
0
0
0.01
0.34
0.77
0.88
2.76
0.59
0
0
0.15
0.57
0.01
0
0.07
0
0
0
0
0
0
0
0
0
0
0
0
0
0
0
0.3
0
0
0
0
0
0.52
0
0.05
0
0.08
0
0
0
0
0.01
0
0.04
0.13
0
0
0
0
0
0.01
0.82
0.21
0.63
0.44
1.15
0.09
0.63
1.3
7.31
2.06
0.35
1.63
2.4
3.18
10.84
0.86
0.73
1.61
2.56
11.6
6.25
8.77
1.56
0
0
0.07
0
0.05
0
0.01
0
0.01
0.14
2.7
0.56
0
0.84
0.46
2.23
2.05
0.24
0.16
1.85
0.29
0.04
0.48
1.42
0.27
0.55
0.3
0.09
0
0
0
0
0
0
0
0
0
0
0
0
0
0
0.14
3.02
0.39
18.5
5.98
2.23
6.3
1.26
0.19
7.38
1.83
1.4
1.08
0.65
0.58
0.7
0.22
0
0
0
0.05
0.01
0.07
0.13
0
0
0
0
0
0
0
0
0
0.39
0
0
0
0
0
0.04
0.04
0.07
1
0.48
0.42
12.19
1.7
6.79
0.96
0
0.01
0.28
3.31
0
0
0
0
0
0.91
0.9
0.1
0.02
0.27
21.54
4.44
6.7
1.31
0
0.03
0.04
0.02
0
0
0
0
0
0.01
0
0
0
0
0.09
0
0
0
0
0
0
0
0.01
0
0
24.67
7.75
4.12
3.15
1.09
0.13
0.35
0.86
0.03
0.09
2.44
2.95
19.44
16.22
0.95
25.34
1.96
4.37
8.58
4.59
0.95
0
0.75
0
3.07
5.63
1.54
0.24
0
0.44
0.01
0
0.02
0
0
0
0
0
0
0.01
0
0
0
0
0
0
0
0.09
0
2.26
1.27
0
0
1.8
0.02
0
0
0
0
0
0
0.02
0.01
0
0.93
4.51
0
0
0
0
0
0
0
0
0
2.34
17.47
0
0
0.05
0.01
0
0.01
0
0
0
0
0
0
0
0
4.34
0.13
0
0
0
0.01
0.02
0
3.81
2.07
0.17
0.71
2.76
8.95
1.64
0
0
0
0
0
0
0.8
0.02
0
0
0
0.57
9.04
1.71
0
0
0.01
0
0.02
0.94
1.47
10.98
0.05
0
0
0
0
10.46
1.38
0
1.12
7.55
0.16
0.08
0.02
0.01
0
0
0.01
0.02
0
0.16
0.28
0
0.19
3.59
0
0.91
0.01
0
13.7
10.3
4.21
5.16
20.6
1.09
0
0
0
0
0
0
0
0
0
0
0
0.19
1.01
8.42
21.63
3.14
0
0
0.01
0.58
3.3
1.06
0.12
0.18
0
0
0
0
0.01
0
0
0
9.5
6.7
0.57
0.44
0
0
0
0
0.05
0
0.02
0.25
0.13
0.15
0.29
0.71
0.03
2.28
1.97
0.23
0.4
0
0.84
0.64
0.05
2.21
1.08
0.41
4.55
3.32
0.02
0.22
0
0.06
0
0
0
0
0
0
0
0
0.01
0.03
0
0
0
0
0
0
0
0
0
0
0
0
0
0
0
0
0
0
0
0
0
0
0
0
0
0
0
0.22
0.08
0
0.41
0.51
0.76
0.34
0.09
0.05
0
0
0.02
0
0.04
0
0
0
0
0.18
0.07
0.16
3.03
0.28
0
0
0
0
0
0
0
0
0
0
0
0
0
0
0
0.47
0
0
0.17
0
0
0
0.03
0.02
0.95
4.02
0.19
0.27
1.74
0.5
0
0.1
2.45
1.29
0.49
0.01
0.01
0.01
0
0
0.01
0
0
0
0
0
0
0.25
0.15
1.45
1.38
0.16
4.77
0.21
3.12
0.24
11.53
1.55
0.43
0.2
0
0
5.77
0.74
0
0
0.01
0
0.02
0.17
0.16
0.02
0.02
0.04
0.19
0.14
0.35
0
2.47
0
0.01
0.01
0.17
7.04
0
0
0
0
0
0
0
0
0
0.01
0
0
0
0
0
0.22
0
0
0.08
0.13
0
0
0
0
0
0
0
0
3.25
0.77
0.34
8.4
2.8
14.77
2.3
2.84
0.16
0
0.16
0
0
0.87
12.57
3.85
8.99
0
0.54
0
0
0
0
0
0
0
0
0
0
0
0
0.01
0
0.03
0.04
0
0
0
0
0
0
0
0
0
0
3.05
5
2.84
0
4.77
1.62
0
0.52
0.02
0.32
0.01
0
0.41
0.72
0
0.17
0
0.01
0.48
24.34
4.02
0.1
1.74
15.02
3.08
2.34
0.28
0.4
5.27
0
0
0
0
0
0
0
0
0
0
0
0
0
0
0
0
0
0
0
0
0
0
0
0
0
0
0
0
0.13
0.18
0
0
0
0
0.01
0
0
0
0
0
0
0
0.96
0.17
0
1.16
0.57
0
0
0
0
0.12
0
0
0
0
0
3.58
11.15
2.14
0
0
0
0.01
0.51
2.15
8.85
1.36
0.11
2.16
1.94
0.08
0
0
0.47
2.46
3.08
7.04
0.16
0.9
1.85
0.48
0.45
0.3
0
0.23
0.03
0.03
0
0.02
0
0
0
0
0
0
0
0
0
0.22
0
0.43
0.77
0.05
0.87
1.16
1.68
3.64
14.04
4.23
11.11
3.02
0.04
0
0.03
0
0
0
0.19
0
0
0
0.01
0
1.03
0.39
0.36
2.7
1.43
3.71
1.19
0.01
0.03
0.02
0
0
0.46
0
0.05
0.39
0.34
2.06
3.36
1.02
1.24
0.08
0
1.05
0.07
0.02
0.16
1.38
0.25
2.6
0.16
0.35
0.03
0.33
0
0.01
0.1
0.01
0
0
0
0.01
0
0
0
0
0.14
0.05
0.07
0
3.09
0.39
0.27
0.08
0
4.52
9.88
1.73
0.99
0.05
0.02
0
0
0
0
0
0
0.04
0
0
0.34
0.59
0.36
2.32
0.42
0.55
1.54
1.64
9.87
1.38
0.53
5.42
0.77
0.08
1.06
7.89
0.35
0.27
11.63
1.48
2.62
9.11
0
0.5
0
0
0
0.01
0
0
1.58
0.43
8.18
3.47
0.04
0
0
0
0
0
0
0.23
0.9
0.45
0.09
0
0.13
1.85
6.01
2.77
1.17
0.48
0.2
2.45
8.23
22.52
8.56
0.13
0.25
0
0
20.41
21.02
20.66
3.15
1.28
1.42
0.28
8.97
6.41
5.48
1.55
4.05
2.64
7.57
2.7
4.22
0.76
0
0
0.13
1.77
4.7
8.7
3.28
2.16
0.75
0.1
0
0
0
0
0
0
0
13.73
0
4.75
0
0.24
0
0
0.02
0
0.56
0
0
0.84
0.01
0
0
0
0
0.02
0
0
0
0
0
0
0
0.13
0
0.01
0
0.01
0
0
0
0
0
0
0.52
0
0
0
0
0
0
0
0
0
0
0.01
0
0.09
0
0
0.01
0
0
0.01
0.94
0.63
0
0
0
0
0
0.03
0
0.14
4.42
0.36
0
0
0
0.05
0.02
0
0
0
0
0
0
0.14
0
0.01
1.15
0.34
0
0.01
0
0.02
0
0.27
0
0
0
0
0
0.01
0
0
0.01
0
0
0
0.01
2.35
3.98
0
1.19
1.88
0.63
3.87
2.08
0.08
0
0.05
0.02
0
0
0
0.09
0
0.24
0
0
0.11
1.41
0.72
0
0
0
0
0.72
6.09
1.77
0
0
0
0
1.29
1.77
0.29
1.97
0.22
0
7.53
14.41
7.89
16.84
7.64
5.26
31.69
2.49
5.79
1.39
0.98
10.14
0.89
0.78
0.32
0.13
0.25
0
0.3
0.37
0.05
0.03
0.53
9.24
4.66
1.68
0.05
0
0.19
0.12
0
0.25
0.16
0
0
0.14
1.56
0.14
0.25
0
0.14
2.94
0.04
3.07
0.1
0.48
0.13
0.18
0.02
0.6
1.22
0.09
0
0
0
0.01
0
0
0.83
2.2
0
0.49
0.09
0.05
0.08
0
0.03
0.55
0.59
0.95
0.28
2.1
0
0
3.7
1.74
0.07
5.3
0.12
2.63
0.83
0.09
0
0
0
0
0
0
0
0
0
0.1
0.87
0.97
6.15
9.37
2.55
0.68
0.06
0
0.2
0.67
5.64
0.65
0
0.44
2.69
0.62
0
0.08
4.58
0.65
0.65
0.27
2.95
0.41
0.48
0.88
0.73
0.04
0
0
0
0
0.06
1.77
0.27
0.56
0.04
0
0
2.64
10.37
1.91
5.22
1.37
0.27
0
0
0
0.34
0.26
0
0
0
0
0
0
3.21
1.1
0.53
1.86
6
0.97
0.2
0
0
0
0
0.01
0
0
0
0
0.2
6.71
2.44
0.66
0.81
0
0.85
1.58
0
0
0
0
2.8
0.07
0
9.36
2.13
3.2
0.51
0.79
0
2.21
1.25
4.2
5.24
7.64
7.76
0
4.13
0.84
5.06
0.12
5.21
12.57
1.64
2.11
2.46
0.27
2.88
0.47
0.09
0.19
4.34
0.08
3.98
3.73
0.13
0.01
0.02
0.02
0
0.01
0
0
0.03
0
0
0.59
0
0.02
0.29
0
0
0.1
0.21
0
6.43
4.69
0.13
5.85
0
0
0
12.44
12.02
1.1
0
0.03
0
0.21
0
0.04
0.03
0.01
0
0.68
10.53
0.38
0
0
0.01
0
0.01
0
0.01
0.03
0
0.34
0.02
0
0.02
0
0.25
0
0.04
0
0
0.01
0
0
0
0
0
0
0.08
0
0
0
0
0
0
0
0
0
0
0
1.4
1.12
0.14
0
0
0
0
0
0
0
0
0.01
0
0.01
0.31
0
0
0
2.6
0
0
0
0
0
0
0
0
0.04
0.33
0
0
0
0.12
0.18
0.14
1.22
0
0
0
0
0
2.12
0.43
0
0
0
0
0
0
0
0
0
0
0
0.01
0.02
0
0
0
0
0.22
2.45
2.09
0
0.21
1.09
0
0
0
0.13
2.25
0.92
0.54
2.56
2.29
0.33
0.01
0
0
1.53
3.14
0
0.15
2.29
0
0.05
0
0
0
0.04
0.04
0
0.11
3.77
4.45
2.61
0
0
0.23
0
0
0
0.15
2.02
0.11
0
5.95
0
0.05
0
0
0
0
0
0.08
0
0
0
0.09
0
2.59
1.3
4.24
0.38
0.92
3.74
5.59
7.86
2.2
0.85
1.26
2.02
0.48
0.36
2.36
0.68
0.73
0.11
0.1
0.02
0.01
0.02
0
0
0.02
0
0.14
0
0
0
0.02
0.12
0
0.31
0
0.04
0.05
2.03
6.61
6.87
7.01
1.53
0.45
1.87
2.48
0.5
0
2.4
4.1
0
0.03
0.02
0.82
5.49
7.05
4.95
5.13
1.88
3.93
0.34
2.71
0.96
0.8
1.55
6.4
0.16
1.16
0.37
0.89
3.29
0.84
0.06
0.13
0.82
0.2
2.84
0.58
0.62
0.69
0.24
0.99
12.89
0.59
2.2
0.16
0.01
2.79
0.57
1.96
0.34
0.21
0.04
0.05
2.92
0.45
1.02
0.56
0
0
0
0.25
1.95
0.62
0.42
3.04
7.25
2.76
1.51
0.45
2.26
11.97
3.16
0.76
0
0.18
1.39
1.29
0.34
0.43
0
2.9
1.09
2.4
4.86
9.29
8.21
10.35
0.82
0.09
0
0
2.21
0
0.11
0.86
0.03
0
0
0
0.03
0.02
0
0.49
0
0.11
0
0.03
0
0.02
0
0
2.09
0.12
0.45
9.21
7.16
5.79
7.98
5.73
0
0
0
0
0
0
0.11
0
0
0
0
0.27
0
0
0
0.01
3.26
8.52
6.48
2.16
9.01
14.26
1.44
0
0
0
0.02
0.04
0
0.02
0.63
0
0
0.8
0.21
0.01
0
0
0
0
0
0.07
0
1.21
0
0
0.01
0.14
0
0
0.1
0.15
0
0
0
5.11
7.39
0.88
0.05
0
0
0
0
0
0
0.02
0
0
0
0.03
0
0.02
0.02
0
0.01
0
0
0
0
0
0
0
0
0
0
0
0
0
0
0.51
0
0.02
2.69
15.86
0.13
0.08
0.09
0.54
6.64
0
1.35
2.39
2.54
1.39
20.14
0.56
0
0.01
0.01
0.11
11.41
11.8
0.68
4.03
0
6.46
19.54
0.04
0.05
0
0
0.01
0.02
0.5
8.66
2.52
0.01
1.85
0.29
0.88
2.34
0
0
0
15.64
8.23
9.1
2.22
0.8
7.18
6.09
4.59
0
0
0.38
0.32
3.91
6.03
0.7
0
0
0
0
0
0
0
0
0
0
0
0
0
0
0
0
0.14
0.29
2.82
12.83
9.02
0
0.24
0.2
0.18
0.01
2.58
0.03
0.05
0
0
0
0
0
0.01
0
0
0
0
0
0.03
0
0
3.71
0
0
0
0
8.53
0
0.01
0
0
0
0
0
1.38
1.23
2.39
1.9
0.01
1.26
0.04
0.05
0
0.01
0.03
0.01
0.01
0.02
0
0
0
0.18
0
13.66
1.27
0.64
7.17
7.73
0.9
0.33
0.66
0
0
0
0
1.39
2.42
0.44
0
2.68
7.21
3.87
4.19
14.54
9.12
0.46
0.18
1.89
1.51
0.35
0.01
0.06
0.02
0
0
2.05
9.67
0
0.02
0.22
0.51
10.5
7.69
4.47
1.13
0
0.02
0.35
0.11
2.75
3.93
0.28
0
0.02
0
0
0
0
0
0
0
0.68
2.27
0
0
0
0
0.05
0.02
0.03
0
0
0
0
0.54
0.02
0.02
0.39
0.36
0.01
0.09
2.32
0.82
0.61
0.01
0
7.82
4.78
5.84
0
0.8
6.89
4.7
0.37
0
0.02
0
0
0
0
0
0
0
0
0
0
0
0.09
1.77
0
0
0
0
0.02
0
0
0
0
0
0
0
0
0
0.57
0.33
1.63
0.14
0
0
0.08
10.72
1.16
0
0
2.78
0
19.52
6.58
0
0.04
0.27
3.91
0
0
0
0
0
0
0
0
0
0.74
0.93
0
0.02
0
0
0.13
0.07
1.39
0
0
0
0
0
0
0
0
0
1.82
1.47
0
0
1.39
6.9
0
0
0
0
0.9
7.62
3.75
8.79
2.31
2.7
0
0
0.36
22.2
8.39
1.04
0
0.09
0
0
0
0
0
0.49
0
15.71
0
0
0.18
6.13
0
0
0
0
0.14
2.07
0
0
0.01
0
0
0.19
0
3.09
0
0.04
0.52
0
0
0
0
0.01
0.01
0.09
0.02
0.07
0
0
0.33
0.14
0.65
0
0
0.18
4.01
2.4
3.73
0.03
0
0
0
0
0
0
0
0
0
0
0.02
0
0.01
0.17
1.92
0.3
0.27
0
0.63
0.66
0
0
0.1
2.09
0.31
15.01
12.01
0.64
1.7
1.7
0.73
0
0.06
14.5
16.96
0.77
0
0
0
0
0
0
0
0
0.24
0.75
9.8
9.02
0.94
0
0.54
6.17
0
0.01
0
0
0.03
0.28
6.86
0.09
0.04
0.16
18.49
9.06
0.72
0.08
0
0.01
0.9
0.06
0
0
0
0
0
0
0.16
3.38
7.55
3.27
1.42
0.93
0.03
0.04
0.05
0
0
3.92
4
1.41
1.34
0
0.09
1.29
1.65
1.7
12.93
1.62
7.04
2.23
0.17
0.15
0
0
0.06
0.01
0
0.01
0.09
0.01
0
0
0
0
0
0.29
7.34
0
0.64
0.42
0.23
1.67
0.17
0.07
0.02
0.02
0.58
11.21
0.08
0.94
0.48
1.96
4.57
25.13
2.9
4.61
0.65
0.01
0
0
0.89
2.21
0.16
0.36
1.82
8.84
0
0.02
0.6
0
0.34
0.36
0.09
4.86
0.33
0.02
0.09
0.11
0.18
0
0
0
0.57
1.95
0.46
0
0
0
0.03
0.02
0.25
0.71
2.74
0.22
0.92
0.01
0.03
0.07
0.02
0.04
4.31
1.74
0.22
0
0
0
0
0
0
0.01
0
0
0
0
0
0
0.01
1.46
0
0
0
0
0
0
0.23
0.73
0.83
0
0.02
5.05
17.55
8.44
6.27
2.36
0.07
3.58
0.82
2.1
9.3
0.64
1.41
1.11
9.92
2.05
0.76
1.86
4.32
0.81
0.21
3.69
1.08
1.24
13.68
14.02
1.65
0.77
0.87
0.13
1.77
1.71
1.87
3.32
1.13
0.02
4.48
3.67
1.74
1.78
1.49
9.07
10.43
4.56
0.99
4.98
0.88
0
0
0
0.9
2.11
4.84
2.23
5.19
5.2
1.73
0.02
0
0
0
0
0
5.6
1.73
0
0.02
0
10.42
16.16
1.93
0
2.41
1.03
1.57
17.5
3.37
8.31
0.74
0.02
3.86
9.37
2.07
6.29
3
0.17
9.18
4.49
11.88
15.11
7.51
1.55
0.96
1.02
0.95
0
0
0.03
0
0
0
0.24
0
0
0
0
0
0
0.19
0
0
0
0
0.23
0
0
0
0
0
0
0
0
0.02
0.37
0
0
0
0.16
0
0
0.05
0
0
0
0.05
0.46
2.58
0
0.08
0
0
0
0
0
0
0
0
0
0
0
0
0
0.06
0.97
0.05
0
0
0
0
0
0
1.12
6.45
0.92
0.48
0.05
0
0
0
0
0
0
0
0
0.04
0
0
0
0
0
0
0.05
2.64
0
0
0.69
0
0
0
0
0.01
0
0.23
2.26
0
0
17.19
25.33
4.84
2.81
2.09
1.73
0.02
0
0
0
0
0
0
0
0.05
0.01
0
0
0
0.01
0.02
0.16
0
0
0.27
0.69
0.01
0
24.48
4.16
0.67
0
0
0
0.01
0.02
0
0
0
0
0
0
0
0
0
0
0
5.45
1.02
0.18
0.01
0
0.02
0.29
0
0
0
0
0.01
0
0
0
0
0
0
0
0
0.55
0
0
0
0
0
0
0
0
0
0
0
0
0
0.01
0
0
6.44
0.54
0
0.01
0
0.03
0
0
0
0
0
0
0.01
1.12
0.73
0
0
0
0
0
0
0
0
0
0
0
0
0
0.12
0.41
0
0.02
0.07
0.35
0.5
1.05
0.11
0
0
0.01
0
0
0
0
0
0.05
0
1.03
7.82
8.28
15.48
5.91
6.09
0.41
0.23
0
0
0.27
0
0
5.78
6.54
0
0
0.04
0
0
0
0.03
2.16
4.14
0.63
1.95
0.29
0
0
0
0
0
0
0.04
0.02
6.27
29.59
5.65
0
6.81
4.25
6.92
1.18
0.58
1.55
1.38
0.02
0
1.6
4.5
4.13
0.27
0.37
0.02
0.02
0
0
2.24
1.2
8.03
1.91
7.57
7.8
1.18
2.5
0.27
0.38
0
0.02
0
0
0
0
0.29
0.01
0
0.06
0
0.06
3.78
10.61
0
0
0
0
0.95
0.2
0.67
4.8
17.2
7.06
22.48
2.48
8.47
4.48
5.61
8.23
3.18
8.01
1.14
12.43
0.14
0
0
0
0.31
4.04
0
0
0
0.02
0
0
2.21
0
3.79
20.42
5.08
0.88
0.04
0.41
0
0.77
0
0
0
0
0
0.03
0.04
0.09
0.57
14.3
0.21
0.24
0
0
6.41
0.44
0.25
0.02
0
0
0
0
0
0
0.03
0
0.8
1.89
0
0
0
0
0
0
18.18
3.31
0.38
0.39
0.16
14.03
1.47
0
0
0.94
0.91
0.27
0.48
0
0.01
0.01
0
0
0.01
0
0
4
3.02
0.21
0.01
0.09
2.73
0.27
0.14
0
0
0
5.8
0.83
0
0.21
0.58
2.26
1.19
1.3
4.1
6.48
7.31
0.94
0.09
0
0
0
0.01
0
0
0.26
0.08
0.03
0.18
0
0.02
0
0.02
0
0
0
0.02
0
0
0
0
0
0.23
0
0
0
0
0
0
0
0.01
0.21
0.09
0.01
4.08
0
0
0
0
0
0.02
0
0
0
1.91
0.02
0.04
0.04
0
0
0.77
0.29
0
0.45
0.17
0.08
0.01
0.16
1.38
0
0
2.23
1.85
7.7
3.57
1.23
1.07
4.89
4.48
5.13
2.77
1.48
0.77
3.67
7.79
2.91
1.54
0.91
3.38
0.84
0.5
0.27
1.3
0.45
4.24
1.51
0.57
6.4
1.63
0.21
2.2
2.42
0.52
1
12.43
16.11
7.47
1.05
0.64
4.11
1.4
0.19
0.17
0.85
9.8
3.06
0.87
0.37
0.16
0.22
5.79
0.92
4.62
2.02
0.15
0.66
3.68
0.48
0.9
0.09
0
0.01
0
0.05
0
0
0.06
0.07
0.07
0.01
0.18
0.05
0
0
0
1.66
2.6
5.52
0.86
0.86
4.33
1.15
0.33
0.05
0
0
0.02
0.11
0
0
0
0.02
0.06
0
0.09
0
0
0
0.01
0
0.07
0.25
0
0.01
0.09
0
0
0
0
0
0.08
0.11
0.01
0.03
0
0
2.48
0.33
0.12
0.78
2.33
1.79
0.41
0
0
0
0.04
0
0
0
0.01
3.55
2.02
0.21
0
0
0
0.46
0.05
0.11
1.13
1.16
0.79
2.73
5.57
3.63
0.16
0.86
1.45
0.67
0
0
0.25
0.65
0
0
0
0
0
1.92
0.27
0.45
0.63
0.34
0.05
0.03
0
0
0
0.01
0.77
0
0
0
0
0
0.58
0.41
0.39
0
0.03
1.25
0.01
0
0.01
0.23
0.15
3.29
8.63
0.88
0
2.96
4.8
0
0.73
2.12
1.08
0
0
0
0
0
0
0.6
1.5
0.51
0.14
0
0
0
1.35
2.92
1.17
5.77
4.57
1.63
0
0
0
0.05
0.06
0
0
0
0
1.23
0
2.48
1.7
0.62
0
0
0
0
0.01
0.01
0.03
0
0
0
0
0
0.82
4.61
0.85
0
0
0.01
0
0
0.27
0
0.19
0.51
0
0.4
0
0
2.17
0.42
0
0
1.11
2.05
0
0.94
0
0
0.97
0.64
0
2.64
0.58
4.34
2.82
0
0
0.34
0.29
0
5.86
4.16
0.45
0.55
0.26
0
0
0
0
0.24
0
4.08
0
0.05
0.33
0
0.04
0
0.07
1.08
20.52
13.13
0.12
0
0
0.01
0
0
5.65
0.55
1.42
3.7
3.9
0.63
0
0
0.61
2.92
0.39
0
0
22.14
1.92
1.42
4
2.48
1.94
0
0.16
7.47
1.98
0.04
0.12
1.28
0.68
0
0
0.92
0.92
0.79
1.52
0.59
2.3
19.86
8.77
1.99
1.07
0.09
0.34
1.07
2.04
0.8
0.74
6.2
0.84
0
0.26
0
0.02
0.33
3.25
6.57
1.27
1.02
0.44
0
0
0
0
0.05
0
0
0
0
4.17
1.75
0.91
6.26
1.39
0.47
0.61
0.02
0.12
0
0.01
0.06
0.02
0
0.16
0.07
0.14
9.54
3.46
2.85
0.09
0.29
0.57
0.04
0.14
0.31
0.11
0.67
0.25
0.05
0.03
0
0.02
0
0.76
0.56
1.95
0.4
0.1
0
0.04
0.03
0.02
0
0.11
0.01
0.44
3.27
0.18
0.17
0
0.05
2.1
0.13
0.01
0
0
0.86
0.12
0.03
0.43
0
0.03
0.28
0.08
2.09
3.98
0.21
0.03
0.23
0.32
1.15
9.45
11.22
3.23
0.13
0
3.01
1.17
0.39
3.53
0.16
0
0.39
0.22
1.26
0.27
4.26
7.14
2.2
0.75
1.03
0
0.01
0
0
0
0.2
1.59
5.53
1.37
0
0.4
0.52
1.2
3.47
5.96
3.58
4.57
0.55
0
1.69
2.5
0.09
0.64
0.89
3.3
1.04
0
0
0.01
0.08
5.39
8.04
9.67
9.49
1.15
0
0.01
0
0
0
0.07
2.11
4.41
0.87
0.22
0.07
0
0.05
0
0.04
4.88
32.42
12.95
19.14
9.75
0
0.16
0
0
0
0.03
0.02
1.21
1.65
0.44
0.14
3.25
0.37
0.41
10.95
2.87
0.11
2.3
3.82
2.65
2.14
1.66
1.12
0.44
0
0
0
0.11
0
0
0.03
0.02
0
0
0.01
0.05
0
0
0
0
0
0
0.97
12.8
11.77
2.87
0.91
0.64
0.22
0.24
0
0.06
0.03
0.01
0.2
0.22
0
0
1.38
4.79
1.92
0
0
0
0
0
0
0
0
0
0
0
0
0
0.12
5.8
16.73
4.13
2.11
0.02
0
0
0
0
0
0.02
2.99
1.11
0.02
0
0
0
0
0.04
0.5
0
0.04
0.01
0
0.07
0
0.01
0.44
0
0
0
0
0
0
0.01
0.03
0
0
0.06
0
0.31
0.01
0
0
0
0
0.27
1.89
5.27
0.39
0
0
0
0.02
0
0.06
0.55
1.21
2.48
0.95
0
0
0.02
0
28.92
12.93
2.48
4.31
1.65
0
0.1
0.68
2.55
1.47
0.68
0.26
0
0
0
0
0.39
16.47
17.06
4.5
2.28
0.65
8.51
0
0
9.62
0.24
0.46
0.24
0
0.27
0
0
0
0.02
0.39
6.41
13.8
3.93
1.45
1.73
2.09
1.27
0.03
0
0.08
0.34
0
0
0.32
0.07
0
4.9
1.78
0
0.16
0
0
0
0
0.03
0.67
0.69
0.07
0.08
0.41
0
0.02
0.46
0
0.26
1.26
0.59
8.55
0.43
0
0.51
4.76
6.45
2.66
0.01
0.04
0
0
0
0.17
0.63
3.13
1.06
7.24
9.32
5.06
2.35
0.1
0
0
0.29
0.01
0.01
0.04
0.09
0.17
2.48
3.12
0.3
0
0.18
0.32
0
0
0.21
0
0
0
0
0
0
0.5
0
0
0
0
0
0
0
0
0.08
0.23
2.12
0.05
0.04
0
0
0
0.04
0
0
0
0.02
0.07
0.09
0.48
2.46
0.55
0.02
0
0.01
0
0
0
0
0
0
0
0
0
0
0
0
0
0
0.21
1.21
0.07
0
0.06
0.19
0.96
4.77
3.12
1.25
0.63
0
0.06
0.23
0
0
0
0
0
0.14
0
0.23
0.74
1.72
0
0
0.02
0
0
0
0
0
0
0
0
0.02
0
0
0
0.23
0.27
1.61
1.35
1.19
3.56
1.05
0.05
0.09
10.4
5.74
5.28
2.71
1.85
6.38
0.46
1.58
2.38
2.71
0
0
0.04
0.07
0.04
0
0
0.05
0
0.11
0
0
0
0.01
0
0
0.01
0
0
0
0
0
17.25
8.05
0.49
0
0
0
0
0
0
0
0
0
0
0.15
0.01
0
0.38
4.36
8.46
8.51
3.07
0.32
1.87
0.05
0
0.07
0.34
0.77
6.66
14.82
2.52
3.83
2.23
5.02
3.07
0.5
5.77
1.35
0.37
4.34
0.33
0.54
0.65
4
1.59
4.15
1.91
2.37
0.09
0
0.12
0.96
0.64
3.07
1.24
0.04
0.48
0.09
2.79
0.59
2.52
1.13
0.01
0.02
0
0.03
0
0
0.8
0.04
0.91
0.1
0
0.03
0.24
1.3
1.64
0.17
0.26
0.02
0.08
0.09
0
0
1.48
3.71
3.01
0
0
1.55
5.44
0
3.74
3.32
1.1
0
4.44
0.96
3.8
4.79
2.32
0
0
0.01
0
0
0
0
0
0.47
3.51
0.51
0
0
0
0.02
0.82
0.08
0
1.01
0.85
0.09
2.41
0.02
0
0.04
0
0
0
0.06
0
0.06
0.01
0
0
0
0
0
0
0
0.06
0.07
0
0
0
0
0.09
3.11
5.92
1.74
0.21
0
0
0.02
0.03
0.87
1.19
0.78
0.06
0.14
0.84
0.71
3.19
7.45
10.58
0.95
0
1.91
10.24
0.21
9.36
9.59
0.29
0
0
0
0
0
0.2
2.75
1.86
9.78
7.44
6.45
1.42
0.48
0.01
0.09
0
0
0
0
0
0
0.2
0.21
0
0.01
4.49
0.35
0
0
0
0
0
0
0
0
0
0
0
0
0
0.02
0.04
3.17
1.37
11.35
3.53
3.73
1.23
1.11
0.2
0.22
0.01
0.09
0.05
0
1.34
1.66
0.35
0
0
0
0
0.13
1.02
2.49
5.09
4.39
1.51
0.02
0
0
0
0
0
0
0
0.03
0.02
0
0
0
0
0
0.02
0.01
0
0
0
0
0
0
0
0
0
0
0
0
0
0
0
0
0.02
0.26
0.33
0.11
0.95
6.4
1.56
0.23
0.14
0.15
0.05
1.49
1.71
0.5
0
0
0
0
0
0
0
0
0.15
0
0
0
0.04
0.82
3.26
2.14
2.38
0.86
0
0.02
0
0
0
0.05
0.32
0.77
1.34
1.25
2.71
7.54
2.84
0
0.01
0.39
0.09
0
1.39
0.49
3.61
3.44
0.48
0
0
0
0
0
0.01
0.05
0.13
0.12
0.72
0
0
0.02
0.12
0.88
0.47
1.22
2.44
1.21
2.34
0.75
0
0
0
0
0.08
0.24
0.55
3.04
2.56
2.53
4.91
1.08
0.77
4.5
3.77
1.7
0.2
0.54
0.05
0.03
1.52
1.68
0.23
0.61
5.5
4.58
7.11
9.07
8.1
0.67
0.64
3.76
1.23
0.38
0
0.02
0.03
0.73
2.19
8.68
1.74
0.24
0
0
0
0
0
0
0
0.02
4.34
6.1
0.61
2.55
4.56
0.93
0
0.02
0
0
0
0
0.47
4.32
4.08
1.04
0
0.88
1.27
0
0
0.03
0
0
0.25
11.73
3.67
0
0.01
0
0.04
0
0
0
0
5.17
0
0
0
0
0
0
0
0.02
0
0
0
0
0
0
0
0
0
0
0
0
0
0
0
0
0.13
0.17
0.05
0
0.24
0
0
0.11
1.48
0
0
0
0
0
0
0
0
0
0
0.1
0.98
0
0
0
0
0
0
0
0
0.02
0.62
0
0
1.16
0
5.02
0.51
0.03
0
0
0
0
0
0.51
0.16
2.48
0.11
0.01
29.5
17.41
6.77
0
0
0.1
0.13
0
3.72
0.84
5.37
2.22
0.73
1.26
5.79
3.14
2.91
3.01
16.57
4.92
9.33
0.71
1.88
0.8
0.02
1.43
0.98
0.11
0.03
0
0.09
0
0
0
2.94
6.02
16.94
4.11
0.5
0.29
3.29
1.72
2.02
1.51
1.61
4.51
2.73
0.71
0.28
0
0.3
0
0
0
0.02
0
0
0
0
0
0
0
0
0.19
0.02
0
0
0.05
1.7
0.55
2.55
0.48
0.04
0.12
0.21
0.14
0.42
0.01
0.11
0
0
0
0
0.42
0.79
0
0
0
0.23
0.13
0
0.05
0.01
0.21
1.14
4.42
3.94
1.57
0.49
0.12
0.05
0
0.01
0.22
2.77
0.93
5.59
5.57
1.45
2.6
5.3
3.42
0.73
0.12
0
0
0.24
0.21
0.18
0.19
0
0
0
0.22
0.1
0
0.1
0.12
0
0
0
0
0
0.2
0.77
3.49
3.29
1.09
0.27
0.98
0.18
0
0
0
0
0.15
0.4
0.14
0
1.04
0.69
0.99
0.88
0
1.68
0.38
0.02
0
0.2
1.86
8.02
0.93
0.8
0.02
0
0
0
0
0
0.05
0
0.51
0.05
0
0.11
0
0
0
0
0
0
0.04
0
0
0
0.07
0.89
0.01
0
0
0
0.02
0.14
1.23
0.13
0
0
0
0
0
0
1.68
0.23
0
0
1.03
8.28
3.64
0.33
0.76
6.55
4.05
0.93
0.23
1.87
3.19
0.36
0
0
0.1
0
0
0
0.16
2.55
0.54
0.2
0.88
22.84
5.96
0.09
0
0.01
0.13
2.24
0
3.23
0.49
0
0.02
2.38
0.27
0.09
0.05
0
0
0
0
0
0
0
0
0.01
0.14
0
0
0
0
0
1.81
0.93
0
0.15
0
0
0
0
0.02
0.13
0.07
0
0.06
0
0
0
0
0
0
0
0
0
0
0
0
0
0
0
0
0
0
0
0
0
0
0
0
0
0.04
0.05
0
0
0
0
0
0
0
0.02
0.18
0
0.02
0.04
2.12
0.09
0
0
0
0.02
0
0
0
0
0
0
0
0
0.23
0.13
0
0
0.01
0
0
0
0.25
0.01
0.04
0
0
0
0.11
0
0
0
0
0
0
0
0
0.02
0
0
0.01
0
0
0
0.04
0.08
0.19
0
0.01
0.23
0
0
0.48
5.55
3.52
4.75
8.3
1.57
0
0
6.73
6.26
2.95
7.57
5.99
2.79
0.61
1.88
3.46
0.91
0
0.07
9.41
2.71
0.9
0.13
0.26
6.95
8.24
4.63
1.83
4.16
5.56
2.24
0.51
2.23
0.04
0.01
0.94
0.02
6.27
0.8
0
0
0
0.19
0.25
8.09
4.9
1.02
7.55
2.98
1.44
1.13
0.13
0.66
6.38
0.18
0.04
0
0
0.02
0
0
0
0.02
0
0
0.05
0
0
0
0.04
0.01
0
0
0.04
0
0.02
0.08
0
1.27
0
0.01
0
0
0.13
0
0
0
0
0
1.19
0.95
0.18
2.2
1.33
0
0
0
0
0.11
0.08
0.43
0.21
13.44
1.96
0.76
0.02
0.63
0.99
1.87
0.21
0.5
0.13
0.01
0.12
0.16
0.18
0
0.02
0.25
2.27
5.96
0.27
0.27
0
0.02
0.78
0.54
0.05
0.42
0.02
0.02
0.22
0.01
0.02
0.02
0
0
0
0.01
0.01
0.02
0.31
0.09
0.22
0.87
3.63
1.17
0.81
0.45
0.04
2.24
0.25
0.04
0.15
1.63
0.03
0
0.11
1.46
2
0
0
0
0.36
2.32
1.4
3.48
0.02
0.02
0.04
0
0.03
0
0.91
0.14
0
0
0
0
0
0
0
0
0
0
0
0
0
0
0
0.01
0
0
0
0
0
0
0
0
0
0
0
0
0
0
0
0
0.01
0
0
0
0
1.88
2.42
2.08
9.02
9.25
0.5
0.21
1
0.09
0
0
0.07
10.74
3.2
0.48
0.76
1.1
3.23
7.66
6.26
7.66
10.83
2.87
0.13
3.65
1.01
3.94
1.1
2.46
0.01
0
0
0
0
0
0
0.96
0
0
0
0
0
0.01
1.13
0.48
0.05
0
1.56
2.75
5.73
13.82
3.83
0.05
0
0
0.02
5.3
6.43
1.94
0
0.17
0.41
0.3
0.16
0.16
14.43
1.9
0.32
2.88
1.38
1.92
0.19
0
0.2
0.17
0.55
0.01
0.02
0
0.18
1.55
14.01
8.59
0
0.01
0
0
0
0
0
0.01
0
0
0
0.11
0.38
0
0
0
0
0.05
8.17
0.79
0.02
0.04
0.06
0.01
0
0
0.05
0
13.2
15.21
1.16
0
0.01
0
0.09
0
0.58
0.09
1.29
6.82
7.7
2.29
18.28
1.98
0
0
0
0.02
0.05
0
0.03
0.02
0.53
0.97
6.77
0.89
0.03
0.05
0
0.11
0.23
0.01
0.05
0.13
0
0
0.07
0.06
8.72
0.61
0.29
0
0.02
0
0
0
0
0
0
0
0.02
0
0
0.16
1.09
2.13
0
0
0
0
0
0.43
0
0.01
4.04
1.55
0
0
0.05
0.02
0
0
0
0.02
0
0.27
0.01
0.02
0.13
0
0
0.05
0
0.04
0
0
0
0
0
0
0.2
1.87
6.41
0.97
0.17
0.27
1.5
4.53
4.08
14.65
1.6
0.08
3.17
5.82
0.69
0.06
0.45
0.49
0.42
0.12
0.08
1.54
0.22
0.86
1.7
14.61
2.43
1.34
1.74
0.87
0.53
0
0.41
0.03
0
0.27
7.38
1.03
0.3
0.01
0.28
0.12
0.52
3.38
1.24
3.39
8.77
9.05
4.91
2.21
3.2
14.96
4.15
0.92
0.64
0
6.85
1.59
9.8
2.63
2.24
10.69
3.79
5.18
0.61
0.36
0.01
0.64
0.79
0.02
0.17
1.11
1.27
3.3
4.69
3.38
2.59
0.78
0.49
1.48
5.41
0.96
0.12
2.34
6.36
1.39
0
0.22
6
2.76
0.31
0.44
0
0.01
0.01
0.63
3.22
1.59
0.14
0
0.44
0.25
0.35
1.59
0.24
0.24
0.02
0.02
0.1
11.62
1.52
0.53
0
0.04
0.03
0
0
0
0
0
0.01
0
0
0
0
1.21
2.11
0.51
0
0
0
0.64
0
0
0
0
0
0
1.43
0.4
0.01
1.14
3.45
4.39
5.97
0.4
0
0
0.16
8.8
1.51
0.07
0
0
0.02
0.01
1.42
0.05
0.2
4.32
0.54
0
0
0
0.15
0.14
0
0
0.01
0
0.14
5.38
1.6
1.82
2.08
0.78
0.14
0
2.76
9.66
3.14
9.77
6.06
16.62
8.2
0.39
0
0
0.08
1.2
4.2
4.42
1.78
0
0.44
0
0
0
0
0
0
0.3
0
0
7.52
5.43
0.79
0.02
0.04
0.03
0
0.19
0
0.38
1.57
0.47
0
0
0
0.49
0.01
2.22
12.85
15.8
3.11
0.03
0
0
0
0
0
0
0
0
0
0
0
0
0.02
0
0
1.31
0
0
0
0
0.02
0.18
0
0
0.02
0
0.02
0.05
0.01
0.01
0.03
0.2
1.79
4.84
18.04
2.54
0.58
0.03
0
0
0
0.19
1.28
0
0
0
5.12
2.21
0
0
0.01
0
5.79
21.28
1.05
0
0.02
4.23
1.25
0
0.09
0
0
0
0
0.16
1.12
0.06
0.37
0
0
0
0
0.4
2.73
0.06
0
0
2.94
0.17
0.24
6.09
1.43
0
0
0
0.1
0.36
0.18
0.18
3.52
8.32
3
0.24
0
0
0
0
0
0
0
0
0
0
0
0
0
0
0
0
0
0
0
1.63
0.2
0
0
0.02
0.02
0.01
0.02
0
0
0
0
0
0
0
0.02
0.01
0
0
0
0
0.29
2.93
0.86
0
0
0.01
0
10.63
33.34
5.64
3.65
1.68
1.08
10.32
9.12
1.67
3.35
1.45
0.37
0.81
0.76
0.1
1.95
0.14
0.3
0.04
0.03
0
0.02
0
1.39
10.34
6.19
0.4
13.71
5.57
0.97
1.86
2.31
7.37
9.56
1.89
0.36
0.11
0.5
2.3
3.25
1.7
1.24
0.98
3.79
1.79
3.47
0.36
0.01
0.06
8.49
6.59
12.35
9.65
3.81
2.34
0.53
10.12
1.17
5.19
6.89
1.62
0.68
0
0.67
0.56
0
2.41
1.77
2.24
3.23
8.32
6.05
0.82
1.93
1.98
1.18
0.81
0.57
0.69
1.42
0.08
0
0
0.1
3.21
0.22
0
0
0
0
0
0
0
0
0
0.02
0.27
0.06
0
0.02
0
0.08
0
0.06
1.31
0.56
0
0
0
0
0
0
0
0
0
0
0
0
0
0
0
0
0
0
0
0
0.03
0
0
0
0
0
0
0
0.02
0.43
0
0
0
0
0
0
0
0
0.32
0
0
0.07
0.37
0.11
0
0
0
0
0
0
0
0.21
9.28
8.64
4.46
8.2
1.72
0
0
0.1
1.11
0.62
4.08
0.13
0
0
0.02
0.29
1.44
1.11
2.28
1.02
1.96
0.13
0
0
0
5.55
12.76
1.79
4.45
18.77
3.75
0.17
0.03
0.01
0
0
1.41
1.54
3.12
1.16
10.37
4.88
6.25
3.3
10.75
15.1
3.36
0.48
7.49
0.88
0.03
0.02
0
0
0.02
0.02
0
0.01
0.02
0
0
3.84
3.14
1.43
0.01
0
0
0
0
0
0.18
0.16
2.65
1.05
0.02
6.43
5.04
0.89
0
0
0
1.15
1.34
4.7
1.11
0
0
0
4.49
0.45
8.16
0
0
0
0
2.46
0.98
21.51
1.73
0
0
0
6.01
0
13.64
0
0
0
0.29
0
2.78
0.74
0
0.52
0
14.39
0
0.02
0
0
3.19
7.37
7.89
0
0
0
1.12
0.8
0
4.49
7.16
5.81
3.2
0.37
0
0
0.02
0
0
0.04
0
0.02
1.24
1.15
3.16
0.19
0
0
0
1.39
8.65
5.55
1.48
0
0
0.11
1
0
1.2
0.07
6.34
2.43
1.2
0
0.23
0.21
0
0
0
0
0
1.9
0.47
0
0
0
0
0
0.01
0
0
0
0
0
0
0.03
0.17
0.23
3.8
0.93
0.03
0.34
0.16
3.13
5.25
0.41
0.04
0
0.04
4.6
1.93
1.03
7.23
4.81
3.02
4.36
0.66
3.43
7.63
1.02
2.02
0.14
0
0.01
1.09
5.18
1.3
0.85
7.47
5.12
0.3
1.03
0.74
0.18
0.02
0.34
1.6
2.38
1.06
1.16
0.48
11.99
2.3
0
1.52
0.03
0.64
0
0.71
4.77
0.64
0.05
2.09
6.39
10.5
2.64
4.38
0.77
1.53
5.95
1.15
0
0.53
0.47
0.36
0.16
0.32
1.41
14.58
1.72
0.16
0.36
0.28
0
0
0
0
0
0.01
0.19
1.99
3.64
0.29
0
0.01
0
0.02
0
0.02
0
0
0.9
1.95
1.36
0.85
0.21
0.5
6.46
2.16
1.84
0.66
1.78
0.64
1.86
0.65
0
0.01
0.4
0.04
0
0.02
0
0
0.01
0
0
0
0
0.04
0.23
2.3
0.03
0.01
0.01
0
0
0
0
0
0
0
0
0
0
0
0
0
0.02
0.69
0.15
0
0
0
0
0
0
0
0.24
0
0.36
7.92
0.41
0.04
0
0.61
0.05
3.83
0.79
1.45
0.27
0.04
2.77
1.18
3
0.07
1.45
0.19
3.74
4.43
1.69
0.24
0.43
2.07
2.81
3.26
0.43
0
0
0.02
0.27
2.23
0.34
0.15
0
7.8
0.51
5.82
4.68
5.87
5.7
5.27
0.45
0
0
0
0
0
0.04
0.63
14.66
7.1
5.17
10.7
0.27
0
0.03
0.66
3.66
1.95
0
0.25
7.23
7.4
0.86
5.13
9.88
1.64
2.38
0.12
0.59
0.16
0
13.52
11.8
5.7
0.87
0.05
0
0
0
0
0
0
0
0.09
0.02
0
0
0
0
0
0
0
0
0.05
0
0
0.01
0
0.09
6.65
0.02
0
0
0
0
0.01
0
0
0
0
0.01
0.43
0
0
0.01
0
0.02
0
0
0
0
0
0
0.04
0
0
0
0
0
0
8.68
2.16
0.89
0
0
0.01
0
0
0
0
0.12
1.29
2.01
0.43
7.04
0.19
6.36
0
3.32
0.45
0.07
0
0
0.01
0
1.99
12.83
1.42
0
0
0.05
0.17
0
0
0
0
0.01
0.03
0
0
0
0.84
0.07
0
0.01
0
0
0
0.07
0.31
0.01
0.13
5.82
0.9
5.71
3.23
0.5
0.56
0.83
1.73
1.41
0.8
0.18
0.72
5.32
15.8
3.23
0.51
1.66
1.87
1.14
0.06
0
0
0
0
0
0.08
0
0
0
0
0
0
0
9.78
1.29
0
0
0
0
0
0
0.19
11.96
14.13
1.23
0
0
0
0
0
0
0.02
0.02
0
0
0
0
0
0
0
0
0
0
0.12
1.25
0.51
0
0
0.68
0.67
1.19
1.16
5.8
1.28
0
0.03
0
0
0.05
1.14
1.12
0.01
0
0
0
0
0
0
0
1.59
0.16
0
0
0.07
0
0
0
0
0.78
2.87
0.3
0.92
0
0.07
0
0
0
0
0.16
8.41
2.62
0.09
0
0
0.02
0
1.77
4.91
1.11
0
0
0
0.56
0.32
0
0
0.02
0
0
0
0
0
0.01
0.01
0
0
0
0
0.04
0
5.56
1.34
0.2
0
0
0
0
0.02
0
0
0
0
0
0
0.31
7.86
3.28
1.11
4.37
1.27
0.06
0
2
0.43
0.19
0.03
0.13
0
0
0.05
6.47
4.52
1.84
7.52
1.49
0.09
0.07
0
0
0
0
0
0.07
6.29
3.4
3.12
2.66
0.54
0.09
0
0
0.11
0
0
0
0
0.05
0.07
0.05
0.02
0
0
0
0.51
5.8
4.07
6.41
0.72
0.05
0.01
0.75
0.07
0
0.05
0
3.02
0.46
7.32
12.36
0.61
0.67
0.88
1.57
3.36
0.05
0.14
4.7
2.14
0.06
0
0
0
0
0
0.08
0
0.39
2.54
6.29
6.67
1.33
0.01
0.01
0.04
0
0.02
0
0
0.02
0
2.89
1.91
12.2
1
0
0
0.59
0
0
3.34
16.02
4.2
2.38
2.87
5.23
0.07
0.01
1.89
13.66
0
1.98
0
0.11
0.26
7.85
2.32
0.35
0
0
0.05
0
0.01
0
0.04
0
0.26
0.18
0
0
0.05
0
0.01
0
4.55
0
0
0
0.52
2.75
8.67
0
0
0
0
0
0
0.07
12.87
10.06
1.8
0
4.36
18.7
0
0.01
0
0.01
0.02
0.25
1.33
0
0.01
0
0
0.02
0
0
0
0
0
0.21
11.25
0.02
0.01
0
0.01
0.4
0.12
0.16
0.02
0
0
0.1
7.86
2.73
0.3
0
18.19
8.43
7.14
0.84
0.06
0
0
0
0.4
23.63
8.9
2.46
0
0
2.31
11.23
1.37
2.2
0.05
0.02
0.63
2.09
0
0
0
0.02
0.02
0
0.02
0.01
0.37
0.05
1.09
3.85
0.09
0
0.25
0
6.07
0.7
0
0.04
0.05
2.05
4
2.36
6.13
1.66
9.86
17.83
5
0.53
0.7
0
0
0.13
0.13
0
0.58
0.11
0.01
0.37
0.08
0.33
0.06
0.01
0
0.32
11.14
12
2.06
4.89
2.87
0.15
1.81
0.02
0.11
2.62
1.29
0.14
0
0
0
0
0.02
0.01
0
0
0
0
0.15
0.72
0.05
0
0
0
0.74
0.03
0.32
0.48
0.39
5.63
0.73
0
0.7
0.89
1.02
0.34
0
0
0
0.02
0.28
0.2
3.2
0.37
4.02
0.3
0
0
0
0.01
0.05
0
0.07
0.02
0
2.68
0.12
0
0
0.23
11.16
0.62
0.02
0
0
0
0.02
0.01
0
0
0
0
0.01
0.14
0
0
0
0
0.47
0
0
0
0
0
0
0.02
0
0
0.01
0.02
0
0
0
0
0
0
0
0
0
0.01
0.03
0
0
0
0
0
0
0
0.02
0
0
0
0
0
0
0
0
0
0
0
0
0
0
0.41
0
0
4.11
2.02
5.87
2.38
0.38
1.5
0.6
1.39
1.66
0.53
4.3
2.77
0.2
1.64
3.57
2.5
0.77
0
0.93
7.81
2.17
4.39
0.21
0.28
0.59
5.52
10.51
3.77
2.8
7.21
1.57
0
0
3.3
0
0
0.21
2.84
1.59
0.68
1.08
0.01
0.05
0.01
0.63
0.83
1.68
4.89
9.43
6.46
7.23
2.15
0.42
1.44
0
0
0.49
0
9.81
0.48
0.95
2.83
17.39
2.28
1.59
2.02
0.18
3.47
0.25
1.47
0
0.21
0.07
0
0.1
2.62
19.53
0
0.84
0
0.01
7.66
4.48
0.01
0.01
0
0
0
0.02
0
0
0
0
0
0
0
0.02
0
5.09
0
0
0
0
0
0
0.05
0
0
0
0
0
0.01
2.6
0.05
0
0
0
0.01
1.41
4.4
0
0
0
0
0
0.03
0.02
0.04
0.02
0
0
0
0.01
0
0.02
0
0.01
0
0
0
0
0
0
0
0.47
0
0.01
0
0
0
0
0
0.16
0.02
0
0.02
0.39
0.36
2.76
1.63
0
0.18
0.93
0.26
0
0
0.01
0
0.83
0
0
0
0
0.01
0.32
2.2
1.01
0
0.02
0
0
0.07
0.48
4.62
1.09
0
0.96
0.08
0.2
0.64
4.55
1.27
2.27
1.17
0.23
0.63
0.12
0
0
0.02
0
0
0
0
2.58
11.59
1.7
1.31
4.39
5.59
0.93
0.02
0
0.45
11.18
5.17
8.56
12.02
3.38
2.83
0.28
0.01
0.02
0
5.98
0.29
0.42
2.16
0.67
2.03
8.2
2.18
0.89
0.14
0
0
0.03
2.86
2.53
0.3
0
0.01
0.05
0
0
0.2
0
7.7
2.86
2.45
0.32
0.73
0
0.46
2.04
0.45
3.8
2.18
0.57
0.36
2.83
2.96
2.22
0.91
0.18
0.04
0
0
0.1
2.29
0.05
0
0
0.02
0.01
0.26
1.13
6.91
2.17
4.02
4.8
5.32
2.09
3.7
9.08
2.73
0.29
3.3
3.28
1.59
1.01
2.96
2.39
0.35
0.08
1.38
1.48
0.79
0.89
0.59
0.36
4.21
2.28
0.31
2.88
0.11
0.18
0.07
0.53
0.94
5.12
3.99
13.33
4.42
4.43
1.05
0.16
0
0
0
0
0.41
0.04
0.15
6.12
3.1
0.24
0.08
0.03
0.08
0.04
2.36
1.29
0
0.06
0.3
0
0
0
0.02
0
0.07
0
0.28
0.91
0.61
7.55
10.5
4.76
8.59
0.62
1.78
10.46
3.07
0.31
0.65
0
5.15
0
0.16
0.01
2.64
0
0
0.02
0.02
0.01
0
0
0.67
0.85
1.53
0
0.23
0.89
0
0
0
0
0
0.02
0
0
0.01
0
0
0
0
0
0
0
0
0.03
3.79
0.68
0.1
0
0.01
0
0
0
0
0
0.87
0.13
1.15
4.5
7.55
2.45
1.23
4.17
0.18
0.69
0.04
0.27
1.22
0.2
0
0.04
0.02
1.05
0.3
0.11
0
1.53
0.37
0
3.1
2.54
2.04
5.37
0.01
0.3
0
0
0
0
0
0
0
0
0
0.01
0
0
0.02
4.65
1.7
0.09
0
0.01
0
0
0
0
0
0
0
0
0
0
0
0
0
0
0
0
0
0.06
1.07
1.85
0.17
0.02
0.24
0
0
0.41
0
0
0
0.01
1.71
1.2
0
0
1.02
0.05
0
0.15
0
0
0
0
0.05
0.42
8.95
0.96
0
0
0.01
0
0
0.05
0
0
0
0
0.01
0
0.07
3.36
9.68
0.86
0.68
0
0
0
0
0
0
0
0
0.16
0.63
0
0
0
0
0
0
0.02
0.08
7.42
0.68
0
0
0
0.01
0.01
0
0
0
0
0
0
0
0
0.01
0.63
0
7.5
10.94
6.41
3.91
0.22
0.09
0.23
4.52
0
0.94
0
0
0.09
0.02
0.02
3.53
1.38
5.73
1.87
0.81
0
2.98
0.9
0
0
0.48
6.77
4.11
3.38
3.03
0.32
1.53
0.01
0.03
0
0
0
0
0
0
0
0
1.36
0.89
0
0.15
0.03
0.03
0.42
0.85
0
0
0.08
0.33
0.43
3.34
0.98
0.32
0
0
0.01
0.01
0
0
0
0
0.03
0
0
0
0
0
0
0.18
0.08
0.1
0
0.02
0.02
0.05
0.02
0
0
0.04
0.02
1.16
0.4
0.1
0.01
0
0
0.12
0.43
6.21
0.84
0
0
0
0.01
0.02
0.7
1.56
2.25
1.77
2.26
0.49
0.08
0.02
0.02
0.11
0
0.05
0
0.94
1.52
0.62
2.05
0.89
0.23
0.3
0.04
0.23
0.93
1.18
5.76
0.25
0.26
0
0
0
0
0
0.03
0
0.02
0.48
0.48
6.27
1.08
0.09
0.09
0.05
0
0
0
0
0
0
0.14
0
0
0
0
0.02
0
0
0.05
0
0.01
1
1.02
1.7
0.7
7.1
4.12
2.66
0.45
0.13
0
0
0.01
0
0.01
4.06
4.89
5.83
6.1
0.55
0.06
0
0.07
0
0
0.01
0
0
0
0.43
2.68
0.48
0
0.07
0
1.84
4.45
1.51
3.19
0.93
0.77
0.51
0.99
12.19
26.84
4.28
1.29
0.64
3.78
0.42
0.03
2.53
0.87
0
0
0
0
0
0
0
0
0
0
0
0.98
5.34
3.23
0
4.36
5.18
18.53
25.95
4.87
0.45
0.12
0.01
4.02
0
0
0
0.16
0
0
0
0.24
1.77
0.65
0.01
0
0
0
0
0
0
1.29
0.64
0
7.01
7.83
14.74
7.61
9.58
2.57
0.24
0
0
0.05
0
0
0
0
0
0.28
0.46
0
0.13
0
0
0.02
0.77
0.12
0
0
0.45
19.04
2.68
0.15
0
0.01
0.02
0
0.04
1.16
0
0
0
1.1
0
0.24
0
0
0.01
0.01
0.03
0.01
0
0
3.3
0.31
0.2
0.14
0.03
0
0.42
0.49
0
0.03
0
0
0
0.07
0
2.77
0.74
4.38
2.15
0.1
0
0
0.14
6.86
0.85
0.16
11.64
1.47
0
6.46
1.44
12.29
7.34
3.37
4.36
2.78
1.06
0
0
0
4.29
0.21
0.32
0.02
0.03
0
0.41
0.09
0
0
0
0
0.01
0.25
6.93
2.98
0.86
0.61
0.44
8.45
1.98
0.39
0
0
0.04
0
0.09
0.1
0
1.29
4.83
4.67
0.43
0
0
0
0.16
9.69
12.49
29.87
3.38
3.04
0
0.02
0
0.54
0.18
0
0.07
1.59
8.07
1.36
0.28
0.07
0
0
0
0
0.29
4.08
0.65
0
0.15
0.02
0
0.02
0
0
0.07
0.01
0
0
0.02
5.3
4.91
2.74
2
0
0.42
3.41
1.18
5.91
6.68
3.02
1.94
0
0.75
0.78
1.72
1.53
1
7.37
1.98
0
0.19
0.91
0
0
0.72
2.08
2.5
0.83
0.1
0.97
0.42
0.07
0.8
2.02
1.59
14.96
0.3
0.04
0
0.11
0.16
0.42
2.09
3.36
0.24
0.24
2.34
1.07
0.41
3.09
0.71
1.74
7.18
2.36
3.9
0.8
1.35
0.36
0.02
0
0
0.18
0.01
0
0.01
1.46
4.1
6.2
3.14
4.99
0.73
0
0
0.07
0.09
0.09
1.6
2.3
0.82
0.73
0.8
0.45
1.82
0.21
0
0
0
0.08
0
0.32
0.09
0.01
0.37
0.48
0.03
0.18
2.23
2.13
1.39
0.02
1.16
1.58
5.03
13.79
6.14
0.77
0
0.01
0.01
0.54
0.19
3.23
0.29
0.3
0
0.19
0.01
0.1
0
0.38
2.45
2.36
0.28
0
0.21
0
0.5
0
0.39
0.25
0.01
0.57
1.56
4.5
2.56
4.48
17.66
1.3
0.68
0.12
0.91
0
0.73
0.15
0.86
0
0.84
0.83
0.48
0.42
2.64
2.71
12.76
1.3
1.57
0.76
5.61
1.25
0.04
0
0
0
0
1.28
0.07
0
0.31
0.16
0
0
0
1.01
12.93
46.92
16.11
4
0.09
0.05
0.2
0.04
0.02
0
15.38
16.75
0
0
0
0
0
0
0.15
2.33
0
0
0
0.01
0
0.32
1.31
6.77
1.13
0.47
4.82
3.45
0.62
0.43
1.4
0
0
4.18
0
0
0.06
11.33
4.95
0.92
0.3
0.02
0
0
0
0
0
0.04
0.03
0.02
0
0.09
0.01
0
0
0
0
1.16
0.37
0
0
0.02
0
0
0.27
0.04
1.07
0
0
0
0
0
0.01
0
0
0
0
0
0
0
0
0.03
1.28
0
0
0
0
0.27
0
0
0
0.04
0.67
0.16
0
0
0
0.01
0.54
0
9.16
0
0
0
1.16
27.27
3.8
0.12
0
0
0
0.89
0
0.02
0.16
1.69
5.07
7.14
12.55
0.34
5.95
1.11
0.09
0
0
0
0
0
0
0.07
0
0
0
0
0
1.9
1.35
0
0.01
0.02
0.44
0.52
9.15
4.37
4.67
0.52
1.61
0.2
0
0.01
0
0
0
0
0
0.69
0.98
7.28
1.35
0
4.29
3.7
8.12
4.77
0.08
4.81
0.17
0.05
0.18
4.95
2.67
2.17
9.59
4.82
8.27
10.62
2.16
0.02
0
0.07
1.21
0
0.05
8.13
1.71
1.46
0.25
0.04
0
0.26
9.59
16.34
0
0
0
0
0
0.27
1.48
0.18
0.03
5.09
0.41
0.02
0.56
1.25
2.79
0.03
0.04
0.57
0.79
1.19
0.25
0
0
0.02
0.22
0.25
0.03
0
0
0.23
0.32
1.16
0.27
0.23
0.01
0.14
0
0
0
0
3.1
0.2
0.88
0.17
0.05
0.15
0.08
0.17
0
0
0
0
0.53
0
0
0
0
0
0.21
0.21
0.01
0.98
0.09
0
1.21
0.02
0
0.15
0.26
0.39
2.31
6.83
1.26
0.05
2.75
1.16
0.11
0
0
0
0
0
0
0
0
0
0
0
0.02
0.91
0
1.28
0
0
0.45
2.07
2.42
2.17
1.19
8.51
6.09
2.45
2.98
4.07
0.61
0.04
0.04
0.3
0
0.14
0.18
0.54
0
1.69
3.27
1.7
12.8
1.91
0.3
0
0
0.09
1.96
0
0
0
0
0.98
0
0.68
1.18
13.14
7.98
11.66
10.12
1.79
2.08
1.55
0.17
0
0.01
0.3
0.04
0.1
0
0.07
0.16
0.05
2.45
0
14.76
19.88
1.04
2.84
0.01
0
2.82
5.41
0.98
0
1.35
0
5.89
17.24
12.82
1.8
2.28
15.64
6.23
7.06
8.36
2.79
0.59
2.14
0
11.44
17.73
0.44
0.1
0
0
0.3
0.33
0.03
0.29
0.02
1.8
8.13
1
2.88
0.21
2.5
9.39
1.95
6.09
1.89
0
0
0
0
0
0
5.77
3.91
2.1
1.61
3.34
1.44
6.41
3.13
0
0
0
0.07
4.02
2.68
0.07
0.02
0.01
0
0
0.37
0.08
1.88
0
0.91
0.01
0
0
0
0.01
6.21
8.8
1.84
0
0.03
0
0
0
0
0
0.46
12.11
3.14
0
0
0
0
0
0.01
0.19
0
0
0
3.32
0.37
0
0
8.66
4.96
0.19
1.2
0
0
0.86
0
0.52
0
0
0.01
0
0
0
0.05
0.08
0.01
0.4
0.44
0
0
0
0
0.01
0
0.02
0.05
0.15
0.52
0.93
1.95
10.91
17.42
3.55
0
0
0.14
0
0.02
0.06
0
0.04
0.32
0
0
0.08
0
0
0
0
0
0
0
0
0
0
0
0
0
0
0
0
0
0.04
0
0.13
0
0.04
0
0.13
0.24
0.2
0
0.02
0
0.03
0
0.8
2.81
3.38
0.95
0.41
0.13
0
11.14
4.36
2.73
6.25
2.33
0.55
2.96
2.83
0.5
0.48
18.47
1.06
0
0.24
0
0.11
0.88
0.03
0
0
0
0.01
0
0
0
0
0
0
0
0
0
0
0
0
8.41
1.25
2.09
15.04
1.82
4.88
0.94
0.83
0.03
0.03
0.07
0.33
0.05
0
0.14
0
0
0
0
0
0
0
0.01
0.04
0.01
0
0.15
2.79
4.78
0.06
0.34
0
0
0
0
0
0
0
0
0.02
0.35
0
0
0
0
0.01
0.01
0
0
0
0.02
0.28
0.15
0
0
0
0
0.5
0.74
0.42
0.04
0.26
0.16
0
0
0
0.46
0
0.02
0.12
0.33
0.09
0.17
0.07
0
0
0
0.19
0.56
2.06
0.05
0
0.23
0
1.21
1.19
5.64
2.95
0.55
0
0.16
0
0.93
0.06
0.03
0.29
0.09
0.29
0.8
0
0.04
0
0
0.01
0
0
0.59
0.59
0.2
0
0.59
0
0.05
1.17
0.6
1.01
0.55
0.66
3.28
0.58
0.75
0
0
0
4.29
3.91
3.52
2.23
1.55
0.25
0
1.78
0.23
0
0
0
0
2.59
2.35
1.61
0.12
0.09
0.03
0.05
0.02
0.01
0.08
0.69
0
0
0
0
0
0
0
0.02
0.01
0
0
0
0.01
0
0.88
0.12
2.76
0
3.2
0.31
0.38
12.48
7.48
2.63
0
0
0
0.01
0
0
0
0
0
0.05
0.34
3.29
3.38
0.84
1.98
0.02
0
0
0
0
0
0.04
1.06
0.3
3.65
0.11
0
0
0
0
0
0.06
14.02
7.65
7.17
15.04
2.14
0
1.23
6.82
1.13
0.2
0
0
0.06
0
0.1
0
0.01
0.11
0
0.05
0
0
0.02
0
0
0
0
0
0
0.01
0
0
0
0
0
0
0.02
0.01
0
0.01
0.01
7.97
0
0
0
0.01
0.01
0
0
0.01
0
1.86
0
0.01
0
0
0
2.52
0.77
0.05
0.35
0.68
0
0
0
0
0
0
0
0
0
0
0
4.31
0.76
0
0
0.11
6.98
26.12
12.05
1.64
0.3
0.01
0
0
0
0
5.92
2.36
0
0
0
0.02
0
0
0.03
0.88
0.13
0
0
0
0
0.02
0
0
0
0
0
0
0
0.57
0.69
0.48
1.58
0.47
5.99
1.07
0.16
4.55
2.54
0.45
1.3
0.17
8.55
0.61
0.06
0
0.18
0.14
4.52
0.05
1.16
0.51
0
0
0
0.02
0
0.02
0.17
5.4
7.18
0.87
0.08
2.9
10.95
30.02
3.26
1.57
1.03
0.11
0.09
0
0
0
1.52
0.16
2
0.31
0.02
0.05
0.38
0
5.51
20.96
0.61
2.64
0.66
0.23
0.06
0.34
0.04
0.01
0
0
0
0
0
0
0
0
0
0
0
0
0
0
0
9.7
5.04
2.93
1.79
0.07
0.77
0.94
0.01
0.01
0.79
0.14
2.01
6.22
1.82
8.67
0
0
0
0
0.84
0.63
0.46
1.08
0
0
0
0.01
0
0
0
0
0
0
0
0.04
1.01
0.15
0
0
0.01
0
0
0
0
0
0
0
0
0
0
0
0.12
0.1
0.75
4.75
1.28
1.94
1.95
0.42
8.05
0.41
4.23
8.82
0.88
0.68
0
1.12
1.14
5.75
1.55
0.25
0.99
0.03
0.23
0
0
0.04
0
0
0
0.2
0.35
2.27
1.5
0.91
1.73
0.4
2.07
0.91
0.05
0
0.93
0.1
0
0
0
0
0
0
0
0
0.84
0.32
0
0
0.01
0.02
0
0
5.45
1.46
0.31
2.68
1.23
0
0.3
12.5
5.02
1.22
0
0.01
0
0
0
0
0
0
0.02
1.32
0.31
0
6.33
2.07
0
0.1
0.93
0.97
2.23
0.44
0
0.1
0.02
0.45
0.05
0
0.01
0
0.02
0
0
0
0
0.01
0.89
0.45
0
0
0
0
0
0.01
0
0
1.05
1.33
4.96
0.66
0
0.89
0
1.92
8.98
15.84
19.24
6.79
9.09
9.35
0.63
0.25
2.25
12.5
1.73
0.64
4.96
3.69
2.8
3.17
0.96
0
0
0
0.11
0
0
0.02
0
0
1.77
2.24
0
1.32
1.42
7.84
2.91
10.82
6.75
0.7
0.03
0
0
0.09
1.04
0.43
0.02
0
0
0
0
0
0
0
0
0
0
0
0
0
0
0
0
0
0
0
0
3.86
0
0.04
0
0
0
0.04
0
0
0
0
0
0
0
0
0
0
0
0
0.27
0
3.71
0.76
0.09
1.2
18.39
14.88
10.57
16.04
2
0.03
0
0.01
0.07
0.48
18.37
0.32
0
0.63
0.12
0
0.01
0.02
0
0
0.01
1.06
0.19
1.1
0
0.09
0
0.45
1.18
0.46
2.57
0.19
0
0
0.02
1.36
9.1
7.63
5.71
7.95
0.18
2.68
3
0
0
0.06
0
0
0
0
0
1.14
4.93
8.34
2.3
0.59
0.13
3.95
2.84
0.74
0
0
0
0
0
0.47
2.07
0.09
0.02
0.19
0.04
0.57
0.21
0.89
0.39
0.11
0
0.08
0.2
0.01
1.18
0
0.01
0.34
0.84
7.6
2.4
4.51
0.78
0.2
0.03
0
0.02
0
0
0
0
0.06
0.63
0.01
0.01
0
0.88
0.76
0.09
0
0
0
0
0
0
0
0
0
0
0
0
0
0
0
0
0
0
0
0
0
0
0.01
0
0
0
0
0.09
1.87
0.47
1.41
3.45
1.46
0.02
0.35
1.83
1.79
0.66
0.3
1.42
4.34
6.27
0.71
0.05
1.66
10
1.16
0.71
2.37
1.74
0.31
2.73
0.54
2.62
3.59
5.1
1.25
5.28
1.07
0.01
4.11
0.28
2.27
0
0
0.48
0
0.01
0
0.02
0
1.11
3.46
0.46
0
0
0
0
0.07
0.01
0.09
2.85
0.27
0.67
0.58
2.76
0.59
0.09
0.19
0
0.27
0.89
21.68
9.48
1.23
2.62
11.75
13.05
7.27
2.83
1.78
3.99
7.18
7.13
1.68
0
0.22
1.34
12.06
2.42
2.16
0.15
2.42
0.95
0.18
0.36
0
0
0.99
0
1.15
3.41
6.17
0.65
7.62
3.75
2.99
3.4
6.1
8.49
5.55
0.61
1.15
0
1.44
0
0.02
0.01
0.88
4.73
1.93
0
0
1.34
4.24
10.17
6.62
2.05
2.5
10.94
3.16
5.24
6.58
1.24
0.41
0.01
0
0
0
0
0
4.27
3.36
0.16
0.61
0
4.25
1.34
0
0
0.11
3.27
1.55
3.68
0.59
0.91
0.05
0.05
0
0
0
0.04
0
0
0
0
0
0
0
0
0
0
0
0
1.13
0
0
0
0
0.03
0
0
0.01
0
0
0
0
0
0.03
0
0.01
0
0
0
0
0
0
0
0
0
0
0
0.01
3.45
2.56
0.62
0.03
0
0
0
3.59
0
0
0
0
0
0
0
0
0
0
0.55
0.45
1.74
1.35
0.38
0.75
0.09
0
0
0
0
0
0
0.01
0
0
0.04
0.14
0
0
1.08
1.36
1.1
0.5
0
0.13
0
0
2.08
4.09
1.62
0
0
0.02
0
0.04
3.24
0.4
0
0.11
0.69
2.17
10.58
4.02
2.13
0.46
0
0.05
3.56
0.58
0.03
0
0
0
0
0
0
0
0.46
0
0.17
3.1
0.4
0
0.02
0
0
0
0
0
0
0
0
0
0
0
0
0
0
0
0
0
0
0.01
0
0
0.11
0
1.46
5.33
0.02
1.48
0.41
0.01
0
0
0
0
0
0.59
0.09
0.03
0.02
0
0
0
0
0.04
0.02
0
0
0
0
0
0
0.99
3.13
0.67
0.59
5.3
4.09
1.26
0.35
0.01
0
0
0.01
0
0
0
0
0.87
2.17
3.6
0.49
0.04
0
0
0.05
1.27
1.05
4.85
0.37
0.85
0.11
2.55
1.63
0.33
0
0
0.14
0.28
0
0
0
0.01
0
0
0
0
0
0
1.25
1.36
3.62
1
0
0
0
0
0.29
0
0
0.02
0.02
0.02
0.38
0
0.75
1.55
6.86
0.94
0.02
0.91
0.45
3.98
0.53
0.67
0.83
2.26
0.52
0.01
0
0
1.53
1.07
0.42
0
0.02
0.69
0.25
0
0
0
0.84
0.01
0
0.28
0
0
0.05
0.27
11.63
2.76
0.45
0
2.05
1.23
0
0.1
4.05
1.03
0.52
0.08
0
0.4
0.17
0.02
11.19
6.13
9.48
8.8
0.32
0.04
6.3
1.78
0.01
7.5
7.36
8.42
10.72
7.6
2.16
4.07
2.96
1.45
0.01
0
0.01
0
0.02
0
0
0
0
3.23
1.64
3.37
2.52
5.3
34.31
24.54
7.9
3.62
6.88
0.27
2.25
1.63
3.16
15.54
3.23
0.29
3.07
1.52
5.85
0.68
5.98
1.45
0.76
3.77
1.79
3.38
7.72
1.82
7.34
0
1.89
4.7
0.85
0.09
5.63
19.11
4.69
8.7
2.38
1.12
0
0.07
6.48
0
0
0
0
0
0.01
0
0
0
0.01
0
0
3.11
0
0
0.02
0
0
0.16
0
0
0
0
0
0
4.36
0
0.05
1.23
0.17
0
0.23
0
0
0
0
0.09
0
0
0
0
0
0
0
0
0
0
0
0.02
0
0.02
0.07
0
0
0
0
0.02
0
0
0
0.04
0.06
0
0
0
0.4
3.58
2.96
0.38
0.09
0
5.62
0.05
0.07
0
0
0
0
0
0
0.27
4.94
0.13
0
1.35
0.29
0.27
0
0
0
0
0
0
0.01
0
0.02
5.2
8.41
1.91
0.14
0
0
0.62
0
0
0.8
0
0
0
0
0
0.03
1.51
1.93
2.16
1.06
11.87
42.23
8.68
2.35
1.11
1.09
7.5
7.45
5.21
1.65
3.44
3.5
0.77
0.18
2.56
0
9.12
12.02
2.66
6.05
15.04
10.63
11.51
0.85
1.09
0.13
0.11
0.5
0
0.42
0
0
0.3
0
0.62
0.02
0.05
0
0.59
0.2
0
0.02
0.02
0
0.81
0.5
0.01
0.24
1.81
4.32
0.41
3.41
1.36
0.48
2.47
0.68
0.41
4.66
9.25
2.44
0.71
0.12
0.44
2.35
0.34
0
0
1.09
0
0
0.11
0
0
0.47
0.1
0
0.04
0
0.02
0.05
0.02
0
2.55
0.12
1.04
0
0.04
0.74
0.42
1.45
3.86
1.29
0
0.18
0.23
0.11
0.1
0
0
0.38
4.98
1.8
0.75
3.48
3.61
0.54
1.76
0.77
1.39
1.44
1.22
1.41
4.47
3.38
3.36
1.48
3.41
1.77
3.1
1.35
0.45
1.42
1.39
0.01
0.01
0.02
0.55
0
0
0
0.01
0.01
0
0
0.66
0
0.01
0.02
0.33
0.04
1.16
1.93
1.2
1.04
6.29
3.7
1.41
0.45
0.14
0.1
0
0
0
0
0
0
0
0
0
0
0
0
0
0
0
0
0
0.21
11.68
4.88
3.18
0.45
0.84
0
0
0.11
0.43
10.58
3.29
0.07
0.49
12.62
10.05
0.41
0.02
2.1
1.83
3.25
0.47
3.79
2.02
0.23
0
0
0
0.01
0.19
0.86
0.26
0
0.38
1.76
0.02
0
0
0.05
0
0.56
0.19
0.38
2
0.69
0.16
0.77
0.88
0.14
0
0
0.01
0
0.05
2.83
0.13
0.35
5.37
12.6
1.52
1.07
0.01
0.04
0.32
0.85
0
0
0.05
0
0
0.03
1.4
0.81
0.32
0.23
0.02
0
0
0.29
0
4.31
1.51
2.01
1.85
0
0
0
0
0.34
0
0.05
0
0.01
0
0
0.11
0
0
0.01
0
0
0.01
0
0.06
2.89
1.07
0
0
0
0
0
0
0
0
0
0
0.02
0.01
0
0
0
0
0
0
0
0
0
0
0.01
0
0
0
0
0
19.2
13.8
1.72
0
0
0.47
0.54
0
0
0
0
0.01
0
0
0
0
0.11
0.2
0
0
0
0.02
0.03
0.14
0
0
0
0
0.09
0.81
3.77
0
0
0.01
5.49
4.87
2.15
1.47
1.78
3.03
7.08
4.52
0.59
0
0.1
0.02
0
0
0
0.13
0.02
0.1
9.88
3.71
2.95
0.8
0
0
0
0.22
0.17
0.18
0
0
0.02
0
0
0
0
0
0
0
0
4.04
7.96
2.13
0.06
0
0
0
0
0
0
0
0
0.65
0
0.02
0.08
0.25
2.95
2.44
1.72
0.4
0.04
0
0
0
0.15
0
0
0
0
0
0
0.24
0.04
0
0.02
0.08
0.93
0.66
1.61
6.75
0.95
0.22
7.26
2.75
0
0
0.62
0.97
0.01
0.43
0
0
0
10.77
4.26
0.87
0.94
2.77
0.88
0.3
0.46
7.16
9.68
14.04
8.98
7.83
3.91
1.36
7.11
20.2
9.33
6.73
3.11
0.3
2.93
4.3
1.66
3.55
10.87
4.73
0.36
2.38
0.4
2.57
5.51
3.12
0.27
2
2.04
0.93
1.27
0
0
0.02
1.99
0.24
0.59
0.83
0.42
0.18
0.12
0.39
2.93
0.15
0.03
0.67
5.41
0.75
0.02
0.01
7.91
2.5
1.09
0.65
0.02
0
0.87
5.8
3.63
2.92
2.32
0.88
0.43
1.89
7.35
8.27
1.63
7.55
1.63
0.53
0.98
0
4.18
5.1
1.9
5.63
2.42
7.29
2.59
1.11
0.19
0.68
0.17
0.51
0.53
0
0.35
0
0.33
0.11
0.88
4.09
0.61
0.62
8.5
6.43
0.48
0.57
0.46
6.73
0.77
1.23
0.67
0.45
3.42
1.58
0
0.66
3.16
1.47
0
0
0.16
5.79
6.48
5.68
4.7
6.99
6.58
6.66
0.5
0.03
3.48
9.71
0.65
0.15
0.28
0
0.68
0
0.42
0.22
2.41
7.43
5.67
2.64
1.11
0.17
4.68
3.53
0.83
3.45
3.71
10.47
4.9
2.24
0.06
0.01
0
0
0
0.01
0.49
0
4.19
2.44
0.41
0
4.22
1.37
0.04
0.27
0
0
0
0.09
1.36
0
0.82
0.86
0.76
10.74
2.29
2.62
4.82
4.77
6.96
0.93
0.53
0.17
4.48
0
0.02
0
0
0.01
1.28
3.4
3.6
10.41
0.56
5.89
0.52
0.48
20.31
4.39
0.36
0
0.02
0.09
2.38
0.01
0
0.32
0
0
0
0.01
0
0.21
0
0.03
0
0.52
0.02
0.07
0
0
0
0
0.05
0
0
0
0
0.04
0
0
0
0
0.26
5.67
0.14
3.24
0.14
0.02
0.23
0
0
0.29
0.07
0.8
0
0
0
0
0.01
0
0
0
0
0
0
0
0
22.98
6.68
0.32
0
0
0.09
0.04
0
0
0
0
0
0
0.04
0.17
3.9
13
2.2
0.2
0
0
0
2.36
0.58
0
0
0
0.46
0
0
0
0.39
1.3
0
0
0
0
0.27
8.96
0.56
3.21
5.62
1.13
0
0.01
0
0
0
0
0
0
0
0
0.64
0.01
0
0.25
0.04
1.27
7.7
6.82
2.44
0.44
0
0.02
0
0.55
1.41
9.69
3.09
0.81
0.17
0
0.12
4.33
0.41
0
0.34
1.16
3.2
3.84
1.37
0.08
0
0.65
0
0
0
0.04
0.55
2.05
3.65
5.83
1.88
0.45
1.22
2.82
2.91
1.13
0.1
0
0
0.09
1.04
0.23
0
0
1
0.05
1.05
1.18
3.99
6.77
4.66
0.75
0
0
0
0
0
0.34
0.46
0.24
0
0.03
0.86
0.86
0.74
0.56
1.82
1.23
1.24
0.01
0
0.01
0
0
0
0
0
0
0
0.01
0
0
0
0.01
0.01
1.34
4.55
2.56
3.34
1.52
0
0.35
0
0.01
0
0
0
0
0
0.01
0
0
1.17
1.68
5.01
4.38
2.4
0.97
5.57
0.54
1.38
0.52
0.03
0.02
0.03
0.65
1.31
1.81
0.07
0.45
3.21
0.7
0.02
1.06
0.05
0.01
0.89
0
5.26
1.68
4.55
4.19
10.54
15.03
1.33
1.45
0
0
1.73
0.58
1.79
2.01
1.17
2.04
2.39
0.06
0.23
0.2
0
0.09
0.03
1.6
0.89
0.41
0
0
0.55
0.26
0
0
0
0
0
0
0
0.41
0.3
4.05
2.05
16.68
5.21
3.29
2.34
1.05
0.19
0.04
7.2
1.29
3.57
1.77
4.98
2.37
1.15
2.55
0.36
12.85
1.29
0
1.89
0.11
8.01
1.72
15.65
2.55
0
0
0
0.05
1.82
0.5
0.03
0.07
0
2.48
0
14.87
3.85
16.42
12.72
1.34
0.02
0
0.41
0.01
1.74
6.62
4.47
0.4
0
1.43
0.14
0
0
0
0
0
0
0.11
0
0
1.22
1.51
0
0.01
0
0
0.24
0.14
0.63
0
0
0.08
0.43
0
0
0
0
0
0
0.22
0
0
0.36
0.03
0.02
0
0
0.08
0.01
0
0
0
0
0
0
0
0
0.16
2.35
1.42
0
0
0
0
0
0
0
0
0
0
0
0
8.3
3.91
0.6
0
0
0.87
0.98
0
0
0
0
0
0
0
0
0
0.02
0.04
0
0
0
1.11
0.11
0.01
0
0
0
0
0
0
0
0
0
0
0
0.05
0
0
0
0
0
0.01
2.06
0.15
0
0
0
0
0
0
0
0
0
0
0
0
0
0
0.03
0
0
0
0
0
0
0
0
0
0.02
0
0.07
0
0.84
5.9
0
2.25
2.21
0.31
0.02
0.09
0.02
0
3.41
11.32
13.8
11.78
3.63
6.03
0.55
0
1.9
0.01
0.27
0
6.59
1.01
0
0.39
1.36
0.06
1.36
2.2
11.4
2.24
2.34
0
0
0
0
0
0
0.02
2.64
0.07
0.02
0.59
0
0
0
0.59
0
0.05
0.12
0.31
0.15
0.23
3.36
0
0.05
0.01
0.01
0
0
0
0
0
0
0
0.09
0.02
0.02
0.09
0.28
0.07
0.01
0
0
0.01
0.01
0
0
0
0
0
0
0
1.56
10.38
2.81
0.01
0.51
0
0
0
0.02
0
0
0.16
0.48
1.07
0.61
0
0
0.49
0.29
0.19
0.21
3.7
1.22
0.06
0.02
0.23
0
0.19
0.22
0.16
1.64
0.27
0.01
0
0.01
0
0
0
0
0
0
0
0
0
0
0
0.02
0.6
0.43
0.46
0.24
0
0
0.03
0
0
0
0
0
0.08
1.24
0.08
0.07
0.01
0
7.7
4.21
0.09
0.01
0
0
0
0.02
0
0
0
0
1.02
5.28
9.41
5.98
3.88
0.66
0.12
0.02
1.77
2.86
0.91
3.88
2.41
4.59
1.36
1.43
0.29
4.19
3.1
1.06
0.25
0.03
0.46
0
0.08
0.09
4.5
6.65
5.18
2.71
0.86
0.02
3
3.05
7.88
0.99
0.13
0.16
0
0
0.33
1.08
0.34
0.29
0
0
0
0.01
7.83
6.57
0.83
0
0
0
0
0
0.07
0.19
0
0
0
0.56
3.14
0.21
0.27
0
0
0
0
0
0.01
0.01
0
0
0
0
0
0.09
10.71
12.22
3.59
0
0
0
0
0
0.03
0
0
0
0
0
0
0
0.03
0
0
0
0
0
0
0.01
0
0
0
0
0
0
0
0
0
0
0
0
1.26
4.31
4.73
4.88
2.3
0
0.01
0
0
0
0
0.04
1.55
0.07
0
0
0
0.05
0
0
0
0
0.02
0
0.21
0.96
0.32
0
0
0
0
0
0
0
1.24
0.01
0
0
0
0
0
0
0
0
0.02
0.36
2.92
2.48
0
0
0
0
0
0
0
0
0.09
0.16
0.76
0
0.13
1.02
0.44
3.38
2.66
0.79
29
3.31
0.03
0
0
0
0
0
0.02
0.05
0
0.33
0.7
3.99
2.75
0.41
5.31
1.8
0.16
0.33
2.54
3.84
28.64
9.08
0.2
0.05
0.47
2.62
4.92
1.15
0.21
0.23
4.63
0.89
0.16
5.3
8.48
12.14
0
0.03
0.5
13.34
8.08
4.77
0.27
0
0.46
0.36
0
0.07
4.11
2.61
0
0
0.33
0
0
0.01
0.54
5.95
3.22
1.01
0.47
0
0
0
0.05
0.1
0.34
0.02
0.05
0
0
0
0
0.09
0.55
1.85
0.34
1.35
0.44
0.19
0.01
0.16
0.03
0
0
0.02
4.29
0.22
0.01
0
0.27
0.02
0.26
0.72
0.05
0
0
0
0
0
0
0.09
0
0.38
4.06
0.57
0.41
0.62
2.11
2.02
7.34
6.45
2.04
0.02
7.34
5.55
0.46
0.16
0.39
4.53
0
0
0
0
4.99
0.76
0
0
0.25
0.24
0.33
0.28
0.2
3.76
0.69
0.09
0.38
0.01
0
0
0.53
0.2
0.52
0.21
4.25
5.95
2.53
1.2
1.59
1.06
2.01
5
0.42
0
0
4.47
2.96
3.48
6.83
3.25
2.03
2.34
6
2.7
2.01
0.11
0.04
0.82
11.86
0.63
7.88
0.23
0
0.33
0.16
1.31
4.04
14
3.49
2.97
7.01
0.23
7.03
2.32
1.7
1.83
6.35
4.75
1.12
0.91
0
0
0.01
0.86
0
0
0
0
0
0
0
0.03
0
0
0
0
0.03
1.41
17.7
9.22
19.82
9.83
0.76
1.15
0
0
0
0
0
0.01
0.02
0.55
0.93
0
0
0.02
7.02
6.4
2.45
2.98
5.18
2.82
1.4
0
0
0
0
0.3
3.59
0.57
2.43
1.02
0.1
0
0
0.24
0.11
0.29
2.42
1.76
3.24
0.8
4.68
0.02
0
0.07
1.46
0.24
0.18
0.09
2.8
1.51
1.47
0.43
4.7
0.56
0
0.02
0
0
0
0
0
0
2.03
0.02
0
0
0
0
0.21
0.02
3.31
8.7
2.43
0.03
0
0.74
1.05
5.56
5
0.67
0
6.78
16.45
0.57
0.02
0.16
0
0
0
0.01
0.04
0
0.04
0
0
0
0.01
0
0.37
7.02
0
0
0
0
4.28
0.15
0.1
0.09
5.32
0
0
0
0
0
0.02
0
0
0.06
0
0.76
7.54
0.86
0.58
0
0
0
0.01
0
1.71
0.76
1.07
0.27
0.02
0.03
0.31
0.16
0
0
0
0
0
0
0
0
0
0
0
0.09
0
0.13
1.29
6.06
0.42
0.44
0.06
1.26
1.31
2.3
0
0
0
0
0
0.21
0
0
0
0
0.01
0
0
0.04
3.5
0.2
0.02
3.13
0.24
0.14
0
0.04
0
0.02
0
0
0
0.06
0.02
0.03
5.05
0.12
0
0
1.26
0
0
0.05
0.12
0
0.15
0.7
14.61
15.68
9.12
1.47
0.18
1.89
0.63
0.02
0
0
0
1.45
0.23
0.22
1.14
0.09
0
0
0
0
0
0
0
0
0
0
0
0.63
0.06
0
0
0.02
0.27
5.55
0.05
0
0
0.43
20.54
5.91
0.83
2.01
2.53
0.68
0.02
0.1
2.41
1.56
6.17
9.75
1.91
0.31
0.01
0
0.01
1.26
0.2
2.16
1.81
2
1.35
0.75
0.79
2.97
1.14
0
2.91
2.11
0.17
0.66
0.34
0.55
0.42
5.64
4.26
2.27
1.82
0.73
0
0.66
7.32
2.64
7.13
1.59
3.7
11.82
1.39
1.29
0.26
0.59
0.49
3.25
0.48
0.9
0.67
0
1.51
0.31
0
0.04
0.09
2.16
2.69
1.98
1.13
14.07
4.26
0.37
0.19
0.1
0
0
0
0
0
0
0.01
0.2
0
0
0
0
0
0.02
0.93
0.3
1.75
0.11
3.17
5.29
1.7
0
0
0.05
0
0.01
0
4.19
0.71
0.19
0.39
0
0
0.92
0.04
0.49
0.02
3.24
0.04
0
0.97
0.46
0.92
0.02
2.33
3.74
6.73
0
0.03
4.99
0.11
1.77
0
0
0
0
0
0
0
0
0
0
0.01
0.36
0.08
0
0
0
0
0
0
0
0
0
0.62
0.03
2.68
1.06
2.11
2.78
3.12
0.16
1.88
2.39
0
0.19
3.36
0.01
0
0
0
0
1.55
0.01
0.04
1.01
26.53
2.23
9.81
0
0.05
0
0
0.04
0
0.01
1.37
0
0.21
14.64
10.13
0
0.13
0
0
0
0
0.08
8.16
28.22
0.02
0
1.06
1.73
0
0
0
0
0
0
0
0.01
0
0
0.31
0.02
0
0
0
0
0.02
0.02
0
0
0.01
0
0
0
0
0.31
1.59
0
0
0
0.01
0.01
0.01
0
0
0.02
0
0.01
0.12
0
0
0.11
0.02
0.01
0.01
0
0
0
0
0
0
0.03
0.19
4.73
3.71
0.63
0
0
0
0
0.05
0.08
2.77
1.58
0
0
0.02
0
0.07
0.13
0
0.46
0.59
0
0.63
16.24
8.51
2.2
2.95
0.15
0
2.95
8.15
0
0
0.35
0.05
0.11
0
0.02
0
0
1.08
4.05
4.76
4.88
1.6
1.74
2.08
0.23
0.11
0
0
0
0
0
0
0
0
0.15
0.14
0.4
0
0.71
0
0
0
0.4
15.63
3.17
0.1
0.13
0.82
1.55
0.19
3.2
4.66
0.66
3.97
5.09
2.27
0.42
2.32
0.01
0.08
0.02
0
0
0.9
0
2.92
1.14
3.37
22.07
8.88
10.36
4.72
0.12
0.18
0.61
0.02
1.27
0.62
0.67
0.44
0
0
0
7.45
14.41
1.42
3.48
0.07
0
0.01
0
0
0.14
0
0
0.08
0
0.51
0.91
0
0
0
0
0.27
0
0
0
0
0
0
0
0
0
0
0.01
0.01
2.91
1.13
0.06
1.27
0.48
0.97
2.19
0.93
0.13
0
0
0.01
0
0
0.89
23.41
2.27
0.75
2.54
4.24
0.89
0.97
1.08
0.81
0.43
0.04
0
4.7
0.42
0.47
0.77
0.55
2.66
0.42
0
0.16
1.2
0.47
0.38
1.01
0.77
0.34
0.41
0
0
0.1
0
0
0
0
0
0
0
0
0
0
0
0
0
0.37
0
0.59
20.09
0.2
14.24
7.59
6.16
8.4
8.1
1.45
0.01
0
0
0
0.02
0
0
0
0
0
0.05
0
0
0
4.72
1.14
0.5
0.3
0
0.64
1.66
0.73
0
0.61
0.03
0
0.32
0.38
0
0
0.26
7.12
2.56
0.12
0.86
0.01
0.02
0
0.01
0.01
0
0
0
0
0
0
0
0
0
0
0
0
0
0.43
0.88
0
0
0.17
0.47
0.13
0.07
0
0
0
13.02
6.46
0.66
0.01
0.02
0.57
0
0.16
0.32
0.27
0.13
11.81
5.56
17.77
1.48
3.54
0.67
15.73
0.08
0
0
0
0
0
6.46
17.23
1.07
0
0
0.03
0.01
0
0.07
0
0.02
0
0
0
0
0
0
0
0
0
0
0
0
0.28
0.57
1.07
5.96
0.39
0.41
3.72
2.82
0
0
0
0
0
0
0.01
3.18
0.25
0.14
0.04
0.96
0
0.02
0
0.8
5.5
0.28
0
0
0
0
0
0.17
0
0.31
0
0.08
0.07
17.4
2.63
0.64
1.01
0
0
0
0
0
4.7
2.37
1.41
0.04
0.34
4.84
0
0.24
0.41
0
0
0.01
0
0.09
0.04
0
0.06
2.63
0.87
0
0
0
0
0
0
0
0
0.05
0.39
0.48
2.43
4.03
0.61
0.43
0.02
1.2
1.16
0
0.01
0.36
0
0
0.41
0
4.49
0.16
0
0.12
1.27
4.35
5.13
1.07
0
0
0
0
0.01
0.17
1.43
1.49
0
0.01
0
11.29
22.84
0.95
0
0.01
0
0.01
0.02
0
0
0
0
0
0.01
0
0
0
0
0.19
1.52
3.5
0
0.34
1.75
0.16
0
0
0
0
0
0
0
0
0
0
0
0.04
0.01
0
0.01
0
0.01
0.29
0.22
0.03
0
0
0
0
0
0.04
0
0
0
0.06
0
0
0.4
0.13
0.46
0.77
5.74
0.01
7.91
29.2
0.78
0.83
0.61
4.23
1.56
8.07
1.3
0
0
1.73
0.09
0.21
0.08
0.79
0.02
0
0
0.22
0
0
0
0
0
4.95
0.22
0
0
0
0
0
0
0
7.12
0.52
0.2
2.28
3.65
11.15
13.4
11.43
2.73
0.09
0
0.38
4.35
0.17
0
0
0
0
1.75
0.07
8.69
8.5
2.39
0.1
0
0.02
0
3.73
1.79
2.16
3.2
0.23
3.58
0.8
0.55
0
0
3.11
0.14
0.36
0.12
0.89
8.59
3.38
3.79
0.48
0
0.02
1.02
2.16
0.43
0.09
0.02
0.03
0.04
0.01
0
0.37
14.65
2.52
0.04
0.2
0
0.02
4.38
5.16
4.48
2.18
0
0.33
1.89
0.07
0.05
3.24
1.46
0.27
5.28
3.56
0
0
0.4
1.83
0.98
4.94
0.43
0
0
0
0
0.31
0.77
3.91
5.91
4.72
7.13
1.73
2.7
1.45
0.22
0
0.04
0
2.51
0.4
0
0.12
1.19
0
0
0
0.01
0.01
2.64
3.77
2.82
0
0
0
0.25
2.08
1.36
0.01
0.01
0
0
0.52
0.13
0
0
0
1.77
5.93
0.29
0
0
0
0
0
0
0.15
0.02
0
0
0
9.4
0.46
0
0
0
1.07
1.41
6.8
1.52
0
0
0
0
0
0
0
0
0
0
0
0.02
0
0
0
0
0
0
0
1.23
0
0
0
0
0
0
0
0
0
0
0
0.01
2.21
0.35
0.02
0
0
0
2.93
1.48
0
0.45
0
0
0
0
0
0
0
0
0
0
0
0
0
2.96
0.24
0
0
0
0
0
0
0.45
0.02
0
0.04
2.55
4.38
0.04
0.01
0
0
0
0
0
0
1.61
0
0.05
0
0.02
0
0
0
0
0
0
0
0.08
0.21
0
0
0.03
0
0.83
6.03
1.03
0.93
0.01
0.2
2.88
0.04
0.76
1.18
3.32
2.88
7.94
3.91
0
0
0
0
0
0
0
0
0
0.1
4.16
21.4
0.31
0.29
0.77
0.08
0
0
0.03
0.12
0.06
0
0.01
0
0
0.18
4.95
1.49
20.43
8.52
0.13
1.49
4.88
3.17
0.47
0.62
0.08
0
0
2.46
1.34
0.05
0
0.01
0
0.01
0
0
0
0
0.05
0.86
3.88
0.54
0.07
0.02
0
0
0.28
0.08
0
0.01
0
0
0
0
0
0
0
0
0
0
0
0
0
0
0.44
3.63
0.77
0
0.01
0.02
0.31
3.23
0.03
0.04
0.7
3.21
0.06
0.29
0.01
0
0
0.04
4.43
0.07
0.2
0.08
0
0.67
2.3
5.84
6.18
0.02
0.03
6.69
0.66
0
0
1.17
2.91
2.52
0
0
0
0
0
0
0
0
0
0.82
0
0
0
0
0
0
0
12.9
1.25
0.72
0
0
0
0
0
0
15.59
2.34
0
0
0
0
0
0
0
0
4.75
1.75
2.45
4.58
1.13
0.91
0
0
0
2.56
0
0.02
0
0
0
0
0
0
0
0
0
0
0
0
0.01
0
0.3
0.02
0.06
0
0
0
0
0
7.18
6.77
2.99
0.2
1.6
2.48
0.12
0
0
0.32
2.23
0
0.26
0
0.12
5.64
4.82
2.71
0.37
0.02
0
0
0
17.39
0
0
0.02
0.01
0
0
0
1.21
0
0.02
8.3
1.43
2.23
1.49
10.66
2.57
29.16
0.02
0
0
0
0
0
0
0
0
0.02
12.97
0
0.02
0
4.33
1.93
0.06
0.05
0
0
10.63
0.28
0
0.67
0.02
0.48
0.05
0
0
0
0.77
1.59
5.37
1.2
0
0.03
0
0
0
0
0.05
0.07
0
3.03
0
0.02
0
0
0
0
0
0
0
0
0
0
0
0
0.28
0.02
0
0.34
0.01
0
0
0
0
0
0
0
0
0.01
0.01
0
0
0
0
0
0
0.3
0.04
0
2.33
9.38
23.47
1.07
6.36
1.23
0
0
0.01
0
0
0
0.01
0.1
5
0
0
0
0
0
0.44
0
0
0
0
0
0.14
13.13
1.09
0
0
0
0
0
0
0.02
0
0
0
0
0
0
0
0
0
0
0
0
0
0
0
0.19
1.77
3.36
0.33
0.08
0.23
0
0
0
0
0
0
0
0
0
0
0
0.02
0.62
3.61
0.02
0.01
0.59
0.91
0.02
0.07
0
0
0
0
0
0
0
0.01
0
0
0
0
0.03
0.02
1.13
0
0
0.59
0
0
3.3
0.14
0
0
0
0
0
1.08
0.52
10.83
3.48
0.02
0.02
2.54
0.85
0
0
0.05
0
0
0
0
0
0.02
1.52
7.5
0.45
1.12
0
0
1.07
0.13
0.05
0.04
0
1.51
8.72
0.48
0
0.64
1.85
1.06
0.21
2.62
0.27
0.01
0.01
0
0
0
0.01
0.01
0
0
0
10.35
2.72
0.01
0
0.02
0
0
1.91
0.07
6.52
7.94
6.73
2.2
0.16
0
0.2
0.34
2.48
1.11
0.3
0.56
0
0.57
0.03
0.01
0.83
0.39
0.64
0
0
0
0
0
6.05
12.44
6.51
9.08
3.23
5.61
2.2
2.82
3.9
0.84
3
8.07
4.85
1.48
0
19.92
1.92
1.54
6.06
0.2
5.16
0.44
0.02
0.66
5.56
1.48
1.81
0.03
0
0
0.32
2.2
0.1
0
1.25
2.46
4.64
0.02
5.54
8.39
2.5
2.13
10.4
45.96
1.04
0
0
8.29
0.57
0
0
0
0
0
1.42
0.55
0
0
0.04
0.01
0.95
3.25
2.56
0.21
0.02
0.01
0.02
0
0
2.28
0
0
0
0.02
0.81
0.01
0.01
0
0.1
10.74
2.26
2.19
7.96
2.48
4.7
4.68
5.41
2.37
1.21
16.31
14.43
11.83
13.43
0.72
11.68
8.27
9.11
0.81
3.19
9.12
0.13
0
3.16
0
0.09
0.06
0
0
0
0
0
0
0
0
0
0
0.65
0.01
0.1
3.09
5.53
7.73
4.53
5.5
0.01
0
0
0.01
0
0
0.08
1.04
0.95
0
0.75
0
0
0.02
1.21
0
0
0
0
0
6.87
2.29
0
0
0.49
0
0
0
0
0
0
0
0
0
0
1.25
0.36
0.29
0
0
0
0
3.42
0.26
0
1.02
0.38
1.98
0.03
0.05
0
0.36
1.04
3.87
0
0
0
0
8.3
0.1
2.82
0
0.82
1.28
0
0.75
0
0.7
4.21
0.63
13.07
0.16
11.3
0
0
0
0
0.16
9.08
7.17
0.01
0.74
0
0
0
0
0
0
0
0
0
0
0
0
0
0.01
0
0
0.08
0.23
0.18
0.15
0.82
0
0.16
3.45
0
0.07
0.25
43.35
37.48
0
0.04
0.02
0
0
0
5.52
5.2
2.34
1.14
3.54
18.66
3.35
0.22
0.02
0.63
7.15
1.31
0.78
6.7
0.5
0.69
0
0.02
0.02
0.14
1.51
0.25
0.04
3.88
2.31
8.02
1.18
1.23
1.66
1.48
6.96
0
0
0.01
1.41
0.02
0
0
0
0.02
0.02
0
0.01
0
0.01
0
0
3.41
14.12
1.09
0.38
1.55
0.07
0.92
0.02
0
0
0.04
0
0
0
0
0
0
0
0
0
0.04
0
0
0
0
0.27
1.09
0
0.01
0
0
0.05
0.41
0
0
0
0.25
0.04
4.95
0.36
0.04
3.06
0.97
1.64
0.06
0.39
0.02
0.09
1.3
3.12
10.06
6.22
0.61
0.06
0.01
0
0.01
0
0
0
0.18
0.01
0
0
0
0
0
0
0
0
0
0
0
0
0
0
0
0
0
0
0
0.01
0.01
0
7.91
0.03
0.15
0
0.01
0.08
0.01
0
0
0
0
0
0.12
0.06
0
0
0
0
0
0
0
0
0
0
0
12.66
11.67
1.97
0.09
0
3.94
5.64
1.92
7.06
3.95
0.84
0.01
0
0
0
0.89
0
1.45
36.5
7.03
9.78
2.81
0.36
3.7
6.72
1.22
0.02
0.02
0
0
0.01
6.17
0.47
0.02
0
0
0
0.03
0.2
0.5
0.64
0
0
0
0
0
11.27
0
1.31
1.88
0.01
0
0.03
0.77
2.59
0.01
0
0
0
0
0
0
0
0.14
0
0.8
2.8
0.2
0.08
1.04
0
0.15
0.17
0
0.06
2.14
0
0.17
0.02
0
0.01
0.03
0.53
0.01
0.16
0
0
0
0
0
0
0
0
0.08
0
0
0
0
1.73
10.22
0
0
0
0
0.87
0
0
2.97
0
0.19
0
0.15
0
0
0.3
0
0
0
0
0
0
0
0.02
0
0
0
0
0
0
0
0
0.02
0
0.02
0
0
0
0
0
0
0
1.25
1.78
13.23
0
0
0
0
10.22
4.5
0
0.66
1.3
0.89
5.83
0
0
0
0
0
0
0
0.05
0.69
0
0.44
1.97
0.3
2.53
1.42
8.42
0.09
3.09
0.27
0.12
1.43
0
0.01
0
0
0
0
0
0.02
0.17
0
0
0
0
0
0
0
0
0
0
0
0
3
0
0
0.24
1.06
6.94
2.2
0.53
27.31
0.12
0
0
0.01
0
0.05
0
0.09
0
4.45
2.7
2.25
10.27
2.69
1.06
0.3
0
5.44
2.03
1.11
8.97
3.3
5.34
1.62
0.23
3.66
0
0.12
0.56
0.31
8.94
1.16
0.42
0.11
1.22
0
0.95
0.27
6.88
0.06
0
3.25
4.06
0.31
0.02
0.07
2.08
0
0.01
0.09
3.44
0.02
0
0
0
0.36
0.22
20.56
15.88
5.92
1.47
0
0
0
0
0
0
0
0
0
0
0
0
0
0
0
0
0
0
0
0
0
0
0
0.01
0
0.05
4.92
2.12
5
37.12
3.88
0.62
0.5
4.16
0.3
0.19
1.8
0.19
0.94
0.53
0.02
0.03
0
0
0
0
0
0.14
0
0.05
0.12
0
0.02
0
0
0
0.07
0
0
0
0
0
0
0
0
0
0.02
0
0.21
12.34
3.27
0.58
0.03
2.14
0.81
0
0
0
0
0
0
0.01
0.01
16.91
40.19
4.92
0.03
0
0
3.56
1.06
4.94
0.38
0.2
0.78
0.03
0
0.7
9.81
12.75
5.78
2.19
0
0.09
0.14
5.09
4.59
3.73
4.89
6.27
0.38
0.02
1.02
3.55
6.34
2.67
3.23
3.92
3.78
0.44
9.31
1.23
3.12
3.38
1.41
5.62
0.79
0.05
0
0
0.05
0
0
0
0
0.01
0
0.77
0.23
2.69
1.69
19.06
0.07
8.7
10.16
1.31
0
0
0
0
0
0
0
1.38
13.52
0.39
0
0
0
0
10.7
0
0
22.59
7.31
0
0
7.61
0.14
0
0
3.2
0.1
0
0
0
3.95
0.02
0.02
0
0
0
0
0
0.42
1.47
0
0
0
0
0.33
0
0.05
0
0
0
0
0
3.27
8.34
0.23
0
4.08
0
0
0
0
0
0
0.29
0.03
0
0.16
1.49
0.14
0
0
0
0
0.04
0.05
0.01
0
0.01
0
0
0
0
1.7
0
0.14
1.77
15.06
0
0
0.18
0
0
0
0
0
0
0.02
0
0.02
0
0
0
0
0.19
0.06
0
0
0
0
0
0
0
0
0
0
0
0
0
0
0
0.52
0.07
1.58
3.09
9.06
0.17
1.22
0
0.02
3.37
11.94
0
2.59
0
0.05
0
0
0.31
17.16
0
0.47
0
0
0
0
0
0
0
0.02
0
0.27
0.16
0
0
0
0
0.88
0.31
0.27
1.75
0
7.16
0.08
0.02
0.01
0
0
0
0
0
4.44
1.62
3.44
7.44
0.53
0
0.03
0
0
0
0
0.88
0.9
0.29
0
0
0
0
0
0
0
0
0.03
0
5.19
0.03
0
0
0.01
0
4.44
0.66
0.05
1.72
4.44
0.42
2.09
4.38
5.95
0
0.19
0.65
0.66
0.02
0
0
3.99
0.03
0.03
0.02
0.11
1.52
0.12
0.11
5.83
0.34
0.16
0.07
6.45
3.2
1.07
0.55
0.12
0.01
0
1.47
24.59
9.58
0.19
0.02
0.01
0.01
0
0
0
0
0
0
2.23
8.5
0.27
6.95
0.33
8.66
0.52
0.84
0.56
2.48
2.91
0.08
0
0
0.02
0
4.03
4.17
3.77
5.08
19.38
0.66
0.91
5.22
0
0.02
0.02
0
0
0
0
0
3.39
1.34
0.01
0.02
0
0
0.02
0
3.38
0
1.15
0.22
0
0.03
0.59
0
0
0.07
0.04
0.04
0
0
0
0
0
0
7.52
0.12
0
0
0
0
0
0
0
0
0
0
0
0
4.91
0
0
0
0
0
2.04
1.81
4.97
8.45
0.05
2.89
2.58
0
0
0.05
0
0
8.03
10.62
7.56
0.1
12.68
2.72
5.06
8.64
9.79
1.14
4.59
5.14
0.48
1.9
0
0
0
0
0.27
5.38
0.33
0.1
0.16
7.98
0.09
0
0.02
0
0.02
0
0
0.02
0.37
4.31
0
0
4.65
0
0.06
8.67
8.38
0.52
16.77
0
3.91
0.38
11.33
0
0.01
0.02
0
0.57
14.92
0
0
3.55
0.04
5.52
2.44
0
3.46
0.3
0
5.83
3.12
0.22
0
0
0
0
0.01
0.01
0
0
0
0
0.01
2.74
0
0
0
0
0.29
0
0
0
0
0
0
0
0
0.06
0
0
0
0
3.19
0.12
0
0
0
0.01
7.8
0.02
0
0
0
0
0
0
0
0
0
0.84
0
0
0.45
0.01
0
0.61
3.77
0.02
0
0
0.36
1.12
0
0.1
0.08
1.6
0
0.88
1.12
11.84
49.31
1.68
0.25
0
0
0
0
0.01
0
0.02
0
0
0.89
17.03
0.38
3.62
0.34
0
0
0
0
0.12
0.03
3.44
0.02
0
0
0
0
0
0
0
8.73
0.02
0
0
0
0
0
0
0
0
0
0
0
0.88
0.45
0
0
0
0
0
0
0
0
0
0
0.03
14.62
0.44
14.78
0.08
11.38
0.12
0.2
0
0
0
0
0
0
0
0
0
0.03
0
0
0
0
0
1.59
4.55
31
7.03
11
10.72
1.73
2.34
0
0
0
6.8
0
0
0.22
1.2
0.02
5.34
0.3
0.19
0
0.02
0
0
0.01
0
0
0
0
0
0
0
0
0.16
1.19
3.55
5.41
0.23
0.01
0
0
0
0
0
0
8.83
0.09
0.06
0.05
0.02
0.06
0
0
0
0
0
0
0
0
0
0
0.01
0
0
0
0.01
0
0
0
0
0
0
0
0
0
0
0
0
0
0
0
0
0
0.05
0
1.94
0.52
0.04
0.04
0
0
3.32
0
0
0
0
0
0.08
0.1
0.54
0.03
0
0.09
19.05
0.2
0.07
0.86
4.58
0.43
0.08
0
12.81
6.81
3.28
5.62
0.02
0.97
1.38
0.14
1.2
1.28
7
0.28
0.41
3
5.61
7.81
0.03
0
4.13
7.7
0.91
0.16
0.02
0
0
0
0
0
0.94
0.17
0
1.53
0.94
3.62
0.02
0
0
0
0
19.83
8.72
0.06
10.47
3.97
0
0
3.86
10.67
1.62
0
0
5.27
7.09
1.19
0.14
0
0
0
0
0
0
0
0
1.61
9.7
0
0
0
0
0
0
0
0.02
0
10.44
0
0
0
0.01
0.47
0
0
0
0
0
0.01
0
0
0
0
0
0
5.89
0.86
0
0.02
1.6
0.29
0
0
0
0
0.31
0
0.05
0
0
0.01
6.06
0
0
0
0
0
0
0
0.73
8.16
0
0
0
0
0.18
0
0
0
0
0
0.01
0
0
0
0
0
0
0.48
0
0
0.04
0
0
6.05
1.74
0.5
0.92
4.09
2.36
0.77
1.3
0.14
0
0
0.22
0.01
0
0.11
0.01
0
0
2.12
0
0
0
0
0.96
0.03
1.45
2.7
1.41
0
0
0.16
0
0
0.01
0
0.01
0
0.01
0
0
0
0
0
0
1.89
2.75
0.23
5.83
0
0.03
1.06
12.46
4.12
2.57
0.36
0
0
2.5
0.24
0
0
2.08
0.07
0
0
0
0
0
0
0.62
0.06
1.16
6.98
3.86
0
0
0
0
0.38
0.03
0
3.81
1.66
0
0.09
2.91
0
0
0
0
0
0
1.77
0.3
0.11
0.25
1.05
0
0
0
0
0.83
2.84
0
10.69
0
0.12
0.44
2.28
2.62
2.16
5.44
0.02
2.03
6.89
2.94
1.19
5.67
0.75
0
5.59
0.09
0
0
0
0
2.06
2.83
1.25
0.5
1.47
5.97
10.03
5.69
6.61
9.06
18.41
3.81
2.55
0.34
1.28
0.09
0
7.8
0.08
0.12
0
0
0
0
0
0.02
0.67
0.02
0
