19510101
18.16
8.03
0.15
0.04
0.02
0
0
0
4.77
2.36
1.16
5.72
2.76
0.82
0.18
0.32
0
0.51
0.05
0
0.01
0
3.22
9.41
2.88
1.93
4.02
5.24
0.74
0.68
0.49
0.38
0.44
2.22
17.25
2.55
4.12
0.91
4.01
3.95
4.65
3.06
8.27
1.53
1.77
0.68
0
0.95
1.75
0
5.38
0.36
2.17
7.54
1.53
1
0.53
0.02
0.29
0.96
2.77
3.35
2.45
2.84
1.95
5.43
4.23
0.54
17.29
3.7
16.35
12.36
3.8
0.42
1.52
0.98
1.53
0.08
0.07
0.04
0
0
0.2
0
0.02
0.01
0.02
0.04
0.03
0.13
0
0.03
0
0.04
0.43
0
1.66
0
0.02
10.4
2.34
0
0
0
0
0
2.75
1.48
6.53
2.13
0.8
0.96
8.43
22.21
7.38
5.69
3.62
5.72
1
20.09
6.14
4.17
0.02
0.79
3.7
3.52
6.67
4.78
0.91
3.62
4.25
0.02
0.02
0
0
0
0
11.25
0.33
0.73
0.16
0.13
0.13
0
0.34
5.58
1.16
0.62
5.39
1.93
0
0
0.09
3.54
6.45
2.6
0.19
3.61
0
0
0
0.08
0.27
0
0.03
5.16
0
2.49
0
0.36
0.11
0.02
1.49
0
0.02
0
0.34
0
0
0
0
1.43
0.18
0.52
0
1.14
0.51
0.93
1.34
0
0.01
0
0
0
0
0.33
0
0
0
0
0
0
0
0
0
0
0
0.2
0.82
0
10.95
3.49
3.91
7.67
0.09
0
0.01
0
0
0.08
0
0
0
0.02
0.08
0.1
0
0
0.06
0
0
0
0
0
0.11
10.5
0.47
0.92
0
0
0
0.01
1.68
0
0.01
0
0
0
8.92
22.54
0
0.91
0.15
6.16
8.83
5.03
0.24
0
0
0.07
0
0
0
0.03
0.54
26.42
0.07
0
0.07
0
0
0
0.02
11.6
19.73
2.07
0.88
0.05
0
0.05
1.7
2.07
0
0
2.77
0.81
3.03
0.66
0.03
0
0.14
4.54
7.36
1.14
1.77
0
0.15
0.14
0.66
0.27
0.57
0
1.23
0
0.03
0.95
0
1.08
1.68
10.74
15.7
14.02
14.33
3.72
1.43
8.15
2.42
0
0.06
0
0.79
16.95
7.24
1.53
0.39
0.1
0.07
0.06
0.05
0
2.39
0.01
0.85
0.19
0
0
0.43
0.58
0.02
0.2
1.39
2.15
1.05
0
0.64
2.77
0.42
0.34
0.37
1.75
0
0.1
2.91
1.87
3.97
0
0.9
0.8
2.72
0
2.54
2.08
0
0.04
0
0
0
0.09
0.06
0.63
1.72
0
0.01
0.01
0
0
4.14
0.27
0.01
0.04
1.09
0.49
0.97
0.48
3.66
0.78
0.76
3.55
1.3
1.73
11.44
4.4
0.94
1.1
0.55
2.61
0.03
0.68
0.18
0.08
0.01
0
0.04
0.04
0.53
0
1.89
5.42
7.32
2.14
0.53
0.14
1.59
0.21
0.06
0.06
0.06
0.05
0.05
0.12
3.29
2.69
0.04
0.01
0
0
0
0
0
0
0
0
1.28
1.09
1.67
3.67
2.12
0.09
0.5
0
5.55
2.62
1.54
0.47
0.15
0
0
1.48
0
0.01
2.36
5.22
13.26
8.61
4.59
9.61
4.6
2.29
1.52
0.45
1.02
0.06
0
0.09
0.73
11.63
6.7
3.57
15.56
1.6
0
0.25
0
0.59
0.05
0.05
0.69
0
0
0.02
0.01
0.91
0.9
1.18
2.83
1.73
1.95
1.04
20.45
9.45
3.4
0
0.03
0
0.07
0.52
0.32
0
0
1.71
0.05
0
1.02
1.63
1.28
0.87
1.04
4.56
8.65
0.88
0
0.02
1.07
0.13
0
0.41
0
0
0.1
1.68
4.18
0.77
1.02
0
0.12
0
1.2
0
0
0.02
0
0.14
0
0.89
0.84
0
6.84
0
0.01
0.02
0.07
0.88
7.16
2.57
0.06
0
0.05
0.22
1.35
13.86
11.62
8.42
0
0.01
0
0.01
0.05
0
0.62
0.59
1.09
3.09
0
0
0
0
1.76
0
2.08
0.73
2.39
0.54
2.78
1.07
3.04
6.1
3.7
6.52
0
0
0
2.77
0
0.03
0
0
0.07
0
0
0
0
0
0
0
0.2
0.25
0.05
0.03
0
1.87
0.68
0
0.04
0.08
12
13.55
0
0.25
0.01
0
0.13
0.02
0.11
0.04
3.23
0
0
0.42
0.01
0
0
0.63
0
4.96
4.42
1.27
0.14
0.01
0.02
0
0
0.02
0
0.03
3.82
0.62
0
0
1.16
0.49
0.04
0.05
0
0.01
2.41
0.01
0
0.11
0.18
8.09
1.43
0
0.17
0.04
0
0
0.95
5.59
2.74
0.27
0.66
0.1
0.28
6.58
1.09
0.04
1.04
0.04
0
0.01
0
0.04
0
0
0.43
0.36
0.29
0.38
0.02
0.08
0.05
0
0.18
0.5
0.29
0.59
1.66
8.31
1.54
0.68
0.59
0.65
0.63
1.2
4.84
1.75
1.2
0.87
2.38
11.05
5.3
9.98
1.81
0.04
0
0
0.06
0
0.24
0
0
2.52
8.12
2.27
0.52
0.44
3.64
1.11
1.09
0.21
0.04
0.66
0
0.36
0.08
4.15
6.42
5.94
3.81
0.75
0.86
5.35
4.68
1.69
0.32
2.88
1.39
1.43
1.11
0.25
0.41
0.63
0.09
0.07
0.07
0.06
0.07
0.11
0.04
0.05
0.06
0.06
0.06
0
0.04
0.16
0.05
0.04
0.04
0.04
0.02
0.05
0
0
0
0
8.91
5.48
0
0.16
0.07
7.95
2.37
0.82
1.75
0.92
0.48
0.13
0.06
0.07
0.01
0
0.05
0
0.01
0
0
0
0
0
0.02
0
0.01
0.01
0
0
0
0.03
0
0.02
0
0
0.03
0.65
0.24
0
0.23
2.38
3.91
2.52
0.73
0.01
0.02
0
0
0
0.08
0.2
0.28
0
0
0.06
3.74
1.63
0.34
0.01
0
0.5
14.46
4.37
0.51
0.01
4.02
0
0.04
0
0.01
0.75
9.34
17.68
7.01
2.16
4.61
0.27
2.08
0
7.42
2.23
0.09
0
0.62
0.03
0.4
0.35
0.05
0
0
0
0
0
0.25
0.2
0
10.29
1.07
0.01
0.63
0.02
1.21
0.05
0
0
0
0
0.28
0
0.12
0.08
0
0
0
0
0.01
0.01
0.77
1.36
17.55
17.99
5.66
0.75
0.02
0
0
0
0
0
0
2.02
1.66
0.95
10.38
1.38
0
0
0
0
7.86
10.63
10.56
10.33
5.13
2.08
0.5
2.7
1.09
3.61
0.32
0.08
0
0.18
0.03
0.04
0.14
0.07
0
0
0.46
0
0
0
0
0
0
0
0
0
0
0
0
0
0
0
0.02
1.32
0
0
0
0
0
0
0
0
0
0
0
3.86
7.59
0.39
0.07
0.03
0
0
0
0
0
0.23
0
0.35
0
0
0
0.01
0
0
0
0
0
0.35
0
5.11
0.94
0.1
1.01
0
0
0
0.02
0
0.12
0
0
0.13
0.03
0.04
0
0
0
0.16
1.11
11.49
3.42
0.37
0.01
0.02
0.09
4.63
4.83
1.23
0
0.52
0
0
0
0
6.45
9.09
11.84
13.33
12.86
0.89
0.16
1.36
0.09
0.13
0
0
0.15
2.07
1.5
0.77
1.05
0.2
0
0.03
0.25
0.8
0.32
0.02
0.09
0
0
0
0
0
0
0
0.03
0.05
0.01
0.02
0
0
0
0
0.03
0.01
0
0
0
0.01
0
2.45
0.54
0
0.13
0.04
0.04
3.05
3.19
1.2
0.69
7.7
3.14
0.91
0.07
0
0.02
1.42
0.82
0.77
0.04
3.49
1.44
1.41
0.19
0.02
0.02
0
0.14
0
0.15
0.22
0.79
0.22
0.09
0.82
0.55
0.05
0.7
1.9
1.65
1.26
0.85
0.39
0.05
1.01
0
0.03
0
0.21
0.05
0
0.01
0.98
0.02
0.03
0.01
1.13
0.01
0
0.09
1.06
0.02
3.47
5.22
2.73
0.73
0.28
0.87
0.81
1.57
1.33
0.79
0.77
1.31
0.94
11.41
2.28
1.3
3.67
4.7
2.84
0.22
0.02
0.52
0.32
0.04
0.07
0.05
0
1.25
0
0
0.16
2.46
0.23
0.1
1.59
4.5
1.96
0.31
1.23
6.39
2.24
0.74
3.01
8.53
10.86
3.02
0.32
3.18
0.79
1.19
1.84
0
0.4
4.2
6.39
1.04
1.02
0.34
0.05
0.06
0
1.7
6.5
1.93
0
0
0.16
0.21
0.03
0.71
0.66
0.3
8.56
2.14
1.14
3.32
0
0
0.02
0
0.01
0.01
0.02
0
0
0.02
0.03
2.38
7.09
6.23
0.94
1.98
1.46
2.56
4.16
0.7
0.21
0
0
0
1.48
3.14
2.54
0
3.63
7.47
17.91
20.02
11.02
0.27
0.85
0
0
0.02
0
0.13
0.06
0.04
6.74
0.01
0
0.73
0.67
13.99
4.07
11.76
22.71
7.35
0
0.02
0
0.28
1.26
0
0
0
0
0
0
0
0
0
0
0.21
0.78
4.94
0.53
2.11
0
0.04
0
0
0
0.42
0
0
0
0
0
0
0
1.14
4.66
0.16
0.34
0.08
0
0
0
1.3
0
0
0
1.09
0
2.31
0
0
0
0
0
0
0
0
0
0
0
0
0
0
0
0.01
0
0
0
0
0
0.23
0.3
0.52
0.02
0
0.01
0.16
0
4.34
0.18
0
0
0
0
0
0
0
0
0
0
0
0
0.22
0.01
0
0
0
0
0
0
0.04
0.19
0.36
1.08
0
0
0
0
0
0
0
0.02
0.06
0.01
0
0
0
0
0
0
0
0
0
0
0
0
0
0.01
0.01
0
0
0
0.01
0
0.98
0
0.91
0.8
0.56
1.3
1.55
0
0
0
0
0
0
0.58
0.13
0
0
0.11
0
0.01
1.13
1.92
4.18
10.19
1.57
0.07
0
0
0.25
0
0.01
0
0
0
0
0.01
0
0.12
4.06
1.84
0
1.5
6.29
9.01
4.59
9.59
10.8
1.51
0
0.67
0
0.02
1.29
7.51
6.07
0
0.57
0.83
0
0.04
0
0
0
0
0
0
0
0
0
0
0
0
0
0
0
0
0
0.88
3.95
5.5
7.66
5.24
8.09
2.7
1.72
6.63
2.27
0.48
1.31
0.73
2.24
3.17
1.06
5.64
14.33
8.44
4.32
2.66
4.7
2.61
0.71
0
0
0.48
0
0.25
2.3
6.77
4.14
5.26
9.55
0
0.34
0.98
0.01
0.91
0.02
0.02
0
0
6.99
6.65
3.77
12.84
12.26
6.34
7
4.35
1.32
4.18
5.19
1.79
2.88
3.32
0.94
0
0.13
0
0
0
0.05
0.62
1.02
0.14
2.42
2.2
1.26
0.63
0.91
0.54
0
0
0.85
0
2.07
7.93
2.33
3.44
0.01
0.01
1.07
0
0.01
0
0.37
3.04
0.67
0
0.01
0
0
0.48
0
0
0
0
0.38
0
0
0
0
0.24
0
0.65
1
0
2.49
1.75
4.94
7.74
4.68
10.96
1.27
0.31
0
0.87
1.78
0
8.05
3.09
0
0.02
4.71
0
0
0
0
1.41
1.4
1.21
0.01
0.02
0.18
0.27
0
0.12
0
2.46
2.7
2.65
10.02
5.07
2.7
0.45
0.01
0.45
2.72
12.74
3.45
0.56
1.26
0.59
4.04
3.67
3.6
6.38
1.36
0.22
0.06
0
0
0
0.08
0.84
3.7
6.77
8.3
2.41
0
0
0
3.94
3.63
3.75
2.46
0
0
0.45
0
0.12
0
0
0
0
0
0
0
2.79
0
0.68
0
0
0
1.47
0.04
0
2.09
5.84
9.35
2.76
1.62
1.89
0.21
0.35
0.88
1.02
0
2.08
0
0
0.04
0.04
0.92
2.14
6.89
2.09
0
0.59
0.97
1.48
2.75
0
0.27
0
0.02
0
0.01
1.83
4.41
1
1.03
0.84
0.57
0.85
0.95
0.72
2.44
4.54
0.71
1.66
0
0.31
2.34
0
0
5.15
0.59
2.95
0.93
0.02
0.68
0.63
0.01
0
2.16
0.09
3.89
3.48
14.53
0.89
1.77
1.66
0.31
0.68
0
1.38
0.58
0.38
0
0
0
0.53
2.02
4.37
1.16
0.46
0.14
0.05
0
0
1
1.2
0
0
0.88
1.05
0.9
4.71
0
8.48
4.07
0.02
2.64
1.83
0
0.04
0
5.3
11.14
13.88
5.03
3.45
2.34
5.75
7.25
2.75
0.14
0.55
1.18
0
0
2.28
4.22
3.52
2.81
4.27
0.58
0.66
0
1
0.87
0.11
2.08
13.79
0.68
0.39
0.01
0
0.54
3.07
8.3
7.39
0.95
1.66
0.36
0.02
0.47
0.02
0
0
0
5.26
2.11
2.03
16.75
21.53
23.3
8.96
2.08
2.99
7.18
7.09
2.25
0.73
0.06
0.07
0
0.38
0
0.38
1.22
0.73
0.29
0.91
0.77
0.01
0
0.19
0.85
0.97
4.48
0.05
1.7
7.21
4.2
2.76
2.02
1.98
3.83
3.98
1.38
0.68
1.45
0.46
2
0.52
0
0
0.68
0
0.2
4.64
2.79
0.38
0.81
0.75
1.07
0.49
0.04
0
0.3
0.08
0.53
0.03
0.37
0.74
0.02
0.21
0.02
3.21
1.09
1.33
2.23
0.05
0.2
0.3
3.11
2.25
0
0.11
0.05
0
0
0.02
0
0.41
0
0
0
0.27
0.09
0
0
0
0.04
0.55
0
0
0.61
8.1
11
7.45
6.83
6.57
15.53
13.59
7.09
2.33
5.61
17.32
16.52
11.56
5.48
0.94
0.28
0.15
0
0
0.27
0
0
0.3
0.8
0.3
0.12
6.08
5.84
4.01
1.31
0.16
0.2
1.3
2.11
4.44
9.33
7.29
5.4
0.95
3.95
5.72
2.77
2.1
1.38
0
0
0
0.34
0
0
0
0.43
0
0
0
0.52
0
0
0
0.38
0
0.76
3.36
5.82
11.59
12.77
6.89
4.23
19.61
24.57
12.9
0
0
0
0
0
0
0
0
0.48
0
0.25
0
0
5.97
0.41
0
0
1.24
0
0
0.77
0
0
0
0
0
3.59
11.07
17.03
3.11
2.79
0.57
4.12
0
0
0
0
0
0.01
0.14
0.02
0
0
0
0
0
0.1
0
0
0.04
0
0
0
0
0
0
0
0
0
0
3.45
0
0
0.8
1.89
8.13
0
0
0
1.41
7.43
26.25
4.14
0
0
0
0.01
0.01
0
0.01
0.11
0
0
0
0
0.02
0
0.16
0
0
0
0.14
0
0
0
0
0
0.09
0.02
0
0
0
0
0
0
0
0
0
0
0
4.28
14.51
13.43
1.67
0
3.45
6.7
1.75
6.01
13.38
5.46
1.09
0.01
0
0
0
1.25
0.05
0.56
0.08
1.51
0
0
0.19
2.09
4.23
0.83
0.02
1.77
0.53
4
1.25
0.38
0
0
1.52
0
1.58
0.1
0.05
1.61
0.18
0.85
0
1.13
0.06
5.41
1.52
0.11
0.16
0.01
0
0.05
0.27
1.23
1.87
0.16
0.21
2.04
0.53
0.98
0.2
0.52
0.55
0.12
0.07
2.35
3.48
0.57
3
0
0.08
0
0
0.2
0
0.48
0.02
0
0
0.42
0
0
0
0
0
0.02
0
0
0.01
0.03
0.77
0.04
0.03
0
0
0
0.07
0.17
0.34
0
1.49
1.75
0.68
3.26
3.55
4.39
3.87
0.56
0.61
0.13
0.01
0
0
0
0.06
0
0
0
0.74
0.09
1.06
0.07
0.12
0.29
0.96
1.95
1.86
0.22
0.21
0.63
1.5
0.97
0.57
0.2
0.19
0.22
0
0.01
0
0.59
0.67
1.11
1
0.05
0.46
0.74
2.25
0.05
0.08
0.37
0.18
5.88
4.05
5.23
10.19
4.12
0.06
0.46
0.85
0.21
0.05
0.15
0.06
0.06
0
0.2
0
0
0
0.03
1.43
3.7
1.1
4.8
0
0
0
0.14
0
0.06
0.04
0.01
0
0
0.02
0.24
0.98
2.33
2.84
3.52
3.89
0.42
0.18
1.71
0.1
0.57
4.94
1.21
2.28
0
0.01
0.32
0.88
0.01
0
0.05
1.6
2.48
0
0
0
0.17
0
2.11
0.98
0.02
0.08
0.04
0.15
0.18
0.01
0.97
10.14
7.04
3.79
6.07
3.45
2.71
7.82
1.47
3.56
4.48
0
0
9.61
15.34
6.33
2.14
1.42
0
0
0.63
0
0.41
0.01
0
0.08
0
0.01
0
0
0.77
1.46
6.75
6.51
6.78
4.27
3.36
4.2
1.7
0
1.19
0.03
0.21
0.09
0
7.99
22.27
3.09
0
4.06
4.05
5.16
3.53
9.22
8.27
6.2
6.19
0
0
4.9
9.38
0
0
0.01
0
0
0.34
0
0.01
0.02
0
0.33
4.4
0.04
0
0
0.02
0.02
0
0
0
0
0
0.02
0.02
0
0
0
0
0.03
0
0
0
0.01
0
0
0
0
2.22
0
0
0
0
0.27
0
0.04
0
0
0
0
0
0
0
0.01
0
0
0
0
0
0.09
0
0.02
0
0
0
1.09
2.04
0
13.04
1.67
0
0.01
0
0
0
0
1.45
1.08
0
0
0
0.01
0.01
0.02
0
0.65
1.88
8.72
4.06
0.25
0
0
0.71
0
0
0
0
0
1.96
4.71
3.29
1.71
2.83
0
0
0.56
0
0.67
0.71
1.7
6.14
9.91
8.74
1.86
0
0
0
3.41
1.68
0.05
0.02
0
0
0.18
0.01
0
0
0
0.01
0.01
3.88
3.25
0.21
0.76
4.46
7.34
6.91
5.96
6.4
0.05
0
0
0
0
0.01
0
0.03
0.23
0.1
0
0
1.11
0.46
0.1
0.03
0
0.06
0
0.08
0
0.02
0
0
0
0.02
0.01
0
0.25
1.01
5.56
11.05
9.13
2.84
0.05
0.05
0
0
0
0.02
0
0
0.47
4.4
7.92
0.3
0.46
0.03
0
0.01
0.02
0
0.18
0
0.38
0.19
0.15
0
0
0
0
0.19
0.2
0.64
0.62
0
0
0
0
0.06
0
0
0.39
2
0
1.11
1.36
3.45
1.84
11.66
19.35
4.87
1.44
0.06
0.04
0
0
0.57
0
0.93
2.19
2.54
3.62
2.7
0.86
4.29
1.85
0
0
0
0.62
2.46
0.49
0
0.22
0.88
0.05
1.59
5.12
1.82
1.2
0.04
0.11
0.05
0
0
0
0.02
0.38
1.72
1.91
5.43
1.7
0.02
0.03
0.15
0.45
2.59
2.22
6.81
9.27
0.07
0
0.7
8.05
12.32
2.89
4.99
3.45
4.14
6.02
3.89
0.24
2.15
3.21
7.23
1.72
1.16
1.59
0.06
0.02
0
0.01
0.06
1.07
3.17
2.63
0.09
0.03
0
0
0.01
0.01
0
0
0
0
0
0
0
0
0
0.01
0
0
0
0.02
0.01
2.85
0.09
5.66
2.88
2.19
0.86
15.86
3.61
0
0
0
0.04
0
0
3.13
0
0
0
0.1
0
0.05
0
0.03
0.01
0
0
0
0
0
0.23
0
0.2
1.38
2.04
8.92
0.02
2.57
3.4
0
0.01
0.69
8.47
0.07
4.04
2.79
0.98
0.7
0
0
3.36
0.69
3.33
1.07
0.23
0.88
0.14
2.49
0
0.11
0.52
6.06
1.14
0
0
0.01
0.13
0
0
0
0.23
0
0
0
0
0
0
0
0.01
0
0.03
0
0
0
0
0
0.07
0.18
1.16
0.11
0
0.03
0
0
0.01
0.02
0
0
0
0
0
0
0
0
0
0.1
5
4.1
1.71
0
0.01
0
0
0
0
0.17
0
0.51
0.09
0
0
0
0.04
0
0.75
0
0.23
0
0.48
0
0
8.32
3.31
3.21
2.5
0
0
0
0
0
0
0.08
0
0
0
0.03
0.36
7.17
6.61
0.3
1.03
0.01
1.45
9.71
3.7
1.58
0.04
0
0.64
0
0
0
0
0
0
0
0
0
0
0
0
0
0
0.2
0
0
0.22
0.22
1.31
0
0
0
0
0.12
0.04
0.15
0.07
0.07
0.04
0.03
0.84
0.28
0
0.71
0.01
0.32
1.88
5.28
0.58
0
0.01
0.04
0.67
0.28
0
2.45
1.34
0
0.84
1.16
1.37
7.34
7.02
6.31
5.93
1.52
5.89
1.87
0.21
1.49
4.39
20.8
10.16
7.69
6.55
5.9
16.63
20.38
7.89
5.92
9.87
2.63
2.68
7.31
0.3
1.03
0.25
0.01
0.01
0.01
0.05
0.11
0.01
0
0.14
0.09
0.12
0.54
0.98
2.88
0.88
1.92
0.42
1.75
1.51
0.27
0
0
0.06
5.56
2.79
1.59
0.2
0.11
0.01
0
0.06
0.07
0
0
0
0
1.67
3.38
2.04
0
1.55
2.77
3.76
2.1
0.08
0.43
1.09
0
0
0
0
0
0
0
0
0
0
0
0.06
0
0
0
0.05
0.38
2.18
13.72
14.46
5.26
8.27
1.3
6.63
16.13
3.18
5.06
3.73
0.04
0.23
0.09
0.13
0
0
0
7.42
7.36
1.9
1.09
1.34
0
0.01
0
0.89
0.87
1.09
3.49
0
0.02
0
0
1.2
0.12
0.15
0.01
0
0.01
0.01
0.18
3.96
10
6.17
5.04
2.34
0
0
0.78
0.04
1.11
1.89
3.56
0.16
0.12
0.07
0.53
3
3.26
0
0
0
0.08
2.43
7.8
16.06
9.2
0.38
0.8
0
2.66
0
0
0.02
1.24
2.91
7.37
3.64
11.26
0.13
1.71
0
2.27
3.11
2.86
0.16
3.49
5
0
0
0
1.78
0.13
2.16
9.63
16.7
0
0.14
0
0
0
0.03
0
1.52
0
0
0.05
0.09
0
0
0.01
0.02
0.08
0
0.61
0.75
0
0
0
0
0
0
0
0.04
0
0
0.04
0.01
0
0.01
3.87
0
8.8
1.52
0
0
0.63
3.17
1.71
5.82
6.9
6.05
6.68
0
0
4.88
0
0
0
0
0
0
1.14
4.38
5.39
7.48
0
5
0.66
0
0
0.01
0
0
0
0.02
0
0
0.02
0
0.01
0.05
0
0
0
0.5
0.03
0.62
0.07
1.68
3.62
0.21
1.21
4.67
14.54
14.41
0.22
0.05
0.02
1.3
0.94
2.76
2.19
1.62
0
0
0
0.07
2.75
0
3.99
5.7
2.55
0.28
5.37
6.48
0.09
0.83
12.25
3.55
9.78
4.59
0.08
0.08
0.11
1.93
0
0
0.96
0
0.25
0.12
0.84
0.02
0.35
0
1.26
1.88
4.32
3.25
8.3
5.86
1.64
0.05
0.08
0.16
0.83
5.09
4.4
3.78
2.77
1.89
0.17
0.12
0.18
0.03
0
0
0
0
0
0
2.99
6.46
0
0.32
2.75
5.09
4.28
10.61
0.99
0.6
5.55
2.88
2.72
0.15
0
0.71
3.22
0.41
2.6
7.52
21.54
7.45
1.05
1.02
2.01
1.79
5.83
7.87
7.15
11.85
15.13
8.29
3.48
0.22
0.37
0.48
1.06
0.46
2.16
0.68
0.72
3.82
1.14
11.88
4.45
2.39
4.34
9
0.07
0.13
0.35
0.01
0.05
0
0.09
0
0
0.01
0
0
0.41
3.89
4.56
1.95
2.72
1.3
2.93
0.61
1.7
0.92
2.01
0.28
0.19
1.87
1.4
6.63
10.02
12.43
16.34
9.71
1.17
0.06
0
0
0.04
0
0.21
1.03
2.98
1.73
2.88
1.73
3.55
3.46
4.02
6.34
7.17
4.82
5.5
11.34
10.82
7.08
5.48
8.28
3.76
4.59
2.59
0.24
0.03
0
0.09
0.01
0
0
0
0
0.09
8.58
3.44
4.63
2.82
4.32
0.48
4.03
8.64
8.45
10.48
6.43
0.06
0
0
0
0.02
0.89
0.84
5.47
7.94
2.78
1.84
4.01
1.7
5.01
2.23
0.03
2.8
1.39
0
0
0.04
0
0.17
0
0
0.2
0
0
0
0
0
0
0.03
0
3.61
2.27
2.28
0
0
0
0
0.14
0
1.49
1.75
0.57
0.55
0
0
0.03
0.03
0.06
0.02
0
0
0
0
0
2.63
7.59
1.11
3.25
6.74
2
0.42
0
0.7
0
0.02
0
0
1.22
12.36
0.05
0
46.31
14.47
6.13
1.5
3.7
5.69
8.6
4.2
1.24
0.52
0
0
0.02
0.09
0.48
0
0.02
0.04
0.04
0
0
0
0
0
0.34
0.01
0
0.02
12.42
0.18
1.13
0
0.74
0.27
0
0
0
0
0
0
0
0
0
0
0
0.14
0
0
0
0
0
0
0.01
0
0
0
0.04
0
3.69
4.16
0
0
0
0
0
0
0
0
0
0
0
0
0.09
0.04
0
0
0
0
1.8
4.64
5.96
0
0
0.02
0
0
0
0
0.01
0.02
0
0.01
0
1.58
3.13
0
2.81
0
0
0
0
0
0
0
0
0
0.48
5.43
8.52
2.24
0.13
0
0
0.21
0
0.09
0
3.02
3.36
3.6
0
3.92
3.09
0
11.2
16.61
15.36
8.89
3.55
1.18
1.2
0.29
0
0
3.02
16.04
9.2
0
0.02
0
0
17.6
4.43
10.2
8.89
13.11
11.02
0
0.81
10.71
14.85
6.97
3.71
1.1
3.84
0.77
2.38
5.71
2.53
2.33
0
0.55
0
3.41
3.13
1.23
0
0.13
1.05
2.36
0.61
1.01
1.77
3.19
11.14
4.48
4.05
0
0.05
0.31
1.48
0.45
0.04
0.03
2.48
0.49
0
0
7
3.31
10.77
0.05
1.83
1.91
0.57
0.19
2.16
1.6
0.09
1.22
2.9
0
2.23
0
0.25
0.02
0.73
0.88
2.51
4.86
4.3
6.21
3
2.23
4.45
2.84
2.64
4.06
1.25
0.21
0.54
0.27
0.63
1.08
1.33
2.02
0.02
0
0
0
0
0
0.73
1.14
1.49
6.66
6.7
3.09
0.77
1.63
0.19
0.86
1.18
0
0.05
0.05
0.05
0.38
0
0
0
0.25
0.01
0
0
0
0
0
0
0
0
0
0
0
0.22
0
0
0.02
0.04
0.74
0.13
0
0.01
0
0
0
0
0
0
0
0
0
0
0.01
0.02
0
0
0
0.01
0
0
1.2
5.08
5.05
0.88
2.68
1.38
1.21
0
0
0.02
0
0
0
0
0
0.02
0
0.03
0.3
6.67
6.17
1.04
4.34
2.3
0.04
0
0.13
0.16
0.24
4.09
4.67
0
0.49
1.12
1.56
7.39
6.48
0
1.34
0
1.45
4.63
4.27
0.01
0.1
0
0.09
0.23
4.29
0
2.06
1.18
0
1.98
0
0
0
0
0
0
1.26
0.01
0.31
0.32
0.04
1.18
5.45
0.09
0.67
0
5.6
3.93
5.63
20.02
9.73
1.33
0.27
0
0
0.11
0.18
0
0.06
0
0
0
0
0.02
0.11
0.3
0.4
0
0.02
0
0
0.05
0.28
4.55
1.6
6.58
3.13
0
0.02
1.72
1.69
4.86
0.19
0.01
0
0
0
0
0
0
0
0
0
0
0
0
0
0
0
0
0
0.01
1.13
0
0
0
5.14
2.66
0.38
1.07
6.8
4
2.15
0.07
0
0
0
0
0
1.21
5.55
7.29
2.34
0
3.82
0.18
0.01
0
0
0
0.01
0
0
0.01
0
0
0
0.02
0
0
0
0
0
0.81
2.85
12.73
2.68
5.92
0.01
0
0.47
0
5.62
0
0
0
0.02
0
0
0
37.41
28.46
0.26
0
0.01
0
0
0
1.04
4.25
11.15
16.98
7.19
1.19
0.01
0.4
0
0.77
7.48
0.23
0
0
0
0
0.01
0.1
2.5
13.51
4.52
0.23
1.51
0
0
0
0
0
0
0
1.68
1.19
0.61
3.36
0
0
0
0.01
0
0.01
0
0.01
0
0
2.77
5.43
10.81
11.21
2.16
5.25
3.12
3.11
2.43
0.94
1.18
7.82
10.52
4.32
1.91
0.63
15.88
10.04
1.88
20.93
1.98
0.1
0
0.71
0.67
0.28
0.54
0
0.16
0.17
2.7
0.01
0
0.03
0.04
0.03
0.17
0.12
0.37
0.27
0
0.01
0
1.34
5.37
5.45
13.57
11.24
1.07
0.89
0
9.89
5.16
3.72
12.42
3.85
1.02
0.28
0
0.18
0.09
0.38
1.24
3.41
3.08
4.05
10.44
3.82
0
4.16
6.3
4.33
0
0.01
0
0
0.08
0.06
0
0
0
0
0
0.02
1.23
0
0.03
0
0
0
4.59
1.6
0
0.01
0
0
0.03
0.16
0
0
0
0.01
0
0
0
0
3.09
5.34
5.71
5.3
10.12
2.64
0.21
5.44
6.74
5.61
4.46
0.41
3.99
7.46
4.1
0.55
2.16
0
0
2.55
0
0
0.1
0.72
0.41
3.62
4.12
0.52
0.03
2.36
0
0
0.01
1.46
0.54
0.05
0.17
0
0
1.45
0
0
0
0.01
0.04
0.03
0.05
0
3.46
3.76
3.42
4.27
6.04
6.18
4.88
0.23
0.16
1.48
0
0.01
8.66
4.74
3.95
5.79
3.87
7.63
8.02
2.57
0.21
0.16
0
0
0
0
0
0
2.06
0.4
0.82
0
0
0.09
0
2.71
11.77
0
6
0.02
0
2.3
2.23
5.61
7.59
2.87
0
0.2
14.22
7.23
0.02
0
0.38
2.59
2.47
0
0
0.07
0
0.01
0.07
1.09
10.63
9.29
3.52
0
0.09
0
0
0
0
0
0
0
0.87
7.34
10.23
2.95
2.08
7.04
0
0
0
0
0
0
0.01
0
0
0.01
0
0
0
0
0.01
0
0
0
0
0
0
0
0
0
0
0
0
0.04
0
0
0
0.06
0
0.04
0
0
0
0
0
0
0
0
0
0
0
0
0
0
0
0
0
0
0
0
0
0.02
1
0.04
0
0
0
0.02
0.04
0
0
0
0
0
0.01
0
0.01
0
0
0
0
0.39
1.38
0
0.4
2.09
3.47
4.63
0
0
0.02
13.16
19.24
14.21
0.27
0.08
0
0
0
0.43
0
0.57
0.12
0
0.01
0
0.03
3.28
0.23
1.49
7.28
19.81
3.04
0.36
0
1.23
0.5
0
0
3.05
0
0
0.23
8.49
3.38
0
0
0
0.05
0
0.11
10.56
7.91
3.85
6.16
2.21
0.76
2.92
0.96
1.04
0
0
0
0
0
0.85
0.76
0.25
2.95
0.52
0.35
0.25
0.41
0
0
0.02
0.01
0
0
0
0.01
0
0
0
0
0
0.01
0.02
0
0.13
0.82
1.54
3.01
0.03
0.08
0
0
0
0.01
0
0
0.73
0.57
0
0.97
4.3
9.57
14.93
11.21
5.46
8.95
7.85
0.96
3.05
4.84
10.82
1.34
3.64
5.21
7.96
3.54
2.61
2.72
1.31
0.72
2.05
3.26
1.16
1
0.08
0
0
0.07
0.03
0.05
0.02
0
0.02
0.02
0.08
0.13
2.75
2.09
2.86
3.46
0.31
5.59
0.3
2.8
11.32
13.3
1.82
1.3
1.71
7.81
21.14
4.73
2.57
7.96
3.45
1.65
0.84
0.43
1.62
1.47
0.08
0.09
0.23
0.21
0.32
0
0.38
0.22
0.07
0
0.66
5.63
3.44
6.32
4.87
4.9
0
0.12
0.79
5.3
0.11
0
0.28
0.04
0
0.05
0.7
0.11
0.01
0
0.7
0.13
0.73
1.62
0.1
0
0.02
1.2
4.02
1.77
0.2
1.43
16.75
16.94
15.56
6.17
4.57
3.2
0
0.1
3.22
4.95
7.78
0.51
0.61
0.13
0
0
0
0
0
0
0
0
0
0
0.65
0
0
0.51
0.03
0.78
0.9
0.06
0
0
0
0
0
0
0
0
0
0
0
0.19
1.25
0.47
0
0.14
0.04
0.65
3.17
2.18
3.92
0
0.45
1.85
6.66
9.27
3.26
0.29
0.03
0
0.69
0.02
0.39
3.34
1.07
0.27
0
0
0
0
0.01
2.23
0.42
0.1
3.95
0
0.24
5.4
3.8
1.07
8.05
5.16
0
0
0
0.03
2.85
0.05
0
0
0
0
0.09
0.36
0.03
0
0.01
0.08
0
0.04
0
0
0.09
0
0.02
0.24
8.29
27.23
3.79
1.72
0.24
5.11
0
8.86
1.61
0
0
0
0.01
0
0
0
0
0
0.01
1.25
0.03
0.01
0
0.04
0
0
0
0
0
0
0
0
0.04
0
0
0
0
0
0
2.57
10.35
5.34
0.57
0
0
0
0
0
3.95
7.61
11.09
6.92
2.39
2.54
6.45
4.47
1.12
0.13
0
4.42
1.67
0
0.05
0
0
0
0
0
0.05
0.53
0.11
0.01
0
0
0
0
0.06
0
0
0
0
0
0
0
0
0
0
0
0.03
0
0
0.01
0.01
0.05
0.89
0.14
1.09
18.47
3.53
7.13
12.1
4.54
13.71
14.08
5.63
0.38
0.54
10.32
0.43
6.16
16.49
29.31
12.57
19.1
2.8
0
0.09
0.56
0.06
0
0.06
0.04
1
6.56
7.44
0.18
2.93
5.2
0.42
2.43
9.71
4.23
3.74
0.6
4.2
2.35
0.35
0.59
4.34
6.52
1.95
0.11
12.85
1.7
0.25
4.69
1.61
0.41
0
0
0.02
0
0.01
0.24
0.02
0
0
0.04
0
0
0
0.02
0
0
0.05
0.13
0.09
0.02
0
0
0.19
0.84
2.81
0.02
0.02
0
0.01
0.01
0.16
0.06
0
0.01
0.01
0
0.01
0
0
0.01
0.17
0.09
0
0
0
0
0
0
0
0
0
0
0.12
0
0
6.96
13.06
5.55
5.62
5.81
13.34
0
0.16
3.38
4.27
11.33
18.54
2.6
5.06
5.02
4.78
0.48
0
1.59
0
1.15
0.34
0.09
0.42
0.07
0.53
4.97
8.87
1.95
1.37
2.97
0.27
0.02
0.12
0
6.29
5.73
3.7
0.61
0.02
5.15
0.29
0
0.12
3.85
5.88
0.94
5.76
5.02
2.12
1.46
2.13
0.55
1.16
0
0
1.61
1.55
1.3
0.25
0
0
0.16
15.66
6.87
15.02
7.43
0.64
0
0
0
0
0
0.43
0.1
0
0
0
0.59
0.07
0
0
0
0
0
0.02
0.1
0
0.13
0.65
0.48
0
1.25
0.79
0.68
0
0
7
0.65
5.32
0.87
0.02
0
0
0.01
0
6.97
0.68
6.65
1.39
0.39
0.13
2.45
0
0
0
0
0
0
0.01
0.03
0
0
0
0
1.72
8.16
14.77
5.72
21.34
8.22
0.36
8.13
31.7
11.91
0
0
0
0
0
1.89
0.02
0
0.01
1.25
0
0.01
0
0
0.16
1.07
0.62
0.03
1.15
2.52
0.07
0.22
2.53
0.09
1.76
0
0.81
3.02
0.55
0.03
0.02
0
0.59
0.1
1.79
0.01
0
0
0
0.74
0.02
0
0
0
0.43
1.98
1.89
0.01
0
0
0
0.25
0
0
0
0
0.01
0
0
0
0.04
0
0.01
0
1.43
0
0.02
0.31
0
0.1
0
0
0
0
0
1.93
0.01
0
1.87
1.58
0.55
0
0
0
1.26
3.79
0
0
0
0
0.32
3.03
3.06
1.72
6.28
2.65
5.75
0.91
0
0
0.04
0
0.03
0.29
3.78
4.41
10.27
4.52
7.4
1.77
0
0
0
0
0
0
0
0.42
0.07
0.14
0
0
0
0
0
0
0.01
0
0
0.87
9.5
24.93
6.68
0.03
0
0
0.08
0
0
0
0
0
0
0
0.01
0.02
0.01
0
0.02
0.02
0.02
0.01
0
0
4.61
1.52
0.13
0.3
0.67
0.16
0
0.02
1.7
0.23
0
0
2.25
0.79
0
0
1.05
1.71
3.75
2.58
0.03
0.27
1.59
0.98
0.68
8.19
1.68
0.99
0.09
6.76
0.13
0.7
0.24
0
1.28
0
0.48
0
1.73
0.04
0
6.03
0.9
0.68
1.94
0.15
0.56
0.02
0
0.49
5.92
6.79
3.95
4.78
0
0
0
0.02
0
0.71
5.16
4.05
3.77
7.7
0.08
0.25
0.38
0.45
0
0.01
0
0
0.02
0
0
0
0
0
0
0
0.54
0.04
0.92
0.2
0.67
3.28
5.85
2.25
1.9
4.2
3.44
3.11
13.79
20.82
6.19
4.8
8.91
0
0.08
0.54
0.07
1.88
7.58
8.63
6.55
3.88
7.25
3.85
4.96
3.14
0.5
0
0
0.17
1.46
0.01
0
0
0
0
0
0
0.41
3.77
7.82
0.41
1.33
5.15
4.78
1.84
0.37
0.44
0
0
0
0
0.07
0
0
0
0
0
0
0
0.01
0
0
0
0.07
0
0
0
0
0.16
6.44
1.15
0.27
0
0.13
0
0
0
0.01
0.01
0.01
0
3.4
0.06
0
0
13.26
15.72
0.52
0
0
0
0
0
2
5.69
0
0.01
0.23
0
0.02
0.49
10.27
0
0
1.51
4.51
2.77
0.32
0
0
0
2.03
1.88
0
1.3
0
0
0
0
0
0
0
0
0
0.01
0.02
0.56
1.13
1.73
3.05
0
0.02
0
0.21
0
0.02
0
0
0
0
0
0
0
0
0
0
0.04
0.59
0
0.04
0
0
0
0
0
0.76
11.65
2.91
0
0
0
0
0
0
0
0
0
0
0.27
0.02
0.02
0.83
0
0
0
0.02
6.1
3.41
4.62
0
0
0
0
0
0
0
0
0
0
0
0
0.78
0
0
0
0
0
0
0.01
0
0.84
0
0
0
0
0
0
0
0.02
0
0
0
0
0
3.48
21.5
11.65
10.37
6.82
7.02
19.55
0.45
0.04
0
1.27
17.13
5.32
7.87
2.59
16.79
4.98
2.85
0
0.04
0.05
0.28
0
0.26
1.68
4.7
10.67
0.12
0.84
0
0.58
3
5.16
0.39
5.45
14.2
7.56
0.85
0
0
0.83
8.87
15.21
20.52
9.2
1.36
3.58
0
3.3
6.2
3.99
2.47
1.06
2.47
11.47
6.57
12.52
3.34
12.84
1
0
0
0
1.7
0.54
1.42
1.17
5.99
0
0.87
6.3
0.91
0
0.56
3.96
14.59
2.39
1.81
0.15
0.05
0.05
0
0.01
7.96
0.57
0.06
0.01
0.7
2.29
0
0.93
2.16
0.08
1.38
14.7
3.96
1.48
0
0.01
0
0
0.16
0.11
0
0
0
0
4.91
5.03
2.59
11.65
5.9
2.65
6.81
5.61
8.4
11.37
15.74
12.71
13.24
10.37
7.91
3.97
2.04
3.47
0.27
0
0.26
3.32
0.97
0.15
0.18
0.84
0.16
0
0.01
0
0.05
0.2
4.66
14.15
5.77
21.06
9.29
0.75
9.92
6.43
0.88
4.58
5.77
21.32
6.86
4
0.41
0.8
0.2
0.89
18.24
1.94
0
0.04
0.98
0.32
0.02
0
0
0
0
0
0
0
0
0
0
0
0
0
0
0
0
0
0
0.01
0
0
0
0
0
0
4.11
6.71
9.24
3.05
3.11
4.97
2.57
2
8.4
10.93
8.87
9.65
4.35
2.06
8.7
22.42
5.59
0
0
5.46
0.3
0
0
3.66
0.54
0.39
0
6.16
0
0.24
0.14
0.08
1.93
5.38
0
0
0.04
0
0
0
0.03
10.64
6.48
0.11
0.01
0
5.06
1.54
8.18
0
0.01
0
0
0.36
0.85
1.5
0
0.07
0.28
6.98
10.34
0
3.45
5.61
5.12
7.59
1.04
0
5.44
14.34
5.95
0
0
0
2.49
4.33
0
0
0
0
0
0
0
0.21
0
0
0
0
0
0
0
0
0.72
2.51
0
0
0
0
0
0
0
0
0
0
0
0
0
0.01
0
0.01
0
0
0
0
0
0
0
0.31
0.03
0
0
0
0
0
1.51
0
0
0
0
0
0
0
0
0
0.01
0.11
0
0.02
0.03
0
0
0
0
0.48
0.02
0.01
0
0
0
0
1.88
1.77
0.02
0
0
0
0
0
0
0
0
0
5.61
0
0.01
0.28
1.01
3.2
0.31
0
0
0
0
0.01
0
0.01
0
0
0
0.34
8.69
6.5
0.45
1.32
2.77
2.42
10.5
5.04
1.13
0
20.18
13.32
1.62
0
0
0
10.02
15.32
6.4
2.13
1.55
9.14
5.25
4.23
1.47
0.02
0.02
7.58
9.84
3.98
0.07
0.55
0.43
0
0
0
3.85
1.2
11.53
24.64
19.36
7.05
8.8
5.87
0.68
0
0.02
0
0.02
0.01
0.01
0.13
0.31
0.13
0
0.18
0.8
0.01
0
0
0
0
0.99
0.42
1.97
5.14
5.29
0.24
0
0.3
0.16
0.01
0.01
0
0
0
1.02
0
0
0
0
0
0
0
0
0
0
0.01
0
0
0
0.07
0.01
0.63
0.34
0
0
0
0.13
0.61
2.64
0.9
0.49
1.02
11.32
8.21
2.88
0.09
0.01
0.03
0.41
0
0
0.03
4.84
2.84
7.14
2.21
0.52
0.13
0.38
0.18
0
0
0.15
0
0.01
0
0
0
0
0.49
0.84
0.4
0
0.07
0.03
0.45
0.97
3.06
3.69
7.8
9.88
13.96
5.39
0
0
0
0
0
0.02
2.89
0.83
0.22
0
0
0
0.1
0.01
3.98
1.4
0
17.71
8.64
0.07
0
0.01
0.01
0.05
0.02
0
0
0
0
0
0
0
0
0
0
0
2.44
11.82
2.21
0.93
1.08
0
0
0
0.01
0.27
0
5.9
13.08
8.91
8.71
1.21
2.07
1.63
1.89
2.82
2.35
4.26
0.6
1.69
1.16
0.1
0
0
0
0.05
0
0
4.62
0
0.07
3.87
2.65
0.35
0
3.34
3.48
0
2.99
3.27
3.19
1.93
1.46
4.14
3.42
1.17
5.13
3.88
1.58
0
0
0
0
0
0
0
0
0
0
0
0
0
0
0.28
0
2.98
3.95
6.55
8.28
0.4
0.55
0
0
0.41
0.04
0.36
0.84
0
0
0.08
0.05
0
0
0
0
0
0
0.06
0
0
0
0
0
0
0
0
0
0
0
0
0.1
0
8.23
10.63
0.52
0.95
0.17
0
0
0
0
0
0.02
0
0.07
0.05
0.11
0
0
0
0.09
0
0
0
0
0
0.61
0.36
0.16
0
0.39
0.75
0
0
0
0
0.25
0
0
0
0
0
0.02
0.02
0
0
0
3.9
0.16
0.13
0
0.9
0
0.06
0
4.66
8.33
0
2.28
0
0
0.01
0.01
0
0
0
0
0
0
0
0.01
0
0
0
3.35
0
0
0
0
0
0
0
0
1.16
0.07
0
0
0
0
0
0.02
0
0
0
0.01
0.23
1.07
0.57
0
0
0.01
0
0
0.37
3.53
2.99
9.45
3.86
0
0
0
0
0
0
0.01
0
8.35
1.53
6.59
3.1
0.96
4.07
8.6
4.16
0.46
0
0
0
12.1
26.32
16.08
23.82
1.25
0.27
3.14
0.79
0.21
0
2.34
7.24
18.79
0.91
0.18
0
0
0.03
0
0.04
0
0
0
0.14
0.34
0.01
0
0
0
0
0
0
0.01
0.04
0.04
1.36
0.21
0.07
0
0.05
0.06
1.68
1.77
0
0.15
0.43
0.81
0
0
0.03
0
0
0
0
0
0
0.3
0
0
0
0
0
0
0
0
0
0
0
0
0
0
0
0
0
0
8.49
1.59
0
0
0.03
0
0.55
0.92
8.77
10.37
5.53
11.4
7.8
2.09
4.27
9.25
7.47
7.11
4.53
1.82
0.69
3.59
2.31
2.43
6.66
3.53
0.62
3.29
8.36
2.56
2.4
0
2.35
6.25
1.26
0
0
0
0.13
1.89
11.96
0.66
0
0.02
0
0.01
0.04
0
0.03
0
0.06
8.97
1.59
1.04
0.05
0
0.25
10.96
0.29
0.25
1.55
20.97
11.29
0.5
0
0.08
0.08
1.9
6.48
2.77
1.15
0
3.26
1.82
0.91
7.18
12.13
3.54
0.88
0.04
0.6
0
0
4.34
4.39
12.99
4.09
0.31
0
0.01
0
5.16
2.53
0.29
0
0.18
0.29
4.77
9.94
3.25
0.37
4.68
0.24
0
0
0
0
0
0
0
0.04
0
16.37
2.46
0.05
0
0.83
7.29
1.14
5.11
4.08
2.81
0.59
0
0.01
0
0.97
0.73
0
0
0
0
0.03
0
1.39
0
0.02
1.69
7.61
2.69
0
1.89
1.58
0.88
0
0
0.18
1.38
0.91
0
0
0
0.01
0
0
0.01
0.01
0
0
0
0
0.02
0.69
2.47
1.05
0.09
0.21
0
0
0
0
0
0
0
0
0
0.02
0
0.05
0
0
0
0
0.01
0
0
0
0
0.07
6.62
1.76
0
0
0
0
0
0
0
0
0
0
0.09
0.01
0
0
0.64
0.88
0
0
0
0
0.07
1.41
6
13.01
2.86
0
1.27
1.73
0.31
0
0.67
0
0
0
0
0
0
0
3.08
4.13
1.11
5.21
7.42
0
0.01
0
0
1.02
0.05
0.04
0
0
0
0
1.56
0.01
0.02
0
0
0
0
0
0.01
0
0
0
0
0
0
0
0
0
0
0
0
0
0.14
0
0
1.3
0.57
0.04
0
0
0.01
3.07
10.16
11.11
6.66
3.67
1.93
8.4
1.41
4.7
1.4
0.42
0.48
0.21
0.02
0.19
0
13.76
3.34
0
0
0.02
0
0
0
0
0.41
0
0.04
7.82
5.2
5.55
1.38
1.13
8.68
1.5
0
0
1.01
1.99
0
0.75
4.33
1.36
0.36
3.99
1.15
12.61
21.84
16.96
3.64
0.93
1.16
0.2
0
0.05
0
0
0.51
0.07
0
0.3
0
0
0
0
0
0
0
2.77
0.62
0.27
2.74
3.09
3.31
4.86
12.51
4.94
9.75
1.65
0.27
0.24
0.05
0
0
0
0
0
0
0
0
0
6.31
3.86
0.02
0
3.05
3.64
0.34
0
0.01
0.24
0.78
0
0
0
0.01
2.61
1.8
0.31
0.06
1.23
21.6
10.81
4.85
13.78
15.59
4.25
0.39
0.06
0
2.47
18.85
1.49
9.36
9.88
6.21
5.34
1.59
5.65
0.73
1.29
0.06
0.93
5.54
23.18
4.36
4.96
16.87
12.05
2.59
0.37
0.01
7.26
4.9
0.14
3.14
0
0
0
0.03
0
0.05
0
4.3
11.21
9.62
1.54
0.34
2.82
3.58
4
0
0.01
0
0
0
0
0
0
0
0
0.01
0
0.48
0.02
0
1.99
11.45
7.77
18.27
11.92
0.73
0
6.17
8.08
6.43
6.45
2.14
4.52
2.34
7.4
1.45
1.18
0
0
0
0
0
0.14
4.25
0
0
0
0
1.72
4.76
4.31
7
0
10.84
8.96
4.53
0.67
0
0.05
0
0
0
0
0.01
0
13.83
12.62
19.39
10.11
1.5
8.73
3.61
1.39
0
0
0.89
0.07
0
0.23
1.93
10.19
0.01
0
0
0.04
0
0
0
0.99
0
0
0.19
1.48
0.82
0.07
0
0
0.01
0
0
0.01
0
0
0
0
0
0
0.02
0.02
0
0.08
0
0.16
0.87
0.98
0
0
0
0
0
0.14
0
0
1.15
0.74
1.02
0
8.64
0
0.09
0
0
0
0
0
0
0
0
0
0
0
0.01
0
0
0.01
0
0
0.02
0.55
9.75
17.65
5.68
5.96
0
2.39
0.53
6.11
5.63
2.1
0.16
0
6.8
6.91
7.69
15.3
2.56
0.71
8.15
0.72
0.07
0.02
0
0
0
0
0
0
0
15.57
5.46
0.11
0
0.04
0.34
4.46
0.78
0
0
0
0.01
0.02
2.92
5.16
1.19
0.01
0
7.02
11.08
13.09
4.32
0.05
1.34
0.08
0
0.01
0
0
0
0
0
0
0
0
0
0.02
0
0.59
1.51
1.64
0.01
0.32
28.29
9.7
0.64
1.88
0.01
0.63
0
0.05
0.32
1.26
4.27
19.63
8.81
4.82
4.22
0.82
0
0
0.11
0
0
0.04
0.13
1.89
0.73
1.37
0.07
0
0
0
0
0
0
0.08
0.01
0.07
3.55
0.22
0.23
0
0.13
0.71
0.08
1.23
9.7
10.71
2.95
2.7
4
5.63
10.14
1.37
4.88
19.61
13.79
4.43
0.91
4.79
11.45
11.74
15.13
10.34
3.85
2.12
5.36
3.76
0.61
0.2
0.1
0.46
7.79
0.34
0
0.01
0.55
5.61
10.41
2.99
1.3
1.91
0.47
0.62
2.68
0.21
0.02
2.62
1.45
2.75
0.57
0
0
0
0
1.04
1.54
0.84
1.36
0.89
0.06
0
0
0
0
0
0
0
0.12
0.2
0.24
0.1
0
0
0.33
0
0
0.01
0
0.23
3.83
1.59
0.59
0
3.4
3.79
1.15
0.68
0.03
0
0
0.08
0.11
4.18
0.61
0.2
3.16
2.69
0
0
0.06
0.94
0.48
0.2
0
0
0
0
1.35
7.48
1.73
0
0
1.16
0.85
0
0
0
0
0
0
0
0
0
0
0
0
0
0
0.67
0.72
0
0
0
0
0.02
2.79
2.92
7.05
2.63
2.94
3.95
1.81
2.63
2.5
0.01
2.31
5.21
2.24
0
0
0
0
0
0
0
0.01
2.01
0
0
0
0.34
0
0
0
0
0.02
0
7.91
2.34
2.88
9.06
1.21
0.13
2.82
0.59
0
0.07
0
0
0.07
1.06
0.07
0
0
9.48
4.06
0.17
0
0.05
0.01
0.01
0
0
0
0.01
0
0
0
0.41
0
0
0
0
0.09
0
0
4.51
0
0
0
0
0.04
0
0
0
0
0
0
0
0.02
1.65
0.05
21.07
15.11
4.46
14.75
0.2
0.03
0.01
0.01
0
0
0
0
0
0
0
0
0
0
0
0
0
0
0
0
0.01
0.02
0
0.01
0
1.1
0
0
0
0
0
0.02
0
0
0
0
0
0
0
0.02
0
0
0
0
0
0
0
0
0
0
0
0
0.81
0.3
0.93
3.71
0.16
0
0
0
0
0
0
0
0
2.11
10.59
2.29
2.18
4.01
0
0.32
0
0
0
0
0
0
0
0
0
0
0
0
0
0
0
0
0
0
0
0
0
0
0
0.32
8.96
1.81
0
0
0.13
9.18
4.5
3.7
1.14
1.09
0.62
8.89
1.81
12.65
0.61
0
0
3.12
0.6
0
0
2.9
3.92
1.37
0
0
0
0
0
0
0.02
1.55
14.36
0.71
0.19
0
0.11
0.05
0
0
0
0
0
0
0
0
0
0
1.95
3.08
0.91
3.38
1.58
0.7
0.07
0
0
0
0
0.12
0
0.01
0.01
0.38
0
2.98
2.77
2.9
1.12
0
0
8.71
4.72
10.87
10.49
1.3
6.67
9.95
2.79
1.77
3.81
0.04
0
2.21
1.36
0
0.01
0.02
0
0
0
0
0.03
0.06
3.48
0.68
0.59
0
0
0.02
7.52
0.73
0.09
0
0.17
0
0
0
0
0
0
0
0.01
0.12
0
0
0
0
0
0
0
10.46
3.13
0.04
0
1.09
1.89
2.88
0.33
3.6
9.02
15.01
21.25
0.7
0.76
0
0
0
0.01
0
0
0
0.17
2.23
0.17
5.83
8.17
5.08
6.3
0
9.91
2.38
3.08
1.5
0.09
0.64
0
3.15
0
0
0
0
0.05
0.01
0
2.04
38.49
7.57
0.86
0.01
0
0.17
3.44
7.02
12.25
2.98
0.13
0
0
0
8.73
14.78
4.52
0.09
0
10.2
30.24
7.34
5.2
9.01
10.19
4.31
12.48
1.59
3.46
4.28
13.57
5.45
17.23
5.81
2.15
1.18
1.21
0.94
0.12
2.48
2.64
15.65
11.03
7.83
4.02
4.06
3.81
5.09
5.93
9.59
1.63
0.31
11.92
2.35
0.24
6.12
0.7
0
0
0
0
0.73
0.52
6.68
0.63
0
0
0
0
0.05
4
6.57
3.76
4.77
0.13
0
0.28
0.13
0
0.18
0
10.07
2.53
10.27
3.43
7.66
0
0.02
0
0
0
0
0.02
0
0
0.52
0.02
0
0
0.04
0
0
0
0
0
0
0.01
0.1
0.12
0
0
0
2.05
0
0
0
0
0
0
0
0
0
0
0
0.73
0.35
0.04
0
0
1.8
0
0
0
0
0
0.25
0
0
4.12
18.35
3.52
0.04
0
0
0.89
0.68
0
0
0
0
0
4.67
1.24
0.78
24.8
2.3
0
0
1.03
0.66
0
0
0
0
0
0
0
0.02
0
22
0.89
0.01
1.51
1.31
1.82
0.13
0.01
0
0
0
0
0
0
0
0
0.01
0
0.96
0
0.01
0
0
0
0
0
0
0
2.79
8.93
5.53
1.66
0.03
1.55
0.66
0
0.29
0.1
0
0
0
0
0
0
0.18
0.14
1.21
0.7
0
0
0.73
3.44
6.2
2.2
0
6.47
3.2
10.05
4.77
1.48
0.16
0
0
0
0
0
0
0
0
2.17
0.16
0
0.04
0
0
2.42
5.24
2.68
3.8
0.51
1.5
1.86
12.62
5.8
0.62
2.8
0
0
0
0.56
0
0
8
4.57
0
2.04
0.84
5.41
4.74
2.71
6.83
4.83
0.23
0.53
4.5
2.32
0.09
0
0
0
0.01
0.73
0.05
0.01
1.02
9.19
9.77
28.4
13.48
10.28
8.27
2.05
1.63
0.69
5.53
5.84
23.91
0
1.31
0
0
3.79
3.66
0.36
0.17
0.94
0.04
0
0.11
0.47
0.17
0.52
0.79
0
0.95
5.54
2.08
4.21
16.07
7.77
6.93
5.29
0.55
0.11
0.13
2.92
1.96
1.66
1.58
4.21
0
0
0
2.67
1
0.2
0
0
0
0.07
0.04
0
0.01
0.24
0.34
0.6
0
0
0
0
0
0
0
0.2
3.6
1.23
3.55
0.11
0
0
0
0.02
0
0
0.35
0.59
0.11
0.81
0.06
1.44
0.04
1.35
0
0
0
1.67
5.67
2.88
2.91
0
0.09
0.51
0.59
0
0
0
0.05
4.3
3.95
10.15
0.84
4.41
1.43
0.82
7.3
0.37
0
0.05
0.02
0
0
0
0.01
0
0.06
0.52
1.27
0
0.2
0.59
0.11
0.16
0
0
0
0
0.04
0
2.35
12.04
13.87
0.84
5.01
1.68
0.16
1.63
4.8
2.68
0.66
0
0
0
0.45
0.04
0
0
0
0
0.04
0
0.7
0.02
0.98
0.02
0.02
0
0
0
0.01
0
0
0
0
0.01
0
0.02
0
0
0
0.02
0
0.84
1.61
11.55
2.19
5.93
0
0.02
2.57
2.59
1.77
0
0
0.41
0
0
0
0
2.97
0.57
0
0.08
0
0
0
0
0
0
0
0
0
0
0.01
0.01
0.02
0.66
0.13
0
2.23
0.18
0.27
24.52
6.53
9.55
6.28
1.71
0.59
2.95
0.42
0.07
0.05
1.24
0.31
0
0
0
0
4.81
19.51
20.5
19.34
2.72
0
4.7
3.41
0
0.01
0
0
5.86
2.23
0.41
0
2.02
7.38
2.2
0.84
1.78
11.02
3.59
16.24
1.79
0.05
0
0
0.52
0.72
5.53
1.96
0.04
0.05
0.05
0.64
1.58
6.78
2.94
0.29
0
0.25
2.78
1.83
6.13
12.04
3.14
0.36
5.59
0
0.88
0.2
0.03
0
0.01
0
0
0
0
0.35
0.11
2.76
2.82
0.67
0.13
0.02
0.07
0
0
0
7.25
5.83
4.25
0.27
3.57
3.41
0.16
0.03
0.39
16.81
7.48
0.09
0.45
0
0
0
0
0
0
0
0
0.01
0
0
0
0
0
4.66
7.51
11.47
1.97
0.36
0
2.41
0.28
0
0.07
0
0
0
0.09
0
0.41
0
0.3
0.05
4.1
3.45
1.36
16.67
6.36
0.47
1.57
3.2
4.37
1.6
0.28
0
0
0
0
0
0
0
0.41
3.24
0.23
0
0
0.01
0
0
0
1.07
0.44
0
0.63
0.65
2.71
0.93
0.69
0.13
0
1.08
0.51
0.01
0
0
0
0.02
0.01
0.16
0
0
0
0
0
0
0
0
0
0
0
0
0
0
0
0.57
0
0.14
0.02
0
0.01
0.19
0.14
0.28
6.28
3.42
0
1.41
11.21
0
0
0
0
0.11
0
0
0
0
0
15.98
4.36
0.8
0.15
0
0
0.03
0
0
0
0
0
0
0.05
12.84
11.31
0.37
0
0
10.23
0.1
0
0.04
4.61
0.69
4.17
1.09
1.66
0.25
0.15
0
0
1.53
0
0
0
0
0.02
5.32
3
12.49
13.32
8.51
1.33
0
0
0
0
0
0
0
0
0
0.29
1.34
1.48
17.31
7.74
4.02
7.98
0.15
0
0
17.94
6.31
5.17
4.86
0
2.27
11.32
3.05
0
0
0
0
0
0
0
0
2.86
0.15
0
0.01
0
0
0
0
0
0
0
12.8
5.35
0.4
0.02
0.08
3.11
10.95
2.67
1.28
1.54
0
0
0
0.01
0
0
0
0
0
0
0
0.73
0
0
2.65
0.44
1.38
0
0
0
0
0
0
0
2.2
9.96
1.27
0
0.3
0.02
0.02
6.27
0.32
1.58
0.48
0.78
1.85
0.11
1.98
0.11
0.63
0.57
0
0
0
0
0
0
0.01
0
0
0.38
2.13
1.06
0
0
0
0
0
0
0
0
0
0
0.01
0
0.01
0
0
0
0
0
0
0
0.01
2.32
0
0.7
0.13
0
0
0
0
0
0.29
3.66
0.29
2.71
1.28
2.86
2.95
11.39
0
1.65
9.82
5.5
0
0
0
0
0
0
0
0
0
3.43
4.9
1.61
7.31
8.33
3.29
14.29
6.23
0
0
0.01
0
0
0
0
0
0
0
0
0.01
0.02
0.06
0
0
0
0
0
0.02
0
0
0
0
1.18
0.12
0
0.01
0
0
0
0.01
0
0
0
0
0
0
0
0
0.22
1.25
13.9
9.67
5.34
16.84
9.91
10.86
6.7
0.39
0
0
0
0
0
0
0
1.47
0.88
8.7
6.75
5.23
6.58
7.54
0.16
0
0
0
0
0.01
0.02
0.08
0
0
0
0
0
0
0.03
4.43
2.06
0.99
6.13
1.33
0.6
0.93
0.19
6.93
2.49
0.87
0.41
9.91
0
0
0
0
6.73
9.09
2.27
2.55
3.38
2.53
1.94
0.57
10.38
1.19
0
0
0.2
0
0
0
0
0.09
1.41
2.7
0.29
0.83
1.25
0
0.07
0.14
1.3
6.25
4.71
4.75
2.38
0.24
0
0
0
0.05
2.15
20.8
6.1
6.03
2.02
1.06
4.64
2.74
2.37
0.88
0.03
0
0
2.2
20.9
2.55
0
0
0
0
0.36
6.71
9.59
2.71
2.61
0.8
4.22
0.3
0.01
0
0
0
0.77
3.98
0.01
1.05
0.46
1.63
4.56
1.55
16.04
9.05
0.22
0.66
9.22
5.03
1.78
1.31
0.45
0
0
0
2.32
0.09
0
0
0
1.89
0
0
0
11.9
0.55
0
0
0
0.65
23.53
5.97
0
0.11
0.67
0.11
0
0
0
0
0.73
0.14
0.58
0
2.07
0.68
0
0
0.32
5.01
5.38
13.66
5.7
6.25
0.2
11.01
0.9
0
0
0
0
7.78
1.97
12.11
1.66
0
0
0
0
0.19
11.77
7.88
1.09
0.01
0
0
0
0.02
0
3.32
6.6
2.16
0
0
0
0
0
0
0
0
0
0
0
0
0.22
0
0
0
0
0
0.01
0
0
0
0
0
0
0
0
0
0.05
2.88
0.01
0.36
0.13
9.48
16.81
6.76
0.6
0.08
0
0
0.05
0
0
0
0
0
0
0.13
0.15
0.28
0
0
0.01
0
0
0
0
0
0.01
0.98
0.95
7.04
0.93
0.13
0.01
0
0
0
0
0.04
0
0
0
0.32
0.8
0
0
0
0
0
2.32
1.84
0.46
0
0.34
0
1.4
0.07
0.04
0
0.87
0
1.41
5.98
0.04
0.04
1.32
11.66
0.89
0
0.02
0
0.02
0
0
0.18
0
0
0
0
0
0.22
0
0
0
0.01
0
0
0
0
0.05
1.59
15.56
4.51
27.29
1.81
4.86
0.54
0.61
0
9.75
3.61
0
0
0
0
0
0
0
0
0
0
0
0
0
0
0
0
0.04
0.11
0
0
0
0
0.02
0
0
0
0.23
0.17
2.3
6.71
0.09
0
0.02
0.01
0.01
0
0
0
0
0
0
0
0
0
0
0
0.01
0.07
0.05
0.05
3.46
2.47
2.54
7.24
0.82
0.3
4.56
0.54
0
1.2
0
0
0
0.01
0.23
0
0
0.02
0
0
0.01
0.39
3.37
11.38
2.75
0.4
8.94
1.81
5.91
1.14
0
3.14
0.23
0
0
0
0.15
0.02
0
0
0.11
0
0.72
0
0
1.56
6.74
5.05
5.14
1.05
1.52
0.32
0.45
6.51
2.13
3.34
3.84
1.96
0.2
0.11
0.63
1.43
5.95
1.75
2.84
0.09
0
0
0
0
0
0
0
0.05
11.83
0.74
1.38
2.97
0
4.59
8.35
4.25
0.55
0.05
0
0
0
0
0
0
0
0.02
0
0
32.21
2.14
0.55
3.15
35.7
0
0
0.71
3.4
0
0
0
0.56
0
0
0
0
0
0
1.35
0
1.01
12.3
0.47
0.04
0.45
0.13
0.42
0.13
3.22
11.34
18.15
4.34
2.4
7.34
2.25
0
1.16
6.48
23.23
6.59
1.78
3.34
1.79
5.57
0.46
0.1
0
0
0
0.01
16.06
2.86
9.71
0.82
3.61
2.05
6.49
5.55
10.86
0.21
0
0.12
12.43
5.34
1.5
3.61
7.27
0.48
0
1.14
0.2
0
0
0.01
0
0
0
0
0
0
0
0
0
0
0
0
0
0
0
0
0
0
0.01
0
0
0
0
0
0
0
0
0
0
0
0
0.41
0.7
0
0
0
0
0.25
0
0
0
0.05
1.63
21.42
0
0
0
0
0.21
16.1
2.34
0.26
0
0
0.05
0
0.3
0.03
0
0.04
0
0
0.44
2.17
0.13
4.42
9.65
12.92
10.48
2.28
0
0
0
0
1.05
13.65
6.75
0.33
0
0
0
0
0
0
0
0
0
0
1.21
10.38
2.95
0.85
0.03
0
0
0
0
0
0
0
0
0.05
0.04
0.44
3.79
5.65
0.95
0
0
0
1.42
0
0
0
0
0
0.05
0.12
0
0
0.17
0.13
0.41
0
0.01
0
0
0
0.05
0
0
0
0.52
5.17
0.24
0
0.84
5.33
0.57
0
0
0.42
1.73
0.75
0
0
0.16
1.59
0
0.41
8.69
0.26
1.09
4.09
1.49
1.19
0
0.02
0
0.01
0.05
0.49
2.34
5.96
6.32
0.91
14.02
0.48
1.82
0
0.12
0
0
0
0.01
0
0
0
0.03
0.01
0
0
0.03
0
0
0
0
0
0
0
0
0.01
0.01
0
0
0
0
0
0
0
0
0
0
0
0
0
0.07
0.02
0.15
0.27
0.77
8.65
4.55
1.34
0.89
2.96
8.23
8.09
15.46
4.64
0.06
0
0.63
1.95
0.42
0
0.04
0.09
0.03
0.07
3.01
5.99
3.36
0.29
0.08
0
0
0
0
0
0
0
0
0
0
0.01
0.01
0
0.07
6.74
8.85
0
0.17
0
2.25
0.48
0.86
1.05
0.11
0
0
0
0.05
0.67
2.61
0.94
0.04
0
0
0
0
0
0
0
0
0
13.18
34.05
10.43
0.92
0.02
0.01
0
0
0
0.66
0.09
0
1.24
1.73
8.8
2.05
2.09
0.52
1.07
3.54
1.14
0
0.43
0.65
1.84
2.89
0.19
0
0
0.02
0
0
0
0
0.68
7.65
11.07
1.44
0.21
0.05
0.7
0
0
0
0
0.79
0
0.01
0
0
0
0.75
0.37
0
24.29
18.2
4.71
0.5
0
0.43
0.95
0.14
0
0.01
0.66
0.02
3.91
0.46
0
0
1.36
6.41
1.79
0.49
1.06
1.98
12.98
0.36
1.16
1.38
0.01
4.95
0.22
0.89
6.29
0.51
0.06
3.39
0
3.75
5.61
5.9
5.62
2.06
0.3
0
0
0
2.39
5.59
1.28
0
0
1.42
2.88
0
0
0.07
3.26
23.72
8
0
0
2.82
0
0.02
0
0.02
0.01
2.04
0.02
0
0
0
0
0
0
0
0
0
0
0.02
4.16
3.98
1.88
0.02
0
0
0.84
0.16
10.87
0
0.64
3.48
0.63
4.36
17.88
11.72
1.6
0.01
0.11
0
0.06
0
0
0
0
0.59
0.55
0.9
0
0.62
11.53
1.35
0
0
0.02
0
0
0
0
0
0
0
0.28
2.8
6.75
10.85
1.6
1.2
5.11
5.4
2.07
1.66
1.93
0
0.05
0
0.02
0.96
6.91
24.19
10.04
1.18
3.95
0.41
0.97
0.02
0.61
1.97
1.32
0
0.16
2.81
5.92
0.95
0.35
5.45
3.45
0.03
0.07
0.8
1.37
1.48
1.45
0.59
0.31
5.2
2.58
7.53
24.77
5.74
4.69
0.82
0.02
0
0
0
0
0
0
0
0
0
0.01
0.01
0
0.02
0
0.01
0
1.45
1.85
0.48
1.92
1.02
3.98
10.61
5.9
1.02
0.03
0
0
0.01
0.06
0.51
0.02
0
6.23
8.85
19.11
7.33
0.66
0.38
0.13
4.38
4.78
0
0
1.07
3.09
19.18
17.54
13.66
11.36
0.63
0.02
0.39
12.05
3.91
0
0.29
5.66
2.29
0.71
10.47
19.66
3.53
0.39
0.03
0.7
0.71
13.01
7.81
6.72
5.38
0.82
3.06
2.76
9.8
8.35
3.45
4.24
3.13
1.32
3.06
6.99
3.28
0.34
0.98
0.07
1.56
2.93
5.98
8.94
3.84
1.3
0.36
0
0
0.12
3.77
8.8
20.29
4.63
1.18
7.56
3.78
0.44
0.32
1.12
0.66
0
0
0
0
0
1.35
0.01
0
0.05
1.43
12.09
6.56
0.05
0
0
0.03
0
0.13
8.46
2.05
0.48
18.48
9.56
5.45
0.04
0.81
0.29
0.71
0.46
0.78
0.1
0
1.34
1.59
0.42
0
0
1.88
0.85
0.06
0.05
0.05
0
0
0
1.31
0.85
1.73
0.53
0.22
0
0
0
0
0
0
0
0.27
0.66
4.85
1.41
4.26
0.2
1.54
3.63
1.69
1.18
0.99
0
0
0.01
0.05
6.88
0
0.59
1.07
2.59
0
11.03
4.53
0
4.02
2.95
0.68
2.57
4.06
0.38
0.23
0.09
2.64
11.42
3.38
10.09
2.26
0
0
0
1.64
0.59
0.11
6.43
1.3
3.5
20.89
2.25
0.23
0
0
1.95
0.16
5.18
4.47
1.07
12.8
1.25
0.02
0
0
0.13
6.73
0.54
0.02
0
0
0
0.02
0
0
1.23
1.06
6.28
0.19
0.01
0
0.42
10.41
15.72
0.19
0
0
0.01
0
0
0
0.21
0.81
0
2.11
0.95
5.95
9.5
0.34
0.04
0.01
1.29
6.27
0
0.17
0
0
0
0
0
0.97
0.15
0
0
0
0
0
0.29
2.52
5.36
0.5
0
0
0
0
0
0
0
0
0
0
0
0
0.03
0.63
0
0.63
0
0
0
0
0
0
0
0.01
0
0.12
0.56
9.82
0.81
0
4.82
0.06
0.01
0.45
5.4
0.75
0
0
0
0
0
0
0
0
1.55
21.46
7.81
7.68
9.42
0.3
0.02
0.02
0.13
0
0.46
0
0.1
7.6
3.98
9.31
2.14
6.38
1.72
0.29
0.79
0
0
0
0.01
0
0
0.01
0.01
0
0
0
0.48
0.2
0
0.01
0
0.02
0
0
0.01
0
0.01
0
3.52
1.05
4.84
0.81
0.03
0.02
0
0
0
0.51
3.89
4.94
12.3
3.16
0.98
0.84
3.85
3.52
2.18
33.67
9.55
1.16
0.71
1
0.37
0.02
0.02
0
1.57
0.37
0.62
0.66
1.22
7.13
0.2
0.49
0.02
0.05
0.12
0.13
10.79
1.64
0.55
0
0
0
0
0
0.02
0
0.02
0
0.02
0
5.03
6.69
2.39
2.09
2.16
0.58
0.63
1.86
6.99
1.38
3.86
1.57
0.98
3.49
6.94
1.29
3.66
15.36
1.88
0
0
0
0
0
0.01
0.02
0
0.1
0.55
2.24
8.01
2.36
0
0.14
0.06
6.3
6.58
0.65
5.88
10.25
1.51
0.81
1.73
4.51
6.44
21.37
10.61
16.99
6.99
4.37
14.84
11.45
5.6
0.87
0
0
0.01
0
0.04
0.24
13
1.32
0.18
0.07
3.29
0.58
0.06
0.09
0.07
0.22
0.01
0
0
0
0.27
0
0
4.07
0.73
0.22
4.04
3.41
0.07
7.75
0.5
0.48
0.57
0.16
0.92
3.63
4.49
0.21
0
0
0
0
0
0
0
0.11
0.24
0.12
3.56
2.5
17.65
7.82
5.26
9.66
7.13
4.86
0.25
0.45
3.53
6.19
1.15
0.21
0.09
1.38
1.29
0.37
0.01
0
0
0
0
0
0
0
0.04
6.62
9.71
11.03
16.73
3.4
1.38
0.23
0.07
5.17
3.88
0.83
0.12
0.05
0
0.77
0.04
0
0.39
1.72
0.2
0.05
0.08
0.88
0.31
5.97
0
0.83
5.47
2.25
5.15
5.15
0.13
0
0.02
0
0
0.02
0.04
0
0.46
1.31
2.18
0
0
0
0.02
0
0
0
0
0
0
0
0
0
0
0
0
0
0
0
0.01
0.01
0
0.02
0
0
0
0
0.05
0.03
0
0.04
0.01
0.02
0
0
0
0
0
0
0.02
0
0
2.75
0.22
0
0
0
0
0.54
0.64
0
0.28
0
0
1.33
0
0
0.16
0.75
0.17
0
0
2.3
0.76
2.48
3.15
0.49
0.07
0
0
0
0
0
0
0
0
0
0
0
0
0
0
0
0
0
0
0
0
0
0
0
0.01
1.58
0.51
0.02
0
0
0
0
0
0.01
0
0.01
0
5.84
0.44
0
0
0.88
0.02
0
0
0
0
0
0
0
0
0
0
0
0.08
0
0
0
0.07
0
0
0
0.44
1.39
0.34
0.03
0.28
0
0
0
0
0
0
0
0
0
0
0.01
0
0.01
0
0.93
2.01
0.1
0
0
0.68
7.67
15.27
1.97
0.1
1.06
7.95
9.46
3.06
2.41
10.16
10.09
16.78
3.07
6.16
0.91
0.9
0.29
0.92
1.66
0.77
0.65
7.14
8.28
4.09
4.69
5.45
2.11
1.43
14.04
3.02
0.85
0.76
18.28
3.07
0.85
1.59
4.73
0.26
1.27
2.88
0
0.09
0.02
0
0
0
0.65
8.21
8.83
2.21
11.8
1.16
0
0
1.24
10.55
28.29
14.06
3.43
0
0.78
2.25
7.86
2.05
19.55
7.76
5.43
9.1
3.33
9.71
17.98
9.52
12.07
8.38
9.72
3.7
1.86
0
0.07
0
0
0
0.01
0.6
0.05
0.2
0
0.12
2.95
0
0
0
0.32
0.29
3.34
8.02
5.55
0.45
0
0
0
0.69
3.2
0.91
3.13
4.78
10.29
6.93
5.18
2.76
1.11
2.99
3.65
15.14
7.52
2.31
3.13
0.41
0.42
0.18
0
0.16
1.75
7.82
7.43
1.34
0
1.76
12.94
6.7
1.96
1.32
9.94
9.82
0.86
0
0
0
0
0
0
0
0
0.04
0
0.15
0
0
0
0.01
0
0
0.21
0
3.74
2.37
4.24
7.35
0.14
0
0
0
0
0
0.22
0
0.02
0.13
0
0
0
0
0
0.02
0.02
0.31
0.61
0.98
1.38
29.27
24.64
8.98
0
2.98
8.85
0
0.62
1.16
5.21
3.2
0
0
0
0.58
0.15
0
0
0
0
0
0
0
0
0
0
3.52
0.59
8.7
6.47
0.8
0.11
7.31
0
9.91
0
0
0
0
0
0
3.65
3.08
1
0.02
0.01
0.09
0
0
0.23
0
0
0.03
0
0.01
0
0
0.01
0
0
0
0.03
0
0
0
0
0.71
0.01
0
0
0
0
0
0
0
0
0
0.78
0
0
0
0
0
0
0
0
0
0
0
0
10.76
1.72
0.44
6.66
2.2
2.76
0.57
0
3.25
7.94
0.71
0.35
2.29
1.6
0
1.05
1.41
0.69
2.05
2.13
3.18
2.22
6.28
0
0.23
0.05
0
0
0
0
0
0
0
0
0
0
0.01
0.12
0.48
3.82
0.95
0
21.32
1.07
2.11
23.51
5.52
10.39
20.92
0.12
0.48
0.01
0
1.38
4.12
6.37
2.93
0.8
6.79
12.42
22.79
8.4
1.13
0
0
0
0
0.24
0
0
0.51
0.61
0.13
4.08
0.16
1.54
2.46
9.15
14.8
0.93
0.04
0.89
0.05
0.45
1.1
0.11
0
1.25
0.23
0
0
0
0
0
0
0
0
0
0
0
0.35
0.15
1.01
0.13
0.96
0
0
1.39
0.92
0
0
0
0.09
0.59
0.71
0.13
2.59
6.02
8.95
4.98
0
0.18
0
0.89
1.17
0.69
0.11
0
0.02
0.79
0.14
0
0.2
2.13
4.58
5.1
0.14
0.86
2.61
0.13
0.19
0.36
0.23
0.34
0.52
1.55
0.13
0.38
0.2
0.88
0
0
0
0.51
0
3.21
4.18
0.13
0
0
0
0
0
0.02
0.05
6.09
0
0
0
0
0
0.68
0.15
0.06
0.66
1.21
1.42
1.01
1.63
0.86
1.33
7.05
10.04
0.81
0.04
0.14
0
0.16
2.74
3.75
0.16
0.55
0
0.05
0
0
0
0
1.38
0.81
0.09
0
0
2.12
10.79
4.71
16.95
5.01
0.56
0.18
0.86
0
0.16
1.72
1.14
0.77
0
0
0.33
0
0.05
0
0
0
0.55
0
0.04
0
0
0.1
4.53
1.71
0.52
1.41
3.69
0.09
0.16
0
0
0.24
0.26
0
0
3.36
6.81
3.94
2.02
0.73
1.72
11.75
1.72
13.63
8.59
0.23
0.01
0
0
0.34
13.23
6.14
8.56
0.3
0.01
0.03
0
0
0.21
0.62
0.55
0.1
0.25
2.45
3.48
5.28
0.61
0.96
3.13
0
0.01
0.04
0.12
0.03
0.1
0.4
0.35
3.93
7.58
0.96
17.73
7.45
5.66
1.05
0
0.63
0
0
0
0
0
0.02
0.43
0
0.04
0
0
0
0
1.88
0.28
0
0
0
0
0
0.01
1.76
1.23
0.4
1.34
0.36
0
0.84
4.02
0.32
0
0
0
0.57
0
0.73
0
0.34
0
0
0
0
0.02
0
0
0
0
0
0
0
0
0
0
0.04
0
0
0
0
1.48
0.26
0
0.63
12.07
0.91
0
0
1.48
0.14
1.5
0.11
0.8
0
0.06
0
0
0
1.35
0.04
0.08
0.29
0
0.01
0.09
8.46
0
0
0
0
0
0
0
0.86
0.89
0.38
6.2
4.55
0.55
0
0
0
0
0.07
0.63
4.55
0
0.35
0.19
0.28
0.87
0.63
0
0
0.31
1.45
0.12
0
0.02
0.01
0
1.09
5.11
15.45
3.83
0
0
1.54
0
1.75
0
6.98
0.92
0
0.01
0
0.01
0
0
0.76
1.13
0
2.16
0.82
2.34
4.86
23.76
0.14
2.65
1.29
4.93
0
0
0.59
0.58
0.21
0
0
0
0
0.01
0
0.64
0.27
2.65
0.02
0.01
1.82
2.94
0.34
0.21
0.04
0
0.09
0
0
0
0.48
0.01
0.05
0.01
0.04
0
3.55
0.28
0.14
0.18
1.89
0.52
0.02
0.01
0
0
0.02
0
0.09
0
0
0
0
0
0
0
0
0
0
0
0.04
0.4
1.52
0.94
1.55
0.03
0.22
0.03
0.01
0.02
0
0.31
0.04
0
0.01
0.01
0.01
0
0
0.01
0
0
0
0
0
0.01
0.07
0.09
1.04
0
0
1.75
4.34
4.32
0.96
0
0.54
0
0
0
0.01
0.2
0.73
0.77
0.06
0.41
0
0.01
0.14
1.37
2.28
1.73
0
0
0
0.01
0.4
0.03
0
0.13
0
0.01
0
1.88
0
0.24
0
1.64
0.37
0.04
0.13
0.07
1.15
1.85
0.36
0
0
0.18
3.42
3.14
8.63
0.75
0.1
0.25
5.03
0.39
1.6
0
0
0.16
0.47
2.26
4.49
5.53
9.23
6.85
1.37
3.13
1.05
0
0.51
0.13
0.61
7.76
21.5
0.9
0.47
2.91
0.39
8.25
0.46
0
0
0
1.66
0
0.15
0.01
0
4.53
7.31
13.65
4.28
8.06
0
0
0.6
0
0
0
0
0
0
0.33
0
0
0.14
14.3
0.8
0
0.01
0.18
4.32
5.02
0
0
0.54
0.47
0
0
0
0
0
0
0
0
0
0
0.01
0
0
0
0
0
0
0
0
0.06
0.05
7.49
16.74
2.88
2.66
0.23
0.48
2.01
0.24
1.34
0
0
0
0
0.1
0
0
0
0
0
0
0.34
0.15
0
0
0
0
0.02
0.02
0
0
0
0
0
0
0
0.02
2.84
2.05
0.36
0.25
0.57
1.39
3.2
0.19
1.02
0
0.05
0
0
0
0
0
0.08
0
0
0
0
0
1.43
0
0
0
0
0.01
0.89
4.39
0.13
0.21
0.03
0.1
0
0
0
0
0
10.52
0.07
0
0
0
0
0
0.05
2.64
2.01
0
0.13
2.44
5.43
3.25
0
4.72
10.68
6
0
0
0
1.98
0
1.26
0
0
0
0
0
0
0
0
0
0
0
0
0
0.01
0.09
0
0
0.5
0.04
0
0.02
0.23
0.48
0
0
0
0
0
0
0
0
0
0
0
0
0
0
0
0
0
0
0
0
0
0
0
0
0.23
0.01
0.07
0.01
0.61
0
0
0
0
0.01
0.01
0
0.01
0
0
0
0
0
0.01
1.56
0.88
2.59
1.34
2.72
0
2.11
1.07
15.63
1.87
0
2.85
7.82
7.32
11.13
0.24
0.7
4.91
9.14
29.63
17.56
15.66
7.15
1.26
0
0.03
0
0.04
0
0
0
0
0.17
5.45
1.52
0
0.12
1.55
2.05
0.77
0.63
0.29
0.11
0.15
0
0.4
0.76
0.6
0
0
0.03
0
0
0
0
0
0
0
0.01
0
0
0
0
0
0
0.26
4.71
0.4
15.71
4.37
0.25
4.44
3.11
0.13
6.3
1.38
1.79
2.9
0.37
0.49
1.19
0.04
0
0
0
0.03
0.01
0
0.17
0
0
0
0
0
0.01
0.01
0
0
0.95
0
0.01
0
0.01
0
0
0.02
0
0
0.03
0.62
5.68
1.33
10.38
4.05
0.01
0
2.05
0.34
0
0
0
0
0
0.34
0.85
1.4
0
0
18.31
1.08
5.66
1.02
0
0
0.1
0
0
0
0
0
0
0
0
0.01
0
0.19
0.21
0
0
0
0
0
0
0
0
0
0
44.93
5.41
3.05
3.52
1.34
2.27
0.79
1.38
0
0.91
7.36
4.88
8.39
15.84
5.3
18.65
1.09
2.82
17.75
7.49
0.09
0
0.76
0.05
7.3
5.55
0
0
0
0.32
0
0
0
0
0
0
0
0
0
0
0
0.65
0
0
0
0
0
0.41
2.33
18.14
0.32
0
0
0
0
0
0.01
0.18
0.02
0
0
0
0
0
0
2.01
0
0
0
0
0.01
0
0
0.01
0.02
1.56
24.05
0.41
0.03
0
0
0
0
0
0
0
0
0
0
0
0
4.31
0.07
0
0
0
0
0.03
0
0
1.3
0
0
1.81
13.59
0.2
0
0
0.01
0
0
0
0
0.05
0
0
0
0.17
3.55
1.37
0
0
0
0
0.43
2.11
0.75
6.83
0.48
2.29
0
0
0.28
19.39
0.04
0
2.01
6.23
2.57
0.51
0.06
0
0.13
0
0
0
0
0.79
0.86
0
0.05
6.09
3.36
0.43
0
0.15
15.78
3.87
1.91
1.5
14.86
1.09
0.8
0
0
0.04
0
0
0
0
0
0
0
0.21
1.13
23.85
33.81
9.26
1.42
0
0.04
0.82
7.95
0.04
0.08
0.25
0.06
0.07
0
0.01
0.11
0
0.01
0.01
7.18
5.08
1.08
0
0
0
0
0
0.26
0.02
0.04
0.27
0.18
1.78
1.41
1.46
1.8
7.16
3.99
0
0.15
0.09
2.69
0.22
1.2
4.68
0.78
0.23
0.48
0.71
0.07
0.11
0.03
0.02
0
0
0
0
0
0
0
0
0.02
0.08
0
0
0
0
0
0
0.02
0
0
0
0
0
0
0
0
0
0
0
0
0
0
0
0
0
0.01
0
0
0
0
0.04
1
0.52
0.79
0.52
0.17
0.05
0
0.01
0
0
0.02
0
0.01
0.01
0
0.66
0
0.14
6.66
0.42
0.18
0
0
0
0
0
0
0
0
0
0.01
0
0
0
0
0.19
0.11
0
0
0
0
0
0.01
0.07
0.97
1.26
0.38
0.06
2.67
0
0
0.13
2.06
0.68
1.15
0.09
0
0
0
0
0
0
0
0
0.01
0.01
0
0
1.66
8.22
3.42
2.99
8.39
0
12.93
4.11
23.12
2.46
1.21
0.2
0.07
1.45
13.86
1.96
0
0
0
0
0.04
0.13
0
0
0.01
0.66
0.54
4.18
1.55
0.52
8.92
0.23
0
0
0.09
5.01
0.14
0
0
0
0
0
0.02
0.01
0
0.01
0
0
0
0
0
0
0
0
0
0.17
0.48
0
0.01
0
0
0
0
0.01
0
0
0.91
9.84
5.95
16.85
0.38
0.59
0.04
0
0
0.02
0
2.39
1.86
1.59
0.8
0
0
0
0.49
0
0
0
0
0
0
0
0
0
0
0
0.01
0
0
0
0
0
0.01
0
0
0
0
0
0
1.61
7.75
5.45
0.1
0.39
2.27
1.85
0.02
0
0.03
0
0
0.11
4.53
0.02
0
0
0
0
19.16
6.31
1.72
1.64
4.26
5.77
7.66
0.9
0
10.65
11.6
0
0
0
0
0
0
0
0
0
0
0
0
0
0.01
0
0
0
0
0
0
0
0
0
0
0
0
0
0.62
0.8
0
0
0
0
0
0
0
0
0
0
0
0
3.02
0.01
0
1.75
0.03
0
0
0
0
0
0
0
0
0
0
2.27
10.25
0
0
0
0
0.09
0.68
1.32
5.47
0
0.84
4.96
1.75
0.34
0
0.02
4.4
4.47
3.34
1.99
0.3
1.15
7.81
4.84
1.05
1.27
0
0.12
0
0.06
0
0
0
0
0
0
0
0
0
0
0
0.35
0
0.3
1.07
0.52
2.83
3.94
3.46
7.68
17.49
7
16.09
2.97
0.57
0.83
0
0
0
0
0.02
0
0.16
0
0
0
0.63
1.04
0.27
1
2.55
3.32
0.81
0
0
0
0
0
0.47
0.01
0.02
0.94
1.03
7.59
7.03
0.94
2.82
0.53
0.24
2.34
0.05
0
0.32
1.89
0.11
2.16
0.72
0.3
0
0
0
0.01
0
0.01
0
0.02
0.01
0
0
0.01
0.01
0
0.05
0.09
0.24
0.11
5.19
2.8
0.01
0
0.02
8.45
15.44
1.79
1.52
0
0.04
0.01
0
0.01
0.01
0
0
0
0
0
0.91
1.7
2.9
2.54
1.81
1.01
3.24
8.68
10.27
0.5
0.84
5.71
5.02
0
0.64
13.43
1.2
3.26
14.08
1.41
3.25
6.06
0
0.48
0
0.01
0
0
0
0.01
1.59
0.53
5.64
1.46
0.06
0
0
0
0
0
0
0.73
2.12
1.62
0.62
0.14
0.22
2.59
5.52
9.56
5.13
1.54
0.05
3.97
9.86
8.35
6.11
0
0
0
0.06
20.09
14.41
15.75
8.27
12.05
4.66
1.01
13.75
11.32
8.64
3.41
4.59
0.78
9.27
0
1.51
0.27
0
0
0.05
4.8
13.34
13.94
3.5
1.47
0.23
0
0
0
0
0
0
0
0
0.93
7.9
2.78
0.04
0.63
0.22
0.01
0
0
0.96
0
0
0
0
0
0
0
0
0
0.05
0.01
0
0
0
0
0
0
0
0
0
0
0
0
0
0
0
0
0
0
0
0
0
0
0
0
0
0
0
0
0
0
0
0.63
0
0
0
0
0.23
0.3
0
0
0
0.05
0
0
0
0.27
8.86
0.16
0
0
0.02
0
0
0.01
0
0
0
0.03
0
0.12
0
0
2.3
0
0
0
0
0
0
0.05
0
0
0
0
0
0
0.01
0
0
0
0
0
0
6.34
1.22
0.02
0.78
6.83
2.11
6.57
1.92
0.34
0.01
0.05
0
0
0
0
0.64
0
0.23
0
0
0
2.48
1.38
0
0.01
0
0
0.75
6.95
0
0.04
0
0
0.01
3.95
3.49
0.39
6.79
2.65
3.13
20.35
27.57
2.32
5.06
7.68
6.39
25.13
2.98
15.12
2.3
1.67
13.1
1.76
2.36
1.3
0.92
0.51
0.02
1.73
0.9
0.42
0.12
1.15
18.55
4.78
1.07
0.37
0.2
0.86
0.59
0
0
0.4
0
0.04
0.93
3.84
0.13
2.57
0
0.14
4.16
0.08
1.66
0.33
0
0.04
0.05
0.07
0.15
1.66
0
0.01
0
0.01
0
0.04
0
1.34
0.83
0
0.47
0.14
0.1
0.63
0.05
0.02
0.33
0.29
1.79
0.7
4.75
0.33
0.55
8.68
11.04
8.36
9.16
1.09
10.22
0.3
0
0
0.01
0
0
0
0
0
0.03
0.01
0.03
1.73
5.52
7.45
10.13
6.3
1.74
0.59
0.05
1.6
4.04
5.81
2.69
0
0.43
1.42
0
0.04
0.05
3.29
1.25
0.17
0.55
6.15
0.3
0.22
0.79
1.26
0.08
0.01
0.01
0.04
0.02
0.03
0.63
0.07
0.23
0
0.01
0.03
4.9
11.83
2.53
4.47
4.18
0
0
0.13
0.04
0.33
0.04
0
0.01
0
0
0
0
8.64
4.02
3.9
4.06
12.17
3.01
0.76
0
0.04
0
0.02
0
0.03
0
0
0
0
10.6
6.12
0
3.74
0.21
0.35
4.07
0
0.01
0.01
0
0.96
0
0.02
8.6
0.78
1.42
0.84
1.5
2.18
3.15
4.05
7.43
3.89
8.01
8
0.33
1.66
2.82
7.06
1.66
1
5.94
1.84
0
1.55
1.05
0.77
0.61
1.29
0.01
17.39
0.25
0
0.71
0
0
0.04
0.1
0
0
0
0
0
0
0
2.75
0
0
1.09
0
0
0
1.66
0.07
6.37
0.39
0.15
6.11
0
0
0.05
16.85
0.49
0
0
0.02
0
0.02
0
0
0.01
0
0
0
2.22
0
0.01
0.01
0
0
0
0.02
0
0.01
0
0.05
0
0
0
1.43
0.17
1.61
0
0
0
0
0
0
0
0
0
0
0
0
0
0
0
0
0
0
0
0
0
0
0.32
0
0
0
0
0
0
0
0
0
0
0
0
0
0.17
0.04
0
0
1.65
0.06
0
0
0
0
0.01
0
0.01
0.04
0
0
0
5.79
0.03
0.05
0
0.12
0
0
0.02
0.02
0
2.29
0.02
0
0
0
0
0
0
0
0
0
0
0
0.02
0.01
0.01
0.02
0
0.02
0
1.92
1.21
0.18
0
0
0
0
0.01
0.08
4.1
2.48
3.51
5.76
1.99
0
0
0
0.32
4.59
5.76
0.2
0.04
0
0
0
0.01
0
0.02
0
0.04
0
0.22
7.24
5.36
0.28
0.4
0
0
0.12
0
0.11
0.27
7.03
0.09
0.16
4.93
0
0
0
0.03
0.01
0
0
0.13
0
0
0.09
0.01
0
6.96
4.63
10.7
2.62
1.41
8.84
6.67
8.45
2.37
1.68
4.42
3.2
1.41
0
2.74
0.55
2.11
0
0
0.01
0
0.02
0
0
0.01
0
0
0
0
0
0
0
0
0.23
0
0.04
0.26
5.08
7.05
3.37
1.88
1.17
1.54
1.72
4
0.3
0.03
3.72
3.16
0.09
0.21
0
1.45
15.35
9.61
5.11
7.38
5.29
4.13
0.78
5.39
2.2
1.13
2.27
5.91
1.41
0.2
0.84
1.79
6.65
1.23
0.65
0.73
2.33
1.64
3.85
1.41
0.26
0.25
0.31
3.75
10.65
0.55
0.84
0.81
0.01
2.21
0.04
2.21
0.66
1.09
0
0.04
2.61
0
0
0.32
0.01
0
0
0.05
6.69
0
0.34
3.8
3.93
4.11
4.28
1.19
1.45
11.2
1.27
0.33
0.73
0.34
4.82
1.14
0.49
0.38
0
11.23
2.66
5.41
7.5
8.33
4.56
4.39
1.34
0
0
0
3.3
0.14
0.66
4.43
2.4
0
0
0
0
0.02
0.05
0.28
0
0
0
0.04
0
0.08
0.02
0.83
4.28
0
0.52
7.89
1.9
0.45
3.62
0
0
0
0
0
0
0
0
0.01
0
0
0.72
0.11
0
0
0
0.01
1.19
1.26
4.43
0.18
5.84
10.09
0.52
0
0.73
0
0.38
0.73
0
0
0
0
0
2.46
0.34
0
0
0
0
0
0
0
0.01
3.52
0
0.01
0
0.36
0.01
0
0.3
0.41
0
0
0
0.36
7.25
0.52
0
0
0
0.01
0
0
0
0
0
0
0
0
0
0
0
0
0
0
0
0
0
0
0.16
0
0
0
0
0
0
0
0
0.21
0
0
2.21
9.66
0
0
0.1
0
0
2.13
0.85
0.57
0.54
1.7
25.93
0
0
0
0
0
9.64
6.29
1.91
8.52
0
5.66
16.23
2.59
0
4.29
0
0
0
0.05
2.75
0.37
0.19
1.43
1.43
2.62
0.69
0
0
0.09
2.2
6.47
4.77
2.48
6.7
5.46
0.55
0.52
0.01
0
0.01
0.16
6.63
9.66
0
0
0
0
0
0
0
0
0
0
0
0
0
0
0
0
0
0
0.46
6.67
15.2
4.2
0
1.05
1.04
0.01
0
1.69
0.16
0.03
0
0
0
0
0
0
0
0
0
0
0
0.27
0.04
0
6.62
0.8
0
0
0.33
13.71
0.03
0
0
0.01
0
0
0.07
1.95
1.09
4.02
2.3
0.05
2.12
0.49
0.49
0.02
0.04
0.09
0.01
0.01
0.02
0
0
0
0.01
0
15.43
4
1.35
5.08
10.14
0.74
0.34
0.06
0.02
0
0
0
0.22
0.61
0.13
0.05
4.65
12.33
10.21
7.33
11.78
5.7
2.81
0.41
7.46
1.75
0.54
0.01
0
0.01
0
0
3.65
8.64
0.16
0.2
0.05
0.3
10.63
8.4
3.7
0.55
0
0
0.02
0.27
4.53
6.04
1.29
0.57
0
0
0
0
0
0
0.01
0
1.98
2.73
0
0
0.23
0
0
0
0.01
0
0
0
0.11
0.83
0.02
0
0.14
1.92
0
0.39
1.14
0.19
0.23
0.01
0
15.65
8.36
12.18
3.63
2.01
18.32
8.85
0.75
0.01
0.03
0
0
0
1.31
0
0
0
0
0
0
0
1.14
6.95
0.09
0
0
0
0.38
0
0
0
0
0.02
0
0
0
0
0.18
0.2
2.13
0.07
0
0
0
11.55
3.13
0.09
0
0.38
1.68
9.86
7.43
0
0
0.87
4.03
0
0
0
0
0
0.01
0.03
0
0
0.11
1.1
0.04
0
0.01
0.01
0
0.2
6.09
0
0
0
0
0.01
0
0
0
0
0.88
0.24
0
0
0
4.46
2.46
0.02
0.04
0
0
6.29
5.82
7.06
0.94
3.87
2.84
0.54
0
28.29
2.93
0.64
0
0.26
0
2.84
0
0.01
0.01
0
1.95
9.12
0
0
0
0
0
0.06
0
0
0
0.45
0
0
0
0
0
1.48
0
0.36
0
0
0
0
0
0
0
0
0.02
0
0
0.03
0.03
0
0.18
0.18
1.23
0
0.13
0
3.59
1.93
0.57
0.01
0
0
0
0
0.01
0
0
1.23
0
0
0
0
0.01
0.04
4.4
2.17
0.06
1.21
5.71
3.14
0.93
0
0
1.3
1.11
15.48
4.81
1.05
5.86
6.38
1.38
0
0.45
29.86
21.36
1.88
0.12
0
0.07
0.92
0.13
0
0.06
0.56
4.09
0
18.99
9.17
5.05
0.02
0.35
7.99
0
0
0.02
0.06
0.03
0.05
1.4
0.7
0.09
3.49
16.48
4.57
0
0.06
0.02
0.26
1.34
0.16
0.03
0
0
0
0
0
0
2.61
2.52
2.77
1.15
0
0.13
0
0
0.02
0.48
4.14
9.96
3.96
4.39
0.1
0.44
3.71
1.4
4.39
20.81
1.39
12.16
3.19
0.89
1.28
0.86
0
0
0
0.04
0.3
0
0.02
0
0.05
0.13
0.03
0.01
0.09
6.02
0.79
0.4
0.62
0.15
4.78
1.05
0.02
0.01
0.01
0.46
7.88
2.91
2.78
1.48
10.04
3.04
19.85
0.13
1.81
0.05
0
0.27
0
2.67
4.75
2.23
3.72
1.36
12.71
0.63
0.2
1.82
0.29
1.3
1.66
0.38
9.72
0.06
0
1.2
0.21
0.29
0
0
0
0
0.42
1.28
0
0
0
0
0.01
0.3
0.29
0.4
0.29
1.47
0.01
0.01
0
0
0.16
2.3
0.95
0
0
0
0
0
0
0
0.01
0.01
0
0
0
0
0
0
1.55
0
0
0
0.04
0.09
0.05
0
0.33
0.5
0
1.77
3.17
11.34
7.01
5.48
5.14
0
1.68
0.09
13.51
15.68
4.38
0.23
3.04
11.93
0.59
1.38
3.95
9.37
0.32
0
3.05
1.67
0.72
19.47
3.75
0
0.62
0.28
0
7.14
5.48
0.72
16.73
0.52
0.25
2.58
4.79
4.96
0
2.22
7.02
4.96
0.86
0.86
4.91
0.67
0.54
0.63
0.06
0.29
1.38
3.67
14.21
0
7.61
0.24
0.03
0
0.05
0
0
0
8.13
0.49
0.16
0
5.62
26.88
28.57
4.42
0.13
2.91
2.65
2.2
13.66
5.13
6.29
0
0
5.02
4.04
9.39
12.3
6.34
0
21.13
5.91
7.8
9.98
11.7
0
0.02
0.57
3.37
0.07
0
0
0
0
0
0
0
0
0
0
0.09
0.79
0.18
0
0
0
0
4.01
0
0
0
0
0
0
0
0
0
0.04
0
0
0
0
0
0
0
0
0
0
0
4.95
1.13
0.05
0
0
0
0
0
0
0
0
0
0
0
0
0
0
0.4
0.9
0.1
0
0
0
0
0
0.06
0.3
2.4
0.56
0.15
0
0.22
0
0
0.12
0.05
0
0
0
0
0
0
0
0
0
0
0
0.62
0
0.09
0.22
0.36
0.1
0
0.04
0
0.04
0.34
2.84
0
0.23
9.28
9.24
9.46
8.96
4.01
1.54
0.12
0
0
0
0
0
0
0.01
0.11
0
0.22
0
0.04
0.12
0.18
0
0
0
0.89
2.26
0.01
0
11.46
6.99
0.93
0.07
0
0
0
0
0
0
0
0
0
0
0.02
0.01
0
0.01
0.09
11.19
3.29
0.21
0
0
0
0.47
0
0
0
0
0
0
0
0
0
0
0
0
0
0.12
0
0
0
0
0
0
0
0
0
0
0
0
0
0
0
0.01
6.81
0.29
0.05
0.06
0.09
0.06
0
0
0
0
0
0
0
1.21
1.38
0.01
0
0
0
0
0
0
0
0
0
0.01
0
0
0.04
0.23
0
0.03
0.45
1.73
1.97
1.73
0
0
0
0
0
0.02
0
0
0
0
0.01
1.99
11.5
16.91
15.63
3.78
11.53
3.32
0.41
0.01
0
0.07
0
0
6.22
1.64
0.07
0
0
0.01
0.07
0
0
2.83
5.09
0.13
0
0
0.03
0
0
0
0
0
0.09
0
1.16
19.17
4.36
0.11
9.51
4.38
6.65
3.78
3.66
6.35
2.63
1.88
0
1.77
7.52
7.36
0.04
0.41
0.03
0
0
1.26
1.66
2.04
8.3
8.83
14.64
9.02
1.2
1
0.57
0.02
0
0
0
0
0
0
0
0
1.18
0.2
0
0
4.92
11.42
0.3
0
0
0
3.12
0.22
0.14
6
10.84
5.6
21.32
1.61
10.19
6.27
9.33
16.52
9.69
9.74
3.17
4.66
0.18
1.98
0
0.06
0.23
1.06
0.07
0
0
0.02
0
0.89
2.9
0.48
6.59
20.65
2.48
0.02
0
1.09
0
0.09
0
0
0
0
0
0.02
0
0
0.67
3.93
0.43
0
0
0.01
1.32
2.54
0.34
0
0
0
0.04
0
0
0
0.01
0.04
0.11
0.3
0
0
0
0.04
0
0
9.59
1.3
0.5
0.07
0.2
3.25
0
0
0
0.11
1.06
0.04
4.86
0
0
0.03
0
0
0
0
0.01
0
0
0
0
0.02
0
0
0
0
0
0
1.66
0
0
0
0.86
0
0
0.55
0.35
3.33
10.67
0
0.01
0.09
0
0
0
0.05
0
0
0
0.36
0.15
0.84
0
0
0
0
0
0
0
0
0
0
0
0.17
0.09
0
0.01
0
0.05
0
0
0
0
0.55
0.8
0.14
9.08
0.51
0.02
0.01
0
0
0
0
0.08
0
3.63
0
1.42
0.03
0
0
0.83
0.84
0
2.05
0.3
0.35
0
1.31
0.07
0.01
0
0.79
2.23
1.14
8.75
3.26
2.23
12.29
6.24
5.38
6.52
4.64
1.81
5.8
8.95
5.33
1.15
1.86
2
1.22
0.05
0.63
2.72
1.5
3.52
3.38
2.39
11.25
2.35
1.59
8.69
6.52
2.89
3.81
14.67
15.49
15.02
1.83
2.25
6.78
2.57
0.12
0
4.14
7.91
1.57
1.25
0.26
0.38
0.45
3.33
0.71
7.12
3.11
0.05
1.57
1.52
0
0.38
0.46
0.35
0
0
0.31
0.17
0
0.01
0.02
0.71
0
0
0.01
0.02
0.08
0.59
2.89
6.89
7.27
1.68
1.62
3.7
5.88
0.21
0.03
0
0
0.02
0.05
0.01
0
0
0
0
0.05
0.04
0
0
0
0.01
0
0.18
0.13
0
0
0.04
0
0
0
0.01
0
0.03
0.04
0.01
0.04
0.05
0.04
0.55
0.41
0
1.28
2.41
2
0
0
0
0
0.04
0
0
0
0
8.84
0.91
0
0
0.14
0.03
0
0.16
0.02
2.1
2.8
1.46
7.91
8.76
8.02
1.88
1.16
1.95
0.08
0
0.09
0.4
2
0
0.03
0
0.13
0.05
0.96
0.79
1.12
1.3
1.41
0.08
2.11
0.29
0
0.05
0
0
0.02
0
0.01
0
0.04
0.11
0.2
0
0.01
0.13
2.12
0.12
0
0.02
0.25
0
0
4.07
1.75
0.33
2.7
1.96
0
0
2.69
0.39
0.69
0.84
1.06
0
0
0
0.93
0.49
0.71
0.7
0
0
0
2.41
3.98
0.06
4.19
2.37
1.05
0.14
0
0.52
0.1
0.02
0
0.16
0
0
3.68
4.48
0.38
0
0
0
0
0
0
0
0
0
0
0
0
0
0
4.1
0
0
0
0
0
0
0
3.87
0.01
0.46
0.17
0.09
0.09
0
0.07
3.15
0
0
0
2.79
15.04
1.21
0.09
0
0
0.1
0.01
0.02
0.41
0
2.01
0
0.39
0
0
0
0.01
6.73
9.8
3.48
0.77
0.13
0
1.4
0.3
0.78
0.02
0
0.31
0.02
0.01
0.42
0.77
0.09
0
0
0
27.36
14.34
0.06
0
0.25
0
0.02
0
6.14
1.66
0.51
2.32
6.33
0
0
0
0
1.3
0.48
0
0.02
19.7
0.7
0.11
2.68
2.66
0.79
0.02
1.27
8.91
0
0
0.2
0.02
0
0
0.09
0.26
2.88
0.8
5.49
2.07
0.49
20.19
18.72
7.86
1.49
0.49
0.11
2.93
4.47
0.45
5.37
7.98
0
0.31
0
0.1
0.33
0.77
8.94
19.36
0
0.63
0
0.07
0.14
0.27
0.01
0.02
0.01
0
0.1
0.23
10.72
2.39
4.58
8.13
0.48
0.3
0.34
0.02
0.02
0.01
0
0.02
0.04
0
0.02
0
0
17.86
4.98
2.21
0.06
0
0.02
0.01
0.09
0
0.2
2.49
0.16
0.02
0.27
0
0.02
0
1.67
0.05
0.98
0.94
0.3
0.15
0.06
0
0
0.01
0.04
0.02
0.69
7.61
1.67
0.46
0.48
0.35
1.55
0.07
0.13
0.01
0.08
0.68
0.02
0.02
0
0.02
0.16
0.02
0
1.26
1.17
0.24
0.01
0.2
0
1.18
6.29
6.96
2.79
0.29
0.03
6.38
0.94
0.28
8.27
0.27
0
1
0.3
0.74
0.14
4.86
5.1
6.48
1.91
0
0.09
0.03
0
0.12
0.01
0.25
2.55
10.04
3.31
0.4
0.63
0.2
8.47
9.09
10.54
5.52
9.05
0.54
0.41
8.08
0.16
0.08
0.57
1.73
4.82
0
0.03
0
0.59
0.12
2.98
5.73
4.74
5.1
0.06
0
0.01
0
0.21
0
0.39
2.42
9.93
0.09
0
0.04
0
0
0
0.04
6.52
29.64
8.68
18.02
2.69
0.17
0.3
0.1
0.06
0.03
0.02
0
1.8
2.02
0.66
0.22
0.54
0.15
0.19
9.27
0.48
0.07
3.13
2.11
0
1.52
0
0.96
1.14
0
0
0
0.04
0
0
0.01
0
0
0
0
0.02
0
0
0
0
0
0
1.37
9.09
7.02
0.56
7.78
0.04
0
0.18
0.46
0
0.01
0
0.02
0
0
0.01
5.22
9.13
0
0
0
0
0
0.02
0.02
0
0
0
0
0
0
0
0
9.29
6.76
3.68
3.1
0.04
0
0
0.02
0
0
0.01
1.44
0
0
0
0
0
0
1.25
0.01
0
0
0
0
0.39
0
0
0
0
0
0
0
0
0
0
0.01
0
0
0.02
0
0
0
0
0
0
0.02
0.03
2.09
1.98
1.01
0.02
0
0
0.02
0
0
0.25
1.16
0.45
0
0
0
0
0.81
39.41
6.5
15.96
2.18
0.42
0.01
0
0.52
2.61
1.07
0
0
0
0
0
0
0.51
21.22
20.73
0
0.2
0.22
8.41
5.98
2.76
16.31
0.29
0.37
0.41
0
0.02
0
0
0.04
0
0
21.5
26.2
4.47
3.8
3.8
2.02
0.13
0.02
0
0
0
0.01
0
0
0
1.96
6.71
4.79
1.55
0.09
0
0.01
0
0
0.12
0.46
1.54
0
0
0
0
0.01
0
0
0.2
2.91
1.48
15.13
0
0.02
0.5
5.53
2.31
1.26
0
0.58
0.38
0
0
0
0.45
5.2
1.83
3.02
6.54
7.63
1.96
0
0
0.01
0
0
0
0.02
0.06
0
1.82
2.8
0.76
0
0.05
0
0
0
0
0
0
0
0
0
0
0
0
0
0
0
0
0
0
0
0.16
2.2
4.39
1.04
0.02
0
0
0
0.41
0
0
0
0
0.11
0.06
0.27
0.66
0
0
0
0.01
0
0
0
0
0
0
0
0
0
0
0
0
0.01
0.01
0.04
3.38
0.18
0
0
0.31
0.13
5.37
1.79
0.19
0
0
0.15
1.53
0.55
0.11
0
0
0.09
0.54
0.2
0.01
0.33
0.21
0
0
0.01
0
0
0
0
0
0
0
0
0.02
0
0
0
0.23
0.06
1.05
1.17
0.46
2.78
0.25
0.07
0.77
17.7
4.28
16.56
10.43
9.79
8.36
1.2
1.96
0.21
1.62
0
0
0.11
0.19
0
0
0
0
0
0
0
0
0
0
0
0
0
0
0
0
0
0.13
20.16
4.9
0
0
0
0.27
0
0.01
0
0
0
0
0
0
0
0
0
3.71
7.84
0.75
0.54
0
2.84
0.53
0
0
0.18
6.69
16.44
20.02
2.77
6.34
4.32
2.98
3.64
0.23
4.35
1.21
2.08
2.79
0
0.03
4.29
6.77
0.09
4.73
2.73
1.17
0
0
0
3.18
11.14
4.81
0
0
0.16
0
0
0
10.41
0.78
0
0
0
0
0
0
0.01
0
0.04
0.02
0
0
0
1.89
0.34
0.05
0
0
0.34
0.88
0
0
0.07
2.31
0
0.09
2.17
1.38
5.18
1.09
2.54
2.48
2.24
0
3.84
0
0
4.8
0
0
0
0
0
0
0.06
0
0
0.41
4.23
0
0
0
0
0
1.26
0.35
0
1.22
5.2
0
1.31
0
0
0
0
0
0
0
0
0.02
0
0
0
0
0
0
0.01
0
0
0
0.03
0
0
0
0.2
8.24
17.15
9.65
0
0.03
0.05
0.01
0
0.03
0.03
0.41
0
0.05
4.32
5.15
6.35
7.21
7.86
0
0.15
9.33
19.91
1.27
17.36
12.21
0
0
0
0
0.01
0.16
0.51
5.13
5.36
14.39
12.34
4.34
0.55
0.2
0.01
0
0.01
0
0
0
0
0
0.09
0.18
0.01
0.05
8.89
0.02
0
0.02
0
0
0
0
0
0
0
0
0
0
0
0.06
0.05
8.68
2.28
15.73
10.52
8.38
1.03
0.34
0.05
0.5
0
0
0.23
0
5.36
3.5
0
0
0
0
0
0.08
0.06
1.36
0.38
0.81
0.07
0.02
0
0
0
0
0
0.15
0
0
0
0
0
0
0
0.03
0.12
0.04
0
0
0
0
0
0
0
0
0
0
0
0
0
0
0.1
0
0.07
0.05
0.11
0
0.55
3.93
0.12
0.05
0.79
0.06
0.2
2.03
1.68
0
0
0
0
0
0
0
0
0
0
0
0
0
0.03
0.34
0.88
0.52
3.6
3.64
0
0.01
0
0
0
0.02
0.59
0.32
0.13
0.31
3.53
13.91
2.96
0
0.03
0.7
0.27
0.66
1.81
0.27
1.7
2.71
0.35
0
0
0
0
0
0.01
0.03
0
0.1
0.08
0
0
0
0.01
0
0
1.68
4.41
1.32
5.41
0.2
0.01
0
0
0
1.38
1.14
1.72
3.32
5.37
11.69
2.33
0.42
0.63
2.57
2.57
1.6
0.16
0.36
0.24
0
1.43
0.3
0.33
3.64
11.48
1.52
2.13
10.25
9.38
2.76
1.05
6.4
5.03
1.46
0
0
0
9.42
10.46
8.35
5.64
3.05
0.05
0.06
0
0
0.01
0
0.02
0
5.05
6.89
1.23
3.8
17.75
5.86
0.66
0
0
0.01
0
0.02
0
1.17
3.8
0.79
0
2.78
1.73
0
0
0.01
0
0
0.03
3.27
1.49
0
0
0.01
0
0
0
0
0.03
3.45
0
0
0
0
0
0
0
0
0
0
0
0
0
0
0
0
0
0
0
0
0
0
0
0.01
0.12
0.25
0.12
0
0.45
0
0.14
0.12
0
0.02
0
0
0
0
0
0
0
0
0
0
3.91
1.21
0
0
0
0
0
0
0
0.63
0.69
0.05
0
1.44
0
1.46
1.77
0
0
0
0
0
0.92
0
0.02
1.26
0
0.06
24.89
29.6
6.96
0.93
0
0.29
0
0.02
3.35
0.93
8.86
1.58
2.48
3.27
9.87
6.54
4.55
10.96
26.9
9.22
10.34
4.9
6.19
1.11
0.41
3.21
2.95
0.27
0.08
0.16
0
0.13
0.16
0.21
3.4
6.98
20.29
12.5
1.91
0.44
11.07
3.11
5.08
4.27
0.48
8.66
3.11
2.16
0.08
0.09
0.29
0
0
0
0.03
0
0.15
0.05
0
0
0
0
0.01
0.28
0
0
0.22
0.28
4.16
0.24
5.93
0.02
0
0.17
0.03
0.26
0.06
0.02
0
0.01
0
0
0
1.16
0.85
0
0
0
0.41
0.23
0
0.03
0.01
0.38
1.1
2.7
2.43
1.13
0.19
0.23
0.17
0.53
0.03
0.54
6.91
1.88
11.54
11.18
3.36
6.01
14.26
2.01
0.77
0.2
0
0.19
0.66
0.37
0.47
0.36
0
0.02
0
0.39
0.16
0
0.36
0.42
0
0
0
0
0
0.07
3.13
7.6
0.88
0.85
0.79
0.6
0.13
0
0
0
0
0.07
2.3
0.38
0.13
1.55
0.57
2.84
0.84
0
5.46
0.4
0.08
0.01
1.41
6.13
7.18
3.11
0.1
0
0
0
0.01
0
0
0
0
0.56
0.07
0.01
0.13
0
0.11
0.19
0.15
0
0.03
0
0
0
0
0.04
0
0.01
0.07
0.13
0.25
0.03
0.04
0.54
0
0.1
0.32
0.21
0.02
0.59
0
0.36
0.1
0.01
0.01
0.74
4.26
0
0.08
0
5.23
1.14
0
0.37
2.7
7.91
0
0
0
0.2
0
0
0
0.29
3.26
0.15
0
0.24
5.68
0
0
0.02
0.24
0.7
2.24
1.4
6.87
7.95
1.73
0.58
5.76
0.51
2.34
0.45
1.44
0.09
0
0
0.02
0
0
0
0
0.5
0
0
0
0
0.07
0.29
0.61
0
0
0
0
0
0
0
0
0.05
0
0.31
0
0
0
0
0.02
0.03
0.01
0
0
0
0
0
0
0
0
0
0
0
0
0
0
0
0.01
0
0
0.05
0.24
0
0
0
0
0
0
0.02
0.08
0.04
0
0
0
1.12
3.61
0
0
0
0.05
0.02
0.01
0
0
0
0
0.02
0
0.31
0.39
0.05
1.17
0
0
0
0.01
0.03
0.01
0
0
0
0
0
0
0
0.31
0.05
0
0
0
0
0
0.01
0
0
0
0
0
0
0
0.27
0
0
0.08
0.01
0
0.41
3.95
2.66
5.4
6.23
3.14
0.3
0.12
4.88
2.21
0.83
6.27
3.64
1.24
0.58
3.06
2.21
0.16
0
0.13
11.04
4.96
1.49
0.15
0.35
21.74
14.38
4.83
1.32
7.7
4.9
4.15
0.23
6.21
1.57
0.16
1.58
0
12.22
4.24
0
0
0
0.37
0.57
10.85
8.27
3.78
12.79
4
5.38
3.23
2.37
0.17
5.87
0.12
0.07
0
0
0.05
0
0
0.15
0.01
0
0
0
0
0
0
0.09
0.11
0
0.18
0.12
0.04
0.01
0.52
0.41
3.38
0
0.09
0.01
0
0.06
0.07
0
0.01
0
0
1.01
1.66
0.46
1.54
0.91
0
0
0
0
0.13
0.15
0.58
1.47
16.31
3.08
1.56
0.1
0.93
0.66
0.24
0.2
0.14
0
0
0.07
0.05
0
0
0.02
0.46
6.23
7.5
0.95
0.83
0.22
0.01
1.92
1.84
0.35
0.95
0.09
0.02
1.57
0.06
0.01
0.02
0
0
0
0
0
0
1.63
1.2
0
1.05
10.77
6.6
3.98
1.22
0.05
4.85
0.82
0
0.29
0.59
0.03
0
0.21
1.68
3.43
0.01
0.04
0.04
0.15
2.66
1.91
4.77
1.08
0.09
0.17
0
0.18
0.09
0.02
0.03
0
0
0
0
0
0
0
0.09
0
0.28
0
0
0
0.2
0.07
0.02
0.01
0
0
0
0
0
0
0
0
0
0
0
0
0
0
0
0
0
0
0
0.02
1.53
2.09
1.27
6.6
8.05
2.95
0.13
4.17
0
0.06
0
0.25
11.92
2.94
1.07
0.78
1
5.66
17.42
6.23
7.31
9.68
0
0.05
4.07
1.38
3.12
0.73
2.57
0.02
0
0
0
0
0
0
0.75
0
0
0.05
0
0
0
1.02
0
0
0.2
0.14
2.59
5.88
16.97
0.04
0.04
0
0
0
4.3
2.54
0
0
0
0.41
0.26
1.75
0
25.8
5.37
0.83
3.06
2.08
1.25
0.16
0.45
0.51
0.75
0.04
0.01
0.01
0.02
0.52
0
3.47
0
0
0
0
0
0
0
0
0.04
0
0
0
0.11
0.11
0.01
0
0
0
0.02
4.87
0
0.06
0
0.04
0.04
0.02
0
0.01
0.2
33.79
9.01
2.05
0
0
0
0.11
0
0
0.02
0.61
5.85
3.98
3.09
7.17
0
0.01
0
0
0
0
0
0
0
0.34
2.22
2.04
0
0.16
0.05
0
0.39
0.82
0
0.02
0.46
0
0
0.04
1.16
8.33
0.44
0.16
0
0
0
0.01
0.02
0
0
0
0
0.02
0
0
0.46
1.06
1.83
0
0
0
0
0
0.11
0
0
2.45
0.2
0.01
0
0.04
0.21
0
0
0.01
0.25
0.66
0
0
0
0.2
0
0
0
0
0.07
0
0
0.02
0
0
0
0.48
10.55
18.08
9.11
0.25
1.25
5.69
6.94
7.46
18.39
0
0.05
5.61
3.83
0.24
0
2.4
1.43
0.97
1.61
0
1.5
0
0.23
1.72
17.82
1.46
2.45
4.91
1.96
0.31
1.26
0.37
0.38
0
0.79
11.61
1.25
0.64
0.02
0.54
0.16
0.46
6.21
4.21
10.13
21.04
10.54
6.97
3.57
7.49
21.52
11.67
0.8
0.25
0.16
9.91
3.95
18.67
3.34
9.25
3.87
2.01
7.32
0.57
0.66
0
0.34
0.37
0
0.1
2.53
2.47
8.51
7.54
10.75
6.68
0.46
1.24
4.21
4.67
1.86
0
4.94
12.4
1.18
0.09
0.8
11.4
4.89
0.46
0.02
0.01
0
0.03
1.08
3.67
0.62
0.05
0
0.03
0.61
0.51
0.76
0.2
0.14
0
0
0.12
8.8
0
3.16
0
0
0.01
0
0
0.01
0
0
0.03
0
0
0
0.2
2.68
2.08
0
0.02
0.01
0
2.25
0
0
0
0.05
0.04
0.4
3.64
0.33
0.03
3.58
5.7
10.59
11.86
2.2
0
0.05
0.16
8.35
1.4
1.95
0.02
0
0
0.01
1.93
0
0.39
2.29
0.56
0
0
0.02
0.35
6.06
0
0
0.01
0
0.46
3.4
2.35
2.29
2.47
1.14
0
0
5.96
12.43
7.88
9.3
4.77
12.35
8.45
2.15
0
0
0.17
1.89
14.03
11.82
3.07
0.71
0
0
0
0
0
0
0
0.61
0.01
0
6.55
4.53
0
0
0.16
0.12
0
0.99
0
1.29
1.09
0
0.42
0.01
0.08
2.03
0.13
1.62
9.57
7.91
0
0
0
0
0
0.16
0
0
0
0
0
0
0
0
0
0
0.03
1.07
1.8
0
0
0
0.03
1.02
0
0.01
0
0
0.01
0.04
0
0
0.01
0
0
3.13
21.17
0
0
0.11
0
0
0
0.09
0.32
0
0
0
6.02
2.37
0
0
0
0
9.12
18.45
5.19
0.22
0
0.37
0
0
0
0
0
0
0
0
0.27
0.12
0
0
0
0
0
0.26
4.36
0.51
0.08
0.01
4.25
0.07
0
1.66
0
0
0
0
0.19
0.66
0.67
0.2
8.48
10.36
1.2
0
0
0
0
0
0
0
0
0
0
0
0
0.02
0
0
0
0
0
0
0
9.21
0.25
0
0.15
0.31
0.06
0
0.14
0
0
0.01
0
0
0
0
0.05
0.02
0
0
0
0
0.85
2.8
1.8
0
0
0.02
0
17.9
39.12
16.31
7.23
2.84
0.61
8.23
3.14
0.64
6.46
4.66
1.51
2.74
1.27
0
3.59
0.85
0.18
0.06
0.04
0
0.07
0
0.59
13.21
9.3
1.19
9.75
2.12
1.17
1
8.14
19.51
20.05
2.51
0.09
0.11
1.63
9.82
7.99
11.32
6.22
4.57
9.66
4.02
4.67
0.09
0
1.16
5.16
3.75
14.7
5.97
5.68
3.89
0.35
9.89
2.24
7.55
18.47
0.59
0.39
0.02
0.33
0.27
0.01
3.18
8.02
3.88
7.11
16.16
14.5
2.25
5.45
1.88
0.65
0.37
0.47
0.18
2.14
0.04
0
0
0.06
1.97
0.56
0
0
0
0
0
0
0.02
0
0.04
0.07
0.55
0.22
0.07
0.1
0
0.06
0
0
2.56
0.64
0.18
0.01
0.01
0
0
0
0
0
0
0
0
0
0
0
0
0
0
0
0
0
0
0
0
0
0
0
0
0
0.02
0.27
0
0
0
0
0
0
0
0
0
0
0
0.13
0.41
0.88
0.02
0
0
0
0
0
0
0.4
7.3
16.39
15.7
8.95
1.12
0
0
0.04
1.36
0.01
2.18
0
0
0
0.09
0.93
0
0
4.74
1.23
2.3
0.09
0
0
0.04
0.91
8.95
2.02
1.33
12.66
10.87
4.14
0.26
0.07
0
0
3.32
2.62
0.56
1.64
0.62
1.04
7.06
24.4
7.95
15.09
0.32
2.89
12.81
9.7
0
0
0
0
0
0.01
0
0
0
0
0.04
0
0
0
0
0
0
0
0
0
0
0
2.27
2.38
0.14
7.29
7.2
4.15
0
0
0
0.14
1.12
1.52
0.79
0
0
0
1.12
0.07
2.59
0
0
0
0.03
2.44
4.73
9.31
3.38
0
0.02
0
4.02
5.23
6.62
0
0
0
0.62
0.3
0.09
0
0.11
2.87
1.38
12.62
0.03
0
0.06
0
2.05
2.36
1.34
0
0.01
0.26
1.11
4.82
1.7
8.54
7.53
3.14
12.18
0.28
0
0
0
0.63
0
0.01
0
0
0.4
0.33
0.24
0.76
0
0
0
2.15
7.93
6.09
0.32
0.5
0.09
0.13
3.52
1.15
0.09
0.63
3.57
4
2.93
0.93
0.13
0.08
0
0
0
0.02
0.33
0.3
0
0.13
0
0
0.01
0
0
0
0
0
0
0
0.05
0.06
1.54
2.16
9.28
1.66
0
1.98
0.43
6.48
12.5
0.29
0.01
0
0
7.29
7.75
4.5
29.12
12.16
4.16
6.78
3.7
9.35
8.34
1.09
3.46
0.18
0.01
0.07
1.31
6.09
1.62
2.86
10.35
4.33
0.17
2.78
3.83
0.03
0.23
0.6
0.57
2.68
0.27
2.88
0.3
9.55
0.96
0.07
0.95
0.21
0.36
0
1.7
2.6
0.63
0.05
5.05
19.67
30.93
7.17
6.53
1.25
3.33
7.79
0.33
0.02
1.31
0.79
0.55
0.71
0.5
3.64
11.93
0.7
1.99
0.27
0.51
0.05
0
0.01
0
0
0
0.23
4.06
4.98
0.05
0.01
0.01
0
0.02
0.02
0.04
0
0
1.55
1.13
0.82
2.6
0.62
0.56
5.95
1.3
1.52
0.99
5.52
2.45
1.83
0.24
0.01
0
0.75
0
0
0
0
0
0
0
0
0
0
0
0.08
1.37
0
0.03
0
0
0
0
0
0
0
0
0
0
0
0
0.01
0.01
0.04
0
0.03
0.06
0.01
0
0.01
0
0.01
0
0.57
0
0.71
7.36
0.24
0.44
0
0.29
0
4.79
0.7
1.88
0
0
4.13
1.88
4.64
2.45
1.29
0.29
3.66
3.84
2.04
0.89
0.63
9.29
4.88
8
1.4
0
0.02
0
0.54
0.88
0.2
0.41
0
5.49
1.56
3.67
5.2
3.8
3.88
1.54
4.21
0.01
0.02
0.06
0
0
0.04
2.96
9.08
5.48
7.31
13.63
1.95
0.53
0.21
0.11
10.84
5.69
0
0.11
9.06
5.98
2.63
4.24
16.73
3.64
6.99
1.84
3.25
1.91
0
2.38
4.86
1.49
4.93
0
0
0
0
0
0
0
0
0.01
0
0
0
0
0
0
0
0
0
0
0
0
0.01
1.48
0.73
9.65
1.23
0
0
0
0
0.01
0
0
0
0
0.05
0.11
0.02
0
0
0
0
0
0
0
0
0
0
0
0.02
0
0
0
0
0.06
5.02
1.44
0
0
0
0
0
0
0
0
0.27
0.82
0.45
1.05
3.02
1.28
6.66
0.53
1.62
0.19
0
0
0
0
0
0
19.67
0
0
0
0.56
0
0
0
0
0
0.01
2.34
0
0
0.03
0.32
0.18
0.02
0.03
0
0
0
0
0.2
0.01
0.65
8.59
0.6
12.87
10
2.69
2
2.06
4.33
1.93
0.34
0
1.63
4.29
18.07
5.86
0
2.5
1.86
1.17
0.2
0
0
0
0
0
0.08
0
0.02
0
0
0.03
0
0
5.02
2.22
0
0
0
0
0
0.03
0.43
22.74
12.91
0.49
0.03
0
0
0.04
0.09
0.05
0
0.02
0.02
0
0
0
0
0
0
0
0
0.04
0.22
0.41
0.06
0
0
0.8
0.82
0.96
0.26
2.17
0.24
0.01
0.01
0.04
0.01
0.21
1.07
1.12
0.73
0.03
0.02
0
0
0
0
0
2.08
1.94
0
0.01
0.17
0
0
0.01
0.03
4.13
7.45
2.07
0.04
0.06
0
0
0
0
0.08
0.4
8.97
3
0.11
0
0.01
0.13
0.25
5.73
7.39
0.23
0.01
0.03
0
0
0.05
0
0
0
0.01
0
0.01
0
0
0.01
0.01
0
0
0
0.02
0
0
8.03
1.09
0.13
0.02
0
0
0.01
0
0
0
0
0
0
0
0.02
14.13
2.67
0.99
5.31
0.55
0
0
4.85
0.82
0.08
0.02
0.21
0
0
0.13
13.41
4.85
1.42
1.25
0.55
0.09
0.07
0
0
0
0
0
0.19
7.26
6.34
2.88
2.34
0.16
0
0
0
0.59
0
0
0
0
0
0.01
0.01
0
0
0.01
0.01
0
6.81
1.96
9.7
0.34
0
0.35
1.84
0.25
0.02
0.16
0.03
2.82
1.86
13.05
11.84
3.64
0.37
4.4
2.4
3.3
1.11
0.64
4.95
3.69
0.4
0
0
0
0
0
0
0.09
3.02
3.71
9.86
6.02
1.67
0.01
0
0
0
0.01
0
0.02
0
0
0.66
2.33
13.61
1.87
0
0
0.18
0.01
0.05
0.78
15.43
1.29
0
0.81
18.69
0
0
3.22
5.38
0.3
0
0
0.01
0.07
2.13
1.05
0
0
0
0.07
0
0
0
0
0
2.63
0
0
0
0
0
0
0.73
1.81
2.84
0
0
0
0
0
0
0
0
0
0
0
0.16
25.05
0.48
0.13
0
0.41
9.63
0
0.03
0
0.03
0.02
0.1
2.65
0.69
0
0
0
0
0
0
0
0
0
0.09
1.56
0.01
0.03
0
0.21
0.38
0.09
0.04
0.01
0
0
0
7.82
3.39
0.49
0
12.51
8.97
1.89
0.8
0.16
0
0
0.04
0.13
10.58
15.98
2.87
0.02
0.02
4.13
24.71
5.17
1.83
0.17
0.02
1.41
7.66
2.46
0
0
0.07
0
0
0.04
0
0
0
1.53
1.48
0.2
0.01
0
0.74
8.97
3.76
0
0.02
0
8.7
3.15
9.68
8.93
7.1
18.62
23.43
10.15
0.75
3.54
5.84
2.79
0.34
0.57
0.01
0.13
0.09
0.02
0.11
0.03
0.07
0.03
0
0
0
8.93
10.75
1.56
3.99
4.15
0.96
0.66
0.01
0.06
2.01
0.75
0
0
0
0
0
0.02
0
0.04
0.01
0
0
0
0.88
0.19
0
0
0
1.52
0.51
0.53
0.36
1.01
11.68
2.14
0.81
0.25
0.2
0.84
0.27
0
0
0
0.22
0.76
0.26
4.74
0.88
3.57
1.27
0.01
0
0
0.04
0.03
0
0.04
0.01
0
3.56
0.79
0
0
0
7.52
1.55
0
0
0
0
0.12
0.09
0.02
0
0
0.01
0.07
0.08
0
0
0
0.15
0.54
0.15
0
0
0
0
0
0
0
0
0.02
0
0.04
0.01
0
0
0.01
0
0
0
0
0.04
0.05
0
0
0
0
0
0
0.01
0.01
0
0
0
0
0
0
0
0
0
0.01
0
0
0
0
0
0
0.03
2.26
0.57
6.95
4.77
1.34
1.86
0.73
0.24
1.63
0.65
5.21
3.4
0
6.93
5.91
4.08
0
0.02
1.88
7.62
2.74
8.3
2.23
0.02
2.61
7.36
19.28
11.02
3.24
13.23
4.41
0
0
10.2
2.84
0.05
0.07
3.75
6.79
1.79
0.56
0.02
0.17
0.01
0.8
3.09
1.29
3.36
10.83
10.63
5.14
1.98
0.09
0.39
0
0
0.11
0.7
3.43
2.71
0.2
0.79
7.04
1.29
0
2.85
0.23
11.55
3.46
1.3
0.01
0.62
0.01
0.41
1.21
6.01
12.16
7.29
0.23
0
0.02
2.79
0.46
0
0
0
0
0
0
0
0
0
0
0
0
0
0
0.01
3.04
1.38
0
0
0
0
0
0.09
0.01
0
0
0
0
0.06
0.79
0.02
0
0
0
0.16
2.05
3.16
0.43
0
0
0
0
0.02
0.06
0
0.01
0
0
0
0
0.04
0
0.02
0
0
0
0
0
0
0
0
0
0
0.01
0
0
0.04
0.04
0
0
0.06
0
0
0
0.02
0.26
0.11
0
0
1.01
0.06
0
0
0
0
0
0
0
0
0
0.19
3.37
0
0
0
0
0
0
0
2.11
7.14
0.54
0
0.26
0.01
0
3.07
0
0.67
1.73
1.57
0.16
0.78
0.09
0
0
0.04
0
0
0
0.02
1.02
24.83
0.27
1.69
3.24
8.22
0.46
0
0
1.62
8.14
5.34
3.71
3.39
1.63
1.49
0
0
0.04
0
9.49
0
1.31
8.84
1.25
3.84
14.96
4.88
0.5
0
0
0.04
0.02
9.74
3.97
0.02
0.04
0.2
0.02
0.02
0.28
0
4.05
24.82
4.12
2.8
0.96
1.37
0.35
0.2
6.78
1.57
9.79
4.8
0.77
0.14
4.89
8.51
4.3
2.2
0.55
0.04
0
0.36
0.24
2.55
0.02
0.04
0
0.01
0
0.14
1.86
11.24
8.19
9.46
7.96
8.81
3.86
5.55
15.55
3.13
0.21
7.96
1.92
5.57
2.08
13.48
4.82
0.3
0.38
2.78
2.94
3.61
0.83
0.03
0.93
3.77
3.48
1.58
6.09
2.41
0.17
0
1.02
4.29
9.8
7.59
23.08
6.42
5.82
1.45
0.02
0
0.02
0
0
0.8
0.51
1.53
10.59
5.4
1.27
1.02
0
0.09
0.02
1.3
0.93
0
0
0.09
0
0
0
0
0
0
0
0.46
1.65
1.03
16.73
21.61
8.71
18.69
0.56
0.47
11.14
8.18
1.1
2.11
0.48
7.01
0
0
0.01
2.6
0.01
0
0.05
0
0.02
0
0.01
0.57
1.59
3.13
0
0.93
2.11
0
0
0
0
0
0.1
0
0.02
0
0
0.01
0
0
0
0
0
0.59
0
5.52
0.85
0
0.02
0.02
0.02
0
0.4
0.04
0
0.75
0.13
1.3
2.14
4.38
2.63
0.21
1.32
0
0
0.04
1.37
2.46
3.71
0
0.01
0.02
0.81
0.65
0.73
2.01
3.26
0
1.86
0.6
7.54
2.86
2.81
0.33
0.07
0.01
0
0
0
0
0.09
0
0.12
0
0.07
0
0
0
7.48
3.55
0.45
0
0
0
0
0
0
0
0
0
0
0
0
0
0
0
0
0
0
0
0
0.26
0
0
0
1.94
0.01
0.19
1.89
0
1.93
0
0.01
1.09
1.34
0.07
0
0.52
0.04
0
0
0
0
0
0
0.02
0
5.85
4.68
0
0
0
0
0
0
0
0
0.01
0
0
0
1.52
1.96
3.27
0
1.88
0
0.02
0.01
0
0
0
0
0
0.02
0.82
0.05
0
0
0
0
0
0.01
0
3.28
0
0
0
0
0
0
0
0
0
0
0
0
0
0
0
0
1.67
12.93
8.05
13.91
1.19
2.31
0.13
0.13
11.02
2.7
0.18
0
0
0
0
0.13
5.88
4.71
5.89
5.01
0
0
2.36
0
0
0
0
12.97
8.11
21.41
8.84
0.5
2.44
0
0
0
0
0.02
0
0
0
0
0
0.01
0.29
0.06
0.09
0
0.05
0.04
0.02
0
0
0.05
0.5
1.2
2.39
0.2
0.14
0
0.02
0
0
0
0
0
0
0.02
0.03
0
0
0
0
0
0
0
0
0
0.07
0
0
0
0
0
0
0
0.27
0
0
0.01
0
0
0.3
0.23
3.98
0.18
0.01
0.01
0
0.01
0.09
2.07
3.29
2.11
2.98
3.33
0
0.04
0
0
0
0
0.17
0.02
1.45
0.45
0.07
1.9
0.6
0.52
0.17
0.04
0.4
1.21
1.59
10.41
1.82
0.09
0.01
0
0.06
0
0.02
0.07
0
0.04
0.15
0.22
6.82
0.98
0
0.05
0.02
0
0
0
0
0.02
0.01
0.28
0.01
0.02
0
0.02
0.01
0
0
0.03
0
0.01
1.14
4.48
3.6
0.37
12.83
5.46
2.75
0.75
0.13
0
0
0
0.02
0.09
9.72
7.78
12.29
6.55
1.87
0
0
0.06
0.07
0.05
0
0.01
0
0.01
0
1.01
0.2
0
0.14
0
2.8
3.68
0.09
7.59
7.29
3.05
0.7
0
9.18
15.49
2.74
0
0.17
0.98
0.1
0.04
1.5
0
0
0
0
0
0
0
0
0
0
0
0
0.35
2.09
0
0.08
3.95
4.93
13.03
24.61
2.74
0
0.14
0.01
0.8
0
0
0
0.33
0.01
0
0.01
0.79
6.61
0.03
0
0
0
0
0
0
0
2.13
0
0
15.61
10.98
19.46
7.32
10.18
4.29
0
0
0
0.23
0
0
0
0
0
0
0
0.01
0.02
0
0
0.04
0.02
0
0.01
0
0.47
19.15
0.52
0
0
0
0
0
0
1.18
0.05
0
0
0
0
0.02
0.02
0.01
0
0.02
0
0
0
0.05
3.24
0
0
0
0.01
0
0.06
0
0
0
0
0
0
0.04
0
0.31
0
3.71
1.63
0
0
0
0.98
10.88
0.29
0.13
3.08
0
0
5.84
0.06
19.59
7.55
1.16
4.71
2.59
0
0
0
0
4.26
0.22
0
0
0.02
0.01
0.21
0.66
0.11
0.07
0
0
0
0
1.95
3.32
11.75
3.72
1.72
8.68
2.11
1.73
0.21
0
0.02
0
0.07
0.71
0
0.04
8.52
0.88
0
0
0
0.02
1.14
10.07
25
23.66
0
1.06
0
0.05
0
2.15
0.47
0
0.17
3.89
13.49
0.41
0.25
0.04
0.06
0
0
0
0.71
8.23
0.35
0.02
0.44
0.08
0
0.03
0
0
0.02
0
0.01
0.3
1.68
12.93
6.82
4.03
4.42
0.4
1.68
12.25
1.96
6.04
15.35
2.14
6.31
0
0.6
1.56
3.63
2.64
0.89
6.85
1.34
0.11
0.03
0.58
0
0
0.37
4.34
7.58
3.88
0.63
1.7
0.57
0
2.13
3.75
2.93
9.66
0.38
0
0.14
0.02
0.54
1.36
3.16
8.22
0.2
0
3.61
1.81
1.11
12.54
2.86
4.48
9.23
1.55
8.7
1
3.19
0.2
0.1
0
0
0
0
0.01
0.07
4.99
5.15
8.5
3.76
10.06
0.5
0
0
0
0
0.02
1.93
1.43
1.88
0.79
1.32
0.11
0.89
0.13
0.01
0
0.01
0
0
0.16
0.2
0.01
0.08
0.04
0.05
0.09
3.46
4.62
2.41
1.45
0.69
2.44
9.59
11.82
9.14
1.12
0
0.02
0.02
0.53
0.6
1.78
0
0.14
0.01
0.1
0
0.05
0
0.16
0.6
3.73
0.16
0
0.09
0
0.22
0
0.23
0.86
1.85
0.21
9.01
9.38
6.48
8.89
28.35
5.2
0.88
0
0.26
0
0.23
0
0.26
0
1.28
2.18
1.57
0.18
5
5.09
4.49
0.3
0.42
2.11
8.09
2.36
0.03
0.04
1.49
0
1.32
3.5
0
0
0.13
0.35
0
0
0
2.05
7.98
22.01
7.12
2.77
1.18
0
0.9
0.2
0.01
0
5.32
12.84
0.56
0
0
0
0
0
0.41
2.42
0.01
0
0
0.02
0
0.47
0.64
7.69
0.58
0.22
9.08
2.35
0
0
0
0
0
0
0
0
0
5.06
0.9
0.27
0
0
0
0
0
0.31
1.24
0.02
0
0.02
0.02
0.01
0
0
0
0
0
0.04
0
0
0.02
0
0
0.02
3.05
0
1.23
0.82
0
0
0
0
0
0.11
0
0
0
0
0
0
0
0.02
0
0
0
0
0.01
0
0.02
0.02
0
0.01
0.39
0.7
0
0
0
0
0.4
0.06
0.86
0.65
0
0
3.14
7.34
3.34
0.2
0
0
0
0.12
0.03
0.08
0
0
1.68
9.57
13.7
1.7
6.02
0
0.08
0
0
0
0
0
0
0
0
0
0
0.01
0
0
2.49
0.01
0.02
0.02
0.43
0.57
8.98
1.21
13.63
3.51
8.29
0.03
0.01
0.02
0
0
0.01
0.13
0.04
1.28
0.46
16.28
1.54
0.52
13.25
2.54
15.49
9.3
1.73
4.46
0
0
0.5
9.27
2.66
1.89
13
2.06
17
16.41
0.49
0
0
0.02
0.17
0
0
13.05
0
0.98
0.06
0.06
0.01
0.15
11.44
15.06
0
0
0
0
0
1.43
5.77
0.37
0.18
11.67
0
0.08
2.41
8.3
3.5
0.14
0
0.23
2.62
2.91
0.14
0.34
0.32
0
0.04
0.09
0.05
0.02
0
0.05
0.48
3.22
0.3
0.02
0.02
0.1
0
0
0
0
4.37
0.05
2.15
0.56
0.14
0.15
0.06
0.11
0.02
0
0
0
0.51
0
0.02
0
0.04
0
0.72
0.13
0
0.68
0.1
0
2.32
0.02
0
0.04
0.11
0.61
7.52
5.83
0.69
0.3
3.52
2.71
0.45
0
0.01
0
0
0
0
0
0
0
0
0
0.01
0.44
0
0.63
0
0
0.98
4.95
4.67
3.41
3.88
9.84
11.41
4.54
4.66
2.64
0.43
0.05
0
0.66
0.13
0.23
0.39
0.89
0
2.43
3.26
2.41
16.16
0.77
0
0.02
0
0.21
1.5
0.05
0
0
0.01
0.54
0
0
1.01
16.02
6.25
8.89
11.44
1.48
11.49
1.37
0
0
0
0.09
0.01
0.3
0.08
0.02
0.16
0.02
0.75
0
11.59
15.66
0.49
5.76
0.04
0.07
6.56
2.6
0
0.01
0.41
0
5.49
24.44
8.65
1.1
4.87
23.84
5.96
4.48
4.64
0
2.59
0.56
6.49
4.98
4.59
0.09
0
0
0
0
0.48
0.08
0.05
0.02
0.15
7.98
4.27
2
1.55
1.93
7.36
0.21
3.07
0.27
0
0.01
0
0
0.01
0.18
2.42
7.47
0.93
0.66
1.89
0.57
4.24
0
0.02
0
0
0.21
1.86
1.33
0
0
0.02
0
0.17
0.05
0
3.7
0.16
0.2
0
0
0
0
0.01
3.26
17.49
0
0
0.01
0.04
0.02
0
0
0
0
16.04
1.52
0.01
0
0
0
0
0
0
0
0
0
3.21
0
0
0
3.76
0.96
0
0.01
0
0.15
0.13
0.33
3.89
2.64
0.79
0
0
0
0.02
0
0
0.06
2.08
0.05
0
0
0
0
0.01
0
0.02
0.03
0
0
0.11
1.41
10
30.4
3.16
0.24
0.28
0.06
0.03
0.11
0.02
0
0
0
0.43
0.15
0.06
0
0
0
0
0
0
0
0
0
0
0
0
0
0
0
0
0
0.02
0.02
0.25
0.15
0.25
0.02
0.23
0.35
0.27
0
0.02
0.02
0.01
0.05
1.83
7.55
10.06
4.38
0.6
0
0
20.34
8.66
5.95
14.02
4.71
2.03
2.68
1.18
0.66
0.51
14.63
3.74
0
0.14
0.08
0.27
1.02
0.17
0.01
0
0
0
0
0
0
0
0
0
0
0
0
0
0
0.29
6.9
4.08
2.52
13.93
2.59
8.09
0.13
1.4
0
0
0.38
0.08
0.2
0.01
0.05
0.03
0.12
0.07
0
0.02
0.31
0.02
0.01
0.03
0.02
0.01
0
1.74
3.3
0.14
0.11
0.01
0.01
0
0.04
0
0
0
0
0.03
0.18
0.01
0
0
0
0.02
0.02
0.01
0
0
0.01
0.03
0.07
0
0
0
0.02
0.81
2.51
1.25
0.03
0.15
0.03
0
0.01
0.01
0.28
0.09
0.08
1.11
3.34
0.13
0
0
0
0
0.01
0.14
0.21
0.59
0
0.02
0.44
0.01
1.57
2.03
7.14
1.73
0.18
0.03
0.06
0.04
0.48
0.1
0
0.18
0.14
0
0.25
0
0
0
0
0
0
0.03
0
1
0.16
0
0.28
0
0.21
1.96
0
4.09
2.03
0.88
8.24
0.06
1.05
0
0
0
2.59
6.63
1.39
2.84
1.22
0
0.11
0.58
0.02
0.02
0.02
0
0
3.58
1.34
0.03
0.13
0.68
0
0.21
0.04
0.02
0
1.72
0.01
0
0.01
0
0
0
0
0.01
0
0
0
0
0
0
0.22
0.09
1.46
0
7.3
1.94
0
6.9
6.01
0.55
0
0
0
0
0
0
0
0
0
0.16
0.27
2.85
13.89
0.61
6.73
0.33
0
0
0
0
0
0.12
0.55
0
4.3
0
0.02
0
0.01
0.01
0.01
0.04
2.19
4.19
5.14
5.59
0.45
0
2.23
10.88
0
0
0
0
0.01
0.02
0.03
0
0
0
0
0.05
0
0
0
0
0
0
0
0
0
0
0
0
0
0
0
0
0
0
0
0
0
0
0.43
0.21
0
0
0
0
0
0.01
0
1.72
0.23
0
0
0
0
0
0.06
0
0.07
0.03
0
0
0
0
0
0
0
0
0
0
0.1
0
0
0
0
0
6.48
19.93
5.97
1.34
0
0.05
0.07
0
0
0
2.07
0
0
0
0
0
0
0
0.02
0
0.2
0
0.01
0
0
0
0
0
0
0
0
0
0
0.22
0.54
1.21
3.15
2.81
5.36
0
0
7
4.05
0.56
3.45
1.8
11.67
0.05
0
0
0
0.39
18.34
0.17
4.8
1.91
0
0
0.07
0.05
0
0.04
0.1
6.65
3.83
0.23
0.27
9.39
11.63
27.7
6.68
2.02
1.24
0
0.02
0
0
0.01
0.77
0.65
0.98
0.49
0.48
0.02
0.75
0
11.99
23.66
0.59
1.89
0.46
0.08
0.04
0.05
0.03
0.01
0
0
0.02
0
0
0.02
0.04
0
0
0.03
0
0
0.13
0.09
0
8.56
7.65
1.39
2.18
0.12
0.56
0.31
0.02
0.13
0
0.81
1.45
2.2
2
11.41
0
0
0
0
1.95
1.3
1.47
0.7
0
0
0.02
0
0
0
0
0
0
0.12
0.01
0
0.26
0
0
0
0.05
0
0
0
0
0
0
0
0
0
0
0
0.29
0.35
1.97
5.29
3.31
3.59
3.45
1.08
3.47
0.77
12.39
4.86
0.09
1.35
0
0.44
0.96
12.54
3.14
1.5
0.45
0.21
0.43
0.18
0
0
0
0
0
0.38
2.03
4.93
4.15
1.77
3.09
1.96
4.42
1.79
0.13
0
0.2
0
0
0.02
0
0
0
0
0.05
0.27
1.06
2.2
0
0.02
0
0
0
0
8.3
1.28
1.85
2.92
0.52
1.02
0.52
14.84
0
0.15
0
0
0.01
0.01
0
0
0
0
0
1.32
4.08
2.95
2.08
0.49
0.01
0.01
0.28
0.02
2.66
2.57
0
0.07
0.02
0.19
0.2
0
0.01
0
0
0
0
0
0
0.02
0
1.02
0
0
0
0
0
0
0
0
0.17
1.44
13.9
0.08
0
0.19
0
0.39
28.33
1.13
7.97
2.23
2.38
7.55
0
0
7
14.18
0
0.2
2.21
3.11
0
1.68
0
0
0
0
0.2
0
0
0
0
0
0
0.77
2.52
0.06
0.61
6.52
7.32
11.71
2.23
0
0.09
0
0
0
0.16
0
0
0
0
0
0
0
0
0
0
0
0
0
0
0
0.02
0
0
0
0.01
0
0.44
13.45
0.02
0.06
0
0
0
0
0
0
0
0
0
0
0
0
0
0
0
0
0.1
0.65
4.66
1.18
0
0.25
8.82
10.24
11.03
13.59
1.62
0.02
0
0
0
0
21.35
9.37
0.14
2.36
0.96
0
0
0
0.04
0
0.05
3.25
0.18
0.88
0
0.41
0.02
0
0
0
2.88
0.34
0
0
0.01
2.47
14.21
5.46
6.92
10.45
0
5.11
10.01
0
0.57
0
0
0
0
0
0
0.41
6.75
12.59
4.2
0.32
0.56
3.77
1.98
0.66
0
0
0
0
0
2.09
7.73
1.07
0.05
0.53
0.26
0.7
0.54
2.61
2.21
0.97
0.02
0.27
0.28
0.02
0.53
0.03
0.16
0.98
4.38
9.78
5.17
10.66
0.4
0.09
0.02
0
0.02
0
0
0
0
0.02
0.32
0.03
0.02
0
0.54
0.36
0.05
0
0
0
0
0
0
0
0.02
0
0
0
0.02
0
0
0
0
0
0
0
0
0
0
0.02
0.01
0
0
0
0.04
4.39
1.71
3.13
2.66
1.04
0.11
0.19
1.08
0.63
0.01
0.73
3.83
3.8
4.32
1.97
0
4.5
14.04
4.5
2.08
4.47
2.99
1.4
3.6
0.36
4.91
3.58
3.16
0.25
6.62
1.37
0.23
4.5
1.31
3.89
0.2
0
0.28
0.01
0.02
0
0.05
0.03
2.29
4.14
0.37
0.06
0
0
0
0.05
0.01
0
1.72
0
0.04
0.24
2.51
0.7
0.02
0.06
0
0.02
2.54
14.24
5.17
1.42
3.3
6.34
9.28
5.87
2.8
1.63
1.12
5.42
5.93
2.68
2.11
0.86
4.2
14.32
5.3
0.91
0
0.89
0.43
0.02
0.1
0.11
0
0.3
0.02
0.54
6.2
6.73
3.21
6.1
3.5
7.51
1.11
6.55
7.03
2.42
0.22
0.24
0
0.3
0
0.02
0
0.18
4.41
1.14
0
0
0.25
9.37
8.15
11.42
5.83
1.3
2.73
4.33
5.48
4.11
1.2
0.48
0
0.09
0
0
0
0
1.3
0
0
0.09
0.05
0
0
0
0.15
0.02
4.71
2.47
13.33
2.36
0.67
0
0.01
0
0
0
0
0
0
0
0.01
0
0
0
0
0.01
0
0
0
1.43
0
0
0
0
0
0
0
0
0
0
0
0
0
0
0
0.03
0
0
0
0
0
0
0
0
0
0
0.02
0.1
0.63
1.89
0
0.01
0
0
0
0
0
0
0.01
0
0
0
0
0
0.01
0.02
0.35
1.88
0.81
0
0.22
0
0
0
0
0
0
0.02
0
0
0
0
0
0.12
0.04
0
3.98
0.38
0.96
0.43
0
0.86
0.41
0
0.09
4.52
2.39
0
0
0
0.06
0
0.78
1.07
0.02
0.88
1.48
2.1
17.5
6.15
2.35
0.16
0
0
1.7
0
0
0
0.02
0
0
0
0
0.01
0.17
0
0.19
5.91
0.84
0
0.03
0
0
0.21
0.05
0
0
0.02
0
0
0
0
0
0
0
0
0
0
0
0.05
0.01
0
0
0
5.87
15.46
3.13
4.23
0.7
0
0
0
0
0
0
0.27
0.59
0.13
0.02
0
0.01
0
0.03
0.11
0
0
0
0
0
0
0
0.53
2.56
0.11
0.23
2.1
3.23
0.68
0.04
0
0
0.08
0.03
0
0
0
0
3.12
4.66
6.21
1.6
0.19
0
0
0.08
0.69
0.75
8.22
1.07
1.23
0.46
4.16
0.97
0.19
0
0
0.9
0.14
0
0
0
0.01
0
0
0
0
0.01
0
2.05
1.56
6.8
4.19
0
0
0
0
0.14
0
0
0
0
0.13
0.7
0
0.48
1.27
14.44
4.72
0.29
0.72
0
2.19
0.11
1.2
1.48
0.13
0
0
0
0
0.9
0.55
0.17
0
0
0.53
0.86
0
0
0
0.35
0.06
0
0.74
0.26
0
0
0.28
10.12
0.21
2.15
0.08
1.95
1.32
0
0.03
2.99
1.04
0
0.02
0
0
0
0.03
20.66
14.43
19.98
21.66
4.33
0.12
4.58
1.85
0
10.22
15.55
11.79
16.96
15.03
8.01
1.14
4.66
1.22
0.01
0.01
0
0
0
0
0
0
0.01
0.08
1.08
0.91
1.46
5.27
22.85
25.48
10.5
2.91
7.05
0.38
1.5
3.4
2.16
6.48
0.99
0.21
2.19
0.8
8.44
4.81
3.97
0.76
0.88
3.99
3.88
2.88
9.09
4.7
6.82
1.56
0.63
4.61
1.54
0.22
2.45
6.8
6.32
2.34
1.76
0.07
0.09
0.23
8.17
2.53
0
0
0
0
0.07
2.59
4.35
0
0
0
0
0.87
0
0
0
0
0
0.12
0
0
0
0
0.39
0.26
2.77
0.21
0
0
0
0
0
0
0.02
0
0
0.18
0
0
0
0
0
0
0
0
0
0
0
0.01
0.19
0
0.02
0
0
0
0
0.05
0
0
0.01
0
0.05
0
0
0.01
1.31
2.09
3.52
0.01
0.14
0
3.99
5.61
0.17
0.01
0
0
0
0
0.22
1.09
7.41
3.56
0.07
0.12
3.23
2.95
0
0
0
0
0
0
0
0
0
9
8.04
2.55
0
0
0
0.06
0.5
0
0.2
0
0
0
0
0
0
2.83
0.58
1.01
0.17
15.22
10.86
0.16
0.77
0.11
1.4
7.44
6.88
1.97
4.39
14.24
4.46
0.37
0
0.74
0
15.2
11.09
0.76
11.17
24.07
13.59
6.84
0.67
0.7
0.14
0.1
0.37
0.43
0
0
0.53
0.18
0.02
0.28
0.01
0
0.09
0.6
0
0
0.02
0.09
0
0.87
0.2
0.04
0.36
5.79
5.88
0.84
3.96
1.88
1.01
5.2
0.14
1.94
13.6
9.61
3.39
0.75
1.23
0.26
8.04
0.39
0
0
0.19
0
0.01
1.13
0.01
0
0.26
0.04
0.01
0.08
0.12
0.06
0.01
0.04
0
1.45
0.35
1.85
0.02
0.01
0.64
1.08
1.59
4.08
2.43
0
0
0.2
0.08
0.04
0.06
0.02
1.24
6.39
7.01
0.83
7.51
6.78
2.3
3.65
0.7
0.04
1.86
2.86
1.28
1.46
3.34
4.74
1.95
6.45
7.32
3.05
1.28
0.99
2.82
1.08
0
0
0.06
0.25
0
0
0.01
0
0
0.01
0
0.29
0
0
0
0.15
0.04
0.36
5.34
1.36
1.29
7.93
4.28
1.91
0.02
1
0.73
0
0
0
0
0
0
0
0
0
0
0
0
0
0
0.03
0
0
0.02
8.41
0.26
0.45
0.08
3.25
0
0
0.13
0.14
4.12
5.19
0.11
0.97
16.95
9.2
2.98
0.45
3.02
3.94
7.65
2.34
3.77
0.62
0
0
0
0
0.02
0.52
1.16
0.25
0.08
0.07
2.41
1.08
0
0.02
0.88
0.01
0
0.17
0.82
4.75
2.15
0
0
0
0
0
0
0
0.2
0.11
2.04
0.02
0.16
1.53
6.52
0
0.61
0
0.87
0.09
0.88
0.51
0
0.01
0
0.1
0.33
3
1.27
0.43
0
0.01
0
0
0.29
0.45
3.72
0.04
0
2.1
0.31
0
0
0
0.05
0
0
0
0
0
0.01
0
0
0
0
0
0
0
0
0
0.88
0
0
0
0
0
0
0
0
0
0
0.02
0.02
0.01
0
0
0
0
0
0
0
0
0
0.06
0
0
0
0
0.23
0.44
19.98
5.43
2.5
0.48
0.12
0.19
0.38
0
0
0
0
0
0.02
0
0
0
0
0.98
0
0
0.13
0.01
0.01
0.09
0
0
0
0
0.48
0
1.56
0.4
0
0.02
1.21
1.88
1.38
0
0.41
1.47
7.63
6.68
0.24
0
0
0.02
0
0
0
0.03
0.05
0.89
9.18
3.35
4.89
0
0.04
0.05
0
0.02
1.06
1.25
0
0
0
0.02
0.13
0.14
0
0.04
0.03
0.02
0
15.4
11.23
2.52
0
0
0.01
0
0
0
0
0
0
0.68
0.02
0.05
0.05
0.15
2.59
2.25
1.2
0.12
0
0.02
0
0
0.44
0.56
0
0.01
0
0
0
0.98
0.19
0
0
0.94
2.1
0.59
2.1
10.18
1.98
0.42
8.83
5.1
0
0.18
0.92
4.14
0.16
0.2
0
0
0.3
5.02
4.04
0.29
2.13
2.59
1.15
0
1.28
13.34
19.24
25.36
16.67
18.48
5.37
2.82
15.23
25.15
15.29
7.73
5.03
0
3.52
7.92
3.08
0.94
7.89
2.84
0.19
3.55
1.33
5.8
11.88
3.69
0
3.57
2.23
1.68
3.46
0.07
0.05
0.2
1.34
0.01
0.58
0
0.09
0.03
0
0.65
3.32
0.94
0.01
0.59
5.12
1.63
0.02
0.1
9.48
3.7
0.69
0.08
0.03
0.02
2.67
5.44
10
5.55
2.79
0.95
0.11
3.55
8.35
12.11
2.41
11.69
3.42
1.17
1.9
0.06
6.73
5.92
1.24
5.7
3.48
6.38
4.09
2.05
0.02
0.32
0
0.24
0.28
0.02
0.15
0
0.17
0.34
0.05
2.39
1.06
1.43
16.38
14.89
1.27
0.46
0.98
6.13
0.48
2.52
0.43
0.12
3.73
2.02
0
2.16
1.83
1.95
0.01
0
0.03
4.59
5.06
7.51
3.87
6.76
8.15
4.72
2.33
0.11
1.51
7.26
0.82
0
1.13
0
0.18
0
0.93
1.71
0.5
4.62
5.98
4.71
0.16
0.1
3.08
8.66
7.84
4.48
12.14
10.94
12.8
4.14
0.1
0
0
0
0
0.01
1.34
0.04
0.45
0.19
0.18
0.15
0.54
0.52
0
0.73
0
0
0.04
0
0.25
0
0.01
0.01
1.53
9.34
5.51
8.73
4.73
5.98
7.05
1.27
1.34
0.04
0.34
1.24
0.01
0
0
0
1.32
5.03
0.45
8.41
0.93
5.99
0
0.11
12.22
0.49
1.14
0
0
0.02
0
0.02
0
0.25
0
0
0
0.02
0
0
0
0
0
0
0
0
0.01
0
0
0.09
0
0
0
0
0
0.12
0
0
0
0
0.04
0.66
0
2.96
0
0.01
0
0
0
0
0
0.41
0.74
0.84
0
0
0
0
0
0
0
0
0
0
0
19.59
8.03
0
0
0
0.34
0.38
0
0
0
0
0.36
0
0
0.07
7.38
12.65
3.83
0.32
0.55
0
0
1.96
0
0
0
0
0.12
0
0
0
0.16
3.67
0.8
0
0.02
0.06
1.52
16.25
5.64
2.72
0.99
0.03
0
0.01
0
0
0
0
0
0
0
0.01
0.07
0.02
0
0.09
0.24
2.48
11.43
10.1
1.86
0.68
0
0
0
0
0.46
12
3.45
0.14
0.04
0
0.04
8.46
2.54
0.28
0.88
0.77
3.38
6.82
2.54
0.68
0
0.31
0.01
0
0
0.05
1.41
4.49
6.05
10.66
1.05
0.48
3.04
6.08
7.96
4.58
0.5
0.04
0.05
0.09
0.88
0.05
0
0
0.55
0
0.91
2.45
11.41
9.59
5.59
0
0
0
0.02
0
0
1.08
1.1
0.1
0.01
0
1.03
2.27
2.17
1.24
5.76
3.18
3.14
0.4
0
0
0
0.02
0
0
0.01
0
0
0
0
0.02
0.01
0
0.09
2.05
9.82
4.3
2.54
1.66
0.02
0
0.01
0.03
0
0
0
0
0
0
0
0
1.92
3.65
4.7
8.88
6.1
1.03
5.68
2.64
0.7
0
0
0
0.03
0.25
0.45
1.49
0
0.22
2.88
2.28
0.13
0.55
0.05
0.19
0.68
0
7.6
3.45
4.04
6.14
12.23
17.44
5.54
0.25
0
0
2.2
1.1
4.27
3.73
1.04
4.63
4.14
0.46
0.18
0
0
0.02
0
3.23
0
0.13
0
0
0.17
0.7
0
0.02
0.01
0.01
0
0
0
0.13
0.06
3.46
1.78
29.63
3.1
5.02
0.75
0.26
0.14
0
4.66
7.79
2.47
1.16
2.69
1.45
0
0.52
0.92
12.16
2.95
0.01
0.37
0
8.85
2.95
6.05
1.29
0
0.57
0.84
0.19
0.26
0.3
0.39
0.01
0.66
0.52
0.83
22.38
13.19
16.35
8.84
2.19
0
0
0.35
0.09
0
3.24
5.51
1.43
0.01
0.27
0
0
0
0
0
0
0
0
0
0
0
0
0.02
0
0
0.01
0.16
0.08
1.4
1.43
0.04
0.09
1.16
0.02
0
0
0.01
0
0
0
0
0.54
0
0
0.01
0.02
0
0.13
0.04
0
0
0
0
0
0
0
0
0
1.93
1.84
0
0.08
0.29
0
0.01
0
0.01
0
0
0
0
0
1.55
0.92
0
0
0
0.42
0
0
0.01
0.02
0
0
0
0
0
0
0
0.01
0
0
0
1.28
1.95
0.03
0.01
0
0
0
0
0
0
0
0
0
0
0.08
0
0
0
0
0.09
0
1.35
0.38
0
0.15
0
0
0
0
0
0
0
0
0
0
0.02
0
0.02
0
0
0
0
0
0
0
0
0
0.03
0
0
0
1.3
7.99
4.78
2.96
4.73
4.91
0
0.02
0.02
0.12
3.98
14.59
15.58
11.63
5.85
1.45
0.19
0.34
1.82
0.58
0.53
0.23
4.51
2.25
0.07
0.95
1.59
0.76
1.84
0.87
6.22
1.36
0.4
0
0
0
0
0
0.02
0.95
4.78
0.06
0.45
1.35
0.04
0
0
0.3
0
0.12
0.29
0.7
0.62
0.21
3.41
0.94
0.09
0.04
0.07
0
0
0
0
0
0
0
0
0.02
0.02
0.23
0.49
0.34
0
0
0.02
0.02
0.02
0
0
0
0
0
0
0.16
1.22
8.51
2.46
0.02
0
0.02
0
0
0
0
0
0
0.23
0.41
0.09
0
0
0.49
0.09
0.02
0
3.73
1.21
0.09
0.04
0.09
0
0.03
0.13
0.04
1.77
0.15
0.06
0.02
0
0.01
0
0
0
0
0
0
0
0
0
0
0.02
1.38
0.11
0.96
0
0
0
0.05
0
0
0
0
0
0
0
0.01
0
0.02
0.04
5.7
4.61
0.43
0.01
0.02
0
0
0.02
0
0
0
0
0.41
10.17
6.6
8.8
5.34
5.52
0.48
0.08
0.3
2.89
1.61
4.02
2.11
6.16
1.4
0.01
0.6
6.61
5.27
1.34
0.72
0.03
0.16
0
0.39
0.06
7.06
11.76
7.75
3.82
1.14
0
4.47
8.36
1.62
0.88
0.16
0.64
0
0.12
0
2.36
0.84
0.78
0
0
0
0
7.22
6.14
0.26
0
0
0.01
0
0
0.02
0.02
0
0
0.03
0.55
3.01
1.17
0
0
0
0.01
0.06
0
0.01
0.04
0
0
0.04
0.02
0
0
10.43
6.82
3.21
0
0
0
0
0
0
0.04
0.02
0
0
0
0
0
0.01
0
0
0
0
0
0
0.15
0
0
0
0
0
0
0
0
0
0
0
0
0
4.39
0.45
5.69
0
0.01
0
0
0
0
0
0.04
2.18
0
0
0
0.05
0
0
0
0
0
0.02
0
0
0.12
0.02
0
0
0.01
0
0
0
0
0
0
0
0
0
0
0
0
0
0
0.21
0.68
3.56
0.27
0
0
0
0
0
0
0
0.01
0.16
0.04
0.15
0
0
2.01
0.1
7.14
5.63
1.19
18.14
1.27
0
0
0
0
0
0
0.01
0.01
0
0.04
0
3.05
1.56
0.06
3.39
1.81
0
0
3.59
9.98
14.41
10.63
2.37
0.03
3.1
5.34
7.96
2.72
0.48
0.83
6.91
2.97
0.44
6.59
12.72
12.37
0
0.05
0.36
11.79
5.38
8.25
0.83
0.01
0.05
0
0.01
0.27
9.57
1.41
0
0.03
0.52
0
0
0
2.25
10.62
0.65
0.03
0.07
0
0
0
0.05
0.07
0.15
0.09
0.27
0
0.03
0
0
0.09
1.09
7.44
2.5
1.92
0.6
0.17
0.13
0.54
0.21
0.01
0
0
2.86
0.15
0.03
0
0.59
0.08
1.07
0.66
0.02
0
0
0
0
0
0.01
0.38
0.01
0.31
4.23
1.32
0.15
1.71
4.8
4.02
12.26
9.63
4.55
1.33
9.21
5.65
0.45
0.37
0
5.61
0
0.05
0
0
4.05
2.48
0
0.01
0.33
0.12
0
0.1
0.06
5.87
0.45
0
0.14
0.01
0.08
0
1.25
0.54
2.69
0.14
5.64
9.47
1
0.86
0.93
1
0.84
4.96
1.39
0.03
0
4.02
5.34
4.94
10.19
8.56
3.85
4.61
5.38
3.91
1.6
0.09
0.13
1.72
8.74
3.02
7
1.27
0.62
0.95
1.4
2.84
8.77
18.58
9.78
5.75
12
2.55
8.86
1.63
2.56
5.16
11.36
1.67
0.3
2.14
0.13
0.54
0
1.95
0
0
0.01
0
0
0
0
0
0
0
0
0
0.02
1.4
11.09
3.8
12.05
4.95
2.61
1.45
0.01
0
0
0
0.02
0
0.02
1.11
1.4
0.61
0.12
0.03
5.91
5.28
3.89
8.89
12.24
2.99
1.26
0
0
0
0
0.84
4.7
2.38
1.96
0.95
0.51
0.01
0
0.05
0
0
2.07
0.74
1.42
2.72
3.18
0.45
0
0.01
1.15
0
0.02
0
0
2.98
1.84
0.49
1.01
0
0.02
0
0
0
0
0
0
0
1.64
0
0
0
0
0
0
0
4.17
3.64
0.68
0.01
0.08
1.77
0
0
2.29
0
1.18
5.47
6.82
0
0
0
0
0
0.02
0
0
0
0
0
0
0
0
0
0.05
3.46
0
0
0.01
0
5.41
0.07
0.01
0.3
0.68
0
0.01
0
0
0
0
0
0
0.02
0.23
0.03
2.06
0.28
0
0
0
0
0.04
0
1.51
0.03
2.14
0
0
0.12
0.04
0
0
0.01
0
0
0
0
0
0
0
0
0
0.01
0.01
0.01
0.44
9.77
1.6
1.38
0.39
2.51
4.8
10.88
0.03
0
0
0
0
0.05
0
0
0.02
0.02
0.09
0
0
0.05
5.14
0.67
0.12
11.01
0
1.36
1.55
0.07
0.01
0.07
0.01
0
0
0.03
0.12
0.08
5.71
0.16
0
0.02
0.93
0.13
0
0
0
0
0
0.39
8.19
15.27
8.73
2.3
0.01
1.15
0.18
0.05
0.03
0.05
0.02
0.95
0.41
0.43
0.59
0.05
0
0
0
0
0
0.2
0
0
0.11
0
0.05
0.7
0
0.03
0
0.03
1.52
8.63
0.8
0
0
0.91
25.31
12.02
0.36
5.61
2.49
0.3
0.08
0.45
5.46
5.86
10.58
11.63
3.39
0.18
0.05
0.06
0
1.79
0.2
3.98
4.43
3.21
3.16
2.27
2.73
5.59
2.16
0
3.59
2.36
0.1
0.04
0.14
0.11
0.07
7.95
5.7
3.8
2.81
0.55
0.1
1.18
13.31
5.25
10.45
4.67
6.59
13.74
3.45
3.52
2.42
1.75
2.41
4.15
0.42
1.5
1.09
0.02
2.23
0.47
0
0.08
0.52
1.94
2.43
1.99
1.08
11.79
6.27
0.71
0.35
0.7
0.05
0.04
0.01
0.09
0
0.03
0
0
0.05
0.08
0
0.04
0.02
0.14
1.41
1.5
2.43
0.07
4.1
3.43
1.55
0.18
0.05
0.27
0.05
0.15
0.3
4.45
2.61
1.07
0.26
0
0
1.53
0
0.5
0.29
1.82
0
0
0.67
0
1.6
0
1.74
2.23
8.34
0
0
9.67
0
2.58
1.35
0
0
0
0
0
0
0
0
0
0
0.48
0.11
0
0
0
0
0
0
0
0
0
0.7
0.82
6.69
2.25
3.68
4.05
2.12
0.34
0.38
3.61
0.01
0
2.26
0.01
0
0
0
0
1.66
0
0
0
9.86
5.36
6.02
0.06
0.01
0
0.05
0.02
0
0.02
0.12
0
0.63
1.32
6.7
0.99
0.65
0.01
0.02
0
0
0.23
4.27
42.46
0
0.01
13.86
0.17
0.01
0
0
0
0
0
0
0
0
0
0.01
0.09
0
0
0
0
0.01
0
0
0
0
0
0
0.01
0
0.6
3.87
0
0
0
0
0
0
0
0
0.05
0
0
0.04
0
0
0.11
0.02
0
0
0.08
0
0
0
0
0
0
0
1.44
4.84
0.66
0.18
0
0
0
0
0.28
0.1
0.12
0
0.01
0.08
0.04
1.04
1.17
0.09
0.88
0.56
0.22
0.43
11.33
18.79
5.26
3.04
0.18
0
2.97
3.84
1.86
0.08
0.73
0.3
0
0.01
0
0.02
0.01
3.28
11.33
13.05
10.05
10.31
5.28
2.73
1.27
0.27
0
0
0
0
0
0
0
0
0.18
0
0
0.01
0
0
0
0.1
1.04
23.57
4.18
0
0.18
2.54
2.89
0.16
3.07
7.17
1.94
10.05
9.28
4.05
1.7
1.92
0.04
0.02
0.01
0
0.05
1.37
0
9.73
3.29
3.81
21.22
5.44
3.18
3.52
0.95
0.24
0.99
0.02
1.7
1.38
0.09
0.05
0
0.03
0.06
5.45
13.7
0.58
1.45
0
0
0.03
0.01
0
0.21
0
0
0.03
0
0.48
0.34
0
0
0
0
0.05
0
0
0
0
0
0
0
0
0.02
0
0.02
0.2
6.53
0.42
0.19
1.46
0.89
0.43
1.98
1.59
0.88
0.02
0
0
0.01
0
1.2
27.93
1.13
0.17
4.2
6.13
2.26
1.99
0.64
0.05
0
0.01
0.05
3.84
0.98
0.52
1.27
0.62
0.83
0.11
0.02
0.09
2.28
1.73
0.19
0.91
0.31
0.29
0.35
0.02
0.02
0.02
0.01
0.02
0
0.02
0
0
0
0
0
0
0
0
0
0.02
0.1
0.61
12.99
2.17
6.11
7.1
5.36
11.27
2.03
0.18
0.03
0.01
0
0
0.04
0
0
0
0
0
0.04
0
0
0.12
4.33
1.57
0.55
0.42
0
0.04
0.42
2.51
0.74
1.1
0
0
0.02
0.05
0
0
0.96
9.14
3.71
0.27
0.69
0.02
0.03
0.05
0.04
0.03
0.01
0
0
0
0
0
0
0
0
0.01
0.01
0
0
0.24
0
0.01
0
0.06
0.14
0
0.01
0
0
0
6.3
0.18
0.02
0
0
0.19
0
0
0
0.02
0
4.2
9.48
15.65
6.18
4.26
0
5.74
0.02
0.01
0
0
0
0
2.63
3.06
3.95
0
0
0
0
0
0.03
0.05
0.01
0.02
0.08
0
0
0
0
0
0
0
0
0
0
0
0.23
1.66
0.97
0
0.6
0
4.55
4.43
0.01
0
0
0
0
0.07
0.29
8.11
0.01
0
8.46
0
0
0.05
0.86
10.83
0.01
0
0.01
0.07
0
0
0
0
0.3
0
0.02
0
13.21
2.04
0.32
0.81
0
0
1.05
0
0.18
3.02
0.55
0.77
0
0.11
5.65
0.16
0
0.8
0.03
0
0
0.02
0
0.08
0
0.46
12.8
0.28
0
0
0
0
0
0
0
0
0.02
0
0
2.99
6.2
0.02
0.59
0.03
1.9
5.48
2.71
0.03
0
0
0.05
0.74
0.78
8.95
0
0
0
2.86
6.32
2.15
0.04
0
0
0
0
0
0.7
3.56
4.29
0
0.04
0.01
6.06
24.85
1.91
0.3
0.05
0.01
0.05
0.09
0
0
0
0
0
0
0
0
0
0
0.02
1.38
2.52
0.17
0.07
2.05
0.63
0.05
0
0.01
0
0
0
0
0
0
0
0
0.01
0.01
0
0
0
0
0.56
0.24
0.05
0
0
0
0
0.01
0
0
0
0
0
0
0
1.45
0.81
1.05
1.75
6.28
0.13
15.72
34.98
0.59
2.4
1.33
6.17
2.91
17.83
1.85
0
0
3.22
0.08
0.23
0.22
1.12
0.13
0.01
0.15
0.75
0
0
0
0.01
0
6.79
0.23
0
0
0
0.01
0
0
0
8.78
1.68
0.36
3.46
6.09
10.32
23.01
15.09
4.28
1.56
0.01
0.78
6.36
0.43
0
0.01
0.01
0
2.77
0.35
11.37
12.7
3.88
0.71
0.01
0.05
0
4.26
1.71
3.24
4.06
0.21
2.08
0.11
0.13
0
0
1.43
0.36
0.1
0
9.29
11.84
4.1
4.33
0.8
0
0.01
0.27
2.34
0.13
0.09
0.04
0.19
0.42
0
0.02
2.92
25.23
1.27
0.07
0.04
0
0.02
7.2
11.99
9.18
6.02
0.02
0.21
6.72
0.01
0
7.13
5.3
0.94
5.51
4.88
0.94
0
0.09
0.83
0
5.47
1.32
0
0
0
0
0.2
1.32
8.63
14.36
12.09
6.69
3.95
3.48
4.63
0.37
0
0.01
0
4.5
0.08
0
0.09
1.26
0.1
0.01
0
0
0
4.8
2.77
5.93
0
0
0
0.43
3.98
0
0
0
0
0
0
0.01
0
0
0
4.52
10.66
0.28
0
0
0
0
0
0
0.04
0
0.36
0
0
11.91
0
0
0
0
0
3.06
13.37
4.73
0.02
0
0
0.05
0
0
0
0
0.02
0
0.02
0.01
0.11
0.02
0
0
0
0
0
0
0
0
0
0
0
0
0
0.02
0
0
0
0.01
2.75
0.12
0.01
0
0
0
3.68
0.16
0
0
0.06
0
0
0.05
0
0
0
0.01
0
0
0
0
0.04
4.12
0.07
0
0
0
0
0
0.01
0.05
0
0
0.02
6.83
8.3
0.05
0.03
0.02
0
0
0
0
0
0.16
0.01
0.02
0
0
0
0
0
0.01
0
0
0
0
0
0
0
0.04
0
1.95
8.9
1.61
0.76
0.08
0
4.16
0
1.11
2.17
3.16
8.59
12.22
2.02
0.21
0
0
0
0
0
0
0.01
0
0.65
9.12
24.2
3.04
0.03
1.3
0.58
0.01
0
0.08
0
0
0
0
0
0
0.25
10.44
6.82
10.54
7.91
1.52
2.69
4.74
1.52
0.04
0.68
0.04
0.03
0.01
2.23
2.81
0.8
0.02
0.02
0.01
0.01
0
0
0.05
0
0.05
0.28
2.84
0.91
0
0
0.01
0.02
0.17
0.06
0
0.04
0
0
0
0
0
0
0.01
0
0
0
0
0
0
0
0.23
3.34
0.29
0
0.01
0.04
0.02
1.7
0
0.05
0.21
2.2
0.25
0.09
0.01
0.02
0
0.66
9.31
1.91
0.97
0.57
0
2.22
5.7
10.78
12.1
1.19
0.17
4.49
0.93
0.02
0.21
1.79
4.85
3.93
0.35
0
0
0
0
0
0
0
0
0.82
0
0
0
0.01
0
0
0
14.24
0.85
2.18
0
0
0
0
0
0
6.65
1.21
0
0
0
0
0
0
0
0.16
8.77
1.71
1.09
7.11
1.95
2.68
0.28
0
0
3.74
0.01
0
0
0
0
0
0
0
0
0
0
0
0
0
0
0
0.13
0
0.08
0.07
0
0
0.02
0.27
5.52
3.54
2.93
0.85
1.92
3.94
0
0
0
0.08
3.54
0.79
0.3
0
0.06
11.48
8.87
3.88
0.28
0
0
0
4.67
8.47
0
0
0.04
0.03
0
0
0
0.02
0
0
2.76
5.35
0.34
0.82
7.25
6.07
23.69
0.05
0
0
0
0
0
0
0
0
0.01
7.86
0
0
0.2
7.04
1.42
0.06
0
0
0
18.67
1.16
0.01
2.7
0.05
0.13
0
0
0
0
7.35
3.45
17.95
3.01
0
0.01
0
0
0
0
0
0.06
0
0.22
0
0
0
0
0.1
0
0
0
0
0
0.03
0
0
0
0.14
0
0
0.11
0.01
0
0
0
0
0
0
0
0
0
0
0
0
0
0
0
0
0.11
0
0
1.48
7.63
31.98
8.22
0
1.07
0.02
0
0
0
0
0
0
0.14
5.34
0.08
0
0
0
0
0.22
0
0
0
0
0
0.6
15.61
0
0
0
0
0
0
0
0
0.01
0.01
0
0
0
0
0
0
0
0
0
0
0
0
1.15
0.52
4.22
8.68
0.15
0.09
0.3
0
0
0
0
0
0
0
0.01
0
0
0
0.01
0.91
5.22
0.89
0.02
1.06
0.25
0.06
0.06
0
0
0
0
0
0
0.01
0.02
0.01
0
0
0
0.15
0.1
0.36
0
0
0.18
0.06
0.06
0.82
0.19
0.02
0.01
0
0
0.03
1.22
0.93
15.43
8.66
0.52
0.29
4.39
0.59
0.03
0.02
0.07
0
0
0
0
0
0
2.79
11.57
0.67
0.84
0
0
1.67
0.16
0.23
0.11
0
5.63
12.61
5.27
0.59
0.7
2.84
1.44
0.06
4.2
1.61
0.05
0.17
0
0
0
0
0.02
0.02
0
0.01
11.22
4.29
0.13
0.06
0.01
0
0.01
0.68
0.31
4.66
5.3
3.91
3.23
0.13
0.18
1.39
0.59
2.17
1.04
1.05
1.3
0
0.03
0
0.04
1.41
0.16
0.2
0
0
0
0
0
8.96
19.49
11.84
9.49
5.6
7.35
3.21
3.75
2.71
1.2
7.64
14.86
5.37
2.7
0.46
29.18
2.7
2.08
9.07
1.06
7.33
0.64
0.14
1.32
8.38
1.93
1.34
0.14
0
0.01
1.05
3.64
0.3
0.02
2.1
3.18
5.06
1.07
11.66
9.64
3.84
8.12
14.68
26.06
6.05
1.44
0
9.92
3.39
0
0
0
0
0
1.02
0.88
0.39
0
0.01
0.02
2.05
7.11
3.18
0.84
0.05
0.02
0
0
0.05
1
0.64
0.01
0.01
0.02
1.16
0.04
0.04
0
0.2
13.49
3.32
3
8.36
5.85
4.89
1.84
4.83
1.92
1.67
14.93
12.27
9.08
8.23
4.55
14.81
9.73
3.97
3.27
3.62
6.38
1.39
1.63
10.47
2.39
0.64
0.18
0
0.01
0
0
0
0
0
0.01
0
0
0.01
0
0.16
2.98
1.52
7.86
10.26
3.16
0.01
0
0
0.01
0
0
0.03
0.15
0
0
1.05
0.16
0
0
2.83
4.53
0
0
0
0
4.31
2.24
0
0
0
0
0
0
0
0
0
0
0
0
0
0.03
0
0
0.04
0
0
0
0.16
0
0
2.65
3.61
0.7
0.05
0.02
0
0.83
0.01
1.25
1.93
0.14
0
0.01
0.81
0.02
2.64
0
0
1.36
1.2
0
0
1.35
4.74
0.68
17.05
0
10.27
0.82
0
0.01
0.02
0.84
13.84
5.39
0.07
0.27
0
0
0
0
0
0.43
0
0
0.01
0
0
0
0
0
0
0
0.05
0
0
0.11
1.78
0.11
0.19
5.59
0.01
0
0.79
27.31
21.71
2.24
0.25
0.01
0
0
0
4.75
3.27
1.51
0.61
3.77
13.38
2.14
0.27
0.04
1.75
10.63
4.35
1.28
9.36
2.06
1.3
0.94
0.33
0
0.39
2.67
1.14
0.59
4.46
3.08
7.95
4.77
2.37
3.82
1.52
9.98
3.06
0.01
0.09
1.37
0.45
0.02
0.06
0.02
0.09
0.05
0
0.04
0.03
0.03
0
0
2.2
12.15
1.34
2.66
3.35
0.4
1.57
0.36
0.07
0.02
0.02
0.01
0
0
0
0
0
0
0
0
0
0
0
0
0
0.16
0.02
0.01
0.02
0.01
0
0.2
0.11
0.02
0.01
0.02
0.23
0.13
5.84
1.2
0.1
1.69
0.75
0.81
0.22
0.04
0
0.17
1
6.06
13.19
8.05
0.33
0.06
0.07
0.03
0
0
0
0
0.05
0.12
0
0
0
0
0
0
0
0
0
0
0
0
0
0
0
0
0
0
0
0.05
0.02
0.03
12.97
0.07
0.19
0
0.01
0.01
0.07
0
0
0
0
0.01
0.02
0.03
0
0.01
0
0
0
0
0
0
0
0
0
7.91
8.88
3.51
0.69
0.19
5.08
7.78
3.23
7.75
5.06
1.8
0.06
0.01
0.01
0.01
0.02
0
5.16
31.28
15.44
2.69
2
0.19
8.42
23.06
2.7
0
0
0
0
0.01
5.05
1.43
0
0
0
0
0.03
0.53
0.38
0.67
0
0
0
0
0
4.33
2.62
0
1.16
0
0.05
0.04
0.19
0.75
0.01
0
0
0
0.02
0
0
0.01
0.1
0
1.44
3.77
2.64
0.77
0.16
0
0.02
0.91
0.37
0.4
1.36
0
0.02
0
0
0
0.03
1.55
0
0.02
0
0
0
0
0
0
0
0.98
2.97
0.61
0
0
0
0
4.72
4.67
0
0.02
0.01
0
0
0
2.97
1.48
0.01
0
0
0.49
0.15
0.05
0
0.15
2.05
0.06
0
0
0
0.02
0
0
0
0
0
0
0.02
0
0
0
0
0
0
0
0
0
0
0
7.47
0
1.59
8.2
0
0
0
13.16
7.72
0
1.52
0.72
4.58
7.5
0.22
0.14
0.01
0
0
0.03
0
0.05
0.5
0.12
0
0.16
0.69
13.62
6.45
13.45
0.41
1.02
1.02
0.45
1.14
0
0.06
0
0.01
0
0
0
0.03
0
0
0
0
0
0
0
0
0
0
0
0.3
0.31
5.03
0.03
0
1.16
3.25
7.44
8.98
2.16
16.75
4.44
0.22
0
0.03
0
0.02
0.01
0.43
0
6.31
5.91
4.67
11.09
4.94
2.23
0.39
0.28
2.8
3.16
1.95
10
4.73
6.66
1.81
0.56
5.67
0.02
0.31
0.55
0.94
13.09
4.28
1.47
0.76
2.42
0.8
2.83
1.97
8.41
0.11
0.03
2.94
0.91
0
0
0
3.22
0.1
0.05
0.25
7.31
0.05
0.02
0.47
0.06
0.27
0.31
29.31
21.81
10.03
3.77
0.02
0
0.02
0
0
0
0
0
0
0
0
0
0
0
0
0
0
0
0.01
0
0
0.01
0.01
0.02
0.09
0.15
6.3
1
2
22.88
5
3.72
0.94
6.81
0.05
0.73
3.08
0.28
1.69
1.05
0.07
0.08
0.01
0
0
0
0
0.19
0.03
0.03
0.03
0.01
0.04
0
0
0
0.16
0.01
0
0
0
0
0
0
0
0
0.04
0
0.39
16.16
2.65
1.56
0.14
5.02
0.67
0.05
0
0.01
0
0
0.01
0
0
22.28
33.88
5.12
0.06
0.05
0.09
4.25
0.84
3.16
1.05
0.3
1.67
0.22
0.01
0.43
6.97
18.81
7.19
1.02
0
0.04
0.25
9.27
2.01
2.87
8.48
5.57
1.28
0
0.25
7.66
4.47
8.41
8.29
9.78
2.34
0.5
7.84
1.21
1.68
3.73
7.08
5.87
1.53
0.05
0
0
0.02
0
0
0.07
0
0
0.01
3.05
0.52
4.59
0.54
19.67
0.24
3.77
12.65
0.86
0
0
0
0
0
0
0
0.01
13.03
2.7
0
0
0
0.06
11.42
0
0
18.75
5.17
0.22
0.05
11.84
0.1
0
0
5.53
0.17
0
0
0.32
5.11
0.16
0.01
0
0
0.01
0
0
0
4.31
0.1
0
0
0
0.09
0
0
0
0
0
0
0.07
3.11
11.17
0.18
0
9.11
0.02
0.04
0
0
0
0
0.02
0
0.27
0.15
0.92
0
0
0
0
0
0.05
1.45
0
0
0.01
0
0
0
0
0
0.23
0
0.47
25
0.02
0
0.07
0
0
0
0
0
0
0
0
0
0
0
0
0
0
0
0
0
0
0
0
0
0
0
0
0
0
0
0
0
0.01
0.16
0
0.29
6.28
13.16
0.7
3.97
0.48
0
9.2
13.19
0
2.58
0
0
0
0
1.28
19.59
0.06
0.95
0.01
0.02
0
0
0
0.03
0.05
0.03
0
0.06
0.17
0
0
0
0.3
6.31
4.28
0
4.04
0
11.56
0.1
0.08
0.07
0
0
0
0
0
5.52
0
3.38
14.97
1.03
0.33
0.07
0
0
0
0
0.51
1.76
0.08
0
0
0
0
0
0.01
0
0
0.28
0.03
3.97
0.05
0
0
0.1
0.52
5.27
1.05
0.06
4.81
6.06
0.41
2.34
8.19
4.97
0.02
0.41
1.31
1.09
0.16
0
0.05
3
0.22
0.2
0.06
0.48
1.1
0.1
0.04
6.75
1.08
0.02
0.16
4
2.62
0.84
0.92
0.23
0.09
0.03
0
15.88
6.95
1.12
0.75
0.43
0
0
0
0
0
0
0
5.12
11.94
0.86
13.39
0.86
12.23
1.32
1.6
1.12
5.59
1.86
0.16
0.02
0.06
0.09
0
6.97
6.78
9.06
7.44
24.62
0.59
4.38
6.09
0.01
0
0
0.01
0
0
0
0
4.41
2.62
0.05
0
0
0
0
0
6.97
0
0
0.58
0
0
6.97
0.33
0.02
0.01
0.09
0.06
0
0
0
0
0
0.02
9.64
0.05
0
0
0
0
0
0
0
0
0
0
0
0.25
3.23
0.2
0
0
0
0
2.23
3.06
11.47
9.42
0
2.79
1.38
0.16
0
0
0
0.16
10.58
7.83
4.84
0.21
9.84
0.97
5.47
9.56
10.08
4.93
7.41
2.63
0.57
5.41
1.99
0
0.03
0
0.55
7.39
3.33
0.19
0.36
6.5
0.27
0
0.06
0.01
0.08
0
0.01
0
0.16
4.09
0.94
0
1.34
0.02
0.59
3.39
0.89
3.91
9.1
1.37
3.28
5.67
11.09
0.9
0
0.01
0
0
19.06
8.19
0
0.95
0.67
6.52
2.06
1.22
2.2
0.09
0.03
2.34
2.88
0.42
0
0.02
0
0
0
0.01
0
0
0
0
0
3.86
1.03
0
0
0
0.02
0.01
0
0
0
0
0
0
0
0
0
0
0
0.01
1.33
0.08
0
0
0
0
3.61
0
0
0.02
0.02
0
0
0
0
0
0
2.13
0
0
0.05
0
0
1.41
13.48
0.05
0
0
0.05
2.33
0
0.02
0.06
3.13
0
0.36
0
14.56
51.94
0.02
0.17
0
0
0
0
0.01
3.58
0.02
0
0.02
0.75
26.59
2.84
1.33
0.76
0
0
0.23
0.16
0.12
0.03
19.04
0
0.02
0
0
0
0
0
0
11.86
0.08
0.05
0
0
0
0
0
0
0
0
0
0
1.79
0.34
0
0
0
0
0
0
0
0
0
0
0.03
32.62
4.06
19.66
0.34
11.58
0.44
0.42
0.08
0
0.01
0
0
0
0
0
0
0.03
0.03
0
0
0
0
1.25
5.61
23.41
3.56
3.88
9.69
1.78
2.73
0.25
0
0.17
6.17
0.06
0.01
0.48
0.89
0.09
8.73
0.27
0.69
0.03
0
0
0
0.04
0
0
0
0
0
0
0.02
0
0.22
2.69
4.91
8.97
0.52
0.04
0
0
0.01
0
0
0
7.52
2.9
0.71
0.02
0
0.12
0.09
0.02
0
0
0
0
0
0
0
0
0.03
0.02
0.01
0
0
0
0
0
0
0
0
0.01
0
0
0
0
0.01
0
0
0
0
0
0
0
3.02
0.92
0.07
0.01
0
0
1.24
0.12
0
0
0
0
0.09
0.39
0.15
0.01
0.04
0.02
12.67
1.31
0.09
0.28
7.14
0.49
0.27
0
15.61
13.19
5.16
5.22
1.42
0.53
1.16
0.14
0.75
1.12
7.5
2.97
0.62
2.69
2.48
3.88
1.05
0.03
1.73
6.97
0.73
0.32
0.3
0
0
0
0
0
0.23
1.28
0
2.08
0.5
1.25
0.06
0
0
0
0.11
14.11
6.69
0
19.69
5.52
0
0.01
6.66
4.11
1.87
0
0.3
4.84
11.14
2.75
0.27
0
0
0
0
0
0
0.01
0
0.31
10.09
1.36
0
0
0
0
0
0
0
0.03
5.98
1.44
0
0
0
0.05
0
0
0
0.39
1.16
0
0
0
0
0
0
0
0
0
0
0
0.84
0.27
0
0.03
0
0
0.2
0.01
0.13
0
0.01
0.01
3.23
0
0
0
0
0
0
0
0
8.58
0
0
0
0
1.96
0
0
0
0.02
0
0.01
0
0.03
0
0
0
0
0.88
0
0
0.02
0
0
0.48
0.98
0.24
1
1.94
0.95
0.09
0.09
0.03
0.01
0.57
0
0.01
0
0
0.01
0
0.02
0.09
0.78
0
0
0
1.71
0
0
4.36
2.14
7.93
0.05
0.05
0.02
0
0
0
0
0
0.01
0
0.03
0.17
0
0
0.66
4.7
11
1.97
1.05
0
0.06
0.81
12.2
4.41
0.41
1.35
0.12
0.22
0.19
0.08
0
0.02
1.75
0.38
0
0
0
0
0
0
0.09
0.3
0
2.83
2.19
2.14
0
0
0.02
0.53
0.22
1.16
6.47
5.62
7.12
1.81
3.33
0.71
0
0
0.03
0
0
2.38
1.26
0.14
0.42
2.18
0.51
0
0
0
1.02
3.91
0.75
1.75
0.16
0
1.38
3.94
6.5
3.61
4.19
1.11
4.03
9.09
7.97
3.3
6.79
2.73
0.03
4.83
0.81
0
0
0
0
0.73
2.3
2.12
0.96
2.25
9.28
12.25
8.41
7.77
15.97
26.91
10.95
7.03
2
2.45
0.14
0.03
7.75
1.45
0.34
0.03
0
0
0.11
0
0.08
1.19
0.25
0
