19510101
11.2
6.82
0.71
0.02
0.01
0.16
0
0.15
1.9
1.15
1.38
3.93
0.84
0.91
0.04
0.09
0.01
0.1
0.02
0.08
0.04
0
1.91
10.84
1.84
2.18
3.8
2.37
0.77
0.55
0.36
0.25
0.51
3.06
8.4
2.69
0.28
0.04
2.09
1.43
1.01
1.06
3.9
0.42
0.04
0
0.01
0.07
0.69
0
3.59
0
0.58
8.02
2.04
2.22
0.68
0
0.23
0.54
1.52
5.52
5.63
3.4
2.59
2.97
3.95
0.3
9.2
1.61
8.96
10.41
1.65
0.15
1.7
1.22
0.86
0.06
0.13
0
0
0
0.6
0
0
0.13
0.61
0.77
0.56
0.02
0
0.01
0
0
0.14
0.06
2.11
0.13
0
12.96
1.35
0.05
0
0
0
0
1.79
0.46
2.02
3.88
0.08
0.84
8.52
20.35
2.78
6.84
4.04
3.63
0.3
16.08
7.79
2.57
0.03
0.18
1.99
3
8.13
3.78
1.01
3.41
4.23
0.3
0
0.41
0
0
1.56
10.77
0.63
0.06
0.08
0.01
0
0
0.67
3.22
0.38
0.03
9.14
1.23
0
0
0
4.6
3.16
3.38
0
2.61
0.05
0
0.89
0.03
0.02
0
0.04
4.41
1.41
1.9
0
1.65
0.09
0.91
1.95
0
0
0
0.02
0
0
0.31
0
0.33
0
0.16
0
5.06
0
1.06
0.03
0.26
0
0
0.79
0
0
0.66
0
0.02
0
0
0
0
0.02
0
0
0
0
0.01
0.32
0
5.84
7.12
8.09
0.88
0
0
0
0
0.08
0
0
0
0
0.02
0.08
0
2.2
0
0
0
0
0.19
0
0
0.11
11.27
0.42
0.32
0
0
0
0
0.39
0
0
0
0.16
0.21
5.39
24.07
6.45
0.18
2.06
3.9
9.51
7.48
2.2
0
0
0.01
0
0
0
0.01
2.38
18.96
2.07
0
0.02
0
0
0.01
0
9.79
18.28
3.88
1.38
0
0
0
3.28
0.11
0
1.07
3.88
0
2.39
1.28
0
0
0.02
3.09
7.52
0.8
1.5
0
0.07
0.01
0.39
0.26
0
0
2.45
0
0.02
0.99
0
0.38
0.61
1.43
6.44
6.25
4.12
0.95
0.9
3.18
1.84
0
0.06
0
1.08
10.55
4.38
0.7
0.16
0.08
0.03
0.02
0.02
0
2.62
0.01
0.9
0.05
0
0
0.06
0.09
0
0.02
1.19
1.86
0.91
0
0.52
1.66
0.3
0.73
0.63
1.54
0
0.05
2.34
2.25
2.82
0
0.21
0.98
1.02
0
1.37
1.69
0.2
0
0
0
0
0.02
0.05
0.98
0.2
0
0
0.02
0
0.01
1.61
0.12
0
0.04
0.13
0.74
0.98
1.09
2.86
0
0.14
1.36
1.77
2.14
12.96
2.73
0
0.2
0.24
2.04
0.1
0.06
0.3
0.07
0
0
0
0.02
0.01
0.16
0.15
5.96
7.16
0.39
0.09
0.05
1.74
1.04
0
0.04
0.04
0.03
0.03
0.63
4.47
4
0.79
0
0
0
0
0
0
0
0
0
0.09
0.34
0.69
6.16
0.88
0.09
0.5
1.39
5.35
3
2.19
0.46
0.2
0
0.25
0.78
0
0
1.51
1.43
7.19
2.88
2.62
7
4.8
0.34
0.64
0.3
0.06
0.04
0
0.02
0.08
7.63
2.93
2.7
9.66
0.83
0
0.91
0
0.03
0.02
0.02
1.24
0.2
0
0.01
0.03
1.96
0.77
4.54
2.15
1.16
0.8
0.68
12.8
7.48
1.48
0.99
0
0
0.02
0.02
0.03
0
0.25
1.19
0
0
0
0.47
0.97
0.78
0.68
3.8
8.49
0.62
0.01
0
0.29
0
0
0.73
0
0
0.05
2.5
2.96
0
0
0.05
0
0.04
2.89
1.28
0
0.01
0
0.28
0
2.46
0.57
0.49
6.61
0
0
0
0.05
0.72
3.37
4.01
0
0
0
0
1.54
8.68
5.04
0
0
0
0
0
0
0.2
0
0.13
6.66
6.9
2.14
1.3
0
0
1.08
9.95
0
0.17
3.4
0
1.37
3.59
4.53
0.49
4.55
14.32
0.68
0
0.2
7.7
0
0.02
0
0
0
0.06
0
0
0.3
0
0
0
0.05
0
0.02
0
0.15
3.32
0.23
0
0.01
0
11.64
10.69
3.54
0
0
0.05
0
0.04
0
0
0.16
0.01
0
0.03
0.01
0
0.3
0.08
0.12
5.19
9.1
1.25
0
0.05
0.02
0
0
0.02
0
0.02
0.16
0.08
0
0.01
1.91
0.03
0.05
0.01
0
0
0.28
0
0
0.35
0.2
7.65
0.67
0
0.04
0
0
0.02
1.05
1.75
1.59
0.34
0.24
0.08
0.51
4.59
0.17
0.02
0.13
0
0
0
0
0
0
0.02
0.21
0.47
0.24
0.17
0
0.02
0.03
0
0.39
0.07
0.06
0.29
2.7
8.19
1.13
0.14
0.32
0.29
0.59
0.57
0.77
1.36
0.65
0.99
0.8
6.08
2.55
6.51
1.64
0
0
0
0.04
0
0.02
0
0.03
2.95
5.89
2.63
0.45
0.25
4.39
0.51
1.78
0.32
0.02
1.06
0
0.06
0
4.41
6.14
4.23
2.34
0.79
0.74
5.46
4.72
1.98
0.92
1.91
1.81
1.72
1.05
0.14
0.21
0.13
0.06
0.05
0.05
0.04
0.05
0.05
0
0.04
0.04
0.04
0.04
0.05
0.02
0.05
0.02
0.03
0.02
0.02
0.02
0.02
0
0
0
0
2.5
3.87
0
0.18
0
5.62
2.77
1.14
1.22
0.38
0.54
0.07
0.03
0.02
0.01
0.02
0.01
0
0
0
0
0
0
0
0
0
0
0
0
0
0
0.02
0
0.02
0
0
0.02
0.23
0.41
0.01
0.06
1.79
2.22
0.66
0.47
0.16
0
0
0
0
0.19
0.07
0.05
0
0
0.07
2.81
0.5
0.13
0
0
1.14
8.03
6.54
0.58
0
6.72
0.4
0
0
0.02
0.3
3.08
8.34
8.98
1.14
1.67
2.36
0.61
2.41
3.42
1.42
0.09
0
0.7
0.01
0.85
0.95
0
0.07
0
0
0
0
0.09
0
0
6.06
0.21
0
0.2
0
2.86
0
0
0
0
0
0.03
0
0
0.02
0
0
0
0
0
0.15
1.91
5.95
15.13
17.09
5.83
0.41
0
0
0
0.03
0
0
0
0
0.81
0
11.43
0
0.02
0.03
0
0.59
4.17
5.11
10.1
13.12
4.02
1.03
0.65
2.55
0.16
5.52
0.83
0
0
0.88
0
0.13
0
0
0
0
0
0
0
0
0
0
0
0
0
0
0
0.01
0
0
0
0
0.2
1.3
0.01
0
0
0
0
0
0
0
0
0
0
2.58
8.66
1.05
0.02
0.2
0
0
0
0.02
0
0
5.24
0
0.52
0.04
0
0
0
0
0
0
0
0.3
0
0.84
0.54
0.05
0.44
0
0
0
0
0.09
0.02
0
0
0.05
0
0.07
0
0.02
0
0.05
0.89
10.93
1.46
0.25
0
0.02
0.11
4.27
19.44
1.08
0.88
0
0
0
0
0.02
2.43
3.75
6.1
12.57
17.66
4.38
0.03
1.06
0
0.12
0.02
0
0.06
2.8
2.14
0.26
1.15
0.21
0
0
0
0.98
0.2
0
0.04
0
0
0
0
0
0
0
0.03
0.03
0.04
0
0.01
0
0.04
0.04
0.03
0
0.01
0
0
0.01
0
0.28
0.1
0.32
0.2
0.35
0.61
0.56
0.64
7.15
1.26
2.26
1.04
0.8
0.01
0
0
2.78
0.47
0.35
0.06
3.17
0.39
0.41
0.57
0
0
0
0.21
0
0.1
0.28
0.63
0.12
0.05
1.09
0.34
0.02
0.73
3.91
2.01
0.95
0.56
0.09
0
1.26
0.02
0.05
0
0.06
0
0
0
1.04
0
0
0
1.69
0
0
0.06
1.22
0.52
3.42
2.73
2.54
0.44
0.23
0.7
1.21
1.84
1.26
0.53
0.59
0.89
0.3
4.27
1.98
0.43
2.23
3.74
3.3
0.75
0.09
0.66
0.3
0.24
0.19
0
0
1.71
0
0
0.09
2.84
0.13
0.01
1.02
3.86
1.52
0.41
0.27
4.77
0.92
0.62
1.91
17.9
6.69
1.77
0.61
4.77
0
0.36
0.51
0.29
0.73
1.98
3.67
0.96
0.42
1.32
0
0.03
0.07
0.8
8.81
1.79
0
0
0.26
0.05
0.13
0.54
0.61
2.44
10.65
3.01
2.07
1.91
0
0
0.01
0
0
0
0
0
0
0
0
0.06
1.84
3.48
6.48
1.84
2.02
1.09
10.5
0
0.73
0.03
0
0
0
9.46
1.88
0
8.28
11.57
27.98
25.11
9.08
1.05
0.3
0
0
0
0.13
0.08
0
0
10.51
0
0
0
0.3
10.94
1.36
22.43
10.7
4.29
0.14
0.02
0
0.84
0.41
0
0.01
0
0
0
0
0
0
0
0
0.38
0.69
7.52
0.65
1.4
0.3
0.16
0
0
2.29
0.4
0
0.02
0
0
0
0
0
2.05
4.95
0
0
0
0
0
0
0.02
0
0
0
7.33
1.76
1.39
0
0
0
0
0
0
0
0
0
0
0
0
0
0
0
0
0
0
0
0
0
0
1.11
0.27
0
0.01
0.01
0.23
0.02
4.83
0.15
0
0
0.02
0
0
0
0.12
0
0
0
0
0.03
2.11
0
0
0.01
0.01
0.01
0
0
0
1.31
1.4
0.03
0
0
0
0
0
0
0
0
0.72
0
0
0
0
0.01
0
0
0
0
0
0
0.01
0
0
0.02
0.04
0
0
0
0
0
0.7
0.01
0
0
1.42
1.48
0.3
0.23
0.04
0
0
0
0
0.18
0.8
0.07
0
0
0
0
0.58
1.05
0.13
6.15
2.45
0.18
0
0.04
0.84
0
0
0
0
0
0
0
0.07
0
2.68
1.32
0.13
0.91
6.8
5.95
2.67
8.25
13.68
2.16
0
0.42
0
0
0.43
1.99
3.66
0
0.4
0.61
0
0.15
0
0
0
0
0
0
0
0
0
0
0
0
0
0
0
0
0
0.61
2.38
3.57
3.85
4.35
7.52
1.45
1.7
5.34
1.55
0.5
0.67
0.89
1.64
2.97
0.7
5.48
11.29
6.73
2.09
3.57
5.04
1.82
0.61
0
0.18
2.86
0.04
1.79
2.27
3.94
4.84
6.29
4.8
0
1.13
1.6
0
0
0
0.01
0.46
0
7.13
6.04
2.44
6.8
7.69
3.75
5.73
1.85
0.77
0.71
2.09
1.37
2.04
2.3
1.27
0.01
0.04
0.02
0
0
0.05
0.55
1.11
0.34
2.02
2.19
1.62
1.53
0.85
0.13
0.13
0.02
0
0
0.39
4.36
1.44
0.8
0
0
0.68
0.08
0.03
0
1.07
0.57
1.01
0
0
0
0
0
0
0
0
0
0
0
0.01
0
0
0.04
0.02
0.6
0
0.18
1.55
5.13
5.91
10.96
4.58
5.82
0.24
0.02
0
0
2.05
0.18
8.72
0
0
0
3.73
0
0
0.01
0.45
0.21
1.16
0.61
0.03
0
0
0
0
0
0
0.9
0.98
2.89
15.51
2.08
4.76
1.14
0.04
0.69
3.97
9.41
3.05
2.17
1.67
2.37
3.37
5.46
0
3.88
0.71
0.01
0
0
0
0.02
0.02
0.62
7.92
7.62
7.07
1.62
0.02
0.23
0
1.87
3.27
9.73
0.7
0
0
0.41
0
1.18
0
0
0
0
0
0.01
0.1
4.6
0.07
0.69
0
0
0.04
0.47
0.58
0
0.51
3.27
5.36
2.49
2.63
0.81
0.78
0.89
0.19
4.37
0
1.16
0
0.35
0
1.54
5.11
16.2
5.32
6.52
0.01
0.54
0.76
3.57
1.06
1.33
4.12
0
0
0
0.02
1.78
2.69
0.49
0.6
3.91
0
0.57
0
3.02
0
0.84
1.22
0
0
5.92
1.81
0
0.5
5.19
0.73
2.38
0.04
0
0.5
0.45
0
0.01
1.4
0.12
11.02
2.75
3.56
2.38
2.85
2.24
1.59
0.48
0
1.17
0.47
0.32
0
0
0.02
0
6.12
6.94
0.71
0
0
0.32
0
0
0.8
0.95
0
0.02
0
3.82
3.74
2.16
0.79
4.56
4.13
0.02
1.99
1.98
0
0.3
0
4.4
3.92
5.66
4.45
3.53
0.91
2.32
4.29
1.3
0.83
0.38
0.15
0.05
0
1.39
0.88
4.94
3.79
5.73
0.84
0
0
0.51
1.15
0
1.73
8.12
1.57
0.84
0
0
0.48
4.09
6.22
10.16
1.57
0.61
0.4
0
0
0.02
0
0
0
3.55
0.43
1.61
19.51
13.98
16.9
2.79
1.18
1.13
5.14
4.31
1.1
0.28
0
0.45
0.02
0
0
0.34
2.8
0.48
0.25
1.16
0.59
0
0
0
0.21
0.7
4.7
0.38
0.66
4.55
1.65
0.76
0.47
0.5
2.66
1.57
1.23
0
0.82
0.4
0.8
0.38
0
0.01
0
0
0.89
5.21
1.25
0.94
1.1
0.61
0.83
0
0.09
0
0.21
0.2
0.37
0
0.13
0.52
0.05
0.54
0.02
2.41
0.7
1.58
1.7
0.09
0
1.66
3.1
1.11
0
0.57
0.18
0.01
0
0
0
0
0
0
0
0
0
0
0
0
0.13
0
0
0.04
0.33
4.9
6.41
4.32
3.2
1.87
8.67
5.79
4.13
1.47
1.61
16.11
8.01
7.64
3.27
0
0
0.01
0
0
0
0.03
0
0
0.09
0.45
0.23
5.11
3.93
1.18
0.31
0
0.12
0.63
0.63
12.89
11.21
7.11
2.43
1.48
3.64
2.31
2.63
2.34
0.95
0.02
0
0
0
0
0
0
0
0
0
0
0
0.15
0.08
0.03
0
0.01
0.59
1.96
14.17
5.02
16.21
7.47
7.49
42.83
15.69
2.65
0
0.07
0.08
0.21
0
0.02
0.02
0
0
0.17
0
0
0.02
7.4
0.22
0.01
1.34
2.01
0
0.36
0
0
0
0
0
0
0.7
15.11
5.05
3.4
0.34
3.9
1.26
0.05
0
0.01
0
0
0
0
0
0.8
0.05
0
0.01
0
0.34
0
0
0
0
0
0
0
1.21
0.12
0
0
0
0
4.46
0
0.01
1.79
4.8
6.34
0
0
0
2.63
25.73
8.45
0.14
0
0
0
0
0
0
0.01
0.01
0.02
0
0
0
0.04
0
0
0
0
0
0.13
0
0
0
0.23
0.03
0
0
0
0
0.02
0.03
0
0
0
0
0
0
0.28
6.34
17.24
5.34
0.41
0
4.96
7.65
0.32
5.11
6.13
2.09
0.31
0
0
0
0
0.32
0.27
0.08
0.03
0.37
0.02
0.03
0.45
0.75
4.95
0.14
0.09
0.2
2.02
1.08
1.42
0.24
0
0.03
0.38
0
4.99
0.63
0
0.39
0.19
1.16
0
0.84
0.27
0
0.63
0.3
0.33
0
0
0
0
0.16
1.37
0.21
0.06
2.98
0.69
0.39
0.23
0.28
0
0.45
0.25
9.39
3.32
0.2
0.83
0.01
0.3
0
0
0
0.64
1.7
0
0.03
0
0
0
0
0
0
0
0.06
0
0
0
0.01
0
0
0
0
0
0
0.07
0.35
0.05
0.03
0.98
1.62
0.2
2.5
1.71
1.48
3.2
0.73
1.15
0.1
0
0.04
0
0
0
0
0
0.01
0.05
0.29
1.73
1.36
0.17
0.7
1.06
0.8
0.95
0.46
0.36
0.65
0.26
0.55
0.53
0.52
0.48
0
0
0.01
0
0.42
0.63
0.66
0.16
0
0
0.74
0.49
0.37
0.13
0.13
0.24
2.27
5.77
1.25
7.35
1.39
0.13
0
0.86
0.73
0
0.24
0.29
0.31
0
0.19
0
0
0
0
1.1
3.35
1.14
3.24
0
0
0
0
0
0.01
0.02
0.01
0
0
0
0
1.38
2.12
3.8
2.68
4.04
1.03
0.26
0.67
0
0
4.02
3.64
1.05
0
0.01
0.14
1
1.13
0
0.23
3.38
1.14
0
0.01
0
0
0
0.68
0.13
0
0
0.07
0
0.51
0
2.46
8.5
2.95
7.93
4.23
3.75
8.98
9.19
2.31
1.38
1.19
0.04
0.38
18.9
10
6.78
4.07
0.66
0
0
1.83
0.05
0
0
0
0
0
0
0.18
0
2.17
0.89
7.86
12.73
12
2.47
2.72
5.66
3.3
1.32
0
0.02
0
0
0
16.91
19.17
0
0.03
6.44
12.27
2.86
6.52
21.95
5.87
2.78
2.65
0
0.05
2.9
5.38
0.02
0
0.02
0
0.16
0
0
0
0
0
1.41
0
0
0.74
0.24
0
0
0
0.02
0.86
0.17
0.01
0
0
0
0
0
0
0
0
0
0
0
0
0
0
0
5.19
0
4.82
0
0
0
1.06
0
0
0
0.02
0
0
0
0
0
0.05
0
0.01
0
0.01
0.21
0
0.09
0
0
3.32
0.04
3.62
0
12.35
0
0.02
0
0
0
0
0
1.21
1.37
3.19
0
0.1
0
0
0.06
0
7.07
1.58
4.73
5.71
1.25
0.06
0
0
0
0
0
0
0
4.09
4.61
7.61
4.3
0.59
0
0
0
0
0.74
3.3
2.78
4.35
17.37
9.73
1.13
0.13
0.07
0.13
3.29
0.2
0
0
0
0.16
0
0
0
0
0.18
0.2
0.02
4.12
3.48
0.08
0
3.7
2.95
3.95
8.93
3.76
1.33
0.13
0
0.02
0
0
0.01
0.03
0.65
0.12
0
0
1.82
0.95
0
0
0
0
0
0
0.07
0
0
0
0
0
0
0
0
0
0.97
4.63
3.99
0.73
0.07
0.02
0
0
0
0.01
0
0
0
3.91
4.91
0.27
0.43
0
0
0.01
0
0.04
0.16
0
0.09
0.09
0.39
0
0.02
0
0
0.36
1
3.11
0.23
0
0
0
0
0.16
0.11
0.37
0.36
1.11
0
0.74
1
0.8
0.09
10.2
13.05
4.74
0.79
0.06
0.03
0
0
0.15
0.08
0.25
0.4
2.36
3.27
1.84
0.32
2.92
0.38
0
0
0
0
0.64
0.13
0
0
0
0
2.2
3.75
1.93
1.73
0.18
0
0.16
0
0
0
0.02
1.35
2.4
3.6
3.94
0.59
0.12
0.09
0.6
0.85
1.72
1.72
8.34
5.79
0.03
0.01
0.18
5.91
7.19
2.69
2.71
1.56
5.68
7.44
3.84
0.2
2.11
2.29
4.24
0.68
0.63
0.55
0.58
0.05
0.07
0.19
0.23
3.73
4.36
2.38
0.63
0.29
0.09
0
0.05
0
0
0
0
0
0
0
0
0
0
0
0
0
0
0.09
0
0.48
0.24
1.75
1.87
0.52
0.5
17.25
1.72
0.02
0
0
0
0.07
2.55
3.55
0.01
0
0.02
0.05
0
0.01
0
0
0
0
0.24
0.01
0
0
0
0.8
0
3.64
12.42
0.8
0
0.15
0.39
0
0
3.2
15.84
11.92
9.1
0
1.02
2.17
0
0.01
5.11
3.27
0.6
0.06
1.2
0.64
0.2
0.19
0.12
0.01
1.45
10.7
0
0
0.01
0
0.07
0.11
0
0
0.41
0
0
0
0.01
0
0.12
0
0
0
0
0.05
0
0
0
0
0
0.11
0.25
0
0.02
3.77
0.07
0
0
0.12
0.01
0
0
0.52
0
0.01
0.02
0
0.02
0.12
2.56
4.16
0
0.47
0
0
0
0
0
2.28
5
3.64
1.36
0
0
0
0
0.02
0
0.04
0.35
0
1.78
0
0
7.75
2.28
6.5
0.31
0
0
0
0
0
0
0
0.52
0
0.03
0
0.66
9.01
7.6
0.41
0.33
0.66
1.68
10.59
3.82
2.52
0
0.12
0.39
0.02
0
0
0.01
0
0
0
0
0
0
0.01
0.01
0
0
0.49
0
0
0.2
1.01
0
0
0.02
0.01
0
0.23
0
0.15
0.13
0.07
0.93
0.27
1.06
3.55
0.48
0.24
0.02
0
9.15
6.88
0.7
0
0
0.12
1.54
0.21
0
3.45
0.66
0
0.24
0
0.67
4.86
1.49
4.09
7.29
1.13
7.56
0.2
0
1.54
2.04
19.74
4.81
5.93
5.22
2.04
15.18
11.95
2.16
1.94
19.48
2.88
3.56
8.05
1.78
0.71
0.54
0
0
0
0.2
0.12
0.11
0.14
0
0
0.1
1.1
0.87
1.07
1.67
0.71
0.68
1.16
2.79
0.74
0
0.03
0.05
3.55
1.29
0.57
0
0.01
0
0
0
0
0.02
0
0
0
2.93
7.81
1.45
0
0.79
4.34
4.53
0.56
0.04
0.65
0.4
0
0
0
0.04
0
0
0.04
0
0
0
0
0.11
1.47
0
0
0.84
0.18
0.09
11.18
7.69
4.51
8.27
0.6
8.11
15.53
3.05
3.12
0.93
0.14
0
0.02
0
0
0
0
4.64
6.73
0.44
1.3
0.55
0
0
0
0
0.32
5.71
1.54
0
0
0
0.4
6.51
0
0
0
0.51
0.04
0
0
1.91
2.27
8.7
3.34
0.98
0.09
0
0
0
0
13.04
2.98
0.42
0.14
0
0.89
7.5
1.41
0
0
0
0
4.14
19.5
16.29
3.33
3.01
3.45
2.36
0.13
0.04
0
0.09
3.23
5.39
5.74
1.59
12
4.26
0.77
0.04
4.96
3.22
3.34
1.79
6.41
1.12
0
0
0.01
2.73
0
2.21
29.45
5.93
0
0.84
0.01
0
0
0
0.25
1.24
0.01
0.06
0
1.18
0.02
0.02
0.05
0.21
0
0
6.78
0
0
0
0
0
0
0
0
0
0.02
0.04
0
0
0.44
0
0.39
0
8.56
1.7
1.45
0.03
2.32
8.22
5.95
0.19
2.5
15.27
0.87
0
1.16
0.05
0.56
0.19
0
0.02
0.04
0
2.96
0.44
14.01
4.95
0
13.54
0
0.27
0
0
0
0
0.01
0
0.02
0.06
0.09
0
0
0
0
0
0
0
0.24
0
0.68
9.63
0.17
0.05
7.19
6.11
9.48
8.25
0.23
0.69
0
1.38
1.69
2.07
1.78
3.67
0.82
0
0.12
0
1.86
0
6.15
10.77
2.97
0.47
2.99
0.54
1.18
0.45
6.43
2.8
12.68
1.23
0.23
0.08
0.72
0.69
0.48
0.03
0.55
0
0.84
0.08
0.52
0.26
1.74
0.02
1.35
8.72
1.7
7.29
15.77
3.52
0.97
0.84
0.44
0.32
2.23
4.63
7.95
1.19
4.5
4.92
0.05
0
0
0
0
0.01
0.19
0
0
0.01
3.52
11
2.53
0.6
3.3
0.04
3.56
9.95
0.82
0.25
0
2.99
0.88
0.38
0
0
1.96
0.14
0.71
8.66
20.85
5.95
0.19
0.5
0.76
1.55
1.29
5.11
2.49
7.67
4.23
11.17
5.47
2.12
0
0
1.25
0.66
1.3
1.39
0.81
3.23
0.43
7.55
3.94
0.25
1.96
7.59
0.65
0.13
0.57
0.53
0.02
0.02
0.04
0
0
0.02
0
0
0
5.26
7.94
2.63
1.08
1.23
3.07
1.31
0.85
0.69
0.27
0.21
0
0.77
0.2
9.13
3.04
7.44
8.06
2.57
0.21
0
0
0.01
0
0
0.77
0.89
1.52
0.7
3.93
3.02
2.36
2.24
2.48
6.85
7.07
4.02
5.02
5.59
3.86
6.8
1.41
5.33
3.46
1.75
1.02
0.08
0
0
0
0
0.02
0
0
0
0
12.63
1.67
5.61
2.74
3.48
0.63
2.72
7.52
5.82
8.85
3.11
0.26
0
0
0
0.04
0.66
2.01
4.76
3.79
0.32
0.95
3.33
0.67
5.14
2.84
0
2.61
1.4
0
0
0
0.02
0.09
0.2
0.01
0.8
0
0
0.01
0.04
0.01
0.01
0
0.02
0.86
5.8
2.58
0.09
0
0
0.06
0.1
0.04
0.6
2.15
0.19
0.05
0.05
0
0.02
0
0.05
0.02
0
0.03
0
0.02
0
4.87
8.42
0
5.77
1.91
0.59
0
0
0
0
0.07
0
0
5.6
2.37
0
3.54
41.93
16.42
6.11
0.24
2.14
11.64
23.68
7.96
2.96
0.94
0
0
3
0.96
4.8
0.04
0.02
0.09
0.11
0
0.01
0.04
0.45
0
0.06
0.02
0
0.31
4.62
0.65
0.12
0
4.2
0
0
0
0
0.05
0.07
0
0
0
0
0.01
0
1.81
0.52
0
0
0.38
0.32
0
0.02
0
0
2.17
0.47
0
9.39
14.76
0
1.12
0
0
0
0
0
0
0
0
0
0
0.95
0.47
0
0
0.25
0.08
1.08
2.48
1.09
0
0
0
0
0
0.09
0
0.08
0
0.17
0
0
1.36
0.34
0
6.76
0
0.03
0
0
0
0
0
0
0
1.98
9.93
1.71
0.78
0
0
0
0
0
0
0.3
6.41
1.9
1.76
0
0.82
3.31
0
6.2
15.66
12.3
7.61
2.62
0
1.51
0.14
0
0
3.6
26.61
1.98
0.06
0.02
0
0.98
9.09
1.41
6.55
6.14
7.05
4.63
0
0.75
9.7
19.88
1.4
2.74
0.05
0.91
0.05
0.98
4.21
0.66
0.67
0.06
0.91
0
1.27
4.35
1.66
0.02
0
0.48
2.5
0.11
0.22
0.76
0.86
14.05
1.85
0.68
0.18
0.31
0.1
1.46
0.52
0
0
1.63
1.43
0
0.13
4.57
1.07
12.05
0.58
0.71
0.62
0.15
0.12
2.82
2.41
0
4.41
1.23
0.14
2.23
0
0.68
0.29
0.28
0.69
0.74
2.4
4.52
5.6
1.5
1.01
4.46
1.65
1.41
2.14
0
0
0.43
0.7
0.59
0.77
1.64
0.8
0.06
0
0.17
0
0
0.15
0.43
3.3
0.89
4.95
5.24
3.23
0.13
0.85
0.07
0
1.23
0.22
0
0.03
0
0.13
0.09
0.01
0
0.12
0
0
0
0
0
0
0
0
0
0
0
0
1.07
0
0
0.07
0
0.45
0.07
0
0.01
0
0
0
0
0
0
0
0
0
0.01
0.01
0.02
0
0
0
0
0
0
0.44
2.54
4.59
0.63
0.95
0.59
0.43
0
0
0
0
0
0
0
0.01
0.05
0.04
0.04
0
1.6
4.33
0.48
7.9
1.02
0.17
0
0.44
1.31
0.39
1.62
3.51
0
0
0.97
0.8
14.01
0.58
0
0.91
0
1.44
8.9
0.9
0.02
0.52
0.27
0.61
0
3.25
0
0.34
0.16
0
0.32
0
0
0.01
0
0
0
0.27
0.02
0.04
0.04
0.36
2.16
2.12
0.62
2.62
0.9
12.34
2.36
1.74
8.36
3.02
1.31
0
0
0
0
0.7
0
0.06
0
0.05
0.08
0
0.06
0
1.2
2.06
0
0
0
0
0.03
0.44
8.97
0.87
15.45
0
0
0.21
0.97
1.2
2.23
0.2
0
0
0.01
0
0
0
0
0
0
0
0
0
0.01
0
0
0
0.01
0
0
5.05
0
0
0
9.28
0.26
0
1.03
5.55
10.96
0
2.79
0.55
0
0.06
0
0.01
0
6.01
12.71
7.89
0
2.93
0.69
0
0
0
0.01
0.02
0
0
0
0
0
0.01
0
0.03
0
0.01
0
0
0.79
0.34
13.66
1.43
0.23
0
0
1.02
0.58
11.77
0
0
0
0
0.01
0
0.04
35.09
16.34
0
0
0
0.01
0
0
2.61
5.51
5.36
10.96
3.48
0.23
0.11
0
0.4
0.98
4.44
0
0
0
0
0
0
0.09
1.04
22.16
5.01
0.2
4.07
0.27
0.18
0
0
0.02
0
0.02
0.79
0
0.01
1.85
0.39
0.52
0.1
0
0.04
0.01
0
0
0
0.01
0.71
4.07
8.05
21.28
2.46
3.72
0.88
0.08
3.61
0
1.66
4.88
6.46
0.02
0
0.62
7.51
4.81
1.91
24.94
1.61
0.05
0.02
0
0.11
0
0.81
0
0
0
0.75
0
0.03
0.03
0
0
0
0
0
0
0
0.02
0
0.66
3.73
2.16
10.6
6.54
0.29
0.34
0
5.26
2.5
0.62
13.03
1.41
0.31
0
0.13
0
0.27
0.23
0.99
2.95
0.44
5.68
9.23
0
0.03
1.38
1.41
2.27
0
0
0
0.03
0
0
0
0
0
0
0
0
2.83
0.7
0.14
0
0.13
0.08
5.11
2.26
0.02
0
0
0
0.28
0.72
0.2
0
0.07
0.02
0
0
0.01
0
2.8
6.92
2.55
1.54
5.1
0
0.13
4.07
2.76
3.64
2.88
0
1.05
3.41
1.7
0
2.63
0.07
0
0.57
0
0.14
0.01
0.41
1.55
2.05
5.65
0.8
0
2.21
0
0
0
0.78
0.3
0
0.11
0.3
0
1.15
0
0.02
0
0.02
0
0.03
0.13
0.01
3.73
4.2
0.47
8.3
1.69
4.11
2.2
0.27
0.06
2.3
0.22
1.09
8.13
1.33
4.67
5.09
5.97
1.63
2.4
1.96
0.02
0.34
0
0.05
0.02
0
0
0.01
0.29
1.09
1.53
0.11
0
0
0
2.63
19.82
0
2.2
0
0
3.91
2.7
11.79
16.19
2.47
0.16
0
7.24
1.54
0.29
0
0.11
1.04
0
0.03
0.03
1.79
0.33
0
0.02
1
11.8
2.44
1.64
0.32
2.04
3.19
0
0
0.01
0
0
0
1.6
2.43
14.47
0
0.74
6.81
0.01
0.08
0.03
0
0.05
0.02
0
1.79
0.04
0
0
0
0
0
0
0
0
0
0
0.02
0
0
0
0
0
0
0
0.05
0.1
0
0
0.73
0.34
0.02
0
0
0
0
0.05
0.15
0.05
0
0.02
0
0
0
0.05
0
0
0
0
0
0
0.01
0
0.02
0.47
0.89
0
0.09
0.07
0
0
0
0
0
0
0
0
0.9
0
0.04
0
0.08
0.06
0.54
2.64
0.2
0.23
4.08
4.8
5.73
1.43
0
0
8.9
24.03
10.82
0.42
0.67
0.02
0.08
0
0.46
2.71
3.84
0
0
0
0.04
0
0.63
0.67
0.56
7.46
32.66
1.55
1.49
0.94
1.52
0
0
2.05
3.09
0.03
0
0
5.83
1.77
0.04
0.13
0.03
0
0
0.13
9.01
5.32
2.47
2.66
3.55
0
1.44
0.03
1.57
0.14
0.16
0
0.12
0.1
0.84
2.25
0.58
1.46
1.08
0.06
0.03
0.33
0.25
0.05
0.2
0
0
0
0.01
0
0
0
0.01
0
0
0
0.01
0
0.3
1.04
1.22
1.35
0.02
0.67
0.09
0
0
0
0
0
0.13
0.84
0.31
1.19
2.87
7.06
9.34
4.77
1.92
5.87
4.27
0.02
3.1
1.93
10.21
0.39
1.08
2.34
3.43
2.64
0.93
2.89
1.39
0.93
1.3
2.36
0
0.39
0
0
0.02
0
0
0
0.18
0
0
0.01
0.14
0.54
4.5
1.21
1.05
3.42
0.13
2.2
1.06
0.54
5.78
7.07
0.61
1.44
0.63
6.73
10.79
2.69
3.51
5.95
2.63
1.24
0.47
0.43
1.11
1.44
0
0
0
0
0.45
1.2
0.11
0.29
0.08
0
0
2.5
2.66
1.25
6.6
4.01
0
0.27
1.07
1.94
0.09
0.07
0.5
0.4
1.23
1.77
1.34
0.22
0.02
0
0.45
0.14
0.74
1.79
0.14
0.01
0
0.7
4.8
2.85
1.07
0.84
6.41
8.05
7.04
2.52
5.23
3.07
0.13
0.11
2.24
2.14
4.56
0.83
0.53
0.29
0.01
0.01
0
0
0
0
0
0
0
0
1.02
0
0
0
0.36
2.91
1.23
0.14
0
0
0
0
0
0
0
0.01
0.02
0.1
0.14
0.16
2.48
0.97
0.05
1.09
0.28
0.97
4.66
3.05
1.37
0
5.11
2.98
2.15
7.03
5.91
0.46
0.14
0.22
0.65
0.13
0.25
4.02
2.24
0.46
0
0
0
0
0.05
0.12
3.35
3.66
7.98
6.36
0.23
0.43
0
0.3
2.26
1.63
0
0
0
0
2.07
0
0
0
0.16
0
0.06
0.06
0.32
0
0.02
0
2.97
0
0.01
0.09
0.02
0
0.35
0
3.07
10.35
10.75
10.04
1.45
4.54
9.71
9.68
5.92
0
0
0
0.18
0
0
0
0.09
0.18
0
0.09
0
0
0
0
0.06
0.12
0
0.02
0
0
0
0.13
0
0
0
0.05
0
0
0
6.32
13.03
5.12
0.06
0
0.01
0
0
0
13.43
13.88
15.42
12.07
5.66
7.32
11.15
0.87
1.5
0.06
0
3.74
8.22
0.9
0
0
0
0
0
0
0
0.76
0.19
0
0
0.03
0.04
0
0
0
0
0
0
0
0
0
0
0
0
0
0
0
0
0.01
0
0
0.27
0
0.7
10.7
4.01
5.27
7.86
4.13
2.58
5.62
7.88
1.35
0
3.34
0.3
1.81
9.89
19.61
12.64
20.95
4.34
0
0
0
0
0
0
0
0.41
4.98
4.73
1.15
2.21
5.55
1.58
1
11.67
2.41
0.61
0.2
1.16
1.24
0.56
0.02
1.69
3.56
2.59
0.47
12.58
2.28
0
2.27
1.04
0.43
0.02
0
0.04
0
0.02
0.14
0.01
0
0
0.11
0
0
0
0
0
0.01
0.07
0.16
0.08
0
0
0
0
0.08
1.07
0.02
0
0
0.01
0
0.04
0.02
0
0
0.01
0
0
0
0
0.08
2.1
1.15
0
0
0.01
0
0
0
0
0
0
0
0.5
0.05
0.05
2.91
8.74
2.34
5.89
3.93
12.85
0.46
2
4.18
3.04
3.77
10.82
1.95
2.8
2.1
3.51
0.54
0
1.66
0
1.55
0.98
0.01
0.11
0.12
1.09
1.79
2.73
0.56
0.53
2.28
0.66
0
0
0
2.59
5.82
1.86
0.05
0
5.3
0.93
0.04
0
1.53
2.89
0.98
7.69
3.02
0.45
0.91
1.51
0.93
1.65
0.01
0
0.61
0.91
0.77
0.15
0
0.37
0
6.43
6.23
4.2
7.55
1.19
0
0.09
0
0.25
0.21
0.34
0.65
0
0.02
2.25
0.81
0
0
0.01
0
0
0
0.14
0.2
0
0.11
1.17
1.04
0.06
2.61
1.47
2.84
0.09
0
5.25
3.8
10.25
1.26
0.09
0.08
0.2
0
0
8.67
4.16
1.63
1.52
0.63
0
1.61
0.09
0.04
0
0
0.03
0.43
0.01
0.38
0.01
0
0
0.03
0
12.57
4.74
7.44
24.47
9.82
4.32
6.53
26.97
11.73
0.83
0
0
0
0
0
0
0.67
0.01
4.5
0.06
0
0.06
0
1.07
0.57
0.54
0
2.63
4.07
0
0.82
0.77
0.51
0.82
1.13
0
6.45
0
0
0
0.85
1.8
6.39
6.09
0
0
0
1.86
1.02
0
0.1
0
0
0.65
3.28
1.92
0.46
2.09
0
0
0.58
0
0
0
0
0
0
0
0
0.09
0
0
0.17
3.3
0.05
0
0
0
0
0
0
0
0
0
4.87
0
0
1.29
0.89
0
0
0
0
0.05
0.45
0.03
0
0
0
0.22
0.79
1.64
3.31
9.27
4.95
5.11
0
0
0.02
0.04
0
0.01
0.6
1.96
7.91
10.16
2.37
5.04
1.84
0.28
0
0
0
0
0
0.2
0.34
0
0.54
0.02
0.02
0
0.02
0
0
0
0.04
0.02
1.13
1.61
11.62
2.14
0.18
0.03
0
0.04
0
0
0.01
0
0
0
0
0.01
0
0
0
0.02
0
0.02
0.11
0
0
6.13
1.38
0.53
0.89
1.39
0.57
0
0
0.32
0.04
0
0.01
1.37
0.63
0.12
0.02
2.2
0.8
2.92
2.96
0.76
0.34
1.51
0.28
0.92
10.28
1.34
1.69
0.07
1.88
0.36
0.26
0.11
0.01
0.25
0
0.39
0
0.56
0.18
0.07
4.91
1.08
1.03
2.87
0.78
0.83
0.12
0.13
0
2.42
5.72
3.01
7.55
0
0.14
0
0.19
0.02
0
1.46
0.7
0.56
3.38
0.37
0.16
3.56
2.68
0
0.01
0
0
0.17
0
0.05
0.01
0.01
0
0
0.02
0.09
0.64
1.46
0.24
0
1.94
3.52
0.78
0
4.52
2.21
1.04
6.25
12.08
4.7
4.63
5.64
0.84
0.74
1.14
0
0.16
4.32
3.86
1.98
0.45
4.45
2.56
4.85
3.12
0.14
0.02
0.04
0.01
1.93
0.11
0.01
0
0.01
0
0.01
0
1.26
7.38
7.74
1.32
0.2
2.02
8.55
3.77
1.28
0.92
0.04
0.01
0.01
0.07
0
0.06
0
0
0
0
0.01
0.15
0.03
0
0
0
0.33
0.02
0.02
0.01
0
0.06
1.87
0.66
0.04
0
0
0
0.02
0.02
0
0
0
0.17
2.6
0.16
0.02
0.04
4.26
16.13
1.98
0.01
0
0.02
0
0
0.74
2.64
0
0
0.89
0
0
0
9.48
2.05
0.44
0.44
2.25
2.69
0.29
0
0.01
0
0
0
0
0
0
0
0
0
0
0
0
0.03
0
0
0
0.91
0.05
1.38
0.05
2.02
0
0
0.25
0.02
0
0
0
0
0
0.09
0
0
0
0
0.02
0
1.69
5.54
0
0
0
0
0
0
0
9.53
3.68
0
0
0
0
0
0
0
0.02
0
0
0.14
0.03
0
0
0
0
0.02
0.21
5.07
3.67
7.24
0
0
0.05
0.08
1.32
0.02
0
0.01
0
0
0
0.02
1.08
0.08
0
0
0.02
0
0
0.01
0.04
1.49
0
0
0
0
0.02
0
0
0
0
0.03
0.12
0
0.02
0.36
0.95
11.93
4.29
2.49
1.59
10.82
1.47
0.22
0.6
0
20.07
8.01
11.36
2.37
6.66
0
1.31
0
0.07
0.05
0.54
0.26
0.04
1.02
2.45
1.73
0
0
0
0.25
3.96
2.15
1.42
2.62
12.2
11.29
1.05
0
0
0.33
4.55
13.44
13.54
7.51
0.68
2.95
0.59
1.63
3.14
5.24
2.28
0.12
0.91
4.84
4.08
7.13
2.7
6.32
0.86
0.02
0.01
0
0.11
0
0.34
0
3.46
0
0.2
3.27
0.14
0.02
0
1.97
10.28
5.71
1.27
1.09
0.97
0.23
0.02
0
4.78
0.86
1.01
0
0.29
3.45
0.09
0.13
0.35
0.09
0.42
5.76
2.98
1.05
0
0
0
0
0
0
0.02
0
0.12
0
5.23
4.2
0.9
4.12
2.31
0.22
3.39
5.12
5.41
6.58
5.75
5.45
13.78
7.87
5.71
2.41
0.84
1.95
0.36
0.02
0.09
0.91
0.42
0.09
0.09
0.23
0
0
0
0.05
0.04
0.37
2.43
9.08
2.63
8.59
8.13
1.28
2.63
4.15
1.38
1.74
2.23
8.8
1.86
3.84
0.48
1.84
0.29
0
11.98
4.97
0
0.04
2.43
1.05
0.03
0
0
0.04
0
0
0
0
0
0.01
0
0
0
0
0
0.26
0.02
0
0
0
0.01
0
0
0
0
0.02
3.45
4.78
7.87
0.45
2.32
3.12
1.56
0.28
4
5.23
2.99
7.13
2.09
1.09
2.84
17.32
1.63
0
0.21
3.5
0.2
0
0.02
6.05
3.76
0
0.02
10.88
0.95
0
0.04
0.38
1.42
8.3
1.65
0
0.63
0.09
0
0.01
0
4.54
6.66
0.63
0.73
0
8.71
3.89
7.94
0.61
0
0
0
0.26
0.59
1.5
0.66
0
1.85
6.3
11.11
1.04
3.49
4.82
5.89
5.88
1.46
0
4.98
13.55
2.56
0.03
0
0.16
1.75
6.86
0.26
0
0
0
0
0
0
0.17
0
0
0
0
0
0
0
0
1.75
5.12
0
0.02
0
0
0
0
0.09
0
0.01
0
1.94
0
0
0
0
0
0
0
0
0
0
0
0.35
1.13
0
0
0.11
0.02
0
0
0
0
0.06
0
0
0
0.03
0.01
0
0
0
0.09
0.34
0
0
0
0
0.01
0
0
0
0
0
0.01
0.03
0.01
1.16
1.52
0
0
0
0
0
0
0
0
0
0
4.32
0.29
0
0
0.1
3.95
0.18
0.04
0
0
0
0
0
0
0.01
0.35
0
1.5
2.45
4.05
0.02
0
0.97
0.33
5.22
4.14
0.52
0
18.8
15.28
2.47
0.52
0.43
0.02
7.53
8.39
5.9
1.05
1.34
6.56
1.81
0.68
0.2
0.09
0
5.3
5.09
0.98
0
0.55
0.12
0
0
0
4.13
0.76
7.97
10.69
6.16
6.87
5.85
4.35
0.96
0.35
0.2
0
0.2
0.02
0
0.89
0.52
0.77
0.01
0.46
0.38
0.34
0.05
0
0
0
0.66
0.8
1.03
2.23
2.75
0.2
0.02
0.28
0.91
0.08
0
0
0
0
0.07
0
0
0
0
0
0
0
0
0
0
0
0
0
0
0.18
0
0.54
0.23
0
0
0
0.07
0.77
3.25
0.51
0.33
0.63
9.52
8.09
0.48
0
0
0.41
0
0.05
0
0.01
4.63
2.07
4.55
1.17
0
0
0.13
0
0
0
0
0
0
0
0.22
0.13
0
0.39
0.45
0
0
0.21
0.24
0.51
0.66
2.16
3.87
6.05
6.47
5.49
3.89
0.24
0
0.09
0.11
0.02
0
1.34
1.14
0.7
0.11
0
0.04
0.07
0
3.59
3.23
0.75
7
6.04
0.06
0
0
0
0.05
0
0.01
0
0.13
0
0
0
0
0.32
0
0
0
0.11
12.91
3.26
1.39
1.37
0.08
0
0
0
1.12
0.04
2.22
4.42
5.35
7.05
0.68
4.77
1.76
1.72
1.95
3.91
5.46
0.49
1.71
0.27
0
0
0.02
0.01
0.18
0.08
0.02
4.68
0.54
0.51
4.96
3.75
0.15
0.89
1.66
1.3
0
2.25
2.09
1.39
4.3
0.55
3.98
0.66
0.25
4.59
4.55
2.52
0.21
0
0
0
0
0.01
0
0
0
0
0
0
0
0
0
0.66
9.11
2.16
4.88
1.02
1.44
0
0
0
0.59
0.07
0.37
0
0
0.03
0
0.01
0
0
0
0
0
0.01
0.05
1.38
0
0
0.12
0.01
0
0
0.15
0
0
0
0
0.7
0
18.09
1.27
0
0
0.01
0
0
0
0.01
0
0
0.02
0
0.13
0
0.02
2
0.43
0
0.01
0
0.01
0.01
0.18
0.35
0
0
0
0.05
0
0
0
0
0
0.09
0
0
0
0
0.09
0
0.06
0
0
0.75
3.66
2.34
0
0
1.96
0
0
0
11.61
0.99
0
0.14
0
0.1
0.01
0
0
0.02
0.02
0.02
0
0
0
0
0.06
0
0
0.13
0
0.02
0
0
0
0
0
0.02
1.8
0
0.34
0
0
0
0
0.09
0.02
0
0.17
0.01
0
1.48
0
0.11
0
0
0
0.02
0
2.26
1.94
16.63
1.81
0
0.01
0
0.36
0
0
0.21
0.04
7.35
0
8.34
0.51
2.2
1.66
11.77
3.13
0.27
0
0
0.09
7.81
21.48
17.04
23.35
0
0.48
3.73
0.65
0
0.35
4.08
3.79
12.01
1.06
0.56
0.13
0.49
0.02
0
0.1
0
0
0
0.53
1.11
0.07
0
0
0.31
0
0.11
0.08
0
0
0.05
2.66
0.29
0.02
0.05
0
0.26
1.48
1.83
0.7
0.09
0.68
0.7
0.14
0.17
0.02
0.05
0.01
0
0
0
0
1.36
0.09
0
0
0
0
0.09
0
0
0
0
0
0.04
0
0
0
0
0
0
4.55
1.6
0
0.31
0
0
0.32
0.96
6.51
4.69
3.43
3.28
2.37
0.82
3.29
3.97
3.67
4.14
2.64
0.84
0
4.06
0.71
0.34
5.6
1.69
3.11
1.89
3.69
0.93
0.94
0.04
0.57
3.39
0.22
0
0
0
0.09
1.85
19.85
3.57
0
0
0.04
0.05
0
0.13
1.08
0.04
0.22
3.18
1.6
0.99
0.14
0.02
0.03
3.45
0
0.82
0.45
23.4
9.34
0.9
0.04
0.21
0.34
1.58
3.83
1.15
0.37
0.18
2.43
1.28
0.5
5.43
5.75
2.25
0.1
0.03
0.06
0
0
1.31
2.74
8.59
3.66
0.81
0.16
0.03
0.33
2.76
0.91
0.21
0.07
0
0.01
2.13
10.63
0.59
0.18
4.63
0.38
0.38
0.16
0
0.03
0.02
0
0
0.01
2.72
9
5.72
0.19
0
0.76
3.96
1.17
1.26
5.61
2.35
0
0.01
0
0
1
0.68
0.01
0
0.08
0.05
0
0.05
0.87
0
0
0.42
7.4
0.65
0.29
5.59
1.32
0
0
0
0.16
0.86
0.48
0
0
0
0
0
0
0
0.07
0
0
0
0
0
5.9
0.21
0
0
0
0
0
0
0
0
0.01
0
0
0
0
0
0
0
0
0.07
1
0
0
0
0.03
0
0
4.45
0.23
0.07
0
0.83
0.01
1.46
1.69
0
0
0
0.01
0
0
0.01
0
3.65
0.05
0
0
0
0.01
0.17
0.45
7.27
5.98
0.39
0
0.75
1.98
0.07
0
0.09
0
0
0
0
0.01
0.05
0
1.67
3.76
0.06
2.63
3.34
0.38
0
0
0
0.27
0
0
0
0
0.07
0
0
0
0.11
0
0
0
0
0
0
0
0
0
0
0
0
0
0
0
0
0
0
0
0
0
0
1.49
0.34
0
0
0
0
1.88
2.94
5.55
3.19
1.07
1.61
5.84
0.72
0.89
0
0.52
0.11
0.07
0
0
0
23.87
6.46
1.01
0
0.01
0
0
0.02
0
0.29
0
0.29
6.69
6.84
7.7
4.51
1.67
10.6
1.15
0.54
0.06
0.3
3.91
0.81
1.33
9.05
0.95
0.6
3.88
0.91
5.18
12.3
13.38
3.8
0
0.35
0.02
0
0.01
0
0
0.57
0.09
0.01
0.05
0
0
0
0
0
0.05
0
0.93
0.13
0.11
3.85
4.57
0.1
1.55
8.36
2.66
3.82
0.4
0
0
0.01
0
0
0.03
0
0
0
0
0.12
0
4.71
5.98
0.66
0
4.39
3.49
0.23
0.1
0
0.3
0.09
0.01
0
0.06
0.19
1.05
1.72
0.59
0
0
9.27
4.83
1.79
5.23
6.25
2.25
0.32
0.38
0
2.04
12.48
0.94
5.48
8.22
6
2.25
1.09
4.51
0
0.08
0.04
0.02
0.81
14.54
4.19
2.04
7.71
14.08
3.28
0.09
0
3.71
4.63
0.67
0
0
0
0
0.02
0
0.18
0.34
4.78
10.18
8.97
4.03
0.38
0.96
3.62
2.95
0.24
0
0
0
0
0
0
0
0.01
0.01
0
0
0.05
0.08
0.08
0.77
5.3
6.74
28.74
27.16
2.33
0.53
0.61
2.7
0.64
2.32
1.49
5.24
1.03
3.32
0
0
0
0
0
0
0
0
9.9
8.8
0.49
0
0
0
0.99
0.2
2.72
0.05
3.74
3.63
1.09
0.1
0.27
2.1
0.03
0
0
0
0
0
5.52
1.34
23.18
4.99
4.04
7.68
8.58
0.68
0.01
0
0.17
0
0.07
0
1.02
5.71
0
0
0
0.09
0
0
0
13.02
12.66
0
1.46
2.77
0.33
0
0
0
0.01
0
0
0
0
0
0
0
0
0
0
2.71
0.19
1.06
0.63
0
2.69
1.6
0.03
0
0
0
0
0
0
0.03
2.41
0
0.2
0.91
20.63
0.87
0.69
0
0
0
0
0
0
0
0.04
0.01
0
0
0
0
0
0.01
0
0
0
0.17
7.69
7.93
5.88
5.09
0.71
2.27
4.23
11.45
2.04
2.55
0.41
0.19
4.23
0.48
1.79
14.08
0.71
0.3
6.03
2.4
0.16
0.06
0
0
0
0
0
0.24
0.19
15.08
6.39
0.88
0
0.18
1.85
11.27
0.73
0
0
0
0
0
0.77
1.7
0
0
0
2.4
6.8
10.14
1.72
0.48
0.24
0.24
0
0.02
0
0.06
0
0
0
0
0
0
0
0
0
0.19
0.25
0
0.02
0.09
12.52
4.96
1.29
0.62
0
0.23
0
0
0
0.27
1.48
6.08
3.35
3.63
5.52
1.27
0
0
0.29
0
0
0.21
0.32
4.86
1.66
2.57
1.02
0.48
0
0
0
0
0
0
0.04
0
1.8
0.05
0
0.09
0.3
1.08
0.26
0.34
10.16
8.55
1.98
1.45
0.2
1.51
4.13
1.47
5.76
7.98
4.81
0.5
1.13
1.85
3.38
3.96
4.63
4.39
1.72
0.4
1.88
1.44
0.35
0.05
0.23
0.28
6.08
0.84
0.28
0
0.08
0.69
7.23
0.11
1.27
0.52
0.21
0.21
4.13
0.77
0.02
1.24
0.31
1.58
1.25
0
0
0
0
1.29
0.95
0.96
1.12
0.14
0
0
0
0.04
0
0
0.13
0
0.15
0.46
0.51
0.2
0
0
0.63
0.08
0
0.09
0
0.97
6.65
1.48
1.34
0
1.71
3.06
1.18
0
0.18
0
0
0
0
6.57
1.08
0.29
3.96
0.84
0
0
0.06
0
0.11
0.2
0.04
0
0
0
0.13
9.12
2.59
0.39
0.23
0.21
0.17
0.02
0
0
0
0
0
0.01
0
0
0
0
0.01
0
0
0.91
0.79
0.38
0
0
0.06
0
1.71
4.18
5.81
4.91
0.77
0.65
0.22
1.51
0.52
0
0.35
1.79
1.41
0.38
0
0
0
0
0
0
0
0.64
0
0
0.15
0.2
0
0
0
0
0.05
0.27
2.82
0.52
5.12
9.3
0.49
0.67
2.52
0.11
0.29
0
0
0.01
0
0.19
0.16
0
0.96
9.22
1.92
0.81
0.09
0
0
0
0
0
0
0
0
0
0
0.02
0
0
0
0
0.12
1.43
0.09
6.61
0.16
0
0
0.01
0
0
0
0
0
0
0
0
0.37
1.58
0
14.88
20.65
6.55
12.47
1.31
0
0
0
0
0
0
0
0
0
0
0
0
0
0
0
0
0
0
0
0
0
0.05
0
0.17
1.11
0
0
0
0
0
0.11
0
0
0
0
0.07
0
0.02
0
0
0
0
0.01
0
0
0
0
0
0
0
0.02
2.43
1.11
1.23
7.48
0
0
0
0
0
0
0
0
0
0
7.22
1.65
4.14
14.91
2.86
0.43
0
0
0
0
0
0
0
0
0
0
0
0
0
0
0
0
0
0
0
0
0
0
0
0.05
5.41
0
0
0
0.05
8.68
4.65
3.79
1.15
0.29
0.36
3.03
1.8
5.09
1
0
0
0.94
0.02
0
0
1.66
1.62
0.27
0
0
0
0
0
0
0.02
2.8
12.36
0.79
0.02
0
0.45
0.08
0
0
0
0
0
0
0
0
0
0.04
1.39
2.68
1
6.91
0.98
0.2
0
0.03
0
0
0
0.07
0
0
0.07
0.04
0.06
0.68
1.02
2.29
1.05
0
0
2.82
2.75
7.33
6.84
1.19
1.55
5.73
2
0.57
2.92
0.1
0.01
0.26
0.67
0.04
0
0
0
0
0
0
0.09
0.15
1.84
0.22
0.08
0
0.01
0.04
4.57
0.76
0.11
0
0.3
0
0
0
0
0
0
0
0.02
0.29
0
0.02
0
0
0
0
1.3
7.07
3.32
0.39
0.19
1.94
3.54
2.48
1.32
1.96
3.25
10.13
18.03
0.75
1.48
0.49
0.09
0.03
0
0
0.03
0.05
0
0.47
0
2.31
1.46
0.46
3.92
0.32
0.53
3.38
2.99
3.16
0
1.66
0
2.05
0
0
0.08
0
0
0.01
0.03
1.76
28.43
8.92
0
0.2
1.04
0.62
2.64
9.25
11.13
2.39
0.56
0.01
0.36
0.39
10.88
12.09
2.52
0
0
12.6
13.34
10.64
11.32
7.49
4.96
6.05
12.52
3.16
3.2
2.39
6.45
4.13
8.84
1.27
3.05
1.08
1.06
1.75
0
7.19
0.92
10.68
10.95
6.02
1.41
2.2
1.91
1.99
4.63
3.8
0.89
0.23
10.91
1.97
0.56
1.98
1.33
0
0
0
0.04
0.13
1.01
3
0.82
0
0
0
0
0
10.84
9.02
13.13
7.23
0.54
0
0
0
0
0
0
9.79
1.51
3.93
7.13
8.61
0.82
0
0
0
0
0
0
0
0.02
0.59
0
0
0.02
0
0
0
0
0
0
0
0
0.16
0.01
0
0
0.09
1.27
0
0
0
0
0
0
0
0.01
0
0
0.08
0
1.54
0.63
0.01
0.06
0.49
0
0
0
0
0.04
0.12
0
0.13
3.29
13.44
0.79
0
0
0.05
0.93
1.24
0
0
0
0.01
0.02
0.96
0
1.52
16.02
2.86
1.43
0
0.78
0.55
0
0
0
0
0
0
0
0
0.25
5.77
0.57
0.01
2.56
1
1.4
0
0
0
0
0
0
0
0
0
0
0
0
0.47
0.02
0.01
0
0.02
0
0
0
0
0.17
1.48
14.83
6.5
4.04
0.52
1.32
0.23
0.06
0.06
0.61
0
0
0
0
0
0
0.09
0.15
0.84
0.98
0
0
0.22
2.16
2.69
1.73
0.07
5.22
6.22
11.13
9.46
2.43
0.33
0.01
0
0.17
0
0.01
0
0
0
1.98
0
0
0.02
0
0.05
1.06
2.93
1.34
1.39
0.77
0.75
1.76
16.26
3.56
0.63
0.8
0.14
0.08
0
0.04
0
0
1.33
1.36
0.19
0.45
0.54
3.81
0.46
0.08
5.68
4.06
0.32
0.51
3.94
3.23
0.13
0.13
0.14
0
0.02
0.37
0.76
0.1
1.02
1.96
3.38
6.48
3.47
5.27
1.57
0.25
0.2
0.34
3.89
2.52
11.45
0.04
0.42
0
0.49
4.86
1.39
0.34
0.31
0.23
0
0
0
2.13
0.08
0.28
0.35
0.04
1.31
6.25
0.9
1.68
8.23
1.83
4.01
2.1
0.18
0
0.45
5.24
1.48
0.9
2.14
6.68
0.63
0.45
0
0.61
0.25
0.04
0
0
0
0.03
0.06
0
0.07
0.46
0.7
1.27
0
0.11
0
0.01
0.1
0
0.1
0.16
3.01
0.59
4.1
0.79
0.07
0.03
0
0.05
0.04
0.09
0.86
0.25
0
2.16
1.57
0.68
0.16
1.8
0.19
0
0.08
0.08
1.38
6.59
4.95
0.02
0.74
0
0.14
0.05
0.05
0
0.39
2.6
4.45
7.68
0.23
3.56
0.36
0.18
4.54
0
0
0
0
0
0
0
0
0.03
0.55
1.02
0.57
0
0
2.41
0
0.41
0
0
0
0.02
0.09
0
1
5.31
3.5
0.34
8.73
3.16
3.11
2.15
2.98
6.22
2.17
0
0.24
0.18
4.27
0
0.09
0.03
0.05
0
0
0
0.02
0.02
3.87
0
0
0
0
0
0
0
0
0
2.44
0
0.04
0
0.2
0
0
0.77
0.44
4.15
2.71
19.27
2.95
1.09
0
0
0.65
3.98
0
0.14
0.01
2.05
0.64
0.05
0.16
0.05
0.82
0
0
0
0
0
0
0
0.11
0.1
0
0.01
0
0.12
0
0
0.08
1.03
0
0.19
0.32
0.82
2.17
21.84
2.73
7.78
7.55
0.55
0.1
0.66
0.71
0.04
0.15
2.46
0.21
0
0
0
0.26
5.52
30.43
9.21
12.11
0.68
0
3.21
0.09
0
0
0.01
0.02
1.21
1.74
0
0
1.01
10.98
2.34
0.13
0.22
10.16
1.55
7.89
1.09
0.48
0.02
0.01
0.03
0.31
1.69
2
0.02
0.02
0.05
0.08
0
6.58
2.01
0.1
0
0.05
3.66
2.32
4.66
5.94
1.32
0
0.12
0.31
1.7
0.09
0
0
0.02
0
0
0
0
0.27
0
0.39
0.55
0.04
0.03
0.02
0.17
0
0.15
0.11
2.22
0.45
1.42
0.34
0.21
5.46
0.55
0.01
0.71
5.6
2.05
0.29
0.13
0
0
0
0
0
0
0
0
0
0
0.01
0
0
0
0.75
2.51
3.56
1.23
0.31
0
0.8
0.06
0
0
0
0
0
0
0
0.06
0
0.04
0
1.04
0.69
0.84
3.54
1.7
0
1.16
1.54
2.42
1.08
0.34
0
0
0
0
0
0
0.06
1.49
3.39
0.22
0.06
0.15
0.11
0
0
0.01
0.71
0.2
0
0.77
2.37
2.13
1.22
1.95
0.23
0.07
2.04
0.84
0.23
0.29
0
0.01
0.01
0
0.54
0
0
0
0
0
0
0
0
0
0
0
0
0
0
0
0.39
0.01
0.2
0.14
0
0.08
0.36
0.25
0.23
3.79
2.2
0
0.88
8.13
0.64
0
0
0.02
0.82
0.04
0.02
0.15
0
0.55
10.95
2.46
0.47
0.09
0.24
0.15
0.01
0
0.01
0
0
0
0
0
9.24
10.07
1.69
0
0
3.89
0.66
0
0
0.59
0.19
0.41
1.45
0.29
0.2
0.19
0
0.01
0.84
0
0
0
0
0
1.43
0.7
2.32
2.5
2.97
0.42
0
0
0.29
0.89
0.78
0.32
0.09
0.07
0
1.18
0.31
3.13
20.75
14.69
8.38
11.09
14.31
0
0.48
9.66
9.25
5.72
5.56
1.45
2.59
3.52
2.44
0
0
0.02
0.11
0.31
0
0
0
0.05
0
0
0
0
0
0
0
0
0
0
5.08
1.3
0.09
0
0
1.07
8.34
5.14
0.24
0.61
1.07
0.01
0
0
0
0
0.01
0
0
0
0
0
0
0
0.98
0.05
0
0.01
0.21
0
0
0.02
0.14
0.05
2.59
7.49
0
0
0
0.01
0
6.62
0.8
0.7
0.12
0.67
0.16
0
4.44
0.14
0.29
1.39
0
0
0
0
0
0
0
0.66
0.59
3.9
6.65
0
0
0.15
0
0
0
0
0
0
0.11
0
0
0.04
0
0.06
0.01
0.19
0
0
0.32
0
0.04
5.79
0.02
0.08
0
0
0
0
0
0
0.06
3.92
0.91
3.79
0.22
0.63
0.72
5
0.13
2.69
14.93
5.48
0.07
0.13
0
0.14
0
0.08
0.05
0
0
1.4
5.09
0.03
3.77
5.59
0.47
8.16
5.45
0.45
0.06
0.03
0.38
0
0
0
0
0
0
0.08
0.08
0.12
0
0
0
0
0
0
0.02
0
0
0
0
1.3
0.19
0.12
0.13
0.08
0
0
0.01
0
0
0
0
0
0
0
0
0.12
0.44
4.99
0.8
1.55
2.76
4.13
7.3
4.55
0.32
0.29
0.01
0
0.01
0
0.01
0
0.29
0.13
4.45
1.66
2.8
2.44
4.55
0
0
0
0
0.05
0.02
0
0.1
0.29
0
0.01
0
0
0
0
1.23
0.74
0.04
2.33
0.96
0.08
0.26
0.1
4.61
0.72
0.2
0.16
5.64
0.16
0.16
0.11
0.1
2.68
2.24
0.41
0.49
1.39
3.7
1.76
0.81
6.47
0
0
0
0.4
0
0
0
0.07
0.49
0.24
2.15
0.64
0.94
0.45
0
0.49
0.66
1.8
12.36
5.38
3.87
3.04
0.16
0
0
0
0
1.75
26.51
5.67
1.53
0.39
1.2
2.53
1.15
2.25
0.16
0.16
0.06
0
0.57
10.98
5.96
1.32
0
0
0.02
1.59
9.03
5.59
1.84
5.45
1.25
0.8
0.18
0
0
0.02
0.2
0.13
2.35
0.08
2.21
1.21
2.66
4.96
1.88
10.76
13.02
1.07
0.18
4.13
4.84
1.12
2.63
0.34
0
0
0.06
1.05
0.07
0
0
0.01
0.24
0
0
0.01
2.91
0.37
0
0
0
2.98
15.31
1.17
0
0
0.26
0.02
0
0
0
0.05
0.59
0.51
0.23
0
2.16
0.73
0
0
0
3.05
0
3.4
8.43
3.24
0
8.55
0
0
0
0.01
0.08
5.07
0
0.45
0
0
0
0
0
0.01
5.48
9.47
1.38
0
0.01
0
0
0
1.09
12.61
12.27
0.66
0
0
0
0
0.01
0
0
0
0.01
0
0
0.11
0.11
0
0
0
0
0
0.01
0
0
0
0
0
0
0.01
0
0.01
0.3
1.43
0
0
1.79
11.6
28.89
2.72
0.56
0.01
0.52
0
0.3
1.04
0
0
0
0
0
0
0.23
0.04
0.44
0.58
0
0.28
0.05
0.35
0
0
0
0.76
3.3
9.88
12.84
0.13
0
0
0
0
0
0
0
0
0
0
0.8
0.05
0
0
0
0
1.33
3.77
0
0.14
0
0
1.08
0.1
0
0
0
0
1.32
6.64
0.69
0.22
1.09
14.44
2.2
0.09
0.34
0.02
0
0
0
1.09
0
0
0
0.07
0
0.14
0
0
0
0.22
0
0
0.01
0
0.31
0.29
4.37
1.18
14.18
0.21
4.44
0.16
0
0
7.67
3.07
0.09
0
0
0
0
0
0
0
0
0
0
0
0
0
0
0
0
0.3
0
0
0
0
0.09
0
0
0
0.02
0.04
0.24
1.63
0.13
0.02
0.02
0.02
0.02
0
0
0
0
0
0
0
0
0
0
0
0.01
0
0
0.02
0.47
0.11
0.7
1.36
0.59
0.39
4.58
1.31
0.17
0.84
0.35
0
0
0.11
0
0
0
0.16
0
0.01
0
0.56
0.83
2.62
0.03
0
7.33
1.94
3.71
0.44
0.35
2.84
0.18
0
0
0
0.09
0
0
0
0.02
0
0.46
0.11
0.23
0.69
2.46
2.26
2.41
0.58
0.75
0
0.47
5.6
1.93
4.73
4.22
1.75
0.89
0.2
0.58
0.13
5.27
2.16
2.32
1.04
0.5
0.1
0
0
0
0.84
0
0.35
12.14
1.95
1.65
4.52
0.13
3.05
9.63
4.31
0.07
0.26
0
1.73
0.27
0
0
0
0
0
0
0
35.75
4.18
0.05
0.16
27.38
0.84
0.54
0
3.51
0
0
0
0.16
0
0
0
0
0.05
0.51
1.13
0.51
0.59
11.65
1.66
0.03
0.13
0
0.32
0.27
0.52
5.85
17.66
0.5
1.3
10.02
2.98
0.79
0
6.34
29.92
6.67
0
0
1.24
7.55
0
0.42
0.01
0
0
0
9.08
7.4
18.89
2.2
12.86
3.27
2.56
4.8
11.12
0.48
0
0
10.04
4.3
0.43
1.94
8.32
0
0.6
0.38
0
0
0
0
0
0
0
0
0
0
0
1.8
2.25
0
0
0
0.27
0
0.27
0.01
0
0
0
0.07
0
0
1.66
0.02
6.39
0
0
0
0.05
0
1.1
3.29
7.29
1.68
0.01
0
0
0.01
0
0
1.96
0
9.62
17.23
2.27
0
0.03
0.02
0.03
14.32
5.52
1.45
0
0
0.03
0
0
0
0
0
2.05
0.08
0
6.11
3.8
7.84
3.98
6.13
0.49
0
0.01
0.02
0
0.01
2.48
18.59
11.71
2.3
0
0
0
0
0
0
0
0
0
0.01
0.69
7.13
1.7
0.14
0
0
0
0.46
0.14
0
0
0
0
0
0.06
0.02
3.13
4.75
0.84
0
0
0
0.06
0
0
0
0.01
2.51
0.96
0
0.02
0.01
0.02
0.19
0.46
0.06
0
0
0
0.02
0.25
0.32
0
0
0
1.25
0
0
0.48
6.27
2.34
1.01
0.48
0.05
1.43
0.69
0.01
0
1.41
1.33
0.03
0.2
3.22
0.87
0.43
1.4
2.82
1.02
0.22
0.27
0
0.02
0.08
0.26
1.4
4.32
7.01
2.07
14.39
3.54
1.75
0.01
0.16
0.14
0.05
0
0.16
0
0
0
0.57
0.1
0
0
0.29
0.04
0
0
0
0
0
0
0
0
0
0
0
0
0
0
0
0
0
0
0
0.01
0
0.02
0.3
0.22
0
0.93
0.27
3.02
1.98
1.5
0.27
0.66
2.21
5.26
18.77
8.59
1.09
0
2.37
2.61
0.93
0
0.49
0.34
0.02
0.05
0.55
3.25
1.23
0.21
0.16
0
0
0
0
0
0
0
0
0
0
0
0.01
0
0.32
0.45
7.14
0.67
0
0
1.32
0.33
0.48
0.75
0.15
0.03
0
0
0
0.45
2.57
0.49
0
0
0
0
0
0
0
0
0
0.77
6.43
24.13
8.69
1.28
0.01
0
0
0.01
0
0.02
0.03
0
0.07
1.04
12.5
1.73
3.38
0.31
1.32
1.69
0.79
0.22
0.28
0.15
2.3
2.05
0.25
0.04
0
0
0
0.01
0.16
0
0.74
8.17
8.16
2.09
0.05
0.12
1.34
1.86
0
0
2
3.08
0.69
0
0.02
0.03
0.41
0.35
1.25
1.61
4.75
17.16
6.06
1.3
0.06
0.1
3.56
0.29
0
0.28
0.04
0
0.49
1.63
0
0
0
4.98
3.39
1.63
1.7
5.44
14.94
0
0.61
4.59
1.75
3.76
0.49
1.02
3.24
2.29
0.38
0.72
0.45
2.61
1.5
2.55
2.58
7.58
1.53
0.27
0.02
0.13
0.84
5.44
0.3
0
0
1.75
1.09
3.32
0.63
0
0
16.71
0
0
0
1.86
0.01
0
0
0.04
0.48
1.45
0.48
0
0
0
0
0
0
0
0
0
0
0
1.29
3.33
0.48
0.23
0.1
0.66
0.11
2.45
10.22
1.18
0
0.73
3.24
16.59
12.78
3.96
0.88
0
0.04
0.01
0.02
0
0
0
0.17
0.94
0.84
1.17
0.12
0.19
6.49
1.7
0
0
0
0
0
0
0
0.28
0.03
0
0.01
0.72
1.23
3.23
0.5
1.33
3.9
5.48
3.57
0.98
0.11
0
0.38
0
0.01
0.05
6.89
14.75
4.32
0.25
2.72
0.3
0.5
0
0.75
1.61
1.06
0
0.28
1.39
0.22
0
0
3.5
3.38
0.15
0.04
0.2
0
0.5
1.23
0.63
0.08
2.55
0.38
1.33
8.93
2.13
2.79
0.11
0
0
0
0
0
0
0.02
0
0
0
0
0
0
0
0
0
0
0.29
0.52
0.26
1.59
0.81
1.32
6.95
3.67
0.3
0.15
0
0
0.02
0.04
0.98
0
0.05
2.45
2.84
11.23
7.37
2.01
0.47
0.02
3.69
2.18
0.22
0.42
0.93
1.17
3.95
6.47
1.35
6.38
0.43
0.42
1.89
16.03
2.79
0.09
0.19
8.15
1.59
0.09
2.3
12.18
2.75
1.35
0.12
0.66
0.84
7.26
4.63
3.71
0.64
0.51
2.5
1.05
7.83
6.33
0.71
2.65
3.23
0.55
0.88
3.82
1.7
0
0.12
0.28
0.59
0.71
2.02
4.44
2.57
0.35
0
0
0.01
0.02
0.95
2.22
8.79
1.66
0.33
1.28
1.05
0.08
0.85
0.23
0.73
0.01
0
0
0
0.01
0.21
0
0
0.34
0.75
7.59
1.85
0
0
0
0
0.03
0.11
6.57
2.94
0.27
14.55
3.37
1.41
0
0.84
0.08
2.13
0.51
0.1
0.03
0
0.23
0
0.43
0
0
1.29
0.43
0.55
0.11
0.1
0
0
0
1.23
6.82
3.05
2.55
0.13
0
0
0
0
0
0
0
0
0
10.06
4.85
1.81
0.07
1.63
3.45
0.79
2.08
0.03
0
0
0
0
4.64
0.37
0.18
0.52
7.59
2.19
14.41
9.1
1.52
4.41
10.74
1.56
0.66
4.75
0
0
0.02
2.1
14.59
8.64
5.42
2.45
0.72
0.15
0.2
0.8
0.16
1.3
2.12
1
0.28
12.79
0.41
0.03
0
0
0.44
0.32
1.42
1.06
3.45
9.39
1.94
0
0
0
0
12.52
1.49
0
0.84
0.46
0.09
0
0
0
0.11
2.55
0
0.08
0
0
0.02
10.89
19.8
0.78
0
0.46
0
0
0
0
0
3.15
0.02
0.88
0
9.67
9.52
1.18
0
0.3
0
3.87
0.29
0
0
0.01
0
2.46
0
0
0
0.01
0
0
0.09
0.02
0
1.7
6.32
0.16
1.71
0.24
0
0.01
0
0
0.04
0
0
0
0
0
0
2.13
0.4
0
0
0
0.03
0
0.01
0
0
0.55
0
0
0.63
4
0.25
0
5.9
0.88
0.01
0.66
9.36
1.78
0
0
0
0
0
0
0
0
0.87
3.76
0.41
0.92
6.12
0.18
0.01
0.01
0
0
0
0
0.13
2.82
0.89
4.68
1.04
1.7
1.63
0.47
0.55
0.09
0
0
0.01
0.04
0
0
0
0
0
0.02
1.51
0.47
0
0
0
0
0
0
0.01
0
0
0.41
3.1
0.79
2.33
0.33
0.19
0.18
0
0
0
0.2
4.32
2.72
9.47
1.55
0.29
0.19
0.75
0.81
0.62
15.66
2.26
0.5
0.24
0.07
0
0.09
0
0.18
3.38
0.7
0.08
0.19
0.88
4.18
0.7
0
0
0
0.52
0.88
8.59
4.38
0.81
0
0
0.04
0.01
0.02
0.01
0
0.01
0
0.01
0
6.23
5.01
1.48
0.98
2.93
0.14
0.52
0.69
5.4
0.46
0.83
0.69
0.66
1.07
1.47
0.2
1.99
10.5
1.5
0.15
0.26
0.14
0
0.02
0
0.01
0
0.16
0.22
2.13
5.74
1.22
0.07
0.11
0.03
1.01
1.3
0.1
1.66
6.35
0.98
0.72
0.67
1.73
0.92
13.31
6.1
8.69
3.64
0.67
10.65
8.41
6.95
1.25
0
0
0
0
0
0
9.36
1.45
0.62
0.21
1.85
1.56
0.4
0
0
0
0
0
0.01
0
0.02
0.01
0
3.67
0.64
0.64
4.77
1.46
0.14
6.47
0.64
0.16
0.27
0.27
0.54
3.64
6.25
0.35
0.02
0
0
0
0.05
0
0.34
0.25
0.09
0.02
1
1.88
13.28
5.79
2.88
5.65
1.44
3.15
0.27
0
1.86
3.75
1.77
0.98
0.3
2.32
2.26
1.59
0
0.17
0.11
0
0
0.25
0.05
0
0
12.07
7.8
4.73
24.63
2.59
2.43
1.02
0.37
10.23
2.84
1.09
0.55
0.14
2.9
0.48
0
0.05
0.18
4.15
0
0
0
0
0.16
5.63
0
0.33
4.93
1.89
5.13
10.15
3.51
0.22
0
0
0.02
0.02
0.18
0
0.19
7.99
16
0.24
0
0
0
0.28
0.01
0
0
0
0
0
0
0
0
0
0
0
0
0
0
0
0
0
0
0
0.05
0
0.49
0
0
0
0
0.28
0
0.12
0
0
0
0
0.56
0
0.01
4.34
0.04
0
0.05
0
0
0.16
2.51
2.17
1.02
2.96
0.05
0
0.22
0.02
0.1
4.59
0.38
0.03
0
0
0
3.23
5.55
0.29
0
0
0
0
0
0
0
0
0
0
0
0
0
0
0
0
0
0
0
0
0
0
0
0
0
0.67
0.09
0.02
0
0
0
0
0
0
0
0
0.03
6.75
0.86
0.48
0
1.53
0.62
0
0
0
0
0
0
0
0
0
0
0
0.47
0
0
0.19
0.13
0
0
0
0.07
1.61
0.2
0
0
0
0
0
0
0
0
0
0
0
0
0
0
0
0.06
0.67
1.25
0.09
0.08
0
0.37
3.57
4.22
1.54
0
0.44
2.39
1.23
0.49
0.38
4.7
2.55
8.02
2.17
3.17
0.3
0
0.2
0.3
0.8
0.69
0.2
1.02
1.88
2.9
1.18
1.71
0.19
0.63
6.16
0.35
0.22
0.15
10.39
1.91
0.4
1.8
4.3
1.62
0.39
1.59
0
0.23
0
0
0
0
1.07
3.1
4.16
1.21
9.17
1.14
0.01
0
1.01
3.32
9.97
7.42
3.59
0
0.77
0.82
1.91
1.34
8.64
5.28
1.53
6
1.68
6.36
6.21
5.68
5.23
3.69
6.95
2.11
0.52
0
0.05
0
0
0
0.27
0.33
0.04
0.11
0
0
4.67
0.3
0.11
0
0.47
0.51
1.41
6.68
6.76
0.3
0
0.19
0
0.21
1.12
1.5
0.37
0.95
4.49
5.31
2.69
0.47
0.35
1.16
0.75
5.46
3.91
1.64
2.45
0.41
0.36
0.5
0
0.22
1.24
8.43
2.2
0.37
0
0.39
3.1
4.14
0.73
0.32
3.97
18.57
3.45
0.02
0
0
0
0
0
0
0
0.16
0.03
0.08
0
0
0.06
0
0
0
0.01
0
2.89
0.29
3.18
5.09
1.25
0
0
0
0
0
2.09
0.17
0.05
0
0
0
0
0
0
0
0.06
0.13
0
0.47
1.71
21.57
52.1
12.08
1.11
1.73
5.74
0.29
0.27
0.81
11.15
1.87
0
0
0
0.06
0
0
0
0
0
0
0
0
0
0.04
0
5.03
1.77
15.7
11.94
0.52
2.25
0.91
0.27
4.95
3.7
1.71
0
0.02
0
0
0.73
1.81
0
0
0
0.25
0
0
4.82
0
0.56
0
2.39
0
0
0
0
0
0.01
0
0.01
0.02
0
0
0
0
0
0
0
0
0
0
0
0
0
0
3.05
0
0
0.02
0
0
0
0
0
0
0
0
0
8.77
1.35
0.73
20.19
0.99
7.5
1.01
0.27
1.22
13.93
2.12
0.89
1.54
0.05
0
0
0
0
1.35
4.88
3.78
7.23
16.31
3.6
0.31
0.35
0.04
0
0
0
0
0
0.03
0
0
0
0
0.08
0.08
1.32
0.44
1.13
9.7
6.19
1.72
7.89
2.17
4.16
7.55
0
0.13
0.01
0.02
0.18
0.1
3.55
2.57
0.28
2.07
10.81
29.64
6.18
0.38
0
0
0
0
0.28
0
0
0.57
0.66
0.17
2.83
0.56
0.23
0.58
2.07
13.61
0.95
0.09
0.69
0.25
0.98
2.49
1.32
0
0.07
0.01
0
0
0
0
0
0
0
0
0
0
0
0.81
0.35
0.95
0.06
0
0.09
0
0.48
0.13
0
0.01
0
0.01
0.09
0.13
0.08
1.37
2.69
4.07
4.7
0.28
0.04
0
0.55
2.53
1.18
0
0.04
0
0.86
0.3
0.01
0.85
2.91
4.11
6.06
0.45
1.48
2.55
0.12
1
0.14
0.2
0.08
0.03
0.5
0.01
0.2
0
0.45
0
0.01
0
0.6
0
0.54
0.8
0.01
0
0
0
0
0
0
0
3.68
0
0
0.34
0
0.44
1.77
0.61
0.14
0.48
0.55
0.7
0
0.98
0.62
2.93
7.7
14.65
2.27
0
0
0
0.01
3.28
4.32
0.54
0.61
0
0
0
0
0
0.03
1.96
0.69
0.18
0
0
0.07
2.93
2.8
12.43
1.84
0.04
0.3
1.24
0.01
0
0.5
0.97
0.29
0
0
0.39
0
0.05
0.01
0.01
0
0.54
0
0
0.01
0
0.66
2.34
0.92
1.1
3.32
1.13
0.03
0.06
0.01
0
0.27
0.31
0.02
0.02
1.35
4.29
6.93
2.63
0.46
0.52
6.08
0.51
6.18
2.07
0.5
0
0
0.01
0.42
15.3
3.63
6.52
2.53
0.01
0.12
0
0.01
0.01
1.13
0.23
0.08
2.27
3.81
6.84
13.61
2.85
0.07
0.09
0
0
0
0
0
0
0.59
3.59
4.89
6.04
1.51
10.71
8.1
3.6
0.02
0.06
0.14
0
0
0
0.04
0
0.09
0.02
0
0
0
0
0
0
1.79
0.27
0
0
0
1.88
0.11
0.08
1.98
1.47
0
0.02
0
0
0
11.63
2.76
0.45
0.03
0
0.01
0
0
0
0.01
0
0
0
0
0
0
0
0
0
0.01
0
0
0
0
0
0
0
0
0
0
0
0
0
0
11.23
6.1
0
0
0.99
1.7
5.45
0
0.23
0
0
0
0
0
0.07
0.07
0
0.03
0
0
0.13
7.7
0
0
0
0
0
0
0.05
1.47
0.26
1.05
1.57
0.8
0
0
0
0
0
0
0.09
4.39
0.02
0.63
0
0.25
0.05
0.06
0.05
0.31
0.56
1.84
0.11
0.16
0
0.32
0
0.11
0.62
6.19
4.73
0
0
0.02
0
0.27
0
7.64
0
1.12
0
1.47
0
0
0
0.09
1.23
0.36
2.59
0.07
2.54
0.71
15.55
0.45
0.19
0.16
1.96
0
0.01
0.66
0.59
0.04
0
0
0
0
0.01
0
0.7
1.75
4.93
1.34
0
3.12
0.8
0.23
0.6
1.4
0
0.24
0
0.02
0.01
0.48
0.01
0.13
0.01
0.27
0.02
3.45
0.19
1.05
0.33
3.98
0.29
0.01
0
0
0
0.01
0.08
0.23
0
0
1.06
0
0
0
0
0
0
0.02
0
0.2
0.97
2.25
1.35
4.14
0.29
0.01
0
0
0.26
0
0.23
0.02
0
0
0
0
0.01
0
0
0
0
0
0
0
0.07
0.12
0.48
0.31
0
0
1.69
4.86
5.56
0.11
0
0.25
0.01
0
0.01
0.01
0.15
0.62
0.58
0.07
0.3
0
0
0.19
1.38
0.74
0.66
0.01
0
0
0
0.21
0.01
0
0.33
0
0.01
0
0.59
0.12
0.95
0.22
2.73
0.7
0.04
0
0.09
0.48
0.73
0.04
0
0
0.04
1.55
0.72
3.45
1.89
0.23
0.28
5.55
1.57
1.45
0
1.81
0.49
0.52
1.45
4.06
0.04
1
7
0.45
5.39
1.91
0
0.31
0
0.02
15.49
35.6
5.76
0.4
3.93
3.52
9.12
1.32
0.02
0
0
2.76
0
0
0
0.02
2.56
1.28
5.06
0.93
2.39
0
0
1.63
0.96
0
0
0
0
0.56
0.13
0
0
0
10.17
1.29
0
0
0.45
0.5
0.54
0
0
0.98
0
0
0
0
0
0
0
0
0
0.01
0.05
0
0
0
0
0
0
0
0
0.01
0
0.6
12.71
24.09
3.53
1.43
0
0.16
6.53
0.09
0.55
0
0
0
0.01
0.57
0
0
0
0
0
0
0.27
0.34
0
0
0
0
0
0
0
0
0
0
0
0
0
0
4.89
5.97
0.34
0.73
0.98
9.67
7.23
2.33
1.64
0.06
0.89
0
0
0
0.01
0
0
0
0
0
0
0
1.3
0
0.01
0
0.01
0
0.34
5.24
0
0
0.03
0
0
0
0
0
2.27
15.21
0
0
0
0
0
0
0.45
4.64
1.41
0
0
1.64
4.07
3.44
0
0.66
3.62
8.35
0
0
0
3.34
0
0.57
0
0
0
0
0.52
0
0
0
0
0
0
0
0.01
0
0.24
0.47
0.52
1.88
0.33
0
0
0.13
0.42
0
0
0.04
0
0
0
0
0
0
0
0
0
0
0
0
0
0
0
0.2
0
0
0
0
0
0.46
0
0.04
0
0.07
0
0
0
0
0
0
0.03
0.09
0
0
0
0
0
0
0.96
0.3
0.66
0.41
1.13
0
0.69
0.88
7.63
2.1
0.33
1.3
2.59
3.35
11.08
0.71
0.83
1.59
2.41
12.39
6.23
8.4
1.58
0.04
0
0.15
0
0.13
0
0.01
0
0
0.18
2.7
0.61
0
0.53
0.3
1.84
1.97
0.21
0.2
1.41
0.26
0.01
0.42
1.29
0.32
0.5
0.22
0.08
0
0
0
0
0
0
0
0
0
0
0
0
0
0
0.11
2.83
0.04
19.04
5.23
1.58
6.2
1.68
0.19
7.47
1.73
1.35
1.04
0.5
0.48
0.61
0.26
0
0
0
0.03
0
0.05
0.12
0
0
0
0
0
0
0
0
0
0.47
0
0
0
0
0
0
0.02
0.02
0.45
0.48
0.24
11.44
1.39
7.14
1.27
0.07
0
0.42
3.28
0
0
0
0
0
0.83
1.19
0.07
0
0.33
19.52
3.2
5.91
0.79
0
0.01
0.03
0
0
0
0
0
0
0
0
0
0
0.02
0
0
0
0
0
0
0
0
0
0
0
30.53
7.23
3.66
2.88
1.15
0.41
0.51
1.36
0.02
0.24
3.63
3.19
19.68
17.61
0.3
27.3
1.64
4.27
9.04
4.13
0.42
0
0.82
0
3.54
5.55
0.74
0.17
0
0.54
0
0
0.02
0
0
0
0
0
0
0.01
0
0
0
0
0
0
0
0.02
0
3.43
2.02
0
0
2.23
0.02
0.01
0.01
0
0
0
0
0.01
0
0
0.65
3.62
0
0
0
0
0.02
0
0
0
0
4.55
19.29
0
0
0
0.01
0
0.01
0
0
0
0
0
0
0
0
5.21
0.08
0
0
0
0
0.06
0
4.86
2.26
0
0.83
2.28
9.96
1.94
0
0
0
0
0.01
0
0.32
0.02
0
0
0
0.64
8.33
1.27
0
0
0
0
0.12
1.25
1.07
12.38
0
0
0
0
0
11.64
1.38
0
1.55
7.45
0.42
0.15
0.02
0
0
0
0
0.02
0
0.25
0.36
0
0.03
3.88
0.14
0.85
0
0
13.96
9.08
2.92
4.39
19.95
1.4
0.09
0
0
0
0
0
0
0
0
0
0
0.22
0.64
9.02
21.88
3.23
0.09
0
0
0.49
3.72
0.84
0.08
0.16
0
0
0
0
0
0
0
0
7.34
6.09
0.69
0.27
0
0
0
0
0.09
0
0.01
0.15
0
0.16
0.2
0.65
0.13
2.7
2.05
0.18
0.39
0
0.93
0.63
0.08
2.2
1.16
0.29
3.61
2.95
0.02
0.37
0
0.11
0
0
0
0
0
0
0
0
0
0.01
0
0
0
0
0
0
0.01
0
0
0
0
0
0
0
0
0
0
0
0
0
0
0
0
0
0
0
0
0.16
0.05
0.02
0.41
0.54
0.78
0.35
0.16
0.02
0
0
0
0
0.07
0
0
0
0
0.19
0.07
0.18
2.68
0.34
0
0
0
0
0
0
0
0
0
0
0
0
0
0
0
0.35
0
0
0.13
0
0
0
0.01
0.03
0.92
3.41
0.32
0.17
1.95
0.22
0
0.14
2.29
1.09
0.59
0.03
0
0
0
0
0
0
0
0
0
0
0
0.14
0.12
1.82
1.84
0.07
4.73
0.03
3.69
0.35
12.45
1.64
0.57
0.16
0
0
6
0.96
0
0
0
0
0.04
0.26
0.2
0.01
0
0.02
0.09
0.39
0.43
0
2.7
0
0
0
0.2
8.07
0.13
0
0
0
0
0
0
0
0
0
0
0
0
0
0
0.06
0
0.16
0
0.05
0.05
0.04
0
0
0
0
0
0
2.38
0.53
0.08
7.35
3.45
14.99
2.75
1.95
0.26
0
0.18
0
0
1.98
14.33
3.95
6.13
0
0.57
0
0
0
0
0
0
0
0
0
0
0
0
0
0
0.02
0.02
0
0
0
0
0
0
0
0
0
0
1.74
5.22
2.43
0
5.15
2.31
0
0.51
0.01
0.38
0
0
0.38
1.02
0
0.04
0
0
1.21
23.3
3.33
0.49
1.11
13.67
3.8
3.27
0.31
0.22
6.99
0
0
0
0
0
0
0
0
0
0
0
0
0
0
0
0
0
0
0
0
0
0
0
0
0
0
0
0
0
0.09
0
0
0
0
0
0
0
0
0
0
0
0
1.3
0.19
0
1.36
0.58
0
0
0
0
0.07
0
0
0
0
0
3.3
12.15
1.32
0
0
0
0.01
0.54
1.66
8.2
0.65
0.12
2.41
2.25
0.11
0
0
0.6
2.52
3.13
5.3
0.11
0.86
2.16
0.57
0.74
0.35
0
0.22
0.01
0.05
0
0
0
0
0
0
0
0
0
0
0
0.18
0
0.42
0.73
0
0.79
1.07
1.25
4.17
12.69
4.37
9.66
3.26
0.14
0
0.04
0
0
0
0.22
0
0
0
0.01
0
0.95
0.45
0.35
2.14
1.73
3.71
1.22
0
0
0
0
0
0.5
0
0
0.25
0.34
2.61
3.49
0.97
1.06
0.13
0.02
1.01
0.07
0.01
0.18
1.35
0.29
2.24
0.29
0.34
0
0.21
0
0
0.02
0.01
0
0.01
0
0
0
0
0
0
0.08
0.05
0.06
0
3.25
0.65
0.1
0.02
0
4.72
11.67
1.86
1.07
0
0.02
0
0
0
0
0
0
0
0
0
0.27
0.54
0.51
2.49
0.52
0.68
1.76
2.77
10.25
1.23
0.45
4.39
1.07
0.05
0.72
7.99
0.52
0.38
10.73
1.61
2
9.05
0
0.52
0
0
0
0
0
0
0.98
0.24
8
2.9
0.09
0
0.01
0
0
0
0
0.23
0.65
0.49
0.2
0
0.11
1.77
6.24
3.2
1.37
0.48
0.05
1.54
8.17
18.85
8.45
0.14
0.13
0
0.06
20.66
19.9
22.72
4.11
1
1.55
0.45
9.46
7.55
6.17
1.66
3.29
3.01
7.62
1.97
2.99
0.71
0
0
0.1
2.07
4.6
7.6
3.37
2.18
0.84
0.11
0
0
0
0
0
0
0
12.14
0
5.56
0
0.25
0
0
0.02
0
0.82
0
0
0.58
0
0
0
0
0
0.02
0
0
0
0
0
0
0
0.18
0
0
0
0
0
0.01
0
0
0
0
0.75
0
0
0
0
0
0
0
0
0
0
0.01
0
0.06
0
0
0.01
0
0
0.01
0.48
0.28
0
0.01
0
0
0.01
0.02
0.01
0.55
4.25
0.39
0
0
0.02
0.04
0.02
0
0
0
0
0
0
0.28
0
0
1.3
0.39
0
0.01
0
0.01
0
0.26
0
0
0
0
0
0
0
0
0
0
0
0
0
2.13
3.09
0
1.02
2.2
0.34
3.75
2.06
0.09
0
0.13
0.04
0
0
0
0.17
0
0.27
0
0.01
0.13
1.04
1.11
0
0
0
0
0.88
5.88
1.23
0
0
0
0
1.43
1.91
0.35
1.84
0.51
0
7.87
14.07
7.79
15.11
6.66
5.22
30.13
2.1
6.03
1.25
0.91
10
0.84
0.88
0.33
0.23
0.3
0
0.53
0.48
0.13
0
0.41
8.73
4.45
1.56
0.04
0
0.3
0.2
0
0.15
0.2
0
0
0.01
1.56
0.16
0.4
0
0.07
2.91
0
2.57
0.21
0.28
0.16
0.21
0
0.5
1.09
0.02
0
0
0
0.01
0
0
0.64
1.57
0
0.53
0.07
0.08
0.22
0.01
0.03
0.46
0.45
0.82
0.18
1.73
0
0
3.33
1.69
0.21
5.93
0.13
2.9
0.73
0.06
0
0
0
0
0
0
0
0
0
0.09
0.7
1.22
5.18
8.43
2.85
0.66
0.11
0
0.2
0.82
5.14
0.82
0
0.32
2.46
0.29
0.01
0.18
5.31
1.2
0.6
0.15
3.22
0.49
0.42
0.92
0.8
0.04
0
0
0
0
0.05
1.44
0.18
0.62
0
0
0
2.7
9.08
1.51
4.23
1.68
0.1
0
0
0
0.2
0.19
0
0
0
0
0
0.01
3.27
0.8
0.77
2.03
6.63
1.08
0.12
0
0
0
0
0
0
0
0
0
0.15
6.89
2.68
0.48
1.02
0
0.7
2.17
0
0
0
0
2.94
0
0
9.3
1.58
3.07
0.71
0.85
0.11
2.07
1.4
3.81
5.03
7.28
7.22
0
4.7
0.7
5.86
0.26
6.24
9.13
2.06
1.73
2.66
0.3
3.55
0.32
0.22
0.18
5.23
0
3.79
4.1
0
0
0
0
0
0
0
0
0.01
0
0
1.16
0
0
0.36
0
0
0.07
0.45
0
7.03
3.59
0.15
5.71
0
0
0
14.33
8.63
0.66
0
0
0
0.16
0
0.03
0.01
0.01
0
0.77
10.24
0.27
0
0
0
0
0.01
0
0.01
0.04
0
0.03
0
0
0.01
0
0
0
0.02
0
0
0
0
0
0
0
0
0
0.02
0
0
0
0
0
0
0
0
0
0
0
1.42
0.59
0.07
0
0
0
0
0
0
0
0
0
0
0
0.36
0.04
0
0
2.89
0
0
0
0
0
0
0
0
0.04
0.18
0
0
0.21
0.07
0.12
0.06
0.72
0
0
0
0
0
2.22
0.51
0
0
0
0
0
0
0
0
0
0
0
0.01
0.01
0
0.02
0
0.02
0.16
2.45
1.99
0
0.09
0.6
0
0
0
0.05
2.46
0.59
0.45
2.85
2.27
0.1
0
0
0.02
1.39
3.41
0
0.15
1.61
0
0.02
0
0
0
0
0.07
0
0.13
3.71
4.5
2.21
0.07
0
0.1
0
0
0
0.16
2.23
0.2
0
6.04
0
0.05
0
0
0
0
0
0.05
0
0
0
0.08
0
3.02
1.16
4.23
0.6
0.93
3.43
5.8
7.61
2.07
0.86
1.3
1.7
0.5
0.2
2.61
0.6
0.91
0.16
0
0.01
0
0.01
0
0
0.02
0
0.11
0
0
0
0.02
0.1
0
0.41
0
0.06
0.09
2.19
6.08
6.31
5.63
1.34
0.48
1.59
2.23
0.36
0
2.53
4.33
0
0.01
0.04
0.72
5.89
7.82
3.77
4.94
1.8
3.24
0.16
2.25
0.89
0.87
1.79
6.66
0.44
0.76
0.47
0.84
4.09
1.15
0.11
0.16
0.94
0.51
2.41
0.66
0.4
0.52
0.38
1.41
12.58
0.42
1.55
0.27
0
2.49
0.61
1.93
0.38
0.39
0.04
0.03
3.12
0.32
0.62
0.55
0
0
0
0.07
1.72
0.46
0.48
3.2
7.05
3.21
1.53
0.47
1.8
11.77
2.88
0.5
0
0.07
1.84
1.66
0.21
0.65
0
3.5
1.24
2.8
4.73
9.6
8.16
9.76
1.18
0.07
0
0
2.09
0
0.16
0.85
0.44
0
0
0
0
0.01
0
0
0
0.08
0
0.08
0
0.07
0
0
2.98
0.14
0.96
7.65
6.29
4.32
6.83
3.77
0
0
0
0
0
0
0.16
0
0
0
0
0.48
0
0
0
0
2.77
4.63
5.86
1.3
8.51
17.31
0.75
0
0
0
0.02
0.03
0
0.01
0.64
0
0
0.61
0.17
0
0
0
0
0
0
0.04
0
1.82
0
0
0
0.11
0
0
0.08
0.12
0
0
0
6.58
7.08
0.4
0.01
0
0
0
0
0
0
0.01
0
0
0
0.01
0
0.01
0.01
0
0
0
0
0
0
0
0
0
0
0
0
0
0
0
0
0.43
0
0.01
3.54
16.58
0.11
0.06
0.07
0.29
5.57
0.15
0.74
2.02
2.87
1.68
21.23
0.43
0
0.01
0.01
0.16
13.27
10.01
0.48
5.37
0
7.46
19.59
0.25
0.01
0
0
0
0.02
0.36
7.48
2.97
0
1.68
0.46
1.6
1.82
0
0
0
12.47
8.3
9.41
2.38
1.38
6.3
4.71
3.66
0
0
0.35
0.28
4.03
7.2
0.66
0
0
0
0
0
0
0
0
0
0
0
0
0
0
0
0
0.05
0.25
2.55
12.11
8.41
0
0.11
0.19
0.13
0.01
2.57
0.08
0
0
0
0
0
0
0
0
0
0
0
0
0.07
0
0
3.75
0
0
0
0
8.76
0
0
0
0
0
0
0
1.51
1.07
2.5
2.13
0.02
1.2
0.12
0.13
0
0.02
0.05
0
0
0.01
0
0
0
0.36
0
13.66
0.93
0.53
5.72
7.81
0.7
0.18
0.47
0
0
0
0
1.19
2.27
0.36
0
2.73
7.3
3.89
4.25
14.84
7.97
0.53
0.23
1.9
1.55
0.3
0.01
0.01
0
0
0.04
1.83
10.1
0
0
0.19
0.36
10.13
8.28
4.31
1.05
0
0.01
0.18
0.02
2.48
4.1
0.38
0.01
0.01
0
0
0
0
0
0
0
0.88
2.46
0
0
0
0
0
0
0.05
0
0
0
0
0.53
0
0.01
0.43
0.54
0
0.12
2.05
0.45
0.64
0
0
7.88
4.9
6.36
0.2
0.95
8.23
5.03
0.33
0
0
0
0
0
0
0
0
0
0
0
0
0
0.11
1.98
0
0
0
0.01
0
0
0
0
0
0
0
0
0
0
0.44
0.49
1.58
0.19
0
0
0.05
11.1
1.27
0
0
3.17
0.07
15.88
6.68
0
0
0.47
4.56
0
0
0
0
0
0
0
0
0
0.82
1.27
0
0.01
0
0
0.18
0.01
1.88
0
0
0
0
0
0
0
0
0
1.95
1.8
0
0
1.27
6.8
0
0
0
0
0.38
7.59
4.28
6.34
2.97
3.65
0
0
0.39
26
5.84
0.28
0
0.13
0
0
0
0
0
0.27
0
11.84
0
0
0.09
6.91
0
0
0
0
0.03
1.76
0
0
0
0
0
0.49
0
3.89
0
0.04
0.56
0
0
0
0
0
0.01
0.1
0.01
0.07
0
0
0.45
0.07
0.75
0
0
0.12
3.94
2.33
2.71
0.02
0
0
0
0
0
0
0
0.06
0
0
0
0
0
0.16
2.55
0.27
0.35
0.26
1.3
0.84
0.01
0
0.05
2.17
0.45
14.78
10.15
0.66
2.12
1.45
0.83
0
0.06
14.83
19.73
1.1
0
0
0
0
0
0
0
0
0.42
0.45
10.48
9.96
1.02
0
0.63
6.09
0.13
0.01
0
0
0.01
0.09
5.14
0.04
0
0.2
20.1
8.33
0.47
0.09
0
0
0.87
0.02
0
0
0
0
0
0
0.13
3.56
7.01
2.85
1.45
0.97
0.02
0
0
0
0.02
3.89
3.82
1.3
1.6
0.05
0.13
1.65
1.18
1.73
13.31
1.68
6.57
2.07
0.2
0.18
0
0
0.01
0
0
0
0.07
0.01
0
0
0
0
0
0.12
7.51
0
0.44
0.37
0.32
2.08
0.22
0.06
0.01
0.03
0.57
10.49
0.19
0.99
0.5
2.47
3.51
25.31
2.36
5.06
0.45
0.01
0
0
0.82
2.29
0.2
0.47
1.28
8.88
0
0.03
0.6
0
0.38
0.41
0.06
5.59
0.16
0
0.2
0.04
0.24
0
0
0
0.38
1.38
0.41
0
0
0
0.02
0
0.3
0.55
2.54
0.23
0.89
0
0.01
0.03
0
0.02
4.23
1.73
0.18
0
0
0
0
0
0
0
0
0
0
0
0
0
0
1.06
0
0
0
0
0
0
0.14
0.55
0.67
0
0.03
4.71
16.92
8.17
6.26
2.58
0.32
3.64
0.57
4.22
8.35
0.88
1.31
1.63
10.27
1.52
0.83
2.31
4.5
0.68
0.08
3.78
0.81
1.3
12.41
10.52
0.98
0.87
0.87
0.12
1.79
2.22
1.63
4.91
1.28
0.09
3.89
3.25
1.11
0.84
0.87
7.95
7.95
2.45
0.98
5.43
0.57
0
0
0
1.38
1.82
5.13
3.48
5.39
5.66
1.5
0
0
0
0
0
0
5.38
1.2
0
0.04
0
12.34
19.06
1.45
0
1.84
0.7
2.23
15.41
3.97
7.16
1.29
0
4.83
10.21
3.44
7.63
3.46
0.16
8.45
3.64
12.41
15.58
8.34
0.81
0.48
0.85
0.84
0
0
0.02
0
0
0
0.16
0
0
0
0
0
0
0.27
0
0
0
0
0.69
0
0
0
0
0
0
0
0
0.01
0.25
0
0
0
0.1
0
0
0.04
0
0
0
0.03
1.33
2.39
0
0.07
0
0
0
0
0
0
0
0
0
0
0
0
0
0.12
0.95
0.04
0
0
0
0
0
0
0.59
5.18
0.88
0.43
0.01
0
0
0
0
0
0
0
0
0.02
0
0
0
0
0
0
0.08
2.08
0
0
0.72
0.01
0
0
0
0
0
0.14
2.63
0
0
15.04
24.34
4.52
3.13
2.13
1.94
0
0
0
0
0
0
0
0
0.06
0
0
0
0
0.01
0.02
0
0
0
0.16
0.63
0
0.03
21.01
4.82
0.56
0
0
0
0.01
0.01
0
0
0
0
0
0
0
0
0
0
0
5.64
0.95
0.04
0.01
0
0
0.26
0
0
0
0
0
0
0
0
0
0
0
0
0
0.39
0
0
0
0
0
0
0
0
0
0
0
0
0
0.01
0
0.01
6.52
0.35
0
0
0
0.04
0
0
0
0
0
0
0.01
0.74
0.65
0
0
0
0
0
0
0
0
0
0
0
0
0
0.09
0.37
0
0.01
0.06
0.26
0.55
1.13
0.15
0
0
0
0
0
0
0
0
0.02
0
0.86
8.6
8.2
13.83
4.72
6.27
0.65
0.2
0
0
0.16
0
0
5.98
4.54
0
0
0
0
0.01
0
0
2.05
3.88
0.55
1.21
0.2
0
0
0
0
0
0
0.02
0
4.3
29.02
5.13
0
7.63
4.37
6.09
0.87
0.51
1.87
1.29
0.04
0
1.4
4.64
4.44
0.13
0.22
0
0.01
0
0
2.32
1.53
7.87
2.63
9.23
7.73
1.01
2.19
0.23
0.18
0
0.02
0
0
0
0
0.2
0
0
0.02
0
0.05
3.89
11.29
0
0
0
0
0.93
0.04
0.74
5.33
16.53
6.58
20.6
1.91
8.59
5.01
6.04
9.8
3.68
8.79
1.04
11.8
0.05
0
0
0
0.05
3.86
0
0
0
0.02
0
0
2.21
0
3.98
19.76
5.03
0.52
0.03
0.49
0
0.91
0
0
0
0
0
0.05
0.02
0.06
0.14
15.67
0.26
0.07
0
0
7.58
0.5
0.12
0.02
0
0
0
0
0
0
0.01
0
0.5
2.16
0
0
0
0
0.03
0
15.25
3.9
0.63
0.36
0.05
12.1
0.99
0.09
0
1.12
1.03
0.53
1.3
0
0
0.01
0
0
0.01
0
0
1.51
1.75
0.02
0
0.03
1.8
0.37
0.19
0
0
0
5.6
0.29
0
0.14
0.59
1.45
0.41
1.63
2.79
6.56
8.11
0.5
0.02
0
0
0
0
0
0
0
0
0.03
0.36
0
0.32
0
0
0
0
0
0.01
0
0
0
0
0
0.14
0
0
0
0
0
0
0
0
0.32
0.23
0
4.13
0
0
0
0
0
0
0
0
0
1.94
0
0.14
0.06
0
0
0.84
0.28
0
0.47
0.19
0.11
0
0.22
0.99
0
0
2.01
1.59
6.36
4
0.93
1.07
5.27
4.85
4.28
2.38
1.6
0.82
3.46
8.28
2.67
1.66
0.78
2.81
0.49
0.33
0.19
1.26
0.69
4.48
2.04
0.75
6.59
1.61
0.29
2.45
2.58
0.51
1.13
12.85
16.86
8.21
0.88
0.62
4.33
1.52
0.26
0.04
1.11
8.23
2.69
0.98
0.23
0.07
0.2
5.6
0.66
5.74
2.44
0.06
0.92
3.15
0.35
0.87
0.12
0
0
0
0.09
0
0
0.03
0.05
0.14
0.01
0.08
0.02
0
0
0
1.96
2.96
5.64
0.67
0.82
4.63
1.52
0.18
0.02
0
0
0.02
0.19
0
0
0
0.02
0.03
0
0.16
0
0
0
0.01
0
0
0.05
0
0
0.16
0
0
0
0
0
0.03
0.03
0
0.14
0
0
1.51
0.24
0.12
1.27
2.36
1.7
0.32
0
0
0
0.16
0
0
0
0
4.09
2.03
0.08
0
0
0
0.29
0.03
0.04
0.94
1.13
0.96
2.87
5.59
3.49
0.28
1.02
1.55
0.54
0
0
0.18
0.95
0
0
0
0
0
2.02
0.12
0.45
0.85
0.5
0
0.11
0
0
0
0
0.38
0
0
0
0
0
0.66
0.4
0.2
0
0
1.07
0.02
0
0
0
0
2.43
7.51
0.67
0
3.33
4.56
0
0.52
2.96
0.98
0.02
0.04
0.05
0
0
0
0.92
1.89
0.55
0.13
0.02
0
0
0.99
2.93
1.19
4.66
3.63
1.42
0
0
0.02
0.04
0.04
0
0
0
0
1.91
0
2.37
0.84
0.45
0
0
0
0
0
0
0.01
0
0
0
0
0
1.58
5.02
0.46
0
0
0
0
0
0.6
0
0.07
0.36
0
0.48
0
0
1.84
0.33
0
0
1.55
2.7
0
0.97
0
0
1.14
0.33
0
1.6
0.45
3.88
1.67
0
0
0.21
0.59
0
6.07
4.72
0.47
1.51
0.05
0
0.2
0.08
0
0.43
0
4.88
0
0
0.09
0.04
0.07
0
0
1.86
20.9
16.76
0
0
0
0
0
0.07
4.89
0.47
1.66
4.05
4.57
0.33
0.13
0
0.3
2.06
0.28
0.01
0
24.45
1.32
1.52
3.36
3.27
1.8
0
0.05
8.1
1.4
0.02
0.25
1.02
0.34
0
0
0.71
0.94
0.83
1.92
1.13
2.58
19.41
7.91
2.46
0.71
0.08
0.41
1.21
2.25
0.56
0.75
5.75
0.6
0
0.13
0
0.11
0.34
3.24
7.58
0.77
1.26
0.26
0
0
0
0
0
0
0
0
0
5.33
2.15
0.98
6.18
1.16
0.35
0.59
0.02
0.07
0
0.01
0
0
0
0.03
0.02
0
10.34
3.08
2.32
0
0.19
0.46
0.01
0.09
0.25
0.16
0.61
0.2
0
0.02
0
0.01
0
0.58
0.38
2.05
0.42
0.09
0
0.03
0
0
0
0.02
0.01
0.48
3.38
0.18
0.11
0
0.03
2.14
0.1
0.02
0
0
0.85
0.04
0.02
0.26
0
0
0.18
0.07
2
3.66
0.18
0
0.11
0.21
0.97
9.79
10.3
3.44
0.3
0
2.84
0.98
0.27
3.81
0.13
0
0.37
0.19
1.33
0.13
4.4
7.24
2.69
0.46
0.58
0
0.01
0
0
0
0.21
2.02
6.07
1.5
0
0.49
0.52
1.21
3.75
5.43
3.58
4.7
0.59
0
2.25
2.17
0.07
0.7
0.86
3.69
0.7
0
0
0
0.02
5.41
7.71
8.66
8.73
1.04
0
0.01
0
0
0
0.01
3.02
4.9
0.68
0.13
0
0
0
0
0.01
6.82
33.4
12.03
17.45
7.8
0
0.38
0
0
0
0
0.01
1.59
2.13
0.18
0.18
2.57
0.45
0.53
11.63
1.73
0.1
3.05
3.3
1.59
2.32
0.91
0.7
0.35
0
0
0
0.01
0
0
0
0.02
0
0
0.01
0
0
0
0
0
0
0
1.26
13.36
8.83
1.83
2.22
0.39
0.33
0.29
0.01
0.03
0.01
0.08
0.07
0.17
0
0
1.07
5.59
1.25
0
0
0
0
0
0
0
0
0
0
0
0
0
0.05
6.39
13.97
5.3
3.21
0.14
0
0
0
0
0
0.01
4.34
1.05
0
0
0
0
0
0.02
0.99
0
0.06
0
0
0.15
0
0
0.66
0
0
0
0
0
0
0
0.01
0
0
0.02
0
0
0
0
0
0
0
0.05
1.3
5.18
0.52
0
0
0
0.02
0
0.01
0.23
0.95
1.86
0.81
0.01
0
0.02
0.79
36.11
13.3
2.24
4.33
1.7
0
0
0.11
2.12
0.89
0.2
0.18
0
0
0
0
0.95
18.89
16.05
3.82
1.13
0.44
9.3
0.1
0
10.4
0.13
0.46
0.23
0
0.1
0
0
0.11
0.01
0.16
7.27
16.16
3.23
1.55
1.75
2.14
1.18
0.01
0
0.03
0.23
0
0
0.13
0
0
4.17
1.77
0
0.1
0
0
0
0
0.03
0.4
0.84
0.02
0.03
0.2
0
0.02
0.29
0
0.2
1.48
0.45
9.32
0.27
0
0.57
5.35
5.77
2.3
0.04
0.08
0
0
0
0.06
0.82
3.2
0.96
6.31
8.34
5.92
2.58
0.07
0
0
0.15
0.01
0
0.02
0.05
0.05
2.25
2.54
0.39
0
0.22
0.16
0
0
0.11
0
0
0
0
0
0
0.25
0
0
0.01
0
0
0
0
0
0.07
0.33
2.45
0.16
0.03
0
0
0
0.09
0
0
0
0.02
0.09
0.09
0.48
2
0.43
0
0
0
0
0
0
0
0
0
0
0
0
0
0
0
0
0
0.16
1.41
0.09
0
0.06
0.31
0.58
4.55
2.78
1.12
0.4
0
0.09
0.21
0
0.01
0
0
0
0.2
0
0.14
0.84
1.45
0
0
0.01
0
0
0
0
0
0
0
0
0.07
0
0
0
0.3
0.2
1.66
1.21
0.84
3.28
1
0.09
0.16
10.9
5.33
6.31
2.52
1.9
6.44
0.6
1.24
2.02
2.66
0
0
0.06
0.1
0.02
0
0
0.04
0
0.06
0
0
0
0
0
0
0
0
0
0
0
0
19.29
5.8
0.29
0
0.07
0
0
0
0
0
0
0
0
0.18
0.01
0
0.16
4.28
8.15
9.45
2.41
0.3
1.84
0.04
0.01
0.08
0.26
0.87
7.67
13.8
2.27
4.45
1.94
5.52
3.55
0.46
4.95
1.17
0.53
3.8
0.2
0.27
0.27
4.44
1.11
4.68
2.93
3.88
0
0
0.11
1.21
1.52
3.76
0.91
0.01
0.48
0.04
1.35
0.44
4
0.93
0
0.03
0
0.07
0
0.01
0.89
0
0.46
0.13
0
0.01
0.11
1.43
1.04
0.04
0.15
0.06
0.17
0.27
0
0
1.28
3.55
2.41
0
0
1.75
6.58
0
4.56
4.49
1.86
0.05
5.04
0.22
3.26
4.75
1.77
0
0
0
0
0
0
0
0.11
0.39
3.94
0.38
0
0
0
0.01
0.69
0.42
0.01
1
1.92
0.07
3.38
0.01
0
0.01
0
0
0
0.03
0
0.05
0.02
0
0
0
0
0
0
0
0.05
0.07
0
0
0
0
0.19
2.79
5.34
1.84
0.1
0.02
0.04
0.05
0.08
0.74
0.79
0.88
0.12
0.14
1.08
1.12
3.46
7.33
9.29
0.7
0
2.96
9.44
0.45
9.34
9.3
0.25
0
0
0
0
0
0.4
3.27
2.13
9.48
7.1
6.52
0.97
0.38
0
0.06
0
0
0
0
0
0
0.14
0.18
0
0
4.91
0.23
0
0
0
0
0
0
0
0
0
0
0
0
0
0
0.03
3.92
1.3
11.83
4.48
3.68
0.96
0.52
0.18
0.3
0
0.03
0.02
0
1.38
1.7
0.26
0
0
0.02
0
0.12
0.85
2.27
4.04
3.59
0.93
0.05
0
0
0
0
0
0
0
0.01
0.02
0
0
0
0
0
0.01
0.01
0
0
0
0
0
0
0
0
0
0
0
0
0
0
0
0
0.02
0.2
0.25
0.05
1.02
6.52
1.3
0.23
0.19
0.15
0.1
1.5
1.75
0.44
0
0
0
0
0
0
0
0
0.09
0
0
0
0.01
0.88
2.49
1.88
2.8
1.06
0
0
0
0
0
0.09
0.56
0.87
1.15
1.3
2.74
8.32
3.1
0
0.01
0.7
0.17
0.04
2.01
0.49
2.9
3.14
0.5
0
0
0
0
0
0
0.06
0.09
0.06
0.47
0
0
0.01
0.02
0.89
0.32
1.33
2.63
1.1
2.9
0.52
0
0
0
0
0.17
0.36
0.69
1.93
2.53
3.37
5
1.2
0.75
4.44
4.21
1.42
0.12
0.46
0.03
0.02
1.39
0.81
0.16
1.18
6.95
4.42
6.86
8.24
8.43
0.91
0.5
4.31
1.51
0.42
0
0.03
0.17
1.1
2.41
8.7
1.67
0.53
0
0
0
0
0
0
0
0
4.5
5.75
0.59
1.82
5.62
1.22
0
0
0
0
0
0
0.34
3.16
4.42
1.55
0
1.31
1.38
0
0
0.16
0
0
0.37
11.94
3.1
0.04
0.16
0
0.01
0
0
0
0
4.54
0
0
0
0
0
0
0
0.01
0
0
0
0
0
0
0
0
0
0
0
0
0
0
0
0
0.06
0.03
0.03
0
0.29
0
0
0.16
2.02
0
0.01
0
0
0
0
0
0
0
0
0.11
1.85
0
0
0
0
0
0
0
0
0.02
0.79
0
0
1.52
0
4.67
0.39
0.02
0
0
0
0
0
0.12
0
2.16
0.02
0.01
32.23
20.09
7.82
0
0
0.13
0.02
0
3.23
0.64
5.45
1.85
0.8
1.33
5.61
3.08
2.88
4.13
20.2
4.8
8.71
0.44
1.86
0.6
0.1
1.13
1.06
0.1
0
0
0.03
0
0
0
3.06
5.13
16.64
4.1
0.53
0.3
4.03
1.64
2.02
1.8
1.32
5.21
2.86
0.98
0.42
0
0.41
0
0.01
0
0.01
0
0
0
0
0
0
0
0
0.16
0.01
0
0
0
1.7
0.34
2.57
0.32
0.03
0.1
0.16
0.13
0.33
0.01
0.09
0
0
0
0
0.51
0.72
0
0
0
0.2
0.11
0
0.04
0.01
0.2
1.52
3.77
3.45
1.42
0.48
0.11
0.08
0.02
0
0.21
3.02
1.3
5.55
6.09
1.43
2.66
6.12
2.91
0.55
0.16
0
0
0.22
0.16
0.21
0.16
0
0
0
0.2
0.09
0
0.1
0.11
0
0
0
0
0
0.08
0.87
3.59
2.89
0.99
0.28
1.03
0.2
0
0
0
0
0.07
0.4
0.13
0
1.27
0.7
0.85
0.81
0
1.96
0.39
0
0
0.21
2.13
7.25
1.12
0.62
0.01
0
0
0
0
0
0.01
0
0.73
0.04
0
0.13
0
0
0
0
0
0
0.04
0
0
0
0.18
0.78
0.01
0
0
0
0.01
0.16
1.18
0.04
0
0
0
0
0
0
2.02
0.22
0
0
0.98
6.36
2.41
0.19
0.7
5.77
3.59
0.76
0.08
2.02
3.35
0.25
0
0
0.07
0
0
0
0.31
2.4
0.28
0.21
1.28
19.11
3.27
0.06
0
0.04
0.02
1.82
0.02
3.66
0.73
0.1
0
2.4
0.16
0.49
0.02
0
0
0
0
0
0
0
0
0.01
0.26
0
0
0
0
0.05
2.25
0.72
0
0.16
0
0
0
0
0.04
0.09
0.04
0
0.1
0
0
0
0
0
0
0
0
0
0
0
0
0
0
0
0
0
0
0
0
0
0
0
0
0
0.02
0.02
0
0
0
0
0
0
0
0.02
0.06
0
0
0
2.59
0
0
0
0
0.02
0
0
0
0
0
0
0
0
0.2
0.24
0
0
0.01
0
0
0
0.09
0
0
0
0
0
0.16
0
0.01
0
0
0
0
0
0
0.01
0
0
0.01
0
0
0
0.01
0.04
0.14
0
0
0.1
0
0
0.88
3.98
3.79
5.09
7.57
1.3
0
0
6.26
5.68
3.19
4.74
5.04
2.27
0.71
1.8
3.01
0.64
0
0.05
9.08
2.9
0.93
0.24
0.25
9.92
10.45
4.26
2.23
4.99
5.45
2.41
0.58
2.11
0.12
0.02
0.89
0.05
7.24
1.21
0
0
0
0.16
0.22
7.4
4.89
1.2
8.27
3.07
1.46
1.11
0.38
0.68
6.25
0.15
0.03
0
0
0.02
0
0
0
0.03
0
0
0.04
0
0.01
0
0.04
0.03
0
0
0.02
0
0.02
0.08
0
1.24
0.07
0
0
0
0.05
0
0
0
0
0
1.18
1.05
0.25
1.59
1.2
0
0
0
0
0.09
0.07
0.36
0.25
13.41
2.32
0.66
0.01
0.66
0.86
1.42
0.16
0.46
0.06
0
0.08
0.16
0.15
0
0.02
0.38
1.69
6.2
0.23
0.2
0.01
0.02
0.74
0.59
0.05
0.48
0.02
0.01
0.23
0
0
0.04
0
0
0
0
0
0.01
0.39
0.15
0.09
0.64
3.84
1.45
1.1
0.6
0.02
2.39
0.25
0.05
0.24
1.41
0
0
0.14
1.26
2.21
0
0
0
0.29
2.31
1.26
3.8
0.06
0.09
0.06
0
0
0
0.6
0.1
0
0
0
0
0
0
0
0
0
0
0
0
0
0
0
0.01
0
0
0
0
0
0
0
0
0
0
0
0
0
0
0
0
0.01
0
0
0
0
2.19
2.73
1.66
10.15
9.21
0.45
0.16
1.16
0.05
0
0
0.11
8.89
3.13
0.5
0.96
1.38
3.46
7.71
6.43
6.94
10.9
2.45
0.09
3.98
1.27
4.7
1.05
3.19
0
0
0
0
0
0
0
1.27
0
0
0
0.04
0
0.01
1.63
0.46
0.01
0.04
1.32
2.4
4.55
11.84
2.42
0.02
0
0
0.02
4.16
5.91
1.69
0
0.23
0.13
0.16
0.63
0.15
15.78
2.54
0.37
3.23
1.55
1.63
0
0
0.43
0.39
0.37
0.01
0.01
0
0.16
0.62
12.38
5.14
0
0.01
0
0
0
0.24
0
0
0
0
0
0
0.13
0
0
0
0
0.02
8.36
0.46
0
0.03
0.01
0
0
0
0.03
0
20.54
14.4
0.74
0
0.01
0
0.02
0
0.3
0.09
1.24
3.92
6.89
1.88
19.92
2.5
0.01
0
0
0
0
0
0.02
0
0.69
1.43
5.43
0.44
0
0
0
0.18
0.37
0.01
0.06
0.21
0
0
0.04
0
9.17
0.58
0.13
0
0.01
0
0
0
0
0
0
0
0.02
0
0
0.27
0.94
2.15
0
0
0
0
0
0.43
0
0
4.67
1.12
0
0
0.02
0.02
0
0
0
0.04
0.02
0.2
0
0.02
0.14
0
0
0.02
0
0.02
0
0
0
0
0
0
0.2
2.13
7.18
1.17
0.17
0.34
1.63
4.29
5.54
16.86
1.19
0.17
3.86
6.27
0.61
0.05
0.39
0.47
0.36
0.23
0.02
1.26
0.14
0.97
1.9
15.44
2.16
1.38
2.23
0.75
0.27
0
0.19
0.05
0
0.34
6.91
0.8
0.28
0
0.22
0.09
0.29
3.15
1.09
3.2
9.05
9.15
4.99
2.14
3.45
15.25
3.91
1.17
0.68
0.02
6.54
1.92
10.2
3.02
2.46
9.01
3.64
4.72
0.67
0.3
0
0.63
0.77
0.01
0.17
1.11
1.43
2.93
4.96
3.93
3.14
0.73
0.57
1.58
4.99
0.84
0.13
2.49
6.54
1.17
0
0.2
6
2.95
0.29
0.31
0
0
0.01
0.52
3.26
1.53
0.1
0
0.33
0.39
0.3
1.5
0.21
0.15
0
0
0.02
11.43
1.15
0.84
0
0
0
0
0
0
0
0
0.01
0
0
0
0
1.34
1.54
0.27
0
0
0
0.67
0
0
0
0
0
0
1.59
0.43
0
1.57
3.43
4.76
6.57
0.37
0
0
0.06
8.81
1.34
0.2
0
0
0
0.01
1.55
0.03
0.45
3.88
0.56
0
0
0
0.11
0.37
0
0
0.01
0
0.1
5.21
1.27
1.93
2.17
0.56
0.09
0.11
3.71
9.35
3.43
10.23
6.25
15.74
7.54
0.33
0
0
0.05
1.54
4.64
4.46
1.66
0.01
0.27
0
0
0
0
0
0
0.82
0
0
6.81
5.02
0.59
0.01
0.01
0.01
0
0.27
0
0.57
0.94
0.24
0
0
0
0.56
0.09
2.62
13.11
14.97
1.88
0.02
0
0
0
0.01
0
0
0
0
0
0
0
0
0
0
0
1.32
0
0
0
0
0.02
0.02
0
0
0.01
0
0.01
0.02
0
0
0.01
0.05
1.06
3.96
22.91
1.61
0.32
0
0
0
0
0.11
1.06
0
0
0
5.2
1.92
0
0
0
0
4.27
20.2
0.27
0.11
0.02
3.71
0.77
0
0
0
0
0
0.01
0.11
1.36
0
0.18
0
0
0
0
0.39
3.65
0.09
0
0
3.29
0.25
0.3
4.47
0.95
0
0
0
0.07
0.26
0.23
0
3.53
7.66
2.23
0.09
0
0
0
0
0
0
0
0
0
0
0
0
0
0
0
0
0
0
0
1.65
0.15
0
0.02
0
0.01
0
0.04
0
0
0
0
0
0
0
0.01
0
0
0
0
0
0.43
3.16
0.77
0
0
0
0
10.53
32.84
6.08
3.2
1.64
1.07
10.12
8.27
1.23
3.3
1.43
0.29
0.84
0.67
0.08
2.17
0.19
0.18
0.02
0.03
0
0.02
0
1.55
10.02
6.68
0.25
14.41
5.43
0.99
1.64
2.37
9.04
9.05
1.57
0.22
0.04
0.5
2.71
3.45
1.92
1.52
1.09
4.29
1.64
3.55
0.28
0.01
0
8.2
6.03
12.41
8.07
3.47
2.61
0.32
9.89
0.91
5.17
7.61
1.49
0.53
0.02
0.67
0.54
0
2.27
1.86
2.41
3.1
8.51
6.58
1.05
2.18
1.59
1.01
0.7
0.63
0.62
2.1
0.05
0
0
0.12
2.87
0.34
0
0
0
0
0
0
0
0
0
0.02
0.26
0.06
0
0
0
0.15
0
0.07
1.58
0.6
0
0
0
0
0
0
0
0
0
0
0
0
0
0
0
0
0
0
0
0
0.01
0
0
0
0
0
0
0
0.02
0.52
0
0
0
0
0
0
0
0
0.23
0
0
0.1
0.33
0.09
0
0
0
0
0
0
0
0.13
8.73
9.76
5.02
9.12
1.22
0
0
0.13
1.53
0.54
3.81
0.09
0
0
0
0.44
1.21
0.74
2.45
0.78
1.55
0.08
0
0
0
3.85
15.8
0.98
4.71
20.15
5.15
0.49
0.01
0.06
0
0
2.04
1.19
2.41
2.34
10.51
4.25
6.48
5.08
9.83
13.97
3.64
0.92
8.81
1.61
0.02
0
0
0
0.01
0.01
0
0.01
0.01
0
0
1.55
0.83
0.81
0
0
0
0
0
0
0.06
0.17
2.38
1.62
0
5.84
5.49
1.07
0
0
0
1.57
1.49
3.86
0.48
0
0
0
4.83
0.25
9.33
0
0
0
0
3.23
2.66
20.3
1.36
0
0
0
4.91
0.08
18.35
0.01
0.07
0
0.35
0
3.22
0.47
0
0.28
0.06
13.66
0
0.01
0
0
4.62
6.98
7.75
0
0
0
0.61
0.75
0
6.37
8.15
4.08
4.01
0.45
0.08
0
0.05
0
0
0.01
0
0
0.66
1.36
2.84
0.17
0
0
0
1.79
7.98
4.68
1.59
0
0
0.05
0.94
0
0.76
0
5.52
3
1.68
0
0.17
0.16
0
0
0
0
0
1.51
0.46
0
0
0
0
0
0.01
0
0
0
0
0
0
0.04
0.19
0.34
4.73
1.07
0.01
0.45
0.13
3.29
5.79
0.44
0.09
0
0.01
4.98
1.89
1.35
8.23
5.45
2.95
4.11
0.66
3.78
7.11
1.13
1.96
0.2
0
0
0.74
5.01
1.08
0.6
7.56
4.98
0.38
0.89
0.57
0.11
0.04
0.3
1.63
2.24
0.93
1.27
0.64
11.68
2.08
0
1.73
0.03
0.71
0
0.73
4.63
0.66
0.04
2.31
7.24
10.25
2.53
4.44
0.73
1.64
5.95
1.21
0
0.57
0.52
0.49
0.16
0.28
1.7
14.48
2.04
0.25
0.29
0.24
0
0
0
0
0
0
0.24
2.01
3.89
0.23
0
0.01
0
0.01
0
0
0
0
1.09
1.93
1.02
0.98
0.15
0.45
7.06
2.19
1.6
0.64
1.92
1.09
1.34
0.44
0
0
0.68
0.03
0
0.01
0
0
0
0
0
0
0
0.01
0.15
2.05
0.04
0
0
0
0
0
0
0
0
0
0
0
0
0
0
0
0.02
0.63
0.09
0
0
0
0
0
0
0
0.34
0
0.6
7.99
0.34
0.07
0
0.61
0.01
4.29
0.87
1.13
0.12
0
3.51
1.11
3.76
0.05
1.3
0.26
3.74
3.79
1.66
0.12
0.34
2.27
2.93
3.63
0.49
0
0
0.02
0.65
1.56
0.23
0.23
0
7.53
0.45
4.79
3.96
5.58
4.61
3.48
0.36
0
0
0
0
0
0
0.45
13.41
7.56
5.59
11.43
0.28
0.35
0.13
0.4
4.8
1.86
0
0.44
8.32
7.55
0.91
4.66
10.89
1.38
2.36
0.11
0.82
0.39
0
12.56
8.41
4.17
0.76
0.05
0
0
0
0
0
0
0
0
0.01
0
0
0
0
0
0
0
0
0.04
0
0
0.09
0
0.18
7.91
0
0
0
0
0
0.01
0
0
0
0
0.05
0.43
0
0
0.01
0
0.03
0
0
0
0
0
0
0.02
0
0
0
0
0
0
8.11
1.56
0.4
0
0
0
0
0
0
0
0.14
1.37
1.76
0.39
6.71
0.35
7.59
0
3.18
0.16
0.03
0
0
0
0.01
1.78
14.64
0.84
0
0
0.18
0.11
0
0
0
0
0
0.16
0
0
0
0.77
0.05
0
0.02
0
0
0
0.01
0.32
0
0.24
6.45
0.31
8.43
3.59
0.49
0.56
0.99
2.27
1.03
0.64
0.14
0.82
5.18
16.17
3.45
0.41
1.74
2.21
1.09
0.05
0
0
0
0
0
0.04
0
0
0
0
0
0
0
8.6
1.32
0
0
0
0
0
0
0.09
13.95
13.62
0.98
0
0
0
0
0
0
0
0.01
0
0
0
0
0
0
0
0
0
0
0.23
1.18
0.5
0
0
0.67
0.8
0.91
0.84
5.08
1.14
0
0.02
0
0
0.1
1.11
0.91
0.08
0
0
0
0
0
0
0
1.66
0.33
0
0
0.09
0
0
0
0
0.75
2.91
0.14
0.62
0
0.05
0
0
0
0
0.27
8.99
2.48
0.06
0
0
0
0
1.88
5.33
1
0
0
0
0.37
0.28
0
0
0.01
0
0
0
0
0
0
0.01
0
0
0
0
0.01
0
5.61
1.28
0.23
0
0
0
0
0
0
0
0
0
0
0
0.25
9.08
2.59
1.01
4.54
1.19
0.01
0
2.15
0.45
0.11
0.03
0.24
0
0
0.03
6.45
4.74
2.13
5.59
1.11
0.09
0.14
0
0
0
0
0
0.18
5.75
3.78
3.22
2.26
0.46
0.02
0
0
0.08
0
0
0
0
0
0.03
0.01
0
0
0.01
0
0.28
7.01
3.75
6.76
0.52
0.04
0.03
0.78
0.07
0
0.05
0
2.8
0.51
9
13.09
0.84
0.73
1.55
1.17
3.45
0
0.18
3.66
2.02
0.05
0
0
0
0
0
0.05
0
0.66
2.46
6.21
6.91
1.24
0
0
0.01
0
0.01
0
0.01
0.01
0
1.98
2.12
11.89
1.07
0
0
0.6
0
0
1.39
13.38
4.25
1.79
2.1
4.76
0.08
0
2.18
12.83
0
1.26
0
0.17
0.59
8.33
1.9
0.19
0.01
0
0
0
0
0
0.07
0
0.54
0.22
0
0
0.05
0
0
0.09
4.51
0
0
0
0.22
1.23
4.56
0.09
0
0
0
0
0
0.23
17.01
8.65
2.3
0
2.84
12.66
0
0
0
0
0
0.18
1.63
0
0
0
0
0.01
0
0
0
0
0
0
7.86
0.02
0
0
0.02
0.29
0.02
0.15
0.01
0
0
0.07
7.23
2.88
0.16
0
16
7.62
6.86
0.41
0.02
0
0
0
0.43
21.51
11.57
2.41
0
0
1.94
11.06
1.25
2.7
0.03
0.01
0.59
3.47
0
0
0
0.02
0
0
0.02
0
0.25
0
0.46
3.24
0.07
0
0.3
0
6
1.09
0
0.02
0
2.07
3.24
2.42
5.34
1.77
11.16
17.26
4.71
0.29
0.58
0.08
0
0.17
0.21
0
0.75
0.14
0.01
0.49
0.11
0.25
0.07
0
0
0.16
10.03
12.68
1.66
5.04
3.48
0.15
2.04
0
0.02
2.59
1.14
0.1
0
0
0
0
0
0.01
0
0
0
0
0.1
0.77
0.05
0
0
0
0.75
0.05
0.33
0.57
0.3
5.96
0.76
0.01
0.64
0.7
1.03
0.3
0
0
0
0.03
0.32
0.13
3.26
0.38
3.61
0.3
0
0
0
0.01
0.12
0
0.11
0.01
0
2.95
0.13
0
0
0.15
10.46
0.9
0
0
0
0
0.03
0.02
0
0
0
0
0
0.12
0
0
0
0
0.38
0.02
0
0
0
0
0
0
0
0
0.01
0.01
0
0
0
0
0.01
0
0
0
0
0.01
0.05
0
0
0
0
0
0
0
0.02
0
0
0
0
0
0
0
0
0
0
0
0
0
0
0.3
0
0
3.74
1.65
6.16
2.47
0.43
1.55
0.8
1.05
1.5
0.54
4.52
2.7
0.24
1.62
3.39
1.88
0.69
0
1.01
8.44
1.55
4.78
0.23
0.14
1.01
5.4
10.32
4.2
3.05
7.78
1.62
0
0
4.2
0.18
0.05
0.2
2.66
2.33
0.64
1.29
0.02
0.11
0
0.79
1.14
1.73
3.68
8.73
6.78
6.74
1.33
0.23
1.7
0
0
0.57
0
10.71
0.51
1.33
2.59
17.09
1.65
1.37
2.26
0.16
4.11
0.3
2.27
0
0.63
0
0
0.03
3.21
20.97
0.28
0.96
0
0.01
7.39
4.58
0
0.01
0
0
0
0.02
0
0
0
0
0
0
0.01
0.01
0
5.68
0
0
0
0
0
0
0.05
0
0
0
0
0
0
2.16
0.03
0
0
0
0
2.45
5.27
0
0
0
0
0
0.02
0.01
0.03
0.01
0
0
0
0.01
0
0.02
0
0
0
0
0
0
0
0
0
0.18
0
0.01
0
0
0
0
0
0.05
0.01
0
0
0.18
0.32
3.18
0.78
0
0.05
0.93
0.17
0
0
0
0
0.7
0
0
0
0
0.01
0.28
2.31
0.69
0
0
0
0
0.04
0.67
5.14
1.01
0
1.11
0.04
0.11
0.72
2.16
0.98
1.78
1.13
0.21
0.62
0.11
0
0
0.01
0
0
0
0
2.7
14.05
1.5
1.78
4.84
5.7
0.98
0
0
0.41
12.04
5.22
6.62
9.2
2.37
3.11
0.21
0
0.01
0
5.81
0.21
0.64
2.2
0.58
2.69
8.19
2.52
0.81
0.04
0.01
0
0.06
3.24
2.57
0.16
0.02
0.02
0.05
0
0
0.07
0
8.38
2.95
2.52
0.3
0.8
0.02
0.4
2.02
0.38
4.24
2.54
0.63
0.34
2.66
2.86
1.99
1.02
0.16
0.05
0
0.03
0.09
1.89
0.05
0
0
0.01
0
0.21
1.23
7.52
2.73
4.42
4.73
5.34
1.77
3.48
9.64
2.2
0.28
3.21
2.92
1.78
1.1
3.54
2.3
0.27
0.03
1.45
1.61
0.7
0.69
0.3
0.27
4.36
2.35
0.53
3.01
0.24
0.16
0.04
0.46
1.05
5.68
3.69
13.96
4.45
4.3
1.07
0.11
0
0
0
0
0.35
0.01
0.08
6.08
2.99
0.29
0.14
0.01
0.13
0.03
1.82
1
0
0.01
0.16
0
0
0
0
0
0.01
0
0.25
0.83
0.48
7.69
10.31
4.35
9.11
0.55
1.64
9.94
3.61
0.3
0.75
0
5.78
0
0.09
0
2.13
0
0
0.02
0.02
0.01
0
0
0.57
0.63
1.51
0
0.23
0.84
0
0
0
0
0
0.02
0
0.05
0.01
0
0
0
0
0
0
0
0.08
0.03
4.26
0.53
0
0
0
0
0
0
0.08
0
0.52
0.05
1.09
4.37
6.28
1.75
0.73
3.34
0.15
0.43
0.02
0.46
0.81
0.07
0
0.01
0
1.17
0.3
0.36
0.22
0.98
0.27
0
1.83
3.1
2.32
5.17
0.15
0.37
0
0
0
0
0
0
0
0.02
0
0
0
0
0.01
5.16
2.26
0.07
0
0.01
0
0.01
0
0
0
0
0
0
0
0
0
0
0
0
0
0
0
0.08
1.17
0.9
0.1
0.01
0.39
0
0
0.55
0.08
0
0
0
1.68
1.06
0
0
0.91
0.08
0
0.11
0
0
0
0
0.02
0.32
9
1.16
0
0
0
0
0
0.03
0
0
0
0
0
0
0.05
3.85
6.07
0.31
0.91
0.02
0
0
0
0
0
0
0
0.07
0.36
0
0
0
0
0
0
0
0
6.6
0.39
0.02
0
0
0.01
0.01
0
0
0
0
0
0
0
0
0
0.5
0
7.56
9.69
6.47
3.4
0.29
0.01
0.13
5.63
0
1.02
0
0
0.18
0.01
0
3.98
1.86
5.34
2.54
0.41
0
2.77
0.54
0
0
0.23
7.3
3.53
4.78
2.91
0.36
1.7
0
0
0
0
0
0
0
0
0
0
0.89
0.82
0
0.02
0.01
0.04
0.29
0.6
0
0
0.09
0.36
0.39
3.31
0.6
0.38
0
0
0
0
0
0
0
0
0.02
0
0
0
0
0
0
0.16
0.07
0.08
0
0
0
0.01
0.01
0
0
0.03
0.02
0.91
0.34
0.02
0.01
0
0
0.11
0.24
5.35
0.7
0
0
0
0
0.03
0.79
1.72
2.44
1.92
2.4
0.38
0.1
0.01
0
0.05
0
0.08
0.01
1.18
1.41
0.47
1.91
1
0.26
0.3
0.01
0.36
0.88
1.27
5.66
0.33
0.12
0
0
0.01
0
0
0.03
0
0.02
0.43
0.23
5.52
0.84
0.1
0.12
0.07
0
0
0
0
0
0
0.23
0
0
0
0.01
0.01
0
0
0.09
0
0.01
1.1
1.04
1.71
0.87
7.94
4.51
2.65
0.57
0.2
0
0
0
0
0.02
4.2
4.63
5.83
5.59
0.51
0
0
0.08
0
0
0.01
0
0
0
0.27
2.24
0.34
0
0.06
0
2.07
4.45
1.39
3.73
1.19
0.93
0.47
0.34
10.17
24.46
3.77
0.74
0.63
3.75
0.41
0.06
1.94
0.64
0
0
0
0
0
0
0
0
0
0
0
0.82
4.29
2.38
0
3.02
6.28
15.24
24.21
3.95
0.27
0.06
0.05
4.76
0
0
0
0.16
0
0
0
0.17
2.46
0.86
0
0
0
0
0
0
0
1.71
0.41
0
10.25
9.92
15.7
7.39
8.73
2.47
0.3
0
0
0.1
0
0
0
0.01
0
0.37
0.32
0
0.19
0
0
0.02
0.59
0.08
0
0
0.61
19.54
2.48
0.09
0
0
0.01
0
0
1.88
0.02
0
0
1
0
0.3
0
0
0
0.01
0.02
0
0
0
1.98
0.26
0.27
0.22
0.02
0
0.34
0.2
0
0.05
0
0
0
0.03
0
1.75
0.66
4.36
2.32
0.02
0
0
0.22
8.21
0.76
0.04
9.61
0.8
0
7.95
1.63
17.64
6.24
4.99
3.46
3.06
0.59
0
0
0
3.71
0.17
0.24
0
0
0
0.18
0.11
0
0
0
0
0
0.16
5.98
3.34
2.12
0.95
0.71
7.47
1.88
0.87
0
0
0
0
0
0.22
0
1.54
4.91
3.84
0.33
0
0
0
0.38
9.09
14.71
31.29
2.92
3.5
0
0.05
0
0.5
0.1
0
0.15
1.27
8
1.28
0.23
0.05
0
0
0
0
0.18
4.23
0.67
0
0.16
0
0
0.02
0
0
0
0.01
0
0
0.16
5.71
4.92
2.84
2.38
0
0.41
3.67
0.81
4.95
6.34
2.41
2.2
0
0.8
0.78
2.16
1.5
0.95
7.76
1.64
0
0.11
0.79
0
0
0.69
2.02
2.55
1.05
0.14
1.02
0.33
0.06
0.78
1.7
1.9
14.7
0.46
0
0
0.15
0.16
0.47
1.79
2.91
0.3
0.1
2.18
1.16
0.42
4.25
0.84
1.82
7.04
1.86
4.6
0.62
1.15
0.4
0.01
0
0
0.08
0.01
0
0.01
1.72
4.04
5.84
2.78
5.54
0.72
0
0
0.02
0.11
0.05
1.84
1.96
0.82
0.8
1.28
0.41
1.75
0.3
0
0
0
0.06
0
0.3
0.09
0
0.29
0.23
0.03
0.16
2.1
2.39
1.63
0.12
1.23
1.76
6.27
12.76
6.08
0.69
0
0.01
0.01
0.74
0.28
2.91
0.19
0.34
0
0.22
0
0.11
0
0.41
1.77
2.64
0.32
0
0.24
0
0.55
0
0.41
0.23
0.14
0.64
1.81
4.64
3.02
4.79
18.2
1.33
0.85
0.07
1.01
0
0.84
0.11
0.98
0
1.14
0.92
0.59
0.38
2.66
2.98
12.13
1.03
1.78
1.31
5.59
1.33
0.03
0
0.04
0
0.02
1.79
0.05
0
0.35
0.13
0
0
0
1.66
11.49
43.43
13.72
4.04
0.07
0.05
0.27
0.03
0.01
0
11.71
16.13
0
0
0
0
0
0
0.23
3.38
0
0
0
0
0
0.24
1.05
7.66
0.64
0.38
5.21
2.16
0.41
0.25
1.59
0
0.05
2.72
0
0
0.1
10.64
3.76
0.72
0
0
0
0
0
0
0
0.03
0.01
0.03
0
0.04
0
0
0
0
0
0.62
0.24
0
0
0.02
0
0
0.17
0.01
0.86
0
0
0
0
0
0.01
0
0
0
0
0
0
0
0
0.01
0.61
0
0
0
0
0.12
0
0
0
0.04
0.67
0.11
0
0
0
0.02
0.45
0
8.28
0
0
0.05
1.57
21.85
2.24
0.07
0
0
0
0.55
0
0
0.13
0.93
4.65
8.98
15.5
0.35
7.09
0.75
0.06
0
0
0
0
0
0
0.08
0
0
0
0
0.09
1.46
2.29
0.09
0.02
0.01
0.38
0.84
9.55
4.91
4.02
0.58
2.13
0.19
0
0
0
0
0
0
0
0.66
0.86
7.81
0.69
0.02
4.51
3.41
8.64
4.82
0.13
4.38
0.08
0.02
0.37
5.3
2.44
2.16
9.26
4.91
9.47
10.71
1.76
0
0
0.09
0.94
0
0.01
9.52
1.27
1.15
0.26
0.16
0
0.22
9.49
18.14
0
0
0
0
0
0.09
1.65
0.31
0.03
5.17
0.36
0.01
0.73
1.81
2.9
0
0.02
0.52
0.76
1.04
0.23
0
0.02
0
0.15
0.23
0.03
0
0
0.19
0.29
1.05
0.32
0.2
0.01
0.16
0
0
0
0
3.28
0.09
0.85
0.15
0.07
0.18
0.02
0.09
0
0
0
0
0.55
0
0
0
0
0
0.31
0.18
0
0.99
0.05
0
1.86
0.01
0
0.09
0.21
0.39
2.5
6.74
1.07
0.05
3
1.06
0.09
0
0
0
0
0
0
0
0
0
0
0
0
1
0
1.41
0
0
0.7
2.06
2.69
2.07
1.42
8.63
6.62
2.9
3.49
3.68
0.66
0.03
0
0.55
0
0.1
0.14
0.82
0
1.68
2.8
1.87
13.04
1.56
0.23
0
0
0.12
2.19
0
0
0
0
1.07
0
0.27
1.1
15.04
7.82
9.84
10.98
1.84
2.54
0.99
0.09
0
0.01
0.34
0.09
0.34
0.19
0.02
0.2
0.05
2.79
0
13.92
18.49
0.87
3.02
0
0
3.23
4.29
0.72
0
1.54
0
6.05
16.79
12.01
1.77
1.77
15.98
6.63
7.14
7.77
2.44
1.67
2.45
0
10.74
14.85
0.19
0
0
0
0.2
0.3
0.05
0.34
0
1.32
7.58
1.38
2.86
0.29
1.71
10.98
1.79
4.42
1.95
0
0
0.02
0
0
0
4.25
7.12
2.43
1.28
2.56
0.94
6.26
2.09
0
0
0
0.2
3.6
2.16
0.09
0.01
0
0
0.02
0.2
0.06
2.7
0
1.05
0
0
0
0
0
8.3
9.09
1.2
0
0.01
0
0
0
0
0
0.26
14.58
1.5
0
0
0
0
0
0
0.06
0
0
0
2.8
0.22
0
0
8.07
5.11
0.27
1.05
0
0.11
0.91
0
0.57
0.01
0
0
0
0
0
0.04
0.05
0
0.55
0.51
0
0
0
0
0
0
0.01
0.07
0.21
0.26
0.54
1.72
10.89
18.98
5.01
0
0
0.07
0
0.01
0.04
0
0.02
0.21
0
0.05
0.05
0
0
0
0
0
0
0
0
0
0
0
0
0
0
0
0
0
0.05
0
0.08
0
0.02
0
0.09
0.17
0.16
0
0.01
0
0.02
0
0.7
2.68
4.02
0.97
0.35
0.08
0
13.34
5.07
3
6.99
2.52
0.83
3.13
2.73
0.51
0.37
17.39
1.17
0
0.31
0
0.08
0.77
0.03
0
0
0
0
0
0
0
0
0
0
0
0
0
0
0
0
8.83
1.33
3.02
14.77
1.66
5.59
0.61
0.79
0.02
0
0.04
0.21
0.06
0
0.1
0
0
0
0
0
0
0
0.01
0.02
0
0
0.14
2.59
4.7
0.07
0.26
0
0
0
0.01
0
0
0
0
0.02
0.39
0
0
0
0
0
0
0
0
0
0.03
0.2
0.11
0
0
0
0
0.45
0.78
0.6
0.02
0.27
0.13
0
0
0
0.52
0
0.02
0.17
0.61
0.02
0.08
0.03
0
0
0
0.11
0.44
1.75
0
0
0.38
0
0.99
1.37
4.7
2.2
0.36
0
0.1
0
1.04
0.02
0.02
0.28
0.07
0.23
0.86
0
0.02
0
0
0
0
0.02
0.61
0.57
0.16
0
0.66
0
0.02
0.96
0.28
1.18
0.77
0.77
3.44
0.37
0.82
0
0
0
5.84
4.58
2.77
2.13
1.68
0.18
0.14
1.81
0.2
0
0
0
0
2.24
2.43
1.34
0.11
0.17
0
0
0
0.01
0.09
0.74
0.01
0
0
0
0
0
0
0.02
0.01
0
0
0
0
0
0.83
0.16
2.23
0
3.52
0.24
0.55
11.66
9.59
2.45
0
0
0
0.01
0
0
0
0
0
0.04
0.2
3.43
4.07
0.5
2.85
0.02
0
0
0
0
0
0
2.01
0.09
4.09
0.02
0
0
0
0
0
0.02
11.11
7.98
6.92
13.6
1.48
0
2.33
8.25
0.62
0.14
0
0
0.02
0
0.05
0
0
0.06
0
0.06
0
0
0.01
0
0
0
0
0
0
0.01
0
0
0
0
0
0
0.02
0.01
0.03
0
0.01
4.05
0.3
0
0
0
0
0
0
0.01
0
2.56
0
0
0
0
0
1.41
0.51
0
0.2
0.72
0
0
0
0
0
0
0
0
0
0
0
3.07
0.52
0
0
0
6.32
26.26
12.09
1.53
0.11
0.01
0
0
0
0
4.74
1.75
0
0
0
0.02
0
0
0.03
1.16
0.18
0
0
0
0
0.01
0
0
0
0
0
0
0
0.49
0.83
0.5
1.17
0.14
5.5
0.93
0.13
4.3
3.22
0.48
1.52
0.21
9.3
0.49
0.07
0
0.13
0.07
6.28
0.06
1.38
0.66
0
0
0
0
0
0.09
0.2
5.66
6.73
0.46
0.06
3.67
10.3
29.27
3.42
1.82
1.28
0.08
0.07
0
0
0
1.68
0.27
1.96
0.33
0.05
0.01
0.65
0
4.98
19.88
0.57
2.71
0.56
0.26
0.11
0.37
0.06
0.01
0
0
0
0
0
0
0
0
0
0
0
0
0
0
0
8.3
5.43
2.94
1.67
0.04
1.02
1.03
0
0.01
0.53
0.18
1.85
5.19
1.83
9.03
0
0
0
0
0.95
0.66
0.55
1.2
0
0
0
0
0
0
0
0
0
0
0
0.06
0.7
0.09
0
0
0.01
0
0
0
0
0
0
0
0
0
0
0
0.11
0.18
0.75
4.45
1.39
2.12
2.18
0.46
5.73
0.26
4.55
8
0.75
1.19
0
1.17
0.91
6.16
1.28
0.31
1.1
0.09
0.23
0
0
0.03
0
0
0
0.35
0.41
2.39
1.65
0.8
2.07
0.41
1.84
0.78
0.05
0
0.91
0.07
0
0
0
0
0
0
0
0
0.75
0.46
0
0
0.02
0.02
0
0
4.98
1.62
0.55
2.32
1.45
0.08
0.43
12.12
4.18
1.49
0
0
0
0
0
0
0
0
0
0.91
0.27
0
5.28
1.37
0
0.13
1.1
0.99
2.6
0.48
0
0.05
0.03
0.48
0.1
0
0
0
0.01
0
0
0
0
0.01
0.56
0.27
0
0
0
0
0
0
0
0
1.23
1.41
5.95
0.64
0
1.04
0
2.43
10.77
10.85
14.43
5.96
8.07
8.18
0.38
0.78
3.42
11.89
0.89
0.76
4.94
2.88
2.13
2.29
0.7
0
0
0
0.03
0
0
0.02
0
0
0.89
2.36
0.93
1.22
1.61
10.04
3.12
12.18
6.06
0.48
0.02
0
0
0.12
0.85
0.25
0.01
0
0
0
0
0
0
0
0
0
0
0
0
0
0
0
0
0
0
0.01
0
6.34
0
0.03
0
0
0
0
0
0
0
0
0
0
0
0
0
0
0
0
0.32
0
3.57
0.55
0.02
1.21
18.23
14.46
10.98
15.84
1.9
0.05
0
0.02
0
0.6
19.02
0.43
0
0.68
0.14
0
0.01
0
0
0.01
0
1.21
0.14
0.97
0
0.18
0
0.34
0.72
0.32
2.97
0.21
0
0
0.01
0.97
8.88
6.26
5.21
7.93
0.25
2.48
3.2
0
0
0.03
0
0
0
0
0
0.82
4.15
9.26
2.54
0.74
0.17
4.23
3.2
0.82
0
0
0
0
0
0.33
1.84
0.13
0.02
0.18
0.05
0.56
0.16
0.77
0.38
0
0
0.06
0.18
0.01
1.3
0
0
0.32
1.33
7.04
2.73
4.45
0.86
0.2
0.02
0
0.02
0
0
0
0
0.04
0.7
0.01
0.01
0
1
0.84
0.08
0
0
0
0
0
0
0
0
0
0
0
0
0
0
0
0
0
0
0
0
0
0
0.01
0
0
0
0
0.11
1.88
0.45
1.47
2.97
1.1
0.02
0.4
1.96
1.3
0.4
0.34
1.34
4.54
6.69
0.7
0
1.97
9.9
1.38
0.6
2.14
1.91
0.32
2.92
0.57
2.57
3.43
5.18
1.05
5.42
1.09
0
4.24
0.26
2.16
0
0
0.52
0
0.01
0
0.02
0
0.93
3.27
0.41
0
0
0
0
0.07
0.01
0.02
2.73
0.1
0.44
0.46
2.69
0.66
0.02
0.13
0
0.18
1.23
22.05
7.88
1.17
2.55
10.88
12.66
7.46
2.09
1.96
2.46
6.3
5.83
1.93
0
0.12
1.82
13.34
2.63
2.11
0.08
2.9
0.88
0.44
0.38
0
0
1.12
0
1.38
4.09
6.29
0.21
6.77
3.86
3.21
3.08
6.34
8.02
4.48
0.48
1.33
0
1.66
0
0.01
0.02
1.03
5.05
1.57
0.05
0
1.62
4.48
9.55
5.53
3.07
2.8
14.04
3.04
5.83
6.36
1.4
0.35
0.01
0
0
0
0
0
3.41
2.82
0.11
0.71
0.02
5.22
0.73
0
0
0
2.53
1.2
4.51
0.98
1.37
0.05
0.06
0
0
0
0.02
0
0
0
0
0
0
0
0
0
0
0
0
1.64
0
0
0
0
0.02
0
0
0
0
0
0
0
0
0
0
0
0
0
0
0
0
0
0
0
0
0
0
0
2.13
2.48
0.49
0.01
0
0
0
1.98
0
0
0
0
0
0
0
0
0
0
0.49
0.39
1.55
0.67
0.39
0.33
0.06
0
0
0
0
0
0
0
0
0
0
0.07
0
0
0.77
1.05
0.41
0.38
0
0.26
0
0
1.42
5.05
1.61
0
0
0.01
0
0.01
2.29
0.38
0
0.16
0.63
2.05
10.9
3.78
2.45
0.52
0
0.07
3.46
0.42
0.02
0
0
0
0
0
0
0
0.52
0
0.06
2.86
0.55
0
0.01
0
0
0
0
0
0
0
0
0
0
0
0
0
0
0
0
0
0
0
0
0
0.08
0
1.35
4.95
0.28
1.84
0.45
0
0
0
0
0
0
0.66
0.1
0.04
0.03
0
0
0
0
0.04
0.01
0
0
0
0
0
0
1.09
2.96
0.63
0.59
4.16
3.61
1.03
0.27
0
0
0.01
0.01
0
0
0
0
0.93
1.79
3.46
0.55
0.02
0
0
0.04
1.34
0.96
4.67
0.4
0.84
0.13
2.6
1.45
0.4
0
0
0.19
0.3
0
0
0
0.01
0
0
0
0
0
0
1.22
1.51
3.17
1.45
0
0
0
0
0.31
0
0
0.01
0.02
0
0.63
0
0.77
1.43
7.85
1.28
0.09
1.04
0.3
3.73
0.37
0.97
0.53
1.43
0.4
0
0
0
1.55
1.19
0.45
0
0.02
0.7
0.25
0
0
0
0.92
0.01
0
0.31
0
0
0.04
0.46
11.11
2.36
0.6
0
1.99
1.35
0
0.05
3.46
0.87
0.32
0.06
0
0.29
0.12
0.01
12.2
5.71
11.71
8.29
0.61
0
6.03
1.76
0.01
7.36
6.93
8.71
9.36
8.01
2.52
4.47
3.1
1.59
0
0
0.01
0
0.01
0
0
0
0
2.48
0.94
2.61
2.54
4.89
32.43
26.8
9.38
4.15
7.43
0.28
1.29
1.89
2.76
12.33
2.47
0.14
3.85
1.72
5.63
0.45
5.59
1.11
0.66
3.44
1.83
4.07
7.94
2.09
7.69
0
2.26
4.4
1.03
0.06
3.9
14.86
3.81
7.72
3.37
0.6
0
0.04
5.96
0
0
0
0
0
0
0
0
0
0
0
0
3.95
0
0
0
0
0
0.05
0
0
0
0
0
0
5.04
0
0.02
0.46
0.21
0
0.34
0
0
0
0
0.26
0
0
0
0
0
0
0
0
0
0
0
0.02
0
0.02
0.05
0
0
0
0
0.01
0
0
0
0.02
0.04
0
0
0
0.64
3.58
2.08
0.16
0.05
0.02
7.89
0.18
0.05
0
0
0
0
0
0
0.16
6.51
0.18
0
1.56
0.54
0.35
0
0
0
0
0
0
0
0
0
4.98
9.15
2.08
0.12
0
0
0.43
0
0
0.88
0
0
0
0
0
0
1.51
1.97
2.11
1.05
10.61
36.21
7.32
2.08
0.83
1.17
8.2
6.85
5.36
2.28
4.43
3.38
0.34
0
2.77
0
11.18
10.32
1.9
5.87
15.2
10.24
11.45
0.73
1.17
0.15
0.09
0.51
0
0.29
0
0
0.24
0
0.72
0.04
0.06
0
0.62
0.15
0
0.01
0
0
0.56
0.56
0.01
0.18
1.73
4.08
0.48
3.45
1.27
0.46
2.7
0.5
0.34
5.74
9.38
2.62
0.58
0.21
0.51
2.45
0.29
0
0
1.07
0
0
0.2
0
0
0.51
0.13
0
0.03
0
0.06
0.04
0.05
0
2.56
0.11
0.9
0.05
0.03
0.66
0.38
1.56
3.67
1.38
0.03
0.14
0.15
0.22
0.07
0
0
0.35
4.81
2.07
0.62
3.25
3.67
0.73
1.71
0.57
1.11
1.32
1.31
1.54
3.24
2.86
3.81
1.42
3.48
1.95
3
1.36
0.48
1.6
1.56
0.01
0.01
0.01
0.58
0
0
0
0
0.01
0
0
0.7
0
0
0.01
0.35
0.04
1.21
2.16
1.13
0.96
5.88
3.5
1.15
0.24
0.2
0.13
0
0
0
0
0
0
0
0
0
0
0
0
0
0
0
0
0
0.23
9.9
3.7
2.17
0.32
1.35
0
0
0.07
0.59
8.85
2.92
0
0.38
13.27
12.13
0.47
0.04
1.81
1.69
3.64
0.24
3.01
1.56
0.27
0
0
0
0.02
0.41
1.12
0.18
0.02
0.38
1.84
0.08
0
0
0.08
0
0.38
0.25
0.69
2.56
0.18
0.11
0.5
0.95
0.16
0
0
0.01
0
0.13
3.21
0.09
0.28
4.16
11.75
0.96
1.22
0
0.06
0.2
0.93
0
0
0.1
0
0
0.09
1.17
0.99
0.18
0.22
0.05
0
0
0
0.05
7.52
1.32
1.59
2.04
0
0
0
0
0.38
0
0.07
0
0
0
0
0.1
0
0
0
0
0
0
0
0.06
3.05
0.62
0
0
0
0
0
0
0
0
0
0
0.08
0
0
0
0
0
0
0
0
0
0
0
0
0
0
0.01
0
0
16.95
13.04
1.13
0
0
0.72
0.3
0
0
0
0
0.01
0
0
0
0
0.03
0.27
0
0
0.04
0.01
0.02
0
0
0
0
0
0.1
0.5
3.78
0
0
0.01
4.92
2.93
1.78
0.95
1.96
2.59
7.28
5.08
0.39
0
0.04
0
0
0
0
0
0
0.42
9.45
4.2
3.36
0.68
0
0
0
0.14
0.1
0.11
0
0
0
0
0
0
0
0
0
0
0
4.33
7.47
2.09
0.03
0
0
0
0
0
0
0
0
0.66
0
0.01
0.06
0.18
3.32
2.29
1.57
0.3
0.02
0
0
0
0.15
0.04
0
0
0
0
0
0.3
0.06
0
0.01
0.13
1.03
0.73
1.68
6.87
0.86
0.14
7.09
3.14
0
0.03
0.71
1.21
0.03
0.46
0
0
0
8.59
4.21
0.74
0.78
2.4
0.93
0.27
0.51
6.87
9.73
14.17
9.63
8.41
3.75
1.23
7.52
19.01
8.98
6.69
2.79
0.22
2.53
4.9
2.14
2.48
10.46
4.43
0.36
2.13
0.34
2.58
5.74
3.2
0.13
2.18
2.3
0.98
1.49
0
0
0.02
2.22
0.21
0.5
0.51
0.29
0.12
0.05
0.54
3.11
0.18
0
0.55
4.59
0.95
0.01
0.04
7.87
2.48
1.19
0.47
0
0
1.18
6.17
3.72
2.81
2.1
0.72
0.2
1.42
6.11
7.52
1.39
7.46
1.48
0.46
0.77
0
4.57
5.25
1.48
5.04
2.54
6.84
2.8
1.86
0.14
0.73
0.09
0.5
0.52
0
0.36
0
0.34
0.05
0.61
3.27
0.66
0.67
9.22
7.42
0.38
0.71
0.39
6.78
0.61
1.36
0.49
0.33
3.49
1.67
0
1
3.1
1.39
0
0
0.23
5.34
5.3
6.19
4.58
6.15
6.8
6.29
0.52
0.07
3.35
11.34
0.46
0.09
0.34
0
0.75
0
0.86
0.26
2.18
6.82
5.34
3.6
0.53
0.16
4.36
3.52
1.2
3.98
4.79
10.47
6.2
2.45
0.13
0
0
0
0
0
1.29
0
2.66
1.75
0.44
0
2.96
0.7
0.02
0.7
0
0
0
0.05
1.51
0
1.07
0.46
0.86
8.64
2.11
3.2
4.65
5.18
6.73
0.84
0.57
0.22
3.18
0
0.01
0
0
0
0.69
3.16
2.66
8.72
0.08
5.87
0.34
0.12
19.75
2.71
0.28
0
0.02
0.05
1.56
0.01
0
0.17
0
0
0
0
0
0.13
0
0.02
0
0.4
0
0.02
0
0
0
0
0.02
0
0
0
0
0
0
0
0
0
0.16
2.91
0.06
3
0.09
0
0.15
0
0
0.12
0.01
0.84
0
0
0
0
0.01
0
0
0
0
0
0
0
0
22.77
5.98
0.22
0
0
0.14
0.05
0
0
0
0
0
0
0
0
4.72
13.58
1.88
0.35
0
0
0
1.74
0.38
0
0
0
0.5
0
0
0
0.31
1.46
0.02
0
0
0
0.49
9.65
0.89
2.27
3.96
0.75
0
0.01
0
0
0
0
0
0
0
0
0.37
0
0
0.28
0.1
1.13
6.86
7
2.21
0.51
0
0.02
0
0.32
1.33
8.27
2.43
0.59
0.13
0
0.08
5.14
0.45
0
0.39
1.28
2.95
4.49
1.38
0.1
0
0.7
0
0
0
0.03
0.46
1.95
3.98
6.52
1.95
0.34
0.96
2.8
2.46
1.27
0.11
0
0
0.07
1.05
0.2
0
0
1.08
0
1.01
1.01
3.48
6.87
5.05
0.55
0
0
0
0
0
0.34
0.38
0.17
0
0.02
0.91
0.84
0.75
0.49
1.75
1.4
1.11
0.05
0
0
0
0
0
0
0.01
0
0
0.01
0
0
0
0.01
0
1.28
4.84
2.73
3.42
1.7
0
0.24
0
0.01
0
0
0
0
0
0
0
0
0.98
1.48
4.41
4.34
2.74
1.04
5.63
0.82
1.09
0.32
0
0
0.06
0.71
1.15
1.88
0.03
0.44
3.23
0.42
0.02
1.17
0.07
0
1
0
4.99
2.02
5.51
4.66
10.94
15.52
1.56
1.31
0
0
1.73
0.5
1.98
2.79
1.08
2.09
2.21
0.06
0.13
0.05
0
0.11
0
1.14
0.61
0.45
0
0
0.59
0.37
0
0
0
0
0
0
0
0.45
0.21
4
1.98
18.45
4.71
3.71
1.95
0.65
0.23
0
7.36
1.34
3.57
1.8
4.17
1.9
0.76
2.4
0.46
12.2
1
0
2.13
0.21
9.51
1.54
15.19
1.73
0.14
0
0
0
1.9
1
0.09
0.04
0
2.67
0
16.21
4.78
18.19
13.41
0.94
0
0
0.39
0.02
0.89
5.15
4.05
0.29
0
1.18
0.09
0
0
0
0
0
0
0.12
0
0
0.09
0.93
0
0
0
0
0.41
0.27
0.9
0
0
0.09
0.52
0
0
0
0
0
0
0.09
0
0
0.21
0.01
0.02
0
0
0.1
0
0
0
0.01
0
0
0
0
0
0.13
1.98
0.62
0
0
0
0
0
0
0
0
0
0
0
0
6.01
3.44
0.49
0
0
0.99
0.78
0
0
0
0
0
0
0
0
0
0.02
0.02
0
0
0
0.79
0.34
0
0
0
0
0
0
0
0
0
0
0
0
0.02
0
0
0
0
0
0
2.21
0.29
0
0
0
0
0
0
0
0
0
0
0
0
0
0
0.1
0
0
0
0
0
0
0
0
0
0.02
0
0.01
0
0.63
5.61
0.2
1.88
2.11
0.88
0
0.11
0.02
0
2.48
10.41
14.98
11.59
4.21
4.23
0.41
0
2.16
0.05
0.46
0
5.78
1.13
0
0.4
1.35
0
1.27
1.69
10.56
2.42
2.03
0
0
0
0
0
0
0.09
2.86
0.09
0.05
0.86
0
0
0
0.64
0
0.05
0.11
0.25
0.18
0.21
3.05
0.08
0.02
0.01
0.01
0
0
0
0
0
0
0
0.06
0
0.01
0.1
0.2
0.06
0
0
0
0.01
0.01
0
0
0
0
0
0
0
1.19
10.48
2.92
0.01
0.36
0
0
0
0.01
0.01
0
0.12
0.32
1.08
0.5
0.01
0
0.61
0.17
0.08
0.18
3.79
1.12
0.08
0.02
0.17
0
0.14
0.32
0.07
1.67
0.2
0.01
0
0
0
0
0
0
0
0
0
0
0
0
0
0.01
0.76
0.3
0.43
0.16
0
0
0.03
0
0
0
0
0
0.02
0.89
0.04
0.04
0
0.02
7.02
4.66
0.13
0.01
0
0
0
0.01
0
0
0
0
1.5
6.68
8.83
5.75
3.3
1.01
0.11
0.02
1.42
2.74
0.84
3.32
2.34
4.79
1.1
1.05
0.2
4.32
2.77
1.37
0.26
0.02
0.72
0
0.06
0.02
5.47
8.34
5.49
2.6
0.84
0.01
3.33
3.47
7.17
1.11
0.22
0.23
0
0
0.23
1.27
0.24
0.22
0
0
0.01
0
7.63
7.02
0.52
0
0
0
0
0
0.09
0
0
0
0
0.49
3.11
0.14
0.19
0
0
0
0
0
0
0.02
0
0
0
0
0
0
10.63
13.07
3.16
0
0
0
0
0
0.02
0.01
0
0
0
0
0
0
0.02
0
0
0
0
0
0
0.04
0
0
0
0
0
0
0
0.01
0
0
0
0
1.07
7.04
4.23
4.14
1.33
0
0
0
0
0
0
0
2.06
0.11
0
0
0
0.03
0
0
0
0
0.01
0
0.17
0.31
0.22
0
0
0
0
0
0
0
0.72
0
0
0
0
0
0
0
0
0
0.11
0.38
2.43
2.55
0
0
0
0
0
0
0
0
0.17
0.11
1.07
0
0.08
0.95
0.36
4.04
3.3
0.82
26.89
4.13
0.01
0
0
0
0
0
0.05
0.08
0
0.36
0.34
4.38
2.8
0.48
4.15
1.78
0.13
0.3
2.56
4.29
25.44
8.87
0.41
0.01
0.41
2.56
4.76
0.99
0.3
0.92
5.16
1.18
0.13
5.29
8.52
11.64
0
0.13
0.68
11.78
7.04
5.28
0.22
0
0.33
0.16
0
0.06
5.03
2.83
0
0
0.38
0
0
0.02
0.6
6.95
2.81
0.74
0.33
0
0
0
0.03
0.11
0.45
0.02
0.03
0
0
0
0
0.08
0.54
1.87
0.47
1.19
0.41
0.11
0
0.2
0.04
0
0
0.01
3.71
0.2
0
0
0.23
0.02
0.29
0.74
0.04
0
0
0
0
0
0
0.1
0
0.49
3.9
0.47
0.27
0.74
2.22
2.06
6.75
6.62
2.05
0.04
8.1
5.67
0.48
0.13
0.34
4.41
0
0
0
0.01
4.43
0.95
0
0
0.21
0.1
0.2
0.16
0.21
4.01
0.52
0.02
0.3
0.01
0
0
0.55
0.21
0.78
0.24
4.34
6.95
2.44
1.31
1.97
1.09
1.71
5.05
0.34
0
0
3.23
3.27
3.43
6.64
3.48
1.87
3.33
5.41
2.92
1.77
0.09
0.09
0.98
11.02
1.25
7.7
0.45
0
0.29
0.13
1.54
4.16
13.88
3.92
3.52
7.04
0.38
7.05
1.91
2.06
1.83
7.52
3.94
0.84
0.84
0
0.02
0
1.12
0
0
0
0
0
0
0
0.05
0
0
0
0
0.02
1.84
16.34
7.74
19.23
10.04
1.07
1.56
0
0
0
0
0
0.01
0.02
0.54
1.17
0.05
0
0.1
7.7
7.77
2.23
3.41
5.68
2.43
1.08
0.05
0.04
0
0
0.77
5.26
0.43
2.38
1.01
0.22
0
0
0.25
0.03
0.19
2.81
0.88
2.74
1.25
4.26
0.13
0
0.13
1.74
0.12
0.23
0.08
1.98
1.7
1.07
0.44
4
0.23
0
0.01
0
0
0
0
0
0
1.65
0.2
0
0
0
0
0.4
0
2.94
10.79
1.82
0
0
1.14
1.08
5.2
7.07
1.19
0
6.15
14.9
0.88
0
0.32
0
0
0
0.01
0.08
0
0.08
0
0
0.03
0
0
0.46
6.45
0
0
0
0
4.62
0.04
0.03
0
7.51
0
0
0
0
0
0.01
0
0
0.02
0
0.15
5.33
0.64
0.44
0
0
0
0
0.01
1.13
0.8
0.97
0.27
0.01
0.05
0.39
0.17
0
0
0
0
0
0
0
0
0
0
0
0.11
0
0.1
1.03
6.5
0.46
0.48
0.11
1.46
1.2
2.98
0
0
0
0
0
0.27
0
0
0
0
0.01
0
0
0.04
3.48
0.11
0.02
3.39
0.32
0.11
0
0.06
0
0.02
0
0
0
0.08
0.02
0.01
4.98
0.07
0
0
0.89
0
0
0.03
0.07
0
0.07
0.98
14.71
16.6
9.09
1.33
0.14
1.94
0.64
0.02
0
0
0
1.14
0.19
0.29
1.12
0.13
0
0
0
0
0
0.02
0
0
0
0
0
0.54
0.05
0.01
0
0.01
0.35
5.38
0.15
0
0
0.35
19.51
6.48
0.7
2.29
2.31
0.46
0.02
0.05
2.3
1.64
6.15
9.55
1.92
0.22
0.01
0.01
0
1.61
0.18
2.44
1.78
2.05
1.37
0.75
0.72
2.96
1.21
0
3.01
2.21
0.23
0.53
0.35
0.56
0.38
5.53
4.48
2.27
1.71
0.65
0
0.66
6.79
2.84
7.16
1.56
3.75
10.71
1.07
1.33
0.4
0.62
0.45
3
0.35
1.1
0.9
0
1.41
0.3
0
0.02
0.07
2.3
2.82
1.88
1.05
13.8
4.5
0.33
0.18
0.11
0.01
0
0
0.01
0
0
0
0.13
0
0.01
0
0.01
0
0
0.88
0.11
1.77
0.05
3.44
5.02
1.36
0.02
0
0
0
0
0
3.55
0.81
0.36
0.41
0
0
1.74
0
0.57
0.07
2.58
0.02
0
0.97
0.51
1.78
0
1.77
3.6
7.04
0.04
0
4.52
0.13
1.95
0.01
0
0
0
0
0
0
0
0
0
0.01
0.44
0.05
0
0
0
0
0
0
0
0
0
0.5
0
2.64
1.16
2.84
3.3
3.15
0.21
1.33
2.28
0
0.18
2.39
0.01
0
0
0
0
1.29
0
0.06
0.53
25.48
2.98
11.61
0
0.07
0
0
0.02
0
0.01
1.84
0.07
0.77
11.18
9.41
0
0.03
0
0
0
0
0
7.95
32.56
0.02
0
2.46
1.47
0
0
0
0
0
0
0
0
0
0
0.2
0.01
0
0
0
0
0
0.01
0
0
0
0
0
0
0.01
0.53
2.38
0
0
0
0.01
0.01
0.01
0
0
0.01
0
0.01
0.07
0
0
0.09
0.01
0
0
0
0
0
0
0
0
0.01
0.13
4.72
4.27
0.52
0
0
0
0
0.05
0
2.47
0.93
0
0
0.01
0
0.13
0.13
0
0.25
0.45
0
0.11
15.98
10.52
2.8
2.36
0.2
0
3.42
7.66
0
0
0.12
0.01
0.13
0
0
0
0
1.58
4.34
5.03
5.6
2.11
1.96
1.97
0.29
0.13
0
0
0
0
0
0
0
0
0.16
0.05
0.24
0
0.4
0
0
0
0.35
15.95
3.02
0.07
0.08
1.2
1.66
0.25
3.19
4.3
0.81
3.95
5.46
2.34
0.46
2.28
0.01
0.09
0.02
0
0
1.02
0
3.86
1.23
2.92
21.23
8.23
8.27
4.1
0.22
0.14
0.92
0.02
1.55
0.94
0.54
0.36
0
0
0
6.79
13.9
1.11
3.23
0.06
0
0.01
0
0
0.21
0
0
0.05
0
0.35
0.63
0
0
0
0
0.16
0
0
0
0
0
0
0
0
0
0
0.01
0.01
2.89
0.79
0.06
1.22
0.57
0.95
2.41
1.02
0.19
0
0
0
0
0
0.74
21.46
1.94
0.46
2.51
4.4
1.11
1.06
0.89
0.62
0.34
0.05
0
4.35
0.48
0.35
0.69
0.43
2.34
0.19
0
0.2
1.37
0.3
0.31
1.11
0.59
0.25
0.33
0
0
0.07
0
0
0
0
0
0
0
0
0
0
0
0
0
0.23
0.01
0.55
19.37
0.36
12.08
6.98
4.86
8.37
5.77
1.2
0.01
0
0
0
0.02
0
0
0
0
0
0.04
0
0
0
4.8
1.21
0.3
0.21
0.01
0.41
1.52
0.67
0.02
0.66
0.02
0
0.19
0.45
0
0
0.12
6.82
2.45
0.3
1.02
0.01
0.01
0
0.02
0.01
0
0
0
0
0
0
0
0
0
0
0
0
0
0.22
0.36
0
0
0.25
0.68
0.08
0.06
0
0
0
11.89
5.61
0.38
0.03
0
0.41
0
0.19
0.38
0.31
0.18
11.38
6.46
16.25
1.59
2.83
0.58
15.6
0.03
0
0
0
0
0
6.16
13.96
1.58
0
0
0.03
0.01
0
0.04
0
0.02
0
0
0
0
0
0
0
0
0
0
0
0
0.05
0.57
1.35
4.54
0.41
0.72
3.14
3.6
0
0
0
0
0
0
0
2.76
1.24
0
0.02
1.75
0
0
0
0.81
6.94
0.3
0
0
0
0
0.01
0.04
0
0.23
0
0.04
0.05
20.4
1.75
0.75
1.07
0
0
0
0
0
4.8
1.96
1.26
0.09
0.5
4.59
0
0.06
0.32
0
0
0.01
0.01
0
0.02
0
0
3.93
1.38
0
0
0
0
0
0
0
0
0.03
0.13
0.57
2.63
4.02
0.48
0.51
0.02
0.91
1.82
0.09
0.01
0.16
0
0
0.4
0
5.46
0.13
0
0.1
1.27
4.46
4.21
0.65
0
0
0
0
0
0.22
1.56
1.85
0
0.01
0
8.89
23.14
0.91
0
0.01
0
0.01
0.02
0
0
0
0
0
0.01
0
0
0
0
0.16
1.55
3.32
0.01
0.24
1.77
0.18
0
0
0
0
0
0
0
0
0
0
0
0.02
0.01
0
0.01
0
0.01
0.33
0.23
0.04
0
0
0
0
0
0.02
0
0
0
0.03
0
0
0.39
0.21
0.47
0.88
5.56
0
8.29
30.86
0.63
0.81
0.5
4.28
1.46
8.66
1.21
0
0
1.78
0.05
0.22
0.14
0.66
0.03
0
0
0.31
0
0
0
0
0
5.18
0.13
0
0
0
0
0
0
0
6.92
0.53
0.32
2.02
3.24
11.21
13.73
10.73
2.49
0.2
0
0.42
4.7
0.2
0
0
0
0.01
1.77
0.07
8.72
9.31
2.52
0.14
0
0.02
0
3.72
1.82
2.52
3.42
0.17
3.16
0.67
0.32
0
0
3.29
0.2
0.43
0.07
1.57
9.59
3.35
3.78
0.31
0
0.01
1.01
2.13
0.25
0.05
0.02
0.03
0.05
0
0
0.47
15.32
2.12
0.02
0.1
0
0.03
4.51
6.37
4.32
2.98
0
0.28
1.92
0.04
0.02
3.57
2
0.24
5.84
3.51
0.02
0
0.5
1.41
0.47
5.61
0.38
0
0
0
0
0.2
0.61
4.1
5.55
5.48
6.25
1.53
2.5
1.68
0.07
0
0.07
0
3.05
0.26
0
0.07
0.89
0
0
0
0
0.01
3.4
3.51
3.82
0
0
0
0.32
2.47
0.86
0.01
0.01
0
0
0.49
0.17
0
0
0
2.29
7.48
0.45
0
0
0
0
0
0
0.13
0.02
0
0
0.09
10.82
0.33
0
0
0
1.84
1.83
10.12
0.97
0
0
0
0
0
0
0
0
0
0
0
0.02
0
0
0
0
0
0
0
0.6
0
0
0
0
0
0
0
0
0
0
0
0
2.57
0.25
0.02
0
0
0
4
2.82
0
0.3
0
0
0
0
0
0
0
0
0
0
0
0
0
2.92
0.14
0
0
0
0
0
0
0.75
0.02
0
0.02
2.82
4.91
0.03
0.01
0
0
0
0
0
0
1.75
0
0.03
0
0.01
0
0
0
0
0
0
0
0.03
0.16
0
0
0.02
0
1.14
6.7
1
0.82
0.01
0.11
3.02
0
0.75
1.28
3.61
3.45
8.34
3.24
0
0
0
0
0
0
0
0
0
0.09
4.22
22.49
0.3
0.27
0.62
0.08
0
0
0.02
0.07
0.05
0
0.01
0
0
0.15
4.67
1.75
19.98
7.76
0.16
1.57
4.35
2.45
0.41
0.47
0.05
0
0
2.36
1.43
0.12
0
0.01
0.01
0.02
0
0
0.01
0
0.05
0.74
3.24
0.48
0.05
0
0
0
0.34
0.1
0
0.02
0.01
0
0
0
0
0
0
0
0
0
0
0
0
0
0.36
3.54
0.49
0
0
0
0.11
3.14
0
0.02
0.52
2.95
0.08
0.2
0.01
0
0
0.02
5.35
0.19
0.21
0.09
0
0.73
2.36
5.84
6.92
0.06
0.02
6.59
0.61
0
0
1.03
2.7
2.48
0.03
0
0
0
0
0
0
0
0
0.62
0
0
0
0.01
0
0
0
13.05
1.07
1.02
0
0
0
0
0
0
12.74
1.68
0
0
0
0
0
0
0
0.02
5.79
1.7
1.83
4.8
0.94
1.04
0
0
0
2.64
0
0.01
0
0
0
0
0
0
0
0
0
0
0
0
0.01
0
0.3
0.02
0.05
0
0
0
0
0
7.02
7.27
2.02
0.26
1.4
2.23
0.08
0
0
0.29
3.11
0
0.2
0
0.02
5.75
5.03
2.76
0.27
0.01
0
0
0
14.89
0
0
0
0.01
0
0
0
1.12
0
0.01
8.49
1.18
0.84
1.02
9.1
1.31
27.01
0
0
0
0
0
0
0
0
0
0.01
13.24
0
0.01
0
6.14
2.19
0.02
0.05
0
0
13.01
0.19
0
0.49
0
0.59
0.07
0
0
0
1.03
2.23
6.44
1.46
0
0.02
0
0
0
0
0.04
0.07
0
1.05
0
0.04
0
0
0
0
0
0
0
0
0
0
0
0
0
0.01
0
0.28
0
0
0
0
0
0
0
0
0
0.08
0.01
0
0
0
0
0
0
0.2
0.05
0
1.83
10.23
29.2
2.23
4.48
1.39
0
0
0
0
0
0
0.01
0.08
5.58
0
0
0
0
0
0.48
0
0
0
0
0
0.13
14.29
0.82
0
0
0
0
0
0
0.01
0
0
0
0
0
0
0
0
0
0
0
0
0
0
0.02
0.16
1.25
3.02
0.29
0.07
0.16
0
0
0
0
0
0
0
0
0
0
0
0.01
0.65
3.45
0.05
0
0.77
0.84
0.02
0.05
0
0
0
0
0
0
0
0
0
0
0
0
0.03
0.02
1
0
0
0.29
0
0
3
0.1
0
0
0
0
0
0.91
0.57
10.78
3.81
0.05
0.02
3
0.7
0
0
0.03
0
0
0
0
0
0
1.52
7.47
0.3
0.83
0
0
1.08
0.1
0.03
0.03
0
1.98
8.73
0.77
0
0.7
1.84
0.99
0.16
3.25
0.32
0.01
0.01
0
0
0
0.01
0.01
0
0
0
11.63
2.19
0.02
0
0.02
0
0
1.64
0.07
6.18
7.38
5.5
2.31
0.12
0
0.27
0.38
2.42
1.07
0.49
0.73
0
0.33
0.02
0
0.88
0.28
0.64
0
0
0
0
0
5.85
11.28
6.13
8.12
3.13
5.31
2.28
2.55
4.02
0.76
2.8
8.18
4.32
1.63
0
20.44
1.62
1.37
5.94
0.17
5.41
0.35
0.02
0.86
5.37
1.31
1.88
0.03
0
0
0.4
2.25
0.09
0
1.62
1.99
5.09
0.05
6.73
8.26
1.83
2.64
10.9
42.3
1.47
0.04
0
8.69
0.59
0
0
0
0
0
2.02
0.63
0
0
0.02
0.09
0.98
3.4
2.92
0.13
0.01
0.01
0.01
0
0
2.13
0.02
0
0
0.02
1.09
0.01
0
0
0.08
12.8
2
1.93
7.44
3.56
4.09
4.84
6
2.09
1.36
16.69
14.47
10.48
15.25
0.9
13.47
10.24
8.48
1.19
2.65
8.41
0.21
0
4
0
0.16
0.1
0
0
0
0
0
0
0
0
0
0
0.53
0.01
0.08
2.35
5.92
7.95
7.32
6.55
0.05
0
0
0
0
0.03
0.03
1.25
0.68
0
0.84
0.13
0
0.01
1.88
0
0
0
0
0
6.56
1.76
0
0
0.27
0
0
0
0
0
0
0
0
0
0
0.49
0.22
0.16
0
0
0
0
2.79
0.13
0
0.3
0
1.38
0.02
0.03
0
0.24
1.27
3
0
0
0
0
5.16
0.05
3.8
0
0.6
1.29
0.18
0.86
0
0.77
3.72
0.76
17.54
0
12.02
0.11
0
0
0
0.14
7.83
6.83
0.01
1.01
0
0
0
0
0
0
0
0
0
0
0
0
0
0.01
0
0
0.11
0.16
0.13
0.05
1.03
0.01
0.11
4.16
0
0.09
0.35
38.63
36.06
0.02
0.02
0.02
0
0
0
5.59
4.38
2.65
0.74
4.06
16.5
3.13
0.22
0.02
0.53
7.47
1.45
0.8
6.87
0.54
0.55
0.04
0.04
0.02
0.16
1.33
0.29
0.07
3.75
2
7.57
1.22
1.14
2.07
1.35
7.39
0.1
0
0.02
1.17
0.05
0
0
0
0.02
0.01
0
0.01
0
0.01
0
0
2.84
13.7
1.34
0.53
1.58
0.12
1.11
0.04
0
0
0.05
0
0
0
0
0
0
0
0
0
0.03
0
0
0
0
0.36
0.9
0
0.01
0
0
0.05
0.34
0
0
0
0.24
0.04
5.27
0.36
0.04
2.78
0.72
1.22
0.06
0.32
0.02
0.09
1.03
3.34
10.03
6.56
0.44
0.05
0.01
0
0.01
0
0
0
0.09
0.01
0
0
0
0
0
0
0
0
0
0
0
0
0
0
0
0
0
0
0
0.01
0.01
0
8.05
0.03
0.07
0
0.01
0.07
0.03
0
0
0
0
0
0.12
0.08
0
0
0
0
0
0
0
0
0
0
0
11.78
11.37
2.13
0.08
0
4
5.56
1.73
8.39
4.25
0.95
0.02
0
0
0
0.38
0
2.01
34.59
6.78
7.42
2.81
0.34
4.22
7.28
1
0.01
0.02
0
0
0.01
6.04
0.26
0.12
0
0
0
0.04
0.27
0.33
1.31
0
0
0
0
0
11.88
0
0.78
1.73
0
0.04
0.04
0.86
2.38
0
0
0
0
0
0
0
0
0.23
0
0.91
3.4
0.53
0.15
1.45
0
0.23
0.48
0
0.15
2.54
0
0.23
0.02
0
0.01
0.03
0.85
0.01
0.22
0
0
0
0
0
0
0
0
0.61
0
0
0
0
1.26
9.75
0
0
0
0
0.45
0
0
3.92
0
0.16
0
0.09
0.21
0
0.66
0
0
0
0
0
0
0
0.02
0.01
0
0
0
0
0
0
0
0.02
0
0
0
0
0
0
0
0
0
3
1.16
9.71
0
0
0
0
10.77
4.91
0
0.96
1.48
1.65
5.86
0
0
0
0
0
0
0
0.11
0.5
0
0.31
1.59
0.36
4.34
1.09
9.61
0.02
3.26
0.11
0.02
1.16
0
0.01
0
0
0
0
0
0.02
0.06
0
0
0
0
0
0
0
0
0
0
0
0
3.09
0
0
0.29
1.53
6.62
2.75
0.53
25.94
0.31
0
0
0.01
0
0.03
0
0.12
0
4.64
2.69
2.61
11.09
2.84
1.16
0.28
0
5.33
2.12
1.11
9.38
3.39
5.03
1.28
0.22
3.89
0
0.12
0.55
0.28
8.88
1.06
0.59
0.17
1.06
0.05
1.12
0.34
7.3
0
0
2.88
2.91
0.11
0.01
0.06
2.45
0
0.01
0.06
3.69
0.02
0
0
0
0.23
0.19
19.19
16.25
5.55
1.49
0
0
0
0
0
0
0
0
0
0
0
0
0
0
0
0
0
0
0
0
0
0
0
0.01
0.03
0.05
5.14
1.69
4.94
37.88
4.62
0.91
0.5
4.97
0.27
0.22
1.62
0.19
0.99
0.48
0
0.03
0
0.01
0
0
0
0.13
0.02
0.04
0.11
0
0.02
0
0
0
0.08
0
0
0
0
0
0
0
0
0
0.02
0
0.19
11.12
2.6
0.62
0.03
2.69
0.7
0
0
0
0
0
0
0
0
17.61
38.19
4.61
0.03
0
0
3.23
0.67
5.09
0.48
0.12
1.02
0.05
0
0.48
9.25
12.81
5.66
2.03
0
0.09
0.17
5.81
4.62
3.39
5.88
7.05
0.49
0
0.75
4.62
5.47
4.11
4.32
3.97
3
0.47
8.44
1.15
2.6
3.06
1.94
5.57
0.79
0.04
0
0
0.08
0
0
0
0
0.01
0
1.24
0.28
3.09
1.45
18.59
0.02
8.34
9.52
1.53
0
0
0
0
0
0
0
1.46
15.73
0.25
0
0
0
0
12.68
0
0
21.91
6.09
0
0
10.19
0.09
0
0
4.17
0.05
0
0
0
4.77
0
0.02
0
0
0
0
0
0.14
2.16
0
0
0
0
0.41
0
0.03
0
0
0
0
0
3.68
7.73
0.02
0
5.44
0
0
0
0
0
0
0.17
0.03
0
0.11
1.46
0.09
0
0
0
0
0.09
0.28
0
0
0.02
0
0
0
0
2.2
0
0.05
1.8
17.16
0
0
0.02
0
0
0
0
0
0
0.02
0
0.01
0
0
0
0
0.25
0.09
0
0
0
0
0
0
0
0
0
0
0
0
0
0
0
0.28
0
1.12
3.39
8.62
0.19
1.67
0.11
0.02
4.51
12.55
0
2.81
0
0.03
0
0
0.38
16.69
0
0.41
0
0
0
0
0
0
0
0.02
0
0.25
0.14
0
0
0
0
1.06
0.59
0.12
1.82
0
8.45
0.06
0.02
0.02
0
0
0
0
0
4.12
1.38
2.31
8.08
0.34
0
0.05
0
0
0
0
0.69
1.05
0.21
0
0
0
0
0
0
0
0
0.03
0
5.06
0.05
0
0
0.02
0
4.5
0.56
0.05
1.86
3.81
0.33
1.88
4.59
5.73
0.01
0.2
0.54
0.84
0.02
0
0
3.69
0.06
0.05
0.02
0.15
1.44
0.08
0.09
5.75
0.34
0.09
0.08
6.03
2.86
0.98
0.48
0.11
0
0
0.84
22.62
9.27
0.31
0.12
0.06
0
0
0
0
0
0
0
2.14
8.22
0.09
6.67
0.3
9.16
0.53
1.05
0.53
2.89
2.23
0.03
0
0
0
0
3.88
4.52
3.84
4.59
19.38
0.38
1.34
5.23
0
0.01
0.02
0
0
0
0
0
3.38
1.59
0.01
0.02
0
0
0.02
0.02
4.36
0
0.8
0.19
0
0.03
1
0
0
0.05
0.05
0.02
0
0
0
0
0
0
8.09
0.09
0
0
0
0
0
0
0
0
0
0
0
0
5.18
0
0
0
0
0
2.14
1.95
6.38
7.89
0.03
2.94
1.51
0
0
0.04
0
0
9.08
10.28
7.05
0.01
12.78
2.3
5.91
9.95
8.97
1.57
6.03
4.6
0.25
3.4
0
0
0
0
0.23
5.28
0.31
0.09
0.17
9.94
0.06
0
0.01
0
0.01
0
0
0.01
0.54
4.03
0
0
5.24
0
0
10.23
6.41
1.05
14.89
0
3.86
0.3
12.45
0
0
0.02
0
0.47
14.06
0
0
2.65
0.28
5.55
2
0
2.42
0.16
0
6.53
3.34
0.31
0
0.05
0
0
0
0.01
0
0
0
0
0
3.15
0
0
0
0
0.12
0
0
0
0
0
0
0
0
0
0
0
0
0
4.39
0.05
0
0
0
0
7.69
0.02
0
0
0
0
0
0
0
0
0
0.91
0
0
0.32
0
0
0.9
5.78
0
0
0
0.2
1.11
0
0.17
0.16
2.27
0
1.14
0.36
11.78
55.19
1.24
0.45
0
0
0
0
0
0
0
0
0
0.77
18.38
0.41
3.33
0.49
0
0
0
0
0.06
0
5.88
0.01
0
0
0
0
0
0
0
8.91
0.02
0
0
0
0
0
0
0
0
0
0
0
0.97
0.61
0
0
0
0
0
0
0
0
0
0
0.05
15.19
0.56
14.5
0
10.61
0
0.28
0
0
0
0
0
0
0
0
0
0.03
0
0
0
0
0
1.56
5.27
30.28
7.94
10.16
11.41
2.16
2.06
0
0
0
6.56
0
0
0.22
0.78
0
5.33
0.27
0.25
0
0
0
0
0.01
0
0
0
0
0
0
0
0
0.09
1.16
3.58
5.44
0.25
0.01
0
0
0
0
0
0
9.22
0.27
0.11
0.04
0.02
0.06
0
0
0
0
0
0
0
0
0
0
0.01
0
0
0
0.01
0
0
0
0
0
0
0
0
0
0
0
0
0
0
0
0
0
0.05
0
1.94
0.41
0.02
0.02
0
0
2.66
0.01
0
0
0
0
0.04
0.11
0.51
0.02
0
0.09
18.5
0.23
0.05
0.53
5.83
0.45
0.09
0
13.41
7.41
3.12
5.53
0.14
0.59
1.16
0.08
0.89
1.12
5.69
0.47
0.34
3.09
5.19
7.25
0.11
0.01
2.54
7.64
0.61
0.19
0.03
0
0
0
0
0
0.91
0.24
0
1.28
0.56
3.5
0.01
0
0
0
0
18.19
6.97
0.03
10.53
3.77
0
0
4.11
10.17
1.2
0
0
5.45
7.94
1.16
0.22
0
0
0
0
0
0
0
0
2.34
11.79
0
0
0
0
0
0
0
0.02
0
10.48
0
0
0
0
0.51
0
0
0
0
0
0.02
0
0
0
0
0
0
5.2
0.48
0
0
1.26
0.11
0
0
0
0
0.12
0
0.03
0
0
0
5.17
0
0
0
0
0
0
0
0.26
5.91
0
0
0
0
0.29
0
0
0
0
0
0.01
0
0
0
0
0
0
0.68
0
0
0.02
0
0
5.54
0.8
0.16
1.33
3.59
2.3
1.18
1.08
0.16
0
0
0.23
0
0
0.03
0.01
0
0
1.28
0
0
0
0
1.35
0.03
1.39
3.12
0.61
0
0
0.02
0
0
0.01
0
0.01
0
0.02
0
0
0.01
0
0
0
2.31
3.8
0.45
4.7
0
0
0.73
14.51
2.73
1.36
0.57
0
0.06
1.19
0.12
0
0
2.06
0.07
0
0
0
0
0
0
0.31
0.05
0.71
5.67
3.53
0.04
0
0
0
0.2
0
0
3.62
1.81
0.66
0.16
2.28
0.01
0
0
0
0
0
2.23
0.23
0.15
0.32
1.03
0.01
0
0
0
0.62
2.62
0.06
7.94
0
0.09
0.52
2.39
3.27
2.22
4.81
0.05
2.45
6.98
3.47
1.44
5.12
0.88
0
5.31
0.09
0
0
0
0
1.92
2.52
1.56
0.62
1.69
5.91
10.16
6
6.28
8.69
19.19
4.38
2.84
0.5
1.45
0.06
0
7.52
0.16
0.11
0
0
0
0
0
0.02
0.59
0.03
0
