single point
         manna                      0.01662188286513558    1.000000000000000    0.000000000000000
         bedk1                      1.181222959914501e-05    1.000000000000000    0.000000000000000
         bedt1                      0.5047042549722134    1.000000000000000    0.000000000000000
         bedt2                      0.2015382958874630    1.000000000000000    0.000000000000000
          kaq1                      0.6260503881192093    1.000000000000000    0.000000000000000
           sy1                      0.005132080098866447    1.000000000000000    0.000000000000000
   cn3_swf0.3a                      0.7482317655797321    1.000000000000000    0.000000000000000
     esco0.95a                      0.1441408825024926    1.000000000000000    0.000000000000000
   lat_ttime0a                      0.5000000000000000    1.000000000000000    0.000000000000000
   latq_co0.2a                      0.03468920177451706    1.000000000000000    0.000000000000000
    perco0.05a                      1.000000000000000    1.000000000000000    0.000000000000000
     perco0.5a                      0.5419968069741298    1.000000000000000    0.000000000000000
         awca1                      0.6206010897945857    1.000000000000000    0.000000000000000
         awca3                      0.6311463299428223    1.000000000000000    0.000000000000000
         awca5                      0.1999777170584702    1.000000000000000    0.000000000000000
         awca6                      0.05469999999999998    1.000000000000000    0.000000000000000
          bda1                      1.210338275566143    1.000000000000000    0.000000000000000
          bda2                      1.144735247884799    1.000000000000000    0.000000000000000
          bda3                      0.9017315660052106    1.000000000000000    0.000000000000000
          bda4                      0.9630000000000000    1.000000000000000    0.000000000000000
          bda5                      1.075975935547649    1.000000000000000    0.000000000000000
          bda6                      1.535167242999412    1.000000000000000    0.000000000000000
        ksola1                      32.08334897286927    1.000000000000000    0.000000000000000
        ksola2                      18.06301431059959    1.000000000000000    0.000000000000000
        ksola3                      10.95283300522540    1.000000000000000    0.000000000000000
        ksola6                      25.51490230454688    1.000000000000000    0.000000000000000
        zsola4                      712.4050603434877    1.000000000000000    0.000000000000000
        zsola5                      823.0658163262998    1.000000000000000    0.000000000000000
        zsola6                      1983.483738860019    1.000000000000000    0.000000000000000
     lat_lena1                      90.00000000000003    1.000000000000000    0.000000000000000
     lat_lenb1                      13.97351133041562    1.000000000000000    0.000000000000000
      surq_lag                      0.6851653356108326    1.000000000000000    0.000000000000000
